u,t,theta
"[24.194725069302507, -0.509952805125006, 0.509952805125185, 0.050006154491427306]",79.10790417204952,0.18544668990675117
"[30.659995971886374, -0.5448521228090277, 0.5448521228091837, 0.03912964079119777]",88.61584471087083,0.19173301837816648
"[0.587356042113897, -1.2581242938483057, 1.2581242938483557, -0.15697518224281173]",90.81061599389935,0.1948761826138741
"[-0.37704517324214476, -0.7113970813567091, 0.7113970813567118, -0.8629653520296913]",60.60011901790735,0.19801934684958175
"[28.070482405562924, -0.4697994511708103, 0.4697994511709564, 0.04399573500219805]",88.8574240611975,0.2011625110852894
"[2.045886797191119, 0.6566529749431679, -0.656652974943154, 0.3623011610103084]",67.74928296499644,0.20430567532099703
"[22.475424227999017, -0.884920885387573, 0.8849208853881155, 0.04203975592922703]",77.5582994211694,0.2074488395567047
"[-0.424479892952538, -0.016847659704814492, 0.016847659702754852, -6.635918788904497]",87.28540551159931,0.21059200379241236
"[6.539825304362213, -0.7049915176762673, 0.7049915176763218, 0.15139020321546345]",84.5958848583096,0.21373516802812
"[12.707598341582225, -0.1459094363835176, 0.1459094363836523, 0.10196631188838769]",83.75438892878147,0.21687833226382763
"[9.390863314561289, -0.7608664642441536, 0.760866464244157, 0.10538588953616286]",89.93189120749126,0.22002149649953529
"[28.256929862611372, -0.38011797837828964, 0.3801179783783199, 0.045064113360493104]",92.68536139966325,0.22316466073524294
"[43.33744967454845, -0.6832286774493849, 0.6832286774495434, 0.02593278390039591]",92.52327461285982,0.22630782497095056
"[51.99110948742976, -0.8437773968466704, 0.843777396846998, 0.01932971700037194]",92.54467445327514,0.2294509892066582
"[52.509533331120046, -0.8490839901808115, 0.8490839901826951, 0.019056852588265213]",92.69340976406143,0.23259415344236586
"[37.125409489476446, -0.5517622859211256, 0.5517622859213618, 0.03235965100632914]",93.04337562189602,0.23573731767807354
"[34.254258439851924, -0.9789026427993034, 0.9789026428003045, 0.025457019001831477]",80.64090021020577,0.23888048191378117
"[-0.32141722617778967, 1.0567879139600436, -1.056787913960037, -0.7252527916892902]",82.39542966861255,0.24202364614948882
"[14.842854593061608, -0.9284559465868115, 0.9284559465869782, 0.05951964305264643]",69.64946129113558,0.24516681038519647
"[40.25908145625532, -0.8315779968619711, 0.8315779968627585, 0.02508045351345687]",90.62442830763575,0.25145313885661175
"[8.223665871824764, -0.5983069945770113, 0.5983069945771028, 0.13230723393375862]",73.39541975089477,0.2545963030923194
"[27.093207182108255, -0.8379104721692109, 0.8379104721695577, 0.03664092567742385]",76.96725543594006,0.2608826315637347
"[25.482932983830374, -0.40489938988576996, 0.4048993898860015, 0.049444819700547454]",86.85616725994699,0.26402579579944235
"[22.25382525957401, -0.6393198673689555, 0.6393198673695619, 0.05086717821087233]",74.88430313158548,0.27031212427085766
"[-0.30702632512459727, 1.0562566962169249, -1.0562566962169195, -0.7023266865932077]",70.38547191785244,0.2734552885065653
"[0.7366649817294086, 0.21966512635189844, -0.2196651263518955, -0.6632468259828839]",49.45799747919302,0.27974161697798056
"[30.804423661238978, -1.1049237329603927, 1.1049237329606312, 0.023938381773499606]",92.21328734516719,0.28602794544939586
"[12.307519211802003, 0.031777728068370203, -0.03177772806825016, 0.10592903435218885]",93.43348642256655,0.2891711096851035
"[10.89266859194387, -0.012354431045097992, 0.012354431045436069, 0.11888697048622378]",80.9599351372343,0.29231427392081116
"[31.863615453530247, -0.7396002599848969, 0.7396002599849841, 0.03375896877975815]",87.63258485021984,0.2954574381565188
"[16.394371785744095, -0.36000760732762715, 0.36000760732762915, 0.07667876172466037]",80.02568041535476,0.29860060239222647
"[25.35658994472941, -0.5329456866907777, 0.5329456866908293, 0.04731156858503106]",78.97019212454329,0.3017437666279341
"[25.123566675641097, -0.6570831925318963, 0.6570831925323433, 0.04479137447313492]",81.95342753324609,0.30488693086364177
"[15.886298558258007, -0.8283745930607448, 0.8283745930607531, 0.0614279248531955]",63.85841016224315,0.30803009509934937
"[21.746769553982794, -0.5596727746999111, 0.5596727746999365, 0.054208526641181955]",78.7883912261273,0.311173259335057
"[8.231309933992693, 0.18005719892770986, -0.18005719892769675, 0.15228249128187976]",92.49007242993714,0.31431642357076467
"[32.27522791517649, -0.4906367190804469, 0.4906367190806995, 0.03809039341960049]",91.63654755539646,0.3174595878064724
"[38.249421630322786, -0.6190298167632045, 0.6190298167655361, 0.030398315859364346]",91.4355508241394,0.32060275204218003
"[39.41726186532883, -0.6454373846883428, 0.6454373846900515, 0.029092795916734887]",91.33692108226049,0.3237459162778876
"[38.67344295997374, -0.6318892336343925, 0.6318892336345415, 0.02986405103366368]",91.28695764195494,0.3268890805135953
"[37.241925265933304, -0.6034481539123292, 0.6034481539127504, 0.03145829233968207]",91.26448011916109,0.3300322447493029
"[35.721237569601364, -0.5724458653667294, 0.572445865367397, 0.03327741116356919]",91.25747570759016,0.3331754089850106
"[34.4243375510863, -0.5455613846772623, 0.545561384677428, 0.03493866101400849]",91.25802718183357,0.33631857322071823
"[33.51326620862771, -0.5264595691235737, 0.5264595691239781, 0.03617172645834971]",91.26078714119063,0.3394617374564258
"[33.056461527038685, -0.516832859439714, 0.5168328594401964, 0.03681171960594862]",91.26249190806665,0.3426049016921335
"[33.0568035100679, -0.5168834604916673, 0.5168834604917092, 0.0368105558026735]",91.26172019686919,0.3457480659278412
"[33.47041094123506, -0.5256883587081318, 0.5256883587081318, 0.03622908195678883]",91.25856488956475,0.34889123016354884
"[34.22290882630966, -0.5415809700643264, 0.5415809700651006, 0.03520279636607316]",91.25416092980912,0.3520343943992565
"[35.22334879449495, -0.5625140892390329, 0.5625140892394037, 0.03389715457307544]",91.25018130366098,0.3551775586349641
"[36.374178065433696, -0.5863295851634641, 0.5863295851638229, 0.03247200669767307]",91.24843605564179,0.35832072287067174
"[37.57650520453864, -0.6109008431251528, 0.61090084312588, 0.031063803067075568]",91.25063671712864,0.3614638871063794
"[38.731099150503816, -0.6341603899439502, 0.6341603899442496, 0.02978340703821079]",91.25831250533795,0.36460705134208704
"[39.73618536066647, -0.6540461176598649, 0.6540461176600763, 0.028723389818960936]",91.27283229580428,0.3677502155777947
"[40.48304000918574, -0.6683956326119158, 0.6683956326119804, 0.027970054419633343]",91.2954931780548,0.37089337981350234
"[40.849774054679116, -0.6747994872458808, 0.6747994872462745, 0.027618857553313322]",91.32765946102907,0.37403654404921
"[40.69305491504398, -0.670403363214699, 0.6704033632147843, 0.02779568914808731]",91.3709713124314,0.37717970828491765
"[39.83609779055337, -0.6516085632290698, 0.6516085632295583, 0.02869285717384538]",91.42769910996094,0.3803228725206253
"[38.04827870567071, -0.6135291774087158, 0.6135291774089492, 0.030644675733777556]",91.50144774448111,0.38346603675633295
"[35.00278653142838, -0.5487743239214979, 0.5487743239224395, 0.03432415800878214]",91.5988373521723,0.38660920099204055
"[30.166066459952887, -0.44394576220063164, 0.44394576220097304, 0.04140938995594431]",91.73448807947416,0.3897523652277482
"[22.396803299522453, -0.264735282025176, 0.2647352820253684, 0.05813238695104094]",91.9525966726178,0.3928955294634559
"[6.409276161646809, 0.276844128763937, -0.27684412876391656, 0.1876121574693029]",92.65356864248976,0.3960386936991635
"[26.325484678245637, -0.7299934336181916, 0.7299934336187976, 0.04088836718733219]",90.72980567717207,0.39918185793487115
"[2.2006264803576685, -0.05209067748324244, 0.05209067748324582, 0.4552483188308497]",78.86652363233188,0.4023250221705788
"[-0.4013327089440262, 0.00037914175799816445, -0.00037914269101437155, -29.799574514681705]",61.80046876976492,0.41175451487770176
"[12.871071725754861, -0.14695813527489687, 0.14695813527494872, 0.10072756194850684]",78.79930856682984,0.4148976791134094
"[6.5412467621603865, 0.1657540021598335, -0.16575400215977837, 0.18807326948668998]",78.45155653909181,0.418040843349117
"[0.8279232406545536, -0.29610011511294354, 0.29610011511296047, -0.22285066466521367]",52.8457498966563,0.4211840075848247
"[33.79890112208965, -0.9739877881374259, 0.973987788137885, 0.025930706142002692]",78.27880337084602,0.4243271718205323
"[0.27320206061494856, -0.5244160102714096, 0.5244160102714321, -0.26583466254878446]",56.3527413477481,0.42747033605624
"[8.4040472844505, -0.2972557392596519, 0.29725573925970933, 0.1460189672405158]",77.01109178923934,0.4306135002919476
"[-0.5039753089889952, -0.5734337461811143, 0.5734337461811343, -1.2285272799515992]",66.58202799974983,0.43689982876336286
"[29.737730505295833, -0.680930229327071, 0.6809302293271746, 0.03750261158519589]",78.47379598440058,0.44004299299907057
"[3.4325872309249266, 0.11054412314932581, -0.11054412314898977, 0.32935313589410975]",59.21544701945423,0.4431861572347783
"[18.06716701579595, -0.7974821959230652, 0.7974821959239166, 0.05580465564661958]",75.23209352634376,0.4494724857061935
"[14.773585594382144, -0.9903889555392992, 0.9903889555395333, 0.055741859498603254]",80.49207042558841,0.4526156499419011
"[13.011286762055535, -0.028682736622927866, 0.02868273662301995, 0.10050290288299768]",88.27450025211506,0.45575881417760883
"[21.980761654664086, -0.28898351042461706, 0.2889835104246588, 0.05889082220209048]",88.01590655259825,0.4589019784133164
"[25.61217014284572, -0.3791986007930964, 0.37919860079329326, 0.04959673735495916]",87.95035664242808,0.46204514264902413
"[25.70051574496356, -0.3811208451653402, 0.3811208451655828, 0.049402668924746894]",87.94693373158266,0.46518830688473173
"[21.34414051720904, -0.272028667543902, 0.2720286675439895, 0.06081185910096218]",88.0170523996896,0.4683314711204394
"[14.186882995611763, -0.2518650198156062, 0.25186501981579024, 0.09035119683068171]",88.21866756929643,0.4746177995918547
"[20.758606370020242, -0.6043270079892784, 0.6043270079894151, 0.05543491220802804]",78.29093370917737,0.47776096382756233
"[9.218261868116215, 0.08352467999460723, -0.08352467999459359, 0.13856429678352364]",88.05055974094776,0.48090412806326993
"[-0.3853309320124986, -0.00010056764506813495, 0.00010056766202681317, -9.329784839509832]",48.27478647325652,0.48404729229897764
"[6.1111764123313534, -0.555659230394661, 0.5556592303946652, 0.1762549558847034]",54.79210580813991,0.48719045653468523
"[35.78180847747531, -0.5369312659836694, 0.5369312659840183, 0.033773403271029394]",96.32135214714327,0.49033362077039294
"[19.363117435816562, -0.1312380317536081, 0.13123803175372292, 0.06827631503429307]",99.8480084432467,0.4966199492418082
"[3.9971992747613663, -0.30834861233059024, 0.308348612330631, 0.27974888356067096]",98.91152066806445,0.4997631134775159
"[38.81562759270456, -0.9343297946617694, 0.9343297946626961, 0.023651147366112533]",87.0606542547369,0.5029062777132235
"[48.87247325700087, -0.7768892890803708, 0.7768892890807604, 0.02164807449047601]",97.59616579132133,0.5060494419489312
"[39.56167067646596, -0.6938450899619887, 0.6938450899629685, 0.02816891256247969]",95.97782323948645,0.5091926061846388
"[7.255390643143632, -0.5281000418922325, 0.5281000418922523, 0.15357465367020307]",81.74954828652656,0.5123357704203465
"[1.5504716982029756, -0.653778180847291, 0.653778180847304, 0.38935144674605143]",66.03673144684669,0.5280515915988847
"[14.02198092513669, -0.38398167134589845, 0.38398167134605976, 0.0883472576346224]",87.33093263189429,0.5311947558345923
"[16.288076637120337, -0.41970302093058187, 0.4197030209306726, 0.07572171989895728]",86.78232538758166,0.5374810843060076
"[30.014971349167258, -0.9460376867208755, 0.9460376867214674, 0.029973257491672067]",99.427597716535,0.5437674127774229
"[45.01840948153838, -0.6275528769193499, 0.6275528769201739, 0.025794064153928528]",99.84932596948032,0.5469105770131306
"[49.700879372139376, -0.7122249977448127, 0.7122249977448566, 0.022263093700578548]",99.6214916370103,0.5500537412488382
"[35.17110510802747, -0.4576013528159376, 0.4576013528159929, 0.035469285420428265]",99.66176519439895,0.5531969054845458
"[30.305661124103754, -0.7033884442146068, 0.7033884442150787, 0.03630623651027425]",94.62926948091709,0.5594832339559611
"[9.607201059198877, -0.2895785889148121, 0.28957858891493726, 0.12928971831292563]",95.93277758428906,0.5626263981916688
"[20.111770097792615, -0.20808453854302725, 0.20808453854333583, 0.06517202757064165]",96.15708316663573,0.5689127266630841
"[38.72572265190344, -0.6853414328109997, 0.6853414328114548, 0.028914860212499827]",96.23289811057619,0.5720558908987917
"[13.397608870523047, -0.42633073678733396, 0.42633073678742917, 0.09095307473936297]",74.6573095440334,0.5751990551344994
"[20.108908943342207, -0.3459281734807982, 0.34592817348094324, 0.06327628957242087]",83.29273301729029,0.578342219370207
"[-0.5651918801403649, 0.0792785153573926, -0.07927851535741534, -2.756048126879455]",53.885954772094344,0.5814853836059147
"[23.56970336839564, -0.6107285988183562, 0.6107285988184211, 0.04888770581814084]",73.80177549895849,0.5846285478416223
"[18.185760147349725, -0.28618669539055125, 0.28618669539062835, 0.07074377426998225]",82.59427671329416,0.5877717120773299
"[9.370805629215617, 0.02621151763525483, -0.02621151763511791, 0.1368080728122465]",83.36334270127148,0.5909148763130376
"[8.025149259125044, -0.9816763048716808, 0.9816763048719799, 0.0970350394066041]",86.59287103806533,0.5940580405487452
"[18.41889169319549, -0.12275692839941915, 0.12275692839956799, 0.0717038997423037]",97.29369131526767,0.6003443690201605
"[29.5599532826768, -0.3692512253964591, 0.36925122539660565, 0.0432655099017347]",96.9814889702715,0.6034875332558682
"[36.68415308975691, -0.5090417521827807, 0.5090417521832138, 0.033358618195992916]",96.80545511552637,0.6066306974915759
"[41.76522861086219, -0.6047500096498437, 0.604750009650659, 0.028099674935270078]",96.67851991533205,0.6097738617272835
"[45.518223494828206, -0.6741691993607009, 0.6741691993607771, 0.024849109416820853]",96.57795415578171,0.6129170259629911
"[48.31410580532034, -0.7254876880716182, 0.7254876880725959, 0.022693033105203205]",96.49432136264157,0.6160601901986987
"[50.38139952920364, -0.7633879346047607, 0.7633879346061905, 0.021218075399408426]",96.42276641121647,0.6192033544344064
"[51.87565610793328, -0.7909019628738941, 0.7909019628744731, 0.020205331354095555]",96.36044150842285,0.622346518670114
"[52.90961116102357, -0.8101521552699531, 0.8101521552708346, 0.019526089609052392]",96.30551729248096,0.6254896829058217
"[53.56834447511288, -0.8227010548492742, 0.8227010548505677, 0.019098905798367184]",96.2567386434272,0.6286328471415293
"[53.917845544367495, -0.8297389408793545, 0.8297389408799015, 0.018869422303509072]",96.21319967403403,0.631776011377237
"[54.01024873355756, -0.8321936128239613, 0.8321936128240439, 0.018799937102968768]",96.17422100429258,0.6349191756129448
"[53.887268837026085, -0.8307997560228398, 0.8307997560236536, 0.018863587444551605]",96.13927842798029,0.6380623398486523
"[53.582577313966105, -0.8261454135481343, 0.826145413548138, 0.019040909887090684]",96.10795807297377,0.6412055040843601
"[53.12350760114304, -0.8187044247771792, 0.8187044247782734, 0.019317713319864576]",96.07992829022585,0.6443486683200677
"[52.53232955800713, -0.8088600983320253, 0.8088600983320359, 0.01968370910171504]",96.05492084816647,0.6474918325557752
"[51.8272009240625, -0.7969225608922861, 0.7969225608936719, 0.020131620117585063]",96.03271737653635,0.6506349967914828
"[51.02291574727774, -0.7831421306357539, 0.7831421306358309, 0.020656581303312313]",96.01314061502433,0.6537781610271906
"[50.13149278240553, -0.7677196555062965, 0.7677196555089966, 0.0212557415673067]",95.99604795841434,0.6569213252628981
"[49.162611986160705, -0.7508140380281639, 0.7508140380295284, 0.021928030269239264]",95.98132647906758,0.6600644894986059
"[48.12397985344827, -0.7325483821619313, 0.7325483821634451, 0.02267401984343542]",95.96888996300605,0.6632076537343136
"[47.02162693517302, -0.7130148567060272, 0.7130148567060771, 0.023495874661556036]",95.95867692068353,0.6663508179700212
"[45.860105474034604, -0.6922776971986864, 0.6922776971990525, 0.02439741343110906]",95.95064920675264,0.6694939822057289
"[44.64265466901955, -0.6703755039597402, 0.6703755039598939, 0.025384248443224986]",95.94479184025097,0.6726371464414365
"[43.37134191179832, -0.6473229634110178, 0.6473229634124216, 0.02646400886194222]",95.94111366285868,0.6757803106771441
"[42.047109484962036, -0.6231106563497746, 0.6231106563523119, 0.027646733897343886]",95.9396488132389,0.6789234749128517
"[40.669841958786805, -0.5977049369720182, 0.5977049369721585, 0.02894538292690538]",95.94045947549097,0.6820666391485594
"[39.23832629022658, -0.571045418190967, 0.5710454181911251, 0.03037663601907608]",95.94364007737607,0.685209803384267
"[37.75022477378349, -0.5430420435955615, 0.5430420435958708, 0.03196197663979787]",95.9493233881712,0.6883529676199747
"[36.201951771682495, -0.5135694113195938, 0.5135694113197548, 0.033729312317205266]",95.95768944554528,0.6914961318556824
"[34.58849424422984, -0.4824585440495952, 0.4824585440500463, 0.03571535360144286]",95.96897846020778,0.69463929609139
"[32.90312554245704, -0.4494842648950098, 0.44948426489517607, 0.03796923752055509]",95.98350987943968,0.6977824603270977
"[31.13695603448222, -0.41434552703589744, 0.4143455270361789, 0.040558237052266105]",96.0017113653838,0.7009256245628053
"[29.27829529567219, -0.3766353926389443, 0.37663539263931334, 0.04357701023808409]",96.02416342770871,0.704068788798513
"[27.31160635918485, -0.3357908986016698, 0.3357908986017409, 0.047163497003394755]",96.05167246257935,0.7072119530342206
"[25.215844877543027, -0.2910073917693628, 0.2910073917694804, 0.05152771425926973]",96.08539540996804,0.7103551172699282
"[22.961572920270505, -0.2410795645104703, 0.24107956451048637, 0.057008144257938265]",96.12706905628012,0.7134982815056359
"[20.505877478588943, -0.18408600676572373, 0.18408600676573844, 0.06419251520419653]",96.17946460043514,0.7166414457413435
"[17.78184158159554, -0.11666486896050378, 0.11666486896056306, 0.07421443985541845]",96.24741801179432,0.7197846099770512
"[14.674346899697905, -0.03204706691258934, 0.032047066912758236, 0.08963126784002982]",96.34059209379781,0.7229277742127588
"[10.949016404751161, 0.08718124531672702, -0.08718124531667014, 0.1179687635348338]",96.48336580159116,0.7260709384484665
"[5.914427802549208, 0.32127007896725474, -0.3212700789672488, 0.19920904306368775]",96.78000840959572,0.7292141026841741
"[4.364354125140573, -0.6918824460517722, 0.6918824460518413, 0.21410560416658905]",98.55403294896354,0.7323572669198818
"[15.048729717928918, -1.013069957323742, 1.0130699573238906, 0.053286434527293335]",94.94522707668658,0.7355004311555894
"[5.638397940952106, -0.2445753909792499, 0.2445753909795203, 0.2117500115426416]",81.16550011671258,0.7417867596270047
"[22.056551526436817, -0.5144466826859008, 0.5144466826861043, 0.054578499676695945]",94.92099659995897,0.74807308809842
"[2.1122969639410125, 0.42187861990256154, -0.4218786199025501, 0.4210322088750402]",92.53924419730473,0.7512162523341276
"[8.949166284279492, 0.02522473657710472, -0.025224736577009906, 0.1427831329629426]",99.4236979369978,0.7575025808055429
"[28.057165780780046, -0.5092264030040264, 0.5092264030040798, 0.04332712284187988]",98.32833147325132,0.7606457450412506
"[6.245729697707162, -0.16193490348424883, 0.1619349034842935, 0.19614147753392652]",80.33047975609529,0.7637889092769582
"[25.161352540972437, -0.6811110143065683, 0.6811110143071064, 0.044086326280167766]",83.35292023154456,0.7669320735126659
"[11.384644241388212, -0.22988509293656137, 0.2298850929366593, 0.11171461262003483]",84.90661345413349,0.7700752377483735
"[32.448826309667105, -0.5732749896189212, 0.573274989619623, 0.0365352288246427]",95.15058653619265,0.7732184019840811
"[0.39211744596747033, -1.1083974140212671, 1.1083974140212718, -0.06888830006859858]",69.70142808172673,0.7795047304554964
"[6.798990736998663, -0.6502902237486652, 0.650290223748739, 0.15192254839731947]",84.19150253489961,0.7826478946912041
"[0.4999907899601551, 0.7055121435975411, -0.7055121435975403, 0.10024524853748928]",80.55743104453354,0.7857910589269118
"[28.832390954872576, -0.46274086694895317, 0.4627408669496959, 0.042978405501940084]",93.77733530068954,0.7889342231626194
"[54.808516462880085, -1.0085257479528977, 1.0085257479535001, 0.015569029176673358]",93.96615602390729,0.792077387398327
"[1.0355307535475688, -0.09402301790280994, 0.09402301790282101, 0.06045046748486402]",51.05377153412746,0.7983637158697423
"[12.153700799830132, -0.5657959473856903, 0.5657959473858465, 0.09396533027997654]",74.02604878013274,0.8172227012839881
"[25.81179469117343, -0.6341732933116192, 0.6341732933118838, 0.04421021735000493]",83.1681733329043,0.8203658655196959
"[0.7092396205400953, -0.6120830845152232, 0.6120830845152448, 0.11633598700810338]",61.73757052616421,0.8235090297554035
"[20.029416838669295, -0.906070543462252, 0.9060705434623715, 0.045965839173922364]",72.13348245783727,0.8266521939911111
"[10.733914094261845, -0.4839281313309399, 0.48392813133105894, 0.10952571868785406]",69.47793558416743,0.8297953582268188
"[7.887813230525278, -0.05282932897314818, 0.052829328973400376, 0.16026860904498302]",83.6546287004107,0.8329385224625264
"[10.716199084315916, -0.8453906015096294, 0.8453906015096878, 0.08708556474726978]",63.18614453956547,0.8392248509339416
"[1.562251666241027, -0.623129324630475, 0.6231293246304828, 0.4005200400575474]",67.47197923598907,0.845511179405357
"[0.6734321498880931, -0.0034786379769893598, 0.003478637977172361, -2.4400279280228263]",53.73880276358954,0.8486543436410646
"[34.41728917012527, -0.5397195098036666, 0.5397195098047471, 0.035037847811633806]",96.2885847196584,0.8517975078767724
"[4.369732354827019, -0.07734845121232511, 0.07734845121232889, 0.2704313162010048]",69.65838682479468,0.8612270005838952
"[1.4144335753549542, -0.8256281399053231, 0.8256281399053271, 0.312582965482874]",62.49937975724404,0.8675133290553105
"[24.833432394358052, -0.7512367503843203, 0.751236750384589, 0.04262255626342605]",85.55972415944345,0.8706564932910181
"[22.371234608871507, -0.5825859335329295, 0.5825859335331419, 0.052162994966032876]",86.5527400419813,0.8737996575267257
"[-0.5368314854773002, 0.07670969858483549, -0.07670969858501482, -2.962935790008333]",81.22890317721325,0.8800859859981411
"[6.046131489253726, -0.19204421744320532, 0.19204421744326294, 0.20100834363117032]",98.40640849452434,0.8832291502338487
"[10.14464389122217, 0.11858809635633566, -0.11858809635629386, 0.12638717434537425]",99.63628153984793,0.8863723144695566
"[18.623733874448764, -0.1352763403265806, 0.13527634032662206, 0.07085740505643216]",99.3432392634689,0.8895154787052642
"[24.101181245050427, -0.2629209499253447, 0.26292094992549814, 0.054163177202095895]",99.22732433382645,0.8926586429409717
"[28.098058726061513, -0.34781899382213427, 0.3478189938226318, 0.04573123159406315]",99.16892809346366,0.8958018071766793
"[31.079221232387436, -0.40800455094517657, 0.40800455094532045, 0.040715753770389024]",99.14126324961639,0.898944971412387
"[33.24635632978805, -0.4503109162947898, 0.45031091629502795, 0.037575055612725325]",99.13376753064462,0.9020881356480946
"[34.69605142684909, -0.47785136595118793, 0.47785136595124317, 0.035670931566524115]",99.1412804276897,0.9052312998838022
"[35.47196806577108, -0.492071636553296, 0.49207163655401254, 0.034713080499558444]",99.16107211380454,0.9083744641195101
"[35.58614019829876, -0.4934891575432792, 0.493489157543944, 0.03458449786048367]",99.19178897771211,0.9115176283552177
"[35.02764761634872, -0.4819661073807235, 0.4819661073807449, 0.03528427172634165]",99.23307767734143,0.9146607925909253
"[33.7639611587879, -0.4567367859899375, 0.4567367859903102, 0.036925660521140644]",99.28556686257056,0.9178039568266328
"[31.73516295421937, -0.4161973762266127, 0.41619737622684155, 0.039787593551958524]",99.35119157828198,0.9209471210623407
"[28.836416393945992, -0.3572657263573319, 0.35726572635769616, 0.04447445142014662]",99.43414260599049,0.9240902852980483
"[24.872548816858938, -0.273565971317257, 0.2735659713172751, 0.052416675661968004]",99.54352455165339,0.9272334495337559
"[19.4204836907957, -0.14894056118320464, 0.14894056118338259, 0.0679536923857946]",99.70277796761107,0.9303766137694635
"[11.808242030085884, -0.9525894907917544, 0.9525894907920138, 0.07149961114127447]",99.08745033990886,0.9366629422408788
"[20.16539968510778, -0.9222932998603093, 0.9222932998604316, 0.04493486965449874]",88.52659364671966,0.9429492707122942
"[1.9456254408588247, 0.11346879760969442, -0.11346879760968814, 0.48215585907172187]",77.11268425270545,0.9460924349480018
"[51.910690696437335, -0.9611144621982256, 0.9611144621988477, 0.017318536406576313]",97.68175801951658,0.952378763419417
"[35.15617179067842, -0.8212671390055877, 0.8212671390057251, 0.028863620503526047]",90.06049360590004,0.9555219276551247
"[0.4280024097011213, -1.0900318561056108, 1.0900318561056184, -0.03346928803546486]",70.38978151211901,0.9586650918908323
"[42.30088682683524, -0.7098052386571815, 0.7098052386572793, 0.026117402763477484]",97.29687212136103,0.9618082561265399
"[21.39837221979412, -0.9683227453312915, 0.968322745331355, 0.040436896557595726]",73.09677265148532,0.9649514203622477
"[-0.47835084532793015, -0.01746574633023859, 0.017465746330119603, -4.1059823450693145]",62.69371491893125,0.9680945845979553
"[14.617196346019432, -0.7026931165321628, 0.7026931165323402, 0.07302126245038333]",81.88556059087615,0.9712377488336629
"[23.418719378785926, -0.6016357153724401, 0.6016357153726277, 0.04942768840318542]",76.0823767067355,0.9743809130693705
"[25.043352126632676, -0.6600848142825922, 0.6600848142828165, 0.044850926731135964]",76.00200537886899,0.9775240773050783
"[25.94353564854793, -0.6943072380729666, 0.6943072380732392, 0.042450824866699315]",75.91252054214104,0.9806672415407859
"[25.181171990131656, -0.670982367531673, 0.6709823675317361, 0.04432519856791984]",75.85361005761644,0.9838104057764935
"[22.663727840826926, -0.5845452560480343, 0.5845452560486744, 0.051463210015017725]",75.84122688766614,0.9869535700122011
"[18.49246016948564, -0.43173180155941604, 0.43173180155962587, 0.06678040310532248]",75.89915720488675,0.9900967342479088
"[12.52786023691461, -0.18547412792928697, 0.1854741279293919, 0.1028227012766087]",76.08810011139498,0.9932398984836164
"[1.6018513416330247, 0.8302950960161136, -0.8302950960160957, 0.311949525627326]",77.05070487892696,0.996383062719324
"[11.570995905963759, -0.7324383148416789, 0.7324383148417611, 0.08895667497813485]",74.5301819578821,0.9995262269550318
"[7.584986884623586, -0.3393882051574255, 0.33938820515752754, 0.1585642427051792]",74.69021696495383,1.0026693911907394
"[0.11445142018315739, 0.5676889955917243, -0.5676889955917188, -0.3466862387952977]",62.05400637094647,1.005812555426447
"[16.04586359509128, -0.548064641951755, 0.5480646419518668, 0.07292395382554102]",77.50896184003491,1.0089557196621546
"[0.6737264518023913, -1.190208543935554, 1.1902085439355572, -0.05427316346484538]",63.81085170800553,1.0120988838978624
"[-0.507494902245872, -0.5114396988819384, 0.5114396988819595, -1.3507447982740806]",66.788802688696,1.0215283766049854
"[7.383080572523522, 0.0872317561798214, -0.08723175617974661, 0.1699266303375387]",76.35621458463362,1.024671540840693
"[15.23547229194653, -0.3026601387558043, 0.3026601387558538, 0.08348881341112208]",75.95252960179913,1.0278147050764006
"[20.487771324008555, -0.506307163389471, 0.5063071633897009, 0.058802518031973845]",75.82332987010557,1.0309578693121082
"[24.019428439105955, -0.6317348905282352, 0.6317348905287172, 0.04745931832675542]",75.79394141479887,1.0341010335478158
"[25.769649124471325, -0.6899527933661874, 0.6899527933663688, 0.042844776651291654]",75.82522306937514,1.0372441977835234
"[25.66714272682625, -0.6831338933189395, 0.6831338933190207, 0.043192811106193836]",75.89756252263093,1.040387362019231
"[24.08327658083422, -0.6253311588705591, 0.6253311588707973, 0.04750528636052773]",75.99023206278714,1.0435305262549388
"[23.249248812882545, -0.5987167465545573, 0.5987167465546616, 0.04985083906025734]",75.95484808718763,1.0466736904906464
"[9.125494115885187, 0.08903292022084174, -0.08903292022025491, 0.13981812455404463]",88.19964740431307,1.049816854726354
"[36.31729242036247, -0.7243243368076814, 0.7243243368085811, 0.030029589003101133]",87.96955416094754,1.0529600189620616
"[46.21773262500935, -0.7814515412204487, 0.7814515412205442, 0.022789745541008676]",97.41857741892109,1.0561031831977694
"[49.01782601853405, -1.0244306026084828, 1.0244306026089804, 0.0170349809849398]",95.34529708798011,1.059246347433477
"[12.863647068235741, -0.2617289668688821, 0.26172896686900016, 0.09894606151289159]",88.72947032975111,1.0623895116691846
"[47.81218786036242, -0.8603999274995885, 0.8603999275000214, 0.020688365126834706]",98.17058583252509,1.0655326759048922
"[1.53476398023854, 0.2433899434954818, -0.2433899434954651, 0.4867485513760124]",82.68411817820437,1.0686758401406
"[5.6516829061422165, -0.32076703610196916, 0.32076703610212737, 0.207376712721573]",97.35904548545015,1.0749621686120152
"[4.419824761202343, -0.9953002992808679, 0.9953002992809843, 0.1522765505711784]",98.35410613510889,1.0812484970834306
"[14.056719356649385, -0.006561970024369513, 0.006561970024505357, 0.09341536534879345]",99.74426286312696,1.0843916613191382
"[21.67622012359982, -0.20222415739498503, 0.20222415739509525, 0.060676548873810895]",99.48461623156435,1.0875348255548458
"[26.84029195955843, -0.3156549705086798, 0.3156549705087318, 0.04821392838022908]",99.33295110967843,1.0906779897905536
"[30.539328658649648, -0.39206307351902603, 0.39206307351947217, 0.04162695405571223]",99.22380751634614,1.0938211540262612
"[33.12710867633418, -0.4440431287775625, 0.444043128778007, 0.037791896963332336]",99.13889647011692,1.0969643182619688
"[34.76930079593654, -0.47677332209493684, 0.4767733220949521, 0.03561226849520757]",99.07089845588,1.1001074824976764
"[35.55181900011607, -0.49269439143507193, 0.49269439143533933, 0.034628187366351953]",99.01664217178411,1.103250646733384
"[35.51713461739494, -0.492884784090519, 0.4928847840918176, 0.03465861813764795]",98.97508140582678,1.1063938109690916
"[34.67581598736782, -0.47748371917031807, 0.47748371917081406, 0.035696352979898247]",98.94665315352424,1.1095369752047992
"[33.004622517018134, -0.445659806727518, 0.44565980672766964, 0.037907096294203024]",98.93329276127172,1.112680139440507
"[30.430888961060298, -0.39512013855164374, 0.3951201385518017, 0.04173205961775437]",98.93911401702391,1.1158233036762146
"[26.79074749817495, -0.32063945863273313, 0.3206394586329044, 0.048241377504817336]",98.97251667543439,1.1189664679119222
"[21.71023239227155, -0.20917200408467554, 0.20917200408487585, 0.060518560609175154]",99.05326639184977,1.1221096321476298
"[14.11895995251706, -0.013588993139681212, 0.013588993139793443, 0.09301822179841457]",99.25024478867594,1.1252527963833376
"[2.2847720810809893, -1.0134544219681387, 1.013454421968164, 0.20815590466247164]",98.98671483562777,1.1283959606190452
"[17.338431535292095, -0.42979589241007216, 0.42979589241021104, 0.07108255105080064]",98.95422157942582,1.1315391248547528
"[2.6623464889582684, -0.32686968845019004, 0.32686968845031267, 0.38030769657789293]",77.17468186748285,1.1346822890904606
"[9.44034276876817, -1.0457713585267758, 1.045771358526859, 0.0773923228489085]",85.67743248536776,1.1378254533261682
"[17.751632052383492, -0.3597024026969623, 0.3597024026970443, 0.07106204854290857]",86.30737810681183,1.1472549460332913
"[24.825629521260414, -0.599028615162689, 0.5990286151631165, 0.0467819601977776]",85.53105617678223,1.1503981102689989
"[1.1409643531431668, 0.0032183548520447426, -0.0032183548520106475, 0.24689735995537088]",71.97012529205965,1.1535412745047064
"[34.43020126331146, -0.5400176590440022, 0.540017659044294, 0.035020331677975594]",95.9974531666124,1.156684438740414
"[0.009299192659682726, -0.9688285745955757, 0.968828574595577, -0.1479005258516713]",57.82496104169865,1.1629707672118295
"[22.534180184804296, -0.6746396680298503, 0.6746396680298722, 0.049225841408199425]",86.90552311554409,1.166113931447537
"[10.230937948437306, -0.013246125344730164, 0.01324612534489384, 0.12607722061659093]",82.13253807574813,1.1724002599189522
"[-0.06642595049691387, 0.9808431302658579, -0.9808431302658571, -0.26489009251894535]",58.01750752490222,1.1755434241546598
"[7.0691327900522944, -0.39049814398373234, 0.39049814398373417, 0.16630664446343962]",72.86346565251685,1.1786865883903674
"[0.0008469393535299916, -0.24148583142232385, 0.24148583142234464, -1.0484434613848397]",55.22031579453083,1.1818297526260753
"[13.977270003777564, -0.6747158473928829, 0.6747158473930055, 0.07754271987625988]",74.77411567150473,1.1849729168617829
"[6.918681426993522, -0.1063735908268162, 0.1063735908268718, 0.17998678851581706]",70.96678035699374,1.1881160810974905
"[47.0968052270269, -0.8455820147707122, 0.8455820147715734, 0.021264496948104245]",93.77876991046091,1.2069750665117365
"[23.511293105717268, -0.33356071161298634, 0.3335607116130797, 0.05458275581839129]",93.48136907236137,1.210118230747444
"[28.14887749221513, -0.6410236295876762, 0.6410236295879125, 0.04049316675975222]",95.11297568002709,1.2132613949831519
"[23.906296336224063, -0.7242655438383132, 0.7242655438384901, 0.0450469548480264]",83.7861205434405,1.2164045592188595
"[14.770729932523153, -0.1967083402668774, 0.19670834026700926, 0.08779089064145511]",85.99353703088057,1.219547723454567
"[10.857226926281973, 0.03812179050067734, -0.03812179050056447, 0.11919076373241247]",95.48841670269563,1.2226908876902747
"[6.925935775721587, -0.6562409496669346, 0.6562409496669874, 0.14890284329848427]",72.03314940675588,1.2258340519259823
"[25.718698594404326, -0.9010482983825996, 0.9010482983826443, 0.03638774590033775]",81.15291408043498,1.2289772161616899
"[20.925168227254517, -0.9254106691497189, 0.925410669150061, 0.04324809983187419]",85.01705573868419,1.2384067088688129
"[15.650582588293753, -0.7792995010255529, 0.7792995010257457, 0.0648262153397231]",91.32460704892446,1.2415498731045205
"[9.628564572583223, -0.18845998176405765, 0.18845998176455842, 0.1315651340119003]",87.0694960040285,1.244693037340228
"[-0.12794438142106263, 0.5395095156070017, -0.5395095156069828, -0.7732288334693377]",81.16152481929622,1.2478362015759359
"[-0.1545671372421791, 1.0583099225504349, -1.058309922550418, -0.477019474378121]",86.80163162762608,1.2509793658116435
"[0.5666272291766885, 0.0709291601626106, -0.07092916016270286, -2.4350114612943687]",84.9781567027196,1.254122530047351
"[0.8701905600096734, 1.0694258606816023, -1.069425860681599, 0.1028059928527129]",96.72088265651395,1.2572656942830587
"[9.588719712780138, 0.13865692227444135, -0.1386569222743974, 0.13293390367183708]",96.0345906085761,1.2604088585187665
"[14.450861091324859, -0.025514698210177083, 0.025514698210351586, 0.09096559725660895]",95.82790170678994,1.263552022754474
"[18.297376936599345, -0.12979764597112925, 0.129797645971239, 0.07211337220830483]",95.70656445380617,1.2666951869901817
"[21.587510708979462, -0.20952873512554993, 0.20952873512571113, 0.0608479191041413]",95.6213662343534,1.2698383512258895
"[24.51214533458356, -0.275589368771796, 0.27558936877205586, 0.05314211873468838]",95.55675077973784,1.272981515461597
"[27.17287147325548, -0.3328176420447143, 0.3328176420449182, 0.047434461397123005]",95.50575037367553,1.2761246796973047
"[29.63116305709622, -0.3838003740458412, 0.3838003740461032, 0.04297899216912333]",95.46463740139829,1.2792678439330123
"[31.92717524524575, -0.4300833054364067, 0.43008330543681017, 0.039369699787119065]",95.43119098929392,1.2824110081687201
"[34.08842385465498, -0.4726597159103218, 0.47265971591033806, 0.03636480397503715]",95.40399139684718,1.2855541724044277
"[36.13417437236781, -0.512197103355165, 0.5121971033553135, 0.03381069861741274]",95.38208903027011,1.2886973366401353
"[38.07797510541705, -0.5491562565057508, 0.5491562565064668, 0.03160487383425695]",95.36483072064323,1.291840500875843
"[39.92904478743972, -0.583855721078729, 0.5838557210788285, 0.029676418850750126]",95.35176308674137,1.2949836651115505
"[41.693144231786974, -0.6165103075088435, 0.6165103075099897, 0.02797494355541404]",95.34257475248657,1.298126829347258
"[43.37299695960159, -0.6472524878767351, 0.6472524878770831, 0.02646407110550275]",95.3370612967332,1.3012699935829657
"[44.96852966405802, -0.6761455847065944, 0.6761455847068608, 0.025117367932978144]",95.33510315796681,1.3044131578186735
"[46.47683805377102, -0.7031890396517253, 0.7031890396525458, 0.023915838222539808]",95.33665233810478,1.307556322054381
"[47.892029174310856, -0.7283196939060758, 0.7283196939085267, 0.02284630924081498]",95.34172491456026,1.3106994862900887
"[49.20484983446304, -0.7514081085099341, 0.7514081085116746, 0.021900481236998028]",95.35039798965269,1.3138426505257963
"[50.40214840657314, -0.7722511849156579, 0.7722511849172673, 0.021074421954513894]",95.36281057550868,1.3169858147615041
"[51.46607572282429, -0.7905596485998714, 0.7905596486000359, 0.02036847368528106]",95.37916796234572,1.3201289789972117
"[52.37303557618837, -0.8059406776673333, 0.8059406776691694, 0.019787517813227216]",95.39975089502094,1.3232721432329193
"[53.0922058408155, -0.8178725315684531, 0.8178725315704869, 0.01934172380408064]",95.42492967143342,1.3264153074686271
"[53.583566761664386, -0.8256698634184283, 0.8256698634190445, 0.019047897021709607]",95.45518662133082,1.3295584717043347
"[53.795172314027255, -0.828434611164692, 0.8284346111652594, 0.018931789578767733]",95.49115076414687,1.3327016359400423
"[53.65931683023431, -0.8249852859383168, 0.8249852859393446, 0.0190320220151726]",95.53365310745905,1.33584480017575
"[53.086961161442055, -0.81375111877502, 0.8137511187790466, 0.019406958640367882]",95.58381852401628,1.3389879644114577
"[51.95922425551098, -0.7926045675613657, 0.7926045675617558, 0.02014746440912076]",95.64322773132612,1.3421311286471653
"[50.11341391470696, -0.758573913472595, 0.7585739134751601, 0.021402602536176426]",95.71422655279483,1.345274292882873
"[47.317777240063165, -0.7072947103643861, 0.7072947103658865, 0.023437452029122032]",95.8005730785468,1.3484174571185805
"[43.219092377717054, -0.6317914571323693, 0.6317914571323874, 0.026785385959530544]",95.90899362897385,1.3515606213542881
"[37.21050318201415, -0.5191124042360937, 0.5191124042372273, 0.032757457648625886]",96.05375067998109,1.3547037855899957
"[27.974442320474317, -0.33684356010258104, 0.33684356010275157, 0.04606253479249281]",96.27578328224374,1.3578469498257033
"[9.906071883226314, 0.13289310973569102, -0.13289310973552684, 0.1290424833662237]",96.88079796751042,1.3609901140614111
"[40.87528829053299, -0.9985974172017019, 0.9985974172024027, 0.02097014164357105]",95.18839861922862,1.3641332782971187
"[3.2353165907553616, 0.4996188189357343, -0.4996188189356378, 0.3057825765055403]",83.162610134865,1.3672764425328263
"[22.551626408942827, -0.40167755334489846, 0.4016775533450879, 0.055717623432208645]",82.45492262627049,1.370419606768534
"[31.579690232890936, -0.6704312085617986, 0.6704312085621014, 0.03559972280845588]",82.38041489086858,1.3767059352399493
"[14.382377889443834, -0.7453859828450172, 0.7453859828451199, 0.07198204636979519]",73.97618565449058,1.379849099475657
"[36.085950908333835, -1.0323922235118845, 1.0323922235123335, 0.022713429238678747]",85.98460663380506,1.3829922637113647
"[13.989341099005019, -0.37535793021606256, 0.3753579302160791, 0.0887781529380369]",78.38081620332429,1.3861354279470723
"[32.268994290435465, -0.4650704171306772, 0.4650704171310424, 0.038476610110245626]",95.82068836237083,1.38927859218278
"[19.087837670902168, -0.19276858102649458, 0.19276858102668834, 0.06870125857078548]",97.24601129635559,1.3924217564184875
"[16.581839614094132, -0.0654358095852658, 0.06543580958527345, 0.07964562582013178]",99.16918166627217,1.3955649206541954
"[47.261996821671936, -0.6713133959042634, 0.6713133959047693, 0.02398963634743052]",98.75171741984653,1.398708084889903
"[45.06971935164331, -0.6284720793284495, 0.6284720793284959, 0.02575242783666849]",98.98930569856725,1.4018512491256105
"[20.37025303439424, -0.38015646687702437, 0.38015646687728055, 0.06188160193409806]",84.18396760883059,1.408137577597026
"[2.298639672311064, -0.09054597712688793, 0.09054597712689912, 0.4421217686637714]",55.863979255546354,1.4144239060684412
"[32.98533359480459, -0.7579500206464534, 0.7579500206468145, 0.0322252279262076]",85.43742557020465,1.4175670703041487
"[37.55474832865878, -0.7070707907460625, 0.7070707907464343, 0.029392549122095574]",91.71774622296873,1.4301397272469794
"[31.442964111878155, -0.4735422436654647, 0.4735422436658193, 0.03933613750671131]",97.09862267129637,1.433282891482687
"[30.178635689389196, -0.7643960179363539, 0.7643960179410252, 0.034969328178967425]",91.91143531511648,1.4364260557183945
"[17.263391108066468, -0.079291325911926, 0.07929132591211244, 0.07656752148326695]",99.03031610078253,1.4395692199541024
"[32.235754337990315, -1.1510812034712248, 1.1510812034715685, 0.021303179603966382]",97.78710898440117,1.44271238418981
"[52.92067991772256, -0.8629520902043731, 0.8629520902052964, 0.018687139581527717]",95.26263957992123,1.4458555484255176
"[-0.20296206161551938, 0.274911716136766, -0.27491171613674015, -1.5620922425872512]",44.70114768669405,1.4489987126612252
"[9.891281392278426, 0.1042387116994838, -0.10423871169933552, 0.1295700837274771]",93.79869823934341,1.4552850411326406
"[51.80855201491833, -1.0929457846836763, 1.0929457846840294, 0.014737800191173857]",91.66770062089034,1.4584282053683482
"[26.421526513028397, -0.3983184867873465, 0.39831848678769405, 0.0478382165084872]",86.90900498229635,1.4647145338397636
"[28.077307986304884, -0.4377425766196383, 0.4377425766199111, 0.04450421290512061]",86.88337402407161,1.4678576980754712
"[25.195120361414197, -0.3692640009950185, 0.3692640009952733, 0.050541460614738]",86.91496651005112,1.4710008623111788
"[16.407837283019955, -0.13624029296466883, 0.13624029296475498, 0.08001793773503271]",87.10761917013262,1.4741440265468864
"[10.080001194858859, -0.3230542021550171, 0.3230542021550321, 0.12261314553580538]",85.96896127164837,1.477287190782594
"[43.69998124300901, -1.0695290402200508, 1.0695290402207704, 0.017971082246982684]",85.24775238492187,1.4804303550183016
"[32.233307606551875, -0.6847098408353546, 0.6847098408354566, 0.03459653210607078]",86.09798023270676,1.4835735192540094
"[20.53835214076613, -0.5980442634594197, 0.5980442634598271, 0.0561901704915365]",82.57516289550352,1.486716683489717
"[7.166362894957484, -0.4765024198101807, 0.47650241981023, 0.15896620795500088]",75.08603164881998,1.4898598477254246
"[1.190210119709074, -0.6137150075361768, 0.6137150075361816, 0.3675256169024243]",49.102517899284,1.4930030119611322
"[18.480586068084673, -0.6679004384047554, 0.6679004384052604, 0.05977229353578646]",74.44873924811213,1.49614617619684
"[32.463593916583164, -0.7564295758436436, 0.7564295758443776, 0.032764131686687244]",86.77374164695806,1.4992893404325476
"[11.096339144823265, -0.026794674708776292, 0.02679467470877646, 0.11681010467671551]",83.39598754763368,1.5055756689039628
"[5.062373960924812, -0.040309963851305454, 0.04030996385132529, 0.23866136659024356]",60.565439271467575,1.5087188331396706
"[25.310444369544886, -0.6725377938989466, 0.6725377938990729, 0.04406508922297369]",73.58065934798594,1.5118619973753782
"[-0.14122297536036837, 0.9597116839660172, -0.9597116839660094, -0.36025411198668855]",82.58906234527639,1.5150051616110858
"[-0.16325531973683466, -0.7018784618692758, 0.7018784618692787, -0.5516211867885029]",60.90685080605631,1.5181483258467936
"[-0.35621986463473443, 0.599441578754316, -0.5994415787543013, -1.0132017792761738]",82.37712699533462,1.5212914900825012
"[22.62803553221931, -0.22277713641588284, 0.22277713641617444, 0.05801016329558867]",97.1177710607272,1.5244346543182088
"[34.77899391258079, -0.4738688529972559, 0.47386885299739834, 0.03564229860468623]",96.80279342349662,1.5275778185539164
"[41.24890979315106, -0.597386379318615, 0.5973863793193823, 0.028551746127885195]",96.62739524092359,1.5307209827896242
"[44.55766937454477, -0.6598542123749173, 0.6598542123753409, 0.0255888723908696]",96.50604313553056,1.5338641470253318
"[45.68794478902763, -0.6821439263457213, 0.682143926345845, 0.024640103764493607]",96.41766139217803,1.5370073112610394
"[45.19699993927601, -0.6748261526857873, 0.674826152686294, 0.025012548200060714]",96.35447129721307,1.540150475496747
"[43.445796137657126, -0.6442137088654486, 0.6442137088657025, 0.02646578206364037]",96.31341201663675,1.5432936397324546
"[40.670990934066864, -0.5940471842899055, 0.594047184290303, 0.028998209338294466]",96.29387991252403,1.5464368039681622
"[37.01120707679531, -0.525953974666555, 0.5259539746666514, 0.03283341581914549]",96.29727362409028,1.5495799682038698
"[32.51038857139892, -0.43918678841947095, 0.43918678842033493, 0.03855805117462283]",96.32760645597791,1.5527231324395776
"[27.092130252584557, -0.3291225228513015, 0.3291225228513691, 0.0476172360351679]",96.39392834083523,1.5558662966752852
"[20.451700216662957, -0.18125541593594457, 0.18125541593594763, 0.06438211193122796]",96.51926848933594,1.5590094609109928
"[11.499765762733889, 0.06876497449591938, -0.06876497449521611, 0.1127742167217682]",96.79758811513496,1.5621526251467004
"[1.0087681677975207, -0.9154935609338606, 0.9154935609338705, 0.22908713730811942]",75.32640563046249,1.5684389536181158
"[14.350905060505477, -0.2311996180997807, 0.23119961809985295, 0.08971857282798032]",95.46881974302701,1.5715821178538236
"[9.685918096366477, -0.40493823127935946, 0.4049382312793789, 0.12412813029311949]",86.46649833460019,1.574725282089531
"[9.176858770150846, -0.7274900207903965, 0.7274900207903993, 0.11033456232817912]",81.5014231212187,1.5810116105609466
"[5.627317899640934, -0.5604049007590585, 0.5604049007591281, 0.18883006546938477]",97.02564918298272,1.5904411032680692
"[12.076095379286825, 0.049431756560663, -0.049431756560555005, 0.10778656947472166]",96.68908995716858,1.593584267503777
"[25.607813960542174, -0.2972182819413473, 0.29721828194157474, 0.05068972377130616]",96.31437527879719,1.5967274317394846
"[35.54908118370765, -0.49745207112597745, 0.4974520711262548, 0.03456447509038688]",96.18680840869462,1.5998705959751922
"[42.18261061083071, -0.6198661606195777, 0.6198661606203125, 0.02760751264171338]",96.19373403024915,1.6030137602109
"[40.30965913648682, -0.580764749694041, 0.580764749694091, 0.029446556281310432]",96.38572153548454,1.6061569244466076
"[15.44385570858299, -0.31223829339342046, 0.31223829339360737, 0.08222237193680036]",99.77376546939924,1.6093000886823152
"[5.562130136638109, -0.10349988695283893, 0.1034998869528579, 0.21886990192510639]",60.14900859433216,1.6124432529180228
"[4.925748316120942, -1.0003631493989338, 1.0003631493989815, 0.13979445394605455]",72.37433864772146,1.6155864171537306
"[13.689959302542075, -0.4542689192054418, 0.45426891920549906, 0.08821134375469863]",87.43896150237705,1.618729581389438
"[10.203359730692807, 0.1304657231407932, -0.1304657231407558, 0.1255608290142649]",98.36717545530159,1.6250159098608536
"[61.57807379076032, -1.0158432195222347, 1.0158432195231744, 0.013769311927373282]",95.30201187350453,1.628159074096561
"[3.200972557097375, 0.4809610346006064, -0.4809610346005888, 0.31128249631561694]",73.5974069852312,1.6313022383322688
"[1.5508120809795731, 0.6625910125477705, -0.6625910125477679, 0.38599517212868967]",59.04970157029359,1.6344454025679762
"[0.5100231553512591, -0.09730149533056852, 0.09730149533050249, -1.6938983062296629]",70.96934986601512,1.637588566803684
"[0.5656692094010536, -0.043247866072133205, 0.04324786607137717, -3.0800692331733046]",85.94964278024915,1.6407317310393918
"[8.579101580605814, -0.9440353437805389, 0.9440353437806925, 0.09590258410015204]",63.29034378554491,1.6438748952750992
"[0.40225211060197563, 1.0298078958463688, -1.0298078958463686, 0.022168427958724347]",72.15687797550093,1.647018059510807
"[20.009848033826806, -0.4885557403352908, 0.4885557403354755, 0.060595253388886196]",74.53841350389555,1.65644755221793
"[2.7157672849805055, 0.0800675803515613, -0.08006758035154, 0.3952810220240894]",82.56334308571492,1.6595907164536376
"[6.960620882848036, -0.8013394245486033, 0.8013394245487601, 0.13279198188372734]",76.44932070378056,1.6627338806893452
"[3.0867090827809127, 0.5924681428213354, -0.5924681428212986, 0.2990500969295751]",99.09504009580124,1.6658770449250528
"[55.7222879120465, -0.8104785104638601, 0.8104785104660037, 0.018552518121787574]",97.46807121804197,1.6690202091607604
"[57.79735574279926, -0.8502177731783165, 0.8502177731783852, 0.01732629030944942]",97.2419105605645,1.672163373396468
"[44.63993589048303, -0.6289496714895438, 0.6289496714899077, 0.025988991572170602]",97.22805250530168,1.6753065376321759
"[16.885693005802473, -0.07418739192199006, 0.07418739192201607, 0.07823408571103467]",97.67568191382446,1.6784497018678832
"[11.77727926462264, 0.017224553915963864, -0.017224553915935435, 0.11045787543312283]",99.93030045397244,1.681592866103591
"[51.76514481438792, -0.8403151660050604, 0.8403151660076409, 0.019468843824260878]",94.24847920243757,1.6878791945750062
"[28.34703454292861, -0.47850233278073684, 0.4785023327808101, 0.04343234924009883]",91.86103970783347,1.691022358810714
"[13.323466434833701, -0.2753028443309606, 0.2753028443310843, 0.0954342831994324]",92.50571494828796,1.6941655230464219
"[7.082417943182137, -0.02657956290567414, 0.026579562905726963, 0.17697552058542296]",92.73694186794677,1.700451851517837
"[4.599641977468912, -0.9623404775352558, 0.962340477535356, 0.155211261617258]",75.66517088731317,1.7067381799892523
"[12.621914683612774, -0.3474493693121783, 0.34744936931233145, 0.09865279734712423]",76.51948016039255,1.70988134422496
"[27.23277680315589, -0.6097509256452199, 0.6097509256454171, 0.042532688270451174]",81.19209789672946,1.7161676726963753
"[2.8282559778438126, 0.49892174183098786, -0.49892174183097265, 0.3371394589079434]",84.1356004222319,1.719310836932083
"[25.124330874934625, -0.3927274198994731, 0.39272741989957644, 0.0503231852090704]",93.76156900233775,1.7224540011677905
"[42.94646721568307, -0.8976228032646588, 0.8976228032659305, 0.02221604549191219]",92.65450396740634,1.7255971654034983
"[0.6673638908349007, -0.5588276255278138, 0.5588276255278245, 0.023194366402024758]",72.63343980365894,1.7287403296392059
"[15.44325138778595, -1.017964469151949, 1.017964469152004, 0.051707556880199616]",86.91633092043324,1.7318834938749135
"[0.35536606144542776, -0.761335578881589, 0.7613355788815928, 0.09996639441182735]",82.63598484299207,1.735026658110621
"[6.006849166870759, 0.32461832872109386, -0.3246183287210627, 0.19630976819874882]",94.7705042011204,1.7381698223463289
"[16.195668689264284, -0.05668130311915445, 0.05668130311919144, 0.08149788779197312]",94.2787275486858,1.7413129865820363
"[22.8442691751869, -0.21482302924919433, 0.21482302924932203, 0.05755442408140135]",94.09684674061936,1.744456150817744
"[28.20325644662552, -0.3264381613254372, 0.32643816132551245, 0.045821075807996374]",93.98404658884928,1.7475993150534515
"[32.82825884355102, -0.4163113050387462, 0.4163113050395101, 0.03849175575181681]",93.90439285467107,1.7507424792891593
"[36.960127668133694, -0.4931689924574539, 0.4931689924575385, 0.033330216881948]",93.84509216353676,1.753885643524867
"[40.72540250305381, -0.5611007606466093, 0.5611007606471908, 0.029427825264327287]",93.80007920145788,1.7570288077605745
"[44.195964854161325, -0.6222996391085378, 0.6222996391099773, 0.0263393143316416]",93.76602123326816,1.7601719719962823
"[47.41236486140856, -0.6780034978970126, 0.6780034978974374, 0.02381968653148545]",93.74092847614583,1.76331513623199
"[50.39427427721967, -0.728886520465051, 0.7288865204729291, 0.021723794356032954]",93.7235631328439,1.7664583004676975
"[53.14536607008332, -0.7752393607475647, 0.7752393607478885, 0.019961952783583495]",93.71315344237138,1.7696014647034053
"[55.65534223136922, -0.8170530301915786, 0.8170530301922886, 0.01847829278843815]",93.70924333549544,1.772744628939113
"[57.90027297796779, -0.8540522270054637, 0.8540522270061199, 0.01723956571496023]",93.71160982560103,1.7758877931748205
"[59.84176400606057, -0.8856978282782402, 0.8856978282794822, 0.016229323445598527]",93.72021851800996,1.7790309574105283
"[61.425134919204126, -0.9111665955976356, 0.9111665955983222, 0.015445269578244563]",93.73520400155361,1.7821741216462357
"[62.576669152096116, -0.9293112098829335, 0.9293112098838086, 0.01489887080255472]",93.75687086604715,1.7853172858819435
"[63.19979547751918, -0.9385986369821853, 0.9385986369829108, 0.014617153083914335]",93.78571800274372,1.788460450117651
"[63.169844828741965, -0.9370194081623658, 0.9370194081649127, 0.014647416641949476]",93.82249833984312,1.7916036143533587
"[62.32646671430025, -0.9219480453072542, 0.9219480453083759, 0.015067044086996462]",93.86834326989499,1.7947467785890663
"[60.461447611986266, -0.8899053405131975, 0.8899053405176571, 0.01600397578366359]",93.92502271834907,1.797889942824774
"[57.296052410726915, -0.836092306062409, 0.8360923060631403, 0.017683217293135822]",93.99551992627393,1.8010331070604815
"[52.43120465399342, -0.7533127893043113, 0.7533127893066576, 0.02054880754137299]",94.08544779326118,1.8041762712961893
"[45.2146970468741, -0.6289145752941704, 0.6289145752949331, 0.025665225827744755]",94.20722362906336,1.8073194355318971
"[34.27077523144094, -0.43266953689839066, 0.4326695368986496, 0.03670442478273279]",94.397178641211,1.8104625997676045
"[14.074113278328515, 0.008173535439296125, -0.008173535439127235, 0.09330460728946934]",94.89618255040601,1.8136057640033123
"[11.755782755741084, -0.7001152952892827, 0.7001152952894565, 0.08964733619358763]",70.77159897265955,1.8198920924747275
"[12.761710233970396, -0.15249563265063185, 0.15249563265077765, 0.10147937083380161]",83.9774174093993,1.8230352567104353
"[0.2273646020352284, -0.6441578909802751, 0.6441578909802764, -0.11351410716293321]",53.4997552944089,1.8261784209461427
"[46.37667551527492, -0.8454530938830437, 0.8454530938833967, 0.02159008148339383]",86.32134700991426,1.8293215851818505
"[0.4244102698657628, -0.018417247930972692, 0.01841724793097083, -1.4213698804986872]",58.17182861825733,1.8324647494175583
"[32.21957986300586, -0.8331742684562712, 0.8331742684573804, 0.031110287132775846]",81.71007151294558,1.8356079136532657
"[11.465318535531088, -0.14432172094135257, 0.14432172094136497, 0.1123846523024055]",82.00314109600724,1.8387510778889735
"[0.6104576813703815, 0.007268565785922356, -0.007268565775899493, -7.2391521248225175]",81.32887152351277,1.8450374063603887
"[29.99043701632243, -0.3874762371962501, 0.3874762371963672, 0.04242956117305996]",94.11918867017958,1.8481805705960965
"[15.053892848670241, -0.21209194149454894, 0.21209194149475277, 0.08600527660508128]",84.56615631701429,1.8544668990675117
"[41.45270606261657, -0.7992229060259305, 0.7992229060268717, 0.02501191097709836]",95.84100404328358,1.8576100633032193
"[6.995074777817641, 0.2776675901663563, -0.2776675901663237, 0.17339574279153516]",97.85695897550744,1.8638963917746345
"[13.815836650333209, 0.02493846196610079, -0.024938461965955797, 0.09494344420678269]",97.57668121342209,1.8670395560103423
"[13.601728935679859, 0.0314957692303033, -0.03149576922945924, 0.09635016994908943]",97.61727237616441,1.8701827202460497
"[10.62261482923557, 0.1258762147703231, -0.12587621477031607, 0.12097382323844207]",97.75157766513983,1.8733258844817575
"[-0.3992529228628604, 3.2013349349544864e-5, -3.199819201862863e-5, -40.4365745051994]",90.28539983125698,1.8858985414245883
"[4.784268661840398, -0.7427435500334029, 0.7427435500334222, 0.19098291003845863]",86.4221416636748,1.8890417056602957
"[8.14649111095855, -0.23018350232317847, 0.23018350232328305, 0.15245460107526526]",69.94768241972201,1.8953280341317114
"[12.999077033825273, -0.45667312867567594, 0.4566731286758276, 0.09254621691681766]",73.18748260246609,1.8984711983674187
"[16.95682393030844, -0.9081894412447126, 0.908189441245543, 0.053671487010399706]",78.41460562478272,1.9079006910745417
"[0.16727473432060833, 0.5774088269356147, -0.5774088269356127, -0.2715692695644464]",41.36492033361313,1.914187019545957
"[0.6908316016725544, -0.023349394795452588, 0.023349394795675976, -2.0198498121148885]",39.4537140734368,1.9173301837816645
"[6.419852217541475, -0.3048509217352196, 0.3048509217352236, 0.18603394280956825]",57.274495404215585,1.9204733480173724
"[4.440435896437166, -0.7851165575396902, 0.7851165575396939, 0.1951230769068331]",71.47920958720275,1.9267596764887875
"[0.5963257028021853, -0.0018362636563143276, 0.0018362635372566217, -13.316304230874639]",56.14285910831879,1.9330460049602027
"[0.6960928984950343, -0.0055012756714318605, 0.0055012756717005, -1.9743053651047677]",50.16233931454623,1.939332333431618
"[31.439072835960946, -0.48261273288040774, 0.4826127328804287, 0.03920278867231777]",96.7227387073998,1.9424754976673257
"[-0.6725769320538904, -0.46868166351282986, 0.4686816635128308, -1.518279799728815]",64.2844540575437,1.9456186619030336
"[6.328512055236224, -0.34475559713690507, 0.3447555971369887, 0.18632732748761408]",72.33515561502706,1.948761826138741
"[11.530434373185514, -0.49709945097254765, 0.49709945097266034, 0.10188962064785273]",87.34211347912881,1.9550481546101566
"[5.774974489512301, -0.23959704168052623, 0.23959704168064502, 0.20753805343687903]",88.39121130300747,1.967620811552987
"[14.626991338943306, -0.924377469176094, 0.9243774691761869, 0.06059286715114916]",87.98061036797479,1.9739071400244022
"[8.674271058097425, -0.18532230428425553, 0.18532230428430918, 0.14499258527018713]",71.35687205563713,1.9801934684958176
"[47.814802286660445, -0.8761401375041445, 0.8761401375068429, 0.020401310297590486]",93.17241458856027,1.9864797969672328
"[45.683986544673054, -0.7174639716286639, 0.7174639716298722, 0.024100869866691986]",95.27897383668014,1.9896229612029406
"[1.5712037606321096, -0.923124740634711, 0.9231247406347308, 0.26384176638779705]",86.39895085205241,1.992766125438648
"[0.6062828130863313, 0.001852841231128575, -0.0018528412184168489, -10.390599831075455]",89.6326319826439,2.0084819466171866
"[30.037075143146065, -0.3543367827906682, 0.3543367827907366, 0.042775096547932503]",97.21760019850223,2.011625110852894
"[21.795511577812366, -0.7444345877162236, 0.7444345877165159, 0.048551721850487624]",94.65151429929672,2.014768275088602
"[18.6389791884575, -0.1495640667966414, 0.14956406679689083, 0.07069202658440175]",90.64326309993373,2.03048409626714
"[6.769510673813049, 0.2635720868336591, -0.26357208683365263, 0.17917235073255314]",90.85722831896798,2.033627260502848
"[38.343275147169024, -0.5072361401094573, 0.5072361401096535, 0.0319686973578291]",99.96464814376088,2.036770424738555
"[-0.4178317751961018, 0.0639623245995404, -0.06396232459956615, -4.4520614478316585]",42.35724872567739,2.039913588974263
"[9.5908036019612, -0.718081235394789, 0.718081235394855, 0.1067299429624131]",58.050879933974365,2.043056753209971
"[8.447220004205763, -0.09087146988948372, 0.0908714698896153, 0.15015111253682345]",70.95915338737485,2.08391788827417
"[23.814314981158944, -0.5688032859463281, 0.5688032859466395, 0.049443213150321776]",79.17873538072763,2.0870610525098776
"[12.167152039684845, -0.7301058679660745, 0.7301058679662742, 0.08505811393327127]",58.01733474476726,2.090204216745585
"[0.451025546933758, 0.4502735258887229, -0.45027352588869096, -0.31009520493392245]",85.48770079744693,2.096490545217
"[-0.3627143746565681, -0.017999386765019713, 0.01799938676653228, -5.576756760130149]",40.32979319997901,2.102776873688416
"[-0.3622435415843193, -0.03929404976446272, 0.03929404976519369, -4.859389594901974]",39.92669685923752,2.109063202159831
"[-0.3315046013300598, -0.0934047397694843, 0.09340473976958708, -3.259536816240788]",39.73949374447396,2.112206366395539
"[-0.32734285550492564, -0.10325005300983074, 0.10325005300984905, -3.1058273227136097]",39.749084730784105,2.115349530631246
"[-0.3475853527654654, -0.06924223179656387, 0.06924223179680059, -3.8153781256453683]",39.883857675893886,2.118492694866954
"[-0.3826358432576558, -0.011092667191996227, 0.011092667195740232, -7.895241279532267]",40.31863354175076,2.121635859102662
"[-0.3970687762481737, 0.960044879453127, -0.960044879453104, -0.7808179559891036]",50.97973344120316,2.124779023338369
"[8.997336551131136, -1.0154276681904935, 1.0154276681905439, 0.08416122260881057]",49.46963263667693,2.127922187574077
"[4.377782322133857, -0.6236164547696328, 0.6236164547696507, 0.22424618677247415]",52.28134185942663,2.1310653518097844
"[-0.38374292782162495, 0.019474376094001926, -0.01947437608999781, -7.129414425743146]",41.67076455467921,2.1436380087526152
"[8.742439507299302, -0.19744318854228704, 0.1974431885442164, 0.1436791589023338]",58.92008184935454,2.146781172988323
"[1.2029357439237405, 0.9009599894017354, -0.9009599894017207, 0.2598921654046135]",60.253340222358574,2.1499243372240304
"[4.398916115092221, 0.28583198364065865, -0.28583198364065143, 0.2598618964211007]",66.61674299034719,2.1593538299311534
"[18.257184973425975, -0.5550526852071734, 0.5550526852072108, 0.06426158150581039]",65.70255550313016,2.1624969941668613
"[8.790780605582837, 0.004282697851656589, -0.0042826978516144545, 0.14519916872019467]",72.28650682390288,2.1656401584025686
"[26.830816450413224, -0.9337410179684493, 0.9337410179693083, 0.03381839663546325]",68.708965378918,2.1687833226382764
"[5.060447317854454, -0.8833516828406005, 0.8833516828406236, 0.15929272842600403]",57.90554023977397,2.1719264868739843
"[11.167934146534373, -0.20269910569179153, 0.20269910569179483, 0.11428108905324942]",66.11516221840147,2.1782128153453995
"[3.8472520937341437, 0.46890212059479824, -0.4689021205947691, 0.2715171503112072]",85.2926435530664,2.2285034431167214
"[22.369868377476603, -0.2958574231034162, 0.2958574231035052, 0.057809210597114885]",84.54138318098154,2.2316466073524293
"[22.19136618651111, -0.2893813560300788, 0.28938135603025983, 0.05834477972807882]",84.69506490476648,2.234789771588137
"[9.930272939219433, 0.09081108409419972, -0.09081108409415424, 0.1292288832051051]",85.24741031492871,2.2379329358238444
"[27.2647023983941, -0.8532422487184848, 0.8532422487191097, 0.03594256568799965]",83.77399617280747,2.2410761000595523
"[16.05354113897859, -0.6953332021070551, 0.6953332021071211, 0.06716397911713776]",80.2807677967036,2.2567919212380905
"[13.679528682877011, -0.01021116344497907, 0.010211163445163611, 0.0958618869902116]",91.82554539648086,2.2599350854737983
"[34.41661104706193, -0.5007036541204005, 0.5007036541204081, 0.03562884356254888]",91.26784410528607,2.2630782497095057
"[0.2635965898107437, 1.0801901606417041, -1.0801901606417026, -0.09691860624676919]",62.66442357777789,2.2693645781809213
"[6.090574392849389, -0.6712350091425607, 0.6712350091425856, 0.1648522404596342]",66.78027326324839,2.2787940708880443
"[10.937444895287971, -0.4354380574438852, 0.43543805744394704, 0.10968459534086557]",96.04660902443538,2.29765305630229
"[0.6753031094581926, -0.04864171167442721, 0.04864171167486083, -2.1062649257408523]",47.63505823999028,2.3007962205379977
"[0.42460171717080014, -1.2239202621727734, 1.2239202621727785, -0.1905564914237604]",91.88467787109565,2.3102257132451207
"[34.63280208065516, -0.6920100792420927, 0.692010079242163, 0.0321141292019635]",90.03404529798351,2.322798370187951
"[15.008805213736222, -0.2515023642070444, 0.25150236420720407, 0.08563974151409931]",92.37368131554666,2.332227862895074
"[49.37068088551456, -1.0400973716291886, 1.040097371629851, 0.016588466264324444]",87.02455337201863,2.3448005198379045
"[0.9062035504327277, -0.26262848180253645, 0.26262848180256143, -0.10075873426381837]",78.52967789445736,2.3479436840736123
"[45.56409310811727, -0.6060860977762654, 0.606086097776891, 0.025781583120610914]",99.73433969340945,2.3510868483093197
"[11.625132845048546, -0.32353481070573153, 0.3235348107058323, 0.1072913111916843]",74.76487558040098,2.3542300125450275
"[24.16806137948722, -1.1153455388466003, 1.1153455388467808, 0.029671075731998398]",76.42036152329428,2.357373176780735
"[25.421305105991756, -0.6103003620630023, 0.6103003620634493, 0.04545239642453597]",74.40918719470713,2.366802669487858
"[39.357078436167676, -1.1429214409867035, 1.1429214409867317, 0.01782709971795899]",96.99095619704838,2.4359522826734263
"[31.260496566932034, -0.721966020620223, 0.7219660206207092, 0.03480429609464396]",99.96541418503806,2.439095446909134
"[-0.6509841474834221, 0.07183043327159205, -0.07183043327161057, -2.35510216394638]",71.16716192218473,2.4453817753805493
"[48.56523118788011, -1.027667269044571, 1.0276672690472133, 0.017121471240062854]",96.51283730763821,2.448524939616257
"[0.9808803594035915, 0.17434379904004033, -0.17434379903995445, -0.021374689745842553]",59.837221275891686,2.4516681038519645
"[4.660899978727904, 0.32521266764331846, -0.32521266764326706, 0.24470843104115877]",90.00754663118983,2.4548112680876724
"[0.3594811970513945, -0.009984912315077863, 0.009984912315056913, -1.1479990385379746]",74.42709868033727,2.4610975965590876
"[10.74627856663634, -0.1413148882323117, 0.14131488823246074, 0.11947460095025217]",89.38559690758962,2.4673839250305027
"[0.10333422086960302, 0.5738023261433344, -0.5738023261433274, -0.35081571237116344]",83.93225909156405,2.4705270892662106
"[1.6645386629126773, -0.5971284339483413, 0.5971284339483528, 0.40714539017797796]",82.47427787328868,2.479956581973333
"[12.052604287523659, -1.0144190821680854, 1.014419082168119, 0.065113136474932]",97.08365995768301,2.483099746209041
"[3.720072483002686, -0.8644664341449606, 0.8644664341449739, 0.2046227208648872]",96.65942471433104,2.4862429104447488
"[20.915997351339186, -0.7798581653284798, 0.7798581653287951, 0.04921199940350085]",91.1262705921591,2.508245060094702
"[-0.3577177834236807, -0.17649170184677215, 0.17649170184682994, -2.556054508543386]",63.84255558661791,2.51138822433041
"[25.170529664130857, -0.500785060064156, 0.5007850600642633, 0.04831197050151965]",90.14233649047367,2.5145313885661174
"[6.583558614986979, 0.23510769245194146, -0.23510769245190913, 0.18482036842631774]",90.50851337483299,2.517674552801825
"[47.406460317183104, -0.8520333626760589, 0.8520333626767012, 0.0210129023195631]",89.57970730330683,2.520817717037533
"[30.860604476747973, -0.7141720026989242, 0.7141720026992333, 0.035423910637784786]",77.35477796772291,2.5239608812732404
"[27.573724024219462, -0.3958959531893716, 0.3958959531896058, 0.045928279335571434]",88.25932185762562,2.527104045508948
"[34.791060335363426, -1.004819367570054, 1.0048193675708363, 0.024337528504161737]",74.89160607545168,2.530247209744656
"[37.43886679014186, -0.704246182826979, 0.7042461828282331, 0.029534674003198928]",85.99560793775458,2.5333903739803634
"[3.5331665879195118, -0.49601734010368276, 0.4960173401036917, 0.28648765516158853]",74.5668569878095,2.536533538216071
"[28.292885022784066, -0.44947285870313036, 0.44947285870317444, 0.043989994309055494]",86.81818096872765,2.539676702451779
"[22.055264695820032, -0.6373309631925895, 0.6373309631928026, 0.05136549414284866]",68.17264183353122,2.545963030923194
"[1.7451122763358144, -0.7618517171076239, 0.7618517171076449, 0.33989360414583064]",43.47487574102972,2.5491061951589016
"[9.188183986561935, -1.1187896018732637, 1.1187896018734085, 0.0705583887113994]",65.50046573879766,2.5522493593946094
"[21.934451395917204, -0.6339463317388653, 0.6339463317391333, 0.0517359678598251]",67.99733291840116,2.555392523630317
"[0.6016511936148139, 0.05282497067322091, -0.05282497067314495, -3.1317244731681684]",41.52197273903598,2.5585356878660246
"[31.849994045827813, -0.6080353753501513, 0.6080353753502443, 0.036559374371774894]",97.6828211191153,2.5679651805731476
"[1.079648101755907, 0.9468265341632277, -0.9468265341632098, 0.22001600202578228]",64.91556246132073,2.5711083448088554
"[1.0500134086817845, 0.811453163319213, -0.8114531633192008, 0.28493414673659107]",77.17264034357477,2.574251509044563
"[10.368175039841462, -0.2276607833113828, 0.22766078331165587, 0.12199652940026834]",85.5224891794454,2.580537837515978
"[40.81739317912298, -0.5946779551325113, 0.5946779551331853, 0.028887096905049408]",93.21978621522993,2.583681001751686
"[-0.32487942999515096, 0.7301538831468246, -0.7301538831468221, -0.763561407380763]",90.38899769707011,2.586824165987393
"[0.6083063809267643, 0.24980289548301884, -0.24980289548300114, -0.8159074327592868]",77.00232505315935,2.589967330223101
"[25.5814409773171, -0.49217772299793033, 0.49217772299798046, 0.047726843321527455]",84.98562454360994,2.596253658694516
"[29.664261074021237, -0.6172439338063838, 0.6172439338065826, 0.03898807540896267]",84.7717296144326,2.599396822930224
"[-0.38488472056030837, 0.12237065599590168, -0.12237065599584178, -3.202951363269181]",60.57838169012451,2.605683151401639
"[30.717670918362376, -0.4354974501533361, 0.435497450153391, 0.0408053043241561]",94.05669393899618,2.6119694798730544
"[19.596802781737306, -0.742492837814508, 0.7424928378146152, 0.05382390518459099]",80.84528512788314,2.615112644108762
"[4.498435667867281, -0.35124306839605735, 0.3512430683960781, 0.2501387642374025]",82.28635327262677,2.61825580834447
"[12.357837892726163, -0.23088683309586325, 0.23088683309594688, 0.10338820521836707]",77.26027762908629,2.6213989725801774
"[15.220661360173008, -0.9770965938109502, 0.9770965938113273, 0.0550912495074745]",63.74212581633131,2.6276853010515926
"[38.224790670683994, -1.1116076834975954, 1.1116076834978519, 0.01925963087476941]",92.1326875849142,2.6308284652873004
"[31.155260920016794, -0.7983659554491459, 0.798365955449171, 0.03305243974314911]",85.28228848312163,2.6339716295230082
"[54.357412109433696, -1.0079683205046517, 1.0079683205060361, 0.015705828228558965]",96.11451348897096,2.6371147937587156
"[-0.44834486187374734, 0.04269115198792002, -0.04269115198809358, -4.548473881618375]",78.59540725614009,2.6402579579944234
"[40.52029048008515, -0.8188466116965569, 0.8188466116970602, 0.025182065374035424]",90.92792180285889,2.6434011222301312
"[9.5094233026141, 0.0696243862626677, -0.06962438626199521, 0.13473062517304327]",86.9314696030327,2.6559737791729616
"[3.318743436848275, -0.13598410894786053, 0.13598410894786206, 0.3373159269591325]",85.83015462231597,2.6591169434086694
"[38.475744512936856, -0.9178322152072009, 0.9178322152095553, 0.024251612465178454]",83.34364771101333,2.6622601076443773
"[11.978863162235152, -0.1693982140168863, 0.16939821401701943, 0.10750743604778863]",97.13895874808736,2.6654032718800846
"[42.19884468887106, -0.6611864869075208, 0.6611864869094987, 0.026969512327193006]",97.31222272293273,2.6716896003515
"[19.960911044958987, -0.26972769701261534, 0.26972769701278954, 0.06490716418249008]",93.52743618423568,2.6748327645872076
"[-0.2400198056075861, -0.5110587063155019, 0.5110587063155314, -1.023119185040861]",73.05216896216346,2.6779759288229155
"[35.83864832772494, -0.5408396923318531, 0.5408396923321535, 0.03366220379591694]",94.03128360046225,2.681119093058623
"[59.69976293422718, -0.9902248186887643, 0.9902248186891395, 0.014624597959903729]",93.96808507431389,2.6842622572943307
"[44.77750998070177, -0.6988105208968538, 0.698810520897867, 0.024874288216191188]",94.68966266615813,2.6874054215300385
"[21.89075082327614, -0.20893357797425044, 0.20893357797440876, 0.06003783303660766]",98.22186710153665,2.690548585765746
"[-0.3684616149147608, -0.013049520381588506, 0.013049520383502308, -6.144277021599687]",51.022304800285085,2.696834914237161
"[0.8785630006589484, 1.056360429175245, -1.0563604291752333, 0.11462569587889851]",87.60451412627859,2.699978078472869
"[16.037413448473522, -0.3774080250498998, 0.3774080250500624, 0.07790660900440183]",80.97933147388682,2.7031212427085762
"[38.621336294455375, -0.7896408790697506, 0.7896408790697552, 0.026998208661207616]",82.5721597120112,2.706264406944284
"[28.8621809857281, -0.7171834191502858, 0.7171834191508241, 0.037727186373973556]",82.15856350068921,2.7094075711799914
"[3.5490632077596245, -0.023754125926678898, 0.023754125926685455, 0.3223711346981117]",78.72176951394249,2.7125507354156992
"[16.81336220792616, -0.23889503999225048, 0.23889503999238482, 0.07701664481623278]",85.06166635195848,2.7156938996514066
"[11.277863397167524, -0.033570366340286525, 0.03357036634034317, 0.1150228599735115]",85.22056675352673,2.7188370638871144
"[8.770622248350076, -0.4566710480851947, 0.4566710480852686, 0.13344603511773687]",80.89408617717103,2.7219802281228223
"[10.484626102912701, 0.04932431256222951, -0.049324312561951016, 0.12311094962149018]",86.51200091344758,2.7251233923585296
"[8.212418670785961, -0.10468894153175334, 0.10468894153186212, 0.15393338595502648]",72.59520616297861,2.7282665565942374
"[9.650357085126087, -0.07627564863974978, 0.07627564864021781, 0.1328471002447372]",83.20123371216658,2.7314097208299453
"[0.5408340642085232, 0.05975340647685326, -0.05975340647699489, -2.3440613779833543]",82.92149604918558,2.7345528850656526
"[46.63770406769652, -0.9830486155481227, 0.9830486155483736, 0.018773317761871182]",95.96543463571311,2.7376960493013605
"[24.904018097947702, -0.2806031384767376, 0.28060313847684853, 0.05227389153043667]",96.92642752855608,2.740839213537068
"[30.856247051523297, -0.7887547377082602, 0.7887547377084105, 0.03361043347688972]",80.80939718124183,2.7471255420084835
"[17.555936441740556, -0.1716658990931635, 0.17166589909330096, 0.07467849396135666]",94.92818365476559,2.7534118704798987
"[31.95166944130245, -0.9069021891769725, 0.9069021891784612, 0.02935380189417276]",80.87174399381176,2.7565550347156065
"[12.682419327173218, -0.7934584928385093, 0.7934584928385865, 0.07801676809331455]",82.90986878691118,2.759698198951314
"[-0.4092297584636151, -0.35655302702832053, 0.3565530270283933, -1.6923669358908875]",87.0307190817098,2.7628413631870217
"[13.636201147242971, -0.0006312150370355198, 0.0006312150371659325, 0.09615524942345091]",93.83132728646541,2.7659845274227295
"[24.12404400260919, -0.2660614154232981, 0.2660614154234244, 0.054078859480079115]",93.54230485428275,2.769127691658437
"[31.10905546915402, -0.41244804763733284, 0.4124480476374002, 0.0406189792127014]",93.42311567256014,2.7722708558941447
"[36.43305100963481, -0.5163554484297811, 0.5163554484309013, 0.03348056582583234]",93.36270840451238,2.7754140201298525
"[40.65752542160812, -0.5955294731277557, 0.5955294731283589, 0.02898591986132211]",93.33477928705848,2.77855718436556
"[44.012610656672045, -0.6566651789134008, 0.6566651789139006, 0.02594735868606429]",93.32883139296288,2.7817003486012677
"[46.58907826741392, -0.7025339741497998, 0.7025339741498839, 0.023869192475137333]",93.33978074043075,2.784843512836975
"[48.400839580326654, -0.7339949771629867, 0.7339949771634003, 0.022524791549408403]",93.36501589889981,2.787986677072683
"[49.40936261131853, -0.7507214307741493, 0.7507214307742911, 0.021821937548057016]",93.40333122998153,2.7911298413083907
"[49.53263795990823, -0.7514620305706543, 0.7514620305708122, 0.021757386182708605]",93.45454048439129,2.794273005544098
"[48.6448258730448, -0.7340479463584801, 0.7340479463585984, 0.02241309403132466]",93.5194677290694,2.797416169779806
"[46.565350513014444, -0.6951291993682923, 0.6951291993685415, 0.023992309999376966]",93.60033389372255,2.8005593340155137
"[43.02729407495472, -0.6293731324359292, 0.6293731324360368, 0.026937923464802255]",93.70191798033123,2.803702498251221
"[37.589592819935326, -0.5270995115975293, 0.5270995115975544, 0.032322786939024205]",93.83496183856981,2.806845662486929
"[29.342067518898837, -0.3653595026948992, 0.3653595026951038, 0.043627471405957]",94.02908125064069,2.8099888267226367
"[15.192864163902318, -0.03819383124076941, 0.03819383124090426, 0.08669458166599725]",94.4339867110086,2.813131990958344
"[5.234719220934086, -0.8907318931460187, 0.8907318931460895, 0.15381869950314278]",64.80338921332056,2.822561483665467
"[26.44561491065639, -0.6473819828597638, 0.6473819828600514, 0.04286350476093282]",82.01472061127726,2.8257046479011745
"[21.03801488883871, -0.5258798190759861, 0.525879819076242, 0.056839794498184354]",70.62018974262587,2.8288478121368823
"[0.5849960435615551, 0.0003802626949851228, -0.0003802627060783399, -6.633220716176861]",50.23540155560795,2.8319909763725897
"[29.197564198189898, -0.6073461190346532, 0.6073461190347124, 0.03980146057294511]",80.04927095024514,2.8351341406082975
"[1.9782878667535302, 0.34710142810286093, -0.3471014281028553, 0.4498135268878555]",59.375897303706225,2.838277304844005
"[5.781346474010015, -0.1550097291360215, 0.15500972913605293, 0.21031447911706205]",71.92742501064666,2.8414204690797127
"[-0.40075846803150683, -7.183999464810943e-5, 7.183088003883737e-5, -40.06544051412437]",64.86857596992681,2.8445636333154205
"[4.812986042403385, 0.14514233153470887, -0.14514233153469555, 0.24726784988525943]",78.41000207288616,2.8539931260225435
"[10.332818459466939, -0.15185456034283312, 0.15185456034284864, 0.12379408560037247]",75.42471847798748,2.857136290258251
"[39.72394111330067, -0.8131303789814507, 0.8131303789819523, 0.025792249644228892]",80.72206240445057,2.8602794544939587
"[-0.6680256776897412, 0.7845285920677759, -0.7845285920677686, -1.2025363006781595]",84.60271741883005,2.863422618729666
"[8.047459525181576, 0.1186195010433648, -0.11861950104333982, 0.15663437865414245]",83.6662358608398,2.866565782965374
"[23.434427517340097, -0.4479955531573434, 0.44799555315783385, 0.05284374708833714]",82.04206930803218,2.8697089472010817
"[23.556457503706877, -0.9192181897620184, 0.9192181897622012, 0.03887839938307199]",83.20500108866703,2.875995275672497
"[9.111938542017981, 0.12147827470449615, -0.1214782747043648, 0.1396309236858145]",84.386227726975,2.8791384399082047
"[20.858245594313715, -0.2605052998877421, 0.26050529988797544, 0.06232764008848174]",83.96000213957001,2.882281604143912
"[27.599062764733294, -0.42769086487615565, 0.42769086487619723, 0.045412090331295965]",83.83088996368966,2.88542476837962
"[32.16764303725397, -0.5326917722652015, 0.5326917722659009, 0.03754500824052353]",83.77714574918353,2.8885679326153277
"[35.27974740375399, -0.6014578723432804, 0.6014578723432854, 0.03320117660289889]",83.75968179333275,2.891711096851035
"[37.26108219139341, -0.6440555276666076, 0.6440555276669524, 0.030762152370405606]",83.76345345293352,2.894854261086743
"[38.31404688181343, -0.6660142177437256, 0.6660142177441829, 0.029559628304492644]",83.78082928914357,2.8979974253224503
"[38.59602456700831, -0.6712019515126397, 0.6712019515133814, 0.029258513876045434]",83.80728195817898,2.901140589558158
"[38.250163426484676, -0.6628659627725807, 0.6628659627731063, 0.029662624404658375]",83.83970362091235,2.904283753793866
"[37.42744493174041, -0.6442733753853439, 0.6442733753862703, 0.03062474197151371]",83.87530613368489,2.9074269180295733
"[36.3239773119437, -0.6196345720943394, 0.6196345720947983, 0.03196253092455537]",83.9101723293452,2.910570082265281
"[35.25428697105418, -0.5958544984065872, 0.5958544984066894, 0.033319834719870635]",83.93644583383805,2.913713246500989
"[34.69527827607561, -0.5837242471642671, 0.5837242471643155, 0.03405041585847881]",83.93760636486807,2.9168564107366963
"[34.427075387417965, -0.5790814084275492, 0.5790814084281978, 0.034387902613621124]",83.89073426225612,2.919999574972404
"[0.8660085764024131, -0.21825394720893884, 0.21825394720895133, -0.2727126661760632]",43.25293060844837,2.9262859034438193
"[0.40691809690080444, -1.1936489381306483, 1.1936489381306516, -0.16304918832232376]",66.13455247547351,2.929429067679527
"[1.2740752015768457, -1.0439657040275574, 1.0439657040275618, 0.1762858086532954]",86.72142821517207,2.9325722319152345
"[2.9948069225401777, 0.3055767418006265, -0.30557674180060873, 0.35176458888133455]",68.05590621118654,2.9357153961509423
"[25.54555028462164, -0.8897663130820191, 0.8897663130821654, 0.03702040860203302]",68.56999083206613,2.9482880530937727
"[-0.1857735591360096, 0.27561315202842585, -0.2756131520283971, -1.5082033740884493]",53.26914106232471,2.970290202743726
"[2.9006855387121253, 0.5878247961042871, -0.5878247961042106, 0.3133426135512408]",94.56289733518423,2.973433366979434
"[10.511514854621424, -0.8536940912530102, 0.8536940912530376, 0.08794564279970588]",85.09253661991565,2.979719695450849
"[41.06172790888549, -0.8345879106280635, 0.8345879106291488, 0.024540628298710856]",96.3500980356538,2.982862859686557
"[36.46555228693337, -0.8528510147473739, 0.852851014747692, 0.027128889750242635]",97.0518748085028,2.9860060239222643
"[-0.745762777008928, 0.6117508256971281, -0.6117508256970999, -1.393267665415741]",74.98380040711841,2.989149188157972
"[12.23031850325752, 0.029924862460952002, -0.02992486246088609, 0.1065657464114876]",94.77220862979462,2.99229235239368
"[0.5168385905392916, 0.012104442331201306, -0.012104442331454154, -2.370294137024916]",61.47727920921523,2.998578680865095
"[15.911059256603172, -0.211580928302273, 0.2115809283023052, 0.08158101157551269]",95.38416889679091,3.001721845100803
"[0.8268532690171659, -1.3023623676086247, 1.30236236760864, -0.11954675260409862]",99.08162051393052,3.0205808305150486
"[-0.8213296005013557, 0.043009724396625024, -0.04300972439662803, -1.9669429244485759]",92.00506326956832,3.0237239947507564
"[51.50675100071992, -0.947195003823403, 0.9471950038237712, 0.017709410825702272]",94.80436179211064,3.0425829801650024
"[11.940045562195094, -0.0097367616263302, 0.009736761626355476, 0.10904502957556386]",98.89136165617026,3.0677282940506636
"[14.309986296198986, -0.14351204388888952, 0.14351204388901345, 0.0911176602488078]",98.94610269449961,3.0834441152292014
"[23.737867755326658, -0.8087877460751335, 0.8087877460753043, 0.04262046877409548]",92.95050247443861,3.089730443700617
"[13.884779619819486, -0.5591563198963485, 0.5591563198965389, 0.08319028693270676]",93.73800365101609,3.0928736079363244
"[-0.19994407929732078, 0.5094090639966663, -0.5094090639966424, -0.9586745104317572]",87.72229425496025,3.0991599364077396
"[1.7219166250154727, -1.080749435389852, 1.0807494353898595, 0.17579510271660642]",83.0477792568481,3.1023031006434474
"[0.28683849902825387, -0.5329421777041126, 0.5329421777041283, -0.24310976647415766]",99.51891376516525,4.9536268354752515
"[1.4596206015633209, -0.423499140137341, 0.4234991401373413, 0.45271590190549754]",95.59614764201764,4.966199492418082
"[0.4179556918968623, -0.7344784732938127, 0.7344784732938149, 0.09710449656491525]",93.77675565188453,4.975628985125205
"[0.8929077511520729, 0.8634800793986535, -0.8634800793986515, 0.2355685134355845]",96.90333389633001,4.988201642068035
"[1.8109324966216804, -0.9495651935990761, 0.9495651935990763, 0.24896905931493]",89.31031751099408,5.003917463246574
"[-0.1438913432984841, 0.6370808503720211, -0.6370808503720085, -0.6245729078684863]",92.37807928184438,5.007060627482281
"[2.8681984682193034, -0.36198588221541894, 0.36198588221545897, 0.356061022560753]",91.10925359569387,5.019633284425112
"[0.6495539272005691, 0.025782577950188658, -0.02578257794913645, -2.97358231939319]",91.13952330255034,5.02277644866082
"[3.373062562245355, -0.30693057939061447, 0.3069305793906484, 0.32093330554748445]",98.66633492135583,5.032205941367943
"[5.485174869460425, -0.4268336834239089, 0.4268336834239645, 0.20541752687285597]",89.7113314094928,5.03534910560365
"[4.9308851514742145, -0.9473674882338234, 0.947367488233844, 0.15038129215413418]",90.40876726743052,5.038492269839358
"[8.629900680744608, -0.9349065936927328, 0.9349065936928309, 0.0964148449122497]",91.29938375929909,5.047921762546481
"[0.6050342052772214, -0.008762714347481434, 0.008762714351756276, -8.224579956338788]",81.23249957190227,5.057351255253604
"[12.955359514951875, -0.7932397229044359, 0.7932397229045282, 0.07650556306279413]",95.12803503740464,5.066780747960727
"[0.04465903467105928, 0.6976545745240035, -0.697654574523997, -0.23167996692956036]",78.76430397927913,5.069923912196435
"[1.2171712911289272, -0.2692368268609129, 0.26923682686093314, 0.3721503943002399]",99.09516637380192,5.079353404903558
"[5.772142273760974, 0.059068947209345975, -0.059068947209311294, 0.21244863773901845]",90.14836302107372,5.095069226082096
"[-0.3298390545852607, -0.48831611806587455, 0.48831611806587555, -1.213810462507464]",80.0829743915493,5.101355554553511
"[7.178951261048002, -0.07508857646253152, 0.07508857646260338, 0.17446005946108897]",90.03112321173427,5.113928211496342
"[0.14920046124330041, 0.39275173387621237, -0.3927517338761933, -0.5800734283295186]",95.59977054278534,5.126500868439172
"[15.011111765953888, -0.9633643235552692, 0.963364323555372, 0.05669266756736117]",91.62584042061212,5.139073525382003
"[4.976300784823501, -0.8720467771317516, 0.872046777131788, 0.1634393108559293]",94.43070354792354,5.142216689617711
"[0.5599251066642958, 1.032665222341443, -1.0326652223414388, 0.06480704853701741]",85.34506106349455,5.148503018089126
"[3.6743281444987668, -0.11427751972116443, 0.11427751972119422, 0.3115617483251974]",81.12780412967184,5.154789346560541
"[-0.41651731915533874, -0.02314078262455158, 0.023140782619716773, -6.773275617307944]",79.89520377825994,5.173648331974786
"[12.562067932640117, -0.1406281335225908, 0.14062813352264403, 0.10314451059323451]",96.31396523640723,5.176791496210495
"[15.618377515608602, -0.632361470538008, 0.6323614705383974, 0.0716198532828799]",83.89087314565464,5.183077824681909
"[3.7406267466967287, 0.1551026625166113, -0.15510266251660826, 0.3054601510158187]",82.88947105269166,5.186220988917617
"[29.87610455333569, -1.0462989152103772, 1.0462989152111102, 0.026761430280296726]",94.96028238707193,5.208223138567571
"[0.5796589739065712, -0.2586884328670662, 0.25868843286707005, -0.8024600855741555]",70.78830195260956,5.211366302803278
"[1.7146912787218958, -0.47764143400833053, 0.4776414340083351, 0.44131016897064657]",74.30161621996947,5.214509467038986
"[3.5932861304653962, -0.4405126412155976, 0.4405126412157535, 0.2904289073355937]",80.59171602418105,5.217652631274694
"[11.521856949268598, -0.32148452193517596, 0.3214845219352019, 0.10825214413951256]",89.43557612398756,5.227082123981817
"[-0.022334852565380134, -0.9429817225934943, 0.9429817225934984, -0.16061702075492262]",86.75990516857642,5.230225288217524
"[2.130591854222364, -1.2831262025080503, 1.2831262025080972, 0.06920500695056957]",68.19792092697162,5.255370602103185
"[-0.5351315388807705, 0.02573561259487589, -0.025735612595218747, -3.1723751788207415]",77.10215309133487,5.2585137663388934
"[0.8984510506366072, -0.2824758596910555, 0.2824758596910581, -0.08990793305231937]",62.92845726054599,5.264800094810308
"[12.970719806477312, -0.6082782455002641, 0.6082782455003845, 0.0864727917736203]",92.90019890796762,5.2679432590460165
"[11.223508421217577, -0.9308761649356424, 0.93087616493574, 0.0766883128352159]",93.00093674347973,5.274229587517431
"[25.448513396678454, -0.5485553829562229, 0.5485553829566788, 0.04681368515306794]",93.75388404436961,5.293088572931677
"[9.84283687206725, -0.7473137568070172, 0.7473137568070832, 0.10204470762534006]",98.05560507245869,5.2962317371673855
"[21.246960382903733, -0.8124805659558593, 0.8124805659559636, 0.04725371346400044]",96.90130460374496,5.299374901403093
"[-0.6163396964902138, -0.5119239156483675, 0.5119239156483791, -1.4209238536688933]",75.2491797761884,5.308804394110216
"[0.8747207460495624, -0.8905168613996727, 0.8905168613996783, 0.22026683249710155]",64.66887664450863,5.311947558345923
"[6.567818886670864, -0.5680142389298399, 0.568014238929898, 0.16438346186781624]",91.01096730793041,5.3150907225816315
"[2.100646622021297, -0.653946210963757, 0.653946210963771, 0.35899774828357406]",66.49285636591758,5.318233886817339
"[-0.626085152759592, -0.6032235344611574, 0.603223534461172, -1.292493495774332]",90.69382900792976,5.3245202152887545
"[9.27929109643489, -0.11556694834993417, 0.1155669483499436, 0.13736944865150058]",89.0065729813399,5.327663379524462
"[2.3031141204306276, -0.25035145128715514, 0.2503514512871661, 0.42860491338868534]",92.08386579781785,5.333949707995877
"[31.996272539274226, -0.7462641860449589, 0.7462641860458844, 0.03346803694015958]",89.81916130290188,5.352808693410123
"[12.718228958997404, -0.03533449854742914, 0.03533449854755804, 0.10267951484427772]",96.0857458871061,5.365381350352954
"[20.855348892501567, -0.3126891381459166, 0.3126891381459365, 0.06161682657590788]",92.90123378995003,5.371667678824369
"[12.707340127929658, -0.309171494768863, 0.30917149476886463, 0.09902301086880798]",78.43045328678673,5.374810843060077
"[11.698498008474438, -0.07029939044166959, 0.0702993904417765, 0.11095891555842476]",97.11853253410358,5.377954007295784
"[32.49635345758611, -0.8391124603929198, 0.839112460393104, 0.03070027349397651]",93.80710345158073,5.384240335767199
"[29.618281306732875, -0.7332901059952401, 0.7332901059959263, 0.03639790334359907]",90.88063301231578,5.393669828474322
"[0.89974815003567, 0.6029628314926948, -0.602962831492691, 0.2373995647143767]",97.34728970248639,5.403099321181445
"[-0.3252423835013144, 0.3036845857659919, -0.3036845857659414, -1.7731537248233569]",86.60771860361938,5.447103620481352
"[15.98775267594028, -0.6565361673380483, 0.656536167338354, 0.06907232139217985]",82.75980421904421,5.4533899489527675
"[32.04699487138054, -0.752756075878343, 0.752756075878436, 0.0332645703190467]",90.43300191936432,5.456533113188475
"[52.50940003818594, -0.9701753619709923, 0.9701753619715052, 0.01695850755109898]",98.57050566878894,5.478535262838428
"[0.15930415854536747, -0.3068673581225564, 0.30686735812258864, -0.6952596717152382]",71.16776770266368,5.487964755545551
"[4.437606540335839, 0.1955644286320777, -0.19556442863206486, 0.26308327746505017]",81.42644985711797,5.491107919781259
"[27.295091272089127, -0.9651019128970761, 0.9651019128977637, 0.032173591862923595]",86.35856599420758,5.538255383316874
"[9.772035481974104, -0.05092801652646002, 0.05092801652701494, 0.13147219800055002]",82.11586338639655,5.544541711788289
"[39.662340932056544, -0.9652112291789333, 0.9652112291799373, 0.02241990048354875]",93.88666826568097,5.553971204495412
"[0.8830318790947467, 0.24322575702902358, -0.2432257570290012, -0.18539739538741787]",88.53438138317345,5.55711436873112
"[10.379460402277045, -0.22479927192695354, 0.2247992719270259, 0.12193564810466631]",85.53932677687449,5.560257532966827
"[34.67243700675103, -0.5786086975662637, 0.5786086975664235, 0.03415814848253248]",92.12706302723537,5.563400697202535
"[52.39585812785043, -0.964604240909124, 0.9646042409094727, 0.017097373788960684]",91.56944367912357,5.566543861438243
"[42.06994810723489, -0.753880707161117, 0.7538807071612933, 0.025490582132011132]",91.49827348763247,5.56968702567395
"[30.34505905514696, -0.49599393796051794, 0.4959939379607126, 0.0403641034506423]",91.60886541388152,5.572830189909658
"[27.277127419960273, -0.42405831398049815, 0.424058313980786, 0.04599005481981786]",91.65337002852455,5.575973354145366
"[39.06468152918939, -0.6895048105896484, 0.6895048105899683, 0.028596209123415723]",91.49468214049126,5.579116518381073
"[50.81731716460458, -0.9274570558228015, 0.9274570558235258, 0.01830876703211263]",91.67095978162607,5.582259682616781
"[2.4391385408776673, 0.05147957301183768, -0.051479573011821246, 0.42681230519387353]",64.15675491936172,5.585402846852489
"[20.51275973853927, -0.3086396282243988, 0.30863962822447605, 0.06267132995467416]",88.44257219007726,5.591689175323904
"[39.50380002216101, -0.7431241525387863, 0.7431241525390655, 0.027312379502740205]",92.35784333622372,5.604261832266735
"[27.18455335456536, -0.8313766367957007, 0.8313766367958002, 0.03672307256070205]",88.85036110679388,5.616834489209565
"[34.728260259523296, -0.7588138718300631, 0.758813871830452, 0.030631422664091478]",89.6553317545127,5.685984102395133
"[28.737303842845808, -0.6413255150379253, 0.641325515038355, 0.03968147544218126]",80.23143673971718,5.689127266630841
"[1.6747523849041088, 0.6452492321956252, -0.6452492321956234, 0.38960308507241576]",80.79677110241411,5.698556759337964
"[14.894233354659525, -0.47044106238905936, 0.47044106238913214, 0.08093317510633218]",96.12429190135761,5.707986252045087
"[0.25425078617054864, 0.6374774540377428, -0.6374774540377424, -0.10329130037476779]",60.562763988910895,5.736274730166455
"[12.098506623807719, -0.5751046151704874, 0.5751046151707224, 0.09392394767833971]",84.86230162284765,5.739417894402163
"[15.360882333943431, -0.06466653014464203, 0.06466653014476277, 0.08569913216369224]",94.54355305997107,5.745704222873578
"[11.06549478466743, 0.07263657005554286, -0.07263657005547605, 0.11690809513176356]",94.7065030914892,5.7488473871092864
"[8.0763702072798, -0.522867308859007, 0.5228673088590097, 0.13979723927230533]",80.24234579377661,5.751990551344994
"[30.91015730401193, -0.8709595969390789, 0.8709595969391716, 0.031344349465917826]",80.76977868398531,5.755133715580701
"[27.270956472272033, -0.423124811416771, 0.4231248114171691, 0.04601469786271627]",91.17178206454103,5.7582768798164095
"[22.208128624856567, -0.33029429198116284, 0.3302942919814148, 0.05772992171745437]",90.06543641607864,5.764563208287824
"[9.885614386228838, 0.055831498187982824, -0.055831498187510764, 0.13003607194132094]",93.29501576402392,5.77084953675924
"[13.776697277295433, -0.2991374160462281, 0.29913741604627486, 0.09195410185211449]",79.73846062311806,5.773992700994947
"[14.707783200206022, -0.11123575948623249, 0.11123575948635121, 0.08904892917147304]",90.63303441059077,5.7771358652306555
"[39.62192490238755, -0.7495452243621051, 0.7495452243625262, 0.027111771924907914]",90.37068978077986,5.780279029466363
"[34.887136888661715, -0.6332240125773007, 0.6332240125775381, 0.033003380890647874]",90.66436503944466,5.78342219370207
"[37.55473466497073, -0.6967538369348911, 0.6967538369356241, 0.029585535255344617]",90.54957965157136,5.786565357937778
"[34.054647924806225, -0.6260176623507759, 0.6260176623512902, 0.03392372872498525]",90.2423829314774,5.789708522173486
"[12.51705457829818, -0.4278739215256111, 0.4278739215256747, 0.09692300198026213]",89.29163380414595,5.792851686409193
"[21.1176542421771, -0.7032503029117075, 0.7032503029119649, 0.05145885691634327]",77.29598222996992,5.795994850644901
"[14.53991685136078, -0.2796304412668514, 0.2796304412669587, 0.08775229018912128]",79.39428820932976,5.799138014880609
"[33.35031832821429, -0.7657858572197527, 0.7657858572198999, 0.031703002660268445]",83.99367635663297,5.802281179116316
"[35.69986918475311, -0.6666339066036634, 0.6666339066037857, 0.031660875062988626]",92.1297060110749,5.805424343352024
"[13.466593981979209, -0.31896475338441865, 0.3189647533844603, 0.09350288680432164]",72.0295011817273,5.811710671823439
"[10.20285784474089, -0.3843049165258, 0.38430491652587084, 0.11909152784177256]",68.84862081581196,5.82428332876627
"[28.27757423150828, -0.8785532883003512, 0.8785532883005044, 0.033924061315925395]",80.53340635591547,5.827426493001978
"[11.053674841994283, -0.6948577208883318, 0.6948577208884116, 0.09523097567159673]",99.23722852316014,5.833712821473393
"[11.087641233859328, -0.20467045344433707, 0.20467045344448076, 0.11502133818084996]",88.754106614537,5.836855985709101
"[4.852228769630579, -0.19502886958640048, 0.1950288695865303, 0.24371312597313263]",83.76587181807113,5.849428642651931
"[58.98716187934384, -0.9673511846101156, 0.9673511846108853, 0.015177527758584266]",97.71900073701498,5.852571806887639
"[1.8900526677153062, -1.350335320293639, 1.3503353202937691, 0.015097225921625483]",92.09100065625813,5.880860285009008
"[5.365730875019681, -0.3815740145083645, 0.38157401450841266, 0.21289979189644306]",94.98055278310991,5.890289777716131
"[-0.10702252405190196, -0.6302941461617331, 0.6302941461617453, -0.5758607052044453]",71.71815792271782,5.893432941951838
"[31.14413917682908, -0.5078330736468718, 0.507833073646963, 0.039163297007599435]",91.40294626173322,5.8965761061875455
"[31.782894185101604, -0.9074576379048651, 0.907457637905059, 0.0294887227597087]",85.85099967877491,5.899719270423254
"[0.5185137066809843, -0.059655009394245985, 0.05965500939417268, -2.0772131744247315]",77.79660650361633,5.9060055988946685
"[8.171432308662235, -0.8296704971556664, 0.829670497155761, 0.11258379330079035]",79.43623368892112,5.912291927366084
"[0.8665839797533763, 0.5711212531197937, -0.5711212531197836, 0.1956735695817228]",99.34397000276941,5.918578255837499
"[5.5648624195457295, -0.23336908534097747, 0.23336908534100442, 0.21470972175260403]",88.6568487948611,5.921721420073206
"[0.8384653691895089, 0.23711905028841426, -0.2371190502883566, -0.3147049982831111]",95.20363957498326,5.928007748544622
"[51.90277668098745, -1.100827784747925, 1.1008277847487413, 0.014545092602375463]",98.88891801050015,6.025445839851559
"[21.27903309529755, -0.19611331154064982, 0.19611331154070502, 0.06182909835425419]",98.17910092779988,6.028589004087267
"[31.55696278812246, -0.5554299652819363, 0.5554299652821147, 0.03786086787597202]",90.64688894380546,6.031732168322974
"[10.638784179291566, -0.051984457730713696, 0.05198445773075928, 0.12142579075898534]",95.24513196824158,6.034875332558682
"[12.158478168763786, -0.20931224721033803, 0.20931224721035335, 0.10538127937336436]",96.82216821022472,6.047447989501513
"[-0.43030183632050506, 0.0026479963299612047, -0.002647996331943302, -6.566493407428955]",58.84081607196413,6.066306974915759
"[9.64394867416495, -1.1362507927599104, 1.1362507927599135, 0.06567656845291374]",90.86133352593052,6.072593303387174
"[-0.12213948907190074, -0.6943886633325368, 0.6943886633325396, -0.49642033645610345]",59.22338393063938,6.094595453037128
"[10.82237053610684, -0.1318021720459382, 0.13180217204608072, 0.11880799977370549]",94.14163644349206,6.104024945744251
"[5.645885842369933, -0.2240378421467583, 0.22403784214684672, 0.2123828464072059]",99.1882908331804,6.107168109979958
"[10.740003075433549, -0.8515447346662974, 0.8515447346664508, 0.08642059080187262]",63.96641648522059,6.122883931158497
"[1.0172421575862622, 0.10882983572610765, -0.10882983572608614, 0.024198847646103798]",44.41461495636035,6.126027095394204
"[0.6046944669223391, 0.04812797627912765, -0.04812797627905187, -3.3125532868464442]",43.62632485401217,6.129170259629912
"[0.7562542762550349, 0.1677937051097954, -0.16779370510979424, -0.7787726157300602]",43.72959201963212,6.13231342386562
"[3.842691358027994, 0.2584512619658109, -0.2584512619657707, 0.29285774494118233]",93.95610662055736,6.135456588101327
"[-0.15435238095804366, 0.2813559831215802, -0.2813559831215698, -1.3991277653334309]",44.07134378625538,6.138599752337035
"[31.424536969944604, -0.5599256532537803, 0.5599256532539196, 0.03793647703453108]",83.63054933755696,6.141742916572742
"[1.112332903634187, 0.7928911778681936, -0.7928911778681904, 0.3022985620681582]",82.43721326567,6.148029245044158
"[1.6947179542754598, 0.509646400103391, -0.5096464001033745, 0.43339124542763996]",72.07883400589346,6.151172409279865
"[-0.47311524731780746, 0.03406725134668284, -0.034067251346939345, -4.090703235656443]",80.09013997158729,6.154315573515572
"[3.959036506360547, 0.0965344313436312, -0.09653443134358955, 0.29344284252044184]",86.47507670006269,6.157458737751281
