u,t,theta
"[0.6110337926036832, 0.8809851916732874, -0.9192574684791793, 0.3141609284026309]",29.27874581861996,0.06145016680588441
"[0.6110330537828278, 0.8808701595473576, -0.9192659827762012, 0.3142658133132888]",29.278434160776747,0.06151299928728102
"[0.6110322389130483, 0.8807549351381008, -0.9192744899802481, 0.3143708761788342]",29.278121730639548,0.06157583176867763
"[0.611031347863615, 0.8806395489586234, -0.9192829877390669, 0.314476089191707]",29.27780863431896,0.06163866425007424
"[0.611030380116845, 0.8805239779793842, -0.9192914776511769, 0.31458147336542036]",29.27749479389074,0.06170149673147085
"[0.6110293353335812, 0.8804082247427703, -0.9192999594264164, 0.31468702639682594]",29.27718021764708,0.06176432921286746
"[0.6110282133137304, 0.8802923050909226, -0.9193084318055093, 0.31479273385434303]",29.276864950329575,0.061827161694264075
"[0.6110270134377412, 0.8801761916878963, -0.9193168966845585, 0.3148986206806805]",29.27654890977027,0.061889994175660684
"[0.6110257356539653, 0.8800599137643891, -0.9193253518311089, 0.3150046602345607]",29.27623218619122,0.06195282665705729
"[0.6110243792811821, 0.8799434416172917, -0.9193337993032225, 0.31511087961871986]",29.275914681789015,0.0620156591384539
"[0.6110229442000291, 0.8798267962533822, -0.9193422374729013, 0.3152172596909079]",29.275596465818754,0.06207849161985052
"[0.6110214298474493, 0.8797099611838785, -0.91935066742961, 0.31532381550405814]",29.27527748328007,0.06214132410124711
"[0.6110198360924263, 0.8795929540509114, -0.9193590877972269, 0.3154305309834427]",29.27495778987114,0.06220415658264373
"[0.6110181624433125, 0.8794757646709813, -0.9193674992073272, 0.3155374154318551]",29.274637352962593,0.06226698906404034
"[0.6110164082479085, 0.8793583741532666, -0.9193759029061422, 0.31564448609504525]",29.27431610779737,0.062329821545436946
"[0.6110145739264743, 0.8792408340832155, -0.9193842951001852, 0.3157516959374237]",29.273994225679207,0.062392654026833555
"[0.6110126581358698, 0.8791230816191428, -0.9193926801722722, 0.31585910229311337]",29.273671492491236,0.06245548650823017
"[0.611010661145364, 0.8790051570109084, -0.9194010551456459, 0.31596666846497345]",29.273348045898494,0.06251831898962677
"[0.6110085820973089, 0.8788870317339216, -0.9194094219386515, 0.3160744204878734]",29.273023791016527,0.06258115147102339
"[0.6110064211330798, 0.8787687350973178, -0.9194177783678976, 0.3161823316423559]",29.272698820514695,0.06264398395242
"[0.611004177551102, 0.8786502486379246, -0.9194261256330847, 0.3162904187862059]",29.272373074883383,0.0627068164338166
"[0.611001850856144, 0.8785315667501009, -0.9194344640175237, 0.3163986870495024]",29.27204653384912,0.06276964891521322
"[0.6109994411374868, 0.8784127129532933, -0.9194427917621035, 0.31650711499231937]",29.27171927605041,0.06283248139660984
"[0.6109969474232083, 0.8782936579673101, -0.9194511108098807, 0.31661572934246995]",29.27139119758129,0.06289531387800644
"[0.6109943696703896, 0.8781744184430108, -0.9194594198850151, 0.31672451492588505]",29.271062359274975,0.06295814635940306
"[0.6109917074084285, 0.8780549901819928, -0.919467719171095, 0.3168334755890554]",29.270732742729134,0.06302097884079966
"[0.6109889602572269, 0.8779353733849035, -0.9194760085438529, 0.31694261116527683]",29.270402349152057,0.06308381132219626
"[0.6109861276627038, 0.8778155610036827, -0.9194842883792088, 0.3170519281016836]",29.27007115413845,0.06314664380359288
"[0.6109832094975889, 0.877695564102845, -0.9194925578009806, 0.31716141631954675]",29.269739193227654,0.06320947628498948
"[0.6109802049276551, 0.8775753646878751, -0.9195008179354662, 0.3172710922543616]",29.269406404322613,0.06327230876638609
"[0.6109771138038842, 0.87745497300908, -0.9195090679620339, 0.3173809465704081]",29.269072821392395,0.06333514124778271
"[0.6109739359978036, 0.8773343990709335, -0.9195173070845578, 0.3174909701553309]",29.268738478250633,0.06339797372917931
"[0.610970670810582, 0.877213631075145, -0.9195255359979646, 0.3176011737916365]",29.268403331117373,0.06346080621057593
"[0.6109673178970287, 0.8770926709983926, -0.9195337544532186, 0.3177115556925436]",29.268067389906484,0.06352363869197254
"[0.610963875990292, 0.8769714885915748, -0.9195419643827148, 0.31782214347989457]",29.26773054996414,0.06358647117336914
"[0.610960346168815, 0.8768501361379918, -0.9195501621277276, 0.3179328894586711]",29.26739298521869,0.06364930365476576
"[0.6109567271181413, 0.8767285817314295, -0.9195583497327615, 0.3180438227630059]",29.267054588609366,0.06371213613616236
"[0.6109530183640641, 0.8766068236101482, -0.9195665271955308, 0.318154945018597]",29.26671535241627,0.06377496861755898
"[0.6109492200423877, 0.8764848795622567, -0.919574693204892, 0.31826624000850995]",29.266375334383216,0.0638378010989556
"[0.6109453313456265, 0.8763627365653833, -0.9195828485176107, 0.31837771963511396]",29.26603449013504,0.0639006335803522
"[0.6109413513983308, 0.876240380645563, -0.9195909939432388, 0.3184893966706829]",29.265692776593397,0.06396346606174881
"[0.6109372808905427, 0.8761178456456655, -0.9195991271109727, 0.31860124024362413]",29.265350297741193,0.06402629854314541
"[0.6109331184650146, 0.8759951029340137, -0.9196072498047159, 0.3187132765048606]",29.265006962848087,0.06408913102454201
"[0.6109288634892058, 0.8758721469079972, -0.9196153622683343, 0.3188255105870638]",29.264662750577024,0.06415196350593863
"[0.6109245163093092, 0.8757489998806375, -0.9196234629074809, 0.31893792214111516]",29.26431773536162,0.06421479598733525
"[0.6109200761883002, 0.8756256526752236, -0.9196315522073115, 0.3190505195614573]",29.263971881897454,0.06427762846873185
"[0.6109155425674052, 0.8755021016386954, -0.9196396302848566, 0.31916330620104394]",29.26362518018193,0.06434046095012846
"[0.6109109151586027, 0.8753783505833904, -0.9196476967681304, 0.31927627859798685]",29.263277638634165,0.06440329343152508
"[0.610906193278357, 0.8752543927776483, -0.9196557519720818, 0.31938944291608284]",29.26292923873742,0.06446612591292168
"[0.6109013760099085, 0.8751302160346872, -0.9196637965588934, 0.31950281030020306]",29.262579935720026,0.0645289583943183
"[0.6108964638632445, 0.8750058448544613, -0.9196718288150675, 0.3196163584018846]",29.262229808639297,0.0645917908757149
"[0.6108914562857541, 0.874881275855242, -0.9196798488388052, 0.3197300903266168]",29.26187884689754,0.06465462335711152
"[0.6108863521221295, 0.8747564912966522, -0.9196878576454728, 0.31984402229033915]",29.26152699324861,0.06471745583850813
"[0.6108811513560531, 0.874631501794461, -0.919695854424547, 0.31995814461978533]",29.2611742752332,0.06478028831990473
"[0.6108758541054448, 0.8745063204283894, -0.9197038382169122, 0.32007244539081325]",29.26082073868547,0.06484312080130135
"[0.6108704582658258, 0.8743809082107892, -0.9197118113787477, 0.32018696022174786]",29.26046625204624,0.06490595328269795
"[0.6108649647510586, 0.87425529714257, -0.9197197717428319, 0.32030165991207554]",29.26011092234859,0.06496878576409455
"[0.6108593726159871, 0.8741294757203347, -0.9197277199113952, 0.3204165549849383]",29.25975470973397,0.06503161824549117
"[0.6108536809903976, 0.8740034348255207, -0.9197356563271537, 0.3205316537869071]",29.25939758041731,0.06509445072688778
"[0.6108478902862999, 0.8738771936597608, -0.9197435796505443, 0.32064693880283845]",29.259039598783392,0.06515728320828439
"[0.6108419989074722, 0.8737507274943216, -0.9197514913011837, 0.32076243263511367]",29.25868067958957,0.065220115689681
"[0.6108360079162811, 0.8736240688887522, -0.9197593891118624, 0.320878105568617]",29.25832093321285,0.06528294817107762
"[0.6108299151528458, 0.8734971818834346, -0.9197672751932373, 0.32099399046374805]",29.25796023657774,0.06534578065247422
"[0.6108237213843429, 0.8733700922606566, -0.9197751478079403, 0.32111006379392765]",29.257598671964292,0.06540861313387084
"[0.6108174244933422, 0.8732427664268795, -0.9197830088992578, 0.3212263562613112]",29.2572361317369,0.06547144561526744
"[0.6108110258645447, 0.8731152420224779, -0.9197908560065765, 0.32134283350767406]",29.256872736755014,0.06553427809666405
"[0.6108045243405213, 0.8729875049930712, -0.9197986898650352, 0.32145950838944376]",29.256508438143317,0.06559711057806067
"[0.6107979190481928, 0.8728595475530581, -0.919806510815408, 0.3215763880384597]",29.256143211369107,0.06565994305945727
"[0.6107912090308062, 0.8727313607756043, -0.9198143192611519, 0.3216934806299339]",29.255777022635957,0.06572277554085389
"[0.6107843952609668, 0.8726029723446982, -0.9198221133792861, 0.321810760896352]",29.25540996368039,0.06578560802225049
"[0.6107774767955277, 0.8724743731055961, -0.9198298935944419, 0.32192823722019676]",29.255042003705555,0.06584844050364709
"[0.6107704509295959, 0.8723455223105222, -0.9198376622248918, 0.32204594684674864]",29.25467300402607,0.0659112729850437
"[0.6107633201297032, 0.872216474342996, -0.9198454158487679, 0.32216384011619137]",29.254303145375108,0.06597410546644032
"[0.6107560827138672, 0.8720872071684294, -0.9198531556568164, 0.32228193717861003]",29.253932353636046,0.06603693794783692
"[0.6107487379009257, 0.8719577156784827, -0.9198608818129554, 0.32240024272222484]",29.253560612487288,0.06609977042923354
"[0.6107412856826703, 0.8718280084093566, -0.9198685936667204, 0.3225187489694369]",29.253187940881332,0.06616260291063014
"[0.6107337242706076, 0.8716980630834622, -0.9198762923968768, 0.3226374762958673]",29.252814269709386,0.06622543539202676
"[0.6107260545005023, 0.8715679028056293, -0.9198839764887535, 0.32275640361315866]",29.25243967749742,0.06628826787342337
"[0.6107182747461778, 0.871437508553021, -0.919891646920554, 0.32287554832421345]",29.25206409203782,0.06635110035481998
"[0.6107103861803933, 0.8713069083010997, -0.9198993019043434, 0.32299488488854455]",29.251687610013647,0.06641393283621659
"[0.6107023864683632, 0.8711760716746172, -0.9199069430771958, 0.32311444108327014]",29.251310125919183,0.0664767653176132
"[0.6106942753889805, 0.8710450037132896, -0.9199145699931038, 0.32323421232590277]",29.250931657088376,0.06653959779900981
"[0.6106860530118572, 0.8709137138516776, -0.9199221819556772, 0.3233541900172165]",29.25055223326033,0.06660243028040642
"[0.6106777187430368, 0.8707822006908801, -0.9199297789008879, 0.3234743754574752]",29.250171847623044,0.06666526276180303
"[0.610669271455214, 0.8706504546427143, -0.9199373612336632, 0.32359477743141174]",29.249790466514636,0.06672809524319964
"[0.6106607100813246, 0.8705184674981522, -0.9199449292715057, 0.32371540346444067]",29.249408062098812,0.06679092772459624
"[0.6106520361796093, 0.8703862712224631, -0.9199524810338945, 0.32383622436506787]",29.249024739776207,0.06685376020599286
"[0.6106432471337371, 0.8702538338101677, -0.9199600182011749, 0.3239572694070774]",29.24864039033137,0.06691659268738946
"[0.610634343918668, 0.8701211779074983, -0.9199675393332297, 0.3240785179150913]",29.24825508792078,0.06697942516878608
"[0.61062532288882, 0.8699882574726943, -0.9199750468813055, 0.3242000119955009]",29.24786867468089,0.06704225765018268
"[0.610616188093622, 0.8698551400162886, -0.9199825368797467, 0.3243216899642546]",29.247481383146077,0.0671050901315793
"[0.6106069348858528, 0.8697217654684744, -0.919990012557963, 0.32444360675180356]",29.24709299834252,0.06716792261297591
"[0.6105975653146302, 0.8695881713186377, -0.9199974716565564, 0.3245657281131412]",29.246703657106348,0.06723075509437251
"[0.610588077971964, 0.8694543449725503, -0.9200049147283501, 0.3246880655837142]",29.24631331183662,0.06729358757576913
"[0.6105784707508783, 0.8693202646785595, -0.9200123428212578, 0.32481063907214613]",29.245921876698464,0.06735642005716574
"[0.6105687458884581, 0.8691859692867141, -0.9200197536263498, 0.3249334130861673]",29.24552949558733,0.06741925253856235
"[0.6105588998443948, 0.8690514175109154, -0.9200271492641493, 0.32505642539371554]",29.245136022697995,0.06748208501995896
"[0.6105489340224786, 0.8689166362995798, -0.920034528090652, 0.3251796513820512]",29.244741543678575,0.06754491750135556
"[0.6105388471739707, 0.8687816161943532, -0.9200418904662668, 0.32530309972245564]",29.24434603223008,0.06760774998275218
"[0.610528638546635, 0.8686463546799262, -0.9200492363664762, 0.32542677273907855]",29.243949470439247,0.06767058246414878
"[0.6105183088602786, 0.8685108685685583, -0.9200565647209134, 0.32555065508389597]",29.24355191827118,0.06773341494554538
"[0.6105078549812817, 0.8683751242310831, -0.920063877185361, 0.3256747775305471]",29.243153260939934,0.067796247426942
"[0.6104972783730551, 0.8682391481898695, -0.9200711721651843, 0.32579911585244054]",29.24275358257331,0.06785907990833862
"[0.6104865769830722, 0.8681029214074953, -0.92007845051794, 0.325923687482428]",29.242352822307687,0.06792191238973522
"[0.6104757511357968, 0.8679664554191122, -0.9200857114607052, 0.32604848189744867]",29.241951014449413,0.06798474487113183
"[0.6104648000977373, 0.867829748188075, -0.9200929549380146, 0.3261735009847831]",29.2415481474233,0.06804757735252845
"[0.6104537224449803, 0.8676927892757285, -0.9201001813346253, 0.32629875431605676]",29.241144190504592,0.06811040983392505
"[0.610442518585231, 0.8675555909781895, -0.9201073898336699, 0.326424230671512]",29.240739180936306,0.06817324231532167
"[0.6104311870415857, 0.8674181423921383, -0.920114580840026, 0.32654994004835675]",29.240333078540324,0.06823607479671827
"[0.6104197277912985, 0.867280450428392, -0.9201217538224429, 0.32667587615170884]",29.239925905970367,0.06829890727811488
"[0.6104081407592632, 0.8671425211364691, -0.920128908300063, 0.3268020334737254]",29.239517684898257,0.0683617397595115
"[0.6103964226069908, 0.8670043220484562, -0.9201360457820537, 0.3269284417376998]",29.239108297635056,0.0684245722409081
"[0.6103845759800908, 0.8668658915051408, -0.9201431641148885, 0.327055065900244]",29.238697876181895,0.06848740472230472
"[0.6103725985698601, 0.8667272093675574, -0.920150264166537, 0.3271819244082219]",29.238286352564423,0.06855023720370133
"[0.6103604883468864, 0.8665882594273457, -0.9201573465865432, 0.32730903211534335]",29.23787366574515,0.06861306968509792
"[0.6103482477982599, 0.866449077197868, -0.9201644093906273, 0.32743635656134973]",29.237459937673933,0.06867590216649454
"[0.6103358739271475, 0.8663096354218792, -0.9201714537902413, 0.3275639227073907]",29.23704506833941,0.06873873464789115
"[0.6103233667202576, 0.8661699409953005, -0.920178479257996, 0.32769172427196197]",29.236629087752483,0.06880156712928776
"[0.6103107266289531, 0.8660300057095046, -0.9201854850278356, 0.3278197504938843]",29.236212030725014,0.06886439961068437
"[0.6102979495689177, 0.8658897914027756, -0.9201924728278593, 0.3279480363147858]",29.23579376043148,0.06892723209208099
"[0.6102850388845293, 0.8657493417128161, -0.9201994403023405, 0.32807654183681634]",29.235374431663608,0.06899006457347759
"[0.6102719917612934, 0.8656086326577704, -0.9202063884663338, 0.3282052890289761]",29.23495395454315,0.0690528970548742
"[0.6102588065829183, 0.8654676538455397, -0.9202133176461526, 0.32833428742820947]",29.234532298919614,0.0691157295362708
"[0.6102454857638321, 0.8653264378012814, -0.9202202260635245, 0.32846350730069074]",29.234109568446183,0.06917856201766742
"[0.6102320265647904, 0.8651849620252521, -0.9202271146425637, 0.328592969261775]",29.23368568426435,0.06924139449906404
"[0.6102184282540181, 0.8650432256214139, -0.9202339832418308, 0.3287226741595262]",29.2332606441466,0.06930422698046064
"[0.6102046894727637, 0.8649012212854214, -0.9202408320269676, 0.3288526287068305]",29.232834415126526,0.06936705946185726
"[0.6101908109948184, 0.864758963738592, -0.9202476601017864, 0.328982819459861]",29.232407055488284,0.06942989194325387
"[0.6101767912327759, 0.8646164433295193, -0.920254467744686, 0.3291132552795082]",29.23197852036364,0.06949272442465047
"[0.6101626294897927, 0.864473659678894, -0.9202612547850231, 0.32924393654162515]",29.231548813104595,0.06955555690604708
"[0.6101483250115302, 0.8643306118624364, -0.9202680210770822, 0.32937486412099826]",29.231117930698982,0.06961838938744369
"[0.6101338782585435, 0.8641873110030678, -0.9202747659082245, 0.3295060278655775]",29.23068590078021,0.06968122186884029
"[0.6101192868445567, 0.8640437399831652, -0.9202814898950948, 0.3296374434719882]",29.230252667984704,0.06974405435023691
"[0.6101045498488549, 0.8638998964931249, -0.920288192949564, 0.32976911308411433]",29.229818218552545,0.06980688683163352
"[0.6100896678295754, 0.8637557925752996, -0.9202948743171362, 0.3299010257082193]",29.229382596819853,0.06986971931303013
"[0.6100746416784931, 0.8636114431006159, -0.920301533124042, 0.3300331677596894]",29.228945853051314,0.06993255179442674
"[0.6100594647287662, 0.8634667907290859, -0.9203081718156515, 0.33016559175971044]",29.228507780323795,0.06999538427582334
"[0.6100441429117249, 0.8633218985922627, -0.9203147872964851, 0.3302982399437934]",29.228068601838164,0.07005821675721996
"[0.6100286724748303, 0.8631767373709568, -0.9203213807186092, 0.33043113918214334]",29.227628209920713,0.07012104923861658
"[0.6100130502443212, 0.863031284029597, -0.9203279529227086, 0.33056431059571634]",29.22718652257746,0.07018388172001318
"[0.6099972796843488, 0.8628855773471896, -0.9203345019560856, 0.33069771871051584]",29.226743670927615,0.0702467142014098
"[0.6099813587609677, 0.8627396047206437, -0.9203410281935809, 0.3308313750952101]",29.22629961655203,0.0703095466828064
"[0.6099652843083655, 0.8625933436822364, -0.9203475324350857, 0.33096530035299876]",29.225854272724774,0.07037237916420301
"[0.6099490601278839, 0.8624468351338989, -0.9203540126632096, 0.3310994570619958]",29.225407781308732,0.07043521164559961
"[0.6099326807372996, 0.8623000358767988, -0.9203604705889106, 0.3312338848095676]",29.22495998860671,0.07049804412699623
"[0.6099161467005945, 0.862152957595763, -0.9203669054865776, 0.3313685729278143]",29.2245109364348,0.07056087660839283
"[0.6098994596001586, 0.8620056206043676, -0.9203733162669191, 0.3315035028451049]",29.22406068854151,0.07062370908978945
"[0.6098826167723665, 0.8618580075572153, -0.920379703484711, 0.3316386904768302]",29.223609188412663,0.07068654157118605
"[0.6098656173566682, 0.8617101172597952, -0.9203860669845247, 0.3317741369485918]",29.22315642437199,0.07074937405258266
"[0.609848459211355, 0.8615619375435737, -0.9203924070774964, 0.3319098534374348]",29.22270234909741,0.07081220653397928
"[0.6098311437093465, 0.86141348663082, -0.9203987227731942, 0.3320458232859324]",29.222247037395718,0.07087503901537588
"[0.6098136705122933, 0.8612647677212781, -0.9204050137320288, 0.3321820435945607]",29.221790482946506,0.0709378714967725
"[0.6097960386284945, 0.861115778436187, -0.9204112798509895, 0.3323185165734117]",29.221332686656083,0.07100070397816911
"[0.6097782430104851, 0.8609664825745689, -0.9204175224343678, 0.33245527541557535]",29.220873508614392,0.07106353645956572
"[0.609760289005183, 0.8608169312531185, -0.9204237391315155, 0.33259227332947083]",29.220413134359323,0.07112636894096233
"[0.6097421704375396, 0.8606670792028047, -0.9204299316125649, 0.3327295518166474]",29.219951401705014,0.07118920142235893
"[0.6097238908698519, 0.8605169621260669, -0.9204360981864802, 0.33286707820333233]",29.219488430659528,0.07125203390375555
"[0.6097054468619351, 0.8603665578391693, -0.9204422395533275, 0.33300487284505986]",29.219024140015044,0.07131486638515216
"[0.6096868386516463, 0.8602158744699664, -0.9204483551643273, 0.3331429283286149]",29.218558561435344,0.07137769886654877
"[0.6096680654135423, 0.8600649114154083, -0.9204544448293221, 0.3332812452394311]",29.21809168777824,0.07144053134794537
"[0.6096491244088169, 0.859913652876689, -0.9204605089643768, 0.33341983808671233]",29.217623459452696,0.07150336382934198
"[0.6096300159583095, 0.8597621076855626, -0.9204665469910529, 0.33355869881255357]",29.2171539057834,0.07156619631073859
"[0.6096107409641767, 0.8596102890113368, -0.9204725581679328, 0.33369781538320403]",29.21668307350128,0.0716290287921352
"[0.6095912958508263, 0.859458174770724, -0.9204785431488314, 0.3338372080681587]",29.2162108781118,0.07169186127353182
"[0.6095716817248489, 0.8593057797481793, -0.9204845011282264, 0.333976863353719]",29.215737372372622,0.07175469375492842
"[0.6095518969856266, 0.8591530975236057, -0.9204904321358867, 0.3341167871572522]",29.21526252887287,0.07181752623632504
"[0.6095319400771889, 0.8590001222047178, -0.9204963361743039, 0.3342569849133842]",29.21478632692114,0.07188035871772165
"[0.6095118106417458, 0.8588468571637843, -0.9205022128854314, 0.33439745356646455]",29.214308773915306,0.07194319119911825
"[0.6094915083052506, 0.8586933055761442, -0.9205080619215342, 0.33453819024096765]",29.21382988345063,0.07200602368051487
"[0.6094710323558232, 0.8585394680182264, -0.9205138830355426, 0.3346791944431696]",29.21334964608348,0.07206885616191147
"[0.6094503799104727, 0.8583853289151929, -0.9205196765854516, 0.33482048048412333]",29.212868009861,0.07213168864330809
"[0.6094295545520307, 0.8582309208984042, -0.9205254411193338, 0.3349620184881562]",29.212385089034747,0.0721945211247047
"[0.6094085495908512, 0.8580762003436442, -0.9205311780356478, 0.33510384847874675]",29.211900726440742,0.0722573536061013
"[0.6093873697981412, 0.8579212083709629, -0.9205368855780168, 0.3352459327973693]",29.211415061074856,0.0723201860874979
"[0.6093660084972361, 0.8577659020905363, -0.9205425650929141, 0.3353883107978058]",29.21092793923103,0.07238301856889452
"[0.6093444684004109, 0.8576103073336349, -0.9205482153956602, 0.3355309588358949]",29.21043945345577,0.07244585105029112
"[0.6093227481337428, 0.8574544200523302, -0.920553836400977, 0.33567388065849685]",29.209949584700542,0.07250868353168774
"[0.6093008446343208, 0.8572982243106924, -0.9205594284429471, 0.3358170909130507]",29.209458270968632,0.07257151601308436
"[0.6092787605157696, 0.8571417446868179, -0.9205649904038378, 0.33596056710135347]",29.208965603181777,0.07263434849448096
"[0.6092564934949515, 0.8569849707847342, -0.9205705224202559, 0.3361043187913782]",29.208471535350586,0.07269718097587757
"[0.6092340454224093, 0.8568279213132158, -0.9205760236017774, 0.3362483288639209]",29.20797613785301,0.07276001345727418
"[0.6092114067585916, 0.8566705355894436, -0.9205814958269033, 0.33639265300141197]",29.207479185958157,0.07282284593867079
"[0.6091885866669923, 0.8565128832679696, -0.9205869364295468, 0.336537227367554]",29.20698092789405,0.0728856784200674
"[0.6091655785767588, 0.8563549245998683, -0.9205923465482461, 0.3366820884499524]",29.20648121920508,0.07294851090146401
"[0.6091423802037337, 0.8561966499911169, -0.9205977262585574, 0.3368272450859579]",29.20598002297564,0.07301134338286062
"[0.6091189983459053, 0.8560381114906231, -0.920603073554296, 0.3369726495771459]",29.20547751963842,0.07307417586425724
"[0.6090954212209244, 0.8558792350620433, -0.9206083906863292, 0.3371183698643052]",29.20497344291463,0.07313700834565384
"[0.6090716559393963, 0.8557200746384217, -0.9206136755948893, 0.3372643565196017]",29.204467989541754,0.07319984082705044
"[0.6090476985804024, 0.8555606096492732, -0.9206189287207165, 0.3374106284483076]",29.20396107308111,0.07326267330844706
"[0.6090235489475463, 0.8554008446032036, -0.9206241496660484, 0.3375571815532435]",29.203452710413316,0.07332550578984366
"[0.6089992069620761, 0.8552407846858145, -0.9206293380153969, 0.3377040111156188]",29.20294292059196,0.07338833827124028
"[0.6089746668035831, 0.8550803975596468, -0.9206344945595676, 0.3378511468395307]",29.202431582521193,0.0734511707526369
"[0.6089499362533807, 0.8549197397747686, -0.9206396172320032, 0.33799853688551856]",29.201918895496416,0.0735140032340335
"[0.6089250044715322, 0.8547587466593768, -0.9206447078424939, 0.33814624062347176]",29.201404623307834,0.07357683571543011
"[0.6088998817688406, 0.854597490453523, -0.9206497638569013, 0.3382941918150951]",29.200889027739827,0.07363966819682671
"[0.6088745558174095, 0.8544358976795426, -0.9206547873279937, 0.33844245791431254]",29.20037183654445,0.07370250067822333
"[0.6088490327695012, 0.8542740134781859, -0.9206597765894546, 0.3385909975436763]",29.1998532071725,0.07376533315961994
"[0.6088233102892932, 0.8541118285811512, -0.9206647316776431, 0.3387398192460601]",29.1993331125632,0.07382816564101655
"[0.6087973847203079, 0.8539493256981225, -0.9206696528602115, 0.33888893892735905]",29.198811479270642,0.07389099812241316
"[0.6087712563877384, 0.8537865126963892, -0.9206745396338433, 0.3390383494090724]",29.198288335897406,0.07395383060380978
"[0.6087449277813695, 0.8536234106454889, -0.9206793911120973, 0.3391880313953954]",29.197763753912742,0.07401666308520638
"[0.6087183920343674, 0.8534599826821848, -0.9206842081303794, 0.33933801875679204]",29.197237597038438,0.074079495566603
"[0.608691654032444, 0.8532962645636135, -0.9206889893725583, 0.33948827871737364]",29.196709992795405,0.0741423280479996
"[0.608664708145298, 0.85313222740454, -0.9206937354221268, 0.3396388378281517]",29.196180834648384,0.0742051605293962
"[0.6086375564461609, 0.8529678894897021, -0.9206984454850059, 0.3397896793477104]",29.19565018393342,0.07426799301079282
"[0.6086101976104282, 0.8528032483112282, -0.9207031193737899, 0.33994080561812273]",29.195118026370345,0.07433082549218943
"[0.6085826288505316, 0.8526382927040909, -0.9207077571398979, 0.34009222692898433]",29.19458432278825,0.07439365797358603
"[0.6085548499691971, 0.8524730271382377, -0.9207123583886943, 0.3402439392186787]",29.19404908650168,0.07445649045498265
"[0.6085268598252501, 0.8523074504294647, -0.9207169228848456, 0.34039594361580144]",29.193512304711295,0.07451932293637925
"[0.608498661627105, 0.852141586947303, -0.9207214496971211, 0.34054821778864747]",29.192974065069723,0.07458215541777587
"[0.6084702467342937, 0.8519753914195246, -0.9207259397923845, 0.34070080334186464]",29.192434202053406,0.07464498789917248
"[0.6084416176206822, 0.8518088840626208, -0.9207303923446692, 0.3408536817577202]",29.19189278492236,0.07470782038056908
"[0.6084127745157666, 0.8516420717132406, -0.9207348069018706, 0.3410068468008805]",29.191349831525162,0.0747706528619657
"[0.6083837157471721, 0.8514749501628495, -0.9207391833064781, 0.34116030237725403]",29.190805330020076,0.0748334853433623
"[0.6083544402657999, 0.8513075188652804, -0.9207435213012435, 0.34131404903043017]",29.19025927224489,0.07489631782475892
"[0.6083249466217501, 0.8511397750276593, -0.920747820684885, 0.3414680893674149]",29.189711642664793,0.07495915030615553
"[0.6082952376985326, 0.8509717403754755, -0.9207520806341472, 0.3416224034789242]",29.1891625205719,0.07502198278755214
"[0.6082653033505894, 0.8508033630855141, -0.9207563021831053, 0.34177703899996004]",29.188611710662347,0.07508481526894874
"[0.6082351512883459, 0.8506346920963894, -0.9207604838231217, 0.3419319510295364]",29.18805938566835,0.07514764775034535
"[0.6082047786064116, 0.8504657163953873, -0.920764625560804, 0.3420871497234685]",29.18750551187953,0.07521048023174196
"[0.6081741785891215, 0.8502964041976893, -0.9207687278900646, 0.34224266431922334]",29.18694996018624,0.07527331271313857
"[0.6081433581701529, 0.8501267993308252, -0.9207727894681909, 0.34239845460440343]",29.186392891899843,0.07533614519453519
"[0.6081123161892714, 0.8499569005105705, -0.9207768100624414, 0.3425545217997008]",29.18583429658899,0.07539897767593179
"[0.6080810427929041, 0.8497866592976193, -0.9207807905338287, 0.3427109104451459]",29.18527399567164,0.0754618101573284
"[0.6080495464609214, 0.8496161273037519, -0.9207847293909348, 0.34286757317276595]",29.184712173923813,0.07552464263872502
"[0.6080178204393712, 0.8494452732324773, -0.9207886270798803, 0.3430245387767498]",29.18414871280405,0.07558747512012162
"[0.6079858705794076, 0.8492741338075134, -0.920792482487763, 0.34318177356140045]",29.183583743608377,0.07565030760151824
"[0.6079536847306628, 0.8491026493298738, -0.9207962966737877, 0.3433393324196566]",29.183017043000554,0.07571314008291484
"[0.6079212675964041, 0.8489308504610871, -0.9208000686570885, 0.3434971872261607]",29.182448721733437,0.07577597256431146
"[0.6078886241349627, 0.8487587685715101, -0.9208037974759182, 0.3436553091992776]",29.181878890957822,0.07583880504570807
"[0.607855744093904, 0.848586354833567, -0.9208074839070994, 0.3438137432492586]",29.18130736588236,0.07590163752710467
"[0.6078226351884107, 0.848413654933322, -0.9208111266905241, 0.3439724474384282]",29.18073431780852,0.07596447000850128
"[0.6077892876849947, 0.8482406233153648, -0.9208147265031311, 0.3441314636745326]",29.180159564979544,0.07602730248989789
"[0.6077557052383161, 0.8480672843122457, -0.9208182825447979, 0.3442907696415591]",29.17958319812714,0.07609013497129449
"[0.6077218897003582, 0.8478936525330715, -0.9208217942380844, 0.34445035195641943]",29.179005271056052,0.07615296745269111
"[0.607687833460282, 0.8477196940869128, -0.9208252619815831, 0.3446102418123873]",29.178425652700973,0.07621579993408772
"[0.6076535364811808, 0.8475454141846577, -0.9208286853713032, 0.3447704344665682]",29.17784435645564,0.07627863241548433
"[0.6076190056930882, 0.8473708530732597, -0.920832063335668, 0.34493089296904]",29.177261527286223,0.07634146489688094
"[0.6075842324699102, 0.8471959721527079, -0.9208353963406248, 0.3450916528451966]",29.17667702297346,0.07640429737827756
"[0.6075492181901889, 0.8470207835552154, -0.9208386838616006, 0.3452527029880994]",29.17609088061706,0.07646712985967416
"[0.6075139590469433, 0.8468452734332929, -0.9208419258635757, 0.3454140561735602]",29.175503049354273,0.07652996234107078
"[0.6074784601765035, 0.8466694724125673, -0.9208451214926077, 0.34557568429119184]",29.174913635420474,0.07659279482246738
"[0.6074427154163116, 0.8464933549813888, -0.9208482709257165, 0.3457376108406406]",29.174322537829667,0.076655627303864
"[0.6074067280286768, 0.8463169422422173, -0.9208513734961368, 0.3458998164649259]",29.173729840291386,0.07671845978526061
"[0.6073704950930937, 0.8461402248061096, -0.9208544290840462, 0.34606230984135733]",29.17313549441252,0.07678129226665721
"[0.6073340114220639, 0.8459631825130086, -0.9208574377391999, 0.3462251095538172]",29.172539428443496,0.07684412474805383
"[0.6072972802954426, 0.8457858364010385, -0.9208603988048638, 0.3463881963032291]",29.171941710562344,0.07690695722945043
"[0.6072603036735779, 0.845608200778345, -0.9208633117579467, 0.34655155697630013]",29.171342398184848,0.07696978971084703
"[0.6072230782609788, 0.8454302646205049, -0.9208661764957853, 0.34671520175584297]",29.17074144069387,0.07703262219224365
"[0.6071855996820006, 0.8452520120106208, -0.9208689929783792, 0.3468791453265462]",29.17013877629038,0.07709545467364026
"[0.6071478679534537, 0.8450734480966361, -0.9208717608225173, 0.3470433830007365]",29.16953441980909,0.07715828715503686
"[0.6071098883125975, 0.84489460246066, -0.9208744792826624, 0.34720788761456095]",29.16892847780944,0.07722111963643348
"[0.6070716521486746, 0.8447154393868316, -0.9208771486111832, 0.34737269206534205]",29.168320816593482,0.07728395211783008
"[0.6070331622027566, 0.8445359766732602, -0.920879768243553, 0.34753778002805497]",29.167711488072225,0.0773467845992267
"[0.6069944205450117, 0.8443562286773983, -0.9208823376846458, 0.34770313833995725]",29.167100557809313,0.07740961708062331
"[0.6069554160035332, 0.8441761485007474, -0.9208848573037892, 0.34786881019206717]",29.166487833038282,0.07747244956201992
"[0.6069161634643688, 0.8439958095993638, -0.9208873257834717, 0.3480347280509188]",29.16587359249283,0.07753528204341653
"[0.6068766447984917, 0.8438151334386375, -0.9208897439058551, 0.3482009642167829]",29.1652575357066,0.07759811452481315
"[0.6068368778317765, 0.8436342062062268, -0.9208921102273857, 0.34836743943567966]",29.164639981815988,0.07766094700620975
"[0.6067968454779051, 0.8434529547489836, -0.9208944254199893, 0.34853422106210735]",29.164020649969036,0.07772377948760636
"[0.606756553654606, 0.8432714107365353, -0.9208966887745592, 0.3487012800022494]",29.163399661713942,0.07778661196900297
"[0.6067160005593487, 0.8430895707085223, -0.920898900041836, 0.34886861948613385]",29.162776992281053,0.07784944445039957
"[0.6066751890263464, 0.8429074519250019, -0.9209010587251479, 0.3490362236750305]",29.16215270813734,0.07791227693179618
"[0.6066341123308363, 0.8427250289779729, -0.9209031648343857, 0.34920411599757856]",29.161526706726615,0.0779751094131928
"[0.6065927761806172, 0.8425423317746022, -0.9209052177343432, 0.3493722689742489]",29.16089909605438,0.0780379418945894
"[0.6065511737321705, 0.8423593345872031, -0.9209072174253864, 0.3495407063298504]",29.16026977916102,0.07810077437598602
"[0.6065093093898042, 0.8421760613119998, -0.9209091633560915, 0.3497094061149154]",29.159638841798564,0.07816360685738262
"[0.6064671722375399, 0.8419924688124937, -0.9209110556844651, 0.3498784080827512]",29.15900611211395,0.07822643933877924
"[0.606424774109738, 0.8418086132006123, -0.9209128935374419, 0.35004766062693643]",29.15837180145942,0.07828927182017585
"[0.6063821100445121, 0.8416244772236813, -0.9209146768101807, 0.3502171796734388]",29.157735841948096,0.07835210430157245
"[0.606339173351488, 0.8414400365565207, -0.920916405440799, 0.3503869876630548]",29.15709813330788,0.07841493678296907
"[0.6062959739876063, 0.8412553383501818, -0.920918078699885, 0.35055704123060605]",29.156458854419608,0.07847776926436568
"[0.606252504601803, 0.8410703554056365, -0.9209196965549956, 0.35072736546238453]",29.155817894337062,0.07854060174576229
"[0.606208765985192, 0.8408850954481291, -0.9209212586498599, 0.350897953290636]",29.155175278154047,0.0786034342271589
"[0.6061647583887286, 0.8406995637992531, -0.9209227646563294, 0.3510687998597457]",29.154531029834768,0.0786662667085555
"[0.6061204763291217, 0.8405137416863321, -0.9209242144364453, 0.35123992250207425]",29.153885064019324,0.0787290991899521
"[0.6060759225378953, 0.840327644928333, -0.920925607574316, 0.3514113066958974]",29.153237444709422,0.07879193167134872
"[0.6060310981282465, 0.8401412823517181, -0.9209269437223545, 0.35158294435683973]",29.152588195208896,0.07885476415274532
"[0.6059860003918928, 0.839954646853243, -0.920928222650098, 0.3517548420711695]",29.151937284336935,0.07891759663414194
"[0.605940628461231, 0.8397677390360939, -0.9209294440682287, 0.3519269993281576]",29.151284717543177,0.07898042911553856
"[0.6058949862628452, 0.8395805791176902, -0.9209306075686758, 0.35209939754939545]",29.150630560721726,0.07904326159693516
"[0.6058490673088025, 0.839393144544136, -0.9209317130138966, 0.3522720575536477]",29.149974724953744,0.07910609407833177
"[0.6058028764883897, 0.8392054593055959, -0.9209327599846621, 0.3524449572855219]",29.149317302184826,0.07916892655972839
"[0.6057564036590618, 0.8390174863053945, -0.9209337484031861, 0.35261813096405864]",29.148658139398975,0.07923175904112499
"[0.6057096587915781, 0.8388292699307349, -0.9209346777541546, 0.35279153774107114]",29.14799741008296,0.0792945915225216
"[0.6056626388956968, 0.8386408019454922, -0.9209355478130332, 0.35296518524653897]",29.147335070422766,0.07935742400391821
"[0.605615336392868, 0.8384520560046026, -0.9209363584189107, 0.35313909779829966]",29.146671023308524,0.07942025648531482
"[0.6055677604416109, 0.8382630725808784, -0.9209371091215776, 0.3533132381478221]",29.14600541547197,0.07948308896671144
"[0.6055199119535075, 0.8380738588945278, -0.9209377996383854, 0.3534875996822404]",29.145338272981427,0.07954592144810804
"[0.6054717747700461, 0.8378843549957703, -0.9209384299079459, 0.35366223768974775]",29.14466935720822,0.07960875392950466
"[0.6054233663945962, 0.8376946336454542, -0.920938999413656, 0.35383708516061796]",29.143998948936627,0.07967158641090126
"[0.6053746739809666, 0.8375046481699473, -0.9209395080330314, 0.3540121851508647]",29.14332685966247,0.07973441889229786
"[0.6053257064331856, 0.8373144370316533, -0.9209399553958834, 0.3541875022538457]",29.1426532376353,0.07979725137369448
"[0.6052764551819431, 0.8371239705993629, -0.9209403413083495, 0.3543630638222372]",29.141977962877284,0.0798600838550911
"[0.6052269270907094, 0.8369332790611472, -0.9209406654453578, 0.3545388420720403]",29.141301146165667,0.0799229163364877
"[0.6051771215308179, 0.8367423634285772, -0.9209409275559466, 0.3547148361103486]",29.140622792493474,0.07998574881788431
"[0.6051270313692013, 0.8365511999355294, -0.9209411274117333, 0.35489106788706093]",29.13994280073844,0.08004858129928093
"[0.60507665846312, 0.8363597993261055, -0.9209412647334516, 0.35506752753962095]",29.139261209362683,0.08011141378067753
"[0.6050260035288997, 0.8361681678600522, -0.9209413392563075, 0.3552442093381083]",29.138578040650017,0.08017424626207414
"[0.6049750759473371, 0.8359763442621896, -0.9209413507265278, 0.35542107761671443]",29.137893439372874,0.08023707874347075
"[0.6049238574989807, 0.8357842633116833, -0.920941298895631, 0.35559819255140945]",29.13720714680827,0.08029991122486736
"[0.60487235966256, 0.8355919715765624, -0.9209411835139868, 0.3557755112439768]",29.136519343993125,0.08036274370626398
"[0.6048205886743427, 0.8353994953826233, -0.9209410043707211, 0.35595300945470787]",29.13583012726424,0.08042557618766058
"[0.6047685229677007, 0.8352067579110594, -0.9209407611420511, 0.35613075806456035]",29.135139193684175,0.0804884086690572
"[0.6047161839532744, 0.8350138417392361, -0.9209404536821956, 0.35630868095771095]",29.134446862897587,0.0805512411504538
"[0.6046635561331006, 0.8348206928725974, -0.9209400816687462, 0.35648682796992354]",29.133752911316183,0.0806140736318504
"[0.6046106521565665, 0.8346273608878345, -0.9209396449580999, 0.3566651534131445]",29.133057541440472,0.08067690611324702
"[0.6045574655252884, 0.834433824999491, -0.9209391432780447, 0.3568436764954161]",29.132360663196792,0.08073973859464363
"[0.6045039944056373, 0.8342400816485256, -0.9209385763813939, 0.3570224005375445]",29.131662256067134,0.08080257107604023
"[0.6044502450738566, 0.8340461565422805, -0.9209379441159681, 0.3572013018613365]",29.13096241891326,0.08086540355743685
"[0.6043962073662094, 0.8338520160228516, -0.9209372461401067, 0.3573804115540866]",29.13026101685081,0.08092823603883346
"[0.604341897866786, 0.8336577224962127, -0.9209364824601904, 0.3575596720763067]",29.12955829078511,0.08099106852023007
"[0.6042872996168837, 0.8334632180836443, -0.9209356526325125, 0.3577391368630819]",29.1288540079851,0.08105390100162668
"[0.60423242096864, 0.8332685354852865, -0.9209347565671955, 0.3579187757792836]",29.128148291953668,0.08111673348302328
"[0.6041772589552477, 0.8330736669603201, -0.9209337940112983, 0.3580985960023228]",29.127441111333365,0.0811795659644199
"[0.604121814651109, 0.8328786190910175, -0.920932764778945, 0.35827859149312913]",29.12673248697489,0.08124239844581652
"[0.6040660923472141, 0.8326834096025607, -0.9209316687571021, 0.3584587459275578]",29.126022487213547,0.08130523092721312
"[0.6040100916245097, 0.8324880395352696, -0.9209305057540987, 0.3586390583773052]",29.12531111245361,0.08136806340860973
"[0.6039538073462349, 0.8322924935620569, -0.9209292754734855, 0.3588195430210849]",29.124598292811207,0.08143089589000635
"[0.6038972455180942, 0.8320967950874893, -0.9209279778609576, 0.35900017828936454]",29.123884122991058,0.08149372837140294
"[0.6038404022426174, 0.8319009330852456, -0.9209266126476973, 0.3591809743912439]",29.123168554484174,0.08155656085279955
"[0.6037832735056795, 0.8317048963166302, -0.9209251795478719, 0.3593619417341641]",29.12245153817864,0.08161939333419617
"[0.6037258744143046, 0.8315087389449017, -0.9209236787714027, 0.35954303034845325]",29.12173328442529,0.08168222581559277
"[0.6036681916396348, 0.831312417673024, -0.9209221098061332, 0.35972428023434344]",29.121013621355385,0.08174505829698939
"[0.603610240210829, 0.8311159858404366, -0.9209204729022029, 0.35990564217575444]",29.120292757682247,0.08180789077838599
"[0.6035520022972731, 0.8309193852236498, -0.9209187673953794, 0.36008716995834367]",29.119570452137307,0.0818707232597826
"[0.603493490723416, 0.830722661404494, -0.9209169934951688, 0.3602688215248974]",29.11884688754464,0.08193355574117922
"[0.6034346922328826, 0.8305257720789423, -0.920915150635452, 0.36045063596804877]",29.11812189123089,0.08199638822257582
"[0.6033756295094759, 0.8303287952502203, -0.920913239379652, 0.3606325412840057]",29.117395771802144,0.08205922070397244
"[0.6033162930030309, 0.8301317008208361, -0.9209112592933595, 0.36081456529084127]",29.11666840357332,0.08212205318536905
"[0.6032566795022047, 0.8299344801082915, -0.9209092101266609, 0.36099671603364425]",29.11593975096295,0.08218488566676566
"[0.6031967893743614, 0.8297371363424376, -0.9209070917472597, 0.36117899055630487]",29.115209822608932,0.08224771814816227
"[0.6031366262962625, 0.8295396835466872, -0.9209049041483878, 0.36136137593189965]",29.114478671938638,0.08231055062955887
"[0.6030761912740822, 0.829342126814378, -0.9209026472387202, 0.3615438674799794]",29.11374631424046,0.08237338311095549
"[0.6030154836529686, 0.8291444657654923, -0.920900320868276, 0.36172646557547816]",29.113012745008266,0.08243621559235209
"[0.6029545116676641, 0.8289467288033939, -0.9208979252399276, 0.3619091440012995]",29.112278080461586,0.08249904807374871
"[0.6028932637560092, 0.8287488800649702, -0.92089545978359, 0.3620919359117958]",29.111542167414385,0.08256188055514531
"[0.6028317459552056, 0.8285509407706207, -0.9208929246201991, 0.3622748217250373]",29.110805086511924,0.08262471303654192
"[0.6027699600386784, 0.828352918174749, -0.9208903197136644, 0.3624577947596903]",29.110066868162328,0.08268754551793853
"[0.6027079101612165, 0.8281548270103379, -0.9208876451399514, 0.3626408414221526]",29.109327574343318,0.08275037799933514
"[0.6026455876390642, 0.8279566410379303, -0.9208849004206713, 0.3628239859796725]",29.108587082896186,0.08281321048073176
"[0.6025830053389768, 0.8277584025610847, -0.9208820860256961, 0.3630071893587253]",29.107845572745816,0.08287604296212836
"[0.6025201577052417, 0.827560095215697, -0.9208792016199778, 0.3631904666996926]",29.107102973660137,0.08293887544352498
"[0.6024570419326464, 0.8273617115222797, -0.9208762469793013, 0.3633738249344553]",29.106359247883436,0.08300170792492159
"[0.6023936750055221, 0.8271633059632362, -0.9208732228240082, 0.36355721372269706]",29.105614617363372,0.0830645404063182
"[0.6023300378640667, 0.826964819981776, -0.9208701281680992, 0.3637406872051706]",29.104868840096078,0.08312737288771481
"[0.6022661433475746, 0.8267662948433117, -0.9208669635522203, 0.3639242072549127]",29.1041220808467,0.08319020536911141
"[0.6022019908082343, 0.826567729521827, -0.9208637288781382, 0.3641077748345955]",29.103374333966926,0.08325303785050803
"[0.6021375819605645, 0.8263691302802333, -0.9208604241685397, 0.3642913841681603]",29.102625621413633,0.08331587033190463
"[0.6020729104460192, 0.8261704785385443, -0.920857049028242, 0.3644750524480052]",29.101875867294375,0.08337870281330123
"[0.6020079942757837, 0.8259718304329368, -0.9208536043445331, 0.36465872778392805]",29.101125296377482,0.08344153529469785
"[0.6019428156345522, 0.8257731322446112, -0.9208500891204947, 0.3648424598574467]",29.100373686859882,0.08350436777609446
"[0.6018773889446192, 0.825574428787667, -0.9208465040786841, 0.3650262072422954]",29.099621218677175,0.08356720025749106
"[0.6018117128116781, 0.825375716442006, -0.9208428491050252, 0.3652099732952568]",29.098867877726104,0.08363003273888768
"[0.6017457841758854, 0.8251769866330563, -0.920839123986456, 0.3653937659560972]",29.09811362434941,0.0836928652202843
"[0.601679608180377, 0.8249782555048041, -0.9208353289740658, 0.3655775703038115]",29.09735852311156,0.0837556977016809
"[0.6016131839463976, 0.8247795209806646, -0.920831463983931, 0.3657613882674587]",29.096602566019097,0.08381853018307751
"[0.6015465220239166, 0.824580815020901, -0.9208275296089727, 0.36594519029173206]",29.095845878914567,0.08388136266447412
"[0.6014796139762278, 0.8243821128341008, -0.9208235253333233, 0.36612899931409604]",29.09508835847835,0.08394419514587073
"[0.6014124570474734, 0.8241834067735763, -0.9208194509606092, 0.36631282241620844]",29.094329971080064,0.08400702762726735
"[0.6013450675827341, 0.8239847455126472, -0.920815307468125, 0.3664966145752116]",29.093570920673777,0.08406986010866395
"[0.6012774386894448, 0.8237861088870525, -0.9208110944295226, 0.36668039444874784]",29.092811115821135,0.08413269259006056
"[0.6012095726468637, 0.8235875038201985, -0.920806811978744, 0.36686415563489533]",29.09205058634501,0.08419552507145718
"[0.6011414750317662, 0.8233889467341515, -0.920802460469231, 0.367047882940792]",29.091289394067058,0.08425835755285377
"[0.601073137217634, 0.8231904126263971, -0.9207980393477151, 0.36723159950406276]",29.09052744078467,0.08432119003425038
"[0.6010045623557051, 0.8229919108886884, -0.9207935488096329, 0.3674152966376409]",29.089764757001998,0.084384022515647
"[0.6009357735478241, 0.8227935082179236, -0.9207889903903256, 0.36759891261668415]",29.089001629532955,0.0844468549970436
"[0.6008667417951108, 0.8225951208937812, -0.9207843621836568, 0.36778252492098734]",29.08823769308853,0.08450968747844022
"[0.6007974934414295, 0.8223968245890915, -0.9207796659680375, 0.3679660635131799]",29.08747327399515,0.08457251995983683
"[0.6007280151355269, 0.822198580837879, -0.920774900865153, 0.3681495639932187]",29.086708203730357,0.08463535244123344
"[0.6006583208421973, 0.8220004292483674, -0.9207700678602388, 0.3683329896951422]",29.085942649365155,0.08469818492263005
"[0.6005884016620217, 0.8218023442079074, -0.9207651663691199, 0.3685163643236682]",29.085176503917957,0.08476101740402665
"[0.6005182664383348, 0.8216043504670194, -0.920760197044224, 0.3686996649618984]",29.084409867953585,0.08482384988542327
"[0.6004479124585967, 0.8214064399787739, -0.9207551597323619, 0.3688828990538358]",29.08364270612396,0.08488668236681988
"[0.6003773400984387, 0.8212086134520749, -0.9207500544963765, 0.3690660659379665]",29.082875020706325,0.08494951484821649
"[0.6003065581776202, 0.8210108951333234, -0.9207448820199651, 0.36924914315745694]",29.082106913688694,0.0850123473296131
"[0.6002355722295323, 0.8208132997999863, -0.9207396427683554, 0.3694321170188205]",29.08133844655919,0.08507517981100972
"[0.6001643690242948, 0.8206157900684652, -0.920734335816872, 0.369615022130885]",29.08056945889607,0.08513801229240632
"[0.6000929642966202, 0.820418409001431, -0.9207289623920789, 0.3697978186062458]",29.07980013237977,0.08520084477380292
"[0.6000213554198929, 0.8202211485753157, -0.9207235223635943, 0.3699805138638496]",29.079030435050957,0.08526367725519954
"[0.5999495419592994, 0.8200240068847309, -0.920718015761573, 0.37016310965743077]",29.078260355243287,0.08532650973659614
"[0.5998775269415207, 0.819826991505113, -0.9207124428832592, 0.37034559895907504]",29.077489926102793,0.08538934221799276
"[0.5998053155900686, 0.8196301158885161, -0.9207068042059161, 0.3705279692954497]",29.07671920138708,0.08545217469938937
"[0.5997329135659485, 0.8194333944913109, -0.9207011002551002, 0.370710207259948]",29.07594824838926,0.08551500718078597
"[0.5996603143588937, 0.819236808672789, -0.9206953305995419, 0.3708923301058612]",29.075176982034204,0.08557783966218259
"[0.5995875195286192, 0.8190403617868628, -0.9206894954387034, 0.37107433471223195]",29.07440541528659,0.08564067214357919
"[0.5995145417988309, 0.8188440871181886, -0.920683595881684, 0.37125619022468126]",29.073633692588597,0.08570350462497581
"[0.5994413823045842, 0.8186479864941061, -0.9206776321224094, 0.37143789493057444]",29.07286182313034,0.08576633710637242
"[0.599368029780971, 0.8184520286480179, -0.9206716033333013, 0.371619477784014]",29.072089669308536,0.08582916958776902
"[0.5992944989420809, 0.8182562517860371, -0.9206655108167058, 0.37180090336384886]",29.071317398199014,0.08589200206916564
"[0.599220784591199, 0.8180606408584093, -0.9206593542434047, 0.3719821855970233]",29.070544944400453,0.08595483455056226
"[0.599146896186865, 0.8178652197122387, -0.9206531345076696, 0.37216330236295286]",29.069772408431895,0.08601766703195886
"[0.5990728312530312, 0.8176699804719855, -0.9206468515109559, 0.37234426093912343]",29.068999758225136,0.08608049951335546
"[0.5989985964310929, 0.8174749392821984, -0.9206405059292276, 0.3725250463396257]",29.068227065513824,0.08614333199475208
"[0.5989241909240838, 0.8172800926293866, -0.9206340978112055, 0.37270566179789183]",29.067454309579443,0.08620616447614868
"[0.5988496185112804, 0.8170854489721452, -0.9206276276006343, 0.37288609944947604]",29.066681532209827,0.0862689969575453
"[0.5987748795870167, 0.8168910078677947, -0.9206210954525164, 0.37306635968045937]",29.065908729232035,0.0863318294389419
"[0.5986999748390539, 0.8166967696400883, -0.9206145015472915, 0.37324644216642255]",29.065135906058313,0.08639466192033851
"[0.5986249131899122, 0.8165027558597244, -0.9206078467982904, 0.3734263268826776]",29.06436315583165,0.08645749440173513
"[0.5985496973486091, 0.8163089718375507, -0.9206011315828592, 0.37360600887697315]",29.063590500639073,0.08652032688313173
"[0.5984743200978145, 0.8161153973665994, -0.9205943553879546, 0.37378550685880346]",29.062817853011698,0.08658315936452834
"[0.5983987880757655, 0.8159220479110734, -0.9205875189394908, 0.37396480646190944]",29.062045280933237,0.08664599184592496
"[0.5983231085800258, 0.8157289404184149, -0.9205806230382925, 0.3741438919411725]",29.06127285962105,0.08670882432732156
"[0.598247283637858, 0.8155360782377296, -0.920573668016153, 0.3743227601598904]",29.06050060785606,0.08677165680871818
"[0.5981713131972115, 0.8153434594132277, -0.9205666540153427, 0.3745014129010554]",29.059728513602604,0.08683448929011478
"[0.5980951928185682, 0.815151070943537, -0.9205595807672129, 0.37467986219366817]",29.058956521616683,0.0868973217715114
"[0.5980189406100935, 0.8149589567106486, -0.9205524501060375, 0.37485806730299365]",29.05818482640013,0.08696015425290801
"[0.5979425410990146, 0.8147670758395004, -0.920545260737045, 0.3750360661123599]",29.057413250705164,0.08702298673430461
"[0.597866012759862, 0.8145754728278093, -0.9205380145516108, 0.3752138173106928]",29.056641988669124,0.08708581921570122
"[0.5977893513137025, 0.8143841349188431, -0.9205307113079827, 0.37539133269732955]",29.05587099142165,0.08714865169709783
"[0.5977125588047191, 0.8141930652238791, -0.9205233513603704, 0.37556860935137815]",29.05510026508344,0.08721148417849443
"[0.597635640380985, 0.8140022745041497, -0.9205159353658733, 0.3757456372529791]",29.054329861901,0.08727431665989105
"[0.5975585944498466, 0.8138117567470544, -0.9205084633356853, 0.37592242194518327]",29.05355975929121,0.08733714914128766
"[0.5974814265952193, 0.8136215236796276, -0.9205009359774595, 0.3760989525100108]",29.052790009015503,0.08739998162268427
"[0.5974041372352806, 0.8134315742108335, -0.9204933535011434, 0.37627522992282014]",29.05202061124088,0.08746281410408088
"[0.5973267383155616, 0.8132419354651252, -0.92048571725606, 0.3764512289723728]",29.05125168295959,0.0875256465854775
"[0.597249208987873, 0.8130525542555563, -0.9204780253532346, 0.3766269989831128]",29.05048299312371,0.0875884790668741
"[0.597171572804731, 0.8128634860058229, -0.9204702802974573, 0.3768024884775434]",29.04971478617334,0.08765131154827072
"[0.597093825553517, 0.8126747181621174, -0.9204624818503674, 0.3769777090672918]",29.04894700606438,0.08771414402966732
"[0.5970159765975006, 0.8124862711365405, -0.9204546311350043, 0.3771526417639975]",29.04817975782527,0.08777697651106393
"[0.5969380204885387, 0.8122981294059983, -0.9204467277867593, 0.377327300935998]",29.04741296294177,0.08783980899246055
"[0.5968599619299365, 0.8121103020245115, -0.9204387724644433, 0.3775016781371038]",29.046646664938905,0.08790264147385715
"[0.5967818023580248, 0.8119227901142623, -0.9204307654991208, 0.3776757722837213]",29.045880877606194,0.08796547395525375
"[0.5967035464849588, 0.811735602610148, -0.9204227075608389, 0.37784957503777306]",29.045115638847882,0.08802830643665037
"[0.5966251913988382, 0.8115487301875363, -0.9204145985362585, 0.37802309501466325]",29.044350904354367,0.08809113891804697
"[0.5965467453135269, 0.8113621900506465, -0.920406439463822, 0.3781963161963886]",29.04358676195015,0.08815397139944359
"[0.596468220083101, 0.8111760078228747, -0.920398231778078, 0.37836921474267443]",29.042823324267605,0.0882168038808402
"[0.5963895950586551, 0.8109901321037324, -0.9203899735132514, 0.37854183834236604]",29.042060363249142,0.0882796363622368
"[0.5963108876652521, 0.8108046017093424, -0.9203816666872856, 0.37871415090344096]",29.041298059569993,0.08834246884363342
"[0.5962321009050553, 0.8106194211586691, -0.9203733118179959, 0.37888614818221183]",29.0405364301136,0.08840530132503002
"[0.596153226493596, 0.8104345685072336, -0.9203649082214916, 0.3790578505156251]",29.03977538224572,0.08846813380642664
"[0.5960742867264607, 0.8102500934246573, -0.9203564584759677, 0.3792292117201332]",29.03901514400937,0.08853096628782325
"[0.5959952638965815, 0.8100659519333029, -0.920347960889828, 0.3794002725993119]",29.038255516210132,0.08859379876921986
"[0.5959161676019079, 0.8098821639137982, -0.9203394166905539, 0.37957101463888226]",29.03749659466087,0.08865663125061647
"[0.59583700041641, 0.8096987327720836, -0.9203308263581752, 0.3797414346270168]",29.036738394098073,0.08871946373201309
"[0.5957577728015986, 0.8095156800762059, -0.9203221912368977, 0.37991151247598587]",29.035981019749197,0.08878229621340969
"[0.5956784723166609, 0.8093329744622467, -0.9203135101759642, 0.38008127727787716]",29.035224326330145,0.08884512869480629
"[0.5955991140051543, 0.8091506479771974, -0.9203047850268091, 0.3802506992067971]",29.034468466295664,0.08890796117620291
"[0.5955196898952988, 0.8089686796561892, -0.9202960151202266, 0.3804197976942186]",29.033713347621887,0.08897079365759951
"[0.5954402139380804, 0.8087870987878287, -0.9202872022056943, 0.3805885454728357]",29.03295910539842,0.08903362613899612
"[0.5953606827636172, 0.8086058949299452, -0.9202783461235389, 0.3807569521952684]",29.032205695199526,0.08909645862039274
"[0.5952810936948117, 0.808425059330168, -0.9202694467829673, 0.3809250259457416]",29.03145308250148,0.08915929110178934
"[0.595201456023896, 0.8082446104186105, -0.9202605054324579, 0.381092749544064]",29.030701352296667,0.08922212358318596
"[0.5951217652031098, 0.8080645351954047, -0.9202515217717053, 0.3812601350222623]",29.029950448105645,0.08928495606458256
"[0.5950420332188459, 0.8078848580142655, -0.9202424973648565, 0.38142715969090446]",29.029200486739242,0.08934778854597918
"[0.5949622556215179, 0.8077055660794515, -0.9202334319238347, 0.38159383539195024]",29.028451412085296,0.08941062102737579
"[0.5948824387396638, 0.8075266708610565, -0.920224326382081, 0.3817601514098516]",29.027703277158732,0.0894734535087724
"[0.5948025706174181, 0.8073481428927649, -0.9202151795837824, 0.3819261350878308]",29.02695595567092,0.08953628599016901
"[0.5947226770109673, 0.8071700369853407, -0.9202059946934511, 0.38209173541339553]",29.026209701366433,0.08959911847156563
"[0.5946427429560285, 0.8069923169529574, -0.920196770210208, 0.3822569859772377]",29.025464349855028,0.08966195095296223
"[0.5945627745119819, 0.8068149935540595, -0.9201875070444487, 0.38242187672338873]",29.024719952322947,0.08972478343435884
"[0.5944827813746174, 0.8066380854675033, -0.9201782065382075, 0.3825863902280735]",29.023976606551237,0.08978761591575544
"[0.5944027549325427, 0.8064615708513283, -0.9201688679074045, 0.38275054674871234]",29.02323420481258,0.08985044839715205
"[0.5943227019483752, 0.8062854618732052, -0.9201594921546682, 0.38291433491607135]",29.022492816825405,0.08991328087854866
"[0.5942426238406817, 0.8061097588662637, -0.9201500796623815, 0.3830777543660026]",29.021752438837353,0.08997611335994528
"[0.5941625271525486, 0.8059344733633996, -0.9201406314184211, 0.38324079431673347]",29.021013135317375,0.09003894584134188
"[0.5940824122348407, 0.8057596032826334, -0.9201311476848031, 0.383403456649002]",29.020274897977927,0.0901017783227385
"[0.5940022742593103, 0.8055851353061063, -0.9201216281053332, 0.3835657536963786]",29.0195376677186,0.0901646108041351
"[0.5939221182836032, 0.805411077695796, -0.9201120734938797, 0.3837276777191298]",29.01880148563931,0.09022744328553171
"[0.5938419482246067, 0.8052374361645096, -0.9201024845335148, 0.3838892233475965]",29.0180663859935,0.09029027576692833
"[0.5937617774708409, 0.8050642368063444, -0.9200928630498607, 0.3840503662480002]",29.017332495879867,0.09035310824832493
"[0.5936815895291802, 0.8048914411440384, -0.9200832072834193, 0.3842111421627914]",29.016599633553906,0.09041594072972155
"[0.5936013884438199, 0.8047190551811574, -0.9200735179311186, 0.3843715454521188]",29.015867834857232,0.09047877321111816
"[0.5935211865532649, 0.8045471026244231, -0.9200637967009767, 0.38453155400109296]",29.01513721607121,0.09054160569251476
"[0.5934409855412157, 0.8043755841881131, -0.9200540440203027, 0.3846911670872712]",29.01440777907124,0.09060443817391138
"[0.5933607751429434, 0.8042044751259588, -0.9200442588565948, 0.38485040768333373]",29.01367942075477,0.09066727065530798
"[0.5932805689973171, 0.8040338017438023, -0.9200344430889852, 0.38500925125211527]",29.012952258597963,0.09073010313670458
"[0.5932003656775059, 0.8038635581503801, -0.9200245967628308, 0.3851677032191586]",29.012226276146627,0.0907929356181012
"[0.5931201624452777, 0.803693735743111, -0.9200147197571168, 0.38532577153497294]",29.011501437917953,0.0908557680994978
"[0.5930399713319389, 0.8035243571653192, -0.9200048137715692, 0.3854834350662886]",29.010777848947953,0.09091860058089442
"[0.5929597758755105, 0.8033553848801717, -0.9199948769858307, 0.38564072869770355]",29.010055339712945,0.09098143306229103
"[0.5928795943754797, 0.8031868546954735, -0.9199849118792024, 0.38579761904050314]",29.009334084883378,0.09104426554368764
"[0.5927994339969962, 0.8030187787569167, -0.9199749195659671, 0.3859540947286273]",29.008614142985504,0.09110709802508425
"[0.5927192682802168, 0.8028510988495047, -0.9199648969584494, 0.38611020990342776]",29.007895248443813,0.09116993050648087
"[0.592639127170232, 0.802683874877131, -0.919954848010734, 0.3862659087367213]",29.007177681899968,0.09123276298787747
"[0.5925590022068559, 0.8025170863232106, -0.919944771881742, 0.3864212102724805]",29.00646135623893,0.09129559546927409
"[0.5924788936247067, 0.8023507309057462, -0.9199346688138562, 0.3865761165786904]",29.005746261035352,0.09135842795067069
"[0.5923988077774232, 0.802184819029827, -0.9199245398225054, 0.38673061790902163]",29.005032456978245,0.0914212604320673
"[0.5923187376980741, 0.8020193335079447, -0.9199143842380308, 0.3868847302121463]",29.004319857478198,0.09148409291346392
"[0.5922386943403729, 0.8018542942253029, -0.9199042036610603, 0.38703843491262024]",29.00360856977763,0.09154692539486052
"[0.5921586761816454, 0.8016896952498291, -0.9198939981119799, 0.3871917374773142]",29.00289856380408,0.09160975787625712
"[0.5920786807598386, 0.8015255287835185, -0.9198837674864391, 0.3873446451123419]",29.00218980834928,0.09167259035765374
"[0.591998709447915, 0.8013617949476838, -0.9198735121668781, 0.38749715764863674]",29.001482311789538,0.09173542283905034
"[0.5919187706341839, 0.8011985081794906, -0.9198632334386957, 0.38764926158143587]",29.000776146171706,0.09179825532044696
"[0.5918388596917289, 0.8010356562931527, -0.9198529309163628, 0.38780096820486787]",29.000071257319515,0.09186108780184357
"[0.5917589951789468, 0.8008732743056982, -0.919842607206803, 0.387952244839757]",28.99936781426954,0.09192392028324017
"[0.5916791532191674, 0.8007113109340136, -0.9198322594329205, 0.38810313920456446]",28.998665581812812,0.09198675276463679
"[0.5915993416490041, 0.8005497794794275, -0.9198218888093764, 0.38825363885243086]",28.99796462406255,0.0920495852460334
"[0.5915195726282613, 0.8003887018456141, -0.9198114971231371, 0.38840372331859446]",28.99726505398806,0.09211241772743001
"[0.5914398473168175, 0.8002280776050344, -0.9198010847366778, 0.3885533929429817]",28.996566870000663,0.09217525020882662
"[0.5913601494702688, 0.8000678713921365, -0.9197906497301389, 0.38870268062340957]",28.99586991418533,0.09223808269022322
"[0.5912805072071082, 0.79990813703969, -0.9197801959905291, 0.3888515361389636]",28.995174440189302,0.09230091517161984
"[0.5912008985277964, 0.7997488277206503, -0.9197697208364752, 0.38900000307008437]",28.994480233732187,0.09236374765301646
"[0.591121327347215, 0.7995899487152104, -0.9197592249784496, 0.3891480764415602]",28.99378732122244,0.09242658013441306
"[0.5910418106868364, 0.7994315313430128, -0.9197487108650463, 0.3892957270069825]",28.993095859818165,0.09248941261580967
"[0.5909623372095146, 0.7992735503404695, -0.9197381772011936, 0.3894429782557063]",28.992405737720315,0.09255224509720628
"[0.5908829077915927, 0.7991160048690981, -0.9197276242999496, 0.38958983091399796]",28.991716949201802,0.09261507757860288
"[0.5908035252769552, 0.7989588979913672, -0.9197170527357772, 0.38973628207191]",28.991029513991847,0.0926779100599995
"[0.5907242073812, 0.7988022620832887, -0.919706465072112, 0.38988230149161285]",28.9903435945034,0.09274074254139611
"[0.5906449262307595, 0.7986460395081705, -0.9196958577856883, 0.3900279428474407]",28.989658913965123,0.09280357502279271
"[0.5905657046532433, 0.7984902727144575, -0.91968523412371, 0.39017316651135886]",28.988975691297412,0.09286640750418933
"[0.5904865310078357, 0.7983349362348583, -0.9196745927213412, 0.39031799617111457]",28.988293797482942,0.09292923998558593
"[0.5904074137276956, 0.7981800440827523, -0.9196639349047783, 0.3904624187062904]",28.987613309518242,0.09299207246698254
"[0.5903283520161082, 0.7980255921436108, -0.9196532607609257, 0.3906064378978218]",28.98693421295407,0.09305490494837916
"[0.5902493445386564, 0.7978715752949329, -0.9196425703009253, 0.3907500584674559]",28.986256486273046,0.09311773742977576
"[0.5901704016184928, 0.7977180111145554, -0.9196318651149651, 0.39089326396836954]",28.985580222510368,0.09318056991117238
"[0.590091510589491, 0.7975648724574216, -0.9196211436758213, 0.39103607965979725]",28.984905290093682,0.093243402392569
"[0.5900126908180628, 0.797412194394517, -0.9196104088068222, 0.3911784727796669]",28.984231866926425,0.0933062348739656
"[0.5899339324304169, 0.7972599552449445, -0.9195996593568417, 0.3913204634923591]",28.98355985109147,0.09336906735536221
"[0.5898552260065368, 0.7971081343875185, -0.9195888942234774, 0.3914620709778582]",28.982889144534166,0.09343189983675881
"[0.5897765924026489, 0.796956769595669, -0.919578116445754, 0.39160325994974887]",28.982219940061274,0.09349473231815542
"[0.5896980159091845, 0.796805828165437, -0.9195673240572336, 0.3917440608590489]",28.9815520847533,0.09355756479955203
"[0.5896195058970771, 0.7966553256961144, -0.9195565185271948, 0.3918844591013658]",28.980885654693143,0.09362039728094865
"[0.5895410680314362, 0.7965052705804604, -0.9195457008220912, 0.3920244467927831]",28.980220694517563,0.09368322976234525
"[0.5894626936799645, 0.7963556438789461, -0.9195348699350616, 0.3921640415483412]",28.979557121854658,0.09374606224374187
"[0.5893843809068984, 0.7962064395558605, -0.9195240257760203, 0.39230324894705226]",28.978894908713066,0.09380889472513847
"[0.5893061435405801, 0.7960576815711553, -0.9195131704404228, 0.3924420465811799]",28.978234176491156,0.09387172720653508
"[0.5892279751476518, 0.7959093552867089, -0.919502303217543, 0.39258044805505626]",28.977574860146362,0.0939345596879317
"[0.5891498754418231, 0.7957614578152837, -0.9194914242449331, 0.3927184560103318]",28.97691694554138,0.0939973921693283
"[0.5890718573612393, 0.795614011264461, -0.9194805355055815, 0.39285604976411637]",28.976260553041897,0.09406022465072492
"[0.5889938972728772, 0.7954669686601932, -0.919469633875787, 0.39299327309969084]",28.97560545011894,0.09412305713212153
"[0.5889160162179817, 0.7953203674160108, -0.9194587224698042, 0.3931300910508433]",28.974951827951077,0.09418588961351813
"[0.5888382155995305, 0.7951742077958296, -0.9194478016634244, 0.39326650331776186]",28.974299693353952,0.09424872209491475
"[0.5887604815311018, 0.7950284614271617, -0.9194368696799663, 0.39340253632923544]",28.973648912936135,0.09431155457631135
"[0.5886828270622494, 0.7948831505187479, -0.9194259285251682, 0.3935381693055966]",28.972999594105097,0.09437438705770795
"[0.588605250445677, 0.7947382695017765, -0.9194149781261721, 0.39367340739271856]",28.972351721257663,0.09443721953910457
"[0.5885277485685404, 0.7945938103119037, -0.9194040182133525, 0.3938082580671497]",28.971705254278596,0.09450005202050119
"[0.5884503209944258, 0.7944497699253417, -0.9193930488917689, 0.3939427241013241]",28.971060184152254,0.09456288450189779
"[0.588372983399991, 0.7943061752339337, -0.9193820725533902, 0.394076780339196]",28.970416651359532,0.0946257169832944
"[0.5882957143826475, 0.7941629842790161, -0.9193710863278208, 0.3942104659016519]",28.969774447136913,0.094688549464691
"[0.5882185325255656, 0.7940202293140671, -0.9193600930217904, 0.3943437506263929]",28.969133741067825,0.09475138194608762
"[0.5881414245680706, 0.7938778836202, -0.91934909091154, 0.3944766594096371]",28.968494401597628,0.09481421442748424
"[0.5880644016229823, 0.7937359655521266, -0.9193380817453299, 0.394609175063987]",28.967856528594343,0.09487704690888084
"[0.5879874628440237, 0.793594471356422, -0.9193270655671201, 0.3947413010438151]",28.967220103648884,0.09493987939027745
"[0.5879106010950483, 0.7934533857771121, -0.9193160415155719, 0.39487305154595437]",28.966585055055674,0.09500271187167406
"[0.5878338213841966, 0.7933127159054438, -0.9193050104671232, 0.3950044198999221]",28.965951425022606,0.09506554435307067
"[0.5877571277976174, 0.793172467098525, -0.9192939731688137, 0.39513540105368755]",28.96531924745246,0.09512837683446729
"[0.5876805273260896, 0.7930326499739079, -0.9192829307892068, 0.395265985041223]",28.964688574280363,0.09519120931586389
"[0.5876040017496449, 0.7928932291855562, -0.9192718808587327, 0.395396204826007]",28.964059238693302,0.0952540417972605
"[0.5875275585247913, 0.792754216302432, -0.9192608246057009, 0.3955260495557747]",28.963431295577237,0.09531687427865711
"[0.5874512154817246, 0.7926156416239711, -0.9192497647681676, 0.3956554908800136]",28.962804906897187,0.09537970676005371
"[0.5873749463101906, 0.792477455329406, -0.919238697689316, 0.3957845752877992]",28.962179826012854,0.09544253924145032
"[0.587298770565517, 0.792339690838513, -0.9192276263576726, 0.39591327151370165]",28.961556228446188,0.09550537172284694
"[0.5872226696797592, 0.7922023125728397, -0.9192165482245082, 0.39604161274755606]",28.960933931059387,0.09556820420424354
"[0.5871466755437649, 0.792065376056596, -0.9192054680853735, 0.3961695470697923]",28.960313226973167,0.09563103668564016
"[0.5870707615103488, 0.7919288312200835, -0.9191943822086138, 0.39629712121041477]",28.959693864786303,0.09569386916703677
"[0.586994935689557, 0.7917926907061424, -0.9191832919243624, 0.3964243233115263]",28.959075913615635,0.09575670164843338
"[0.5869191975913297, 0.7916569516706597, -0.9191721973080266, 0.396551155984312]",28.958459357517125,0.09581953412982999
"[0.5868435527103624, 0.7915216219903769, -0.9191610993119501, 0.3966776118224268]",28.957844248636395,0.0958823666112266
"[0.5867679956140243, 0.7913866899923796, -0.9191499972852335, 0.39680370168726675]",28.957230523666755,0.09594519909262321
"[0.5866925282963426, 0.7912521573173251, -0.9191388916645357, 0.3969294240002999]",28.956618205410223,0.09600803157401983
"[0.5866171487567413, 0.7911180184953281, -0.9191277822978317, 0.3970547838281302]",28.95600726509222,0.09607086405541643
"[0.5865418693681574, 0.7909842936085855, -0.9191166711531482, 0.39717976235699204]",28.955397809157503,0.09613369653681304
"[0.5864666739060476, 0.7908509519352804, -0.9191055559777308, 0.3973043882541793]",28.95478968731137,0.09619652901820964
"[0.5863915756600079, 0.7907180151708656, -0.9190944388757418, 0.3974286411978476]",28.954183011477472,0.09625936149960625
"[0.5863165656969686, 0.7905854656276452, -0.9190833186646928, 0.39755253767561544]",28.95357769548613,0.09632219398100286
"[0.5862416582329542, 0.7904533265440687, -0.9190721975924637, 0.39767605592115746]",28.952973870102568,0.09638502646239948
"[0.5861668350954046, 0.7903215640147342, -0.9190610730989401, 0.39779922758368425]",28.952371355320057,0.09644785894379608
"[0.586092108254738, 0.7901901973151298, -0.9190499470985091, 0.39792203460126213]",28.95177025951368,0.0965106914251927
"[0.5860174728136436, 0.7900592160150482, -0.9190388189977349, 0.39804448668081754]",28.951170532765126,0.09657352390658931
"[0.585942929508333, 0.7899286196198068, -0.9190276890396055, 0.398166584241907]",28.950572174801756,0.09663635638798591
"[0.5858684811375725, 0.7897984112453622, -0.9190165577751618, 0.3982883243283569]",28.94997520987215,0.09669918886938253
"[0.5857941323122883, 0.7896685971509817, -0.9190054260281071, 0.3984097010444966]",28.94937967223023,0.09676202135077913
"[0.5857198750695078, 0.7895391616581123, -0.9189942927382921, 0.39853072900700637]",28.948785486581322,0.09682485383217575
"[0.5856457154280761, 0.7894101135064998, -0.9189831589384551, 0.3986514000015053]",28.948192697434582,0.09688768631357236
"[0.5855716451995028, 0.7892814367196085, -0.9189720235277932, 0.3987717289255987]",28.947601234379356,0.09695051879496897
"[0.5854976802093425, 0.789153157043914, -0.9189608890152094, 0.3988916916607797]",28.94701122515578,0.09701335127636558
"[0.5854238085476172, 0.7890252520750634, -0.9189497537376232, 0.39901130911637916]",28.9464225653758,0.0970761837577622
"[0.5853500295862779, 0.788897719045636, -0.9189386177253082, 0.39913058383965044]",28.945835244034516,0.09713901623915878
"[0.5852763470214716, 0.7887705626655093, -0.9189274816609422, 0.3992495113848035]",28.945249286820474,0.0972018487205554
"[0.5852027571267459, 0.7886437748385386, -0.9189163451050443, 0.3993680992834273]",28.944664659594746,0.09726468120195202
"[0.5851292801907964, 0.7885173887985113, -0.918905211255484, 0.39948631640906584]",28.94408153108835,0.09732751368334862
"[0.5850558839598045, 0.7883913474091646, -0.9188940753478422, 0.39960421616445874]",28.94349961675969,0.09739034616474523
"[0.584982583178219, 0.7882656744206029, -0.9188829397360058, 0.39972177629515676]",28.942919041777373,0.09745317864614184
"[0.584909391063993, 0.7881403908208874, -0.9188718065519136, 0.3998389771269215]",28.942339916991745,0.09751601112753845
"[0.5848362906194817, 0.7880154658703233, -0.9188606733318531, 0.3999558473758394]",28.941762086944316,0.09757884360893507
"[0.5847632870112968, 0.7878909068159312, -0.9188495409800724, 0.4000723802232013]",28.941185596519375,0.09764167609033167
"[0.5846903835542695, 0.787766717709014, -0.9188384101208499, 0.400188571839213]",28.940610468746755,0.09770450857172829
"[0.584617575390329, 0.7876428886887012, -0.9188272801298291, 0.40030443141059596]",28.940036654526,0.0977673410531249
"[0.5845448639249917, 0.7875194205869206, -0.9188161513372884, 0.4004199581204365]",28.93946416205105,0.0978301735345215
"[0.5844722559387346, 0.7873963233382508, -0.9188050248977513, 0.40053514263405166]",28.93889305238732,0.09789300601591812
"[0.5843997367666993, 0.7872735705454922, -0.9187938986775716, 0.40065000961376357]",28.938323185439803,0.09795583849731472
"[0.5843273252762088, 0.7871511926059485, -0.9187827756852621, 0.400764530576816]",28.937754727117348,0.09801867097871134
"[0.5842550073442676, 0.7870291641052051, -0.9187716538655898, 0.40087872926751206]",28.937187548044882,0.09808150346010794
"[0.5841827939447297, 0.7869075020391837, -0.9187605350185949, 0.4009925897425737]",28.93662173785588,0.09814433594150455
"[0.5841106712599117, 0.7867861816302735, -0.9187494171274181, 0.40110613515338484]",28.936057175333346,0.09820716842290117
"[0.5840386581687186, 0.7866652331293876, -0.9187383032134151, 0.40121933715009855]",28.935494018844025,0.09827000090429779
"[0.5839667316421935, 0.7865446163803417, -0.9187271898316018, 0.401332233280009]",28.934932061936546,0.09833283338569439
"[0.583894912843058, 0.7864243654125302, -0.9187160803595542, 0.4014447916553781]",28.934371491984518,0.098395665867091
"[0.5838231867474264, 0.7863044535987411, -0.9187049725817468, 0.4015570371631355]",28.933812165968966,0.0984584983484876
"[0.5837515656851255, 0.7861849001021531, -0.9186938685145074, 0.4016689518288467]",28.933254193198803,0.09852133082988421
"[0.5836800369328585, 0.7860656822471777, -0.918682766291152, 0.4017805568431037]",28.932697455332686,0.09858416331128081
"[0.5836086084079284, 0.7859468118218418, -0.9186716672443677, 0.401891841135162]",28.93214201944385,0.09864699579267742
"[0.583537285282229, 0.7858282959867426, -0.9186605722841691, 0.40200279796492633]",28.93158792576061,0.09870982827407403
"[0.5834660568471874, 0.7857101155331957, -0.9186494798488322, 0.4021134452802157]",28.93103508024572,0.09877266075547064
"[0.5833949273276695, 0.7855922760915504, -0.9186383906978939, 0.4022237777746838]",28.930483510121377,0.09883549323686726
"[0.5833238991275042, 0.7854747802506213, -0.9186273053085892, 0.4023337929891424]",28.929933237783185,0.09889832571826386
"[0.583252969127479, 0.7853576214702357, -0.9186162232955809, 0.4024434970123625]",28.92938422872113,0.09896115819966048
"[0.58318213879705, 0.7852408008137896, -0.9186051449887124, 0.40255288881397566]",28.928836494759157,0.09902399068105709
"[0.5831114078761641, 0.785124316494448, -0.9185940704470777, 0.40266197003265536]",28.92829002817121,0.0990868231624537
"[0.5830407750667538, 0.7850081650324843, -0.9185829995660263, 0.40277074389279927]",28.92774481621161,0.09914965564385031
"[0.5829702388954441, 0.7848923426831129, -0.9185719322117557, 0.402879213867623]",28.927200839295207,0.09921248812524691
"[0.5828998022068083, 0.7847768528002389, -0.9185608689272976, 0.40298737678249746]",28.92665812210626,0.09927532060664353
"[0.5828294707262099, 0.7846617034334865, -0.9185498107099637, 0.40309522506427875]",28.92611671009714,0.09933815308804014
"[0.5827592331469696, 0.7845468747631413, -0.9185387558779291, 0.4032027772425152]",28.925576497418593,0.09940098556943675
"[0.5826890983110291, 0.78443237995509, -0.9185277059174193, 0.4033100209525572]",28.925037562933426,0.09946381805083336
"[0.5826190657898123, 0.7843182170000191, -0.9185166608567763, 0.4034169580428445]",28.924499898285575,0.09952665053222996
"[0.5825491208349072, 0.7842043606092434, -0.9185056184614743, 0.40352361216937954]",28.92396336843748,0.09958948301362658
"[0.5824792794893601, 0.7840908356556342, -0.9184945813553629, 0.40362996000071116]",28.92342811378788,0.0996523154950232
"[0.5824095407793609, 0.7839776392708578, -0.9184835494785138, 0.40373600419070327]",28.922894118887246,0.0997151479764198
"[0.5823399056605387, 0.7838647717301473, -0.9184725230753253, 0.4038417444485836]",28.922361393102527,0.09977798045781641
"[0.5822703614806293, 0.7837522112998968, -0.9184615002321462, 0.4039472011038445]",28.921829819529503,0.09984081293921303
"[0.582200915710661, 0.7836399688727398, -0.9184504822210268, 0.4040523639202493]",28.92129946055675,0.09990364542060963
"[0.5821315792214329, 0.7835280607652022, -0.9184394708581475, 0.4041572175779457]",28.920770406838987,0.09996647790200625
"[0.5820623264984521, 0.7834164446024772, -0.9184284621789361, 0.4042618017495211]",28.92024243657111,0.10002931038340285
"[0.5819931823459419, 0.7833051591784397, -0.9184174602129292, 0.4043660800544213]",28.91971575770204,0.10009214286479946
"[0.5819241416713307, 0.7831941950551802, -0.9184064642402182, 0.4044700613039997]",28.91919032630238,0.10015497534619608
"[0.5818551905859674, 0.7830835287413935, -0.9183954721342016, 0.40457376748082213]",28.918666021011536,0.10021780782759268
"[0.5817863388603383, 0.7829731747717138, -0.9183844855363227, 0.4046771849344643]",28.91814291420904,0.1002806403089893
"[0.5817175840303328, 0.7828631280335909, -0.9183735041382434, 0.40478031842574114]",28.917620989073633,0.10034347279038588
"[0.5816489307740982, 0.7827533948525442, -0.9183625287718639, 0.4048831619961201]",28.917100282889315,0.1004063052717825
"[0.5815803715176434, 0.7826439619780925, -0.9183515583097962, 0.40498572803418453]",28.916580724653247,0.1004691377531791
"[0.5815119188441114, 0.7825348483424717, -0.9183405948494422, 0.4050879987654655]",28.916062421365613,0.10053197023457572
"[0.5814435565480015, 0.7824260269812303, -0.918329635877815, 0.4051899994336406]",28.915545229407403,0.10059480271597233
"[0.5813752971548855, 0.782317516720054, -0.9183186834839376, 0.40529171236372835]",28.91502925441506,0.10065763519736894
"[0.5813071362615406, 0.7822093094278575, -0.918307737043553, 0.4053931451476917]",28.91451445729583,0.10072046767876555
"[0.5812390703875704, 0.7821013984812307, -0.918296796077659, 0.4054943039653354]",28.91400080229937,0.10078330016016215
"[0.5811711021662592, 0.7819937869671096, -0.9182858610887024, 0.40559518589417715]",28.91348830999627,0.10084613264155877
"[0.5811032380400211, 0.7818864839763742, -0.9182749331936891, 0.40569578238254705]",28.912977032011394,0.10090896512295539
"[0.5810354547704121, 0.7817794517172585, -0.9182640087269978, 0.40579612883247296]",28.91246676782622,0.10097179760435199
"[0.5809677853577805, 0.7816727412266863, -0.9182530930850864, 0.40589617736668854]",28.91195779884837,0.1010346300857486
"[0.5809002077403167, 0.7815663166156362, -0.9182421827888148, 0.4059959616045226]",28.911449930941483,0.10109746256714522
"[0.5808327238407155, 0.7814601798836295, -0.918231278223414, 0.4060954796439124]",28.910943175949814,0.10116029504854182
"[0.580765342459358, 0.7813543438169099, -0.9182203808874226, 0.4061947194679323]",28.910437613042312,0.10122312752993844
"[0.5806980539843268, 0.7812487922729259, -0.9182094893021302, 0.40629369618523603]",28.909933151854446,0.10128596001133504
"[0.5806308699372208, 0.7811435422811377, -0.9181986054080968, 0.40639239379932174]",28.909429886538764,0.10134879249273165
"[0.5805637744474802, 0.7810385679553778, -0.9181877267084717, 0.40649083655750035]",28.90892768417197,0.10141162497412827
"[0.5804967740061102, 0.7809338784632217, -0.9181768543274422, 0.4065890158362222]",28.90842659703233,0.10147445745552487
"[0.5804298756608987, 0.7808294837945519, -0.918165989482662, 0.4066869222394939]",28.90792667581915,0.10153728993692149
"[0.5803630760631373, 0.7807253776969804, -0.9181551317044755, 0.40678456160362]",28.907427898981968,0.1016001224183181
"[0.5802963635757469, 0.7806215410595211, -0.9181442791720292, 0.40688195182634407]",28.90693015899914,0.1016629548997147
"[0.5802297495196126, 0.7805179905355829, -0.9181334337970622, 0.40697907726217686]",28.906433550764707,0.10172578738111132
"[0.5801632406066435, 0.7804147355440413, -0.9181225967455227, 0.40707592904940015]",28.905938133215464,0.10178861986250792
"[0.5800968169397553, 0.7803117442258778, -0.9181117648454167, 0.4071725370452792]",28.905443726296802,0.10185145234390454
"[0.5800304872150247, 0.780209029135252, -0.9181009395822071, 0.40726888944871964]",28.904950405752082,0.10191428482530115
"[0.579964263332151, 0.7801066077157004, -0.918090122968893, 0.4073649698701977]",28.904458271776615,0.10197711730669776
"[0.5798981288825334, 0.780004453625656, -0.9180793123949416, 0.4074608029944202]",28.90396718026656,0.10203994978809437
"[0.5798320883619491, 0.7799025728864561, -0.9180685086620012, 0.4075563831476811]",28.903477165948395,0.10210278226949099
"[0.5797661466685529, 0.7798009721102044, -0.9180577126394713, 0.4076517041012332]",28.902988272689164,0.10216561475088759
"[0.5797002979274637, 0.7796996413097499, -0.9180469234329491, 0.40774677519959107]",28.9025004427582,0.10222844723228418
"[0.5796345404846719, 0.7795985770322513, -0.9180361408369617, 0.40784159965767863]",28.902013664299535,0.1022912797136808
"[0.57956887858721, 0.7794977848959344, -0.9180253656134885, 0.4079361721794548]",28.901527968752504,0.1023541121950774
"[0.5795033145471171, 0.7793972675278336, -0.9180145982082972, 0.4080304902749248]",28.90104337798424,0.10241694467647401
"[0.5794378424935386, 0.7792970150212987, -0.9180038377224635, 0.40812456321509893]",28.90055982701918,0.10247977715787063
"[0.5793724675940668, 0.779197034390976, -0.9179930850699425, 0.40821838439323854]",28.900077373238666,0.10254260963926723
"[0.5793071844018159, 0.7790973164151259, -0.9179823394190014, 0.40831196243863843]",28.899595959487286,0.10260544212066385
"[0.5792419952216227, 0.7789978637372412, -0.9179716012121499, 0.4084052948466164]",28.89911560556871,0.10266827460206046
"[0.5791769000472203, 0.7788986754698475, -0.917960870511482, 0.4084983824260238]",28.898636304194365,0.10273110708345706
"[0.5791118992161233, 0.7787997512539749, -0.9179501474353908, 0.40859122548984406]",28.898158062750337,0.10279393956485368
"[0.5790469859735629, 0.7787010799596011, -0.9179394309307152, 0.40868383446060785]",28.897680821349915,0.10285677204625028
"[0.5789821685203426, 0.7786026732037437, -0.9179287224123315, 0.4087761984117564]",28.897204642487903,0.1029196045276469
"[0.5789174478735778, 0.7785045316620398, -0.9179180221105385, 0.40886831668527973]",28.896729536507106,0.10298243700904351
"[0.5788528110657506, 0.7784066348402234, -0.9179073279411045, 0.4089602084948033]",28.896255390599833,0.10304526949044011
"[0.5787882766849005, 0.7783090100506187, -0.9178966430397179, 0.40905184818020385]",28.895782358559757,0.10310810197183673
"[0.5787238243901165, 0.7782116256917648, -0.9178859640981366, 0.4091432653826491]",28.895310267185415,0.10317093445323335
"[0.5786594747435675, 0.7781145120061717, -0.9178752945824729, 0.4092344316899242]",28.894839290996465,0.10323376693462995
"[0.5785952093622861, 0.7780176404243017, -0.9178646315039442, 0.40932537389908746]",28.894369266935907,0.10329659941602656
"[0.5785310447907074, 0.7779210350680691, -0.9178539776661341, 0.40941606934210617]",28.893900340040663,0.10335943189742317
"[0.5784669641411997, 0.7778246697009172, -0.917843330323077, 0.4095065426280458]",28.893432358250998,0.10342226437881978
"[0.5784029739628113, 0.7777285533930818, -0.9178326906187948, 0.4095967852196792]",28.892965379784023,0.1034850968602164
"[0.5783390734549991, 0.7776326841533117, -0.9178220584766725, 0.4096867989646838]",28.892499394505812,0.103547929341613
"[0.5782752711596183, 0.7775370739926001, -0.9178114353753987, 0.4097765725633285]",28.892034472078716,0.10361076182300961
"[0.578211560344939, 0.7774417120190783, -0.917800820251515, 0.40986611622021935]",28.891570552916523,0.10367359430440623
"[0.5781479355311742, 0.7773465892632745, -0.917790212246931, 0.40995543833621045]",28.89110759033137,0.10373642678580283
"[0.5780843998570399, 0.7772517096611167, -0.9177796119391215, 0.41004453519430034]",28.89064560999693,0.10379925926719945
"[0.5780209620884031, 0.7771570855200833, -0.9177690208464018, 0.41013339521528536]",28.890184680069932,0.10386209174859605
"[0.5779576062697506, 0.7770626922811943, -0.917758436359209, 0.4102220414408942]",28.889724669371688,0.10392492422999267
"[0.5778943495795281, 0.7769685547803398, -0.9177478614015394, 0.4103104505261371]",28.889265716128907,0.10398775671138928
"[0.5778311714334491, 0.776874641639376, -0.9177372925853919, 0.41039865191889513]",28.888807647935412,0.10405058919278587
"[0.5777680900939152, 0.7767809792704835, -0.9177267330182606, 0.4104866207927781]",28.888350616823335,0.10411342167418247
"[0.5777050946749998, 0.7766875507614692, -0.9177161809312149, 0.4105743730109199]",28.887894524614794,0.10417625415557909
"[0.5776421865642926, 0.7765943574498051, -0.917705636608113, 0.410661907296874]",28.88743939205902,0.1042390866369757
"[0.5775793772850427, 0.7765014156576496, -0.9176951020336219, 0.4107492082985732]",28.88698530003867,0.1043019191183723
"[0.5775166538610563, 0.7764087054429765, -0.9176845750839576, 0.4108362947268851]",28.886532146640373,0.10436475159976892
"[0.5774540112690935, 0.7763162186897267, -0.9176740549654435, 0.4109231741860744]",28.88607988639156,0.10442758408116552
"[0.5773914670403861, 0.7762239805630722, -0.917663544673327, 0.41100982301642563]",28.88562866237262,0.10449041656256214
"[0.5773289998858633, 0.7761319589617648, -0.917653040680224, 0.41109627135406746]",28.885178299318618,0.10455324904395875
"[0.5772666287108403, 0.776040181040815, -0.9176425462145554, 0.41118249366898757]",28.88472895128439,0.10461608152535536
"[0.5772043401217978, 0.7759486263876142, -0.9176320590727661, 0.4112685091182266]",28.884280501850185,0.10467891400675197
"[0.5771421398927995, 0.775857302807575, -0.917621580275494, 0.41135431034930753]",28.88383300055119,0.10474174648814859
"[0.577080030917513, 0.7757662138505265, -0.9176111103597804, 0.4114398940072483]",28.883386470374635,0.10480457896954519
"[0.5770180063234455, 0.7756753487522456, -0.9176006482157231, 0.41152527018625173]",28.88294085192677,0.1048674114509418
"[0.5769560763719613, 0.7755847218562676, -0.917590195623015, 0.4116104253896537]",28.882496225074135,0.10493024393233841
"[0.5768942212832318, 0.775494303554817, -0.917579749290258, 0.4116953874187894]",28.882052427765643,0.10499307641373502
"[0.5768324576437235, 0.7754041174426746, -0.9175693120649085, 0.4117801340841678]",28.881609596271357,0.10505590889513164
"[0.576770782840482, 0.7753141590238809, -0.91755888355354, 0.41186466959118145]",28.881167706295525,0.10511874137652824
"[0.5767091880444275, 0.7752244147708994, -0.9175484623093346, 0.41194900663336365]",28.88072667934004,0.10518157385792486
"[0.5766476914053503, 0.7751349104603549, -0.9175380514502686, 0.4120331209680905]",28.880286672478423,0.10524440633932147
"[0.5765862712588414, 0.7750456139053399, -0.9175276473551266, 0.41211704282521494]",28.879847499364455,0.10530723882071807
"[0.5765249419999978, 0.7749565453994315, -0.9175172525073261, 0.4122007531144449]",28.879409278063246,0.10537007130211469
"[0.5764636911427291, 0.7748676861731971, -0.9175068648355809, 0.4122842694578565]",28.87897190169931,0.10543290378351129
"[0.5764025314653994, 0.7747790541317957, -0.9174964865517816, 0.41236757500873283]",28.87853547817644,0.10549573626490791
"[0.5763414585281317, 0.7746906421922495, -0.9174861169482588, 0.41245067640576094]",28.87809996807642,0.10555856874630452
"[0.5762804661548361, 0.774602440793194, -0.9174757550202622, 0.4125335826181602]",28.877665315946054,0.10562140122770113
"[0.5762195576723173, 0.7745144541349984, -0.9174654013761824, 0.41261628968017]",28.877231553721483,0.10568423370909774
"[0.5761587410313052, 0.7744266930700495, -0.917455057412131, 0.4126987873723659]",28.87679873992394,0.10574706619049436
"[0.5760979973410222, 0.7743391297336075, -0.9174447199578075, 0.41278110187090705]",28.876366720746486,0.10580989867189096
"[0.5760373431023429, 0.77425178731634, -0.9174343918634749, 0.41286321135806503]",28.87593562788218,0.10587273115328755
"[0.5759767753736257, 0.7741646609590788, -0.9174240726720604, 0.4129451203838797]",28.87550543888086,0.10593556363468416
"[0.5759162878090677, 0.7740777409346632, -0.9174137613446246, 0.41302683807571605]",28.87507609586027,0.10599839611608076
"[0.5758558904023241, 0.7739910410002332, -0.9174034596272759, 0.4131083514823547]",28.874647685449613,0.10606122859747738
"[0.5757955683771975, 0.773904539355039, -0.9173931650412571, 0.41318968108330917]",28.87422007860516,0.106124061078874
"[0.5757353292076047, 0.7738182461465701, -0.917382878902336, 0.41327081732129123]",28.873793341026932,0.1061868935602706
"[0.5756751738023502, 0.7737321620910256, -0.9173726014069078, 0.4133517595059029]",28.873367473544715,0.10624972604166721
"[0.5756151070172458, 0.7736462935419661, -0.9173623334263578, 0.4134325016457887]",28.872942517150452,0.10631255852306383
"[0.5755551147245371, 0.7735606197314912, -0.917352072585876, 0.4135130632523697]",28.872518354718498,0.10637539100446043
"[0.575495209317597, 0.7734751577937214, -0.9173418210449201, 0.4135934281974905]",28.872095085430782,0.10643822348585705
"[0.5754353888342377, 0.7733899043449175, -0.9173315785086612, 0.41367359964604916]",28.871672693178056,0.10650105596725365
"[0.5753756417345971, 0.7733048423871715, -0.9173213430400784, 0.413753593566604]",28.871251080672515,0.10656388844865027
"[0.5753159885098331, 0.7732200005254558, -0.9173111181894257, 0.4138333830418874]",28.870830417673,0.10662672093004688
"[0.5752564075192543, 0.7731353474184641, -0.9173009002868434, 0.4139129975303614]",28.870410517882373,0.10668955341144348
"[0.5751969041496218, 0.7730508901950696, -0.9172906902931485, 0.4139924303121221]",28.86999143376395,0.1067523858928401
"[0.5751374931697166, 0.7729666492523666, -0.9172804907819958, 0.4140716621869627]",28.86957327867458,0.10681521837423671
"[0.5750781587018733, 0.7728826015169599, -0.9172702990667, 0.4141507148398922]",28.869155922420486,0.10687805085563332
"[0.5750189044574229, 0.7727987517150814, -0.9172601158220228, 0.4142295838099903]",28.868739397544463,0.10694088333702993
"[0.5749597309683329, 0.7727151000623712, -0.9172499411770171, 0.4143082688786504]",28.868323700676527,0.10700371581842653
"[0.5749006356911255, 0.7726316424331469, -0.9172397747314849, 0.4143867739110226]",28.867908816966057,0.10706654829982315
"[0.5748416263943437, 0.7725483892602922, -0.9172296178595061, 0.4144650890774965]",28.867494802262176,0.10712938078121977
"[0.5747826928086871, 0.7724653255251692, -0.9172194688305669, 0.4145432284902903]",28.867081574312405,0.10719221326261637
"[0.5747238364170054, 0.7723824528087727, -0.9172093279357312, 0.4146211906471321]",28.86666914740155,0.10725504574401298
"[0.5746650608587719, 0.7722997757185963, -0.9171991958382424, 0.4146989711982828]",28.866257545665384,0.1073178782254096
"[0.5746063627892256, 0.7722172890347043, -0.9171890719975074, 0.4147765750393162]",28.86584673572781,0.1073807107068062
"[0.5745477503238412, 0.7721350036393358, -0.9171789578496372, 0.41485399191673084]",28.865436792893476,0.10744354318820282
"[0.5744892151825846, 0.7720529073890765, -0.9171688520020096, 0.4149312332400948]",28.86502764358847,0.10750637566959942
"[0.5744307550180056, 0.7719709964970207, -0.9171587540839488, 0.41500830255771765]",28.864619267916936,0.10756920815099603
"[0.5743723695426807, 0.7718892700737983, -0.9171486640798746, 0.4150852006919751]",28.864211661293396,0.10763204063239265
"[0.5743140708334106, 0.7718077445159426, -0.9171385841122432, 0.41516191219993215]",28.863804920412765,0.10769487311378925
"[0.5742558511876884, 0.7717264085376198, -0.9171285128850086, 0.4152384476857101]",28.863398985235428,0.10775770559518584
"[0.5741976977309169, 0.7716452436821752, -0.9171184482039603, 0.4153148245026658]",28.862993747949375,0.10782053807658246
"[0.5741396383094155, 0.7715642883167467, -0.9171083949231147, 0.4153910065321737]",28.862589431052445,0.10788337055797907
"[0.5740816434845658, 0.7714835009011606, -0.9170983479792587, 0.41546703285042424]",28.8621857975424,0.10794620303937567
"[0.5740237329007745, 0.7714029083301993, -0.9170883108083726, 0.4155428781336281]",28.86178300424431,0.10800903552077229
"[0.573965898049066, 0.7713224982721091, -0.917078281969679, 0.41561855397251163]",28.861380981373298,0.10807186800216889
"[0.5739081424564304, 0.7712422751530009, -0.9170682621079776, 0.41569405618728744]",28.860979756991927,0.10813470048356551
"[0.5738504563950575, 0.7711622249979482, -0.9170582495678712, 0.41576939791665773]",28.86057924773608,0.10819753296496212
"[0.5737928508718017, 0.7710823626179192, -0.917048246292043, 0.41584456520695384]",28.860179547575083,0.10826036544635873
"[0.573735323674659, 0.7710026844681155, -0.9170382519295025, 0.41591956138025027]",28.859780633012324,0.10832319792775534
"[0.5736778692278864, 0.7709231823654101, -0.9170282655435531, 0.41599439412501915]",28.859382460590776,0.10838603040915196
"[0.57362048896579, 0.7708438578444865, -0.9170182874148098, 0.4160690619832096]",28.858985038376296,0.10844886289054856
"[0.5735631891657152, 0.7707647191205221, -0.9170083186669408, 0.41614355720800233]",28.858588418325827,0.10851169537194517
"[0.5735059640100225, 0.7706857576971204, -0.9169983583197693, 0.4162178877833885]",28.858192551095165,0.10857452785334178
"[0.5734488147090767, 0.7706069747941717, -0.9169884066151839, 0.4162920525474713]",28.857797443574967,0.10863736033473839
"[0.573391742006336, 0.770528370984797, -0.916978463713926, 0.41636605094711776]",28.857403105093756,0.10870019281613501
"[0.573334740867244, 0.7704499388938293, -0.9169685287695001, 0.4164398899120782]",28.857009490762145,0.10876302529753161
"[0.5732778146641878, 0.7703716827256611, -0.9169586023999247, 0.4165135654710246]",28.856616626791457,0.10882585777892823
"[0.5732209646244427, 0.7702936037248213, -0.9169486848498121, 0.41658707643890647]",28.856224521423805,0.10888869026032484
"[0.5731641891745273, 0.7702156992904845, -0.9169387758750684, 0.4166604252510906]",28.855833165377266,0.10895152274172144
"[0.5731074906448447, 0.7701379721812612, -0.9169288759127394, 0.4167336092969968]",28.855442574686503,0.10901435522311806
"[0.5730508575784408, 0.7700604062713311, -0.9169189829914568, 0.4168066437472024]",28.855052647605024,0.10907718770451466
"[0.5729943023053127, 0.7699830180288837, -0.9169090992941196, 0.4168795130828956]",28.85466349569019,0.10914002018591128
"[0.5729378239474573, 0.7699058058137, -0.9168992246974906, 0.41695221883520256]",28.854275104634734,0.10920285266730789
"[0.5728814216373347, 0.7698287680063813, -0.9168893590797283, 0.41702476251584414]",28.853887465106396,0.1092656851487045
"[0.5728250853810194, 0.7697518905455998, -0.9168795007211775, 0.4170971573533676]",28.853500496048916,0.10932851763010111
"[0.5727688243582569, 0.7696751855506992, -0.9168696512564015, 0.4171693919226985]",28.85311427306275,0.10939135011149773
"[0.5727126361408444, 0.7695986492930218, -0.9168598102891049, 0.4172414697224544]",28.85272877121804,0.10945418259289433
"[0.572656526110179, 0.7695222886812391, -0.9168499787907819, 0.4173133842335652]",28.85234404165767,0.10951701507429094
"[0.5726004840122914, 0.7694460893500805, -0.9168401549930275, 0.41738514897235957]",28.85195999021432,0.10957984755568753
"[0.5725445104871464, 0.7693700517787595, -0.9168303390350704, 0.4174567634755826]",28.851576628122068,0.10964268003708415
"[0.5724886098141077, 0.7692941813824944, -0.9168205316948279, 0.41752822263085393]",28.851193984013676,0.10970551251848075
"[0.5724327846141277, 0.7692184813097127, -0.9168107334602007, 0.41759952346029633]",28.85081208349621,0.10976834499987737
"[0.57237703160162, 0.7691429466994197, -0.9168009437823659, 0.4176706705299931]",28.850430893615165,0.10983117748127397
"[0.5723213508532767, 0.7690675772575849, -0.9167911627021385, 0.41774166410470454]",28.850050422189685,0.10989400996267058
"[0.5722657359575701, 0.7689923639209437, -0.9167813891197544, 0.41781251270970043]",28.849670605540187,0.1099568424440672
"[0.5722101995110457, 0.7689173233310588, -0.9167716252759335, 0.4178832006570602]",28.849291554322612,0.1100196749254638
"[0.5721547319399432, 0.7688424421543597, -0.9167618695147478, 0.4179537404947422]",28.848913183183416,0.11008250740686042
"[0.5720993366299062, 0.7687677245768638, -0.9167521224580867, 0.4180241282675963]",28.848535521478773,0.11014533988825703
"[0.572044007627769, 0.7686931621906611, -0.9167423830844617, 0.4180943718846664]",28.848158522404855,0.11020817236965363
"[0.5719887516042106, 0.7686187636075255, -0.9167326525940291, 0.4181644632213538]",28.847782235582294,0.11027100485105025
"[0.5719335681572055, 0.7685445278990347, -0.916722930942469, 0.41823440314039595]",28.847406658247156,0.11033383733244685
"[0.5718784481215416, 0.7684704423672205, -0.9167132165404647, 0.4183042035936057]",28.8470317176205,0.11039666981384347
"[0.5718234015212124, 0.768396520116853, -0.9167035111799282, 0.41837385222281986]",28.846657491087573,0.11045950229524008
"[0.5717684252557007, 0.7683227566055214, -0.9166938143400799, 0.4184433532961373]",28.84628395304827,0.11052233477663669
"[0.5717135181872495, 0.7682491499371048, -0.9166841258455346, 0.4185127085886808]",28.84591109385456,0.1105851672580333
"[0.5716586845922582, 0.7681757054710847, -0.9166744464763672, 0.41858191303896375]",28.8455389487026,0.11064799973942992
"[0.5716039097852764, 0.7681024031841273, -0.9166647736645362, 0.4186509855034057]",28.845167391157187,0.11071083222082652
"[0.5715492171926976, 0.7680292740595145, -0.9166551115720198, 0.41871989677519555]",28.844796620679823,0.11077366470222313
"[0.5714945876846782, 0.7679562921460166, -0.9166454568446807, 0.41878867129720526]",28.84442647561588,0.11083649718361974
"[0.5714400237350712, 0.7678834604061212, -0.9166358099432447, 0.41885730626710244]",28.844056975712526,0.11089932966501635
"[0.5713855289982324, 0.7678107833662222, -0.9166261715378327, 0.41892579740839375]",28.843688147829358,0.11096216214641297
"[0.5713311056531274, 0.7677382635724804, -0.9166165420383434, 0.4189941423103698]",28.843320015255657,0.11102499462780957
"[0.5712767491008526, 0.7676658945427259, -0.916606920655194, 0.4190623470710026]",28.842952532353653,0.11108782710920619
"[0.5712224586821556, 0.7675936750557083, -0.9165973072951692, 0.4191304128305636]",28.842585696056947,0.11115065959060279
"[0.5711682415317165, 0.7675216142493185, -0.9165877032456384, 0.41919833096572007]",28.84221956865617,0.1112134920719994
"[0.5711140863078084, 0.7674496967048132, -0.9165781065209877, 0.4192661159980663]",28.841854048549536,0.11127632455339602
"[0.5710599993609586, 0.7673779305212829, -0.9165685182694223, 0.41933376028345654]",28.841489190643916,0.11133915703479262
"[0.5710059826528299, 0.7673063179547737, -0.9165589388622564, 0.4194012616845747]",28.84112500940769,0.11140198951618921
"[0.5709520286928431, 0.767234848738638, -0.9165493669939878, 0.4194686298681602]",28.840761444689875,0.11146482199758583
"[0.570898145687922, 0.7671635334083273, -0.9165398041434343, 0.4195358548927902]",28.84039856175532,0.11152765447898244
"[0.5708443321376551, 0.7670923696326014, -0.9165302500677067, 0.4196029389451647]",28.840036346385112,0.11159048696037904
"[0.5707905785476494, 0.767021344530316, -0.9165207031033555, 0.41966989415775585]",28.83967472195997,0.11165331944177566
"[0.570736889227162, 0.7669504634796963, -0.9165111640373007, 0.4197367154506154]",28.839313725738375,0.11171615192317227
"[0.5706832745162791, 0.7668797397934011, -0.916501634729577, 0.41980339026293867]",28.838953435514536,0.11177898440456888
"[0.5706297215887564, 0.7668091562193687, -0.9164921129230283, 0.4198699348486493]",28.838593747896365,0.11184181688596549
"[0.5705762330132352, 0.7667387158285376, -0.9164825990957912, 0.419936346302639]",28.838234684173624,0.1119046493673621
"[0.570522817939192, 0.7666684303377465, -0.9164730948977072, 0.4200026135677563]",28.837876318786673,0.11196748184875871
"[0.5704694598852605, 0.7665982777412561, -0.9164635974178675, 0.4200687573816154]",28.83751851579216,0.11203031433015533
"[0.5704161672589787, 0.7665282687884306, -0.9164541081735269, 0.42013476759950946]",28.837161343180796,0.11209314681155193
"[0.5703629489080285, 0.766458414771147, -0.9164446287623986, 0.42020063356406345]",28.83680487091845,0.11215597929294854
"[0.5703097858561711, 0.7663886904680147, -0.9164351558256058, 0.4202663790468462]",28.83644894760051,0.11221881177434516
"[0.5702566907568066, 0.7663191121724379, -0.9164256916383322, 0.4203319886746958]",28.836093670176673,0.11228164425574176
"[0.5702036605078541, 0.7662496755034938, -0.9164162356689558, 0.42039746656865207]",28.83573901801798,0.11234447673713838
"[0.570150696587352, 0.766180382084652, -0.9164067882020946, 0.4204628111879225]",28.835385001148705,0.11240730921853498
"[0.5700977935457205, 0.7661112244819642, -0.9163973482862653, 0.42052802953317586]",28.83503157032916,0.1124701416999316
"[0.570044954235276, 0.7660422061253664, -0.916387916450674, 0.4205931183603683]",28.834678755711984,0.11253297418132821
"[0.5699921772091713, 0.765973324825277, -0.9163784924573342, 0.4206580797249011]",28.83432653801308,0.11259580666272481
"[0.5699394733741604, 0.7659045945031371, -0.9163690782748377, 0.42072290048761624]",28.833975007815894,0.11265863914412143
"[0.5698868281971297, 0.7658359959001781, -0.9163596713278346, 0.42078759880204647]",28.833624046466365,0.11272147162551804
"[0.5698342438389596, 0.7657675315464996, -0.9163502720218185, 0.42085217227285676]",28.833273669531643,0.11278430410691465
"[0.569781724565034, 0.76569920670112, -0.9163408811390867, 0.4209166159305211]",28.832923915778622,0.11284713658831126
"[0.5697292756611294, 0.7656310279324335, -0.916331499645428, 0.420980923569932]",28.83257482094179,0.11290996906970786
"[0.5696768776396195, 0.7655629696235635, -0.9163221240743611, 0.42104511934437827]",28.832226228130157,0.11297280155110448
"[0.5696245487924128, 0.7654950552516749, -0.9163127577179058, 0.4211091811001093]",28.83187829144667,0.1130356340325011
"[0.5695722826209109, 0.7654272760838731, -0.9163033994329044, 0.42117311706507055]",28.831530949474708,0.1130984665138977
"[0.5695200800788098, 0.7653596330679703, -0.9162940494095466, 0.4212369263359481]",28.831184209994507,0.11316129899529431
"[0.5694679386587751, 0.7652921226696519, -0.91628470721794, 0.42130061223761056]",28.83083805964014,0.1132241314766909
"[0.5694158602877843, 0.7652247471006091, -0.9162753732223946, 0.42136417267458387]",28.830492503425823,0.11328696395808752
"[0.5693638409620866, 0.7651575009021151, -0.9162660467240955, 0.42142761278755214]",28.830147513770264,0.11334979643948412
"[0.5693118826594051, 0.7650903863561098, -0.9162567280961349, 0.42149093041492003]",28.82980310943459,0.11341262892088073
"[0.5692599924698641, 0.7650234123335695, -0.9162474186293346, 0.42155411717834285]",28.829459341286256,0.11347546140227734
"[0.5692081593722422, 0.764956564329339, -0.9162381163651911, 0.421617186753729]",28.829116118013232,0.11353829388367395
"[0.5691563867728016, 0.7648898464688668, -0.9162288219330371, 0.42168013524020936]",28.828773475593426,0.11360112636507057
"[0.5691046775730264, 0.7648232622152659, -0.9162195358722486, 0.4217429593614434]",28.828431428777655,0.11366395884646717
"[0.5690530239518374, 0.7647568012301512, -0.9162102567962731, 0.42180566886337567]",28.82808991627409,0.11372679132786379
"[0.5690014420679733, 0.7646904840256195, -0.9162009876264843, 0.42186824438275017]",28.827749068973496,0.1137896238092604
"[0.568949917188137, 0.7646242913797139, -0.9161917257339824, 0.42193070404796834]",28.827408761571306,0.113852456290657
"[0.5688984486859242, 0.7645582222319255, -0.9161824710234033, 0.4219930488514763]",28.82706900094705,0.11391528877205362
"[0.5688470429359423, 0.7644922845019235, -0.916173224658633, 0.42205527131153225]",28.82672982779845,0.11397812125345022
"[0.5687956957950759, 0.7644264726098312, -0.9161639859122038, 0.42211737668502536]",28.826391211455153,0.11404095373484684
"[0.5687444118828524, 0.7643607922113349, -0.9161547556330087, 0.42217935962621445]",28.82605318510238,0.11410378621624345
"[0.5686931845612988, 0.7642952345439321, -0.9161455326437766, 0.42224122839586076]",28.82571569895188,0.11416661869764005
"[0.5686420180995367, 0.7642298048143873, -0.9161363177302989, 0.42230297807186556]",28.825378788186054,0.11422945117903667
"[0.5685909168613642, 0.764164508334758, -0.9161271116963042, 0.42236460363223954]",28.825042481196004,0.11429228366043329
"[0.568539865690492, 0.7640993254871595, -0.9161179118281783, 0.42242612358380605]",28.824706660422997,0.11435511614182989
"[0.5684888852704966, 0.7640342824222736, -0.9161087218704991, 0.422487513237002]",28.824371491098724,0.1144179486232265
"[0.5684379526552136, 0.7639693496102583, -0.9160995377038388, 0.4225488004547416]",28.824036786247753,0.1144807811046231
"[0.5683870833430249, 0.7639045465673449, -0.9160903621391161, 0.4226099668086348]",28.823702670609247,0.11454361358601972
"[0.5683362810744931, 0.7638398777895656, -0.9160811958688041, 0.42267100804619057]",28.823369174977465,0.11460644606741634
"[0.5682855221519953, 0.7637753128716862, -0.9160720346331737, 0.4227319528592922]",28.82303610838622,0.11466927854881294
"[0.5682348320286421, 0.7637108839489659, -0.9160628830422453, 0.42279277090662687]",28.822703671913743,0.11473211103020955
"[0.5681841980583724, 0.7636465746895229, -0.9160537388299855, 0.4228534775963309]",28.822371767886082,0.11479494351160617
"[0.5681336242393766, 0.7635823899264759, -0.9160446027347451, 0.42291406835803463]",28.82204042539871,0.11485777599300277
"[0.5680831060860977, 0.7635183237238086, -0.9160354739624, 0.4229745487874179]",28.821709608697944,0.11492060847439939
"[0.56803264959027, 0.763454383435694, -0.916026353611906, 0.423034911933922]",28.821379359742743,0.11498344095579599
"[0.5679822475509453, 0.7633905596950546, -0.916017240397705, 0.4230951666326674]",28.821049630217708,0.1150462734371926
"[0.5679319053031366, 0.7633268590193907, -0.9160081353002603, 0.42315530672281143]",28.820720457248903,0.1151091059185892
"[0.5678816180267853, 0.7632632750716342, -0.9159990374636033, 0.42321533817940504]",28.820391801605574,0.11517193839998581
"[0.5678313889937288, 0.76319981175385, -0.9159899474952776, 0.4232752573106889]",28.820063687838832,0.11523477088138241
"[0.5677812189876362, 0.7631364698165255, -0.9159808655529665, 0.42333506340021543]",28.819736125637696,0.11529760336277903
"[0.5677311032994575, 0.7630732430810142, -0.9159717907997004, 0.4233947622740656]",28.81940907490527,0.11536043584417564
"[0.5676810469683365, 0.7630101376719716, -0.9159627241633834, 0.423454348141665]",28.819082570257965,0.11542326832557225
"[0.5676310473051903, 0.7629471499641257, -0.9159536651724954, 0.42351382441835383]",28.818756599391094,0.11548610080696886
"[0.567581105707822, 0.7628842814858992, -0.9159446140956687, 0.42357318965325846]",28.818431166251795,0.11554893328836546
"[0.5675312189677099, 0.7628215279691907, -0.9159355703665801, 0.42363244786909654]",28.818106249848807,0.11561176576976208
"[0.5674813878296823, 0.7627588901261207, -0.9159265341351625, 0.4236915983859985]",28.817781846310428,0.1156745982511587
"[0.5674316127044735, 0.7626963682474341, -0.9159175054908267, 0.423750640921962]",28.817457967818562,0.1157374307325553
"[0.5673818973920025, 0.7626339668757117, -0.9159084851380223, 0.42380957117958645]",28.81713464023486,0.11580026321395191
"[0.567332229762264, 0.7625716705674823, -0.9158994708903582, 0.42386840373608026]",28.816811766787946,0.11586309569534853
"[0.5672826259986953, 0.7625094993981602, -0.9158904656997131, 0.42392711962487384]",28.81648947938521,0.11592592817674513
"[0.5672330752245586, 0.7624474395060585, -0.915881467606561, 0.42398573192967054]",28.8161676845975,0.11598876065814175
"[0.5671835799612085, 0.7623854938319908, -0.9158724770831235, 0.4240442378658377]",28.81584640500005,0.11605159313953835
"[0.5671341423965215, 0.7623236648915831, -0.9158634945414678, 0.4241026350500549]",28.815525661455652,0.11611442562093496
"[0.5670847574902377, 0.7622619461633274, -0.9158545190801783, 0.4241609296346304]",28.8152054079594,0.11617725810233158
"[0.5670354277250292, 0.7622003405362708, -0.9158455511645839, 0.4242191188837082]",28.814885663669244,0.11624009058372818
"[0.5669861567418294, 0.7621388523363359, -0.9158365914711007, 0.424277198703914]",28.81456646177339,0.1163029230651248
"[0.5669369371692294, 0.7620774721490445, -0.9158276386734424, 0.42433517798070963]",28.814247738636492,0.11636575554652141
"[0.5668877727444003, 0.7620162044253046, -0.9158186934652169, 0.42439305250282794]",28.813929524935634,0.11642858802791801
"[0.5668386644837069, 0.7619550502165452, -0.915809756045474, 0.42445082126990463]",28.81361183180246,0.11649142050931463
"[0.5667896100855979, 0.7618940064440158, -0.9158008260093137, 0.4245084871831674]",28.81329463827851,0.11655425299071123
"[0.5667406071520904, 0.7618330699180156, -0.9157919029337604, 0.42456605324895913]",28.81297792119457,0.11661708547210785
"[0.5666916639598213, 0.7617722507181516, -0.9157829883398627, 0.42462350993808845]",28.81266174750237,0.11667991795350446
"[0.566642771980575, 0.7617115380353356, -0.9157740806881314, 0.4246808674549756]",28.812346052542914,0.11674275043490107
"[0.5665939302217381, 0.7616509304387437, -0.9157651798108198, 0.42473812714475284]",28.812030826427808,0.11680558291629768
"[0.5665451456912197, 0.7615904364190891, -0.9157562869985221, 0.42479528097885727]",28.811716122152166,0.1168684153976943
"[0.5664964150376778, 0.7615300516112291, -0.9157474016540148, 0.42485233307439835]",28.81140191372691,0.11693124787909089
"[0.5664477349045967, 0.7614697716560292, -0.915738523178426, 0.4249092875432314]",28.81108817926118,0.11699408036048749
"[0.5663991120820789, 0.7614096047579663, -0.9157296528234907, 0.4249661366266739]",28.81077496112013,0.1170569128418841
"[0.5663505422546367, 0.7613495453708826, -0.9157207898153767, 0.4250228855581336]",28.810462235956088,0.1171197453232807
"[0.5663020226034551, 0.7612895898130454, -0.9157119336525883, 0.42507953780982727]",28.81014997439717,0.11718257780467732
"[0.5662535574819668, 0.7612297432666049, -0.9157030851426803, 0.42513608847849155]",28.809838214786623,0.11724541028607394
"[0.5662051463046867, 0.7611700048070804, -0.9156942441919038, 0.42519253843091903]",28.809526946448088,0.11730824276747054
"[0.566156787963479, 0.7611103728684592, -0.9156854106108581, 0.42524888914023423]",28.80921616582114,0.11737107524886715
"[0.566108479798608, 0.7610508439778937, -0.9156765839263383, 0.4253051438816961]",28.808905848673025,0.11743390773026377
"[0.5660602303987329, 0.7609914285190471, -0.9156677657206406, 0.42536129283601626]",28.80859606076584,0.11749674021166037
"[0.566012028015448, 0.7609321118294701, -0.9156589538593226, 0.4254173498529611]",28.808286714527867,0.11755957269305699
"[0.5659638757687417, 0.760872897565021, -0.915650148924824, 0.4254733114713899]",28.807977827271465,0.11762240517445359
"[0.5659157757982934, 0.7608137881673946, -0.9156413513207865, 0.42552917537733403]",28.80766942002334,0.1176852376558502
"[0.56586773314147, 0.7607547896290262, -0.9156325619813915, 0.4255849359006918]",28.807361533980377,0.11774807013724682
"[0.5658197414267944, 0.7606958939299319, -0.9156237797536718, 0.42564060061467424]",28.807054114347544,0.11781090261864342
"[0.5657717951511131, 0.7606370941367054, -0.9156150036423938, 0.4256961760662436]",28.806747115170765,0.11787373510004004
"[0.5657239058348309, 0.7605784041908022, -0.9156062357684348, 0.42575164907211444]",28.806440634711084,0.11793656758143665
"[0.5656760676840139, 0.7605198167982565, -0.9155974750835222, 0.4258070265199007]",28.80613461714964,0.11799940006283326
"[0.565628277820537, 0.7604613282524266, -0.9155887210724524, 0.4258623119069995]",28.805829051477243,0.11806223254422987
"[0.5655805426226006, 0.7604029461738905, -0.9155799749156243, 0.42591749802388523]",28.80552397831734,0.11812506502562647
"[0.5655328556084426, 0.7603446624504457, -0.9155712354374367, 0.4259725925324092]",28.805219346313795,0.11818789750702309
"[0.5654852238939838, 0.7602864855944271, -0.915562503953998, 0.4260275873797404]",28.804915216031283,0.1182507299884197
"[0.5654376380105328, 0.7602284038595645, -0.9155537787413638, 0.42608249366351886]",28.804611510328854,0.11831356246981631
"[0.5653901069465025, 0.7601704280367422, -0.9155450614593261, 0.4261373011766958]",28.804308297895595,0.11837639495121292
"[0.5653426237974901, 0.7601125495223364, -0.9155363508533966, 0.4261920180465198]",28.804005526187005,0.11843922743260954
"[0.5652951929593166, 0.7600547734962445, -0.915527647741547, 0.4262466393699757]",28.803703229524242,0.11850205991400614
"[0.565247809097654, 0.7599970932841353, -0.9155189511564431, 0.42630117145094454]",28.80340136419799,0.11856489239540276
"[0.5652004779187849, 0.7599395156558866, -0.9155102621568256, 0.42635560788302657]",28.803099975992932,0.11862772487679936
"[0.5651531946140343, 0.7598820345849759, -0.9155015798713769, 0.4264099543579252]",28.80279902467714,0.11869055735819597
"[0.5651059629339881, 0.7598246544559512, -0.9154929050001225, 0.42646420672421825]",28.802498543169566,0.11875338983959256
"[0.5650587824133071, 0.7597673745251682, -0.9154842374690983, 0.4265183656789168]",28.802198523724876,0.11881622232098918
"[0.5650116474546226, 0.7597101878267191, -0.9154755762610693, 0.42657243780255527]",28.801898925087325,0.11887905480238578
"[0.5649645666251695, 0.7596531045814774, -0.9154669229614995, 0.4266264134249884]",28.801599810300562,0.1189418872837824
"[0.5649175387395605, 0.7595961231705851, -0.9154582773641546, 0.4266802940707152]",28.80130117330927,0.11900471976517901
"[0.5648705504019442, 0.7595392271994043, -0.9154496370169901, 0.4267340952366242]",28.801002907544767,0.11906755224657561
"[0.5648236132072444, 0.7594824305468615, -0.9154410040625999, 0.4267878037932106]",28.8007051038782,0.11913038472797223
"[0.564776728467813, 0.7594257346253085, -0.9154323787536308, 0.4268414183988794]",28.800407769677438,0.11919321720936885
"[0.5647298946317307, 0.7593691373832896, -0.9154237608157874, 0.42689494098758723]",28.800110896258353,0.11925604969076545
"[0.5646831094999066, 0.7593126359935479, -0.9154151498553356, 0.42694837422716425]",28.799814462893508,0.11931888217216206
"[0.5646363653959652, 0.7592562210280316, -0.915406544469664, 0.4270017270282894]",28.79951841177244,0.11938171465355867
"[0.5645896755809356, 0.7591999083278202, -0.915397947110633, 0.4270549844040991]",28.799222844648593,0.11944454713495528
"[0.5645430371844014, 0.7591436942556836, -0.9153893572608647, 0.4271081497884401]",28.79892774126554,0.1195073796163519
"[0.5644964378375903, 0.7590875637466218, -0.9153807726524514, 0.42716123742388784]",28.798633000416483,0.1195702120977485
"[0.5644498913043204, 0.759031533221817, -0.9153721958312033, 0.42721423177402534]",28.798338730775672,0.11963304457914511
"[0.5644033998324226, 0.7589756052110946, -0.9153636272224863, 0.42726713044003073]",28.79804495244051,0.11969587706054172
"[0.5643569489891069, 0.7589197621909957, -0.9153550641766354, 0.4273199499906365]",28.797751547926197,0.11975870954193833
"[0.5643105474401996, 0.7588640144256125, -0.9153465083011337, 0.4273726807121576]",28.79745858670538,0.11982154202333495
"[0.5642641955217202, 0.7588083621547691, -0.915337959668424, 0.42742532237208]",28.79716607670739,0.11988437450473155
"[0.5642178904644068, 0.7587528018930546, -0.9153294177780671, 0.42747787826171]",28.796873986675724,0.11994720698612817
"[0.5641716297575253, 0.7586973304740342, -0.915320882176834, 0.4275303513709356]",28.79658230113787,0.12001003946752478
"[0.5641254169756055, 0.7586419520293589, -0.9153123535342156, 0.42758273778607325]",28.79629104773851,0.12007287194892138
"[0.5640792568737678, 0.7585866720936114, -0.9153038327381957, 0.42763503226588856]",28.796000259769798,0.120135704430318
"[0.5640331417625473, 0.7585314812983843, -0.9152953183795567, 0.42768724366729227]",28.795709882864372,0.1201985369117146
"[0.5639870739718253, 0.7584763822790284, -0.9152868108983023, 0.42773936949188707]",28.79541993004424,0.12026136939311122
"[0.5639410478895238, 0.7584213681744439, -0.9152783092676264, 0.4277914162253743]",28.795130358362538,0.12032420187450783
"[0.5638950766808742, 0.7583664545638571, -0.915269815929332, 0.42784336912338916]",28.79484127192786,0.12038703435590443
"[0.5638491493753851, 0.7583116281838658, -0.9152613288666842, 0.42789524072869384]",28.794552585314808,0.12044986683730105
"[0.5638032616301459, 0.7582568837090446, -0.9152528472862864, 0.42794703607480783]",28.794264261030968,0.12051269931869767
"[0.5637574315970492, 0.7582022426385815, -0.9152443745531421, 0.42799873481527834]",28.79397643985087,0.12057553180009427
"[0.563711641399709, 0.7581476835032906, -0.915235907372299, 0.42805035725777074]",28.793688989050533,0.12063836428149086
"[0.5636658978602578, 0.7580932142887482, -0.9152274470144666, 0.42810189584155633]",28.793401955644285,0.12070119676288747
"[0.5636202037242258, 0.7580388381109027, -0.9152189939971768, 0.42815334761298157]",28.793115359218554,0.12076402924428409
"[0.5635745539122056, 0.7579845487750576, -0.9152105473903475, 0.42820471842833974]",28.79282916625079,0.12082686172568069
"[0.5635289498004953, 0.7579303477724388, -0.9152021074579447, 0.42825600687148585]",28.79254338295418,0.1208896942070773
"[0.5634833920631028, 0.757876235756746, -0.9151936743340975, 0.42830721231869384]",28.792258013162726,0.12095252668847391
"[0.5634378783302219, 0.7578222097681978, -0.9151852475893899, 0.4283583375656906]",28.791973040090802,0.12101535916987052
"[0.5633924109844572, 0.757768272490465, -0.9151768276741741, 0.4284093800678346]",28.791688482388317,0.12107819165126714
"[0.5633469882232949, 0.7577144216405254, -0.9151684142638653, 0.4284603419805488]",28.791404325409207,0.12114102413266374
"[0.563301613677697, 0.7576606613767836, -0.9151600080402925, 0.42851121936338454]",28.791120598030204,0.12120385661406036
"[0.5632562855401949, 0.7576069894099172, -0.9151516086779509, 0.42856201437771024]",28.790837281580718,0.12126668909545697
"[0.5632109980563954, 0.7575533987872695, -0.9151432151194258, 0.428612733598625]",28.790554333547124,0.12132952157685357
"[0.5631657590100236, 0.7574998985788599, -0.9151348288163116, 0.42866336843713765]",28.790271818163728,0.12139235405825019
"[0.5631205669529306, 0.7574464869248019, -0.9151264495094429, 0.42871392064834124]",28.789989719581662,0.12145518653964679
"[0.5630754165072569, 0.7573931573297495, -0.9151180762105443, 0.4287643963749454]",28.789707993717943,0.12151801902104341
"[0.563030310123212, 0.7573399125520593, -0.9151097093826794, 0.42881479300142983]",28.789426664545687,0.12158085150244002
"[0.5629852457907886, 0.7572867500832899, -0.915101348661664, 0.4288651128972761]",28.789145715340947,0.12164368398383663
"[0.5629402302776072, 0.7572336777667164, -0.9150929953119732, 0.42891534863363123]",28.788865196105046,0.12170651646523324
"[0.5628952651106515, 0.7571806972535835, -0.9150846496262811, 0.42896549864224126]",28.788585120431424,0.12176934894662986
"[0.5628503358070454, 0.7571277913447843, -0.9150763089250744, 0.429015579198597]",28.788305371455305,0.12183218142802646
"[0.5628054546702239, 0.757074974396279, -0.9150679755007716, 0.42906557670874473]",28.78802604736199,0.12189501390942308
"[0.562760615034019, 0.7570222384257661, -0.915059648124296, 0.42911549872402244]",28.78774710087426,0.12195784639081968
"[0.5627158229117729, 0.7569695903692458, -0.9150513279210264, 0.4291653386737096]",28.78746856680771,0.12202067887221629
"[0.5626710676381833, 0.75691701755997, -0.915043012918189, 0.4292151085443158]",28.78719037594728,0.12208351135361291
"[0.5626263615250441, 0.7568645343280361, -0.9150347054115501, 0.4292647947650768]",28.78691261169109,0.12214634383500951
"[0.5625817015932958, 0.7568121370343426, -0.9150264048563873, 0.4293144007761259]",28.786635260682882,0.12220917631640613
"[0.5625370856315043, 0.756759822948544, -0.91501811085022, 0.42936392915754085]",28.786358294636898,0.12227200879780274
"[0.562492506929866, 0.75670758407719, -0.9150098221537326, 0.4294133874726634]",28.786081670994328,0.12233484127919934
"[0.5624479748910202, 0.7566554313102458, -0.9150015405233329, 0.42946276540662126]",28.785805454174447,0.12239767376059596
"[0.5624034858389635, 0.7566033602086045, -0.9149932652838099, 0.4295120671575721]",28.785529623687143,0.12246050624199255
"[0.5623590400465404, 0.7565513709615862, -0.9149849964941138, 0.4295612925416439]",28.785254176800937,0.12252333872338915
"[0.5623146400338516, 0.7564994663844526, -0.9149767346314075, 0.42961043888852396]",28.78497913318529,0.12258617120478577
"[0.5622702775745692, 0.7564476367342875, -0.9149684781729327, 0.4296595154188985]",28.784704428362666,0.12264900368618238
"[0.562225964344379, 0.7563958955226784, -0.9149602292998271, 0.4297085093342897]",28.784430155609233,0.12271183616757898
"[0.5621816898947625, 0.7563442304194107, -0.9149519860752746, 0.42975743230557284]",28.7841562273851,0.1227746686489756
"[0.56213746375334, 0.7562926524136385, -0.9149437502812594, 0.42980627392224746]",28.783882726959735,0.12283750113037221
"[0.5620932707677513, 0.7562411437115137, -0.9149355191038668, 0.4298550510297648]",28.78360952618183,0.12290033361176882
"[0.5620491283294488, 0.7561897244588768, -0.9149272957901933, 0.42990374454620606]",28.783336765274132,0.12296316609316543
"[0.5620050263604124, 0.7561383827845651, -0.9149190784710021, 0.42995236570872947]",28.78306436872321,0.12302599857456203
"[0.5619609676441774, 0.7560871218051931, -0.9149108676727239, 0.4300009115614399]",28.782792350272302,0.12308883105595865
"[0.5619169504708877, 0.7560359394068286, -0.914902663084523, 0.4300493841018449]",28.78252069903649,0.12315166353735527
"[0.5618729686427012, 0.7559848282666553, -0.9148944635585236, 0.43009779026090605]",28.782249371141592,0.12321449601875187
"[0.5618290403082047, 0.7559338093471079, -0.9148862724861295, 0.43014611018100735]",28.781978501125113,0.12327732850014848
"[0.5617851488321405, 0.7558828631986386, -0.9148780867734687, 0.4301943622781445]",28.781707964444745,0.1233401609815451
"[0.5617412954306954, 0.7558319911199255, -0.9148699066545458, 0.4302425453182701]",28.78143777004943,0.1234029934629417
"[0.5616974856204943, 0.7557811993910016, -0.9148617331659008, 0.4302906533490201]",28.78116795790517,0.12346582594433832
"[0.5616537220981204, 0.7557304910106833, -0.9148535668185267, 0.43033868352544385]",28.780898548707096,0.12352865842573492
"[0.5616100017624394, 0.7556798622589994, -0.9148454070415944, 0.4303866393664821]",28.780629517764734,0.12359149090713153
"[0.5615663126673429, 0.7556292991911021, -0.9148372516125839, 0.43043453407678833]",28.78036077760773,0.12365432338852815
"[0.5615226705594496, 0.7555788199165642, -0.9148291034781294, 0.43048235049836514]",28.78009244385471,0.12371715586992475
"[0.5614790733410409, 0.7555284218809961, -0.9148209622544613, 0.43053009104623907]",28.77982450142461,0.12377998835132137
"[0.5614355141508565, 0.7554780970342142, -0.9148128266677257, 0.4305777633418355]",28.77955689815885,0.12384282083271798
"[0.56139199452254, 0.7554278470351576, -0.9148046970114664, 0.43062536580959093]",28.77928964383814,0.12390565331411459
"[0.5613485224822129, 0.7553776810290385, -0.9147965747925545, 0.43067288978171964]",28.779022805838792,0.1239684857955112
"[0.5613050830123973, 0.7553275815711333, -0.9147884572123354, 0.430720351780064]",28.77875625935869,0.1240313182769078
"[0.5612616855586037, 0.7552775594462089, -0.9147803460427759, 0.4307677415836899]",28.778490082596704,0.12409415075830442
"[0.5612183330052658, 0.7552276178581481, -0.9147722418304504, 0.43081505615294236]",28.778224301444038,0.12415698323970104
"[0.5611750181756152, 0.755177748423167, -0.9147641432409722, 0.43086230342640097]",28.777958852615235,0.12421981572109764
"[0.5611317443914401, 0.7551279548536571, -0.9147560509024204, 0.4309094798828219]",28.777693760708154,0.12428264820249423
"[0.5610885147491943, 0.7550782405945128, -0.9147479654011343, 0.430956582254095]",28.777429060335763,0.12434548068389084
"[0.5610453238245827, 0.755028599292326, -0.9147398857297258, 0.4310036165556506]",28.777164695909473,0.12440831316528746
"[0.561002168632356, 0.7549790274092085, -0.9147318113364619, 0.4310505861357137]",28.776900652139553,0.12447114564668406
"[0.5609590550661235, 0.7549295316057264, -0.9147237433308735, 0.4310974846794062]",28.77663697165902,0.12453397812808067
"[0.560915988090176, 0.7548801174613509, -0.9147156826492802, 0.43114430689568617]",28.77637369487408,0.12459681060947728
"[0.5608729546091104, 0.7548307698393106, -0.9147076268475761, 0.4311910671233104]",28.77611072037908,0.12465964309087389
"[0.560829965481004, 0.7547815010819877, -0.9146995779651539, 0.4312377536630801]",28.775848129488384,0.12472247557227051
"[0.5607870136662999, 0.7547323030092481, -0.9146915346909286, 0.4312843742623193]",28.77558586560075,0.12478530805366711
"[0.5607440987644271, 0.7546831750575655, -0.9146834969564412, 0.4313309294512275]",28.775323933434752,0.12484814053506373
"[0.5607012286595304, 0.7546341261408476, -0.9146754662452382, 0.43137741077864133]",28.775062385691417,0.12491097301646034
"[0.5606583975674512, 0.7545851495278947, -0.9146674414807539, 0.4314238246192659]",28.77480118231741,0.12497380549785694
"[0.5606156019892196, 0.7545362411136256, -0.9146594220139221, 0.43147017485959005]",28.77454029089816,0.12503663797925355
"[0.560572849518032, 0.7544874094681093, -0.9146514092742972, 0.43151645337387934]",28.774279775327145,0.12509947046065018
"[0.5605301371351807, 0.7544386510315794, -0.9146434027029642, 0.43156266353169653]",28.774019611467942,0.12516230294204678
"[0.5604874613242203, 0.754389961684618, -0.9146354016472775, 0.4316088092333269]",28.773759768452365,0.12522513542344338
"[0.5604448252733523, 0.7543413449600845, -0.9146274067114603, 0.43165488712665784]",28.77350027287305,0.12528796790484
"[0.5604022272159064, 0.7542927987378433, -0.9146194175707597, 0.43170089921724725]",28.773241112431773,0.1253508003862366
"[0.5603596693647539, 0.7542443254339782, -0.9146114346467176, 0.431746843211264]",28.772982302347206,0.1254136328676332
"[0.5603171492261231, 0.7541959221028787, -0.9146034574780441, 0.43179272189676904]",28.772723819526536,0.12547646534902984
"[0.560274671030727, 0.7541475934540753, -0.9145954868650026, 0.4318385308059709]",28.772465703459453,0.12553929783042644
"[0.5602322288822088, 0.7540993326744402, -0.9145875217076439, 0.431884276392942]",28.772207904845377,0.12560213031182305
"[0.5601898272626235, 0.7540511447574696, -0.9145795628534724, 0.43192995392065575]",28.77195045732667,0.12566496279321968
"[0.5601474631451708, 0.7540030261591981, -0.9145716097407504, 0.4319755667446317]",28.771693341644582,0.12572779527461628
"[0.5601051370076122, 0.7539549773208669, -0.9145636624654271, 0.4320211144428863]",28.771436555271872,0.12579062775601288
"[0.5600628490212366, 0.7539069983351883, -0.9145557210659288, 0.4320665969237978]",28.771180101041523,0.12585346023740948
"[0.5600206045262173, 0.7538590951543738, -0.9145477865515959, 0.43211200854094595]",28.770924022025667,0.1259162927188061
"[0.5599783909534627, 0.7538112534261455, -0.914539856567798, 0.43215736289645224]",28.770668218527547,0.1259791252002027
"[0.5599362198301998, 0.7537634861163125, -0.9145319332860399, 0.4322026476950107]",28.77041278367611,0.12604195768159931
"[0.5598940827787718, 0.7537157836345352, -0.9145240151384862, 0.4322478720248242]",28.770157649541524,0.12610479016299594
"[0.559851987250167, 0.7536681543161134, -0.9145161035314097, 0.43229302797993807]",28.76990287362252,0.12616762264439252
"[0.5598099292676941, 0.753620593558828, -0.9145081977236764, 0.4323381199197915]",28.769648423344332,0.12623045512578915
"[0.5597679085854385, 0.7535731009860367, -0.9145002976751107, 0.43238314819784157]",28.76939429955964,0.12629328760718575
"[0.5597259246377769, 0.7535256758609423, -0.9144924032853652, 0.43242811350905896]",28.769140498191707,0.12635612008858235
"[0.5596839789295817, 0.7534783197853311, -0.9144845148434181, 0.43247301433111507]",28.76888702536057,0.12641895256997895
"[0.5596420685104457, 0.7534310293317249, -0.9144766318003332, 0.43251785391022163]",28.768633864748242,0.12648178505137558
"[0.5596001988183601, 0.7533838105376575, -0.9144687551849725, 0.43256262651810257]",28.7683810534224,0.12654461753277219
"[0.55955836722954, 0.7533366603432865, -0.9144608845098611, 0.43260733505235177]",28.76812857371125,0.1266074500141688
"[0.5595165719219467, 0.7532895765984383, -0.9144530194380798, 0.4326519815482259]",28.76787640812297,0.12667028249556542
"[0.5594748138369366, 0.7532425602681605, -0.9144451601526143, 0.43269656508710114]",28.76762457125007,0.12673311497696202
"[0.5594330930472454, 0.7531956113382782, -0.9144373066730178, 0.4327410856788592]",28.767373051841602,0.12679594745835862
"[0.55939140539178, 0.7531487250341811, -0.9144294582216757, 0.4327855478477432]",28.767121826911097,0.12685877993975525
"[0.5593497590325566, 0.753101910440258, -0.9144216163410519, 0.4328299429755077]",28.766870958521462,0.12692161242115185
"[0.5593081487739955, 0.7530551616182644, -0.9144137800587624, 0.432874276689861]",28.766620402522165,0.12698444490254845
"[0.5592665778872769, 0.7530084821474645, -0.9144059499966756, 0.43291854559288645]",28.766370185502833,0.12704727738394508
"[0.5592250400596264, 0.7529618648464474, -0.9143981249714225, 0.4329627564916913]",28.76612025955621,0.12711010986534169
"[0.5591835389049893, 0.7529153136809157, -0.9143903056693441, 0.4330069056219346]",28.765870649099156,0.1271729423467383
"[0.559142073308294, 0.7528688273079254, -0.9143824918859692, 0.4330509942538358]",28.765621349137692,0.12723577482813492
"[0.5591006508602888, 0.7528224141395814, -0.9143746850575775, 0.43309501440553877]",28.765372419361405,0.12729860730953152
"[0.5590592559912104, 0.7527760566398851, -0.9143668822552764, 0.43313898270554085]",28.765123736202337,0.12736143979092812
"[0.5590179020805028, 0.752729769704172, -0.914359086006455, 0.43318288502291113]",28.764875399900582,0.12742427227232472
"[0.5589765842240273, 0.7526835477478316, -0.9143512953923039, 0.4332267266509884]",28.764627378428937,0.12748710475372135
"[0.5589352998021828, 0.7526373877518575, -0.9143435099242965, 0.43327051045000753]",28.76437965072354,0.12754993723511796
"[0.5588940595065689, 0.7525913015750626, -0.9143357316243956, 0.43331422516805085]",28.764132297572107,0.12761276971651456
"[0.5588528485133515, 0.7525452725602602, -0.914327957702223, 0.4333578866017554]",28.763885200777256,0.1276756021979112
"[0.5588116716447398, 0.7524993060110532, -0.9143201890725231, 0.4334014897172476]",28.763638404341272,0.1277384346793078
"[0.558770533327187, 0.7524534067784283, -0.9143124265758763, 0.43344502990958156]",28.76339193763056,0.1278012671607044
"[0.5587294336649947, 0.752407574884648, -0.914304670237597, 0.43348850715411275]",28.763145801637258,0.12786409964210102
"[0.5586883682581565, 0.7523618053330212, -0.9142969192327494, 0.43353192618745096]",28.76289996272448,0.12792693212349762
"[0.5586473363892157, 0.7523160972385954, -0.9142891734311205, 0.433575287845908]",28.762654417225647,0.12798976460489422
"[0.5586063416458831, 0.7522704545103355, -0.9142814335152866, 0.4336185884179042]",28.762409190505956,0.12805259708629083
"[0.5585653833615972, 0.7522248763161723, -0.9142736993648052, 0.43366182868943604]",28.762164276184002,0.12811542956768743
"[0.5585244554576551, 0.752179355807961, -0.9142659698369464, 0.43370501515423315]",28.761919630878403,0.12817826204908403
"[0.5584835738763858, 0.7521339106247658, -0.9142582479480288, 0.43374813107420035]",28.7616753741662,0.12824109453048066
"[0.5584427155375025, 0.7520885150241299, -0.9142505293437354, 0.4337912008691625]",28.761431329161105,0.12830392701187726
"[0.5584018996807562, 0.7520431903002184, -0.914242817663686, 0.4338342043328596]",28.761187643835047,0.12836675949327386
"[0.5583611136624232, 0.7519979223248984, -0.9142351105242588, 0.43387715486656836]",28.760944222529677,0.1284295919746705
"[0.5583203684020791, 0.7519527231317767, -0.9142274099940478, 0.4339200410494936]",28.76070114388984,0.1284924244560671
"[0.5582796553388798, 0.7519075831364553, -0.9142197144603722, 0.4339628719722587]",28.760458349272763,0.1285552569374637
"[0.5582389790084659, 0.7518625072837333, -0.9142120247856241, 0.43400564293984345]",28.760215866689325,0.12861808941886033
"[0.558198334320745, 0.7518174898496305, -0.9142043400125779, 0.4340483593804011]",28.759973660707146,0.12868092190025693
"[0.5581577244820708, 0.7517725343039711, -0.9141966607524029, 0.4340910179983909]",28.759731754674323,0.12874375438165353
"[0.5581171493966341, 0.7517276404567351, -0.9141889869920286, 0.4341336189709554]",28.75949014705651,0.12880658686305016
"[0.5580766103305945, 0.7516828096241146, -0.914181318975992, 0.4341761610459238]",28.75924884953091,0.12886941934444676
"[0.5580361066041847, 0.7516380409693623, -0.914173656580794, 0.43421864501411156]",28.759007853273733,0.12893225182584336
"[0.5579956364622842, 0.7515933324698376, -0.9141659994793725, 0.43426107279181037]",28.758767149601308,0.12899508430723997
"[0.5579551993948666, 0.7515486834815358, -0.9141583475800893, 0.43430344498712725]",28.758526729490807,0.1290579167886366
"[0.5579148005883005, 0.7515040996467058, -0.9141507018693864, 0.4343457562423353]",28.758286635146113,0.1291207492700332
"[0.5578744306164983, 0.7514595704822704, -0.914143060568167, 0.4343880165031088]",28.758046795357608,0.1291835817514298
"[0.5578341001341356, 0.7514151076592823, -0.9141354256980418, 0.43443021468999105]",28.757807290251968,0.12924641423282643
"[0.5577938026960916, 0.751370703987547, -0.9141277960439225, 0.4344723576237416]",28.75756806515627,0.12930924671422303
"[0.5577535337519095, 0.7513263543777339, -0.9141201707488348, 0.43451445013173096]",28.757329092832002,0.12937207919561963
"[0.5577133063813439, 0.7512820731528602, -0.9141125522944434, 0.4345564786167674]",28.757090474816497,0.12943491167701626
"[0.557673108046424, 0.7512378464290311, -0.9141049383111433, 0.4345984562532917]",28.756852104237854,0.12949774415841286
"[0.5576329460536676, 0.7511936821671508, -0.9140973301875448, 0.43464037548228573]",28.756614045955416,0.12956057663980947
"[0.5575928179016618, 0.751149577534885, -0.9140897274546378, 0.43468223898899944]",28.756376278835805,0.1296234091212061
"[0.5575527182316141, 0.7511055265675581, -0.9140821291016695, 0.43472405243217754]",28.756138759478944,0.1296862416026027
"[0.5575126575360677, 0.75106154071266, -0.914074537121548, 0.4347658049427888]",28.755901571521285,0.1297490740839993
"[0.5574726286031428, 0.7510176119701973, -0.9140669501523553, 0.4348075041115272]",28.755664652518895,0.1298119065653959
"[0.5574326349683028, 0.7509737441418609, -0.9140593688688561, 0.43484914632667476]",28.755428036708494,0.1298747390467925
"[0.5573926726129452, 0.7509299327421471, -0.9140517925139053, 0.4348907358432059]",28.755191692504617,0.1299375715281891
"[0.5573527461022008, 0.7508861826980047, -0.9140442219576287, 0.43493226798107104]",28.75495565422259,0.13000040400958573
"[0.5573128488754161, 0.7508424867444966, -0.9140366559605891, 0.43497374963401103]",28.754719865697986,0.13006323649098234
"[0.5572729860569123, 0.7507988504191949, -0.9140290954990241, 0.4350151755422235]",28.754484373172613,0.13012606897237894
"[0.5572331578314231, 0.7507552738454928, -0.9140215406126283, 0.4350565455855518]",28.75424917862756,0.13018890145377557
"[0.5571933632242344, 0.7507117558789628, -0.9140139911211235, 0.43509786084749197]",28.754014267858576,0.13025173393517217
"[0.5571536025630712, 0.7506682968007466, -0.9140064470912559, 0.4351391210581761]",28.753779647915554,0.13031456641656877
"[0.5571138725255349, 0.7506248929048102, -0.9139989078970936, 0.4351803297332738]",28.753545289405253,0.1303773988979654
"[0.5570741749517034, 0.75058154612819, -0.913991373892188, 0.43522148503091695]",28.753311211544332,0.130440231379362
"[0.5570345105269782, 0.7505382571442193, -0.9139838452110742, 0.435262586308937]",28.75307741600216,0.1305030638607586
"[0.556994877982624, 0.7504950244938041, -0.9139763216173538, 0.43530363494983826]",28.752843893609988,0.13056589634215524
"[0.5569552800188553, 0.7504518510470635, -0.9139688036280741, 0.43534462822560044]",28.752610664698558,0.13062872882355184
"[0.5569157141289806, 0.7504087339956053, -0.9139612907717681, 0.4353855687999048]",28.75237771074326,0.13069156130494844
"[0.5568761782006849, 0.750365670966108, -0.9139537826516122, 0.43542645892353143]",28.752145016036035,0.13075439378634504
"[0.5568366808507558, 0.7503226712675806, -0.9139462809084741, 0.43546728975425053]",28.751912645533732,0.13081722626774167
"[0.5567972114791379, 0.7502797232853132, -0.9139387835334826, 0.4355080723180624]",28.75168051542268,0.13088005874913827
"[0.5567577753141767, 0.7502368326382626, -0.9139312915239771, 0.43554880127661894]",28.751448668985738,0.13094289123053487
"[0.5567183703063089, 0.7501939970247554, -0.9139238044948773, 0.4355894788127967]",28.751217090642864,0.1310057237119315
"[0.5566790001799156, 0.7501512204196675, -0.9139163231581616, 0.4356301011491359]",28.750985807771638,0.1310685561933281
"[0.5566396615109791, 0.7501084990289272, -0.913908846867512, 0.4356706718857902]",28.750754791088287,0.1311313886747247
"[0.5566003525517573, 0.7500658308850334, -0.9139013752949073, 0.4357111928885387]",28.750524029471272,0.13119422115612134
"[0.5565610785819787, 0.7500232216467738, -0.9138939094481284, 0.4357516587805729]",28.750293566660588,0.13125705363751794
"[0.5565218321478882, 0.7499806631571837, -0.9138864479143992, 0.4357920773058346]",28.750063340161148,0.13131988611891454
"[0.5564826212475782, 0.7499381640188544, -0.913878992218479, 0.43583244029157575]",28.749833415422284,0.13138271860031117
"[0.5564434397235783, 0.7498957174861841, -0.913871541193778, 0.4358727541415681]",28.749603742687533,0.13144555108170777
"[0.5564042929292761, 0.7498533292877155, -0.9138640958625026, 0.43591301341235095]",28.749374360917155,0.13150838356310438
"[0.5563651757955296, 0.7498109938635799, -0.9138566552647188, 0.4359532233818052]",28.749145234264144,0.13157121604450098
"[0.5563260916873729, 0.749768714786186, -0.9138492200445948, 0.43599338065418797]",28.748916389121806,0.13163404852589758
"[0.5562870423417029, 0.7497264938610911, -0.9138417905368069, 0.4360334835117119]",28.748687837830094,0.13169688100729418
"[0.556248019018434, 0.7496843215707096, -0.9138343650824724, 0.4360735409918833]",28.748459507388556,0.1317597134886908
"[0.5562090237383263, 0.7496422000366876, -0.913826944069862, 0.4361135510770483]",28.748231421882323,0.1318225459700874
"[0.5561700687378098, 0.7496001424032259, -0.9138195298318681, 0.43615350127904856]",28.74800367216105,0.13188537845148401
"[0.5561311412042494, 0.7495581347646056, -0.9138121199340832, 0.4361934048039917]",28.74777615754125,0.13194821093288064
"[0.5560922450429722, 0.7495161812697206, -0.9138047151237717, 0.4362332577082598]",28.747548910858704,0.13201104341427725
"[0.5560533809086129, 0.7494742825558132, -0.9137973155295827, 0.4362730593838423]",28.74732193400119,0.13207387589567385
"[0.5560145443535235, 0.7494324337622262, -0.9137899203085819, 0.4363128144455687]",28.747095193754213,0.13213670837707048
"[0.555975741996769, 0.7493906419541639, -0.9137825307251077, 0.4363525161790978]",28.74686874410182,0.13219954085846708
"[0.5559369719332147, 0.7493489050089545, -0.9137751464204323, 0.4363921665981872]",28.74664256524182,0.13226237333986368
"[0.5558982320233984, 0.7493072205559709, -0.9137677669910038, 0.43643176795232547]",28.746416646830482,0.13232520582126028
"[0.5558595176757904, 0.7492655835926202, -0.9137603915658983, 0.436471324991699]",28.746190946313025,0.1323880383026569
"[0.5558208377909999, 0.7492240036261825, -0.913753021844593, 0.4365108286814118]",28.745965535973095,0.13245087078405351
"[0.5557821913922145, 0.7491824795353947, -0.9137456576450591, 0.4365502800839547]",28.745740406214654,0.13251370326545012
"[0.5557435753323311, 0.7491410078709535, -0.9137382983715393, 0.43658968247380936]",28.74551553881851,0.13257653574684675
"[0.5557049862215915, 0.7490995849297649, -0.9137309433817326, 0.43662903936685815]",28.745290895641638,0.13263936822824335
"[0.5556664298677587, 0.7490582168817139, -0.9137235937863564, 0.4366683448984379]",28.745066534224044,0.13270220070963995
"[0.5556279026558295, 0.7490168997822719, -0.9137162489001519, 0.4367076028138367]",28.74484241858295,0.13276503319103658
"[0.5555894084316483, 0.7489756376898531, -0.9137089094601241, 0.4367468092543284]",28.744618579931576,0.13282786567243318
"[0.5555509424553783, 0.7489344254587269, -0.9137015745663446, 0.4367859691067405]",28.744394985414075,0.13289069815382978
"[0.5555125090805109, 0.7488932676885705, -0.91369424505272, 0.436825077997932]",28.744171664089265,0.1329535306352264
"[0.5554741037010859, 0.7488521593826409, -0.9136869200446006, 0.43686414067338547]",28.743948576685238,0.13301636311662302
"[0.5554357312164153, 0.7488111057206971, -0.9136796004801637, 0.4369031522085766]",28.743725772424604,0.13307919559801962
"[0.5553973849841913, 0.7487700995334456, -0.9136722850960547, 0.4369421194137134]",28.743503191966884,0.13314202807941625
"[0.555359071500675, 0.748729147705146, -0.9136649751352302, 0.43698103574439406]",28.743280884116302,0.13320486056081285
"[0.555320787152058, 0.7486882463084878, -0.9136576699119315, 0.4370199049301844]",28.743058823342302,0.13326769304220945
"[0.5552825294757859, 0.7486473926526646, -0.9136503689597927, 0.43705872952584934]",28.742836993327604,0.13333052552360605
"[0.5552443068480323, 0.7486065956179914, -0.913643073880995, 0.43709750108960377]",28.742615453848533,0.13339335800500268
"[0.5552061153684801, 0.7485658509740092, -0.9136357839349679, 0.43713622363921956]",28.742394179170713,0.13345619048639928
"[0.5551679465117975, 0.7485251495675024, -0.9136284974978326, 0.4371749058713784]",28.742173098519345,0.1335190229677959
"[0.5551298146821729, 0.7484845066961737, -0.913621217322951, 0.43721353324484097]",28.741952325556767,0.1335818554491925
"[0.5550917086855458, 0.7484439103643347, -0.9136139412768318, 0.43725211715788337]",28.74173177436306,0.1336446879305891
"[0.5550536285381251, 0.7484033605332759, -0.9136066693658976, 0.4372906576450986]",28.741511445211703,0.13370752041198572
"[0.5550155862046179, 0.7483628698788947, -0.9135994038786621, 0.43732914265615497]",28.741291428601272,0.13377035289338232
"[0.5549775668069274, 0.7483224225030987, -0.913592141977234, 0.437367587299193]",28.741071610811506,0.13383318537477892
"[0.554939583273472, 0.7482820320990841, -0.9135848861345249, 0.43740597855662866]",28.740852091749307,0.13389601785617553
"[0.5549016210501605, 0.7482416831309985, -0.9135776335737809, 0.43744433119301046]",28.74063275670854,0.13395885033757216
"[0.5548636935294687, 0.7482013897748055, -0.9135703868570005, 0.4374826317314464]",28.740413711065564,0.13402168281896876
"[0.5548257975206642, 0.7481611485748145, -0.9135631453782526, 0.4375208834541058]",28.740194930597937,0.13408451530036536
"[0.5547879271378232, 0.7481209532217798, -0.9135559080162272, 0.4375590923559788]",28.73997636826924,0.134147347781762
"[0.5547500849779005, 0.748080806415582, -0.9135486752705351, 0.43759725586838216]",28.739758043755934,0.1342101802631586
"[0.5547122758079015, 0.7480407131517438, -0.913541448055815, 0.4376353692401298]",28.739539996546394,0.1342730127445552
"[0.554674493010627, 0.7480006663530159, -0.913534225110648, 0.4376734391965934]",28.739322171315973,0.13433584522595182
"[0.5546367355854444, 0.7479606649042375, -0.9135270062469554, 0.43771146679572975]",28.739104563215186,0.13439867770734842
"[0.5545990127644637, 0.747920718525734, -0.913519793233284, 0.43774944279445965]",28.738887242576347,0.13446151018874503
"[0.5545613178996447, 0.747880820115375, -0.9135125848019773, 0.4377873739421253]",28.738670161307812,0.13452434267014166
"[0.5545236489940104, 0.7478409675036761, -0.9135053805743986, 0.4378252622990321]",28.738453296614328,0.13458717515153826
"[0.554486013859401, 0.7478011688954622, -0.913498182047986, 0.43786310006237666]",28.738236715768398,0.13465000763293486
"[0.5544484025079383, 0.7477614136705367, -0.9134909873156807, 0.437900897326797]",28.738020334452674,0.1347128401143315
"[0.554410823866556, 0.7477217112074239, -0.9134837980884235, 0.43793864517339154]",28.737804228142252,0.1347756725957281
"[0.5543732692694374, 0.7476820522932281, -0.9134766127116354, 0.4379763523592124]",28.73758832784039,0.1348385050771247
"[0.5543357470864496, 0.7476424457098437, -0.913469432790008, 0.4380140105322822]",28.737372696690827,0.1349013375585213
"[0.5542982496647483, 0.7476028833219441, -0.913462256862443, 0.4380516274254354]",28.737157277857353,0.13496417003991792
"[0.5542607871561306, 0.747563375781356, -0.9134550868750488, 0.43808919290830056]",28.736942147396157,0.13502700252131453
"[0.5542233484375513, 0.7475239112996448, -0.9134479207022823, 0.43812671818751253]",28.736727220155927,0.13508983500271113
"[0.5541859357292601, 0.7474844921655371, -0.9134407587721579, 0.4381642010847557]",28.736512513457555,0.13515266748410776
"[0.5541485556184985, 0.7474451252616789, -0.9134336023489579, 0.43820163505314524]",28.736298076848577,0.13521549996550436
"[0.5541112022635868, 0.7474058043776277, -0.9134264503175886, 0.43823902599586056]",28.736083867801987,0.13527833244690096
"[0.5540738774628825, 0.7473665313512234, -0.9134193030255475, 0.4382763721630624]",28.73586989654966,0.13534116492829756
"[0.5540365800777992, 0.7473273049288591, -0.913412160257984, 0.43831367474463195]",28.735656156147332,0.13540399740969417
"[0.5539993111085966, 0.747288126107162, -0.9134050222096184, 0.43835093279061005]",28.735442654454918,0.13546682989109077
"[0.5539620708563356, 0.7472489951464516, -0.9133978889413022, 0.4383881460511925]",28.735229391129003,0.1355296623724874
"[0.5539248553181855, 0.7472099077872626, -0.9133907596893773, 0.43842531857496636]",28.735016340750953,0.135592494853884
"[0.5538876769595954, 0.7471708770627153, -0.9133836368451139, 0.4384624379649082]",28.73480359467881,0.1356553273352806
"[0.5538505164880103, 0.7471318826647059, -0.9133765167154333, 0.43849952353245886]",28.734591008903365,0.13571815981667723
"[0.5538133856253613, 0.7470929368448126, -0.9133694015491888, 0.43853656362382337]",28.734378663485913,0.13578099229807383
"[0.5537762867495398, 0.7470540420384589, -0.9133622918053091, 0.4385735559203922]",28.734166589559592,0.13584382477947043
"[0.5537392135514035, 0.7470151915752894, -0.9133551862778366, 0.43861050676400604]",28.733954728215522,0.13590665726086706
"[0.5537021638695737, 0.7469763831405958, -0.9133480845554116, 0.4386474183542065]",28.733743068598383,0.13596948974226367
"[0.5536651451223202, 0.746937624451511, -0.9133409880630105, 0.43868428334891263]",28.733531666598836,0.13603232222366027
"[0.553628154602399, 0.7468989126170628, -0.9133338962848132, 0.4387211044955765]",28.733320500402574,0.1360951547050569
"[0.553591190528452, 0.746860245719791, -0.9133268088823225, 0.4387578836158717]",28.73310955748227,0.1361579871864535
"[0.5535542528899464, 0.7468216236968414, -0.9133197258564806, 0.4387946207675022]",28.732898835801116,0.1362208196678501
"[0.5535173456273562, 0.7467830506139097, -0.9133126479659615, 0.4388313120809982]",28.73268836540098,0.13628365214924673
"[0.5534804630876377, 0.7467445205096485, -0.9133055741296587, 0.4388679632247463]",28.73247810500216,0.13634648463064333
"[0.5534436097657475, 0.7467060380275795, -0.91329850521264, 0.4389045697795687]",28.732268085123003,0.13640931711203994
"[0.5534067823452945, 0.7466675996517751, -0.9132914405817685, 0.43894113508786775]",28.73205828719793,0.13647214959343654
"[0.5533699839826492, 0.7466292086239658, -0.9132843808455078, 0.4389776560637552]",28.731848726429078,0.13653498207483317
"[0.5533332122120116, 0.746590862318571, -0.9132773255337788, 0.43901413520277727]",28.731639391464117,0.13659781455622977
"[0.5532964645763956, 0.7465525581238526, -0.9132702741780043, 0.43905057498750477]",28.731430264507445,0.13666064703762637
"[0.5532597479897876, 0.7465143031941474, -0.9132632281078334, 0.43908696860970925]",28.73122138896212,0.136723479519023
"[0.5532230535268364, 0.7464760881791362, -0.913256185613342, 0.43912332496270773]",28.73101270195391,0.1367863120004196
"[0.5531863928997126, 0.7464379252235059, -0.9132491489453144, 0.43915963249035783]",28.73080429268296,0.1368491444818162
"[0.5531497531914565, 0.7463998008290913, -0.9132421156273731, 0.4391959040324659]",28.730596064995407,0.13691197696321283
"[0.5531131443890419, 0.7463617253378021, -0.9132350875794308, 0.43923212974773046]",28.730388092296607,0.13697480944460944
"[0.5530765574492883, 0.7463236892938628, -0.9132280630682462, 0.4392683186305143]",28.730180304724446,0.13703764192600604
"[0.5530400030190264, 0.7462857037145199, -0.9132210441408356, 0.4393044601965298]",28.72997278641249,0.13710047440740267
"[0.5530034719796336, 0.7462477590719352, -0.913214029049211, 0.43934056350896855]",28.72976546500649,0.13716330688879924
"[0.5529669669074201, 0.7462098579944807, -0.9132070182908283, 0.43937662606507816]",28.729558359031902,0.13722613937019584
"[0.5529304904871595, 0.7461720032184838, -0.913200012384151, 0.43941264525919294]",28.729351491157335,0.13728897185159247
"[0.5528940392025296, 0.7461341910443148, -0.9131930106566358, 0.43944862460949996]",28.729144833456854,0.13735180433298907
"[0.5528576148509992, 0.7460964232873876, -0.9131860134563198, 0.4394845623865883]",28.728938403368325,0.13741463681438568
"[0.5528212155980627, 0.7460586979965079, -0.9131790204335507, 0.4395204604451194]",28.72873218604011,0.1374774692957823
"[0.552784847699457, 0.7460210216033949, -0.9131720327930499, 0.43955631266278383]",28.728526218919345,0.1375403017771789
"[0.5527485000282872, 0.7459833825323038, -0.9131650483996558, 0.43959213005289316]",28.728320428566207,0.1376031342585755
"[0.5527121803421183, 0.7459457887702842, -0.9131580687466586, 0.439627905013089]",28.728114872815777,0.13766596673997214
"[0.5526758884862885, 0.745908240106094, -0.9131510938071639, 0.4396636377423083]",28.727909544991352,0.13772879922136874
"[0.5526396260970972, 0.7458707381806554, -0.9131441238985089, 0.4396993266768652]",28.727704460043842,0.13779163170276534
"[0.5526033849967814, 0.7458332744891163, -0.9131371574515427, 0.43973497990851973]",28.727499555875852,0.13785446418416197
"[0.5525671680162966, 0.7457958519141041, -0.9131301950129744, 0.439770594692168]",28.727294859146973,0.13791729666555858
"[0.552530981154954, 0.7457584766049565, -0.9131232377388782, 0.43980616517350485]",28.727090405324287,0.13798012914695518
"[0.552494819036638, 0.7457211429590136, -0.9131162845984023, 0.4398416966826009]",28.726886159546684,0.13804296162835178
"[0.5524586828987015, 0.7456838522066035, -0.9131093358321052, 0.43987718804659603]",28.72668213030629,0.1381057941097484
"[0.5524225739309081, 0.7456466055268762, -0.9131023916714696, 0.43991263814125103]",28.726478327427646,0.138168626591145
"[0.5523864872317641, 0.7456093978178466, -0.9130954511764774, 0.43994805182057906]",28.726274709482855,0.1382314590725416
"[0.5523504311666705, 0.7455722376565237, -0.913088515958708, 0.439983420919152]",28.726071348391564,0.13829429155393824
"[0.5523143964284362, 0.7455351154031813, -0.9130815842306087, 0.44001875461013235]",28.725868165776326,0.13835712403533484
"[0.552278391314323, 0.7454980395587278, -0.9130746575908709, 0.4400540448002757]",28.725665225125244,0.13841995651673145
"[0.5522424071228554, 0.7454610011165226, -0.9130677343681013, 0.4400893000605454]",28.725462461311487,0.13848278899812808
"[0.5522064526462234, 0.7454240090799907, -0.9130608162564696, 0.4401245118190799]",28.72525994599255,0.13854562147952468
"[0.5521705243378776, 0.7453870597505196, -0.9130539025762837, 0.44015968359445157]",28.72505764373173,0.13860845396092128
"[0.5521346184047395, 0.7453501491824466, -0.913046992600159, 0.44019481914067315]",28.724855529360728,0.1386712864423179
"[0.5520987404113964, 0.7453132830502145, -0.913040087401536, 0.4402299130543038]",28.724653648807593,0.1387341189237145
"[0.552062885682823, 0.7452764565036951, -0.9130331860832112, 0.4402649699504172]",28.724451962459803,0.1387969514051111
"[0.5520270581215224, 0.7452396735054306, -0.9130262893988809, 0.44029998605500853]",28.724250499122004,0.13885978388650774
"[0.551991254455594, 0.7452029306502156, -0.9130193967212642, 0.4403349646078206]",28.724049236958376,0.13892261636790434
"[0.5519554764531842, 0.7451662297075966, -0.9130125083932574, 0.44036990392242903]",28.723848186648368,0.13898544884930095
"[0.5519197243556722, 0.7451295708789938, -0.9130056244638796, 0.44040480380518293]",28.72364735027044,0.13904828133069755
"[0.5518839982763141, 0.7450929542342118, -0.9129987449574851, 0.4404396641877194]",28.72344673106655,0.13911111381209415
"[0.55184829650839, 0.7450563779787904, -0.9129918695479246, 0.4404744867765714]",28.723246312498837,0.13917394629349075
"[0.5518126219220169, 0.7450198450072965, -0.9129849987904436, 0.4405092688140641]",28.723046119586012,0.13923677877488738
"[0.5517769688290746, 0.7449833494508165, -0.912978131591982, 0.4405440158860214]",28.722846104822608,0.13929961125628398
"[0.5517413435716879, 0.7449468977570737, -0.9129712691765601, 0.44057872185180336]",28.72264632455943,0.13936244373768059
"[0.5517057403547715, 0.7449104839520184, -0.9129644104303434, 0.4406133923975184]",28.722446725638687,0.13942527621907722
"[0.5516701644931927, 0.7448741134274075, -0.912957556379649, 0.4406480223877125]",28.722247351694854,0.13948810870047382
"[0.5516346129423736, 0.7448377830251557, -0.9129507064403964, 0.44068261482746]",28.722048179480446,0.13955094118187042
"[0.5515990870105131, 0.7448014940378382, -0.9129438608670841, 0.4407171684841905]",28.72184922303404,0.13961377366326705
"[0.551563585093104, 0.7447652447824888, -0.912937019352959, 0.4407516849585746]",28.72165046288985,0.13967660614466365
"[0.5515281050517792, 0.7447290330342151, -0.9129301814882679, 0.44078616636743745]",28.721451889307513,0.13973943862606025
"[0.5514926570542064, 0.7446928691238075, -0.9129233492350792, 0.440820602871706]",28.721253570761085,0.13980227110745685
"[0.5514572276316471, 0.7446567392661495, -0.9129165199998516, 0.4408550075962002]",28.721055412075106,0.13986510358885348
"[0.5514218260078958, 0.7446206528258346, -0.9129096955628455, 0.44088937162175057]",28.720857484797314,0.1399279360702501
"[0.5513864448998211, 0.7445846023361331, -0.9129028745224345, 0.440923702056931]",28.7206597268492,0.1399907685516467
"[0.5513510899386996, 0.7445485934932906, -0.9128960579665703, 0.44095799347555703]",28.72046218613669,0.14005360103304332
"[0.5513157650296818, 0.744512630227134, -0.9128892466507075, 0.44099224213325566]",28.720264888639605,0.14011643351443992
"[0.5512804582148975, 0.744476700321364, -0.9128824382714725, 0.44102645966213905]",28.720067748931562,0.14017926599583652
"[0.5512451752469377, 0.7444408095917787, -0.9128756339403441, 0.44106064052199984]",28.719870801432123,0.14024209847723315
"[0.5512099218336918, 0.7444049637990753, -0.9128688347605316, 0.44109477922469387]",28.719674097928706,0.14030493095862975
"[0.5511746879776046, 0.7443691527350317, -0.912862038806181, 0.44112888549052154]",28.719477563507066,0.14036776344002636
"[0.5511394817735069, 0.7443333845856817, -0.9128552476409166, 0.4411629515214298]",28.719281252362908,0.14043059592142298
"[0.5511042972278006, 0.744297653219115, -0.9128484601109166, 0.4411969831557526]",28.719085120955693,0.1404934284028196
"[0.5510691396285998, 0.7442619639635185, -0.9128416772386241, 0.4412309753170127]",28.71888920920572,0.1405562608842162
"[0.5510340070914637, 0.7442263148617897, -0.9128348986628508, 0.44126492986740723]",28.71869350526373,0.1406190933656128
"[0.5509988938977082, 0.744190700071855, -0.9128281232824074, 0.44129885236967925]",28.718497967809345,0.14068192584700942
"[0.5509638077945426, 0.7441551274110965, -0.912821352594413, 0.44133273537621526]",28.718302648134955,0.14074475832840602
"[0.5509287437729362, 0.74411959175889, -0.9128145856345433, 0.44136658376266114]",28.718107515814875,0.14080759080980262
"[0.5508937056722294, 0.7440840969649049, -0.9128078231460021, 0.4414003938604104]",28.717912594035766,0.14087042329119923
"[0.5508586882077102, 0.7440486376352138, -0.912801064111033, 0.44143417080569725]",28.717717844507774,0.14093325577259583
"[0.5508236997555745, 0.7440132222095376, -0.9127943101486775, 0.44146790655746565]",28.717523333701656,0.14099608825399246
"[0.5507887334033944, 0.7439778436480937, -0.9127875599269054, 0.44150160781981934]",28.717329003789303,0.14105892073538906
"[0.5507537909207075, 0.7439425037015636, -0.9127808137895052, 0.44153527292341915]",28.717134871498857,0.14112175321678566
"[0.5507188696031912, 0.7439071995958036, -0.9127740712165228, 0.44156890450930664]",28.716940918357665,0.1411845856981823
"[0.5506839738685932, 0.7438719357569452, -0.9127673330631175, 0.4416024983593628]",28.71674717104941,0.1412474181795789
"[0.5506491052671578, 0.7438367137079319, -0.9127605996309448, 0.4416360530209357]",28.71655365060444,0.1413102506609755
"[0.550614254522605, 0.7438015240396608, -0.9127538691308066, 0.4416695774560869]",28.716360275583504,0.1413730831423721
"[0.5505794313702582, 0.7437663765431489, -0.9127471434449599, 0.4417030623354946]",28.716167127795504,0.14143591562376873
"[0.5505446314112648, 0.7437312667363177, -0.9127404217260684, 0.4417365119274485]",28.715974173230027,0.14149874810516533
"[0.5505098522572109, 0.7436961921715742, -0.9127337035148946, 0.4417699285622139]",28.715781391174048,0.14156158058656193
"[0.5504750999463623, 0.743661158898353, -0.9127269899800023, 0.44180330647462374]",28.715588828104366,0.14162441306795856
"[0.5504403686908169, 0.7436261610417629, -0.9127202800054376, 0.44183665126028704]",28.715396441620193,0.14168724554935516
"[0.5504056630832768, 0.7435912031903816, -0.9127135744806296, 0.44186995854570915]",28.71520426421373,0.14175007803075176
"[0.5503709797917901, 0.7435562819479666, -0.9127068727639617, 0.4419032315650922]",28.715012269821468,0.1418129105121484
"[0.5503363167563544, 0.7435213952036845, -0.912700174459418, 0.4419364723281043]",28.714820445048858,0.141875742993545
"[0.5503016820240147, 0.7434865510162353, -0.9126934811241689, 0.4419696731545659]",28.714628851074796,0.1419385754749416
"[0.5502670689018827, 0.7434517426112329, -0.9126867914669585, 0.4420028404976343]",28.71443743604919,0.14200140795633823
"[0.5502324774445262, 0.7434169700066425, -0.9126801055003612, 0.44203597433864183]",28.71424620130116,0.14206424043773483
"[0.5501979118655006, 0.7433822373986609, -0.9126734240409022, 0.44206907067749057]",28.71405517723542,0.14212707291913143
"[0.5501633658556642, 0.7433475384095836, -0.9126667458711002, 0.44210213558982514]",28.713864316383493,0.14218990540052806
"[0.5501288475361034, 0.7433128811573613, -0.9126600725629566, 0.4421351613383455]",28.71367368061434,0.14225273788192466
"[0.5500943472347686, 0.743278255892929, -0.9126534022486636, 0.4421681572115711]",28.713483195802134,0.14231557036332126
"[0.5500598730691334, 0.7432436707260869, -0.9126467364996772, 0.4422011154797704]",28.713292922744206,0.14237840284471787
"[0.5500254217050236, 0.7432091222720446, -0.9126400746734312, 0.4422340393668272]",28.713102841198104,0.1424412353261145
"[0.5499909950116805, 0.7431746123663889, -0.9126334171334544, 0.442266927121825]",28.71291295811311,0.1425040678075111
"[0.5499565875193227, 0.7431401354894346, -0.9126267628239773, 0.44229978400344777]",28.7127232392707,0.1425669002889077
"[0.5499222048064317, 0.7431056971942352, -0.9126201128258522, 0.4423326047180201]",28.712533719465405,0.14262973277030433
"[0.5498878459674761, 0.7430712965343891, -0.9126134669660219, 0.44236539016582316]",28.712344396352147,0.1426925652517009
"[0.5498535066583641, 0.7430369291243292, -0.9126068244061961, 0.44239814452498044]",28.712155236044506,0.14275539773309753
"[0.5498191904279062, 0.7430025984801268, -0.9126001858347979, 0.4424308644429446]",28.711966265296148,0.14281823021449414
"[0.5497848977504532, 0.742968305038357, -0.9125935513456136, 0.4424635495020158]",28.711777486847286,0.14288106269589074
"[0.5497506299908904, 0.7429340501249375, -0.9125869212047573, 0.44249619843680826]",28.71158891425275,0.14294389517728734
"[0.5497163825624785, 0.7428998291178442, -0.9125802945267673, 0.4425288156510837]",28.711400507907403,0.14300672765868397
"[0.5496821607989064, 0.7428656473092768, -0.9125736723456712, 0.4425613960990814]",28.71121231183504,0.14306956014008057
"[0.5496479584439552, 0.7428314984135744, -0.9125670534528085, 0.4425939457704299]",28.711024275557303,0.14313239262147717
"[0.5496137775665121, 0.7427973844621599, -0.9125604382504298, 0.4426264627273947]",28.710836415910613,0.1431952251028738
"[0.5495796241752336, 0.7427633114130199, -0.9125538279034554, 0.4426589412892473]",28.71064878206749,0.1432580575842704
"[0.549545487373023, 0.7427292683587412, -0.9125472203046948, 0.4426913918514502]",28.710461285387037,0.143320890065667
"[0.5495113777193478, 0.7426952657941055, -0.9125406174999795, 0.44272380440864023]",28.710274007169147,0.14338372254706364
"[0.5494772852674632, 0.7426612937676124, -0.9125340175657846, 0.44275618844544273]",28.710086877199533,0.14344655502846024
"[0.5494432214682099, 0.742627363652861, -0.912527422720818, 0.44278853311834143]",28.709899977179006,0.14350938750985684
"[0.5494091766520508, 0.7425934657804893, -0.9125208310950103, 0.4428208476432718]",28.709713235538587,0.14357221999125347
"[0.5493751533859893, 0.7425596026728913, -0.9125142431872042, 0.44285312961423606]",28.709526666908825,0.14363505247265007
"[0.5493411525418324, 0.7425257751622906, -0.9125076591681017, 0.4428853782363584]",28.70934028539341,0.14369788495404667
"[0.5493071763781091, 0.7424919854584408, -0.9125010794770017, 0.4429175914014365]",28.70915410784663,0.1437607174354433
"[0.5492732192996715, 0.7424582279616881, -0.912494503032248, 0.4429497744463576]",28.708968085908417,0.1438235499168399
"[0.5492392862094895, 0.7424245075114263, -0.9124879307852559, 0.44298192275595744]",28.708782256965947,0.1438863823982365
"[0.5492053750649938, 0.7423908220415294, -0.9124813623423255, 0.4430140382984815]",28.70859661112249,0.1439492148796331
"[0.5491714833119161, 0.7423571689811156, -0.912474797210521, 0.4430461235235622]",28.708411125492205,0.14401204736102974
"[0.5491376195235569, 0.7423235568060579, -0.9124682370524949, 0.44307817034861785]",28.708225863470133,0.14407487984242634
"[0.5491037702469577, 0.7422899721292121, -0.91246167926394, 0.44311019153588405]",28.70804072646083,0.14413771232382294
"[0.5490699491462269, 0.7422564284736741, -0.9124551264938979, 0.4431421741903542]",28.70785581574302,0.14420054480521957
"[0.5490361465697741, 0.7422229162305657, -0.9124485768742906, 0.4431741274721825]",28.707671060430012,0.14426337728661617
"[0.5490023648107553, 0.7421894376412127, -0.9124420308511919, 0.4432060492429375]",28.707486475822762,0.14432620976801278
"[0.5489686078771272, 0.7421559966418845, -0.912435489203107, 0.4432379357478638]",28.707302091605165,0.1443890422494094
"[0.548934870662901, 0.7421225881393687, -0.9124289509424024, 0.44326979184191734]",28.707117871047167,0.144451874730806
"[0.5489011562159468, 0.7420892151180738, -0.9124224166615502, 0.4433016146779232]",28.706933834354214,0.1445147072122026
"[0.5488674617675093, 0.7420558748034197, -0.9124158858257272, 0.4433334069001306]",28.706749965098197,0.1445775396935992
"[0.548833792715974, 0.7420225725017532, -0.912409359483117, 0.4433651634470679]",28.706566301162617,0.1446403721749958
"[0.5488001452506659, 0.7419893044077555, -0.9124028368969322, 0.44339688794587295]",28.706382813356758,0.14470320465639241
"[0.5487665139182649, 0.7419560650988176, -0.9123963170117265, 0.44342858556623665]",28.70619946080686,0.14476603713778904
"[0.548732910457486, 0.7419228661424956, -0.9123898021050066, 0.443460245275651]",28.706016331913855,0.14482886961918565
"[0.5486993232879076, 0.7418896960634397, -0.9123832899334016, 0.4434918780159423]",28.705833337951788,0.14489170210058225
"[0.5486657616613366, 0.7418565639656077, -0.9123767822924806, 0.4435234751036814]",28.705650553274296,0.14495453458197888
"[0.5486322185753546, 0.7418234629020357, -0.9123702778262498, 0.44355504316250904]",28.705467919138663,0.14501736706337548
"[0.5485987002681854, 0.7417903989950699, -0.9123637777461525, 0.44358657635217397]",28.705285486488222,0.14508019954477208
"[0.5485651985475112, 0.7417573641309542, -0.9123572804652067, 0.44361808240940426]",28.705103193425053,0.1451430320261687
"[0.5485317205773284, 0.7417243653419981, -0.9123507873744883, 0.4436495546259659]",28.70492109456466,0.1452058645075653
"[0.5484982642664957, 0.7416914005323206, -0.9123442980702074, 0.44368099499928615]",28.70473916945942,0.14526869698896192
"[0.5484648292252853, 0.7416584692847177, -0.9123378124785088, 0.44371240392584527]",28.704557419561397,0.14533152947035854
"[0.5484314186609517, 0.7416255747233866, -0.9123313312233075, 0.44374377842436935]",28.704375868825917,0.14539436195175515
"[0.5483980234376504, 0.7415927078222563, -0.9123248525340285, 0.4437751271024846]",28.704194443330927,0.14545719443315175
"[0.5483646504386002, 0.7415598753256551, -0.9123183777476439, 0.44380644352611476]",28.704013200646482,0.14552002691454835
"[0.5483313012653407, 0.7415270787744704, -0.9123119071766481, 0.44383772622402246]",28.70383215463149,0.14558285939594498
"[0.54829797183375, 0.7414943141189952, -0.9123054400303451, 0.44386897905754785]",28.703651265279706,0.14564569187734158
"[0.5482646636195188, 0.7414615827781901, -0.9122989765967459, 0.44390020067183433]",28.703470551607513,0.14570852435873818
"[0.548231377906874, 0.7414288859808225, -0.9122925171267717, 0.44393138989335296]",28.703290020164268,0.1457713568401348
"[0.5481981118722432, 0.7413962209209652, -0.9122860610741621, 0.4439625493972612]",28.703109649462945,0.14583418932153142
"[0.5481648667201973, 0.7413635887501111, -0.9122796086743421, 0.4439936780837841]",28.702929448709074,0.14589702180292802
"[0.5481316411862215, 0.7413309881958128, -0.9122731596835342, 0.4440247771653924]",28.702749410592617,0.14595985428432465
"[0.5480984376216598, 0.7412984215333943, -0.9122667145597879, 0.4440558444701798]",28.70256954916425,0.14602268676572125
"[0.5480652547102154, 0.7412658874394978, -0.9122602730492725, 0.4440868812591767]",28.70238986117352,0.14608551924711785
"[0.5480320944819732, 0.7412333878718679, -0.912253835547752, 0.44411788566332333]",28.70221035087632,0.14614835172851448
"[0.547998951058119, 0.741200917038364, -0.912247400915562, 0.4441488632069707]",28.702030983617103,0.14621118420991108
"[0.5479658352717768, 0.7411684855191294, -0.912240971257593, 0.44417980379510236]",28.7018518347744,0.14627401669130768
"[0.547932732727336, 0.7411360791848981, -0.9122345437804622, 0.4442107209060888]",28.70167280082353,0.14633684917270431
"[0.5478996535534012, 0.7411037079225616, -0.9122281204523709, 0.4442416051061465]",28.70149395725433,0.1463996816541009
"[0.54786659674914, 0.7410713707190137, -0.9122217010806788, 0.44427245736037524]",28.701315293129266,0.1464625141354975
"[0.5478335579569831, 0.7410390632808868, -0.9122152848207813, 0.4443032817636562]",28.701136778128042,0.14652534661689412
"[0.547800545430338, 0.7410067936461303, -0.9122088732771874, 0.4443340706455861]",28.70095847090874,0.14658817909829072
"[0.5477675476736461, 0.740974550546962, -0.9122024642188857, 0.4443648347555596]",28.700780288974272,0.14665101157968732
"[0.5477345706830502, 0.7409423398145581, -0.912196058811994, 0.44439556852867007]",28.70060227738813,0.14671384406108395
"[0.5477016149037889, 0.74091016185249, -0.9121896571446055, 0.44442627157848713]",28.700424435208237,0.14677667654248056
"[0.5476686809963485, 0.7408780172737842, -0.9121832593466466, 0.44445694331869334]",28.70024677163042,0.14683950902387716
"[0.5476357671422646, 0.7408459042723832, -0.9121768650664607, 0.44448758547123496]",28.70006927376981,0.1469023415052738
"[0.547602871366804, 0.7408138208925533, -0.9121704739219414, 0.44451819990100494]",28.699891922917182,0.1469651739866704
"[0.5475700018332532, 0.7407817750636031, -0.9121640875007239, 0.4445487790403263]",28.69971478196875,0.147028006468067
"[0.547537149150821, 0.7407497575984284, -0.9121577039798219, 0.44457933165444075]",28.699537778444732,0.1470908389494636
"[0.5475043134291108, 0.7407177685773075, -0.9121513233819776, 0.4446098576655905]",28.699360918318458,0.14715367143086022
"[0.5474715038179653, 0.7406858168826211, -0.9121449474867759, 0.44464034859625]",28.699184264471807,0.14721650391225682
"[0.5474387106718214, 0.7406538930898211, -0.9121385744213788, 0.44467081343873227]",28.69900774982391,0.14727933639365343
"[0.547405935541716, 0.7406219986820753, -0.9121322044886618, 0.4447012507764876]",28.698831383620544,0.14734216887505006
"[0.547373183612404, 0.7405901386744629, -0.912125838697849, 0.44473165582221913]",28.698655197165564,0.14740500135644666
"[0.5473404541063559, 0.7405583122779149, -0.9121194768994423, 0.44476202932752756]",28.698479196673787,0.14746783383784326
"[0.5473077428435044, 0.740526515397793, -0.912113118282474, 0.4447923751988169]",28.69830334511609,0.1475306663192399
"[0.547275050785588, 0.7404947489407827, -0.9121067630353722, 0.444822692569547]",28.698127651096186,0.1475934988006365
"[0.547242379194725, 0.7404630141039591, -0.9121004114049996, 0.44485298029596665]",28.697952122215977,0.1476563312820331
"[0.5472097260145892, 0.7404313088611274, -0.9120940629930827, 0.4448832403106145]",28.6977767445601,0.14771916376342972
"[0.547177095981563, 0.7403996377809539, -0.9120877187219997, 0.4449134682517528]",28.697601552781848,0.14778199624482632
"[0.5471444839145132, 0.7403679958046546, -0.9120813775859017, 0.44494366894634063]",28.697426511190553,0.14784482872622293
"[0.5471118934704428, 0.7403363864513762, -0.9120750402973556, 0.4449738390342542]",28.69725163853443,0.14790766120761956
"[0.5470793201792976, 0.7403048053570803, -0.9120687059886227, 0.44500398267957014]",28.697076909646146,0.14797049368901616
"[0.5470467687379164, 0.7402732570468926, -0.9120623755745404, 0.44503409556187296]",28.696902357327506,0.14803332617041276
"[0.547014236288129, 0.7402417387211524, -0.912056048500769, 0.4450641803521405]",28.6967279584307,0.14809615865180936
"[0.546981725711514, 0.7402102531420812, -0.9120497253292287, 0.44509423441248486]",28.696553735696636,0.148158991133206
"[0.5469492319155645, 0.7401787953494304, -0.9120434050709052, 0.4451242624763898]",28.69637965345351,0.14822182361460257
"[0.5469167589052198, 0.7401473691927705, -0.9120370885062202, 0.44515426086802856]",28.696205737015685,0.1482846560959992
"[0.5468843066124658, 0.7401159745765704, -0.9120307756234386, 0.44518422967728216]",28.696031991758225,0.1483474885773958
"[0.5468518762026363, 0.7400846125979382, -0.9120244666507578, 0.44521416785553397]",28.695858419931668,0.1484103210587924
"[0.5468194574449727, 0.7400532733377734, -0.9120181595992575, 0.44524408487045536]",28.695684944776122,0.14847315354018903
"[0.5467870662935013, 0.7400219721904933, -0.9120118575742304, 0.4452739660250114]",28.695511692146116,0.14853598602158563
"[0.5467546883947811, 0.7399906952564922, -0.9120055577845376, 0.445303824586957]",28.695338551028026,0.14859881850298223
"[0.5467223350663408, 0.7399594534409485, -0.9119992624336533, 0.4453336501444389]",28.69516560309145,0.14866165098437886
"[0.5466900002998636, 0.7399282409116908, -0.9119929703539675, 0.4453634482639045]",28.694992812205534,0.14872448346577546
"[0.5466576838946783, 0.7398970574480712, -0.911986681507824, 0.44539321915481533]",28.69482016680702,0.14878731594717207
"[0.5466253900244599, 0.739865907048457, -0.9119803967088818, 0.4454229589986434]",28.69464770206488,0.14885014842856867
"[0.5465931097284376, 0.7398347810429378, -0.9119741142146324, 0.44545267607154243]",28.694475350771256,0.1489129809099653
"[0.5465608534507606, 0.7398036894750474, -0.9119678360591421, 0.4454823607834043]",28.694303192756312,0.1489758133913619
"[0.5465286167252176, 0.7397726280095903, -0.9119615613746173, 0.4455120172719211]",28.69413119324341,0.1490386458727585
"[0.5464963960093412, 0.7397415932072484, -0.9119552894728913, 0.4455416488196961]",28.693959323653086,0.14910147835415513
"[0.5464641947773814, 0.7397105883884918, -0.9119490210315895, 0.44557125225525107]",28.693787611468682,0.14916431083555173
"[0.5464320161599099, 0.7396796165382532, -0.9119427566615698, 0.44560082472726775]",28.693616082988296,0.14922714331694834
"[0.5463998539555747, 0.7396486716600783, -0.9119364951569789, 0.44563037196004157]",28.69344468908387,0.14928997579834496
"[0.546367712719394, 0.7396177581098096, -0.9119302374059786, 0.44565988979327936]",28.693273464643354,0.14935280827974157
"[0.5463355905316708, 0.7395868740129948, -0.9119239830362139, 0.4456893800155563]",28.69310239057962,0.14941564076113817
"[0.5463034858068625, 0.7395560178189824, -0.9119177317403162, 0.4457188441063794]",28.692931460704262,0.1494784732425348
"[0.5462714024097128, 0.7395251932148627, -0.9119114842721879, 0.4457482785437892]",28.692760703949283,0.1495413057239314
"[0.5462393394089392, 0.7394943992770643, -0.9119052404519006, 0.44577768420842195]",28.692590109883913,0.149604138205328
"[0.5462072877037446, 0.7394636272414101, -0.9118989985084631, 0.4458070694683009]",28.692419612497446,0.1496669706867246
"[0.5461752633513252, 0.7394328924968788, -0.9118927615703126, 0.4458364196267615]",28.692249330571244,0.14972980316812123
"[0.5461432566303739, 0.7394021856832431, -0.9118865277456204, 0.4458657436210025]",28.69207919327902,0.14979263564951784
"[0.5461112646333875, 0.7393715039873039, -0.9118802964693631, 0.4458950441364819]",28.691909177744275,0.14985546813091444
"[0.5460792956973, 0.7393408553779701, -0.9118740693667143, 0.4459243135618413]",28.69173934529371,0.14991830061231107
"[0.5460473454868615, 0.739310235670467, -0.9118678455946223, 0.44595355589226593]",28.691569664737884,0.14998113309370767
"[0.5460154113367135, 0.7392796422855014, -0.9118616246351718, 0.4459827735899167]",28.691400116565195,0.15004396557510427
"[0.545983499608343, 0.7392490812906904, -0.9118554077289563, 0.44601196085882455]",28.691230747462196,0.15010679805650087
"[0.5459516018832681, 0.7392185445982004, -0.9118491932372259, 0.4460411254221289]",28.691061493256615,0.15016963053789747
"[0.5459197274441702, 0.7391880410685504, -0.9118429829697968, 0.4460702588162855]",28.690892424642836,0.1502324630192941
"[0.5458878690334649, 0.7391575637292339, -0.9118367755139735, 0.44609936769940506]",28.690723488864652,0.1502952955006907
"[0.5458560301794699, 0.7391271159304897, -0.9118305715585127, 0.4461284488705588]",28.690554709701743,0.1503581279820873
"[0.5458242124813617, 0.7390966991739298, -0.9118243714163727, 0.44615750089429407]",28.690386100070395,0.1504209604634839
"[0.5457924102548739, 0.7390663080000063, -0.9118181739811804, 0.44618652898405997]",28.690217618503947,0.15048379294488054
"[0.5457606286338392, 0.7390359472895199, -0.9118119802546639, 0.4462155284768395]",28.69004930113988,0.15054662542627714
"[0.5457288651484484, 0.7390056146565287, -0.9118057897568096, 0.44624450165041296]",28.68988113219362,0.15060945790767374
"[0.5456971186827252, 0.7389753090106377, -0.9117996022713778, 0.4462734495452035]",28.68971309901804,0.15067229038907037
"[0.5456653900817805, 0.7389450311340903, -0.9117934179643327, 0.4463023714129194]",28.68954521137694,0.15073512287046698
"[0.5456336847062179, 0.738914786114775, -0.9117872378818589, 0.44633126239229637]",28.689377507091006,0.15079795535186358
"[0.5456019950601025, 0.7388845667755379, -0.9117810605641324, 0.44636012933798713]",28.68920993572415,0.1508607878332602
"[0.5455703219443679, 0.7388543738570901, -0.9117748861684828, 0.44638897154140017]",28.689042497978644,0.1509236203146568
"[0.5455386725296693, 0.7388242141679351, -0.9117687160940781, 0.4464177824974033]",28.688875245258174,0.1509864527960534
"[0.5455070368360683, 0.7387940781723049, -0.9117625483965905, 0.4464465713141814]",28.688708106329898,0.15104928527745004
"[0.5454754187934115, 0.7387639695912549, -0.911756383843363, 0.446475334436018]",28.688541111459035,0.15111211775884664
"[0.5454438242069576, 0.7387338939255526, -0.9117502235675568, 0.4465040666067269]",28.68837430635124,0.15117495024024324
"[0.5454122446031292, 0.7387038430830136, -0.9117440659182765, 0.44653277555584336]",28.68820761978961,0.15123778272163987
"[0.5453806836455382, 0.7386738205263988, -0.9117379116110833, 0.4465614579741812]",28.688041084329722,0.15130061520303648
"[0.5453491407635889, 0.7386438256879005, -0.9117317605359551, 0.4465901144030774]",28.6878746959638,0.15136344768443308
"[0.5453176170230797, 0.738613859555787, -0.9117256129019735, 0.44661874389722744]",28.687708459613148,0.15142628016582968
"[0.5452861104460651, 0.7385839202251128, -0.9117194683246367, 0.44664734827549535]",28.687542364515952,0.1514891126472263
"[0.5452546239392736, 0.7385540104328666, -0.9117133273720681, 0.44667592492179903]",28.687376427811273,0.1515519451286229
"[0.5452231552514337, 0.7385241280150785, -0.9117071896064359, 0.44670447590250933]",28.687210636591793,0.1516147776100195
"[0.5451917040143706, 0.7384942725980423, -0.9117010549571346, 0.4467330015735984]",28.687044987037964,0.15167761009141614
"[0.5451602685383636, 0.7384644425547461, -0.9116949230957524, 0.4467615034885776]",28.68687946485672,0.15174044257281274
"[0.5451288530827766, 0.7384346419027605, -0.9116887948543332, 0.4467899778076582]",28.686714105082828,0.15180327505420935
"[0.5450974557565241, 0.7384048688228041, -0.9116826698652162, 0.446818426268005]",28.686548888665612,0.15186610753560598
"[0.5450660776548235, 0.738375124328476, -0.9116765483432749, 0.4468468478999873]",28.686383824303537,0.15192894001700255
"[0.5450347183076281, 0.7383454079489684, -0.9116704301980334, 0.44687524315233446]",28.68621891586271,0.15199177249839915
"[0.5450033744968206, 0.7383157166114018, -0.9116643148028153, 0.44690361496025893]",28.686054130495787,0.15205460497979578
"[0.5449720473774567, 0.7382860513876291, -0.9116582023841202, 0.44693196229853915]",28.6858894822564,0.15211743746119238
"[0.5449407448295405, 0.7382564197128845, -0.9116520944807217, 0.4469602780610413]",28.685725027649237,0.15218026994258899
"[0.5449094566892502, 0.7382268119403261, -0.9116459891106303, 0.44698857146504245]",28.685560691367606,0.15224310242398562
"[0.5448781811619066, 0.7381972263520197, -0.9116398859247056, 0.44701684415133425]",28.685396458505583,0.15230593490538222
"[0.5448469288951804, 0.7381676729963477, -0.9116337870019382, 0.4470450865163615]",28.685232412002186,0.15236876738677882
"[0.5448156931502128, 0.738138145474952, -0.9116276910284561, 0.44707330467347756]",28.685068497254395,0.15243159986817545
"[0.5447844748832102, 0.7381086446687911, -0.9116215981920179, 0.44710149777975217]",28.684904721290412,0.15249443234957205
"[0.5447532756542462, 0.7380791720279617, -0.911615508798278, 0.4471296644482734]",28.684741103351904,0.15255726483096865
"[0.5447220927975563, 0.7380497250106561, -0.9116094223280964, 0.4471578071071502]",28.684577614441515,0.15262009731236528
"[0.5446909283459936, 0.7380203055133507, -0.9116033391794045, 0.4471859239428587]",28.684414273827418,0.15268292979376188
"[0.544659783646273, 0.7379909147825012, -0.9115972596162633, 0.4472140137630078]",28.684251090907214,0.1527457622751585
"[0.5446286528571465, 0.7379615472832399, -0.9115911824995634, 0.4472420818564528]",28.684088022547066,0.15280859475655512
"[0.5445975426712774, 0.7379322093061648, -0.9115851091369304, 0.44727012220988993]",28.683925115910473,0.15287142723795172
"[0.5445664480627077, 0.7379028960878607, -0.911579038548344, 0.44729813937496943]",28.683762338279713,0.15293425971934832
"[0.5445353726331529, 0.7378736110006912, -0.9115729714380963, 0.44732613012738753]",28.683599712291297,0.15299709220074492
"[0.5445043163398408, 0.7378443539796348, -0.9115669077990101, 0.4473540945281666]",28.683437242465796,0.15305992468214155
"[0.5444732712071716, 0.7378151174903776, -0.9115608460749431, 0.4473820397778017]",28.68327486311965,0.15312275716353815
"[0.5444422492704383, 0.7377859128443289, -0.9115547886169665, 0.44740995506342457]",28.68311266589556,0.15318558964493476
"[0.5444112417362659, 0.7377567317389931, -0.9115487337092076, 0.44743784831987704]",28.682950588063434,0.15324842212633139
"[0.5443802545003991, 0.7377275797000309, -0.9115426825040561, 0.4474657142643238]",28.682788671491302,0.153311254607728
"[0.5443492829439368, 0.737698452358702, -0.9115366341006587, 0.44749355707170524]",28.68262688449339,0.1533740870891246
"[0.5443183285890967, 0.737669351124721, -0.9115305887973733, 0.44752137539348164]",28.682465234294753,0.15343691957052122
"[0.5442873925819899, 0.7376402770524793, -0.9115245468191493, 0.4475491682206907]",28.682303729401514,0.15349975205191782
"[0.5442564737166451, 0.7376112289855418, -0.9115185079315661, 0.4475769366577542]",28.682142363631176,0.15356258453331442
"[0.5442255710932737, 0.737582206056573, -0.9115124719599655, 0.4476046815327973]",28.68198112842084,0.15362541701471105
"[0.54419468724069, 0.737553210617822, -0.9115064393993835, 0.44763240059611803]",28.681820044577385,0.15368824949610765
"[0.544163820434179, 0.7375242410269457, -0.9115004099140371, 0.4476600954167079]",28.681659094657405,0.15375108197750423
"[0.5441329720090389, 0.7374952985143045, -0.9114943837658626, 0.4476877648173026]",28.681498294005312,0.15381391445890086
"[0.5441021379542005, 0.7374663792950917, -0.9114883601723731, 0.44771541241524093]",28.681337608508684,0.15387674694029746
"[0.5440713235664206, 0.7374374883149984, -0.9114823401693949, 0.4477430334812906]",28.68117708562548,0.15393957942169406
"[0.5440405238332015, 0.7374086208521711, -0.911476322778747, 0.44777063252873806]",28.681016673385226,0.1540024119030907
"[0.5440097436877669, 0.7373797815081818, -0.9114703089653147, 0.4477982051571876]",28.680856420758104,0.1540652443844873
"[0.5439789822378741, 0.7373509694230057, -0.9114642985558916, 0.44782575218778586]",28.680696318558656,0.1541280768658839
"[0.5439482319989855, 0.7373221775663711, -0.9114582900891068, 0.44785328034121236]",28.68053630576209,0.15419090934728052
"[0.5439175037251844, 0.7372934159859257, -0.9114522856673143, 0.4478807800098356]",28.680376468281274,0.15425374182867713
"[0.5438867885474238, 0.7372646763578578, -0.9114462835585413, 0.447908259151233]",28.68021674174651,0.15431657431007373
"[0.5438560951846378, 0.7372359668180153, -0.9114402854676374, 0.4479357099853632]",28.68005718451873,0.15437940679147036
"[0.5438254152724046, 0.7372072795201676, -0.9114342897610977, 0.44796314001342674]",28.679897737875926,0.15444223927286696
"[0.5437947579464872, 0.7371786229839653, -0.9114282982253792, 0.44799054108811576]",28.67973846932703,0.15450507175426356
"[0.5437641098686326, 0.737149984720907, -0.9114223082547331, 0.4480179251498522]",28.679579277826765,0.15456790423566016
"[0.5437334825478493, 0.7371213754654251, -0.911416322099519, 0.44804528193340687]",28.679420250761567,0.1546307367170568
"[0.5437028708262537, 0.7370927903766988, -0.9114103387526908, 0.4480726160666257]",28.67926135040014,0.1546935691984534
"[0.5436722791485457, 0.7370642335827053, -0.9114043590840669, 0.44809992360115164]",28.679102608471823,0.15475640167985
"[0.5436417016126495, 0.7370356995522765, -0.9113983819410226, 0.4481272098251839]",28.678943984174143,0.15481923416124663
"[0.5436111387889302, 0.7370071887984692, -0.911392407436024, 0.44815447424722515]",28.678785473350082,0.15488206664264323
"[0.5435805966298852, 0.7369787068519088, -0.9113864367337289, 0.448181711577395]",28.678627130525225,0.15494489912403983
"[0.5435500709020451, 0.7369502497417196, -0.9113804690075985, 0.44820892561198783]",28.678468916931184,0.15500773160543646
"[0.543519560530046, 0.7369218164449521, -0.9113745040484015, 0.4482361173283281]",28.67831082977304,0.15507056408683306
"[0.5434890683189916, 0.7368934095545142, -0.9113685424055686, 0.44826328424575335]",28.678152885745043,0.15513339656822966
"[0.5434585936740244, 0.736865028494, -0.9113625839638378, 0.44829042691448273]",28.67799508461183,0.1551962290496263
"[0.5434281342573142, 0.7368366710653552, -0.9113566282671165, 0.4483175474357007]",28.677837403250805,0.1552590615310229
"[0.5433976910738292, 0.7368083381840207, -0.9113506755128906, 0.44834464493296716]",28.67767985546319,0.1553218940124195
"[0.5433672654138696, 0.7367800310296423, -0.9113447259544701, 0.44837171827709343]",28.677522441871623,0.15538472649381613
"[0.5433368550350597, 0.7367517474952373, -0.9113387791543671, 0.4483987694822695]",28.67736515484967,0.15544755897521273
"[0.5433064603718549, 0.7367234879650125, -0.9113328351985126, 0.4484257981801135]",28.67720799314974,0.15551039145660933
"[0.5432760839134507, 0.7366952547321143, -0.9113268945746945, 0.44845280217637684]",28.677050976381572,0.15557322393800593
"[0.5432457246105957, 0.7366670467994939, -0.9113209570787308, 0.4484797824236881]",28.676894097750086,0.15563605641940254
"[0.5432153835751006, 0.7366388651783637, -0.9113150229290768, 0.448506737953835]",28.67673736335213,0.15569888890079914
"[0.5431850543364156, 0.7366107038393795, -0.9113090908611639, 0.448533674532954]",28.676580727283657,0.15576172138219577
"[0.5431547451948445, 0.7365825704694215, -0.9113031624994095, 0.448560584807544]",28.6764242478461,0.15582455386359237
"[0.5431244498194059, 0.7365544591709862, -0.9112972366064856, 0.4485874744177425]",28.676267882324474,0.15588738634498897
"[0.5430941722032205, 0.7365263736294224, -0.9112913139644221, 0.44861433983744237]",28.6761116525898,0.1559502188263856
"[0.5430639104773652, 0.7364983120902815, -0.9112853942086178, 0.4486411827439081]",28.67595555642846,0.1560130513077822
"[0.5430336659585902, 0.7364702757540246, -0.911279477597626, 0.44866800198785806]",28.675799598825392,0.1560758837891788
"[0.5430034374174583, 0.7364422634604157, -0.9112735638919076, 0.44869479867820805]",28.675643765443187,0.1561387162705754
"[0.5429732276859401, 0.7364142778125348, -0.9112676536464762, 0.4487215703238518]",28.67548808111034,0.15620154875197204
"[0.5429430298152624, 0.7363863123538389, -0.9112617455028087, 0.44874832310035556]",28.67533249565053,0.15626438123336864
"[0.542912852509461, 0.7363583751247914, -0.9112558411647841, 0.44877504931498485]",28.675177072344468,0.15632721371476524
"[0.5428826884190417, 0.7363304593007408, -0.9112499391954052, 0.4488017554955969]",28.675021753818335,0.15639004619616187
"[0.5428525432749995, 0.7363025701655995, -0.9112440407169569, 0.448828436586315]",28.674866585917542,0.15645287867755847
"[0.542822410532012, 0.7362747016443368, -0.9112381444496567, 0.44885509839811666]",28.674711521336082,0.15651571115895507
"[0.5427922949510966, 0.7362468581215335, -0.9112322513260375, 0.44888173673540815]",28.674556593419656,0.1565785436403517
"[0.5427621962421068, 0.7362190393082361, -0.9112263612902811, 0.44890835187367184]",28.674401797265016,0.1566413761217483
"[0.5427321177429194, 0.7361912482674311, -0.9112204749965691, 0.4489349408814218]",28.67424716340446,0.1567042086031449
"[0.5427020489909817, 0.7361634753134586, -0.9112145903983138, 0.44896151302451653]",28.67409260675555,0.15676704108454154
"[0.5426719984873888, 0.7361357282804722, -0.9112087091601082, 0.448988060806697]",28.673938199321736,0.15682987356593814
"[0.5426419671744884, 0.736108008016474, -0.9112028314673664, 0.44901458341557837]",28.673783941931088,0.15689270604733474
"[0.5426119499223601, 0.7360803097661276, -0.9111969563170034, 0.449041085400101]",28.673629796756842,0.15695553852873137
"[0.5425819478151898, 0.7360526345115289, -0.9111910839221167, 0.449067565819733]",28.673475777478725,0.15701837101012797
"[0.5425519605743251, 0.7360249819769707, -0.9111852142290645, 0.44909402493740963]",28.67332187168647,0.15708120349152457
"[0.5425219923618889, 0.7359973559801417, -0.9111793480534767, 0.44912045909925213]",28.673168116911963,0.15714403597292118
"[0.542492038873608, 0.7359697525328841, -0.9111734845537399, 0.44914687212041354]",28.67301448459161,0.1572068684543178
"[0.5424620991710677, 0.7359421707525022, -0.9111676235470337, 0.44917326484468917]",28.67286096084084,0.1572697009357144
"[0.5424321788938582, 0.7359146158144516, -0.9111617661382886, 0.4491996323188042]",28.67270758874165,0.157332533417111
"[0.5424022743082468, 0.7358870842593553, -0.9111559115975024, 0.44922597785207996]",28.67255434399671,0.15739536589850764
"[0.5423723825856331, 0.7358595734652232, -0.9111500593717795, 0.44925230395272475]",28.672401200993324,0.1574581983799042
"[0.542342508444439, 0.7358320877559993, -0.9111442103857831, 0.4492786064821233]",28.6722481994357,0.15752103086130084
"[0.542312651881586, 0.7358046271080992, -0.9111383646398441, 0.4493048854618724]",28.67209533752254,0.15758386334269744
"[0.5422828094315151, 0.7357771883149163, -0.9111325214563206, 0.4493311439596974]",28.67194258946874,0.15764669582409405
"[0.5422529806809551, 0.7357497709790606, -0.9111266807551475, 0.4493573823550828]",28.671789950584184,0.15770952830549065
"[0.5422231703588272, 0.7357223794278607, -0.9111208434631795, 0.4493835965058704]",28.671637458058694,0.15777236078688728
"[0.5421933792294522, 0.7356950143419105, -0.9111150097310291, 0.44940978575969787]",28.671485117413486,0.15783519326828388
"[0.542163594513667, 0.7356676639663774, -0.9111091770570919, 0.44943596136555236]",28.67133283034951,0.15789802574968048
"[0.5421338335780841, 0.7356403442301285, -0.9111033488431005, 0.44946210807789305]",28.671180731802355,0.1579608582310771
"[0.5421040826462257, 0.7356130424668096, -0.9110975223920499, 0.4494882380182838]",28.671028714239572,0.1580236907124737
"[0.5420743518690875, 0.7355857679734823, -0.9110916996927837, 0.4495143422878476]",28.670876853523534,0.15808652319387032
"[0.542044635091332, 0.7355585150833249, -0.9110858795406959, 0.44954042630932556]",28.670725109254825,0.15814935567526694
"[0.5420149333949812, 0.7355312847708971, -0.9110800621485527, 0.4495664891491252]",28.670573482176057,0.15821218815666355
"[0.5419852489804066, 0.7355040790343143, -0.911074247948199, 0.4495925288938969]",28.6704219927023,0.15827502063806015
"[0.5419555786663758, 0.7354768949392637, -0.9110684363174026, 0.44961854835131415]",28.670270617501693,0.15833785311945678
"[0.5419259242722763, 0.7354497341345978, -0.9110626276133845, 0.44964454594231584]",28.670119369244183,0.15840068560085338
"[0.5418962856536184, 0.7354225964691828, -0.9110568218087068, 0.44967052181067874]",28.669968242366252,0.15846351808224998
"[0.5418666639960336, 0.7353954830093827, -0.9110510191364914, 0.4496964749347856]",28.669817254862064,0.1585263505636466
"[0.5418370568100433, 0.7353683914578895, -0.9110452191099253, 0.4497224075127531]",28.669666384577482,0.1585891830450432
"[0.5418074615990587, 0.7353413195138359, -0.9110394212407361, 0.44974832174624796]",28.669515606767128,0.15865201552643982
"[0.5417778856619464, 0.7353142738353043, -0.9110336269596644, 0.44977421126104483]",28.669364977912558,0.15871484800783642
"[0.5417483234289403, 0.7352872493098108, -0.9110278351763926, 0.4498000809501688]",28.669214466614754,0.15877768048923305
"[0.5417187782723702, 0.7352602490019674, -0.9110220465524641, 0.44982592787910824]",28.66906408395049,0.15884051297062965
"[0.5416892490104395, 0.7352332718126138, -0.911016260857197, 0.44985175309916503]",28.668913831340955,0.15890334545202625
"[0.5416597318660328, 0.7352063142741057, -0.91101047735135, 0.4498775599291107]",28.668763676456088,0.15896617793342288
"[0.5416302353448691, 0.7351793841355808, -0.9110046977023635, 0.4499033409496891]",28.66861368445294,0.15902901041481948
"[0.541600747400606, 0.7351524703813718, -0.9109989195506555, 0.4499291067057032]",28.668463761457467,0.15909184289621608
"[0.5415712789772475, 0.7351255829831805, -0.9109931450415057, 0.44995484764999344]",28.668313993688237,0.15915467537761271
"[0.5415418256414188, 0.735098717876207, -0.9109873733070336, 0.44998056767310485]",28.66816434302277,0.15921750785900932
"[0.5415123877135016, 0.7350718753347611, -0.9109816044108465, 0.4500062665115722]",28.6680148199776,0.15928034034040592
"[0.5414829636217301, 0.7350450539083034, -0.9109758380457388, 0.4500319455533117]",28.66786540266221,0.15934317282180252
"[0.5414535542393116, 0.7350182543757826, -0.9109700743836395, 0.45005760405174755]",28.667716104984496,0.15940600530319912
"[0.5414241637145697, 0.7349914804982242, -0.910964314238384, 0.45008323840507675]",28.667566955455165,0.15946883778459572
"[0.5413947832180224, 0.7349647242151238, -0.9109585558803149, 0.45010885632993053]",28.667417886399733,0.15953167026599235
"[0.5413654207826358, 0.7349379928251978, -0.9109528008846259, 0.4501344508373287]",28.66726896110775,0.15959450274738896
"[0.5413360736235059, 0.7349112837741115, -0.9109470487063165, 0.4501600243720678]",28.66712015613259,0.15965733522878556
"[0.5413067414740241, 0.7348845968015753, -0.9109412992939377, 0.4501855771825349]",28.666971472639112,0.1597201677101822
"[0.5412774232043652, 0.7348579308626396, -0.9109355524268247, 0.4502111102684645]",28.66682290028414,0.1597830001915788
"[0.5412481227941436, 0.7348312895586593, -0.9109298088858644, 0.4502366201806342]",28.666674469306205,0.1598458326729754
"[0.5412188336430579, 0.7348046668712868, -0.9109240673780394, 0.450262112680996]",28.66652612857129,0.15990866515437202
"[0.5411895591963167, 0.7347780659163708, -0.9109183285794699, 0.45028758478523545]",28.666377901687,0.15997149763576862
"[0.541160305662915, 0.7347514923160883, -0.9109125937081758, 0.45031303110881465]",28.66622984116394,0.16003433011716522
"[0.541131061817357, 0.734724935855684, -0.9109068605643059, 0.450338461432332]",28.66608186105075,0.16009716259856185
"[0.5411018361724974, 0.7346984042492767, -0.9109011308175443, 0.45036386836800907]",28.66593402042992,0.16015999507995846
"[0.5410726238485443, 0.7346718930489287, -0.9108954035119987, 0.45038925617437997]",28.66578628966514,0.16022282756135506
"[0.5410434248129817, 0.7346454022092838, -0.9108896786420514, 0.45041462489412815]",28.665638665259433,0.1602856600427517
"[0.5410142424389098, 0.734618934773342, -0.9108839568698281, 0.4504399716123309]",28.66549117089846,0.1603484925241483
"[0.5409850762071392, 0.7345924902517766, -0.9108782380943375, 0.4504652967967145]",28.6653438073151,0.1604113250055449
"[0.5409559250492162, 0.734566067658104, -0.9108725221068734, 0.4504906013911611]",28.665196559335854,0.1604741574869415
"[0.5409267853498565, 0.7345396636997135, -0.9108668081992942, 0.45051588854821734]",28.665049405249295,0.16053698996833812
"[0.5408976633434184, 0.7345132840088486, -0.9108610975948445, 0.4505411528730644]",28.66490238946204,0.16059982244973472
"[0.5408685534544799, 0.7344869235180406, -0.9108553892009972, 0.45056639921809877]",28.664755474423547,0.16066265493113133
"[0.540839462710514, 0.7344605885733712, -0.9108496843966094, 0.45059162150461657]",28.664608707507405,0.16072548741252796
"[0.5408103822657484, 0.734434271150176, -0.910843981447757, 0.4506168274174338]",28.66446202256012,0.16078831989392456
"[0.5407813193095273, 0.7344079777385834, -0.9108382817650865, 0.45064201073976257]",28.66431547842514,0.16085115237532116
"[0.5407522661953504, 0.7343817014048524, -0.9108325838497474, 0.45066717811184714]",28.66416901224296,0.1609139848567178
"[0.5407232373419196, 0.7343554551708199, -0.9108268905303435, 0.4506923170605235]",28.664022734873985,0.1609768173381144
"[0.5406942142281248, 0.7343292222737864, -0.9108211981751605, 0.450717443640486]",28.663876507715628,0.161039649819511
"[0.5406652102350239, 0.7343030147935647, -0.9108155094093657, 0.4507425462806586]",28.66373042887628,0.1611024823009076
"[0.5406362195121975, 0.7342768274258666, -0.9108098230862512, 0.4507676300608535]",28.663584457180733,0.1611653147823042
"[0.5406072440662834, 0.7342506619669754, -0.910804139600148, 0.4507926932597058]",28.66343860700203,0.1612281472637008
"[0.5405782826795315, 0.7342245173006137, -0.9107984587129447, 0.45081773694567234]",28.663292867101458,0.16129097974509743
"[0.5405493359715594, 0.7341983939697864, -0.910792780546923, 0.45084276059783274]",28.66314724389842,0.16135381222649403
"[0.5405204047278849, 0.7341722926664809, -0.9107871052569203, 0.4508677635525175]",28.66300174396686,0.16141664470789063
"[0.5404914870594651, 0.7341462116700052, -0.9107814324731123, 0.4508927474572251]",28.662856351547216,0.16147947718928726
"[0.540462583877777, 0.7341201517864274, -0.9107757623750343, 0.45091771153902793]",28.662711073580354,0.16154230967068386
"[0.5404336963302078, 0.7340941140334319, -0.91077009518852, 0.4509426548222265]",28.662565923744804,0.16160514215208047
"[0.5404048199446384, 0.7340680943646511, -0.9107644300369409, 0.4509675811823662]",28.66242085817163,0.1616679746334771
"[0.5403759621340156, 0.7340420994430567, -0.9107587683753527, 0.4509924842356445]",28.662275939992874,0.1617308071148737
"[0.5403471179342471, 0.7340161247793969, -0.9107531092305984, 0.4510173682819018]",28.662131128984395,0.1617936395962703
"[0.5403182884127481, 0.7339901713189266, -0.9107474528128233, 0.45104223241480557]",28.661986435070624,0.16185647207766693
"[0.5402894706991015, 0.7339642364623765, -0.910741798559551, 0.45106707912379906]",28.661841836129923,0.16191930455906353
"[0.5402606699451693, 0.7339383248300974, -0.9107361474823381, 0.45109190398161236]",28.66169736894995,0.16198213704046013
"[0.5402318841917084, 0.7339124346419568, -0.9107304991975016, 0.45111670869287457]",28.66155302286264,0.16204496952185674
"[0.5402031089441472, 0.7338865618407531, -0.9107248528238183, 0.4511414971439797]",28.661408759965518,0.16210780200325337
"[0.5401743510359035, 0.7338607125549677, -0.9107192097028731, 0.45116626346254124]",28.661264635164812,0.16217063448464997
"[0.5401456070288565, 0.7338348836771593, -0.910713569160743, 0.45119101062498856]",28.661120618644084,0.16223346696604657
"[0.5401168755983811, 0.7338090740019514, -0.9107079309381877, 0.45121573978549495]",28.66097670057066,0.1622962994474432
"[0.5400881598035463, 0.733783286261582, -0.9107022956362208, 0.4512404483254461]",28.660832910476607,0.1623591319288398
"[0.5400594607040491, 0.7337575213902485, -0.9106966634635392, 0.45126513534889623]",28.660689249127984,0.1624219644102364
"[0.540030772802579, 0.7337317744371001, -0.910691033342, 0.4512898055988318]",28.660545677981094,0.16248479689163303
"[0.5400021003469576, 0.7337060491994384, -0.9106854061059465, 0.45131445543602455]",28.66040222713183,0.16254762937302963
"[0.5399734431779424, 0.7336803455176851, -0.9106797817248433, 0.4513390850125732]",28.660258900418313,0.16261046185442624
"[0.5399447974956522, 0.7336546599684935, -0.910674159453597, 0.45136369760804496]",28.660115665131215,0.16267329433582287
"[0.5399161666310028, 0.7336289955237503, -0.9106685399466449, 0.4513882903739807]",28.65997254548807,0.16273612681721947
"[0.5398875503739666, 0.7336033519790699, -0.9106629231634669, 0.45141286350545196]",28.659829538892264,0.16279895929861607
"[0.5398589496456154, 0.7335777301434641, -0.9106573092855574, 0.4514374162264239]",28.65968666078888,0.1628617917800127
"[0.5398303600913004, 0.7335521261008884, -0.9106516974588453, 0.45146195228881647]",28.65954386660547,0.1629246242614093
"[0.539801786911865, 0.7335265444938055, -0.9106460887048847, 0.45148646724307184]",28.65940120210682,0.16298745674280588
"[0.5397732250444414, 0.7335009807741032, -0.9106404820305465, 0.451510965446924]",28.65925863018629,0.1630502892242025
"[0.5397446802793393, 0.733475440108702, -0.91063487857315, 0.4515354419480587]",28.659116192845364,0.1631131217055991
"[0.5397161494209015, 0.7334499196216376, -0.9106292777060784, 0.451559899501805]",28.65897386445876,0.1631759541869957
"[0.5396876317853039, 0.7334244186862175, -0.9106236792957643, 0.4515843387080265]",28.65883164012452,0.16323878666839234
"[0.5396591303311088, 0.7333989399321138, -0.9106180839237024, 0.4516087570457651]",28.658689546319938,0.16330161914978894
"[0.5396306392509478, 0.733373478153108, -0.9106124904504629, 0.45163315950384475]",28.658547530846562,0.16336445163118554
"[0.5396021635351789, 0.7333480377945661, -0.9106068998564294, 0.4516575418211497]",28.658405641825563,0.16342728411258217
"[0.5395737006462136, 0.7333226165740256, -0.910601311644075, 0.45168190618447185]",28.658263850260123,0.16349011659397877
"[0.5395452539421106, 0.7332972174750092, -0.9105957264733759, 0.4517062497335627]",28.658122187317204,0.16355294907537538
"[0.5395168197064703, 0.7332718371637553, -0.9105901436153371, 0.4517305756628844]",28.657980621927504,0.16361578155677198
"[0.5394884021812473, 0.7332464794109217, -0.9105845639035096, 0.4517548803576608]",28.65783919281881,0.1636786140381686
"[0.539459995302618, 0.7332211387906408, -0.9105789861479386, 0.45177916901770826]",28.657697845315287,0.1637414465195652
"[0.5394316019957837, 0.7331958178987038, -0.910573410923631, 0.45180343915433296]",28.657556606620926,0.1638042790009618
"[0.5394032247828587, 0.7331705189684746, -0.9105678387264956, 0.45182768862607875]",28.65741549238268,0.16386711148235844
"[0.5393748600040112, 0.7331452387217742, -0.9105622688385459, 0.4518519205743913]",28.65727447825166,0.16392994396375504
"[0.5393465076723071, 0.7331199771563769, -0.9105567012629842, 0.45187613500073065]",28.657133561961178,0.16399277644515164
"[0.5393181734775012, 0.7330947393256423, -0.910551137117789, 0.4519003270604209]",28.65699278803012,0.16405560892654827
"[0.5392898469547814, 0.733069515894151, -0.9105455743485654, 0.4519245057013631]",28.65685207853146,0.16411844140794488
"[0.5392615386268228, 0.7330443162176412, -0.9105400150223986, 0.4519486619546563]",28.656711506715528,0.16418127388934148
"[0.539233244435909, 0.7330191366672184, -0.9105344583430958, 0.45197279929811474]",28.656571051047173,0.1642441063707381
"[0.5392049618091171, 0.7329939749390841, -0.9105289038059969, 0.451996919939495]",28.65643068724688,0.1643069388521347
"[0.5391766943867453, 0.7329688342573365, -0.9105233521266746, 0.4520210207873914]",28.65629044224783,0.1643697713335313
"[0.5391484417206718, 0.73294371420766, -0.910517803217778, 0.4520451022382125]",28.656150311399635,0.16443260381492794
"[0.5391202001162846, 0.73291861149101, -0.9105122563543047, 0.45206916745391645]",28.65601027186281,0.16449543629632454
"[0.5390919711786573, 0.7328935275208174, -0.9105067118521184, 0.452093215078846]",28.655870328703262,0.16455826877772115
"[0.539063756476089, 0.732868463676185, -0.9105011700198855, 0.45211724379016954]",28.655730503375203,0.16462110125911775
"[0.5390355568481406, 0.732843420687493, -0.9104956310231589, 0.45214125288691664]",28.655590792814632,0.16468393374051438
"[0.5390073701899959, 0.7328183966706552, -0.9104900944491464, 0.4521652441746597]",28.655451183467616,0.16474676622191098
"[0.5389791963650645, 0.7327933914903747, -0.910484560271642, 0.4521892177824319]",28.655311678409767,0.16480959870330758
"[0.5389510397103541, 0.7327684089802989, -0.9104790293432103, 0.45221317003397155]",28.655172308513833,0.16487243118470418
"[0.5389228916765525, 0.7327434415409342, -0.9104734999850926, 0.452237108214695]",28.655033007699217,0.16493526366610078
"[0.5388947630131232, 0.7327184986923141, -0.9104679743095307, 0.4522610231962975]",28.654893855619935,0.16499809614749741
"[0.5388666436123339, 0.7326935714564574, -0.9104624503315658, 0.4522849235860515]",28.654754780003884,0.16506092862889402
"[0.5388385360205148, 0.7326686620786126, -0.910456928552001, 0.4523088072306139]",28.654615798452546,0.16512376111029062
"[0.538810448011792, 0.7326437774322537, -0.9104514104987239, 0.4523326675387597]",28.654476968135743,0.16518659359168722
"[0.5387823665154641, 0.7326189059233807, -0.910445893604532, 0.45235651562655604]",28.65433819277922,0.16524942607308385
"[0.5387543036497454, 0.7325940582714096, -0.9104403802507758, 0.4523803412150084]",28.654199559894547,0.16531225855448045
"[0.5387262519189217, 0.7325692278240477, -0.9104348689654481, 0.45240415068202255]",28.654061015883073,0.16537509103587705
"[0.5386982136014972, 0.7325444165848419, -0.9104293601968013, 0.45242794210578346]",28.653922581270404,0.16543792351727368
"[0.5386701890875786, 0.7325196248846686, -0.9104238540220947, 0.4524517151683102]",28.653784253982415,0.16550075599867028
"[0.5386421777880503, 0.7324948521881326, -0.910418350326191, 0.4524754703823009]",28.653646031104977,0.1655635884800669
"[0.5386141806584438, 0.7324700993259273, -0.9104128492974464, 0.4524992069504746]",28.653507919874418,0.16562642096146352
"[0.5385861975866277, 0.7324453661842445, -0.9104073509144431, 0.452522924981245]",28.653369918745057,0.16568925344286012
"[0.5385582256784274, 0.7324206501915568, -0.910401854609101, 0.4525466269399362]",28.6532320033312,0.16575208592425672
"[0.5385302678632855, 0.7323959539228505, -0.9103963609576308, 0.4525703103565449]",28.653094202735222,0.16581491840565335
"[0.5385023217453537, 0.7323712752481076, -0.9103908694898485, 0.45259397727306083]",28.652956495195696,0.16587775088704995
"[0.5384743928407048, 0.7323466190236073, -0.9103853812902865, 0.4526176230315661]",28.652818921920293,0.16594058336844655
"[0.5384464742690904, 0.7323219791610116, -0.9103798950075369, 0.45264125347017964]",28.652681430006563,0.16600341584984318
"[0.5384185704142621, 0.7322973595159326, -0.9103744115036372, 0.452664864890588]",28.652544053025018,0.16606624833123979
"[0.5383906768520524, 0.7322727561716232, -0.9103689299097615, 0.4526884610484861]",28.65240675923395,0.1661290808126364
"[0.5383628006174177, 0.7322481753189456, -0.9103634516090033, 0.452712036005742]",28.652269598861643,0.166191913294033
"[0.538334934528502, 0.732223610610837, -0.9103579751905662, 0.452735595848983]",28.6521325195039,0.16625474577542962
"[0.5383070810262597, 0.7321990641867124, -0.9103525011347272, 0.45275913852570493]",28.651995542261897,0.16631757825682622
"[0.5382792442043316, 0.7321745396393057, -0.9103470302466147, 0.4527826605893515]",28.651858692726467,0.16638041073822282
"[0.5382514187460397, 0.7321500322701947, -0.9103415614819143, 0.4528061665455775]",28.65172193437368,0.16644324321961945
"[0.5382236054293825, 0.7321255427520044, -0.9103360949940991, 0.4528296557486234]",28.65158527360086,0.16650607570101605
"[0.5381958061432247, 0.7321010727342611, -0.9103306311549911, 0.4528531266156676]",28.651448719885394,0.16656890818241266
"[0.5381680178882772, 0.7320766195637071, -0.9103251693756648, 0.4528765816909822]",28.651312255581324,0.16663174066380926
"[0.5381402469550032, 0.7320521887614235, -0.9103197108931006, 0.45290001567812255]",28.6511759274373,0.16669457314520586
"[0.5381124858731895, 0.7320277737417279, -0.910314254239582, 0.45292343489337517]",28.651039675002014,0.16675740562660246
"[0.5380847383431597, 0.7320033777464692, -0.9103088001429946, 0.4529468362265]",28.650903530941335,0.1668202381079991
"[0.538057006039476, 0.7319790022334125, -0.9103033489330815, 0.4529702182784467]",28.65076750537794,0.1668830705893957
"[0.538029282951085, 0.7319546419062709, -0.9102978994288392, 0.45299358612900903]",28.650631553869342,0.1669459030707923
"[0.5380015755392985, 0.7319303024296044, -0.9102924529009255, 0.4530169343437674]",28.650495724860605,0.16700873555218892
"[0.537973880281835, 0.7319059806951731, -0.910287008657534, 0.4530402659036739]",28.650359994324756,0.16707156803358553
"[0.5379461975218144, 0.7318816769914382, -0.9102815667666717, 0.4530635805313743]",28.650224355456352,0.16713440051498213
"[0.5379185287716133, 0.7318573926326057, -0.9102761275262111, 0.453086876965473]",28.650088834578508,0.16719723299637876
"[0.5378908733614711, 0.731833127016973, -0.9102706908050578, 0.4531101557825063]",28.649953416160347,0.16726006547777536
"[0.5378632292171973, 0.7318088783117872, -0.9102652561960058, 0.45313341874006074]",28.649818084404806,0.16732289795917196
"[0.5378355982652024, 0.7317846481941198, -0.9102598240783228, 0.45315666422861006]",28.649682857167782,0.1673857304405686
"[0.5378079798226131, 0.7317604360519492, -0.9102543943183175, 0.4531798928346511]",28.649547730267678,0.1674485629219652
"[0.5377803763835761, 0.7317362440579638, -0.9102489674069015, 0.4532031024730635]",28.649412722156125,0.1675113954033618
"[0.5377527831046999, 0.731712067954405, -0.910243542392403, 0.4532262972280704]",28.64927779025202,0.16757422788475843
"[0.5377252052303629, 0.7316879123231028, -0.9102381203064526, 0.45324947270317567]",28.649142980576812,0.16763706036615503
"[0.5376976384701269, 0.731663773392609, -0.9102327003060626, 0.453272632516126]",28.64900825896373,0.16769989284755163
"[0.5376700843118044, 0.7316396524533896, -0.9102272826842972, 0.4532957754281869]",28.648873636946202,0.16776272532894823
"[0.5376425444231547, 0.7316155509518656, -0.9102218677696221, 0.45331890005091136]",28.64873912353504,0.16782555781034486
"[0.5376150164130704, 0.7315914667822404, -0.9102164550924446, 0.4533420084040846]",28.648604708014908,0.16788839029174146
"[0.5375875009862612, 0.7315674005484785, -0.9102110447918675, 0.4533650999075878]",28.64847039139732,0.16795122277313806
"[0.5375599996831182, 0.7315433535844648, -0.910205637171325, 0.45338817328089137]",28.64833618242226,0.1680140552545347
"[0.5375325083574023, 0.731519322252344, -0.91020023141607, 0.453411232013948]",28.64820205691575,0.1680768877359313
"[0.5375050308540614, 0.7314953099008652, -0.9101948282826857, 0.4534342728929285]",28.648068035970674,0.1681397202173279
"[0.5374775668223821, 0.7314713162099632, -0.9101894277027569, 0.4534572962242709]",28.647934122908442,0.16820255269872453
"[0.5374501160282515, 0.7314473409617651, -0.910184029630791, 0.45348030221636976]",28.647800312276843,0.16826538518012113
"[0.5374226772737737, 0.7314233830972627, -0.9101786338317627, 0.45350329188478183]",28.647666596711964,0.16832821766151773
"[0.5373952493771244, 0.7313994415726491, -0.9101732400737902, 0.45352626623054204]",28.647532967979018,0.16839105014291436
"[0.5373678340211414, 0.7313755178448353, -0.9101678486883288, 0.4535492238549928]",28.647399437120942,0.16845388262431094
"[0.5373404345553932, 0.7313516148228595, -0.9101624603346379, 0.453572161965874]",28.64726602943152,0.16851671510570754
"[0.5373130459645555, 0.7313277281181176, -0.9101570740269458, 0.45359508477396615]",28.64713271060284,0.16857954758710417
"[0.5372856689592629, 0.7313038583387355, -0.9101516899055219, 0.453617991695103]",28.646999481372152,0.16864238006850077
"[0.5372583062968237, 0.7312800078758528, -0.9101463085131642, 0.45364088043395134]",28.646866364014265,0.16870521254989737
"[0.537230955843025, 0.7312561748560494, -0.9101409294306716, 0.45366375278773025]",28.646733343409828,0.168768045031294
"[0.5372036169978474, 0.7312323587443595, -0.910135552540553, 0.453686609269237]",28.646600412490013,0.1688308775126906
"[0.5371762889748809, 0.7312085588441247, -0.9101301776886498, 0.4537094505464815]",28.646467568512747,0.1688937099940872
"[0.5371489775002115, 0.7311847801287723, -0.9101248060016952, 0.45373227184568543]",28.646334853069412,0.16895654247548383
"[0.5371216762225225, 0.73116101705538, -0.9101194362310244, 0.45375507848593327]",28.646202218362646,0.16901937495688044
"[0.5370943874767269, 0.7311372716446126, -0.9101140688363876, 0.45377786852730645]",28.646069678657533,0.16908220743827704
"[0.5370671101936985, 0.7311135429540654, -0.9101087036080109, 0.4538006428736885]",28.64593723855303,0.16914503991967367
"[0.5370398474977788, 0.7310898336887763, -0.9101033411609474, 0.4538233989281894]",28.6458049061335,0.16920787240107027
"[0.5370125986396825, 0.731066143183412, -0.9100979813483464, 0.4538461373287031]",28.645672681471467,0.16927070488246687
"[0.5369853572523197, 0.7310424658912831, -0.9100926229183047, 0.45386886339844934]",28.645540517264696,0.16933353736386347
"[0.536958134855943, 0.731018811812453, -0.9100872681373938, 0.4538915675384596]",28.645408501443615,0.1693963698452601
"[0.536930917277708, 0.7309951686199021, -0.9100819142182489, 0.4539142615801064]",28.645276523897056,0.1694592023266567
"[0.536903717235368, 0.7309715473498059, -0.9100765636630511, 0.45393693492968806]",28.64514468249512,0.1695220348080533
"[0.5368765285462711, 0.7309479426191788, -0.9100712152561282, 0.45395959275347403]",28.64501293435153,0.16958486728944994
"[0.5368493513880349, 0.7309243545706589, -0.9100658690329158, 0.45398223491396866]",28.64488127158539,0.16964769977084654
"[0.5368221860742182, 0.7309007834646607, -0.9100605250555924, 0.45400486116061045]",28.64474970457896,0.16971053225224314
"[0.5367950339248252, 0.7308772304342206, -0.9100551835843336, 0.4540274704051619]",28.644618242672635,0.16977336473363977
"[0.5367678938392707, 0.7308536945122609, -0.9100498444031304, 0.4540500635753244]",28.64448687251878,0.16983619721503637
"[0.5367407676617386, 0.7308301772854014, -0.9100445078752887, 0.4540726391473955]",28.64435561295055,0.16989902969643297
"[0.5367136531586584, 0.7308066768047676, -0.9100391735618991, 0.45409519899158407]",28.64422444400039,0.1699618621778296
"[0.5366865497722243, 0.7307831925754502, -0.9100338413537105, 0.4541177435824156]",28.644093362672315,0.1700246946592262
"[0.5366594570807739, 0.7307597242210239, -0.9100285111682496, 0.4541402732806973]",28.64396236540531,0.1700875271406228
"[0.536632378351102, 0.7307362745591588, -0.9100231836487147, 0.45416278538084714]",28.643831479207144,0.17015035962201944
"[0.5366053129091308, 0.7307128429930946, -0.9100178586629908, 0.4541852804551058]",28.643700693771834,0.17021319210341604
"[0.5365782574081387, 0.7306894266139068, -0.9100125355531113, 0.4542077612955546]",28.643569988733105,0.17027602458481264
"[0.5365512162199506, 0.7306660291934582, -0.9100072151797127, 0.4542302242804264]",28.643439394223062,0.17033885706620924
"[0.5365241837210766, 0.7306426458546069, -0.9100018964368487, 0.4542526740915036]",28.64330887063863,0.17040168954760584
"[0.5364971676704944, 0.7306192832967149, -0.9099965808516173, 0.45427510429626633]",28.64317847341938,0.17046452202900245
"[0.5364701624750858, 0.7305959366700874, -0.909991267324032, 0.4542975195502089]",28.64304816346373,0.17052735451039908
"[0.53644316904605, 0.7305726067512234, -0.9099859560338561, 0.4543199191072424]",28.64291794512826,0.17059018699179568
"[0.5364161853023054, 0.7305492917306668, -0.9099806465720802, 0.45434230470411974]",28.642787801418887,0.17065301947319228
"[0.5363892167467624, 0.7305259963511083, -0.9099753400219692, 0.45436467178660217]",28.64265777866707,0.1707158519545889
"[0.5363622596909111, 0.7305027174137366, -0.9099700356582314, 0.4543870234253881]",28.642527844277424,0.1707786844359855
"[0.5363353141262178, 0.7304794548998526, -0.9099647334796601, 0.45440935963785906]",28.642397997949242,0.1708415169173821
"[0.536308379198754, 0.7304562080612429, -0.9099594333186926, 0.4544316811418792]",28.64226823872554,0.17090434939877874
"[0.5362814570918112, 0.73043297877078, -0.909954135605421, 0.45445398613854493]",28.642138581503925,0.17096718188017535
"[0.5362545514539313, 0.7304097701629861, -0.9099488410582982, 0.45447627161736553]",28.642009049912915,0.17103001436157195
"[0.5362276527868515, 0.7303865740332911, -0.9099435478087061, 0.4544985454559933]",28.641879574219985,0.17109284684296855
"[0.5362007687705446, 0.7303633969937774, -0.909938257368407, 0.4545208013047015]",28.641750210429763,0.17115567932436518
"[0.5361738938913713, 0.7303402342795349, -0.9099329686528546, 0.45454304373843]",28.64162092078656,0.17121851180576178
"[0.5361470319918349, 0.7303170891913942, -0.9099276824186762, 0.4545652695869418]",28.64149173279111,0.17128134428715838
"[0.5361201828754136, 0.7302939615478122, -0.9099223986276721, 0.45458747902394847]",28.641362646639877,0.171344176768555
"[0.536093346176196, 0.7302708510216016, -0.909917117208303, 0.4546096723630367]",28.641233656179203,0.17140700924995161
"[0.5360665210152455, 0.7302477568443242, -0.9099118379880602, 0.4546318503415626]",28.64110475504471,0.17146984173134822
"[0.5360397053231136, 0.7302246772239013, -0.9099065605601252, 0.4546540146799791]",28.64097592779662,0.17153267421274485
"[0.5360129032346357, 0.7302016157078938, -0.9099012857387072, 0.45467616197084504]",28.640847210940233,0.17159550669414145
"[0.5359861146774965, 0.7301785722214487, -0.9098960135100487, 0.4546982922854008]",28.640718594726362,0.17165833917553805
"[0.5359593356228718, 0.7301555432878286, -0.9098907430816952, 0.4547204089620409]",28.64059005542407,0.17172117165693468
"[0.5359325705563044, 0.7301325327531258, -0.909885475336911, 0.45474250830645513]",28.64046162812239,0.17178400413833128
"[0.535905814787673, 0.7301095365739259, -0.9098802093530681, 0.45476459420137405]",28.640333269932757,0.17184683661972788
"[0.5358790750908701, 0.7300865605603474, -0.9098749464638436, 0.4547866610660576]",28.64020503985736,0.1719096691011245
"[0.5358523428910301, 0.7300635973331764, -0.9098696849819915, 0.4548087159871538]",28.640076866334613,0.17197250158252111
"[0.535825623808318, 0.7300406517099723, -0.9098644260141242, 0.4548307543371424]",28.63994879632805,0.17203533406391772
"[0.5357989156520835, 0.7300177217980397, -0.9098591691295211, 0.4548527779332986]",28.639820813911133,0.17209816654531432
"[0.5357722192601326, 0.7299948083057305, -0.9098539144935308, 0.45487478609471227]",28.63969292214139,0.17216099902671092
"[0.5357455358940246, 0.7299719123041813, -0.9098486623549201, 0.4548967777919715]",28.639565133444325,0.17222383150810752
"[0.5357188649667334, 0.729949033277799, -0.9098434125985966, 0.4549187535196983]",28.639437438363537,0.17228666398950415
"[0.5356922060786024, 0.7299261708722259, -0.9098381651463443, 0.45494071361767063]",28.639309840607165,0.17234949647090075
"[0.5356655567347383, 0.7299033229373781, -0.9098329195075147, 0.45496266015058134]",28.63918231654022,0.17241232895229736
"[0.5356389187640559, 0.7298804910310512, -0.909827676042543, 0.4549845916215726]",28.63905488006737,0.17247516143369399
"[0.5356122923968096, 0.7298576753396459, -0.9098224347971948, 0.4550065078510354]",28.638927536200143,0.1725379939150906
"[0.535585679336612, 0.7298348773113413, -0.9098171961072625, 0.45502840744728695]",28.638800298665185,0.1726008263964872
"[0.5355590777176448, 0.729812095336237, -0.9098119596059108, 0.45505029195619306]",28.63867314742326,0.1726636588778838
"[0.5355324886839413, 0.7297893303828188, -0.9098067255187828, 0.4550721604468425]",28.638546094397704,0.17272649135928042
"[0.5355059070183604, 0.7297665779744497, -0.909801492819303, 0.45509401721908527]",28.638419099791086,0.17278932384067702
"[0.535479342078252, 0.7297438461092168, -0.9097962633499386, 0.45511585458909753]",28.63829223695781,0.17285215632207362
"[0.5354527850599846, 0.7297211272423133, -0.9097910353780814, 0.4551376798042112]",28.638165435518125,0.17291498880347025
"[0.535426242159481, 0.7296984266636674, -0.9097858101238809, 0.45515948778203985]",28.638038747403137,0.17297782128486686
"[0.5353997115030451, 0.7296757427587859, -0.9097805872189225, 0.4551812800729754]",28.63791214974187,0.17304065376626346
"[0.5353731891045729, 0.7296530721095561, -0.9097753658789124, 0.455203059960269]",28.637785619263028,0.1731034862476601
"[0.5353466785987752, 0.7296304178130054, -0.9097701468198186, 0.45522482446807866]",28.637659181210566,0.1731663187290567
"[0.5353201811780133, 0.7296077808765559, -0.9097649302768134, 0.4552465726279582]",28.63753284547837,0.1732291512104533
"[0.5352936971449043, 0.7295851615466984, -0.9097597163099125, 0.4552683042024772]",28.63740661627279,0.17329198369184992
"[0.5352672203143319, 0.7295625545309643, -0.9097545037018565, 0.45529002427587734]",28.637280440730045,0.17335481617324652
"[0.5352407566239379, 0.7295399648892984, -0.9097492936220314, 0.45531172798622804]",28.63715436834422,0.17341764865464313
"[0.5352143054123188, 0.7295173920454506, -0.9097440859406547, 0.4553334158865775]",28.637028393545112,0.17348048113603975
"[0.5351878654064262, 0.7294948349020436, -0.9097388804075155, 0.4553550890307172]",28.636902507629703,0.17354331361743636
"[0.5351614358949275, 0.7294722928419253, -0.9097336768829832, 0.4553767480110857]",28.63677670322888,0.17360614609883296
"[0.5351350182620283, 0.729449767035197, -0.9097284756400037, 0.45539839170287993]",28.636650990850484,0.17366897858022956
"[0.5351086108520782, 0.729427256059719, -0.90972327635302, 0.45542002147201543]",28.636525360887187,0.1737318110616262
"[0.5350822179562944, 0.7294047635622388, -0.9097180798673431, 0.4554416338139145]",28.636399838991366,0.1737946435430228
"[0.5350558342424578, 0.7293822849876218, -0.9097128851335341, 0.45546323310490233]",28.636274394917947,0.1738574760244194
"[0.5350294618054122, 0.7293598221108386, -0.9097076925644593, 0.45548481763893767]",28.63614903589806,0.17392030850581602
"[0.5350031015980053, 0.7293373757326707, -0.9097025023481443, 0.455506386645991]",28.636023771537797,0.1739831409872126
"[0.5349767517775735, 0.7293149442735205, -0.9096973141221901, 0.45552794164337673]",28.635898590398355,0.17404597346860923
"[0.5349504151479462, 0.7292925301094435, -0.9096921284390793, 0.4555494803473198]",28.635773510164242,0.17410880595000583
"[0.5349240885749077, 0.7292701305623137, -0.9096869446820974, 0.45557100533079065]",28.635648508466616,0.17417163843140243
"[0.5348977714994391, 0.7292477451470804, -0.9096817627415733, 0.45559251705941817]",28.635523582456315,0.17423447091279903
"[0.5348714668397944, 0.7292253763358031, -0.9096765831925291, 0.4556140131570989]",28.635398755633467,0.17429730339419566
"[0.5348451768059546, 0.7292030259958148, -0.9096714064705453, 0.4556354918287322]",28.635274041173524,0.17436013587559226
"[0.5348188945981547, 0.7291806883359532, -0.9096662312370984, 0.4556569586390879]",28.63514938488554,0.17442296835698887
"[0.5347926260953025, 0.7291583683427401, -0.9096610586502079, 0.45567840879552873]",28.635024838917285,0.1744858008383855
"[0.5347663656780296, 0.7291360612313452, -0.9096558876037529, 0.4556998468958916]",28.634900354795274,0.1745486333197821
"[0.5347401167432747, 0.7291137698779697, -0.9096507187670335, 0.4557212701755419]",28.634775960957832,0.1746114658011787
"[0.5347138809251104, 0.7290914956592467, -0.909645552462233, 0.4557426773108819]",28.634651670173263,0.17467429828257533
"[0.5346876545852949, 0.7290692354759375, -0.9096403879733174, 0.455764071279967]",28.634527450111346,0.17473713076397193
"[0.5346614422486264, 0.7290469931579097, -0.9096352261917124, 0.45578544840140955]",28.634403341969527,0.17479996324536853
"[0.5346352390785758, 0.7290247645906083, -0.9096300661654001, 0.455806812629169]",28.6342793062723,0.17486279572676516
"[0.5346090480018444, 0.7290025522469233, -0.9096249084711128, 0.4558281615860008]",28.63415536405011,0.17492562820816177
"[0.5345828662379937, 0.7289803537588933, -0.9096197525617036, 0.45584949754731147]",28.634031494842233,0.17498846068955837
"[0.5345566969825893, 0.7289581718258669, -0.9096145990668616, 0.45587081791811607]",28.633907721876973,0.175051293170955
"[0.5345305379237855, 0.7289360044779075, -0.9096094475317119, 0.455892124591302]",28.633784029969746,0.1751141256523516
"[0.5345043907794087, 0.7289138531605994, -0.9096042982949403, 0.45591341617688735]",28.63366043147494,0.1751769581337482
"[0.5344782556296861, 0.728891717931189, -0.909599151372743, 0.45593469261929]",28.633536922268892,0.1752397906151448
"[0.5344521301099359, 0.7288695967769833, -0.9095940062998207, 0.45595595585260124]",28.63341349280612,0.17530262309654143
"[0.534426016439455, 0.7288474915672234, -0.9095888635136237, 0.4559772040795643]",28.63329015414111,0.17536545557793803
"[0.5343999136335448, 0.7288254014581145, -0.9095837228206148, 0.4559984381107261]",28.633166899154226,0.17542828805933464
"[0.5343738218401561, 0.7288033265648747, -0.90957858425032, 0.4560196578348163]",28.63304373139546,0.17549112054073127
"[0.5343477407953315, 0.7287812666542551, -0.90957344775114, 0.4560408634755323]",28.632920648524337,0.17555395302212787
"[0.5343216699756709, 0.7287592212739027, -0.9095683132203772, 0.4560620554672092]",28.632797645754305,0.17561678550352447
"[0.5342956132589896, 0.7287371936921073, -0.9095631814221403, 0.4560832306675125]",28.632674750870336,0.1756796179849211
"[0.5342695632793526, 0.7287151776723444, -0.909558050906109, 0.4561043950711405]",28.632551909644466,0.1757424504663177
"[0.5342435289812761, 0.7286931807639246, -0.9095529234342795, 0.4561255414202768]",28.632429187314933,0.1758052829477143
"[0.5342175015768696, 0.728671195531638, -0.9095477972762539, 0.4561466768621039]",28.632306525694233,0.1758681154291109
"[0.5341914871174517, 0.728649227077792, -0.9095426736242282, 0.45616779649105516]",28.632183957530174,0.1759309479105075
"[0.5341654834729118, 0.7286272735930538, -0.9095375520590525, 0.4561889020460041]",28.632061479256034,0.1759937803919041
"[0.5341394904407639, 0.7286053348967487, -0.9095324325412228, 0.4562099937001411]",28.631939079724326,0.17605661287330074
"[0.5341135091711733, 0.7285834119496137, -0.9095273152976504, 0.4562310705293007]",28.631816772887735,0.17611944535469734
"[0.5340875373492822, 0.7285615027887488, -0.9095221998727784, 0.4562521344201222]",28.631694541069315,0.17618227783609394
"[0.5340615776701746, 0.728539609677914, -0.9095170867978061, 0.4562731831956755]",28.631572407080167,0.17624511031749057
"[0.5340356289188677, 0.7285177315822151, -0.909511975833805, 0.4562942178504088]",28.631450351535808,0.17630794279888717
"[0.5340096901026331, 0.7284958676551955, -0.9095068667856138, 0.4563152391976516]",28.63132837609565,0.17637077528028378
"[0.5339837618266223, 0.7284740183975862, -0.9095017597727955, 0.4563362467554844]",28.63120648622999,0.1764336077616804
"[0.533957844983295, 0.7284521845516285, -0.9094966549715063, 0.4563572398097455]",28.631084681658724,0.176496440243077
"[0.5339319387855322, 0.7284303654443512, -0.9094915522270797, 0.4563782190069768]",28.630962957736234,0.1765592727244736
"[0.5339060424993721, 0.7284085604482616, -0.9094864513953129, 0.4563991849500289]",28.63084131617117,0.17662210520587024
"[0.5338801608682131, 0.7283867735466997, -0.9094813534108949, 0.45642013380828106]",28.63071978495373,0.17668493768726684
"[0.5338542869753323, 0.7283649989073152, -0.9094762569117861, 0.4564410711892203]",28.630598315651433,0.17674777016866344
"[0.5338284231630381, 0.728343238492934, -0.9094711623597189, 0.45646199520505804]",28.63047692719001,0.17681060265006004
"[0.5338025731723844, 0.7283214954406735, -0.9094660704919612, 0.4564829028387115]",28.630355641820678,0.17687343513145667
"[0.5337767318422464, 0.7282997653994734, -0.9094609802922533, 0.45650379827354304]",28.630234427896763,0.17693626761285328
"[0.5337509012330227, 0.7282780500930525, -0.9094558921668079, 0.45652467985157624]",28.630113294391116,0.17699910009424988
"[0.5337250827812012, 0.7282563507190145, -0.90945080639895, 0.45654554642066053]",28.62999225903763,0.1770619325756465
"[0.5336992727388815, 0.7282346641181467, -0.9094457222507699, 0.456566401018278]",28.629871286483432,0.1771247650570431
"[0.5336734727227889, 0.7282129916403599, -0.9094406400410887, 0.4565872423458614]",28.629750393800634,0.1771875975384397
"[0.5336476850666242, 0.7281913352361731, -0.9094355602299706, 0.4566080685271795]",28.629629596206865,0.17725043001983634
"[0.5336219103816626, 0.7281696954081418, -0.9094304829381944, 0.45662887907837413]",28.629508897154498,0.17731326250123294
"[0.533596144207112, 0.7281480684015825, -0.9094254072873963, 0.45664967760974384]",28.629388266603023,0.17737609498262955
"[0.5335703877751949, 0.728126455242339, -0.9094203335206604, 0.456670463134302]",28.629267714903587,0.17743892746402617
"[0.5335446438712909, 0.7281048582579789, -0.9094152621870355, 0.45669123341309886]",28.62914725781554,0.17750175994542278
"[0.5335189086240998, 0.7280832741914289, -0.9094101925242618, 0.45671199157803877]",28.62902686820139,0.17756459242681938
"[0.533493187480871, 0.728061707601393, -0.9094051256057645, 0.45673273324433356]",28.628906588282533,0.177627424908216
"[0.533467473347251, 0.7280401525300877, -0.9094000600343484, 0.45675346414139095]",28.628786364015877,0.17769025738961258
"[0.533441769452459, 0.7280186116763812, -0.9093949964464981, 0.4567741816731156]",28.62866622073596,0.17775308987100918
"[0.5334160801316205, 0.7279970886627484, -0.9093899356965781, 0.45679488235493304]",28.628546187478964,0.17781592235240581
"[0.5333903964949995, 0.7279755760321776, -0.9093848760336718, 0.45681557335847034]",28.62842619766698,0.17787875483380242
"[0.5333647273420006, 0.7279540811460784, -0.9093798191916046, 0.4568362476029988]",28.62830632418005,0.17794158731519902
"[0.5333390669925693, 0.7279325992380786, -0.9093747640517527, 0.45685690967239123]",28.628186516742076,0.17800441979659565
"[0.5333134185652552, 0.7279111329097797, -0.9093697112288214, 0.45687755706385214]",28.62806680343959,0.17806725227799225
"[0.5332877785302551, 0.727889679197932, -0.9093646600277719, 0.45689819262711107]",28.62794715605219,0.17813008475938885
"[0.5332621510785117, 0.7278682416000094, -0.9093596112745832, 0.4569188129975878]",28.627827605235925,0.17819291724078548
"[0.5332365331339638, 0.7278468175333027, -0.9093545643635981, 0.4569394206590305]",28.627708128270566,0.17825574972218208
"[0.5332109257464392, 0.7278254078668913, -0.9093495195019812, 0.4569600147750104]",28.627588735349317,0.17831858220357868
"[0.5331853287767484, 0.7278040124752322, -0.9093444766626522, 0.4569805954658051]",28.627469422119788,0.1783814146849753
"[0.5331597430111878, 0.727782632006186, -0.9093394360008603, 0.4570011621077281]",28.627350195602784,0.17844424716637192
"[0.5331341657649996, 0.7277612642075232, -0.9093343969880177, 0.45702171686681986]",28.62723103608898,0.17850707964776852
"[0.5331086018284268, 0.727739913071697, -0.9093293605681977, 0.4570422559020414]",28.62711197880954,0.17856991212916512
"[0.533083046309362, 0.7277185745034261, -0.9093243257779322, 0.4570627831524123]",28.626992988457175,0.17863274461056175
"[0.5330575045709991, 0.7276972529713989, -0.9093192936741836, 0.45708329431864586]",28.626874101605146,0.17869557709195835
"[0.533031967038149, 0.7276759404743771, -0.9093142623708276, 0.4571037970974495]",28.626755249846017,0.17875840957335495
"[0.5330064451084724, 0.7276546465156333, -0.9093092341137188, 0.4571242823461454]",28.62663652288063,0.17882124205475158
"[0.5329809306794384, 0.7276333643251063, -0.9093042073068588, 0.45714475657716025]",28.626517850991178,0.17888407453614819
"[0.5329554281950225, 0.7276120976010532, -0.9092991828261219, 0.45716521623218526]",28.62639927351672,0.1789469070175448
"[0.5329299355024103, 0.7275908445389134, -0.9092941602476958, 0.45718566304680414]",28.626280770531118,0.17900973949894142
"[0.5329044539319965, 0.7275696062387871, -0.9092891398340273, 0.4572060959621716]",28.626162354467038,0.17907257198033802
"[0.5328789809220243, 0.7275483805568811, -0.9092841210807235, 0.4572265170403289]",28.626044007171675,0.17913540446173462
"[0.5328535213272646, 0.7275271715291254, -0.9092791049446155, 0.45724692239784065]",28.625925761214518,0.17919823694313125
"[0.532828067729729, 0.7275059729674731, -0.9092740899645116, 0.4572673179878198]",28.62580756143766,0.17926106942452785
"[0.5328026270460886, 0.7274847906239952, -0.9092690775034906, 0.45728769827563415]",28.625689463677467,0.17932390190592445
"[0.5327771991133702, 0.7274636243524791, -0.909264067529777, 0.45730806340139973]",28.62557146688272,0.17938673438732106
"[0.5327517773600924, 0.7274424686744662, -0.9092590587489386, 0.4573284186357736]",28.625453514031847,0.17944956686871769
"[0.5327263670994887, 0.7274213280036529, -0.9092540522081485, 0.45734875973163647]",28.625335653475684,0.17951239935011426
"[0.5327009675563389, 0.7274002016856862, -0.9092490477549934, 0.4573690873180958]",28.625217877003017,0.1795752318315109
"[0.5326755799837938, 0.7273790907533858, -0.9092440456367068, 0.45738940040087145]",28.625100187249593,0.1796380643129075
"[0.5326501996410163, 0.7273579912561366, -0.9092390449195203, 0.457409702780829]",28.624982560474535,0.1797008967943041
"[0.5326248302270808, 0.7273369062610529, -0.9092340463325861, 0.45742999150630065]",28.624865017266192,0.17976372927570072
"[0.5325994725650586, 0.7273158364427237, -0.9092290500383984, 0.45745026592766797]",28.62474756102221,0.17982656175709733
"[0.5325741226909333, 0.7272947784989582, -0.9092240552562345, 0.4574705292220123]",28.62463017052214,0.17988939423849393
"[0.5325487850956786, 0.7272737361517482, -0.9092190628712865, 0.4574907778073382]",28.62451287250211,0.17995222671989056
"[0.5325234568720851, 0.7272527069775934, -0.9092140723110526, 0.45751101401524025]",28.624395646660734,0.18001505920128716
"[0.53249814004821, 0.7272316926514906, -0.9092090839754501, 0.457531236233412]",28.624278512903615,0.18007789168268376
"[0.5324728306062354, 0.727210689830247, -0.9092040970731368, 0.45755144767859457]",28.624161437437508,0.18014072416408036
"[0.5324475335101467, 0.7271897026247026, -0.9091991125825175, 0.45757164439439085]",28.62404445393803,0.180203556645477
"[0.5324222450810576, 0.7271687279738676, -0.9091941297790268, 0.4575918293260245]",28.623927541475897,0.1802663891268736
"[0.5323969702364397, 0.7271477699471129, -0.9091891496319138, 0.4576119985568461]",28.623810727941105,0.1803292216082702
"[0.5323717029386913, 0.7271268235291308, -0.9091841709518457, 0.45763215691292786]",28.623693977587404,0.18039205408966683
"[0.5323464444197512, 0.72710588973383, -0.9091791939818717, 0.4576523034181173]",28.62357729565559,0.18045488657106343
"[0.5323211978003745, 0.7270849711389, -0.9091742193372201, 0.4576724355912019]",28.62346070149375,0.18051771905246003
"[0.5322959608434428, 0.7270640658817273, -0.9091692465773975, 0.45769255522429036]",28.62334418921379,0.18058055153385666
"[0.5322707346111887, 0.727043174833601, -0.9091642759120183, 0.45771266147837625]",28.623227759342768,0.18064338401525326
"[0.5322455202111394, 0.727022298902406, -0.9091593075596257, 0.4577327534791829]",28.62311141581793,0.18070621649664986
"[0.5322203118419918, 0.7270014332772382, -0.9091543403774104, 0.45775283585653986]",28.62299512431125,0.1807690489780465
"[0.5321951157004663, 0.7269805830793582, -0.9091493755867106, 0.45777290368100576]",28.62287892331364,0.1808318814594431
"[0.532169928139076, 0.7269597452816964, -0.909144412469112, 0.4577929598655972]",28.622762792835935,0.1808947139408397
"[0.5321447522611548, 0.7269389224431199, -0.9091394516364202, 0.4578130019469723]",28.622646750903527,0.18095754642223633
"[0.532119586018352, 0.7269181128605902, -0.9091344926853199, 0.4578330315638392]",28.622530784058075,0.18102037890363293
"[0.5320944291889419, 0.7268973163426272, -0.9091295355724234, 0.4578530489000665]",28.62241488899918,0.18108321138502953
"[0.5320692812596727, 0.7268765324570475, -0.9091245801968959, 0.4578730543712243]",28.622299068462073,0.18114604386642613
"[0.5320441464136553, 0.7268557646520072, -0.9091196273833195, 0.4578930446578139]",28.622183345114028,0.18120887634782276
"[0.5320190199481879, 0.7268350090329972, -0.9091146762053319, 0.4579130235080638]",28.622067687529306,0.18127170882921936
"[0.5319939029571896, 0.7268142664959322, -0.9091097268787878, 0.4579329900591765]",28.621952100541325,0.18133454131061597
"[0.531968795591975, 0.7267935371576618, -0.9091047794338024, 0.45795294419823945]",28.621836595286958,0.18139737379201257
"[0.5319436998267719, 0.7267728226393987, -0.9090998342597013, 0.45797288436419714]",28.621721173120623,0.18146020627340917
"[0.5319186153251875, 0.7267521226542136, -0.9090948912904973, 0.457992810832754]",28.621605840553197,0.1815230387548058
"[0.5318935360878851, 0.7267314322441177, -0.9090899493442998, 0.4580127283762406]",28.621490549055608,0.1815858712362024
"[0.5318684676889064, 0.7267107560005711, -0.9090850095197847, 0.4580326325743261]",28.621375344041116,0.181648703717599
"[0.531843412949266, 0.7266900962405785, -0.9090800723731435, 0.4580525211959961]",28.621260240855996,0.1817115361989956
"[0.5318183657368608, 0.726669447898996, -0.9090751366963146, 0.4580723991168656]",28.621145198229073,0.18177436868039223
"[0.5317933289885436, 0.7266488133891993, -0.9090702030683113, 0.45809226401319436]",28.621030235500978,0.18183720116178884
"[0.5317683019564391, 0.7266281920864545, -0.9090652713420538, 0.4581121164859646]",28.620915349698386,0.18190003364318544
"[0.5317432841659255, 0.7266075835916702, -0.9090603414243089, 0.4581319569189618]",28.62080053505086,0.18196286612458207
"[0.5317182759799219, 0.7265869881959033, -0.9090554133868815, 0.4581517850315489]",28.620685794453088,0.18202569860597867
"[0.5316932797756435, 0.7265664078481048, -0.9090504876985105, 0.4581715989469096]",28.62057114652719,0.18208853108737527
"[0.5316682901827064, 0.7265458381187866, -0.9090455633012116, 0.4581914029291534]",28.620456551349847,0.1821513635687719
"[0.5316433148863117, 0.7265252853253334, -0.9090406417097046, 0.4582111908956106]",28.62034206539124,0.1822141960501685
"[0.5316183461026285, 0.726504743053714, -0.9090357213904094, 0.4582309690211701]",28.62022762987568,0.1822770285315651
"[0.5315933865369056, 0.7264842135226667, -0.9090308028767047, 0.45825073516925696]",28.620113267038192,0.18233986101296173
"[0.5315684372633306, 0.7264636976076292, -0.9090258863805555, 0.45827048849655044]",28.61999898478093,0.18240269349435834
"[0.5315434980214405, 0.7264431950860806, -0.9090209718509225, 0.4582902292168513]",28.619884778062104,0.18246552597575494
"[0.5315185679067289, 0.7264227052064729, -0.9090160591098481, 0.45830995805335284]",28.619770645702697,0.18252835845715157
"[0.5314936495780654, 0.7264022301455891, -0.9090111486815765, 0.4583296729096654]",28.619656601821287,0.18259119093854817
"[0.5314687402944035, 0.726381767642704, -0.9090062400262388, 0.4583493759621184]",28.619542627588036,0.18265402341994477
"[0.5314438403626212, 0.7263613179422055, -0.909001333204591, 0.45836906697497937]",28.61942872307739,0.18271685590134137
"[0.5314189494546395, 0.7263408807669453, -0.9089964281522641, 0.45838874621470155]",28.61931489518326,0.182779688382738
"[0.5313940699254229, 0.7263204580422198, -0.9089915253336134, 0.4584084118269405]",28.619201151548598,0.1828425208641346
"[0.5313691983032632, 0.7263000469102717, -0.9089866240647766, 0.4584280665630815]",28.61908746842265,0.1829053533455312
"[0.5313443369411014, 0.7262796492944684, -0.9089817248097104, 0.4584477085706227]",28.61897386819425,0.18296818582692784
"[0.5313194849473322, 0.7262592644552273, -0.9089768273929922, 0.45846733856131683]",28.61886033890979,0.18303101830832444
"[0.5312946451674612, 0.7262388947179618, -0.9089719323756454, 0.458486954295391]",28.61874690324614,0.18309385078972104
"[0.5312698124490655, 0.7262185358495241, -0.9089670387425938, 0.45850655984887184]",28.618633523586663,0.18315668327111767
"[0.5312449884709118, 0.7261981892193994, -0.9089621468249364, 0.45852615390258017]",28.61852021120998,0.18321951575251424
"[0.5312201752224768, 0.7261778564502728, -0.9089572570150045, 0.4585457348934193]",28.618406983492797,0.18328234823391085
"[0.5311953746091479, 0.7261575390943371, -0.9089523696885601, 0.45856530132608964]",28.61829384776773,0.18334518071530748
"[0.5311705809397755, 0.7261372324812693, -0.9089474837243521, 0.4585848576978692]",28.618180772034286,0.18340801319670408
"[0.5311457967515714, 0.7261169386821034, -0.9089425996226503, 0.45860440201386116]",28.618067767128387,0.18347084567810068
"[0.5311210190403991, 0.7260966552301396, -0.9089377167917156, 0.45862393664929796]",28.61795481477852,0.1835336781594973
"[0.5310962561404245, 0.7260763889393941, -0.9089328368741982, 0.4586434550412601]",28.617841973468913,0.1835965106408939
"[0.5310715012837582, 0.7260561342619951, -0.9089279585366511, 0.4586629625323959]",28.617729194714975,0.1836593431222905
"[0.5310467544866314, 0.7260358912043481, -0.9089230817825451, 0.4586824591161659]",28.617616485772725,0.18372217560368714
"[0.5310220207120636, 0.726015663817859, -0.9089182075901923, 0.45870194089010596]",28.61750386793336,0.18378500808508375
"[0.5309972926527025, 0.7259954461188826, -0.9089133345198308, 0.45872141361687946]",28.617391297316228,0.18384784056648035
"[0.5309725761004164, 0.7259752428356684, -0.908908463713112, 0.4587408727420721]",28.617278818999985,0.18391067304787698
"[0.5309478671423047, 0.7259550507620613, -0.9089035943992014, 0.4587603213533247]",28.617166397761803,0.18397350552927358
"[0.5309231697627608, 0.725934873146326, -0.9088987273635586, 0.45877975632154966]",28.61705406571066,0.18403633801067018
"[0.5308984814701836, 0.7259147079446248, -0.9088938621154391, 0.45879917961491345]",28.6169418041714,0.1840991704920668
"[0.5308738031097247, 0.7258945558395684, -0.90888899882166, 0.45881859057550073]",28.616829621570258,0.1841620029734634
"[0.5308491340272612, 0.7258744162892511, -0.9088841373535809, 0.4588379897248657]",28.616717506856848,0.18422483545486001
"[0.5308244742073137, 0.725854289273493, -0.908879277708416, 0.4588573770820366]",28.61660546311684,0.18428766793625662
"[0.5307998239477434, 0.7258341750277839, -0.9088744199451276, 0.45887675241976367]",28.616493497678302,0.18435050041765325
"[0.5307751825683282, 0.7258140729895749, -0.90886956392993, 0.4588961162795223]",28.6163815980206,0.18441333289904985
"[0.5307505503316666, 0.7257939833657262, -0.9088647097148348, 0.4589154684616486]",28.616269770215162,0.18447616538044645
"[0.5307259274468308, 0.725773906319256, -0.9088598573413059, 0.4589348088087005]",28.616158017132275,0.18453899786184308
"[0.5307013142754146, 0.725753842137339, -0.9088550068808624, 0.45895413704362337]",28.616046336521748,0.18460183034323968
"[0.5306767126127413, 0.7257337922751846, -0.9088501586875656, 0.45897345176413035]",28.61593474567042,0.18466466282463628
"[0.5306521175491293, 0.7257137527241434, -0.9088453117941356, 0.45899275683149104]",28.61582320664658,0.1847274953060329
"[0.5306275319785375, 0.7256937258354101, -0.9088404667711367, 0.4590120499803199]",28.615711738328,0.18479032778742951
"[0.5306029590697426, 0.7256737141816471, -0.9088356242432916, 0.4590313287317424]",28.61560036983542,0.18485316026882612
"[0.5305783929094533, 0.7256537129394657, -0.9088307830455394, 0.4590505977320745]",28.615489052911027,0.18491599275022275
"[0.5305538375841374, 0.7256337254288169, -0.9088259439834473, 0.45906985378251824]",28.61537781962756,0.18497882523161935
"[0.5305292893372563, 0.7256137485846964, -0.9088211063169801, 0.45908909983551494]",28.61526664304819,0.18504165771301592
"[0.5305047516318198, 0.7255937852180642, -0.9088162707288403, 0.45910833318254524]",28.615155546409806,0.18510449019441255
"[0.5304802241948734, 0.7255738350987375, -0.9088114371654926, 0.45912755404492966]",28.615044528652728,0.18516732267580915
"[0.5304557035975256, 0.7255538954307358, -0.9088066049514678, 0.4591467651160635]",28.6149335665965,0.18523015515720576
"[0.5304311942343315, 0.7255339697803287, -0.9088017749530442, 0.4591659629595923]",28.614822688375323,0.18529298763860239
"[0.5304066956223823, 0.7255140577465115, -0.9087969470753077, 0.4591851479614082]",28.61471189346032,0.185355820119999
"[0.5303822034545499, 0.7254941558214932, -0.9087921204697179, 0.4592043235008458]",28.6146011499399,0.1854186526013956
"[0.5303577221561284, 0.7254742675941873, -0.9087872960086066, 0.45922348611959557]",28.614490489805043,0.18548148508279222
"[0.5303332485447423, 0.7254543904718875, -0.9087824730650829, 0.45924263831536655]",28.614379891398624,0.18554431756418882
"[0.530308785385281, 0.7254345266929394, -0.9087776521842659, 0.45926177793104955]",28.614269370305642,0.18560715004558542
"[0.5302843316634933, 0.7254146754260102, -0.9087728331665297, 0.4592809057672434]",28.614158924394363,0.18566998252698205
"[0.5302598876476269, 0.7253948368813181, -0.9087680160649858, 0.4593000216209775]",28.61404854995476,0.18573281500837865
"[0.5302354514826244, 0.7253750095462523, -0.9087632005143127, 0.4593191269493739]",28.613938241560952,0.18579564748977526
"[0.5302110257603743, 0.7253551955165789, -0.9087583870255327, 0.4593382197325849]",28.613828009668858,0.18585847997117186
"[0.5301866072985905, 0.7253353922037508, -0.9087535749717712, 0.4593573024645441]",28.613717836856416,0.1859213124525685
"[0.5301622001145093, 0.7253156028584042, -0.9087487651449364, 0.4593763720124933]",28.613607748395996,0.1859841449339651
"[0.5301378031093804, 0.7252958265814854, -0.9087439573287465, 0.45939542924233473]",28.613497739928015,0.1860469774153617
"[0.5301134119324896, 0.7252760598397258, -0.9087391506660703, 0.4594144775585112]",28.613387779215422,0.18610980989675832
"[0.5300890315622319, 0.7252563066608972, -0.9087343461382227, 0.45943351307927166]",28.61327789845478,0.18617264237815492
"[0.5300646624672471, 0.7252365674163476, -0.9087295438377999, 0.45945253544629955]",28.613168105954102,0.18623547485955153
"[0.5300402979133005, 0.7252168366447799, -0.9087247424379616, 0.45947154992219685]",28.613058348357832,0.18629830734094815
"[0.5300159464236953, 0.7251971212414787, -0.9087199436185958, 0.45949054986161697]",28.61294869047319,0.18636113982234476
"[0.5299916031580744, 0.7251774172795125, -0.9087151464260788, 0.4595095390485384]",28.612839100073526,0.18642397230374136
"[0.5299672683342589, 0.7251577249284722, -0.908710350903578, 0.4595285173191538]",28.61272957304024,0.186486804785138
"[0.5299429430298426, 0.7251380450532805, -0.9087055572636885, 0.45954748383951416]",28.612620118136498,0.1865496372665346
"[0.5299186269723075, 0.725118377426138, -0.9087007654529468, 0.459566438828759]",28.61251073578691,0.1866124697479312
"[0.5298943199945608, 0.7250987219047085, -0.908695975438664, 0.4595853824236709]",28.612401421684595,0.18667530222932782
"[0.5298700213872456, 0.7250790779084572, -0.908691187081291, 0.4596043151833775]",28.612292175238082,0.18673813471072442
"[0.5298457341436291, 0.7250594478496808, -0.9086864009709275, 0.45962323478250394]",28.61218301411985,0.18680096719212103
"[0.529821453827542, 0.7250398281357099, -0.9086816162336073, 0.4596421446832977]",28.612073909014047,0.18686379967351763
"[0.5297971815816477, 0.7250202196836932, -0.9086768330947438, 0.45966104400145325]",28.611964863051874,0.18692663215491423
"[0.5297729211884192, 0.7250006255417016, -0.9086720522999551, 0.45967992979871086]",28.611855913807144,0.18698946463631083
"[0.52974866732879, 0.7249810414065799, -0.9086672728012914, 0.45969880622226844]",28.611747010267365,0.18705229711770746
"[0.5297244238739749, 0.7249614703974677, -0.9086624953618561, 0.4597176702653321]",28.61163818791342,0.18711512959910406
"[0.5297001904390433, 0.7249419121958814, -0.908657719906026, 0.4597365222344525]",28.611529445546925,0.18717796208050066
"[0.5296759644375284, 0.7249223647074853, -0.908652945924345, 0.45975536414796186]",28.611420758555724,0.1872407945618973
"[0.529651748862537, 0.7249028303403744, -0.9086481740068688, 0.4597741936843019]",28.61131215269147,0.1873036270432939
"[0.5296275399235024, 0.724883306030021, -0.9086434034068614, 0.4597930137970552]",28.611203597779742,0.1873664595246905
"[0.5296033412263992, 0.7248637946779348, -0.9086386348351464, 0.45981182168899515]",28.611095119554655,0.1874292920060871
"[0.5295791530375836, 0.724844296491081, -0.9086338683444415, 0.4598306171601864]",28.610986725958853,0.18749212448748373
"[0.5295549719641086, 0.724824808727514, -0.9086291032663679, 0.45984940285337406]",28.61087838708474,0.18755495696888033
"[0.5295308009558816, 0.7248053337578453, -0.9086243401824593, 0.45986817648297906]",28.610770123843764,0.18761778945027693
"[0.5295066375987013, 0.7247858696300257, -0.9086195786172082, 0.45988693993037105]",28.610661920855353,0.18768062193167356
"[0.5294824833392745, 0.7247664175028032, -0.9086148188559287, 0.4599056920781513]",28.610553787660926,0.18774345441307017
"[0.5294583397635877, 0.7247469786459412, -0.908610061211376, 0.459924431701833]",28.610445737844948,0.18780628689446677
"[0.5294342030536947, 0.7247275499786514, -0.908605304931428, 0.45994316177100847]",28.610337739299176,0.1878691193758634
"[0.5294100756993948, 0.7247081334986482, -0.9086005505069422, 0.45996188035944063]",28.610229817879894,0.18793195185726
"[0.5293859612206054, 0.7246887320304258, -0.9085957986317599, 0.45998058474370057]",28.610121991311477,0.1879947843386566
"[0.5293618505594153, 0.7246693382798073, -0.9085910475212032, 0.4599992819555291]",28.61001419278341,0.18805761682005323
"[0.5293377510401747, 0.7246499581322094, -0.9085862986187934, 0.4600179663205531]",28.609906482530654,0.18812044930144983
"[0.5293136588880603, 0.7246305885449492, -0.9085815511809114, 0.4600366407718261]",28.60979882792664,0.18818328178284643
"[0.5292895777558924, 0.7246112324478016, -0.9085768059275809, 0.4600553024843268]",28.609691262957448,0.18824611426424306
"[0.5292655034145851, 0.7245918864346305, -0.9085720620256724, 0.4600739547416192]",28.60958374679757,0.18830894674563967
"[0.5292414393110441, 0.7245725532687332, -0.908567320154629, 0.46009259487913173]",28.609476305179886,0.18837177922703627
"[0.5292173822651066, 0.7245532303884694, -0.9085625796880173, 0.46011122536630805]",28.609368925952104,0.18843461170843287
"[0.5291933362077321, 0.724533920944333, -0.9085578414006585, 0.4601298431651624]",28.609261626777958,0.1884974441898295
"[0.5291692977578069, 0.7245146222141744, -0.9085531046265221, 0.46014845089994727]",28.609154388136602,0.1885602766712261
"[0.5291452678323773, 0.7244953349278943, -0.9085483695465341, 0.4601670478665449]",28.609047215929944,0.1886231091526227
"[0.5291212491627627, 0.7244760612703679, -0.9085436366991171, 0.4601856319578699]",28.60894013022996,0.18868594163401933
"[0.5290972363474445, 0.724456796900578, -0.9085389050201284, 0.46020420735926054]",28.608833086424525,0.1887487741154159
"[0.5290732338885153, 0.7244375454240085, -0.9085341753969168, 0.4602227705938278]",28.608726125064806,0.18881160659681254
"[0.5290492403056317, 0.724418305646135, -0.9085294475380005, 0.4602413228129905]",28.608619236211922,0.18887443907820914
"[0.5290252558406469, 0.7243990777540683, -0.908524721491253, 0.4602598638359433]",28.60851241365113,0.18893727155960574
"[0.5290012782183727, 0.7243798599175602, -0.9085199968085765, 0.46027839542720833]",28.608405642661268,0.18900010404100237
"[0.5289773107372371, 0.7243606547737655, -0.9085152741401273, 0.46029691504343584]",28.60829895142152,0.18906293652239897
"[0.5289533514514273, 0.7243414607565842, -0.9085105531027086, 0.4603154241944385]",28.6081923240114,0.18912576900379557
"[0.528929401328934, 0.7243222786348589, -0.9085058338872724, 0.4603339221384384]",28.608085765994552,0.18918860148519218
"[0.5289054608952937, 0.7243031088224505, -0.9085011165975858, 0.46035240847594217]",28.607979282025404,0.1892514339665888
"[0.5288815270332714, 0.7242839488170064, -0.9084964006196352, 0.46037088561973416]",28.60787285030016,0.1893142664479854
"[0.5288576046699531, 0.7242648025560523, -0.9084916869244765, 0.46038934977224105]",28.60776650732536,0.189377098929382
"[0.5288336887257453, 0.7242456659673516, -0.9084869745114328, 0.46040780486024574]",28.607660214672574,0.18943993141077864
"[0.5288097817632949, 0.724226541095423, -0.9084822638856632, 0.4604262489117032]",28.607553989018744,0.18950276389217524
"[0.5287858839259858, 0.7242074280481641, -0.9084775550756323, 0.4604446818221768]",28.607447835878048,0.18956559637357184
"[0.5287619934230802, 0.7241883253870532, -0.9084728477287058, 0.4604631049786459]",28.607341737050163,0.18962842885496847
"[0.5287381146565715, 0.724169236624822, -0.9084681427124557, 0.4604815149929368]",28.607235728961214,0.18969126133636507
"[0.5287142433705607, 0.7241501583522112, -0.9084634391885159, 0.4604999151526858]",28.60712978086027,0.18975409381776168
"[0.5286903814443968, 0.7241310920648114, -0.9084587375273987, 0.4605183040151028]",28.607023902766212,0.1898169262991583
"[0.5286665244069643, 0.7241120341844061, -0.9084540368483452, 0.4605366850309565]",28.60691806338294,0.1898797587805549
"[0.5286426790999611, 0.724092990170056, -0.9084493384996221, 0.460555052934717]",28.606812314201886,0.1899425912619515
"[0.5286188419130884, 0.724073957131171, -0.9084446417700783, 0.46057341051394424]",28.606706625878747,0.1900054237433481
"[0.5285950137473296, 0.7240549357806734, -0.9084399468374474, 0.46059175708065464]",28.606601012786808,0.19006825622474474
"[0.528571194172441, 0.724035925768506, -0.908435253617163, 0.46061009297211825]",28.60649545898662,0.19013108870614134
"[0.528547381898263, 0.7240169260589161, -0.9084305618552301, 0.46062841918701636]",28.606389965659364,0.19019392118753795
"[0.5285235783440522, 0.7239979377781813, -0.9084258718314946, 0.4606467346386532]",28.606284535550337,0.19025675366893458
"[0.5284997853886324, 0.7239789624179969, -0.9084211839163435, 0.46066503788779356]",28.60617919407396,0.19031958615033118
"[0.5284759984034237, 0.7239599962806978, -0.9084164971980153, 0.4606833325007779]",28.606073891393848,0.19038241863172778
"[0.5284522203350484, 0.7239410417099263, -0.908411812257287, 0.460701616216621]",28.605968661929474,0.1904452511131244
"[0.5284284543394283, 0.7239221012138851, -0.9084071297161618, 0.46071988661547025]",28.605863523956817,0.190508083594521
"[0.5284046934858685, 0.7239031692626793, -0.9084024482093076, 0.46073814903121485]",28.605758425392192,0.1905709160759176
"[0.5283809417639712, 0.7238842490294953, -0.9083977685229874, 0.46075640040257676]",28.60565340014343,0.19063374855731421
"[0.528357197823168, 0.7238653394321359, -0.9083930903913074, 0.46077464177314054]",28.605548428789,0.19069658103871082
"[0.5283334662518047, 0.7238464441175178, -0.90838841471848, 0.4607928696244548]",28.60544355793446,0.19075941352010742
"[0.5283097398849605, 0.7238275573743252, -0.9083837400930486, 0.4608110894657214]",28.60533872602429,0.19082224600150405
"[0.5282860232655306, 0.7238086828130411, -0.9083790674102699, 0.4608292978136224]",28.605233965900197,0.19088507848290065
"[0.5282623145220094, 0.7237898189377366, -0.9083743963016144, 0.4608474961109185]",28.605129272638877,0.19094791096429725
"[0.5282386141439696, 0.7237709661318136, -0.9083697268637396, 0.4608656839873916]",28.605024639047127,0.19101074344569388
"[0.528214921770687, 0.7237521241021737, -0.9083650590257755, 0.4608838617254566]",28.604920067804805,0.19107357592709048
"[0.5281912380240499, 0.7237332933371691, -0.9083603929104439, 0.46090202885362974]",28.604815563780054,0.19113640840848709
"[0.5281675635000317, 0.7237144743040977, -0.9083557286353594, 0.4609201849207113]",28.604711128654348,0.19119924088988371
"[0.5281438971076233, 0.7236956661292994, -0.9083510659857704, 0.46093833076922386]",28.604606760404547,0.19126207337128032
"[0.5281202398343408, 0.7236768695911971, -0.9083464051564306, 0.4609564656477963]",28.60450245951525,0.19132490585267692
"[0.5280965903223628, 0.7236580836046881, -0.9083417458800253, 0.4609745906029823]",28.604398217434536,0.19138773833407355
"[0.528072949435256, 0.723639308849624, -0.908337088326885, 0.4609927049785078]",28.604294045363442,0.19145057081547015
"[0.5280493172172919, 0.7236205453547913, -0.9083324325059269, 0.46101080874623995]",28.604189937970023,0.19151340329686675
"[0.528025690986829, 0.7236017909853943, -0.9083277778890337, 0.4610289039655983]",28.604085874981976,0.19157623577826338
"[0.5280020771833487, 0.7235830508463881, -0.908323125745044, 0.4610469857106722]",28.60398191144601,0.19163906825965998
"[0.5279784694291316, 0.7235643198696764, -0.908318474817677, 0.4610650588711242]",28.603877992865232,0.19170190074105659
"[0.5279548689381607, 0.72354559901322, -0.9083138253462963, 0.46108312252234235]",28.60377413027701,0.1917647332224532
"[0.5279312796461907, 0.7235268913923592, -0.9083091781064646, 0.46110117365797515]",28.603670350704416,0.19182756570384982
"[0.5279076978975891, 0.7235081941012346, -0.908304532378189, 0.46111921508152864]",28.60356663445563,0.19189039818524642
"[0.5278841228103479, 0.7234895064350612, -0.9082998879879043, 0.4611372474727581]",28.60346296701763,0.19195323066664302
"[0.5278605591582415, 0.7234708321714046, -0.9082952458762528, 0.4611552671861858]",28.603359385362292,0.19201606314803965
"[0.5278370005930612, 0.7234521662731904, -0.9082906047928095, 0.4611732790819883]",28.6032558463386,0.19207889562943625
"[0.5278134524324588, 0.7234335129478837, -0.9082859657853539, 0.4611912790997906]",28.603152385887817,0.19214172811083285
"[0.5277899122226061, 0.7234148702451272, -0.908281328370667, 0.46120926912126764]",28.60304898740819,0.19220456059222948
"[0.5277663796097871, 0.7233962378789802, -0.9082766924792577, 0.4612272494220212]",28.602945647382207,0.19226739307362609
"[0.5277428563247729, 0.7233776172136238, -0.9082720584522737, 0.46124521868526136]",28.60284238137806,0.1923302255550227
"[0.5277193417787626, 0.7233590077764775, -0.9082674261739083, 0.4612631773666678]",28.602739177940535,0.1923930580364193
"[0.5276958334088061, 0.7233404075335925, -0.908262795139461, 0.46128112742874744]",28.60263602531289,0.1924558905178159
"[0.5276723355433968, 0.723321819903652, -0.9082581662018107, 0.46129906557197276]",28.60253295202538,0.1925187229992125
"[0.5276488471110959, 0.7233032440321162, -0.9082535391500709, 0.4613169926206265]",28.602429953779136,0.19258155548060912
"[0.5276253640731872, 0.7232846767193786, -0.9082489131888334, 0.46133491166224333]",28.602326991377545,0.19264438796200573
"[0.5276018872863807, 0.7232661186381067, -0.9082442884870572, 0.461352822047378]",28.602224080728924,0.19270722044340233
"[0.5275784229509016, 0.7232475746828612, -0.9082396662663086, 0.4613707190519178]",28.602121264954132,0.19277005292479896
"[0.5275549648510864, 0.7232290399347577, -0.9082350453023499, 0.4613886074227627]",28.60201850133545,0.19283288540619556
"[0.5275315150893016, 0.7232105160494248, -0.9082304260095099, 0.4614064855617129]",28.601915800424422,0.19289571788759216
"[0.5275080768062654, 0.7231920055009246, -0.908225809006646, 0.46142435108055707]",28.601813180123344,0.1929585503689888
"[0.5274846443445622, 0.7231735038150474, -0.9082211931795109, 0.4614422082972408]",28.60171061342245,0.1930213828503854
"[0.5274612184036732, 0.7231550115392195, -0.9082165786660823, 0.46146005668313217]",28.601608093695457,0.193084215331782
"[0.527437801976539, 0.7231365310301797, -0.9082119660561014, 0.46147789396321964]",28.60150564716598,0.19314704781317862
"[0.5274143961192671, 0.7231180631144535, -0.9082073555577773, 0.46149571933934824]",28.601403285165194,0.19320988029457523
"[0.527390993259556, 0.7230996018120854, -0.9082027456797013, 0.4615135385831242]",28.60130094187812,0.19327271277597183
"[0.5273676047115428, 0.7230811560420137, -0.9081981386507022, 0.46153134308544475]",28.601198711343883,0.19333554525736843
"[0.5273442201743054, 0.7230627176737755, -0.9081935324419024, 0.46154914069374836]",28.601096509929494,0.19339837773876506
"[0.5273208446018288, 0.7230442906085078, -0.9081889280293076, 0.46156692764218527]",28.600994375827465,0.19346121022016166
"[0.5272974771265462, 0.7230258741561904, -0.9081843252422068, 0.46158470459645795]",28.600892308699088,0.19352404270155826
"[0.5272741190292034, 0.7230074693199887, -0.9081797243330509, 0.4616024705878799]",28.60079030965805,0.1935868751829549
"[0.5272507665898261, 0.7229890731632256, -0.9081751245692868, 0.46162022845087997]",28.60068835430583,0.1936497076643515
"[0.5272274243616225, 0.7229706892669706, -0.9081705268479459, 0.46163797472831186]",28.600586479844416,0.1937125401457481
"[0.5272040898896597, 0.722952315691429, -0.9081659306856539, 0.46165571129233013]",28.60048466588006,0.19377537262714473
"[0.5271807639368726, 0.7229339530314656, -0.9081613362328621, 0.4616734375683595]",28.600382915811203,0.19383820510854133
"[0.5271574466095547, 0.7229156013646553, -0.9081567435106823, 0.4616911534811649]",28.60028123179068,0.19390103758993793
"[0.527134136810028, 0.7228972598212547, -0.9081521523030847, 0.4617088598700275]",28.600179604895285,0.19396387007133456
"[0.5271108352220268, 0.7228789289335568, -0.9081475627449186, 0.46172655622076175]",28.600078041529997,0.19402670255273116
"[0.5270875405245766, 0.7228606076568475, -0.9081429745761772, 0.4617442435416034]",28.599976532433548,0.19408953503412776
"[0.5270642541162607, 0.7228422970855591, -0.9081383880725058, 0.46176192077567413]",28.599875086585705,0.1941523675155244
"[0.5270409756837418, 0.7228239969674746, -0.9081338031723636, 0.461779588166134]",28.599773701996828,0.194215199996921
"[0.5270177072061021, 0.7228057088521567, -0.9081292202657185, 0.46179724421663676]",28.599672393539887,0.19427803247831757
"[0.5269944455836855, 0.7227874302974179, -0.9081246387422419, 0.4618148912846231]",28.5995711358565,0.1943408649597142
"[0.5269711928735908, 0.7227691629140103, -0.9081200590072661, 0.4618325278146646]",28.599469950079268,0.1944036974411108
"[0.5269479478316231, 0.7227509057185908, -0.9081154808159122, 0.4618501547558073]",28.59936882233819,0.1944665299225074
"[0.5269247085892694, 0.722732657238534, -0.9081109038003479, 0.46186777352955366]",28.59926773891493,0.19452936240390403
"[0.5269014792865212, 0.7227144207190725, -0.9081063287761262, 0.4618853810023319]",28.599166732527447,0.19459219488530063
"[0.5268782583954518, 0.7226961949543359, -0.9081017554424861, 0.461902978338052]",28.599065789042353,0.19465502736669724
"[0.5268550448880109, 0.7226779791317554, -0.9080971835971262, 0.4619205663209416]",28.598964905567218,0.19471785984809387
"[0.5268318395129082, 0.7226597738332625, -0.908092613387674, 0.4619381443888068]",28.59886408011515,0.19478069232949047
"[0.5268086410247518, 0.7226415780763642, -0.9080880445690273, 0.46195571348997977]",28.59876331099553,0.19484352481088707
"[0.5267854535848635, 0.7226233951187758, -0.9080834779609005, 0.46197327047858217]",28.59866262445855,0.19490635729228367
"[0.5267622725057345, 0.7226052212786086, -0.908078912640287, 0.461990818909401]",28.598561988782,0.1949691897736803
"[0.5267390976073287, 0.7225870564099363, -0.9080743485719066, 0.4620083589230699]",28.59846140088005,0.1950320222550769
"[0.5267159348343824, 0.7225689051660478, -0.9080697869266795, 0.4620258860260051]",28.598360902630937,0.1950948547364735
"[0.5266927760585989, 0.7225507611715773, -0.9080652261039969, 0.46204340637402513]",28.598260438231645,0.19515768721787013
"[0.5266696267907145, 0.722532628738959, -0.9080606671893005, 0.4620609158026368]",28.598160046000917,0.19522051969926674
"[0.5266464861378294, 0.722514507162562, -0.9080561100069078, 0.46207841499286734]",28.598059721105546,0.19528335218066334
"[0.5266233519984804, 0.7224963947912841, -0.908051554143138, 0.4620959055388005]",28.597959444773956,0.19534618466205997
"[0.5266002252138473, 0.7224782922786155, -0.9080469997638168, 0.46211338680909014]",28.597859226221097,0.19540901714345657
"[0.5265771088404229, 0.7224602020109003, -0.9080424474710236, 0.4621308564989338]",28.597759087764178,0.19547184962485317
"[0.5265539982302921, 0.7224421203451082, -0.9080378963496116, 0.4621483181260629]",28.59765899127506,0.1955346821062498
"[0.5265308966041269, 0.7224240497957717, -0.9080333470339877, 0.46216576926186503]",28.597558966143737,0.1955975145876464
"[0.5265078026194641, 0.7224059893069746, -0.9080287992599488, 0.4621832109257293]",28.59745899917229,0.195660347069043
"[0.5264847169312379, 0.7223879393852954, -0.9080242531566302, 0.46220064262811045]",28.59735909463739,0.19572317955043964
"[0.5264616402419956, 0.7223699005740507, -0.9080197088625398, 0.4622180638439581]",28.597259262352317,0.19578601203183624
"[0.526438569812377, 0.7223518707264902, -0.9080151658384029, 0.4622354766462106]",28.59715947582325,0.19584884451323284
"[0.5264155070211934, 0.7223338509151075, -0.9080106243559021, 0.4622528799987895]",28.59705974697258,0.19591167699462944
"[0.5263924531952416, 0.7223158421708049, -0.9080060846764675, 0.4622702729057272]",28.596960089420257,0.19597450947602607
"[0.5263694058291641, 0.7222978425310389, -0.9080015463069148, 0.4622876572621407]",28.59686048095537,0.19603734195742267
"[0.5263463677090474, 0.7222798541661741, -0.9079970097960282, 0.4623050309715371]",28.596760939641005,0.19610017443881927
"[0.5263233371261891, 0.7222618757362363, -0.9079924748074988, 0.46232239532776903]",28.59666146012446,0.19616300692021588
"[0.5263003145613625, 0.7222439076110578, -0.9079879414361579, 0.4623397499733213]",28.59656203927302,0.19622583940161248
"[0.5262772979258677, 0.7222259481554506, -0.9079834092708837, 0.46235709648726214]",28.596462668847153,0.1962886718830091
"[0.5262542913730367, 0.722208000604597, -0.9079788791296604, 0.46237443174450127]",28.596363373098928,0.1963515043644057
"[0.5262312937086193, 0.7221900640204968, -0.9079743507774825, 0.4623917566506693]",28.596264145930125,0.19641433684580234
"[0.5262083006900179, 0.7221721350892927, -0.9079698233791267, 0.4624090744063313]",28.596164954618036,0.19647716932719891
"[0.5261853171566654, 0.7221542175794846, -0.9079652978876539, 0.4624263813711588]",28.59606583610342,0.19654000180859557
"[0.5261623407706545, 0.7221363096627571, -0.9079607738428829, 0.46244367931083546]",28.595966770679258,0.19660283428999215
"[0.5261393733456391, 0.722118412747097, -0.9079562516020772, 0.4624609668650104]",28.595867775462466,0.19666566677138878
"[0.5261164121204556, 0.7221005246755894, -0.9079517306217277, 0.4624782461168516]",28.595768827500592,0.19672849925278538
"[0.5260934581679151, 0.722082646279132, -0.9079472111132286, 0.46249551626345964]",28.59566993530964,0.196791331734182
"[0.5260705147854583, 0.7220647801200153, -0.9079426937259785, 0.4625127748293678]",28.59557112516016,0.19685416421557858
"[0.5260475768536527, 0.7220469222061479, -0.9079381774521528, 0.46253002567058404]",28.595472357700597,0.1969169966969752
"[0.5260246483276583, 0.7220290756115358, -0.9079336630706438, 0.4625472658172988]",28.59537366074834,0.1969798291783718
"[0.5260017251413353, 0.7220112371660597, -0.9079291497810296, 0.46256449833160757]",28.59527500555955,0.19704266165976841
"[0.5259788123987847, 0.7219934108361853, -0.9079246385883974, 0.4625817193814602]",28.59517642936534,0.19710549414116504
"[0.5259559060272413, 0.7219755934475344, -0.9079201286910288, 0.4625989320331184]",28.59507790373607,0.19716832662256162
"[0.5259330065233405, 0.7219577853816129, -0.907915620186863, 0.46261613591774964]",28.594979427481295,0.19723115910395825
"[0.5259101157284556, 0.7219399880649945, -0.9079111134385865, 0.46263332965686693]",28.594881023711427,0.19729399158535485
"[0.5258872332499277, 0.7219222011866222, -0.9079066083690414, 0.4626505135506435]",28.594782679319014,0.19735682406675148
"[0.5258643583427789, 0.7219044241619481, -0.9079021048317085, 0.46266768816349363]",28.594684395626878,0.19741965654814805
"[0.5258414906883158, 0.7218866567381159, -0.9078976027639987, 0.46268485373940516]",28.594586164887367,0.19748248902954468
"[0.5258186303351416, 0.7218688989477805, -0.9078931021756346, 0.4627020102465333]",28.594487990733537,0.19754532151094129
"[0.5257957787022617, 0.7218511518877311, -0.9078886033461298, 0.46271915662490826]",28.594389885922322,0.19760815399233791
"[0.5257729342658032, 0.7218334143690389, -0.9078841059756271, 0.46273629402290034]",28.594291834484924,0.19767098647373452
"[0.5257500969197532, 0.7218156863043667, -0.9078796100434094, 0.46275342252460083]",28.594193836861297,0.19773381895513115
"[0.5257272675152117, 0.721797968349188, -0.9078751157171814, 0.4627705414964019]",28.594095901450327,0.19779665143652772
"[0.525704446698807, 0.7217802609997518, -0.9078706231243892, 0.4627876504585055]",28.593998032194,0.19785948391792435
"[0.5256816326029272, 0.7217625628016437, -0.9078661318975165, 0.46280475081587025]",28.593900214980696,0.19792231639932095
"[0.5256588248086516, 0.7217448734252089, -0.9078616419542493, 0.4628218428867451]",28.593802442136603,0.19798514888071758
"[0.5256360270725801, 0.721727195778464, -0.9078571540342575, 0.4628389238609834]",28.593704749247443,0.19804798136211418
"[0.5256132352513474, 0.7217095266431618, -0.9078526673220325, 0.4628559968478912]",28.593607103298158,0.1981108138435108
"[0.5255904516126517, 0.7216918677723653, -0.9078481822641358, 0.4628730601532659]",28.593509517183218,0.1981736463249074
"[0.5255676779870776, 0.7216742205789058, -0.9078436992210648, 0.46289011241157557]",28.593412010031386,0.19823647880630402
"[0.5255449073837727, 0.7216565796409371, -0.9078392168168072, 0.4629071588616106]",28.593314526057014,0.19829931128770062
"[0.5255221475623089, 0.721638950965132, -0.9078347365789886, 0.46292419369883797]",28.593217124339404,0.19836214376909725
"[0.5254993927500348, 0.7216213300749098, -0.907830257371416, 0.46294122124872744]",28.593119759811245,0.19842497625049382
"[0.525476649446475, 0.7216037219978193, -0.9078257804736408, 0.4629582366526977]",28.593022483276616,0.19848780873189045
"[0.5254539111838229, 0.7215861217208926, -0.9078213046126512, 0.4629752447546599]",28.592925246251916,0.19855064121328705
"[0.5254311809692773, 0.7215685315671515, -0.9078168303805442, 0.46299224330948235]",28.592828073297635,0.19861347369468368
"[0.5254084585656511, 0.7215509513476889, -0.9078123577307733, 0.46300923249940584]",28.59273095687602,0.1986763061760803
"[0.5253857413429658, 0.7215333790230813, -0.9078078861458087, 0.4630262142950227]",28.592633884613942,0.19873913865747692
"[0.5253630360596474, 0.7215158198154599, -0.9078034169560943, 0.4630431836493624]",28.59253689935822,0.1988019711388735
"[0.5253403343107667, 0.7214982672195975, -0.907798948507391, 0.4630601468488207]",28.592439941567058,0.1988648036202701
"[0.5253176425228218, 0.7214807261996133, -0.9077944820647919, 0.4630770990956927]",28.592343062854454,0.19892763610166672
"[0.5252949563140793, 0.7214631933631206, -0.9077900167659785, 0.46309404366819085]",28.592246225398945,0.1989904685830633
"[0.525272279065076, 0.7214456713177458, -0.9077855532764821, 0.46311097804588897]",28.592149454992636,0.19905330106445993
"[0.5252496087539276, 0.7214281584958926, -0.9077810911984815, 0.4631279037434959]",28.592052741351097,0.19911613354585653
"[0.5252269470555971, 0.7214106561862352, -0.907776630861791, 0.4631448195152344]",28.591956091192465,0.19917896602725316
"[0.5252042930913198, 0.7213931637046372, -0.9077721720935862, 0.46316172602199485]",28.59185950158564,0.19924179850864976
"[0.5251816453634875, 0.7213756798898594, -0.9077677145992524, 0.46317862438583596]",28.59176295908676,0.1993046309900464
"[0.5251590044230217, 0.7213582051626373, -0.9077632584873678, 0.46319551419984256]",28.59166646809191,0.19936746347144296
"[0.5251363707148178, 0.72134073986151, -0.9077588038456376, 0.4632123951365252]",28.59157003428406,0.1994302959528396
"[0.5251137474496191, 0.7213232864582871, -0.9077543513061146, 0.4632292648064391]",28.591473679408868,0.1994931284342362
"[0.5250911302882565, 0.7213058415999337, -0.9077499000149307, 0.4632461264501543]",28.591377371103622,0.19955596091563282
"[0.5250685198957671, 0.7212884057948142, -0.9077454501031195, 0.46326297957604123]",28.591281116097157,0.19961879339702943
"[0.5250459162457158, 0.7212709790179115, -0.9077410015656193, 0.46327982420800395]",28.591184909945355,0.19968162587842606
"[0.5250233194206387, 0.7212535613281489, -0.9077365544188175, 0.463296660288814]",28.591088758170564,0.19974445835982263
"[0.525000734425462, 0.7212361565773321, -0.9077321096478301, 0.46331348409493284]",28.59099269659415,0.19980729084121926
"[0.5249781531383215, 0.7212187585013089, -0.9077276656543942, 0.46333030168111905]",28.590896663600756,0.19987012332261586
"[0.5249555802122111, 0.721201370680737, -0.9077232233543645, 0.4633471095859341]",28.590800696373307,0.1999329558040125
"[0.5249330145359695, 0.7211839922544938, -0.9077187825292014, 0.46336390864147525]",28.590704782315456,0.19999578828540907
"[0.5249104581347731, 0.721166624776797, -0.9077143435775821, 0.46338069734502085]",28.590608939885257,0.2000586207668057
"[0.5248879039152095, 0.7211492627818796, -0.9077099051037169, 0.46339748097995004]",28.59051311511902,0.2001214532482023
"[0.5248653611895141, 0.7211319134335055, -0.9077054689403118, 0.46341425262086117]",28.590417378614216,0.20018428572959893
"[0.5248428254805189, 0.7211145732800369, -0.9077010342064331, 0.46343101560410954]",28.590321694561226,0.20024711821099553
"[0.5248202979090565, 0.7210972431788459, -0.9076966011227797, 0.4634477691005626]",28.59022607335801,0.20030995069239216
"[0.5247977762330377, 0.7210799214003519, -0.9076921692482801, 0.4634645147819757]",28.590130496439645,0.20037278317378873
"[0.5247752615548741, 0.7210626087879599, -0.9076877388000102, 0.4634812518327315]",28.590034972317987,0.20043561565518536
"[0.5247527583258614, 0.7210453087586064, -0.9076833106540202, 0.4634979769491427]",28.589939540545053,0.20049844813658196
"[0.5247302575037815, 0.7210280143560999, -0.9076788830311344, 0.46351469685595764]",28.5898441218366,0.2005612806179786
"[0.5247077658631921, 0.7210107307833082, -0.9076744572645682, 0.4635314065228978]",28.589748776596377,0.2006241130993752
"[0.5246852820484738, 0.7209934569930134, -0.907670033087696, 0.46354810696208365]",28.589653489030095,0.20068694558077177
"[0.5246628039843046, 0.7209761913861619, -0.9076656100922906, 0.463564799719221]",28.58955824772224,0.2007497780621684
"[0.5246403350825205, 0.720958936578452, -0.9076611889498277, 0.4635814822651049]",28.589463075940003,0.200812610543565
"[0.5246178713651825, 0.7209416895102418, -0.9076567688777135, 0.46359815755762007]",28.589367943905042,0.20087544302496163
"[0.5245954174060515, 0.720924453688185, -0.9076523507760341, 0.46361482220607253]",28.589272886647386,0.2009382755063582
"[0.5245729680919774, 0.7209072251825674, -0.9076479336388448, 0.463631480009667]",28.5891778641326,0.20100110798775483
"[0.5245505297850813, 0.7208900088708065, -0.9076435187180867, 0.46364812625225016]",28.58908292851597,0.20106394046915144
"[0.5245280945560539, 0.7208727986642179, -0.9076391044537359, 0.4636647668206176]",28.588988016347415,0.20112677295054807
"[0.5245056699368947, 0.7208556003360188, -0.9076346923278916, 0.46368139613236686]",28.588893182343092,0.20118960543194467
"[0.5244832501353373, 0.7208384094388276, -0.9076302812010312, 0.4636980184874371]",28.588798384092474,0.2012524379133413
"[0.5244608381797494, 0.7208212282903511, -0.9076258716691268, 0.4637146316445158]",28.58870365117641,0.20131527039473787
"[0.5244384340584286, 0.7208040568764936, -0.9076214637300012, 0.463731235616931]",28.588608976943224,0.2013781028761345
"[0.5244160378391146, 0.7207868952440603, -0.9076170573971067, 0.4637478303591208]",28.588514360864536,0.2014409353575311
"[0.5243936480709379, 0.7207697422764937, -0.9076126523851232, 0.46376441695047876]",28.58841979445261,0.20150376783892773
"[0.524371265914001, 0.7207525988578756, -0.9076082489224203, 0.4637809945358367]",28.588325290603493,0.2015666003203243
"[0.5243488900681861, 0.7207354639877254, -0.9076038467533434, 0.46379756408237893]",28.588230829032582,0.20162943280172094
"[0.5243265238899343, 0.7207183402311526, -0.907599446538354, 0.4638141231093194]",28.58813644364327,0.20169226528311754
"[0.5243041634525082, 0.7207012245767904, -0.9075950475050473, 0.46383067452841503]",28.588042105265785,0.20175509776451417
"[0.5242818090328181, 0.7206841172324888, -0.9075906497080379, 0.4638472181384261]",28.587947810463923,0.20181793024591077
"[0.5242594625718963, 0.7206670196790185, -0.9075862535293144, 0.4638637525071027]",28.587853572985832,0.2018807627273074
"[0.5242371242039792, 0.7206499320139167, -0.9075818589954059, 0.4638802775398131]",28.587759404273253,0.20194359520870397
"[0.5242147932489349, 0.720632853711891, -0.9075774659726346, 0.4638967937442565]",28.587665286619178,0.2020064276901006
"[0.5241924688119575, 0.7206157840839768, -0.907573074285099, 0.4639133017864474]",28.58757122253322,0.2020692601714972
"[0.524170150652734, 0.7205987229420782, -0.9075686838856551, 0.46392980184803667]",28.587477203561342,0.20213209265289384
"[0.5241478398157724, 0.7205816710801274, -0.9075642949799054, 0.46394629316093344]",28.58738324435894,0.20219492513429044
"[0.5241255388665896, 0.72056463045348, -0.9075599080726434, 0.46396277383373735]",28.587289359191725,0.20225775761568707
"[0.5241032415799927, 0.7205475963008117, -0.9075555219394142, 0.46397924847104854]",28.587195500847574,0.20232059009708364
"[0.5240809529520399, 0.7205305724346771, -0.9075511375631315, 0.4639957133852932]",28.587101711568977,0.20238342257848027
"[0.5240586726144457, 0.7205135585684291, -0.9075467548714644, 0.4640121688533886]",28.587007982897113,0.20244625505987687
"[0.524036397238234, 0.7204965521555331, -0.9075423732097085, 0.46402861733802847]",28.586914292419948,0.20250908754127345
"[0.5240141299292292, 0.7204795555627921, -0.9075379931889204, 0.4640450565497985]",28.58682066659299,0.20257192002267008
"[0.5239918693565964, 0.7204625677695694, -0.9075336145474432, 0.46406148747557935]",28.586727088132392,0.20263475250406668
"[0.5239696156796192, 0.7204455888929009, -0.9075292373167329, 0.4640779100019036]",28.586633564901565,0.2026975849854633
"[0.5239473725032953, 0.7204286216778476, -0.9075248622059925, 0.46409432147333374]",28.586540121508964,0.2027604174668599
"[0.5239251322159437, 0.7204116603137263, -0.9075204877181703, 0.4641107275099658]",28.586446701554454,0.20282324994825654
"[0.523902901318663, 0.7203947097543701, -0.9075161151321104, 0.4641271233199121]",28.586353352846448,0.20288608242965311
"[0.5238806761420877, 0.720377767197105, -0.9075117437262045, 0.46414351161383227]",28.586260046776125,0.20294891491104974
"[0.5238584590561723, 0.7203608344440299, -0.9075073739667138, 0.464159890648313]",28.586166801905648,0.20301174739244635
"[0.5238362488270543, 0.7203439105499448, -0.9075030056110752, 0.4641762613373569]",28.586073611390837,0.20307457987384298
"[0.5238140454615458, 0.7203269955155253, -0.9074986386607502, 0.46419262368004344]",28.58598047525786,0.20313741235523955
"[0.5237918498683265, 0.7203100900282904, -0.907494273294576, 0.4642089770110358]",28.585887396474998,0.2032002448366362
"[0.5237696594416892, 0.7202931920992657, -0.907489909000193, 0.4642253232540898]",28.585794355869464,0.20326307731803278
"[0.5237474772728052, 0.7202763040779347, -0.9074855463856791, 0.4642416601361652]",28.585701380883293,0.2033259097994294
"[0.5237253042543891, 0.7202594266385534, -0.9074811856267128, 0.46425798700468707]",28.585608473569206,0.203388742280826
"[0.5237031343591887, 0.7202425551892171, -0.9074768255380424, 0.4642743083015185]",28.585515591618467,0.20345157476222264
"[0.5236809761813541, 0.7202256962653737, -0.9074724678099693, 0.4642906177040389]",28.585422800975316,0.20351440724361922
"[0.5236588217673931, 0.7202088438107358, -0.9074681108784377, 0.4643069210708359]",28.585330034602062,0.20357723972501585
"[0.5236366759046576, 0.7201920014628171, -0.9074637556850612, 0.4643232148826673]",28.58523733588185,0.20364007220641245
"[0.5236145344073055, 0.720175166033923, -0.9074594014067765, 0.46433950222315395]",28.58514467138259,0.20370290468780908
"[0.5235924026182598, 0.7201583415820191, -0.9074550490944239, 0.46435577916616777]",28.58505208001138,0.20376573716920568
"[0.523570276990896, 0.7201415254059889, -0.9074506980506531, 0.46437204832462575]",28.584959537029945,0.2038285696506023
"[0.5235481594397626, 0.7201247189563598, -0.9074463486520803, 0.4643883082949105]",28.58486705346654,0.20389140213199888
"[0.5235260463870859, 0.7201079195103018, -0.9074420001952608, 0.4644045617110681]",28.584774606739117,0.2039542346133955
"[0.5235039417133711, 0.7200911300116152, -0.9074376534434023, 0.4644208057247262]",28.584682222965967,0.20401706709479211
"[0.5234818445809943, 0.7200743498191043, -0.9074333082318989, 0.4644370409559496]",28.584589898437585,0.20407989957618874
"[0.5234597535730401, 0.7200575778523232, -0.9074289642822451, 0.46445326844983126]",28.584497620381743,0.20414273205758532
"[0.5234376700980905, 0.7200408151762931, -0.9074246218715372, 0.46446948717565784]",28.58440539924112,0.20420556453898198
"[0.5234155944087007, 0.7200240619778802, -0.9074202810495463, 0.46448569695233827]",28.584313238135483,0.20426839702037855
"[0.5233935219200361, 0.7200073147738795, -0.9074159409148664, 0.46450190114986945]",28.58422110027832,0.20433122950177518
"[0.5233714613542776, 0.7199905801773602, -0.9074116031826575, 0.46451809336931527]",28.584129053346754,0.20439406198317178
"[0.523349405607521, 0.7199738527943128, -0.9074072664561933, 0.46453427882955284]",28.584037041890845,0.20445689446456836
"[0.5233273582765817, 0.719957135348299, -0.9074029314428166, 0.4645504548949992]",28.583945101327412,0.20451972694596499
"[0.5233053142694284, 0.7199404239743307, -0.9073985971414383, 0.4645666253052431]",28.583853181175485,0.2045825594273616
"[0.5232832808367222, 0.7199237241646076, -0.907394264977799, 0.464582784745605]",28.5837613425481,0.20464539190875822
"[0.5232612522151363, 0.7199070315461116, -0.9073899338188333, 0.46459893744731334]",28.583669542714112,0.2047082243901548
"[0.5232392309457076, 0.7198903480403255, -0.9073856041642661, 0.46461508155079323]",28.583577794557367,0.20477105687155145
"[0.5232172178734984, 0.7198736742826262, -0.9073812761803526, 0.46463121644091976]",28.583486112473835,0.20483388935294802
"[0.5231952081675628, 0.71985700660994, -0.9073769489174024, 0.46464734566214966]",28.583394455352177,0.20489672183434465
"[0.5231732086073572, 0.7198403501519071, -0.9073726237084176, 0.46466346425029703]",28.583302879635895,0.20495955431574125
"[0.523151217786387, 0.7198237038379975, -0.9073683002769656, 0.4646795732409806]",28.583211362387047,0.20502238679713788
"[0.5231292300828185, 0.7198070634087257, -0.907363977517903, 0.46469567675595985]",28.583119875279017,0.20508521927853446
"[0.5231072498101719, 0.7197904321249619, -0.9073596562793876, 0.4647117716393619]",28.583028445341675,0.2051480517599311
"[0.5230852774751407, 0.7197738103653122, -0.9073553366611365, 0.4647278575245047]",28.582937072315026,0.2052108842413277
"[0.5230633103793807, 0.7197571960842646, -0.9073510181327861, 0.46474393639069833]",28.582845740295728,0.20527371672272432
"[0.5230413523245181, 0.7197405921525762, -0.9073467014418078, 0.4647600054594286]",28.582754479730863,0.20533654920412092
"[0.5230193980894816, 0.7197239946180783, -0.9073423855619146, 0.4647760685553033]",28.582663245678848,0.20539938168551755
"[0.5229974536330563, 0.7197074079813094, -0.9073380716646259, 0.4647921213224394]",28.58257208899595,0.20546221416691413
"[0.5229755166288851, 0.7196908304786924, -0.9073337592927144, 0.4648081654673356]",28.582480988168875,0.20552504664831076
"[0.5229535852393945, 0.7196742607173899, -0.9073294480850618, 0.4648242023377643]",28.582389929981694,0.20558787912970736
"[0.5229316604150556, 0.7196576994115169, -0.9073251382286237, 0.464840231242337]",28.582298921525748,0.205650711611104
"[0.5229097422237057, 0.719641146608085, -0.907320829736844, 0.4648562521352997]",28.582207965028374,0.20571354409250056
"[0.5228878313340981, 0.7196246028077378, -0.9073165227412884, 0.46487226453183117]",28.58211706446674,0.20577637657389722
"[0.5228659260635656, 0.7196080667358202, -0.9073122169113066, 0.46488826966539387]",28.58202620479661,0.2058392090552938
"[0.5228440306649264, 0.7195915415979761, -0.9073079130829577, 0.46490426443298205]",28.5819354225628,0.20590204153669042
"[0.5228221389142705, 0.7195750226925319, -0.9073036100329577, 0.46492025338511167]",28.58184466644356,0.20596487401808702
"[0.5228002554320247, 0.719558513502026, -0.9072993086696127, 0.4649362331507357]",28.58175397615036,0.20602770649948365
"[0.5227783786303432, 0.7195420128239396, -0.9072950086809205, 0.46495220489353045]",28.581663333608212,0.20609053898088023
"[0.5227565082316359, 0.7195255204447194, -0.9072907100124276, 0.4649681688199517]",28.581572740938363,0.20615337146227686
"[0.5227346442970521, 0.7195090364063547, -0.9072864126762613, 0.4649841248891081]",28.581482199933426,0.20621620394367346
"[0.5227127869778226, 0.7194925608186923, -0.9072821167022542, 0.46500007299441926]",28.58139170654097,0.20627903642507003
"[0.5226909394276094, 0.7194760960539436, -0.9072778227103392, 0.46501601083932276]",28.581301290865746,0.2063418689064667
"[0.522669094310506, 0.7194596365796632, -0.9072735292588031, 0.4650319437789715]",28.58121089216927,0.20640470138786327
"[0.522647258399396, 0.7194431874951455, -0.9072692376789051, 0.46504786687696736]",28.5811205629146,0.2064675338692599
"[0.522625429273384, 0.7194267469718724, -0.9072649474949415, 0.4650637819030641]",28.581030285705992,0.2065303663506565
"[0.522603605954422, 0.7194103142691927, -0.9072606585147993, 0.4650796895739965]",28.58094005545073,0.20659319883205313
"[0.5225817900699038, 0.7193938906083275, -0.9072563710584194, 0.4650955887073086]",28.580849880073856,0.2066560313134497
"[0.5225599827108836, 0.7193774768058262, -0.9072520853403178, 0.4651114785122368]",28.580759768791882,0.20671886379484633
"[0.5225381796616865, 0.7193610696845821, -0.9072478005321098, 0.46512736206421457]",28.58066969319745,0.20678169627624293
"[0.5225163816745116, 0.7193446698073735, -0.907243516781741, 0.46514323881822744]",28.58057965117921,0.20684452875763956
"[0.5224945926345077, 0.719328280092865, -0.9072392348528231, 0.46515910594844667]",28.5804896835362,0.20690736123903616
"[0.5224728126066855, 0.7193119005846731, -0.9072349547582139, 0.4651749634123246]",28.58039978059816,0.2069701937204328
"[0.5224510364476732, 0.7192955274106819, -0.9072306754872705, 0.46519081495831927]",28.58030990819987,0.20703302620182937
"[0.5224292684835808, 0.719279163819748, -0.907226397890232, 0.46520665744084355]",28.58022009952204,0.207095858683226
"[0.5224075040453736, 0.719262806298213, -0.9072221210497011, 0.4652224942614329]",28.58013031922196,0.2071586911646226
"[0.5223857486075836, 0.7192464589566011, -0.9072178460415603, 0.46523832144017]",28.58004060647497,0.20722152364601923
"[0.5223640006739353, 0.7192301206656642, -0.9072135725718747, 0.465254140070071]",28.579950949042818,0.2072843561274158
"[0.5223422579007231, 0.7192137896606634, -0.9072093001802097, 0.46526995185950254]",28.579861332216133,0.20734718860881246
"[0.5223205211559988, 0.7191974665899284, -0.9072050290372455, 0.46528575618052637]",28.57977176135287,0.20741002109020903
"[0.5222987937612059, 0.7191811539430322, -0.9072007597957172, 0.4653015506224059]",28.579682261687125,0.20747285357160566
"[0.5222770719423132, 0.7191648488819475, -0.9071964917141538, 0.4653173379327372]",28.579592804402257,0.20753568605300227
"[0.522255354990207, 0.7191485508709093, -0.9071922246533358, 0.46533311863006316]",28.579503386611027,0.2075985185343989
"[0.5222336464952507, 0.7191322626002445, -0.9071879593188161, 0.46534889010919794]",28.579414030672563,0.20766135101579547
"[0.5222119447052485, 0.7191159827506712, -0.9071836953664092, 0.4653646536472871]",28.579324726585675,0.2077241834971921
"[0.5221902486294941, 0.719099710575066, -0.9071794326015657, 0.4653804099675208]",28.57923546761665,0.2077870159785887
"[0.5221685584300301, 0.7190834461912189, -0.9071751710562294, 0.4653961589556177]",28.579146250588668,0.20784984845998533
"[0.5221468792231048, 0.7190671934305896, -0.907170911735688, 0.46541189690122786]",28.57905712089108,0.20791268094138193
"[0.522125202516146, 0.7190509459221742, -0.9071666529715012, 0.4654276299732965]",28.578968009798622,0.20797551342277856
"[0.5221035341991899, 0.7190347080772134, -0.9071623959209761, 0.46544335390003894]",28.578878960038715,0.20803834590417514
"[0.5220818694760162, 0.719018476297694, -0.9071581396419308, 0.46545907216536125]",28.578789940209493,0.20810117838557174
"[0.5220602151564938, 0.7190022556814664, -0.9071538854723344, 0.46547477983243096]",28.57870100071938,0.20816401086696837
"[0.5220385651854195, 0.7189860416883018, -0.907149632222682, 0.4654904812976277]",28.578612089935362,0.20822684334836494
"[0.5220169238717385, 0.718969837541192, -0.9071453807395865, 0.4655061734395932]",28.578523249793925,0.20828967582976157
"[0.5219952871315888, 0.7189536401782128, -0.907141130220861, 0.46552185922325495]",28.578434442297958,0.20835250831115817
"[0.5219736575021537, 0.7189374514949844, -0.9071368811650352, 0.4655375368126379]",28.578345689444774,0.2084153407925548
"[0.5219520332615172, 0.71892127019882, -0.9071326332339457, 0.4655532074593793]",28.578256978849375,0.2084781732739514
"[0.5219304184885377, 0.7189050993374524, -0.907128387228943, 0.46556886821165444]",28.578168337824554,0.20854100575534804
"[0.5219088098368874, 0.71888893640273, -0.9071241424927596, 0.46558452149821206]",28.57807974893828,0.2086038382367446
"[0.521887204339715, 0.7188727791723398, -0.907119898442709, 0.46560016947110155]",28.577991176886254,0.20866667071814124
"[0.5218656076804679, 0.7188566318927494, -0.9071156561953129, 0.4656158080174684]",28.577902679010545,0.20872950319953784
"[0.5218440183838958, 0.7188404934561919, -0.9071114154608676, 0.46563143820988756]",28.577814232847302,0.20879233568093447
"[0.5218224349658227, 0.7188243627491484, -0.9071071759479333, 0.46564706112656157]",28.577725834100153,0.20885516816233105
"[0.5218008590446717, 0.7188082409770782, -0.907102937974501, 0.4656626755997291]",28.577637489456258,0.2089180006437277
"[0.5217792880840842, 0.7187921262409064, -0.907098701042473, 0.46567828346847073]",28.5775491859843,0.20898083312512428
"[0.521757724605269, 0.7187760204202508, -0.9070944656471572, 0.46569388291205344]",28.577460937869883,0.2090436656065209
"[0.5217361685949643, 0.7187599235007438, -0.907090231786034, 0.4657094739441215]",28.577372748343507,0.2091064980879175
"[0.5217146144703042, 0.7187438313102491, -0.9070859983626711, 0.46572506060549934]",28.577284571034614,0.20916933056931414
"[0.5216930715242208, 0.7187277507828082, -0.9070817672023764, 0.4657406361797312]",28.577196479882094,0.2092321630507107
"[0.5216715330904221, 0.7187116769378196, -0.9070775369959321, 0.46575620549073676]",28.577108426078993,0.20929499553210734
"[0.5216500027099004, 0.7186956124139943, -0.9070733084388931, 0.465771765982393]",28.577020429633492,0.20935782801350394
"[0.5216284786251203, 0.7186795558956879, -0.9070690811861657, 0.4657873189288026]",28.576932483725606,0.20942066049490057
"[0.521606957832895, 0.718663505139383, -0.907064854648044, 0.46580286650292735]",28.57684456039198,0.20948349297629718
"[0.521585446961843, 0.718647465084858, -0.9070606301264339, 0.46581840391960155]",28.57675671672109,0.2095463254576938
"[0.5215639415126166, 0.7186314323725608, -0.9070564067377883, 0.46583393443282384]",28.57666891041055,0.20960915793909038
"[0.5215424423137248, 0.718615407616495, -0.9070521846449134, 0.4658494574476]",28.576581154726203,0.209671990420487
"[0.5215209507981551, 0.7185993918805814, -0.9070479641293105, 0.46586497193306453]",28.576493454495257,0.2097348229018836
"[0.52149946346279, 0.7185833825505523, -0.9070437445031324, 0.46588048042143926]",28.576405790875196,0.20979765538328024
"[0.5214779851053305, 0.7185673831969827, -0.9070395267086275, 0.4658959794536077]",28.576318189870562,0.20986048786467681
"[0.5214565131246484, 0.71855139187778, -0.9070353102350804, 0.46591147091065366]",28.576230640880137,0.20992332034607342
"[0.5214350460330526, 0.7185354074814279, -0.9070310947904495, 0.4659269558691331]",28.576143131335645,0.20998615282747005
"[0.5214135847182638, 0.7185194306655082, -0.9070268805491556, 0.46594243369180144]",28.576055664198194,0.21004898530886665
"[0.5213921321324753, 0.7185034636234819, -0.9070226680909864, 0.465957902253441]",28.575968261220112,0.21011181779026328
"[0.5213706840477694, 0.7184875032045371, -0.9070184565858297, 0.46597336460625277]",28.57588089552663,0.21017465027165985
"[0.5213492432217437, 0.7184715514570619, -0.9070142465752572, 0.465988818765547]",28.575793583769393,0.21023748275305648
"[0.5213278083919236, 0.7184556074377932, -0.9070100378114624, 0.4660042656449178]",28.575706317527896,0.21030031523445308
"[0.5213063800431462, 0.718439671503557, -0.9070058303897339, 0.4660197048984321]",28.57561910018276,0.2103631477158497
"[0.5212849582476956, 0.7184237437041721, -0.9070016243243529, 0.46603513647758155]",28.575531936273805,0.2104259801972463
"[0.521263544411199, 0.7184078250804941, -0.9069974198913867, 0.4660505593736739]",28.57544483059844,0.21048881267864294
"[0.5212421354422447, 0.7183919133305461, -0.9069932164839499, 0.4660659758167621]",28.575357760452963,0.21055164516003952
"[0.5212207324891653, 0.7183760093043648, -0.9069890143276016, 0.466081384983058]",28.57527073804289,0.21061447764143615
"[0.5211993360578961, 0.7183601133740782, -0.9069848135217639, 0.4660967865117794]",28.575183768418636,0.21067731012283275
"[0.5211779481616127, 0.7183442270309512, -0.9069806144617627, 0.46611217895777246]",28.575096860576977,0.21074014260422938
"[0.5211565633423565, 0.7183283462173585, -0.9069764160761372, 0.46612756625229285]",28.57500997355806,0.21080297508562595
"[0.521135187211953, 0.7183124750971371, -0.9069722194667234, 0.4661429443606779]",28.57492315830044,0.21086580756702258
"[0.5211138175719251, 0.7182966120335825, -0.9069680242019856, 0.46615831486851883]",28.574836391174905,0.21092864004841919
"[0.521092451679085, 0.718280754987107, -0.9069638297434828, 0.46617367975187246]",28.574749647975064,0.21099147252981582
"[0.5210710956134778, 0.7182649084660759, -0.9069596372849049, 0.46618903464205436]",28.574662986272237,0.21105430501121242
"[0.5210497432165934, 0.7182490678967856, -0.9069554456173425, 0.4662043839706231]",28.57457634887637,0.21111713749260905
"[0.5210283977706383, 0.7182332357108303, -0.9069512553852178, 0.46621972538118683]",28.57448976444146,0.21117996997400562
"[0.5210070593935235, 0.7182174119915435, -0.9069470666117574, 0.4662350587927411]",28.574403235346544,0.21124280245540225
"[0.5209857273729191, 0.7182015962067129, -0.9069428791572088, 0.4662503847207607]",28.574316753494244,0.21130563493679885
"[0.520964400214745, 0.7181857872451173, -0.9069386927283798, 0.466265704241837]",28.57423030978557,0.21136846741819548
"[0.5209430808249622, 0.7181699872570464, -0.9069345078957811, 0.4662810152720172]",28.574143924163238,0.21143129989959206
"[0.5209217674337581, 0.7181541949268212, -0.906930324312092, 0.4662963190860146]",28.574057586013105,0.21149413238098871
"[0.5209004600520998, 0.7181384102589181, -0.9069261419795523, 0.46631161567926643]",28.573971292086078,0.2115569648623853
"[0.5208791594632621, 0.7181226338297702, -0.9069219610519904, 0.4663269044929272]",28.57388505115352,0.21161979734378192
"[0.5208578652345722, 0.7181068653150052, -0.9069177814445619, 0.4663421858411028]",28.573798857525638,0.21168262982517852
"[0.5208365760275431, 0.7180911037199732, -0.9069136028946396, 0.4663574606874975]",28.57371270074874,0.2117454623065751
"[0.5208152937653343, 0.7180753504648668, -0.9069094257797792, 0.46637272765555343]",28.573626603801955,0.21180829478797172
"[0.5207940177087779, 0.7180596049986558, -0.9069052499549828, 0.4663879872790509]",28.57354054694521,0.21187112726936833
"[0.5207727494135758, 0.7180438684685749, -0.9069010757256619, 0.4664032384459014]",28.573454550269194,0.21193395975076496
"[0.5207514861670364, 0.7180281388636801, -0.9068969025594905, 0.46641848310478967]",28.5733685943235,0.21199679223216153
"[0.5207302303433416, 0.7180124179365511, -0.9068927309225133, 0.46643371955693824]",28.5732826956031,0.2120596247135582
"[0.520708979050083, 0.7179967035443398, -0.9068885602471556, 0.46644894987893554]",28.57319682818621,0.21212245719495476
"[0.5206877345300607, 0.7179809973420355, -0.9068843909736665, 0.466464172466559]",28.573111014095424,0.2121852896763514
"[0.5206664962674222, 0.7179652989444176, -0.9068802230008883, 0.4664793876929299]",28.573025247700777,0.212248122157748
"[0.5206452640078464, 0.7179496081598395, -0.9068760562789936, 0.46649459574356883]",28.57293952732223,0.21231095463914462
"[0.520624038316474, 0.7179339254021877, -0.9068718909189701, 0.4665097962170924]",28.57285385703517,0.2123737871205412
"[0.520602819136437, 0.717918250625611, -0.9068677269097355, 0.4665249891577023]",28.572768238224,0.21243661960193783
"[0.5205816081492705, 0.7179025850680625, -0.9068635645813403, 0.46654017336523795]",28.572682676191448,0.21249945208333443
"[0.5205603994613345, 0.7178869243734779, -0.9068594027773396, 0.46655535306171525]",28.572597138439043,0.21256228456473106
"[0.5205391980517822, 0.7178712722154557, -0.9068552424748932, 0.46657052468617777]",28.572511653196297,0.21262511704612766
"[0.5205180050051028, 0.7178556293902209, -0.9068510838868723, 0.4665856874665701]",28.57242623023571,0.2126879495275243
"[0.5204968168620533, 0.7178399933405931, -0.906846926334565, 0.4666008438813575]",28.57234084495599,0.21275078200892086
"[0.5204756350468877, 0.7178243651141999, -0.9068427700975257, 0.46661599291483774]",28.57225551077075,0.2128136144903175
"[0.5204544595980957, 0.717808744735699, -0.9068386151833845, 0.4666311345428763]",28.572170225735867,0.2128764469717141
"[0.5204332892788878, 0.7177931312892932, -0.9068344613495506, 0.4666462696529866]",28.572084974261077,0.21293927945311072
"[0.5204121262911225, 0.7177775263951744, -0.9068303090281311, 0.4666613966743862]",28.571999783618107,0.2130021119345073
"[0.520390968867535, 0.7177619287464726, -0.9068261578724516, 0.4666765168736886]",28.57191463190321,0.21306494441590396
"[0.5203698174284713, 0.7177463386495898, -0.9068220079650688, 0.4666916299536555]",28.57182952596163,0.21312777689730053
"[0.5203486711794579, 0.7177307555155552, -0.9068178591501923, 0.4667067364850266]",28.571744465023844,0.21319060937869716
"[0.520327534310338, 0.7177151824278153, -0.90681371224992, 0.46672183347840357]",28.57165947260026,0.21325344186009376
"[0.5203064000628611, 0.7176996144035019, -0.9068095659384127, 0.4667369257640983]",28.57157449876417,0.2133162743414904
"[0.5202852757431139, 0.7176840568207785, -0.9068054216491217, 0.46675200812806844]",28.571489602159126,0.21337910682288697
"[0.5202641552290438, 0.7176685051669479, -0.9068012781810589, 0.46676708494492025]",28.571404731670572,0.2134419393042836
"[0.520243039108661, 0.7176529598722649, -0.9067971356496805, 0.46678215579737]",28.571319896740462,0.2135047717856802
"[0.5202219326668207, 0.7176374248233253, -0.9067929950918298, 0.4667972169171895]",28.571235133792545,0.21356760426707677
"[0.520200831938792, 0.7176218970976512, -0.9067888557297861, 0.46681227113743096]",28.571150417343727,0.21363043674847343
"[0.5201797368611556, 0.7176063766451649, -0.9067847175511898, 0.4668273185064341]",28.571065744000098,0.21369326922987
"[0.5201586459883354, 0.7175908623992299, -0.9067805802725555, 0.466842360058132]",28.57098110140986,0.21375610171126663
"[0.5201375626930039, 0.7175753568372563, -0.9067764445555595, 0.4668573933903801]",28.57089651479605,0.21381893419266323
"[0.5201164863938521, 0.7175598595276101, -0.9067723102862367, 0.46687241892140996]",28.570811984762937,0.21388176667405986
"[0.5200954145629036, 0.7175443686080679, -0.9067681769687854, 0.4668874384565412]",28.570727486478955,0.21394459915545644
"[0.5200743507992677, 0.7175288867208539, -0.9067640453092582, 0.46690244943372355]",28.570643047800104,0.21400743163685307
"[0.5200532916591111, 0.717513411331058, -0.9067599146322209, 0.4669174543105336]",28.570558648867745,0.21407026411824967
"[0.5200322382056514, 0.7174979432168372, -0.9067557851463051, 0.4669324523322773]",28.57047429129009,0.2141330965996463
"[0.5200111916658678, 0.7174824832760007, -0.9067516570922468, 0.46694744262820226]",28.57038998535472,0.2141959290810429
"[0.5199901503576158, 0.7174670302693619, -0.9067475301401866, 0.4669624263996289]",28.57030572266343,0.21425876156243953
"[0.5199691145492098, 0.7174515843907161, -0.906743404342834, 0.4669774034584458]",28.5702215003645,0.2143215940438361
"[0.5199480873555455, 0.7174361479232572, -0.9067392803111833, 0.4669923715905088]",28.57013734193076,0.21438442652523274
"[0.5199270643039029, 0.7174207175797885, -0.9067351571680782, 0.46700733398305255]",28.57005321692996,0.21444725900662934
"[0.5199060496375192, 0.717405296471098, -0.9067310357457947, 0.4670222876194029]",28.5699691530271,0.21451009148802597
"[0.5198850394691211, 0.717389881740902, -0.9067269152820268, 0.4670372352690262]",28.56988512426973,0.21457292396942254
"[0.519864035421609, 0.7173744745766846, -0.906722796095135, 0.46705217578022096]",28.569801146485833,0.2146357564508192
"[0.5198430362598597, 0.7173590740691547, -0.9067186779429741, 0.46706711003453255]",28.569717200591995,0.21469858893221577
"[0.5198220440943156, 0.7173436817626068, -0.906714561239499, 0.46708203653420305]",28.569633308658496,0.2147614214136124
"[0.5198010567936179, 0.7173282960907738, -0.9067104455668099, 0.46709695679788416]",28.56954945955986,0.214824253895009
"[0.519780077552349, 0.7173129193918859, -0.9067063315514424, 0.46711186855784353]",28.569465665796677,0.21488708637640563
"[0.5197591050085049, 0.7172975506635679, -0.9067022189263667, 0.46712677278589093]",28.569381924609935,0.2149499188578022
"[0.5197381367087466, 0.7172821881047473, -0.9066981072105726, 0.46714167122846006]",28.56929821569123,0.21501275133919884
"[0.5197171738955217, 0.71726683262272, -0.9066939966477792, 0.4671565630054786]",28.56921454827837,0.21507558382059544
"[0.5196962181652989, 0.717251485383305, -0.9066898875511045, 0.467171446986107]",28.569130935912252,0.21513841630199207
"[0.519675269029128, 0.7172361460245644, -0.9066857798247359, 0.46718632352111655]",28.56904737165256,0.21520124878338867
"[0.5196543251528755, 0.7172208135661707, -0.9066816732071483, 0.4672011935610392]",28.568963850127954,0.2152640812647853
"[0.5196333864393174, 0.7172054879338161, -0.9066775676793583, 0.46721605717774656]",28.568880366972298,0.21532691374618187
"[0.5196124561091682, 0.7171901714810297, -0.9066734638729257, 0.4672309120884199]",28.56879694991523,0.2153897462275785
"[0.5195915284867767, 0.7171748600511636, -0.9066693606751037, 0.4672457623242489]",28.568713549621133,0.2154525787089751
"[0.5195706105782611, 0.7171595587666258, -0.9066652594596227, 0.46726060291689187]",28.56863022240424,0.21551541119037168
"[0.5195496964263288, 0.7171442632659057, -0.9066611590585434, 0.467275438096305]",28.56854692819638,0.2155782436717683
"[0.5195287870285831, 0.7171289742758941, -0.9066570596675454, 0.4672902671573051]",28.568463669087595,0.2156410761531649
"[0.519507886578773, 0.7171136948592347, -0.9066529621088948, 0.4673050871291389]",28.568380474769498,0.21570390863456154
"[0.5194869902367012, 0.7170984214737816, -0.9066488654337281, 0.4673199014472099]",28.56829731516774,0.21576674111595814
"[0.519466100705115, 0.717083156091783, -0.9066447701719891, 0.4673347081983467]",28.568214206191808,0.21582957359735477
"[0.5194452174442544, 0.7170678983151128, -0.9066406762179235, 0.46734950776848255]",28.568131145999708,0.21589240607875135
"[0.5194243400423247, 0.7170526478394258, -0.9066365834908724, 0.4673643004526041]",28.56804812865338,0.21595523856014798
"[0.5194034666054327, 0.7170374032782992, -0.9066324916196451, 0.4673790875953296]",28.567965145278865,0.21601807104154458
"[0.5193825995982075, 0.7170221664286359, -0.9066284010874666, 0.4673938674534795]",28.567882204847304,0.2160809035229412
"[0.5193617411197613, 0.7170069388190999, -0.9066243123058747, 0.4674086385439798]",28.56779933566663,0.21614373600433778
"[0.5193408857306994, 0.7169917164753355, -0.9066202242086834, 0.46742340472182514]",28.56771648504979,0.21620656848573444
"[0.5193200382952541, 0.7169765029445155, -0.9066161377494583, 0.467438162545938]",28.56763369672071,0.21626940096713101
"[0.5192991946876978, 0.7169612952124845, -0.9066120521195538, 0.46745291493997376]",28.567550937033232,0.21633223344852764
"[0.5192783582228567, 0.7169460956945518, -0.906607967968795, 0.46746765956073943]",28.567468236092434,0.21639506592992425
"[0.519257529333774, 0.7169309047026081, -0.9066038853821135, 0.4674823961054243]",28.567385584164203,0.21645789841132088
"[0.5192367053671144, 0.7169157202979739, -0.9065998038395043, 0.467497126454488]",28.567302978621072,0.21652073089271745
"[0.5192158855353781, 0.7169005419036324, -0.906595723186699, 0.46751185116751903]",28.5672204006199,0.21658356337411408
"[0.5191950724602622, 0.7168853714277115, -0.9065916439376194, 0.46752656839322276]",28.56713787392839,0.21664639585551068
"[0.5191742664536895, 0.7168702090937569, -0.9065875661534558, 0.4675412779144913]",28.567055400023712,0.2167092283369073
"[0.5191534653453433, 0.7168550533167465, -0.9065834894089132, 0.4675559812687959]",28.566972966623002,0.2167720608183039
"[0.5191326710180225, 0.7168399054651456, -0.9065794140730626, 0.46757067712831185]",28.56689058090603,0.21683489329970054
"[0.5191118814849592, 0.7168247640883585, -0.9065753397565998, 0.46758536690014096]",28.566808235130715,0.21689772578109712
"[0.5190910980902512, 0.716809630162134, -0.9065712667230105, 0.46760004963743745]",28.56672593302629,0.21696055826249375
"[0.5190703210448966, 0.7167945038366119, -0.906567195013708, 0.4676147251943149]",28.566643680290195,0.21702339074389035
"[0.5190495485482315, 0.7167793837976673, -0.9065631242758849, 0.46762939484553867]",28.56656146499563,0.21708622322528698
"[0.5190287827665603, 0.7167642716189031, -0.9065590549341355, 0.46764405706417383]",28.56647929721305,0.21714905570668355
"[0.5190080236970337, 0.7167491672945421, -0.9065549869879567, 0.4676587118555906]",28.566397182849144,0.2172118881880802
"[0.5189872696548323, 0.7167340695953477, -0.906550920107258, 0.46767336041223206]",28.566315107092798,0.21727472066947678
"[0.5189665212208895, 0.7167189789408406, -0.906546854405949, 0.46768800232686064]",28.566233072550062,0.21733755315087339
"[0.5189457779530618, 0.7167038950063149, -0.9065427897974602, 0.4677026379143303]",28.56615107578894,0.21740038563227002
"[0.5189250428411607, 0.716688819962206, -0.9065387268676965, 0.46771726506848516]",28.566069144038234,0.2174632181136666
"[0.5189043126328646, 0.7166737514403666, -0.9065346649794409, 0.46773188608688443]",28.565987247887044,0.21752605059506322
"[0.5188835889354406, 0.7166586906058429, -0.9065306044476877, 0.46774649983887595]",28.56590540126537,0.21758888307645982
"[0.5188628692290668, 0.7166436356243077, -0.9065265447787836, 0.46776110810414107]",28.565823586486765,0.21765171555785645
"[0.5188421540611985, 0.7166285868909068, -0.9065224860800755, 0.4677757104990931]",28.56574180467913,0.21771454803925305
"[0.5188214478123643, 0.7166135475842317, -0.9065184292098887, 0.46779030393918253]",28.565660094390335,0.21777738052064968
"[0.5188007468319838, 0.7165985150489638, -0.9065143734530332, 0.46780489100076206]",28.565578420576784,0.21784021300204626
"[0.5187800506858955, 0.7165834889668602, -0.9065103187245201, 0.4678194719924565]",28.565496784108056,0.2179030454834429
"[0.5187593610802073, 0.7165684705733824, -0.9065062653586701, 0.4678340457151954]",28.565415194788716,0.2179658779648395
"[0.5187386767843843, 0.7165534589719502, -0.9065022131144685, 0.4678486130388019]",28.565333651112947,0.21802871044623612
"[0.5187179999220154, 0.7165384557002489, -0.9064981624080012, 0.46786317247087494]",28.565252160751488,0.2180915429276327
"[0.5186973277842832, 0.7165234587893442, -0.9064941127086572, 0.46787772592188753]",28.56517070798946,0.21815437540902932
"[0.5186766606255319, 0.7165084684208859, -0.9064900640663369, 0.4678922732153793]",28.56508929265229,0.21821720789042592
"[0.5186559987290867, 0.7164934847973955, -0.9064860165366134, 0.46790681415462704]",28.565007915842376,0.21828004037182255
"[0.5186353452475518, 0.7164785102013747, -0.9064819707371115, 0.4679213465243278]",28.564926605505143,0.21834287285321916
"[0.5186146949287442, 0.7164635408215222, -0.9064779256390464, 0.467935874023022]",28.56484531664321,0.21840570533461579
"[0.5185940500581454, 0.7164485783119606, -0.9064738816901898, 0.46795039504524866]",28.5647640719265,0.21846853781601236
"[0.5185734136841763, 0.7164336248782703, -0.9064698394877205, 0.46796490745026714]",28.56468289082449,0.218531370297409
"[0.5185527819769211, 0.7164186777416729, -0.9064657982814947, 0.4679794139346711]",28.56460174541618,0.2185942027788056
"[0.5185321566287299, 0.7164037381250958, -0.9064617584030638, 0.46799391331138657]",28.564520645757963,0.21865703526020222
"[0.5185115342191546, 0.716388803548217, -0.9064577191825423, 0.4680084079874715]",28.564439571071038,0.21871986774159882
"[0.5184909208998378, 0.716373878462679, -0.9064536818248821, 0.46802289364219424]",28.56435856540889,0.21878270022299545
"[0.518470311493822, 0.7163589591165541, -0.9064496453161688, 0.4680373739167907]",28.564277589726554,0.21884553270439203
"[0.5184497087805082, 0.7163440475188414, -0.9064456102008359, 0.46805184686119344]",28.564196665732478,0.21890836518578866
"[0.5184291098546896, 0.7163291415638403, -0.9064415759099544, 0.46806631451896924]",28.56411577002584,0.21897119766718526
"[0.5184085170493179, 0.7163142429368512, -0.9064375429005029, 0.4680807752541897]",28.56403491913986,0.2190340301485819
"[0.5183879332741677, 0.7162993537390768, -0.9064335117423856, 0.4680952270271536]",28.563954136680582,0.21909686262997846
"[0.5183673526031706, 0.716284469680568, -0.9064294812750888, 0.46810967400156434]",28.563873379715258,0.21915969511137506
"[0.5183467773454693, 0.716269592428727, -0.9064254519509066, 0.46812411455882097]",28.56379266405879,0.2192225275927717
"[0.5183262095261749, 0.7162547234443474, -0.9064214241664753, 0.46813854728078563]",28.56371200437338,0.2192853600741683
"[0.5183056462435438, 0.7162398606263801, -0.9064173973536049, 0.46815297420665064]",28.563631378150824,0.21934819255556492
"[0.5182850865037091, 0.7162250032539906, -0.9064133713177505, 0.4681673960359536]",28.563550781084075,0.2194110250369615
"[0.5182645372108888, 0.7162101563127464, -0.9064093474109493, 0.46818180792903974]",28.563470260727797,0.21947385751835813
"[0.5182439911534507, 0.7161953145885483, -0.906405324221085, 0.46819621494698993]",28.563389769538077,0.21953668999975473
"[0.5182234483695666, 0.7161804781068348, -0.9064013017557201, 0.4682106170649749]",28.56330930005002,0.21959952248115136
"[0.5182029151983014, 0.7161656514423318, -0.9063972812561528, 0.46822500984197923]",28.563228902770984,0.21966235496254793
"[0.5181823871901972, 0.7161508313782854, -0.9063932618511933, 0.46823939640037326]",28.56314854665651,0.21972518744394456
"[0.5181618635689763, 0.7161360173514845, -0.9063892433889164, 0.4682537772867158]",28.563068222463613,0.21978801992534117
"[0.5181413450200062, 0.7161212098538697, -0.9063852260035847, 0.46826815202327476]",28.562987937973435,0.2198508524067378
"[0.518120833536012, 0.7161064103202034, -0.9063812100854127, 0.4682825192170076]",28.56290770856292,0.2199136848881344
"[0.5181003260033112, 0.7160916165007992, -0.906377195024837, 0.4682968810516843]",28.562827505307464,0.21997651736953103
"[0.5180798261335562, 0.716076831069991, -0.9063731815485984, 0.46831123493085647]",28.562747363293216,0.2200393498509276
"[0.5180593306953172, 0.7160620516938169, -0.9063691690240986, 0.46832558312015266]",28.56266725594779,0.22010218233232423
"[0.5180388420939553, 0.7160472801036684, -0.9063651579223093, 0.4683399239384947]",28.562587195212586,0.22016501481372083
"[0.5180183590497425, 0.7160325153735492, -0.9063611479927448, 0.46835425828465954]",28.56250718114411,0.22022784729511746
"[0.51799788053465, 0.7160177567595587, -0.9063571390342154, 0.46836858688067873]",28.562427199704082,0.22029067977651406
"[0.5179774077571587, 0.7160030051297045, -0.9063531312833619, 0.46838290888365175]",28.56234726641309,0.2203535122579107
"[0.5179569410700902, 0.71598826073499, -0.906349124809306, 0.4683972240496772]",28.562267376637045,0.22041634473930727
"[0.5179364789196758, 0.7159735224530848, -0.9063451193079487, 0.46841153346822223]",28.562187520428054,0.2204791772207039
"[0.5179160242281847, 0.715958792385545, -0.9063411153513821, 0.4684258350986739]",28.562107720032426,0.2205420097021005
"[0.5178955735509952, 0.715944068048637, -0.9063371122653845, 0.46844013135232204]",28.562027950634132,0.22060484218349713
"[0.5178751295071202, 0.7159293513250508, -0.9063331105626707, 0.4684544204010222]",28.561948235826847,0.2206676746648937
"[0.5178546901968254, 0.7159146408441294, -0.9063291098714441, 0.46846870357539894]",28.561868549719005,0.22073050714629033
"[0.5178342577390402, 0.7158999381277272, -0.9063251106065064, 0.46848297939760064]",28.561788920187,0.22079333962768694
"[0.5178138304156387, 0.7158852419362712, -0.9063211124316187, 0.46849724907100104]",28.561709329185145,0.22085617210908357
"[0.5177934089091191, 0.715870552757743, -0.9063171154804216, 0.4685115121215857]",28.56162978401924,0.22091900459048017
"[0.5177729927305833, 0.7158558702374058, -0.9063131196572826, 0.4685257688936047]",28.56155027710281,0.22098183707187674
"[0.5177525806222518, 0.7158411934680087, -0.9063091247160974, 0.46854002026782793]",28.5614708006651,0.22104466955327337
"[0.5177321754843838, 0.7158265245318568, -0.9063051312245444, 0.468554264222109]",28.56139138188358,0.22110750203466997
"[0.5177117748946535, 0.715811861684437, -0.9063011387086031, 0.46856850245021764]",28.56131199243184,0.2211703345160666
"[0.5176913818589347, 0.7157972070829484, -0.9062971477565895, 0.46858273285721563]",28.561232660640588,0.22123316699746318
"[0.5176709932848196, 0.7157825585019216, -0.9062931577633636, 0.46859695760394476]",28.561153367541653,0.22129599947885983
"[0.5176506101082898, 0.7157679166110399, -0.9062891689121576, 0.4686111760399192]",28.56107411136229,0.2213588319602564
"[0.5176302343811537, 0.7157532828807742, -0.9062851816045401, 0.4686253867369757]",28.56099491226672,0.22142166444165304
"[0.51760986200338, 0.7157386543635257, -0.9062811950382361, 0.468639592557312]",28.560915740429174,0.22148449692304964
"[0.5175894962212313, 0.7157240333875049, -0.9062772098485511, 0.46865379123981177]",28.56083661683619,0.22154732940444627
"[0.517569135025052, 0.7157094185068427, -0.9062732256422897, 0.4686679841883896]",28.560757527769894,0.22161016188584284
"[0.5175487792991752, 0.7156948103535183, -0.9062692425925539, 0.4686821707891274]",28.560678483099757,0.22167299436723947
"[0.51752843229221, 0.7156802112551879, -0.9062652613350409, 0.4686963487813028]",28.560599500667085,0.22173582684863608
"[0.5175080859034422, 0.7156656153968711, -0.9062612802847647, 0.46871052381199346]",28.56052052488395,0.2217986593300327
"[0.5174877483194661, 0.7156510286486891, -0.9062573010436089, 0.4687246901801537]",28.560441617020835,0.2218614918114293
"[0.5174674146416902, 0.7156364474938592, -0.9062533226531604, 0.4687388513009979]",28.56036273809349,0.22192432429282594
"[0.517447087829501, 0.7156218740515796, -0.9062493456924936, 0.4687530051161844]",28.56028391271826,0.2219871567742225
"[0.517426765154986, 0.7156073063630507, -0.9062453696279429, 0.4687671535279178]",28.56020511730325,0.22204998925561914
"[0.517406448469016, 0.7155927457521963, -0.9062413948216838, 0.4687812952501967]",28.560126366829923,0.22211282173701574
"[0.5173861377057607, 0.7155781921686418, -0.9062374212608841, 0.4687954303317411]",28.56004766296513,0.22217565421841237
"[0.5173658316984147, 0.7155636447733953, -0.9062334487173268, 0.46880955958722836]",28.55996899499432,0.22223848669980895
"[0.5173455319893607, 0.7155491046684247, -0.9062294774928061, 0.46882368194617074]",28.559890373161636,0.22230131918120558
"[0.5173252386762004, 0.7155345719202991, -0.9062255076064576, 0.46883779734369524]",28.559811802321654,0.22236415166260218
"[0.5173049493064937, 0.7155200447698867, -0.9062215385785775, 0.4688519074882316]",28.55973325879694,0.2224269841439988
"[0.5172846656269534, 0.7155055244651237, -0.9062175707509206, 0.46886601116749127]",28.559654759517283,0.2224898166253954
"[0.5172643880652779, 0.7154910113090276, -0.9062136042071979, 0.4688801080869483]",28.559576307730264,0.22255264910679204
"[0.517244114600378, 0.7154765038522404, -0.906209638552116, 0.46889419965421014]",28.55949788739891,0.2226154815881886
"[0.5172238471712298, 0.7154620034794533, -0.9062056741650113, 0.46890828452410105]",28.55941951230571,0.22267831406958524
"[0.5172035871458337, 0.7154475111659384, -0.9062017113135049, 0.46892236174906904]",28.55934119233676,0.22274114655098184
"[0.5171833314294702, 0.7154330246948681, -0.9061977493923175, 0.46893643348224523]",28.559262908484587,0.22280397903237842
"[0.5171630800294824, 0.7154185440690072, -0.9061937884029504, 0.46895049972078406]",28.55918465346864,0.22286681151377508
"[0.5171428342154223, 0.7154040701933841, -0.9061898285937753, 0.4689645595853788]",28.55910644372488,0.22292964399517165
"[0.5171225941941582, 0.7153896032128506, -0.9061858700052997, 0.4689786129351236]",28.55902827873948,0.22299247647656828
"[0.5171023616069121, 0.715375144297078, -0.906181912958553, 0.46899265863356765]",28.558950164336924,0.22305530895796488
"[0.5170821325681901, 0.7153606906663946, -0.9061779566936687, 0.46900669938075124]",28.55887208491245,0.2231181414393615
"[0.5170619073957099, 0.7153462425455763, -0.9061740012728562, 0.4690207349581767]",28.558794030295314,0.22318097392075809
"[0.5170416893527985, 0.715331802262863, -0.9061700473343719, 0.4690347631038912]",28.55871603144709,0.22324380640215472
"[0.5170214767090107, 0.7153173685790523, -0.9061660945398404, 0.46904878502151703]",28.558638072097185,0.22330663888355132
"[0.5170012707290685, 0.7153029423940962, -0.9061621431366336, 0.46906279983657007]",28.55856016081898,0.22336947136494795
"[0.5169810695203756, 0.7152885223537325, -0.9061581927546877, 0.4690768088644975]",28.558482291128936,0.22343230384634455
"[0.5169608749108354, 0.7152741097596964, -0.9061542437514998, 0.46909081084047266]",28.55840447141399,0.22349513632774118
"[0.5169406817554507, 0.7152597009377578, -0.9061502951210461, 0.4691048093338922]",28.558326658837334,0.22355796880913775
"[0.5169204960506419, 0.7152453001641279, -0.9061463480359465, 0.46911880019015967]",28.55824890410669,0.22362080129053438
"[0.5169003165423024, 0.7152309065406258, -0.9061424022510054, 0.4691327842816615]",28.558171199356174,0.22368363377193098
"[0.5168801428641279, 0.715216519802817, -0.9061384576946389, 0.4691467618651043]",28.558093536784774,0.2237464662533276
"[0.5168599741418454, 0.715202139324324, -0.9061345141959494, 0.4691607335488629]",28.55801591191077,0.2238092987347242
"[0.5168398097267687, 0.715187764640038, -0.9061305716281608, 0.46917469978465737]",28.557938319194694,0.22387213121612085
"[0.5168196501222285, 0.7151733961062138, -0.9061266300897447, 0.46918866022619043]",28.557860766844687,0.22393496369751742
"[0.5167994970975607, 0.7151590349809093, -0.90612268992668, 0.4692026136509389]",28.55778325832658,0.22399779617891405
"[0.5167793500498999, 0.7151446808312718, -0.9061187510211355, 0.4692165604792556]",28.557705798236213,0.22406062866031065
"[0.5167592060318389, 0.7151303315548345, -0.9061148127969297, 0.4692305027537837]",28.557628360013304,0.22412346114170728
"[0.5167390698769069, 0.7151159905917801, -0.9061108761990816, 0.46924443713172753]",28.557550983014917,0.22418629362310385
"[0.5167189389254593, 0.7151016560445634, -0.9061069407076653, 0.4692583654566166]",28.55747364637949,0.22424912610450048
"[0.5166988133597937, 0.7150873280401604, -0.9061030063583669, 0.46927228760488837]",28.55739634824604,0.2243119585858971
"[0.5166786914550696, 0.7150730053480483, -0.9060990728140583, 0.4692862047720473]",28.55731907896572,0.22437479106729372
"[0.5166585768013342, 0.715058690520728, -0.9060951407765865, 0.46930011447767184]",28.557241865751852,0.22443762354869032
"[0.5166384667082791, 0.7150443816405219, -0.9060912097200868, 0.46931401858496785]",28.557164686304606,0.22450045603008695
"[0.5166183623242581, 0.7150300795217437, -0.9060872798690861, 0.4693279163024762]",28.557087550619492,0.22456328851148352
"[0.5165982636922926, 0.7150157841919933, -0.9060833512320356, 0.46934180760318195]",28.557010458178194,0.22462612099288012
"[0.5165781688134347, 0.715001494226882, -0.90607942341826, 0.46935569387104686]",28.55693339762924,0.22468895347427675
"[0.516558079334656, 0.7149872107950791, -0.9060754967497392, 0.46936957397025175]",28.556856371249367,0.22475178595567333
"[0.5165379969252956, 0.7149729350802629, -0.9060715715527945, 0.4693834467503336]",28.5567794014102,0.22481461843706996
"[0.5165179189659391, 0.7149586652173998, -0.9060676473154906, 0.4693973140234882]",28.556702465758132,0.22487745091846656
"[0.516497845053306, 0.7149444009174475, -0.9060637239590673, 0.46941117607044897]",28.5566255634366,0.2249402833998632
"[0.5164777785273886, 0.714930144550799, -0.9060598021363517, 0.4694250305874709]",28.556548715492603,0.2250031158812598
"[0.5164577179838723, 0.7149158951163652, -0.9060558815729111, 0.46943887854720495]",28.556471912279697,0.22506594836265642
"[0.516437659883623, 0.7149016500978486, -0.9060519615771294, 0.46945272239489794]",28.556395127726116,0.225128780844053
"[0.5164176085577347, 0.714887412568591, -0.9060480429954972, 0.4694665591435945]",28.5563183941483,0.22519161332544962
"[0.5163975637590336, 0.7148731823497361, -0.9060441257797369, 0.4694803889668972]",28.556241710532554,0.22525444580684623
"[0.5163775206434681, 0.7148589560000517, -0.9060402089832713, 0.46949421520906015]",28.55616504043958,0.22531727828824286
"[0.5163574854246021, 0.7148447379272483, -0.9060362938203979, 0.469508033586167]",28.556088432668613,0.22538011076963943
"[0.5163374549127859, 0.7148305258645625, -0.906032379667846, 0.46952184630104876]",28.55601185673488,0.2254429432510361
"[0.5163174316404062, 0.7148163216057047, -0.9060284670205039, 0.46953565161019534]",28.555935336703254,0.22550577573243266
"[0.5162974114753771, 0.7148021222166674, -0.9060245550709877, 0.46954945236502804]",28.55585884006924,0.2255686082138293
"[0.51627739557526, 0.7147879285162988, -0.9060206440455525, 0.4695632477695475]",28.55578237848352,0.2256314406952259
"[0.5162573880163033, 0.7147737433919562, -0.9060167347407105, 0.4695770350172092]",28.555705976701187,0.22569427317662252
"[0.5162373830276058, 0.7147595627492718, -0.90601282602892, 0.46959081808735254]",28.555629595205883,0.2257571056580191
"[0.5162173855282579, 0.7147453900724868, -0.9060089188713543, 0.46960459359324475]",28.555553273481134,0.22581993813941573
"[0.5161973909555331, 0.7147312221251315, -0.9060050123765826, 0.4696183646804782]",28.55547696947489,0.22588277062081233
"[0.516177403436358, 0.7147170618288379, -0.9060011073509615, 0.4696321285090841]",28.555400723833984,0.22594560310220896
"[0.5161574211849336, 0.7147029079153128, -0.9059972034456262, 0.4696458863116398]",28.55532451379754,0.22600843558360556
"[0.5161374439475157, 0.7146887602020997, -0.9059933006110483, 0.46965963826531715]",28.55524834561903,0.2260712680650022
"[0.5161174728116652, 0.7146746194564922, -0.9059893990597382, 0.46967338362409816]",28.55517221983473,0.22613410054639876
"[0.5160975028370474, 0.714660482178344, -0.9059854978266193, 0.46968712579012317]",28.555096104582468,0.2261969330277954
"[0.5160775418662541, 0.7146463539169299, -0.9059815984438268, 0.46970085936903366]",28.55502005852836,0.226259765509192
"[0.5160575855654718, 0.7146322316014161, -0.9059777000647695, 0.4697145873456539]",28.554944050326682,0.22632259799058863
"[0.5160376343845038, 0.714618115547478, -0.9059738027773638, 0.4697283094129533]",28.554868074246574,0.2263854304719852
"[0.5160176883671256, 0.7146040057833929, -0.9059699065902038, 0.46974202554326444]",28.554792142744244,0.2264482629533818
"[0.5159977478746274, 0.71458990256193, -0.905966011573905, 0.4697557354906877]",28.55471625235235,0.22651109543477843
"[0.5159778117018257, 0.7145758050280941, -0.9059621174931028, 0.46976944008620397]",28.554640393853635,0.22657392791617503
"[0.5159578811094468, 0.7145617140707433, -0.9059582245940987, 0.46978313846555786]",28.554564580830913,0.22663676039757166
"[0.5159379556822389, 0.7145476293935046, -0.9059543327958242, 0.46979683091668206]",28.554488805446358,0.22669959287896824
"[0.5159180353520947, 0.7145335509455369, -0.9059504420850203, 0.4698105174888237]",28.55441306477809,0.22676242536036487
"[0.5158981209565747, 0.7145194793159122, -0.9059465526253129, 0.4698241976091221]",28.554337373750894,0.22682525784176147
"[0.5158782125590715, 0.7145054145464117, -0.9059426644291138, 0.4698378712367576]",28.554261724104922,0.2268880903231581
"[0.5158583076994805, 0.7144913548964796, -0.905938777016002, 0.469851540063715]",28.554186106994255,0.22695092280455467
"[0.5158384099631889, 0.714477302895858, -0.9059348910862428, 0.46986520163038964]",28.554110540482586,0.22701375528595133
"[0.5158185142960354, 0.714463254972759, -0.9059310056528337, 0.469878859409166]",28.554034987716058,0.2270765877673479
"[0.5157986258586259, 0.7144492147684863, -0.9059271217236405, 0.4698925098597034]",28.553959494225975,0.22713942024874453
"[0.5157787422627672, 0.7144351805940554, -0.9059232388323132, 0.46990615462389995]",28.553884035081214,0.22720225273014114
"[0.5157588627298114, 0.7144211518974664, -0.9059193568268474, 0.46991979423828123]",28.553808604579398,0.22726508521153777
"[0.5157389909764766, 0.7144071312985585, -0.9059154764330619, 0.46993342615547035]",28.553733239508404,0.22732791769293434
"[0.5157191225397674, 0.7143931156456041, -0.9059115967794954, 0.4699470534396347]",28.55365789560285,0.22739075017433097
"[0.5156992598662211, 0.714379106661996, -0.9059077183439265, 0.46996067441497624]",28.55358259408201,0.22745358265572757
"[0.5156794029226389, 0.7143651043214027, -0.9059038411199049, 0.4699742891069044]",28.55350733848566,0.2275164151371242
"[0.5156595492589977, 0.7143511068937359, -0.9058999646290946, 0.4699878991974507]",28.553432105041498,0.2275792476185208
"[0.5156397019657115, 0.7143371165552758, -0.9058960894749537, 0.4700015025703898]",28.553356924358518,0.22764208009991743
"[0.515619859567352, 0.7143231322631275, -0.9058922153694408, 0.47001510023958076]",28.553281777567502,0.227704912581314
"[0.5156000232868558, 0.7143091548763568, -0.9058883425513631, 0.4700286913695233]",28.553206677709788,0.22776774506271064
"[0.5155801894935599, 0.714295181834327, -0.9058844703119243, 0.4700422784499375]",28.55313159806764,0.22783057754410724
"[0.5155603624207358, 0.7142812161169368, -0.9058805994776525, 0.4700558585830746]",28.55305656734564,0.22789341002550387
"[0.5155405404487985, 0.7142672565804292, -0.9058767297323864, 0.47006943288091607]",28.552981579229687,0.22795624250690044
"[0.5155207262114553, 0.7142533050764117, -0.9058728615903129, 0.4700829995427432]",28.55290664755546,0.2280190749882971
"[0.5155009148532316, 0.7142393581833427, -0.9058689941035819, 0.4700965618955372]",28.552831736605928,0.22808190746969367
"[0.5154811083005246, 0.7142254172552222, -0.9058651276483138, 0.4701101186224885]",28.552756861625998,0.2281447399510903
"[0.5154613060554345, 0.7142114819391687, -0.9058612621273613, 0.4701236700665938]",28.55268202141117,0.2282075724324869
"[0.5154415106043514, 0.7141975539820973, -0.9058573980261156, 0.4701372145288726]",28.55260723001304,0.22827040491388353
"[0.5154217185855746, 0.7141836310160938, -0.9058535346884079, 0.47015075431186637]",28.552532471602213,0.2283332373952801
"[0.5154019334135151, 0.7141697154404054, -0.9058496727807587, 0.4701642870821842]",28.552457756289616,0.2283960698766767
"[0.5153821522162049, 0.7141558052323351, -0.9058458117426176, 0.4701778148066975]",28.55238307794843,0.22845890235807334
"[0.5153623765803808, 0.7141419015051729, -0.9058419518837383, 0.47019133640256267]",28.552308439874647,0.22852173483946991
"[0.5153426064873236, 0.7141280042429465, -0.9058380932005005, 0.4702048518851272]",28.552233842240703,0.22858456732086657
"[0.5153228418376763, 0.7141141133730309, -0.9058342356735444, 0.4702183613248365]",28.552159284964123,0.22864739980226315
"[0.5153030800162777, 0.7141002270552054, -0.9058303787925132, 0.47023186651123167]",28.552084752507028,0.22871023228365978
"[0.5152833237497905, 0.7140863472031611, -0.905826523089617, 0.470245365582997]",28.552010258304872,0.22877306476505638
"[0.5152635761415633, 0.7140724759937818, -0.9058226691705247, 0.470258856422742]",28.551935835055808,0.228835897246453
"[0.5152438311186459, 0.7140586091584364, -0.9058188158500782, 0.4702723431818581]",28.551861427784136,0.22889872972784958
"[0.5152240896728837, 0.7140447473918651, -0.9058149633219057, 0.47028582518452694]",28.551787045340074,0.2289615622092462
"[0.5152043543582991, 0.7140308924848862, -0.9058111120844645, 0.47029930068882553]",28.55171271722148,0.2290243946906428
"[0.5151846249918263, 0.7140170443059972, -0.9058072621020541, 0.4703127698224567]",28.551638425833215,0.22908722717203944
"[0.5151649001452658, 0.7140032018500666, -0.9058034130960113, 0.47032623356286335]",28.551564172048238,0.22915005965343604
"[0.51514518035113, 0.7139893654883058, -0.9057995651702899, 0.47033969154882477]",28.55148996036866,0.22921289213483267
"[0.5151254662191878, 0.713975535645846, -0.9057957184439068, 0.47035314336665623]",28.55141578661171,0.22927572461622925
"[0.5151057568047627, 0.713961711657333, -0.9057918727325673, 0.47036658966334904]",28.551341648967192,0.22933855709762588
"[0.5150860505832259, 0.713947892451238, -0.905788027738838, 0.47038003148101387]",28.551267537368773,0.22940138957902248
"[0.5150663525614465, 0.7139340815358481, -0.9057841844396659, 0.47039346540698207]",28.551193487573368,0.2294642220604191
"[0.5150466561904881, 0.7139202743169539, -0.9057803415573205, 0.47040689590988927]",28.551119452109212,0.22952705454181568
"[0.5150269674694055, 0.7139064749974882, -0.9057765002622957, 0.470420318901314]",28.55104547190399,0.22958988702321234
"[0.5150072842060989, 0.7138926820378809, -0.9057726601269269, 0.4704337358786303]",28.55097153383569,0.22965271950460892
"[0.5149876042252906, 0.7138788939115194, -0.9057688207268693, 0.47044714832668216]",28.550897621495796,0.22971555198600555
"[0.514967929433531, 0.7138651119518861, -0.9057649824341241, 0.4704605549481703]",28.550823749056025,0.22977838446740215
"[0.514948259070907, 0.7138513356241929, -0.9057611451004814, 0.4704739562631535]",28.550749909471257,0.22984121694879878
"[0.5149285960902873, 0.7138375669936017, -0.9057573093020163, 0.4704873502624931]",28.550676124536334,0.22990404943019535
"[0.5149089368083762, 0.7138238034781915, -0.9057534743202307, 0.47050073945767457]",28.550602371544514,0.22996688191159198
"[0.5148892820807287, 0.7138100456747328, -0.9057496403220677, 0.47051412326801034]",28.55052864842617,0.23002971439298858
"[0.5148696332065297, 0.7137962944899593, -0.9057458075609913, 0.4705275008112422]",28.550454973236818,0.2300925468743852
"[0.514849988058764, 0.7137825484328515, -0.9057419756221375, 0.4705408735377101]",28.550381324375284,0.23015537935578181
"[0.5148303486393215, 0.7137688089017215, -0.9057381448960301, 0.4705542400869172]",28.550307718973336,0.2302182118371784
"[0.5148107142088111, 0.7137550753765906, -0.9057343152384808, 0.4705676009645486]",28.550234152733502,0.23028104431857502
"[0.5147910849802023, 0.7137413480038667, -0.9057304866910614, 0.47058095602799616]",28.5501606239687,0.23034387679997162
"[0.5147714600096431, 0.713727626121035, -0.9057266590697199, 0.47059430592164453]",28.550087129886286,0.23040670928136825
"[0.5147518417621784, 0.7137139114489396, -0.9057228328552623, 0.47060764897111795]",28.550013684951505,0.23046954176276482
"[0.5147322274066272, 0.7137002020057079, -0.905719007495544, 0.47062098710441]",28.549940271596114,0.23053237424416145
"[0.5147126191104973, 0.7136864993037919, -0.9057151834133262, 0.4706343188498639]",28.54986690238379,0.23059520672555806
"[0.5146930132828031, 0.7136728008314782, -0.905711359908327, 0.4706476466510464]",28.549793553972293,0.23065803920695468
"[0.5146734144611319, 0.713659109756719, -0.9057075378654991, 0.4706609674255666]",28.54972025587971,0.2307208716883513
"[0.5146538198809198, 0.713645424145514, -0.9057037167457395, 0.47067428305493036]",28.549646991162604,0.23078370416974792
"[0.5146342297024432, 0.7136317441075307, -0.9056998965803482, 0.4706875934322844]",28.549573758768123,0.2308465366511445
"[0.514614645516532, 0.7136180707510639, -0.9056960776795743, 0.4707008974791081]",28.549500572832564,0.23090936913254112
"[0.5145950655488389, 0.7136044028347248, -0.9056922596974528, 0.47071419640309015]",28.549427419840928,0.23097220161393772
"[0.5145754927258901, 0.7135907423986068, -0.9056884432046648, 0.4707274882190265]",28.549354321779152,0.23103503409533435
"[0.5145559223542494, 0.7135770861645803, -0.9056846272860752, 0.47074077611642534]",28.549281241338022,0.23109786657673093
"[0.5145363580180664, 0.7135634366314376, -0.9056808126405824, 0.4707540576637433]",28.549208205660324,0.23116069905812758
"[0.5145167978043466, 0.7135497924619801, -0.9056769988952235, 0.47076733416195815]",28.54913520388915,0.23122353153952416
"[0.5144972443929877, 0.7135361555228692, -0.9056731865725368, 0.47078060379452924]",28.54906224930508,0.2312863640209208
"[0.514477692554458, 0.7135225221647179, -0.9056693746529667, 0.4707938701124019]",28.548989309919616,0.2313491965023174
"[0.5144581472519801, 0.7135088958461915, -0.9056655641042137, 0.47080712974988215]",28.54891641951511,0.23141202898371402
"[0.5144386069467949, 0.7134952754917145, -0.9056617546263022, 0.47082038375341406]",28.54884356642185,0.2314748614651106
"[0.5144190725194037, 0.713481661712352, -0.9056579463909163, 0.47083363152818897]",28.548770759096307,0.23153769394650722
"[0.5143995435406958, 0.7134680542062901, -0.9056541393144236, 0.47084687336772163]",28.5486979915214,0.23160052642790382
"[0.5143800168672602, 0.7134544507811673, -0.9056503327840798, 0.47086011140532075]",28.548625241215387,0.23166335890930045
"[0.5143604968883927, 0.7134408544925014, -0.9056465276555744, 0.47087334266738545]",28.548552544713104,0.23172619139069706
"[0.5143409802556319, 0.7134272630054762, -0.9056427232762054, 0.47088656942587936]",28.54847987103564,0.23178902387209369
"[0.5143214693407212, 0.7134136779694585, -0.905638920108336, 0.4708997900755409]",28.548407242282497,0.23185185635349026
"[0.5143019652417203, 0.7134001001460265, -0.9056351183660175, 0.4709130038750193]",28.548334662573634,0.2319146888348869
"[0.5142824644173764, 0.7133865270674009, -0.9056313173590196, 0.4709262132257637]",28.548262111298783,0.2319775213162835
"[0.5142629692352635, 0.7133729603791923, -0.9056275175488572, 0.47093941652610843]",28.548189599424628,0.23204035379768007
"[0.5142434777017193, 0.7133593986916471, -0.905623718546981, 0.47095261512842446]",28.548117117932026,0.2321031862790767
"[0.5142239909006525, 0.713345842756733, -0.9056199205646931, 0.47096580830073004]",28.54804467105031,0.2321660187604733
"[0.514204509603718, 0.7133322931087099, -0.905616123752419, 0.47097899552289213]",28.547972264367683,0.23222885124186993
"[0.514185033933989, 0.713318749830474, -0.9056123281341661, 0.4709921767140499]",28.547899903889594,0.23229168372326653
"[0.5141655618500071, 0.7133052115000645, -0.9056085333121102, 0.47100535325799064]",28.547827569311494,0.23235451620466316
"[0.5141460968280388, 0.7132916805318112, -0.9056047399637498, 0.4710185228047276]",28.547755288156914,0.23241734868605973
"[0.514126634826508, 0.7132781541137403, -0.9056009473014909, 0.47103168809095697]",28.54768302957252,0.23248018116745636
"[0.5141071777890928, 0.7132646335946361, -0.9055971557041526, 0.47104484780376366]",28.5476108086046,0.23254301364885296
"[0.5140877242610304, 0.7132511179614032, -0.9055933648882868, 0.4710580029290608]",28.547538614409834,0.2326058461302496
"[0.5140682788544781, 0.7132376104156184, -0.9055895757526587, 0.47107115035048136]",28.547466481573714,0.23266867861164617
"[0.5140488355779851, 0.7132241067928569, -0.9055857871298009, 0.47108429412125213]",28.54739436565401,0.23273151109304283
"[0.5140293993623304, 0.7132106105152886, -0.9055819999805365, 0.47109743091024286]",28.547322303661456,0.2327943435744394
"[0.5140099665126845, 0.7131971190147088, -0.9055782135849527, 0.4711105632170799]",28.54725026316004,0.23285717605583603
"[0.513990538506889, 0.7131836333149925, -0.9055744282310423, 0.47112369004500404]",28.547178262585476,0.23292000853723263
"[0.5139711166592009, 0.7131701543257607, -0.9055706441748957, 0.47113681050842066]",28.547106308732616,0.23298284101862926
"[0.513951696886979, 0.7131566792114535, -0.9055668606211142, 0.4711499273673249]",28.547034373498683,0.23304567350002584
"[0.5139322840397403, 0.7131432113348121, -0.9055630785145647, 0.47116303734822496]",28.546962488650294,0.23310850598142246
"[0.5139128764864245, 0.7131297495613934, -0.9055592975374865, 0.4711761415552219]",28.546890642657473,0.23317133846281907
"[0.5138934715127059, 0.713116292006375, -0.9055555171611197, 0.47118924182293587]",28.546818816349273,0.2332341709442157
"[0.5138740757529726, 0.7131028432679652, -0.9055517386779559, 0.4712023336750489]",28.546747061939936,0.2332970034256123
"[0.5138546798828388, 0.7130893968784846, -0.9055479602715475, 0.47121542340745415]",28.54667530429866,0.23335983590700893
"[0.5138352912835088, 0.7130759579530985, -0.9055441833798372, 0.4712285060405335]",28.546603602763906,0.2334226683884055
"[0.5138159078083835, 0.7130625250010139, -0.9055404075846776, 0.4712415830253599]",28.546531939285167,0.23348550086980213
"[0.5137965277233836, 0.7130490968183166, -0.9055366325483176, 0.4712546555337974]",28.5464603034073,0.23354833335119873
"[0.5137771542684209, 0.7130356756474348, -0.905532858901885, 0.471267721382648]",28.54638871440936,0.23361116583259536
"[0.5137577827463903, 0.7130222582322125, -0.9055290857304951, 0.4712807837417141]",28.546317144302755,0.23367399831399194
"[0.5137384188270496, 0.7130088484973618, -0.9055253141385293, 0.4712938387899819]",28.5462456278207,0.2337368307953886
"[0.5137190590367352, 0.712995444034564, -0.9055215434494204, 0.4713068888718812]",28.546174148750467,0.23379966327678517
"[0.513699702896045, 0.7129820445098293, -0.9055177735698402, 0.4713199343124375]",28.54610269157045,0.23386249575818177
"[0.5136803525607782, 0.7129686514132132, -0.9055140049196903, 0.47133297366081034]",28.546031279854695,0.2339253282395784
"[0.5136610062453967, 0.712955263506456, -0.9055102371512493, 0.47134600812239064]",28.54595989479356,0.23398816072097497
"[0.5136416651157913, 0.7129418815940725, -0.9055064704916104, 0.4713590369137484]",28.545888558579964,0.2340509932023716
"[0.5136223289421503, 0.7129285055145884, -0.905502704896043, 0.4713720601919303]",28.54581725406546,0.2341138256837682
"[0.5136029983701375, 0.7129151357121062, -0.9054989404903071, 0.47138507752437486]",28.545745990284,0.23417665816516484
"[0.5135836710258299, 0.7129017705425029, -0.9054951768121433, 0.471398090511711]",28.545674756542297,0.2342394906465614
"[0.5135643490857694, 0.7128884115087089, -0.9054914142854327, 0.4714110976904645]",28.545603558202963,0.23430232312795807
"[0.5135450319578803, 0.7128750581988899, -0.905487652794905, 0.4714240994614549]",28.545532399012497,0.23436515560935464
"[0.513525719863109, 0.7128617107633736, -0.9054838923836093, 0.47143709567814945]",28.54546127879017,0.23442798809075127
"[0.5135064127627609, 0.7128483691729781, -0.905480133044036, 0.47145008636879676]",28.545390193761286,0.23449082057214787
"[0.513487110480326, 0.7128350333033312, -0.905476374741843, 0.4714630716543366]",28.5453191476553,0.2345536530535445
"[0.5134678109430039, 0.7128217017203697, -0.9054726170734826, 0.47147605293099815]",28.545248124868248,0.23461648553494108
"[0.5134485169122331, 0.7128083763295147, -0.9054688605766523, 0.4714890283432867]",28.54517714051981,0.2346793180163377
"[0.5134292299893175, 0.7127950582337855, -0.9054651055631259, 0.47150199681695426]",28.545106207164142,0.2347421504977343
"[0.5134099467631239, 0.7127817450751419, -0.9054613513687999, 0.47151496064796394]",28.545035305504243,0.23480498297913094
"[0.5133906662334546, 0.7127684361612927, -0.9054575977990005, 0.47152792051032394]",28.54496442333269,0.23486781546052754
"[0.5133713939080042, 0.7127551352914755, -0.9054538459259935, 0.4715408727042635]",28.544893603544807,0.23493064794192417
"[0.51335212152121, 0.7127418367591137, -0.9054500941407034, 0.47155382278662306]",28.544822782849522,0.23499348042332074
"[0.5133328577597164, 0.7127285465560989, -0.9054463441342079, 0.4715667649223663]",28.54475202691866,0.23505631290471737
"[0.5133135980474866, 0.7127152615224791, -0.9054425950157091, 0.47157970218848844]",28.544681306665407,0.23511914538611398
"[0.5132943425280065, 0.7127019817551405, -0.9054388468131747, 0.4715926344904974]",28.544610614596365,0.2351819778675106
"[0.5132750921269164, 0.7126887078901656, -0.9054350997068146, 0.4716055612088001]",28.544539958610752,0.23524481034890718
"[0.513255844218725, 0.7126754381152143, -0.9054313531856164, 0.471618484108205]",28.544469325079532,0.23530764283030384
"[0.5132366044664395, 0.7126621763319124, -0.9054276083518776, 0.4716313993889042]",28.54439875335195,0.2353704753117004
"[0.5132173669580661, 0.7126489184626927, -0.9054238640549037, 0.47164431102175763]",28.544328198712844,0.23543330779309704
"[0.5131981356173881, 0.7126356672095836, -0.9054201210584367, 0.4716572163751589]",28.544257689707074,0.23549614027449364
"[0.5131789086269065, 0.7126224213177462, -0.905416379008755, 0.47167011667102104]",28.54418721159865,0.23555897275589027
"[0.5131596867170649, 0.7126091812880986, -0.9054126380480474, 0.47168301142133967]",28.54411677545343,0.23562180523728685
"[0.5131404675947331, 0.7125959455391245, -0.9054088977300644, 0.47169590216625085]",28.5440463597276,0.23568463771868345
"[0.5131212551320418, 0.7125827167351678, -0.9054051588084043, 0.47170878631070434]",28.543975994070152,0.23574747020008008
"[0.5131020472515566, 0.712569493443175, -0.905401420878792, 0.47172166525023723]",28.543905661422553,0.23581030268147668
"[0.5130828424895937, 0.7125562746535259, -0.9053976836564275, 0.47173453996804465]",28.54383535396474,0.2358731351628733
"[0.5130636431044895, 0.7125430619185379, -0.9053939475808137, 0.47174740895206996]",28.543765088066934,0.23593596764426988
"[0.5130444501339124, 0.712529855949573, -0.9053902128538819, 0.47176027150927335]",28.543694869925353,0.2359988001256665
"[0.5130252601224562, 0.7125166543668364, -0.9053864788032756, 0.47177312995740933]",28.543624676918313,0.23606163260706312
"[0.5130060740140606, 0.7125034578178804, -0.9053827456127153, 0.47178598366563357]",28.54355451058185,0.23612446508845975
"[0.5129868929843593, 0.7124902671091204, -0.9053790135109826, 0.4717988318483313]",28.543484382828602,0.23618729756985632
"[0.5129677191931945, 0.712477083723058, -0.905375282918325, 0.47181167306130556]",28.543414312283264,0.23625013005125295
"[0.5129485483008075, 0.7124639046733793, -0.9053715529903874, 0.47182451021319566]",28.54334426099398,0.23631296253264955
"[0.5129293801822402, 0.7124507298725825, -0.905367823702912, 0.47183734338912636]",28.543274230278058,0.23637579501404618
"[0.512910220889697, 0.7124375634778553, -0.9053640962334033, 0.4718501685395234]",28.54320426904497,0.23643862749544278
"[0.512891061744281, 0.7124243995227901, -0.9053603688933979, 0.47186299147600874]",28.543134308243346,0.2365014599768394
"[0.5128719112300869, 0.7124112438345346, -0.9053566433334731, 0.4718758065222427]",28.54306441223736,0.236564292458236
"[0.5128527602462817, 0.7123980901591065, -0.9053529177831787, 0.47188861977013363]",28.542994514130534,0.23662712493963262
"[0.5128336193849293, 0.7123849457692526, -0.9053491943030716, 0.47190142413500075]",28.542924687659735,0.23668995742102922
"[0.5128144807632828, 0.712371805248933, -0.9053454713597187, 0.47191422489258755]",28.542854885333508,0.23675278990242585
"[0.5127953478922225, 0.7123586710066993, -0.905341749636109, 0.4719270196964818]",28.542785121880076,0.23681562238382242
"[0.512776216286115, 0.7123455399614463, -0.9053380282597411, 0.4719398115480363]",28.542715368883947,0.23687845486521908
"[0.5127570931036572, 0.7123324170242555, -0.905334308623107, 0.4719525956628727]",28.54264567947072,0.23694128734661565
"[0.5127379734992957, 0.7123192988672148, -0.9053305897837048, 0.4719653752827915]",28.542576018496643,0.23700411982801228
"[0.5127188576720298, 0.7123061856249764, -0.9053268717802807, 0.4719781502764871]",28.54250638846186,0.23706695230940888
"[0.5126997468058202, 0.7122930781075842, -0.9053231548431413, 0.4719909198546644]",28.54243678945057,0.23712978479080551
"[0.512680641194643, 0.7122799765142672, -0.90531943902948, 0.4720036838230658]",28.542367233214435,0.2371926172722021
"[0.512661540924765, 0.7122668809016912, -0.905315724356089, 0.47201644212631805]",28.542297722638377,0.23725544975359872
"[0.5126424438450924, 0.7122537897929401, -0.9053120104046463, 0.472029196203151]",28.542228231428293,0.23731828223499532
"[0.5126233503476092, 0.7122407034549258, -0.9053082972514285, 0.4720419457934051]",28.542158766867846,0.23738111471639195
"[0.5126042631061105, 0.7122276237179034, -0.9053045854164323, 0.47205468911376236]",28.54208934981096,0.23744394719778855
"[0.5125851799720821, 0.712214549107147, -0.9053008744818588, 0.47206742760085246]",28.54201996767997,0.23750677967918513
"[0.5125661014557641, 0.7122014799701206, -0.9052971645469577, 0.4720801609159986]",28.541950619685977,0.23756961216058176
"[0.5125470267280442, 0.7121884157367985, -0.9052934554505327, 0.47209288961443774]",28.54188129573743,0.23763244464197836
"[0.512527958064686, 0.7121753579635184, -0.9052897476351267, 0.4721056121796454]",28.541812019905763,0.237695277123375
"[0.512508893763653, 0.7121623054823353, -0.9052860407698, 0.4721183297494175]",28.541742776755687,0.23775810960477156
"[0.5124898343345727, 0.712149258639956, -0.9052823349536675, 0.47213104198579164]",28.54167357261499,0.2378209420861682
"[0.5124707779467153, 0.7121362161812125, -0.9052786298308053, 0.4721437501116106]",28.541604390027494,0.2378837745675648
"[0.5124517258363555, 0.7121231789503616, -0.9052749256416203, 0.4721564533041321]",28.541535241154705,0.23794660704896142
"[0.5124326803946488, 0.7121101485811411, -0.9052712228510189, 0.47216914997130516]",28.541466139538983,0.23800943953035802
"[0.5124136389371914, 0.7120971232344901, -0.9052675209371145, 0.4721818419049238]",28.54139707382335,0.23807227201175465
"[0.5123946023007887, 0.712084103480701, -0.9052638200626186, 0.4721945285491476]",28.541328040612253,0.23813510449315123
"[0.5123755703806571, 0.7120710892458458, -0.9052601202071809, 0.47220720997585897]",28.541259041770626,0.23819793697454786
"[0.5123565420293776, 0.7120580797432865, -0.9052564211477689, 0.4722198869514393]",28.541190073013393,0.23826076945594446
"[0.5123375178331612, 0.7120450753718688, -0.9052527229983756, 0.4722325590871066]",28.5411211365228,0.2383236019373411
"[0.5123185004326726, 0.7120320779341639, -0.9052490262723327, 0.4722452246261692]",28.54105224993264,0.2383864344187377
"[0.512299485278767, 0.7120190843189065, -0.9052453300853704, 0.47225788660029533]",28.540983379332435,0.23844926690013432
"[0.5122804746370093, 0.7120060960724686, -0.9052416348779138, 0.47227054350246156]",28.540914544419937,0.2385120993815309
"[0.512261470399812, 0.7119931144852616, -0.9052379410178097, 0.4722831940750051]",28.54084575761863,0.23857493186292753
"[0.512242469300724, 0.7119801373237661, -0.9052342478701755, 0.47229584049433854]",28.540776994611676,0.23863776434432413
"[0.5122234738211913, 0.7119671662806263, -0.9052305559173427, 0.4723084811108123]",28.54070827425062,0.23870059682572076
"[0.5122044813598918, 0.7119541995774291, -0.9052268646537459, 0.472321117657394]",28.54063957559867,0.23876342930711733
"[0.5121854952623283, 0.7119412394960616, -0.9052231747296156, 0.4723337479101436]",28.54057092897502,0.23882626178851396
"[0.512166511001361, 0.7119282829442228, -0.9052194852651385, 0.47234637488252895]",28.540502292732747,0.23888909426991056
"[0.5121475329125654, 0.711915332878952, -0.9052157971029348, 0.47235899569259315]",28.540433703502856,0.2389519267513072
"[0.5121285597078968, 0.7119023884188249, -0.9052121099926933, 0.47237161119917653]",28.540365151142666,0.2390147592327038
"[0.5121095909792654, 0.7118894492831624, -0.9052084238551307, 0.4723842216756771]",28.540296634280672,0.23907759171410042
"[0.512090626610871, 0.7118765153909159, -0.9052047386677649, 0.47239682720093584]",28.540228150467307,0.239140424195497
"[0.5120716654182778, 0.7118635859323932, -0.9052010542004694, 0.47240942856396145]",28.540159689310908,0.23920325667689363
"[0.512052710843343, 0.711850663252285, -0.9051973711220679, 0.47242202347940376]",28.540091277992843,0.23926608915829023
"[0.5120337597668918, 0.7118377452216904, -0.905193688826484, 0.4724346140220066]",28.54002289546898,0.2393289216396868
"[0.5120148144055133, 0.7118248333493787, -0.9051900077444326, 0.4724471987211003]",28.53995455654751,0.23939175412108343
"[0.5119958717984913, 0.7118119256154882, -0.9051863273006722, 0.47245977954522483]",28.539886235385534,0.23945458660248004
"[0.5119769335388372, 0.7117990231037229, -0.9051826478047531, 0.47247235543799965]",28.53981795037405,0.23951741908387666
"[0.5119580005348364, 0.7117861264306544, -0.9051789694331619, 0.47248492579830764]",28.539749702512573,0.23958025156527327
"[0.5119390727941006, 0.7117732355990672, -0.9051752921873856, 0.4724974906232677]",28.53968149529041,0.2396430840466699
"[0.5119201480832136, 0.7117603490858755, -0.9051716156335472, 0.47251005139731067]",28.539613311119492,0.23970591652806647
"[0.5119012294101724, 0.7117474689371981, -0.9051679403560383, 0.47252260612589003]",28.53954517335237,0.2397687490094631
"[0.5118823139239024, 0.7117345932098089, -0.9051642658010075, 0.47253515670298674]",28.539477058448142,0.2398315814908597
"[0.5118634037201333, 0.7117217233282355, -0.9051605923756001, 0.472547701739907]",28.53940898671701,0.23989441397225633
"[0.5118444967062721, 0.7117088578662782, -0.9051569196733409, 0.4725602426267117]",28.539340937485427,0.23995724645365293
"[0.5118255961137261, 0.7116959990205451, -0.9051532483219489, 0.47257277722205676]",28.539272934926352,0.24002007893504956
"[0.5118066988530265, 0.7116831446868892, -0.9051495777213235, 0.47258530757687445]",28.539204958916294,0.24008291141644614
"[0.5117878064032017, 0.7116702958694173, -0.9051459081587773, 0.47259783271222927]",28.539137022259727,0.24014574389784277
"[0.511768918314357, 0.7116574522600024, -0.9051422395469441, 0.4726103529283384]",28.53906911310341,0.24020857637923937
"[0.5117500345590141, 0.711644613837906, -0.905138571880509, 0.4726228682452749]",28.539001240616145,0.240271408860636
"[0.5117311553332651, 0.7116317807343363, -0.9051349051975787, 0.4726353785349896]",28.538933402468682,0.24033424134203257
"[0.5117122805831097, 0.7116189529104893, -0.9051312394876845, 0.47264788383516304]",28.538865595264657,0.2403970738234292
"[0.5116934090662801, 0.7116061295202034, -0.905127574509592, 0.47266038497055285]",28.538797816196595,0.2404599063048258
"[0.5116745431365808, 0.7115933121608119, -0.9051239107204485, 0.47267288038382366]",28.538730075371937,0.24052273878622243
"[0.5116556833203757, 0.7115805011873555, -0.9051202482224694, 0.4726853697286728]",28.538662383196513,0.24058557126761904
"[0.5116368262630971, 0.7115676943190735, -0.9051165863642329, 0.47269785522845625]",28.5385947153937,0.24064840374901567
"[0.5116179737066244, 0.7115548927371713, -0.9051129254840278, 0.47271033573148574]",28.5385270767906,0.24071123623041224
"[0.5115991260464537, 0.7115420967080328, -0.905109265658669, 0.4727228109779075]",28.538459477815298,0.24077406871180887
"[0.5115802818161154, 0.7115293052340599, -0.9051056066034225, 0.47273528194017367]",28.53839190411754,0.24083690119320547
"[0.5115614412256886, 0.7115165184560911, -0.9051019483591148, 0.47274774848085355]",28.538324355476473,0.2408997336746021
"[0.5115426067616283, 0.7115037380594053, -0.905098291408548, 0.47276020895671944]",28.538256857193804,0.2409625661559987
"[0.5115237770515296, 0.7114909631103025, -0.9050946354852553, 0.4727726642779304]",28.538189392886697,0.24102539863739533
"[0.5115049522833577, 0.7114781937340867, -0.905090980625743, 0.47278511432216314]",28.538121967936775,0.2410882311187919
"[0.5114861300691619, 0.7114654283091195, -0.9050873263664174, 0.4727975606703756]",28.538054557629476,0.24115106360018854
"[0.5114673128125409, 0.7114526684636898, -0.9050836731739587, 0.4728100017348536]",28.537987189843154,0.24121389608158514
"[0.5114485005619585, 0.7114399142284191, -0.9050800210577841, 0.47282243748558134]",28.537919860401395,0.2412767285629817
"[0.5114296916809165, 0.7114271644918125, -0.9050763697002152, 0.47283486900616234]",28.537852554524413,0.24133956104437834
"[0.5114108876333723, 0.7114144202442744, -0.9050727193854732, 0.472847295330776]",28.537785283658753,0.24140239352577494
"[0.5113920883234216, 0.711401681418609, -0.9050690700949533, 0.4728597165247895]",28.53771804896573,0.24146522600717157
"[0.5113732925265746, 0.7113889471831236, -0.905065421590983, 0.4728721333990225]",28.537650842820042,0.24152805848856818
"[0.5113545027529036, 0.7113762192362193, -0.9050617743608118, 0.4728845442972495]",28.537583681401863,0.2415908909699648
"[0.5113357160094428, 0.711363495548406, -0.9050581278235, 0.4728969511982612]",28.537516544227575,0.24165372345136138
"[0.5113169343149117, 0.7113507774849702, -0.9050544823709089, 0.4729093527706299]",28.537449444032124,0.241716555932758
"[0.5112981568106076, 0.711338064462322, -0.9050508378363822, 0.47292174958327454]",28.53738237667789,0.2417793884141546
"[0.511279383342617, 0.7113253563743053, -0.9050471941900693, 0.4729341417395764]",28.53731533687104,0.24184222089555124
"[0.5112606150404052, 0.7113126539833569, -0.9050435516511974, 0.4729465284959056]",28.537248339168396,0.24190505337694782
"[0.5112418514560267, 0.7112999569840744, -0.9050399101328387, 0.47295891014992014]",28.537181378138865,0.24196788585834447
"[0.5112230908476314, 0.7112872641959272, -0.9050362692969722, 0.4729712878527029]",28.53711443576792,0.24203071833974105
"[0.5112043356008067, 0.7112745772309612, -0.9050326296065863, 0.47298366003208886]",28.537047537945902,0.24209355082113768
"[0.5111855840639001, 0.711261894969829, -0.9050289907411726, 0.472996027779507]",28.53698066611976,0.24215638330253428
"[0.5111668367094607, 0.7112492177302493, -0.905025352792457, 0.4730083907849873]",28.536913828529915,0.2422192157839309
"[0.5111480947132456, 0.7112365463051191, -0.9050217159886079, 0.4730207482751353]",28.536847028751737,0.24228204826532748
"[0.5111293558550479, 0.7112238791913754, -0.905018079898824, 0.4730331017156378]",28.536780251167894,0.2423448807467241
"[0.5111106229184469, 0.7112112182685846, -0.9050144450632451, 0.47304544927332676]",28.53671352276457,0.2424077132281207
"[0.511091892531277, 0.7111985612556431, -0.9050108108275756, 0.4730577931727093]",28.536646810502084,0.24247054570951734
"[0.5110731684642388, 0.711185910698549, -0.9050071779234551, 0.4730701309306284]",28.536580147040677,0.24253337819091395
"[0.5110544477994858, 0.711173264623715, -0.9050035457847637, 0.4730824644717205]",28.536513511380164,0.24259621067231057
"[0.5110357300404993, 0.7111606226941466, -0.904999914315205, 0.47309479412453914]",28.53644689712212,0.24265904315370715
"[0.511017018460656, 0.7111479871185943, -0.904996284149867, 0.47310711773474956]",28.536380326055227,0.24272187563510378
"[0.5109983115386687, 0.7111353568673746, -0.9049926549936098, 0.4731194363064467]",28.536313793746285,0.24278470811650038
"[0.5109796071638302, 0.7111227305136697, -0.9049890264369841, 0.4731317512311159]",28.53624727816167,0.242847540597897
"[0.5109609086741997, 0.7111101103088605, -0.9049853991275767, 0.4731440603127707]",28.53618081068411,0.24291037307929358
"[0.5109422142877779, 0.7110974950479892, -0.9049817727197037, 0.473156364726507]",28.536114370099874,0.24297320556069021
"[0.5109235242637711, 0.7110848849040124, -0.9049781472636657, 0.47316866430349297]",28.536047964594985,0.24303603804208682
"[0.5109048380143902, 0.7110722794784398, -0.9049745226454656, 0.47318095943227173]",28.53598159098452,0.24309887052348342
"[0.510886156506512, 0.7110596794215363, -0.9049708990526693, 0.47319324947844776]",28.53591524811384,0.24316170300488005
"[0.5108674787287902, 0.7110470840492233, -0.9049672762891269, 0.4732055351091316]",28.53584893411586,0.24322453548627662
"[0.5108488049086474, 0.7110344935130362, -0.9049636543989743, 0.4732178161763876]",28.535782655036666,0.24328736796767325
"[0.5108301382820648, 0.711021909992361, -0.9049600340098432, 0.47323009055422727]",28.535716425702756,0.24335020044906985
"[0.5108114726685444, 0.711009329318896, -0.9049564139230473, 0.47324236230841554]",28.53565020612794,0.24341303293046648
"[0.5107928129007147, 0.7109967547481683, -0.9049527950758776, 0.47325462826324804]",28.53558403112933,0.24347586541186306
"[0.5107741566998644, 0.7109841847424644, -0.9049491770264142, 0.47326688991854976]",28.5355178809209,0.24353869789325971
"[0.5107555059865853, 0.7109716205937676, -0.9049455601471351, 0.47327914601388715]",28.535451774608845,0.2436015303746563
"[0.5107368573277217, 0.7109590599875227, -0.9049419437722841, 0.4732913988069406]",28.535385681971157,0.24366436285605292
"[0.5107182149229352, 0.7109465057504422, -0.9049383287162835, 0.4733036455401356]",28.535319638519084,0.24372719533744952
"[0.5106995767513489, 0.7109339565193178, -0.9049347145872539, 0.4733158875431285]",28.53525362747519,0.24379002781884615
"[0.5106809414997329, 0.7109214114082246, -0.9049311011305746, 0.4733281256800342]",28.535187634552916,0.24385286030024272
"[0.5106623127391021, 0.7109088728190224, -0.9049274890386905, 0.47334035760761894]",28.53512169689599,0.24391569278163935
"[0.5106436856633219, 0.7108963375149205, -0.904923877379717, 0.4733525864833761]",28.535055765662793,0.24397852526303596
"[0.5106250646037447, 0.7108838084089416, -0.9049202669934963, 0.47336480946536597]",28.534989882895616,0.24404135774443259
"[0.5106064470930032, 0.7108712838387938, -0.9049166574016447, 0.47337702817511607]",28.534924024740082,0.2441041902258292
"[0.5105878346788483, 0.7108587648437149, -0.9049130489042577, 0.47338924159862955]",28.534858211784663,0.24416702270722582
"[0.510569226846836, 0.7108462510755367, -0.9049094414016022, 0.4734014500754245]",28.5347924285208,0.2442298551886224
"[0.510550621884002, 0.7108337413805257, -0.9049058345616104, 0.47341365473096464]",28.53472666809496,0.24429268767001902
"[0.5105320215094997, 0.7108212369128545, -0.9049022287175905, 0.47342585443909657]",28.534660941748204,0.24435552015141562
"[0.5105134262403418, 0.7108087380179177, -0.9048986239697749, 0.47343804886269475]",28.53459525434124,0.24441835263281225
"[0.5104948346082577, 0.7107962437068559, -0.9048950200335484, 0.47345023896638866]",28.534529597172952,0.24448118511420883
"[0.5104762486797053, 0.7107837553663138, -0.9048914173094964, 0.4734624233971495]",28.534463977423105,0.24454401759560548
"[0.5104576650949857, 0.710771270736964, -0.904887815146389, 0.4734746043591923]",28.53439837916718,0.24460685007700206
"[0.510439086042783, 0.7107587912875315, -0.9048842139685005, 0.47348678041939957]",28.534332815597203,0.2446696825583987
"[0.510420510194398, 0.710746316123715, -0.9048806135183113, 0.473498952450206]",28.534267274502614,0.2447325150397953
"[0.5104019417638817, 0.7107338480732964, -0.904877014612603, 0.47351111769237764]",28.534201792283582,0.24479534752119192
"[0.5103833753445199, 0.7107213835037597, -0.9048734162034604, 0.47352327969006275]",28.534136321679153,0.2448581800025885
"[0.5103648133433638, 0.7107089240294953, -0.9048698187574344, 0.4735354368679483]",28.53407088666682,0.2449210124839851
"[0.5103462541774979, 0.71069646858628, -0.9048662219677699, 0.4735475902643165]",28.53400547629181,0.24498384496538173
"[0.5103277025007753, 0.7106840202951644, -0.9048626267363878, 0.4735597368336447]",28.533940117655945,0.2450466774467783
"[0.5103091531242087, 0.7106715756721523, -0.9048590320576896, 0.4735718799753324]",28.533874778998133,0.24510950992817496
"[0.5102906080891122, 0.7106591360851344, -0.9048554383272905, 0.4735840183545144]",28.533809472118886,0.24517234240957153
"[0.5102720675128465, 0.7106467016108534, -0.9048518455679457, 0.4735961518961668]",28.533744198067076,0.24523517489096816
"[0.5102535313241655, 0.7106342721995401, -0.9048482537658596, 0.4736082806487144]",28.53367895660625,0.24529800737236476
"[0.5102349981430342, 0.7106218469240775, -0.904844662653643, 0.47362040551672624]",28.5336137409627,0.2453608398537614
"[0.5102164717307812, 0.7106094283040444, -0.9048410729601182, 0.4736325240413882]",28.53354857606945,0.24542367233515797
"[0.5101979471680544, 0.7105970130399578, -0.9048374837321208, 0.47364463944231483]",28.53348342549142,0.2454865048165546
"[0.5101794287692328, 0.7105846040214995, -0.9048338958056009, 0.47365674889948844]",28.533418319043733,0.2455493372979512
"[0.5101609138003974, 0.7105721994145847, -0.9048303086508676, 0.47366885420256943]",28.533353240984265,0.24561216977934783
"[0.5101424001525086, 0.7105597978049254, -0.904826721859354, 0.47368095673163185]",28.533288172400244,0.24567500226074443
"[0.5101238949441947, 0.7105474039588954, -0.9048231368102091, 0.4736930518350986]",28.533223166155356,0.24573783474214106
"[0.5101053922514813, 0.7105350139065818, -0.9048195523557621, 0.47370514338702546]",28.533158182009114,0.24580066722353763
"[0.510086893538645, 0.7105226286269325, -0.9048159687797112, 0.4737172304319397]",28.533093226591184,0.24586349970493426
"[0.5100684001149928, 0.7105102489945191, -0.9048123863357025, 0.47372931211618396]",28.53302831153679,0.24592633218633086
"[0.5100499091394382, 0.7104978731057098, -0.9048088044733957, 0.47374139029744883]",28.532963413430014,0.2459891646677275
"[0.5100314238893456, 0.7104855031521697, -0.9048052238276599, 0.47375346283665926]",28.532898559477317,0.24605199714912407
"[0.5100129421915366, 0.7104731376775951, -0.9048016439775505, 0.47376553115496156]",28.532833732202302,0.24611482963052073
"[0.5099944646868443, 0.7104607771089753, -0.9047980650472134, 0.4737775948355]",28.53276893971566,0.2461776621119173
"[0.509975990993105, 0.7104484211888313, -0.9047944869626435, 0.4737896541294418]",28.532704171381106,0.24624049459331393
"[0.5099575230097488, 0.7104360711854938, -0.904790910091736, 0.473801707798757]",28.532639448076683,0.24630332707471053
"[0.5099390558478166, 0.7104237238280204, -0.9047873334876287, 0.4738137590357923]",28.532574732681457,0.24636615955610716
"[0.5099205970522374, 0.7104113841590165, -0.9047837586115817, 0.4738258029187334]",28.532510080366936,0.24642899203750374
"[0.5099021391663494, 0.7103990471916758, -0.9047801840194847, 0.4738378443147073]",28.53244543121692,0.24649182451890037
"[0.5098836881459652, 0.7103867169049922, -0.9047766108647703, 0.4738498793399239]",28.53238083825513,0.24655465700029697
"[0.5098652389345989, 0.7103743899179337, -0.9047730381682284, 0.47386191129431593]",28.53231625834621,0.2466174894816936
"[0.5098467956578533, 0.7103620689852777, -0.9047694667288019, 0.47387393748891377]",28.53225172079077,0.2466803219630902
"[0.5098283538068965, 0.7103497510932183, -0.9047658956734014, 0.47388596086530677]",28.53218719644995,0.24674315444448677
"[0.509809917873453, 0.7103374392402136, -0.9047623258718197, 0.4738979784966088]",28.532122717379895,0.2468059869258834
"[0.5097914881651681, 0.7103251336292005, -0.9047587573836067, 0.47390999018455393]",28.532058285426682,0.24686881940728
"[0.5097730601652889, 0.7103128312425183, -0.9047551893342125, 0.473921998874598]",28.531993864659558,0.24693165188867663
"[0.5097546366104485, 0.7103005339056233, -0.9047516222535393, 0.473934002784758]",28.53192947829168,0.2469944843700732
"[0.5097362184810265, 0.7102882422707721, -0.9047480563314015, 0.4739460012781905]",28.531865135199542,0.24705731685146984
"[0.509717801892478, 0.7102759537439164, -0.9047444908157398, 0.47395799688696305]",28.53180080009617,0.24712014933286644
"[0.5096993907799585, 0.7102636709491603, -0.9047409264684366, 0.4739699870494053]",28.53173650703372,0.24718298181426307
"[0.5096809844805525, 0.7102513934420515, -0.9047373631611488, 0.4739819721992252]",28.53167225288827,0.24724581429565967
"[0.5096625823665928, 0.7102391208019444, -0.9047338007723703, 0.4739939527469118]",28.531608029726023,0.2473086467770563
"[0.5096441834855595, 0.7102268523918839, -0.9047302391177272, 0.47400592931413993]",28.53154382995498,0.24737147925845288
"[0.5096257898711913, 0.7102145895660946, -0.9047266785909199, 0.4740179005787641]",28.53147966977316,0.2474343117398495
"[0.5096073989896983, 0.7102023306334873, -0.9047231187014878, 0.4740298681915414]",28.53141553104044,0.2474971442212461
"[0.5095890122243827, 0.7101900765145686, -0.9047195597172176, 0.474041831253724]",28.531351421679783,0.24755997670264274
"[0.5095706293531189, 0.7101778270594858, -0.9047160015951288, 0.47405378991147784]",28.531287345811037,0.2476228091840393
"[0.5095522546487944, 0.7101655851129999, -0.904712445162244, 0.47406574138739943]",28.531223329557008,0.24768564166543597
"[0.5095338796941301, 0.7101533450654068, -0.9047088887894097, 0.4740776911579614]",28.531159311807386,0.24774847414683254
"[0.5095155108294935, 0.7101411111387618, -0.9047053337038024, 0.4740896351011352]",28.531095337362302,0.24781130662822917
"[0.5094971431482442, 0.7101288800634986, -0.9047017789558179, 0.47410157640886874]",28.531031376766695,0.24787413910962577
"[0.5094787831591107, 0.7101166561718507, -0.9046982258051138, 0.4741135108514264]",28.530967470709392,0.2479369715910224
"[0.50946042551166, 0.71010443589942, -0.9046946732162331, 0.4741254419086532]",28.530903584258866,0.24799980407241898
"[0.5094420716394683, 0.7100922201990265, -0.9046911214666341, 0.4741373686501741]",28.530839726544794,0.2480626365538156
"[0.5094237256482808, 0.7100800118009121, -0.9046875713508197, 0.4741492884101595]",28.530775926798224,0.2481254690352122
"[0.5094053791169215, 0.7100678050994941, -0.9046840212392352, 0.4741612066615417]",28.5307121247975,0.24818830151660884
"[0.5093870372945921, 0.7100556035861321, -0.9046804721476652, 0.4741731199953838]",28.53064835765731,0.24825113399800544
"[0.5093687004140239, 0.7100434074135885, -0.9046769241211405, 0.4741850282623835]",28.530584628668684,0.24831396647940207
"[0.5093503691024622, 0.7100312169968427, -0.9046733772810185, 0.47419693105720045]",28.53052093947149,0.24837679896079864
"[0.5093320387759935, 0.7100190292860274, -0.9046698307404045, 0.47420883135763314]",28.53045726156985,0.24843963144219527
"[0.5093137149172327, 0.7100068479248018, -0.904666285560089, 0.4742207256058271]",28.53039363128567,0.24850246392359188
"[0.5092953942653851, 0.7099946707433857, -0.9046627411091923, 0.4742326159202738]",28.530330023180046,0.24856529640498845
"[0.5092770768916816, 0.7099824977875976, -0.9046591974015216, 0.4742445022561256]",28.53026643961521,0.24862812888638508
"[0.5092587665034456, 0.7099703315190001, -0.9046556551542935, 0.47425638220962496]",28.530202911558547,0.24869096136778168
"[0.5092404566607083, 0.709958167656886, -0.9046521131216759, 0.4742682599606178]",28.530139386899563,0.2487537938491783
"[0.5092221525179945, 0.7099460096240962, -0.9046485723008384, 0.4742801321666676]",28.530075905840405,0.2488166263305749
"[0.509203853314989, 0.7099338569133912, -0.9046450325446908, 0.4742919993229304]",28.530012462742988,0.24887945881197154
"[0.5091855578690063, 0.7099217087374425, -0.9046414936244624, 0.47430386219809983]",28.529949045498007,0.24894229129336812
"[0.509167265573186, 0.7099095646917046, -0.9046379554227895, 0.47431572118710735]",28.529885653162054,0.24900512377476475
"[0.5091489781737552, 0.7098974259336851, -0.9046344182774481, 0.47432757515948815]",28.5298223002177,0.24906795625616135
"[0.5091306945564326, 0.7098852917218712, -0.9046308819729199, 0.47433942483922426]",28.52975897276452,0.24913078873755798
"[0.5091124166776375, 0.7098731633526417, -0.9046273468876013, 0.4743512689601899]",28.529695690557368,0.24919362121895455
"[0.509094140037199, 0.709861037838287, -0.9046238121511442, 0.4743631104399594]",28.52963241579357,0.2492564537003512
"[0.5090758668142439, 0.7098489166233204, -0.9046202781850373, 0.47437494786777024]",28.529569171616092,0.24931928618174778
"[0.5090575991735565, 0.7098368011417767, -0.9046167454079433, 0.4743867798430232]",28.529505963052703,0.24938211866314441
"[0.5090393356658767, 0.709824690430421, -0.9046132135395855, 0.4743986073062665]",28.52944279067115,0.24944495114454102
"[0.5090210768929638, 0.7098125848863754, -0.904609682696337, 0.4744104298695297]",28.52937965221304,0.24950778362593765
"[0.509002823021918, 0.7098004846183831, -0.9046061529105084, 0.4744222474264654]",28.52931655243245,0.24957061610733422
"[0.5089845695631389, 0.7097883866490288, -0.9046026233139716, 0.4744340628848309]",28.52925345375029,0.24963344858873085
"[0.5089663224698251, 0.7097762949223927, -0.9045990950578935, 0.47444587239253605]",28.529190405296145,0.24969628107012745
"[0.5089480783278856, 0.70976420717409, -0.9045955674821249, 0.47445767816097417]",28.529127377343087,0.24975911355152408
"[0.5089298404227527, 0.7097521255789386, -0.9045920412219165, 0.47446947806592005]",28.529064395863212,0.24982194603292068
"[0.508911604361315, 0.7097400472249732, -0.9045885154278793, 0.4744812749513183]",28.529001431347602,0.2498847785143173
"[0.5088933729924207, 0.709727973997566, -0.9045849906508379, 0.4744930669756241]",28.52893850145234,0.2499476109957139
"[0.5088751459469983, 0.7097159056503808, -0.9045814668194387, 0.4745048543792979]",28.52887560188089,0.25001044347711054
"[0.5088569224781206, 0.7097038416871252, -0.9045779437892897, 0.4745166376469542]",28.528812729133644,0.2500732759585071
"[0.508838704144933, 0.7096917831380816, -0.9045744218618132, 0.4745284157721485]",28.5287499007308,0.25013610843990375
"[0.5088204881553888, 0.7096797281535528, -0.9045709004972726, 0.4745401905614428]",28.52868708601153,0.25019894092130035
"[0.5088022777462382, 0.7096676788738022, -0.90456738032138, 0.47455195992419663]",28.528624317629173,0.25026177340269695
"[0.5087840699380134, 0.7096556333256342, -0.9045638607581944, 0.47456372578763734]",28.528561563878878,0.25032460588409355
"[0.5087658664125199, 0.709643592620096, -0.9045603421328279, 0.4745754870664029]",28.528498842468192,0.25038743836549016
"[0.5087476660023236, 0.7096315559833247, -0.9045568242196386, 0.47458724451627954]",28.52843614851221,0.25045027084688676
"[0.508729471601685, 0.7096195253274736, -0.90455330757805, 0.47459899626932733]",28.52837349737458,0.25051310332828336
"[0.5087112792369101, 0.7096074980232743, -0.9045497914400281, 0.47461074489373434]",28.528310863723387,0.25057593580968
"[0.5086930938745401, 0.7095954773522682, -0.9045462767654848, 0.47462248718385686]",28.528248281179923,0.25063876829107656
"[0.508674910530881, 0.7095834600182821, -0.9045427625912227, 0.4746342263593966]",28.52818571437452,0.2507016007724732
"[0.5086567309052233, 0.7095714471429987, -0.9045392492456823, 0.4746459613245349]",28.52812317582928,0.2507644332538698
"[0.5086385572256492, 0.7095594401966869, -0.9045357371594511, 0.474657690642872]",28.528060683586343,0.2508272657352664
"[0.5086203842124117, 0.7095474356896216, -0.9045322253122317, 0.4746694177233335]",28.527998194912,0.250890098216663
"[0.5086022190018524, 0.7095354383340171, -0.9045287150830918, 0.47468113796247535]",28.527935765817315,0.2509529306980597
"[0.5085840536383723, 0.709523442873845, -0.9045252049347114, 0.4746928564948005]",28.527873334316375,0.25101576317945623
"[0.5085658949860609, 0.7095114538402992, -0.9045216961934801, 0.47470456889361384]",28.527810954520174,0.2510785956608529
"[0.5085477401179802, 0.7094994692987467, -0.9045181882938197, 0.47471627704875446]",28.527748603524056,0.2511414281422495
"[0.5085295880910891, 0.709487488625144, -0.9045146810535362, 0.47472798156976614]",28.527686275165138,0.2512042606236461
"[0.5085114416259371, 0.7094755136133034, -0.9045111749982843, 0.474739680704053]",28.52762398760057,0.2512670931050427
"[0.5084932979757237, 0.7094635424487876, -0.9045076695973621, 0.47475137622412283]",28.52756172183455,0.25132992558643935
"[0.5084751579129295, 0.7094515756398004, -0.9045041650000383, 0.4747630676333681]",28.52749948139683,0.2513927580678359
"[0.5084570236556756, 0.7094396146476528, -0.9045006616348402, 0.4747747535039665]",28.527437288816078,0.25145559054923255
"[0.5084388925299802, 0.7094276577067503, -0.9044971589851798, 0.4747864355607648]",28.527375117353078,0.25151842303062916
"[0.5084207630706735, 0.7094157038496489, -0.9044936567680459, 0.4747981147488796]",28.527312956765666,0.25158125551202576
"[0.5084026399459979, 0.709403756152673, -0.9044901558852484, 0.47480978806254803]",28.527250847971168,0.25164408799342236
"[0.5083845196219889, 0.7093918122841331, -0.9044866556541212, 0.47482145777977336]",28.527188759771445,0.25170692047481896
"[0.5083664051717977, 0.7093798742678314, -0.9044831566682936, 0.47483312192307353]",28.527126712284232,0.25176975295621556
"[0.5083482939828743, 0.7093679403800969, -0.9044796584231221, 0.4748447821764388]",28.527064695063288,0.2518325854376122
"[0.5083301849586108, 0.7093560098970422, -0.9044761607068237, 0.47485643924706433]",28.527002688161257,0.2518954179190088
"[0.5083120816225292, 0.70934408513831, -0.9044726641999665, 0.47486809086834436]",28.52694072956788,0.2519582504004054
"[0.5082939826106795, 0.7093321652034044, -0.9044691686391035, 0.47487973792000066]",28.526878800295556,0.252021082881802
"[0.5082758846732579, 0.7093202479507191, -0.9044656733966131, 0.474891382494518]",28.52681688127715,0.25208391536319863
"[0.5082577947382607, 0.7093083379403464, -0.904462179810491, 0.47490302013600677]",28.526755020822435,0.25214674784459523
"[0.5082397063329307, 0.7092964309087902, -0.9044586866306905, 0.47491465501031926]",28.5266931740791,0.2522095803259919
"[0.5082216216430228, 0.7092845282935981, -0.9044551942793491, 0.4749262857126738]",28.526631354298562,0.25227241280738844
"[0.5082035416252415, 0.709272630722648, -0.9044517029412205, 0.47493791162940746]",28.526569571784563,0.25233524528878504
"[0.508185464180963, 0.7092607368133408, -0.904448212211063, 0.4749495341114362]",28.526507805790736,0.2523980777701817
"[0.5081673927603269, 0.7092488488338521, -0.9044447227550944, 0.47496115094221414]",28.526446089241592,0.2524609102515783
"[0.5081493245998384, 0.709236964964335, -0.9044412340396989, 0.4749727638999412]",28.52638439281058,0.2525237427329749
"[0.5081312598236645, 0.7092250852849611, -0.9044377460888701, 0.47498437290616513]",28.526322725546336,0.2525865752143715
"[0.5081131987568598, 0.7092132100079247, -0.9044342589653837, 0.4749959777534133]",28.52626108806187,0.2526494076957681
"[0.5080951428655686, 0.7092013400953621, -0.9044307729523113, 0.47500757750132533]",28.52619948354547,0.2527122401771647
"[0.5080770885543904, 0.7091894731821555, -0.9044272873555137, 0.4750191744610792]",28.526137894267908,0.25277507265856136
"[0.5080590419756187, 0.7091776133102157, -0.9044238033627571, 0.47503076468257127]",28.526076363393727,0.2528379051399579
"[0.5080409953436845, 0.7091657553613533, -0.9044203194710018, 0.4750423531675022]",28.526014829997603,0.25290073762135457
"[0.508022954063521, 0.7091539028857362, -0.9044168367236975, 0.47505393644628724]",28.525953339636484,0.25296357010275117
"[0.5080049180088816, 0.7091420557982777, -0.9044133550964547, 0.47506551460192775]",28.52589188963335,0.25302640258414777
"[0.5079868835376963, 0.7091302117051653, -0.9044098738862348, 0.47507708997378517]",28.525830454453963,0.25308923506554437
"[0.507968854150614, 0.7091183729039433, -0.9044063937687885, 0.4750886603163352]",28.525769049039408,0.25315206754694103
"[0.5079508279733357, 0.7091065381621183, -0.904402914382332, 0.4751002268339959]",28.525707674243936,0.2532149000283376
"[0.5079328056676119, 0.7090947079125938, -0.9043994358546084, 0.4751117891035625]",28.52564632804764,0.25327773250973423
"[0.5079147898461884, 0.7090828838683462, -0.9043959586898934, 0.4751233454507101]",28.525585031267283,0.25334056499113083
"[0.5078967762475426, 0.7090710632306564, -0.9043924820656845, 0.4751348986106625]",28.525523748853036,0.25340339747252744
"[0.5078787654231327, 0.7090592463601809, -0.9043890060884456, 0.47514644823083674]",28.52546248965875,0.25346622995392404
"[0.5078607591098778, 0.7090474343949218, -0.9043855310934021, 0.4751579931988528]",28.5254012649122,0.2535290624353207
"[0.5078427579719861, 0.7090356277686186, -0.9043820572087268, 0.4751695330906321]",28.5253400773243,0.25359189491671724
"[0.5078247593718803, 0.7090238247496772, -0.9043785839254234, 0.4751810695985293]",28.5252789070631,0.2536547273981139
"[0.5078067645534374, 0.7090120261523728, -0.9043751114835487, 0.4751926019265514]",28.52521777148584,0.2537175598795105
"[0.5077887742426659, 0.709000232450979, -0.9043716400232011, 0.47520412961100245]",28.525156667915734,0.2537803923609071
"[0.507770787331608, 0.7089884429174828, -0.904368169330591, 0.4752156533633523]",28.52509558642374,0.2538432248423037
"[0.5077528053599561, 0.7089766585593249, -0.9043646997028127, 0.47522717219874455]",28.52503454655268,0.25390605732370036
"[0.5077348243706683, 0.7089648767819255, -0.904361230376377, 0.4752386886531999]",28.524973512306335,0.2539688898050969
"[0.5077168501704958, 0.708953101388416, -0.9043577624716677, 0.47525019900911286]",28.524912528849132,0.25403172228649357
"[0.5076988782465875, 0.7089413294204384, -0.9043542951179784, 0.4752617061581201]",28.524851565129726,0.25409455476789017
"[0.5076809104890538, 0.7089295621146077, -0.9043508286799894, 0.47527320889132035]",28.524790633032,0.2541573872492867
"[0.5076629481161056, 0.708917800266807, -0.9043473633927138, 0.47528470643058357]",28.52472973909093,0.25422021973068337
"[0.5076449877038826, 0.7089060416334896, -0.9043438985956315, 0.4752962009689256]",28.524668858808575,0.25428305221208
"[0.5076270322195263, 0.7088942881557263, -0.904340434861157, 0.47530769060876144]",28.524608016507795,0.2543458846934766
"[0.5076090800245687, 0.7088825387592649, -0.9043369718732197, 0.4753191764001044]",28.524547202555922,0.2544087171748732
"[0.5075911307600144, 0.7088707932077516, -0.9043335095625885, 0.47533065857390294]",28.524486411467294,0.25447154965626984
"[0.5075731876051225, 0.7088590535797594, -0.9043300485425172, 0.475342135098059]",28.524425660339833,0.2545343821376664
"[0.5075552466486419, 0.7088473173145466, -0.9043265880585728, 0.47535360847579755]",28.524364931676182,0.25459721461906304
"[0.5075373096165577, 0.7088355855398022, -0.9043231284436859, 0.47536507760458907]",28.524304229598442,0.25466004710045964
"[0.5075193784987583, 0.7088238595550393, -0.9043196700816429, 0.47537654121386935]",28.524243574280547,0.25472287958185624
"[0.5075014485320695, 0.7088121362438665, -0.904316212053785, 0.4753880023501873]",28.524182925111987,0.25478571206325284
"[0.5074835227182752, 0.7088004175677176, -0.9043127549390731, 0.47539945909588305]",28.524122310794304,0.25484854454464945
"[0.507465601068065, 0.7087887035318491, -0.9043092987395681, 0.47541091144569186]",28.524061724661568,0.25491137702604605
"[0.5074476836569549, 0.7087769941838756, -0.9043058434698314, 0.4754223593529355]",28.524001173161754,0.2549742095074427
"[0.5074297693236072, 0.7087652887632725, -0.9043023889059145, 0.4754338035610438]",28.523940643772168,0.2550370419888393
"[0.5074118597941838, 0.7087535883962733, -0.9042989353806897, 0.4754452429687948]",28.523880152114998,0.2550998744702359
"[0.507393954318786, 0.7087418925911522, -0.904295482749547, 0.47545667805681535]",28.52381968891113,0.2551627069516325
"[0.5073760518863436, 0.7087302006859499, -0.9042920308175358, 0.4754681094721967]",28.523759252431326,0.2552255394330291
"[0.507358152034296, 0.7087185123772751, -0.9042885794954907, 0.4754795375114768]",28.523698830196977,0.2552883719144257
"[0.5073402584235951, 0.7087068300538685, -0.9042851294892836, 0.47549095983897455]",28.52363845691604,0.2553512043958224
"[0.507322367631519, 0.708695151479264, -0.904281680138983, 0.475502378641248]",28.523578109606873,0.2554140368772189
"[0.5073044815657017, 0.7086834778971146, -0.9042782318123864, 0.475513792702191]",28.52351779134271,0.2554768693586156
"[0.5072865984128305, 0.7086718081223216, -0.9042747841599031, 0.47552520318043756]",28.52345750025889,0.2555397018400122
"[0.5072687190886717, 0.7086601427510059, -0.9042713373580944, 0.4755366094930056]",28.523397236048332,0.2556025343214088
"[0.5072508422597714, 0.7086484809117516, -0.9042678911499128, 0.4755480124918568]",28.523336993442857,0.2556653668028054
"[0.5072329707283906, 0.7086368244309633, -0.9042644460755668, 0.4755594103910048]",28.52327678793252,0.25572819928420204
"[0.5072151013616276, 0.7086251712636601, -0.9042610015311368, 0.47557080518995126]",28.52321659554217,0.2557910317655986
"[0.5071972393930366, 0.7086135248208923, -0.9042575585254415, 0.47558219355313314]",28.523156464673885,0.25585386424699524
"[0.5071793779278172, 0.7086018806054274, -0.9042541157294679, 0.4755935798780065]",28.52309633633175,0.25591669672839185
"[0.5071615208434518, 0.708590241143901, -0.90425067389063, 0.47560496169380884]",28.52303623865076,0.25597952920978845
"[0.5071436678611833, 0.7085786062528742, -0.9042472329551946, 0.4756163391797919]",28.52297617688235,0.25604236169118505
"[0.5071258181627832, 0.7085669753975378, -0.904243792765466, 0.4756277128588184]",28.52291613471935,0.25610519417258165
"[0.5071079730083901, 0.7085553493973622, -0.904240353564313, 0.475639081929418]",28.52285613145853,0.25616802665397825
"[0.5070901326265648, 0.7085437283993842, -0.9042369153957729, 0.4756504462476669]",28.52279616339529,0.25623085913537486
"[0.5070722941693281, 0.7085321105470114, -0.9042334777110003, 0.4756618076290439]",28.52273620753036,0.2562936916167715
"[0.5070544609278044, 0.7085204979821708, -0.9042300411442431, 0.4756731639787949]",28.522676293797815,0.25635652409816806
"[0.5070366304548711, 0.7085088891096994, -0.9042266052239264, 0.47568451685676655]",28.52261639839979,0.2564193565795647
"[0.5070188018057568, 0.7084972833133714, -0.904223169768026, 0.4756958668655148]",28.522556517062164,0.2564821890609613
"[0.5070009809276557, 0.708485684462681, -0.9042197359225094, 0.47570721022068707]",28.522496696408737,0.2565450215423579
"[0.50698316311315, 0.7084740894916661, -0.9042163027802921, 0.4757185499205562]",28.52243689914338,0.2566078540237545
"[0.5069653455013361, 0.7084624965376868, -0.9042128697901792, 0.47572988778668857]",28.522377100882863,0.2566706865051512
"[0.50694753386446, 0.708450909355059, -0.9042094380643497, 0.47574122014727727]",28.52231735099377,0.2567335189865477
"[0.5069297273384453, 0.7084393273795325, -0.9042060074362933, 0.475752547554007]",28.522257637436446,0.2567963514679444
"[0.5069119238548514, 0.7084277492640458, -0.9042025775074998, 0.4757638713242075]",28.522197948305433,0.256859183949341
"[0.5068941228571705, 0.7084161746454205, -0.904199148170778, 0.4757751918129881]",28.522138278485087,0.2569220164307376
"[0.5068763258368908, 0.7084046044920562, -0.9041957197134749, 0.4757865080731073]",28.522078638056765,0.2569848489121342
"[0.5068585334925525, 0.7083930392563319, -0.9041922922701511, 0.47579781966198487]",28.52201903233522,0.25704768139353085
"[0.5068407438051171, 0.7083814776243057, -0.9041888654518732, 0.4758091278646322]",28.52195944652847,0.2571105138749274
"[0.5068229587282809, 0.7083699208641661, -0.9041854396349867, 0.47582043144054753]",28.521899896080942,0.25717334635632405
"[0.506805178087829, 0.7083583688609014, -0.9041820147859221, 0.47583173050208916]",28.52184038080909,0.25723617883772065
"[0.5067873996580332, 0.7083468201670193, -0.9041785904759789, 0.4758430264649518]",28.521780881191383,0.25729901131911725
"[0.5067696259870943, 0.7083352764363399, -0.9041751671959748, 0.4758543177113973]",28.52172141673455,0.25736184380051386
"[0.5067518546832711, 0.7083237361139523, -0.9041717444852585, 0.4758656057622179]",28.521661971304685,0.25742467628191046
"[0.5067340890487404, 0.7083122013425758, -0.9041683229798191, 0.4758768885214126]",28.521602568299926,0.25748750876330706
"[0.5067163273146971, 0.7083006709718797, -0.9041649023389834, 0.47588816711404175]",28.52154319262516,0.2575503412447037
"[0.5066985671807805, 0.7082891435072939, -0.9041614821197591, 0.47589944300194775]",28.521483835493303,0.2576131737261003
"[0.5066808107702409, 0.708277620325728, -0.9041580627310621, 0.4759107148381814]",28.521424499010685,0.2576760062074969
"[0.5066630600470023, 0.708266102699826, -0.904154644551074, 0.47592198137772174]",28.52136521076872,0.2577388386888935
"[0.506645311867965, 0.7082545885885093, -0.9041512269745371, 0.4759332446170276]",28.5213059360117,0.2578016711702901
"[0.506627568130497, 0.7082430792211927, -0.9041478103668151, 0.4759445033533637]",28.52124670023041,0.2578645036516867
"[0.5066098273213555, 0.7082315736148036, -0.9041443944365327, 0.47595575854828065]",28.52118748917903,0.25792733613308333
"[0.5065920904726179, 0.7082200724372189, -0.904140979382421, 0.47596700954833043]",28.521128303394867,0.25799016861447993
"[0.5065743565472388, 0.708208575014525, -0.9041375650048146, 0.4759782570126607]",28.521069140201114,0.25805300109587653
"[0.5065566274564006, 0.7081970825842048, -0.9041341516716812, 0.475989499730574]",28.521010013240065,0.2581158335772732
"[0.5065389013524889, 0.7081855939469743, -0.9041307390273042, 0.47600073887517846]",28.520950909771738,0.2581786660586698
"[0.5065211804514025, 0.7081741105373509, -0.9041273274982844, 0.4760119730429863]",28.520891844955667,0.2582414985400664
"[0.506503462496973, 0.708162630891644, -0.9041239166502739, 0.476023203665798]",28.520832803595688,0.258304331021463
"[0.506485746499137, 0.70815115436724, -0.9041205062927039, 0.4760344313722031]",28.520773776416746,0.2583671635028596
"[0.5064680364095393, 0.7081396835224301, -0.9041170971862703, 0.47604565365925744]",28.520714796729884,0.2584299959842562
"[0.5064503279029545, 0.7081282155542066, -0.9041136884983908, 0.4760568732691173]",28.520655825570564,0.25849282846565286
"[0.506432625328638, 0.7081167532775878, -0.904110281066249, 0.4760680874476141]",28.52059689658485,0.25855566094704946
"[0.5064149250235565, 0.7081052943191285, -0.9041068741847706, 0.47607929851669817]",28.52053799005692,0.25861849342844606
"[0.506397228910269, 0.7080938399220853, -0.9041034682240139, 0.47609050525990604]",28.52047911486656,0.25868132590984266
"[0.5063795367891292, 0.7080823899555784, -0.9041000631455474, 0.4761017078051664]",28.520420269422022,0.25874415839123927
"[0.5063618474345157, 0.7080709436249805, -0.9040966587134929, 0.4761129069298293]",28.520361440435963,0.25880699087263587
"[0.5063441628731327, 0.7080595022401679, -0.9040932553179032, 0.47612410135219413]",28.520302654843324,0.2588698233540325
"[0.5063264815294817, 0.7080480647802252, -0.9040898526555701, 0.4761352920710188]",28.520243890134186,0.25893265583542907
"[0.506308802452189, 0.7080366306284865, -0.9040864505434286, 0.4761464796895775]",28.520185143145216,0.25899548831682573
"[0.5062911288087978, 0.7080252018320519, -0.9040830495910304, 0.4761576622047903]",28.520126437248514,0.25905832079822233
"[0.506273457644661, 0.7080137764786616, -0.9040796492298074, 0.47616884148759087]",28.520067748638063,0.25912115327961893
"[0.506255791934692, 0.7080023564901481, -0.904076250032202, 0.47618001565741935]",28.520009102507807,0.25918398576101553
"[0.5062381284179722, 0.707990939756931, -0.9040728513707545, 0.4761911867783315]",28.519950475106622,0.2592468182424122
"[0.5062204693214775, 0.7079795277170057, -0.9040694536739696, 0.4762023534431645]",28.519891876271778,0.25930965072380874
"[0.5062028126806455, 0.7079681190993499, -0.9040660565638626, 0.47621351689550556]",28.519833302453698,0.2593724832052054
"[0.5061851617660722, 0.7079567160155757, -0.9040626606696844, 0.4762246750689987]",28.51977476584611,0.259435315686602
"[0.5061675118115981, 0.7079453153851754, -0.904059265074473, 0.4762358309778858]",28.519716237865314,0.2594981481679986
"[0.5061498680297339, 0.7079339205735883, -0.9040558707810435, 0.4762469813288593]",28.5196577602917,0.2595609806493952
"[0.5061322262442827, 0.707922528882074, -0.9040524769859771, 0.47625812876264123]",28.51959929274836,0.2596238131307918
"[0.506114589356343, 0.7079111421825034, -0.9040490842473706, 0.47626927144738973]",28.519540867607006,0.2596866456121884
"[0.5060969546447561, 0.707899758716578, -0.9040456920417708, 0.47628041110361546]",28.519482454932046,0.259749478093585
"[0.5060793234408661, 0.7078883793424537, -0.9040423006252911, 0.47629154689144965]",28.51942407221962,0.25981231057498166
"[0.506061697958984, 0.7078770054874642, -0.9040389104238448, 0.4763026774139793]",28.51936572959555,0.2598751430563782
"[0.5060440752228561, 0.7078656352293393, -0.9040355208649494, 0.4763138045522248]",28.519307409726785,0.25993797553777487
"[0.506026455344785, 0.7078542686392969, -0.9040321319702239, 0.47632492823639977]",28.519249109292073,0.26000080801917147
"[0.5060088402712792, 0.7078429069714781, -0.9040287441140448, 0.4763360472390494]",28.51919084536303,0.26006364050056807
"[0.5059912278215803, 0.7078315488177888, -0.9040253568769929, 0.47634716293808116]",28.519132606529247,0.2601264729819647
"[0.5059736193313106, 0.70782019503817, -0.9040219705159455, 0.4763582744918082]",28.519074392537927,0.26018930546336133
"[0.5059560143743562, 0.7078088453563508, -0.904018584948953, 0.4763693821704941]",28.519016205256772,0.2602521379447579
"[0.505938413246156, 0.7077974999612925, -0.9040152002328319, 0.47638048578909536]",28.518958047468278,0.26031497042615453
"[0.5059208161156024, 0.7077861589602813, -0.9040118164000561, 0.4763915852424958]",28.518899922190776,0.26037780290755114
"[0.5059032220794505, 0.7077748217697384, -0.90400843327694, 0.47640268110173595]",28.518841818705155,0.26044063538894774
"[0.5058856314010247, 0.7077634885579824, -0.9040050509141261, 0.4764137732019802]",28.518783742191907,0.26050346787034434
"[0.5058680444382665, 0.7077521595541704, -0.9040016693804435, 0.47642486131883816]",28.51872569074559,0.26056630035174094
"[0.505850460657828, 0.7077408344133074, -0.9039982885733477, 0.47643594578986337]",28.518667665072744,0.26062913283313754
"[0.5058328814150203, 0.7077295140067523, -0.9039949087534183, 0.4764470257620993]",28.51860967368735,0.2606919653145342
"[0.5058153051532618, 0.7077181973305985, -0.9039915296213825, 0.47645810221801743]",28.518551702949065,0.2607547977959308
"[0.5057977341552613, 0.7077068858529671, -0.9039881516160948, 0.4764691737205391]",28.518493778246544,0.2608176302773274
"[0.5057801639848395, 0.7076955767167182, -0.9039847738847171, 0.47648024306609377]",28.518435855327386,0.260880462758724
"[0.5057626009330183, 0.7076842739695267, -0.9039813976366441, 0.4764913062927121]",28.518377987120946,0.2609432952401206
"[0.5057450377297041, 0.7076729729312708, -0.9039780214743067, 0.47650236798123125]",28.518320117250536,0.2610061277215172
"[0.5057274812867412, 0.7076616780479968, -0.9039746467263712, 0.47651342377966793]",28.518262297796845,0.26106896020291387
"[0.505709925358191, 0.7076503852999197, -0.903971272192226, 0.4765244776226079]",28.518204482955195,0.26113179268431047
"[0.5056923761175831, 0.7076390986566596, -0.903967899058525, 0.4765355256243021]",28.518146720129337,0.2611946251657071
"[0.5056748296190271, 0.7076278155786411, -0.9039645265668085, 0.4765465702704953]",28.51808897674078,0.2612574576471037
"[0.505657284673461, 0.7076165353002345, -0.9039611544885638, 0.4765576123105627]",28.518031245770143,0.2613202901285003
"[0.5056397446984696, 0.7076052600173656, -0.9039577834806478, 0.4765686495948548]",28.517973548790675,0.2613831226098969
"[0.5056222087205139, 0.7075939891024772, -0.9039544133559387, 0.4765796827375527]",28.517915887389975,0.2614459550912935
"[0.505604676683214, 0.707582722517756, -0.9039510441035946, 0.4765907117755554]",28.517858253623388,0.2615087875726901
"[0.5055871465474606, 0.7075714589515625, -0.9039476753317591, 0.4766017379927541]",28.51780063385776,0.2615716200540867
"[0.5055696215935441, 0.7075602005101139, -0.9039443076708088, 0.4766127593272077]",28.51774305703932,0.26163445253548334
"[0.5055520981956291, 0.7075489448627105, -0.9039409404239941, 0.4766237780604264]",28.517685481949233,0.26169728501687994
"[0.505534580345013, 0.7075376945715997, -0.9039375743582733, 0.4766347916839862]",28.517627958507372,0.26176011749827655
"[0.5055170663562635, 0.7075264485525625, -0.9039342091497672, 0.47664580125916484]",28.517570460193333,0.26182294997967315
"[0.5054995537961314, 0.7075152052420096, -0.9039308443309608, 0.4766568083165905]",28.517512976800887,0.26188578246106975
"[0.5054820466209221, 0.7075039671785474, -0.903927480662012, 0.47666781037089606]",28.517455532364853,0.26194861494246635
"[0.5054645415548271, 0.7074927322578889, -0.9039241175135344, 0.4766788094820645]",28.51739809890271,0.262011447423863
"[0.5054470417388192, 0.707481502494467, -0.9039207554889827, 0.4766898036778337]",28.517340713792827,0.26207427990525956
"[0.5054295449738944, 0.7074702764755352, -0.9039173941658791, 0.47670079434119383]",28.517283344381564,0.2621371123866562
"[0.5054120516822969, 0.7074590544706654, -0.9039140336253471, 0.4767117812081236]",28.51722600517838,0.2621999448680528
"[0.5053945626895697, 0.7074478370078925, -0.9039106740259717, 0.47672276376153777]",28.51716869833177,0.2622627773494494
"[0.5053770746653872, 0.7074366219499958, -0.9039073147280215, 0.47673374409381397]",28.51711139453862,0.262325609830846
"[0.5053595909180767, 0.7074254114174513, -0.9039039563670177, 0.47674472012877106]",28.517054127842574,0.2623884423122427
"[0.5053421131377418, 0.7074142064920259, -0.9039005992675723, 0.47675569080712693]",28.51699690742996,0.2624512747936392
"[0.5053246372448577, 0.7074030045568005, -0.9038972426460905, 0.4767666586909772]",28.516939698164713,0.2625141072750359
"[0.5053071648821713, 0.707391806663602, -0.9038938868181141, 0.47677762275038216]",28.516882515396066,0.2625769397564325
"[0.5052896964791412, 0.7073806130861705, -0.9038905318661227, 0.4767885827172078]",28.516825362651858,0.2626397722378291
"[0.5052722316828739, 0.7073694235968603, -0.9038871777223365, 0.47679953881423653]",28.51676823814626,0.2627026047192257
"[0.5052547700760436, 0.7073582379269241, -0.9038838243066093, 0.4768104913045061]",28.51671113889053,0.26276543720062234
"[0.5052373117361785, 0.7073470561246878, -0.9038804716338371, 0.47682144014059835]",28.516654063509282,0.2628282696820189
"[0.5052198576827992, 0.70733587884164, -0.9038771198998018, 0.47683238468448697]",28.516597019088415,0.26289110216341555
"[0.5052024065042948, 0.7073247051723698, -0.9038737688334286, 0.4768433258226211]",28.51654000302372,0.26295393464481215
"[0.5051849584200867, 0.7073135352561145, -0.9038704184768623, 0.4768542634185682]",28.51648300281663,0.26301676712620875
"[0.5051675152137061, 0.70730237023309, -0.9038670691725653, 0.4768651963557104]",28.516426043066804,0.26307959960760535
"[0.5051500749931516, 0.7072912088907279, -0.9038637205572425, 0.47687612582129496]",28.516369101370014,0.26314243208900195
"[0.505132639029339, 0.7072800520409366, -0.9038603728749145, 0.47688705102017287]",28.5163121965689,0.26320526457039856
"[0.5051152049621314, 0.7072688981722449, -0.9038570256724461, 0.4768979734323364]",28.516255305690297,0.26326809705179516
"[0.5050977748364692, 0.7072577485917056, -0.9038536793424632, 0.4769088917777639]",28.51619844368271,0.2633309295331918
"[0.5050803490476399, 0.7072466035505861, -0.9038503339608404, 0.47691980581027876]",28.516141614215652,0.26339376201458836
"[0.505062925493847, 0.7072354617032885, -0.903846989124083, 0.47693071684748756]",28.516084800955465,0.263456594495985
"[0.5050455060799592, 0.7072243242666083, -0.9038436451978786, 0.4769416236977032]",28.51602802333602,0.2635194269773816
"[0.5050280907773655, 0.7072131912206581, -0.9038403021767223, 0.4769525263802815]",28.515971272560012,0.2635822594587782
"[0.505010678074434, 0.7072020615977311, -0.9038369597704458, 0.4769634258428044]",28.51591454450341,0.2636450919401748
"[0.5049932710738472, 0.7071909373793654, -0.9038336185746022, 0.4769743201445912]",28.51585785677289,0.2637079244215715
"[0.504975865485524, 0.7071798158224921, -0.9038302777657282, 0.4769852119719106]",28.515801179282864,0.26377075690296803
"[0.5049584646399911, 0.7071686990539244, -0.9038269379830896, 0.4769960992417854]",28.515744541383565,0.2638335893843647
"[0.5049410638441233, 0.7071575840743294, -0.9038235983259457, 0.47700698489154936]",28.515687900180257,0.2638964218657613
"[0.5049236709780305, 0.7071464759156749, -0.903820260306681, 0.47701786399294055]",28.515631319804974,0.2639592543471579
"[0.5049062793466771, 0.7071353703003708, -0.9038169226403691, 0.47702874073521256]",28.515574750375272,0.2640220868285545
"[0.5048888920125111, 0.7071242691828048, -0.9038135859147447, 0.477039613204167]",28.515518213373607,0.2640849193099511
"[0.5048715071735846, 0.7071131714111168, -0.9038102497840063, 0.4770504825278372]",28.51546169212705,0.2641477517913477
"[0.5048541262911097, 0.7071020779167893, -0.9038069145285628, 0.4770613477938156]",28.51540520592098,0.26421058427274435
"[0.5048367484742593, 0.7070909881298366, -0.9038035799774703, 0.47707220956025653]",28.515348740872618,0.26427341675414096
"[0.5048193763533811, 0.7070799037271719, -0.9038002466354353, 0.47708306618460145]",28.515292318940066,0.26433624923553756
"[0.5048020055742273, 0.7070688219291356, -0.9037969136669693, 0.47709392038928455]",28.51523590404071,0.26439908171693416
"[0.5047846392286499, 0.7070577447069857, -0.9037935816653224, 0.4771047702434409]",28.51517952610606,0.26446191419833076
"[0.504767275595834, 0.7070466709616661, -0.9037902503003281, 0.47711561682346243]",28.515123168881367,0.26452474667972736
"[0.5047499148612301, 0.7070356008102703, -0.9037869196075787, 0.4771264600145677]",28.51506683123274,0.264587579161124
"[0.5047325592104419, 0.7070245356449157, -0.9037835900063753, 0.47713729845306535]",28.515010534287136,0.26465041164252057
"[0.5047152064085432, 0.7070134740391856, -0.9037802610679468, 0.47714813353602864]",28.514954259528395,0.2647132441239172
"[0.5046978569815089, 0.7070024163270832, -0.9037769328932022, 0.47715896493619886]",28.51489800921948,0.2647760766053138
"[0.5046805111797289, 0.7069913626668093, -0.9037736055301724, 0.4771697924985081]",28.51484178572631,0.26483890908671043
"[0.5046631698403208, 0.706980313590265, -0.9037702791394245, 0.4771806157018184]",28.514785595128625,0.26490174156810703
"[0.5046458301183214, 0.7069692672835229, -0.9037669531752498, 0.47719143632288097]",28.51472942072199,0.2649645740495037
"[0.5046284939343455, 0.7069582249690043, -0.9037636280060614, 0.4772022531641665]",28.51467326642365,0.26502740653090023
"[0.5046111618438526, 0.7069471869990276, -0.9037603037383907, 0.47721306588043877]",28.514617150159573,0.2650902390122969
"[0.5045938334361089, 0.7069361531105042, -0.90375698029345, 0.477223874729305]",28.514561058555092,0.2651530714936935
"[0.5045765089049519, 0.7069251234254027, -0.9037536577084082, 0.47723467959117183]",28.514504997189043,0.26521590397509004
"[0.5045591865061901, 0.706914096832034, -0.903750335648763, 0.4772454815549764]",28.514448951398542,0.2652787364564867
"[0.5045418685454234, 0.7069030747967158, -0.9037470145566799, 0.47725627918417207]",28.514392939359347,0.2653415689378833
"[0.5045245536346509, 0.7068920564345947, -0.9037436941659737, 0.47726707334548785]",28.514336949483216,0.2654044014192799
"[0.5045072418947554, 0.7068810418213258, -0.9037403744998296, 0.4772778639647114]",28.514280986586122,0.2654672339006765
"[0.5044899342241238, 0.7068700315270932, -0.9037370557305167, 0.4772886504831481]",28.51422505235922,0.26553006638207316
"[0.5044726307380843, 0.7068590256236872, -0.9037337378801332, 0.4772994328303478]",28.514169148778237,0.2655928988634697
"[0.5044553291398234, 0.7068480226489812, -0.9037304205082848, 0.47731021243864413]",28.514113258755355,0.26565573134486636
"[0.5044380304656305, 0.7068370232609472, -0.9037271038136864, 0.4773209886633428]",28.51405739422711,0.26571856382626297
"[0.5044207360494134, 0.7068260283063506, -0.903723788052085, 0.47733176067475225]",28.514001560423612,0.26578139630765957
"[0.5044034458301586, 0.7068150377447932, -0.9037204732117654, 0.47734252851233155]",28.51394575873316,0.26584422878905617
"[0.5043861592030651, 0.7068040511903466, -0.9037171591767654, 0.4773532925540743]",28.51388998504778,0.2659070612704528
"[0.5043688761275448, 0.7067930686158166, -0.9037138459392994, 0.47736405282651884]",28.51383423623731,0.2659698937518494
"[0.504351595152263, 0.7067820890977619, -0.9037105332211512, 0.4773748102343262]",28.513778503254333,0.26603272623324603
"[0.5043343186225019, 0.7067711141249671, -0.9037072214719066, 0.47738556331872967]",28.51372280437178,0.26609555871464263
"[0.504317044278397, 0.7067601422605216, -0.9037039102583708, 0.4773963134874895]",28.513667121543193,0.26615839119603923
"[0.5042997750678032, 0.7067491753753464, -0.9037006001455937, 0.4774070589073809]",28.51361148012802,0.26622122367743584
"[0.5042825080239969, 0.7067382115839878, -0.903697290564916, 0.477417801425676]",28.513555855880174,0.2662840561588325
"[0.5042652443834954, 0.7067272516704207, -0.903693981753352, 0.47742854027413323]",28.51350025374613,0.26634688864022904
"[0.5042479837857652, 0.7067162954044695, -0.903690673641803, 0.4774392756781889]",28.51344467331443,0.2664097211216257
"[0.5042307293811534, 0.7067053447841284, -0.9036873668340277, 0.47745000567999624]",28.513389145382845,0.2664725536030223
"[0.5042134743387378, 0.706694395472953, -0.903684060020891, 0.47746073452854726]",28.513333609428717,0.2665353860844189
"[0.5041962257995547, 0.7066834520011382, -0.9036807545709313, 0.4774714577847711]",28.513278122847215,0.2665982185658155
"[0.5041789801849503, 0.7066725120964477, -0.9036774497983204, 0.47748217767504875]",28.513222660252687,0.2666610510472121
"[0.5041617368360805, 0.7066615753398381, -0.903674145576818, 0.4774928946099127]",28.513167211792712,0.2667238835286087
"[0.504144496266306, 0.706650642055836, -0.9036708420048116, 0.477503608271278]",28.51311178577182,0.26678671601000536
"[0.5041272601839285, 0.7066397133263784, -0.9036675394096325, 0.47751431759883384]",28.513056393524,0.26684954849140197
"[0.5041100277325964, 0.7066287886069318, -0.9036642376271812, 0.47752502312606726]",28.513001030882048,0.26691238097279857
"[0.5040927994060944, 0.7066178682090793, -0.9036609367520546, 0.47753572454753335]",28.512945696658218,0.26697521345419517
"[0.504075573207522, 0.7066069508658049, -0.903657636401659, 0.47754642310474665]",28.512890379970653,0.2670380459355918
"[0.504058352130061, 0.7065960384726594, -0.9036543371494482, 0.4775571169400394]",28.512835099948322,0.2671008784169884
"[0.5040411326906766, 0.7065851288212573, -0.9036510383281329, 0.47756780821746353]",28.51277983537995,0.267163710898385
"[0.5040239173132821, 0.7065742234461264, -0.9036477404020832, 0.47757849543312025]",28.51272460128675,0.2672265433797816
"[0.5040067047703981, 0.7065633215683573, -0.9036444431361496, 0.47758917935023426]",28.512669388670076,0.2672893758611782
"[0.5039894956655503, 0.7065524235689497, -0.9036411466459467, 0.4775998595953282]",28.512614199234985,0.26735220834257484
"[0.5039722896167781, 0.7065415292047281, -0.9036378508583092, 0.4776105364066207]",28.5125590352274,0.26741504082397144
"[0.5039550890143064, 0.7065306399875372, -0.9036345562310595, 0.4776212083023384]",28.512503911385966,0.26747787330536804
"[0.5039378901080357, 0.7065197535419075, -0.9036312620458921, 0.47763187761043724]",28.51244880388599,0.26754070578676464
"[0.5039206942335668, 0.7065088707122205, -0.9036279685586391, 0.4776425435032998]",28.512393713221392,0.26760353826816125
"[0.5039035033949185, 0.7064979927652512, -0.9036246761531098, 0.4776532047392873]",28.51233866725989,0.26766637074955785
"[0.5038863136364655, 0.7064871171967462, -0.9036213840717231, 0.4776638637726708]",28.512283624779407,0.2677292032309545
"[0.5038691292960936, 0.7064762467499104, -0.9036180931452443, 0.47767451791476556]",28.512228624417634,0.26779203571235105
"[0.5038519484330889, 0.706465380195445, -0.903614803001989, 0.47768516837028535]",28.512173650790466,0.2678548681937477
"[0.5038347696739996, 0.7064545166635307, -0.9036115133789492, 0.4776958159916641]",28.512118692509883,0.2679177006751443
"[0.5038175929115536, 0.7064436560854018, -0.9036082242556072, 0.47770646084623086]",28.512063753265654,0.2679805331565409
"[0.5038004219082384, 0.7064328008385502, -0.9036049363524162, 0.4777171006036061]",28.512008851286648,0.2680433656379375
"[0.5037832538075329, 0.7064219491155312, -0.9036016491223872, 0.4777277370352335]",28.51195397689583,0.26810619811933417
"[0.5037660887422045, 0.7064111009990618, -0.9035983625909473, 0.4777383700599463]",28.51189912135487,0.2681690306007307
"[0.5037489281563382, 0.7064002574003673, -0.9035950770345785, 0.4777489987844775]",28.511844300311964,0.2682318630821274
"[0.50373176919251, 0.7063894165126494, -0.903591791906203, 0.47775962497972996]",28.511789493309873,0.268294695563524
"[0.5037146145381737, 0.7063785800326216, -0.9035885077203472, 0.47777024698250126]",28.51173471769469,0.2683575280449206
"[0.5036974629976492, 0.7063677472035742, -0.9035852242480915, 0.4777808655344161]",28.511679967273093,0.2684203605263172
"[0.5036803147460266, 0.706356918134831, -0.9035819415229555, 0.4777914805282176]",28.511625239694705,0.26848319300771384
"[0.5036631697296465, 0.7063460927912271, -0.9035786595346663, 0.4778020919982786]",28.51157053943806,0.2685460254891104
"[0.5036460285393429, 0.7063352715444593, -0.903575378396317, 0.47781269958014183]",28.511515868251344,0.26860885797050704
"[0.5036288897513128, 0.7063244534944452, -0.9035720978353673, 0.47782330415602414]",28.51146121192267,0.26867169045190364
"[0.5036117552708904, 0.7063136398425326, -0.9035688182165176, 0.4778339045481847]",28.511406589143483,0.26873452293330025
"[0.5035946234604828, 0.7063028295538886, -0.9035655392263178, 0.47784450177094573]",28.51135198789056,0.26879735541469685
"[0.5035774951696843, 0.7062920231633867, -0.9035622610273805, 0.4778550952998824]",28.511297410414162,0.26886018789609345
"[0.5035603706462651, 0.7062812208259617, -0.9035589836671173, 0.47786568498300663]",28.511242864786148,0.26892302037749005
"[0.5035432485363577, 0.7062704216863561, -0.9035557068864212, 0.47787627165864577]",28.51118833628384,0.26898585285888665
"[0.5035261316452259, 0.7062596275124488, -0.9035524312221426, 0.47788685359359306]",28.511133848058094,0.2690486853402833
"[0.5035090170244794, 0.7062488364435324, -0.9035491561100353, 0.477897432611862]",28.511079376190484,0.26911151782167986
"[0.5034919059956309, 0.7062380493116619, -0.9035458818029933, 0.4779080078976587]",28.511024931322236,0.2691743503030765
"[0.5034747984152896, 0.7062272660250948, -0.903542608273571, 0.4779185795408214]",28.510970512166,0.2692371827844731
"[0.5034576931074243, 0.7062164858414078, -0.9035393352967406, 0.47792914826911315]",28.510916111170413,0.2693000152658697
"[0.5034405906365343, 0.7062057091152938, -0.9035360629805279, 0.4779397137347185]",28.510861733299166,0.2693628477472663
"[0.5034234931678461, 0.706194937209663, -0.9035327917392023, 0.47795027460133216]",28.510807390212584,0.269425680228663
"[0.5034063992640694, 0.7061841692174067, -0.9035295212977459, 0.47796083175817217]",28.510753075686196,0.2694885127100595
"[0.5033893074544981, 0.7061734042109453, -0.9035262513747858, 0.47797138611456924]",28.510698776621094,0.2695513451914562
"[0.5033722187140081, 0.7061626428032218, -0.9035229821568426, 0.47798193706949244]",28.510644501110367,0.2696141776728528
"[0.5033551330764663, 0.7061518850143493, -0.9035197136503962, 0.4779924846031292]",28.51059025159732,0.2696770101542494
"[0.5033380515140319, 0.7061411314550681, -0.9035164460414137, 0.47800302811657264]",28.51053602904351,0.269739842635646
"[0.5033209737772357, 0.7061303819668686, -0.9035131792821547, 0.4780135677651235]",28.510481834533735,0.2698026751170426
"[0.5033038981231517, 0.7061196354515031, -0.9035099130392238, 0.4780241046255007]",28.510427658113375,0.2698655075984392
"[0.5032868284170203, 0.7061088943400612, -0.9035066480519476, 0.4780346363139305]",28.510373528998798,0.26992834007983585
"[0.5032697590127853, 0.7060981550785408, -0.9035033832403845, 0.47804516631502725]",28.510319400191474,0.26999117256123245
"[0.5032526939786849, 0.7060874202255111, -0.9035001193826686, 0.4780556921200002]",28.51026530314064,0.27005400504262905
"[0.5032356340118262, 0.7060766902177575, -0.9034968566120979, 0.4780662133004439]",28.51021124559975,0.27011683752402565
"[0.5032185748856669, 0.7060659623958425, -0.9034935941203336, 0.47807673246394494]",28.510157195465332,0.27017967000542226
"[0.5032015202235552, 0.7060552390372329, -0.9034903326003388, 0.478087247377253]",28.510103179764606,0.27024250248681886
"[0.5031844684822098, 0.7060445191702012, -0.9034870717569644, 0.4780977589930995]",28.510049181052636,0.2703053349682155
"[0.5031674202472473, 0.7060338031616572, -0.903483811702197, 0.4781082669516073]",28.50999521289444,0.27036816744961206
"[0.5031503747249355, 0.7060230905114679, -0.9034805522842553, 0.4781187717431069]",28.509941265740203,0.2704309999310087
"[0.5031333321596905, 0.7060123813721113, -0.9034772935498807, 0.4781292732179919]",28.509887340968703,0.2704938324124053
"[0.5031162931354204, 0.7060016761092477, -0.9034740356107211, 0.47813977101759625]",28.509833439287398,0.2705566648938019
"[0.5030992572264371, 0.7059909744541502, -0.9034707783853773, 0.478150265405342]",28.509779567158944,0.2706194973751985
"[0.5030822262898619, 0.7059802775719473, -0.9034675222289068, 0.4781607552385525]",28.50972572788606,0.2706823298565951
"[0.5030651978030743, 0.7059695838768335, -0.9034642666589947, 0.47817124207223205]",28.509671908930514,0.27074516233799173
"[0.5030481718676009, 0.7059588934315406, -0.9034610116950635, 0.47818172584478297]",28.509618109990996,0.27080799481938833
"[0.5030311489114566, 0.7059482065036796, -0.9034577574189471, 0.4781922062936842]",28.509564331917407,0.270870827300785
"[0.5030141301154466, 0.705937523833238, -0.9034545040563686, 0.478202682693141]",28.50951058500488,0.27093365978218154
"[0.5029971151972168, 0.705926845241505, -0.903451251553333, 0.47821315521830066]",28.509456869644502,0.2709964922635782
"[0.5029801030467337, 0.7059161700305506, -0.903447999697645, 0.4782236245535282]",28.50940317438603,0.2710593247449748
"[0.502963092698611, 0.7059054975936225, -0.903444748304789, 0.4782340912937998]",28.50934949197811,0.2711221572263714
"[0.5029460866280987, 0.7058948294825287, -0.9034414978478896, 0.4782445539171252]",28.509295842807777,0.271184989707768
"[0.5029290862600896, 0.7058841665893683, -0.9034382485992534, 0.4782550115484549]",28.509242236627966,0.27124782218916466
"[0.502912085233033, 0.705873504923047, -0.9034349993430201, 0.4782654681019749]",28.509188627263566,0.2713106546705612
"[0.502895089902571, 0.7058628484682744, -0.903431751293899, 0.4782759196695548]",28.509135058926223,0.27137348715195786
"[0.5028780963634525, 0.7058521947749861, -0.9034285037055263, 0.47828636865404617]",28.50908150378026,0.27143631963335446
"[0.5028611068483771, 0.7058415452417651, -0.9034252570045902, 0.47829681368365257]",28.50902798127891,0.27149915211475106
"[0.502844121240392, 0.7058308997938649, -0.9034220111687217, 0.47830725483157216]",28.508974485673164,0.27156198459614767
"[0.5028271379374961, 0.7058202574260465, -0.9034187658917876, 0.4783176930836611]",28.50892100983136,0.2716248170775443
"[0.5028101583735838, 0.7058096190356746, -0.903415521447786, 0.4783281275596746]",28.50886755992251,0.27168764955894087
"[0.5027931814922642, 0.7057989839596404, -0.9034122776348587, 0.4783385589099167]",28.508814133071716,0.2717504820403375
"[0.5027762086755916, 0.7057883530624552, -0.9034090347170709, 0.4783489862863386]",28.50876073695223,0.27181331452173413
"[0.502759236643369, 0.7057777242885632, -0.903405792067703, 0.4783594117050672]",28.5087073451034,0.27187614700313073
"[0.5027422718614416, 0.7057671016857603, -0.9034025509220883, 0.47836983119563814]",28.508654007379107,0.27193897948452733
"[0.5027253088939352, 0.7057564818487309, -0.9033993102416638, 0.47838024809813184]",28.50860068551433,0.272001811965924
"[0.5027083476105432, 0.7057458646950896, -0.9033960700015617, 0.47839066249329654]",28.508547377169172,0.27206464444732054
"[0.5026913908374521, 0.705735251992735, -0.9033928307416876, 0.4784010726469042]",28.508494101362675,0.2721274769287172
"[0.5026744370370684, 0.7057246427779595, -0.9033895921682993, 0.4784114795041632]",28.508440847174697,0.2721903094101138
"[0.502657487316878, 0.7057140377424761, -0.9033863544929414, 0.47842188238645356]",28.508387626690382,0.2722531418915104
"[0.5026405395621589, 0.7057034355619888, -0.9033831173116671, 0.47843228259273657]",28.508334419883877,0.272315974372907
"[0.5026235949755449, 0.7056928369878056, -0.9033798808541996, 0.47844267938593693]",28.508281234984604,0.2723788068543036
"[0.5026066542641912, 0.7056822424609221, -0.903376645255597, 0.47845307233335427]",28.508228080087996,0.2724416393357002
"[0.5025897157536784, 0.7056716509330074, -0.9033734101960516, 0.4784634624632824]",28.508174943470358,0.2725044718170968
"[0.5025727820502015, 0.7056610640323913, -0.9033701761733055, 0.47847384817825356]",28.508121842962776,0.27256730429849346
"[0.5025558502963773, 0.7056504799713753, -0.9033669426416439, 0.4784842312318965]",28.508068757418556,0.27263013677989
"[0.5025389221830736, 0.7056398998058235, -0.9033637099239827, 0.4784946105883144]",28.50801569721694,0.27269296926128667
"[0.5025219975027967, 0.705629323404738, -0.9033604779806864, 0.47850498637591754]",28.507962666258102,0.27275580174268327
"[0.50250507705209, 0.7056187512644916, -0.9033572469638451, 0.4785153581076409]",28.507909668028063,0.27281863422407987
"[0.5024881579717668, 0.7056081815975181, -0.9033540163274915, 0.4785257275370797]",28.507856677077047,0.27288146670547647
"[0.5024712425565396, 0.7055976158363534, -0.9033507865098014, 0.47853609325875873]",28.50780371421311,0.2729442991868731
"[0.5024543303616493, 0.7055870537019049, -0.9033475574258436, 0.47854645554638653]",28.50775077626298,0.2730071316682697
"[0.5024374224140197, 0.7055764958341497, -0.9033443292716749, 0.4785568137719904]",28.50769786970063,0.27306996414966633
"[0.5024205167589737, 0.7055659410112922, -0.9033411016740913, 0.4785671691341668]",28.507644983008912,0.27313279663106294
"[0.502403614327222, 0.7055553898133197, -0.903337874810787, 0.47857752106380524]",28.50759211905832,0.27319562911245954
"[0.502386715994009, 0.7055448427852581, -0.9033346488488411, 0.4785878690260693]",28.507539285780393,0.27325846159385614
"[0.5023698199860832, 0.7055342988191288, -0.9033314234497267, 0.47859821410793124]",28.507486471430774,0.27332129407525274
"[0.5023529267109136, 0.7055237581681788, -0.9033281986912385, 0.47860855606084307]",28.507433676989624,0.27338412655664934
"[0.5023360365260837, 0.7055132210544085, -0.9033249746416357, 0.4786188946669012]",28.507380903688833,0.273446959038046
"[0.5023191522254316, 0.7055026892192083, -0.9033217518341822, 0.47862922821739917]",28.507328180789433,0.27350979151944255
"[0.5023022698671286, 0.7054921602023854, -0.9033185295164567, 0.4786395591261031]",28.507275467076436,0.2735726240008392
"[0.5022853890874321, 0.7054816337763041, -0.9033153076190578, 0.4786498876163021]",28.507222769367036,0.2736354564822358
"[0.5022685122201739, 0.7054711113951658, -0.903312086587429, 0.4786602122610583]",28.50717009627847,0.2736982889636324
"[0.5022516378985684, 0.7054605922056313, -0.903308866160706, 0.47867053389757896]",28.507117446738214,0.273761121445029
"[0.5022347691583601, 0.7054500780986716, -0.90330564691823, 0.47868085067029437]",28.50706483818733,0.27382395392642567
"[0.5022179010673649, 0.7054395659989274, -0.9033024279187359, 0.47869116559675184]",28.507012233887732,0.2738867864078222
"[0.502201038470269, 0.7054290589244122, -0.9032992100867495, 0.47870147571545635]",28.50695967488449,0.27394961888921887
"[0.5021841770136496, 0.7054185541612727, -0.9032959925915137, 0.47871178368929374]",28.506907117850314,0.2740124513706155
"[0.5021673191619094, 0.7054080532438768, -0.9032927759032965, 0.47872208801256455]",28.50685459428451,0.2740752838520121
"[0.5021504660161303, 0.7053975568566215, -0.9032895602321717, 0.47873238801357126]",28.506802103533126,0.2741381163334087
"[0.5021336143643028, 0.7053870629978503, -0.9032863449652663, 0.47874268565642836]",28.506749625481834,0.27420094881480533
"[0.5021167656427877, 0.7053765725610869, -0.9032831303766509, 0.4787529800642477]",28.506697167127793,0.2742637812962019
"[0.5020999216314632, 0.7053660866531617, -0.9032799168058908, 0.47876327015077497]",28.50664474777302,0.2743266137775985
"[0.5020830794409535, 0.7053556034741143, -0.903276703701732, 0.47877355768226304]",28.50659233984948,0.27438944625899514
"[0.5020662414966526, 0.70534512453247, -0.9032734915268803, 0.47878384117824885]",28.506539964074292,0.2744522787403917
"[0.5020494055351902, 0.7053346484184279, -0.9032702798495496, 0.4787941220221501]",28.506487604442153,0.27451511122178834
"[0.5020325732193552, 0.7053241761655963, -0.9032670689869383, 0.4788043991995381]",28.50643527383727,0.27457794370318495
"[0.502015746081468, 0.7053137087257583, -0.9032638592313141, 0.47881467177624054]",28.506382979529974,0.27464077618458155
"[0.5019989184550567, 0.7053032425730905, -0.9032606495018163, 0.4788249432123695]",28.506330682597167,0.27470360866597815
"[0.5019820960108128, 0.7052927812335953, -0.9032574408800934, 0.4788352100474472]",28.506278425587794,0.2747664411473748
"[0.5019652773113328, 0.7052823238118433, -0.9032542330919494, 0.47884547316013426]",28.506226194935024,0.27482927362877135
"[0.5019484607600685, 0.7052718693140195, -0.9032510258328771, 0.4788557335256925]",28.506173981940808,0.274892106110168
"[0.5019316468893646, 0.7052614180700995, -0.9032478192044153, 0.4788659908201978]",28.50612179147114,0.2749549385915646
"[0.5019148369618608, 0.7052509708636937, -0.9032446134473573, 0.47887624427448644]",28.506069626782846,0.2750177710729612
"[0.5018980308155431, 0.7052405275927321, -0.9032414085307846, 0.47888649398862826]",28.506017494936543,0.2750806035543578
"[0.5018812267971756, 0.7052300872287767, -0.9032382041394252, 0.47889674097191254]",28.50596537472197,0.2751434360357545
"[0.5018644273162564, 0.7052196512676223, -0.9032350007327412, 0.47890698375615476]",28.50591329145152,0.275206268517151
"[0.5018476294828076, 0.7052092179128324, -0.9032317977596525, 0.47891722410444815]",28.50586122113396,0.2752691009985477
"[0.5018308342597125, 0.7051987877615787, -0.9032285954037749, 0.47892746143059794]",28.505809169738917,0.2753319334799443
"[0.5018140434372417, 0.7051883619243731, -0.9032253940064471, 0.47893769464452424]",28.50575715274981,0.2753947659613409
"[0.5017972560893632, 0.7051779398248238, -0.9032221933910854, 0.4789479243118601]",28.505705159359835,0.2754575984427375
"[0.501780472570635, 0.7051675216817339, -0.9032189936252718, 0.47895815021774063]",28.505653196520445,0.2755204309241341
"[0.50176368877337, 0.7051571049445255, -0.9032157939259009, 0.47896837486561816]",28.505601233021622,0.2755832634055307
"[0.5017469124478556, 0.7051466944220544, -0.9032125957704891, 0.4789785935352137]",28.505549325005514,0.27564609588692734
"[0.5017301361730335, 0.7051362855078498, -0.9032093977443023, 0.47898881074800115]",28.505497416901033,0.27570892836832395
"[0.5017133636790428, 0.7051258805154714, -0.9032062005584296, 0.47899902423296575]",28.505445538054403,0.27577176084972055
"[0.5016965940254001, 0.7051154788602604, -0.9032030040335851, 0.4790092345639102]",28.505393680629687,0.27583459333111715
"[0.5016798279605162, 0.7051050810052292, -0.903199808312418, 0.4790194412862471]",28.505341850648016,0.27589742581251375
"[0.5016630664555715, 0.7050946875512606, -0.9031966135800156, 0.47902964381002616]",28.505290055750372,0.27596025829391035
"[0.5016463065915795, 0.7050842966871937, -0.9031934192800138, 0.4790398439130474]",28.50523827313871,0.276023090775307
"[0.5016295483649739, 0.7050739084100737, -0.9031902254117595, 0.47905004159815245]",28.505186501235556,0.27608592325670356
"[0.5016127956440196, 0.7050635251165088, -0.90318703271247, 0.4790602345126038]",28.505134771006002,0.27614875573810016
"[0.5015960456545882, 0.705053145085675, -0.9031838406534295, 0.4790704243455608]",28.505083066619076,0.2762115882194968
"[0.5015792973545009, 0.7050427676707998, -0.9031806490360433, 0.479080611731875]",28.50503136895485,0.2762744207008934
"[0.5015625544832735, 0.7050323951876664, -0.9031774585729103, 0.4790907943980684]",28.504979716202186,0.27633725318229
"[0.5015458146095478, 0.7050220261285345, -0.9031742688006896, 0.47910097382417605]",28.50492808111907,0.2764000856636866
"[0.5015290755189209, 0.7050116591209408, -0.9031710792974474, 0.47911115135749693]",28.50487645763002,0.2764629181450832
"[0.5015123416901006, 0.7050012969375462, -0.9031678909165635, 0.47912132427595716]",28.50482487176424,0.2765257506264798
"[0.50149560815747, 0.7049909365024065, -0.9031647027119128, 0.47913149559923607]",28.50477328764806,0.2765885831078765
"[0.5014788804736484, 0.7049805812522382, -0.9031615157414192, 0.4791416619532592]",28.504721747657783,0.2766514155892731
"[0.5014621549031542, 0.7049702288731985, -0.9031583292933708, 0.4791518256095519]",28.504670225029006,0.2767142480706697
"[0.5014454318841183, 0.7049598796355385, -0.9031551434512469, 0.47916198630271656]",28.50461872175003,0.2767770805520663
"[0.5014287142466463, 0.7049495352893062, -0.9031519587541759, 0.4791721423144798]",28.504567258152463,0.2768399130334629
"[0.501411997701043, 0.704939193178993, -0.9031487743849645, 0.47918229625190917]",28.504515804802395,0.2769027455148595
"[0.5013952841763766, 0.7049288544972017, -0.9031455907111008, 0.4791924469440351]",28.504464370531412,0.27696557799625615
"[0.5013785742689567, 0.7049185196115973, -0.9031424078461615, 0.4792025940297824]",28.504412967951385,0.2770284104776527
"[0.5013618674472318, 0.7049081881922021, -0.903139225688885, 0.47921273783303797]",28.504361585660686,0.27709124295904936
"[0.5013451643140241, 0.7048978606105717, -0.9031360443540788, 0.4792228779888972]",28.50431023136648,0.27715407544044596
"[0.5013284636761881, 0.704887536127839, -0.9031328636144851, 0.479233015222729]",28.504258897681783,0.27721690792184256
"[0.5013117657229763, 0.7048772148600002, -0.9031296835061527, 0.4792431494205626]",28.504207584952894,0.27727974040323916
"[0.5012950719580761, 0.7048668977352643, -0.9031265043154431, 0.47925327967091563]",28.504156302336245,0.2773425728846358
"[0.5012783796866251, 0.7048565830870802, -0.9031233255291399, 0.4792634076100684]",28.50410503100476,0.27740540536603236
"[0.5012616912224513, 0.7048462723442157, -0.9031201475878784, 0.47927353183503607]",28.504053792360335,0.277468237847429
"[0.5012450046384784, 0.7048359643149668, -0.9031169701246896, 0.47928365351588226]",28.504002563093433,0.2775310703288256
"[0.5012283250828266, 0.7048256621780459, -0.9031137941198426, 0.4792937695312394]",28.503951388743165,0.2775939028102222
"[0.5012116446092904, 0.7048153610243413, -0.9031106180602699, 0.4793038847014412]",28.503900205600328,0.27765673529161883
"[0.5011949696473254, 0.7048050648234966, -0.9031074431701874, 0.47931399512844264]",28.503849067236487,0.2777195677730155
"[0.5011782956941344, 0.7047947707940032, -0.9031042685922582, 0.47932410354347343]",28.503797936570685,0.27778240025441203
"[0.5011616280092293, 0.7047844821816533, -0.9031010953278283, 0.4793342067591653]",28.50374684862348,0.2778452327358087
"[0.5011449594311491, 0.7047741945647955, -0.9030979220134705, 0.4793443091174133]",28.503695756590353,0.2779080652172053
"[0.5011282961012915, 0.7047639117329397, -0.9030947498183778, 0.4793544068968789]",28.503644706900168,0.2779708976986019
"[0.5011116360946267, 0.7047536324966933, -0.9030915783760491, 0.4793645012654361]",28.503593681978792,0.2780337301799985
"[0.5010949784781343, 0.7047433562793116, -0.9030884075088701, 0.47937459278937233]",28.503542673683402,0.2780965626613951
"[0.5010783235760958, 0.7047330832798572, -0.9030852372785736, 0.4793846812731257]",28.503491686235588,0.2781593951427917
"[0.5010616727800595, 0.704722814355443, -0.9030820679500231, 0.47939476587488195]",28.503440729565195,0.2782222276241883
"[0.5010450243742939, 0.7047125484467579, -0.9030788991966339, 0.4794048476348463]",28.50338979357881,0.27828506010558496
"[0.5010283789685713, 0.7047022859287841, -0.9030757311344669, 0.4794149261846813]",28.503338876489856,0.2783478925869815
"[0.5010117380717657, 0.7046920277304821, -0.903072564050679, 0.47942500061197685]",28.503287996266266,0.27841072506837816
"[0.5009950969945455, 0.7046817709602625, -0.9030693970528112, 0.4794350737564522]",28.5032371139299,0.27847355754977476
"[0.5009784607966088, 0.7046715187357588, -0.9030662311037939, 0.4794451425562147]",28.503186268322533,0.27853639003117137
"[0.500961828903586, 0.7046612707014593, -0.903063066094281, 0.47945520736029484]",28.5031354534977,0.27859922251256797
"[0.5009451975541523, 0.7046510245388165, -0.9030599013085077, 0.47946527044571124]",28.50308464688585,0.27866205499396457
"[0.5009285720856698, 0.7046407835348817, -0.9030567377621118, 0.4794753285840536]",28.50303388185211,0.27872488747536117
"[0.500911947468571, 0.7046305445903233, -0.9030535744980371, 0.4794853848192166]",28.50298312396363,0.27878771995675783
"[0.50089532713954, 0.7046203098207827, -0.9030504121702048, 0.47949543707323344]",28.502932396888674,0.27885055243815443
"[0.5008787092579933, 0.7046100780916139, -0.9030472504283957, 0.47950548646042274]",28.50288168887528,0.27891338491955103
"[0.5008620941904154, 0.7045998496274776, -0.9030440893423387, 0.4795155327600478]",28.502831003885156,0.27897621740094763
"[0.5008454825720207, 0.7045896248182795, -0.9030409290328766, 0.4795255755890575]",28.50278034888702,0.27903904988234424
"[0.5008288732659296, 0.7045794029631728, -0.9030377692837184, 0.47953561563574104]",28.502729703797772,0.27910188236374084
"[0.5008122689015713, 0.7045691856791167, -0.9030346105950646, 0.47954565131179866]",28.50267910067154,0.2791647148451375
"[0.5007956657105415, 0.7045589706461555, -0.903031452250035, 0.47955568489586226]",28.502628503452314,0.2792275473265341
"[0.5007790677788384, 0.7045487603770184, -0.9030282950258778, 0.4795657139197449]",28.502577949598418,0.2792903798079307
"[0.5007624700632686, 0.7045385517683452, -0.9030251379632864, 0.47957574143163645]",28.50252739532949,0.2793532122893273
"[0.5007458760151772, 0.7045283469421169, -0.9030219817187595, 0.47958576534713626]",28.502476870605125,0.2794160447707239
"[0.500729287159153, 0.7045181468344167, -0.9030188265822408, 0.4795957847466382]",28.50242638429259,0.2794788772521205
"[0.5007126994653348, 0.704507948966233, -0.9030156717872556, 0.47960580206514447]",28.502375907026632,0.27954170973351716
"[0.5006961151801332, 0.704497754717714, -0.9030125177610554, 0.4796158159468715]",28.502325452483884,0.2796045422149137
"[0.5006795334643903, 0.7044875635719547, -0.9030093643440399, 0.4796258268994923]",28.5022750193148,0.27966737469631037
"[0.500662955672828, 0.704477376360401, -0.9030062117938306, 0.47963583410616983]",28.502224618510162,0.27973020717770697
"[0.50064638050511, 0.7044671922828134, -0.9030030598631328, 0.47964583835291175]",28.502174235196183,0.27979303965910357
"[0.5006298077295213, 0.7044570111958689, -0.9029999085078871, 0.47965583978043425]",28.502123870421524,0.2798558721405002
"[0.5006132394895878, 0.7044468344151539, -0.9029967581356737, 0.4796658370962708]",28.50207354149183,0.2799187046218968
"[0.5005966719493424, 0.7044366595835132, -0.902993608017102, 0.4796758326159295]",28.502023216647757,0.2799815371032934
"[0.5005801093376283, 0.704426489297012, -0.9029904589562322, 0.4796858237890142]",28.50197292706926,0.28004436958469
"[0.5005635496651579, 0.7044163223327805, -0.9029873105748116, 0.479695811816752]",28.501922662791298,0.28010720206608664
"[0.5005469915983187, 0.7044061578711375, -0.9029841626192986, 0.4797057975043273]",28.501872409134048,0.2801700345474832
"[0.5005304371813064, 0.7043959971659649, -0.9029810154783275, 0.4797157796198328]",28.501822185332795,0.28023286702887984
"[0.5005138865393466, 0.7043858402928346, -0.9029778691756818, 0.4797257580889243]",28.501771984600627,0.28029569951027644
"[0.5004973389248721, 0.7043756867917765, -0.9029747235692311, 0.4797357333633973]",28.501721812454832,0.28035853199167304
"[0.5004807926071608, 0.7043655355999721, -0.9029715783299862, 0.4797457064873467]",28.50167164809265,0.28042136447306965
"[0.5004642509580713, 0.7043553887849778, -0.9029684340988853, 0.47975567542939807]",28.501621523073048,0.2804841969544663
"[0.5004477129788849, 0.7043452457327605, -0.9029652906860594, 0.4797656407927096]",28.501571420241653,0.28054702943586285
"[0.5004311765927804, 0.7043351051685776, -0.9029621476967619, 0.47977560382961515]",28.501521331885083,0.2806098619172595
"[0.5004146428390006, 0.7043249677288799, -0.9029590053285279, 0.479785563914738]",28.50147126098337,0.2806726943986561
"[0.500398113076317, 0.704314834245606, -0.9029558638395879, 0.4797955202306021]",28.501421223557422,0.2807355268800527
"[0.5003815865913093, 0.704304704280137, -0.9029527230943339, 0.47980547320805844]",28.50137121036476,0.2807983593614493
"[0.5003650614930049, 0.7042945766724917, -0.9029495827334064, 0.4798154239867495]",28.50132120646321,0.28086119184284597
"[0.5003485401115498, 0.7042844528497665, -0.9029464431996176, 0.4798253711644196]",28.5012712324283,0.2809240243242425
"[0.5003320224392126, 0.7042743328059458, -0.9029433044914745, 0.4798353147468788]",28.501221283619632,0.2809868568056392
"[0.5003155063360226, 0.7042642152289204, -0.9029401662023373, 0.47984525602327927]",28.501171350654754,0.2810496892870358
"[0.5002989954648629, 0.7042541023613494, -0.9029370290281867, 0.47985519278994493]",28.50112145706888,0.2811125217684324
"[0.5002824860558144, 0.7042439918929717, -0.9029338922526985, 0.4798651273168157]",28.501071570558853,0.281175354249829
"[0.5002659795398336, 0.7042338846992818, -0.9029307561477614, 0.479875058743562]",28.50102170659918,0.2812381867312256
"[0.5002494767213782, 0.7042237812716624, -0.9029276208662023, 0.4798849865872569]",28.50097187393082,0.2813010192126222
"[0.5002329764378609, 0.7042136808972672, -0.902924486187135, 0.47989491154826835]",28.500922058392156,0.28136385169401884
"[0.5002164792411793, 0.7042035839128922, -0.9029213522154036, 0.47990483329556827]",28.50087226822794,0.28142668417541544
"[0.5001999852441555, 0.7041934903864743, -0.9029182189724287, 0.4799147517623101]",28.50082249907421,0.28148951665681204
"[0.500183493243939, 0.7041833995809383, -0.9029150862297145, 0.47992466767270864]",28.50077274935705,0.28155234913820865
"[0.5001670052437874, 0.70417331272094, -0.9029119543677807, 0.4799345798232484]",28.500723026735734,0.28161518161960525
"[0.5001505193723513, 0.7041632286605413, -0.9029088230311584, 0.47994448933993145]",28.50067332182552,0.28167801410100185
"[0.5001340373870038, 0.7041531484736075, -0.9029056925536352, 0.47995439516739513]",28.500623645196843,0.28174084658239845
"[0.5001175574084702, 0.7041430710097366, -0.9029025625782656, 0.47996429843605765]",28.50057398431852,0.2818036790637951
"[0.5001010824129374, 0.7041329980876457, -0.9028994336702859, 0.4799741973585439]",28.500524360560384,0.28186651154519166
"[0.500084609421211, 0.7041229278846212, -0.9028963052638708, 0.4799840937259859]",28.50047475080874,0.2819293440265883
"[0.5000681375282701, 0.7041128598467321, -0.9028931771871695, 0.4799939880826976]",28.500425153616767,0.2819921765079849
"[0.5000516706217335, 0.7041027963491004, -0.9028900501784459, 0.48000387809444345]",28.500375593366265,0.2820550089893815
"[0.5000352064512762, 0.7040927360151643, -0.9028869238103431, 0.4800137651139507]",28.500326048693417,0.2821178414707781
"[0.5000187443197023, 0.7040826784179998, -0.9028837979504744, 0.4800236495607163]",28.5002765240034,0.2821806739521747
"[0.5000022851501471, 0.7040726241206576, -0.9028806727741292, 0.4800335308813081]",28.50022702258556,0.2822435064335713
"[0.4999858303658287, 0.7040625739912746, -0.902877548551515, 0.4800434082224255]",28.50017755040958,0.282306338914968
"[0.4999693777935584, 0.7040525267013793, -0.902874424869999, 0.48005328288960764]",28.50012809980978,0.2823691713963646
"[0.49995292781709344, 0.7040424824843964, -0.902871301802445, 0.48006315465336896]",28.50007866576249,0.2824320038777612
"[0.49993648085055015, 0.7040324415921821, -0.9028681794274682, 0.4800730232660951]",28.500029256522307,0.2824948363591578
"[0.4999200373837416, 0.7040224043226174, -0.9028650578380423, 0.48008288843492625]",28.499979870323962,0.2825576688405544
"[0.4999035963607139, 0.7040123700300746, -0.9028619368336984, 0.48009275079433517]",28.49993050559294,0.282620501321951
"[0.49988715782799087, 0.7040023387420234, -0.9028588164232696, 0.4801026103172487]",28.499881159566996,0.28268333380334765
"[0.4998707229318148, 0.7039923111568487, -0.9028556968243282, 0.4801124663171545]",28.499831841727392,0.2827461662847442
"[0.49985429159179917, 0.7039822872242703, -0.9028525780215921, 0.4801223188433739]",28.49978254956704,0.28280899876614085
"[0.49983786129148206, 0.703972265408244, -0.9028494595374222, 0.4801321694056152]",28.499733262625796,0.28287183124753745
"[0.49982143487645925, 0.7039622474435441, -0.9028463419119163, 0.48014201629867503]",28.49968401110926,0.28293466372893405
"[0.4998050115864883, 0.7039522328653177, -0.9028432250007644, 0.4801518599793716]",28.49963477991018,0.28299749621033066
"[0.49978859216030447, 0.7039422221228286, -0.9028401089441473, 0.4801617000060125]",28.49958557775537,0.2830603286917273
"[0.4997721749365977, 0.7039322142021184, -0.9028369934267719, 0.48017153737517937]",28.499536392986222,0.28312316117312386
"[0.4997557596342824, 0.7039222089310279, -0.9028338783953079, 0.4801813722560319]",28.499487220615457,0.2831859936545205
"[0.49973934923028096, 0.7039122081228321, -0.902830764414648, 0.4801912028660824]",28.499438089461094,0.2832488261359171
"[0.49972293899782966, 0.7039022088960216, -0.9028276505878574, 0.48020103203772585]",28.499388956735174,0.2833116586173137
"[0.49970653456139136, 0.7038922146766792, -0.9028245379821634, 0.48021085640306194]",28.499339871105338,0.2833744910987103
"[0.4996901319848573, 0.7038822230654874, -0.9028214258506932, 0.48022067832052834]",28.499290794894083,0.283437323580107
"[0.49967373200527493, 0.7038722345105624, -0.9028183143332964, 0.48023049734955187]",28.49924174113388,0.2835001560615035
"[0.4996573356815292, 0.7038622496557294, -0.9028152036308585, 0.48024031285714575]",28.499192714938175,0.28356298854290013
"[0.4996409411239663, 0.7038522673492627, -0.9028120933848715, 0.48025012597542405]",28.49914370155753,0.2836258210242968
"[0.4996245500598982, 0.7038422886419249, -0.9028089839230243, 0.48025993567135605]",28.499094716029646,0.28368865350569333
"[0.4996081619642471, 0.7038323132129294, -0.9028058751456915, 0.4802697422602058]",28.499045751273027,0.28375148598709
"[0.4995917766694153, 0.7038223409592296, -0.9028027670210724, 0.48027954584319293]",28.498996807757432,0.2838143184684866
"[0.4995753950450221, 0.7038123724089602, -0.9027996597141084, 0.4802893459010265]",28.49894789450507,0.2838771509498832
"[0.49955901544577913, 0.7038024065599096, -0.9027965529127102, 0.48029914341889673]",28.498898994666323,0.2839399834312798
"[0.49954263844648616, 0.7037924437609293, -0.9027934467259069, 0.4803089380537738]",28.498850115496946,0.28400281591267645
"[0.499526263984345, 0.703782483972874, -0.9027903411417861, 0.4803187298440677]",28.498801253507825,0.284065648394073
"[0.4995098949620794, 0.7037725289600039, -0.9027872367108464, 0.480328517055171]",28.498752435962828,0.28412848087546966
"[0.4994935274469433, 0.7037625763293879, -0.9027841326872096, 0.4803383020395849]",28.498703627801568,0.28419131335686626
"[0.4994771613254495, 0.7037526260113761, -0.902781029049377, 0.4803480848657345]",28.498654831137245,0.28425414583826286
"[0.49946080013496363, 0.7037426801555272, -0.9027779264681516, 0.48035786342015585]",28.49860607026167,0.28431697831965946
"[0.49944444133640964, 0.7037327372171122, -0.9027748244620226, 0.4803676392214962]",28.498557329082256,0.2843798108010561
"[0.49942808582904413, 0.7037227977416962, -0.902771723201501, 0.4803774117332791]",28.4985086130406,0.28444264328245267
"[0.4994117320663843, 0.7037128607885309, -0.9027686223933484, 0.48038718188037643]",28.498459910491253,0.2845054757638493
"[0.49939538117199755, 0.7037029270394666, -0.9027655222506068, 0.4803969489923127]",28.498411225713365,0.2845683082452459
"[0.4993790343905521, 0.7036929972494634, -0.9027624230092447, 0.48040671232669985]",28.498362575661854,0.28463114072664253
"[0.4993626909292755, 0.7036830709357392, -0.9027593245189293, 0.48041647235812507]",28.49831395275092,0.28469397320803913
"[0.49934634842825243, 0.7036731466641473, -0.9027562263322615, 0.4804262304966463]",28.49826533347376,0.28475680568943573
"[0.49933001067366417, 0.7036632267329057, -0.9027531291670117, 0.4804359844824354]",28.49821674975183,0.28481963817083233
"[0.4993136745086503, 0.7036533092241353, -0.9027500324247147, 0.48044573620120085]",28.498168181216148,0.284882470652229
"[0.4992973416540458, 0.7036433951816315, -0.9027469364315789, 0.48045548462652343]",28.49811963564827,0.2849453031336256
"[0.4992810101342174, 0.7036334834053167, -0.9027438408131141, 0.4804652309383631]",28.498071102812123,0.2850081356150222
"[0.499264684197529, 0.703623576472389, -0.9027407463745706, 0.4804749726024512]",28.49802261298316,0.2850709680964188
"[0.49924835895048414, 0.7036136714122871, -0.902737652188413, 0.48048471253970615]",28.49797412295153,0.2851338005778154
"[0.4992320372073157, 0.7036037699316884, -0.9027345587880423, 0.4804944490718372]",28.497925661418975,0.285196633059212
"[0.49921572034941003, 0.7035938728672284, -0.902731466435229, 0.4805041813760367]",28.497877237565834,0.28525946554060866
"[0.4991994041292367, 0.7035839776415673, -0.9027283743249788, 0.48051391198665916]",28.497828820405164,0.2853222980220052
"[0.4991830920220362, 0.7035740863614451, -0.9027252831158905, 0.480523638831941]",28.497780434306282,0.2853851305034018
"[0.4991667830599227, 0.7035641984387138, -0.902722192624522, 0.48053336249015643]",28.49773206791852,0.28544796298479846
"[0.49915047432377924, 0.7035543121028818, -0.9027191022977257, 0.4805430847023265]",28.497683706955836,0.28551079546619507
"[0.49913417085937706, 0.7035444304116946, -0.9027160130916141, 0.4805528024613898]",28.497635387757626,0.28557362794759167
"[0.49911786905583444, 0.7035345511753937, -0.9027129243219689, 0.4805625179206838]",28.497587076914225,0.28563646042898827
"[0.4991015712272299, 0.7035246757953614, -0.9027098364272397, 0.48057222970197794]",28.497538797482296,0.28569929291038487
"[0.4990852760526433, 0.7035148034700797, -0.9027067491571369, 0.4805819385934214]",28.497490537948938,0.2857621253917815
"[0.49906898262969274, 0.7035049336520135, -0.9027036623407005, 0.480591645133418]",28.497442294663962,0.28582495787317813
"[0.4990526928152629, 0.7034950674650192, -0.9027005763297158, 0.4806013482166261]",28.49739407600954,0.2858877903545747
"[0.49903640624673956, 0.7034852046883165, -0.9026974910554653, 0.4806110480600833]",28.49734588267672,0.28595062283597134
"[0.49902012328899237, 0.7034753455417034, -0.9026944065870462, 0.48062074444752995]",28.497297716244454,0.28601345531736794
"[0.49900384105664697, 0.7034654882772972, -0.9026913223778903, 0.4806304390979275]",28.497249554955452,0.28607628779876454
"[0.4989875627288352, 0.7034556348188985, -0.9026882390301968, 0.4806401301191415]",28.497201423844466,0.28613912028016114
"[0.4989712867560261, 0.7034457842274361, -0.9026851562504473, 0.480649818434679]",28.497153310126826,0.2862019527615578
"[0.49895501558074334, 0.7034359379800386, -0.9026820745012454, 0.4806595025916455]",28.497105235473956,0.28626478524295434
"[0.4989387449815606, 0.7034260935211843, -0.9026789929830511, 0.4806691851034184]",28.497057162863094,0.286327617724351
"[0.4989224787232876, 0.7034162531278727, -0.902675912408887, 0.48067886373038354]",28.497009123743066,0.2863904502057476
"[0.4989062148094582, 0.7034064155911948, -0.9026728324006332, 0.4806885396614852]",28.496961101553698,0.2864532826871442
"[0.49888995414186604, 0.7033965814556299, -0.9026697531290598, 0.4806982123611091]",28.496913104328108,0.2865161151685408
"[0.4988736943817931, 0.7033867493059736, -0.9026666741512934, 0.48070788322116403]",28.496865115841533,0.28657894764993747
"[0.49885743950567785, 0.7033769215457324, -0.9026635962203085, 0.48071754987748977]",28.496817160104676,0.286641780131334
"[0.4988411868596564, 0.7033670965691886, -0.9026605188335588, 0.48072721390938616]",28.496769224711684,0.28670461261273067
"[0.4988249372465, 0.7033572748606838, -0.9026574421430411, 0.48073687484037064]",28.49672131155585,0.28676744509412727
"[0.49880869067808153, 0.7033474564263512, -0.9026543661509898, 0.4807465326643251]",28.496673422143992,0.2868302775755239
"[0.49879244592447314, 0.7033376405220102, -0.9026512906245391, 0.4807561881131861]",28.496625544630852,0.2868931100569205
"[0.4987762049495683, 0.7033278283333619, -0.9026482159354935, 0.4807658400205549]",28.496577695547263,0.28695594253831713
"[0.49875996728527244, 0.7033180195764213, -0.9026451419952087, 0.4807754886656828]",28.49652987568057,0.2870187750197137
"[0.4987437311902013, 0.7033082131983757, -0.9026420684740237, 0.48078513508412524]",28.496482066411055,0.28708160750111034
"[0.49872749779768827, 0.7032984098829355, -0.9026389955864864, 0.48079477860325914]",28.49643427674156,0.28714443998250694
"[0.4987112682155673, 0.7032886102980145, -0.9026359235422842, 0.4808044185659692]",28.49638651320621,0.2872072724639035
"[0.49869504118019153, 0.7032788136795338, -0.9026328521022071, 0.4808140557238011]",28.496338772524012,0.28727010494530014
"[0.49867881656561824, 0.7032690199505593, -0.9026297812424152, 0.48082369015236426]",28.496291047842476,0.28733293742669674
"[0.49866259497014603, 0.7032592294712853, -0.9026267110761415, 0.4808333214972457]",28.496243351043844,0.28739576990809335
"[0.49864637613269075, 0.7032494420831326, -0.902623641553961, 0.4808429499143659]",28.496195668452266,0.28745860238948995
"[0.4986301619368239, 0.7032396589215455, -0.9026205730323219, 0.4808525742866248]",28.49614802464172,0.2875214348708866
"[0.4986139483209289, 0.7032298775349214, -0.9026175047425627, 0.4808621970257592]",28.49610038512427,0.28758426735228315
"[0.49859773794977874, 0.7032200995301422, -0.9026144371889795, 0.48087181655088845]",28.4960527711476,0.2876470998336798
"[0.49858153120732296, 0.7032103251376522, -0.9026113704442039, 0.48088143263521055]",28.496005182184458,0.2877099323150764
"[0.4985653266527697, 0.7032005534874951, -0.9026083042355881, 0.48089104613451145]",28.495957608556427,0.287772764796473
"[0.4985491249951191, 0.7031907850063017, -0.9026052386972849, 0.4809006566289913]",28.495910062489056,0.2878355972778696
"[0.4985329264390501, 0.7031810198164508, -0.9026021738680078, 0.48091026399816705]",28.495862536127305,0.2878984297592662
"[0.4985167298452104, 0.7031712572301843, -0.9025991095321824, 0.4809198689186083]",28.495815026712908,0.2879612622406628
"[0.49850053798582394, 0.7031614989173587, -0.9025960462142816, 0.4809294697473365]",28.495767551607617,0.2880240947220595
"[0.49848434680192744, 0.7031517424308115, -0.9025929831463876, 0.48093906889194415]",28.49572007981118,0.2880869272034561
"[0.4984681585847503, 0.7031419891504804, -0.9025899207619699, 0.4809486649946885]",28.495672636691964,0.2881497596848527
"[0.49845197424184173, 0.7031322396220177, -0.9025868592326886, 0.48095825751861965]",28.495625215534456,0.2882125921662493
"[0.4984357916936783, 0.7031224925917249, -0.9025837981651579, 0.4809678476971662]",28.49557781233518,0.2882754246476459
"[0.49841961217408487, 0.7031127488018831, -0.9025807377927655, 0.4809774347999226]",28.495530430413755,0.2883382571290425
"[0.49840343654060254, 0.703103008767787, -0.90257767827769, 0.4809870183197872]",28.495483080544492,0.28840108961043914
"[0.49838726338573425, 0.7030932716408477, -0.9025746193536947, 0.48099659909162573]",28.495435745874662,0.2884639220918357
"[0.4983710921620318, 0.7030835370906579, -0.9025715609172401, 0.48100617744047414]",28.495388428959146,0.28852675457323235
"[0.49835492480910476, 0.7030738062837972, -0.9025685033351494, 0.4810157522183915]",28.49534113912275,0.28858958705462895
"[0.4983387597425097, 0.7030640782655819, -0.9025654463077544, 0.48102532436466755]",28.49529386870169,0.28865241953602555
"[0.49832259743132845, 0.7030543533173981, -0.9025623899237605, 0.48103489360235346]",28.495246618960618,0.28871525201742215
"[0.49830643750978093, 0.703044631218249, -0.9025593341139917, 0.4810444601488333]",28.49519938750261,0.2887780844988188
"[0.49829028135716674, 0.7030349127969004, -0.9025562791392538, 0.48105402318851637]",28.495152181987333,0.28884091698021536
"[0.4982741264045788, 0.7030251965071902, -0.9025532245137877, 0.4810635842427727]",28.49510498955982,0.288903749461612
"[0.4982579760102424, 0.7030154843679108, -0.9025501708725641, 0.4810731413249836]",28.495057827829275,0.2889665819430086
"[0.49824182734621186, 0.7030057746774012, -0.9025471176808696, 0.4810826961095563]",28.495010681772573,0.2890294144244052
"[0.4982256811421687, 0.7029960678736128, -0.9025440650766688, 0.48109224816546314]",28.494963554472612,0.2890922469058018
"[0.49820953935784074, 0.7029863651335634, -0.9025410134304431, 0.4811017963343587]",28.494916458145795,0.2891550793871984
"[0.49819339824403164, 0.7029766642027305, -0.9025379620333921, 0.48111134283477586]",28.494869367616143,0.289217911868595
"[0.49817726162470816, 0.7029669673784384, -0.9025349116084116, 0.4811208854058874]",28.494822312588624,0.2892807443499916
"[0.49816112765961607, 0.7029572735536689, -0.9025318618075966, 0.4811304251370081]",28.494775280390623,0.2893435768313883
"[0.4981449956704872, 0.7029475823200603, -0.9025288125027341, 0.48113996242993945]",28.49472825604975,0.28940640931278483
"[0.4981288670385056, 0.7029378945064222, -0.9025257639548904, 0.48114949646896116]",28.49468126455768,0.2894692417941815
"[0.4981127417815047, 0.7029282101223543, -0.9025227161674128, 0.481159027244536]",28.49463429563768,0.2895320742755781
"[0.4980966181652412, 0.7029185281254289, -0.9025196688125122, 0.48116855578248524]",28.49458733825597,0.2895949067569747
"[0.4980804979445637, 0.7029088495685176, -0.9025166222218499, 0.48117808104655235]",28.494540407103816,0.2896577392383713
"[0.4980643797344028, 0.7028991736190885, -0.9025135761336495, 0.4811876038560069]",28.49449349337074,0.28972057171976795
"[0.49804826397952645, 0.7028895005433247, -0.9025105306319675, 0.4811971239488123]",28.494446596850644,0.2897834042011645
"[0.4980321523814242, 0.7028798313614092, -0.9025074860383225, 0.4812066403208318]",28.49439972994151,0.28984623668256115
"[0.4980160419783176, 0.7028701642949363, -0.9025044417930214, 0.48121615472228874]",28.494352874120864,0.28990906916395776
"[0.49799993650308755, 0.7028605015827957, -0.9025013986014178, 0.481225664949568]",28.494306055252547,0.28997190164535436
"[0.4979838320057558, 0.7028508408541395, -0.9024983557171333, 0.4812351733360216]",28.494259244793255,0.29003473412675096
"[0.49796773134969413, 0.7028411838257832, -0.9024953136811882, 0.48124467819183736]",28.494212461281155,0.2900975666081476
"[0.49795163336237264, 0.7028315297933837, -0.9024922722720242, 0.4812541802101711]",28.494165700123276,0.29016039908954416
"[0.497935537606321, 0.7028218784936868, -0.9024892314069877, 0.4812636796500626]",28.494118954534176,0.2902232315709408
"[0.497919445253493, 0.7028122306284873, -0.9024861913074743, 0.48127317582067974]",28.494072234304312,0.2902860640523374
"[0.4979033543302377, 0.7028025850136497, -0.9024831516006281, 0.4812826698874696]",28.49402552522053,0.290348896533734
"[0.49788726676687917, 0.702792942805441, -0.9024801126511004, 0.4812921607122625]",28.493978843666167,0.2904117290151306
"[0.49787118279698983, 0.7027833041427266, -0.902477074502986, 0.4813016481582812]",28.493932190177972,0.29047456149652723
"[0.49785510016182366, 0.7027736676710216, -0.9024740367296203, 0.48131113355869]",28.49388553949953,0.29053739397792383
"[0.49783902158784965, 0.702764035023066, -0.9024709998459824, 0.4813206153062691]",28.493838925276716,0.2906002264593205
"[0.4978229448196506, 0.7027544048466483, -0.9024679634260605, 0.481330094731966]",28.493792326417612,0.2906630589407171
"[0.49780687203791063, 0.7027447784470415, -0.9024649278817055, 0.48133957055086085]",28.493745758277605,0.2907258914221137
"[0.49779080070475396, 0.7027351543033141, -0.902461892733599, 0.4813490442600178]",28.49369919617052,0.2907887239035103
"[0.4977747323823529, 0.7027255333501492, -0.9024588582767648, 0.48135851493929754]",28.493652661251673,0.2908515563849069
"[0.4977586677758969, 0.7027159160086757, -0.9024558246443516, 0.4813679821740595]",28.49360615094678,0.2909143888663035
"[0.4977426057573744, 0.7027063016025539, -0.902452791623325, 0.4813774466300014]",28.493559659959416,0.2909772213477001
"[0.49772654497772134, 0.7026966893235225, -0.902449758958948, 0.48138690910272025]",28.493513181937026,0.2910400538290967
"[0.4977104871971712, 0.7026870802243044, -0.9024467269835983, 0.48139636855583506]",28.493466725896642,0.2911028863104933
"[0.49769443346907294, 0.7026774749340874, -0.9024436958961367, 0.4814058243698637]",28.49342029952188,0.29116571879188996
"[0.497678383023743, 0.7026678729911765, -0.9024406655512077, 0.48141527699922115]",28.49337389803196,0.29122855127328656
"[0.49766233388042985, 0.7026582732097938, -0.9024376355748422, 0.4814247276111786]",28.493327507728587,0.29129138375468316
"[0.49764628755013385, 0.7026486764929841, -0.9024346062523123, 0.481434175316661]",28.493281138271076,0.29135421623607977
"[0.49763024339817713, 0.7026390824602969, -0.9024315774637937, 0.48144362049014033]",28.493234784835046,0.29141704871747637
"[0.4976142028598544, 0.7026294919690299, -0.9024285494802246, 0.48145306228754053]",28.493188458306438,0.29147988119887297
"[0.4975981661428199, 0.7026199051421474, -0.9024255223407706, 0.4814625005877073]",28.49314216222306,0.2915427136802696
"[0.49758213004131413, 0.7026103200624354, -0.902422495440303, 0.4814719372780862]",28.49309587160193,0.2916055461616662
"[0.4975660971507644, 0.7026007382805041, -0.9024194692687306, 0.4814813708320131]",28.493049602215414,0.29166837864306283
"[0.497550068255522, 0.7025911602639706, -0.9024164439740666, 0.48149080078900924]",28.493003363609912,0.29173121112445943
"[0.49753404133067114, 0.702581584801806, -0.9024134191741124, 0.48150022834130507]",28.49295714157428,0.29179404360585603
"[0.4975180165891201, 0.702572012020503, -0.902410394909053, 0.48150965336429635]",28.492910937355457,0.29185687608725264
"[0.4975019941251779, 0.7025624419755808, -0.9024073711966878, 0.4815190758032554]",28.49286474690099,0.2919197085686493
"[0.49748597614396345, 0.7025528759830367, -0.902404348453134, 0.4815284943623938]",28.49281859353486,0.29198254105004584
"[0.49746996024426454, 0.7025433126077887, -0.9024013262252362, 0.4815379104545881]",28.49277245542761,0.2920453735314425
"[0.4974539469198682, 0.7025337521438559, -0.902398304606171, 0.4815473237902791]",28.49272633689448,0.2921082060128391
"[0.4974379366400487, 0.702524194870468, -0.9023952836844737, 0.481556734094457]",28.49268023982431,0.2921710384942357
"[0.4974219283214144, 0.7025146401400235, -0.9023922632557179, 0.48156614200469294]",28.492634158641827,0.2922338709756323
"[0.49740592242531395, 0.7025050882270919, -0.9023892434069503, 0.4815755472505724]",28.492588095763082,0.29229670345702896
"[0.4973899207341043, 0.702495540194269, -0.9023862244744251, 0.4815849487857269]",28.492542066299148,0.2923595359384255
"[0.49737392030714384, 0.702485994285975, -0.9023832059033391, 0.48159434833872405]",28.492496043578807,0.29242236841982217
"[0.497357922884662, 0.7024764515396675, -0.9023801880219989, 0.4816037448879484]",28.492450046786573,0.29248520090121877
"[0.49734192866656873, 0.7024669120735633, -0.9023771708680971, 0.48161313831691144]",28.49240407055871,0.29254803338261537
"[0.4973259376492763, 0.7024573758844868, -0.9023741544409333, 0.4816225286286538]",28.49235812342197,0.29261086586401197
"[0.49730994809607365, 0.7024478419359294, -0.902371138412905, 0.48163191684376105]",28.492312187279097,0.29267369834540863
"[0.497293961428374, 0.702438311074654, -0.9023681230521269, 0.48164130212834827]",28.49226626805404,0.2927365308268052
"[0.4972779791941754, 0.7024287842223508, -0.9023651086505454, 0.48165068357471086]",28.49222038472805,0.2927993633082018
"[0.49726199712126185, 0.7024192588315945, -0.9023620944023777, 0.4816600636913247]",28.4921745030925,0.29286219578959843
"[0.49724602019671044, 0.702409737873811, -0.9023590812481845, 0.48166943955200786]",28.492128660214124,0.292925028270995
"[0.4972300447987556, 0.7024002191896388, -0.9023560685048968, 0.4816788132831256]",28.492082829440346,0.29298786075239164
"[0.4972140710025878, 0.7023907028232471, -0.9023530561867095, 0.4816881848411293]",28.492037013200473,0.29305069323378824
"[0.497198102313242, 0.7023811908616748, -0.9023500449545706, 0.4816975521706506]",28.491991228519524,0.29311352571518484
"[0.49718213368557646, 0.7023716802988398, -0.9023470338571039, 0.4817069182319897]",28.491945450642273,0.29317635819658144
"[0.49716616857621665, 0.7023621731927481, -0.9023440235461117, 0.4817162809983532]",28.491899695306035,0.2932391906779781
"[0.49715020707680996, 0.7023526695968387, -0.9023410140388427, 0.48172564041702076]",28.49185397170602,0.29330202315937465
"[0.4971342475582577, 0.7023431685402056, -0.9023380050281203, 0.48173499744409165]",28.491808262272155,0.2933648556407713
"[0.4971182926924052, 0.7023336716123698, -0.902334997017669, 0.4817443505140545]",28.491762587706056,0.2934276881221679
"[0.49710233727500824, 0.7023241757148447, -0.9023319890263226, 0.4817537026783979]",28.49171690728075,0.2934905206035645
"[0.4970863850501874, 0.7023146830753801, -0.9023289817599612, 0.4817630517430457]",28.49167125221443,0.2935533530849611
"[0.4970704376161149, 0.7023051946437626, -0.9023259755198254, 0.48177239677247546]",28.491625637361825,0.2936161855663577
"[0.4970544911868827, 0.7022957081664818, -0.9023229695922199, 0.48178173998605994]",28.49158002195206,0.2936790180477543
"[0.4970385483288117, 0.7022862251694327, -0.9023199644608975, 0.481791079880882]",28.491534436999668,0.29374185052915097
"[0.49702260879923055, 0.7022767455071576, -0.9023169600800877, 0.48180041660011447]",28.491488880279036,0.2938046830105476
"[0.497006669672361, 0.7022672674389351, -0.9023139558983289, 0.48180975185817226]",28.49144332646486,0.2938675154919442
"[0.4969907347459553, 0.7022577932222624, -0.9023109526314115, 0.481819083431506]",28.491397802024345,0.2939303479733408
"[0.4969748024929155, 0.7022483219480757, -0.9023079499914952, 0.4818284122154039]",28.491352299744758,0.2939931804547374
"[0.4969588724886907, 0.7022388533631656, -0.9023049478985593, 0.4818377384591952]",28.49130681131554,0.294056012936134
"[0.49694294516531623, 0.7022293877234729, -0.9023019464340177, 0.4818470619107169]",28.49126134577944,0.29411884541753064
"[0.4969270214857052, 0.7022199256002343, -0.9022989457793056, 0.4818563820072291]",28.491215906686868,0.2941816778989272
"[0.49691109940788925, 0.7022104657791944, -0.9022959455496241, 0.4818656999446876]",28.491170479972634,0.29424451038032384
"[0.49689517914488557, 0.702201008386247, -0.9022929457851238, 0.48187501559903334]",28.491125071312393,0.29430734286172044
"[0.496879264478364, 0.7021915556667337, -0.9022899471983271, 0.4818843267584796]",28.49107970096468,0.29437017534311705
"[0.49686334975018936, 0.7021821042590083, -0.902286948723134, 0.4818936367342549]",28.49103433173472,0.29443300782451365
"[0.49684743898907163, 0.7021726565549146, -0.9022839511185934, 0.4819029431702472]",28.49098899107069,0.2944958403059103
"[0.49683153069150054, 0.7021632116606453, -0.9022809541014181, 0.4819122469468142]",28.490943669742535,0.29455867278730685
"[0.4968156250561383, 0.7021537696932773, -0.9022779577090255, 0.48192154794855624]",28.490898369630017,0.29462150526870345
"[0.4967997229507281, 0.7021443311669204, -0.902274962104864, 0.4819308456689568]",28.490853095443182,0.2946843377501001
"[0.4967838212070995, 0.7021348942004263, -0.9022719666921255, 0.4819401419610415]",28.490807822298105,0.29474717023149666
"[0.4967679241205681, 0.7021254613420365, -0.9022689722799099, 0.48194943431448317]",28.49076258847631,0.2948100027128933
"[0.4967520288067408, 0.702116030879149, -0.9022659783248835, 0.48195872441629184]",28.49071736444836,0.2948728351942899
"[0.4967361356482937, 0.7021066030381389, -0.9022629848991279, 0.48196801204339995]",28.490672156923544,0.2949356676756865
"[0.4967202452699676, 0.702097178188742, -0.9022599921203037, 0.4819772968315013]",28.49062697466142,0.2949985001570831
"[0.4967043595713865, 0.7020877574564948, -0.9022570003461476, 0.4819865776716905]",28.49058182261339,0.2950613326384798
"[0.4966884745970116, 0.7020783384947347, -0.902254008831695, 0.4819958568757092]",28.4905366800213,0.2951241651198763
"[0.4966725924532143, 0.7020689225517608, -0.9022510179736342, 0.4820051332137254]",28.49049155767371,0.295186997601273
"[0.4966567133997219, 0.7020595097805914, -0.9022480278208562, 0.4820144065349087]",28.490446457672064,0.2952498300826696
"[0.4966408371483016, 0.7020501000094056, -0.9022450383190657, 0.4820236770084563]",28.49040138184876,0.2953126625640662
"[0.4966249628285009, 0.7020406927214757, -0.9022420493043517, 0.4820329451433783]",28.490356316673264,0.2953754950454628
"[0.4966090912769855, 0.702031288411808, -0.9022390609342462, 0.48204221045192364]",28.490311275810402,0.29543832752685945
"[0.4965932226242515, 0.7020218871567926, -0.9022360732333037, 0.48205147285875416]",28.490266254638733,0.295501160008256
"[0.49657735692224464, 0.7020124889862499, -0.9022330862112861, 0.48206073233441105]",28.490221257760407,0.29556399248965265
"[0.4965614941734733, 0.7020030939007014, -0.9022300998686461, 0.4820699888783017]",28.490176283444722,0.29562682497104925
"[0.49654563317973044, 0.7019937011896736, -0.9022271139798026, 0.48207924319035456]",28.490131320394145,0.29568965745244585
"[0.49652977544428006, 0.7019843117425352, -0.9022241288277418, 0.4820884943942363]",28.490086384213555,0.29575248993384246
"[0.4965139206735209, 0.701974925384442, -0.9022211443571716, 0.4820977426621339]",28.49004146946138,0.2958153224152391
"[0.496498066999183, 0.7019655410086116, -0.9022181602164142, 0.48210698908448596]",28.489996563782864,0.29587815489663566
"[0.4964822178107026, 0.7019561606204584, -0.9022151770434487, 0.48211623168528317]",28.4899516914992,0.2959409873780323
"[0.4964663690725666, 0.7019467818307167, -0.9022121940786925, 0.4821254728186259]",28.489906821771537,0.2960038198594289
"[0.4964505233548081, 0.7019374061595951, -0.9022092118058733, 0.48213471098656385]",28.489861976147097,0.2960666523408255
"[0.49643468133487934, 0.7019280340068761, -0.9022062303524624, 0.48214394579509007]",28.489817158417065,0.2961294848222221
"[0.49641884226007116, 0.7019186649262036, -0.9022032495767727, 0.48215317768393284]",28.48977236424011,0.2961923173036187
"[0.49640300452849245, 0.7019092979692797, -0.9022002691773415, 0.4821624075874417]",28.489727580171806,0.2962551497850153
"[0.49638717136489346, 0.7018999350423678, -0.9021972897609941, 0.4821716336271655]",28.489682828844334,0.296317982266412
"[0.4963713387205973, 0.7018905737504341, -0.9021943105658576, 0.48218085816305123]",28.489638084855972,0.2963808147478086
"[0.4963555106306605, 0.7018812164784162, -0.9021913323511901, 0.4821900788449317]",28.489593373007008,0.29644364722920513
"[0.49633968340182516, 0.7018718610420338, -0.9021883544220538, 0.48219929782512855]",28.489548664950462,0.2965064797106018
"[0.496323859124585, 0.7018625086762811, -0.9021853771717844, 0.4822085138866035]",28.489503984678926,0.2965693121919984
"[0.49630803740188256, 0.7018531591455867, -0.9021824005256628, 0.48221772726141887]",28.489459318462643,0.296632144673395
"[0.49629221956967756, 0.7018438132383864, -0.9021794247350057, 0.48222693717253695]",28.489414686852275,0.2966949771547916
"[0.4962764030358574, 0.7018344694222765, -0.9021764493121497, 0.4822361451299908]",28.489370062125026,0.2967578096361882
"[0.4962605898951958, 0.7018251289339696, -0.9021734746511609, 0.4822453499149831]",28.489325463466823,0.2968206421175848
"[0.49624477961757574, 0.70181579145934, -0.9021705006522927, 0.4822545518369931]",28.48928088740645,0.29688347459898146
"[0.4962289710316475, 0.70180645630581, -0.9021675270952035, 0.4822637515784789]",28.489236325599343,0.29694630708037806
"[0.4962131659213446, 0.7017971245259534, -0.9021645543154355, 0.4822729481020637]",28.489191788721723,0.29700913956177466
"[0.4961973625986976, 0.7017877951222745, -0.9021615819954864, 0.482282142390713]",28.489147264264638,0.29707197204317126
"[0.4961815622805055, 0.7017784688122917, -0.9021586103642067, 0.4822913337372325]",28.489102764515234,0.29713480452456786
"[0.4961657644819029, 0.7017691453089042, -0.9021556393303902, 0.4823005224244929]",28.489058285008134,0.29719763700596447
"[0.4961499683849446, 0.7017598241286402, -0.9021526687402082, 0.48230970892891367]",28.48901381305855,0.2972604694873611
"[0.49613417703712925, 0.701750507068792, -0.9021496991667419, 0.4823188914790858]",28.488969383134123,0.2973233019687577
"[0.4961183871048135, 0.701741192161489, -0.9021467299830743, 0.4823280720143889]",28.488924960067802,0.2973861344501543
"[0.4961025988080589, 0.7017318795359642, -0.9021437612305986, 0.48233725040740427]",28.48888054977707,0.29744896693155093
"[0.4960868141568816, 0.7017225703769383, -0.9021407932872562, 0.48234642549041495]",28.488836166645978,0.29751179941294753
"[0.4960710325569987, 0.701713264332881, -0.9021378260412748, 0.48235559760980196]",28.488791808616433,0.29757463189434413
"[0.4960552532615546, 0.7017039609625106, -0.9021348593522178, 0.48236476720042337]",28.488747469242686,0.2976374643757408
"[0.49603947502560075, 0.7016946595311777, -0.9021318929860292, 0.48237393498631126]",28.488703135651782,0.29770029685713734
"[0.49602370089974956, 0.7016853618363988, -0.9021289275162235, 0.4823830991957053]",28.488658835185156,0.297763129338534
"[0.49600792985224595, 0.7016760672689225, -0.9021259627487994, 0.48239226042901845]",28.488614559313454,0.2978259618199306
"[0.49599216110429145, 0.7016667753688852, -0.9021229985373374, 0.4824014191394436]",28.48857029476911,0.2978887943013272
"[0.4959763943253589, 0.7016574859407808, -0.902120034819703, 0.48241057551962313]",28.48852605090817,0.2979516267827238
"[0.49596063075076835, 0.7016481997115767, -0.9021170718280906, 0.48241972885293]",28.488481829806176,0.29801445926412046
"[0.49594486848076774, 0.7016389155613686, -0.9021141092054094, 0.48242888024317704]",28.488437618220882,0.298077291745517
"[0.4959291088742527, 0.7016296342898579, -0.9021111472070749, 0.4824380289020394]",28.488393426664338,0.29814012422691366
"[0.4959133534032013, 0.7016203567628772, -0.9021081861097116, 0.4824471739759684]",28.488349265581228,0.29820295670831026
"[0.4958976002177639, 0.7016110818901438, -0.9021052255656303, 0.482456316539597]",28.48830512506606,0.2982657891897068
"[0.4958818495615838, 0.7016018098142978, -0.9021022656206115, 0.4824654564522526]",28.488261002549603,0.29832862167110347
"[0.4958661011028012, 0.7015925403391898, -0.9020993062122825, 0.4824745939072215]",28.488216892925692,0.29839145415250007
"[0.49585035475333156, 0.7015832734122246, -0.9020963473240892, 0.48248372895628816]",28.488172804178856,0.29845428663389667
"[0.4958346121530274, 0.7015740099975191, -0.9020933892641544, 0.4824928606489792]",28.48812874281487,0.2985171191152933
"[0.49581887097712074, 0.701564748726293, -0.9020904315956378, 0.4825019903345386]",28.488084692704398,0.29857995159668993
"[0.49580313229236334, 0.7015554902254574, -0.9020874745189771, 0.48251111739490504]",28.48804066132146,0.2986427840780865
"[0.4957873965551587, 0.7015462347626142, -0.9020845181199089, 0.48252024156620155]",28.48799665153666,0.29870561655948313
"[0.4957716640096721, 0.7015369824804095, -0.9020815624442816, 0.4825293627077253]",28.487952666507756,0.29876844904087974
"[0.4957559334852374, 0.7015277326895208, -0.9020786072721497, 0.482538481498957]",28.487908695181705,0.29883128152227634
"[0.49574020641666705, 0.7015184862327534, -0.902075652873043, 0.4825475971089538]",28.487864749744176,0.29889411400367294
"[0.49572448029842364, 0.7015092416362659, -0.9020726987762817, 0.48255671099063696]",28.48782081396723,0.2989569464850696
"[0.4957087573754918, 0.7015000002190558, -0.9020697454035773, 0.48256582184359914]",28.487776902120792,0.29901977896646614
"[0.4956930377090197, 0.7014907620160465, -0.9020667927663887, 0.4825749296333261]",28.48773301650593,0.2990826114478628
"[0.49567732075705967, 0.701481526707806, -0.902063840762898, 0.4825840346746625]",28.4876891480705,0.2991454439292594
"[0.49566160391785086, 0.7014722927649788, -0.9020608889044501, 0.48259313847534346]",28.487645282530057,0.299208276410656
"[0.49564589282497057, 0.7014630634964628, -0.902057938249094, 0.4826022377730294]",28.487601459258595,0.2992711088920526
"[0.4956301822913397, 0.7014538358541964, -0.9020549878226325, 0.48261133557277547]",28.487557641838006,0.2993339413734492
"[0.49561447641832335, 0.7014446122462761, -0.9020520383952854, 0.48262042950029804]",28.487513860967137,0.2993967738548458
"[0.4955987699908201, 0.7014353896093112, -0.9020490889877013, 0.48262952257585806]",28.487470071088858,0.29945960633624247
"[0.49558306851411527, 0.7014261711751942, -0.9020461406336775, 0.4826386116129022]",28.48742632361156,0.29952243881763907
"[0.4955673681142278, 0.7014169546685355, -0.9020431926057513, 0.4826476988548017]",28.487382582826992,0.29958527129903567
"[0.49555167194595534, 0.7014077419404142, -0.9020402454962771, 0.48265678247636734]",28.487338874319246,0.2996481037804323
"[0.49553597749709266, 0.7013985315153777, -0.9020372988335409, 0.48266586393229655]",28.487295179160935,0.2997109362618289
"[0.4955202847998705, 0.701389323411695, -0.9020343526236013, 0.48267494320452276]",28.487251495641285,0.2997737687432255
"[0.49550459509027356, 0.7013801183538353, -0.9020314070984982, 0.4826840195786461]",28.48720783733827,0.29983660122462213
"[0.4954889084811913, 0.7013709164070695, -0.902028462279401, 0.4826930929902289]",28.48716419996902,0.29989943370601874
"[0.4954732231987455, 0.7013617165300694, -0.9020255178332978, 0.4827021644659901]",28.487120574389152,0.29996226618741534
"[0.4954575425485383, 0.7013525206607292, -0.9020225743806942, 0.4827112320950044]",28.487076984178305,0.30002509866881194
"[0.4954418636174561, 0.7013433270896722, -0.9020196313747354, 0.4827202975627281]",28.487033405830637,0.30008793115020854
"[0.4954261869077667, 0.7013341361107217, -0.9020166889097, 0.4827293605793738]",28.486989845667544,0.30015076363160514
"[0.4954105111445921, 0.7013249469758471, -0.9020137467463077, 0.4827384218825073]",28.486946293234,0.30021359611300175
"[0.4953948417917613, 0.7013157628868341, -0.9020108059100181, 0.4827474783147911]",28.486902787400442,0.30027642859439835
"[0.49537917163476064, 0.7013065796142397, -0.9020078650467863, 0.48275653404680446]",28.48685927553294,0.30033926107579495
"[0.4953635062366265, 0.7012974004174942, -0.9020049252006443, 0.48276558586432844]",28.486815801198954,0.3004020935571916
"[0.4953478405750023, 0.7012882223529884, -0.9020019854290658, 0.4827746366700594]",28.4867723251416,0.3004649260385882
"[0.4953321797721594, 0.7012790484209455, -0.9019990466932736, 0.48278368350530887]",28.48672888432154,0.3005277585199848
"[0.49531652035837614, 0.7012698765878685, -0.9019961083421509, 0.48279272837532056]",28.486685452114106,0.3005905910013814
"[0.49530086364896203, 0.7012607076234245, -0.9019931706225035, 0.4828017705210232]",28.486642047190543,0.300653423482778
"[0.4952852104039992, 0.7012515419717923, -0.9019902336769212, 0.4828108095043]",28.48659866527663,0.3007162559641746
"[0.49526955912724613, 0.7012423787559819, -0.9019872972246549, 0.4828198461899483]",28.486555296922525,0.3007790884455713
"[0.49525391068599195, 0.7012332184829667, -0.9019843614284127, 0.48282888007792846]",28.48651194932108,0.3008419209269678
"[0.4952382630504179, 0.701224059963883, -0.9019814259073852, 0.482837912340647]",28.486468610646178,0.3009047534083645
"[0.49522261913894794, 0.701214904906112, -0.9019784912090675, 0.48284694129419625]",28.48642530118389,0.3009675858897611
"[0.49520697919408596, 0.7012057534504348, -0.9019755573789072, 0.48285596679963855]",28.48638202038789,0.3010304183711577
"[0.4951913405993881, 0.7011966040650249, -0.901972623926081, 0.48286499036764613]",28.486338748763615,0.3010932508525543
"[0.4951757048237483, 0.7011874576085486, -0.9019696911261179, 0.48287401115130096]",28.486295497101526,0.30115608333395094
"[0.4951600701313785, 0.7011783130649488, -0.9019667586534375, 0.48288303015264117]",28.486252256780627,0.3012189158153475
"[0.49514443933163366, 0.701169172076554, -0.9019638270349556, 0.4828920457518186]",28.486209047679832,0.30128174829674415
"[0.49512881115444674, 0.701160033899642, -0.9019608960324356, 0.48290105868226835]",28.486165855151906,0.30134458077814075
"[0.49511318406087845, 0.7011508976336982, -0.9019579653572585, 0.48291006983210777]",28.48612267381433,0.30140741325953735
"[0.4950975608388006, 0.701141764907811, -0.9019550355322451, 0.4829190775944907]",28.48607951694165,0.30147024574093395
"[0.4950819396270463, 0.7011326346331108, -0.9019521062083466, 0.4829280830433092]",28.486036378992434,0.3015330782223306
"[0.4950663220461776, 0.701123507755885, -0.9019491776894345, 0.4829370852451399]",28.485993269997802,0.30159591070372715
"[0.49505070559284853, 0.7011143828124043, -0.9019462495060862, 0.48294608564364966]",28.48595016543557,0.3016587431851238
"[0.49503509122169376, 0.7011052603598806, -0.9019433218373103, 0.4829550836891828]",28.485907078406015,0.3017215756665204
"[0.4950194812973335, 0.7010961417788122, -0.901940395126438, 0.48296407801998326]",28.485864025068125,0.301784408147917
"[0.49500387267691515, 0.7010870252323893, -0.9019374687841933, 0.4829730704477567]",28.485820982300492,0.3018472406293136
"[0.4949882674120255, 0.7010779119181211, -0.9019345431952038, 0.4829820597912323]",28.4857779648209,0.3019100731107102
"[0.4949726636335239, 0.7010688007436429, -0.9019316180090424, 0.4829910471278497]",28.48573496085614,0.3019729055921068
"[0.4949570629722101, 0.7010596926604461, -0.9019286935314216, 0.48300003151898435]",28.485691977237376,0.3020357380735034
"[0.49494146386284726, 0.701050586753934, -0.9019257694689148, 0.48300901386674805]",28.48564900723173,0.3020985705549001
"[0.4949258674959841, 0.7010414837183484, -0.9019228460446875, 0.4830179934862579]",28.485606057022174,0.3021614030362966
"[0.49491027432237633, 0.7010323838158721, -0.9019199233432059, 0.48302697011880824]",28.485563130552638,0.3022242355176933
"[0.4948946830551109, 0.7010232862946546, -0.9019170011232434, 0.4830359445059957]",28.485520219248862,0.3022870679990899
"[0.49487909455837237, 0.7010141916581799, -0.9019140795467625, 0.48304491615108597]",28.485477330897055,0.3023499004804865
"[0.4948635101792403, 0.7010051006913284, -0.9019111588661956, 0.48305388427972573]",28.48543447229699,0.3024127329618831
"[0.49484792513521125, 0.7009960106036633, -0.901908238185255, 0.4830628516445948]",28.48539160739751,0.30247556544327975
"[0.4948323437626399, 0.7009869239238268, -0.9019053183165965, 0.48307181575114116]",28.48534877527708,0.3025383979246763
"[0.494816766771807, 0.7009778410648616, -0.9019023993932734, 0.4830807761917952]",28.48530596955648,0.30260123040607295
"[0.49480119110227444, 0.7009687602413514, -0.9018994808417782, 0.4830897347278343]",28.485263178945647,0.30266406288746955
"[0.4947856160759353, 0.7009596810575126, -0.9018965625350712, 0.48309869174967485]",28.485220394525218,0.30272689536886616
"[0.4947700454591511, 0.7009506057080694, -0.9018936451788445, 0.4831076450920539]",28.485177635837967,0.30278972785026276
"[0.49475447785257226, 0.7009415333763059, -0.9018907285108699, 0.48311659556061637]",28.485134904360553,0.30285256033165936
"[0.49473891178970186, 0.7009324632068457, -0.901887812256384, 0.48312554399918467]",28.48509218783867,0.30291539281305596
"[0.49472334851736605, 0.7009233959254753, -0.9018848966489704, 0.4831344896916518]",28.48504949037984,0.3029782252944526
"[0.49470778653681574, 0.7009143306583198, -0.9018819814078521, 0.4831434335001156]",28.485006804958292,0.3030410577758492
"[0.49469222940200436, 0.7009052694747202, -0.9018790671987676, 0.48315237338288086]",28.48496415174391,0.3031038902572458
"[0.49467667200430343, 0.7008962093983966, -0.9018761530647454, 0.4831613122763225]",28.484921498197803,0.3031667227386424
"[0.49466111933382345, 0.7008871533346999, -0.9018732399405005, 0.483170247313886]",28.484878878859927,0.303229555220039
"[0.4946455678718786, 0.7008780992338359, -0.9018703271669333, 0.48317918051789466]",28.484836271965076,0.30329238770143563
"[0.49463001964299136, 0.7008690482737517, -0.9018674151232279, 0.48318811072606843]",28.484793689870898,0.3033552201828323
"[0.49461447328795544, 0.7008599996624083, -0.9018645035548025, 0.4831970387198103]",28.484751121503372,0.30341805266422883
"[0.4945989299344842, 0.7008509540553942, -0.9018615926728463, 0.4832059638522042]",28.484708574904072,0.3034808851456255
"[0.49458338771549387, 0.7008419103654452, -0.9018586821276976, 0.4832148871959744]",28.484666037637563,0.3035437176270221
"[0.4945678502316416, 0.7008328706868024, -0.9018557725936164, 0.48322380668467185]",28.48462353627066,0.3036065501084187
"[0.4945523136115568, 0.7008238327662357, -0.9018528633456329, 0.4832327245414942]",28.48458103989021,0.3036693825898153
"[0.49453678041958743, 0.7008147980947572, -0.9018499548639183, 0.4832416392951766]",28.48453857160867,0.30373221507121195
"[0.49452124855771357, 0.7008057654513148, -0.9018470467556218, 0.48325055215049734]",28.484496112785834,0.3037950475526085
"[0.49450571989292424, 0.7007967359209143, -0.9018441393703011, 0.48325946203677805]",28.484453678514775,0.3038578800340051
"[0.4944901941788046, 0.7007877093593406, -0.9018412326617926, 0.4832683690962434]",28.48441126530197,0.30392071251540176
"[0.49447466877344065, 0.7007786842300141, -0.9018383261354871, 0.4832772748450794]",28.484368855517317,0.3039835449967983
"[0.4944591488785306, 0.7007696635558499, -0.9018354207651751, 0.4832861763002816]",28.48432648744006,0.30404637747819496
"[0.4944436294762595, 0.7007606444194163, -0.9018325156114806, 0.48329507634064645]",28.484284123259272,0.30410920995959156
"[0.49442811273488335, 0.700751628080214, -0.9018296110802989, 0.4833039737232558]",28.484241780588704,0.30417204244098817
"[0.4944125989742078, 0.7007426147232092, -0.9018267072314707, 0.4833128682655097]",28.484199460230027,0.30423487492238477
"[0.494397087142056, 0.7007336037363054, -0.9018238038680381, 0.48332176057136855]",28.48415715258813,0.3042977074037814
"[0.4943815789488409, 0.7007245961122356, -0.9018209013101188, 0.483330649661102]",28.484114874850057,0.30436053988517797
"[0.4943660713395067, 0.700715590075829, -0.9018179989859156, 0.483339537286461]",28.48407260069523,0.30442337236657463
"[0.49435056841369074, 0.7007065880071195, -0.9018150976626773, 0.4833484210986333]",28.484030364192478,0.30448620484797123
"[0.49433506554180084, 0.7006975872170853, -0.9018121964739795, 0.48335730375125185]",28.483988124886043,0.30454903732936783
"[0.4943195664024706, 0.7006885898408407, -0.9018092961082376, 0.4833661831371707]",28.483945912563748,0.30461186981076444
"[0.4943040705370042, 0.7006795956110814, -0.9018063964795766, 0.4833750595201013]",28.483903730830395,0.3046747022921611
"[0.4942885758396683, 0.7006706033048515, -0.9018034971939578, 0.48338393410691377]",28.483861552501928,0.30473753477355764
"[0.4942730848626391, 0.7006616144025213, -0.9018005987289178, 0.4833928054365511]",28.483819406127914,0.3048003672549543
"[0.49425759453607565, 0.7006526271220356, -0.9017977005100623, 0.483401675267699]",28.48377726251616,0.3048631997363509
"[0.49424210878219904, 0.7006436437382044, -0.901794803271216, 0.4834105413552054]",28.48373515227823,0.3049260322177475
"[0.49422662261286265, 0.7006346613566773, -0.9017919060791384, 0.48341940655557014]",28.48369304291815,0.3049888646991441
"[0.49421114014225154, 0.7006256823632018, -0.9017890097035288, 0.48342826851411924]",28.483650961261784,0.30505169718054076
"[0.4941956615461375, 0.7006167068586141, -0.9017861141772229, 0.483437127131238]",28.48360890585486,0.3051145296619373
"[0.49418018449016576, 0.7006077334884596, -0.9017832190635223, 0.48344598374367]",28.483566864266944,0.30517736214333396
"[0.4941647090486775, 0.700598762295271, -0.9017803243763397, 0.48345483830938785]",28.483524837316043,0.30524019462473057
"[0.49414923794314125, 0.7005897948557914, -0.9017774306247011, 0.48346368927206906]",28.483482838262326,0.30530302710612717
"[0.49413376717607027, 0.7005808288522254, -0.9017745370608958, 0.4834725389193398]",28.48344084659292,0.30536585958752377
"[0.4941182995999127, 0.7005718659370803, -0.9017716442184325, 0.4834813856200851]",28.483398876083015,0.30542869206892037
"[0.4941028359245903, 0.7005629065206895, -0.9017687522300446, 0.4834902289692048]",28.483356935077587,0.305491524550317
"[0.49408737214818893, 0.700553948283758, -0.9017658603473018, 0.4834990712558917]",28.483314995813146,0.30555435703171363
"[0.4940719119202238, 0.7005449933398644, -0.9017629692527032, 0.4835079103938727]",28.48327308223538,0.30561718951311023
"[0.4940564551627271, 0.7005360416428167, -0.9017600789316286, 0.4835167464286554]",28.48323119512806,0.3056800219945068
"[0.49404099875234725, 0.7005270913830952, -0.9017571888000304, 0.4835255811463236]",28.483189310599077,0.30574285447590344
"[0.4940255468478203, 0.7005181449680984, -0.9017542996355206, 0.4835344121704913]",28.483147460225574,0.30580568695730004
"[0.49401009727077777, 0.7005092011355857, -0.9017514110307536, 0.48354324074703325]",28.483105628609355,0.30586851943869664
"[0.4939946485550872, 0.7005002590362323, -0.9017485227116142, 0.48355206771428]",28.483063804245326,0.30593135192009324
"[0.49397920337358375, 0.7004913202164228, -0.9017456351778129, 0.483560891545696]",28.483022003619293,0.30599418440148984
"[0.49396376026622246, 0.7004823838303067, -0.9017427481563655, 0.4835697130761778]",28.48298021910101,0.30605701688288645
"[0.4939483190009721, 0.7004734497429564, -0.901739861603893, 0.4835785324388623]",28.482938451732746,0.3061198493642831
"[0.49393288030193605, 0.7004645183726123, -0.9017369756557488, 0.483587349220819]",28.482896704507347,0.3061826818456797
"[0.4939174453388631, 0.7004555903950364, -0.9017340905305631, 0.48359616275487527]",28.482854979663937,0.3062455143270763
"[0.4939020115794804, 0.7004466643447211, -0.9017312057549842, 0.4836049744876873]",28.48281326883374,0.3063083468084729
"[0.4938865812944482, 0.7004377415341413, -0.9017283217534174, 0.4836137831235254]",28.48277158135496,0.3063711792898695
"[0.49387115165769524, 0.7004288203284, -0.90172543799765, 0.4836225902763079]",28.482729903249037,0.3064340117712661
"[0.4938557258339026, 0.7004199025565525, -0.9017225550791435, 0.48363139414030143]",28.48268825072198,0.30649684425266277
"[0.49384030221376374, 0.70041098728733, -0.9017196726971082, 0.48364019563480365]",28.482646615309058,0.3065596767340593
"[0.493824880519482, 0.7004020743594915, -0.9017167907996233, 0.48364899491893837]",28.48260499665707,0.306622509215456
"[0.493809462191779, 0.7003931646048742, -0.9017139096559019, 0.4836577911714047]",28.482563401032294,0.3066853416968526
"[0.493794045846077, 0.7003842572225497, -0.9017110290071947, 0.4836665851828587]",28.48252182053675,0.3067481741782492
"[0.49377863163592123, 0.7003753523005569, -0.9017081488821881, 0.4836753768663229]",28.4824802563071,0.3068110066596458
"[0.4937632202142956, 0.7003664502153544, -0.9017052694028763, 0.48368416585006035]",28.482438714582305,0.30687383914104244
"[0.4937478113215243, 0.700357550816127, -0.9017023905207211, 0.48369295228290005]",28.48239719322955,0.306936671622439
"[0.49373240490831166, 0.7003486540736193, -0.901699512226497, 0.4837017361936588]",28.482355689439824,0.30699950410383564
"[0.4937170006573535, 0.7003397598038588, -0.9016966344609122, 0.48371051776391316]",28.482314203746895,0.30706233658523224
"[0.49370159717422013, 0.700330867201179, -0.9016937569634734, 0.48371929778907397]",28.48227272180493,0.30712516906662884
"[0.49368619881161674, 0.7003219787775582, -0.9016908805472752, 0.4837280737888885]",28.482231277196828,0.30718800154802545
"[0.49367080211822534, 0.700313092539791, -0.9016880045675729, 0.4837368477312675]",28.482189847356224,0.3072508340294221
"[0.4936554063041659, 0.7003042080315082, -0.9016851288768369, 0.48374562006676974]",28.482148427700757,0.30731366651081865
"[0.4936400149731152, 0.7002953273314697, -0.9016822541481561, 0.4837543887428112]",28.482107035291385,0.3073764989922153
"[0.4936246246002691, 0.7002864484050729, -0.9016793797231597, 0.48376315576825696]",28.482065653745654,0.3074393314736119
"[0.49360923667286993, 0.7002775721096814, -0.9016765058796214, 0.4837719202965014]",28.482024291648315,0.30750216395500846
"[0.4935938524820623, 0.7002686991892098, -0.9016736328586429, 0.4837806815929152]",28.481982956887204,0.3075649964364051
"[0.49357846940089645, 0.7002598281277694, -0.9016707601696233, 0.48378944115425243]",28.481941630672928,0.3076278289178017
"[0.4935630888944605, 0.7002509597696204, -0.901667888086158, 0.48379819814681113]",28.48190032516529,0.3076906613991983
"[0.4935477094497537, 0.7002420932417524, -0.9016650163257165, 0.4838069534325852]",28.481859025650547,0.3077534938805949
"[0.4935323353483628, 0.7002332310116338, -0.9016621456877538, 0.4838157045749834]",28.481817767521626,0.3078163263619916
"[0.49351696229724895, 0.7002243706036461, -0.9016592753706448, 0.4838244540185126]",28.481776518087965,0.3078791588433881
"[0.4935015907575331, 0.7002155122830728, -0.9016564054604989, 0.48383320150116843]",28.481735280956233,0.3079419913247848
"[0.49348622270075326, 0.7002066571852943, -0.9016535363253911, 0.48384194590171087]",28.481694070048256,0.3080048238061814
"[0.4934708567813706, 0.7001978045341615, -0.9016506677140927, 0.48385068798651315]",28.481652870327895,0.308067656287578
"[0.4934554924158968, 0.700188953992893, -0.9016477995176733, 0.4838594280880966]",28.481611690341776,0.3081304887689746
"[0.49344013186958907, 0.700180106865548, -0.9016449321589868, 0.48386816491860557]",28.481570535363524,0.30819332125037124
"[0.4934247734078522, 0.7001712621521846, -0.9016420653142075, 0.4838768994654389]",28.48152939690178,0.3082561537317678
"[0.49340941783851, 0.7001624203172465, -0.9016391991341098, 0.4838856312698723]",28.48148828076536,0.30831898621316445
"[0.4933940625326103, 0.7001535798463968, -0.9016363331279948, 0.4838943618273499]",28.481447165983145,0.30838181869456105
"[0.4933787103878008, 0.7001447424073178, -0.9016334678366986, 0.4839030894908711]",28.481406073539393,0.30844465117595765
"[0.4933633619937443, 0.7001359083384318, -0.9016306033702357, 0.48391181392613397]",28.481365013651875,0.30850748365735425
"[0.4933480141630826, 0.7001270758045105, -0.9016277391337403, 0.4839205369455305]",28.48132395475065,0.30857031613875086
"[0.4933326714859181, 0.7001182474462521, -0.9016248759838001, 0.4839292559410312]",28.48128293569345,0.30863314862014746
"[0.49331732864464684, 0.700109420203072, -0.9016220129280618, 0.4839379739352405]",28.481241916151912,0.3086959811015441
"[0.49330198903366257, 0.7001005960273325, -0.9016191505999435, 0.4839466889999127]",28.481200920871316,0.3087588135829407
"[0.4932866511241351, 0.7000917740388038, -0.9016162887141539, 0.483955402004327]",28.48115993937085,0.3088216460643373
"[0.4932713170547986, 0.7000829554667907, -0.9016134276697336, 0.4839641117342943]",28.48111898658387,0.3088844785457339
"[0.4932559844834749, 0.7000741389635086, -0.9016105670296561, 0.48397281952089427]",28.48107804408167,0.3089473110271305
"[0.493240653041436, 0.7000653243164375, -0.9016077067251388, 0.483981525573983]",28.481037112349934,0.3090101435085271
"[0.4932253249039432, 0.7000565127755154, -0.9016048471619977, 0.48399022865896085]",28.48099620444808,0.3090729759899238
"[0.49321000041060437, 0.7000477045349689, -0.9016019884035482, 0.48399892858390686]",28.48095532630769,0.30913580847132033
"[0.49319467709177367, 0.7000388981745388, -0.901599129989067, 0.48400762675155035]",28.48091445481187,0.309198640952717
"[0.49317935586443357, 0.7000300942206525, -0.9015962720896122, 0.48401632264188227]",28.480873600684067,0.3092614734341136
"[0.49316403750798077, 0.7000212931204073, -0.9015934148505491, 0.4840250158132277]",28.480832766396595,0.3093243059155102
"[0.49314872126736237, 0.7000124944392142, -0.901590558131026, 0.4840337066947801]",28.480791948293277,0.3093871383969068
"[0.4931334076518926, 0.7000036984689251, -0.901587702026023, 0.4840423949981992]",28.4807511529078,0.3094499708783034
"[0.49311809661238687, 0.6999949051804939, -0.9015848465263476, 0.48405108075210784]",28.48071037548492,0.3095128033597
"[0.49310278761396675, 0.6999861142660109, -0.9015819915322321, 0.4840597642605878]",28.480669612441687,0.3095756358410966
"[0.4930874812498749, 0.6999773260654004, -0.9015791371542977, 0.4840684451878049]",28.480628872102486,0.30963846832249325
"[0.49307217755893634, 0.6999685406001526, -0.9015762833997637, 0.48407712351246246]",28.48058815021203,0.3097013008038898
"[0.49305687600179554, 0.6999597575598909, -0.9015734301680379, 0.4840857995410874]",28.48054744368164,0.30976413328528646
"[0.4930415746823735, 0.6999509758558133, -0.9015705771055801, 0.4840944743491757]",28.480506742475587,0.30982696576668306
"[0.4930262784105259, 0.699942198247582, -0.901567725109208, 0.4841031452105884]",28.480466077356994,0.30988979824807966
"[0.49301098355613626, 0.699933422651152, -0.9015648735020485, 0.4841118141839459]",28.480425422594585,0.30995263072947626
"[0.49299569108948976, 0.699924649622609, -0.9015620224650019, 0.4841204807198639]",28.480384786523278,0.3100154632108729
"[0.49298040061433607, 0.6999158789339404, -0.9015591719241827, 0.48412914504352805]",28.480344165973737,0.31007829569226947
"[0.49296511270401466, 0.6999071109132922, -0.901556321986464, 0.4841378068307098]",28.48030356413557,0.3101411281736661
"[0.49294982780373475, 0.6998983458151831, -0.9015534727348162, 0.4841464658299026]",28.480262986128245,0.3102039606550627
"[0.4929345433479663, 0.6998895821678172, -0.9015506236910011, 0.4841551234950361]",28.48022241225755,0.31026679313645933
"[0.492919264399067, 0.6998808228729304, -0.9015477757986197, 0.4841637769593909]",28.480181879029626,0.31032962561785593
"[0.492903986916915, 0.699872065613355, -0.9015449283045783, 0.48417242851205333]",28.48014135865507,0.3103924580992526
"[0.4928887090816549, 0.6998633093456161, -0.9015420808697132, 0.4841810791838749]",28.480100832277408,0.31045529058064913
"[0.4928734360880773, 0.6998545570463273, -0.9015392344622015, 0.4841897260340772]",28.480060344336405,0.3105181230620458
"[0.492858163960568, 0.6998458064363863, -0.9015363883410861, 0.48419837131423105]",28.48001986428835,0.3105809555434424
"[0.4928428956437409, 0.6998370592022702, -0.9015335430551131, 0.4842070133580962]",28.479979413546335,0.310643788024839
"[0.4928276290609189, 0.6998283141534203, -0.9015306982172644, 0.48421565334184347]",28.47993897495631,0.3107066205062356
"[0.4928123655615168, 0.6998195720620716, -0.901527854078979, 0.4842242905024513]",28.47989855601185,0.31076945298763226
"[0.49279710246730357, 0.6998108313936953, -0.9015250101412071, 0.48423292635597887]",28.479858147265904,0.3108322854690288
"[0.49278184318517354, 0.6998020940986318, -0.9015221670387393, 0.48424155897541543]",28.479817764552212,0.31089511795042546
"[0.4927665852420283, 0.699793358760037, -0.9015193243107683, 0.48425018976056333]",28.47977738858444,0.31095795043182206
"[0.49275133163994056, 0.6997846270957874, -0.9015164825165886, 0.48425881701403534]",28.479737050898848,0.31102078291321866
"[0.4927360782692491, 0.699775896752665, -0.9015136408905434, 0.48426744306084835]",28.479696712745696,0.31108361539461526
"[0.4927208285841334, 0.6997671697070528, -0.9015108000761245, 0.4842760659481752]",28.479656404635296,0.31114644787601187
"[0.4927055797016296, 0.6997584443083948, -0.901507959536262, 0.4842846873068113]",28.47961610170139,0.31120928035740847
"[0.49269033456356637, 0.6997497222392962, -0.9015051198189419, 0.4842933054741535]",28.479575825496017,0.31127211283880507
"[0.49267509146228633, 0.6997410025219172, -0.9015022806060515, 0.4843019214163199]",28.479535563324696,0.31133494532020173
"[0.4926598502998295, 0.6997322850995781, -0.901499441879338, 0.4843105351892599]",28.479495320024927,0.3113977778015983
"[0.4926446119689365, 0.6997235704821652, -0.9014966038050619, 0.4843191462890863]",28.47945509638049,0.31146061028299493
"[0.4926293761606591, 0.6997148584921945, -0.9014937663256605, 0.48432775489110563]",28.47941489571973,0.31152344276439153
"[0.4926141422056561, 0.6997061487462441, -0.9014909293164661, 0.48433636137413]",28.479374703594942,0.31158627524578814
"[0.4925989093958566, 0.6996974408389538, -0.9014880926456221, 0.4843449661386682]",28.479334520172962,0.31164910772718474
"[0.4925836805840123, 0.6996887364003462, -0.9014852568443498, 0.4843535675739371]",28.479294372067248,0.31171194020858134
"[0.49256845279990147, 0.6996800337319461, -0.9014824213595369, 0.4843621673582476]",28.47925422658433,0.31177477268997794
"[0.492553228637065, 0.6996713343152446, -0.9014795866740984, 0.4843707640275605]",28.479214112951606,0.3118376051713746
"[0.49253800590783214, 0.6996626368993918, -0.9014767523806787, 0.48437935881788674]",28.479174007523003,0.3119004376527712
"[0.49252278638231484, 0.6996539424950193, -0.9014739188088374, 0.4843879507304574]",28.479133929451844,0.3119632701341678
"[0.492507568477461, 0.6996452501970439, -0.901471085663825, 0.48439654065962245]",28.47909385950864,0.3120261026155644
"[0.49249235333586044, 0.6996365606574158, -0.9014682531583481, 0.4844051279610504]",28.479053814970065,0.312088935096961
"[0.49247714058071546, 0.6996278736601687, -0.9014654212222404, 0.4844137128480995]",28.479013784323573,0.3121517675783576
"[0.4924619291249011, 0.6996191885839103, -0.9014625896531252, 0.4844222959348056]",28.47897376792421,0.31221460005975427
"[0.4924467210277833, 0.6996105066037364, -0.9014597588343326, 0.4844308760598095]",28.47893377453673,0.3122774325411508
"[0.4924315153203239, 0.6996018271656003, -0.9014569285854585, 0.4844394537705857]",28.478893801448294,0.31234026502254747
"[0.4924163114038205, 0.6995931499271012, -0.9014540987950574, 0.4844480294054646]",28.47885383975909,0.31240309750394407
"[0.49240111017527505, 0.6995844753994854, -0.9014512696300689, 0.4844566024591255]",28.47881389892695,0.3124659299853407
"[0.4923859100734516, 0.6995758026912231, -0.9014484407999197, 0.4844651738126156]",28.478773966650287,0.3125287624667373
"[0.4923707133830435, 0.6995671331051879, -0.9014456127297924, 0.4844737421782264]",28.47873406002989,0.31259159494813393
"[0.49235551806107786, 0.699558465475151, -0.9014427850394778, 0.4844823087085075]",28.478694163129898,0.3126544274295305
"[0.49234032569140174, 0.6995498007038886, -0.9014399580237022, 0.4844908725111538]",28.478654291039526,0.31271725991092714
"[0.4923251361899019, 0.6995411387425792, -0.9014371316667842, 0.4844994336343451]",28.478614442440826,0.31278009239232374
"[0.492309949046575, 0.6995324792996132, -0.9014343058738042, 0.4845079923662283]",28.47857460887118,0.31284292487372034
"[0.4922947641334387, 0.6995238223012983, -0.9014314806209353, 0.48451654877957817]",28.478534791137307,0.31290575735511694
"[0.49227958123137394, 0.6995151676220637, -0.9014286558673981, 0.4845251029984478]",28.47849498857298,0.31296858983651354
"[0.49226439997227434, 0.6995065150514772, -0.9014258315447049, 0.4845336552307747]",28.47845520345926,0.31303142231791015
"[0.4922492213501017, 0.6994978651553783, -0.901423007837762, 0.48454220491722333]",28.478415436646312,0.31309425479930675
"[0.4922340438808306, 0.6994892170874518, -0.9014201844704884, 0.4845507528942498]",28.478375676237818,0.3131570872807034
"[0.49221887184580904, 0.6994805732862547, -0.9014173622392779, 0.4845592967514412]",28.478335957971264,0.31321991976209995
"[0.4922037001516981, 0.699471930849179, -0.9014145401966609, 0.4845678393577707]",28.47829624389865,0.3132827522434966
"[0.4921885299434207, 0.6994632904280315, -0.9014117185556221, 0.4845763800689262]",28.478256536687322,0.3133455847248932
"[0.4921733632400238, 0.6994546531720456, -0.9014088976916819, 0.4845849177488718]",28.478216861212534,0.3134084172062898
"[0.4921581983309344, 0.6994460181062848, -0.9014060772866658, 0.4845934533612358]",28.47817719763983,0.3134712496876864
"[0.49214303661935604, 0.6994373860290078, -0.9014032576015264, 0.4846019861168878]",28.478137559808367,0.3135340821690831
"[0.4921278759461271, 0.6994287557102448, -0.9014004382347055, 0.48461051723158993]",28.478097925474902,0.3135969146504796
"[0.4921127184818256, 0.6994201283849754, -0.9013976195898453, 0.48461904548449847]",28.478058319174867,0.3136597471318763
"[0.4920975629541159, 0.6994115033282396, -0.9013948014303245, 0.4846275715921824]",28.478018726165253,0.3137225796132729
"[0.49208240988893304, 0.6994028808386622, -0.9013919838539275, 0.48463609525938456]",28.477979155415152,0.3137854120946695
"[0.49206725844111004, 0.6993942604346871, -0.901389166703495, 0.4846446169620848]",28.47793959467719,0.3138482445760661
"[0.4920521094850678, 0.6993856426131667, -0.9013863501416014, 0.48465313620906325]",28.47790005193553,0.31391107705746274
"[0.49203696348444476, 0.699377027637056, -0.9013835342544231, 0.4846616527403036]",28.477860530832512,0.3139739095388593
"[0.49202181975430037, 0.6993684151159838, -0.9013807189145966, 0.4846701669416493]",28.47782103013586,0.31403674202025594
"[0.49200667741824045, 0.6993598045509425, -0.9013779039591889, 0.484678679306359]",28.47778153949081,0.31409957450165255
"[0.4919915375858863, 0.6993511965722851, -0.9013750895944724, 0.4846871892112144]",28.4777420684171,0.31416240698304915
"[0.4919764007724568, 0.6993425914721421, -0.9013722759161952, 0.48469569636734333]",28.47770261746363,0.31422523946444575
"[0.49196126524452505, 0.6993339882644144, -0.9013694626021315, 0.48470420174956275]",28.47766317640746,0.31428807194584235
"[0.49194613282544863, 0.6993253879848496, -0.9013666499911841, 0.4847127043338434]",28.477623760978634,0.31435090442723895
"[0.4919310023989899, 0.6993167899982766, -0.9013638378758616, 0.48472120474807584]",28.477584362081164,0.3144137369086356
"[0.4919158738883936, 0.6993081942604759, -0.9013610262418913, 0.48472970303592283]",28.47754497680135,0.3144765693900322
"[0.4919007492187388, 0.6992996018644008, -0.9013582154470192, 0.48473819811674973]",28.47750562042211,0.3145394018714288
"[0.49188562450924994, 0.6992910106047626, -0.9013554047700301, 0.48474669217081584]",28.4774662611733,0.3146022343528254
"[0.491870503407737, 0.6992824225530396, -0.9013525948888069, 0.4847551831500291]",28.477426929849475,0.314665066834222
"[0.49185538419265296, 0.6992738367306703, -0.9013497854834166, 0.48476367202182064]",28.477387617676055,0.3147278993156186
"[0.4918402678253098, 0.699265253682854, -0.9013469767324698, 0.4847721582470858]",28.477348322391002,0.3147907317970153
"[0.49182515324384896, 0.6992566728059612, -0.9013441684386486, 0.4847806424225831]",28.477309043889594,0.3148535642784118
"[0.49181004105771114, 0.6992480944453457, -0.9013413607151762, 0.4847891242067935]",28.47726978382435,0.3149163967598084
"[0.49179493130483903, 0.699239518621806, -0.9013385535690853, 0.4847976035790904]",28.477230538711844,0.3149792292412051
"[0.49177982379130736, 0.6992309452245816, -0.9013357469643299, 0.4848060806489266]",28.477191312594503,0.3150420617226017
"[0.4917647180984201, 0.6992223740154326, -0.9013329408231189, 0.4848145556518095]",28.477152103022284,0.3151048942039983
"[0.4917496154070418, 0.699213805663677, -0.901330135364799, 0.4848230279258711]",28.477112912618942,0.3151677266853949
"[0.4917345144008968, 0.6992052394218325, -0.9013273303448439, 0.4848314982101502]",28.477073736281927,0.3152305591667915
"[0.49171941516293916, 0.6991966753363926, -0.9013245257786614, 0.4848399664586245]",28.477034571471254,0.3152933916481881
"[0.49170431832071615, 0.6991881137626484, -0.9013217217828029, 0.48484843231992186]",28.476995430325392,0.31535622412958475
"[0.4916892242904655, 0.6991795549358881, -0.9013189184345552, 0.484856895561318]",28.47695630536322,0.3154190566109813
"[0.49167413231838486, 0.6991709984279738, -0.9013161155938978, 0.4848653566061053]",28.47691719845686,0.31548188909237795
"[0.49165904306437647, 0.6991624446122698, -0.9013133133833695, 0.48487381508502564]",28.476878113526173,0.31554472157377456
"[0.49164395605789313, 0.6991538932213538, -0.901310511715564, 0.48488227126245304]",28.476839043707496,0.31560755405517116
"[0.4916288705812479, 0.6991453438478178, -0.9013077104572013, 0.48489072554120777]",28.476799985197008,0.31567038653656776
"[0.4916137874098007, 0.6991367969304754, -0.901304909752253, 0.48489917748730393]",28.476760946611524,0.3157332190179644
"[0.49159870705858294, 0.6991282527604173, -0.90130210969633, 0.48490762681281924]",28.476721923027007,0.31579605149936096
"[0.49158362838203573, 0.6991197106879199, -0.901299310076716, 0.4849160741602055]",28.47668291943122,0.3158588839807576
"[0.49156855224161183, 0.6991111712003323, -0.9012965110533426, 0.48492451904746176]",28.476643934830605,0.3159217164621542
"[0.4915534784868623, 0.699102634211721, -0.9012937125982583, 0.4849329615595052]",28.476604964912156,0.3159845489435508
"[0.4915384068711924, 0.6990940995817442, -0.9012909146656674, 0.4849414018350646]",28.47656601326124,0.3160473814249474
"[0.49152333850846663, 0.6990855679403709, -0.9012881174623242, 0.4849498392510673]",28.47652708576351,0.3161102139063441
"[0.4915082698898789, 0.6990770373004102, -0.9012853203368787, 0.48495827577271255]",28.47648815579551,0.31617304638774063
"[0.4914932052889985, 0.6990685100806319, -0.9012825240826099, 0.48496670900786326]",28.476449259764408,0.3162358788691373
"[0.4914781428508828, 0.6990599852301759, -0.9012797283551726, 0.48497513999572267]",28.476410377646307,0.3162987113505339
"[0.49146308169634617, 0.6990514622508966, -0.9012769329913797, 0.4849835692289011]",28.47637150371515,0.3163615438319305
"[0.49144802400645765, 0.6990429423763365, -0.9012741383960217, 0.4849919954873628]",28.47633265809305,0.3164243763133271
"[0.49143296753956506, 0.699034424337432, -0.9012713441530472, 0.48500042002616534]",28.47629382216893,0.31648720879472375
"[0.49141791606641305, 0.699025910266581, -0.9012685509622096, 0.4850088407362407]",28.476255025222347,0.3165500412761203
"[0.49140286372469905, 0.6990173968470201, -0.9012657577355989, 0.4850172608979291]",28.476216219260248,0.31661287375751695
"[0.49138781479254773, 0.6990088864979862, -0.9012629652671035, 0.48502567811845126]",28.47617744056146,0.31667570623891356
"[0.49137276792334394, 0.6990003784571514, -0.90126017330682, 0.4850340931517248]",28.47613867594684,0.3167385387203101
"[0.4913577224757722, 0.6989918723613324, -0.9012573817357492, 0.4850425063569128]",28.476099924300932,0.31680137120170676
"[0.49134267999330256, 0.6989833690824762, -0.901254590840257, 0.4850509168715329]",28.476061194209947,0.31686420368310336
"[0.4913276399436595, 0.6989748683189275, -0.9012518005215614, 0.4850593249938802]",28.476022482817495,0.31692703616449996
"[0.49131260192562476, 0.6989663698432252, -0.9012490107052114, 0.4850677309488793]",28.475983789420965,0.31698986864589657
"[0.49129756544534714, 0.6989578733757221, -0.9012462212995851, 0.4850761350130816]",28.475945102169753,0.3170527011272932
"[0.49128253242741143, 0.6989493800031805, -0.9012434326616895, 0.48508453611147967]",28.475906447794554,0.31711553360868977
"[0.4912675014527671, 0.6989408889230727, -0.901240644528261, 0.4850929350378138]",28.47586780489408,0.3171783660900864
"[0.49125247236296893, 0.6989324000452827, -0.901237856869902, 0.4851013318811674]",28.47582917561413,0.31724119857148303
"[0.49123744470844766, 0.6989239131153384, -0.9012350696032226, 0.4851097268932061]",28.47579056047828,0.31730403105287963
"[0.49122242177364867, 0.698915429987281, -0.9012322833373732, 0.4851181182398935]",28.475751980580085,0.31736686353427623
"[0.4912073974470619, 0.698906947209531, -0.9012294969388656, 0.48512650933541757]",28.475713390027405,0.31742969601567284
"[0.49119237813616906, 0.6988984683991957, -0.901226711596022, 0.48513489660171333]",28.475674834851077,0.31749252849706944
"[0.4911773599009065, 0.6988899913311475, -0.9012239265781183, 0.4851432822398107]",28.475636290056908,0.3175553609784661
"[0.4911623452641018, 0.6988815174287069, -0.9012211423529772, 0.48515166484167865]",28.4755977747569,0.3176181934598627
"[0.49114733062500343, 0.6988730446591236, -0.9012183582528916, 0.4851600464181156]",28.47555925604169,0.3176810259412593
"[0.49113231969721544, 0.6988645751174044, -0.9012155749664539, 0.48516842489661155]",28.475520770175294,0.3177438584226559
"[0.4911173105504169, 0.6988561077136272, -0.9012127921357204, 0.48517680135530167]",28.47548229177914,0.3178066909040525
"[0.49110230298908136, 0.6988476423369421, -0.9012100097244379, 0.48518517590379684]",28.475443830971574,0.3178695233854491
"[0.49108729849012617, 0.6988391798197575, -0.90120722800641, 0.48519354771855855]",28.475405388451406,0.31793235586684576
"[0.4910722969109078, 0.6988307200807616, -0.9012044469551576, 0.48520191687995506]",28.475366971210367,0.31799518834824236
"[0.4910572956032315, 0.6988222616260726, -0.9012016660797482, 0.48521028486582535]",28.475328556563102,0.31805802082963897
"[0.491042297676493, 0.6988138062083344, -0.901198885956583, 0.4852186499422206]",28.475290165487728,0.31812085331103557
"[0.49102730187365146, 0.6988053531180765, -0.9011961063526195, 0.4852270128109625]",28.47525179423796,0.31818368579243217
"[0.4910123086044691, 0.6987969025855914, -0.9011933273437924, 0.48523537324415533]",28.475213439662188,0.31824651827382877
"[0.49099731736974034, 0.6987884543288378, -0.9011905488375576, 0.4852437315207739]",28.475175101443668,0.31830935075522543
"[0.49098232730293045, 0.6987800078589596, -0.9011877706733095, 0.48525208812442105]",28.475136769383596,0.318372183236622
"[0.49096734080664733, 0.6987715645290584, -0.9011849932963141, 0.48526044171632976]",28.475098467583987,0.31843501571801863
"[0.4909523556471883, 0.6987631230799634, -0.9011822162925879, 0.48526879354222496]",28.475060176343874,0.31849784819941523
"[0.49093737344467775, 0.6987546844236682, -0.9011794399623544, 0.4852771426997393]",28.47502190595707,0.31856068068081184
"[0.4909223935091129, 0.6987462481707924, -0.9011766641777248, 0.4852854895740569]",28.47498365545669,0.31862351316220844
"[0.49090741598310456, 0.6987378144009488, -0.901173888965107, 0.4852938340863481]",28.474945419469503,0.31868634564360504
"[0.4908924380437699, 0.6987293815242096, -0.9011711138014588, 0.4853021778096786]",28.47490718392092,0.31874917812500164
"[0.4908774645926924, 0.6987209522996383, -0.9011683395949521, 0.4853105180140989]",28.474868978594756,0.31881201060639824
"[0.4908624944112079, 0.6987125260401709, -0.9011655661197413, 0.4853188553793267]",28.474830801829444,0.3188748430877949
"[0.49084752472883847, 0.6987041011857711, -0.9011627928625424, 0.4853271914488897]",28.47479262768821,0.31893767556919145
"[0.49083255786955754, 0.6986956790438528, -0.9011600202538893, 0.4853355249291034]",28.474754476687465,0.3190005080505881
"[0.4908175923247449, 0.6986872587648706, -0.9011572480142982, 0.4853438566605133]",28.474716333770832,0.3190633405319847
"[0.4908026295893151, 0.6986788411892477, -0.9011544764206788, 0.4853521858114818]",28.474678212404896,0.3191261730133813
"[0.49078766901346654, 0.6986704259507613, -0.9011517053526427, 0.4853605127443188]",28.474640107780974,0.3191890054947779
"[0.49077271118229837, 0.698662013377796, -0.9011489349185442, 0.4853688371340226]",28.474602022561875,0.31925183797617457
"[0.4907577556181991, 0.6986536032010081, -0.9011461650298987, 0.48537715924705105]",28.474563957799546,0.3193146704575711
"[0.490742800346866, 0.6986451943097128, -0.9011433953210581, 0.4853854801824179]",28.47452589261468,0.31937750293896777
"[0.4907278491648136, 0.6986367888379255, -0.9011406264951195, 0.4853937978283713]",28.474487860221824,0.3194403354203644
"[0.49071289985507394, 0.6986283855384341, -0.901137858141486, 0.48540211341902]",28.474449841251992,0.319503167901761
"[0.49069795185956855, 0.6986199840970286, -0.9011350901568104, 0.4854104272652469]",28.474411832943318,0.3195660003831576
"[0.49068300696245254, 0.6986115855158249, -0.9011323228714572, 0.48541873837532695]",28.474373848800383,0.31962883286455424
"[0.49066806377039446, 0.6986031890111114, -0.9011295560274085, 0.48542704752474736]",28.47433587778366,0.3196916653459508
"[0.4906531222212097, 0.6985947945474185, -0.9011267896131483, 0.4854353547485606]",28.474297917396303,0.31975449782734744
"[0.4906381845142819, 0.6985864033596121, -0.9011240240358617, 0.4854436588246676]",28.474259989935618,0.31981733030874404
"[0.4906232479340045, 0.6985780139215128, -0.9011212587927567, 0.48545196126333895]",28.474222065733805,0.31988016279014064
"[0.49060831351536927, 0.6985696268139103, -0.9011184940754421, 0.4854602614897615]",28.47418416120723,0.31994299527153724
"[0.49059338173406164, 0.6985612423032518, -0.9011157299719582, 0.48546855924018667]",28.4741462776115,0.32000582775293385
"[0.4905784517917615, 0.6985528599406045, -0.9011129663345072, 0.4854768549588427]",28.474108406954617,0.32006866023433045
"[0.4905635234807628, 0.6985444796087977, -0.9011102031246375, 0.48548514876164056]",28.474070548660723,0.3201314927157271
"[0.49054859894733793, 0.6985361025119309, -0.9011074407395929, 0.485493439456846]",28.474032719262038,0.3201943251971237
"[0.490533674255314, 0.6985277264400742, -0.9011046784508205, 0.4855017292315455]",28.473994888170292,0.3202571576785203
"[0.49051875351731156, 0.6985193537007405, -0.9011019170194834, 0.48551001580194825]",28.473957087882397,0.3203199901599169
"[0.49050383519934404, 0.6985109834322637, -0.9010991561616413, 0.48551830002077545]",28.473919307386172,0.3203828226413135
"[0.4904889174693795, 0.6985026146062459, -0.9010963955382505, 0.48552658290580825]",28.473881528831217,0.3204456551227101
"[0.49047400348495923, 0.6984942489934172, -0.9010936357336211, 0.48553486270444374]",28.47384378170762,0.3205084876041067
"[0.4904590911293805, 0.6984858854057124, -0.901090876356032, 0.485543140592493]",28.47380604365637,0.3205713200855034
"[0.49044417978502713, 0.6984775234962897, -0.9010881172912064, 0.48555141691320275]",28.4737683145282,0.3206341525668999
"[0.49042927260340996, 0.6984691650316953, -0.9010853591222469, 0.4855596899180438]",28.473730619640314,0.3206969850482966
"[0.49041436535277566, 0.6984608076385745, -0.9010826010661708, 0.48556796195604923]",28.473692920412823,0.3207598175296932
"[0.49039946197397505, 0.6984524535256832, -0.9010798438520836, 0.48557623084097057]",28.47365525221614,0.3208226500110898
"[0.4903845603327486, 0.6984441014958781, -0.9010770870851036, 0.48558449775766815]",28.473617598966563,0.3208854824924864
"[0.490369661513804, 0.6984357521564465, -0.9010743309658811, 0.485592762104985]",28.473579965676166,0.320948314973883
"[0.49035476389401206, 0.6984274045971743, -0.9010715751941429, 0.4856010247838149]",28.47354234325709,0.3210111474552796
"[0.49033986980559, 0.6984190601241858, -0.9010688202012851, 0.4856092845012545]",28.473504744879563,0.32107397993667625
"[0.4903249765023816, 0.6984107171982977, -0.9010660654793295, 0.48561754278079655]",28.47346715478836,0.32113681241807285
"[0.4903100861459053, 0.6984023770297739, -0.9010633114280716, 0.4856257984244048]",28.47342958672062,0.32119964489946945
"[0.49029519712583447, 0.6983940387160256, -0.901060557749658, 0.48563405232546514]",28.473392030636433,0.32126247738086605
"[0.49028031109285247, 0.6983857031808525, -0.9010578047493619, 0.4856423035694723]",28.473354492839494,0.32132530986226265
"[0.4902654248926945, 0.6983773686575302, -0.9010550518438432, 0.48565055390524287]",28.473316956524148,0.32138814234365926
"[0.4902505436197694, 0.6983690379976423, -0.9010522999751897, 0.4856588005099363]",28.47327945783265,0.3214509748250559
"[0.49023566323376044, 0.6983607089385815, -0.9010495483962255, 0.4856670456232595]",28.473241964411024,0.32151380730645246
"[0.490220786073247, 0.6983523827887175, -0.9010467975393726, 0.4856752879499751]",28.473204495769963,0.3215766397878491
"[0.49020591053441886, 0.6983440586497658, -0.9010440471080561, 0.48568352837926243]",28.473167042222563,0.3216394722692457
"[0.49019103521700796, 0.698335735737795, -0.9010412968433891, 0.48569176768713596]",28.473129587464005,0.3217023047506423
"[0.4901761652610518, 0.6983274169279389, -0.9010385476956697, 0.4857000030272742]",28.473092178930134,0.3217651372320389
"[0.4901612954321121, 0.6983190992910996, -0.9010357986971279, 0.485708237299317]",28.47305476500477,0.3218279697134356
"[0.4901464284561737, 0.6983107843515796, -0.901033050351722, 0.485716468994197]",28.473017374859776,0.3218908021948321
"[0.4901315644516763, 0.6983024721748445, -0.9010303026813112, 0.4857246980470314]",28.47298000793737,0.3219536346762288
"[0.4901167012307671, 0.6982941615368323, -0.9010275552814546, 0.48573292566959064]",28.472942645189132,0.3220164671576254
"[0.49010184014729935, 0.698285853194058, -0.9010248084024076, 0.4857411511128731]",28.472905300390813,0.322079299639022
"[0.49008698235289805, 0.6982775477895996, -0.9010220622570049, 0.4857493737401507]",28.47286798245926,0.3221421321204186
"[0.49007212463822114, 0.6982692435289283, -0.9010193162520629, 0.48575759532801915]",28.472830664237907,0.3222049646018152
"[0.49005727059010873, 0.6982609424162267, -0.9010165710504957, 0.4857658138921965]",28.472793370293143,0.3222677970832118
"[0.4900424196275591, 0.6982526441259, -0.9010138265448798, 0.4857740297549615]",28.472756105288727,0.3223306295646084
"[0.49002756952850446, 0.6982443474157289, -0.9010110823245597, 0.48578224414614046]",28.472718842504875,0.32239346204600505
"[0.4900127219133783, 0.6982360531905186, -0.901008338688979, 0.48579045616985905]",28.472681600483924,0.3224562945274016
"[0.48999787536905626, 0.6982277606603168, -0.901005595377006, 0.48579866660819043]",28.472644368590196,0.32251912700879826
"[0.4899830324451696, 0.6982194712485441, -0.901002852859736, 0.48580687405174566]",28.472607164223838,0.32258195949019486
"[0.4899681915790129, 0.6982111840816881, -0.9010001108483955, 0.48581507936532997]",28.47256997374837,0.32264479197159146
"[0.4899533524917542, 0.6982028990034599, -0.900997369291458, 0.4858232827036378]",28.472532793743365,0.32270762445298806
"[0.4899385158324462, 0.6981946163756296, -0.9009946283088234, 0.48583148370841184]",28.47249563741763,0.3227704569343847
"[0.48992368008139636, 0.6981863353493064, -0.9009918876197335, 0.48583968322013]",28.47245848690744,0.32283328941578127
"[0.48990884639616983, 0.698178056570119, -0.9009891474380343, 0.4858478805994761]",28.47242135221276,0.3228961218971779
"[0.48989401664193893, 0.6981697810782324, -0.900986408108235, 0.48585607481643966]",28.472384246257484,0.3229589543785745
"[0.4898791885761186, 0.698161507621435, -0.9009836692160563, 0.4858642671108649]",28.472347152528048,0.3230217868599711
"[0.4898643617363834, 0.6981532359412739, -0.9009809306761057, 0.48587245773862764]",28.472310070401836,0.32308461934136773
"[0.48984953770326445, 0.6981449669189244, -0.9009781927802956, 0.48588064582713236]",28.472273006147823,0.3231474518227644
"[0.4898347148932091, 0.6981366996704566, -0.9009754552361431, 0.4858888322516038]",28.472235955062814,0.32321028430416093
"[0.4898198952448071, 0.6981284352764597, -0.900972718401659, 0.48589701594196044]",28.47219892693635,0.3232731167855576
"[0.4898050773820546, 0.6981201729688842, -0.9009699820227046, 0.48590519765868906]",28.472161914211586,0.3233359492669542
"[0.4897902619099242, 0.6981119130844419, -0.9009672462109842, 0.485913377068308]",28.472124917060302,0.3233987817483508
"[0.48977544833740005, 0.6981036553487595, -0.9009645108758116, 0.4859215544424606]",28.472087935621282,0.3234616142297474
"[0.4897606376952543, 0.6980954003357485, -0.9009617762074966, 0.4859297292127599]",28.47205097691587,0.323524446711144
"[0.48974582807569284, 0.6980871469814698, -0.9009590418537695, 0.4859379024327496]",28.472014025816446,0.3235872791925406
"[0.4897310203919984, 0.6980788957944192, -0.900956307983253, 0.48594607359882824]",28.471977089498242,0.32365011167393726
"[0.48971621618328576, 0.6980706476314699, -0.9009535748800771, 0.48595424186236624]",28.471940177796714,0.32371294415533386
"[0.4897014123543257, 0.698062400767551, -0.9009508419728, 0.48596240893167125]",28.471903272678528,0.32377577663673046
"[0.489686611607872, 0.6980541567077506, -0.9009481097603675, 0.48597057331617083]",28.471866387045463,0.32383860911812706
"[0.4896718129068762, 0.6980459148737285, -0.9009453780513137, 0.48597873558855126]",28.471829520445638,0.32390144159952367
"[0.4896570165112015, 0.6980376754095745, -0.9009426468935909, 0.4859868956060575]",28.471792671771784,0.32396427408092027
"[0.4896422218944309, 0.6980294380215467, -0.9009399161900176, 0.48599505365954554]",28.4717558325974,0.32402710656231687
"[0.4896274301150834, 0.6980212032983518, -0.900937186135949, 0.4860032091659189]",28.471719017504096,0.32408993904371347
"[0.4896126393256231, 0.6980129702108766, -0.9009344563903839, 0.48601136314433996]",28.471682210726275,0.3241527715251101
"[0.4895978502243799, 0.6980047391473891, -0.900931727082208, 0.4860195152102308]",28.4716454146201,0.32421560400650673
"[0.48958306568447224, 0.6979965117061229, -0.9009289987416104, 0.48602766378062234]",28.47160865554089,0.32427843648790333
"[0.4895682811585945, 0.6979882853558946, -0.9009262705294114, 0.48603581136237445]",28.471571893567685,0.32434126896929993
"[0.48955349973882284, 0.6979800618166925, -0.9009235430161949, 0.486043956251924]",28.47153516172426,0.32440410145069654
"[0.48953872044331115, 0.697971840541557, -0.9009208160207598, 0.48605209899093377]",28.471498439316115,0.32446693393209314
"[0.4895239418782543, 0.6979636207546601, -0.9009180892859314, 0.48606024034777995]",28.471461726133136,0.32452976641348974
"[0.48950916690095, 0.6979554040446286, -0.9009153633388811, 0.48606837874893566]",28.471425040468866,0.3245925988948864
"[0.4894943929491532, 0.6979471889858754, -0.9009126377068608, 0.4860765156063438]",28.47138836177549,0.32465543137628294
"[0.4894796225618367, 0.6979389769895255, -0.9009099128582635, 0.48608464952225444]",28.471351708296925,0.3247182638576796
"[0.48946485313277266, 0.6979307666059458, -0.9009071883122709, 0.4860927819324581]",28.471315063385653,0.3247810963390762
"[0.4894500855389789, 0.6979225583222133, -0.9009044642306712, 0.4861009123544627]",28.471278434139514,0.3248439288204728
"[0.48943532129489287, 0.6979143529793775, -0.9009017408927953, 0.486109039955132]",28.471241827686168,0.3249067613018694
"[0.4894205577455578, 0.6979061491013294, -0.9008990178089099, 0.4861171661965372]",28.47120522913381,0.32496959378326606
"[0.48940579747670004, 0.6978979481243375, -0.9008962954559305, 0.4861252896559481]",28.471168655040763,0.3250324262646626
"[0.48939103930343686, 0.6978897493893247, -0.9008935736152897, 0.48613341098614643]",28.471132097486127,0.32509525874605927
"[0.4893762822329397, 0.6978815523442379, -0.900890852103878, 0.4861415307339284]",28.471095546281603,0.32515809122745587
"[0.48936152746563455, 0.6978733576553487, -0.9008881311430734, 0.4861496482392574]",28.47105901703213,0.32522092370885247
"[0.489346776600656, 0.697865166209975, -0.900885411027736, 0.4861577626230996]",28.471022512590718,0.3252837561902491
"[0.48933202591326513, 0.6978569759391006, -0.900882691070995, 0.48616587593495336]",28.47098601222487,0.32534658867164573
"[0.48931727835522576, 0.6978487884811712, -0.9008799718171381, 0.48617398655172167]",28.47094953554712,0.3254094211530423
"[0.4893025310981666, 0.6978406022654249, -0.9008772527446457, 0.48618209602937745]",28.47091305985595,0.32547225363443893
"[0.4892877873661885, 0.6978324190809948, -0.9008745344479605, 0.48619020259550716]",28.470876613250674,0.32553508611583554
"[0.48927304645685316, 0.6978242385371642, -0.9008718167975313, 0.4861983066370951]",28.4708401860115,0.32559791859723214
"[0.4892583060750635, 0.6978160593597427, -0.9008690993702271, 0.486206409416369]",28.47080376366994,0.32566075107862874
"[0.48924356865985, 0.6978078829015756, -0.9008663826156826, 0.4862145095930712]",28.4707673636049,0.3257235835600254
"[0.48922883262484257, 0.6977997082819033, -0.9008636662414423, 0.48622260803968925]",28.47073097743823,0.32578641604142194
"[0.48921409970677754, 0.6977915364635182, -0.9008609505676295, 0.48623070380234407]",28.470694612743088,0.3258492485228186
"[0.4891993677179193, 0.6977833662323835, -0.9008582351909709, 0.4862387980837198]",28.47065825340946,0.3259120810042152
"[0.4891846386069995, 0.6977751986686522, -0.9008555204706438, 0.48624688981365544]",28.470621917196613,0.32597491348561175
"[0.48916991238776497, 0.6977670337792009, -0.9008528064091461, 0.48625497898526704]",28.4705856029281,0.3260377459670084
"[0.48915518654171936, 0.6977588701671453, -0.9008500925423115, 0.4862630669824395]",28.470549292695935,0.326100578448405
"[0.48914046289073443, 0.6977507088420549, -0.9008473792059026, 0.48627115280491484]",28.47051299873056,0.3261634109298016
"[0.48912574305629003, 0.6977425507019089, -0.9008446666986939, 0.4862792355629504]",28.47047673279706,0.3262262434111982
"[0.48911102420668107, 0.6977343941766303, -0.9008419544988479, 0.48628731681205517]",28.47044047505945,0.32628907589259487
"[0.4890963069222672, 0.6977262395874047, -0.9008392427133101, 0.4862953962339677]",28.47040422924568,0.3263519083739914
"[0.48908159211097274, 0.6977180874366987, -0.9008365315093605, 0.4863034733308016]",28.470368002712696,0.3264147408553881
"[0.4890668794451231, 0.6977099375423381, -0.9008338208266033, 0.4863115482829938]",28.470331791075573,0.3264775733367847
"[0.4890521692129888, 0.6977017900633574, -0.9008311107181289, 0.48631962093291503]",28.470295601769696,0.3265404058181813
"[0.4890374603477954, 0.6976936444083445, -0.9008284009873918, 0.4863276918664953]",28.47025941997207,0.3266032382995779
"[0.48902275430287573, 0.697685501381543, -0.9008256919021155, 0.48633576028681313]",28.47022326017186,0.3266660707809745
"[0.4890080505980396, 0.6976773607163523, -0.900822983373813, 0.4863438264579636]",28.470187119082222,0.3267289032623711
"[0.48899334776691367, 0.6976692216004228, -0.900820275132364, 0.4863518911848175]",28.470150983131557,0.32679173574376774
"[0.48897864772972666, 0.6976610850961985, -0.9008175675314632, 0.4863599534145915]",28.47011487124839,0.32685456822516434
"[0.4889639503258866, 0.6976529511140549, -0.900814860541499, 0.4863680132360264]",28.470078777698397,0.32691740070656095
"[0.4889492538972789, 0.6976448187358024, -0.9008121538570686, 0.486376071558891]",28.470042690923997,0.32698023318795755
"[0.48893455970365324, 0.6976366886580457, -0.9008094477101808, 0.4863841276928788]",28.4700066209712,0.32704306566935415
"[0.4889198680302276, 0.6976285610379076, -0.9008067421533397, 0.4863921814822376]",28.46997056999885,0.32710589815075075
"[0.4889051784430355, 0.6976204356346813, -0.9008040371066053, 0.486400233165428]",28.469934539290943,0.3271687306321474
"[0.48889049145340135, 0.6976123127305455, -0.9008013326641149, 0.4864082824627737]",28.46989852298993,0.32723156311354396
"[0.48887580560233335, 0.6976041915180279, -0.9007986285572012, 0.48641633017437874]",28.46986251819725,0.3272943955949406
"[0.48886112110845725, 0.6975960721176022, -0.9007959248261254, 0.4864243761808224]",28.469826526158982,0.3273572280763372
"[0.4888464402412645, 0.6975879557834446, -0.9007932218887228, 0.48643241923920366]",28.46979055690164,0.3274200605577338
"[0.4888317612680839, 0.6975798415568986, -0.9007905194259536, 0.4864404602994568]",28.469754607168145,0.3274828930391304
"[0.48881708335612345, 0.6975717289771485, -0.9007878172844966, 0.4864484998182001]",28.469718663716797,0.3275457255205271
"[0.4888024081721098, 0.6975636189648488, -0.9007851157711774, 0.48645653688302]",28.469682736524636,0.3276085580019236
"[0.4887877343307746, 0.6975555107538653, -0.9007824146309719, 0.48646457225310596]",28.469646825599117,0.3276713904833203
"[0.4887730644358844, 0.6975474057822231, -0.9007797143431467, 0.48647260450328805]",28.4696109434145,0.3277342229647169
"[0.48875839497178003, 0.6975393021069415, -0.9007770142605558, 0.48648063555905635]",28.469575062045674,0.32779705544611343
"[0.48874372785378234, 0.6975312007856156, -0.9007743147357381, 0.486488664372254]",28.46953919992127,0.3278598879275101
"[0.48872906267550115, 0.6975231015931846, -0.9007716156938783, 0.4864966911658712]",28.4695033492147,0.3279227204089067
"[0.48871440014044604, 0.6975150049175337, -0.9007689172644313, 0.4865047155554321]",28.469467523269827,0.3279855528903033
"[0.4886997391322972, 0.6975069101416289, -0.9007662192419392, 0.4865127381524089]",28.469431711591465,0.3280483853716999
"[0.48868508007600797, 0.6974988174995866, -0.9007635217045966, 0.4865207587247246]",28.469395909394393,0.32811121785309655
"[0.48867042278739337, 0.6974907268891718, -0.9007608246185004, 0.4865287773736542]",28.46936012204958,0.3281740503344931
"[0.4886557687549769, 0.6974826391313337, -0.9007581282575263, 0.4865367932854889]",28.469324361445356,0.32823688281588975
"[0.4886411158423154, 0.6974745530463378, -0.9007554322285464, 0.48654480762942715]",28.469288608691134,0.32829971529728635
"[0.488626465567813, 0.6974664694715458, -0.9007527368109253, 0.48655281957548613]",28.469252875200493,0.32836254777868296
"[0.4886118171461069, 0.697458387972989, -0.9007500418601482, 0.4865608295537329]",28.46921715668233,0.32842538026007956
"[0.4885971704580725, 0.6974503084844157, -0.90074734735429, 0.4865688376297844]",28.46918145262035,0.3284882127414762
"[0.4885825263888714, 0.6974422314934889, -0.9007446534561726, 0.4865768433202318]",28.46914576673872,0.32855104522287276
"[0.4885678839831305, 0.6974341564726653, -0.9007419599900293, 0.48658484714790745]",28.46911009091865,0.3286138777042694
"[0.48855324338047323, 0.6974260834984215, -0.9007392669815361, 0.4865928490369611]",28.469074435970995,0.328676710185666
"[0.48853860463046167, 0.6974180125975542, -0.9007365744397997, 0.48660084896078337]",28.469038790617663,0.3287395426670626
"[0.4885239684800759, 0.6974099441812746, -0.9007338825021937, 0.48660884651172265]",28.469003164081684,0.3288023751484592
"[0.4885093341624146, 0.6974018778261952, -0.9007311910276476, 0.4866168421093916]",28.4689675539022,0.3288652076298559
"[0.4884947017602742, 0.6973938135774065, -0.9007285000313764, 0.4866248357090461]",28.46893195690957,0.32892804011125243
"[0.48848007182118286, 0.6973857517360476, -0.9007258096140557, 0.4866328270121285]",28.46889637651468,0.3289908725926491
"[0.4884654444259359, 0.6973776923459587, -0.900723119790516, 0.4866408159751216]",28.468860820073807,0.3290537050740457
"[0.48845081899689136, 0.6973696350882423, -0.9007204304545137, 0.4866488029140789]",28.468825281313425,0.3291165375554423
"[0.4884361949342059, 0.6973615796319382, -0.9007177414957436, 0.4866567881570266]",28.468789746518496,0.3291793700368389
"[0.48842157261279073, 0.6973535261830838, -0.9007150529831384, 0.48666477149967935]",28.468754226685608,0.3292422025182355
"[0.48840695267327683, 0.6973454750939316, -0.90071236503447, 0.4866727525927972]",28.468718727685083,0.3293050349996321
"[0.4883923351411012, 0.6973374263778228, -0.9007096776543915, 0.4866807314230961]",28.468683244542696,0.32936786748102875
"[0.48837771871436075, 0.6973293793173996, -0.9007069906035433, 0.48668870870165704]",28.468647771290748,0.32943069996242536
"[0.4883631044659879, 0.6973213345028403, -0.9007043040791664, 0.4866966838433753]",28.468612313171473,0.32949353244382196
"[0.48834849260092744, 0.6973132920463546, -0.9007016181189129, 0.4867046567369545]",28.468576874596614,0.32955636492521856
"[0.48833388389098187, 0.6973052523720016, -0.9006989328646217, 0.48671262696193796]",28.4685414575311,0.32961919740661516
"[0.48831927548139253, 0.6972972139081957, -0.9006962477915469, 0.4867205960762879]",28.46850604698628,0.32968202988801176
"[0.4883046705751653, 0.6972891784168811, -0.9006935634883987, 0.4867285623332108]",28.468470658043245,0.32974486236940836
"[0.48829006727335716, 0.6972811448525857, -0.9006908796061325, 0.48673652676910845]",28.4684352864407,0.32980769485080497
"[0.48827546545928574, 0.6972731131506502, -0.9006881961233006, 0.4867444894480407]",28.468399924593932,0.32987052733220157
"[0.48826086564601723, 0.6972650835927598, -0.9006855131341854, 0.4867524500906954]",28.468364580311935,0.3299333598135982
"[0.4882462680636022, 0.6972570563048502, -0.9006828306810445, 0.48676040857216374]",28.46832924884759,0.32999619229499483
"[0.48823167132786993, 0.697249030525284, -0.9006801485095198, 0.48676836564751125]",28.468293923888794,0.33005902477639143
"[0.4882170789505737, 0.697241008184254, -0.9006774672648701, 0.4867763194030045]",28.468258637270928,0.33012185725778803
"[0.4882024875411515, 0.6972329874170092, -0.9006747863240729, 0.48678427168739047]",28.468223354351487,0.33018468973918463
"[0.48818789822518316, 0.6972249688418366, -0.9006721058939323, 0.48679222188761545]",28.46818808590089,0.33024752222058124
"[0.4881733105345931, 0.6972169522009207, -0.9006694258884396, 0.4868001702592483]",28.468152834071713,0.3303103547019779
"[0.4881587254705586, 0.6972089380438615, -0.9006667464915094, 0.48680811625731507]",28.468117598644916,0.33037318718337444
"[0.4881441419886168, 0.697200925796159, -0.9006640675112476, 0.4868160604513756]",28.46808237819445,0.3304360196647711
"[0.4881295609649137, 0.6971929159385966, -0.9006613891085864, 0.48682400236467854]",28.468047174586648,0.3304988521461677
"[0.48811498181089763, 0.697184908147274, -0.9006587111753949, 0.4868319423183204]",28.468011987390426,0.3305616846275643
"[0.488100404353595, 0.697176902326622, -0.9006560336798922, 0.48683988040701537]",28.467976809922277,0.3306245171089609
"[0.48808582858234273, 0.6971688984703206, -0.9006533566201111, 0.4868478166369817]",28.46794164907673,0.33068734959035756
"[0.48807125610709984, 0.697160897461745, -0.9006506802917176, 0.486855750132248]",28.467906511377603,0.3307501820717541
"[0.48805668544488007, 0.6971528984859774, -0.9006480044223225, 0.4868636817007937]",28.467871386262246,0.33081301455315076
"[0.4880421155097915, 0.6971449009464727, -0.9006453288125073, 0.4868716119340982]",28.4678362696584,0.33087584703454737
"[0.488027548365776, 0.6971369059756277, -0.9006426538412835, 0.48687953970924774]",28.46780117209657,0.33093867951594397
"[0.4880129828617807, 0.6971289129410895, -0.9006399792972628, 0.48688746565322455]",28.467766086851444,0.33100151199734057
"[0.4879984202316539, 0.69712092251933, -0.9006373054069838, 0.48689538909517804]",28.467731026164625,0.3310643444787372
"[0.4879838586997606, 0.6971129337355042, -0.9006346318444015, 0.48690331100173084]",28.467695969474118,0.3311271769601338
"[0.4879692992769328, 0.6971049471436959, -0.9006319587951049, 0.48691123082339227]",28.467660936091153,0.33119000944153043
"[0.48795474296601626, 0.6970969632933212, -0.9006292864431801, 0.48691914801527725]",28.467625919147938,0.33125284192292703
"[0.4879401868271344, 0.6970889805714234, -0.9006266142488981, 0.4869270641768303]",28.46759090863009,0.33131567440432363
"[0.48792563396926003, 0.6970810006824861, -0.9006239427829913, 0.4869349776177329]",28.467555921438283,0.33137850688572024
"[0.4879110843967614, 0.6970730236280653, -0.9006212720462119, 0.48694288833636723]",28.46752095724788,0.33144133936711684
"[0.4878965348817785, 0.6970650476379356, -0.9006186014460438, 0.48695079808819214]",28.467485996763564,0.33150417184851344
"[0.48788198736095995, 0.6970570737734068, -0.9006159313379735, 0.4869587058206771]",28.46745105142814,0.33156700432991004
"[0.48786744205401095, 0.6970491021543005, -0.9006132617623085, 0.4869666114149424]",28.467416118281534,0.3316298368113067
"[0.48785289945486665, 0.6970411330506759, -0.9006105928096751, 0.4869745146031038]",28.46738121333998,0.33169266929270325
"[0.4878383582925263, 0.697033165765457, -0.9006079242467943, 0.4869824160764191]",28.46734631340285,0.3317555017740999
"[0.48782381944427533, 0.6970252007787852, -0.9006052562346505, 0.4869903153586643]",28.46731143425056,0.3318183342554965
"[0.4878092818652944, 0.6970172375177689, -0.9006025885814991, 0.486998213017955]",28.467276564946403,0.3318811667368931
"[0.48779474813600177, 0.6970092773951191, -0.9005999217608204, 0.48700610765316166]",28.467241724501005,0.3319439992182897
"[0.4877802139471917, 0.6970013180502739, -0.9005972549819, 0.4870140016053744]",28.46720687888343,0.33200683169968637
"[0.48776568439748874, 0.696993362274778, -0.9005945891802322, 0.4870218921059325]",28.46717206950751,0.3320696641810829
"[0.48775115458046164, 0.6969854073814507, -0.9005919234555924, 0.48702978181991485]",28.46713725849794,0.33213249666247957
"[0.4877366273420993, 0.696977454928077, -0.9005892583301278, 0.4870376692022627]",28.467102465683382,0.3321953291438762
"[0.4877221019088171, 0.6969695044905757, -0.9005865936618975, 0.4870455546735321]",28.4670676874027,0.3322581616252728
"[0.487707579148053, 0.6969615565431067, -0.9005839296100107, 0.48705343776338383]",28.46703293239057,0.3323209941066694
"[0.48769305811194386, 0.6969536105663382, -0.9005812660005698, 0.4870613189868547]",28.46699819013732,0.332383826588066
"[0.48767853882125606, 0.6969456665711221, -0.9005786028373753, 0.4870691983331353]",28.466963461095865,0.3324466590694626
"[0.4876640214252059, 0.6969377246385752, -0.9005759401477856, 0.4870770757217206]",28.46692874637661,0.33250949155085924
"[0.48764950707613675, 0.6969297853984413, -0.9005732781431283, 0.487084950527925]",28.466894051581008,0.33257232403225584
"[0.4876349934090375, 0.696921847556543, -0.9005706163896355, 0.4870928240353731]",28.466859365417818,0.33263515651365244
"[0.48762048338904207, 0.696913912733981, -0.9005679554310821, 0.48710069463604877]",28.466824706867854,0.33269798899504904
"[0.4876059736358072, 0.6969059790816576, -0.90056529464754, 0.487108564164033]",28.466790048733206,0.33276082147644565
"[0.4875914659045798, 0.6968980475589278, -0.9005626343608908, 0.4871164316676891]",28.46675540686215,0.33282365395784225
"[0.4875769608164507, 0.6968901185047169, -0.9005599746849993, 0.4871242968107694]",28.466720784008025,0.3328864864392389
"[0.4875624579075268, 0.6968821916647948, -0.9005573155347787, 0.4871321598453965]",28.466686180850395,0.33294931892063545
"[0.487547956801599, 0.6968742668329786, -0.9005546568412337, 0.4871400209760422]",28.46665159228191,0.3330121514020321
"[0.4875334580189929, 0.6968663442930519, -0.9005519986997454, 0.48714787992115155]",28.466617017623342,0.3330749838834287
"[0.4875189592295649, 0.6968584227713753, -0.9005493406831221, 0.48715573794410444]",28.46658244508985,0.3331378163648253
"[0.4875044655924113, 0.6968505050859809, -0.9005466837371326, 0.4871635922493961]",28.46654790952801,0.3332006488462219
"[0.48748997272439715, 0.6968425888416545, -0.900544027058228, 0.4871714452129985]",28.46651338332003,0.3332634813276185
"[0.48747548087812687, 0.6968346741760473, -0.9005413706927259, 0.48717929669832966]",28.466478863424054,0.3333263138090151
"[0.48746099153044703, 0.6968267618952262, -0.9005387149113224, 0.4871871459057102]",28.46644436225649,0.3333891462904117
"[0.48744650407837997, 0.6968188516693151, -0.9005360596034763, 0.48719499316233195]",28.466409873683464,0.3334519787718084
"[0.48743201908363576, 0.6968109438044188, -0.9005334048721176, 0.4872028381644723]",28.466375406349595,0.3335148112532049
"[0.48741753500295476, 0.6968030374575264, -0.9005307504343989, 0.4872106817483942]",28.466340948418072,0.3335776437346016
"[0.4874030542891379, 0.6967951339669348, -0.9005280967398147, 0.4872185225863728]",28.466306512951878,0.3336404762159982
"[0.4873885753480742, 0.696787232461924, -0.9005254434962008, 0.4872263615421622]",28.466272089520416,0.3337033086973948
"[0.4873740973426227, 0.696779332485217, -0.900522790550154, 0.48723419906938065]",28.46623767705346,0.3337661411787914
"[0.4873596223960554, 0.6967714351948292, -0.9005201382907243, 0.4872420340191163]",28.466203287463617,0.33382897366018804
"[0.4873451494311709, 0.6967635400023903, -0.9005174865205064, 0.4872498669750332]",28.466168911062645,0.3338918061415846
"[0.48733067661236873, 0.6967556459061951, -0.9005148349031844, 0.48725769893090676]",28.466134535240414,0.33395463862298125
"[0.4873162078177513, 0.6967477550209523, -0.900512184149261, 0.48726552778862176]",28.466100194271085,0.33401747110437785
"[0.48730174063749504, 0.6967398660316826, -0.9005095338172068, 0.4872733548527551]",28.466065864316143,0.33408030358577445
"[0.4872872738680247, 0.6967319782817167, -0.9005068836865409, 0.48728118077478777]",28.466031536598734,0.33414313606717105
"[0.487272810938745, 0.6967240936403039, -0.9005042343854666, 0.4872890037000698]",28.46599723387737,0.3342059685485677
"[0.48725834906320104, 0.6967162105877153, -0.900501585403537, 0.4872968251363747]",28.465962945249736,0.33426880102996426
"[0.4872438904998256, 0.6967083303544154, -0.900498937154408, 0.48730464386280165]",28.46592868052672,0.3343316335113609
"[0.4872294324992144, 0.696700451441374, -0.9004962891344797, 0.4873124613666298]",28.46589441842559,0.3343944659927575
"[0.4872149757588104, 0.696692574228337, -0.9004936414715028, 0.4873202772710426]",28.465860169990293,0.3344572984741541
"[0.4872005232884504, 0.6966847003545941, -0.9004909947166726, 0.4873280899494436]",28.46582595211834,0.3345201309555507
"[0.4871860713654418, 0.6966768277913346, -0.9004883481882073, 0.48733590141481753]",28.46579173861297,0.3345829634369474
"[0.4871716212849981, 0.6966689572437319, -0.9004857021232984, 0.4873437109674266]",28.46575753610929,0.3346457959183439
"[0.4871571738267929, 0.6966610891358641, -0.9004830566646943, 0.48735151818642347]",28.46572335714695,0.3347086283997406
"[0.48714272780747453, 0.6966532228226658, -0.900480411595697, 0.48735932371183294]",28.465689188622704,0.3347714608811372
"[0.48712828413538917, 0.6966453587982755, -0.9004777670826091, 0.4873671270532831]",28.46565503531177,0.3348342933625338
"[0.4871138420937046, 0.6966374966718388, -0.9004751229941693, 0.48737492859856174]",28.465620899421108,0.3348971258439304
"[0.48709940155349707, 0.6966296363727074, -0.9004724793067677, 0.4873827284177301]",28.46558677351315,0.334959958325327
"[0.4870849643630407, 0.696621778906294, -0.9004698363587472, 0.4873905255130531]",28.465552671489597,0.3350227908067236
"[0.48707052744893115, 0.6966139225993788, -0.9004671935874621, 0.48739832154484647]",28.46551857248714,0.3350856232881202
"[0.4870560942783084, 0.6966060693381565, -0.9004645516275789, 0.4874061146413362]",28.46548450177245,0.33514845576951685
"[0.4870416611186593, 0.6965982170912004, -0.9004619097958538, 0.4874139068183368]",28.465450430360068,0.3352112882509134
"[0.48702723172762535, 0.6965903679022912, -0.9004592687800697, 0.48742169604765373]",28.46541639030203,0.33527412073231005
"[0.4870128034084693, 0.6965825203038404, -0.9004566280866122, 0.48742948378560635]",28.465382357495557,0.33533695321370666
"[0.4869983762056914, 0.6965746743196878, -0.9004539877236338, 0.48743727000850157]",28.46534833235543,0.33539978569510326
"[0.48698395167241015, 0.6965668307939393, -0.9004513479753602, 0.4874450538786145]",28.465314326892575,0.33546261817649986
"[0.48696952979997093, 0.6965589897211979, -0.9004487088401729, 0.4874528354012378]",28.465280343204693,0.33552545065789646
"[0.48695510967039113, 0.6965511506017676, -0.9004460701500634, 0.48746061507221805]",28.46524637423974,0.33558828313929306
"[0.4869406904867157, 0.6965433130019913, -0.9004434317591995, 0.4874683933218847]",28.465212408530274,0.3356511156206897
"[0.48692627349087125, 0.6965354775964613, -0.9004407938948205, 0.48747616948071054]",28.465178463367554,0.3357139481020863
"[0.4869118602255447, 0.696527645222852, -0.9004381568391476, 0.4874839427172869]",28.46514454760997,0.3357767805834829
"[0.4868974467666181, 0.6965198137482348, -0.9004355198742123, 0.4874917151483919]",28.46511062598445,0.3358396130648795
"[0.4868830369227429, 0.6965119852415411, -0.9004328836968031, 0.4874994847206459]",28.465076733871477,0.33590244554627613
"[0.48686862814344883, 0.6965041583165245, -0.9004302478403046, 0.48750725280980345]",28.465042849363854,0.33596527802767273
"[0.48685422164531944, 0.6964963336335612, -0.9004276125272621, 0.48751501876040704]",28.465008986279237,0.3360281105090694
"[0.48683981584697894, 0.6964885103333176, -0.9004249774683977, 0.4875227834252981]",28.46497512663885,0.33609094299046594
"[0.486825413139422, 0.6964806897137306, -0.9004223431010493, 0.4875305455162193]",28.464941288093492,0.3361537754718626
"[0.4868110124081065, 0.6964728711689301, -0.9004197092213277, 0.48753830563444667]",28.46490746688527,0.3362166079532592
"[0.4867966128253953, 0.6964650542491315, -0.9004170756778527, 0.48754606422635877]",28.46487365387191,0.3362794404346558
"[0.4867822164456129, 0.6964572400689402, -0.9004144428463184, 0.48755382018561527]",28.46483986557077,0.3363422729160524
"[0.48676781924566437, 0.696449426444296, -0.9004118099909781, 0.48756157567996616]",28.46480606885784,0.33640510539744906
"[0.4867534278646115, 0.6964416169776798, -0.9004091783259057, 0.4875693271336726]",28.464772321881032,0.3364679378788456
"[0.48673903616955144, 0.6964338083403783, -0.9004065467295763, 0.48757707785065585]",28.464738566737775,0.33653077036024226
"[0.4867246475825741, 0.6964260023887211, -0.9004039158277354, 0.48758482598831554]",28.46470484193654,0.33659360284163886
"[0.48671025964829406, 0.6964181977901164, -0.9004012851714099, 0.4875925728693254]",28.464671117864143,0.33665643532303546
"[0.4866958727911005, 0.6964103947744515, -0.9003986548382072, 0.4876003182654681]",28.464637403043454,0.33671926780443207
"[0.4866814903247565, 0.6964025951383188, -0.9003960254339411, 0.48760806039335397]",28.46460372123835,0.3367821002858287
"[0.4866671084177138, 0.6963947968032178, -0.9003933962580979, 0.4876158013160984]",28.464570043607814,0.33684493276722527
"[0.4866527294104925, 0.6963870010377629, -0.9003907677385402, 0.4876235397743815]",28.464536386097574,0.33690776524862187
"[0.4866383518936081, 0.6963792070771853, -0.900388139617589, 0.4876312765272962]",28.464502742911556,0.33697059773001853
"[0.48662397609185376, 0.6963714150428916, -0.9003855119363265, 0.4876390114542827]",28.464469111565133,0.3370334302114151
"[0.4866096005418271, 0.6963636241413409, -0.9003828844272742, 0.4876467453430348]",28.46443548312386,0.33709626269281173
"[0.4865952297550826, 0.6963558368169448, -0.9003802579150061, 0.4876544757669681]",28.464401891820145,0.33715909517420833
"[0.4865808598272839, 0.696348050953272, -0.9003776316858978, 0.4876622048269853]",28.46436830676116,0.33722192765560494
"[0.48656649140945857, 0.696340266902694, -0.9003750058589329, 0.48766993217324894]",28.464334733306025,0.33728476013700154
"[0.48655212558156014, 0.6963324852497131, -0.9003723806314545, 0.48767765722546386]",28.464301179106876,0.3373475926183982
"[0.48653776128686577, 0.6963247054213637, -0.9003697558103365, 0.48768538055237587]",28.464267636365538,0.33741042509979474
"[0.48652339859807464, 0.6963169274565666, -0.9003671314088563, 0.48769310211530426]",28.464234107976253,0.3374732575811914
"[0.48650903736362877, 0.6963091512727975, -0.9003645073993155, 0.4877008219961328]",28.464200588495654,0.337536090062588
"[0.4864946802134671, 0.696301378293387, -0.9003618842622045, 0.487708538781772]",28.464167101465513,0.3375989225439846
"[0.48648032247131223, 0.6962936059860945, -0.9003592611431287, 0.4877162549861101]",28.464133607651863,0.3376617550253812
"[0.4864659686183265, 0.6962858367762562, -0.9003566388607744, 0.48772396820127334]",28.464100143944822,0.33772458750677786
"[0.48645161690853966, 0.6962780697180672, -0.9003540170961293, 0.48773167936618184]",28.464066699613213,0.3377874199881744
"[0.4864372648327191, 0.6962703034532516, -0.900351395390818, 0.4877393898293056]",28.464033251533596,0.33785025246957107
"[0.48642291668992815, 0.6962625403076268, -0.9003487745301421, 0.48774709728149285]",28.46399983214663,0.33791308495096767
"[0.4864085689779191, 0.6962547783857064, -0.9003461538743514, 0.48775480360457735]",28.463966419260768,0.33797591743236427
"[0.4863942236508104, 0.6962470187442185, -0.9003435337803688, 0.4877625077493608]",28.463933021293535,0.33803874991376087
"[0.4863798811190629, 0.696239261604522, -0.9003409143231298, 0.4877702094960062]",28.463899643163103,0.3381015823951575
"[0.48636554047922564, 0.696231506477376, -0.9003382953376045, 0.487777909330204]",28.463866284234353,0.3381644148765541
"[0.48635120099973167, 0.6962237529667055, -0.9003356766901831, 0.48778560764516393]",28.463832932679527,0.33822724735795073
"[0.48633686308530943, 0.6962160012909526, -0.9003330584547758, 0.4877933042239594]",28.463799594572237,0.33829007983934734
"[0.48632252774912116, 0.6962082519973128, -0.9003304408163746, 0.4878009985232333]",28.46376627148715,0.33835291232074394
"[0.48630819321380764, 0.696200504124515, -0.9003278234504233, 0.4878086914973895]",28.463732957021058,0.33841574480214054
"[0.48629386194726193, 0.696192759005914, -0.9003252068075193, 0.4878163818224697]",28.46369966920386,0.33847857728353714
"[0.4862795330172865, 0.6961850161370117, -0.9003225907174197, 0.4878240699993385]",28.46366639894683,0.33854140976493374
"[0.4862652050667669, 0.6961772747839935, -0.9003199749323415, 0.487831756756583]",28.463633137880333,0.3386042422463304
"[0.48625087971012954, 0.6961695358186336, -0.9003173597470105, 0.4878394412285304]",28.463599893043558,0.33866707472772695
"[0.4862365547153279, 0.6961617980346992, -0.9003147447539466, 0.4878471246128782]",28.46356665175137,0.3387299072091236
"[0.4862222335709566, 0.6961540633159748, -0.900312130589965, 0.4878548050390362]",28.463533439149526,0.3387927396905202
"[0.4862079133548329, 0.6961463300836482, -0.900309516721624, 0.4878624840746737]",28.463500236775307,0.3388555721719168
"[0.4861935952266923, 0.6961385989635316, -0.9003069033606048, 0.4878701610983255]",28.46346704605617,0.3389184046533134
"[0.4861792784061993, 0.6961308695338186, -0.90030429036447, 0.48787783652879946]",28.463433870574033,0.33898123713471
"[0.4861649642311607, 0.6961231425162187, -0.900301677977367, 0.48788550964938016]",28.463400709995227,0.3390440696161066
"[0.4861506519681917, 0.6961154175142522, -0.9002990660654254, 0.48789318085372485]",28.463367569414313,0.3391069020975032
"[0.48613634076310486, 0.6961076940664345, -0.9002964544727555, 0.48790085060006455]",28.46333443455188,0.3391697345788999
"[0.48612203173956436, 0.6960999727787209, -0.9002938434044014, 0.48790851828661286]",28.46330131582496,0.3392325670602965
"[0.48610772613736875, 0.6960922543194145, -0.9002912330865581, 0.48791618324964225]",28.463268222461334,0.3392953995416931
"[0.4860934211168267, 0.6960845371558424, -0.900288623001054, 0.4879238470111523]",28.46323513669034,0.3393582320230897
"[0.486079117378317, 0.6960768216655223, -0.9002860132756891, 0.48793150919620626]",28.463202057492552,0.3394210645044863
"[0.4860648163183166, 0.6960691086011805, -0.9002834041652336, 0.48793916905722884]",28.46316900067928,0.3394838969858829
"[0.486050517031316, 0.696061397473863, -0.9002807955044596, 0.4879468270797466]",28.4631359587062,0.33954672946727954
"[0.48603621960533416, 0.6960536883305243, -0.9002781873094114, 0.4879544832170821]",28.46310292643905,0.3396095619486761
"[0.4860219239371091, 0.6960459811150017, -0.9002755795612376, 0.48796213752496453]",28.463069911598268,0.33967239443007274
"[0.48600763013173837, 0.6960382758834304, -0.9002729722790963, 0.4879697899475985]",28.463036908830276,0.33973522691146935
"[0.48599333938226497, 0.6960305732783235, -0.9002703656805747, 0.48797743984681474]",28.463003932597314,0.33979805939286595
"[0.4859790489095152, 0.6960228718012509, -0.9002677592587487, 0.4879850887107466]",28.462970955939532,0.33986089187426255
"[0.4859647604264553, 0.6960151723750143, -0.9002651533260484, 0.487992735622861]",28.46293799537058,0.3399237243556592
"[0.4859504759985342, 0.6960074761118245, -0.9002625482591238, 0.4880003794784671]",28.462905062750938,0.33998655683705575
"[0.485936191338361, 0.6959997807011933, -0.9002599432760626, 0.48800802257226894]",28.462872136229105,0.3400493893184524
"[0.4859219082954375, 0.695992087139204, -0.9002573387141599, 0.4880156639149291]",28.462839213275323,0.340112221799849
"[0.4859076289813746, 0.6959843965626007, -0.9002547349584386, 0.48802330237735697]",28.462806325165257,0.3401750542812456
"[0.4858933503124241, 0.6959767073099571, -0.9002521314465696, 0.4880309396096673]",28.462773439298388,0.3402378867626422
"[0.4858790743003381, 0.6959690204641635, -0.9002495285453579, 0.4880385745362514]",28.4627405756591,0.3403007192440389
"[0.4858647993018233, 0.6959613351398916, -0.9002469259551724, 0.48804620803641124]",28.46270771750639,0.3403635517254354
"[0.48585052641283666, 0.6959536519267331, -0.9002443238758182, 0.48805383952448855]",28.462674875658127,0.3404263842068321
"[0.4858362558813895, 0.6959459709576102, -0.9002417223524852, 0.48806146886840185]",28.462642051794987,0.3404892166882287
"[0.4858219862378744, 0.6959382914410619, -0.9002391211172543, 0.4880690968542491]",28.46260923793601,0.3405520491696253
"[0.48580771963251174, 0.6959306145337523, -0.9002365205620739, 0.48807672233307875]",28.462576447051358,0.3406148816510219
"[0.4857934535397929, 0.6959229388761918, -0.9002339202265753, 0.4880843466552267]",28.46254365741258,0.3406777141324185
"[0.4857791911641444, 0.6959152661919292, -0.9002313206948189, 0.48809196810861927]",28.462510897872463,0.3407405466138151
"[0.4857649291406321, 0.6959075946701939, -0.9002287213534752, 0.48809958849188584]",28.462478140110782,0.3408033790952117
"[0.48575066986228055, 0.6958999255977475, -0.9002261226386804, 0.488107206526801]",28.462445402269,0.34086621157660835
"[0.48573641164609105, 0.6958922580689061, -0.9002235242436958, 0.4881148231129725]",28.46241267331581,0.3409290440580049
"[0.48572215584059963, 0.695884592808381, -0.9002209264142643, 0.4881224375304592]",28.46237996337623,0.34099187653940155
"[0.485707902262972, 0.6958769297172601, -0.900218329117041, 0.488130049877461]",28.462347271998233,0.34105470902079815
"[0.4856936504396556, 0.6958692685404197, -0.900215732265715, 0.4881376604073632]",28.462314592472755,0.34111754150219475
"[0.4856794003916375, 0.6958616092886601, -0.9002131358640978, 0.48814526910939043]",28.462281926997047,0.34118037398359136
"[0.4856651518498926, 0.6958539518169037, -0.9002105398631628, 0.4881528761276202]",28.462249273352107,0.341243206464988
"[0.48565090526737775, 0.6958462963681163, -0.9002079443454232, 0.4881604812206418]",28.46221663188726,0.34130603894638456
"[0.48563666041890285, 0.6958386428207847, -0.9002053492698378, 0.488168084509122]",28.462184007425225,0.3413688714277812
"[0.48562241785505295, 0.6958309914701934, -0.9002027547366906, 0.4881756856996654]",28.462151401050875,0.3414317039091778
"[0.4856081773674968, 0.6958233422038529, -0.9002001607080063, 0.4881832849039711]",28.46211880808971,0.3414945363905744
"[0.4855939382001286, 0.6958156946151501, -0.9001975670460424, 0.48819088252594667]",28.462086225729923,0.341557368871971
"[0.4855797012732988, 0.6958080491978973, -0.9001949739184265, 0.48819847807496036]",28.462053659427742,0.3416202013533676
"[0.4855654660948846, 0.6958004056872952, -0.9001923812355039, 0.4882060718140338]",28.462021107300117,0.3416830338347642
"[0.48555123394522354, 0.6957927647701824, -0.9001897892304359, 0.4882136630607459]",28.46198858041455,0.3417458663161609
"[0.4855370007440047, 0.6957851242556252, -0.9001871971601096, 0.4882212539917543]",28.461956044582532,0.3418086987975575
"[0.4855227712038016, 0.6957774866729799, -0.9001846058827515, 0.4882288420940807]",28.46192353735804,0.3418715312789541
"[0.48550854380430375, 0.6957698512055175, -0.900182015121462, 0.4882364281790964]",28.46189104400454,0.3419343637603507
"[0.48549431808529303, 0.6957622176057364, -0.9001794247924189, 0.4882440124926552]",28.461858564348628,0.3419971962417473
"[0.4854800944626931, 0.6957545860963172, -0.9001768349713405, 0.48825159481346514]",28.461826102921588,0.3420600287231439
"[0.48546587243015366, 0.6957469564050764, -0.9001742455660157, 0.48825917541190994]",28.461793652968446,0.34212286120454055
"[0.4854516522928836, 0.6957393286952777, -0.9001716566320013, 0.4882667541257302]",28.461761216755665,0.3421856936859371
"[0.4854374327514025, 0.6957317022694969, -0.9001690679327123, 0.48827433164783435]",28.461728786538867,0.34224852616733376
"[0.4854232169118157, 0.6957240787930864, -0.9001664800335989, 0.4882819063234961]",28.461696380666012,0.34231135864873036
"[0.4854090014500561, 0.6957164564829109, -0.9001638923295163, 0.48828947992438676]",28.461663981038775,0.34237419113012696
"[0.4853947894122744, 0.6957088369718122, -0.9001613053749516, 0.48829705082805]",28.461631606980387,0.34243702361152356
"[0.4853805780627735, 0.6957012187925568, -0.9001587186719161, 0.4883046204923094]",28.461599240964574,0.34249985609292016
"[0.4853663684393234, 0.6956936025010748, -0.9001561324093039, 0.4883121883647395]",28.461566885207546,0.34256268857431676
"[0.48535216250497665, 0.6956859891488891, -0.9001535469443666, 0.4883197534004398]",28.461534559624898,0.34262552105571337
"[0.48533795750423514, 0.6956783772586589, -0.9001509617755779, 0.48832731706732035]",28.461502236689864,0.34268835353711
"[0.4853237529683703, 0.69567076657894, -0.9001483768176494, 0.48833487961520633]",28.461469921783834,0.34275118601850657
"[0.48530955124198133, 0.6956631583654944, -0.9001457924972434, 0.4883424397962338]",28.461437628031696,0.34281401849990323
"[0.4852953518329869, 0.695655552354067, -0.9001432087247798, 0.4883499978729301]",28.461405350666055,0.34287685098129983
"[0.48528115449279113, 0.6956479484109134, -0.9001406254549992, 0.48835755397814384]",28.461373088664843,0.34293968346269643
"[0.48526695773661865, 0.695640345740425, -0.9001380424177368, 0.48836510890244045]",28.461340833479927,0.34300251594409303
"[0.4852527635672632, 0.6956327454146867, -0.9001354599773841, 0.48837266158042575]",28.461308596298707,0.3430653484254897
"[0.48523857104190327, 0.6956251469283118, -0.9001328779623837, 0.48838021251426667]",28.461276371421746,0.34312818090688624
"[0.4852243801857577, 0.6956175502943445, -0.9001302963773129, 0.4883877616909573]",28.46124416079652,0.3431910133882829
"[0.48521019175705454, 0.6956099559181396, -0.9001277153600868, 0.4883953087076242]",28.46121196869624,0.3432538458696795
"[0.48519600486559716, 0.6956023633226955, -0.9001251347487492, 0.48840285403824546]",28.46117978929241,0.3433166783510761
"[0.4851818196088129, 0.6955947725597024, -0.9001225545610148, 0.488410397631411]",28.461147620747596,0.3433795108324727
"[0.48516763659815915, 0.6955871839558527, -0.9001199749080832, 0.48841793916240905]",28.461115469626183,0.34344234331386936
"[0.48515345552953365, 0.6955795973478877, -0.9001173957346208, 0.488425478793435]",28.461083333380998,0.3435051757952659
"[0.4851392762917906, 0.6955720126758436, -0.9001148170203964, 0.48843301658403376]",28.461051210878573,0.34356800827666256
"[0.48512509855189906, 0.6955644297611134, -0.9001122387048314, 0.4884405527116652]",28.46101909949545,0.34363084075805916
"[0.4851109225183428, 0.6955568487147608, -0.9001096608258313, 0.48844808706590837]",28.460987003681115,0.34369367323945577
"[0.48509674845198997, 0.6955492696757987, -0.9001070834308178, 0.4884556195085592]",28.46095492177126,0.34375650572085237
"[0.48508257656446296, 0.6955416927568414, -0.90010450655825, 0.4884631499276458]",28.46092285649765,0.343819338202249
"[0.48506840602355095, 0.6955341175124746, -0.9001019300567934, 0.48847067876580363]",28.4608908036796,0.34388217068364557
"[0.4850542380829064, 0.6955265446123509, -0.9000993541543684, 0.48847820535743375]",28.46085876613635,0.34394500316504223
"[0.48504007066685795, 0.6955189729465654, -0.900096778473585, 0.4884857308056115]",28.460826736496333,0.34400783564643883
"[0.4850259068254565, 0.6955114041446588, -0.9000942035689299, 0.4884932534906931]",28.460794732632152,0.34407066812783543
"[0.4850117439604372, 0.6955038368176075, -0.9000916289680255, 0.48850077479318427]",28.460762736424016,0.34413350060923203
"[0.4849975831712864, 0.6954962715524288, -0.9000890548707356, 0.48850829412959806]",28.460730755385057,0.34419633309062864
"[0.4849834236759386, 0.6954887079308655, -0.9000864811348867, 0.4885158119156072]",28.460698783563693,0.34425916557202524
"[0.48496926608369506, 0.6954811462779423, -0.9000839078712202, 0.4885233278281151]",28.460666831217146,0.34432199805342184
"[0.48495511097846666, 0.6954735869049621, -0.9000813351858413, 0.48853084155764925]",28.460634895020572,0.3443848305348185
"[0.4849409572725736, 0.6954660292305511, -0.9000787628810457, 0.4885383536820245]",28.460602968505324,0.34444766301621504
"[0.484926805026238, 0.6954584732864573, -0.9000761909677728, 0.4885458641696449]",28.460571053465003,0.3445104954976117
"[0.4849126550470872, 0.6954509195033779, -0.9000736195927781, 0.48855337259235754]",28.460539157413344,0.3445733279790083
"[0.48489850714045607, 0.6954433677768275, -0.9000710487206608, 0.48856087905396867]",28.460507274869617,0.3446361604604049
"[0.48488436043599836, 0.6954358176418018, -0.9000684781932562, 0.4885683840166514]",28.46047540329685,0.3446989929418015
"[0.48487021576219064, 0.6954282695400108, -0.9000659081610921, 0.4885758870412968]",28.46044354958439,0.3447618254231981
"[0.48485607323167723, 0.6954207235310211, -0.9000633386446133, 0.4885833880686426]",28.4604117077775,0.3448246579045947
"[0.4848419327376211, 0.6954131795572889, -0.900060769624385, 0.4885908871558393]",28.460379882108022,0.34488749038599137
"[0.48482779333674164, 0.6954056371151366, -0.9000582009290252, 0.48859838480352585]",28.460348066928805,0.34495032286738797
"[0.48481365601025433, 0.6953980967275379, -0.9000556327367807, 0.4886058804917926]",28.460316267036383,0.3450131553487846
"[0.4847995200634305, 0.6953905580234842, -0.9000530649214348, 0.48861337458940385]",28.460284482486877,0.3450759878301812
"[0.4847853871351326, 0.6953830218764033, -0.9000504977806622, 0.48862086622804846]",28.46025271208894,0.3451388203115778
"[0.4847712556197544, 0.6953754874295814, -0.9000479310227899, 0.488628356259326]",28.460220956485863,0.3452016527929744
"[0.484757125420496, 0.6953679546310139, -0.9000453646302323, 0.4886358447348974]",28.46018921280812,0.34526448527437104
"[0.4847429977841834, 0.6953604241448572, -0.9000427988294246, 0.48864333099446633]",28.460157487372495,0.3453273177557676
"[0.4847288713257561, 0.6953528952323483, -0.900040233368801, 0.48865081577240915]",28.460125771827464,0.34539015023716424
"[0.4847147480031286, 0.6953453689364327, -0.9000376686039069, 0.48865829803184285]",28.46009407776979,0.34545298271856084
"[0.48470062415096604, 0.6953378433034668, -0.9000351038691231, 0.4886657797149434]",28.460062383445152,0.34551581519995744
"[0.48468650335194047, 0.6953303202420476, -0.9000325398150221, 0.4886732589242236]",28.460030708690184,0.34557864768135405
"[0.484672384232691, 0.6953227990199004, -0.9000299761921987, 0.48868073638763443]",28.459999051398437,0.3456414801627507
"[0.4846582676691777, 0.6953152801031005, -0.9000274131596773, 0.48868821164176046]",28.45996741110643,0.34570431264414725
"[0.48464415312529086, 0.6953077632055197, -0.9000248506200925, 0.4886956849710153]",28.45993578532394,0.3457671451255439
"[0.48463003848708003, 0.6953002472010336, -0.9000222881896572, 0.4887031574949642]",28.459904160199596,0.3458299776069405
"[0.4846159271584237, 0.6952927339017545, -0.9000197264863146, 0.48871062741193627]",28.45987255733599,0.3458928100883371
"[0.4846018166032253, 0.6952852219568592, -0.900017165049652, 0.48871809606490546]",28.459840968660973,0.3459556425697337
"[0.48458770989505956, 0.6952777130020239, -0.9000146044375748, 0.4887255618275676]",28.45980940176666,0.34601847505113037
"[0.4845736022525969, 0.6952702044917514, -0.9000120437821822, 0.4887330272307381]",28.45977783208246,0.3460813075325269
"[0.4845594983971506, 0.6952626989384613, -0.9000094839404267, 0.4887404897763826]",28.459746287557582,0.3461441400139235
"[0.48454539633175603, 0.6952551952787637, -0.900006924549818, 0.488747950521735]",28.45971475775042,0.3462069724953202
"[0.48453129443944654, 0.6952476926519616, -0.9000043653168985, 0.4887554103225382]",28.459683232494378,0.3462698049767167
"[0.4845171964410397, 0.6952401930371138, -0.9000018069169055, 0.4887628672109812]",28.45965173223214,0.3463326374581134
"[0.4845030985862647, 0.695232694438694, -0.8999992486692463, 0.48877032317117197]",28.459620240034713,0.34639546993951
"[0.4844890034361005, 0.695225198218468, -0.89999669103864, 0.4887777768490486]",28.459588763786822,0.3464583024209066
"[0.48447491013212113, 0.6952177039193415, -0.8999941338692917, 0.4887852286990576]",28.45955729862834,0.3465211349023032
"[0.48446081794377477, 0.6952102111523871, -0.8999915770286402, 0.4887926791078847]",28.45952584909571,0.34658396738369984
"[0.48444672891047436, 0.695202721001437, -0.8999890208866839, 0.4888001269977721]",28.459494419195334,0.3466467998650964
"[0.4844326403921752, 0.6951952320624678, -0.8999864649644288, 0.48880757376477624]",28.459462994046195,0.34670963234649305
"[0.48441855359226327, 0.6951877449748166, -0.8999839094801947, 0.4888150187731259]",28.459431582421757,0.34677246482788965
"[0.4844044698182841, 0.6951802604328459, -0.8999813546711508, 0.4888224613323066]",28.459400193721827,0.34683529730928625
"[0.48439038681364, 0.6951727772368345, -0.8999788001279313, 0.4888299026352622]",28.459368812922488,0.34689812979068285
"[0.4843763067190264, 0.6951652965237834, -0.8999762462388229, 0.4888373415513109]",28.45933745221991,0.3469609622720795
"[0.4843622271855686, 0.695157817045279, -0.8999736925777659, 0.4888447793218474]",28.459306097257254,0.34702379475347606
"[0.48434814970167167, 0.6951503395916292, -0.899971139414716, 0.4888522151609335]",28.45927475743115,0.3470866272348727
"[0.48433407355663083, 0.6951428637848748, -0.8999685866207623, 0.48885964944438154]",28.45924343040768,0.3471494597162693
"[0.4843200015169907, 0.6951353910936593, -0.8999660346975943, 0.48886708071164425]",28.45921213097151,0.3472122921976659
"[0.4843059283435447, 0.6951279187353905, -0.8999634826950889, 0.48887451172984875]",28.459180824227012,0.3472751246790625
"[0.4842918582825411, 0.6951204489643589, -0.8999609313832588, 0.4888819402571448]",28.45914954153257,0.3473379571604591
"[0.4842777898463215, 0.6951129809901797, -0.899958380492317, 0.4888893670794981]",28.45911827168108,0.3474007896418557
"[0.4842637223514198, 0.6951055144496731, -0.8999558298983348, 0.488896792558051]",28.459087009282978,0.3474636221232524
"[0.48424965883045046, 0.6950980509518392, -0.8999532801511253, 0.4889042150925953]",28.459055775546126,0.347526454604649
"[0.48423559615961825, 0.6950905888382858, -0.8999507306843052, 0.4889116363323645]",28.459024550703013,0.3475892870860456
"[0.48422153483269037, 0.6950831283706853, -0.8999481815873939, 0.4889190560170874]",28.458993334516652,0.3476521195674422
"[0.4842074750527722, 0.695075669656393, -0.8999456328972042, 0.4889264740399559]",28.458962132277296,0.3477149520488388
"[0.4841934183151177, 0.6950682134880676, -0.8999430848847595, 0.48893388961258205]",28.45893095114839,0.3477777845302354
"[0.48417936260183614, 0.6950607587948343, -0.8999405371842608, 0.4889413037999606]",28.458899781168842,0.34784061701163205
"[0.4841653085253881, 0.6950533059011365, -0.8999379899067189, 0.488948716279374]",28.458868621612257,0.3479034494930286
"[0.48415125655957136, 0.695045855057726, -0.8999354431379901, 0.4889561268013847]",28.458837476623994,0.3479662819744252
"[0.48413720574244073, 0.6950384057541271, -0.8999328967037199, 0.48896353587366215]",28.458806344841182,0.34802911445582185
"[0.4841231578011673, 0.6950309589055058, -0.8999303509169024, 0.4889709425859347]",28.458775228361468,0.34809194693721845
"[0.48410911046394695, 0.6950235133071144, -0.8999278053658228, 0.4889783481364123]",28.458744120552797,0.34815477941861506
"[0.4840950650517873, 0.6950160696587572, -0.8999252602898634, 0.4889857518290195]",28.458713028515533,0.34821761190001166
"[0.484081022825, 0.6950086286277443, -0.8999227159173594, 0.48899315299996937]",28.45868196024791,0.34828044438140826
"[0.4840669811012121, 0.6950011887921947, -0.899920171762262, 0.48900055306347984]",28.45865089449332,0.34834327686280486
"[0.4840529418772031, 0.6949937512096578, -0.8999176281863509, 0.48900795096761573]",28.45861985088121,0.3484061093442015
"[0.4840389038696061, 0.6949863151997614, -0.8999150849570919, 0.48901534738907304]",28.458588811098128,0.34846894182559807
"[0.48402486783552207, 0.6949788811631091, -0.8999125422116357, 0.48902274192933937]",28.45855779247355,0.3485317743069947
"[0.48401083310549103, 0.6949714487446934, -0.899909999828692, 0.4890301349414937]",28.458526781269732,0.3485946067883913
"[0.483996800555303, 0.6949640184078373, -0.8999074579668954, 0.48903752596462624]",28.458495784339622,0.3486574392697879
"[0.4839827709202778, 0.6949565905412851, -0.8999049167594051, 0.4890449146119899]",28.45846481710681,0.34872027175118453
"[0.48396874079178814, 0.6949491633400119, -0.8999023755888103, 0.4890523026790454]",28.458433839256454,0.3487831042325812
"[0.4839547148852931, 0.6949417392997754, -0.8998998353091687, 0.4890596876831387]",28.458402898567716,0.34884593671397773
"[0.4839406892448148, 0.6949343163260854, -0.8998972952039708, 0.4890670717076941]",28.458371956884235,0.3489087691953744
"[0.4839266652467371, 0.6949268951470712, -0.8998947555224919, 0.48907445402837263]",28.45834102894708,0.348971601676771
"[0.4839126437867151, 0.6949194762361698, -0.8998922164269068, 0.489081834174166]",28.45831012084032,0.3490344341581676
"[0.4838986241704457, 0.6949120592254668, -0.8998896777914595, 0.4890892125110144]",28.45827922374879,0.3490972666395642
"[0.48388460562554586, 0.694904643705933, -0.8998871394762811, 0.48909658944577517]",28.458248339500923,0.34916009912096085
"[0.4838705892267572, 0.6948972302456412, -0.8998846016759625, 0.48910396441329007]",28.45821746966867,0.3492229316023574
"[0.4838565748500362, 0.6948898187784682, -0.8998820643680195, 0.4891113374792882]",28.458186614687715,0.34928576408375406
"[0.48384256245944723, 0.6948824092848922, -0.8998795275459232, 0.48911870866314233]",28.45815577444868,0.34934859656515066
"[0.4838285510528521, 0.6948750012345929, -0.899876991028238, 0.4891260784923907]",28.458124944993703,0.34941142904654726
"[0.4838145410503814, 0.694867594849348, -0.8998744548910205, 0.489133446746366]",28.458094121435273,0.34947426152794386
"[0.48380053334909773, 0.694860190602908, -0.8998719192966411, 0.48914081295371054]",28.458063321690055,0.3495370940093405
"[0.483786528424638, 0.6948527887460703, -0.8998693843311604, 0.4891481768648574]",28.458032536760594,0.34959992649073707
"[0.4837725233601593, 0.6948453877368554, -0.8998668494666112, 0.4891555400138449]",28.458001755763824,0.3496627589721337
"[0.48375852147640913, 0.6948379893297063, -0.8998643153040259, 0.4891629006551644]",28.45797099685197,0.3497255914535303
"[0.4837445215214823, 0.6948305928625099, -0.8998617816167895, 0.48917025944749165]",28.45794025289253,0.3497884239349269
"[0.483730522797195, 0.6948231979659745, -0.8998592482785346, 0.48917761675819615]",28.457909520002968,0.34985125641632353
"[0.48371652546356975, 0.6948158047242636, -0.8998567153182164, 0.4891849725035052]",28.457878797873274,0.34991408889772013
"[0.48370253022409615, 0.6948084135084923, -0.8998541828631232, 0.48919232631414244]",28.45784809214971,0.34997692137911673
"[0.4836885370018727, 0.6948010242775269, -0.8998516508993162, 0.4891996782309841]",28.457817400251813,0.35003975386051334
"[0.48367454494709516, 0.6947936365822022, -0.8998491192730178, 0.48920702870088517]",28.457786714423474,0.35010258634191
"[0.48366055520093426, 0.6947862510245633, -0.8998465881906891, 0.48921437712479193]",28.457756051133,0.35016541882330654
"[0.48364656802953376, 0.6947788677445457, -0.8998440577004472, 0.4892217233634148]",28.457725406869326,0.3502282513047032
"[0.48363258062006914, 0.69477148525702, -0.8998415272934094, 0.48922906889439893]",28.457694760701067,0.3502910837860998
"[0.4836185969670274, 0.6947641056697859, -0.899838997692187, 0.4892364116204525]",28.457664142463358,0.3503539162674964
"[0.48360461412828876, 0.6947567274296443, -0.8998364683645298, 0.4892437530869629]",28.457633528330028,0.350416748748893
"[0.4835906320349809, 0.694749350499985, -0.8998339392979887, 0.48925109333033034]",28.457602925020264,0.3504795812302896
"[0.48357665303364233, 0.6947419761183483, -0.8998314109169837, 0.4892584311191223]",28.457572343645793,0.3505424137116862
"[0.4835626762084519, 0.6947346038009642, -0.8998288830558305, 0.4892657669346493]",28.45754177791847,0.35060524619308286
"[0.483548700600087, 0.6947272330413923, -0.8998263555410104, 0.48927310128080026]",28.457511219527852,0.35066807867447947
"[0.48353472619799104, 0.694719863833694, -0.8998238283706135, 0.48928043416345135]",28.457480674008927,0.35073091115587607
"[0.48352075407050576, 0.6947124967408018, -0.8998213017378258, 0.48928776502240007]",28.457450146991015,0.35079374363727267
"[0.48350678362236654, 0.6947051314483438, -0.8998187755349816, 0.48929509417042444]",28.457419632687625,0.35085657611866927
"[0.4834928151401125, 0.6946977681069132, -0.8998162498138764, 0.48930242145762476]",28.457389129277985,0.3509194086000659
"[0.4834788487631204, 0.6946904067894669, -0.8998137245996874, 0.48930974681135325]",28.457358643833174,0.35098224108146253
"[0.48346488289009076, 0.6946830466516322, -0.8998111996028858, 0.48931707107182126]",28.457328162208753,0.3510450735628591
"[0.48345091994559375, 0.6946756889707274, -0.8998086752618134, 0.48932439296789276]",28.45729770537841,0.35110790604425574
"[0.4834369582755417, 0.6946683328746167, -0.8998061512774033, 0.48933171336741244]",28.45726725551416,0.35117073852565234
"[0.4834229981411, 0.6946609785005136, -0.8998036276968637, 0.48933903213379476]",28.457236821993682,0.35123357100704894
"[0.4834090401727732, 0.6946536261800992, -0.8998011046341516, 0.48934634893691875]",28.457206401323127,0.35129640348844554
"[0.483395083877235, 0.6946462756530248, -0.899798582000072, 0.48935366403582864]",28.45717599508759,0.3513592359698422
"[0.4833811293023236, 0.6946389269440417, -0.8997960598032575, 0.4893609774058498]",28.457145599121443,0.35142206845123874
"[0.48336717585259503, 0.6946315797391868, -0.8997935379360782, 0.48936828935939697]",28.4571152109587,0.3514849009326354
"[0.48335322451274904, 0.6946242345565213, -0.8997910165764905, 0.4893755993808533]",28.457084841768772,0.351547733414032
"[0.4833392739565428, 0.6946168906974157, -0.8997884954848009, 0.489382908165465]",28.457054482013636,0.3516105658954286
"[0.48332532662061517, 0.6946095494440292, -0.8997859751013277, 0.4893902144371495]",28.45702414491447,0.3516733983768252
"[0.48331138201875545, 0.694602210539777, -0.8997834553381582, 0.4893975184512026]",28.456993823798264,0.3517362308582218
"[0.48329743665641345, 0.694594872145197, -0.899780935563839, 0.4894048220383114]",28.456963501379374,0.3517990633396184
"[0.4832834950318677, 0.6945875366269914, -0.8997784165911507, 0.4894121228429599]",28.456933208775485,0.351861895821015
"[0.48326955370311653, 0.6945802021736063, -0.8997758977981686, 0.4894194226680814]",28.45690291606024,0.35192472830241167
"[0.48325561481245155, 0.6945728699117114, -0.8997733795719373, 0.48942672039228796]",28.45687264182988,0.3519875607838082
"[0.4832416779481036, 0.694565539624158, -0.8997708618380361, 0.4894340162316536]",28.456842385064483,0.3520503932652049
"[0.4832277425995142, 0.6945582110419498, -0.8997683445042145, 0.48944131045386585]",28.456812139417963,0.3521132257466015
"[0.4832138089684185, 0.6945508842707514, -0.899765827606902, 0.48944860295371484]",28.45678190705677,0.3521760582279981
"[0.4831998772324284, 0.6945435594034917, -0.8997633111781634, 0.4894558936386615]",28.45675168655544,0.3522388907093947
"[0.4831859460791008, 0.6945362357497766, -0.899760794980936, 0.4894631831958427]",28.456721475940718,0.35230172319079134
"[0.48317201773259416, 0.6945289144784043, -0.8997582794169242, 0.4894704704618597]",28.45669128194743,0.3523645556721879
"[0.4831580912298181, 0.6945215950825787, -0.8997557643121548, 0.48947775594110116]",28.456661105705596,0.35242738815358454
"[0.4831441657688667, 0.6945142771404467, -0.8997532495217969, 0.4894850400534261]",28.45663093400742,0.35249022063498114
"[0.4831302422530076, 0.6945069611262713, -0.8997507352089618, 0.48949232232672557]",28.45660077939117,0.35255305311637775
"[0.4831163216530296, 0.6944996475495634, -0.89974822154892, 0.48949960225378286]",28.45657064600089,0.35261588559777435
"[0.4831024019475496, 0.6944923353478544, -0.8997457081766465, 0.4895068808921319]",28.45654052170508,0.352678718079171
"[0.4830884838891156, 0.6944850249161042, -0.8997431952280203, 0.48951415784859026]",28.456510411998053,0.35274155056056755
"[0.4830745670232572, 0.6944777160152156, -0.8997406826209771, 0.4895214333611221]",28.45648030685837,0.3528043830419642
"[0.4830606524406862, 0.6944704092175613, -0.8997381705524228, 0.4895287068599263]",28.456450221454425,0.3528672155233608
"[0.48304673914639024, 0.6944631040001863, -0.8997356588427052, 0.4895359788655304]",28.456420144825405,0.3529300480047574
"[0.4830328288263822, 0.6944558012477986, -0.8997331477961668, 0.48954324849719855]",28.456390091090135,0.352992880486154
"[0.4830189205216082, 0.6944485004563199, -0.899730637239645, 0.48955051625666574]",28.456360054967732,0.3530557129675506
"[0.4830050125143405, 0.6944412007237366, -0.899728126863076, 0.4895577830418321]",28.456330017456313,0.3531185454489472
"[0.4829911060459374, 0.6944339027012949, -0.8997256168905297, 0.48956504820436075]",28.456299995355508,0.3531813779303439
"[0.48297720247386405, 0.6944266071008401, -0.899723107566985, 0.4895723110355603]",28.456269994661724,0.3532442104117405
"[0.48296329875549854, 0.6944193123254441, -0.8997205983433016, 0.48957957312514894]",28.456239992602548,0.3533070428931371
"[0.4829493983338165, 0.6944120201810932, -0.8997180898408262, 0.48958683267519176]",28.456210015922068,0.3533698753745337
"[0.48293549953427223, 0.6944047297887332, -0.8997155817573304, 0.4895940905607582]",28.456180050095984,0.3534327078559303
"[0.4829216021960405, 0.6943974410635958, -0.8997130740637819, 0.4896013468661986]",28.456150097342878,0.3534955403373269
"[0.48290770737891314, 0.6943901545610104, -0.8997105669513904, 0.4896086010386059]",28.45612016273279,0.3535583728187235
"[0.4828938131509634, 0.6943828692674537, -0.8997080600715571, 0.4896158540869664]",28.456090233582255,0.3536212053001201
"[0.48287992140183267, 0.6943755861733386, -0.8997055537652116, 0.4896231050252102]",28.456060324425376,0.3536840377815167
"[0.48286603091357577, 0.6943683046396315, -0.8997030478125967, 0.4896303544895059]",28.456030427157582,0.35374687026291335
"[0.48285214264044424, 0.6943610251661297, -0.8997005423858494, 0.4896376019822124]",28.45600054222353,0.35380970274430995
"[0.4828382546778268, 0.694353746754186, -0.8996980371413765, 0.48964484849755485]",28.455970660947553,0.35387253522570655
"[0.4828243702376245, 0.694346471086603, -0.8996955326585517, 0.4896520923600596]",28.45594080806178,0.35393536770710315
"[0.4828104868519187, 0.6943391968696054, -0.8996930284921775, 0.48965933485779267]",28.455910960399546,0.35399820018849976
"[0.4827966048464156, 0.6943319242734983, -0.8996905247010004, 0.48966657582115763]",28.455881127036363,0.35406103266989636
"[0.4827827244118339, 0.6943246533978005, -0.8996880213194097, 0.4896738151510302]",28.45585130546714,0.354123865151293
"[0.4827688466258355, 0.6943173848064959, -0.8996855185417373, 0.4896810522858235]",28.455821502421607,0.35418669763268956
"[0.48275496966607356, 0.6943101175446745, -0.8996830160393182, 0.4896882881762711]",28.45579170366716,0.3542495301140862
"[0.4827410949934588, 0.6943028523769934, -0.8996805140755938, 0.48969552206097744]",28.45576192783222,0.3543123625954828
"[0.482727221979341, 0.694295588973749, -0.8996780125371793, 0.4897027542681805]",28.45573215969822,0.3543751950768794
"[0.4827133513399395, 0.6942883277094707, -0.8996755115531965, 0.48970998442490926]",28.455702413138113,0.354438027558276
"[0.48269948105114185, 0.6942810675241545, -0.8996730107586756, 0.4897172135865904]",28.455672670034982,0.3545008600396727
"[0.4826856131734023, 0.6942738094959156, -0.8996705105251076, 0.48972444067967996]",28.455642943052265,0.35456369252106923
"[0.4826717475218138, 0.6942665535274408, -0.899668010819122, 0.4897316658010218]",28.455613233423563,0.3546265250024659
"[0.4826578812529301, 0.694259298130468, -0.899665511128111, 0.4897388904325241]",28.455583519061122,0.3546893574838625
"[0.482644018707159, 0.6942520455756649, -0.8996630122345131, 0.48974611231310816]",28.45555383393938,0.3547521899652591
"[0.4826301582106729, 0.6942447949866576, -0.8996605138365527, 0.48975333231537826]",28.45552416561304,0.3548150224466557
"[0.4826162981370873, 0.6942375455123165, -0.8996580156410657, 0.4897605512868388]",28.45549450050182,0.35487785492805235
"[0.48260244077789954, 0.6942302983507901, -0.8996555180610689, 0.4897677680343425]",28.45546485588865,0.3549406874094489
"[0.48258858532225113, 0.6942230530774595, -0.899653020950384, 0.48977498298067385]",28.455435222344562,0.35500351989084555
"[0.4825747303188923, 0.6942158089330995, -0.8996505240474578, 0.48978219688184593]",28.455405598066054,0.35506635237224216
"[0.48256087781604695, 0.6942085669882403, -0.8996480277214042, 0.4897894086717598]",28.45537598918089,0.35512918485363876
"[0.4825470277108168, 0.6942013271885066, -0.8996455319536437, 0.48979661840450855]",28.455346401606874,0.35519201733503536
"[0.4825331779614607, 0.69419408846625, -0.8996430363762511, 0.48980382714327036]",28.45531681356472,0.355254849816432
"[0.4825193300915399, 0.6941868516174547, -0.8996405412637557, 0.48981103409532506]",28.45528724157932,0.35531768229782856
"[0.48250548515964065, 0.6941796171947746, -0.8996380468068583, 0.48981823871024677]",28.455257694155996,0.35538051477922517
"[0.48249164103567643, 0.6941723840846603, -0.8996355526217586, 0.4898254420969538]",28.455228150443862,0.3554433472606218
"[0.48247779819276254, 0.6941651525340226, -0.8996330587936959, 0.4898326440095169]",28.455198619788494,0.35550617974201837
"[0.48246395800735564, 0.6941579232614388, -0.899630565570619, 0.4898398437322568]",28.455169102022403,0.355569012223415
"[0.4824501184986308, 0.694150695231819, -0.8996280725956796, 0.4898470422959904]",28.455139596405022,0.35563184470481163
"[0.48243628208665046, 0.6941434697085873, -0.8996255803047952, 0.4898542384424012]",28.45511011423824,0.35569467718620823
"[0.4824224465070061, 0.6941362455088043, -0.8996230882900631, 0.4898614333495692]",28.455080637432808,0.35575750966760483
"[0.48240861203435176, 0.6941290227755718, -0.8996205966009574, 0.4898686268749441]",28.455051166890044,0.3558203421490015
"[0.48239477956193133, 0.694121801974827, -0.8996181053983459, 0.489875818554433]",28.4550217139502,0.35588317463039804
"[0.48238095028045236, 0.6941145837275329, -0.8996156148966317, 0.48988300776951976]",28.454992284919516,0.3559460071117947
"[0.4823671215975837, 0.6941073666801386, -0.8996131246289434, 0.48989019586826543]",28.454962860366514,0.3560088395931913
"[0.4823532940729215, 0.6941001511244153, -0.89961063469606, 0.4898973825600412]",28.454933445034087,0.3560716720745879
"[0.4823394691983878, 0.6940929378384106, -0.8996081453666102, 0.48990456706986546]",28.454904051775333,0.3561345045559845
"[0.48232564595209615, 0.6940857262884402, -0.8996056564565638, 0.48991174992924363]",28.45487467049067,0.3561973370373811
"[0.48231182327157, 0.6940785159198475, -0.8996031677746197, 0.4899189316905957]",28.45484529120953,0.3562601695187777
"[0.4822980036491994, 0.6940713080323363, -0.8996006797694968, 0.4899261110593278]",28.454815937618754,0.35632300200017436
"[0.482284184573294, 0.6940641013154206, -0.8995981919889858, 0.4899332893406975]",28.454786590032594,0.35638583448157096
"[0.4822703686598087, 0.6940568971328583, -0.899595704904004, 0.48994046517628365]",28.45475726330903,0.35644866696296756
"[0.48225655245054133, 0.6940496936810272, -0.8995932178920106, 0.48994764036257377]",28.454727935993194,0.35651149944436417
"[0.48224273904443626, 0.6940424925752997, -0.8995907315108327, 0.48995481329049895]",28.45469863055509,0.35657433192576077
"[0.48222892817788343, 0.6940352936776233, -0.8995882457129782, 0.48996198409751274]",28.454669342107138,0.35663716440715737
"[0.4822151185805463, 0.6940280963253672, -0.8995857602697795, 0.4899691534436149]",28.454640064790652,0.356699996888554
"[0.4822013085802047, 0.6940208996468074, -0.8995832748802893, 0.4899763221971168]",28.45461078554302,0.3567628293699506
"[0.48218750223787665, 0.6940137057578036, -0.8995807902753562, 0.4899834882503277]",28.45458153372331,0.35682566185134723
"[0.4821736973529083, 0.6940065135110917, -0.899578306058908, 0.48999065274601566]",28.454552292777606,0.35688849433274383
"[0.4821598940238452, 0.6939993229576275, -0.8995758222486665, 0.4899978156333823]",28.454523064666198,0.35695132681414043
"[0.4821460924753481, 0.6939921342139865, -0.8995733388850436, 0.4900049767962607]",28.4544938519126,0.35701415929553704
"[0.48213229260428947, 0.693984947226044, -0.8995708559494648, 0.49001213628852325]",28.45446464985483,0.3570769917769337
"[0.48211849442108057, 0.6939777619987839, -0.899568373443788, 0.4900192941051643]",28.454435461568053,0.35713982425833024
"[0.48210469799702466, 0.693970578568896, -0.8995658913808239, 0.49002645020959124]",28.45440628390539,0.35720265673972684
"[0.4820909026955333, 0.6939633966045474, -0.899563409646038, 0.4900336049323368]",28.454377117398447,0.3572654892211235
"[0.48207711107012047, 0.6939562174345532, -0.8995609286987634, 0.49004075694957244]",28.45434797913576,0.3573283217025201
"[0.48206331814330267, 0.6939490384675692, -0.8995584476436091, 0.49004790884280824]",28.454318834408745,0.3573911541839167
"[0.48204952920711863, 0.6939418624576449, -0.8995559674324934, 0.49005505786834447]",28.454289713649818,0.3574539866653133
"[0.4820357413314684, 0.6939346878793128, -0.8995534875383413, 0.4900622055458561]",28.454260606333317,0.3575168191467099
"[0.48202195482500615, 0.693927514892849, -0.8995510080166634, 0.4900693517156346]",28.45423150985588,0.3575796516281065
"[0.48200816902035515, 0.6939203431507025, -0.8995485287474344, 0.49007649672390063]",28.454202412480385,0.35764248410950317
"[0.48199438644071035, 0.6939131739650423, -0.8995460501844064, 0.49008363926333015]",28.45417334593417,0.3577053165908997
"[0.48198060454312247, 0.6939060060126312, -0.8995435718702494, 0.4900907806521958]",28.454144282490308,0.35776814907229637
"[0.48196682492760984, 0.6938988401252519, -0.8995410940926744, 0.49009792006175856]",28.454115235267352,0.357830981553693
"[0.4819530473436707, 0.6938916761721149, -0.8995386168066084, 0.49010505762227546]",28.45408620764819,0.3578938140350896
"[0.48193927093125766, 0.6938845137056073, -0.899536139857396, 0.4901121937796698]",28.454057185901732,0.3579566465164862
"[0.481925496511418, 0.6938773531521908, -0.8995336633926452, 0.4901193281090064]",28.454028179368553,0.35801947899788283
"[0.48191172266352217, 0.6938701937730076, -0.8995311871569394, 0.4901264613464019]",28.453999180989523,0.3580823114792794
"[0.48189795228753174, 0.6938630370749098, -0.8995287116716031, 0.49013359199045897]",28.453970206409338,0.35814514396067604
"[0.4818841823588866, 0.6938558814855023, -0.8995262363928901, 0.49014072160780237]",28.45394123478053,0.35820797644207264
"[0.4818704149001145, 0.6938487280554193, -0.899523761684359, 0.49014784915157295]",28.45391228134117,0.35827080892346924
"[0.4818566474159093, 0.6938415754877711, -0.8995212870974745, 0.4901549759139338]",28.453883331880064,0.35833364140486584
"[0.4818428840194924, 0.6938344259190062, -0.899518813371526, 0.4901620997660971]",28.45385440947071,0.3583964738862625
"[0.4818291214019568, 0.6938272776296962, -0.8995163399117597, 0.4901692224212511]",28.453825494807763,0.35845930636765905
"[0.481815359297534, 0.6938201304815722, -0.8995138666704228, 0.49017634401714555]",28.453796586815884,0.3585221388490557
"[0.4818015994002207, 0.6938129853540229, -0.8995113939519425, 0.4901834636774995]",28.4537676907454,0.3585849713304523
"[0.4817878419580602, 0.6938058423753001, -0.8995089218008588, 0.4901905812744655]",28.453738816788473,0.3586478038118489
"[0.48177408582319264, 0.6937987009489611, -0.8995064500108856, 0.49019769740232183]",28.453709954338954,0.3587106362932455
"[0.48176033155445225, 0.6937915613647156, -0.8995039786824227, 0.490204811772345]",28.45368110217596,0.3587734687746421
"[0.48174657858414294, 0.6937844233274787, -0.8995015077134552, 0.4902119246785383]",28.45365226420705,0.3588363012560387
"[0.4817328273060521, 0.6937772870412334, -0.8994990371747223, 0.49021903591759847]",28.453623439573153,0.35889913373743537
"[0.48171907740914605, 0.6937701523441806, -0.899496567010332, 0.4902261456507171]",28.45359461955079,0.358961966218832
"[0.48170532933907434, 0.6937630194671507, -0.8994940973003301, 0.49023325364783144]",28.453565817374844,0.3590247987002285
"[0.481691582777244, 0.6937558882444242, -0.8994916279874694, 0.4902403600740417]",28.45353702571001,0.3590876311816252
"[0.48167783897993743, 0.6937487593272065, -0.8994891592973876, 0.4902474642803575]",28.4535082579038,0.3591504636630218
"[0.4816640958864864, 0.6937416316461922, -0.899486690859925, 0.4902545673323354]",28.453479493596046,0.3592132961444184
"[0.4816503546826558, 0.6937345058160133, -0.8994842228880546, 0.49026166861743203]",28.45345074751006,0.359276128625815
"[0.4816366150591733, 0.6937273816758511, -0.8994817553262127, 0.49026876829586974]",28.453422006975643,0.3593389611072116
"[0.4816228775023436, 0.6937202594774123, -0.8994792882617151, 0.4902758661167623]",28.453393286799177,0.3594017935886082
"[0.48160914102223373, 0.6937131387070634, -0.8994768215167719, 0.4902829625919455]",28.45336457556757,0.35946462607000484
"[0.4815954058552296, 0.6937060194870159, -0.8994743551338282, 0.4902900575995913]",28.453335872248132,0.35952745855140145
"[0.48158167314129063, 0.6936989024076683, -0.8994718893175613, 0.4902971505512646]",28.45330718919495,0.35959029103279805
"[0.48156794094264344, 0.6936917864643636, -0.8994694237200181, 0.49030424244817844]",28.45327850830096,0.35965312351419465
"[0.4815542124034465, 0.6936846732858964, -0.8994669589056996, 0.49031133166699364]",28.453249857281588,0.35971595599559125
"[0.4815404841825669, 0.6936775611406363, -0.8994644942747154, 0.4903184199334613]",28.453221208172877,0.35977878847698785
"[0.48152675799739175, 0.6936704509179792, -0.8994620301353856, 0.4903255063611387]",28.453192574420108,0.3598416209583845
"[0.4815130331408512, 0.6936633422512359, -0.89945956636076, 0.49033259131544643]",28.45316395211533,0.3599044534397811
"[0.481499309674716, 0.6936562351720402, -0.8994571029619185, 0.49033967476482015]",28.45313534281489,0.3599672859211777
"[0.48148558933298286, 0.6936491305778545, -0.8994546402500861, 0.4903467558147305]",28.453106752571284,0.3600301184025743
"[0.48147187055684465, 0.6936420276609627, -0.8994521779454322, 0.4903538352701637]",28.453078176585677,0.3600929508839709
"[0.481458151927278, 0.6936349256863925, -0.89944971579327, 0.49036091386363784]",28.453049601434124,0.3601557833653675
"[0.48144443463280756, 0.6936278252691866, -0.8994472540069189, 0.4903679909821085]",28.45302103632218,0.3602186158467642
"[0.48143072047498126, 0.6936207273413457, -0.8994447929096638, 0.49037506569658296]",28.45299249630587,0.3602814483281607
"[0.4814170073185118, 0.69361363079723, -0.8994423321182854, 0.490382139109037]",28.452963964169786,0.3603442808095574
"[0.48140329559527933, 0.6936065358600032, -0.8994398717102787, 0.49038921099700117]",28.452935443448208,0.360407113290954
"[0.48138958621533934, 0.6935994430000991, -0.8994374118489209, 0.4903962808915245]",28.452906938211193,0.3604699457723506
"[0.4813758784231306, 0.6935923518261365, -0.8994349523986173, 0.49040334918267536]",28.452878446652747,0.3605327782537472
"[0.4813621719945522, 0.6935852622218023, -0.899432493319148, 0.49041041598635343]",28.452849969353455,0.36059561073514385
"[0.4813484665562282, 0.6935781739936441, -0.8994300345435227, 0.4904174814953559]",28.452821494317604,0.3606584432165404
"[0.481334764602533, 0.6935710884311839, -0.8994275765192037, 0.49042454442424366]",28.45279304642066,0.36072127569793705
"[0.4813210625415225, 0.693564003676533, -0.8994251186018066, 0.4904316066249292]",28.452764603873714,0.36078410817933365
"[0.4813073626329528, 0.6935569208978176, -0.8994226611966946, 0.490438666932974]",28.45273617137464,0.3608469406607302
"[0.48129366402337975, 0.6935498396533816, -0.8994202041507638, 0.49044572578859236]",28.452707753313145,0.36090977314212686
"[0.4812799672087944, 0.6935427601992236, -0.8994177475529646, 0.49045278293655503]",28.452679345385892,0.36097260562352346
"[0.4812662732050722, 0.6935356830599094, -0.8994152915854643, 0.4904598378538958]",28.452650957797434,0.36103543810492006
"[0.4812525798530949, 0.6935286071190809, -0.8994128358610166, 0.49046689165343005]",28.452622580982222,0.36109827058631666
"[0.48123888812911336, 0.6935215328809735, -0.8994103805546959, 0.49047394383246373]",28.452594213022664,0.3611611030677133
"[0.48122519765683297, 0.6935144601507629, -0.899407925599012, 0.4904809945851776]",28.452565855050143,0.36122393554910986
"[0.48121151009979113, 0.6935073897873589, -0.8994054712922402, 0.4904880430552829]",28.452537521276987,0.3612867680305065
"[0.4811978220819626, 0.6935003200465347, -0.8994030170290227, 0.4904950909815717]",28.45250917895801,0.3613496005119031
"[0.4811841376566687, 0.6934932530213938, -0.8994005635361062, 0.4905021362773601]",28.45248087129919,0.3614124329932997
"[0.481170454600966, 0.6934861875633761, -0.8993981104148986, 0.49050918008762184]",28.452452568621528,0.36147526547469633
"[0.4811567733397891, 0.693479123891502, -0.8993956577415682, 0.4905162221939678]",28.452424282527073,0.361538097956093
"[0.4811430926715701, 0.6934720613850721, -0.8993932053007027, 0.4905232632151694]",28.452396001815966,0.36160093043748953
"[0.48112941423025474, 0.6934650008872267, -0.8993907533851992, 0.49053030231061484]",28.452367738523026,0.3616637629188862
"[0.4811157376305495, 0.6934579421985969, -0.8993883019259657, 0.49053733967902163]",28.452339485834383,0.3617265954002828
"[0.4811020623688671, 0.693450885058877, -0.8993858508327214, 0.49054437557986963]",28.452311248142593,0.3617894278816794
"[0.48108838871120996, 0.6934438296049579, -0.8993834001531322, 0.4905514098766419]",28.45228301823528,0.361852260363076
"[0.48107471631025195, 0.6934367756572543, -0.8993809498249373, 0.49055844274834837]",28.452254801549607,0.36191509284447265
"[0.4810610464000973, 0.6934297238520084, -0.8993785000692879, 0.4905654735606037]",28.45222660500271,0.3619779253258692
"[0.48104737748646426, 0.6934226734179618, -0.8993760506183762, 0.4905725030823277]",28.452198411186473,0.36204075780726586
"[0.4810337104613362, 0.6934156248148036, -0.8993736016320356, 0.4905795308551583]",28.452170234613043,0.36210359028866246
"[0.4810200457524713, 0.693408578262668, -0.8993711531868851, 0.4905865566595632]",28.45214207716671,0.36216642277005906
"[0.4810063814272944, 0.6934015327646169, -0.8993687049366373, 0.4905935814895092]",28.45211392320562,0.36222925525145566
"[0.4809927197675499, 0.6933944894967411, -0.8993662572901032, 0.4906006041723178]",28.452085785674576,0.36229208773285226
"[0.48097905880324004, 0.6933874474430087, -0.8993638098943154, 0.4906076257210103]",28.452057657280264,0.36235492021424887
"[0.48096540038068364, 0.6933804075547616, -0.8993613630800316, 0.490614645186974]",28.452029545289307,0.3624177526956455
"[0.4809517434544179, 0.6933733692926674, -0.8993589166599374, 0.4906216631079301]",28.452001450151958,0.3624805851770421
"[0.48093808758791246, 0.6933663324313968, -0.899356470555829, 0.4906286797085239]",28.451973357715993,0.3625434176584387
"[0.4809244332611057, 0.693359297217933, -0.8993540248536682, 0.49063569474244706]",28.451945281724793,0.36260625013983533
"[0.480910780898357, 0.6933522638704864, -0.8993515796294448, 0.4906427079920733]",28.451917216871646,0.36266908262123193
"[0.4808971302811927, 0.6933452322760583, -0.8993491348440064, 0.49064971957003456]",28.451889169778106,0.36273191510262853
"[0.48088348203473175, 0.6933382027561585, -0.899346690609283, 0.4906567291556887]",28.45186113979162,0.36279474758402513
"[0.48086983376146214, 0.6933311740756386, -0.8993442464959043, 0.4906637379806494]",28.451833106176593,0.36285758006542174
"[0.48085618841401345, 0.6933241477546874, -0.8993418030326131, 0.49067074452898474]",28.45180509654592,0.36292041254681834
"[0.4808425434304634, 0.6933171224737005, -0.8993393597606304, 0.4906777501165456]",28.45177709008034,0.362983245028215
"[0.48082890108049253, 0.693310099400866, -0.8993369170863531, 0.4906847535783802]",28.451749105767682,0.3630460775096116
"[0.4808152605802642, 0.6933030781321511, -0.8993344748694012, 0.4906917553173426]",28.451721135583256,0.3631089099910082
"[0.48080162137065763, 0.693296058379347, -0.899332033009655, 0.49069875562080184]",28.45169317086759,0.3631717424724048
"[0.4807879834599709, 0.6932890401463906, -0.8993295915085926, 0.49070575448479653]",28.45166521991448,0.3632345749538014
"[0.48077434672437397, 0.6932820233692257, -0.8993271503440399, 0.4907127519731726]",28.45163727985803,0.363297407435198
"[0.48076071320263974, 0.6932750090963891, -0.8993247098809339, 0.4907197470402265]",28.451609361841165,0.36336023991659466
"[0.480747079746361, 0.6932679957076583, -0.899322269555679, 0.4907267413017035]",28.451581444046198,0.3634230723979912
"[0.4807334490573206, 0.6932609845925357, -0.8993198298518705, 0.49073373337185433]",28.451553547053148,0.36348590487938787
"[0.48071981970195704, 0.6932539750131578, -0.8993173905128937, 0.49074072398649177]",28.45152566196461,0.36354873736078447
"[0.4807061914976969, 0.693246966875295, -0.8993149515060663, 0.4907477132395566]",28.45149778498963,0.36361156984218107
"[0.4806925648189069, 0.6932399603711205, -0.8993125128983794, 0.4907547009393575]",28.45146992214618,0.3636744023235777
"[0.48067894155399876, 0.6932329564710394, -0.8993100750277401, 0.4907616861180407]",28.451442082532854,0.36373723480497433
"[0.4806653173467449, 0.6932259529351292, -0.8993076371146005, 0.49076867100950705]",28.451414237466015,0.3638000672863709
"[0.4806516959379006, 0.6932189516860544, -0.8993051998283337, 0.4907756536961829]",28.451386416236616,0.36386289976776753
"[0.480638075347522, 0.6932119517057113, -0.8993027628146455, 0.49078263519342885]",28.45135859526829,0.36392573224916414
"[0.4806244575878108, 0.6932049540277883, -0.8993003264335393, 0.49078961447024316]",28.451330799724925,0.36398856473056074
"[0.48061084093187273, 0.6931979577643949, -0.8992978903760291, 0.49079659241213663]",28.451303014307793,0.36405139721195734
"[0.4805972251597216, 0.6931909628022559, -0.8992954546027582, 0.4908035691320569]",28.451275233142717,0.364114229693354
"[0.48058361302053426, 0.6931839705531975, -0.8992930196055022, 0.4908105432218104]",28.45124748033485,0.36417706217475054
"[0.4805700008546913, 0.6931769791369191, -0.8992905847295932, 0.4908175165567706]",28.451219729113102,0.3642398946561472
"[0.48055639063060535, 0.693169989564149, -0.8992881503271318, 0.49082448812879503]",28.45119199116076,0.3643027271375438
"[0.4805427804453712, 0.6931630008573598, -0.8992857160577551, 0.49083145891286417]",28.451164254769303,0.3643655596189404
"[0.4805291744395639, 0.6931560151422074, -0.8992832826620016, 0.49083842678872575]",28.45113654869681,0.364428392100337
"[0.48051556906161197, 0.6931490305946636, -0.8992808495046449, 0.49084539357569634]",28.451108850437667,0.36449122458173366
"[0.4805019660082364, 0.6931420480853953, -0.8992784168891106, 0.4908523584052864]",28.451081167678222,0.3645540570631302
"[0.48048836338071776, 0.6931350666394244, -0.8992759844758438, 0.4908593222499691]",28.451053489247595,0.3646168895445268
"[0.48047476329337646, 0.6931280873415349, -0.8992735526429132, 0.4908662840276585]",28.451025830233387,0.36467972202592347
"[0.4804611631266688, 0.6931211088470995, -0.8992711209219123, 0.4908732450795725]",28.45099817138451,0.36474255450732
"[0.48044756648551074, 0.6931141330054537, -0.8992686899573843, 0.4908802035609565]",28.45097053556169,0.3648053869887167
"[0.48043397111640623, 0.6931071586598607, -0.8992662593463849, 0.49088716062561694]",28.45094291379618,0.3648682194701133
"[0.48042037658762154, 0.6931001855885695, -0.8992638290117265, 0.49089411649472403]",28.450915297913546,0.3649310519515099
"[0.4804067850138845, 0.6930932148758311, -0.899261399331442, 0.49090107008665734]",28.450887704763485,0.3649938844329065
"[0.48039319300540595, 0.693086244782791, -0.8992589696995527, 0.4909080231359671]",28.45086011153896,0.36505671691430314
"[0.48037960368671623, 0.6930792769114266, -0.8992565406745799, 0.4909149740445613]",28.4508325325375,0.3651195493956997
"[0.48036601686324437, 0.6930723111613897, -0.8992541122217018, 0.49092192291248843]",28.450804976842203,0.36518238187709634
"[0.480352431163932, 0.6930653468293273, -0.8992516840958387, 0.49092887044135336]",28.45077742902885,0.36524521435849294
"[0.48033884579280767, 0.6930583835069695, -0.8992492561547383, 0.4909358170384168]",28.45074988300158,0.36530804683988954
"[0.4803252635283912, 0.6930514226180601, -0.8992468288949502, 0.4909427612833128]",28.450722361585726,0.36537087932128615
"[0.48031168199659596, 0.6930444629454333, -0.8992444018921815, 0.49094970439025226]",28.450694845714427,0.36543371180268275
"[0.48029810171063053, 0.6930375047517782, -0.8992419752381426, 0.4909566460971431]",28.45066733851808,0.36549654428407935
"[0.4802845239610867, 0.693030548697925, -0.8992395491634253, 0.49096358574467547]",28.450639852366848,0.365559376765476
"[0.48027094685365657, 0.6930235938130002, -0.8992371233295376, 0.49097052430139454]",28.450612375175332,0.3656222092468726
"[0.4802573727855215, 0.693016641324519, -0.8992346981647642, 0.49097746054262353]",28.45058491432148,0.3656850417282692
"[0.48024379792829386, 0.6930096892713177, -0.8992322729851154, 0.4909843964249114]",28.45055744944746,0.3657478742096658
"[0.4802302267316604, 0.6930027399318412, -0.8992298485855273, 0.4909913296750766]",28.45053001513023,0.3658107066910624
"[0.4802166570644282, 0.6929957922141884, -0.8992274245852329, 0.4909982613824369]",28.45050259022387,0.365873539172459
"[0.4802030882572304, 0.6929888457753316, -0.8992250008646558, 0.49100519188919656]",28.45047517395561,0.3659363716538557
"[0.4801895214147534, 0.6929819011804433, -0.899222577621109, 0.49101212063144334]",28.45044776901146,0.3659992041352522
"[0.48017595672217395, 0.6929749585238327, -0.8992201548876394, 0.4910190475150362]",28.450420389041767,0.3660620366166489
"[0.48016239350188894, 0.6929680174582558, -0.8992177325432007, 0.49102597288638794]",28.45039301219381,0.3661248690980455
"[0.4801488312059506, 0.6929610777029783, -0.899215310489926, 0.49103289702556485]",28.45036564732127,0.3661877015794421
"[0.48013527021261815, 0.6929541394512465, -0.8992128887953658, 0.49103981973972505]",28.450338289485515,0.3662505340608387
"[0.48012171078192367, 0.6929472028357406, -0.8992104675059434, 0.4910467408964488]",28.4503109449503,0.36631336654223534
"[0.48010815473888846, 0.6929402687895333, -0.8992080469475106, 0.49105365956468877]",28.450283624743502,0.3663761990236319
"[0.4800945977986025, 0.6929333351205225, -0.8992056263549498, 0.49106057793165236]",28.45025630155022,0.3664390315050285
"[0.4800810445055091, 0.6929264041526042, -0.8992032065396617, 0.49106749367853714]",28.450229004943154,0.36650186398642515
"[0.48006749036151597, 0.6929194735851564, -0.8992007866985431, 0.49107440910087624]",28.450201698904056,0.3665646964678217
"[0.4800539410455844, 0.6929125463215094, -0.8991983678454394, 0.4910813213016388]",28.450174430575245,0.36662752894921835
"[0.4800403906592167, 0.6929056193455341, -0.8991959489273144, 0.49108823329035145]",28.450147155162682,0.36669036143061495
"[0.4800268435155454, 0.6928986948618101, -0.8991935307141158, 0.4910951428671738]",28.45011990892098,0.36675319391201155
"[0.48001329703445017, 0.6928917715510877, -0.8991911127452562, 0.4911020513484702]",28.450092664356617,0.36681602639340816
"[0.4799997527544141, 0.6928848501992632, -0.8991886952953353, 0.49110895794999243]",28.4500654364412,0.3668788588748048
"[0.47998620997745145, 0.6928779304492414, -0.8991862782397486, 0.49111586302803056]",28.450038218707576,0.36694169135620136
"[0.47997266719038884, 0.6928710115276143, -0.8991838613084395, 0.4911227673543272]",28.450011007739963,0.367004523837598
"[0.4799591280254828, 0.6928640952896481, -0.8991814451496207, 0.4911296690774883]",28.449983815726444,0.3670673563189946
"[0.47994558884727956, 0.6928571798778067, -0.8991790291144984, 0.4911365700511085]",28.449956627633643,0.3671301888003912
"[0.4799320518238749, 0.6928502663991952, -0.8991766135899628, 0.4911434691703637]",28.449929457429967,0.3671930212817878
"[0.4799185168042207, 0.692843354776189, -0.8991741985490306, 0.49115036651267097]",28.44990230156115,0.3672558537631845
"[0.4799049842045895, 0.6928364452208541, -0.899171784065944, 0.4911572618663522]",28.44987516507397,0.367318686244581
"[0.47989145138344275, 0.6928295363841623, -0.8991693696693964, 0.491164156577633]",28.449848023888315,0.3673815187259777
"[0.47987792198223655, 0.6928226301247614, -0.899166956009047, 0.4911710487916262]",28.44982091285675,0.3674443512073743
"[0.4798643923103402, 0.6928157245583463, -0.8991645424264658, 0.491177940388766]",28.449793799099563,0.3675071836887709
"[0.47985086542081906, 0.6928088212428757, -0.8991621294662883, 0.49118482981421174]",28.449766706056657,0.3675700161701675
"[0.47983733909846116, 0.6928019190474292, -0.8991597167333408, 0.4911917181965687]",28.44973961613045,0.36763284865156415
"[0.4798238159425099, 0.6927950192979082, -0.8991573046912344, 0.491198604212545]",28.449712553530635,0.3676956811329607
"[0.4798102933601374, 0.6927881206709653, -0.8991548928774781, 0.4912054891828103]",28.449685494844612,0.36775851361435735
"[0.4797967718505645, 0.6927812234210332, -0.8991524813811154, 0.4912123728534098]",28.44965844389375,0.36782134609575395
"[0.4797832531468944, 0.6927743284317043, -0.8991500705112105, 0.491219254342446]",28.449631413813833,0.36788417857715056
"[0.47976973523387545, 0.6927674346747068, -0.8991476599083498, 0.49122613467613485]",28.44960438913673,0.36794701105854716
"[0.4797562189558325, 0.6927605425803033, -0.899145249723093, 0.49123301342501896]",28.449577376880562,0.36800984353994376
"[0.4797427046922444, 0.6927536523415652, -0.8991428400230845, 0.4912398903963582]",28.449550384995042,0.36807267602134036
"[0.47972919110977147, 0.6927467632783337, -0.8991404305705702, 0.4912467662689671]",28.449523394498677,0.368135508502737
"[0.47971568012675136, 0.6927398763681707, -0.8991380217075681, 0.4912536400671155]",28.44949642544862,0.3681983409841336
"[0.47970217020410627, 0.6927329908261295, -0.8991356131596548, 0.4912605125742128]",28.449469461081584,0.36826117346553017
"[0.47968866159790985, 0.6927261067824082, -0.8991332049724774, 0.4912673836602756]",28.44944250925198,0.3683240059469268
"[0.4796751553662687, 0.6927192247757877, -0.8991307973346417, 0.4912742527874938]",28.44941557659096,0.3683868384283234
"[0.4796616495607834, 0.6927123438131192, -0.8991283898988123, 0.49128112094712223]",28.44938864687138,0.36844967090972003
"[0.47964814595202726, 0.6927054647961435, -0.8991259829805888, 0.491287987239063]",28.44936173384847,0.36851250339111663
"[0.4796346444253508, 0.692698587665966, -0.8991235765595033, 0.4912948517220548]",28.449334837281576,0.36857533587251323
"[0.4796211439581611, 0.6926917119013408, -0.89912117045328, 0.49130171491634567]",28.449307949940174,0.36863816835390983
"[0.47960764446792087, 0.6926848374599345, -0.8991187646472085, 0.4913085768641631]",28.44928106867413,0.3687010008353065
"[0.4795941477914332, 0.6926779652767043, -0.8991163594686078, 0.49131543663220384]",28.44925421079958,0.3687638333167031
"[0.4795806515174938, 0.6926710941234766, -0.8991139544877731, 0.4913222954463866]",28.449227352426266,0.3688266657980997
"[0.47956715790226734, 0.6926642251485706, -0.899111550106727, 0.49132915216041395]",28.449200515969576,0.3688894982794963
"[0.47955366478501793, 0.6926573572516558, -0.8991091459404403, 0.4913360078726143]",28.44917368931819,0.3689523307608929
"[0.4795401739875158, 0.6926504913596426, -0.8991067423134986, 0.4913428616576862]",28.449146874985903,0.3690151632422895
"[0.47952668332062454, 0.692643626358097, -0.899104338835862, 0.49134971462806615]",28.44912005978893,0.36907799572368616
"[0.47951319597202596, 0.6926367638687215, -0.8991019360754229, 0.491356565164852]",28.449093274698082,0.3691408282050827
"[0.4794997104225946, 0.6926299031180074, -0.899099533761506, 0.491363414040151]",28.449066500496134,0.36920366068647936
"[0.4794862249791772, 0.6926230432443019, -0.8990971315924943, 0.49137026211409635]",28.44903973039621,0.36926649316787596
"[0.47947274192375383, 0.6926161854080816, -0.8990947299748717, 0.49137710822817504]",28.449012974940093,0.36932932564927257
"[0.47945926091400654, 0.6926093294347411, -0.8990923288476292, 0.4913839525566445]",28.448986236231267,0.36939215813066917
"[0.4794457794246817, 0.6926024740397934, -0.8990899277609947, 0.49139079638178434]",28.448959496572858,0.3694549906120658
"[0.47943230048570257, 0.6925956207636704, -0.8990875272546046, 0.4913976381657337]",28.44893277295554,0.36951782309346237
"[0.4794188240112108, 0.6925887695621737, -0.8990851273131256, 0.4914044779525624]",28.448906068888334,0.36958065557485903
"[0.47940534883476776, 0.6925819198418641, -0.899082727728808, 0.4914113163346779]",28.448879382249103,0.36964348805625563
"[0.47939187467580624, 0.6925750714598174, -0.8990803284516861, 0.49141815345473605]",28.44885269329338,0.36970632053765223
"[0.4793784020915151, 0.6925682246988992, -0.8990779295809666, 0.4914249890303028]",28.4488260226371,0.36976915301904884
"[0.4793649315898096, 0.6925613798168023, -0.8990755312070634, 0.4914318228040635]",28.448799364413862,0.3698319855004455
"[0.4793514623391496, 0.6925545363905905, -0.8990731331819045, 0.49143865519822866]",28.44877272091144,0.36989481798184204
"[0.47933799456644416, 0.6925476945352108, -0.8990707355458779, 0.49144548609800104]",28.44874608076423,0.3699576504632387
"[0.47932452898342415, 0.6925408546117942, -0.8990683384256674, 0.4914523151427863]",28.448719465743768,0.3700204829446353
"[0.4793110643366985, 0.6925340159833042, -0.8990659415981299, 0.49145914296856835]",28.44869285303298,0.37008331542603184
"[0.4792976013406708, 0.6925271790122492, -0.8990635451904279, 0.4914659692133783]",28.44866625539715,0.3701461479074285
"[0.47928414016953197, 0.6925203437866786, -0.8990611492335452, 0.49147279378926384]",28.448639671416814,0.3702089803888251
"[0.47927067973152465, 0.6925135097518959, -0.899058753533152, 0.4914796172500244]",28.448613094256892,0.3702718128702217
"[0.47925722181506963, 0.6925066778155173, -0.8990563584075344, 0.4914864386894077]",28.44858653364608,0.3703346453516183
"[0.47924376473081526, 0.6924998471195399, -0.8990539635560173, 0.49149325896405943]",28.448559980443896,0.37039747783301497
"[0.4792303087695985, 0.6924930178113168, -0.8990515690303582, 0.4915000779268223]",28.448533436260256,0.3704603103144115
"[0.4792168554457181, 0.6924861906589643, -0.8990491751000055, 0.4915068948107003]",28.448506914897877,0.37052314279580817
"[0.47920340272103834, 0.6924793646278007, -0.8990467814022688, 0.4915137106487799]",28.44848039773778,0.37058597527720477
"[0.4791899528818202, 0.6924725408774982, -0.8990443883439297, 0.4915205242830792]",28.4484539003764,0.3706488077586014
"[0.4791765038632371, 0.6924657183599982, -0.8990419955575819, 0.49152733676006205]",28.448427405585456,0.370711640239998
"[0.4791630564787143, 0.6924588974876649, -0.8990396031879371, 0.4915341476679368]",28.44840093287382,0.37077447272139463
"[0.47914961029974706, 0.6924520780427832, -0.8990372111587505, 0.49154095722406504]",28.448374461785587,0.3708373052027912
"[0.4791361658404496, 0.692445260285746, -0.899034819561467, 0.49154776516839466]",28.448348008447347,0.37090013768418784
"[0.4791227232926167, 0.6924384443133611, -0.899032428430182, 0.49155457140421677]",28.44832157077124,0.37096297016558444
"[0.4791092819932125, 0.6924316297890745, -0.8990300376469389, 0.491561376267565]",28.448295138503926,0.37102580264698104
"[0.47909584275913847, 0.6924248171266525, -0.899027647357019, 0.49156817934522]",28.44826872532494,0.37108863512837764
"[0.479082403912688, 0.6924180054753069, -0.8990252572620202, 0.4915749814867409]",28.448242309883703,0.37115146760977424
"[0.47906896724697084, 0.6924111957435692, -0.8990228676808382, 0.49158178178483075]",28.448215920549547,0.37121430009117085
"[0.47905553157123437, 0.6924043873275867, -0.8990204784016914, 0.4915885808424674]",28.448189531351748,0.3712771325725675
"[0.47904209935334735, 0.6923975814774209, -0.899018089863409, 0.49159537741125986]",28.44816317155906,0.3713399650539641
"[0.47902866650183207, 0.6923907761196643, -0.8990157013384251, 0.49160217356175073]",28.448136809070036,0.3714027975353607
"[0.4790152362439657, 0.6923839728890345, -0.8990133134005889, 0.49160896766140744]",28.448110465546076,0.3714656300167573
"[0.47900180690559874, 0.6923771709370748, -0.8990109257522103, 0.4916157605575054]",28.448084124699662,0.3715284624981539
"[0.47898837965367086, 0.6923703708544673, -0.8990085386007478, 0.4916225516601128]",28.448057804037866,0.3715912949795505
"[0.4789749540519465, 0.6923635724198643, -0.8990061518686212, 0.491629341190241]",28.448031495954428,0.37165412746094717
"[0.4789615287859709, 0.6923567749673522, -0.8990037653221534, 0.491636129812905]",28.448005189527393,0.3717169599423437
"[0.4789481067892975, 0.6923499799818498, -0.8990013794828042, 0.49164291604507093]",28.447978911263164,0.3717797924237404
"[0.47893468549210916, 0.6923431861619141, -0.8989989938937449, 0.4916497011864606]",28.447952634077794,0.371842624905137
"[0.47892126586180095, 0.6923363939969067, -0.8989966087269219, 0.49165648474830714]",28.447926368836054,0.3719054573865336
"[0.47890784702890926, 0.6923296030464675, -0.8989942238277907, 0.49166326717037945]",28.447900114648842,0.3719682898679302
"[0.47889443110733376, 0.6923228143799536, -0.8989918395720249, 0.49167004738462056]",28.447873883283105,0.3720311223493268
"[0.47888101595309973, 0.6923160269120533, -0.8989894555785772, 0.4916768264749488]",28.44784765268963,0.3720939548307234
"[0.4788676012729088, 0.6923092404941672, -0.8989870717953353, 0.49168360458975763]",28.447821430246602,0.37215678731212
"[0.4788541900825044, 0.6923024566514926, -0.898984688758167, 0.4916903802056712]",28.447795235093302,0.37221961979351664
"[0.47884077923157964, 0.6922956737900544, -0.8989823059072668, 0.49169715491468785]",28.44776903951759,0.3722824522749132
"[0.47882737082042054, 0.6922888929717845, -0.8989799236158038, 0.49170392765611654]",28.447742864799007,0.37234528475630985
"[0.4788139627135492, 0.6922821131163908, -0.8989775415043528, 0.49171069950892876]",28.447716690418574,0.37240811723770645
"[0.4788005574006979, 0.6922753354824556, -0.8989751600152283, 0.4917174692159896]",28.447690538819092,0.37247094971910305
"[0.47878715235678815, 0.6922685587929315, -0.898972778699828, 0.49172423805281573]",28.447664388015795,0.37253378220049965
"[0.4787737506739598, 0.6922617846105898, -0.898970398107425, 0.4917310044584044]",28.447638267673316,0.3725966146818963
"[0.47876034932947936, 0.6922550114070898, -0.8989680177010555, 0.49173776995929974]",28.447612142921436,0.37265944716329286
"[0.4787469488732436, 0.6922482394601535, -0.8989656375784033, 0.491744534278073]",28.447586032305647,0.3727222796446895
"[0.47873355055830374, 0.6922414694026463, -0.8989632579620148, 0.4917512967825348]",28.447559934328147,0.3727851121260861
"[0.47872015419762515, 0.6922347011395995, -0.8989608788186405, 0.4917580575675021]",28.447533853753573,0.3728479446074827
"[0.47870675940685703, 0.6922279344764182, -0.8989585000799984, 0.4917648168273136]",28.44750778088537,0.3729107770888793
"[0.47869336462450257, 0.6922211686240411, -0.8989561214687929, 0.4917715753501422]",28.447481712118954,0.372973609570276
"[0.4786799720811108, 0.6922144047088485, -0.8989537433811138, 0.49177833201079757]",28.447455662656097,0.3730364420516725
"[0.4786665822459547, 0.6922076429673101, -0.898951365900247, 0.4917850865730107]",28.447429630845274,0.3730992745330692
"[0.4786531933321728, 0.6922008824966595, -0.8989489887088951, 0.4917918399385472]",28.44740360587971,0.3731621070144658
"[0.4786398059124378, 0.692194123585745, -0.8989466119087294, 0.4917985918188311]",28.447377591577037,0.3732249394958624
"[0.4786264200165987, 0.6921873662492728, -0.8989442355050333, 0.491805342199134]",28.44735159067669,0.373287771977259
"[0.47861303524396526, 0.6921806102846428, -0.8989418594266618, 0.4918120912818141]",28.447325597078787,0.37335060445865564
"[0.47859965264500454, 0.6921738562216829, -0.898939483860076, 0.49181883853754355]",28.44729962151424,0.3734134369400522
"[0.47858626986818215, 0.6921671028733304, -0.89893710838785, 0.4918255851521608]",28.447273649264627,0.37347626942144885
"[0.4785728902975195, 0.6921603519468994, -0.8989347336106388, 0.49183232942001653]",28.44724769416198,0.37353910190284545
"[0.4785595124711106, 0.6921536027042173, -0.8989323592689222, 0.4918390720785032]",28.447221756920225,0.37360193438424205
"[0.4785461350228382, 0.6921468544557825, -0.8989299851202345, 0.4918458138164196]",28.44719582130614,0.37366476686563865
"[0.4785327593258853, 0.6921401078940136, -0.8989276114082764, 0.49185255394198624]",28.447169900405168,0.37372759934703526
"[0.4785193854539387, 0.6921333630556643, -0.8989252381461014, 0.4918592924184427]",28.44714399034056,0.37379043182843186
"[0.4785060131802805, 0.6921266198259943, -0.898922865293456, 0.49186602936038093]",28.447118097336446,0.37385326430982846
"[0.4784926417745074, 0.6921198778363705, -0.898920492720725, 0.4918727651360583]",28.447092210583744,0.3739160967912251
"[0.47847927379313854, 0.692113138375338, -0.8989181208814945, 0.49187949845807]",28.447066346902666,0.37397892927262166
"[0.47846590514632964, 0.6921063993806609, -0.8989157490501041, 0.4918862313867387]",28.44704047821233,0.3740417617540183
"[0.47845253922162756, 0.6920996625596939, -0.8989133778275615, 0.4918929622162173]",28.447014631387002,0.3741045942354149
"[0.47843917389806806, 0.6920929268430159, -0.8989110068375709, 0.4918996920149372]",28.4469887916168,0.3741674267168115
"[0.4784258118715223, 0.6920861935888237, -0.8989086365583475, 0.4919064194258509]",28.44696297398289,0.3742302591982081
"[0.4784124503028315, 0.69207946136601, -0.8989062664862296, 0.4919131458787805]",28.446937164352004,0.37429309167960473
"[0.4783990894356747, 0.6920727302971564, -0.8989038966644513, 0.49191987125122777]",28.44691135807427,0.37435592416100133
"[0.4783857307790985, 0.6920660011421531, -0.8989015273606583, 0.49192659478391026]",28.446885566849286,0.374418756642398
"[0.4783723733150889, 0.6920592733878002, -0.8988991583942736, 0.49193331698955894]",28.44685978761879,0.3744815891237946
"[0.47835901781152246, 0.6920525474204797, -0.8988967899014634, 0.49194003748207255]",28.446834023317386,0.3745444216051912
"[0.47834566376081905, 0.6920458229841714, -0.8988944217921915, 0.49194675651722325]",28.44680826462542,0.3746072540865878
"[0.4783323115210584, 0.6920391002588043, -0.8988920541299376, 0.49195347391518746]",28.446782526924487,0.3746700865679844
"[0.4783189600379324, 0.6920323787132229, -0.8988896867277383, 0.49196019020666726]",28.44675679240636,0.374732919049381
"[0.47830561091360024, 0.6920256591536331, -0.898887319869662, 0.49196690458604897]",28.446731077741436,0.37479575153077765
"[0.4782922620528282, 0.6920189405250325, -0.8988849531842039, 0.4919736181074881]",28.446705364537557,0.3748585840121742
"[0.47827891598350886, 0.6920122240993626, -0.8988825871195315, 0.49198032949997383]",28.446679669167228,0.37492141649357086
"[0.47826557070343567, 0.6920055088686126, -0.8988802213206567, 0.4919870397707193]",28.446653986609522,0.37498424897496746
"[0.47825222621332747, 0.6919987948329032, -0.8988778557877132, 0.4919937489195796]",28.446628305738056,0.37504708145636406
"[0.47823888472467324, 0.6919920831044795, -0.898875490912696, 0.49200045583507607]",28.446602648093624,0.37510991393776066
"[0.478225543646227, 0.6919853723793609, -0.8988731262362676, 0.4920071618202142]",28.446576996864955,0.3751727464191573
"[0.47821220518508045, 0.6919786637673803, -0.898870762149613, 0.49201386576590866]",28.44655136441812,0.37523557890055387
"[0.4781988668623465, 0.691971956021438, -0.898868398213367, 0.4920205689183567]",28.44652573031441,0.3752984113819505
"[0.4781855310323256, 0.6919652503251839, -0.8988660348447685, 0.49202727009468494]",28.446500116661554,0.3753612438633471
"[0.4781721977639563, 0.6919585467126967, -0.8988636720559907, 0.4920339692607869]",28.446474525870546,0.37542407634474373
"[0.4781588639806055, 0.6919518436368977, -0.8988613093018206, 0.4920406679626842]",28.44644892982359,0.37548690882614033
"[0.4781455326489542, 0.6919451425889, -0.8988589471079552, 0.4920473647102093]",28.446423349014427,0.375549741307537
"[0.4781322021458914, 0.6919384427524575, -0.8988565851867738, 0.4920540603190459]",28.44639777949731,0.37561257378893353
"[0.47811887360503363, 0.6919317446969805, -0.8988542237391198, 0.49206075422010853]",28.4463722265335,0.37567540627033014
"[0.47810554676789196, 0.6919250482921513, -0.8988518627191707, 0.49206744654359175]",28.446346682380927,0.3757382387517268
"[0.47809222184127376, 0.6919183536414725, -0.898849502163541, 0.4920741371860146]",28.446321151340303,0.37580107123312334
"[0.47807889712402973, 0.6919116598899834, -0.8988471417708622, 0.4920808270017968]",28.44629562665928,0.37586390371452
"[0.47806557580822245, 0.6919049686408177, -0.8988447821065649, 0.4920875143887062]",28.446270128306676,0.3759267361959166
"[0.47805225442115296, 0.6918982781492706, -0.8988424225554938, 0.49209420109040114]",28.446244628204454,0.3759895686773132
"[0.4780389331520228, 0.6918915885102734, -0.8988400631511868, 0.49210088701199145]",28.446219125971663,0.3760524011587098
"[0.4780256153829316, 0.6918849014218191, -0.8988377044926426, 0.49210757045638637]",28.44619365667792,0.37611523364010646
"[0.47801229937480144, 0.691878216010131, -0.8988353462718107, 0.492114252296832]",28.446168194604894,0.376178066121503
"[0.47799898523878703, 0.6918715323306033, -0.8988329885083524, 0.49212093247792194]",28.44614275199405,0.37624089860289966
"[0.4779856722223431, 0.6918648500051102, -0.8988306310689848, 0.4921276113775472]",28.446117313200382,0.37630373108429627
"[0.477972358723896, 0.6918581682295901, -0.8988282736701233, 0.49213428979934154]",28.446091875687337,0.37636656356569287
"[0.47795904869717565, 0.691851488988006, -0.8988259170118317, 0.4921409657603003]",28.44606646328722,0.37642939604708947
"[0.47794573959834225, 0.6918448110033192, -0.898823560643665, 0.4921476405367871]",28.446041058401217,0.37649222852848613
"[0.47793243236440713, 0.6918381347453543, -0.8988212047315072, 0.4921543136591683]",28.44601566847645,0.3765550610098827
"[0.47791912547205695, 0.6918314594495557, -0.8988188490056669, 0.492160985891612]",28.445990278760643,0.37661789349127933
"[0.4779058218211477, 0.691824786570226, -0.8988164939794818, 0.4921676557804401]",28.4459649151989,0.37668072597267593
"[0.47789251799502513, 0.6918181143932636, -0.8988141390481156, 0.49217432503894976]",28.4459395518908,0.37674355845407254
"[0.4778792160562824, 0.6918114439528602, -0.898811784576674, 0.49218099263337617]",28.445914204679205,0.37680639093546914
"[0.47786591628189756, 0.6918047753874661, -0.8988094306141506, 0.49218765842528306]",28.445888868306252,0.37686922341686574
"[0.47785261811018787, 0.6917981084150241, -0.8988070770611057, 0.49219432269656743]",28.445863548087594,0.37693205589826234
"[0.4778393210470156, 0.6917914427874728, -0.8988047238300727, 0.4922009856951566]",28.445838237299235,0.376994888379659
"[0.47782602504519994, 0.6917847784808793, -0.8988023709126971, 0.4922076474449444]",28.445812932303006,0.3770577208610556
"[0.4778127310899958, 0.69177811598871, -0.8988000184833174, 0.49221430745261663]",28.445787646712915,0.3771205533424522
"[0.4777994378132287, 0.691771454624961, -0.8987976662998148, 0.49222096640388635]",28.44576236459291,0.3771833858238488
"[0.47778614728043384, 0.6917647954242896, -0.8987953147276547, 0.4922276232644324]",28.44573710044403,0.3772462183052454
"[0.47777285721313895, 0.6917581372446708, -0.898792963363675, 0.49223427917584156]",28.445711844570877,0.377309050786642
"[0.4777595701660605, 0.6917514813656318, -0.8987906126598485, 0.49224093285898013]",28.44568661195389,0.37737188326803867
"[0.477746282610287, 0.6917448260191056, -0.8987882619918421, 0.4922475860813006]",28.445661373999542,0.3774347157494352
"[0.4777329970898875, 0.6917381724791207, -0.8987859118097254, 0.49225423756915615]",28.44563615156943,0.3774975482308318
"[0.47771971352898285, 0.691731520707236, -0.8987835621000447, 0.4922608873609323]",28.44561094479428,0.37756038071222847
"[0.4777064315949258, 0.6917248705364586, -0.8987812128039344, 0.4922675356235313]",28.445585750231018,0.3776232131936251
"[0.47769315073421903, 0.6917182216893406, -0.8987788638234803, 0.4922741826342875]",28.44556056401102,0.3776860456750217
"[0.47767987170873566, 0.6917115745469514, -0.8987765152934196, 0.4922808280122009]",28.44553539067449,0.3777488781564183
"[0.47766659342691736, 0.6917049285625675, -0.8987741670206889, 0.49228747230381775]",28.445510225536466,0.3778117106378149
"[0.47765331692926927, 0.691698284256666, -0.8987718191892923, 0.4922941149887605]",28.445485075476615,0.3778745431192115
"[0.47764004319227527, 0.6916916421174427, -0.8987694719718743, 0.492300755578904]",28.445459941648433,0.37793737560060814
"[0.47762676987208913, 0.6916850009716731, -0.8987671249539495, 0.492307395247162]",28.445434817795206,0.37800020808200474
"[0.47761349779766515, 0.6916783612338806, -0.8987647782820988, 0.4923140335790771]",28.44540969843505,0.37806304056340134
"[0.47760022735700447, 0.6916717230978305, -0.89876243202491, 0.4923206703808905]",28.4453845922441,0.37812587304479794
"[0.47758695855335426, 0.6916650865647699, -0.8987600861829381, 0.4923273056513165]",28.445359500979908,0.37818870552619455
"[0.4775736898411854, 0.6916584508614446, -0.8987577404829439, 0.4923339401634365]",28.445334411005547,0.37825153800759115
"[0.477560423586068, 0.6916518171705667, -0.8987553953431137, 0.49234057273471826]",28.445309335392604,0.3783143704889878
"[0.4775471608951717, 0.6916451860451467, -0.8987530509591072, 0.4923472028121842]",28.445284292675666,0.37837720297038435
"[0.47753389723613027, 0.69163855521876, -0.8987507065297493, 0.4923538326618674]",28.445259238171218,0.378440035451781
"[0.47752063511256265, 0.6916319259428939, -0.8987483624975865, 0.49236046103244835]",28.445234197466657,0.3785028679331776
"[0.47750737612979033, 0.6916252990194752, -0.8987460191463138, 0.49236708712206156]",28.445209183686732,0.3785657004145742
"[0.47749411688277477, 0.6916186727463184, -0.8987436758741207, 0.49237371263264146]",28.445184161610122,0.3786285328959708
"[0.47748086071942797, 0.6916120487961945, -0.8987413332726605, 0.4923803358915756]",28.445159169390948,0.3786913653773675
"[0.4774676035653068, 0.6916054251328718, -0.8987389906219029, 0.49238695893485473]",28.445134167272176,0.378754197858764
"[0.47745435059619507, 0.6915988043419644, -0.898736648836433, 0.49239357917706833]",28.445109197299665,0.3788170303401607
"[0.477441097721749, 0.6915921843795806, -0.898734307193457, 0.49240019866189305]",28.44508422917519,0.3788798628215573
"[0.47742784646467396, 0.6915855660060991, -0.8987319659620221, 0.4924068166289792]",28.44505927395423,0.3789426953029539
"[0.4774145969398384, 0.6915789492785046, -0.898729625162402, 0.4924134330213066]",28.44503433039266,0.3790055277843505
"[0.4774013483928135, 0.6915723338197217, -0.8987272846612987, 0.49242004821589686]",28.445009397381487,0.37906836026574714
"[0.4773881014485246, 0.6915657199414637, -0.898724944569102, 0.49242666190101875]",28.444984475469955,0.3791311927471437
"[0.4773748564079861, 0.6915591077936418, -0.8987226049389625, 0.492433273926723]",28.44495956462035,0.37919402522854034
"[0.47736161248120285, 0.6915524969815138, -0.8987202656313169, 0.4924398846877095]",28.4449346626576,0.37925685770993695
"[0.47734837013640047, 0.6915458877384781, -0.8987179267288566, 0.49244649395054757]",28.444909779297056,0.3793196901913335
"[0.4773351292131924, 0.6915392799841432, -0.8987155882032365, 0.492453101795593]",28.444884903049285,0.37938252267273015
"[0.47732188940527726, 0.6915326735653089, -0.8987132500003511, 0.49245970837601677]",28.44486003466004,0.37944535515412675
"[0.4773086515625912, 0.6915260689057523, -0.8987109122702833, 0.4924663132679933]",28.444835182944516,0.37950818763552335
"[0.47729541548944726, 0.6915194659074146, -0.8987085749784495, 0.4924729165695433]",28.444810347427453,0.37957102011691995
"[0.4772821801821135, 0.6915128640692639, -0.8987062379475943, 0.4924795187816899]",28.444785515680362,0.3796338525983166
"[0.477268946977745, 0.6915062640579228, -0.8987039014138134, 0.4924861192377376]",28.44476069773512,0.37969668507971316
"[0.4772557151153565, 0.6914996654934814, -0.898701565242718, 0.4924927183175826]",28.44473589326938,0.3797595175611098
"[0.47724248388505675, 0.6914930680216606, -0.8986992293089714, 0.4924993163755032]",28.444711091939684,0.3798223500425064
"[0.47722925537905, 0.6914864726853089, -0.8986968939819233, 0.49250591236851987]",28.44468631106339,0.379885182523903
"[0.477216027913563, 0.691479878644532, -0.8986945589642967, 0.49251250713656813]",28.444661541278048,0.3799480150052996
"[0.4772028007398905, 0.6914732855258903, -0.8986922241239319, 0.49251910105310626]",28.444636771672087,0.3800108474866962
"[0.4771895760750265, 0.6914666944341099, -0.8986898898521547, 0.4925256930132409]",28.444612022644787,0.3800736799680928
"[0.4771763527234307, 0.6914601047729223, -0.8986875559379136, 0.49253228361327533]",28.444587284374578,0.3801365124494895
"[0.47716313126817067, 0.6914535168325191, -0.8986852224840992, 0.4925388725629404]",28.444562558630828,0.3801993449308861
"[0.4771499111317548, 0.69144693032479, -0.8986828893887704, 0.4925454601503511]",28.444537844718226,0.3802621774122827
"[0.47713669162871264, 0.6914403449079537, -0.898680556530953, 0.49255204671731867]",28.44451313287075,0.3803250098936793
"[0.4771234745325581, 0.6914337614651523, -0.8986782242236036, 0.49255863138051004]",28.44448844407173,0.3803878423750759
"[0.4771102576636167, 0.6914271789103715, -0.8986758920820815, 0.4925652152261079]",28.444463753250012,0.3804506748564725
"[0.477097043807995, 0.6914205986308415, -0.8986735605979796, 0.4925717968665721]",28.44443909057763,0.38051350733786915
"[0.47708383063777293, 0.691414019466879, -0.8986712293605293, 0.49257837746178434]",28.444414431602752,0.38057633981926575
"[0.4770706196309229, 0.6914074421540729, -0.8986688986304773, 0.4925849562759609]",28.44438978523835,0.38063917230066235
"[0.4770574095582322, 0.6914008660800802, -0.8986665681909431, 0.4925915339215481]",28.4443651517447,0.38070200478205896
"[0.4770441999286475, 0.691394291000244, -0.8986642379553047, 0.49259811064323816]",28.44434051746336,0.38076483726345556
"[0.4770309931821747, 0.6913877181286956, -0.8986619083539682, 0.4926046852265586]",28.444315904800472,0.38082766974485216
"[0.47701778763712593, 0.6913811466280328, -0.8986595790902596, 0.49261125850908444]",28.4442913060691,0.3808905022262488
"[0.47700458294122605, 0.6913745763226865, -0.8986572501020401, 0.49261783066640497]",28.44426671262529,0.38095333470764536
"[0.4769913795176926, 0.6913680074229659, -0.8986549214639498, 0.4926244014881221]",28.444242127010007,0.381016167189042
"[0.4769781789212872, 0.6913614407019423, -0.8986525934501636, 0.49263097020089447]",28.444217563793917,0.3810789996704386
"[0.47696497853942027, 0.6913548748596156, -0.8986502655999163, 0.4926375381050796]",28.444193002969108,0.3811418321518352
"[0.47695178004738775, 0.6913483107290059, -0.8986479382086371, 0.4926441043673672]",28.444168455045975,0.3812046646332318
"[0.476938583945568, 0.6913417485585049, -0.8986456113645263, 0.49265066873923946]",28.44414393096478,0.38126749711462843
"[0.47692538683274843, 0.6913351866565569, -0.8986432844678603, 0.49265723291279573]",28.444119394329803,0.38133032959602503
"[0.4769121936169613, 0.6913286274631979, -0.8986409583840016, 0.49266379444712155]",28.444094890414327,0.38139316207742163
"[0.4768990008228691, 0.6913220692501562, -0.8986386325001802, 0.49267035507105833]",28.44407038884598,0.3814559945588183
"[0.47688580931132873, 0.6913155124451452, -0.8986363069681653, 0.49267691435670974]",28.44404589617023,0.38151882704021484
"[0.4768726187225114, 0.6913089568690087, -0.8986339817245188, 0.4926834724832713]",28.444021411408723,0.3815816595216115
"[0.476859431218893, 0.6913024035960558, -0.8986316571504102, 0.4926900283759716]",28.443996949929893,0.3816444920030081
"[0.47684624477768506, 0.6912958516206509, -0.898629332889247, 0.49269658304080327]",28.443972496465715,0.3817073244844047
"[0.47683305858969877, 0.6912893005405312, -0.8986270087984075, 0.49270313688017164]",28.443948047209034,0.3817701569658013
"[0.4768198754317432, 0.6912827517348765, -0.8986246853672881, 0.4927096885142786]",28.44392361996955,0.38183298944719796
"[0.4768066922370512, 0.6912762036799112, -0.8986223620553784, 0.4927162394675215]",28.443899194656098,0.3818958219285945
"[0.476793511183165, 0.6912696574569447, -0.8986200392464262, 0.4927227886580843]",28.443874782714015,0.38195865440999116
"[0.4767803323091767, 0.6912631130849284, -0.8986177169472864, 0.49272933606696045]",28.44385039025859,0.38202148689138776
"[0.4767671534194179, 0.691256569473262, -0.8986153947710459, 0.49273588278522756]",28.44382599683349,0.38208431937278436
"[0.4767539765626836, 0.6912500276389567, -0.8986130730787076, 0.49274242779536337]",28.443801618158233,0.38214715185418097
"[0.476740802135095, 0.6912434877781988, -0.8986107519400286, 0.492748970901039]",28.443777260261136,0.3822099843355776
"[0.4767276271305444, 0.6912369483984916, -0.8986084308253751, 0.4927555135954653]",28.443752893227458,0.38227281681697417
"[0.4767144547554907, 0.6912304110910907, -0.8986061102996439, 0.49276205428655195]",28.443728552416967,0.3823356492983708
"[0.4767012835226244, 0.6912238751174445, -0.8986037901007936, 0.49276859371319065]",28.443704217421544,0.38239848177976743
"[0.47668811358971996, 0.6912173405555496, -0.8986014702566067, 0.49277513179731275]",28.443679894034787,0.38246131426116403
"[0.4766749460696519, 0.691210807957174, -0.8985991509630862, 0.49278166798681133]",28.443655588569683,0.38252414674256063
"[0.4766617791756178, 0.6912042764355107, -0.8985968319054909, 0.4927882031689447]",28.44363128645561,0.3825869792239573
"[0.4766486134563755, 0.6911977462625344, -0.898594513180472, 0.49279473707155963]",28.443606997078877,0.38264981170535384
"[0.4766354504049994, 0.6911912181783836, -0.8985921950509578, 0.49280126895405324]",28.443582727491876,0.3827126441867505
"[0.4766222881307503, 0.6911846912449842, -0.898589877183949, 0.4928077997550052]",28.443558462255716,0.3827754766681471
"[0.47660912706301845, 0.691178165675004, -0.8985875596550579, 0.4928143292615948]",28.4435342068294,0.3828383091495437
"[0.47659596807319937, 0.691171641900133, -0.8985852426177063, 0.4928208570418333]",28.443509968289614,0.3829011416309403
"[0.4765828097166383, 0.6911651192038384, -0.8985829258175064, 0.4928273838126606]",28.44348573413581,0.3829639741123369
"[0.4765696530221922, 0.6911585980958506, -0.8985806094356019, 0.49283390906399765]",28.44346151099833,0.3830268065937335
"[0.4765564979798333, 0.6911520785708347, -0.8985782934702053, 0.49284043280114365]",28.443437303491496,0.3830896390751301
"[0.47654334434548484, 0.6911455605074485, -0.8985759778783291, 0.4928469551454854]",28.443413108125508,0.38315247155652676
"[0.4765301924442211, 0.6911390440664503, -0.8985736627171789, 0.4928534759361202]",28.44338892217909,0.3832153040379233
"[0.47651704097215525, 0.6911325286015138, -0.898571347757224, 0.49285999581977746]",28.4433647407612,0.38327813651931997
"[0.4765038917030218, 0.6911260149910652, -0.898569033310669, 0.49286651391740277]",28.443340577649668,0.38334096900071657
"[0.4764907435884789, 0.6911195027154229, -0.8985667191929698, 0.49287303074899697]",28.44331642461177,0.38340380148211317
"[0.47647759742771095, 0.6911129921700684, -0.8985644055447664, 0.49287954591876587]",28.44329228576104,0.3834666339635098
"[0.4764644520977521, 0.6911064827985365, -0.8985620921684089, 0.49288605998353574]",28.443268153519647,0.3835294664449064
"[0.47645130825460613, 0.6910999749253847, -0.8985597791793363, 0.4928925726184847]",28.44324403366579,0.383592298926303
"[0.47643816656738025, 0.6910934688815047, -0.8985574666952671, 0.4928990834924389]",28.443219927309368,0.38365513140769963
"[0.47642502461171793, 0.6910869634664271, -0.8985551542895976, 0.49290559380673193]",28.443195817881776,0.38371796388909624
"[0.4764118857719512, 0.6910804603551011, -0.8985528425578051, 0.4929121018851186]",28.44317174038147,0.38378079637049284
"[0.47639874793220555, 0.6910739584998271, -0.8985505311275752, 0.49291860877605487]",28.44314766443991,0.38384362885188944
"[0.4763856112090217, 0.6910674579580143, -0.8985482200194074, 0.4929251144220579]",28.443123600054015,0.38390646133328604
"[0.47637247567677876, 0.6910609587661846, -0.8985459092463786, 0.49293161878654757]",28.443099540001885,0.38396929381468264
"[0.4763593428304376, 0.6910544616635919, -0.898543599071449, 0.4929381211296391]",28.44307550598445,0.3840321262960793
"[0.47634620934073274, 0.6910479650029187, -0.898541288908969, 0.49294462309995085]",28.443051464680643,0.38409495877747585
"[0.4763330793466753, 0.6910414708312516, -0.89853897948697, 0.49295112264868846]",28.443027449935943,0.3841577912588725
"[0.4763199507307541, 0.6910349781007511, -0.8985366704329599, 0.4929576208245091]",28.443003446508516,0.3842206237402691
"[0.47630682249170647, 0.6910284863160103, -0.8985343615708378, 0.4929641181232091]",28.44297944745517,0.3842834562216657
"[0.47629369574036173, 0.6910219960260775, -0.8985320530959633, 0.4929706139952475]",28.442955460455718,0.3843462887030623
"[0.47628057142170616, 0.691015507697762, -0.8985297451744906, 0.49297710797337085]",28.44293149412714,0.38440912118445897
"[0.47626744678247734, 0.6910090199696585, -0.8985274373222516, 0.4929836014201414]",28.442907521962074,0.3844719536658555
"[0.4762543249546855, 0.6910025343896621, -0.8985251300899725, 0.49299009278626843]",28.442883571768242,0.38453478614725217
"[0.47624120348434074, 0.6909960497445203, -0.8985228230461442, 0.49299658328604956]",28.442859623759652,0.3845976186286488
"[0.4762280840836258, 0.6909895668800988, -0.8985205164917955, 0.49300307207282484]",28.442835692025476,0.3846604511100454
"[0.47621496597451707, 0.6909830854115685, -0.8985182102901181, 0.4930095595317367]",28.44281177192464,0.384723283591442
"[0.47620184921653874, 0.6909766053680279, -0.8985159044515635, 0.493016045633627]",28.442787861855113,0.3847861160728386
"[0.4761887343088894, 0.690970126995737, -0.8985135990638664, 0.4930225301319682]",28.442763963770183,0.3848489485542352
"[0.4761756204336954, 0.6909636498903517, -0.8985112939832423, 0.4930290134314526]",28.44274007534856,0.3849117810356318
"[0.4761625088803491, 0.6909571746883534, -0.8985089894363092, 0.4930354948949521]",28.442716205235715,0.38497461351702844
"[0.47614939768740394, 0.6909507004207567, -0.8985066850783018, 0.49304197549235546]",28.442692339904266,0.385037445998425
"[0.4761362882824264, 0.6909442277922199, -0.8985043811601153, 0.4930484545182875]",28.442668486721026,0.38510027847982164
"[0.4761231804281891, 0.6909377566852383, -0.8985020776400364, 0.4930549320903311]",28.442644646482314,0.38516311096121825
"[0.47611007430077973, 0.6909312871863852, -0.8984997745489873, 0.49306140812178834]",28.442620815875117,0.38522594344261485
"[0.47609696909922145, 0.6909248188999667, -0.8984974717462024, 0.4930678830087197]",28.44259699483827,0.38528877592401145
"[0.4760838643008525, 0.690918351567813, -0.8984951691398473, 0.49307435700953706]",28.442573182327205,0.3853516084054081
"[0.4760707626159528, 0.6909118865270871, -0.8984928672061127, 0.4930808287856589]",28.442549386491013,0.38541444088680465
"[0.4760576618677623, 0.6909054227032306, -0.8984905655625133, 0.49308729941271984]",28.442525598975084,0.3854772733682013
"[0.4760445618588438, 0.6908989599986064, -0.8984882641743628, 0.4930937689884339]",28.442501819716334,0.3855401058495979
"[0.47603146330578755, 0.6908924987664574, -0.8984859631675445, 0.4931002371591546]",28.442478053564887,0.3856029383309945
"[0.4760183672740792, 0.6908860395319429, -0.8984836627291982, 0.49310670339911483]",28.442454302925924,0.3856657708123911
"[0.47600527177662316, 0.6908795813146409, -0.8984813625102545, 0.4931131686897646]",28.442430558686194,0.3857286032937878
"[0.47599217718715864, 0.6908731242986534, -0.8984790625763639, 0.4931196328467775]",28.442406821014032,0.3857914357751843
"[0.47597908554978924, 0.6908666694915313, -0.8984767632865227, 0.49312609486144543]",28.442383104622742,0.385854268256581
"[0.4759659946067342, 0.6908602157796835, -0.8984744642441682, 0.49313255584856286]",28.442359397272686,0.3859171007379776
"[0.47595290436518717, 0.6908537631664422, -0.8984721654505693, 0.49313901580477193]",28.442335690531994,0.3859799332193742
"[0.47593981681558173, 0.6908473126325979, -0.8984698672552442, 0.4931454737481267]",28.44231201038353,0.3860427657007708
"[0.4759267298912396, 0.6908408631591668, -0.8984675692952578, 0.4931519306987435]",28.442288331291195,0.3861055981821674
"[0.4759136436322914, 0.6908344147657193, -0.8984652715776639, 0.4931583866370085]",28.442264658565172,0.386168430663564
"[0.47590056037087486, 0.6908279686010576, -0.8984629745119167, 0.4931648404127341]",28.44224100792735,0.38623126314496065
"[0.475887477822762, 0.6908215235393294, -0.898460677696939, 0.4931712931530608]",28.442217364396512,0.38629409562635725
"[0.4758743963963642, 0.6908150797814986, -0.8984583812044321, 0.49317774465675973]",28.44219372860602,0.38635692810775385
"[0.4758613159764601, 0.6908086372705399, -0.8984560850141627, 0.4931841949808959]",28.442170102686454,0.38641976058915045
"[0.4758482378959857, 0.6908021966625982, -0.8984537893600966, 0.4931906434684912]",28.442146491452938,0.38648259307054705
"[0.47583516108362633, 0.6907957574296912, -0.8984514940541531, 0.4931970906481336]",28.44212289135945,0.38654542555194366
"[0.4758220858728201, 0.6907893197356708, -0.898449199154844, 0.493203536355735]",28.442099304580253,0.38660825803334026
"[0.4758090116947422, 0.6907828833001722, -0.8984469045623179, 0.49320998087197626]",28.442075725208934,0.38667109051473686
"[0.47579593886577476, 0.6907764482786619, -0.8984446103320924, 0.49321642404116567]",28.442052157813595,0.38673392299613346
"[0.47578286775037937, 0.6907700148501987, -0.89844231652811, 0.49322286568398194]",28.442028602879237,0.3867967554775301
"[0.47576979777496636, 0.6907635827321437, -0.8984400230496973, 0.49322930608339094]",28.4420050577796,0.3868595879589267
"[0.4757567295053129, 0.6907571522026051, -0.8984377299961188, 0.49323574496089206]",28.441981521900544,0.3869224204403233
"[0.4757436624480252, 0.6907507230184685, -0.8984354372807829, 0.4932421825598814]",28.441957999100275,0.3869852529217199
"[0.4757305970603021, 0.6907442954043487, -0.8984331449838923, 0.49324861865541525]",28.441934487499182,0.3870480854031165
"[0.4757175328530038, 0.6907378691192954, -0.8984308530196112, 0.493255053488728]",28.441910989220172,0.38711091788451313
"[0.4757044692732708, 0.6907314438910985, -0.8984285612909468, 0.49326148733236647]",28.44188749178583,0.3871737503659098
"[0.47569140771966084, 0.6907250204073399, -0.8984262700432323, 0.49326791949779375]",28.441864012826308,0.38723658284730633
"[0.47567834790652386, 0.6907185985271318, -0.8984239792263299, 0.49327435012604737]",28.441840543412074,0.387299415328703
"[0.4756652895072065, 0.6907121780895003, -0.8984216887829207, 0.49328077937828335]",28.441817089322463,0.3873622478100996
"[0.4756522319374414, 0.6907057588068883, -0.8984193986105168, 0.4932872075424256]",28.441793637640792,0.3874250802914962
"[0.4756391765278654, 0.6906993413331376, -0.898417108942481, 0.49329363396369175]",28.441770206860667,0.3874879127728928
"[0.47562612186926523, 0.6906929249752011, -0.8984148195316465, 0.4933000593360608]",28.441746777644852,0.38755074525428945
"[0.47561306802057884, 0.690686509761836, -0.8984125303883521, 0.49330648363071117]",28.44172335895836,0.387613577735686
"[0.47560001695224385, 0.6906800966610034, -0.8984102418581098, 0.49331290587827253]",28.441699959704852,0.38767641021708266
"[0.4755869665192987, 0.6906736846183354, -0.8984079535647718, 0.4933193271345771]",28.441676562847338,0.38773924269847926
"[0.47557391766100154, 0.6906672740950391, -0.8984056656730225, 0.49332574693772724]",28.44165318360854,0.38780207517987586
"[0.47556087050495344, 0.6906608651534446, -0.8984033782052122, 0.4933321652252643]",28.441629816006593,0.38786490766127246
"[0.47554782478189, 0.6906544576609343, -0.898401091114112, 0.49333858212996423]",28.441606458551423,0.3879277401426691
"[0.47553477913859626, 0.6906480509526587, -0.8983988041624882, 0.4933449983176289]",28.441583100810345,0.38799057262406567
"[0.4755217357174945, 0.6906416460804818, -0.8983965177259071, 0.4933514127348084]",28.441559762412016,0.3880534051054623
"[0.4755086943269535, 0.6906352429498724, -0.8983942317707398, 0.4933578254761295]",28.441536440680988,0.3881162375868589
"[0.4754956536545366, 0.6906288409160931, -0.8983919460669222, 0.49336423718726613]",28.441513119569862,0.3881790700682555
"[0.47548261401667125, 0.6906224401342905, -0.8983896606699144, 0.4933706477128101]",28.44148980956216,0.38824190254965213
"[0.4754695770448961, 0.6906160414049327, -0.8983873758656408, 0.49337705625103456]",28.441466519158393,0.3883047350310488
"[0.4754565411306508, 0.6906096439381161, -0.898385091372162, 0.49338346359301327]",28.441443241053495,0.38836756751244533
"[0.4754435056160884, 0.690603247410793, -0.8983828070741975, 0.4933898700622698]",28.441419962128382,0.388430399993842
"[0.4754304717671399, 0.6905968524438996, -0.898380523193579, 0.4933962750368748]",28.44139669887589,0.3884932324752386
"[0.4754174393128768, 0.6905904589041649, -0.8983782396828119, 0.493402678650273]",28.441373443240213,0.38855606495663514
"[0.4754044091215395, 0.6905840672171412, -0.8983759566940005, 0.49340908047620075]",28.441350206950556,0.3886188974380318
"[0.4753913804944128, 0.690577677039684, -0.898373674104693, 0.4934154808583057]",28.4413269837765,0.3886817299194284
"[0.47537835144769197, 0.6905712873986135, -0.8983713915673387, 0.493421880771301]",28.441303757272095,0.388744562400825
"[0.47536532471492243, 0.6905648996342602, -0.8983691095608201, 0.4934282788726755]",28.441280545464508,0.3888073948822216
"[0.47535230048470567, 0.6905585138386148, -0.8983668281181322, 0.4934346750702402]",28.441257360148004,0.38887022736361826
"[0.47533927695958517, 0.6905521291300287, -0.8983645469243934, 0.4934410702470429]",28.44123417031561,0.3889330598450148
"[0.4753262527450511, 0.6905457448247709, -0.8983622657353665, 0.49344746508792436]",28.441210982217726,0.38899589232641146
"[0.47531323278217164, 0.6905393633445065, -0.8983599854164522, 0.493453857167184]",28.441187826601325,0.38905872480780807
"[0.47530021246986337, 0.6905329824336919, -0.8983577051617839, 0.4934602487440691]",28.441164668081193,0.38912155728920467
"[0.4752871956511654, 0.6905266039753507, -0.8983554256443738, 0.4934666379323728]",28.441141535201055,0.38918438977060127
"[0.475274178431638, 0.6905202260607994, -0.8983531461822049, 0.49347302664395304]",28.441118398252858,0.38924722225199787
"[0.47526116240023325, 0.6905138494684142, -0.8983508670535325, 0.4934794140990993]",28.441095274681114,0.3893100547333945
"[0.47524814885560135, 0.6905074748340148, -0.8983485884857246, 0.49348579966086764]",28.441072168655634,0.38937288721479113
"[0.4752351355094514, 0.6905011010363823, -0.8983463100781054, 0.49349218445236703]",28.441049061441195,0.38943571969618773
"[0.4752221241920342, 0.6904947289716866, -0.8983440321511114, 0.49349856757585264]",28.441025974431067,0.38949855217758433
"[0.4752091146614547, 0.6904883585210555, -0.898341754662363, 0.49350494915036164]",28.441002898582997,0.38956138465898094
"[0.47519610561551856, 0.6904819890465644, -0.8983394773838853, 0.49351132981490337]",28.440979827074834,0.38962421714037754
"[0.47518309893823085, 0.6904756214703386, -0.8983372006454639, 0.49351770864569894]",28.440956775509516,0.38968704962177414
"[0.47517009243039615, 0.690469254715437, -0.8983349240621301, 0.4935240867215613]",28.440933722074984,0.3897498821031708
"[0.4751570887118173, 0.6904628900639375, -0.8983326480924207, 0.4935304627580985]",28.44091069160959,0.38981271458456734
"[0.4751440854938198, 0.6904565263952929, -0.8983303723357388, 0.4935368378778249]",28.44088766672987,0.389875547065964
"[0.4751310834156018, 0.6904501640221005, -0.898328096903954, 0.4935432117675564]",28.44086464981127,0.3899383795473606
"[0.47511808350916623, 0.6904438034489973, -0.8983258219776487, 0.49354958392170517]",28.44084164826408,0.3900012120287572
"[0.47510508527656503, 0.6904374444319401, -0.8983235474696529, 0.4935559545847176]",28.440818662970464,0.3900640445101538
"[0.4750920869777452, 0.6904310861194429, -0.8983212730754832, 0.4935623246096149]",28.44079567450716,0.39012687699155046
"[0.47507909044303975, 0.6904247294066167, -0.898318999115404, 0.4935686930996123]",28.440772700315193,0.390189709472947
"[0.475066096197999, 0.6904183745500895, -0.8983167256813349, 0.49357505979756344]",28.44074974598581,0.39025254195434367
"[0.47505310288709623, 0.6904120208866082, -0.8983144525360941, 0.49358142536791955]",28.44072679521977,0.39031537443574027
"[0.47504011175649435, 0.6904056690251364, -0.8983121798976752, 0.49358778920054336]",28.44070386424762,0.3903782069171368
"[0.475027119749937, 0.6903993174712107, -0.8983099072314278, 0.4935941527926911]",28.440680927636077,0.3904410393985335
"[0.4750141306147617, 0.6903929680565828, -0.8983076351928629, 0.4936005143091116]",28.440658009033946,0.3905038718799301
"[0.47500114283247763, 0.6903866200385361, -0.8983053635163307, 0.49360687449389334]",28.44063510466001,0.3905667043613267
"[0.4749881568844921, 0.6903802736520206, -0.8983030922860116, 0.49361323311160005]",28.440612211178433,0.3906295368427233
"[0.4749751716714739, 0.6903739283594718, -0.8983008213096221, 0.4936195907008005]",28.440589325238545,0.39069236932411994
"[0.4749621873069284, 0.6903675842161535, -0.898298550607013, 0.4936259472061003]",28.440566448104004,0.3907552018055165
"[0.47494920498447596, 0.6903612418049473, -0.898296280386907, 0.493632302043447]",28.44054358518451,0.39081803428691314
"[0.4749362243780129, 0.6903549009661173, -0.8982940105922492, 0.4936386553728509]",28.440520734547228,0.39088086676830974
"[0.4749232449757545, 0.6903485614493612, -0.8982917411335294, 0.4936450074450717]",28.440497892361627,0.39094369924970634
"[0.47491026648910467, 0.6903422231134522, -0.898289471960281, 0.49365135840158814]",28.440475060090744,0.39100653173110295
"[0.4748972888080586, 0.6903358859044497, -0.8982872030532687, 0.49365770829642314]",28.440452232635863,0.3910693642124996
"[0.4748843139307606, 0.6903295507976835, -0.8982849347618038, 0.49366405615225584]",28.440429429487462,0.39113219669389615
"[0.4748713398412317, 0.6903232168084612, -0.8982826667334214, 0.4936704029557204]",28.44040662701057,0.3911950291752928
"[0.474858367222797, 0.6903168842701104, -0.898280399087566, 0.49367674837278586]",28.440383841472528,0.3912578616566894
"[0.47484539563164413, 0.6903105529656958, -0.8982781317466463, 0.49368309262079785]",28.440361061725444,0.391320694138086
"[0.47483242465390696, 0.690304222692997, -0.8982758646383224, 0.493689435902366]",28.440338290228972,0.3913835266194826
"[0.4748194562745383, 0.6902978944203876, -0.8982735981095076, 0.49369577724709046]",28.440315534758206,0.39144635910087927
"[0.47480648911161216, 0.6902915674731177, -0.8982713319186469, 0.49370211733107383]",28.44029279019159,0.3915091915822758
"[0.4747935238132547, 0.6902852421670838, -0.8982690661789888, 0.49370845583772854]",28.4402700609786,0.3915720240636725
"[0.47478055966349836, 0.6902789181526595, -0.8982668007653958, 0.49371479311737515]",28.440247337950876,0.3916348565450691
"[0.4747675964784202, 0.6902725953398653, -0.8982645356457216, 0.49372112926015493]",28.440224621841033,0.3916976890264657
"[0.4747546343838716, 0.6902662737898326, -0.8982622708419512, 0.49372746420478]",28.440201921090356,0.3917605215078623
"[0.4747416742988058, 0.6902599539503967, -0.8982600065146278, 0.49373379750243024]",28.440179228317476,0.3918233539892589
"[0.47472871441954806, 0.6902536349417451, -0.8982577423486142, 0.4937401300347635]",28.440156540546973,0.3918861864706555
"[0.4747157560425327, 0.6902473173957783, -0.8982554785704034, 0.49374646116850235]",28.440133863442107,0.39194901895205214
"[0.4747027999607065, 0.6902410016986789, -0.8982532153184893, 0.4937527905165928]",28.440111207393887,0.39201185143344874
"[0.4746898457637888, 0.6902346876500198, -0.8982509525211658, 0.4937591182798504]",28.440088562383973,0.39207468391484535
"[0.4746768914259468, 0.6902283742621459, -0.8982486898245653, 0.4937654454480521]",28.4400659161852,0.39213751639624195
"[0.4746639391002064, 0.6902220625841271, -0.8982464276047468, 0.49377177096981145]",28.4400432908295,0.39220034887763855
"[0.47465098814003154, 0.6902157523005381, -0.8982441657487639, 0.4937780951612075]",28.440020669235675,0.39226318135903515
"[0.4746380388624766, 0.6902094435655279, -0.8982419043119688, 0.49378441786771715]",28.43999806360978,0.39232601384043175
"[0.47462509056509966, 0.6902031360365728, -0.8982396431716739, 0.49379073943259094]",28.439975464777735,0.39238884632182836
"[0.4746121431607163, 0.6901968296709671, -0.898237382312651, 0.4937970598986029]",28.439952875270954,0.39245167880322496
"[0.47459919800785083, 0.690190525130072, -0.8982351219721029, 0.4938033786028782]",28.43993030251932,0.3925145112846216
"[0.47458625360401435, 0.6901842216818166, -0.8982328618876612, 0.4938096962790967]",28.439907735980118,0.3925773437660182
"[0.47457331116670814, 0.6901779199187713, -0.8982306022718859, 0.4938160123333193]",28.43988518349998,0.3926401762474148
"[0.4745603698442698, 0.6901716194259199, -0.8982283429760646, 0.4938223271814672]",28.439862638288975,0.3927030087288114
"[0.47454743081992967, 0.6901653207789546, -0.8982260842067402, 0.4938286402464988]",28.439840114804774,0.392765841210208
"[0.4745344911831674, 0.6901590225608297, -0.8982238254558214, 0.49383495294867946]",28.439817585556362,0.3928286736916047
"[0.4745215532919066, 0.6901527259190654, -0.8982215671349166, 0.49384126413783]",28.439795067160887,0.3928915061730012
"[0.4745086176763403, 0.6901464311112857, -0.898219309336537, 0.49384757355568826]",28.43977256849167,0.39295433865439783
"[0.47449568307866624, 0.6901401375250426, -0.8982170518411209, 0.4938538818160875]",28.439750080024606,0.3930171711357945
"[0.4744827494328785, 0.690133845127994, -0.8982147946371426, 0.49386018895141776]",28.439727596115635,0.39308000361719114
"[0.4744698182647719, 0.6901275546620842, -0.8982125379908611, 0.49386649421796014]",28.439705131722754,0.3931428360985877
"[0.47445688823785853, 0.6901212654767866, -0.8982102816690148, 0.49387279826773167]",28.43968267463556,0.3932056685799843
"[0.4744439583401605, 0.690114977079697, -0.8982080254950158, 0.49387910159427917]",28.439660222386856,0.39326850106138095
"[0.4744310302578515, 0.6901086902906317, -0.8982057697630855, 0.49388540337581416]",28.43963778310855,0.39333133354277755
"[0.47441810366564663, 0.6901024049510558, -0.8982035144164427, 0.4938917037712126]",28.43961535441843,0.3933941660241741
"[0.47440517997806014, 0.6900961217483065, -0.8982012597018428, 0.49389800209144474]",28.439592946880666,0.39345699850557075
"[0.47439225514132055, 0.6900898387113088, -0.8981990049120475, 0.49390430031230426]",28.439570534899747,0.39351983098696736
"[0.4743793325865233, 0.6900835575078179, -0.8981967506456334, 0.4939105967619848]",28.43954813698545,0.393582663468364
"[0.47436641134380503, 0.690077277666039, -0.8981944967333846, 0.4939168919133875]",28.439525750846112,0.39364549594976056
"[0.47435349168556756, 0.6900709993180437, -0.8981922432227991, 0.49392318563408494]",28.4395033750721,0.39370832843115716
"[0.4743405734153445, 0.690064722368026, -0.8981899900795892, 0.4939294780200837]",28.439481013871752,0.3937711609125538
"[0.4743276562968793, 0.6900584467009154, -0.8981877372625345, 0.49393576918670534]",28.43945865988805,0.3938339933939504
"[0.4743147404175436, 0.6900521723588539, -0.8981854847868627, 0.4939420590916761]",28.439436312708708,0.39389682587534697
"[0.474301826307015, 0.6900458995988491, -0.8981832327449275, 0.4939483474773141]",28.439413983251228,0.3939596583567436
"[0.47428891356094804, 0.6900396282241505, -0.8981809810661943, 0.4939546345408258]",28.439391663681178,0.3940224908381403
"[0.4742760017763551, 0.6900333580387665, -0.8981787296803821, 0.49396092047866336]",28.43936935026527,0.39408532331953683
"[0.4742630912812492, 0.6900270892017208, -0.8981764786446761, 0.49396720513137476]",28.439347050537837,0.39414815580093343
"[0.4742501827176158, 0.6900208220243901, -0.8981742280709882, 0.4939734881867621]",28.43932475821413,0.3942109882823301
"[0.4742372748509916, 0.6900145559071382, -0.8981719777440782, 0.4939797702459487]",28.439302481801786,0.3942738207637267
"[0.47422436896153025, 0.6900082914711158, -0.8981697278871101, 0.4939860506861719]",28.4392802137968,0.39433665324512324
"[0.4742114636193097, 0.690002028021961, -0.8981674782507957, 0.49399233020353683]",28.43925794982461,0.3943994857265199
"[0.47419856030487556, 0.6899957662779438, -0.8981652290932076, 0.4939986080778993]",28.43923570370789,0.3944623182079165
"[0.47418565712403676, 0.6899895053195929, -0.8981629800841643, 0.4940048852310716]",28.439213456685273,0.39452515068931315
"[0.47417275696522493, 0.6899832465481094, -0.8981607317270932, 0.49401116025819264]",28.439191236065366,0.3945879831707097
"[0.47415985726941756, 0.6899769887215639, -0.8981584835759578, 0.4940174344043792]",28.439169018175996,0.3946508156521063
"[0.47414695947735586, 0.6899707325386063, -0.8981562358818392, 0.49402370696912973]",28.439146812717073,0.39471364813350296
"[0.47413406287262166, 0.689964477651398, -0.8981539885198659, 0.49402997830115863]",28.43912462012964,0.39477648061489956
"[0.4741211670544489, 0.6899582238653255, -0.8981517414201955, 0.49403624859556455]",28.439102433501382,0.3948393130962961
"[0.4741082731557036, 0.6899519717294638, -0.8981494947802146, 0.49404251730179133]",28.4390802587655,0.39490214557769276
"[0.4740953806107627, 0.6899457209692015, -0.8981472485013441, 0.49404878469514113]",28.439058097468127,0.39496497805908937
"[0.47408248879506354, 0.6899394712814748, -0.8981450024747601, 0.4940550510794572]",28.43903593835807,0.395027810540486
"[0.4740695977446614, 0.6899332226835648, -0.8981427567067456, 0.4940613164373896]",28.439013790867055,0.39509064302188257
"[0.4740567094518298, 0.6899269761408025, -0.8981405115443496, 0.49406757980097976]",28.438991659588837,0.39515347550327923
"[0.47404382202060663, 0.6899207307338977, -0.8981382666572638, 0.4940738420919536]",28.438969537603388,0.39521630798467583
"[0.4740309359549701, 0.689914486706823, -0.8981360221332677, 0.4940801030656517]",28.43894742734495,0.3952791404660725
"[0.4740180517173665, 0.6899082442833164, -0.8981337780528885, 0.4940863624976917]",28.438925327706702,0.39534197294746903
"[0.4740051679177401, 0.6899020027896315, -0.8981315341740074, 0.49409262106362817]",28.438903233488322,0.39540480542886564
"[0.47399228617695427, 0.689895763010702, -0.8981292907789058, 0.4940988779763493]",28.438881153767277,0.3954676379102623
"[0.473979404961935, 0.6898895242036329, -0.8981270476005798, 0.4941051339807592]",28.43885908187873,0.3955304703916589
"[0.47396652496932723, 0.6898832867056116, -0.8981248047603436, 0.49411138873871635]",28.438837018690236,0.39559330287305544
"[0.4739536465012208, 0.6898770506626279, -0.8981225623107852, 0.49411764210379433]",28.43881496201522,0.3956561353544521
"[0.4739407696541999, 0.6898708161211132, -0.8981203202686997, 0.49412389402939727]",28.438792925704668,0.3957189678358487
"[0.4739278957485675, 0.6898645837198584, -0.8981180788639275, 0.4941301438749075]",28.43877090838277,0.39578180031724536
"[0.47391502124074325, 0.6898583517431078, -0.8981158374795044, 0.4941363933608527]",28.43874888625514,0.3958446327986419
"[0.4739021492369824, 0.6898521216942219, -0.8981135966562103, 0.49414264097962385]",28.438726883653104,0.3959074652800385
"[0.4738892768993348, 0.689845892199384, -0.8981113558999909, 0.49414888810888385]",28.438704879774065,0.39597029776143516
"[0.4738764061922101, 0.6898396642090711, -0.8981091155528071, 0.4941551337954435]",28.43868289111986,0.3960331302428317
"[0.47386353749181687, 0.6898334379049508, -0.898106875680114, 0.49416137785708036]",28.438660912967276,0.39609596272422837
"[0.4738506706417936, 0.6898272132109736, -0.8981046362546631, 0.4941676203700193]",28.438638951081938,0.39615879520562497
"[0.4738378042235415, 0.6898209894405855, -0.898102397029543, 0.49417386202275243]",28.438616993802327,0.3962216276870216
"[0.47382493986949986, 0.689814767383153, -0.8981001582888449, 0.4941801020236128]",28.438595052070873,0.3962844601684182
"[0.4738120763131823, 0.6898085464258052, -0.8980979198121478, 0.49418634098720704]",28.438573114453405,0.3963472926498148
"[0.4737992136114487, 0.6898023265958277, -0.8980956816093458, 0.4941925788861459]",28.438551185598968,0.39641012513121143
"[0.473786352711708, 0.6897961083510495, -0.8980934438452794, 0.49419881526123943]",28.438529267957684,0.39647295761260803
"[0.47377349434880645, 0.6897898920463321, -0.8980912066477706, 0.49420504975654644]",28.438507374379803,0.3965357900940046
"[0.47376063568739546, 0.6897836763106818, -0.8980889695234938, 0.49421128374704454]",28.438485477790582,0.39659862257540124
"[0.47374777981635263, 0.689777462636959, -0.8980867330098323, 0.4942175157354578]",28.43846360271712,0.39666145505679784
"[0.4737349238543027, 0.6897712496321583, -0.8980844966055046, 0.4942237471188676]",28.438441724184774,0.3967242875381945
"[0.47372206968873964, 0.6897650382082893, -0.8980822606388521, 0.4942299769825407]",28.4384198630448,0.39678712001959104
"[0.47370921611043876, 0.6897588277807403, -0.8980800248995218, 0.4942362059127948]",28.438398005260602,0.39684995250098765
"[0.4736963650967134, 0.6897526193045481, -0.8980777897314226, 0.49424243295171283]",28.438376164165977,0.3969127849823843
"[0.47368351548916976, 0.6897464122196908, -0.8980755549330409, 0.49424865866094836]",28.43835433892854,0.3969756174637809
"[0.4736706659956466, 0.6897402059017312, -0.898073320279647, 0.4942548836667924]",28.43833251277434,0.39703844994517745
"[0.47365781914458865, 0.689734001571657, -0.8980710862109447, 0.49426110674454593]",28.438310708783465,0.3971012824265741
"[0.47364497191541244, 0.6897277977704115, -0.898068852201644, 0.4942673293576461]",28.438288898792162,0.39716411490797077
"[0.4736321269182666, 0.6897215957581897, -0.8980666187056211, 0.49427355024205144]",28.438267110289182,0.39722694738936737
"[0.4736192842388672, 0.6897153955759026, -0.8980643857377381, 0.4942797693566817]",28.43824533456082,0.3972897798707639
"[0.47360644190936174, 0.6897091962732395, -0.8980621529558264, 0.49428598765471626]",28.43822356527252,0.3973526123521606
"[0.4735936018549795, 0.6897029987792552, -0.8980599206945938, 0.4942922042042228]",28.438201814904073,0.3974154448335572
"[0.47358076182267766, 0.6896968020062113, -0.8980576885623349, 0.4942984200962558]",28.438180062125205,0.39747827731495383
"[0.4735679228605372, 0.6896906064597595, -0.898055456741258, 0.4943046348235832]",28.438158316911654,0.3975411097963504
"[0.4735550862289455, 0.6896844127477563, -0.8980532254504315, 0.4943108477764303]",28.43813659056331,0.397603942277747
"[0.4735422512978268, 0.6896782205657788, -0.898050994580299, 0.49431705926012315]",28.438114880442264,0.39766677475914364
"[0.47352941626383904, 0.6896720290436051, -0.8980487638174173, 0.49432327014757277]",28.438093165946903,0.3977296072405402
"[0.47351658368204436, 0.6896658394135071, -0.8980465336058517, 0.49432947920262443]",28.438071471578834,0.3977924397219368
"[0.4735037518733437, 0.6896596508652428, -0.8980443036537634, 0.49433568723802757]",28.438049781912415,0.39785527220333344
"[0.4734909217721105, 0.6896534638491781, -0.8980420741235171, 0.494341893801967]",28.438028109997855,0.39791810468473005
"[0.4734780928751797, 0.6896472781223532, -0.8980398449276568, 0.494348099138137]",28.438006444262818,0.3979809371661266
"[0.4734652642410532, 0.6896410932306083, -0.8980376159025866, 0.49435430370211486]",28.43798478193574,0.39804376964752325
"[0.47345243869211995, 0.689634910534312, -0.8980353875386814, 0.4943605061291683]",28.43796314454896,0.39810660212891985
"[0.47343961334553253, 0.6896287286434116, -0.8980331593350384, 0.49436670781375014]",28.43794150389663,0.3981694346103165
"[0.47342678949343303, 0.6896225481805106, -0.8980309315161464, 0.49437290813123885]",28.437919881774153,0.39823226709171305
"[0.4734139667559272, 0.6896163689622311, -0.8980287040159924, 0.4943791072655709]",28.43789826352569,0.3982950995731097
"[0.47340114603477296, 0.6896101914227951, -0.8980264769912033, 0.4943853047810889]",28.437876662480207,0.3983579320545063
"[0.47338832592758123, 0.6896040148861772, -0.8980242501981615, 0.494391501355974]",28.43785506652271,0.39842076453590297
"[0.4733755081554714, 0.6895978401812752, -0.8980220239357973, 0.494397696158605]",28.43783348828677,0.3984835970172995
"[0.47336269070736453, 0.6895916663389983, -0.8980197978547992, 0.4944038901611959]",28.4378119125014,0.3985464294986961
"[0.4733498749786463, 0.6895854940312253, -0.8980175721975059, 0.49441008268964687]",28.437790349862627,0.3986092619800928
"[0.4733370594837872, 0.6895793225422613, -0.8980153467059259, 0.4944162744619716]",28.437768790876405,0.3986720944614894
"[0.473324246603962, 0.6895731530184865, -0.8980131217935461, 0.4944224643279894]",28.43774725070025,0.3987349269428859
"[0.4733114347006557, 0.6895669846705715, -0.8980108971758153, 0.49442865307959355]",28.437725721664957,0.3987977594242826
"[0.47329862487852425, 0.6895608180300317, -0.89800867304452, 0.49443484018347655]",28.437704200561026,0.3988605919056792
"[0.4732858154130514, 0.6895546522664084, -0.8980064491002256, 0.49444102647282284]",28.437682689018633,0.39892342438707584
"[0.4732730075620939, 0.689548487984932, -0.898004225561312, 0.49444721134036074]",28.437661189190454,0.3989862568684724
"[0.4732601998303669, 0.6895423244657192, -0.8980020021681842, 0.49445339550835404]",28.437639690030657,0.399049089349869
"[0.4732473951730282, 0.6895361631305574, -0.8979997794338267, 0.4944595775502164]",28.437618214064447,0.39911192183126565
"[0.4732345914410189, 0.6895300029449656, -0.8979975569851539, 0.4944657585038633]",28.437596745438878,0.3991747543126623
"[0.4732217884511, 0.6895238438205623, -0.8979953347903579, 0.49447193845795157]",28.437575282717496,0.39923758679405885
"[0.473208987057749, 0.6895176861681446, -0.8979931129977381, 0.49447811700026534]",28.437553831918223,0.39930041927545545
"[0.473196186028731, 0.6895115293947649, -0.8979908913934236, 0.4944842947257374]",28.437532387831368,0.3993632517568521
"[0.47318338777023666, 0.6895053746573672, -0.8979886703949832, 0.49449047047345235]",28.43751096341998,0.3994260842382487
"[0.4731705906626048, 0.6894992211766529, -0.8979864497213083, 0.49449664502532753]",28.43748954347985,0.39948891671964526
"[0.4731577940948691, 0.6894930686586286, -0.8979842292663751, 0.4945028186763393]",28.437468129587877,0.3995517492010419
"[0.47314499946468996, 0.6894869177749986, -0.8979820092726941, 0.4945089907524463]",28.43744673673615,0.3996145816824385
"[0.4731322056461453, 0.6894807679841964, -0.8979797895448881, 0.4945151617970489]",28.437425345209995,0.39967741416383507
"[0.47311941349949727, 0.6894746196994553, -0.8979775702321999, 0.49452133139545534]",28.43740396700906,0.3997402466452317
"[0.473106622735562, 0.6894684727814581, -0.8979753512844361, 0.4945274996874323]",28.437382601762238,0.3998030791266283
"[0.47309383339860905, 0.6894623272511836, -0.8979731327092592, 0.4945336666518948]",28.437361245063713,0.399865911608025
"[0.47308104488477465, 0.689456182818195, -0.8979709144019067, 0.49453983258026507]",28.437339894894354,0.39992874408942153
"[0.47306825774537653, 0.6894500397471357, -0.8979686964580006, 0.4945459972069458]",28.43731855636282,0.39999157657081813
"[0.4730554714958146, 0.6894438978049375, -0.8979664787934774, 0.4945521607657945]",28.437297223590125,0.4000544090522148
"[0.4730426879140297, 0.6894377578452783, -0.8979642617166755, 0.494558322400091]",28.437275914030803,0.4001172415336114
"[0.4730299045829017, 0.689431618706903, -0.8979620448083704, 0.49456448327515645]",28.437254606500556,0.40018007401500794
"[0.4730171226159648, 0.6894254809243727, -0.8979598282616723, 0.49457064285451385]",28.437233308003258,0.4002429064964046
"[0.47300434138251646, 0.6894193441945915, -0.897957611967202, 0.4945768014423079]",28.437212017017814,0.40030573897780125
"[0.4729915629143795, 0.6894132094927413, -0.8979553962772545, 0.4945829580598464]",28.437190746360276,0.40036857145919785
"[0.4729787848267692, 0.6894070756736101, -0.8979531807783019, 0.49458911385639703]",28.43716947721932,0.4004314039405944
"[0.472966007691837, 0.6894009430116554, -0.8979509655695493, 0.4945952685564985]",28.43714821712793,0.40049423642199106
"[0.47295323226804864, 0.6893948118706348, -0.8979487507824775, 0.4946014217950536]",28.437126969257374,0.40055706890338766
"[0.47294045869964796, 0.6893886823194063, -0.8979465364420638, 0.4946075735029193]",28.4371057401291,0.4006199013847843
"[0.4729276846943545, 0.6893825532578026, -0.8979443221509361, 0.49461372478421656]",28.437084504239753,0.40068273386618086
"[0.4729149138287196, 0.6893764264015839, -0.8979421085290494, 0.49461987391693457]",28.43706329185768,0.40074556634757746
"[0.47290214388340013, 0.6893703006856113, -0.8979398951916799, 0.4946260219700429]",28.43704208776034,0.4008083988289741
"[0.4728893754171331, 0.689364176377643, -0.8979376822356575, 0.49463216867477705]",28.437020894297948,0.4008712313103707
"[0.47287660697553063, 0.6893580527798857, -0.8979354694089178, 0.49463831473146097]",28.43699970384058,0.40093406379176727
"[0.4728638415159116, 0.6893519313103281, -0.8979332572239552, 0.4946444587168705]",28.436978534648688,0.4009968962731639
"[0.4728510763119487, 0.6893458106612621, -0.8979310452082875, 0.4946506019434883]",28.436957367680535,0.40105972875456053
"[0.47283831256647724, 0.6893396914092171, -0.897928833570345, 0.4946567438326344]",28.43693621059033,0.4011225612359572
"[0.47282554992436926, 0.6893335733836342, -0.8979266222485789, 0.49466288455546886]",28.43691506819253,0.40118539371735373
"[0.47281278905722995, 0.6893274569061737, -0.8979244113593345, 0.49466902378910427]",28.436893932927106,0.4012482261987504
"[0.47280002865262843, 0.6893213413475028, -0.8979222006752169, 0.4946751621651876]",28.436872805912408,0.401311058680147
"[0.4727872713894311, 0.6893152279911322, -0.8979199906602977, 0.4946812983953804]",28.436851697248674,0.40137389116154354
"[0.4727745140483943, 0.6893091152940561, -0.8979177807568656, 0.49468743402842785]",28.43683059377922,0.4014367236429402
"[0.47276175748224647, 0.689303003664734, -0.8979155711126491, 0.4946935686543217]",28.4368094932466,0.4014995561243368
"[0.4727490036470602, 0.6892968940399544, -0.8979133620664421, 0.49469970133271063]",28.436788418085825,0.40156238860573346
"[0.4727362492651897, 0.6892907848493361, -0.8979111530505263, 0.4947058336398742]",28.43676733708629,0.40162522108713
"[0.47272349828772603, 0.6892846779850973, -0.8979089447491979, 0.4947119636764015]",28.436746278680502,0.4016880535685266
"[0.47271074656321327, 0.6892785714586795, -0.8979067364434637, 0.4947180934383656]",28.43672521945909,0.40175088604992326
"[0.4726979979341103, 0.6892724671098986, -0.8979045287987365, 0.4947242210789207]",28.436704183529276,0.40181371853131986
"[0.4726852492575539, 0.6892663634335305, -0.8979023212707544, 0.49473034810900146]",28.436683143264002,0.4018765510127164
"[0.4726725013989091, 0.6892602608437756, -0.8979001140093729, 0.49473647411280464]",28.436662110234398,0.40193938349411307
"[0.4726597566003768, 0.6892541604136202, -0.8978979074027885, 0.494742598013187]",28.436641106590518,0.40200221597550967
"[0.47264701207957777, 0.689248060810886, -0.8978957009692413, 0.4947487211474164]",28.43662010177792,0.4020650484569063
"[0.4726342689051557, 0.6892419625468392, -0.8978934948937415, 0.49475484300223116]",28.436599107640284,0.4021278809383029
"[0.4726215279917464, 0.6892358660588185, -0.8978912893345988, 0.4947609631385616]",28.43657813115092,0.4021907134196995
"[0.4726087873751674, 0.689229770406692, -0.8978890839517816, 0.49476708250015633]",28.436557154371723,0.40225354590109613
"[0.4725960486075246, 0.689223676332783, -0.8978868790139494, 0.4947732003417783]",28.436536195749216,0.4023163783824928
"[0.47258330969240014, 0.6892175828818504, -0.8978846741755409, 0.49477931762236926]",28.43651523262494,0.40237921086388934
"[0.4725705734453303, 0.6892114914003596, -0.8978824699238525, 0.49478543299016936]",28.436494295499433,0.40244204334528594
"[0.47255783822920594, 0.6892054011049416, -0.8978802659755203, 0.4947915472315803]",28.43647336404612,0.4025048758266826
"[0.4725451047465716, 0.6891993123312958, -0.8978780624521061, 0.4947976600095495]",28.436452441159897,0.4025677083080792
"[0.47253237245620755, 0.6891932248202927, -0.8978758592599337, 0.4948037715841971]",28.436431535347662,0.40263054078947574
"[0.47251964040051236, 0.689187138113919, -0.8978736562333003, 0.4948098824153232]",28.436410625603724,0.4026933732708724
"[0.47250690955971164, 0.689181052680581, -0.897871453541816, 0.4948159920326444]",28.436389728805253,0.402756205752269
"[0.47249418117971076, 0.6891749691154668, -0.8978692514010164, 0.49482209983856795]",28.436368854063613,0.40281903823366566
"[0.47248145439681094, 0.6891688870053656, -0.8978670496614345, 0.4948282062479102]",28.43634798592836,0.4028818707150622
"[0.4724687272264141, 0.689162805401671, -0.8978648479797395, 0.4948343122130465]",28.43632711663044,0.4029447031964588
"[0.4724560016123191, 0.68915672523305, -0.8978626466921963, 0.4948404168015705]",28.43630626021372,0.40300753567785547
"[0.47244327843541184, 0.6891506469199846, -0.897860445951144, 0.49484651959127046]",28.436285423272892,0.40307036815925207
"[0.47243055646415044, 0.6891445698737565, -0.8978582455435311, 0.4948526211731969]",28.436264594236288,0.4031332006406486
"[0.4724178346401494, 0.6891384935886129, -0.8978560452863004, 0.4948587220551232]",28.436243767262408,0.40319603312204527
"[0.47240511556755305, 0.6891324193080572, -0.8978538456298224, 0.49486482098847995]",28.436222961194446,0.4032588656034419
"[0.47239239623050666, 0.6891263455915267, -0.8978516460525164, 0.4948709194196461]",28.436202155793996,0.4033216980848384
"[0.47237967829734495, 0.6891202732355184, -0.8978494468428955, 0.4948770165488651]",28.43618135933972,0.4033845305662351
"[0.47236696302181164, 0.6891142028382481, -0.8978472482177232, 0.4948831117754376]",28.43616058363718,0.40344736304763174
"[0.4723542477790871, 0.6891081331463125, -0.8978450497231186, 0.494889206357864]",28.43613980649456,0.40351019552902834
"[0.47234153469380996, 0.6891020651736715, -0.8978428517264273, 0.4948952992779978]",28.436119046679053,0.4035730280104249
"[0.4723288221831757, 0.6890959981645554, -0.8978406539539762, 0.49490139129468497]",28.43609829179807,0.40363586049182154
"[0.4723161110951576, 0.6890899325234263, -0.8978384565523583, 0.49490748200177004]",28.436077550673765,0.40369869297321814
"[0.4723034008769851, 0.6890838679862493, -0.8978362594260034, 0.49491357166435124]",28.436056817954373,0.4037615254546148
"[0.4722906937576308, 0.6890778056161591, -0.8978340629601825, 0.4949196592148482]",28.436036101203122,0.40382435793601135
"[0.4722779858544351, 0.6890717435605427, -0.897831866483754, 0.4949257465135401]",28.43601538460705,0.40388719041740795
"[0.4722652802565276, 0.6890656832928106, -0.8978296705306531, 0.4949318320808598]",28.435994685110042,0.4039500228988046
"[0.47225257576947444, 0.6890596242429027, -0.8978274748944138, 0.49493791648920943]",28.435973993874534,0.4040128553802012
"[0.47223987240321463, 0.6890535664153065, -0.8978252795767434, 0.49494399973405573]",28.43595330834559,0.40407568786159775
"[0.47222717051083607, 0.6890475099781167, -0.8978230846386447, 0.49495008164656784]",28.43593263853643,0.4041385203429944
"[0.472214469217288, 0.6890414545138589, -0.8978208899288971, 0.4949561626459501]",28.435911973012107,0.404201352824391
"[0.4722017699086934, 0.6890354006831012, -0.897818695686999, 0.49496224206881845]",28.43589132102195,0.40426418530578767
"[0.47218907168620056, 0.6890293480570379, -0.8978165017576204, 0.4949683203457569]",28.435870679820635,0.4043270177871842
"[0.4721763751718177, 0.6890232969318487, -0.8978143082482091, 0.4949743971792991]",28.43585005225767,0.4043898502685809
"[0.47216367881153, 0.6890172465666782, -0.8978121148902809, 0.49498047331342326]",28.435829425530507,0.4044526827499775
"[0.47215098489987795, 0.689011198054695, -0.8978099220802139, 0.4949865476502738]",28.435808814000293,0.40451551523137413
"[0.4721382911270118, 0.6890051502949901, -0.8978077294189765, 0.494992621295431]",28.435788211034243,0.4045783477127707
"[0.47212559890674366, 0.6889991039609568, -0.8978055371507815, 0.4949986935725945]",28.43576761399701,0.4046411801941673
"[0.4721129088508756, 0.6889930593436746, -0.8978033453812699, 0.4950047641893973]",28.435747035599697,0.40470401267556394
"[0.47210021915761224, 0.6889870155846153, -0.8978011537992292, 0.4950108340080315]",28.43572645771636,0.40476684515696054
"[0.47208753062307407, 0.6889809730627671, -0.8977989625421536, 0.4950169026478515]",28.435705894701087,0.4048296776383571
"[0.4720748441432509, 0.6889749322044827, -0.8977967717647516, 0.49502296968062665]",28.435685343968476,0.40489251011975375
"[0.472062159481196, 0.6889688928965542, -0.8977945814260709, 0.49502903522001585]",28.435664805993387,0.40495534260115035
"[0.47204947489272153, 0.6889628543083312, -0.8977923912249269, 0.4950351001002524]",28.43564427315389,0.4050181750825469
"[0.47203679192042486, 0.6889568171739716, -0.8977902014276711, 0.49504116358395833]",28.435623747736926,0.40508100756394355
"[0.47202411061777944, 0.6889507815185933, -0.89778801204351, 0.49504722564587]",28.435603239344424,0.40514384004534015
"[0.47201142968093707, 0.688944746721397, -0.8977858228473307, 0.4950532869094773]",28.435582733440423,0.4052066725267368
"[0.47199875019980647, 0.6889387133008654, -0.8977836340272867, 0.4950593468539977]",28.435562238482014,0.40526950500813336
"[0.47198607218892086, 0.6889326812635549, -0.8977814455858668, 0.4950654054728168]",28.43554175434614,0.40533233748952996
"[0.4719733965686026, 0.6889266510470146, -0.8977792576818994, 0.4950714623264139]",28.435521287778755,0.4053951699709266
"[0.47196072034222075, 0.688920621225427, -0.897777069798139, 0.4950775188468812]",28.435500818140216,0.4054580024523233
"[0.4719480460298403, 0.6889145929973266, -0.8977748823695471, 0.49508357383035845]",28.435480365521848,0.4055208349337198
"[0.4719353733705831, 0.688908566238308, -0.8977726953510675, 0.4950896274017637]",28.435459921616328,0.4055836674151164
"[0.4719227015314883, 0.6889025405519602, -0.8977705085989364, 0.4950956799592425]",28.43543948888129,0.4056464998965131
"[0.4719100315692117, 0.6888965164404516, -0.8977683222954801, 0.49510173099835675]",28.435419067155824,0.4057093323779097
"[0.47189736186815967, 0.688890493135387, -0.8977661361619064, 0.4951077812909089]",28.435398650148937,0.40577216485930623
"[0.47188469539198036, 0.6888844720453623, -0.897763950709558, 0.4951138294219551]",28.435378252589576,0.4058349973407029
"[0.4718720285308215, 0.6888784514541131, -0.8977617653155768, 0.49511987711543537]",28.43535785754958,0.4058978298220995
"[0.47185936285070695, 0.6888724321058453, -0.8977595802501575, 0.4951259236237767]",28.43533747245798,0.40596066230349614
"[0.4718466985478592, 0.6888664140935287, -0.8977573955471359, 0.49513196885356064]",28.435317095568998,0.4060234947848927
"[0.47183403642290433, 0.6888603977972637, -0.8977552113445977, 0.49513801242292943]",28.43529673459668,0.4060863272662893
"[0.4718213736239871, 0.688854381861832, -0.8977530271505998, 0.4951440556932234]",28.43527637057112,0.40614915974768595
"[0.47180871495154075, 0.6888483685675203, -0.8977508437931362, 0.4951500963737567]",28.435256039761764,0.40621199222908255
"[0.47179605508354855, 0.6888423553858458, -0.8977486603542488, 0.4951561370044975]",28.43523569861225,0.4062748247104791
"[0.47178339735008346, 0.6888363438984241, -0.8977464774082808, 0.4951621759965904]",28.43521537291753,0.40633765719187576
"[0.47177074086394283, 0.6888303336835425, -0.8977442948021984, 0.4951682137736417]",28.435195057557493,0.4064004896732724
"[0.4717580860606352, 0.6888243249477077, -0.8977421126110828, 0.4951742501281658]",28.43517475503262,0.406463322154669
"[0.47174543196308183, 0.6888183172267234, -0.8977399306664344, 0.4951802855264634]",28.4351544604267,0.40652615463606556
"[0.4717327791882097, 0.688812310813252, -0.8977377490746222, 0.49518631967449805]",28.435134172640986,0.4065889871174622
"[0.4717201274566786, 0.6888063055744288, -0.8977355677874685, 0.495192352705719]",28.435113898937704,0.4066518195988588
"[0.47170747754130377, 0.6888003018767771, -0.8977333869381952, 0.49519838425187507]",28.435093632594143,0.4067146520802555
"[0.47169482813392855, 0.6887942990991862, -0.8977312063012631, 0.4952044149369295]",28.43507336991077,0.406777484561652
"[0.47168218070325185, 0.6887882979383553, -0.8977290261298474, 0.4952104440609153]",28.43505312991378,0.4068403170430486
"[0.4716695337193747, 0.6887822976680921, -0.8977268461602088, 0.49521647235337884]",28.43503288880806,0.4069031495244453
"[0.47165688916726817, 0.6887762992298511, -0.8977246667344787, 0.4952224988684372]",28.435012667289982,0.40696598200584183
"[0.4716442439356705, 0.6887703011474735, -0.8977224873163928, 0.49522852508913423]",28.43499244184884,0.40702881448723843
"[0.47163160237520463, 0.6887643054843046, -0.8977203086557632, 0.4952345489424126]",28.43497224494944,0.4070916469686351
"[0.4716189609240234, 0.6887583105506546, -0.8977181301387034, 0.49524057212586664]",28.434952046980968,0.4071544794500317
"[0.4716063209386761, 0.6887523169896379, -0.8977159519989879, 0.4952465939933299]",28.434931861094924,0.40721731193142824
"[0.47159368155586123, 0.6887463243916683, -0.8977137740878433, 0.4952526149562959]",28.43491167656708,0.4072801444128249
"[0.471581043821219, 0.688740333252255, -0.8977115965854332, 0.495258634516883]",28.43489151332212,0.4073429768942215
"[0.47156840754418783, 0.6887343434807423, -0.8977094194589004, 0.495264652766143]",28.43487135611457,0.40740580937561816
"[0.4715557725999851, 0.6887283550176863, -0.8977072426867263, 0.49527066976377043]",28.434851209323632,0.4074686418570147
"[0.47154313865481723, 0.6887223677046291, -0.8977050662113918, 0.4952766856689502]",28.43483107342312,0.40753147433841136
"[0.47153050622914694, 0.6887163817879497, -0.897702890122543, 0.4952827002340973]",28.43481094745487,0.40759430681980796
"[0.47151787385328886, 0.6887103965710394, -0.8977007141670071, 0.4952887141591321]",28.434790819631154,0.4076571393012046
"[0.47150524352394657, 0.6887044129996989, -0.8976985386887119, 0.4952947264936907]",28.43477070862317,0.40771997178260116
"[0.4714926153959956, 0.6886984311468907, -0.8976963637142931, 0.49530073716441747]",28.434750617742235,0.40778280426399777
"[0.4714799880082482, 0.688692450320157, -0.8976941889920643, 0.49530674686707366]",28.43473052737505,0.4078456367453944
"[0.4714673614387769, 0.688686470556283, -0.8976920145354705, 0.495312755564674]",28.43471045015473,0.407908469226791
"[0.4714547358266933, 0.6886804919209394, -0.8976898403684646, 0.4953187631912059]",28.434690374066918,0.4079713017081876
"[0.47144211220519494, 0.6886745149030745, -0.8976876666689438, 0.4953247692553175]",28.434670320153764,0.40803413418958423
"[0.47142948939985196, 0.6886685389463257, -0.8976854932346606, 0.49533077431604344]",28.434650267260395,0.40809696667098083
"[0.47141686787200326, 0.6886625642688687, -0.8976833201450403, 0.495336778154119]",28.434630228941508,0.4081597991523775
"[0.47140424771007233, 0.6886565909122812, -0.8976811474152896, 0.4953427807277336]",28.43461019759373,0.40822263163377404
"[0.471391628558703, 0.6886506187081071, -0.8976789749842161, 0.4953487822061385]",28.434590177097544,0.40828546411517064
"[0.4713790106388273, 0.6886446477606589, -0.8976768028898426, 0.49535478248448234]",28.43457016440523,0.4083482965965673
"[0.4713663945773134, 0.6886386783662628, -0.8976746312400565, 0.4953607812649501]",28.434550166489846,0.40841112907796395
"[0.47135377912699433, 0.6886327099345456, -0.8976724598201642, 0.49536677914079147]",28.434530171037416,0.40847396155936044
"[0.4713411652209066, 0.6886267429066907, -0.8976702887907528, 0.49537277566862004]",28.43451019244234,0.4085367940407571
"[0.4713285523054228, 0.6886207770205349, -0.8976681180565196, 0.4953787711118655]",28.43449021904839,0.40859962652215376
"[0.4713159404192838, 0.6886148122941702, -0.8976659476241248, 0.49538476545232063]",28.43447025530653,0.40866245900355036
"[0.47130333155687254, 0.6886088496704409, -0.8976637778367512, 0.4953907577424192]",28.43445031227942,0.4087252914849469
"[0.471290722124349, 0.688602887449592, -0.8976616080759404, 0.4953967496903434]",28.43443036612345,0.40878812396634356
"[0.4712781138013265, 0.6885969264256773, -0.8976594386307257, 0.4954027404980673]",28.434410429264712,0.40885095644774017
"[0.47126550723265054, 0.6885909669032945, -0.8976572696120413, 0.49540872985943757]",28.434390507560586,0.4089137889291367
"[0.4712529016834919, 0.688585008534771, -0.8976551008934361, 0.49541471812383725]",28.43437059159253,0.40897662141053337
"[0.47124029815576024, 0.6885790517933765, -0.8976529326472618, 0.4954207048155881]",28.434350692314993,0.40903945389192997
"[0.4712276957528808, 0.6885730962550478, -0.8976507647192502, 0.49542669036085174]",28.434330799158257,0.40910228637332663
"[0.47121509344629775, 0.6885671414335554, -0.8976485969324678, 0.4954326752482882]",28.4343109111182,0.4091651188547232
"[0.4712024927183048, 0.6885611880291088, -0.8976464295418888, 0.4954386587741287]",28.434291033458294,0.4092279513361198
"[0.4711898941671217, 0.6885552363239762, -0.8976442626503761, 0.4954446406546386]",28.43427117324392,0.40929078381751643
"[0.4711772970376843, 0.6885492859611043, -0.8976420961280307, 0.49545062124864403]",28.434251323143883,0.40935361629891304
"[0.4711647002037125, 0.6885433364082807, -0.8976399297811452, 0.495456601091038]",28.434231475247845,0.4094164487803096
"[0.4711521039643797, 0.6885373878066672, -0.897637763661178, 0.4954625800399227]",28.43421163446914,0.40947928126170624
"[0.47113951019573286, 0.6885314410419197, -0.8976355980907219, 0.49546855720509037]",28.434191811419538,0.4095421137431029
"[0.47112691794236006, 0.6885254956625061, -0.8976334329054503, 0.4954745330403413]",28.434172001360437,0.4096049462244995
"[0.47111432589602176, 0.6885195510505459, -0.8976312678804131, 0.49548050816669764]",28.434152191501276,0.40966777870589605
"[0.4711017339721148, 0.688513607166004, -0.8976291030010815, 0.4954864826243868]",28.434132385239547,0.4097306111872927
"[0.47108914535884655, 0.6885076655134977, -0.8976269388155611, 0.49549245490101607]",28.434112601674947,0.4097934436686893
"[0.4710765575997319, 0.6885017249332024, -0.8976247749015034, 0.49549842616234674]",28.434092825594888,0.40985627615008596
"[0.4710639708565518, 0.6884957855012507, -0.8976226112867123, 0.49550439633182825]",28.43407305742431,0.4099191086314825
"[0.4710513856713334, 0.6884898474731428, -0.8976204480643449, 0.49551036515260827]",28.434053302603264,0.4099819411128791
"[0.471038800635882, 0.6884839101842518, -0.8976182849923473, 0.49551633329273687]",28.434033545883544,0.41004477359427577
"[0.4710262182324827, 0.6884779748053653, -0.8976161224973468, 0.4955222995753117]",28.43401381509942,0.41010760607567237
"[0.4710136361772771, 0.6884720402588369, -0.8976139601868016, 0.49552826508355735]",28.433994083100508,0.4101704385570689
"[0.4710010554338283, 0.6884661069989481, -0.8976117982263037, 0.4955342293607993]",28.433974363801056,0.4102332710384656
"[0.4709884762660079, 0.6884601751498497, -0.897609636661177, 0.4955401922822054]",28.433954655585396,0.4102961035198622
"[0.47097589862048184, 0.6884542446860744, -0.8976074754822331, 0.49554615387334316]",28.433934958160993,0.41035893600125883
"[0.47096332164454846, 0.6884483152053282, -0.897605314542943, 0.49555211453859105]",28.433915268160405,0.4104217684826554
"[0.4709507457661485, 0.688442386909158, -0.8976031539168302, 0.4955580740753183]",28.433895583287907,0.410484600964052
"[0.4709381707534139, 0.6884364596880382, -0.8976009935640501, 0.4955640325936028]",28.433875910966837,0.41054743344544864
"[0.47092559777341914, 0.6884305340917701, -0.8975988336850823, 0.4955699895407078]",28.43385625172982,0.4106102659268452
"[0.47091302569175436, 0.6884246095854202, -0.8975966740850269, 0.49557594545436434]",28.43383659700488,0.41067309840824184
"[0.4709004552760307, 0.6884186865304248, -0.8975945148957263, 0.4955818999711915]",28.43381696049785,0.41073593088963845
"[0.47088788574469337, 0.6884127645582778, -0.8975923559829178, 0.4955878534616224]",28.43379732544771,0.4107987633710351
"[0.470875317729022, 0.6884068439661368, -0.8975901974550146, 0.49559380562688915]",28.433777703770907,0.41086159585243165
"[0.470862750701544, 0.6884009245052434, -0.8975880392214091, 0.49559975671704853]",28.43375809181587,0.41092442833382825
"[0.470850184356838, 0.6883950060315471, -0.897585881229645, 0.4956057068768971]",28.433738485314432,0.4109872608152249
"[0.4708376199171461, 0.6883890891204104, -0.8975837236895997, 0.4956116555279627]",28.433718892474513,0.4110500932966215
"[0.4708250557371298, 0.6883831729967776, -0.8975815663187274, 0.4956176034494316]",28.43369930099417,0.41111292577801806
"[0.4708124945138149, 0.6883772589302761, -0.8975794095801034, 0.4956235493648182]",28.43367973624536,0.4111757582594147
"[0.4707999335621145, 0.6883713456563959, -0.8975772530126759, 0.49562949454540756]",28.43366016898667,0.4112385907408113
"[0.47078737352946864, 0.6883654334797626, -0.8975750967276074, 0.49563543868491117]",28.433640611989528,0.411301423222208
"[0.47077481548933414, 0.6883595229053725, -0.8975729409091658, 0.49564138127557067]",28.433621070946348,0.4113642557036045
"[0.47076225753239537, 0.688353613034359, -0.8975707852295719, 0.49564732322109484]",28.43360152653747,0.4114270881850011
"[0.47074970213698114, 0.6883477050327607, -0.897568630114234, 0.49565326334908755]",28.433582005206986,0.4114899206663978
"[0.47073714687995355, 0.6883417977600828, -0.8975664751472056, 0.49565920280621406]",28.433562486171947,0.41155275314779444
"[0.47072459386087945, 0.688335892203919, -0.8975643206888393, 0.4956651405994722]",28.43354298218316,0.4116155856291909
"[0.4707120411846989, 0.6883299874724695, -0.8975621664138722, 0.49567107762549967]",28.433523484249662,0.4116784181105876
"[0.47069949001944633, 0.6883240841149612, -0.8975600125227543, 0.4956770133320422]",28.433503994835895,0.41174125059198424
"[0.4706869406203074, 0.6883181822510921, -0.8975578590592506, 0.49568294759871034]",28.433484520283688,0.41180408307338084
"[0.4706743917883979, 0.6883122813167883, -0.8975557058176203, 0.49568888099264785]",28.433465051469152,0.4118669155547774
"[0.4706618430262407, 0.6883063810780041, -0.8975535527125138, 0.495694813749172]",28.433445581896983,0.41192974803617405
"[0.4706492979888341, 0.6883004832528884, -0.8975514003710185, 0.4957007441406263]",28.43342614071523,0.41199258051757065
"[0.47063675206403255, 0.6882945856728421, -0.8975492480018104, 0.49570667434755283]",28.433406695094405,0.4120554129989673
"[0.4706242079134716, 0.6882886895889063, -0.8975470960615263, 0.49571260311197224]",28.43338726194028,0.41211824548036385
"[0.4706116657572846, 0.6882827951041862, -0.897544944587895, 0.49571853033016905]",28.4333678434213,0.41218107796176046
"[0.47059912434452356, 0.6882769016304833, -0.8975427933663109, 0.4957244565935783]",28.433348432423713,0.4122439104431571
"[0.4705865837786391, 0.6882710092162234, -0.8975406424145164, 0.4957303818534816]",28.4333290275891,0.4123067429245537
"[0.47057404506444456, 0.6882651183332672, -0.8975384919048368, 0.4957363056353573]",28.433309637664223,0.41236957540595026
"[0.4705615076884909, 0.6882592287400391, -0.8975363417491867, 0.4957422281820979]",28.43329025969622,0.4124324078873469
"[0.47054897100917426, 0.688253340134937, -0.8975341918375208, 0.4957481497969654]",28.433270880394815,0.4124952403687435
"[0.4705364360906717, 0.6882474530175525, -0.8975320423523198, 0.4957540699775397]",28.43325152245978,0.41255807285014007
"[0.4705239028572301, 0.6882415673519711, -0.897529893280563, 0.4957599887599007]",28.433232176437276,0.4126209053315367
"[0.47051136838862295, 0.6882356817667266, -0.8975277441215349, 0.49576590752321864]",28.433212817734958,0.4126837378129334
"[0.4704988370376446, 0.6882297983054809, -0.8975255956215586, 0.4957718242122852]",28.433193487846484,0.41274657029433
"[0.47048630694821963, 0.6882239160963936, -0.8975234474623661, 0.49577773970382283]",28.433174161533994,0.41280940277572653
"[0.47047377706318144, 0.6882180346429967, -0.8975212994627161, 0.49578365449708695]",28.433154842614435,0.4128722352571232
"[0.47046124899790775, 0.6882121547033242, -0.8975191518995237, 0.4957895678297207]",28.43313553511047,0.4129350677385198
"[0.47044872243872166, 0.6882062761298037, -0.8975170047189915, 0.49579547985010053]",28.433116240654233,0.41299790021991645
"[0.4704361972549357, 0.6882003988608411, -0.897514857898695, 0.4958013906201381]",28.433096957767205,0.413060732701313
"[0.4704236729998646, 0.6881945226865599, -0.8975127113620609, 0.49580730035087944]",28.43307768028344,0.4131235651827096
"[0.4704111488139982, 0.6881886472035913, -0.8975105649617823, 0.49581320944797763]",28.433058406110483,0.41318639766410625
"[0.4703986271961102, 0.6881827735838411, -0.8975084191260836, 0.4958191167327958]",28.4330391496794,0.41324923014550285
"[0.47038610646883644, 0.688176901040228, -0.8975062735674822, 0.49582502299688636]",28.433019900490685,0.4133120626268994
"[0.4703735866996295, 0.6881710296041442, -0.897504128297532, 0.4958309282086547]",28.43300065785614,0.41337489510829606
"[0.47036106859054877, 0.6881651596045693, -0.897501983436513, 0.495836832037199]",28.432981430177836,0.41343772758969266
"[0.4703485513614581, 0.6881592906754143, -0.8974998388507396, 0.49584273485068886]",28.432962208601086,0.4135005600710893
"[0.4703360355088851, 0.6881534230492499, -0.8974976946252698, 0.49584863641518273]",28.432942999119728,0.41356339255248586
"[0.47032352101457375, 0.6881475567172392, -0.8974955507569559, 0.4958545367395385]",28.432923797427936,0.41362622503388247
"[0.47031100735150905, 0.6881416914320805, -0.8974934071555045, 0.495860436072465]",28.43290460572292,0.4136890575152791
"[0.47029849390575146, 0.6881358269058879, -0.8974912637157515, 0.4958663347035]",28.432885413717635,0.4137518899966758
"[0.4702859836707679, 0.6881299645412235, -0.8974891209504214, 0.4958722312218897]",28.432866249171227,0.4138147224780723
"[0.4702734736684173, 0.688124102942187, -0.8974869783493854, 0.4958781270316308]",28.432847084091634,0.41387755495946893
"[0.47026096529821565, 0.6881182427643111, -0.8974848361523327, 0.4958840214733404]",28.43282793014299,0.4139403874408656
"[0.47024845766161777, 0.6881123835863762, -0.897482694205364, 0.4958899149706735]",28.432808781145376,0.4140032199222622
"[0.4702359514571113, 0.6881065257353525, -0.8974805526280848, 0.49589580719471726]",28.43278965126257,0.41406605240365874
"[0.4702234468709535, 0.6881006692981755, -0.8974784114523655, 0.4959016980579943]",28.43277052750685,0.4141288848850554
"[0.4702109427945621, 0.6880948137554184, -0.8974762704883722, 0.49590758808295793]",28.432751409077824,0.414191717366452
"[0.4701984397670935, 0.6880889593593742, -0.8974741298284171, 0.4959134770158077]",28.43273230112215,0.41425454984784854
"[0.4701859384686776, 0.6880831064282232, -0.8974719895889268, 0.49591936453645563]",28.432713201641366,0.4143173823292452
"[0.4701734387298426, 0.688077254882301, -0.8974698497408585, 0.4959252507250015]",28.432694119935306,0.4143802148106418
"[0.47016093919223195, 0.6880714040855039, -0.8974677100516691, 0.49593113622129237]",28.432675039545625,0.41444304729203846
"[0.47014844127158434, 0.6880655547003155, -0.8974655707637004, 0.4959370203588915]",28.432655966934814,0.414505879773435
"[0.47013594456326024, 0.688059706537061, -0.8974634318076685, 0.495942903328569]",28.43263690840988,0.4145687122548316
"[0.47012344899349146, 0.688053859560963, -0.8974612931709338, 0.4959487851652822]",28.432617856514653,0.41463154473622826
"[0.470110955646348, 0.6880480142789651, -0.8974591550390065, 0.49595466535902916]",28.432598823449137,0.4146943772176249
"[0.47009846253503423, 0.6880421697612424, -0.8974570170718484, 0.49596054484515995]",28.432579791238926,0.41475720969902147
"[0.47008597086879933, 0.6880363265733068, -0.8974548794763958, 0.495966423054757]",28.432560769665972,0.41482004218041807
"[0.4700734793335464, 0.6880304841002793, -0.8974527420277765, 0.4959723006063614]",28.432541752603214,0.4148828746618147
"[0.4700609894346191, 0.6880246430460288, -0.8974506049835664, 0.495978176791856]",28.43252274427607,0.41494570714321133
"[0.4700485024715721, 0.6880188040178851, -0.8974484685660751, 0.4959840510002132]",28.432503761535923,0.4150085396246079
"[0.4700360153034928, 0.6880129655468478, -0.8974463322378977, 0.4959899247092542]",28.432484775272325,0.41507137210600453
"[0.4700235289176091, 0.6880071280943891, -0.8974441961679444, 0.49599579745470695]",28.432465796153174,0.41513420458740113
"[0.47001104435733587, 0.6880012921480478, -0.8974420605346953, 0.4960016687460548]",28.432446833404352,0.4151970370687978
"[0.46999856103185983, 0.6879954574313405, -0.8974399252370607, 0.4960075388614236]",28.432427878406042,0.41525986955019434
"[0.46998607954333727, 0.6879896242254107, -0.8974377903780159, 0.4960134075179308]",28.43240893751667,0.41532270203159094
"[0.4699735978090841, 0.6879837915567285, -0.8974356556013314, 0.4960192756950005]",28.432389997724812,0.4153855345129876
"[0.4699611181737568, 0.6879779605207357, -0.8974335213080119, 0.4960251422904985]",28.432371070956496,0.4154483669943842
"[0.4699486398294317, 0.687972130739605, -0.8974313873598554, 0.4960310076845204]",28.432352154361997,0.41551119947578075
"[0.46993616174123976, 0.6879663017296682, -0.8974292535798842, 0.4960368723636676]",28.432333243413673,0.4155740319571774
"[0.46992368437044824, 0.6879604737062612, -0.8974271200469829, 0.49604273611126887]",28.432314336112128,0.415636864438574
"[0.4699112112810089, 0.6879546483336157, -0.8974249873705049, 0.49604859725284334]",28.43229545785868,0.41569969691997066
"[0.4698987373678679, 0.6879488232271288, -0.8974228546775472, 0.49605445818760235]",28.432276578189224,0.4157625294013672
"[0.4698862638651149, 0.6879429989630943, -0.8974207221791315, 0.4960603183356978]",28.432257701590206,0.41582536188276387
"[0.4698737921363878, 0.6879371761779951, -0.8974185901083767, 0.4960661770566999]",28.432238837868535,0.41588819436416047
"[0.4698613227717599, 0.687931355146936, -0.8974164585661165, 0.4960720340737652]",28.432219996002797,0.4159510268455571
"[0.46984885342992017, 0.6879255347766782, -0.8974143271521071, 0.4960778904868629]",28.432201148124175,0.41601385932695367
"[0.4698363847229964, 0.6879197153528335, -0.8974121959709916, 0.4960837460085976]",28.432182307754488,0.4160766918083503
"[0.46982391866389644, 0.6879138978145514, -0.8974100653667937, 0.49608959969395955]",28.43216348917886,0.41613952428974693
"[0.4698114533324265, 0.6879080812654086, -0.8974079350112981, 0.4960954524449067]",28.432144676591665,0.4162023567711435
"[0.4697989884886378, 0.6879022655932718, -0.8974058048635004, 0.4961013043742519]",28.43212587146908,0.4162651892525401
"[0.46978652559148026, 0.6878964514785953, -0.8974036751727087, 0.49610715479726947]",28.432107075141356,0.41632802173393674
"[0.46977406452824294, 0.6878906388684355, -0.8974015459196255, 0.4961130037671955]",28.432088294612168,0.41639085421533334
"[0.4697616030246963, 0.6878848267017768, -0.8973994167156505, 0.4961188523516623]",28.432069510404528,0.4164536866967299
"[0.4697491437965828, 0.6878790162450616, -0.8973972880247933, 0.4961246992762688]",28.43205074450183,0.41651651917812654
"[0.4697366854739375, 0.6878732068590858, -0.8973951596129666, 0.49613054518419647]",28.432031987503912,0.41657935165952314
"[0.4697242278708705, 0.687867398456978, -0.8973930314484078, 0.4961363901628412]",28.43201323627067,0.4166421841409198
"[0.4697117725458316, 0.6878615917650683, -0.8973909037973283, 0.49614223348126657]",28.431994501712968,0.41670501662231635
"[0.46969931688862726, 0.6878557855662707, -0.8973887762138388, 0.49614807636421054]",28.43197576557901,0.416767849103713
"[0.4696868637267084, 0.6878499811783665, -0.8973866491808931, 0.4961539174855404]",28.43195704670288,0.4168306815851096
"[0.46967441198187226, 0.6878441780984386, -0.8973845225142927, 0.4961597573513166]",28.4319383401538,0.41689351406650627
"[0.4696619602687719, 0.6878383756806903, -0.8973823959774299, 0.49616559661140786]",28.431919634472404,0.4169563465479028
"[0.46964951076456546, 0.6878325749393842, -0.8973802699421135, 0.4961714342450871]",28.431900947810067,0.4170191790292994
"[0.46963706097185004, 0.6878267747107037, -0.8973781439818471, 0.4961772714235462]",28.431882255477657,0.41708201151069607
"[0.469624613737794, 0.6878209763208615, -0.8973760185828077, 0.4961831068120976]",28.431863585300906,0.4171448439920927
"[0.469612167090267, 0.6878151788508576, -0.8973738934082224, 0.4961889413355716]",28.431844918938776,0.4172076764734892
"[0.46959972225835017, 0.6878093828729291, -0.8973717686679324, 0.49619477441804694]",28.43182626576369,0.4172705089548859
"[0.46958727824172597, 0.6878035879209238, -0.8973696441911331, 0.4962006065286295]",28.431807622406325,0.4173333414362825
"[0.4695748345406185, 0.6877977937619584, -0.8973675198925043, 0.4962064379016773]",28.431788980793744,0.41739617391767914
"[0.46956239396330685, 0.6877920017033184, -0.8973653962514249, 0.49621226722147344]",28.431770360344938,0.4174590063990757
"[0.46954995297967667, 0.6877862101011858, -0.8973632726652745, 0.49621809614238066]",28.43175173962338,0.4175218388804723
"[0.46953751338412775, 0.6877804197907609, -0.8973611494403504, 0.49622392382379926]",28.431733127716022,0.41758467136186894
"[0.46952507470661264, 0.6877746305530072, -0.8973590264964101, 0.49622975048615237]",28.431714525490808,0.41764750384326554
"[0.4695126386128507, 0.6877688431628521, -0.8973569041177142, 0.4962355753494669]",28.431695940794945,0.4177103363246621
"[0.4695002021267576, 0.6877630562350827, -0.897354781796344, 0.4962413998078989]",28.431677355341428,0.41777316880605875
"[0.469487767560673, 0.6877572708454796, -0.8973526599269053, 0.4962472227786696]",28.431658785268745,0.4178360012874554
"[0.46947533398351876, 0.6877514865605686, -0.8973505383504932, 0.496253044698037]",28.431640222676354,0.41789883376885195
"[0.469462901415378, 0.687745703389469, -0.8973484170705246, 0.49625886555679755]",28.43162166561327,0.41796166625024855
"[0.46945047070281637, 0.6877399217256865, -0.8973462962314215, 0.49626468495885023]",28.431603127069714,0.4180244987316452
"[0.4694380405984556, 0.6877341409887993, -0.8973441756203488, 0.49627050348837703]",28.431584589499842,0.4180873312130418
"[0.4694256121849459, 0.6877283616820565, -0.8973420554219961, 0.49627632063881144]",28.431566066083914,0.41815016369443836
"[0.46941318520966985, 0.6877225836876898, -0.8973399355932423, 0.49628213652866016]",28.431547557138575,0.418212996175835
"[0.46940075813081367, 0.6877168062886542, -0.8973378158710813, 0.4962879518796507]",28.431529045082446,0.4182758286572316
"[0.4693883330476759, 0.6877110304607245, -0.8973356966135884, 0.4962937657095736]",28.43151054984494,0.4183386611386283
"[0.46937590880992175, 0.6877052556688484, -0.8973335776245379, 0.4962995785569726]",28.43149206096281,0.4184014936200248
"[0.4693634862427748, 0.6876994822963711, -0.8973314590446566, 0.49630539003594515]",28.431473583751135,0.4184643261014214
"[0.46935106489177714, 0.6876937101317687, -0.8973293407964179, 0.4963112003593819]",28.431455115289747,0.4185271585828181
"[0.46933864367606554, 0.687687938672625, -0.8973272226954986, 0.4963170100329986]",28.431436650966493,0.4185899910642147
"[0.4693262244385498, 0.6876821687749886, -0.8973251050561465, 0.4963228181950543]",28.431418200306755,0.41865282354561123
"[0.46931380631175085, 0.6876764000355421, -0.89732298773042, 0.4963286252515078]",28.431399759855115,0.4187156560270079
"[0.4693013891380207, 0.6876706323808337, -0.8973208706914287, 0.49633443127627297]",28.43138132645194,0.4187784885084045
"[0.46928897345346626, 0.6876648660596271, -0.897318754030559, 0.49634023601890326]",28.431362902801347,0.41884132098980115
"[0.4692765592854331, 0.6876591010843182, -0.8973166377524489, 0.4963460394668888]",28.431344493395294,0.4189041534711977
"[0.46926414637597524, 0.6876533373348512, -0.8973145218131047, 0.49635184174105496]",28.431326092916095,0.41896698595259435
"[0.46925173344876187, 0.6876475742184209, -0.8973124059949606, 0.4963576434381503]",28.43130769149885,0.41902981843399095
"[0.46923932276728064, 0.6876418127857039, -0.8973102906838223, 0.49636344350043765]",28.431289311970872,0.4190926509153876
"[0.4692269124625087, 0.6876360521687345, -0.8973081755611101, 0.49636924280167555]",28.431270932193193,0.41915548339678416
"[0.46921450420954003, 0.687630293144849, -0.897306060912298, 0.49637504055927617]",28.431252563579026,0.41921831587818076
"[0.4692020955230085, 0.6876245345603176, -0.89730394631382, 0.49638083793470855]",28.43123419915231,0.4192811483595774
"[0.4691896894461257, 0.6876187778271933, -0.8973018322842659, 0.4963866335063819]",28.431215854126734,0.419343980840974
"[0.4691772840845522, 0.6876130220661353, -0.8972997185008057, 0.4963924281595345]",28.431197511583154,0.41940681332237056
"[0.46916488044187465, 0.6876072677425296, -0.8972976051344278, 0.49639822142560813]",28.431179184487487,0.4194696458037672
"[0.4691524783128166, 0.6876015147608323, -0.8972954921501283, 0.49640401340075935]",28.43116086835106,0.4195324782851638
"[0.46914007559445897, 0.6875957621454343, -0.8972933791896333, 0.496409805067193]",28.431142548732588,0.4195953107665605
"[0.4691276749649419, 0.6875900111383124, -0.897291266709197, 0.4964155951744808]",28.431124245035523,0.419658143247957
"[0.4691152759943302, 0.6875842615397407, -0.8972891546355432, 0.4964213839236678]",28.43110595365616,0.41972097572935363
"[0.469102877922533, 0.6875785129969887, -0.8972870428391772, 0.49642717166985817]",28.431087672528236,0.4197838082107503
"[0.4690904809487604, 0.6875727656022085, -0.8972849313540222, 0.49643295832024653]",28.431069397357405,0.41984664069214683
"[0.46907808483131125, 0.6875670192431251, -0.8972828201389016, 0.4964387439878504]",28.431051125944773,0.4199094731735435
"[0.4690656906881354, 0.6875612744377112, -0.8972807093841948, 0.49644452815112194]",28.4310328774328,0.4199723056549401
"[0.4690532964684173, 0.6875555302351575, -0.897278598740635, 0.4964503117673628]",28.43101462544837,0.42003513813633675
"[0.46904090427437517, 0.6875497876095655, -0.8972764885662051, 0.4964560938557613]",28.43099638664404,0.4200979706177333
"[0.4690285130218366, 0.6875440460582265, -0.8972743786762657, 0.4964618749224494]",28.43097815792642,0.4201608030991299
"[0.46901612343311583, 0.687538305915564, -0.8972722691937879, 0.49646765463067305]",28.430959940537985,0.42022363558052656
"[0.4690037347329962, 0.6875325668221565, -0.8972701599867641, 0.49647343334230243]",28.430941731489128,0.42028646806192316
"[0.4689913474641728, 0.6875268290291707, -0.8972680511475744, 0.4964792108044096]",28.43092353436956,0.4203493005433197
"[0.4689789600896486, 0.687521091824503, -0.8972659424145577, 0.49648498773400185]",28.430905333519362,0.42041213302471636
"[0.46896657561207683, 0.6875153565985542, -0.8972638342988418, 0.49649076273102055]",28.43088715679766,0.42047496550611296
"[0.4689541898859287, 0.6875096214313559, -0.8972617260947597, 0.4964965377287255]",28.430868973532743,0.4205377979875096
"[0.4689418076229204, 0.6875038885043988, -0.8972596186042923, 0.49650231053045024]",28.43085081219352,0.42060063046890617
"[0.4689294255378057, 0.6874981562963078, -0.8972575112682474, 0.4965080826681143]",28.430832654785757,0.42066346295030277
"[0.4689170452202992, 0.6874924255428141, -0.8972554043571737, 0.4965138534008377]",28.4308145132264,0.4207262954316994
"[0.46890466559020705, 0.6874866957436594, -0.8972532976872248, 0.4965196232323398]",28.43079637415296,0.42078912791309603
"[0.46889228716661624, 0.6874809671388714, -0.8972511913467277, 0.49652539192089357]",28.430778244949735,0.4208519603944926
"[0.4688799101759671, 0.6874752398329986, -0.8972490853741941, 0.4965311593611879]",28.43076012848448,0.42091479287588923
"[0.4688675333356116, 0.6874695132323259, -0.897246979551375, 0.49653692615107725]",28.43074201333215,0.4209776253572859
"[0.4688551585861598, 0.6874637882345005, -0.8972448742084372, 0.49654269138658885]",28.430723914061875,0.4210404578386825
"[0.4688427841838328, 0.6874580640325526, -0.8972427690486912, 0.49654845588033586]",28.4307058161339,0.42110329032007904
"[0.4688304119415469, 0.6874523414648551, -0.8972406643805372, 0.4965542187880151]",28.430687736736726,0.4211661228014757
"[0.4688180415027072, 0.6874466203660883, -0.8972385601432749, 0.49655998027607445]",28.43066966932134,0.4212289552828723
"[0.4688056714539477, 0.6874409000823828, -0.8972364560964746, 0.4965657410029723]",28.430651608714413,0.42129178776426895
"[0.46879330198017866, 0.6874351806991061, -0.8972343522715948, 0.4965715008827202]",28.430633550502243,0.4213546202456655
"[0.4687809341747465, 0.6874294627215644, -0.89723224885458, 0.49657725940640857]",28.43061550884609,0.4214174527270621
"[0.46876856721388416, 0.6874237457686533, -0.8972301457053135, 0.4965830169578148]",28.430597468544455,0.42148028520845876
"[0.46875620167965354, 0.6874180301092098, -0.8972280429227678, 0.49658877326616635]",28.430579440225717,0.42154311768985536
"[0.4687438375736872, 0.6874123157437114, -0.8972259405071978, 0.4965945283309519]",28.430561425680395,0.4216059501712519
"[0.4687314740555777, 0.687406602283518, -0.8972238383156895, 0.496600282543555]",28.430543415133755,0.42166878265264857
"[0.4687191120202358, 0.687400890141979, -0.8972217365003949, 0.49660603548765203]",28.430525415833362,0.42173161513404517
"[0.46870675097315856, 0.6873951790903402, -0.8972196349772213, 0.4966117873936036]",28.430507423321426,0.4217944476154417
"[0.46869439129490936, 0.6873894693041915, -0.8972175338108536, 0.49661753808453624]",28.43048944488682,0.42185728009683837
"[0.4686820323271522, 0.6873837604791811, -0.8972154328893627, 0.4966232878669572]",28.430471469791183,0.42192011257823503
"[0.4686696750202081, 0.6873780530540452, -0.8972133323742787, 0.49662903629895466]",28.430453506914272,0.42198294505963163
"[0.46865731826500295, 0.6873723465162774, -0.8972112320770689, 0.4966347838966924]",28.430435550104395,0.4220457775410282
"[0.4686449632275458, 0.6873666414041555, -0.8972091321959057, 0.496640530117992]",28.430417604397167,0.42210861002242483
"[0.4686326089568806, 0.6873609372782997, -0.8972070325691465, 0.49664627540537126]",28.430399666731613,0.42217144250382144
"[0.4686202557594479, 0.6873552342799959, -0.8972049332488639, 0.49665201961650146]",28.43038173800309,0.4222342749852181
"[0.46860790440153255, 0.6873495327627268, -0.8972028343652587, 0.49665776239531356]",28.43036381911395,0.42229710746661464
"[0.46859555418492654, 0.6873438324038935, -0.8972007357996578, 0.49666350406671067]",28.430345917325365,0.42235993994801124
"[0.46858320455184216, 0.6873381329458672, -0.8971986374572752, 0.49666924489016506]",28.43032801571976,0.4224227724294079
"[0.4685708561131028, 0.6873324346703263, -0.8971965394418917, 0.4966749845819316]",28.43031012302998,0.4224856049108045
"[0.4685585091187884, 0.6873267376924308, -0.8971944417959754, 0.49668072302598376]",28.430292243455433,0.42254843739220105
"[0.4685461632199194, 0.6873210418508967, -0.89719234446022, 0.49668646038475106]",28.430274370640884,0.4226112698735977
"[0.4685338182200372, 0.6873153470548737, -0.8971902474012413, 0.4966921967497211]",28.43025650824726,0.4226741023549943
"[0.46852147518843185, 0.687309653797349, -0.8971881508006574, 0.49669793162427794]",28.430238658786546,0.42273693483639097
"[0.4685091321346924, 0.6873039611600285, -0.8971860543203667, 0.4967036659334035]",28.430220807469173,0.4227997673177875
"[0.46849679184485826, 0.6872982704275717, -0.8971839584335581, 0.4967093983830046]",28.43020297946206,0.4228625997991841
"[0.46848445141450007, 0.6872925802603319, -0.8971818626469233, 0.49671513032251935]",28.430185150544617,0.42292543228058077
"[0.4684721113828333, 0.6872868909068666, -0.8971797670520528, 0.4967208615015538]",28.430167324268893,0.42298826476197743
"[0.4684597742984867, 0.687281203541898, -0.8971776720817268, 0.4967265907367151]",28.43014952051637,0.423051097243374
"[0.46844743723575283, 0.6872755168163948, -0.8971755772391042, 0.4967323193869348]",28.430131720973662,0.4231139297247706
"[0.46843510166524077, 0.6872698314080535, -0.8971734827738927, 0.49673804676949856]",28.430113930588174,0.42317676220616723
"[0.4684227674601713, 0.6872641472581625, -0.8971713886645435, 0.4967437729435215]",28.430096147434565,0.42323959468756384
"[0.468410433901754, 0.6872584640352568, -0.8971692947890099, 0.49674949824289394]",28.43007837852603,0.4233024271689604
"[0.4683981019336548, 0.6872527821739414, -0.897167201307485, 0.49675522222976715]",28.43006061398807,0.42336525965035704
"[0.4683857711051537, 0.6872471014662788, -0.8971651081434329, 0.4967609451135909]",28.43004286022717,0.42342809213175364
"[0.46837344087540833, 0.6872414216629162, -0.8971630152050399, 0.4967666671455459]",28.43002511165468,0.4234909246131502
"[0.468361111964049, 0.6872357430951448, -0.8971609226144471, 0.49677238799185425]",28.430007373817112,0.42355375709454685
"[0.4683487844999924, 0.6872300658220519, -0.8971588303935149, 0.49677810759295915]",28.429989649850757,0.42361658957594345
"[0.46833645769077575, 0.6872243894784704, -0.8971567384077337, 0.4967838263167248]",28.429971927596615,0.4236794220573401
"[0.46832413276391405, 0.6872187146294024, -0.8971546468654072, 0.49678954359390165]",28.429954220644788,0.42374225453873665
"[0.4683118086805443, 0.6872130407962495, -0.8971525555902199, 0.496795259906637]",28.429936519941922,0.42380508702013325
"[0.46829948562147716, 0.6872073680620414, -0.8971504646128448, 0.4968009751712567]",28.429918831176412,0.4238679195015299
"[0.468287163169651, 0.6872016962346164, -0.897148373862511, 0.4968066895813401]",28.42990114274586,0.4239307519829265
"[0.46827484339745074, 0.6871960262675446, -0.8971462836908098, 0.49681240217612516]",28.4298834770505,0.42399358446432306
"[0.46826252394603646, 0.6871903570749284, -0.8971441936975157, 0.4968181140496407]",28.42986581322556,0.4240564169457197
"[0.46825020527430505, 0.6871846888677797, -0.8971421039604847, 0.4968238249892696]",28.429848155883573,0.4241192494271164
"[0.4682378877973012, 0.6871790218368836, -0.8971400145501142, 0.4968295348027627]",28.429830507113138,0.424182081908513
"[0.4682255721038642, 0.6871733562528581, -0.8971379255662643, 0.49683524321742856]",28.4298128769075,0.4242449143899095
"[0.4682132564158069, 0.6871676912974899, -0.8971358367073123, 0.4968409510576424]",28.429795243040157,0.4243077468713062
"[0.4682009428110728, 0.6871620279263696, -0.8971337483256866, 0.4968466573605547]",28.429777623565805,0.4243705793527028
"[0.46818863042942055, 0.6871563657435352, -0.89713166027546, 0.49685236252509507]",28.429760016872965,0.42443341183409944
"[0.46817631904782925, 0.6871507046461945, -0.8971295725187973, 0.49685806665481047]",28.42974241704752,0.424496244315496
"[0.4681640078934806, 0.6871450442788345, -0.8971274849246462, 0.4968637701078968]",28.42972481938893,0.4245590767968926
"[0.46815169886044444, 0.6871393855120618, -0.897125397814167, 0.49686947200709397]",28.429707239196205,0.42462190927828924
"[0.4681393910072873, 0.6871337279127671, -0.8971233110277014, 0.49687517278877824]",28.42968966804815,0.42468474175968585
"[0.4681270836078209, 0.6871280711469524, -0.8971212244421198, 0.49688087278947535]",28.429672099510494,0.4247475742410824
"[0.46811477867451745, 0.6871224161393183, -0.8971191383985913, 0.4968865710773862]",28.429654553040173,0.42481040672247905
"[0.4681024729077699, 0.6871167613732678, -0.8971170523377315, 0.49689226918069357]",28.429636996040504,0.42487323920387565
"[0.46809017000265823, 0.6871111085465617, -0.8971149668859164, 0.4968979653886002]",28.429619461966546,0.4249360716852723
"[0.4680778676260839, 0.6871054565868892, -0.8971128816476337, 0.49690366078161136]",28.429601934169852,0.42499890416666886
"[0.4680655660485948, 0.6870998056183945, -0.8971107966687403, 0.4969093552346092]",28.429584410833414,0.4250617366480655
"[0.46805326492696686, 0.6870941554832276, -0.8971087118910657, 0.49691504890664073]",28.429566895335842,0.4251245691294621
"[0.4680409666650277, 0.6870885072852358, -0.897106627721976, 0.496920740685317]",28.429549397597214,0.4251874016108588
"[0.46802866862651726, 0.6870828598133404, -0.8971045437146828, 0.4969264317910312]",28.429531907557767,0.4252502340922553
"[0.46801637192277734, 0.6870772135777374, -0.8971024600575076, 0.4969321217096223]",28.429514420489618,0.4253130665736519
"[0.4680040767561668, 0.6870715686710563, -0.8971003767847168, 0.49693781034771445]",28.429496950154746,0.4253758990550486
"[0.46799178140908243, 0.687065924304558, -0.8970982936052816, 0.4969434985001374]",28.429479476820188,0.4254387315364451
"[0.4679794887532587, 0.6870602817963067, -0.8970962110057372, 0.4969491848385734]",28.429462021786208,0.4255015640178417
"[0.4679671967392102, 0.6870546402052348, -0.8970941286388335, 0.49695487031136726]",28.429444578971175,0.4255643964992384
"[0.46795490563581155, 0.6870489996545774, -0.8970920465501162, 0.4969605547943036]",28.429427141018998,0.425627228980635
"[0.467942615585881, 0.6870433602096846, -0.8970899647637681, 0.4969662382214977]",28.429409708124602,0.42569006146203153
"[0.46793032640234866, 0.6870377217844674, -0.8970878832480936, 0.4969719206796899]",28.42939228591577,0.4257528939434282
"[0.46791803914885316, 0.6870320848667018, -0.897085802183227, 0.4969776016772614]",28.42937487541671,0.4258157264248248
"[0.46790575209133173, 0.6870264486606393, -0.8970837212754611, 0.4969832820161589]",28.42935746878177,0.42587855890622145
"[0.4678934664118668, 0.6870208137083283, -0.8970816407249868, 0.4969889611500693]",28.429340071913554,0.425941391387618
"[0.46788118220995456, 0.6870151800551331, -0.8970795605486309, 0.49699463903324115]",28.42932268645225,0.4260042238690146
"[0.46786889942331666, 0.6870095476722119, -0.8970774807358229, 0.49700031569471215]",28.429305313793968,0.42606705635041126
"[0.46785661774483206, 0.6870039164184814, -0.8970754012345408, 0.49700599127664646]",28.429287953145113,0.4261298888318079
"[0.46784433659257707, 0.6869982860269416, -0.8970733219462494, 0.49701166604812475]",28.429270585680804,0.42619272131320446
"[0.4678320562760639, 0.6869926566393272, -0.8970712429233514, 0.49701733986627467]",28.429253233526122,0.42625555379460106
"[0.46781977776379535, 0.6869870286993496, -0.8970691643297912, 0.4970230122838545]",28.429235897080247,0.4263183862759977
"[0.4678075000413732, 0.6869814017417958, -0.8970670859938246, 0.4970286837697245]",28.42921856125112,0.4263812187573943
"[0.4677952234242473, 0.6869757759110366, -0.8970650079688414, 0.497034354178348]",28.42920123463279,0.42644405123879087
"[0.4677829486440771, 0.6869701515420774, -0.8970629303786626, 0.4970400231720346]",28.429183924059473,0.4265068837201875
"[0.46777067440278625, 0.6869645280399063, -0.8970608530035635, 0.497045691350489]",28.42916662119769,0.4265697162015841
"[0.4677584015374969, 0.6869589057878122, -0.8970587759852162, 0.49705135832735564]",28.429149324323085,0.4266325486829808
"[0.46774612973215784, 0.686953284640814, -0.897056699270115, 0.4970570242487388]",28.429132035792836,0.42669538116437733
"[0.46773385933226463, 0.6869476647568864, -0.8970546229167097, 0.49706268895537986]",28.42911476139941,0.42675821364577393
"[0.4677215894683188, 0.6869420457376116, -0.8970525467778573, 0.4970683528488495]",28.429097490822528,0.4268210461271706
"[0.46770932086711847, 0.6869364279156295, -0.8970504709765296, 0.49707401559382836]",28.429080229258954,0.4268838786085672
"[0.4676970542471833, 0.6869308116196449, -0.8970483956342679, 0.4970796768589504]",28.429062982218483,0.42694671108996374
"[0.46768478785525697, 0.6869251960467042, -0.8970463204544317, 0.4970853374535723]",28.429045737291226,0.4270095435713604
"[0.46767252229975564, 0.6869195814751944, -0.897044245539954, 0.4970909970970579]",28.429028502591084,0.42707237605275705
"[0.4676602579828919, 0.6869139680890188, -0.897042170958864, 0.49709665560400224]",28.4290112740258,0.42713520853415354
"[0.46764799498896426, 0.6869083559265081, -0.8970400967254021, 0.4971023129357384]",28.42899405574497,0.4271980410155502
"[0.4676357341616247, 0.6869027453734378, -0.8970380229822357, 0.4971079687033514]",28.428976856082066,0.42726087349694686
"[0.46762347319767894, 0.6868971353756539, -0.8970359493398014, 0.4971136239694655]",28.42895965390117,0.42732370597834346
"[0.4676112141514022, 0.6868915268728951, -0.897033876145522, 0.4971192777867367]",28.428942468744882,0.42738653845974
"[0.46759895557268005, 0.6868859192014987, -0.8970318031541448, 0.4971249308241627]",28.428925284827063,0.42744937094113666
"[0.4675866985031899, 0.6868803128377684, -0.8970297305418127, 0.49713058260156245]",28.42890811524514,0.42751220342253327
"[0.46757444169247375, 0.6868747072095566, -0.8970276580970721, 0.49713623369569515]",28.428890945958454,0.4275750359039299
"[0.46756218724483045, 0.6868691032790007, -0.8970255861757087, 0.4971418831365917]",28.42887379939522,0.42763786838532647
"[0.46754993308950366, 0.6868635000988941, -0.8970235144275885, 0.4971475318791219]",28.42885665273444,0.42770070086672307
"[0.4675376800961301, 0.6868578980667054, -0.8970214429997346, 0.49715317952256466]",28.42883951306401,0.42776353334811973
"[0.4675254290797414, 0.6868522975547704, -0.8970193720299039, 0.4971588256915205]",28.428822387349594,0.42782636582951633
"[0.4675131790768993, 0.6868466981223718, -0.8970173013552067, 0.4971644708302678]",28.42880527354858,0.4278891983109129
"[0.4675009283869412, 0.6868410989920591, -0.897015230688187, 0.49717011572259123]",28.428788155327517,0.42795203079230953
"[0.46748868022078166, 0.6868355016311766, -0.8970131605715596, 0.49717575888913057]",28.428771056718602,0.42801486327370614
"[0.4674764335538243, 0.686829905571116, -0.8970110908321121, 0.497181400802291]",28.42875396630358,0.4280776957551028
"[0.46746418715640436, 0.6868243102498045, -0.8970090212620182, 0.4971870420287273]",28.42873688254686,0.42814052823649934
"[0.4674519424750099, 0.6868187163279277, -0.8970069521057159, 0.4971926819023096]",28.428719809738535,0.428203360717896
"[0.4674396985588154, 0.6868131233708553, -0.897004883202513, 0.49719832086121085]",28.42870274185186,0.4282661931992926
"[0.46742745630671423, 0.6868075317889604, -0.8970028147042813, 0.49720395849165616]",28.42868569091999,0.42832902568068926
"[0.4674152141340196, 0.6868019408582553, -0.8970007463432593, 0.4972095955235717]",28.42866863743157,0.4283918581620858
"[0.4674029739991396, 0.6867963514729158, -0.8969986784503153, 0.497215231055385]",28.428651598723544,0.4284546906434824
"[0.4673907346653988, 0.6867907630679501, -0.8969966108164974, 0.49722086565672113]",28.428634570581078,0.42851752312487906
"[0.4673784969647858, 0.6867851760229974, -0.8969945435823388, 0.49722649894477605]",28.428617554280876,0.42858035560627566
"[0.4673662597313404, 0.6867795898055306, -0.8969924765508693, 0.49723213145645934]",28.4286005403365,0.4286431880876722
"[0.46735402427850925, 0.6867740050149005, -0.8969904099439333, 0.4972377625874273]",28.428583539815246,0.42870602056906887
"[0.4673417890560222, 0.6867684209432889, -0.8969883434996736, 0.497243393051347]",28.428566541088806,0.42876885305046547
"[0.46732955528026454, 0.6867628381456627, -0.8969862774235247, 0.49724902228861934]",28.42854955452666,0.42883168553186213
"[0.46731732324536474, 0.6867572567559445, -0.8969842117651297, 0.49725465016417486]",28.42853258452394,0.4288945180132587
"[0.46730509086127997, 0.6867516758203053, -0.8969821461715365, 0.4972602776397665]",28.428515608156015,0.4289573504946553
"[0.4672928605545551, 0.6867460964456428, -0.8969800810524912, 0.4972659035992445]",28.428498649107052,0.42902018297605193
"[0.46728063119746255, 0.6867405181172177, -0.8969780162175474, 0.49727152856161366]",28.428481697400034,0.4290830154574485
"[0.4672684033860302, 0.6867349411066562, -0.8969759517673218, 0.49727715225295044]",28.428464761144276,0.4291458479388451
"[0.4672561762396833, 0.6867293650121118, -0.8969738875531311, 0.49728277507843827]",28.428447825722795,0.42920868042024174
"[0.46724395011531755, 0.6867237899961552, -0.8969718236352208, 0.49728839687412296]",28.428430901172337,0.4292715129016384
"[0.4672317255012766, 0.6867182162812244, -0.8969697600960107, 0.49729401741567114]",28.42841398587647,0.42933434538303494
"[0.46721950029277404, 0.6867126429075304, -0.8969676965802139, 0.4972996376709195]",28.42839706952958,0.42939717786443155
"[0.46720727884277874, 0.6867070718592617, -0.8969656338225483, 0.49730525563895667]",28.428380181235497,0.4294600103458282
"[0.46719505743633855, 0.686701501442662, -0.8969635711959579, 0.4973108730277659]",28.42836328909172,0.4295228428272248
"[0.4671828372191343, 0.6866959321797198, -0.8969615088938048, 0.4973164893109412]",28.42834641157224,0.42958567530862135
"[0.4671706176339902, 0.6866903638163661, -0.8969594468220485, 0.4973221047446712]",28.428329536288224,0.429648507790018
"[0.46715840034636547, 0.6866847971112412, -0.8969573852617135, 0.49732771856387226]",28.42831268153773,0.4297113402714146
"[0.4671461824663216, 0.6866792307473956, -0.8969553237251411, 0.4973333320966178]",28.42829582328126,0.42977417275281127
"[0.46713396697992077, 0.6866736660850251, -0.8969532627161659, 0.4973389439711652]",28.428278978824157,0.4298370052342078
"[0.46712175258041727, 0.6866681025285836, -0.8969512020142787, 0.49734455478807554]",28.42826214761064,0.4298998377156044
"[0.46710953824678303, 0.6866625396128083, -0.8969491414472226, 0.49735016501654944]",28.42824531426349,0.4299626701970011
"[0.4670973253935965, 0.6866569779818248, -0.8969470812536342, 0.49735577400695874]",28.428228493882262,0.4300255026783977
"[0.46708511400910413, 0.6866514176299766, -0.8969450214315055, 0.49736138176497907]",28.428211683893526,0.4300883351597942
"[0.4670729037669112, 0.6866458584084039, -0.89694296192576, 0.49736698844071014]",28.42819488373767,0.4301511676411909
"[0.4670606947488543, 0.6866403003541224, -0.8969409027501843, 0.4973725939967945]",28.42817809548432,0.43021400012258754
"[0.4670484868737849, 0.6866347434299667, -0.8969388438910756, 0.4973781984706875]",28.428161314102383,0.43027683260398414
"[0.4670362789687031, 0.6866291871018371, -0.8969367851506098, 0.49738380240104213]",28.428144532674903,0.4303396650853807
"[0.4670240733544944, 0.6866236324258562, -0.8969347269201656, 0.49738940472266135]",28.428127768778275,0.43040249756677734
"[0.46701186795618677, 0.6866180784574805, -0.896932668849823, 0.49739500638816236]",28.42811100623696,0.43046533004817394
"[0.46699966483492666, 0.6866125261343449, -0.896930611287113, 0.4974006064518322]",28.4280942649942,0.4305281625295706
"[0.4669874621183391, 0.6866069746043046, -0.8969285539163134, 0.49740620577311184]",28.428077521823724,0.43059099501096715
"[0.4669752599326203, 0.686601423924635, -0.896926496758707, 0.49741180429421716]",28.428060789094214,0.43065382749236375
"[0.4669630601361387, 0.6865958749404195, -0.8969244401275688, 0.4974174011627499]",28.428044068307823,0.4307166599737604
"[0.46695086014118614, 0.6865903264744335, -0.8969223835866521, 0.49742299756606884]",28.428027352217367,0.430779492455157
"[0.46693866256412997, 0.6865847797163622, -0.8969203275769807, 0.4974285923041838]",28.42801065206011,0.43084232493655356
"[0.4669264656440709, 0.6865792338651614, -0.8969182718017116, 0.49743418618503676]",28.427993956208763,0.4309051574179502
"[0.466914268764424, 0.6865736886403666, -0.8969162161569294, 0.49743977949150653]",28.427977261750602,0.4309679898993468
"[0.46690207391508315, 0.6865681449464545, -0.8969141609779958, 0.4974453713112488]",28.427960583895224,0.43103082238074336
"[0.46688988033805773, 0.686562602438545, -0.8969121061371372, 0.4974509619921049]",28.427943913889756,0.43109365486214
"[0.4668776888553389, 0.6865570614899597, -0.8969100517728419, 0.49745655115747484]",28.427927262101793,0.4311564873435366
"[0.46686549675870276, 0.6865515208696624, -0.8969079974287488, 0.4974621400490862]",28.427910607153034,0.4312193198249333
"[0.46685330543454423, 0.6865459812076233, -0.8969059433384801, 0.4974677280314701]",28.42789395834289,0.4312821523063298
"[0.4668411164550568, 0.6865404432179473, -0.8969038897669029, 0.4974733143842599]",28.427877322991616,0.4313449847877265
"[0.4668289276932769, 0.68653490593401, -0.896901836355652, 0.49747890008249457]",28.427860695054996,0.4314078172691231
"[0.4668167407181212, 0.6865293700683588, -0.8968997833690272, 0.49748448440737236]",28.42784407861354,0.43147064975051974
"[0.4668045549813525, 0.6865238353716769, -0.8968977307146477, 0.4974900676103606]",28.42782747353125,0.4315334822319163
"[0.46679236961669984, 0.6865183014503281, -0.8968956782465869, 0.4974956500885247]",28.427810873423144,0.4315963147133129
"[0.46678018600061716, 0.6865127689292111, -0.8968936261966778, 0.49750123121145806]",28.42779428129149,0.43165914719470955
"[0.46676800316828243, 0.6865072373699578, -0.8968915744023992, 0.4975068114213515]",28.42777770033219,0.43172197967610615
"[0.46675582152310086, 0.686501706955529, -0.8968895229316812, 0.49751239053361185]",28.42776112376498,0.4317848121575027
"[0.46674364062835116, 0.6864961774874536, -0.8968874717109657, 0.49751796874843396]",28.427744558348596,0.43184764463889935
"[0.4667314612215709, 0.6864906493003102, -0.8968854208644378, 0.49752354572826396]",28.427728000999167,0.43191047712029595
"[0.46671928304818844, 0.6864851222782908, -0.8968833703492078, 0.4975291215899032]",28.427711453496944,0.4319733096016926
"[0.4667071054582566, 0.686479596126227, -0.8968813200558331, 0.4975346966311051]",28.427694914990695,0.43203614208308916
"[0.4666949298839506, 0.6864740714937851, -0.8968792702254215, 0.49754027019642855]",28.427678387005546,0.43209897456448576
"[0.46668275362781875, 0.6864685471568486, -0.8968772204038412, 0.49754584352081194]",28.4276618567467,0.4321618070458824
"[0.46667058043551995, 0.6864630248145782, -0.8968751712216403, 0.4975514148900013]",28.427645349507106,0.4322246395272791
"[0.4666584070828167, 0.6864575030040362, -0.8968731221360402, 0.49755698577989177]",28.427628842557645,0.43228747200867557
"[0.46664623515976095, 0.6864519824463103, -0.8968710734146867, 0.4975625554629676]",28.42761234591802,0.4323503044900722
"[0.4666340644301667, 0.6864464630340329, -0.8968690250178055, 0.49756812404752343]",28.427595859396607,0.4324131369714689
"[0.46662189475530996, 0.6864409447040665, -0.8968669769220341, 0.4975736915972334]",28.427579379417544,0.4324759694528655
"[0.4666097260265876, 0.6864354274069678, -0.8968649291090832, 0.49757925816195725]",28.427562908324507,0.43253880193426203
"[0.4665975588603851, 0.6864299114219414, -0.8968628816826621, 0.4975848234599715]",28.42754644909383,0.4326016344156587
"[0.46658539194179427, 0.6864243961527016, -0.8968608344214978, 0.49759038809286854]",28.427529992680938,0.4326644668970553
"[0.4665732271668985, 0.6864188824585056, -0.8968587876446151, 0.49759595119367417]",28.42751355214491,0.43272729937845184
"[0.4665610624224976, 0.6864133693813248, -0.8968567409964454, 0.4976015137289766]",28.427497111425954,0.4327901318598485
"[0.46654889986934417, 0.6864078579002062, -0.8968546948405085, 0.49760707471091936]",28.42748069049184,0.4328529643412451
"[0.4665367385862854, 0.6864023475973761, -0.896852649021802, 0.4976126345609963]",28.42746427766607,0.43291579682264175
"[0.4665245768405606, 0.6863968376876393, -0.8968506032488399, 0.4976181940714457]",28.427447861961394,0.4329786293040383
"[0.4665124178351842, 0.6863913296218905, -0.8968485580603983, 0.4976237517782858]",28.427431467177993,0.4330414617854349
"[0.4665002581988649, 0.6863858218727131, -0.8968465128894006, 0.49762930922267506]",28.42741506994906,0.43310429426683156
"[0.4664881009539298, 0.6863803158088932, -0.8968444682441753, 0.49763486502345444]",28.427398684845013,0.43316712674822816
"[0.466475943472206, 0.6863748102399047, -0.8968424236826931, 0.49764042038187956]",28.427382306052273,0.4332299592296247
"[0.46646378929194626, 0.686369306767778, -0.8968403797999661, 0.4976459736814006]",28.42736594787442,0.43329279171102136
"[0.4664516341409921, 0.6863638034578285, -0.896838335877559, 0.49765152687419184]",28.427349586014174,0.433355624192418
"[0.46643948133436347, 0.6863583018107924, -0.8968362924728999, 0.49765707844589513]",28.427333240298736,0.4334184566738146
"[0.4664273299015261, 0.6863528013869712, -0.8968342494227625, 0.49766262884016305]",28.42731690431954,0.43348128915521117
"[0.4664151778916328, 0.6863473013031861, -0.8968322063991535, 0.49766817894818255]",28.427300565193597,0.4335441216366078
"[0.46640302798807354, 0.6863418027737891, -0.8968301638532065, 0.49767372754453604]",28.4272842461869,0.43360695411800443
"[0.4663908787044598, 0.6863363051258446, -0.8968281215350187, 0.4976792753082577]",28.42726792913319,0.4336697865994011
"[0.4663787310736421, 0.686330808826503, -0.8968260796181988, 0.4976848217679129]",28.427251625098325,0.43373261908079763
"[0.4663665844376569, 0.6863253135778147, -0.8968240379921276, 0.4976903672241416]",28.4272353284331,0.43379545156219423
"[0.4663544390231002, 0.6863198194820608, -0.8968219966948766, 0.4976959115737042]",28.427219040116587,0.4338582840435909
"[0.4663422942437365, 0.6863143262738687, -0.8968199556279074, 0.49770145508437647]",28.427202756555253,0.4339211165249875
"[0.4663301503701946, 0.6863088340754759, -0.8968179148366975, 0.4977069976327807]",28.42718648517594,0.43398394900638404
"[0.4663180084689564, 0.6863033433689408, -0.8968158745004456, 0.4977125387324103]",28.427170225595045,0.4340467814877807
"[0.4663058669165948, 0.6862978534199028, -0.8968138343463335, 0.49771807912433896]",28.42715396884992,0.4341096139691773
"[0.4662937267203976, 0.6862923646836373, -0.896811794543609, 0.4977236183490863]",28.42713772418702,0.43417244645057396
"[0.4662815876031344, 0.6862868770345695, -0.8968097550456741, 0.49772915653335587]",28.427121487584486,0.4342352789319705
"[0.46626944972607587, 0.6862813905453792, -0.896807715879607, 0.49773469360377226]",28.427105259341428,0.4342981114133671
"[0.4662573131103127, 0.6862759052253491, -0.8968056770489323, 0.49774022955093955]",28.42708904390824,0.43436094389476376
"[0.4662451770335616, 0.6862704207478544, -0.8968036384323049, 0.49774576470447524]",28.427072831734293,0.4344237763761604
"[0.4662330413407022, 0.6862649370426658, -0.8968016000036731, 0.4977512991352408]",28.427056620907862,0.43448660885755697
"[0.4662209083018164, 0.6862594551352765, -0.8967995621443138, 0.49775683180822605]",28.427040433380046,0.43454944133895357
"[0.46620877602971417, 0.6862539741727152, -0.8967975245372224, 0.4977623635842676]",28.42702425011119,0.4346122738203502
"[0.46619664398529354, 0.686248493911301, -0.8967954870918615, 0.49776789470928884]",28.42700806948724,0.43467510630174677
"[0.46618451443230724, 0.686243015373356, -0.8967934501883807, 0.49777342415145037]",28.426991908147443,0.4347379387831434
"[0.4661723848736979, 0.6862375374308027, -0.8967914134074328, 0.49777895304928366]",28.426975748011465,0.43480077126454003
"[0.4661602561056295, 0.6862320604430835, -0.8967893768827165, 0.49778448103998835]",28.42695959247394,0.43486360374593663
"[0.46614812871580635, 0.6862265846753787, -0.8967873407128972, 0.49779000785588906]",28.42694345052047,0.4349264362273332
"[0.4661360028405493, 0.6862211101889681, -0.8967853049208382, 0.49779553343510474]",28.426927318890506,0.43498926870872984
"[0.4661238774338506, 0.6862156365114083, -0.8967832693309156, 0.49780105825446486]",28.42691118957453,0.43505210119012644
"[0.46611175408291927, 0.6862101643589578, -0.8967812342095678, 0.49780658159099084]",28.426895075642168,0.4351149336715231
"[0.46609963097604434, 0.686204692913635, -0.8967791992526505, 0.49781210427028993]",28.426878966893042,0.43517776615291964
"[0.46608750813473954, 0.6861992221850564, -0.8967771644637855, 0.49781762628264165]",28.426862859976005,0.43524059863431624
"[0.4660753876466948, 0.6861937531151027, -0.8967751301933651, 0.4978231466773079]",28.426846768779214,0.4353034311157129
"[0.4660632686915812, 0.6861882853332543, -0.8967730963036691, 0.49782866582824925]",28.426830694097326,0.43536626359710956
"[0.46605115020952687, 0.6861828183611474, -0.8967710626168082, 0.49783418421829906]",28.42681462084338,0.4354290960785061
"[0.46603903253273204, 0.6861773523484775, -0.8967690291885319, 0.4978397016963353]",28.426798553460472,0.4354919285599027
"[0.4660269164567562, 0.6861718876538829, -0.8967669961523216, 0.497845217900317]",28.42678250056121,0.43555476104129937
"[0.466014800562584, 0.6861664236371586, -0.896764963270064, 0.49785073347646025]",28.42676644791341,0.43561759352269597
"[0.4660026857921048, 0.6861609607229189, -0.896762930699794, 0.4978562479961263]",28.426750402759144,0.4356804260040925
"[0.4659905729678793, 0.6861554992818072, -0.8967608985794893, 0.4978617610851387]",28.42673437608838,0.43574325848548917
"[0.4659784613011658, 0.6861500389579083, -0.8967588667767981, 0.49786727310274687]",28.42671835758054,0.4358060909668858
"[0.4659663498432983, 0.6861445793233778, -0.896756835132573, 0.497872784480827]",28.426702337704867,0.43586892344828243
"[0.4659542398770764, 0.6861391209563007, -0.8967548038619924, 0.4978782946357927]",28.42668633228141,0.435931755929679
"[0.46594213142171076, 0.6861336638650573, -0.8967527729682501, 0.4978838035591544]",28.42667034252453,0.4359945884110756
"[0.4659300227655868, 0.6861282072781004, -0.896750742164265, 0.49788931202976766]",28.426654342710712,0.43605742089247224
"[0.4659179162379985, 0.6861227522448902, -0.8967487118406837, 0.49789481898817195]",28.426638366003793,0.43612025337386884
"[0.46590581049119656, 0.6861172981578937, -0.8967466817714563, 0.497900325047651]",28.426622395257592,0.4361830858552654
"[0.46589370601847563, 0.6861118452391289, -0.896744652039294, 0.4979058299840494]",28.426606433777458,0.43624591833666204
"[0.4658816030685486, 0.6861063936003982, -0.8967426226858769, 0.4979113336844672]",28.42659048222204,0.43630875081805864
"[0.4658695003338676, 0.6861009426525441, -0.8967405934919562, 0.49791683674366705]",28.426574532887237,0.4363715832994552
"[0.4658573987245738, 0.6860954928053233, -0.8967385646101274, 0.497922338747956]",28.426558595048814,0.43643441578085185
"[0.4658452981017648, 0.686090043995994, -0.8967365360170898, 0.4979278397606507]",28.426542663132693,0.4364972482622485
"[0.4658331992975026, 0.6860845965989231, -0.8967345078523098, 0.4979333394037709]",28.42652674639734,0.4365600807436451
"[0.4658211020069859, 0.6860791504766156, -0.8967324800646598, 0.4979388378160944]",28.42651084057559,0.43662291322504165
"[0.46580900459086205, 0.686073704890876, -0.8967304523793433, 0.49794433574288643]",28.42649493353404,0.4366857457064383
"[0.4657969081108565, 0.6860682603195201, -0.8967284249743266, 0.49794983270172294]",28.426479037893603,0.4367485781878349
"[0.46578481290789486, 0.6860628169157795, -0.8967263979067341, 0.4979553285378731]",28.42646314857413,0.43681141066923157
"[0.46577271877326043, 0.6860573745854952, -0.8967243711415697, 0.4979608233463761]",28.42644726691925,0.4368742431506281
"[0.4657606266779756, 0.6860519337653465, -0.896722344841531, 0.49796631668631086]",28.426431404742203,0.4369370756320247
"[0.46574853511789366, 0.6860464937782855, -0.8967203187545437, 0.4979718092412337]",28.426415543598722,0.4369999081134214
"[0.46573644356987337, 0.6860410543888751, -0.8967182927929599, 0.4979773012488427]",28.426399686437524,0.437062740594818
"[0.4657243544831418, 0.6860356166986539, -0.8967162673671331, 0.4979827915969168]",28.42638384688537,0.4371255730762145
"[0.46571226611931943, 0.6860301799254132, -0.8967142421857821, 0.4979882810752068]",28.42636800902947,0.4371884055576112
"[0.465700178095718, 0.6860247438969076, -0.8967122171847969, 0.4979937698576117]",28.426352178008045,0.4372512380390078
"[0.4656880925402447, 0.6860193095697922, -0.8967101927206237, 0.4979992569781632]",28.426336366942763,0.43731407052040444
"[0.4656760066030516, 0.6860138756624243, -0.8967081683158677, 0.4980047437309302]",28.426320551790326,0.437376903001801
"[0.4656639213399864, 0.6860084426494422, -0.8967061441473982, 0.4980102296366471]",28.42630474099211,0.43743973548319764
"[0.4656518399183245, 0.6860030119543208, -0.8967041207456546, 0.4980157132579398]",28.426288964601934,0.43750256796459425
"[0.46563975715126893, 0.685997581245326, -0.8967020972419302, 0.49802119694923946]",28.426273174794325,0.4375654004459909
"[0.4656276761778598, 0.6859921519332378, -0.896700074161932, 0.49802667928598976]",28.426257398271147,0.43762823292738745
"[0.4656155960530254, 0.6859867235930891, -0.896698051347377, 0.49803216069727996]",28.426241631012637,0.43769106540878405
"[0.46560351713346015, 0.6859812963849462, -0.8966960288579809, 0.4980376410214553]",28.426225871731816,0.4377538978901807
"[0.4655914395288144, 0.685975870357843, -0.896694006712084, 0.49804312020897473]",28.426210120852595,0.4378167303715773
"[0.46557936221495266, 0.6859704450515066, -0.8966919847382089, 0.49804859872459933]",28.426194374523323,0.43787956285297386
"[0.4655672866131555, 0.6859650211041928, -0.8966899631742941, 0.49805407592379025]",28.426178641100474,0.4379423953343705
"[0.46555521198107835, 0.6859595981822146, -0.8966879418960417, 0.4980595521434817]",28.426162916464595,0.4380052278157671
"[0.46554313850494716, 0.6859541763689996, -0.8966859209346119, 0.49806502729940244]",28.426147198357068,0.4380680602971638
"[0.46553106604946604, 0.6859487556035775, -0.8966839002673436, 0.49807050145309717]",28.42613149091057,0.4381308927785603
"[0.46551899452418405, 0.6859433358451374, -0.896681879879085, 0.498075974645756]",28.42611579118209,0.4381937252599569
"[0.4655069235699463, 0.6859379169322647, -0.8966798597097214, 0.4980814470403647]",28.42610009488711,0.4382565577413536
"[0.46549485436420324, 0.6859324993933212, -0.896677839956291, 0.4980869181033208]",28.426084413181727,0.4383193902227501
"[0.4654827860757481, 0.6859270828549453, -0.8966758204796721, 0.49809238821164686]",28.42606874131521,0.43838222270414673
"[0.4654707189144304, 0.685921667411125, -0.8966738013149665, 0.4980978572704009]",28.426053071036172,0.4384450551855434
"[0.46545865294910915, 0.6859162530925379, -0.8966717824736797, 0.4981033252485765]",28.426037414518742,0.43850788766694004
"[0.46544658743639133, 0.6859108395654279, -0.8966697638314228, 0.49810879248321566]",28.426021764091516,0.4385707201483366
"[0.46543452374418576, 0.6859054274433252, -0.8966677456170401, 0.4981142583546763]",28.426006124675155,0.4386335526297332
"[0.46542246093564404, 0.6859000163056783, -0.8966657276737773, 0.4981197232876581]",28.425990492736638,0.43869638511112985
"[0.4654103994136029, 0.6858946063329848, -0.8966637100690088, 0.4981251870998441]",28.425974873974408,0.43875921759252645
"[0.4653983377519317, 0.6858891968854394, -0.8966616925641773, 0.49813065043738974]",28.425959249420785,0.438822050073923
"[0.46538627794509674, 0.6858837888573471, -0.8966596754928822, 0.4981361123970583]",28.425943643570783,0.43888488255531966
"[0.4653742197995008, 0.6858783821615819, -0.8966576588227075, 0.49814157306681184]",28.4259280485443,0.43894771503671626
"[0.46536216169188227, 0.6858729760701189, -0.8966556422821631, 0.49814703318192044]",28.425912454697308,0.4390105475181129
"[0.465350105385776, 0.6858675713734276, -0.8966536261661637, 0.4981524919439936]",28.425896874188666,0.43907337999950946
"[0.4653380497704165, 0.6858621675733308, -0.8966516102889424, 0.4981579498561644]",28.425881300077485,0.43913621248090606
"[0.4653259953232365, 0.6858567648836392, -0.8966495947303229, 0.4981634067024597]",28.425865735807214,0.4391990449623027
"[0.46531394276671273, 0.685851363627887, -0.8966475796110787, 0.4981688621560703]",28.42585018421232,0.4392618774436993
"[0.46530188880228524, 0.6858459623277684, -0.8966455643797197, 0.49817431771012255]",28.425834624949882,0.43932470992509587
"[0.4652898379744591, 0.685840563019444, -0.8966435497960076, 0.4981797713079836]",28.425819087955695,0.4393875424064925
"[0.465277788411543, 0.6858351648639612, -0.8966415355469952, 0.4981852237969994]",28.42580356187342,0.43945037488788913
"[0.4652657384988183, 0.6858297671378001, -0.8966395213627647, 0.49819067590795757]",28.425788032069708,0.4395132073692858
"[0.46525369057924354, 0.6858243708903218, -0.8966375076349429, 0.4981961265809021]",28.42577251841665,0.43957603985068233
"[0.46524164278136615, 0.6858189752830739, -0.8966354940507159, 0.4982015766627187]",28.425757006570734,0.439638872332079
"[0.46522959693921473, 0.6858135811372421, -0.8966334809165961, 0.49820702532390626]",28.425741510198073,0.4397017048134756
"[0.46521755210157323, 0.6858081880265952, -0.8966314680735874, 0.49821247299497357]",28.425726020899745,0.43976453729487225
"[0.4652055082384795, 0.6858027959375196, -0.8966294555166706, 0.49821791968964874]",28.4257105421649,0.4398273697762688
"[0.46519346486933744, 0.6857974046546907, -0.8966274431655332, 0.49822336562541675]",28.425695063754077,0.4398902022576654
"[0.4651814237472467, 0.6857920149626379, -0.8966254313130803, 0.4982288100097673]",28.425679603635523,0.43995303473906205
"[0.46516938268740565, 0.6857866258832095, -0.8966234195942546, 0.4982342538307518]",28.42566414619562,0.4400158672204586
"[0.46515734221270183, 0.6857812376503273, -0.8966214080964241, 0.4982396968520583]",28.42564869356778,0.4400786997018552
"[0.4651453036326177, 0.6857758508497784, -0.8966193970383327, 0.4982451384819159]",28.42563325320472,0.44014153218325186
"[0.46513326682598344, 0.6857704654269878, -0.896617386399702, 0.4982505787754219]",28.425617827963443,0.44020436466464846
"[0.46512122983263277, 0.6857650805048007, -0.896615375853098, 0.4982560186186467]",28.425602403624833,0.440267197146045
"[0.4651091939418161, 0.6857596966598736, -0.8966133656138691, 0.4982614574290361]",28.42558698339084,0.44033002962744167
"[0.4650971597242178, 0.6857543141472198, -0.896611355777307, 0.4982668949489444]",28.4255715792261,0.44039286210883827
"[0.4650851265790802, 0.6857489326978866, -0.8966093462430552, 0.49827233145004474]",28.425556184673884,0.4404556945902349
"[0.4650730945149817, 0.6857435523155083, -0.896607337012532, 0.4982777669286407]",28.425540795492044,0.44051852707163147
"[0.46506106292689214, 0.6857381727293433, -0.8966053279846983, 0.49828320165822704]",28.425525412868577,0.44058135955302813
"[0.4650490325023071, 0.6857327942466367, -0.8966033192743444, 0.49828863532838746]",28.425510039104196,0.44064419203442473
"[0.46503700312754964, 0.6857274168163497, -0.8966013108624749, 0.4982940679906592]",28.425494672524138,0.4407070245158214
"[0.46502497570983914, 0.6857220408437494, -0.8965993029005297, 0.498299499235583]",28.42547932327767,0.44076985699721793
"[0.4650129478315584, 0.6857166652480665, -0.8965972949848863, 0.49830493015501953]",28.425463966962383,0.44083268947861454
"[0.465000922124089, 0.6857112912051577, -0.8965952875548164, 0.4983103595609894]",28.425448631161082,0.4408955219600112
"[0.464988897435033, 0.68570591819975, -0.8965932804179207, 0.4983157879740427]",28.425433301482276,0.4409583544414078
"[0.46497687316711794, 0.6857005459648211, -0.8965912734745001, 0.4983212156639347]",28.425417978883875,0.44102118692280434
"[0.46496485059720255, 0.6856951750706216, -0.8965892669376587, 0.4983266420545057]",28.425402667098613,0.441084019404201
"[0.46495282811194744, 0.6856898047962516, -0.896587260538125, 0.49833206787408124]",28.425387356522346,0.4411468518855976
"[0.4649408081350557, 0.6856844362241002, -0.896585254680362, 0.4983374920290497]",28.425372064150682,0.44120968436699426
"[0.46492878817236827, 0.685679068239942, -0.8965832489481319, 0.49834291564514627]",28.42535677074522,0.4412725168483908
"[0.4649167687762519, 0.685673701090368, -0.8965812434336161, 0.49834833847321036]",28.42534148649216,0.4413353493297874
"[0.4649047508651606, 0.6856683351853019, -0.8965792382900513, 0.49835376009904137]",28.4253262127352,0.44139818181118406
"[0.4648927352452785, 0.6856629708843717, -0.8965772336519061, 0.49835918015924213]",28.42531095374546,0.44146101429258067
"[0.4648807190941655, 0.6856576069273321, -0.8965752290482878, 0.4983645999271356]",28.425295694699198,0.4415238467739772
"[0.46486870429655724, 0.6856522441554141, -0.8965732247936243, 0.49837001855272245]",28.42528044783564,0.44158667925537387
"[0.4648566909236191, 0.685646882600145, -0.8965712208997623, 0.49837543600411754]",28.425265208200805,0.44164951173677053
"[0.4648446778454411, 0.6856415217570135, -0.8965692171782202, 0.4983808527910732]",28.425249971305995,0.44171234421816713
"[0.4648326669167028, 0.6856361624534951, -0.8965672139383284, 0.4983862680774496]",28.425234752347034,0.4417751766995637
"[0.4648206567578878, 0.6856308040737715, -0.8965652109499788, 0.4983916824854684]",28.42521953576867,0.44183800918096033
"[0.46480864704196073, 0.6856254464717798, -0.8965632081586294, 0.4983970961627031]",28.425204327275694,0.44190084166235694
"[0.46479663928389187, 0.6856200903231436, -0.8965612058169053, 0.4984025084264318]",28.425189133660044,0.4419636741437535
"[0.46478463217266575, 0.6856147350428383, -0.896559203706167, 0.4984079198677799]",28.425173944156093,0.44202650662515014
"[0.46477262522619794, 0.6856093804157086, -0.8965572017460359, 0.49841333070414645]",28.425158755475376,0.44208933910654674
"[0.46476062049822303, 0.6856040273574454, -0.8965552002789203, 0.4984187400101997]",28.42514358823178,0.4421521715879434
"[0.4647486162492371, 0.6855986750921239, -0.8965531990147807, 0.49842414856999073]",28.425128420387235,0.44221500406933995
"[0.46473661338335936, 0.6855933240226714, -0.8965511981043354, 0.4984295559763316]",28.42511326744073,0.44227783655073655
"[0.4647246112845106, 0.6855879738742218, -0.8965491974448676, 0.49843496250695785]",28.42509811732489,0.4423406690321332
"[0.46471261001330183, 0.6855826246736249, -0.8965471970464746, 0.4984403681347158]",28.42508297478272,0.4424035015135298
"[0.4647006100442411, 0.6855772766321735, -0.8965451969882332, 0.49844577264606044]",28.425067841543132,0.44246633399492635
"[0.4646886115013608, 0.6855719298048933, -0.8965431972907933, 0.49845117598535615]",28.425052721772296,0.442529166476323
"[0.46467661357749923, 0.6855665838318957, -0.8965411978196184, 0.49845657851627184]",28.42503760593284,0.44259199895771967
"[0.46466461667797515, 0.6855612388936091, -0.8965391986422483, 0.49846198005644937]",28.425022497879446,0.44265483143911627
"[0.4646526207129802, 0.6855558949498338, -0.8965371997437048, 0.4984673806464907]",28.425007396526837,0.4427176639205128
"[0.4646406256243479, 0.6855505519744558, -0.8965352011142872, 0.49847278031276615]",28.42499230274153,0.4427804964019095
"[0.4646286325387686, 0.6855452104690953, -0.8965332029416984, 0.49847817854830206]",28.424977227457514,0.4428433288833061
"[0.4646166402799703, 0.685539869909599, -0.8965312050299338, 0.4984835758827902]",28.424962157071928,0.44290616136470273
"[0.46460464778633315, 0.6855345298230973, -0.8965292072021375, 0.49848897279411386]",28.424947083106403,0.4429689938460993
"[0.46459265798998367, 0.6855291915149927, -0.8965272099467511, 0.4984943679629528]",28.424932032009128,0.4430318263274959
"[0.46458066759405103, 0.6855238535171994, -0.8965252127145693, 0.4984997628730059]",28.4249169752539,0.44309465880889254
"[0.46456867983320954, 0.6855185172695393, -0.8965232160443779, 0.4985051560690778]",28.42490194191317,0.44315749129028914
"[0.4645566923809025, 0.6855131817361217, -0.8965212195486388, 0.4985105485980835]",28.424886908561827,0.4432203237716857
"[0.46454470479207277, 0.6855078467187851, -0.896519223153245, 0.49851594066029054]",28.424871877065588,0.44328315625308234
"[0.4645327203433953, 0.6855025136755254, -0.8965172274038605, 0.49852133078208344]",28.42485686584673,0.44334598873447895
"[0.46452073609938416, 0.6854971812997702, -0.8965152318116107, 0.49852672028398626]",28.42484185955746,0.4434088212158756
"[0.4645087529260346, 0.6854918499766975, -0.8965132365206981, 0.4985321087766762]",28.424826859601463,0.44347165369727215
"[0.464496770087338, 0.6854865193787038, -0.8965112414085679, 0.49853749659125046]",28.424811865358418,0.44353448617866875
"[0.46448478886032313, 0.6854811900736848, -0.8965092466878304, 0.4985428831536952]",28.424796881273984,0.4435973186600654
"[0.4644728086111593, 0.6854758617794733, -0.8965072522529391, 0.49854826874918134]",28.42478190565314,0.44366015114146207
"[0.4644608297100598, 0.6854705346605027, -0.8965052581655086, 0.49855365321148215]",28.424766941458508,0.4437229836228586
"[0.46444885169327055, 0.6854652085103253, -0.8965032643483224, 0.49855903674924273]",28.424751984450324,0.4437858161042552
"[0.4644368739261244, 0.6854598830465973, -0.8965012706957374, 0.49856441964783155]",28.424737028701458,0.4438486485856519
"[0.46442489807405035, 0.6854545590095787, -0.8964992774849424, 0.4985698011589808]",28.424722087984804,0.4439114810670484
"[0.46441292329386646, 0.6854492360241681, -0.8964972845755731, 0.4985751816618107]",28.424707158651472,0.443974313548445
"[0.4644009487668205, 0.6854439137262327, -0.8964952918313671, 0.4985805615243716]",28.424692229710132,0.4440371460298417
"[0.4643889757554703, 0.6854385926767997, -0.8964932994624236, 0.49858594017954455]",28.42467730872699,0.4440999785112383
"[0.4643770032485257, 0.6854332724262163, -0.8964913073004459, 0.49859131808182844]",28.4246623970069,0.4441628109926348
"[0.46436503310611377, 0.6854279538008091, -0.8964893156549232, 0.49859669439591303]",28.424647500360695,0.4442256434740315
"[0.46435306299088924, 0.685422635761826, -0.8964873241369387, 0.498602070171791]",28.42463260863402,0.4442884759554281
"[0.46434109385069733, 0.6854173187302438, -0.8964853329041916, 0.4986074449838988]",28.42461771824013,0.44435130843682474
"[0.46432912710742785, 0.6854120033374117, -0.8964833421931998, 0.49861281819399417]",28.424602852725652,0.4444141409182213
"[0.46431715937033646, 0.6854066880770744, -0.8964813514398973, 0.4986181913246964]",28.424587976128723,0.4444769733996179
"[0.46430519354667954, 0.6854013742403221, -0.8964793611278901, 0.49862356307084366]",28.42457311564327,0.44453980588101455
"[0.4642932286805845, 0.6853960614024093, -0.8964773710981591, 0.49862893386178064]",28.42455826346814,0.44460263836241115
"[0.4642812656450985, 0.6853907499507456, -0.8964753814958866, 0.49863430330584313]",28.42454342588401,0.4446654708438077
"[0.4642693029451357, 0.6853854392213248, -0.8964733920724068, 0.49863967207426296]",28.42452858876291,0.44472830332520435
"[0.4642573407839683, 0.6853801293042727, -0.896471402861528, 0.4986450400759141]",28.42451375587934,0.444791135806601
"[0.4642453800092113, 0.6853748205756496, -0.8964694140041903, 0.4986504069305998]",28.424498939906293,0.4448539682879976
"[0.46423342111675736, 0.6853695132552683, -0.8964674255828192, 0.4986557724160688]",28.424484132275353,0.44491680076939416
"[0.4642214619915355, 0.6853642064042976, -0.8964654372457315, 0.4986611374814201]",28.42446932322448,0.4449796332507908
"[0.46420950520004556, 0.6853589011614175, -0.8964634494196219, 0.49866650097545967]",28.42445453460918,0.4450424657321874
"[0.4641975474009137, 0.6853535960439083, -0.8964614615489819, 0.49867186439716826]",28.42443973964234,0.4451052982135841
"[0.4641855924236722, 0.6853482927505739, -0.8964594742704249, 0.49867722602905007]",28.424424966457853,0.4451681306949806
"[0.46417363790718486, 0.6853429902337145, -0.8964574871914262, 0.4986825869302981]",28.42441019574623,0.4452309631763772
"[0.464161684391979, 0.6853376887329276, -0.8964555004018275, 0.498687946858657]",28.42439543000069,0.4452937956577739
"[0.46414973174555335, 0.6853323881892667, -0.896453513879595, 0.4986933058737011]",28.424380675539798,0.4453566281391705
"[0.46413778116076493, 0.6853270891314522, -0.8964515278229535, 0.4986986634408478]",28.424365933905403,0.44541946062056703
"[0.46412583017789255, 0.6853217904686314, -0.8964495418231166, 0.49870402066297426]",28.42435119690623,0.4454822931019637
"[0.4641138808888364, 0.685316493128154, -0.8964475562277118, 0.4987093766024623]",28.42433646552107,0.4455451255833603
"[0.4641019324758691, 0.6853111967472567, -0.8964455709008369, 0.4987147316260625]",28.424321743432625,0.44560795806475684
"[0.46408998576291705, 0.6853059016909352, -0.8964435859793719, 0.4987200853647102]",28.424307033719188,0.4456707905461535
"[0.46407803873860315, 0.6853006070675471, -0.8964416011291275, 0.4987254387199098]",28.42429232395472,0.44573362302755015
"[0.4640660937982954, 0.6852953139384824, -0.8964396167480553, 0.49873079061847725]",28.424277632225326,0.44579645550894675
"[0.46405414994833155, 0.685290021863142, -0.896437632671049, 0.4987361415058715]",28.424262945540143,0.4458592879903433
"[0.4640422067482701, 0.6852847306462009, -0.8964356488249354, 0.49874149157956776]",28.424248264717477,0.44592212047173996
"[0.46403026436629613, 0.6852794403620137, -0.8964336652376463, 0.49874684076436404]",28.424233591492147,0.44598495295313656
"[0.46401832383757113, 0.6852741514688978, -0.8964316820810956, 0.498752188596813]",28.4242189326548,0.4460477854345332
"[0.46400638311288106, 0.6852688630590119, -0.8964296990149281, 0.49875753599485206]",28.42420426993331,0.44611061791592976
"[0.4639944442405047, 0.685263576039349, -0.896427716379308, 0.49876288204135033]",28.424189626799734,0.44617345039732637
"[0.46398250602616425, 0.6852582898807953, -0.8964257339758844, 0.4987682272713031]",28.424174983997215,0.446236282878723
"[0.46397056846153656, 0.6852530045795272, -0.8964237518032729, 0.4987735716885577]",28.42416034951367,0.4462991153601196
"[0.4639586327855124, 0.6852477206838248, -0.8964217700671644, 0.4987789147386747]",28.424145729567577,0.44636194784151617
"[0.4639466979294665, 0.6852424377203633, -0.8964197885901061, 0.4987842569002501]",28.424131113524314,0.44642478032291283
"[0.463934763267106, 0.6852371554117928, -0.8964178072681203, 0.49878959845372556]",28.42411650331396,0.44648761280430943
"[0.4639228303374591, 0.6852318744391014, -0.8964158263566946, 0.4987949387104528]",28.424101903348163,0.4465504452857061
"[0.4639108993813384, 0.6852265949085449, -0.8964138458957671, 0.49880027756294776]",28.424087319171242,0.44661327776710263
"[0.46389896741066866, 0.6852213154977644, -0.8964118653893381, 0.49880561634841175]",28.424072730739198,0.44667611024849924
"[0.4638870377415837, 0.6852160376738752, -0.8964098853878295, 0.49881095358321176]",28.42405815546224,0.4467389427298959
"[0.46387510856909037, 0.6852107606380422, -0.8964079055916353, 0.49881629007514805]",28.424043587987413,0.44680177521129255
"[0.4638631813118164, 0.6852054850176388, -0.8964059262361752, 0.4988216251897502]",28.42402903495436,0.4468646076926891
"[0.4638512533729766, 0.6852002096638944, -0.8964039468905058, 0.4988269600887275]",28.424014477213206,0.4469274401740857
"[0.46383932862859345, 0.6851949362908382, -0.8964019681978005, 0.49883229303867693]",28.423999943828317,0.44699027265548236
"[0.46382740364619485, 0.6851896633802915, -0.8963999895884764, 0.49883762557489886]",28.423985406552312,0.44705310513687896
"[0.4638154799467104, 0.6851843916046443, -0.8963980113148893, 0.4988429570173843]",28.423970882776143,0.4471159376182755
"[0.46380355678123203, 0.6851791206326101, -0.896396033252777, 0.49884828770114686]",28.4239563604515,0.44717877009967216
"[0.4637916348449559, 0.6851738507713248, -0.8963940555174633, 0.4988536173155509]",28.423941850371804,0.44724160258106876
"[0.46377971409146745, 0.6851685820000679, -0.8963920781012295, 0.4988589458815248]",28.42392734924634,0.4473044350624654
"[0.46376779423292086, 0.6851633141914117, -0.8963901009563131, 0.49886427352791957]",28.42391285149602,0.44736726754386197
"[0.4637558759893208, 0.6851580476633201, -0.8963881242021207, 0.49886959993313296]",28.423898372412587,0.44743010002525857
"[0.46374395811371655, 0.6851527818645913, -0.8963861476318199, 0.49887492565461056]",28.4238838920059,0.4474929325066552
"[0.46373204139341273, 0.6851475171429373, -0.8963841713759794, 0.49888025034066297]",28.42386942302355,0.4475557649880518
"[0.46372012516065486, 0.6851422532031524, -0.896382195323852, 0.49888557428984026]",28.42385495835521,0.4476185974694484
"[0.4637082106329359, 0.6851369905828801, -0.8963802196773161, 0.49889089695834243]",28.423840507351628,0.44768142995084503
"[0.46369629802976564, 0.6851317293787594, -0.8963782444727326, 0.49889621824839536]",28.423826071085312,0.4477442624322417
"[0.463684384822009, 0.6851264684736528, -0.8963762692907483, 0.4989015392898762]",28.42381162719794,0.4478070949136382
"[0.46367247304424614, 0.6851212087659257, -0.8963742944686964, 0.49890685917413513]",28.423797197929815,0.44786992739503484
"[0.4636605628174164, 0.6851159503087182, -0.8963723200265987, 0.4989121778473953]",28.42378277924453,0.4479327598764315
"[0.46364865289438295, 0.6851106925512266, -0.8963703457576983, 0.4989174958667449]",28.423768366110387,0.4479955923578281
"[0.4636367443488454, 0.6851054359672788, -0.8963683718399696, 0.49892281275290473]",28.42375396076465,0.44805842483922464
"[0.46362483628455886, 0.6851001801610707, -0.8963663981248442, 0.49892812890619764]",28.423739562390328,0.4481212573206213
"[0.4636129296884238, 0.6850949255680052, -0.8963644247758841, 0.4989334438861987]",28.423725172349606,0.4481840898020179
"[0.46360102490160254, 0.6850896723383552, -0.8963624518495991, 0.4989387575408766]",28.42371079684692,0.44824692228341456
"[0.4635891203547212, 0.6850844197794076, -0.8963604790858904, 0.49894407057088846]",28.42369642554505,0.4483097547648111
"[0.46357721630254023, 0.6850791680034661, -0.8963585065269817, 0.49894938286262364]",28.423682058195055,0.4483725872462077
"[0.46356531443339605, 0.6850739177551428, -0.8963565344526148, 0.49895469366286277]",28.42366770627887,0.44843541972760437
"[0.46355341213484924, 0.6850686678818423, -0.8963545624299132, 0.4989600041374726]",28.42365335165942,0.44849825220900097
"[0.4635415116554099, 0.6850634193751926, -0.8963525908314158, 0.4989653132833592]",28.42363901076483,0.4485610846903975
"[0.46352961241838636, 0.6850581719805746, -0.8963506195615512, 0.49897062135805414]",28.423624679192915,0.4486239171717942
"[0.4635177130884538, 0.685052925109009, -0.8963486483991033, 0.49897592895733]",28.423610349778425,0.4486867496531908
"[0.46350581663276263, 0.685047680068575, -0.8963466778355649, 0.4989812347579397]",28.423596043741377,0.44874958213458743
"[0.4634939200946585, 0.6850424355554613, -0.8963447073811622, 0.4989865400787696]",28.423581733541532,0.448812414615984
"[0.4634820239698447, 0.6850371917881214, -0.8963427371180124, 0.4989918446988219]",28.423567428246713,0.44887524709738064
"[0.4634701303882836, 0.6850319497051751, -0.8963407673988564, 0.49899714766855513]",28.423553143022783,0.44893807957877724
"[0.4634582358161631, 0.6850267077489443, -0.8963387976384458, 0.4990024505637195]",28.423538851145178,0.4490009120601739
"[0.4634463436979925, 0.6850214674372583, -0.8963368284071931, 0.4990077518488219]",28.423524577905575,0.44906374454157044
"[0.46343445272120737, 0.6850162281914413, -0.89633485948771, 0.4990130521092373]",28.42351031372798,0.44912657702296704
"[0.46342256196577414, 0.685010989605968, -0.8963328907276535, 0.49901835175519504]",28.42349605106325,0.4491894095043637
"[0.46341067218092263, 0.6850057520107846, -0.8963309222510735, 0.49902365045288505]",28.423481795007305,0.44925224198576025
"[0.463398784496623, 0.6850005159033883, -0.8963289542450175, 0.49902894769897715]",28.42346755594283,0.44931507446715685
"[0.4633868964408195, 0.6849952801947533, -0.896326986300228, 0.49903424459519147]",28.42345331473883,0.4493779069485535
"[0.4633750108349722, 0.684990046127302, -0.8963250188837543, 0.4990395398845624]",28.42343909207793,0.4494407394299501
"[0.46336312518674255, 0.6849848126032637, -0.8963230515830207, 0.4990448346776753]",28.42342487222402,0.44950357191134666
"[0.4633512399267464, 0.6849795798121725, -0.8963210844693156, 0.4990501287827658]",28.42341065410963,0.4495664043927433
"[0.4633393573968621, 0.6849743487848268, -0.8963191179302092, 0.49905542115692725]",28.423396458283403,0.4496292368741399
"[0.4633274750573145, 0.6849691184028933, -0.896317151545345, 0.49906071293157794]",28.423382261008697,0.44969206935553657
"[0.46331559398271516, 0.6849638891392418, -0.8963151854925535, 0.49906600362827935]",28.423368074174903,0.4497549018369331
"[0.4633037129692588, 0.6849586604638914, -0.8963132195726288, 0.49907129378322024]",28.423353891726514,0.4498177343183297
"[0.4632918337335024, 0.6849534331320966, -0.8963112540695943, 0.49907658263224375]",28.42333971922052,0.4498805667997264
"[0.46327995562708024, 0.6849482068582955, -0.8963092888761455, 0.49908187046424335]",28.423325560510225,0.44994339928112304
"[0.46326807811747767, 0.6849429814080192, -0.896307323904171, 0.4990871575164282]",28.42331140297967,0.4500062317625196
"[0.4632562010968018, 0.6849377567336578, -0.896305359135822, 0.49909244383695395]",28.423297248997383,0.4500690642439162
"[0.46324432641755364, 0.6849325336498888, -0.8963033948775235, 0.4990977286015013]",28.42328311359045,0.45013189672531284
"[0.4632324519864904, 0.6849273112357599, -0.8963014307829988, 0.49910301274187135]",28.42326898121913,0.45019472920670944
"[0.4632205777962539, 0.6849220894879566, -0.8962994668510395, 0.49910829626140535]",28.42325485292291,0.450257561688106
"[0.4632087057322429, 0.6849168692353557, -0.8962975033934633, 0.49911357832139674]",28.423240735560693,0.45032039416950265
"[0.46319683428051467, 0.6849116498120434, -0.8962955401598615, 0.49911885959561497]",28.423226629742764,0.45038322665089925
"[0.46318496426672096, 0.6849064315808254, -0.8962935772867617, 0.4991241397169314]",28.423212532036967,0.4504460591322959
"[0.46317309472237406, 0.6849012141157531, -0.8962916146139992, 0.49912941911632525]",28.42319843943023,0.45050889161369245
"[0.46316122602542736, 0.6848959975828227, -0.8962896522040661, 0.4991346976258112]",28.423184353637396,0.45057172409508905
"[0.46314935891776543, 0.6848907823078821, -0.8962876901796095, 0.49913997491564405]",28.423170276875975,0.4506345565764857
"[0.46313749372430385, 0.6848855684334301, -0.8962857285943102, 0.49914525084159844]",28.423156219307987,0.4506973890578823
"[0.4631256275955107, 0.6848803547071872, -0.8962837669770793, 0.49915052667084064]",28.423142154901154,0.45076022153927886
"[0.463113763684573, 0.6848751425144584, -0.8962818058491748, 0.49915580100154716]",28.423128105788845,0.4508230540206755
"[0.46310189976821625, 0.6848699308782811, -0.8962798448430682, 0.4991610748223032]",28.42311405832092,0.4508858865020722
"[0.4630900366996687, 0.6848647201733592, -0.8962778840997956, 0.499166347753919]",28.42310001356362,0.4509487189834688
"[0.4630781760730535, 0.6848595110996053, -0.8962759238828018, 0.49917161908809216]",28.423085990869982,0.4510115514648653
"[0.4630663148144567, 0.6848543023068138, -0.8962739636840477, 0.4991768901911447]",28.423071965845647,0.451074383946262
"[0.4630544561622302, 0.6848490952168915, -0.8962720040386926, 0.4991821596241374]",28.423057958725227,0.4511372164276586
"[0.4630425979069788, 0.6848438888594629, -0.8962700445816031, 0.4991874283690335]",28.423043957570073,0.45120004890905513
"[0.46303074046770776, 0.6848386834182976, -0.8962680853820162, 0.49919269623984736]",28.42302995927106,0.4512628813904518
"[0.463018883831731, 0.6848334788877228, -0.8962661264378263, 0.49919796324229526]",28.42301596951535,0.4513257138718484
"[0.4630070293676351, 0.6848282758682033, -0.8962641679751224, 0.4992032287686781]",28.42300199658402,0.45138854635324505
"[0.46299517435087434, 0.6848230731637548, -0.8962622095437774, 0.4992084940293263]",28.422988019270583,0.4514513788346416
"[0.4629833210198342, 0.6848178717565868, -0.8962602515135694, 0.49921375803020474]",28.42297405374333,0.4515142113160382
"[0.4629714689485039, 0.6848126714595038, -0.8962582938140979, 0.4992190209607322]",28.42296009833946,0.45157704379743485
"[0.46295961741984903, 0.6848074719577179, -0.8962563363269141, 0.4992242831394664]",28.42294615024063,0.45163987627883145
"[0.4629477666066303, 0.6848022733268841, -0.896254379080551, 0.4992295444898226]",28.422932208718603,0.451702708760228
"[0.46293591738947626, 0.6847970759530994, -0.8962524222204313, 0.49923480462102093]",28.422918275544728,0.45176554124162466
"[0.4629240690905603, 0.684791879538837, -0.8962504656345932, 0.49924006383415376]",28.42290434941568,0.45182837372302126
"[0.46291222126545317, 0.6847866838889953, -0.8962485092496414, 0.4992453223266639]",28.422890433354173,0.4518912062044179
"[0.46290037534300066, 0.6847814896299905, -0.8962465533014948, 0.49925057946453144]",28.422876525210267,0.45195403868581446
"[0.46288852948762516, 0.6847762959567578, -0.8962445974870585, 0.4992558360625439]",28.42286262110902,0.4520168711672111
"[0.4628766856271042, 0.6847711037142827, -0.8962426421246045, 0.4992610912654574]",28.42284873165037,0.4520797036486077
"[0.46286484215446294, 0.6847659121978983, -0.8962406869488089, 0.4992663457864561]",28.422834846099345,0.4521425361300044
"[0.4628529992830131, 0.684760721500978, -0.8962387319948891, 0.49927159953101785]",28.42282096623302,0.4522053686114009
"[0.46284115742980964, 0.6847555318061559, -0.8962367773316813, 0.49927685231427066]",28.42280709355844,0.45226820109279753
"[0.46282931775331637, 0.68475034362085, -0.8962348231503745, 0.49928210362259695]",28.422793239244744,0.4523310335741942
"[0.46281747802338863, 0.6847451559676119, -0.8962328690828597, 0.4992873544453138]",28.42277938493597,0.4523938660555908
"[0.46280563954994997, 0.6847399694202436, -0.8962309153453302, 0.49929260420161525]",28.422765537996817,0.45245669853698733
"[0.46279380216772537, 0.6847347839061417, -0.8962289619104898, 0.4992978529649641]",28.422751702830414,0.452519531018384
"[0.4627819656046132, 0.6847295993059177, -0.8962270087334245, 0.4993031008561826]",28.422737872608863,0.4525823634997806
"[0.4627701296721437, 0.6847244155368684, -0.8962250557830282, 0.4993083479589652]",28.422724047,0.45264519598117725
"[0.4627582950793388, 0.684719232909336, -0.8962231031762783, 0.4993135939591552]",28.42271022992029,0.4527080284625738
"[0.4627464614444619, 0.6847140512559391, -0.8962211508501735, 0.49931883902615565]",28.422696424984615,0.4527708609439704
"[0.46273462960335177, 0.6847088709424299, -0.896219198942585, 0.49932408278971113]",28.422682633344273,0.45283369342536706
"[0.4627227972308255, 0.6847036909506561, -0.8962172470699237, 0.49932932628042553]",28.422668834666634,0.4528965259067636
"[0.4627109669417653, 0.6846985124251522, -0.8962152956635353, 0.4993345683397179]",28.422655058600782,0.4529593583881602
"[0.46269913742106716, 0.6846933347900596, -0.8962133445064663, 0.4993398095504796]",28.422641283563205,0.45302219086955686
"[0.46268730849356376, 0.6846881579685454, -0.89621139356982, 0.49934504999047]",28.422627514447697,0.4530850233509535
"[0.4626754808652177, 0.6846829822693865, -0.896209442970019, 0.4993502893470955]",28.42261375491679,0.45314785583235007
"[0.4626636544649518, 0.6846778076612554, -0.896207492695319, 0.4993555276520432]",28.42260000342938,0.45321068831374667
"[0.46265182961765067, 0.684672634286065, -0.8962055427992702, 0.49936076476162455]",28.42258626977667,0.4532735207951433
"[0.4626400041416108, 0.6846674611891874, -0.8962035929221173, 0.49936600164221384]",28.422572526560145,0.4533363532765399
"[0.46262818061211014, 0.6846622894970628, -0.8962016434884884, 0.4993712371534632]",28.422558801571604,0.4533991857579365
"[0.4626163583899261, 0.6846571189298108, -0.8961996943929571, 0.49937647157867543]",28.42254508425102,0.45346201823933313
"[0.46260453612845825, 0.6846519488983448, -0.8961977454135105, 0.49938170551419525]",28.42253136792452,0.45352485072072973
"[0.46259271516959044, 0.6846467799893526, -0.8961957967713647, 0.4993869383660651]",28.422517664001983,0.4535876832021264
"[0.46258089520190854, 0.6846416120664476, -0.8961938484151669, 0.4993921702723347]",28.422503966250698,0.45365051568352294
"[0.46256907673372627, 0.6846364453516547, -0.8961919004286835, 0.4993974010082036]",28.42249028112745,0.45371334816491954
"[0.46255725880320336, 0.6846312794242951, -0.8961899526533634, 0.499402630999541]",28.422476599275743,0.4537761806463162
"[0.4625454431093785, 0.6846261150268176, -0.8961880053692088, 0.49940785949466276]",28.422462934025422,0.4538390131277128
"[0.46253362695893774, 0.6846209509818567, -0.8961860581323382, 0.49941308768552584]",28.422449268641117,0.45390184560910934
"[0.4625218115449064, 0.6846157878107387, -0.8961841111393681, 0.4994183150443168]",28.422435606485333,0.453964678090506
"[0.46250999845966606, 0.6846106262090419, -0.8961821646526675, 0.4994235408667813]",28.422421964729086,0.45402751057190266
"[0.4624981846368618, 0.6846054648368016, -0.8961802181669742, 0.49942876650953544]",28.42240831633625,0.45409034305329926
"[0.46248637321301794, 0.6846003050641764, -0.8961782721990637, 0.49943399058533866]",28.42239468615456,0.4541531755346958
"[0.4624745625335575, 0.6845951461681012, -0.8961763264763076, 0.49943921382623685]",28.42238106158749,0.45421600801609247
"[0.4624627521286805, 0.6845899879432494, -0.8961743809213115, 0.499444436440102]",28.422367440775677,0.45427884049748907
"[0.46245094343121895, 0.6845848310152264, -0.8961724357700956, 0.49944965779349626]",28.42235383378352,0.4543416729788857
"[0.46243913533607184, 0.6845796749012257, -0.8961704908406061, 0.4994548783752331]",28.42234022983469,0.45440450546028227
"[0.46242732839488443, 0.684574519841935, -0.8961685462236961, 0.49946009794159574]",28.42232663790739,0.4544673379416789
"[0.4624155223258082, 0.6845693657141283, -0.8961666018729298, 0.49946531661732824]",28.42231305083883,0.45453017042307553
"[0.46240371770804783, 0.6845642127704726, -0.8961646578836783, 0.4994705341465729]",28.422299476249513,0.45459300290447213
"[0.4623919139046701, 0.6845590607326538, -0.8961627141510333, 0.49947575081111334]",28.422285905904065,0.4546558353858687
"[0.4623801103318655, 0.6845539093458078, -0.8961607705788592, 0.4994809668689889]",28.42227233967099,0.45471866786726534
"[0.4623683082301941, 0.6845487591511558, -0.8961588273714172, 0.49948618177216497]",28.42225878378768,0.45478150034866194
"[0.4623565072137962, 0.6845436099800895, -0.8961568844651532, 0.4994913956913426]",28.422245239295016,0.4548443328300585
"[0.4623447077932616, 0.6845384620551609, -0.8961549419441052, 0.4994966084011435]",28.422231706882297,0.45490716531145514
"[0.4623329088343692, 0.6845333148813326, -0.8961529996215338, 0.4995018204028123]",28.422218173653356,0.45496999779285174
"[0.46232111014653293, 0.6845281683753714, -0.8961510574660699, 0.4995070317806158]",28.42220464871905,0.4550328302742484
"[0.4623093133096421, 0.6845230232261973, -0.8961491157377611, 0.4995122418369283]",28.42219113367005,0.45509566275564495
"[0.4622975162555794, 0.6845178785316675, -0.896147174096191, 0.4995174514852517]",28.4221776215464,0.4551584952370416
"[0.4622857213606, 0.6845127353278735, -0.8961452329324481, 0.49952265967639187]",28.42216412277718,0.4552213277184382
"[0.46227392811793877, 0.6845075933935273, -0.896143292163088, 0.4995278666343981]",28.42215063908876,0.45528416019983486
"[0.4622621338912205, 0.6845024515790558, -0.8961413513542592, 0.49953307352336723]",28.422137145271712,0.4553469926812314
"[0.46225034233771933, 0.6844973114787197, -0.8961394111077784, 0.4995382787288407]",28.422123674422863,0.455409825162628
"[0.46223855082464266, 0.6844921719446111, -0.8961374709904065, 0.4995434834132394]",28.422110205240443,0.45547265764402467
"[0.4622267603361636, 0.6844870334055754, -0.8961355311640746, 0.499548687142265]",28.42209674490419,0.45553549012542127
"[0.4622149711122549, 0.6844818959659924, -0.8961335916682461, 0.49955388981018933]",28.42208329011134,0.4555983226068178
"[0.4622031825812456, 0.6844767593765566, -0.8961316524088596, 0.4995590916694603]",28.422069847402486,0.4556611550882145
"[0.46219139496118067, 0.6844716237321219, -0.8961297134217755, 0.49956429262399965]",28.422056406074628,0.4557239875696111
"[0.462179609247612, 0.6844664894661765, -0.8961277748707304, 0.4995694922347782]",28.422042983333885,0.45578682005100773
"[0.4621678234621481, 0.6844613557166944, -0.8961258364302994, 0.4995746913747715]",28.4220295569563,0.4558496525324043
"[0.4621560388390645, 0.6844562230211906, -0.8961238983034884, 0.49957988949960197]",28.42201614211594,0.4559124850138009
"[0.46214425541524845, 0.6844510913955163, -0.896121960496343, 0.49958508659319084]",28.42200273572687,0.45597531749519754
"[0.4621324732561329, 0.6844459608679473, -0.8961200230196031, 0.4995902826268766]",28.421989342667985,0.4560381499765942
"[0.4621206911328073, 0.6844408309032192, -0.896118085671182, 0.4995954781427397]",28.421975947973646,0.45610098245799074
"[0.4621089112722455, 0.6844357024707519, -0.8961161488172439, 0.49960067215894827]",28.42196256942974,0.45616381493938735
"[0.46209713119484125, 0.6844305744908528, -0.8961142120500758, 0.49960586576897953]",28.421949189387462,0.456226647420784
"[0.4620853520648013, 0.6844254474701917, -0.8961122755610911, 0.4996110584596658]",28.421935816165934,0.4562894799021806
"[0.4620735759437372, 0.6844203223058104, -0.8961103396891738, 0.499616249322439]",28.42192247242764,0.45635231238357715
"[0.46206179836024736, 0.6844151970515177, -0.896108403699265, 0.4996214403284187]",28.42190911262184,0.4564151448649738
"[0.4620500224483363, 0.684410073071077, -0.8961064681065437, 0.4996266300963358]",28.421895765647307,0.4564779773463704
"[0.46203824803249166, 0.6844049502878523, -0.8961045328821283, 0.4996318187037795]",28.42188243295317,0.45654080982776707
"[0.4620264738784231, 0.6843998281646588, -0.8961025978231434, 0.49963700669481664]",28.421869101611815,0.4566036423091636
"[0.46201470105915826, 0.6843947071681415, -0.8961006631059303, 0.4996421935967811]",28.42185578018702,0.4566664747905602
"[0.46200292980060476, 0.6843895873963175, -0.8960987287675867, 0.49964737931036607]",28.4218424714328,0.4567293072719569
"[0.4619911584038983, 0.6843844681101346, -0.8960967945289368, 0.49965256458412427]",28.421829161798282,0.4567921397533534
"[0.46197938836228597, 0.6843793499588676, -0.8960948606353448, 0.4996577487603946]",28.42181586574445,0.45685497223475
"[0.4619676195711761, 0.6843742328968047, -0.8960929270696021, 0.49966293188545136]",28.421802574740372,0.4569178047161467
"[0.46195585244852694, 0.6843691171054238, -0.8960909939003489, 0.49966811377544545]",28.421789295325254,0.4569806371975433
"[0.4619440854840965, 0.684364001927968, -0.8960890608794624, 0.4996732950955986]",28.421776026012523,0.45704346967893983
"[0.46193231899854786, 0.6843588875037526, -0.8960871280596268, 0.4996784757047793]",28.421762754177934,0.4571063021603365
"[0.4619205545237977, 0.6843537744983831, -0.896085195692461, 0.49968365492874517]",28.421749499936087,0.45716913464173314
"[0.46190878964861376, 0.6843486618637834, -0.8960832633818999, 0.49968883382912416]",28.421736244662213,0.45723196712312975
"[0.4618970267223002, 0.6843435506207177, -0.8960813315137965, 0.4996940113719026]",28.42172300266364,0.4572947996045263
"[0.46188526508039063, 0.6843384404801871, -0.8960793999789896, 0.49969918784979817]",28.42170977421236,0.45735763208592295
"[0.46187350366465646, 0.6843333309822731, -0.896077468603686, 0.49970436372867977]",28.421696540284387,0.45742046456731955
"[0.4618617431568792, 0.6843282224230202, -0.8960755374998433, 0.4997095387086412]",28.421683317272283,0.4574832970487162
"[0.4618499835030637, 0.6843231147788188, -0.8960736066585842, 0.49971471281357716]",28.421670103258247,0.45754612953011276
"[0.46183822575486083, 0.6843180085061941, -0.8960716762525551, 0.4997198855809953]",28.42165690289561,0.45760896201150936
"[0.4618264688839888, 0.6843129031583345, -0.8960697461129049, 0.49972505746349755]",28.421643709057495,0.457671794492906
"[0.4618147118349833, 0.6843077982768228, -0.8960678160663627, 0.4997302289254613]",28.42163051480303,0.4577346269743026
"[0.46180295629444007, 0.6843026945938145, -0.896065886389798, 0.49973539922516536]",28.421617333184646,0.45779745945569916
"[0.46179120239334176, 0.6842975921659306, -0.8960639571046788, 0.49974056830521846]",28.421604160872878,0.4578602919370958
"[0.4617794491196219, 0.684292490553617, -0.896062028044866, 0.49974573661089267]",28.421590996940317,0.4579231244184924
"[0.46176769674449974, 0.684287389874446, -0.8960600992548681, 0.4997509040230593]",28.42157784003477,0.4579859568998891
"[0.461755944859298, 0.6842822899509065, -0.8960581706676085, 0.49975607072153355]",28.421564687160622,0.4580487893812856
"[0.46174419405475176, 0.6842771910391925, -0.8960562423800243, 0.4997612364467477]",28.421551543661792,0.4581116218626823
"[0.46173244408418523, 0.6842720930321119, -0.8960543143516236, 0.49976640130727495]",28.421538405623163,0.4581744543440789
"[0.4617206967273577, 0.6842669967015194, -0.8960523868744069, 0.4997715645211107]",28.42152528733872,0.45823728682547554
"[0.4617089485153053, 0.6842619005423604, -0.8960504593791837, 0.49977672761303715]",28.421512162135798,0.4583001193068721
"[0.4616972020114659, 0.6842568056664858, -0.8960485322865335, 0.4997818894565869]",28.42149905319528,0.4583629517882687
"[0.46168545671368605, 0.6842517118558471, -0.8960466055140464, 0.49978705027264586]",28.421485952651647,0.45842578426966535
"[0.4616737108901092, 0.6842466183592565, -0.8960446787776246, 0.49979221082226954]",28.42147285020329,0.4584886167510619
"[0.46166196808753057, 0.6842415267145466, -0.8960427526590463, 0.49979736954735515]",28.42145976439134,0.4585514492324585
"[0.4616502245784572, 0.6842364353052705, -0.8960408265468894, 0.4998025280856218]",28.421446680818974,0.45861428171385515
"[0.4616384819982309, 0.6842313448403781, -0.8960389007093879, 0.4998076857187603]",28.421433604305246,0.45867711419525176
"[0.46162674105176876, 0.6842262556252299, -0.8960369752621276, 0.4998128421373555]",28.421420533518063,0.4587399466766483
"[0.4616150020348583, 0.6842211677877362, -0.8960350502535782, 0.4998179972117758]",28.421407485563655,0.45880277915804496
"[0.4616032629446493, 0.6842160804596696, -0.8960331253552916, 0.4998231518217001]",28.421394433993246,0.45886561163944156
"[0.46159152411715026, 0.6842109937865827, -0.8960312006223786, 0.49982830581964144]",28.421381386222862,0.4589284441208382
"[0.46157978811633216, 0.6842059088792363, -0.896029276475204, 0.49983345808010704]",28.42136835962079,0.45899127660223477
"[0.46156805205359236, 0.6842008244858332, -0.8960273524401474, 0.49983860987144824]",28.421355333754228,0.45905410908363137
"[0.46155631670864683, 0.684195740944079, -0.8960254286450441, 0.4998437608514689]",28.421342311399513,0.459116941565028
"[0.4615445827877438, 0.6841906585597117, -0.8960235052056535, 0.4998489107103526]",28.42132930067852,0.4591797740464247
"[0.4615328496356926, 0.6841855770487463, -0.8960215820145585, 0.49985405973583036]",28.42131629563017,0.45924260652782123
"[0.4615211168657121, 0.6841804962435465, -0.8960196590083608, 0.49985920809774925]",28.4213032965319,0.45930543900921783
"[0.46150938587939555, 0.6841754167508673, -0.8960177364167642, 0.4998643551812627]",28.421290311374854,0.4593682714906145
"[0.46149765537237136, 0.684170338005715, -0.8960158140259777, 0.4998695015588592]",28.421277327542537,0.4594311039720111
"[0.46148592552376394, 0.6841652600855176, -0.8960138918653543, 0.4998746471520629]",28.421264353097875,0.45949393645340764
"[0.46147419682935126, 0.6841601832047277, -0.8960119700161256, 0.4998797917435415]",28.421251384435514,0.4595567689348043
"[0.46146246910692096, 0.6841551072842809, -0.8960100484484176, 0.4998849354133915]",28.421238425731136,0.4596196014162009
"[0.461450743411044, 0.6841500327803549, -0.8960081273349906, 0.49989007769931726]",28.421225481157183,0.45968243389759755
"[0.4614390178665221, 0.6841449588812472, -0.8960062063685977, 0.49989521942383897]",28.421212537310968,0.4597452663789941
"[0.46142729352761414, 0.6841398860429714, -0.8960042857219526, 0.4999003601248317]",28.421199604842396,0.4598080988603907
"[0.4614155695081226, 0.6841348138819695, -0.8960023652498725, 0.49990550019096386]",28.421186672824163,0.45987093134178736
"[0.46140384702560155, 0.6841297429248233, -0.8960004451517893, 0.49991063908858246]",28.42117375369319,0.45993376382318396
"[0.4613921255416038, 0.6841246729383811, -0.8959985253394843, 0.49991577705393725]",28.421160845802696,0.4599965963045805
"[0.46138040450440515, 0.6841196036838542, -0.8959966057225868, 0.499920914329]",28.421147939543157,0.46005942878597716
"[0.46136868447691465, 0.6841145354045504, -0.8959946863932816, 0.49992605066717943]",28.421135039937923,0.46012226126737377
"[0.46135696635136425, 0.6841094684860635, -0.8959927674976564, 0.49993118567767575]",28.421122156297677,0.4601850937487704
"[0.46134524762921925, 0.6841044018478909, -0.8959908486265611, 0.4999363204554942]",28.42110927081373,0.46024792623016697
"[0.46133353095226864, 0.6840993366320761, -0.8959889302125666, 0.4999414538432135]",28.421096397369457,0.46031075871156363
"[0.46132181458165755, 0.6840942720866912, -0.8959870119709444, 0.49994658660285707]",28.421083527983942,0.46037359119296023
"[0.46131009981341814, 0.6840892087717763, -0.8959850941138717, 0.4999517181668203]",28.421070675630038,0.4604364236743568
"[0.46129838536172946, 0.684084146131409, -0.8959831764308297, 0.49995684909849647]",28.421057821240904,0.46049925615575343
"[0.4612866723645577, 0.6840790846572111, -0.8959812591080955, 0.49996197889961225]",28.421044977624245,0.46056208863715004
"[0.46127496054676415, 0.6840740242300641, -0.8959793421006061, 0.49996710769086716]",28.421032147510154,0.4606249211185467
"[0.4612632487098639, 0.6840689643320019, -0.8959774252121904, 0.4999722359972085]",28.421019309989493,0.46068775359994324
"[0.4612515380294569, 0.6840639054707955, -0.8959755086352597, 0.4999773633039833]",28.4210064893013,0.46075058608133984
"[0.4612398289407319, 0.6840588478342107, -0.8959735924410095, 0.49998248942085877]",28.420993675146008,0.4608134185627365
"[0.4612281198653277, 0.6840537907403357, -0.895971676371133, 0.49998761503895867]",28.42098086854036,0.4608762510441331
"[0.4612164126377969, 0.684048734981298, -0.8959697607258246, 0.49999273935540367]",28.420968071100727,0.46093908352552965
"[0.46120470649146666, 0.6840436802258031, -0.8959678453796033, 0.49999786270594954]",28.420955284064867,0.4610019160069263
"[0.461193001422104, 0.6840386264718151, -0.8959659303317598, 0.5000029850926377]",28.420942502587412,0.4610647484883229
"[0.46118129646566586, 0.684033573302967, -0.8959640154245669, 0.500008106937473]",28.420929727567785,0.46112758096971956
"[0.4611695928615582, 0.6840285212541881, -0.8959621008607825, 0.5000132276982365]",28.420916960373585,0.4611904134511161
"[0.4611578908131388, 0.6840234704130114, -0.8959601866736445, 0.5000183472861768]",28.42090420470745,0.46125324593251277
"[0.4611461882313216, 0.6840184198776174, -0.8959582725214271, 0.5000234666153732]",28.420891449105657,0.46131607841390937
"[0.461134487930896, 0.684013370862647, -0.895956358864525, 0.5000285844546184]",28.42087870791064,0.461378910895306
"[0.4611227884166388, 0.6840083227226069, -0.8959544454583536, 0.5000337014581756]",28.420865974260366,0.4614417433767026
"[0.46111108881938273, 0.6840032750823711, -0.8959525321607703, 0.5000388180062746]",28.420853238205883,0.4615045758580992
"[0.4610993904896966, 0.6839982285244981, -0.8959506191926387, 0.5000439335083867]",28.420840512488137,0.46156740833949583
"[0.4610876933634678, 0.6839931830211148, -0.8959487065434526, 0.500049047992741]",28.42082779952809,0.46163024082089243
"[0.46107599821940176, 0.6839881389078472, -0.8959467943405084, 0.5000541611190931]",28.42081509862937,0.461693073302289
"[0.4610643032048482, 0.6839830953854574, -0.895944882280874, 0.5000592736975925]",28.420802399290633,0.46175590578368564
"[0.4610526086780688, 0.6839780526083629, -0.8959429704231294, 0.5000643855716945]",28.42078970623467,0.46181873826508224
"[0.4610409153438066, 0.6839730108802818, -0.8959410588824793, 0.5000694964334996]",28.42077702328834,0.4618815707464789
"[0.4610292231909046, 0.683967970196206, -0.8959391476570786, 0.5000746062880597]",28.420764346373534,0.46194440322787544
"[0.46101753212895397, 0.683962930516954, -0.8959372367321301, 0.5000797151750699]",28.420751680117103,0.46200723570927205
"[0.46100584165532427, 0.6839578916256956, -0.8959353260254677, 0.5000848233143182]",28.42073901940793,0.4620700681906687
"[0.4609941528574658, 0.6839528539909474, -0.8959334157148077, 0.5000899302308252]",28.420726372528396,0.46213290067206525
"[0.46098246316433245, 0.6839478165045433, -0.8959315053799654, 0.5000950370479834]",28.420713716291527,0.46219573315346185
"[0.46097077529055197, 0.6839427803361973, -0.8959295954645687, 0.500100142579965]",28.42070107568335,0.4622585656348585
"[0.4609590897753294, 0.6839377457179161, -0.8959276860566805, 0.5001052465915313]",28.420688452676096,0.46232139811625517
"[0.4609474038521853, 0.6839327114576026, -0.8959257767042448, 0.5001103502911886]",28.4206758261636,0.4623842305976517
"[0.4609357189197536, 0.6839276781576986, -0.8959238676357911, 0.5001154530681724]",28.420663210080175,0.4624470630790483
"[0.46092403613520333, 0.6839226463163958, -0.8959219590403438, 0.5001205544173848]",28.42065060779104,0.462509895560445
"[0.460912352890389, 0.6839176148101898, -0.8959200504918036, 0.5001256554778298]",28.420638007750192,0.4625727280418416
"[0.46090067075590424, 0.6839125843153817, -0.895918142246746, 0.5001307555638435]",28.42062541309876,0.4626355605232381
"[0.46088899001499234, 0.6839075549537247, -0.8959162343514162, 0.5001358545519636]",28.420612827245275,0.4626983930046348
"[0.4608773095271883, 0.6839025262340098, -0.8959143266195244, 0.5001409529401787]",28.420600247250245,0.4627612254860314
"[0.46086563099901834, 0.6838974988907408, -0.895912419329773, 0.5001460499837869]",28.4205876809916,0.46282405796742804
"[0.4608539525861802, 0.6838924721297988, -0.8959105121809419, 0.5001511464878934]",28.420575116676396,0.4628868904488246
"[0.46084227615982903, 0.683887446756399, -0.8959086054785851, 0.5001562416360881]",28.42056256676488,0.4629497229302212
"[0.4608305992247891, 0.6838824216965064, -0.8959066988152459, 0.5001613365173004]",28.420550013357975,0.46301255541161784
"[0.46081892405556696, 0.683877397928801, -0.8959047925623129, 0.5001664301392345]",28.42053747380332,0.46307538789301445
"[0.4608072499058332, 0.6838723751319067, -0.8959028865979022, 0.5001715228277077]",28.420524943687923,0.463138220374411
"[0.46079557597095383, 0.6838673529594984, -0.8959009807906444, 0.5001766149338471]",28.42051241272997,0.46320105285580765
"[0.4607839041037003, 0.6838623322084453, -0.8958990754429904, 0.5001817056496636]",28.420499902438706,0.4632638853372043
"[0.46077223223699815, 0.6838573119894003, -0.8958971702174895, 0.5001867958768739]",28.420487388126684,0.4633267178186009
"[0.46076056168762486, 0.6838522928685634, -0.8958952653290783, 0.5001918850413659]",28.420474887266153,0.46338955029999745
"[0.46074889214496123, 0.6838472747121705, -0.8958933607270365, 0.5001969732787455]",28.420462392611107,0.4634523827813941
"[0.4607372233708079, 0.6838422574176151, -0.8958914563724764, 0.5002020606930311]",28.42044990705766,0.4635152152627907
"[0.46072555538194704, 0.6838372409919619, -0.8958895522681287, 0.5002071472770405]",28.42043742398874,0.46357804774418737
"[0.46071388900245475, 0.6838322257892973, -0.8958876485484534, 0.5002122326717109]",28.420424955733726,0.4636408802255839
"[0.46070222355892726, 0.683827211519916, -0.8958857451035415, 0.500217317170776]",28.420412493490762,0.4637037127069805
"[0.4606905589905128, 0.6838221981574931, -0.8958838419234515, 0.500222400800909]",28.42040003963189,0.4637665451883772
"[0.46067889429756176, 0.6838171852722873, -0.8958819388450866, 0.50022748399786]",28.42038758612704,0.4638293776697738
"[0.4606672312491499, 0.683812173624409, -0.8958800361570611, 0.500232565990839]",28.42037514420687,0.4638922101511703
"[0.46065556829781606, 0.6838071625487446, -0.8958781336069145, 0.5002376474542741]",28.42036270610669,0.463955042632567
"[0.46064390768673946, 0.683802153008882, -0.8958762315605494, 0.5002427274110183]",28.420350282241824,0.4640178751139636
"[0.4606322477479839, 0.6837971442880046, -0.8958743297458661, 0.5002478065879349]",28.42033786212277,0.46408070759536013
"[0.4606205877844301, 0.6837921360865626, -0.8958724280491657, 0.5002528852887747]",28.42032544704227,0.4641435400767568
"[0.46060892960874633, 0.6837871291829724, -0.8958705267660767, 0.5002579627241427]",28.420313042972868,0.4642063725581534
"[0.46059727231573167, 0.6837821231882474, -0.8958686257489477, 0.5002630392884788]",28.420300650431205,0.46426920503955005
"[0.4605856161759121, 0.6837771182183655, -0.8958667250418799, 0.5002681148641479]",28.4202882642722,0.4643320375209466
"[0.46057396066077355, 0.6837721140462343, -0.8958648245586792, 0.5002731896814256]",28.42027588086755,0.46439487000234325
"[0.460562305511971, 0.683767110560821, -0.8958629242572227, 0.5002782638528966]",28.4202635045304,0.46445770248373985
"[0.4605506522678983, 0.6837621084223489, -0.8958610243883162, 0.5002833367089864]",28.4202511407678,0.4645205349651365
"[0.46053899941557247, 0.6837571069811771, -0.8958591247052735, 0.5002884089084961]",28.420238777281185,0.46458336744653306
"[0.4605273480182083, 0.6837521066934515, -0.8958572253814104, 0.5002934799888064]",28.420226432439097,0.46464619992792966
"[0.46051569634519035, 0.6837471068163542, -0.8958553261346132, 0.5002985507032339]",28.420214080826202,0.4647090324093263
"[0.4605040470681701, 0.6837421084961394, -0.8958534274003489, 0.5003036198892621]",28.420201749077933,0.4647718648907229
"[0.4604923977687039, 0.6837371106949114, -0.8958515287844112, 0.500308688599478]",28.420189416555164,0.46483469737211947
"[0.4604807503947166, 0.6837321142482048, -0.8958496306042613, 0.5003137559864703]",28.420177103001357,0.4648975298535161
"[0.4604691021623356, 0.6837271179616902, -0.8958477324062094, 0.50031882326151]",28.42016477902541,0.4649603623349127
"[0.46045745600304666, 0.6837221230926425, -0.895845834667968, 0.5003238891494413]",28.42015247364516,0.4650231948163094
"[0.4604458113139663, 0.6837171293822059, -0.8958439372912581, 0.5003289539127691]",28.420140180648602,0.46508602729770593
"[0.4604341666376783, 0.6837121362052352, -0.8958420400386031, 0.5003340181855143]",28.420127883835033,0.46514885977910253
"[0.4604225236231385, 0.6837071442686388, -0.8958401431786548, 0.5003390812506835]",28.42011560151615,0.4652116922604992
"[0.4604108807183325, 0.6837021529068258, -0.8958382464585499, 0.5003441437833305]",28.420103320969883,0.4652745247418958
"[0.46039923873595534, 0.6836971624680842, -0.8958363500106834, 0.500349205430186]",28.420091049609642,0.46533735722329234
"[0.46038759885498365, 0.6836921734575448, -0.8958344540270762, 0.5003542656788823]",28.42007879511862,0.465400189704689
"[0.4603759593713914, 0.6836871851446235, -0.8958325582301419, 0.5003593252704113]",28.420066539884264,0.46546302218608565
"[0.46036431976345293, 0.6836821973056627, -0.8958306625349153, 0.5003643844316145]",28.42005428789595,0.46552585466748225
"[0.460352682145645, 0.6836772108465905, -0.8958287672857599, 0.5003694422435893]",28.420042049352332,0.4655886871488788
"[0.4603410452044257, 0.6836722252043678, -0.8958268722687326, 0.5003744992774046]",28.420029818481428,0.46565151963027546
"[0.4603294098783297, 0.6836672407808714, -0.8958249776366496, 0.5003795551254062]",28.42001759812127,0.46571435211167206
"[0.46031777526837786, 0.6836622571908035, -0.8958230832431056, 0.500384610178388]",28.4200053845883,0.4657771845930686
"[0.4603061395494223, 0.6836572736523577, -0.895821188790945, 0.5003896652293611]",28.419993163834903,0.46584001707446526
"[0.4602945078827424, 0.6836522923758457, -0.8958192951204641, 0.5003947180362683]",28.419980972732333,0.46590284955586186
"[0.46028287493285786, 0.6836473110761089, -0.8958174013630028, 0.5003997709170556]",28.419968774275656,0.4659656820372585
"[0.46027124330068875, 0.6836423308668294, -0.8958155079419882, 0.5004048227420282]",28.41995658313065,0.46602851451865507
"[0.4602596131270937, 0.6836373518080849, -0.8958136148803211, 0.5004098734502178]",28.419944404530032,0.46609134700005167
"[0.46024798363748165, 0.6836323735680712, -0.8958117220519031, 0.5004149233781805]",28.419932232410645,0.4661541794814483
"[0.4602363547474753, 0.6836273961105369, -0.8958098294429971, 0.5004199725626719]",28.419920065277278,0.46621701196284493
"[0.4602247280270623, 0.6836224201072433, -0.8958079373090925, 0.5004250203222232]",28.41990791158531,0.4662798444442415
"[0.46021310035614105, 0.6836174442227274, -0.8958060451424198, 0.5004300680115394]",28.419895755616327,0.46634267692563813
"[0.4602014745264279, 0.6836124696515485, -0.895804153397277, 0.5004351144188078]",28.419883611766306,0.4664055094070348
"[0.46018985039498683, 0.6836074963322712, -0.8958022620503657, 0.500440159606319]",28.41987148316772,0.4664683418884314
"[0.4601782264289787, 0.6836025236088853, -0.8958003708522675, 0.5004452042395431]",28.419859352319634,0.46653117436982794
"[0.4601666032613368, 0.6835975517520769, -0.8957984799059596, 0.5004502480438631]",28.41984723410138,0.4665940068512246
"[0.46015498155043916, 0.6835925810432618, -0.8957965893185331, 0.5004552907337674]",28.419835124989945,0.4666568393326212
"[0.4601433606721369, 0.6835876112152879, -0.8957946989884334, 0.5004603325802537]",28.419823021159317,0.46671967181401786
"[0.4601317404692068, 0.6835826422007665, -0.8957928088900783, 0.5004653736516675]",28.419810923273797,0.4667825042954144
"[0.46012012134433444, 0.6835776741717339, -0.8957909190889553, 0.5004704137734581]",28.41979883310782,0.466845336776811
"[0.46010850245478263, 0.6835727067677239, -0.8957890294479924, 0.500475453311305]",28.419786744118053,0.46690816925820766
"[0.46009688513042357, 0.6835677405571277, -0.8957871401834621, 0.5004804916885428]",28.41977466917729,0.46697100173960426
"[0.4600852683092881, 0.6835627750857871, -0.895785251122645, 0.5004855293659067]",28.41976260179704,0.4670338342210008
"[0.46007365307046644, 0.6835578108147663, -0.8957833624409995, 0.5004905658756047]",28.419750542098907,0.46709666670239747
"[0.46006203899505116, 0.6835528475647847, -0.8957814740703838, 0.5004956013995011]",28.419738490633375,0.46715949918379407
"[0.46005042420664527, 0.6835478845339003, -0.8957795857057173, 0.5005006367512026]",28.41972643856939,0.4672223316651907
"[0.46003881230990445, 0.6835429232622039, -0.8957776979330362, 0.5005056703681537]",28.419714404817352,0.4672851641465873
"[0.4600272002712769, 0.6835379624533597, -0.8957758102591421, 0.5005107035655662]",28.419702374326185,0.4673479966279839
"[0.4600155893889433, 0.6835330026618383, -0.8957739228950696, 0.5005157357808642]",28.419690352725663,0.46741082910938053
"[0.4600039797103713, 0.6835280439077279, -0.8957720358485142, 0.5005207669936407]",28.419678338558327,0.4674736615907772
"[0.45999237005814336, 0.6835230856879952, -0.8957701489280944, 0.500525797714263]",28.419666325654006,0.46753649407217374
"[0.4599807618316969, 0.6835181286001653, -0.8957682623612538, 0.5005308273364506]",28.4196543219344,0.46759932655357034
"[0.4599691544379143, 0.6835131723907629, -0.8957663760515799, 0.5005358561173642]",28.41964232799956,0.467662159034967
"[0.45995754776060555, 0.6835082170100251, -0.8957644899801825, 0.5005408841074765]",28.41963033994542,0.46772499151636354
"[0.4599459424436688, 0.6835032627326765, -0.8957626042516782, 0.5005459110280147]",28.419618362709688,0.46778782399776014
"[0.459934337681304, 0.6834983092145459, -0.8957607187351194, 0.5005509372281758]",28.419606388360606,0.4678506564791568
"[0.4599227344843112, 0.6834933568869138, -0.8957588335947214, 0.5005559622703281]",28.419594425096022,0.4679134889605534
"[0.45991113200140504, 0.6834884053862468, -0.8957569486921586, 0.500560986523319]",28.419582468533527,0.46797632144194995
"[0.45989953064170747, 0.6834834548869709, -0.8957550640938826, 0.5005660098101393]",28.419570521666078,0.4680391539233466
"[0.4598879296420925, 0.6834785050633099, -0.895753179675919, 0.5005710324613362]",28.419558579523283,0.4681019864047432
"[0.45987632924296495, 0.6834735560177175, -0.8957512954773201, 0.5005760543729336]",28.419546639963514,0.46816481888613987
"[0.45986473059833166, 0.6834686082423324, -0.8957494116855039, 0.5005810750455233]",28.41953471616413,0.4682276513675364
"[0.45985313230202196, 0.6834636611371173, -0.8957475280720705, 0.5005860950879597]",28.41952279400609,0.468290483848933
"[0.45984153532543265, 0.6834587151162532, -0.8957456447947691, 0.5005911140799364]",28.419510880232803,0.46835331633032967
"[0.4598299386971731, 0.6834537697652937, -0.8957437616958418, 0.5005961324419939]",28.419498974351495,0.46841614881172633
"[0.45981834379187836, 0.683448825670268, -0.8957418789984892, 0.5006011495794296]",28.419487077664858,0.4684789812931228
"[0.45980674952328027, 0.6834438823677703, -0.8957399965263108, 0.5006061659624714]",28.419475188296364,0.4685418137745195
"[0.45979515596912857, 0.6834389398908325, -0.8957381142919238, 0.500611181557581]",28.419463304516213,0.46860464625591614
"[0.4597835630522161, 0.6834339982063987, -0.895736232282789, 0.5006161963982858]",28.41945142599077,0.46866747873731274
"[0.4597719721314693, 0.6834290578935145, -0.8957343507194909, 0.5006212098969423]",28.419439562198484,0.4687303112187093
"[0.45976038130055646, 0.6834241181394737, -0.8957324692925561, 0.5006262228782733]",28.419427701666375,0.46879314370010594
"[0.4597487915161248, 0.6834191793518605, -0.8957305881572661, 0.5006312349286367]",28.419415844527872,0.46885597618150254
"[0.4597372028757377, 0.6834142415720488, -0.8957287073294381, 0.5006362460060222]",28.419404003425644,0.4689188086628992
"[0.45972561439051585, 0.6834093043785697, -0.8957268266485728, 0.500641256538137]",28.419392159991986,0.46898164114429575
"[0.4597140270607678, 0.6834043681974582, -0.8957249462770049, 0.5006462660926009]",28.41938032796326,0.46904447362569235
"[0.45970244104880026, 0.6833994330976492, -0.8957230662410501, 0.5006512745994293]",28.419368504727444,0.469107306107089
"[0.45969085566019485, 0.6833944987831791, -0.8957211864280124, 0.5006562823589666]",28.41935668506016,0.4691701385884856
"[0.4596792711939119, 0.6833895653812291, -0.8957193068863912, 0.5006612892421197]",28.419344873809397,0.46923297106988215
"[0.45966768824831505, 0.6833846331464124, -0.8957174277132475, 0.5006662949904584]",28.41933307438097,0.4692958035512788
"[0.45965610525865896, 0.6833797014122884, -0.8957155486547153, 0.5006713002803385]",28.419321276330454,0.4693586360326754
"[0.45964452354543733, 0.6833747707409619, -0.8957136699250091, 0.500676304541254]",28.419309489885478,0.46942146851407207
"[0.459632943038357, 0.6833698411022968, -0.8957117915127029, 0.5006813078037663]",28.419297709241242,0.4694843009954686
"[0.4596213637994794, 0.6833649125225022, -0.8957099134278408, 0.50068631004125]",28.419285937923966,0.4695471334768653
"[0.4596097848423174, 0.6833599845815418, -0.8957080355104119, 0.5006913116799997]",28.419274176159593,0.4696099659582619
"[0.459598207147572, 0.6833550576966492, -0.8957061579194614, 0.5006963122965233]",28.419262417978608,0.4696727984396584
"[0.45958663022645146, 0.6833501316596418, -0.8957042805757043, 0.5007013121020971]",28.419250665813163,0.4697356309210551
"[0.45957505375513813, 0.6833452063325997, -0.8957024034266261, 0.5007063112366901]",28.41923891959799,0.4697984634024517
"[0.4595634786829364, 0.6833402821192541, -0.8957005266261454, 0.5007113092904992]",28.419227187404655,0.46986129588384834
"[0.45955190437859167, 0.6833353587508691, -0.8956986500718912, 0.500716306536268]",28.419215457195776,0.4699241283652449
"[0.4595403310129395, 0.6833304362999547, -0.8956967737915508, 0.5007213029003784]",28.419203734313715,0.4699869608466415
"[0.45952875894105794, 0.6833255149173448, -0.8956948978426696, 0.5007262982297084]",28.419192021468064,0.47004979332803815
"[0.4595171863006267, 0.6833205938109245, -0.8956930219233523, 0.5007312933282617]",28.419180306888215,0.47011262580943475
"[0.4595056166309004, 0.6833156744855244, -0.8956911466072878, 0.5007362866685566]",28.41916861548888,0.4701754582908313
"[0.45949404652597026, 0.6833107554927648, -0.8956892713423916, 0.5007412797207399]",28.41915691955715,0.47023829077222795
"[0.45948247803368464, 0.6833058377031439, -0.8956873964605742, 0.5007462716011915]",28.41914523613553,0.47030112325362455
"[0.4594709098657487, 0.6833009205688496, -0.8956855217530283, 0.5007512628659544]",28.419133555365992,0.4703639557350212
"[0.45945934309857406, 0.6832960045472539, -0.8956836473941839, 0.5007562530507421]",28.419121887863533,0.47042678821641776
"[0.45944777725956065, 0.6832910894372951, -0.8956817733074368, 0.500761242359625]",28.419110228402218,0.47048962069781436
"[0.4594362115956862, 0.6832861749188466, -0.8956798993707683, 0.5007662311175471]",28.419098570187252,0.470552453179211
"[0.45942464733302907, 0.6832812615127535, -0.8956780257828258, 0.5007712187957758]",28.419086919915127,0.4706152856606077
"[0.459413083824918, 0.6832763489440546, -0.895676152438821, 0.5007762056734071]",28.419075277571576,0.4706781181420042
"[0.4594015213254273, 0.6832714373205474, -0.8956742793799026, 0.5007811916409909]",28.419063645490585,0.4707409506234008
"[0.45938996023380224, 0.6832665268116075, -0.8956724066707246, 0.5007861765265652]",28.419052018630875,0.4708037831047975
"[0.45937839925094853, 0.6832616168653163, -0.8956705341008458, 0.5007911608903886]",28.419040400077836,0.4708666155861941
"[0.4593668390443503, 0.6832567077650479, -0.8956686617783837, 0.5007961444447778]",28.419028782316172,0.47092944806759063
"[0.4593552813012196, 0.6832518002270258, -0.8956667899765679, 0.500801126462617]",28.419017185762797,0.4709922805489873
"[0.45934372233853393, 0.6832468926872866, -0.8956649180989211, 0.5008061085315879]",28.419005583363248,0.4710551130303839
"[0.45933216573960545, 0.6832419866670246, -0.895663046725729, 0.5008110891073798]",28.418993994517905,0.47111794551178054
"[0.45932060995726137, 0.6832370815092121, -0.8956611756064219, 0.5008160688569744]",28.41898241437528,0.4711807779931771
"[0.45930905468820316, 0.6832321770849665, -0.8956593046918837, 0.5008210479111965]",28.41897083820529,0.4712436104745737
"[0.4592975008609676, 0.6832272737882035, -0.8956574341324395, 0.5008260258701165]",28.41895927278883,0.47130644295597035
"[0.4592859474598262, 0.6832223711877106, -0.8956555637636294, 0.5008310031714899]",28.418947711868405,0.4713692754373669
"[0.45927439561215383, 0.6832174697616809, -0.8956536937679477, 0.500835979329818]",28.418936164598257,0.4714321079187635
"[0.45926284314899096, 0.6832125685897468, -0.8956518237942875, 0.5008409552794851]",28.418924610025652,0.47149494040016016
"[0.45925129285204486, 0.6832076688518953, -0.8956499542929099, 0.5008459298224825]",28.418913076344438,0.4715577728815568
"[0.45923974295739894, 0.6832027697996516, -0.8956480849782866, 0.5008509037186875]",28.41890154110047,0.47162060536295336
"[0.459228193906954, 0.6831978716203241, -0.8956462159219342, 0.5008558767779121]",28.418890015919846,0.47168343784434996
"[0.45921664604837426, 0.6831929744611883, -0.8956443471801011, 0.5008608488506082]",28.418878499996733,0.4717462703257466
"[0.4592050992674805, 0.6831880782736192, -0.8956424787342906, 0.5008658199861215]",28.418866989393038,0.4718091028071432
"[0.4591935528825221, 0.6831831827684027, -0.8956406104741764, 0.5008707904780746]",28.418855488517657,0.47187193528853977
"[0.4591820079414628, 0.6831782883896911, -0.8956387425693121, 0.500875759875491]",28.418843995147,0.4719347677699364
"[0.4591704633594963, 0.6831733946774315, -0.895636874844169, 0.5008807286454546]",28.41883250202294,0.471997600251333
"[0.4591589210625338, 0.6831685024477782, -0.8956350076103022, 0.5008856959592691]",28.418821029619675,0.4720604327327297
"[0.4591473774860777, 0.6831636101898138, -0.8956331402910716, 0.5008906633510241]",28.418809551474414,0.47212326521412623
"[0.4591358360118333, 0.6831587193366306, -0.8956312734335138, 0.5008956293656043]",28.41879808284212,0.47218609769552283
"[0.45912429599030397, 0.6831538296127138, -0.8956294069325305, 0.5009005942827275]",28.41878663316254,0.4722489301769195
"[0.45911275567648296, 0.6831489402785519, -0.8956275405058794, 0.5009055588532606]",28.41877517480082,0.4723117626583161
"[0.4591012170450773, 0.6831440521706421, -0.8956256744729257, 0.5009105222278172]",28.418763735480866,0.47237459513971264
"[0.4590896781677917, 0.6831391644719619, -0.8956238085218177, 0.5009154852359818]",28.418752290110078,0.4724374276211093
"[0.4590781414416253, 0.683134278197676, -0.8956219430401594, 0.5009204468469275]",28.418740858890096,0.4725002601025059
"[0.45906660579916764, 0.6831293928954316, -0.895620077855316, 0.5009254075199517]",28.418729444819935,0.47256309258390256
"[0.4590550695417723, 0.6831245078457916, -0.8956182126926435, 0.5009303679855791]",28.418718020583217,0.4726259250652991
"[0.45904353581314, 0.6831196243797751, -0.8956163480603963, 0.5009353268922219]",28.418706619228136,0.47268875754669576
"[0.45903200196322513, 0.6831147413751598, -0.8956144835301242, 0.5009402853794125]",28.41869521472981,0.47275159002809236
"[0.4590204695927297, 0.6831098595094438, -0.8956126193605871, 0.5009452427591657]",28.418683823279387,0.472814422509489
"[0.45900893791379294, 0.6831049784489639, -0.8956107554244114, 0.5009501993702803]",28.41867243439074,0.47287725499088556
"[0.4589974072480484, 0.6831000983296903, -0.8956088917735735, 0.5009551550746631]",28.418661058801938,0.47294008747228217
"[0.4589858770750875, 0.6830952189312277, -0.8956070283239536, 0.5009601100961042]",28.418649685838457,0.4730029199536788
"[0.4589743482020006, 0.6830903405949776, -0.8956051652059773, 0.5009650640878897]",28.418638320994244,0.4730657524350754
"[0.45896281957531776, 0.6830854628749831, -0.8956033022493904, 0.5009700175028768]",28.418626959025495,0.473128584916472
"[0.45895129248280386, 0.6830805863159765, -0.8956014396622757, 0.5009749697878568]",28.418615610120717,0.47319141739786863
"[0.45893976713665297, 0.6830757110074518, -0.8955995774788839, 0.5009799208519172]",28.418604271970143,0.47325424987926523
"[0.4589282410991049, 0.683070835918104, -0.8955977153053378, 0.5009848717423728]",28.418592934270205,0.4733170823606618
"[0.4589167169219132, 0.683065962127111, -0.8955958535539023, 0.5009898213632491]",28.418581606553996,0.47337991484205844
"[0.45890519277870834, 0.6830610888618985, -0.8955939919295101, 0.5009947704991199]",28.418570282729853,0.47344274732345504
"[0.45889367008575027, 0.683056216721225, -0.8955921306609375, 0.500999718541887]",28.41855896914551,0.4735055798048517
"[0.45888214913246167, 0.6830513458272126, -0.8955902697949002, 0.5010046653674961]",28.418547668464786,0.47356841228624824
"[0.4588706276944554, 0.6830464752392964, -0.8955884089721112, 0.501009611931158]",28.418536360851142,0.47363124476764484
"[0.45885910795315527, 0.6830416058795308, -0.8955865485448873, 0.5010145572964185]",28.418525072432246,0.4736940772490415
"[0.45884758839665785, 0.6830367371086776, -0.8955846882690439, 0.5010195021124726]",28.41851378784638,0.47375690973043816
"[0.45883606950788297, 0.6830318691307272, -0.8955828282225695, 0.5010244461721306]",28.4185025028938,0.4738197422118347
"[0.4588245520334239, 0.6830270022610331, -0.8955809685260046, 0.5010293891550872]",28.418491232580486,0.4738825746932313
"[0.45881303617295405, 0.6830221365837217, -0.8955791092115578, 0.5010343309758727]",28.41847997044925,0.47394540717462796
"[0.4588015212079584, 0.6830172717949933, -0.8955772501631966, 0.5010392719430162]",28.41846872088094,0.47400823965602457
"[0.4587900059416018, 0.6830124073891363, -0.8955753911877015, 0.5010442125701356]",28.418457464794898,0.4740710721374211
"[0.4587784924704714, 0.6830075442516715, -0.8955735326235293, 0.5010491519578166]",28.41844622529477,0.47413390461881777
"[0.45876697965691254, 0.6830026819018639, -0.8955716742870108, 0.501054090594307]",28.418434990882236,0.47419673710021437
"[0.4587554673982891, 0.6829978202962423, -0.8955698161615754, 0.5010590285237438]",28.41842376108194,0.47425956958161103
"[0.4587439564408101, 0.6829929597497654, -0.8955679583676504, 0.5010639654262032]",28.41841254167983,0.4743224020630076
"[0.45873244592573786, 0.6829880998996667, -0.8955661007666289, 0.5010689016701307]",28.41840132599337,0.4743852345444042
"[0.45872093703854977, 0.6829832412462894, -0.8955642435498105, 0.5010738367472957]",28.418390127288337,0.47444806702580083
"[0.4587094289649231, 0.6829783834456501, -0.8955623865857624, 0.501078771007068]",28.418378929552997,0.47451089950719744
"[0.4586979214443075, 0.6829735263876304, -0.8955605298324356, 0.501083704561282]",28.41836773535851,0.474573731988594
"[0.4586864152302307, 0.6829686703901324, -0.895558673411399, 0.5010886370870068]",28.418356554399015,0.47463656446999064
"[0.45867490850089176, 0.6829638146841426, -0.8955568170287256, 0.5010935693653652]",28.418345370694137,0.4746993969513873
"[0.45866340390956584, 0.6829589603892213, -0.895554961112458, 0.5010985002591188]",28.418334201302912,0.4747622294327839
"[0.4586518997138133, 0.6829541067699296, -0.895553105381482, 0.5011034305152879]",28.418323035630024,0.47482506191418045
"[0.4586403966300205, 0.6829492541283609, -0.8955512499513496, 0.5011083598269915]",28.418311881118594,0.4748878943955771
"[0.4586288941433332, 0.6829444022471723, -0.8955493947390036, 0.5011132884149859]",28.418300730922784,0.4749507268769737
"[0.4586173939547552, 0.6829395518436342, -0.895547540018765, 0.5011182155506341]",28.418289595320914,0.47501355935837025
"[0.4586058926060734, 0.6829347014590593, -0.8955456852329002, 0.5011231427156834]",28.41827845547577,0.4750763918397669
"[0.45859439380428707, 0.6829298526566482, -0.8955438309792186, 0.5011280683221708]",28.418267331647257,0.4751392243211635
"[0.4585828954726447, 0.6829250045604365, -0.8955419769227991, 0.5011329932599072]",28.41825621808531,0.47520205680256017
"[0.4585713976548534, 0.6829201571887474, -0.895540123070689, 0.5011379175102646]",28.418245103631552,0.4752648892839567
"[0.45855990010880565, 0.6829153104394019, -0.8955382693838554, 0.5011428411770288]",28.4182339905197,0.4753277217653533
"[0.45854840499031296, 0.6829104652209703, -0.8955364162098407, 0.5011477633371842]",28.41822289933843,0.47539055424675
"[0.45853690967471006, 0.6829056204269546, -0.8955345631254926, 0.5011526851147776]",28.418211808279512,0.4754533867281466
"[0.45852541562260196, 0.6829007766728283, -0.8955327103662643, 0.5011576058845391]",28.418200723399362,0.4755162192095431
"[0.4585139218973278, 0.682895933563721, -0.8955308577811624, 0.5011625260475999]",28.41818964100072,0.4755790516909398
"[0.4585024297085843, 0.6828910916091908, -0.8955290055651558, 0.501167445086274]",28.41817857444536,0.4756418841723364
"[0.4584909385378955, 0.6828862505905892, -0.8955271536346547, 0.5011723632226653]",28.418167512717115,0.47570471665373304
"[0.4584794475630181, 0.6828814101613943, -0.895525301857143, 0.5011772808087998]",28.418156455479895,0.4757675491351296
"[0.4584679579268908, 0.6828765708029104, -0.8955234504167964, 0.501182197355682]",28.418145407830924,0.47583038161652624
"[0.45845646883587793, 0.6828717321806987, -0.8955215991857138, 0.5011871132030654]",28.418134362682373,0.47589321409792285
"[0.4584449811832968, 0.6828668946708039, -0.8955197483078198, 0.5011920279688813]",28.41812333191859,0.4759560465793195
"[0.4584334939838374, 0.6828620578581427, -0.8955178976243474, 0.501196942074822]",28.41811230746646,0.47601887906071605
"[0.45842200816479917, 0.6828572221329978, -0.8955160472846793, 0.5012018551243469]",28.418101288866207,0.47608171154211265
"[0.4584105232674429, 0.6828523873020422, -0.895514197214892, 0.5012067673138518]",28.41809028141975,0.4761445440235093
"[0.45839903907095125, 0.682847553272167, -0.8955123473794047, 0.5012116787379159]",28.418079277488683,0.4762073765049059
"[0.458387554782271, 0.6828427197094717, -0.8955104976504807, 0.5012165897357729]",28.418068269686323,0.47627020898630246
"[0.4583760727764649, 0.6828378876134028, -0.8955086484106434, 0.501221499291942]",28.418057283843407,0.4763330414676991
"[0.4583645909285591, 0.682833056089465, -0.8955067993176303, 0.5012264083152345]",28.418046300714316,0.4763958739490957
"[0.45835310958833514, 0.6828282252847777, -0.8955049504277773, 0.5012313166561568]",28.418035320487835,0.4764587064304924
"[0.4583416293954358, 0.6828233954683182, -0.8955031018440779, 0.5012362240413958]",28.4180243476514,0.4765215389118889
"[0.458330150808532, 0.6828185668328267, -0.8955012536403609, 0.5012411302750895]",28.4180133865941,0.4765843713932855
"[0.458318673007561, 0.6828137390331163, -0.8954994056845631, 0.5012460357079495]",28.418002437775083,0.4766472038746822
"[0.4583071953419259, 0.6828089117954562, -0.8954975578719373, 0.5012509406180916]",28.417991485654913,0.47671003635607884
"[0.458295719326061, 0.682804085756611, -0.8954957104462825, 0.5012558443584868]",28.41798054826442,0.4767728688374754
"[0.45828424287999003, 0.6827992600417646, -0.8954938630727572, 0.501260747818019]",28.417969606570733,0.476835701318872
"[0.4582727686188805, 0.6827944357504007, -0.8954920161723151, 0.5012656498794722]",28.417958683482272,0.47689853380026864
"[0.4582612952249914, 0.6827896123282459, -0.8954901695328196, 0.5012705511060261]",28.41794776458063,0.4769613662816652
"[0.45824982177869333, 0.6827847893885903, -0.8954883230062581, 0.5012754518906151]",28.41793684953284,0.4770241987630618
"[0.45823834993211643, 0.6827799676257714, -0.8954864768585149, 0.501280351527676]",28.417925945642565,0.47708703124445845
"[0.4582268791201263, 0.6827751468020444, -0.8954846309986169, 0.5012852502587678]",28.417915049446965,0.47714986372585505
"[0.45821540851091036, 0.6827703265677054, -0.8954827852927061, 0.5012901484392297]",28.417904153070005,0.4772126962072516
"[0.45820394027238126, 0.6827655078335386, -0.8954809400895913, 0.5012950451435246]",28.417893279855736,0.47727552868864825
"[0.45819247086634307, 0.6827606891127556, -0.8954790948199831, 0.5012999418824816]",28.41788239456014,0.47733836117004486
"[0.45818100325610506, 0.6827558716502651, -0.8954772499606438, 0.5013048373910232]",28.41787152609071,0.4774011936514415
"[0.45816953604915805, 0.6827510548608968, -0.8954754052875322, 0.5013097322637773]",28.41786065866766,0.47746402613283806
"[0.45815807046516493, 0.6827462392567943, -0.8954735609968331, 0.5013146259802765]",28.417849806077978,0.47752685861423466
"[0.45814660594769036, 0.682741424604035, -0.8954717169990144, 0.5013195187782127]",28.41783895884079,0.4775896910956313
"[0.45813514126252747, 0.6827366103841945, -0.8954698730955619, 0.50132441118441]",28.417828114565015,0.4776525235770279
"[0.4581236777507382, 0.6827317971603052, -0.8954680295021632, 0.5013293026266763]",28.417817276761888,0.47771535605842447
"[0.458112216166197, 0.6827269852486516, -0.8954661863400241, 0.5013341927835597]",28.417806456649007,0.4777781885398211
"[0.45810075469452416, 0.6827221738873276, -0.8954643433173539, 0.5013390824293337]",28.417795635585684,0.4778410210212178
"[0.4580892941453771, 0.6827173634161087, -0.8954625005643452, 0.5013439712186789]",28.417784820895438,0.4779038535026144
"[0.45807783410116026, 0.6827125536595726, -0.8954606580138454, 0.5013488593298566]",28.417774011827962,0.47796668598401093
"[0.4580663752613264, 0.6827077449111324, -0.8954588157783009, 0.5013537464646532]",28.417763211757176,0.4780295184654076
"[0.45805491816645477, 0.6827029373973966, -0.8954569739445895, 0.50135863239274]",28.417752428693255,0.4780923509468042
"[0.45804346085509084, 0.6826981302951878, -0.89545513219738, 0.5013635179507022]",28.41774163930215,0.47815518342820085
"[0.4580320040984654, 0.6826933239280217, -0.8954532906606564, 0.5013684028097336]",28.41773086017419,0.4782180159095974
"[0.4580205494869763, 0.6826885189628875, -0.8954514495900293, 0.5013732862919263]",28.417720094617223,0.478280848390994
"[0.4580090945915383, 0.6826837143806714, -0.8954496085950638, 0.5013781694330273]",28.417709327020887,0.47834368087239065
"[0.4579976415620851, 0.6826789110829908, -0.8954477680212805, 0.5013830513166577]",28.417698574979806,0.47840651335378725
"[0.45798618881288133, 0.6826741084046064, -0.8954459276138225, 0.5013879326189198]",28.417687824046133,0.4784693458351838
"[0.45797473650756687, 0.6826693064140646, -0.895444087398991, 0.5013928132701302]",28.41767707587553,0.47853217831658046
"[0.45796328507515827, 0.6826645052911225, -0.895442247445716, 0.5013976930875713]",28.41766633907524,0.47859501079797706
"[0.45795183587539595, 0.6826597056056172, -0.89544040797244, 0.5014025714920373]",28.417655614444,0.4786578432793736
"[0.45794038655721303, 0.6826549063717665, -0.8954385686014124, 0.5014074494854557]",28.417644893776792,0.47872067576077026
"[0.45792893831712195, 0.6826501080910091, -0.8954367295248578, 0.5014123265581446]",28.417634178885653,0.47878350824216687
"[0.457917491030844, 0.6826453107110829, -0.8954348907227938, 0.5014172027632026]",28.41762347524393,0.4788463407235635
"[0.4579060447206379, 0.6826405142411476, -0.8954330521987812, 0.5014220780912987]",28.41761277336735,0.47890917320496007
"[0.4578945991076746, 0.6826357185642138, -0.8954312139080227, 0.5014269526613264]",28.41760208225065,0.4789720056863567
"[0.45788315368455584, 0.6826309234675813, -0.8954293757690258, 0.5014318266894706]",28.417591390496423,0.47903483816775333
"[0.45787171040679675, 0.6826261297703241, -0.895427538095825, 0.5014366993431519]",28.417580717325038,0.47909767064915
"[0.4578602677055883, 0.6826213368150382, -0.8954257006364577, 0.5014415712905756]",28.417570048638623,0.47916050313054653
"[0.45784882579996583, 0.6826165446933353, -0.8954238634260899, 0.5014464424386038]",28.417559385440764,0.47922333561194314
"[0.4578373840306385, 0.6826117531289891, -0.895422026358861, 0.5014513130680027]",28.41754872521679,0.4792861680933398
"[0.45782594310642477, 0.6826069624187331, -0.895420189548577, 0.5014561828771282]",28.41753807279645,0.4793490005747364
"[0.45781450410246355, 0.6826021730125413, -0.8954183531678199, 0.50146105140855]",28.41752742980028,0.47941183305613294
"[0.457803065857088, 0.6825973844238181, -0.8954165170300722, 0.501465919156878]",28.41751679731746,0.4794746655375296
"[0.4577916270248058, 0.682592596089228, -0.8954146809193595, 0.50147078669475]",28.41750616055065,0.4795374980189262
"[0.4577801905639782, 0.6825878092469898, -0.895412845310532, 0.501475652763446]",28.417495540625396,0.47960033050032286
"[0.45776875450805804, 0.6825830230737588, -0.8954110098879209, 0.501480518199912]",28.417484925170182,0.4796631629817194
"[0.45775731924020946, 0.6825782377297855, -0.8954091747130166, 0.5014853828412272]",28.41747431994536,0.479725995463116
"[0.45774588440857744, 0.6825734530677032, -0.8954073397293493, 0.5014902468371841]",28.417463713833765,0.47978882794451266
"[0.45773445097240767, 0.6825686694887275, -0.8954055050908378, 0.501495109779894]",28.4174531147151,0.4798516604259093
"[0.4577230185512484, 0.6825638868334843, -0.8954036707364106, 0.501499971831352]",28.4174425315016,0.47991449290730587
"[0.4577115877799564, 0.6825591053673451, -0.8954018367679047, 0.5015048327217555]",28.417431957205665,0.47997732538870247
"[0.45770015640845224, 0.6825543241490092, -0.8954000028243134, 0.5015096934080249]",28.417421379677098,0.4800401578700991
"[0.45768872691222273, 0.6825495442136991, -0.8953981693027754, 0.5015145528377173]",28.417410817716963,0.48010299035149573
"[0.4576772975477304, 0.6825447648321188, -0.8953963359235755, 0.5015194117522329]",28.41740025786139,0.4801658228328923
"[0.4576658686690769, 0.6825399861522309, -0.8953945027435202, 0.5015242700011374]",28.417389698896134,0.48022865531428893
"[0.45765444183815607, 0.6825352088269118, -0.8953926700131112, 0.501529126920657]",28.41737915728674,0.48029148779568553
"[0.4576430156559628, 0.682530432271042, -0.895390837507936, 0.5015339831056346]",28.41736862123461,0.4803543202770822
"[0.45763158989528535, 0.6825256563895282, -0.8953890051915536, 0.5015388386527335]",28.417358089086715,0.48041715275847874
"[0.45762016521855853, 0.6825208814591249, -0.8953871731701879, 0.5015436932805648]",28.417347567787942,0.48047998523987534
"[0.45760874145042835, 0.6825161074063707, -0.8953853414157031, 0.5015485470637947]",28.417337050570193,0.480542817721272
"[0.4575973180146191, 0.6825113339903176, -0.8953835098356915, 0.5015534002473792]",28.417326539738333,0.48060565020266854
"[0.45758589609816913, 0.6825065617068237, -0.8953816786204629, 0.5015582523271529]",28.417316035330053,0.48066848268406515
"[0.45757447501239157, 0.6825017902679406, -0.8953798476595815, 0.5015631035958564]",28.417305540993137,0.4807313151654618
"[0.4575630547609015, 0.6824970196750311, -0.8953780169536157, 0.501567954052085]",28.41729505224127,0.4807941476468584
"[0.4575516355344019, 0.6824922500076032, -0.8953761865331213, 0.5015728036149789]",28.417284571995335,0.48085698012825495
"[0.4575402162640471, 0.6824874808191042, -0.8953743562267695, 0.5015776527385564]",28.417274094562814,0.4809198126096516
"[0.45752879858136425, 0.6824827127907906, -0.895372526296056, 0.5015825007301237]",28.417263628459246,0.48098264509104827
"[0.4575173818980312, 0.6824779456767699, -0.8953706966466637, 0.5015873478396735]",28.417253168110527,0.48104547757244487
"[0.45750596578480657, 0.6824731792976657, -0.8953688672097914, 0.5015921942495729]",28.417242715391385,0.4811083100538414
"[0.45749455065983197, 0.6824684138279161, -0.8953670380524371, 0.5015970397824365]",28.417232270693695,0.48117114253523807
"[0.45748313619465103, 0.6824636491302514, -0.8953652091219585, 0.5016018845778217]",28.417221826529328,0.4812339750166347
"[0.45747172262763103, 0.6824588853040368, -0.8953633804565387, 0.5016067285346738]",28.417211393208895,0.48129680749803133
"[0.4574603103023923, 0.6824541224924968, -0.8953615521112137, 0.5016115715073381]",28.4172009684563,0.4813596399794279
"[0.4574488985129422, 0.6824493604008549, -0.8953597239728638, 0.501616413795532]",28.41719054888772,0.4814224724608245
"[0.4574374872384424, 0.6824445990202963, -0.8953578960381497, 0.5016212554082039]",28.417180135644706,0.48148530494222114
"[0.45742607736784874, 0.682439838721577, -0.8953560684494561, 0.5016260959683293]",28.41716973297778,0.48154813742361774
"[0.45741466813917114, 0.682435079186615, -0.8953542410847114, 0.501630935799332]",28.417159332772645,0.4816109699050143
"[0.4574032602877745, 0.6824303207220065, -0.8953524140616791, 0.5016357745894222]",28.41714894221523,0.48167380238641094
"[0.45739185280135136, 0.6824255629053422, -0.8953505872182207, 0.5016406127681201]",28.417138557923007,0.48173663486780754
"[0.45738044625180513, 0.6824208059750255, -0.8953487606459175, 0.501645450092979]",28.417128181219276,0.4817994673492042
"[0.4573690406908931, 0.6824160499524746, -0.8953469343530419, 0.5016502865421976]",28.417117813840335,0.48186229983060075
"[0.45735763595127565, 0.6824112947677516, -0.8953451083127861, 0.501655122186877]",28.41710745056171,0.4819251323119974
"[0.45734623122510965, 0.6824065400839365, -0.8953432823958055, 0.5016599573696235]",28.417097084165913,0.481987964793394
"[0.4573348292319298, 0.6824017870345912, -0.8953414570374739, 0.5016647909376589]",28.417086748971716,0.48205079727479067
"[0.45732342676904586, 0.6823970342844554, -0.8953396317250483, 0.5016696242488398]",28.417076402852047,0.4821136297561872
"[0.4573120251133311, 0.6823922823656962, -0.89533780666294, 0.5016744567619678]",28.417066062810502,0.4821764622375838
"[0.45730062466569954, 0.6823875314452119, -0.8953359819153082, 0.5016792883072935]",28.417055740154375,0.48223929471898047
"[0.45728922529098437, 0.6823827814665111, -0.8953341574604949, 0.5016841189422432]",28.41704541654258,0.4823021272003771
"[0.45727782633776953, 0.6823780321579974, -0.8953323331942344, 0.5016889489430083]",28.417035104984656,0.4823649596817736
"[0.4572664283153763, 0.6823732837317641, -0.8953305091980306, 0.5016937780938738]",28.41702479335549,0.4824277921631703
"[0.45725503209891855, 0.6823685365521608, -0.8953286856118969, 0.5016986060242711]",28.41701450044492,0.4824906246445669
"[0.4572436350260099, 0.682363789510049, -0.8953268620098074, 0.5017034338621906]",28.417004201509492,0.4825534571259634
"[0.45723224011280755, 0.682359043861575, -0.8953250388743594, 0.5017082603300891]",28.41699391697267,0.4826162896073601
"[0.45722084561088855, 0.6823542988783655, -0.8953232159257879, 0.50171308616872]",28.416983637634278,0.4826791220887567
"[0.45720945160035426, 0.6823495545936775, -0.8953213931769082, 0.5017179113442453]",28.41697336094262,0.48274195457015334
"[0.45719805885452214, 0.682344811329354, -0.8953195707514181, 0.501722735529315]",28.416963097313037,0.4828047870515499
"[0.45718666733136515, 0.682340069067696, -0.8953177486425704, 0.5017275587419058]",28.416952840937146,0.4828676195329465
"[0.45717527655581197, 0.682335327610764, -0.8953159267743597, 0.5017323811833154]",28.416942591789383,0.48293045201434315
"[0.4571638859961603, 0.6823305867371348, -0.895314105061744, 0.501737203078734]",28.416932342252192,0.4829932844957398
"[0.4571524968817144, 0.6823258469583032, -0.8953122837013165, 0.5017420239079067]",28.416922106039433,0.48305611697713635
"[0.45714110880281505, 0.6823211081036095, -0.8953104626275393, 0.5017468438443863]",28.416911879925284,0.48311894945853295
"[0.4571297207056111, 0.6823163697343567, -0.8953086416718907, 0.501751663334363]",28.416901651905384,0.4831817819399296
"[0.4571183333520845, 0.6823116321675421, -0.8953068209562131, 0.5017564820553987]",28.41689142936696,0.4832446144213262
"[0.4571069480308679, 0.6823068959390701, -0.8953050006865171, 0.5017612994623823]",28.41688122410928,0.48330744690272276
"[0.4570955628327881, 0.6823021602545469, -0.8953031805575467, 0.5017661163633019]",28.41687102162771,0.4833702793841194
"[0.4570841788485922, 0.6822974255675428, -0.8953013607436717, 0.5017709322967916]",28.41686082446171,0.483433111865516
"[0.457072795547394, 0.682292691657097, -0.8952995411600098, 0.5017757474875836]",28.416850634983177,0.4834959443469127
"[0.4570614131535642, 0.68228795861637, -0.8952977218424166, 0.501780561840899]",28.41684045266581,0.4835587768283092
"[0.4570500320861674, 0.682283226619437, -0.8952959028578531, 0.50178537517965]",28.416830281279143,0.4836216093097058
"[0.45703865067100335, 0.6822784949700978, -0.8952940839387381, 0.5017901882119892]",28.416820107934367,0.4836844417911025
"[0.45702727064003346, 0.6822737643882816, -0.895292265361864, 0.5017950002055903]",28.416809945774897,0.4837472742724991
"[0.4570158923495196, 0.6822690350218418, -0.8952904471841275, 0.5017998110100271]",28.416799795314827,0.48381010675389563
"[0.4570045135782284, 0.682264305947404, -0.895288629050585, 0.5018046215645574]",28.416789642917813,0.4838729392352923
"[0.4569931357285589, 0.6822595777477478, -0.8952868111853242, 0.5018094312763496]",28.4167794989407,0.48393577171668894
"[0.4569817597313021, 0.682254850809445, -0.8952849937370296, 0.5018142397521419]",28.416769368627214,0.48399860419808555
"[0.4569703836849595, 0.682250124342242, -0.8952831764019015, 0.5018190477957992]",28.41675923855401,0.4840614366794821
"[0.4569590093602255, 0.6822453990816644, -0.8952813594627984, 0.5018238546590827]",28.41674912271311,0.48412426916087875
"[0.45694763598185245, 0.6822406747054428, -0.8952795427958538, 0.5018286606698013]",28.416739011848513,0.48418710164227535
"[0.45693626254965647, 0.6822359507980048, -0.8952777262413102, 0.5018334662506947]",28.416728902099923,0.4842499341236719
"[0.4569248909752487, 0.6822312281531788, -0.8952759101044745, 0.5018382705941901]",28.41671880747647,0.48431276660506856
"[0.45691351908690775, 0.6822265058689059, -0.8952740940384937, 0.5018430746179324]",28.41670871289833,0.48437559908646516
"[0.45690214816468633, 0.6822217844766556, -0.8952722782477947, 0.501847877781241]",28.41669862230535,0.4844384315678618
"[0.4568907790547012, 0.6822170643275302, -0.8952704628674619, 0.501852679726907]",28.416688547161268,0.48450126404925836
"[0.45687941032339446, 0.6822123448261739, -0.8952686476685702, 0.5018574810605801]",28.416678476084,0.48456409653065496
"[0.4568680427147921, 0.6822076262813189, -0.8952668327699059, 0.5018622814681576]",28.416668411810786,0.4846269290120516
"[0.45685667528005613, 0.6822029082989862, -0.8952650180199762, 0.5018670813504374]",28.416658354420775,0.4846897614934482
"[0.4568453096733134, 0.682198191565546, -0.8952632036828363, 0.5018718800091133]",28.41664830636177,0.48475259397484477
"[0.4568339439045879, 0.6821934752550121, -0.8952613894408069, 0.5018766782844988]",28.41663826049141,0.4848154264562414
"[0.45682257879696586, 0.6821887597088508, -0.8952595754252793, 0.5018814758291823]",28.4166282176253,0.48487825893763803
"[0.45681121592699675, 0.6821840455809748, -0.8952577618878589, 0.5018862719778533]",28.416618193941694,0.4849410914190347
"[0.45679985277719676, 0.6821793318267847, -0.8952559484267334, 0.5018910677932658]",28.4166081658787,0.48500392390043123
"[0.45678849094878277, 0.6821746191104026, -0.8952541352974421, 0.5018958625997204]",28.416598153151114,0.4850667563818279
"[0.456777129840884, 0.6821699071824352, -0.8952523224040797, 0.5019006566509329]",28.41658814147722,0.4851295888632245
"[0.4567657691254032, 0.6821651959066654, -0.8952505096942892, 0.5019054500854812]",28.416578136610042,0.48519242134462115
"[0.45675441028449776, 0.6821604858975869, -0.8952486974045412, 0.5019102422781309]",28.416568144016498,0.4852552538260177
"[0.4567430520743819, 0.6821557766392442, -0.8952468853363661, 0.5019150337538172]",28.416558154196967,0.4853180863074143
"[0.4567316941179543, 0.6821510679751911, -0.8952450734296026, 0.5019198246717028]",28.416548171852952,0.48538091878881096
"[0.45672033718864313, 0.6821463602259467, -0.8952432618076278, 0.5019246147056537]",28.4165381982626,0.48544375127020756
"[0.4567089805516568, 0.6821416530867886, -0.8952414503532248, 0.5019294041657021]",28.416528225037705,0.4855065837516041
"[0.45669762630016736, 0.6821369474250978, -0.8952396394002388, 0.5019341921692718]",28.416518270428814,0.48556941623300076
"[0.45668627135783896, 0.6821322419657645, -0.8952378284579958, 0.5019389800137662]",28.41650831090263,0.48563224871439736
"[0.4566749183166451, 0.6821275377827809, -0.8952360179398726, 0.5019437666063735]",28.416498363515856,0.485695081195794
"[0.45666356654735163, 0.6821228346151702, -0.8952342077454866, 0.501948552212614]",28.416488430622806,0.48575791367719057
"[0.45665221426675795, 0.6821181317240501, -0.895232397590484, 0.5019533375843084]",28.416478494214164,0.48582074615858717
"[0.45664086303449647, 0.6821134297554545, -0.8952305877235598, 0.50195812206408]",28.41646856453636,0.4858835786399838
"[0.45662951298314103, 0.6821087287641059, -0.8952287781658316, 0.5019629055962244]",28.416458645149326,0.48594641112138043
"[0.4566181643497889, 0.6821040288480084, -0.8952269689550723, 0.5019676880809918]",28.41644873439548,0.486009243602777
"[0.4566068154862949, 0.6820993293244814, -0.8952251598285299, 0.50197247021304]",28.416438823638636,0.48607207608417363
"[0.4565954676704977, 0.6820946307225813, -0.8952233509899064, 0.5019772514539996]",28.416428920055996,0.4861349085655703
"[0.45658412047870184, 0.6820899328667321, -0.8952215423716529, 0.5019820319825155]",28.416419023741554,0.48619774104696684
"[0.4565727755924691, 0.6820852364528804, -0.8952197342417606, 0.5019868110903676]",28.416409145198465,0.48626057352836344
"[0.4565614298088431, 0.6820805401549833, -0.895217926089739, 0.5019915901269302]",28.41639926128202,0.4863234060097601
"[0.4565500864220237, 0.6820758453364552, -0.8952161184405685, 0.5019963677047508]",28.416389395374438,0.4863862384911567
"[0.45653874290983104, 0.6820711509532258, -0.8952143108923001, 0.5020011448862817]",28.416379529148564,0.48644907097255324
"[0.45652740087617544, 0.6820664576689298, -0.895212503700505, 0.5020059209961661]",28.41636967143029,0.4865119034539499
"[0.4565160594043638, 0.6820617651040707, -0.8952106967191028, 0.5020106964205769]",28.416359819380737,0.4865747359353465
"[0.45650471811965887, 0.6820570731035182, -0.8952088898883914, 0.5020154713173701]",28.41634997312308,0.48663756841674316
"[0.45649337822835784, 0.6820523821661787, -0.8952070834005409, 0.5020202451788068]",28.41634013400343,0.4867004008981397
"[0.45648203931777637, 0.6820476921211547, -0.8952052771897866, 0.5020250181787826]",28.41633030359503,0.4867632333795363
"[0.4564707007722279, 0.6820430027136541, -0.8952034711580463, 0.5020297905765789]",28.41632047426506,0.48682606586093297
"[0.45645936331504006, 0.6820383142426981, -0.8952016654205255, 0.5020345620678659]",28.41631065932825,0.48688889834232957
"[0.45644802752378655, 0.682033626946923, -0.895199860069186, 0.502039332409755]",28.416300851656363,0.4869517308237261
"[0.45643669093909256, 0.6820289398092925, -0.8951980547123451, 0.5020441026372886]",28.416291042081443,0.48701456330512277
"[0.4564253570012764, 0.6820242542520539, -0.8951962498978614, 0.5020488713029868]",28.416281251895462,0.48707739578651943
"[0.4564140225480437, 0.6820195689677104, -0.8951944451221518, 0.5020536397375157]",28.41627145603958,0.48714022826791603
"[0.45640268958098335, 0.6820148847835514, -0.895192640703927, 0.5020584070988897]",28.416261674935846,0.4872030607493126
"[0.45639135767514966, 0.6820102015237324, -0.895190836575502, 0.5020631735660517]",28.416251901094775,0.48726589323070923
"[0.45638002516118836, 0.6820055184982735, -0.8951890324711098, 0.5020679398412289]",28.416242124087038,0.48732872571210584
"[0.45636869517710765, 0.6820008370037574, -0.8951872288902961, 0.5020727046047688]",28.41623236614385,0.4873915581935025
"[0.4563573650815625, 0.6819961559485969, -0.8951854254125712, 0.5020774689676514]",28.416222605681266,0.48745439067489904
"[0.4563460367704313, 0.6819914761159346, -0.8951836223397011, 0.5020822321327779]",28.416212863079306,0.48751722315629564
"[0.45633470850240004, 0.6819867967862586, -0.8951818193945137, 0.5020869948324522]",28.41620311859191,0.4875800556376923
"[0.45632338126841515, 0.6819821183687896, -0.8951800167347214, 0.502091756650148]",28.416193384199406,0.4876428881190889
"[0.45631205502329286, 0.6819774408446956, -0.8951782143531153, 0.5020965176050117]",28.41618365592168,0.48770572060048545
"[0.45630072916705267, 0.6819727639660697, -0.8951764121542111, 0.5021012779493554]",28.41617392851569,0.4877685530818821
"[0.4562894046752072, 0.6819680881355861, -0.8951746102932219, 0.5021060372732986]",28.41616421759136,0.4878313855632787
"[0.45627807960559635, 0.6819634125512465, -0.8951728084611288, 0.5021107963931478]",28.416154501202392,0.48789421804467525
"[0.4562667577066173, 0.6819587387603849, -0.89517100725428, 0.5021155537338986]",28.416144807577773,0.4879570505260719
"[0.45625543524608003, 0.6819540652221014, -0.8951692060788917, 0.5021203108639728]",28.416135112393896,0.4880198830074685
"[0.4562441131542944, 0.6819493923203851, -0.8951674050829753, 0.5021250673925048]",28.416125418524533,0.48808271548886517
"[0.4562327930563962, 0.681944720725758, -0.8951656045250179, 0.5021298226369514]",28.41611573959037,0.4881455479702617
"[0.45622147390035456, 0.6819400500038582, -0.8951638042376516, 0.5021345770394239]",28.416106071395316,0.4882083804516584
"[0.4562101553281716, 0.6819353800068206, -0.895162004163928, 0.502139330750419]",28.416096404452105,0.488271212933055
"[0.45619883704641045, 0.6819307106134712, -0.8951602042571808, 0.5021440838932705]",28.416086741170474,0.48833404541445163
"[0.45618751954904185, 0.6819260420275013, -0.8951584045959613, 0.502148836260617]",28.41607708568035,0.4883968778958482
"[0.4561762037914878, 0.681921374642829, -0.8951566053321721, 0.5021535874514479]",28.41606744121669,0.4884597103772448
"[0.45616488832282714, 0.6819167078608269, -0.8951548062350901, 0.5021583380751181]",28.416057798803465,0.48852254285864144
"[0.45615357321173045, 0.6819120417097365, -0.8951530073156391, 0.5021630881028667]",28.4160481651638,0.48858537534003804
"[0.45614225964943295, 0.6819073766806419, -0.8951512087631897, 0.5021678370347613]",28.41603853987502,0.4886482078214346
"[0.45613094639996293, 0.6819027122637434, -0.8951494103812405, 0.5021725853897513]",28.4160289167307,0.48871104030283125
"[0.4561196336990401, 0.681898048556136, -0.8951476122072636, 0.50217733306898]",28.41601930264872,0.48877387278422785
"[0.4561083231803231, 0.6818933862310886, -0.8951458145009021, 0.5021820793870313]",28.416009700254488,0.4888367052656245
"[0.4560970124815503, 0.6818887243146801, -0.8951440168866783, 0.5021868253353512]",28.4160001004711,0.48889953774702105
"[0.45608570307575735, 0.6818840634139426, -0.8951422195986994, 0.5021915702959499]",28.415990507118202,0.48896237022841765
"[0.45607439421831264, 0.6818794032218376, -0.8951404225186136, 0.5021963145813834]",28.415980920424694,0.4890252027098143
"[0.4560630863122928, 0.6818747439043312, -0.8951386257104645, 0.5022010580226736]",28.415971340987426,0.48908803519121097
"[0.45605177962242166, 0.6818700855703246, -0.895136829216296, 0.5022058005089309]",28.415961770708968,0.48915086767260746
"[0.45604047295756106, 0.6818654277289489, -0.8951350328468461, 0.5022105425398761]",28.41595220402432,0.4892137001540041
"[0.45602916729651044, 0.6818607707833262, -0.8951332367576209, 0.5022152837050855]",28.415942641892066,0.4892765326354008
"[0.4560178629278732, 0.681856114852153, -0.8951314409944473, 0.5022200238836935]",28.415933093137877,0.4893393651167974
"[0.45600655939582113, 0.6818514597475008, -0.8951296454848966, 0.5022247632670078]",28.415923552119388,0.4894021975981939
"[0.4559952557229631, 0.6818468050667805, -0.8951278500737172, 0.5022295022648936]",28.41591400668583,0.4894650300795906
"[0.45598395386229545, 0.6818421516140676, -0.8951260550711003, 0.5022342400586901]",28.415904475286986,0.4895278625609872
"[0.45597265229401435, 0.6818374987633955, -0.8951242602356463, 0.5022389772856897]",28.41589494722179,0.48959069504238384
"[0.45596135171068775, 0.6818328467998004, -0.8951224656773369, 0.5022437136556697]",28.41588542795926,0.4896535275237804
"[0.45595005214993206, 0.6818281957385909, -0.8951206714021295, 0.5022484491530231]",28.415875915876363,0.489716360005177
"[0.45593875395489936, 0.6818235457208235, -0.8951188774644894, 0.5022531836341096]",28.415866416343636,0.48977919248657364
"[0.4559274557411043, 0.6818188961765576, -0.8951170836445796, 0.5022579176792059]",28.415856916102687,0.4898420249679702
"[0.4559161590628373, 0.6818142477452942, -0.8951152901891665, 0.50226265063717]",28.415847426630727,0.4899048574493668
"[0.45590486200718106, 0.681809599639783, -0.8951134967945509, 0.502267383309553]",28.415837938480724,0.48996768993076345
"[0.4558935666092974, 0.6818049526972549, -0.8951117037838074, 0.5022721148438748]",28.41582845907585,0.49003052241216005
"[0.4558822726391975, 0.6818003068228607, -0.895109911120393, 0.5022768453366839]",28.415818993848095,0.4900933548935566
"[0.4558709786444432, 0.6817956614189981, -0.8951081185737573, 0.5022815753964501]",28.415809529297213,0.49015618737495326
"[0.4558596857110034, 0.6817910169322396, -0.8951063263162602, 0.502286304568448]",28.415800070087425,0.4902190198563499
"[0.455848393663347, 0.6817863732902294, -0.8951045343200273, 0.5022910329263323]",28.415790619527716,0.4902818523377465
"[0.4558371028444488, 0.6817817306338388, -0.8951027426394678, 0.5022957603266399]",28.415781178607666,0.49034468481914306
"[0.45582581146287937, 0.6817770882263711, -0.8951009509903131, 0.502300487519503]",28.415771734546023,0.4904075173005397
"[0.4558145221849643, 0.6817724471639383, -0.8950991597956294, 0.5023052133887724]",28.415762307489913,0.4904703497819363
"[0.4558032338324786, 0.6817678069619368, -0.8950973688684419, 0.5023099384278803]",28.415752884925183,0.490533182263333
"[0.4557919454326438, 0.6817631672204014, -0.8950955780544171, 0.5023146630440906]",28.41574346595976,0.4905960147447295
"[0.45578065806075363, 0.6817585283811973, -0.8950937875241403, 0.5023193867874408]",28.415734053548277,0.4906588472261261
"[0.4557693722627181, 0.6817538906684757, -0.8950919973641831, 0.5023241094296523]",28.41572464981432,0.4907216797075228
"[0.4557580863235935, 0.6817492533773795, -0.8950902073025118, 0.5023288316884734]",28.415715253272054,0.4907845121889194
"[0.4557468019661318, 0.6817446172156425, -0.8950884176123626, 0.5023335528431853]",28.415705862349462,0.49084734467031593
"[0.4557355182577135, 0.6817399817999182, -0.8950866281458023, 0.5023382732841394]",28.415696480421968,0.4909101771517126
"[0.4557242352463911, 0.6817353471498246, -0.8950848389104438, 0.5023429929913429]",28.41568710673189,0.4909730096331092
"[0.45571295295278463, 0.6817307132737037, -0.8950830499095496, 0.5023477119562816]",28.41567773141397,0.49103584211450585
"[0.455701672178272, 0.6817260805005128, -0.8950812612701698, 0.5023524298439372]",28.415668373440248,0.4910986745959024
"[0.4556903910777512, 0.6817214480724015, -0.8950794726997473, 0.5023571474260673]",28.415659012974753,0.491161507077299
"[0.4556791113695783, 0.6817168166948755, -0.8950776844707173, 0.5023618639841825]",28.41564966306843,0.49122433955869566
"[0.45566783279799933, 0.6817121862627301, -0.8950758965425085, 0.5023665796253982]",28.415640319409444,0.4912871720400923
"[0.45565655439733765, 0.6817075563793829, -0.8950741087620302, 0.5023712947535791]",28.41563098103344,0.49135000452148886
"[0.4556452769939203, 0.6817029273839357, -0.8950723212602629, 0.5023760090233634]",28.415621650603608,0.49141283700288546
"[0.45563400132477344, 0.681698299578702, -0.8950705341539978, 0.5023807221268441]",28.4156123314762,0.4914756694842821
"[0.45562272581575397, 0.6816936723174557, -0.8950687471937298, 0.5023854347221379]",28.415603017806195,0.49153850196567866
"[0.45561145073645765, 0.6816890457107619, -0.8950669604221898, 0.5023901466966287]",28.415593701235967,0.49160133444707527
"[0.45560017751999515, 0.6816844203464921, -0.895065174066461, 0.5023948574515762]",28.415584405362193,0.4916641669284719
"[0.45558890404400765, 0.6816797953537146, -0.895063387790224, 0.5023995678739713]",28.41557510524753,0.4917269994098685
"[0.4555776318224853, 0.6816751713534501, -0.8950616018333677, 0.5024042773313085]",28.415565818814805,0.4917898318912651
"[0.45556636044107224, 0.6816705481755477, -0.8950598161302228, 0.5024089859968626]",28.41555653127704,0.49185266437266173
"[0.4555550899135144, 0.6816659258255056, -0.8950580306829548, 0.5024136938650136]",28.4155472576213,0.49191549685405833
"[0.45554382010529565, 0.6816613042480156, -0.8950562454702427, 0.5024184009920758]",28.41553798624147,0.491978329335455
"[0.4555325509666051, 0.6816566834225256, -0.8950544604841884, 0.5024231073989649]",28.415528722536912,0.49204116181685154
"[0.4555212830273954, 0.6816520635661794, -0.8950526758087191, 0.5024278128644952]",28.415519468348776,0.49210399429824814
"[0.4555100154059017, 0.6816474443173223, -0.8950508913041659, 0.5024325177570058]",28.415510215445952,0.4921668267796448
"[0.4554987493882756, 0.6816428262030607, -0.8950491071742062, 0.5024372215395975]",28.415500975480633,0.49222965926104145
"[0.45548748406331563, 0.6816382088496965, -0.8950473232745164, 0.5024419245928778]",28.415491745171497,0.492292491742438
"[0.45547621849816256, 0.6816335918748079, -0.895045539457382, 0.5024466273063554]",28.415482508841112,0.4923553242238346
"[0.4554649547107348, 0.6816289761052646, -0.8950437560423156, 0.5024513288377874]",28.41547328777604,0.49241815670523126
"[0.45545369200533076, 0.6816243612557583, -0.8950419729191336, 0.502456029477758]",28.415464075311213,0.49248098918662786
"[0.45544242916160416, 0.6816197468261583, -0.8950401898946285, 0.5024607297356807]",28.41545486263106,0.4925438216680244
"[0.4554311681054119, 0.6816151336053543, -0.895038407273672, 0.502465428807974]",28.415445663256246,0.49260665414942106
"[0.4554199074070619, 0.6816105210074791, -0.8950366248299241, 0.5024701272913871]",28.415436464693414,0.49266948663081767
"[0.45540864771419143, 0.6816059092976985, -0.895034842665891, 0.5024748249157991]",28.415427276180242,0.4927323191122143
"[0.45539738877459995, 0.6816012983725654, -0.895033060741641, 0.5024795217865661]",28.41541809255261,0.49279515159361087
"[0.4553861300481309, 0.6815966880107704, -0.8950312789716833, 0.5024842181291077]",28.415408915223296,0.49285798407500747
"[0.45537487287416056, 0.681592078760613, -0.8950294975679706, 0.502488913384881]",28.41539974883634,0.49292081655640413
"[0.4553636163257715, 0.6815874702424105, -0.8950277163838003, 0.5024936079406304]",28.41539058534764,0.49298364903780073
"[0.4553523607626874, 0.6815828626032907, -0.8950259354760822, 0.5024983016464634]",28.415381432323876,0.4930464815191973
"[0.45534110598207395, 0.6815782557600693, -0.8950241548127086, 0.5025029945870993]",28.415372282438106,0.49310931400059393
"[0.4553298515957183, 0.6815736495537302, -0.8950223743322547, 0.5025076869245104]",28.415363140274316,0.49317214648199054
"[0.45531859805923847, 0.681569044170643, -0.8950205941067949, 0.5025123784688251]",28.415354000680672,0.4932349789633872
"[0.4553073461027155, 0.6815644399093685, -0.8950188142517977, 0.5025170689158761]",28.41534487395712,0.49329781144478374
"[0.4552960942687426, 0.6815598361734094, -0.895017034536716, 0.5025217588733059]",28.415335753000374,0.4933606439261804
"[0.45528484323149143, 0.6815552332385157, -0.8950152550681828, 0.5025264480601865]",28.41532663493029,0.493423476407577
"[0.4552735936953638, 0.6815506313926797, -0.8950134759575838, 0.5025311361831065]",28.415317526387835,0.49348630888897355
"[0.45526234460254583, 0.6815460302030202, -0.8950116970376101, 0.5025358236830433]",28.415308427848824,0.4935491413703702
"[0.4552510955648881, 0.6815414295107088, -0.8950099182468857, 0.5025405107217924]",28.415299324772953,0.4936119738517668
"[0.4552398482967972, 0.6815368300167515, -0.8950081398564922, 0.5025451965851724]",28.4152902379087,0.49367480633316346
"[0.4552286016395528, 0.6815322312471102, -0.8950063616831918, 0.5025498817561004]",28.4152811586337,0.49373763881456
"[0.4552173553973997, 0.6815276331216483, -0.8950045836960315, 0.5025545663162024]",28.415272077629965,0.4938004712959566
"[0.4552061105313082, 0.6815230360330997, -0.8950028060469236, 0.5025592498653446]",28.415263010580002,0.49386330377735327
"[0.45519486596224035, 0.6815184395402076, -0.8950010285652743, 0.5025639328530636]",28.41525394587415,0.49392613625874987
"[0.45518362262965045, 0.6815138440268622, -0.8949992513995778, 0.5025686148882265]",28.415244891552078,0.4939889687401464
"[0.4551723802532282, 0.6815092493783036, -0.8949974745055059, 0.5025732960877339]",28.41523584323592,0.4940518012215431
"[0.4551611385303618, 0.6815046554707228, -0.8949956978352188, 0.5025779765777082]",28.415226798525186,0.4941146337029397
"[0.4551498971960474, 0.6815000621957277, -0.8949939213468321, 0.5025826564685695]",28.415217762218102,0.49417746618433633
"[0.45513865705217954, 0.6814954698808382, -0.8949921451670588, 0.502587335426604]",28.41520873268919,0.4942402986657329
"[0.4551274184200366, 0.6814908786571086, -0.8949903693466397, 0.5025920133182598]",28.41519971446586,0.4943031311471295
"[0.45511617921561004, 0.6814862876730792, -0.8949885935562778, 0.502596691011056]",28.41519069416552,0.49436596362852614
"[0.4551049415585457, 0.6814816977944833, -0.894986818130876, 0.5026013676228933]",28.415181684411436,0.4944287961099228
"[0.45509370515652553, 0.6814771089017129, -0.8949850430242202, 0.5026060432756155]",28.41517268357147,0.49449162859131934
"[0.4550824690415698, 0.6814725205993144, -0.8949832680833802, 0.5026107183721344]",28.41516368920066,0.49455446107271595
"[0.45507123325763693, 0.6814679329051628, -0.8949814933153041, 0.5026153928942253]",28.415154697370202,0.4946172935541126
"[0.45505999877853887, 0.6814633462167374, -0.8949797188738006, 0.5026200664368672]",28.415145710299385,0.4946801260355092
"[0.4550487657375178, 0.6814587605882209, -0.8949779447798846, 0.5026247389448271]",28.4151367385505,0.49474295851690575
"[0.45503753214995757, 0.6814541752093518, -0.8949761707201153, 0.5026294112437034]",28.415127764618788,0.4948057909983024
"[0.4550263004984614, 0.6814495910933679, -0.8949743970865486, 0.5026340823010347]",28.415118806366713,0.494868623479699
"[0.4550150686359841, 0.6814450073638284, -0.8949726235401225, 0.502638753009865]",28.4151098424514,0.49493145596109567
"[0.45500383855239696, 0.6814404248326236, -0.8949708503950335, 0.5026434225428825]",28.41510089818789,0.4949942884424922
"[0.45499260974113714, 0.681435843292865, -0.8949690775712643, 0.5026480911108736]",28.41509195836537,0.4950571209238888
"[0.4549813797970174, 0.6814312617631357, -0.8949673046890915, 0.50265275971389]",28.415083013507044,0.4951199534052855
"[0.45497015237515986, 0.681426681734502, -0.8949655323255451, 0.50265742683251]",28.415074086496585,0.4951827858866821
"[0.45495892538338445, 0.6814221023532804, -0.8949637601503194, 0.5026620933366238]",28.415065161942007,0.4952456183680786
"[0.4549476994657194, 0.6814175238820219, -0.8949619882650643, 0.5026667589586682]",28.41505624942758,0.4953084508494753
"[0.4549364735893955, 0.6814129458994129, -0.894960216506765, 0.5026714241279615]",28.415047336126882,0.49537128333087194
"[0.4549252494142632, 0.681408369082203, -0.8949584451373789, 0.5026760881548458]",28.41503843963012,0.4954341158122685
"[0.4549140246320874, 0.681403792489071, -0.8949566737926226, 0.5026807519985648]",28.415029534686205,0.4954969482936651
"[0.4549028021083397, 0.6813992172881889, -0.8949549029246743, 0.5026854144686572]",28.415020647642635,0.49555978077506174
"[0.45489157982682543, 0.6813946426574025, -0.8949531322153611, 0.5026900764029362]",28.41501176420328,0.49562261325645834
"[0.4548803580141184, 0.6813900686889888, -0.8949513617004355, 0.5026947377073501]",28.415002883604746,0.4956854457378549
"[0.4548691372823383, 0.6813854956323122, -0.8949495914764636, 0.5026993981277565]",28.41499401005007,0.49574827821925155
"[0.4548579186367603, 0.6813809238968472, -0.8949478217020047, 0.5027040572468295]",28.414985156001535,0.49581111070064815
"[0.4548466993331849, 0.6813763523641473, -0.8949460519441446, 0.5027087162043787]",28.41497629640043,0.4958739431820448
"[0.45483548021438064, 0.6813717813776343, -0.8949442823358447, 0.5027133746504072]",28.414967441596872,0.49593677566344135
"[0.4548242635331224, 0.6813672118549439, -0.8949425132324111, 0.5027180316496982]",28.41495859959501,0.49599960814483796
"[0.45481304673944495, 0.6813626427570674, -0.8949407442316378, 0.5027226882611281]",28.41494976107482,0.4960624406262346
"[0.45480183109874206, 0.681358074599357, -0.8949389755330879, 0.5027273439594595]",28.414940932574662,0.4961252731076312
"[0.4547906160818125, 0.6813535071661121, -0.8949372070532923, 0.5027319989645082]",28.41493210480702,0.49618810558902776
"[0.4547794020356325, 0.6813489405985225, -0.8949354388469537, 0.5027366531323573]",28.41492328793554,0.4962509380704244
"[0.4547681884424448, 0.6813443746855926, -0.8949336708324239, 0.5027413066780356]",28.41491447522533,0.496313770551821
"[0.4547569759871902, 0.6813398097061033, -0.8949319031176848, 0.5027459593173921]",28.41490567044191,0.4963766030332177
"[0.45474576475319567, 0.6813352456937862, -0.8949301357158492, 0.5027506110160249]",28.41489687515842,0.4964394355146142
"[0.454734553639941, 0.6813306822005055, -0.8949283684534177, 0.5027552622306639]",28.414888082867684,0.4965022679960109
"[0.45472334350470983, 0.6813261195751138, -0.8949266014655246, 0.5027599126057352]",28.414879298236762,0.4965651004774075
"[0.45471213439959635, 0.6813215578386513, -0.8949248347603631, 0.5027645621197736]",28.41487052102327,0.49662793295880414
"[0.4547009254994267, 0.6813169966551842, -0.894923068207869, 0.5027692111151612]",28.414861745774502,0.4966907654402007
"[0.4546897185322824, 0.6813124367277414, -0.8949213020803719, 0.5027738588753136]",28.414852986599783,0.4967535979215973
"[0.45467851085486677, 0.6813078769807035, -0.8949195359613045, 0.502778506496552]",28.414844222375514,0.49681643040299395
"[0.45466730539889777, 0.681303318606662, -0.8949177703126401, 0.5027831527632856]",28.41483547374616,0.49687926288439055
"[0.45465610013655616, 0.681298760780535, -0.8949160048148294, 0.502787798516481]",28.414826727237116,0.4969420953657871
"[0.45464489467171976, 0.6812942033411485, -0.8949142394054743, 0.5027924439204138]",28.414817983491705,0.49700492784718375
"[0.4546336924726545, 0.6812896476988771, -0.8949124746309605, 0.5027970875374603]",28.41480926035744,0.49706776032858035
"[0.45462248903064617, 0.6812850920199794, -0.8949107097809752, 0.5028017312367535]",28.414800532898692,0.4971305928099769
"[0.45461128671474255, 0.6812805372677563, -0.8949089452287246, 0.5028063740363726]",28.41479180706703,0.49719342529137356
"[0.45460008624339604, 0.681275983734106, -0.894907181087343, 0.5028110156387502]",28.414783100195827,0.49725625777277016
"[0.4545888853846133, 0.6812714305114719, -0.8949054170052694, 0.5028156569689796]",28.41477438791961,0.4973190902541668
"[0.45457768636364565, 0.6812668785043204, -0.8949036533329597, 0.5028202971050746]",28.414765693934797,0.49738192273556336
"[0.454566487859202, 0.6812623271754029, -0.8949018898623086, 0.5028249365946632]",28.414757004954037,0.49744475521696
"[0.45455528903705467, 0.6812577761856236, -0.8949001264619575, 0.5028295757833994]",28.414748310992064,0.4975075876983566
"[0.45454409233181237, 0.6812532265242097, -0.8948983635152522, 0.5028342136628662]",28.414739633916067,0.4975704201797533
"[0.4545328960830321, 0.6812486775162611, -0.8948966007607247, 0.5028388509210261]",28.414730962856787,0.4976332526611498
"[0.4545217000766044, 0.6812441290747058, -0.8948948381646689, 0.5028434876466271]",28.414722290271865,0.49769608514254643
"[0.4545105050626419, 0.681239581504166, -0.8948930758451693, 0.5028481235291193]",28.414713630617673,0.4977589176239431
"[0.45449931224492146, 0.6812350352934045, -0.8948913139916869, 0.5028527580702202]",28.41470498376284,0.4978217501053397
"[0.4544881179073538, 0.6812304889329487, -0.8948895520192781, 0.5028573928087197]",28.414696330336476,0.49788458258673624
"[0.454476926541359, 0.6812259442467948, -0.894887790634877, 0.502862025885146]",28.414687694438562,0.4979474150681329
"[0.4544657342278015, 0.6812213996432557, -0.8948860292216406, 0.502866658922123]",28.414679055719198,0.4980102475495295
"[0.45445454343701897, 0.6812168561253314, -0.8948842681683482, 0.5028712908971216]",28.414670427401916,0.49807308003092615
"[0.45444335348451903, 0.681212313414931, -0.8948825073672596, 0.5028759220936243]",28.41466180446912,0.4981359125123227
"[0.4544321647447309, 0.6812077716638937, -0.8948807468772747, 0.502880552356814]",28.414653195479296,0.4981987449937193
"[0.45442097693625266, 0.6812032307578219, -0.8948789866540954, 0.5028851818032961]",28.41464459253858,0.49826157747511596
"[0.45440978837457363, 0.6811986900129592, -0.8948772264327027, 0.5028898111301499]",28.414635983153097,0.49832440995651256
"[0.45439860179915775, 0.6811941505409834, -0.8948754666440717, 0.5028944392039942]",28.41462738621262,0.4983872424379091
"[0.4543874164304504, 0.6811896120252791, -0.8948737071655313, 0.5028990663475994]",28.414618801793985,0.49845007491930576
"[0.4543762309903744, 0.6811850739471922, -0.8948719477960339, 0.5029036930897298]",28.41461021821242,0.4985129074007024
"[0.4543650475533383, 0.6811805371481667, -0.8948701888618475, 0.5029083185724832]",28.414601647419957,0.498575739882099
"[0.4543538636440181, 0.6811760006239026, -0.8948684299736425, 0.5029129438197729]",28.414593076251847,0.49863857236349557
"[0.4543426808101558, 0.6811714650021362, -0.8948666713748353, 0.5029175681915741]",28.414584515246887,0.4987014048448922
"[0.45433149926840466, 0.681166930370555, -0.8948649130994731, 0.5029221915984609]",28.414575962428586,0.49876423732628883
"[0.4543203175337996, 0.681162396126831, -0.8948631549140434, 0.5029268146545388]",28.41456740577963,0.4988270698076855
"[0.45430913765806313, 0.681157863102808, -0.8948613971411417, 0.5029314365116516]",28.414558867410925,0.49888990228908203
"[0.45429795818193663, 0.6811533307066402, -0.8948596395513105, 0.5029360577732216]",28.41455033309206,0.49895273477047863
"[0.45428677866933226, 0.6811487987614463, -0.8948578820759986, 0.5029406786195895]",28.414541796915042,0.4990155672518753
"[0.4542756012905764, 0.6811442681468881, -0.8948561250563725, 0.5029452981538142]",28.41453327665357,0.49907839973327184
"[0.4542644239763847, 0.6811397380240249, -0.8948543681671307, 0.5029499172312815]",28.414524759418516,0.49914123221466844
"[0.4542532478826115, 0.6811352088612048, -0.894852611589948, 0.5029545353744308]",28.41451625054646,0.4992040646960651
"[0.45424207259889454, 0.6811306804919617, -0.8948508552603077, 0.502959152752978]",28.41450774863888,0.4992668971774617
"[0.4542308980226832, 0.6811261528746101, -0.8948490991620826, 0.5029637694094106]",28.414499251591263,0.49932972965885825
"[0.4542197242854025, 0.681121626062266, -0.8948473433159148, 0.5029683852895508]",28.414490761800195,0.4993925621402549
"[0.45420855118817377, 0.6811170999742318, -0.8948455876905431, 0.5029730004756661]",28.41448228079122,0.4994553946216515
"[0.4541973779396192, 0.6811125742898694, -0.8948438321616239, 0.5029776152946955]",28.414473792695734,0.49951822710304816
"[0.4541862070350326, 0.6811080500196937, -0.8948420771211949, 0.5029822287162015]",28.414465328870783,0.4995810595844447
"[0.45417503607557946, 0.681103526192007, -0.8948403221923557, 0.5029868417310057]",28.41445686202857,0.49964389206584137
"[0.45416386612692755, 0.6810990032382642, -0.8948385675425189, 0.5029914538991335]",28.414448401273766,0.49970672454723797
"[0.4541526974077131, 0.6810944812468183, -0.8948368132060068, 0.5029960651304682]",28.414439953746893,0.4997695570286346
"[0.45414152889967835, 0.6810899598052738, -0.8948350590228664, 0.5030006758455261]",28.414431507609695,0.49983238951003117
"[0.4541303610935151, 0.6810854391121836, -0.8948333050701684, 0.5030052858418205]",28.41442306477033,0.4998952219914278
"[0.4541191940771333, 0.6810809192030093, -0.8948315513617081, 0.5030098950831722]",28.414414631327247,0.49995805447282443
"[0.4541080289262656, 0.6810764005129549, -0.8948297980663945, 0.5030145031257511]",28.414406211354848,0.5000208869542211
"[0.4540968636736187, 0.6810718822456906, -0.8948280448752823, 0.5030191107816154]",28.41439779123628,0.5000837194356176
"[0.45408569912406527, 0.6810673647268474, -0.89482629191476, 0.5030237177186796]",28.414389374129552,0.5001465519170142
"[0.4540745359036771, 0.6810628482095723, -0.8948245392831079, 0.5030283236787669]",28.414380973569685,0.5002093843984109
"[0.45406337305710714, 0.6810583323072303, -0.8948227868303228, 0.5030329290561489]",28.41437257298553,0.5002722168798075
"[0.45405221100123294, 0.6810538171883439, -0.8948210346218457, 0.5030375336789494]",28.414364177423106,0.500335049361204
"[0.45404104951881313, 0.6810493027649208, -0.8948192826235657, 0.5030421376368887]",28.414355790130124,0.5003978818426007
"[0.4540298893770324, 0.6810447893471068, -0.89481753095589, 0.5030467406136501]",28.414347410634218,0.5004607143239973
"[0.4540187304198463, 0.681040276871592, -0.8948157795942987, 0.5030513426737767]",28.41433904116057,0.5005235468053939
"[0.4540075711541627, 0.6810357647345169, -0.894814028304456, 0.5030559444331024]",28.414330670662533,0.5005863792867905
"[0.4539964137058227, 0.6810312537953087, -0.8948122774199727, 0.5030605450151122]",28.41432231572517,0.5006492117681871
"[0.45398525584087324, 0.6810267431506594, -0.8948105265902765, 0.5030651453410488]",28.414313954464735,0.5007120442495837
"[0.4539740999612689, 0.6810222337714466, -0.8948087761922568, 0.5030697444207136]",28.414305610887627,0.5007748767309803
"[0.45396294437191936, 0.6810177249723097, -0.8948070259599251, 0.5030743429530786]",28.414297269871597,0.5008377092123769
"[0.4539517900377627, 0.6810132171431202, -0.8948052760446623, 0.5030789405404955]",28.414288935766592,0.5009005416937735
"[0.45394063548098595, 0.6810087096865446, -0.8948035262146237, 0.5030835377921776]",28.414280602602926,0.5009633741751702
"[0.45392948256744037, 0.6810042033564275, -0.8948017767624982, 0.5030881339392457]",28.414272283184015,0.5010262066565667
"[0.4539183307199454, 0.6809996979193632, -0.8948000275977194, 0.5030927292197331]",28.41426397644218,0.5010890391379633
"[0.45390717835012573, 0.680995192733562, -0.8947982784711559, 0.5030973242882161]",28.414255657617762,0.50115187161936
"[0.4538960276334402, 0.6809906886777333, -0.8947965297239999, 0.5031019182484394]",28.414247356998295,0.5012147041007566
"[0.4538848776650912, 0.6809861853862146, -0.8947947812143293, 0.5031065114733418]",28.414239060275914,0.5012775365821531
"[0.4538737287879133, 0.6809816829973385, -0.8947930329958903, 0.5031111038218076]",28.414230773398607,0.5013403690635498
"[0.45386258072659746, 0.6809771813997447, -0.8947912850254958, 0.503115695407405]",28.41422249516119,0.5014032015449464
"[0.4538514321626922, 0.680972680060989, -0.8947895370964268, 0.5031202867732106]",28.414214208076505,0.501466034026343
"[0.453840285562001, 0.6809681799765552, -0.8947877895952747, 0.5031248769038135]",28.414205941266218,0.5015288665077396
"[0.45382913949232234, 0.6809636805680371, -0.8947860422974807, 0.5031294663891708]",28.414197677768012,0.5015916989891362
"[0.45381799428208575, 0.6809591819678912, -0.8947842952545223, 0.5031340550941581]",28.4141894204381,0.5016545314705328
"[0.4538068497330356, 0.6809546840959654, -0.8947825484353114, 0.503138643100515]",28.414181168465632,0.5017173639519296
"[0.45379570582185125, 0.6809501869427305, -0.8947808018361852, 0.5031432304179463]",28.41417292403501,0.501780196433326
"[0.45378456327535754, 0.6809456908013417, -0.894779055571042, 0.5031478167473987]",28.414164688869715,0.5018430289147227
"[0.4537734206937988, 0.6809411951068567, -0.8947773094205035, 0.5031524026651313]",28.414156453989712,0.5019058613961194
"[0.45376227932118385, 0.6809367003610958, -0.8947755635795123, 0.5031569876592367]",28.414148225793582,0.501968693877516
"[0.45375113935094047, 0.6809322066418854, -0.8947738180783509, 0.5031615716503026]",28.414140009155222,0.5020315263589125
"[0.4537399993737947, 0.6809277133806292, -0.8947720726961934, 0.503166155218331]",28.414131794945355,0.5020943588403092
"[0.4537288601762428, 0.6809232208944705, -0.8947703275562678, 0.5031707380397912]",28.414123587720994,0.5021571913217058
"[0.45371772219188333, 0.6809187293581294, -0.8947685827264854, 0.5031753199364302]",28.414115391221767,0.5022200238031024
"[0.4537065848095363, 0.6809142385249697, -0.8947668381110869, 0.5031799011598276]",28.414107199112948,0.502282856284499
"[0.4536954483343114, 0.680909748517911, -0.8947650937578543, 0.5031844815845714]",28.414099012978216,0.5023456887658956
"[0.4536843124797634, 0.6809052592213272, -0.8947633496219106, 0.5031890613285992]",28.414090830030986,0.5024085212472922
"[0.45367317728001133, 0.680900770648857, -0.8947616057085924, 0.5031936403779818]",28.414082656349493,0.5024713537286888
"[0.4536620437009877, 0.6808962831896898, -0.8947598621691539, 0.5031982183356629]",28.414074489071833,0.5025341862100854
"[0.4536509099545197, 0.6808917961229666, -0.8947581187235544, 0.5032027959370227]",28.414066332539317,0.502597018691482
"[0.45363977771666725, 0.6808873101240441, -0.894756375634242, 0.5032073724930611]",28.414058175782074,0.5026598511728787
"[0.453628645642773, 0.6808828246509231, -0.8947546326906567, 0.5032119485567008]",28.414050030875515,0.5027226836542752
"[0.4536175147513437, 0.6808783401138746, -0.8947528900522576, 0.5032165237093681]",28.414041889805954,0.5027855161356718
"[0.4536063851765982, 0.6808738565667813, -0.8947511477400313, 0.5032210978960692]",28.41403375846663,0.5028483486170685
"[0.45359525387711713, 0.6808693727844007, -0.8947494052778696, 0.5032256723668098]",28.41402561731515,0.5029111810984651
"[0.45358412641299156, 0.6808648910062168, -0.8947476635361138, 0.5032302448367897]",28.414017502703018,0.5029740135798616
"[0.453572998118052, 0.6808604093526299, -0.8947459217843501, 0.5032348172236176]",28.414009384010715,0.5030368460612583
"[0.45356187146694216, 0.6808559288201556, -0.8947441804098998, 0.5032393885105901]",28.414001279764346,0.5030996785426549
"[0.45355074449396493, 0.6808514486171213, -0.8947424391051135, 0.5032439595053991]",28.413993170312995,0.5031625110240515
"[0.45353961923986424, 0.6808469695651037, -0.8947406981893473, 0.5032485293698017]",28.413985075218555,0.5032253435054481
"[0.45352849430479536, 0.6808424911003419, -0.8947389574435297, 0.5032530986789698]",28.41397698461481,0.5032881759868447
"[0.45351737048654717, 0.6808380135438907, -0.8947372169924828, 0.5032576671053184]",28.413968899136016,0.5033510084682413
"[0.45350624671534706, 0.6808335364650279, -0.8947354766688234, 0.5032622350882963]",28.413960821531187,0.5034138409496379
"[0.4534951246853075, 0.6808290605454558, -0.8947337367375817, 0.5032668019323407]",28.41395275103425,0.5034766734310345
"[0.45348400329481037, 0.6808245853416562, -0.8947319970263955, 0.5032713680899569]",28.41394468625467,0.5035395059124311
"[0.4534728825602748, 0.6808201108601233, -0.8947302575378266, 0.5032759335545036]",28.41393662966568,0.5036023383938278
"[0.4534617631271599, 0.6808156373604033, -0.8947285183728183, 0.5032804980611366]",28.41392858376052,0.5036651708752244
"[0.45345064309963906, 0.6808111640797027, -0.8947267792348506, 0.5032850623881553]",28.41392053323312,0.5037280033566209
"[0.4534395247083455, 0.6808066919152383, -0.8947250404727852, 0.503289625620067]",28.413912493629926,0.5037908358380176
"[0.4534284073657004, 0.6808022206304704, -0.8947233019947033, 0.5032941879982042]",28.413904460090254,0.5038536683194142
"[0.45341729048119267, 0.680797749987776, -0.8947215637082527, 0.5032987497650132]",28.41389643438601,0.5039165008008109
"[0.4534061743460085, 0.6807932801041369, -0.8947198256589585, 0.5033033108011135]",28.41388841696432,0.5039793332822075
"[0.45339505863180374, 0.6807888108474233, -0.8947180877954782, 0.5033078712413133]",28.413880400062332,0.504042165763604
"[0.4533839441621943, 0.6807843425486495, -0.8947163502465639, 0.5033124307478267]",28.413872394684685,0.5041049982450007
"[0.45337283067165096, 0.6807798751008752, -0.8947146129706842, 0.503316989429757]",28.41386439756761,0.5041678307263973
"[0.4533617178132657, 0.6807754083645323, -0.8947128759135966, 0.5033215474295029]",28.413856402861775,0.5042306632077939
"[0.453350605076611, 0.6807709421343764, -0.8947111389955175, 0.5033261049564907]",28.413848410121172,0.5042934956891905
"[0.45333949365844345, 0.6807664768912446, -0.8947094024034904, 0.5033306615200378]",28.413840428175163,0.5043563281705871
"[0.4533283829120431, 0.680762012375104, -0.8947076660364208, 0.5033352173854743]",28.413832454538856,0.5044191606519838
"[0.45331727409113465, 0.6807575490895262, -0.894705930090211, 0.503339772038902]",28.413824489551562,0.5044819931333803
"[0.4533061641760049, 0.6807530858211682, -0.8947041940929781, 0.5033443267184887]",28.413816523666434,0.5045448256147769
"[0.45329505597180525, 0.6807486236968917, -0.8947024584830495, 0.5033488802742825]",28.413808570076544,0.5046076580961736
"[0.453283948789631, 0.6807441624397615, -0.8947007231527558, 0.503353432988868]",28.413800620484402,0.5046704905775701
"[0.45327284195398176, 0.6807397017783404, -0.8946989879965521, 0.5033579851392314]",28.413792678820077,0.5047333230589668
"[0.45326173600662795, 0.6807352419301015, -0.8946972530990693, 0.5033625365034234]",28.413784737223075,0.5047961555403634
"[0.4532506318152256, 0.68073078324327, -0.8946955185958183, 0.5033670867260495]",28.413776815487978,0.50485898802176
"[0.45323952614267515, 0.6807263244179986, -0.8946937839811645, 0.5033716371336325]",28.41376888447098,0.5049218205031566
"[0.45322842308161465, 0.6807218670973385, -0.8946920498943397, 0.5033761860493593]",28.413760968645608,0.5049846529845532
"[0.4532173195273418, 0.6807174100347413, -0.8946903158504282, 0.5033807347453725]",28.41375305298938,0.5050474854659498
"[0.4532062177684235, 0.6807129541487438, -0.8946885822068282, 0.5033852822842362]",28.413745149893387,0.5051103179473464
"[0.4531951166276004, 0.6807084989666479, -0.8946868487796741, 0.5033898291483484]",28.413737252575793,0.505173150428743
"[0.45318401557761734, 0.6807040442767728, -0.8946851154866382, 0.5033943755537335]",28.413729355466163,0.5052359829101396
"[0.4531729172165408, 0.6806995911214792, -0.8946833827333452, 0.503398920436546]",28.41372147826899,0.5052988153915362
"[0.45316181791135335, 0.6806951380428983, -0.8946816499525682, 0.5034034652846654]",28.413713597293377,0.5053616478729329
"[0.4531507198277152, 0.6806906859098449, -0.8946799174824119, 0.5034080092113628]",28.413705723068613,0.5054244803543294
"[0.4531396220017535, 0.6806862343355279, -0.8946781851723992, 0.5034125526113871]",28.413697854826793,0.505487312835726
"[0.45312852556321415, 0.6806817837729707, -0.8946764531988648, 0.5034170950223521]",28.413689995199714,0.5055501453171227
"[0.4531174296448333, 0.6806773338741845, -0.8946747214264255, 0.5034216367994092]",28.413682142331457,0.5056129777985193
"[0.4531063349124795, 0.6806728849060644, -0.894672989958991, 0.5034261776701342]",28.413674294918646,0.5056758102799158
"[0.45309523990978173, 0.6806684362845196, -0.8946712585692769, 0.5034307182306695]",28.413666448973206,0.5057386427613125
"[0.4530841469995172, 0.680663988956775, -0.8946695276259803, 0.5034352575141957]",28.413658615624467,0.5058014752427091
"[0.45307305355245825, 0.6806595418686123, -0.8946677967188237, 0.5034397965967105]",28.413650781100394,0.5058643077241057
"[0.4530619621512924, 0.680655096055202, -0.8946660662507739, 0.5034443344216145]",28.413642962145918,0.5059271402055023
"[0.45305087025024426, 0.6806506504960202, -0.8946643358246286, 0.5034488720305335]",28.413635144243962,0.5059899726868989
"[0.45303978097547126, 0.6806462064438248, -0.8946626059280739, 0.5034534081447494]",28.413627340209683,0.5060528051682955
"[0.4530286906575834, 0.6806417624279741, -0.8946608759886817, 0.5034579442653523]",28.41361953284827,0.5061156376496923
"[0.45301760206448755, 0.6806373195575254, -0.8946591464382116, 0.5034624792602871]",28.41361173260202,0.5061784701310887
"[0.4530065143037115, 0.6806328774746869, -0.894657417137432, 0.5034670134947408]",28.41360394839639,0.5062413026124853
"[0.4529954270679629, 0.6806284360562471, -0.8946556880384063, 0.5034715470944651]",28.413596161682136,0.5063041350938821
"[0.4529843407221332, 0.6806239954482347, -0.8946539591980327, 0.5034760799103843]",28.413588384729984,0.5063669675752785
"[0.45297325474360567, 0.6806195554412241, -0.8946522305348054, 0.5034806121562567]",28.41358061081122,0.5064298000566752
"[0.45296216994997235, 0.6806151163625284, -0.8946505021762017, 0.5034851434979523]",28.413572848402776,0.5064926325380719
"[0.45295108551638796, 0.6806106778816969, -0.8946487739935997, 0.5034896742727722]",28.4135650860703,0.5065554650194685
"[0.4529400022019473, 0.6806062403025659, -0.8946470461053391, 0.5034942041705458]",28.413557334192806,0.506618297500865
"[0.4529289194366176, 0.6806018033967615, -0.8946453184225388, 0.5034987334243805]",28.41354958689791,0.5066811299822617
"[0.45291783790537415, 0.6805973674383768, -0.8946435910519632, 0.5035032617544585]",28.413541848045593,0.5067439624636583
"[0.45290675708147615, 0.6805929322163795, -0.8946418639114884, 0.5035077893761885]",28.413534118348732,0.5068067949450549
"[0.45289567612296455, 0.6805884973937162, -0.8946401368698832, 0.5035123166336327]",28.413526382536777,0.5068696274264515
"[0.45288459730997477, 0.6805840638827794, -0.8946384102825031, 0.5035168425953628]",28.413518668599824,0.5069324599078481
"[0.45287351797115244, 0.6805796306144155, -0.894636683733016, 0.5035213683528091]",28.413510948815322,0.5069952923892447
"[0.45286244036429807, 0.6805751984919508, -0.8946349575732601, 0.5035258929837841]",28.413503243027733,0.5070581248706414
"[0.4528513629511685, 0.6805707668997746, -0.8946332315635226, 0.5035304171167289]",28.413495540483517,0.5071209573520379
"[0.4528402866398536, 0.6805663362010733, -0.8946315058452883, 0.5035349403808569]",28.41348784666279,0.5071837898334345
"[0.45282921038241414, 0.6805619059765408, -0.8946297802552804, 0.5035394632042195]",28.413480149148146,0.5072466223148312
"[0.4528181364045949, 0.6805574771162458, -0.8946280551402273, 0.5035439846781222]",28.413472472530465,0.5073094547962278
"[0.4528070616931223, 0.6805530484149475, -0.8946263300307067, 0.5035485060329918]",28.41346479117813,0.5073722872776243
"[0.45279598894659534, 0.6805486209516868, -0.8946246053470737, 0.503553026167197]",28.413457124051945,0.507435119759021
"[0.4527849156577046, 0.6805441937237882, -0.8946228806987816, 0.5035575461043843]",28.413449456657602,0.5074979522404176
"[0.4527738440092539, 0.6805397676038607, -0.8946211564257943, 0.5035620649536564]",28.41344179733125,0.5075607847218142
"[0.45276277362977174, 0.68053534244319, -0.8946194324702267, 0.5035665828668185]",28.413434151514014,0.5076236172032108
"[0.4527517031904989, 0.6805309177105164, -0.8946177086251483, 0.503571100386251]",28.413426504238476,0.5076864496846074
"[0.4527406332043779, 0.6805264936108053, -0.8946159849704405, 0.5035756173026785]",28.413418861654453,0.507749282166004
"[0.4527295646408987, 0.6805220705313605, -0.8946142616570402, 0.5035801332206539]",28.41341122996834,0.5078121146474007
"[0.4527184970045295, 0.6805176482739854, -0.8946125386077715, 0.5035846483425108]",28.41340360371313,0.5078749471287972
"[0.45270742920362106, 0.680513226402412, -0.8946108156526839, 0.5035891631136667]",28.41339598193991,0.5079377796101938
"[0.4526963632117058, 0.6805088057049871, -0.8946090930989893, 0.5035936767291942]",28.413388369309377,0.5080006120915905
"[0.45268529793605833, 0.6805043857449811, -0.8946073707765646, 0.5035981896349799]",28.413380762853844,0.5080634445729871
"[0.4526742326364941, 0.6804999662266784, -0.8946056485702008, 0.5036027021329449]",28.413373157705898,0.5081262770543836
"[0.45266316861994244, 0.6804955476719242, -0.894603926683303, 0.5036072136902512]",28.413365565032162,0.5081891095357803
"[0.4526521055460672, 0.6804911299446614, -0.8946022050628815, 0.5036117244457973]",28.413357980274043,0.5082519420171769
"[0.45264104290530194, 0.6804867128412804, -0.8946004836296294, 0.5036162346074642]",28.413350394092785,0.5083147744985734
"[0.45262998126463455, 0.6804822965880467, -0.8945987624717645, 0.5036207439442035]",28.41334281752948,0.5083776069799701
"[0.4526189202290809, 0.6804778810271345, -0.8945970415278164, 0.50362525261715]",28.41333525056911,0.5084404394613667
"[0.4526078593027232, 0.6804734659604948, -0.8945953207206283, 0.5036297608285162]",28.41332767856892,0.5085032719427633
"[0.4525968000114773, 0.6804690519970706, -0.8945936002875811, 0.5036342679564945]",28.413320122925512,0.50856610442416
"[0.45258574222111514, 0.6804646390830627, -0.8945918802077553, 0.5036387740559928]",28.41331257655834,0.5086289369055566
"[0.45257468351899444, 0.6804602262555765, -0.8945901601058599, 0.5036432801102267]",28.413305031059295,0.5086917693869532
"[0.45256362680986606, 0.6804558146735925, -0.8945884404337042, 0.5036477849357177]",28.413297494615296,0.5087546018683499
"[0.4525525701798336, 0.6804514035733352, -0.8945867208935954, 0.5036522893123629]",28.413289958787097,0.5088174343497464
"[0.45254151434770234, 0.6804469932414808, -0.8945850015973222, 0.5036567929474116]",28.413282432702132,0.508880266831143
"[0.45253045941601694, 0.6804425837187965, -0.8945832825608176, 0.503661295799216]",28.41327490925408,0.5089430993125397
"[0.4525194055820673, 0.6804381750838231, -0.8945815638147406, 0.5036657977875526]",28.41326740134204,0.5090059317939363
"[0.45250835248824045, 0.6804337671937828, -0.89457984530347, 0.5036702990582043]",28.41325989555802,0.5090687642753328
"[0.452497299317067, 0.6804293597226027, -0.8945781268999111, 0.5036747999441394]",28.41325238900427,0.5091315967567295
"[0.452486247839969, 0.6804249533764999, -0.8945764088794472, 0.503679299724156]",28.41324489884708,0.5091944292381261
"[0.45247519679312254, 0.6804205476514213, -0.8945746910455892, 0.5036837989129738]",28.413237406953048,0.5092572617195227
"[0.45246414728176704, 0.6804161429878347, -0.8945729735701222, 0.5036882970607621]",28.41322993089924,0.5093200942009193
"[0.45245309749074425, 0.6804117386620528, -0.894571256170901, 0.5036927949065516]",28.41322245594278,0.5093829266823159
"[0.45244204852968617, 0.6804073351162951, -0.8945695390203937, 0.5036972919987215]",28.41321498324461,0.5094457591637125
"[0.45243100060251884, 0.6804029324316908, -0.8945678221502759, 0.5037017882544009]",28.413207520884246,0.5095085916451091
"[0.4524199535960743, 0.6803985305629817, -0.8945661055429425, 0.5037062837197899]",28.413200060467865,0.5095714241265057
"[0.4524089071502299, 0.6803941293665532, -0.8945643891424231, 0.5037107785415401]",28.41319261392824,0.5096342566079023
"[0.45239786072104016, 0.6803897286256104, -0.8945626728642031, 0.5037152729410465]",28.4131851642338,0.5096970890892989
"[0.4523868160995819, 0.6803853290535482, -0.8945609569865454, 0.5037197661897129]",28.413177725570666,0.5097599215706956
"[0.45237577252144984, 0.6803809303456625, -0.8945592413906597, 0.5037242585987065]",28.413170300206847,0.5098227540520921
"[0.45236472899510743, 0.6803765321069186, -0.8945575259225086, 0.5037287505714625]",28.41316287442481,0.5098855865334888
"[0.452353686576213, 0.6803721347576421, -0.8945558107460694, 0.5037332416786824]",28.413155453557764,0.5099484190148854
"[0.4523426441220841, 0.680367737842691, -0.8945540956838497, 0.5037377323851986]",28.413148035251226,0.5100112514962819
"[0.4523316029650927, 0.6803633418924864, -0.8945523809427803, 0.503742222149259]",28.41314062790292,0.5100740839776786
"[0.4523205630193618, 0.6803589468726436, -0.8945506665094964, 0.5037467110059605]",28.41313322857854,0.5101369164590752
"[0.45230952421220627, 0.6803545527540439, -0.894548952372686, 0.5037511989850217]",28.413125839958685,0.5101997489404718
"[0.45229848432755815, 0.6803501586545334, -0.8945472381882434, 0.5037556869874307]",28.413118443917647,0.5102625814218684
"[0.4522874464256193, 0.6803457657920398, -0.8945455244313318, 0.5037601737692193]",28.41311106318851,0.510325413903265
"[0.45227640935719177, 0.6803413737090006, -0.8945438109234927, 0.5037646597977078]",28.413103689247173,0.5103882463846616
"[0.4522653721314281, 0.6803369820110429, -0.8945420975108986, 0.5037691454756931]",28.413096311511655,0.5104510788660582
"[0.452254337250432, 0.680332591693584, -0.8945403845819535, 0.5037736297864355]",28.41308895732528,0.5105139113474548
"[0.45224330199798224, 0.6803282016758019, -0.894538671715002, 0.503778113833877]",28.413081594886318,0.5105767438288514
"[0.45223226760990903, 0.6803238124492597, -0.8945369591018737, 0.5037825971159147]",28.41307424319651,0.510639576310248
"[0.4522212349776987, 0.6803194243683837, -0.8945352468809032, 0.5037870792705041]",28.413066907227595,0.5107024087916447
"[0.45221020196297207, 0.6803150365825443, -0.8945335347202139, 0.5037915611664947]",28.41305956464057,0.5107652412730412
"[0.45219916988120695, 0.6803106496148335, -0.8945318228239525, 0.5037960422695644]",28.41305223366009,0.5108280737544378
"[0.45218813825675797, 0.6803062632759905, -0.8945301111183024, 0.5038005227730186]",28.413044903568604,0.5108909062358346
"[0.45217710884809226, 0.6803018782650122, -0.8945283998760826, 0.5038050019628307]",28.41303758905203,0.5109537387172312
"[0.4521660789524078, 0.6802974935071932, -0.8945266886779322, 0.5038094809367706]",28.41303027445591,0.5110165711986278
"[0.45215505007358187, 0.680293109600309, -0.8945249777571697, 0.503813959084206]",28.413022966538872,0.5110794036800244
"[0.4521440217345909, 0.6802887263546227, -0.8945232670397818, 0.5038184365989365]",28.413015663870077,0.511142236161421
"[0.4521329943733286, 0.6802843439440422, -0.8945215565936836, 0.5038229133032968]",28.413008370883134,0.5112050686428176
"[0.4521219676604227, 0.6802799622375457, -0.8945198463677729, 0.5038273893311099]",28.413001078648904,0.5112679011242142
"[0.4521109420104573, 0.6802755813997363, -0.894518136426337, 0.5038318645142118]",28.41299379903413,0.5113307336056108
"[0.4520999166387013, 0.6802712011187013, -0.894516426647665, 0.5038363391712168]",28.412986519968285,0.5113935660870074
"[0.45208889184826834, 0.6802668215147789, -0.8945147170787624, 0.5038408131791803]",28.412979246525648,0.5114563985684041
"[0.45207786922967497, 0.680262443219604, -0.894513007966232, 0.5038452858928284]",28.41297198990383,0.5115192310498006
"[0.45206684568333066, 0.6802580650018747, -0.8945112988294601, 0.5038497585700014]",28.41296472611315,0.5115820635311972
"[0.4520558239539562, 0.680253687951622, -0.8945095900939986, 0.5038542300971375]",28.412957477541262,0.5116448960125939
"[0.4520448027396225, 0.6802493115516421, -0.8945078815579803, 0.5038587010025822]",28.4129502325458,0.5117077284939905
"[0.4520337821853411, 0.6802449358594104, -0.894506173243879, 0.5038631712276046]",28.412942994214678,0.511770560975387
"[0.452022762814463, 0.6802405610825759, -0.8945044652328045, 0.5038676405600501]",28.412935764324,0.5118333934567837
"[0.4520117429462355, 0.6802361865537925, -0.8945027572642402, 0.5038721096816772]",28.412928532603768,0.5118962259381803
"[0.4520007249448955, 0.6802318132114686, -0.8945010497046093, 0.5038765776337701]",28.41292131181427,0.5119590584195769
"[0.4519897075534019, 0.6802274405564661, -0.8944993423590714, 0.5038810449262418]",28.412914096731658,0.5120218909009735
"[0.45197869180113903, 0.6802230689971646, -0.8944976353871238, 0.5038855111418534]",28.412906896149195,0.5120847233823701
"[0.4519676752680037, 0.6802186975730703, -0.8944959284137532, 0.5038899772618827]",28.412899693149477,0.5121475558637667
"[0.45195666009914326, 0.6802143271353176, -0.8944942217713465, 0.5038944424167464]",28.41289249401482,0.5122103883451633
"[0.45194564509274876, 0.6802099572069485, -0.8944925152736892, 0.5038989070937223]",28.41288530173873,0.5122732208265599
"[0.4519346314667567, 0.6802055882710194, -0.894490809109458, 0.5039033707992635]",28.412878118733087,0.5123360533079565
"[0.45192361848897356, 0.6802012200369254, -0.8944891031652059, 0.5039078338302585]",28.412870940879152,0.5123988857893532
"[0.45191260618981527, 0.6801968525166164, -0.894487397445636, 0.5039122961744826]",28.412863772305993,0.5124617182707497
"[0.4519015949581362, 0.6801924858641734, -0.8944856920109641, 0.5039167576744914]",28.412856606751756,0.5125245507521463
"[0.4518905845788429, 0.6801881199941494, -0.8944839868278577, 0.5039212184175685]",28.41284945152353,0.512587383233543
"[0.45187957480945495, 0.6801837548102733, -0.8944822818587536, 0.5039256785020605]",28.412842302339183,0.5126502157149396
"[0.4518685650709428, 0.6801793900828972, -0.8944805770139858, 0.503930138162596]",28.412835152320817,0.5127130481963361
"[0.4518575570260478, 0.6801750264710643, -0.8944788725510133, 0.5039345967257801]",28.412828015669746,0.5127758806777328
"[0.45184654870541013, 0.6801706631939982, -0.8944771681648946, 0.5039390549893618]",28.412820875624917,0.5128387131591294
"[0.4518355424553245, 0.6801663011815366, -0.8944754642188835, 0.5039435120032435]",28.412813753102995,0.512901545640526
"[0.45182453651366383, 0.6801619397351341, -0.8944737604401488, 0.503947968481162]",28.41280663242544,0.5129643781219226
"[0.45181353086986237, 0.6801575788505424, -0.8944720568270574, 0.5039524244274465]",28.412799514605883,0.5130272106033192
"[0.45180252574553975, 0.6801532186154673, -0.8944703534139165, 0.5039568797524678]",28.41279240274901,0.5130900430847158
"[0.4517915219461441, 0.6801488593489088, -0.8944686503253776, 0.5039613341302489]",28.412785299352183,0.5131528755661126
"[0.4517805200609134, 0.6801445012840622, -0.8944669476525999, 0.5039657873224804]",28.412778212511526,0.513215708047509
"[0.4517695164404065, 0.6801401429752673, -0.8944652448307997, 0.5039702408063689]",28.412771110475912,0.5132785405289056
"[0.45175851510849224, 0.6801357860162265, -0.8944635424826781, 0.5039746929533986]",28.412764030211132,0.5133413730103024
"[0.45174751425685594, 0.6801314296905795, -0.894461840328385, 0.5039791444955556]",28.412756954397196,0.513404205491699
"[0.4517365141541375, 0.6801270741045979, -0.8944601384094792, 0.5039835953242313]",28.412749883353523,0.5134670379730955
"[0.4517255148357815, 0.6801227192721906, -0.8944584367314341, 0.5039880454251947]",28.41274281687903,0.5135298704544922
"[0.45171451578341704, 0.6801183649880277, -0.8944567352140486, 0.5039924950082542]",28.41273575211746,0.5135927029358888
"[0.4517035188090136, 0.6801140119692547, -0.8944550341376042, 0.503996943340547]",28.412728708243048,0.5136555354172853
"[0.4516925212538464, 0.6801096591633221, -0.8944533330908224, 0.5040013914976522]",28.41272165433031,0.513718367898682
"[0.45168152450620946, 0.6801053071196694, -0.8944516322884467, 0.5040058389180854]",28.41271461177267,0.5137812003800786
"[0.45167052862351004, 0.6801009558608774, -0.8944499317393424, 0.5040102855787535]",28.412707575069764,0.5138440328614752
"[0.4516595346613879, 0.6800966058044869, -0.8944482316067346, 0.5040147310529358]",28.412700550901217,0.5139068653428718
"[0.4516485394581024, 0.6800922556993817, -0.8944465314016874, 0.5040191766191813]",28.412693520381463,0.5139696978242684
"[0.45163754693551467, 0.680087907097092, -0.8944448317306327, 0.5040236206918942]",28.41268651184937,0.514032530305665
"[0.45162655438213933, 0.680083558924753, -0.8944431321742897, 0.5040280643674716]",28.41267950265666,0.5140953627870617
"[0.4516155619139519, 0.6800792112282152, -0.8944414327506012, 0.5040325075990458]",28.412672493788598,0.5141581952684582
"[0.4516045706279132, 0.6800748644412513, -0.8944397336291483, 0.5040369499432971]",28.412665491749028,0.5142210277498548
"[0.45159358044229175, 0.6800705185313071, -0.8944380347972735, 0.5040413914334774]",28.412658501387877,0.5142838602312515
"[0.45158259109217885, 0.6800661733935385, -0.8944363362140082, 0.5040458321767141]",28.41265151885896,0.5143466927126481
"[0.4515716020557, 0.680061828821476, -0.894434637798683, 0.5040502723840058]",28.412644535702686,0.5144095251940446
"[0.45156061410532017, 0.6800574851204055, -0.8944329396706773, 0.5040547117433303]",28.412637562339203,0.5144723576754413
"[0.4515496270671585, 0.6800531422214297, -0.8944312418030981, 0.5040591503250832]",28.41263059793527,0.5145351901568379
"[0.45153864040457836, 0.6800487999123059, -0.8944295441130107, 0.504063588346168]",28.412623635977553,0.5145980226382345
"[0.4515276542853208, 0.6800444582592657, -0.894427846626332, 0.5040680257388792]",28.41261667814848,0.5146608551196311
"[0.4515166694208922, 0.6800401175433421, -0.8944261494529824, 0.5040724622159689]",28.412609734691262,0.5147236876010277
"[0.4515056850761154, 0.6800357774738865, -0.8944244524793603, 0.5040768980744789]",28.412602789783445,0.5147865200824243
"[0.4514947011207518, 0.6800314379993516, -0.8944227556853437, 0.5040813333670813]",28.412595849838095,0.5148493525638209
"[0.45148371826735795, 0.6800270994011269, -0.8944210591809962, 0.5040857678061567]",28.412588920198697,0.5149121850452175
"[0.45147273579083463, 0.6800227613926701, -0.8944193628543013, 0.5040902016845591]",28.41258199363935,0.5149750175266141
"[0.4514617550373259, 0.680018424505486, -0.8944176669131623, 0.5040946344590217]",28.41257508114007,0.5150378500080108
"[0.45145077466850436, 0.680014088210892, -0.8944159711508552, 0.5040990666698916]",28.412568167500876,0.5151006824894074
"[0.4514397939396268, 0.6800097522147254, -0.8944142754523787, 0.504103498617832]",28.412561257050083,0.5151635149708039
"[0.4514288151930339, 0.6800054174417841, -0.8944125801794353, 0.5041079293575621]",28.412554359416305,0.5152263474522006
"[0.45141783720524736, 0.6800010834087997, -0.8944108851430707, 0.5041123593830256]",28.412547467337557,0.5152891799335972
"[0.45140685937710345, 0.6799967498791389, -0.8944091902507707, 0.5041167889360834]",28.412540580485675,0.5153520124149938
"[0.45139588235737904, 0.6799924171088173, -0.894407495602698, 0.5041212177550346]",28.412533695388994,0.5154148448963904
"[0.4513849061649256, 0.6799880851051534, -0.8944058012017505, 0.5041256458323791]",28.4125268203157,0.515477677377787
"[0.4513739306393924, 0.6799837538047093, -0.8944041070231625, 0.5041300732329476]",28.41251994935255,0.5155405098591836
"[0.4513629564153147, 0.6799794234577741, -0.8944024131648619, 0.5041344997008762]",28.412513090004538,0.5156033423405803
"[0.4513519821548076, 0.6799750935363018, -0.8944007194203402, 0.5041389257759177]",28.412506228521526,0.5156661748219769
"[0.4513410088025752, 0.6799707644129533, -0.8943990259354002, 0.5041433510771223]",28.41249937713167,0.5157290073033735
"[0.45133003701100793, 0.679966436344912, -0.8943973328106954, 0.504147775341571]",28.41249253433487,0.5157918397847701
"[0.45131906546191985, 0.6799621088120565, -0.894395639842793, 0.504152199100927]",28.4124856980715,0.5158546722661667
"[0.45130809397298355, 0.6799577817424184, -0.8943939470035664, 0.5041566224287491]",28.412478861604168,0.5159175047475633
"[0.45129712370047176, 0.6799534555919126, -0.8943922544714143, 0.5041610448589655]",28.412472035528157,0.5159803372289599
"[0.451286154104867, 0.6799491301476344, -0.8943905621630803, 0.5041654666091994]",28.412465214234306,0.5160431697103566
"[0.4512751859769246, 0.6799448057212202, -0.8943888702005346, 0.5041698873608563]",28.412458404188325,0.5161060021917531
"[0.45126421782532905, 0.6799404817245734, -0.8943871783537133, 0.504174307715116]",28.41245159295565,0.5161688346731498
"[0.45125325091525303, 0.6799361586563569, -0.8943854868177634, 0.5041787271621877]",28.412444792340118,0.5162316671545464
"[0.4512422843270815, 0.6799318361539398, -0.8943837954508317, 0.5041831460727703]",28.41243799455932,0.516294499635943
"[0.45123131844264086, 0.6799275143677243, -0.8943821043118029, 0.5041875642930933]",28.412431202273286,0.5163573321173396
"[0.45122035373274716, 0.6799231934831199, -0.8943804134732676, 0.5041919816335911]",28.412424422516562,0.5164201645987362
"[0.451209389772675, 0.6799188733326061, -0.8943787228697115, 0.504196398265505]",28.412417646301304,0.5164829970801328
"[0.45119842631751367, 0.6799145538195712, -0.8943770324633635, 0.5042008142875888]",28.412410870884173,0.5165458295615294
"[0.45118746313997027, 0.6799102348543852, -0.8943753422191775, 0.5042052297914625]",28.412404102853,0.516608662042926
"[0.4511765018814329, 0.6799059170835136, -0.8943736523901924, 0.5042096441161903]",28.41239734740112,0.5166714945243226
"[0.4511655395098362, 0.6799015993124998, -0.8943719625089722, 0.5042140584829268]",28.412390588378802,0.5167343270057192
"[0.4511545804243213, 0.6798972832738891, -0.8943702732536357, 0.504218471120346]",28.412383852092756,0.5167971594871159
"[0.45114361947871273, 0.6798929669408315, -0.89436858383093, 0.5042228841006454]",28.41237710188307,0.5168599919685124
"[0.4511326611925187, 0.67988865209299, -0.8943668949374527, 0.5042272956043014]",28.412370372740195,0.516922824449909
"[0.45112170288183545, 0.6798843376733857, -0.894365206159529, 0.5042317067119461]",28.412363643869362,0.5169856569313057
"[0.45111074508903287, 0.6798800238954893, -0.8943635175807488, 0.5042361172053149]",28.412356917916632,0.5170484894127023
"[0.4510997887918266, 0.6798757111440532, -0.8943618293517566, 0.5042405266910087]",28.412350204694043,0.5171113218940989
"[0.45108883227371455, 0.6798713987432881, -0.894360141208053, 0.5042449358599601]",28.412343490979467,0.5171741543754955
"[0.4510778771948064, 0.6798670873465037, -0.8943584534054146, 0.5042493440441844]",28.4123367870185,0.5172369868568921
"[0.4510669224524425, 0.6798627765196071, -0.8943567657739437, 0.5042537516875014]",28.41233008389172,0.5172998193382887
"[0.45105596860264, 0.6798584664812806, -0.8943550783992911, 0.5042581585663024]",28.412323395118097,0.5173626518196853
"[0.45104501578455425, 0.6798541572861504, -0.894353391302873, 0.504262564624714]",28.412316710760997,0.5174254843010819
"[0.4510340629489719, 0.6798498485213086, -0.8943517043230729, 0.5042669702849133]",28.412310025154486,0.5174883167824785
"[0.4510231111604716, 0.6798455406054538, -0.8943500176238561, 0.5042713751187716]",28.41230334914885,0.5175511492638751
"[0.4510121601938773, 0.6798412334498897, -0.8943483311705249, 0.5042757792169614]",28.412296679268156,0.5176139817452717
"[0.45100120992807924, 0.6798369270068626, -0.8943466449444163, 0.5042801826282941]",28.412290016277243,0.5176768142266683
"[0.45099026126948577, 0.6798326216326266, -0.8943449590850836, 0.5042845849884751]",28.41228336671011,0.517739646708065
"[0.45097931242534284, 0.6798283166221359, -0.8943432733164697, 0.504288987018414]",28.4122767160471,0.5178024791894615
"[0.4509683642759012, 0.679824012321418, -0.8943415877741102, 0.5042933883642755]",28.412270071013676,0.5178653116708581
"[0.4509574177887933, 0.6798197091107323, -0.8943399026069531, 0.5042977886372042]",28.412263436815667,0.5179281441522549
"[0.45094647097061563, 0.6798154062063315, -0.8943382175081129, 0.5043021886386112]",28.412256797969693,0.5179909766336515
"[0.4509355260835376, 0.6798111044972861, -0.8943365328258037, 0.5043065874593459]",28.412250183109993,0.518053809115048
"[0.4509245802999135, 0.6798068028721415, -0.894334848124779, 0.50431098623594]",28.412243555581398,0.5181166415964447
"[0.4509136361262694, 0.679802502315872, -0.8943331637908266, 0.5043153839611624]",28.412236943603418,0.5181794740778413
"[0.4509026930127194, 0.6797982026122065, -0.8943314797392882, 0.5043197808561471]",28.412230337559006,0.5182423065592379
"[0.4508917498874426, 0.6797939033399154, -0.8943297958052149, 0.5043241773516316]",28.412223732800626,0.5183051390406345
"[0.4508808075748774, 0.6797896048228197, -0.8943281121154715, 0.5043285731164591]",28.41221713560003,0.5183679715220311
"[0.45086986603537044, 0.6797853070452137, -0.894326428663944, 0.5043329681666737]",28.41221054457171,0.5184308040034277
"[0.45085892631990476, 0.6797810104197316, -0.8943247456123053, 0.5043373620802796]",28.412203966611134,0.5184936364848244
"[0.4508479859780795, 0.6797767139838676, -0.89432306258356, 0.5043417558415609]",28.412197383889698,0.5185564689662209
"[0.45083704731008384, 0.6797724186408303, -0.8943213799315582, 0.5043461485268366]",28.412190814250167,0.5186193014476175
"[0.45082610952002705, 0.6797681240779239, -0.8943196975338423, 0.5043505404558647]",28.412184254551253,0.5186821339290142
"[0.4508151719103883, 0.6797638300211752, -0.8943180152831185, 0.5043549319088169]",28.412177691502066,0.5187449664104108
"[0.45080423499902716, 0.6797595366738102, -0.8943163332590344, 0.504359322677844]",28.412171140347773,0.5188077988918073
"[0.4507932979129725, 0.6797552436930749, -0.8943146513273372, 0.5043637131134673]",28.412164585149974,0.518870631373204
"[0.4507823632737065, 0.6797509521077777, -0.8943129698911401, 0.504368102163502]",28.412158048758506,0.5189334638546006
"[0.45077142873969067, 0.6797466609987274, -0.8943112885903531, 0.5043724907679931]",28.41215151405722,0.5189962963359972
"[0.45076049449180794, 0.6797423704368658, -0.8943096074527951, 0.5043768788543754]",28.41214498237586,0.5190591288173938
"[0.45074956172992303, 0.6797380808928633, -0.8943079266629287, 0.5043812659412639]",28.41213846314139,0.5191219612987904
"[0.45073862881080756, 0.679733791721893, -0.8943062459681167, 0.5043856526881313]",28.41213194330551,0.519184793780187
"[0.4507276976462778, 0.6797295036738479, -0.8943045656622463, 0.5043900383280093]",28.412125434702517,0.5192476262615836
"[0.45071676694085944, 0.6797252162403915, -0.8943028855461571, 0.5043944233807823]",28.412118932089392,0.5193104587429802
"[0.4507058366144821, 0.6797209293900311, -0.8943012056075411, 0.5043988078786479]",28.412112431844204,0.5193732912243768
"[0.45069490750986724, 0.6797166434531536, -0.8942995259759069, 0.504403191483676]",28.41210594460737,0.5194361237057735
"[0.45068397781484415, 0.6797123577190276, -0.8942978463727556, 0.5044075749227832]",28.41209944930745,0.51949895618717
"[0.45067304970846706, 0.6797080730420123, -0.8942961671329457, 0.5044119573221189]",28.412092967215035,0.5195617886685666
"[0.4506621225868927, 0.679703789185168, -0.8942944881636604, 0.5044163389240042]",28.41208649516466,0.5196246211499633
"[0.4506511967938063, 0.6796995062830666, -0.8942928095176819, 0.504420719590775]",28.412080030907042,0.5196874536313599
"[0.4506402702426644, 0.6796952235177044, -0.8942911308744362, 0.5044251001590975]",28.41207356140115,0.5197502861127564
"[0.4506293455318374, 0.679690941907461, -0.8942894526331056, 0.5044294795873202]",28.412067109110144,0.5198131185941531
"[0.4506184214539936, 0.6796866609789577, -0.8942877746081931, 0.5044338583596162]",28.41206065948193,0.5198759510755497
"[0.45060749759111995, 0.6796823805683172, -0.8942860967354881, 0.5044382366435946]",28.412054214103826,0.5199387835569463
"[0.45059657461021846, 0.6796781009367944, -0.8942844191174347, 0.5044426141720132]",28.412047773642588,0.5200016160383429
"[0.45058565212136287, 0.679673821931504, -0.8942827416941358, 0.5044469911012385]",28.412041339266164,0.5200644485197395
"[0.4505747311379982, 0.6796695439493239, -0.8942810646212115, 0.5044513670252908]",28.41203491576909,0.5201272810011361
"[0.4505638101136482, 0.6796652663843413, -0.894279387661168, 0.5044557425639389]",28.412028491840648,0.5201901134825329
"[0.4505528905697183, 0.6796609898323518, -0.8942777110476109, 0.5044601171077249]",28.412022080593182,0.5202529459639293
"[0.4505419712562521, 0.679656713803685, -0.8942760345886033, 0.5044644911575212]",28.412015669706115,0.520315778445326
"[0.4505310526663906, 0.679652438491361, -0.8942743583598558, 0.5044688645158707]",28.412009266151696,0.5203786109267227
"[0.45052013522838885, 0.6796481640629323, -0.8942726824270959, 0.5044732370113593]",28.412002873154837,0.5204414434081193
"[0.45050921791852394, 0.6796438901174766, -0.8942710066331645, 0.5044776090540917]",28.411996479142523,0.5205042758895158
"[0.4504983020285098, 0.6796396171605626, -0.8942693311763252, 0.504481980126879]",28.411990099388657,0.5205671083709125
"[0.4504873866411598, 0.6796353448329927, -0.8942676559157828, 0.5044863505971491]",28.411983722132753,0.5206299408523091
"[0.4504764713278636, 0.6796310729669656, -0.8942659807857585, 0.5044907206365451]",28.411977346309396,0.5206927733337057
"[0.4504655571356685, 0.6796268019721466, -0.8942643059469317, 0.5044950898259727]",28.411970978543682,0.5207556058151023
"[0.45045464387838846, 0.6796225317755228, -0.8942626313707104, 0.5044994582401041]",28.411964619401456,0.5208184382964989
"[0.4504437316551195, 0.6796182624157203, -0.8942609570722811, 0.5045038258394057]",28.4119582663839,0.5208812707778955
"[0.45043281953922143, 0.6796139935300971, -0.8942592829094599, 0.5045081929948496]",28.41195191574331,0.5209441032592921
"[0.4504219077284059, 0.679609725195936, -0.894257608912587, 0.5045125596273634]",28.41194557055868,0.5210069357406887
"[0.45041099744825236, 0.6796054578925065, -0.8942559352696627, 0.5045169252466222]",28.411939233504285,0.5210697682220853
"[0.4504000877902851, 0.6796011912643205, -0.8942542618413036, 0.5045212902162842]",28.411932903774243,0.5211326007034819
"[0.4503891790753182, 0.6795969254367183, -0.8942525886767067, 0.5045256544081032]",28.411926582430485,0.5211954331848785
"[0.450378270428785, 0.6795926600676103, -0.8942509156417281, 0.5045300181720433]",28.411920262169122,0.5212582656662751
"[0.4503673630673893, 0.6795883956326255, -0.8942492429229617, 0.5045343810214876]",28.411913948188616,0.5213210981476718
"[0.4503564567478564, 0.679584132036481, -0.8942475704830741, 0.5045387430538978]",28.41190764367029,0.5213839306290684
"[0.4503455502631449, 0.6795798688072262, -0.8942458981369691, 0.5045431047521068]",28.41190134061453,0.5214467631104649
"[0.45033464481498864, 0.6795756064145266, -0.8942442260689131, 0.5045474656355886]",28.411895045302288,0.5215095955918616
"[0.45032374074166087, 0.6795713449904055, -0.8942425543307443, 0.5045518255692484]",28.41188876271016,0.5215724280732582
"[0.4503128365571829, 0.6795670839540375, -0.8942408826946354, 0.5045561851473224]",28.411882476108946,0.5216352605546548
"[0.450301933158843, 0.6795628236559786, -0.8942392112981438, 0.5045605440111357]",28.41187619835617,0.5216980930360514
"[0.4502910311377827, 0.6795585643270516, -0.8942375402318637, 0.5045649019245052]",28.411869931393028,0.521760925517448
"[0.45028012928192784, 0.6795543054935705, -0.894235869309996, 0.504569259372065]",28.41186366439337,0.5218237579988446
"[0.45026922780868095, 0.679550047240414, -0.894234198565865, 0.5045736162669587]",28.411857401474936,0.5218865904802412
"[0.4502583275720715, 0.6795457899010466, -0.8942325281303439, 0.504577972267981]",28.411851149611447,0.5219494229616378
"[0.45024742847620924, 0.6795415334378396, -0.8942308579887128, 0.5045823274136101]",28.411844908436663,0.5220122554430344
"[0.45023652951280757, 0.6795372774569202, -0.8942291879864557, 0.5045866821068364]",28.411838665764584,0.522075087924431
"[0.4502256319099457, 0.6795330224377218, -0.8942275183117351, 0.5045910358570902]",28.411832431386006,0.5221379204058277
"[0.45021473442419313, 0.6795287678946242, -0.8942258487740272, 0.5045953891612426]",28.411826200468,0.5222007528872242
"[0.45020383741078074, 0.679524513966249, -0.8942241794277577, 0.5045997418774442]",28.41181997674288,0.5222635853686209
"[0.450192942291211, 0.6795202612073431, -0.8942225104906653, 0.5046040934380434]",28.411813761995617,0.5223264178500175
"[0.4501820462695808, 0.6795160085264734, -0.8942208415344636, 0.504608444959816]",28.411807549380857,0.5223892503314141
"[0.4501711518214502, 0.679511756889776, -0.8942191729383387, 0.5046127954541598]",28.41180134248691,0.5224520828128107
"[0.4501602582150928, 0.6795075060115042, -0.8942175045901926, 0.5046171452134444]",28.41179514523299,0.5225149152942073
"[0.4501493651816829, 0.6795032557866518, -0.8942158364488446, 0.5046214943451018]",28.41178895016726,0.522577747775604
"[0.4501384731803374, 0.6794990063942261, -0.8942141685845891, 0.5046258426659427]",28.411782767047605,0.5226405802570006
"[0.45012758162096966, 0.6794947576038928, -0.8942125009070565, 0.5046301904116474]",28.411776584835902,0.5227034127383972
"[0.45011669077610866, 0.679490509521865, -0.8942108334579688, 0.5046345374735143]",28.411770405180558,0.5227662452197938
"[0.45010580041191134, 0.6794862620568283, -0.8942091662015164, 0.5046388839449714]",28.411764238433957,0.5228290777011904
"[0.4500949113336921, 0.6794820155227356, -0.8942074992609729, 0.504643229504729]",28.41175807703491,0.522891910182587
"[0.45008402306905426, 0.6794777697352045, -0.8942058325640001, 0.5046475743414499]",28.411751920994476,0.5229547426639836
"[0.4500731353621024, 0.6794735245943568, -0.8942041660714172, 0.5046519185573258]",28.411745773270766,0.5230175751453802
"[0.4500622475802572, 0.6794692798534308, -0.894202499686406, 0.5046562624048702]",28.411739623256818,0.5230804076267769
"[0.45005136093054005, 0.6794650359829646, -0.8942008335936968, 0.5046606054025411]",28.411733483047698,0.5231432401081734
"[0.45004047543672093, 0.6794607929920382, -0.8941991677969028, 0.5046649475410269]",28.411727347419646,0.52320607258957
"[0.4500295900572761, 0.6794565504745715, -0.8941975021366323, 0.5046692892358821]",28.411721219820702,0.5232689050709667
"[0.4500187061154848, 0.6794523089461871, -0.8941958368153587, 0.5046736299594136]",28.411715098409047,0.5233317375523633
"[0.450007822160165, 0.67944806784125, -0.8941941716110287, 0.5046779702904676]",28.411708980879364,0.5233945700337599
"[0.4499969398196383, 0.6794438277940884, -0.8941925067727577, 0.5046823095798609]",28.411702875400145,0.5234574025151565
"[0.4499860579439087, 0.6794395883565271, -0.8941908421245904, 0.5046866482862364]",28.411696774230336,0.5235202349965531
"[0.44997517567114653, 0.6794353491927531, -0.8941891775347014, 0.504690986753263]",28.411690666860057,0.5235830674779497
"[0.44996429536990956, 0.6794311112253133, -0.8941875133653795, 0.5046953240367662]",28.41168457985776,0.5236458999593463
"[0.4499534153177942, 0.6794268737831543, -0.8941858493531553, 0.504699660823505]",28.411678492194618,0.5237087324407429
"[0.44994253642972803, 0.6794226372224902, -0.8941841856379488, 0.5047039967488983]",28.41167241622506,0.5237715649221395
"[0.44993165761010084, 0.6794184011165615, -0.8941825220521996, 0.5047083322497001]",28.411666342551587,0.5238343974035362
"[0.4499207798201107, 0.6794141658395509, -0.894180858742889, 0.5047126669429334]",28.411660272603758,0.5238972298849327
"[0.44990990294447525, 0.6794099313464251, -0.8941791956923696, 0.5047170008746708]",28.41165421214988,0.5239600623663293
"[0.4498990267369777, 0.6794056975412064, -0.8941775328629828, 0.5047213341431259]",28.411648154437678,0.524022894847726
"[0.4498881509419379, 0.6794014643242694, -0.8941758702156324, 0.5047256668502512]",28.41164210205511,0.5240857273291226
"[0.4498772760442246, 0.6793972318842327, -0.8941742078244348, 0.5047299988029802]",28.411636059775386,0.5241485598105191
"[0.4498664016895288, 0.6793930000830849, -0.8941725456352173, 0.504734330142553]",28.411630018262446,0.5242113922919158
"[0.44985552780983606, 0.6793887688942666, -0.8941708836375801, 0.5047386608961395]",28.41162398310406,0.5242742247733124
"[0.44984465559046427, 0.6793845387788453, -0.8941692220126679, 0.5047429905918037]",28.4116179585269,0.524337057254709
"[0.4498337826342373, 0.6793803088040531, -0.8941675603941129, 0.504747320184258]",28.41161193237256,0.5243998897361056
"[0.4498229117757589, 0.6793760800725407, -0.8941658992150926, 0.504751648544869]",28.411605921888967,0.5244627222175022
"[0.4498120412271914, 0.6793718518886732, -0.8941642382023801, 0.5047559763856385]",28.411599911908343,0.5245255546988988
"[0.44980117172394135, 0.6793676245383797, -0.8941625774683362, 0.504760303413883]",28.41159391207914,0.5245883871802955
"[0.4497903025844031, 0.6793633977564576, -0.894160916908808, 0.5047646299010432]",28.411587916072254,0.524651219661692
"[0.4497794336644311, 0.6793591714867867, -0.8941592565017765, 0.5047689559045508]",28.41158191854814,0.5247140521430886
"[0.4497685656846161, 0.6793549460094632, -0.8941575963573178, 0.5047732811376865]",28.411575931555095,0.5247768846244854
"[0.4497576989372154, 0.6793507214379505, -0.8941559365200525, 0.5047776054842877]",28.411569956671343,0.5248397171058818
"[0.4497468330592701, 0.6793464976309973, -0.8941542769345189, 0.504781929088922]",28.411563983594156,0.5249025495872784
"[0.44973596764604756, 0.6793422744311635, -0.8941526175388907, 0.5047862521127341]",28.41155801776668,0.5249653820686752
"[0.4497251026767709, 0.6793380518302861, -0.8941509583299931, 0.5047905745640671]",28.41155205519094,0.5250282145500718
"[0.44971423793347814, 0.6793338297435881, -0.8941492992745422, 0.5047948965296908]",28.41154609543099,0.5250910470314682
"[0.44970337565469837, 0.679329609040788, -0.8941476407143311, 0.5047992171192895]",28.411540153619402,0.525153879512865
"[0.4496925122641195, 0.6793253883321217, -0.8941459821032847, 0.5048035377555027]",28.4115342048598,0.5252167119942616
"[0.44968165083247297, 0.6793211688105827, -0.8941443239102367, 0.504807857217079]",28.411528271361433,0.5252795444756582
"[0.4496707891298889, 0.6793169496097715, -0.8941426657947422, 0.5048121763909208]",28.41152233539484,0.5253423769570548
"[0.4496599289157589, 0.6793127314130092, -0.8941410080253779, 0.5048164945775017]",28.41151640966895,0.5254052094384514
"[0.44964906843409924, 0.6793085135381559, -0.8941393503340914, 0.5048208124751167]",28.411510484945868,0.525468041919848
"[0.44963820958871115, 0.6793042967244769, -0.8941376930114606, 0.5048251293269538]",28.411504573516535,0.5255308744012447
"[0.44962735137225013, 0.6793000805806259, -0.8941360359037154, 0.5048294455336229]",28.411498664119055,0.5255937068826412
"[0.44961649325658665, 0.6792958649014614, -0.8941343789302565, 0.504833761305122]",28.411492759992804,0.5256565393640378
"[0.4496056365281965, 0.6792916501863422, -0.8941327222873912, 0.5048380761302209]",28.411486865012115,0.5257193718454345
"[0.4495947801578995, 0.6792874360355884, -0.8941310658180599, 0.5048423904180744]",28.411480972214942,0.5257822043268311
"[0.4495839244096622, 0.6792832225515825, -0.8941294095625348, 0.5048467040638541]",28.41147508711575,0.5258450368082276
"[0.44957307011129527, 0.679279010055471, -0.894127753647093, 0.5048510167387597]",28.411469211137234,0.5259078692896243
"[0.44956221629014814, 0.6792747981696284, -0.8941260979233292, 0.5048553288293784]",28.4114633397096,0.5259707017710209
"[0.44955136234479387, 0.6792705866606378, -0.8941244422995034, 0.50485964057467]",28.411457470305148,0.5260335342524175
"[0.4495405095466901, 0.6792663760216895, -0.8941227869695573, 0.5048639514696951]",28.411451606031996,0.5260963667338141
"[0.44952965752476265, 0.6792621661087433, -0.8941211318768708, 0.5048682616619018]",28.41144575128609,0.5261591992152107
"[0.44951880705549896, 0.6792579572228182, -0.8941194771398456, 0.5048725708430815]",28.41143990389288,0.5262220316966073
"[0.44950795614610356, 0.6792537485908414, -0.8941178224545663, 0.5048768798047139]",28.411434059033112,0.5262848641780039
"[0.44949710670700793, 0.6792495409536741, -0.8941161681123565, 0.5048811877882643]",28.411428225778685,0.5263476966594005
"[0.44948625732293784, 0.6792453337623433, -0.8941145138973988, 0.5048854953557796]",28.4114223903298,0.5264105291407971
"[0.44947540841455724, 0.6792411271799061, -0.8941128598738367, 0.5048898023403035]",28.411416558840187,0.5264733616221938
"[0.4494645609339545, 0.6792369215753845, -0.8941112061868066, 0.5048941083639864]",28.411410742893914,0.5265361941035903
"[0.449453714027851, 0.6792327166178115, -0.8941095527062067, 0.5048984137656797]",28.411404927056815,0.5265990265849869
"[0.44944286784095283, 0.6792285123631776, -0.894107899454087, 0.5049027184880401]",28.411399119403924,0.5266618590663836
"[0.449432021949197, 0.6792243086470142, -0.8941062463658045, 0.504907022699453]",28.41139331422298,0.5267246915477802
"[0.4494211776943155, 0.6792201059892147, -0.8941045936458417, 0.5049113258675776]",28.411387518828764,0.5267875240291767
"[0.44941033347004306, 0.6792159037671466, -0.8941029410493802, 0.5049156286299202]",28.411381730076926,0.5268503565105734
"[0.44939949009972624, 0.6792117022997801, -0.8941012887018916, 0.5049199306598663]",28.411375943822623,0.52691318899197
"[0.44938864751715607, 0.6792075015613344, -0.894099636593272, 0.5049242319837968]",28.41137016311438,0.5269760214733666
"[0.44937780551212464, 0.6792033014702579, -0.8940979846914818, 0.5049285326852002]",28.411364391983366,0.5270388539547632
"[0.44936696437612644, 0.6791991021393573, -0.8940963330409217, 0.5049328326485519]",28.411358626836922,0.5271016864361598
"[0.4493561233812797, 0.6791949032865959, -0.8940946815306954, 0.504937132162634]",28.41135285928962,0.5271645189175564
"[0.44934528371618426, 0.6791907053722167, -0.8940930303418607, 0.5049414307561543]",28.411347104644292,0.527227351398953
"[0.4493344452467471, 0.6791865083441101, -0.8940913794539631, 0.504945728482449]",28.411341361194264,0.5272901838803496
"[0.4493236061268017, 0.6791823114873149, -0.8940897285858027, 0.5049500260736232]",28.411335613493772,0.5273530163617463
"[0.4493127688057866, 0.6791781157501413, -0.8940880781104379, 0.5049543225585909]",28.41132987533771,0.527415848843143
"[0.44930193148277414, 0.6791739204352163, -0.8940864277535789, 0.5049586186514519]",28.411324143558605,0.5274786813245396
"[0.4492910948518189, 0.6791697258111478, -0.8940847776209206, 0.5049629140771343]",28.411318411454204,0.5275415138059361
"[0.4492802595906516, 0.6791655321401175, -0.894083127815642, 0.5049672085671371]",28.411312694481722,0.5276043462873328
"[0.4492694250134881, 0.6791613391565516, -0.894081478233302, 0.5049715023933994]",28.411306980319928,0.5276671787687294
"[0.44925859051393974, 0.679157146625701, -0.8940798287815773, 0.5049757957963035]",28.41130126932018,0.527730011250126
"[0.44924775695868807, 0.6791529548828503, -0.8940781795924075, 0.5049800884324848]",28.411295566254854,0.5277928437315226
"[0.44923692446392965, 0.6791487639728037, -0.894076530683461, 0.5049843802560415]",28.41128986915027,0.5278556762129192
"[0.4492260919213375, 0.6791445734666857, -0.8940748818860254, 0.5049886717061626]",28.411284175567108,0.5279185086943158
"[0.4492152617657753, 0.6791403843062312, -0.8940732335706796, 0.5049929618184076]",28.41127849679386,0.5279813411757124
"[0.4492044312601692, 0.679136195432587, -0.8940715853208283, 0.5049972516771264]",28.41127281668103,0.528044173657109
"[0.4491936007139437, 0.679132006965415, -0.8940699371835812, 0.5050015411597668]",28.411267139800454,0.5281070061385056
"[0.449182770989775, 0.6791278192382607, -0.8940682892902148, 0.5050058299247272]",28.411261466948293,0.5281698386199022
"[0.4491719436928398, 0.679123632871608, -0.8940666418849378, 0.5050101173365273]",28.411255813410012,0.5282326711012989
"[0.44916111547660537, 0.6791194465714021, -0.894064994458554, 0.5050144047204396]",28.41125015344231,0.5282955035826954
"[0.4491502882916133, 0.6791152610916975, -0.8940633473078328, 0.505018691304194]",28.411244503357647,0.528358336064092
"[0.4491394619125587, 0.6791110763452677, -0.8940617003984803, 0.5050229771771059]",28.411238860456834,0.5284211685454887
"[0.4491286362154401, 0.6791068922840795, -0.8940600537116211, 0.5050272623883519]",28.41123321963988,0.5284840010268852
"[0.44911781127812295, 0.6791027089380698, -0.8940584072590891, 0.5050315469072583]",28.411227586519463,0.5285468335082819
"[0.4491069876296753, 0.6790985265115888, -0.8940567611213315, 0.5050358305245112]",28.41122196381286,0.5286096659896785
"[0.4490961639286584, 0.6790943444861685, -0.8940551150943262, 0.5050401137711084]",28.411216341757623,0.5286724984710751
"[0.4490853413185478, 0.679090163303531, -0.8940534693519633, 0.5050443961946229]",28.411210726690275,0.5287353309524717
"[0.44907451877656546, 0.6790859825684336, -0.8940518237387073, 0.5050486781998538]",28.411205112278722,0.5287981634338683
"[0.44906369782323824, 0.679081802868134, -0.8940501784857454, 0.5050529591853007]",28.41119951409327,0.5288609959152649
"[0.44905287630704455, 0.679077623371497, -0.8940485332659491, 0.5050572400022261]",28.41119390838133,0.5289238283966615
"[0.4490420569309361, 0.6790734451223244, -0.8940468884902415, 0.5050615195815079]",28.411188321791975,0.5289866608780581
"[0.4490312375813389, 0.6790692673042493, -0.8940452438372899, 0.5050657987592906]",28.411182732586475,0.5290494933594547
"[0.44902041850082375, 0.679065090010881, -0.8940435993439757, 0.5050700774396855]",28.411177149425367,0.5291123258408513
"[0.4490096007982545, 0.6790609136702334, -0.8940419551788302, 0.5050743551842729]",28.411171575953194,0.529175158322248
"[0.44899878410144634, 0.6790567381384506, -0.8940403112852594, 0.5050786321403802]",28.411166008753312,0.5292379908036445
"[0.44898796760630266, 0.6790525631050288, -0.8940386675410507, 0.5050829086260394]",28.411160446445926,0.5293008232850411
"[0.4489771518668904, 0.6790483887837409, -0.894037024030401, 0.50508718442227]",28.411154890818423,0.5293636557664378
"[0.4489663367139853, 0.6790442151091741, -0.8940353807275851, 0.5050914595960591]",28.411149336542955,0.5294264882478344
"[0.4489555225018975, 0.6790400422179284, -0.8940337376864266, 0.505095734007469]",28.41114379104641,0.5294893207292309
"[0.4489447092927099, 0.6790358701338268, -0.8940320949163375, 0.5051000076320784]",28.41113825379719,0.5295521532106277
"[0.44893389601330114, 0.679031698442735, -0.8940304522542845, 0.5051042808940875]",28.411132718198136,0.5296149856920243
"[0.4489230844490258, 0.6790275278333229, -0.8940288099714672, 0.5051085530880418]",28.411127195226076,0.5296778181734209
"[0.44891227156764396, 0.6790233571357881, -0.8940271676072943, 0.505112825412229]",28.411121662156148,0.5297406506548175
"[0.44890146130309877, 0.6790191878674519, -0.8940255257592806, 0.5051170963123381]",28.411116149546167,0.5298034831362141
"[0.44889065166279773, 0.6790150192595875, -0.8940238841247529, 0.5051213665758096]",28.411110642275478,0.5298663156176107
"[0.448879841788439, 0.6790108509811466, -0.894022242573369, 0.5051256365417552]",28.41110513542123,0.5299291480990074
"[0.4488690327722557, 0.6790066834532253, -0.8940206012709944, 0.5051299057787939]",28.411099634324557,0.5299919805804039
"[0.44885822541132686, 0.6790025169829701, -0.8940189603386323, 0.5051341739722626]",28.411094143547945,0.5300548130618005
"[0.44884741736369116, 0.6789983506674169, -0.8940173194206884, 0.5051384420471569]",28.41108865224058,0.5301176455431972
"[0.4488366112406508, 0.6789941855130758, -0.894015678913612, 0.5051427089723695]",28.41108317266667,0.5301804780245938
"[0.4488258055749051, 0.6789900209542152, -0.8940140385946217, 0.5051469753274334]",28.411077696763755,0.5302433105059903
"[0.4488150004062463, 0.678985857006086, -0.8940123984697546, 0.5051512410967122]",28.411072227508637,0.530306142987387
"[0.4488041959488854, 0.6789816937511371, -0.8940107585715176, 0.5051555061957266]",28.411066761990902,0.5303689754687836
"[0.4487933922148645, 0.6789775311938973, -0.8940091189017277, 0.5051597706198208]",28.41106130365145,0.5304318079501801
"[0.4487825885448529, 0.6789733690802483, -0.8940074793603185, 0.5051640346293205]",28.41105584910333,0.5304946404315768
"[0.4487717863495746, 0.6789692079535619, -0.8940058401613652, 0.5051682976675342]",28.41105040273533,0.5305574729129734
"[0.44876098486372046, 0.6789650475188719, -0.8940042011887108, 0.5051725600366324]",28.411044961938664,0.53062030539437
"[0.44875018438631464, 0.6789608878912236, -0.8940025624877121, 0.5051768216187343]",28.41103953064149,0.5306831378757666
"[0.44873938339999586, 0.6789567284861726, -0.8940009238281519, 0.5051810830125983]",28.41103409851076,0.5307459703571632
"[0.4487285837998931, 0.6789525700334531, -0.8939992854975447, 0.5051853434705839]",28.411028670216865,0.5308088028385598
"[0.4487177853789111, 0.6789484124531012, -0.8939976474644445, 0.5051896030745971]",28.411023255612275,0.5308716353199565
"[0.44870698736035936, 0.6789442554459952, -0.8939960096110191, 0.505193862131081]",28.41101784402144,0.530934467801353
"[0.44869618973102504, 0.6789400990069635, -0.8939943719352643, 0.5051981206453221]",28.41101243614817,0.5309973002827496
"[0.44868539256365936, 0.6789359431639294, -0.8939927344482118, 0.5052023785886992]",28.411007032498354,0.5310601327641463
"[0.4486745969291483, 0.6789317883289323, -0.8939910973122507, 0.5052066355390313]",28.411001641571282,0.5311229652455429
"[0.44866380169623477, 0.6789276340664464, -0.893989460355809, 0.5052108919425302]",28.41099625280024,0.5311857977269394
"[0.44865300714390616, 0.6789234804837457, -0.8939878236211853, 0.5052151476892698]",28.410990871417454,0.5312486302083361
"[0.44864221299032836, 0.6789193274722927, -0.8939861870656409, 0.5052194028904442]",28.410985492192278,0.5313114626897327
"[0.4486314199122961, 0.6789151752923568, -0.8939845507917763, 0.5052236572793635]",28.41098012216489,0.5313742951711293
"[0.4486206268699109, 0.6789110235437955, -0.8939829146419325, 0.5052279112660064]",28.410974750405135,0.5314371276525259
"[0.44860983486146633, 0.678906872610526, -0.8939812787674383, 0.5052321644569875]",28.41096939045509,0.5314999601339225
"[0.448599044381679, 0.6789027226826524, -0.8939796432432539, 0.5052364166574981]",28.41096404112876,0.5315627926153191
"[0.44858825283632164, 0.6788985727624001, -0.8939780076761741, 0.5052406688898916]",28.41095868465221,0.5316256250967158
"[0.44857746358075506, 0.6788944241399807, -0.8939763725747301, 0.5052449198321337]",28.410953342815514,0.5316884575781123
"[0.4485666748759082, 0.6788902761465038, -0.893974737675332, 0.5052491701695878]",28.41094801141567,0.5317512900595089
"[0.4485558866470895, 0.6788861287531593, -0.8939731029666571, 0.5052534199317621]",28.410942678942995,0.5318141225409057
"[0.4485450985957654, 0.6788819818451146, -0.8939714684034707, 0.5052576692363119]",28.410937351049878,0.5318769550223023
"[0.44853431182373316, 0.6788778358457838, -0.8939698341527011, 0.5052619176493519]",28.410932033599533,0.5319397875036987
"[0.44852352550314506, 0.6788736904368438, -0.8939682000889085, 0.5052661654970519]",28.410926716849644,0.5320026199850955
"[0.4485127397932545, 0.6788695456794086, -0.8939665662362142, 0.5052704127167732]",28.410921406997137,0.5320654524664921
"[0.44850195519970193, 0.6788654017676566, -0.8939649326711975, 0.5052746591095205]",28.410916106499666,0.5321282849478886
"[0.44849117067405403, 0.6788612582986354, -0.8939632992350427, 0.5052789050881967]",28.41091080754108,0.5321911174292853
"[0.4484803874326539, 0.6788571157395613, -0.893961666111969, 0.5052831501740115]",28.410905515996486,0.5322539499106819
"[0.448469604486988, 0.6788529737105589, -0.8939600331522511, 0.5052873947562261]",28.41090023190903,0.5323167823920785
"[0.44845882271406545, 0.6788488325483969, -0.893958400488691, 0.5052916384897169]",28.41089495494006,0.5323796148734751
"[0.4484480412521682, 0.6788446919219828, -0.893956767990788, 0.5052958817137619]",28.4108896807506,0.5324424473548717
"[0.44843726065641115, 0.6788405520444135, -0.8939551357425888, 0.5053001242099697]",28.410884412626036,0.5325052798362683
"[0.4484264799465446, 0.6788364125391797, -0.8939535035956776, 0.5053043663641705]",28.410879144291314,0.532568112317665
"[0.44841570083420057, 0.6788322740634041, -0.8939518718091742, 0.5053086075029306]",28.41087389067826,0.5326309447990615
"[0.4484049226310688, 0.678828136352614, -0.8939502402788513, 0.5053128478972627]",28.410868643953282,0.5326937772804581
"[0.4483941446141164, 0.6788239991291767, -0.8939486088952544, 0.5053170878316745]",28.410863394163936,0.5327566097618548
"[0.4483833679885381, 0.6788198628555799, -0.8939469778407906, 0.5053213268321806]",28.41085816408635,0.5328194422432514
"[0.448372590877362, 0.6788157268113363, -0.8939453468313755, 0.505325565637149]",28.410852921720394,0.5328822747246479
"[0.44836181472628195, 0.6788115915512042, -0.8939437160858051, 0.5053298036780286]",28.41084769221966,0.5329451072060446
"[0.44835103945251426, 0.678807457043269, -0.8939420855915339, 0.5053340409875099]",28.41084246908383,0.5330079396874412
"[0.4483402651119953, 0.6788033233088848, -0.893940455357008, 0.5053382775436884]",28.410837252965187,0.5330707721688378
"[0.4483294917054998, 0.6787991903482005, -0.8939388253823252, 0.5053425133463951]",28.4108320463468,0.5331336046502344
"[0.448318718388172, 0.6787950578370172, -0.8939371955396589, 0.5053467487278814]",28.410826839793604,0.533196437131631
"[0.4483079464509162, 0.6787909262703956, -0.8939355660242907, 0.5053509831807482]",28.410821641323626,0.5332592696130276
"[0.4482971745829867, 0.6787867951454856, -0.8939339366379273, 0.5053552172203518]",28.410816445466256,0.5333221020944242
"[0.4482864041094068, 0.6787826649703361, -0.8939323075809837, 0.505359450325971]",28.410811262438685,0.5333849345758208
"[0.4482756332927835, 0.6787785350786112, -0.8939306785906704, 0.5053636831805347]",28.410806074933404,0.5334477670572174
"[0.44826486380247965, 0.6787744061103164, -0.8939290499194598, 0.5053679151280677]",28.410800901109937,0.533510599538614
"[0.4482540949097064, 0.6787702777858957, -0.893927421457117, 0.50537214645508]",28.410795729878952,0.5335734320200107
"[0.44824332714750503, 0.6787661503095648, -0.893925793284232, 0.5053763769522441]",28.410790567632436,0.5336362645014072
"[0.44823255942747026, 0.6787620232640204, -0.8939241652362221, 0.5053806070472642]",28.4107854082549,0.5336990969828039
"[0.4482217935725154, 0.6787578973478074, -0.8939225375886869, 0.505384836024135]",28.410780260397992,0.5337619294642005
"[0.44821102614989594, 0.6787537712453123, -0.8939209098226503, 0.505389065231324]",28.410775101766287,0.5338247619455971
"[0.4482002614576941, 0.6787496466034733, -0.8939192825878683, 0.5053932929807238]",28.410769967453042,0.5338875944269937
"[0.4481894963905836, 0.6787455222322724, -0.8939176554149003, 0.5053975204920802]",28.41076482789532,0.5339504269083903
"[0.4481787326707746, 0.6787413987914583, -0.8939160285640599, 0.5054017470891318]",28.410759699380854,0.5340132593897869
"[0.44816796932249175, 0.6787372759070689, -0.8939144018878503, 0.505405973155181]",28.41075457530646,0.5340760918711835
"[0.4481572063489193, 0.6787331535802764, -0.8939127753867522, 0.5054101986890123]",28.410749451407565,0.5341389243525801
"[0.4481464442262249, 0.6787290319933488, -0.893911149132716, 0.5054144235037812]",28.410744337367905,0.5342017568339767
"[0.4481356834716875, 0.6787249113442407, -0.8939095232038825, 0.5054186473965543]",28.410739233938216,0.5342645893153734
"[0.44812492245515667, 0.6787207910085967, -0.8939078973539342, 0.5054228710073179]",28.410734129062572,0.53432742179677
"[0.44811416280146843, 0.6787166716084794, -0.893906271828355, 0.5054270936984032]",28.410729032818523,0.5343902542781666
"[0.44810340366353907, 0.6787125528194434, -0.8939046464991531, 0.5054313158023727]",28.410723940461967,0.5344530867595632
"[0.4480926449581805, 0.6787084346095551, -0.8939030213537579, 0.505435537351948]",28.410718856800163,0.5345159192409599
"[0.4480818876994383, 0.6787043173668287, -0.8939013965453259, 0.5054397579493607]",28.41071378007293,0.5345787517223564
"[0.448071130434134, 0.6787002005349639, -0.893899771854353, 0.5054439781648595]",28.410708707927082,0.534641584203753
"[0.448060373631048, 0.6786960842933091, -0.8938981473516444, 0.5054481978145831]",28.41070363594762,0.5347044166851497
"[0.4480496186821856, 0.6786919691743666, -0.8938965232473971, 0.5054524163526304]",28.410698579048002,0.5347672491665463
"[0.44803886323454356, 0.6786878542777137, -0.8938948991862727, 0.5054566347020379]",28.41069352187844,0.5348300816479429
"[0.4480281088817477, 0.6786837402129869, -0.8938932754089094, 0.5054608522378319]",28.41068847155102,0.5348929141293395
"[0.44801735527108905, 0.6786796268451213, -0.8938916518620347, 0.5054650690984561]",28.410683426032456,0.5349557466107361
"[0.44800660201396825, 0.6786755140253818, -0.8938900284869723, 0.505469285436374]",28.410678384687074,0.5350185790921327
"[0.4479958495048992, 0.6786714019045638, -0.8938884053432748, 0.5054735010969812]",28.41067334929287,0.5350814115735293
"[0.44798509830650624, 0.6786672906976876, -0.8938867825158512, 0.5054777158598243]",28.410668321078802,0.5351442440549259
"[0.4479743470416669, 0.678663179878047, -0.8938851597968244, 0.5054819302648619]",28.41066330113996,0.5352070765363225
"[0.4479635972273318, 0.6786590700255493, -0.8938835374151415, 0.505486143717559]",28.410658285486395,0.5352699090177192
"[0.44795284802445984, 0.6786549608192626, -0.8938819152441507, 0.5054903565469185]",28.41065327863571,0.5353327414991157
"[0.4479420985583263, 0.6786508519247508, -0.8938802931518535, 0.5054945690958004]",28.410648267928785,0.5353955739805123
"[0.44793135050750826, 0.6786467439835399, -0.8938786713915393, 0.5054987807064811]",28.410643269077518,0.535458406461909
"[0.44792060319432203, 0.6786426367364639, -0.8938770498609298, 0.5055029916446473]",28.410638276995837,0.5355212389433056
"[0.44790985595134536, 0.6786385299283755, -0.8938754284593249, 0.505507202171876]",28.410633286833068,0.5355840714247021
"[0.44789911036631513, 0.6786344241658696, -0.893873807426244, 0.5055114116662348]",28.410628306916145,0.5356469039060988
"[0.4478883651832387, 0.6786303189688959, -0.8938721865721921, 0.5055156206198841]",28.410623332190127,0.5357097363874954
"[0.4478776202633861, 0.6786262142843843, -0.8938705658762437, 0.5055198290872236]",28.41061836070191,0.535772568868892
"[0.4478668765282055, 0.6786221104642266, -0.8938689454773717, 0.5055240367074489]",28.410613394107006,0.5358354013502886
"[0.44785613318761613, 0.6786180072065122, -0.8938673252564007, 0.5055282437900904]",28.41060843747868,0.5358982338316852
"[0.447845390498802, 0.6786139046093845, -0.893865705252111, 0.5055324502345079]",28.410603482531496,0.5359610663130818
"[0.4478346483263616, 0.6786098026210228, -0.8938640854440769, 0.5055366560938206]",28.410598531151212,0.5360238987944784
"[0.4478239074165645, 0.678605701526279, -0.8938624659448114, 0.5055408610759448]",28.410593592703265,0.536086731275875
"[0.4478131664568595, 0.6786016008238904, -0.893860846556401, 0.5055450656948279]",28.410588655264895,0.5361495637572716
"[0.44780242690283273, 0.6785975010694671, -0.8938592274982909, 0.5055492693807642]",28.410583727780427,0.5362123962386683
"[0.4477916880206062, 0.6785934019827067, -0.8938576086598221, 0.5055534724211435]",28.4105788035763,0.5362752287200648
"[0.44778094902927834, 0.6785893032654758, -0.8938559899232794, 0.5055576751216482]",28.410573880625005,0.5363380612014614
"[0.4477702110774112, 0.6785852053560515, -0.893854371461788, 0.5055618770328706]",28.410568964153104,0.5364008936828581
"[0.4477594745365137, 0.6785811083960505, -0.8938527533313136, 0.5055660780095783]",28.410564058102672,0.5364637261642548
"[0.44774873701405477, 0.6785770114724514, -0.8938511351712777, 0.5055702789879627]",28.410559151402953,0.5365265586456512
"[0.4477380016370348, 0.6785729157782731, -0.893849517452916, 0.5055744787446906]",28.410554254052535,0.536589391127048
"[0.44772726658879514, 0.6785688206202473, -0.8938478999024472, 0.5055786779906246]",28.410549364156324,0.5366522236084446
"[0.4477165323003229, 0.6785647261627138, -0.8938462825848057, 0.5055828765572326]",28.41054447969993,0.5367150560898412
"[0.44770579839590813, 0.67856063226226, -0.8938446654433768, 0.5055870745915606]",28.410539597445187,0.5367778885712378
"[0.447695065124149, 0.6785565390136182, -0.8938430485156087, 0.5055912719964533]",28.41053472113078,0.5368407210526344
"[0.44768433298689325, 0.678552446608029, -0.8938414318770865, 0.5055954685757866]",28.410529855922974,0.536903553534031
"[0.4476736012089512, 0.6785483547497938, -0.8938398154110262, 0.5055996646327706]",28.410524989191423,0.5369663860154277
"[0.44766287060214455, 0.6785442637483264, -0.8938381992396943, 0.5056038598500956]",28.410520137336057,0.5370292184968242
"[0.44765214013188726, 0.6785401732090895, -0.8938365832072588, 0.5056080546323353]",28.410515280662917,0.5370920509782208
"[0.44764141063822144, 0.678536083452222, -0.893834967440226, 0.5056122486511785]",28.410510437747053,0.5371548834596175
"[0.4476306814568689, 0.6785319942244172, -0.8938333518385512, 0.5056164421663749]",28.410505596279062,0.5372177159410141
"[0.44761995350949924, 0.6785279058768352, -0.893831736541007, 0.505620634817793]",28.410500761562894,0.5372805484224106
"[0.4476092256754341, 0.6785238179822857, -0.8938301213788424, 0.5056248270435062]",28.410495932839673,0.5373433809038073
"[0.4475984994744149, 0.678519731119745, -0.8938285065808511, 0.5056290182497447]",28.410491110671348,0.5374062133852039
"[0.44758777328544097, 0.6785156446714612, -0.8938268919029797, 0.5056332090700156]",28.41048629384442,0.5374690458666005
"[0.4475770472778141, 0.6785115587018941, -0.8938252773707239, 0.5056373994382046]",28.410481479224995,0.5375318783479971
"[0.44756632226081444, 0.6785074735192353, -0.893823663105893, 0.5056415890382312]",28.410476670929587,0.5375947108293937
"[0.4475555990010336, 0.678503389415297, -0.8938220492238357, 0.5056457775708019]",28.410471875847286,0.5376575433107903
"[0.44754487490821354, 0.6784993054034533, -0.8938204353347082, 0.5056499660477576]",28.410467077416612,0.5377203757921869
"[0.4475341524254903, 0.6784952224140476, -0.8938188218061809, 0.5056541535149458]",28.410462291215847,0.5377832082735835
"[0.4475234298828133, 0.6784911398110245, -0.8938172083869298, 0.5056583406246811]",28.410457500187995,0.5378460407549801
"[0.447512708825967, 0.6784870581828307, -0.8938155953095375, 0.5056625267734387]",28.410452726531858,0.5379088732363768
"[0.4475019881180583, 0.6784829770965042, -0.893813982402929, 0.50566671240525]",28.410447956641892,0.5379717057177733
"[0.44749126809221546, 0.6784788966787668, -0.8938123697172187, 0.5056708973901338]",28.410443188763228,0.5380345381991699
"[0.44748054857950603, 0.6784748168652248, -0.8938107572269844, 0.5056750817941194]",28.410438423678553,0.5380973706805666
"[0.44746982911423333, 0.6784707374785677, -0.8938091448621767, 0.5056792657990526]",28.410433663763534,0.5381602031619632
"[0.4474591119799811, 0.6784666593876735, -0.893807532966252, 0.5056834485137518]",28.41042892102181,0.5382230356433597
"[0.4474483943786057, 0.678462581527653, -0.8938059211183406, 0.5056876310304079]",28.41042417292111,0.5382858681247564
"[0.4474376777202521, 0.6784585044349866, -0.8938043095305217, 0.5056918127987623]",28.410419433180202,0.538348700606153
"[0.44742696229206375, 0.6784544282187607, -0.8938026982459527, 0.5056959937069085]",28.410414706931284,0.5384115330875496
"[0.44741624632355265, 0.6784503522054055, -0.893801086998405, 0.505700174445704]",28.410409972177625,0.5384743655689462
"[0.4474055314611582, 0.6784462770211085, -0.8937994760354386, 0.5057043543728621]",28.41040524887541,0.5385371980503428
"[0.4473948185809062, 0.6784422029988464, -0.8937978654887233, 0.5057085331468234]",28.41040053847135,0.5386000305317394
"[0.4473841051310266, 0.6784381291680908, -0.8937962549746218, 0.5057127117630553]",28.410395827892128,0.538662863013136
"[0.4473733919256055, 0.6784340558383904, -0.8937946446155293, 0.5057168899040413]",28.41039111822703,0.5387256954945326
"[0.4473626801020963, 0.6784299834421061, -0.8937930345824076, 0.5057210671262784]",28.410386422100334,0.5387885279759292
"[0.4473519690471806, 0.6784259117459026, -0.8937914247830491, 0.5057252436690896]",28.410381725721916,0.538851360457326
"[0.4473412584700188, 0.6784218406391366, -0.8937898151737331, 0.5057294196459522]",28.410377035688718,0.5389141929387226
"[0.4473305488503675, 0.6784177703040474, -0.8937882058265468, 0.5057335948699166]",28.410372357020954,0.538977025420119
"[0.44731983996813207, 0.6784137006568417, -0.8937865967084009, 0.5057377694269204]",28.41036768299699,0.5390398579015158
"[0.447309131623828, 0.6784096316216343, -0.893784987789311, 0.5057419433947888]",28.41036301209997,0.5391026903829124
"[0.4472984237204586, 0.6784055631614724, -0.893783379054699, 0.5057461168114149]",28.410358344127886,0.539165522864309
"[0.44728771613926094, 0.6784014952311606, -0.8937817704867212, 0.5057502897231486]",28.41035368040714,0.5392283553457056
"[0.44727700981097196, 0.6783974281841766, -0.8937801622251857, 0.5057544617673734]",28.41034902791306,0.5392911878271022
"[0.44726630405297224, 0.6783933617610786, -0.893778554167534, 0.505758633210212]",28.41034437941529,0.5393540203084988
"[0.4472555986328117, 0.6783892958734938, -0.8937769462788477, 0.5057628041423059]",28.41033973174503,0.5394168527898954
"[0.44724489413613405, 0.6783852307437466, -0.8937753386470774, 0.5057669743355742]",28.410335096008332,0.539479685271292
"[0.4472341906008045, 0.678381166386084, -0.8937737312778908, 0.5057711437753818]",28.410330465017175,0.5395425177526886
"[0.44722348784238825, 0.6783771027303414, -0.8937721241435742, 0.5057753125336915]",28.410325840626015,0.5396053502340852
"[0.4472127850419407, 0.678373039465496, -0.8937705171211541, 0.5057794809295589]",28.410321218492808,0.5396681827154818
"[0.44720208326451694, 0.6783689769958257, -0.8937689103705426, 0.5057836485482331]",28.410316601705723,0.5397310151968784
"[0.4471913822606349, 0.6783649152264857, -0.8937673038542668, 0.5057878154869956]",28.41031199182716,0.5397938476782751
"[0.447180681581022, 0.6783608539868556, -0.8937656975048707, 0.5057919819208716]",28.410307384684536,0.5398566801596717
"[0.4471699824117121, 0.678356793726938, -0.8937640915003796, 0.5057961473881848]",28.410302791705227,0.5399195126410682
"[0.4471592834624607, 0.6783527339569667, -0.8937624856471039, 0.505800312391375]",28.41029819832411,0.5399823451224649
"[0.4471485851645246, 0.6783486748405059, -0.8937608800097702, 0.5058044767626261]",28.41029361108412,0.5400451776038615
"[0.44713788708123686, 0.6783446162118137, -0.8937592745228392, 0.5058086406719641]",28.410289026421566,0.5401080100852581
"[0.4471271901572265, 0.6783405584291107, -0.8937576693280636, 0.5058128037518645]",28.410284452711423,0.5401708425666547
"[0.44711649446901147, 0.6783365015213022, -0.8937560644368971, 0.5058169659726481]",28.410279884255488,0.5402336750480513
"[0.44710579818892604, 0.6783324447950697, -0.8937544595750994, 0.5058211280456214]",28.41027531573273,0.5402965075294479
"[0.44709510276037406, 0.6783283887978022, -0.8937528549592451, 0.5058252894091708]",28.410270752339464,0.5403593400108445
"[0.447084409187959, 0.6783243339102877, -0.89375125074002, 0.5058294496725952]",28.410266204387142,0.5404221724922411
"[0.44707371545506924, 0.6783202793677258, -0.8937496466148818, 0.5058336096205523]",28.41026165764923,0.5404850049736377
"[0.4470630227184563, 0.678316225608623, -0.8937480427573482, 0.5058377688031241]",28.410257114825153,0.5405478374550343
"[0.4470523304086647, 0.6783121724169858, -0.8937464390819914, 0.5058419274419059]",28.41025257771292,0.540610669936431
"[0.4470416392043799, 0.6783081200499602, -0.8937448356905905, 0.5058460852730464]",28.410248049154514,0.5406735024178275
"[0.44703094761310286, 0.6783040679417737, -0.8937432323593105, 0.5058502428770303]",28.410243520556726,0.5407363348992241
"[0.44702025772626125, 0.678300016884972, -0.8937416294017759, 0.5058543994406638]",28.41023899813106,0.5407991673806208
"[0.44700956802563174, 0.6782959663040642, -0.8937400265903085, 0.5058585555544083]",28.41023448320099,0.5408619998620174
"[0.4469988795135933, 0.6782919165787741, -0.8937384240751934, 0.5058627108286312]",28.410229978234504,0.540924832343414
"[0.4469881909157221, 0.6782878672261552, -0.8937368216653517, 0.5058668657588528]",28.410225471492712,0.5409876648248106
"[0.4469775033995992, 0.6782838186884361, -0.8937352195358198, 0.505871019891302]",28.410220973555457,0.5410504973062072
"[0.44696681675101124, 0.6782797708843514, -0.8937336176544648, 0.5058751733093454]",28.410216485402458,0.5411133297876038
"[0.4469561311224838, 0.6782757238715322, -0.8937320160441303, 0.5058793259538301]",28.410212003186682,0.5411761622690004
"[0.446945445490647, 0.6782716772623062, -0.8937304145514245, 0.5058834782225342]",28.41020751743652,0.541238994750397
"[0.4469347606918799, 0.6782676313733313, -0.8937288133016954, 0.5058876297905193]",28.410203043175784,0.5413018272317937
"[0.44692407581479604, 0.678263585859432, -0.8937272121583604, 0.5058917810119654]",28.410198566146203,0.5413646597131903
"[0.44691339282378756, 0.678259541464243, -0.8937256114157678, 0.5058959311237897]",28.410194108396475,0.5414274921945869
"[0.4469027098848214, 0.678255497493272, -0.8937240107990857, 0.5059000808386203]",28.41018964754018,0.5414903246759835
"[0.44689202749154927, 0.6782514541333472, -0.8937224103822788, 0.5059042299647318]",28.41018519286374,0.5415531571573802
"[0.44688134622314496, 0.6782474116035562, -0.8937208102521021, 0.5059083782772902]",28.410180747832847,0.5416159896387767
"[0.4468706653928417, 0.678243369643865, -0.8937192103056595, 0.5059125260431169]",28.410176303482086,0.5416788221201733
"[0.44685998491131024, 0.6782393282203945, -0.8937176105295674, 0.5059166732969667]",28.410171867455475,0.54174165460157
"[0.44684930606982753, 0.6782352878216138, -0.8937160111172195, 0.5059208195375606]",28.41016744222074,0.5418044870829666
"[0.44683862687996595, 0.6782312476950889, -0.893714411770791, 0.505924965537029]",28.410163010323096,0.5418673195643631
"[0.4468279487939401, 0.6782272083901462, -0.8937128127077691, 0.5059291107316385]",28.410158590545958,0.5419301520457598
"[0.44681727121999726, 0.6782231696828177, -0.8937112138395232, 0.5059332553512117]",28.410154174741734,0.5419929845271564
"[0.4468065944054671, 0.6782191316665531, -0.893709615203078, 0.5059373992998344]",28.410149767829072,0.542055817008553
"[0.4467959188219792, 0.6782150945195844, -0.8937080168690307, 0.5059415423945801]",28.41014537131449,0.5421186494899496
"[0.4467852431434412, 0.6782110577403324, -0.8937064186388324, 0.5059456851501773]",28.41014096852753,0.5421814819713462
"[0.4467745682646343, 0.6782070216670727, -0.8937048206464393, 0.5059498272194588]",28.410136578378292,0.5422443144527428
"[0.44676389438038944, 0.6782029863733394, -0.8937032229209987, 0.5059539685269419]",28.410132191426513,0.5423071469341395
"[0.4467532205625856, 0.6781989515081673, -0.893701625323578, 0.5059581094327987]",28.410127809348044,0.542369979415536
"[0.4467425476991588, 0.6781949174071147, -0.893700027987074, 0.5059622495926397]",28.410123432712947,0.5424328118969326
"[0.44673187599881864, 0.6781908841489419, -0.8936984309426987, 0.5059663889256135]",28.410119066205812,0.5424956443783293
"[0.4467212044716372, 0.6781868513593712, -0.8936968340422984, 0.505970527815829]",28.410114700005284,0.5425584768597259
"[0.44671053394876786, 0.6781828193524388, -0.893695237410238, 0.5059746659409717]",28.410110344759307,0.5426213093411224
"[0.4466998637066075, 0.6781787878546085, -0.8936936409382361, 0.5059788035817632]",28.410105987358843,0.5426841418225191
"[0.4466891941401383, 0.6781747570150313, -0.8936920446853853, 0.5059829405851131]",28.410101637900492,0.5427469743039157
"[0.4466785251517998, 0.6781707267967522, -0.8936904486370809, 0.505987076988935]",28.410097293871512,0.5428098067853123
"[0.4466678574998901, 0.67816669748608, -0.8936888529067413, 0.5059912124993586]",28.410092962964175,0.5428726392667089
"[0.4466571899746612, 0.6781626686259662, -0.8936872573133936, 0.5059953475854644]",28.410088628306944,0.5429354717481055
"[0.4466465234048714, 0.6781586405293291, -0.8936856619809919, 0.5059994819260689]",28.41008430530163,0.5429983042295021
"[0.4466358567097948, 0.678154612787956, -0.8936840667478975, 0.5060036159401409]",28.410079982578846,0.5430611367108988
"[0.44662519194745204, 0.6781505861788355, -0.8936824719218746, 0.5060077488301725]",28.410075673484737,0.5431239691922953
"[0.44661452756882813, 0.6781465601169595, -0.8936808772712536, 0.5060118811965932]",28.41007136534269,0.5431868016736919
"[0.4466038633976494, 0.6781425345357178, -0.8936792827696783, 0.5060160131077612]",28.41006706354496,0.5432496341550886
"[0.44659319907429285, 0.6781385092993171, -0.8936776883633897, 0.5060201447030495]",28.410062758789593,0.5433124666364851
"[0.4465825371206819, 0.6781344853595106, -0.8936760944294105, 0.506024275005536]",28.410058472539376,0.5433752991178817
"[0.44657187416634714, 0.6781304614441374, -0.8936745004638533, 0.5060284053209937]",28.410054176935635,0.5434381315992785
"[0.4465612129019018, 0.6781264385684959, -0.8936729068689291, 0.5060325346072657]",28.41004989745004,0.543500964080675
"[0.446550552951539, 0.6781224165905821, -0.8936713135884251, 0.5060366630100895]",28.410045628269938,0.5435637965620715
"[0.44653989267017735, 0.6781183948896433, -0.8936697203764561, 0.5060407911666296]",28.41004135489762,0.5436266290434683
"[0.4465292336238926, 0.6781143740563684, -0.8936681274670734, 0.5060449184705516]",28.41003709566965,0.5436894615248649
"[0.44651857477534107, 0.6781103536993883, -0.8936665347052429, 0.5060490453235693]",28.410032834264374,0.5437522940062615
"[0.4465079160578768, 0.6781063337935016, -0.8936649420810114, 0.5060531717515441]",28.41002857533898,0.5438151264876581
"[0.4464972590623537, 0.6781023149385615, -0.8936633498320646, 0.5060572971387096]",28.410024330436602,0.5438779589690547
"[0.4464866026224491, 0.6780982966945843, -0.8936617577841183, 0.5060614219366926]",28.41002008877085,0.5439407914504513
"[0.4464759460626904, 0.678094278806802, -0.8936601658362624, 0.5060655464070081]",28.410015847830955,0.544003623931848
"[0.44646529106098687, 0.678090261907748, -0.8936585742391416, 0.506069669900327]",28.41001162139445,0.5440664564132445
"[0.44645463564727544, 0.6780862452546171, -0.8936569826984696, 0.5060737931791525]",28.410007389315783,0.5441292888946411
"[0.446443981970329, 0.6780822296573069, -0.8936553915351866, 0.5060779154120733]",28.410003170897234,0.5441921213760378
"[0.4464333288107946, 0.67807821465606, -0.8936538005671523, 0.5060820370710357]",28.409998960420864,0.5442549538574344
"[0.4464226758407406, 0.6780742001272171, -0.893652209745392, 0.5060861582829731]",28.409994746348026,0.5443177863388309
"[0.44641202363899113, 0.6780701862888234, -0.8936506191563381, 0.5060902788240329]",28.409990544800753,0.5443806188202276
"[0.4464013722897952, 0.6780661731725054, -0.8936490288125559, 0.5060943986617317]",28.40998634542114,0.5444434513016242
"[0.44639072222930687, 0.6780621609424441, -0.8936474387791432, 0.5060985176275036]",28.409982158773474,0.5445062837830208
"[0.4463800716416385, 0.6780581489144628, -0.8936458487849896, 0.5061026364237142]",28.409977967096502,0.5445691162644174
"[0.4463694224587086, 0.6780541378162305, -0.8936442591185034, 0.5061067543033179]",28.40997378818726,0.544631948745814
"[0.4463587736516751, 0.6780501272600933, -0.8936426696260852, 0.5061108716642707]",28.409969612328943,0.5446947812272106
"[0.44634812559960607, 0.6780461173887281, -0.8936410803643089, 0.5061149883600834]",28.409965440461885,0.5447576137086072
"[0.44633747811735086, 0.6780421081323058, -0.8936394913055303, 0.50611910446243]",28.409961272472998,0.5448204461900038
"[0.4463268319189342, 0.6780380997595565, -0.8936379025562925, 0.5061232196954015]",28.40995712002042,0.5448832786714004
"[0.4463161859008347, 0.6780340918548855, -0.8936363139519031, 0.5061273344856573]",28.40995296368525,0.5449461111527971
"[0.4463055397657284, 0.6780300843063278, -0.8936347254480054, 0.5061314489481396]",28.409948809756695,0.5450089436341936
"[0.44629489534709194, 0.6780260778039447, -0.8936331373181566, 0.5061355623743619]",28.409944673354236,0.5450717761155902
"[0.44628425146888995, 0.6780220719049274, -0.893631549386869, 0.5061396752189308]",28.409940534359073,0.5451346085969869
"[0.44627360760404744, 0.6780180664108488, -0.8936299615755109, 0.5061437876855605]",28.40993639805559,0.5451974410783835
"[0.44626296483667965, 0.6780140617295914, -0.8936283740458003, 0.5061478993554615]",28.409932272985607,0.54526027355978
"[0.44625232263129183, 0.6780100576595409, -0.8936267867178439, 0.5061520104356179]",28.409928148290774,0.5453231060411767
"[0.4462416809445552, 0.6780060541842935, -0.8936251995851733, 0.5061561209428596]",28.409924032510883,0.5453859385225733
"[0.4462310404826128, 0.678002051569392, -0.8936236127530862, 0.5061602306045264]",28.409919927231137,0.5454487710039699
"[0.4462203997266314, 0.6779980492434129, -0.8936220259950733, 0.5061643400073126]",28.40991581471921,0.5455116034853665
"[0.44620976088369585, 0.6779940480363925, -0.8936204396402413, 0.5061684482989586]",28.409911722133288,0.5455744359667631
"[0.446199121815869, 0.6779900471441399, -0.8936188533697862, 0.5061725563051617]",28.409907622860334,0.5456372684481597
"[0.44618848379254533, 0.6779860470439497, -0.8936172673729708, 0.5061766635358368]",28.40990353943815,0.5457001009295563
"[0.44617784621627377, 0.6779820475110495, -0.8936156815607103, 0.5061807702217608]",28.40989945548603,0.5457629334109529
"[0.4461672087990908, 0.6779780484371192, -0.8936140958900766, 0.5061848764741448]",28.40989537377599,0.5458257658923495
"[0.4461565738248469, 0.6779740506805697, -0.8936125107014818, 0.5061889814115508]",28.409891310744715,0.5458885983737461
"[0.446145938411448, 0.6779700531578787, -0.8936109255653152, 0.5061930861465318]",28.409887242963347,0.5459514308551429
"[0.4461353033046801, 0.6779660561493257, -0.8936093405927452, 0.5061971903912854]",28.40988318111228,0.5460142633365394
"[0.44612466876014006, 0.6779620597509102, -0.8936077558218608, 0.5062012940472237]",28.40987912299285,0.5460770958179361
"[0.4461140356082787, 0.6779580642745731, -0.8936061713763961, 0.5062053967940151]",28.40987507762479,0.5461399282993327
"[0.44610340275177196, 0.677954069307849, -0.893604587092822, 0.5062094990551838]",28.409871031438946,0.5462027607807293
"[0.44609277071042985, 0.6779500750459667, -0.8936030030485828, 0.5062136006302431]",28.409866994874186,0.5462655932621259
"[0.44608213885576964, 0.6779460812527224, -0.8936014191500373, 0.506217701761731]",28.409862960925036,0.5463284257435225
"[0.44607150821789043, 0.6779420883149696, -0.893599835550634, 0.5062218020523807]",28.40985893083883,0.5463912582249191
"[0.4460608775540659, 0.6779380957658244, -0.8935982520652425, 0.5062259019816153]",28.409854906158834,0.5464540907063157
"[0.4460502481471477, 0.6779341040870006, -0.8935966688849387, 0.5062300010547512]",28.409850891668466,0.5465169231877123
"[0.44603961969463146, 0.6779301131647409, -0.8935950859646423, 0.5062340993885867]",28.40984688142938,0.5465797556691089
"[0.4460289912817323, 0.677926122655467, -0.8935935031681072, 0.5062381973359346]",28.409842875406977,0.5466425881505055
"[0.44601836319729554, 0.6779221326675785, -0.8935919205383535, 0.5062422947854675]",28.40983887216992,0.5467054206319022
"[0.4460077372101089, 0.6779181438649534, -0.8935903383387437, 0.5062463910554059]",28.40983488493417,0.5467682531132987
"[0.4459971108142262, 0.6779141553067672, -0.8935887561961279, 0.5062504871119071]",28.409830891963004,0.5468310855946953
"[0.4459864849512505, 0.6779101673464325, -0.8935871742507083, 0.5062545825920243]",28.4098269057524,0.546893918076092
"[0.44597585979219384, 0.6779061800480085, -0.8935855925279362, 0.5062586774299577]",28.40982292559101,0.5469567505574885
"[0.4459652353005678, 0.677902193397718, -0.8935840110223686, 0.5062627716398406]",28.40981895115538,0.5470195830388851
"[0.4459546116687637, 0.6778982074676323, -0.8935824297626291, 0.5062668651476419]",28.40981498448299,0.5470824155202818
"[0.4459439886006971, 0.6778942221465547, -0.8935808487046367, 0.5062709580675445]",28.409811018680095,0.5471452480016784
"[0.44593336620421753, 0.6778902374748477, -0.8935792678644328, 0.5062750503580817]",28.409807065446802,0.547208080483075
"[0.4459227449382314, 0.6778862536245276, -0.8935776873102941, 0.5062791418425746]",28.40980311664463,0.5472709129644716
"[0.4459121234179887, 0.6778822700761227, -0.8935761068361526, 0.5062832330545176]",28.409799166284863,0.5473337454458682
"[0.4459015032655633, 0.6778782874378927, -0.8935745266833648, 0.5062873233691977]",28.40979522736009,0.5473965779272648
"[0.44589088382461334, 0.6778743054635611, -0.8935729467542517, 0.5062914130395318]",28.409791295028217,0.5474594104086614
"[0.4458802645038792, 0.677870323931348, -0.8935713669608448, 0.5062955022932857]",28.40978736147739,0.547522242890058
"[0.44586964613027147, 0.6778663431512018, -0.8935697874261542, 0.5062995908121124]",28.40978343748241,0.5475850753714546
"[0.44585902851550613, 0.6778623630524124, -0.8935682081221549, 0.5063036786686187]",28.40977951919768,0.5476479078528513
"[0.44584841177976275, 0.6778583836799112, -0.8935666290667069, 0.506307765816641]",28.409775609592916,0.5477107403342478
"[0.4458377953195377, 0.6778544048073992, -0.8935650501700418, 0.5063118524885937]",28.4097716994891,0.5477735728156444
"[0.44582717973631286, 0.6778504266602099, -0.8935634715216058, 0.5063159384530244]",28.40976780166857,0.5478364052970411
"[0.4458165645401173, 0.6778464490546317, -0.8935618930485251, 0.5063200238986094]",28.409763902640723,0.5478992377784377
"[0.44580594982321536, 0.6778424720251588, -0.893560314764516, 0.5063241087899074]",28.409760010067217,0.5479620702598342
"[0.4457953363632626, 0.6778384958630298, -0.8935587367851898, 0.5063281928277646]",28.409756127025798,0.548024902741231
"[0.4457847232544785, 0.6778345202288019, -0.8935571589758622, 0.5063322763608163]",28.409752246122064,0.5480877352226275
"[0.44577411018352026, 0.6778305450050236, -0.8935555812899553, 0.5063363595096934]",28.409748368495517,0.5481505677040241
"[0.44576349917253805, 0.6778265709489897, -0.8935540040280479, 0.5063404414965208]",28.409744502878983,0.5482134001854208
"[0.44575288763105597, 0.6778225970903875, -0.8935524268050671, 0.506344523317949]",28.409740638343102,0.5482762326668174
"[0.4457422766924265, 0.6778186238536087, -0.8935508497894772, 0.5063486045380481]",28.409736776848174,0.548339065148214
"[0.44573166742524817, 0.677814651638633, -0.8935492731400686, 0.506352684745949]",28.40973292530563,0.5484018976296107
"[0.4457210578413038, 0.6778106797009482, -0.8935476965613598, 0.5063567647063892]",28.40972907250266,0.5484647301110072
"[0.4457104494872982, 0.6778067086195194, -0.893546120283187, 0.5063608438246465]",28.409725234406142,0.5485275625924038
"[0.44569984180258704, 0.6778027381843446, -0.8935445442222246, 0.5063649223164182]",28.409721396837924,0.5485903950738005
"[0.4456892347968058, 0.6777987683989262, -0.8935429683798931, 0.5063690001780919]",28.40971756597903,0.548653227555197
"[0.44567862741920233, 0.6777947988699664, -0.8935413926000929, 0.5063730778136638]",28.40971373612832,0.5487160600365936
"[0.44566802250854637, 0.6777908306596511, -0.8935398173045142, 0.5063771541320015]",28.40970992443268,0.5487788925179903
"[0.4456574164596408, 0.6777868624188648, -0.8935382419576157, 0.5063812305189607]",28.40970610285586,0.5488417249993869
"[0.4456468123534652, 0.6777828953002819, -0.8935366670170223, 0.5063853057904418]",28.409702297648433,0.5489045574807834
"[0.4456362080085376, 0.6777789284876615, -0.8935350921587197, 0.5063893807849218]",28.40969848746706,0.5489673899621801
"[0.4456256044352773, 0.6777749623589171, -0.8935335175327681, 0.5063934551141702]",28.409694689752204,0.5490302224435767
"[0.4456150015644588, 0.6777709968880457, -0.8935319431288751, 0.5063975288048839]",28.409690894187502,0.5490930549249733
"[0.4456043996177353, 0.6777670321578293, -0.8935303689799371, 0.5064016017720062]",28.409687108352387,0.5491558874063699
"[0.44559379927882303, 0.6777630684237799, -0.8935287951874409, 0.5064056737530284]",28.40968332988033,0.5492187198877665
"[0.44558319833763554, 0.6777591048594093, -0.8935272214232568, 0.5064097455969969]",28.409679552677094,0.5492815523691631
"[0.44557259811668865, 0.6777551419591561, -0.893525647883729, 0.5064138167959576]",28.409675779416553,0.5493443848505598
"[0.4455619979232717, 0.6777511794639788, -0.8935240744660279, 0.5064178876160197]",28.409672006606105,0.5494072173319563
"[0.44555140013461003, 0.6777472182623551, -0.8935225015229825, 0.5064219571443959]",28.409668253715395,0.5494700498133529
"[0.44554080166003757, 0.6777432571989424, -0.8935209285958535, 0.5064260265680081]",28.40966449576356,0.5495328822947496
"[0.4455302046253546, 0.6777392970681677, -0.8935193560001311, 0.5064300950706844]",28.40966074734792,0.5495957147761462
"[0.4455196073332457, 0.6777353372356448, -0.893517783483927, 0.5064341633041579]",28.409656997804916,0.5496585472575427
"[0.44550901162864476, 0.6777313783906612, -0.8935162113209965, 0.5064382305602579]",28.40965326095896,0.5497213797389394
"[0.4454984159844749, 0.6777274199625384, -0.8935146392847397, 0.5064422974252735]",28.409649527333585,0.549784212220336
"[0.4454878214505911, 0.6777234623434012, -0.893513067530912, 0.5064463634963252]",28.409645800837783,0.5498470447017326
"[0.4454772264237135, 0.677719504934279, -0.8935114958216598, 0.5064504293887861]",28.409642074544877,0.5499098771831292
"[0.4454666331619633, 0.6777155485785057, -0.893509924491952, 0.5064544942361912]",28.40963835663171,0.5499727096645258
"[0.44545604073649825, 0.6777115929290196, -0.8935083534039785, 0.5064585583950963]",28.409634647237688,0.5500355421459224
"[0.4454454483994179, 0.6777076377064405, -0.8935067824468055, 0.5064626221525342]",28.409630939931624,0.5500983746273191
"[0.4454348564701363, 0.6777036830299851, -0.8935052116678087, 0.5064666853860068]",28.409627238355256,0.5501612071087156
"[0.44542426639281607, 0.6776997294387013, -0.8935036412811306, 0.506470747541649]",28.409623548797082,0.5502240395901122
"[0.4454136755421286, 0.6776957759523836, -0.8935020708974586, 0.50647480962657]",28.409619854204767,0.550286872071509
"[0.4454030860469639, 0.677691823365679, -0.8935005008324605, 0.5064788708242837]",28.40961616939163,0.5503497045529055
"[0.4453924961558583, 0.6776878710247599, -0.8934989308264488, 0.5064829318065713]",28.409612482807045,0.550412537034302
"[0.44538190878467215, 0.6776839200177329, -0.8934973613116906, 0.5064869914553981]",28.409608815372785,0.5504753695156988
"[0.4453713207027492, 0.6776799691388508, -0.8934957918092421, 0.5064910510096489]",28.409605142220446,0.5505382019970954
"[0.44536073353256234, 0.6776760189934953, -0.8934942225596142, 0.5064951098472809]",28.409601477688927,0.5506010344784918
"[0.44535014717723975, 0.677672069545385, -0.8934926535484319, 0.5064991680055584]",28.409597820819627,0.5506638669598886
"[0.44533956164480965, 0.67766812079741, -0.893491084776869, 0.5065032254814943]",28.409594167434328,0.5507266994412852
"[0.4453289761197725, 0.677664172445286, -0.8934895161240661, 0.5065072825877408]",28.409590519215254,0.5507895319226818
"[0.4453183916592558, 0.6776602248832428, -0.8934879477466705, 0.5065113389191945]",28.409586879186506,0.5508523644040784
"[0.44530780828359456, 0.6776562781186856, -0.8934863796476715, 0.5065153944682296]",28.409583244801325,0.550915196885475
"[0.44529722500085733, 0.6776523317816214, -0.8934848116800905, 0.5065194496150225]",28.40957960881553,0.5509780293668716
"[0.4452866427799321, 0.6776483862332577, -0.893483243987464, 0.5065235039883921]",28.409575986790866,0.5510408618482682
"[0.4452760606231194, 0.6776444411015051, -0.8934816764219824, 0.5065275579706779]",28.409572364583788,0.5511036943296648
"[0.44526547944921047, 0.6776404967288139, -0.8934801091197421, 0.5065316112099685]",28.40956874880137,0.5511665268110614
"[0.44525489999113566, 0.6776365533882212, -0.8934785421892729, 0.5065356634256681]",28.409565146998307,0.5512293592924581
"[0.44524431931800257, 0.6776326099872236, -0.8934769751964811, 0.5065397157404349]",28.409561538670072,0.5512921917738547
"[0.4452337398033398, 0.6776286674104103, -0.8934754084928979, 0.5065437672452404]",28.40955793833135,0.5513550242552512
"[0.4452231612501003, 0.6776247255842024, -0.8934738420493182, 0.5065478180156776]",28.409554345117535,0.5514178567366479
"[0.44521258310588085, 0.6776207843026586, -0.8934722757839326, 0.5065518682633652]",28.409550756389024,0.5514806892180445
"[0.4452020060162409, 0.6776168438062087, -0.8934707097923131, 0.5065559177412103]",28.409547173934126,0.5515435216994411
"[0.4451914294316964, 0.6776129038899935, -0.8934691439930921, 0.5065599666597241]",28.409543598034922,0.5516063541808377
"[0.4451808528675164, 0.6776089643734265, -0.8934675783145095, 0.5065640152044769]",28.409540023239302,0.5516691866622343
"[0.4451702782301877, 0.6776050259664732, -0.8934660130387676, 0.506568062645838]",28.40953646281867,0.5517320191436309
"[0.4451597036337092, 0.677601087966584, -0.8934644478866755, 0.5065721097057888]",28.40953290276319,0.5517948516250275
"[0.44514912891300534, 0.6775971503122562, -0.8934628828338129, 0.5065761564475284]",28.409529344287616,0.5518576841064241
"[0.4451385555653654, 0.6775932135609382, -0.8934613181017681, 0.5065802022981507]",28.40952578828122,0.5519205165878207
"[0.4451279823670308, 0.6775892772568731, -0.8934597535094256, 0.506584247726028]",28.40952224190279,0.5519833490692173
"[0.44511741083576756, 0.6775853419649871, -0.8934581892813607, 0.5065882921505559]",28.409518710132474,0.552046181550614
"[0.4451068394431943, 0.677581407116204, -0.8934566251914061, 0.506592336156575]",28.40951517325932,0.5521090140320105
"[0.44509626892678056, 0.6775774729849471, -0.8934550613486685, 0.5065963794620361]",28.40951164941298,0.5521718465134071
"[0.44508569781667223, 0.6775735390241054, -0.8934534975356986, 0.506600422629225]",28.409508119946985,0.5522346789948038
"[0.4450751282949313, 0.6775696060456525, -0.8934519340752897, 0.506604464823614]",28.409504600671802,0.5522975114762003
"[0.44506455989973537, 0.6775656738775584, -0.8934503708990935, 0.5066085062219888]",28.409501091219596,0.552360343957597
"[0.44505399110495864, 0.6775617419519318, -0.8934488077813802, 0.5066125474080054]",28.40949757988366,0.5524231764389936
"[0.44504342366644906, 0.677557810921923, -0.8934472449818335, 0.5066165877103501]",28.409494081473404,0.5524860089203902
"[0.44503285680897, 0.6775538804990164, -0.8934456823857833, 0.5066206274255417]",28.409490584691124,0.5525488414017868
"[0.4450222901765662, 0.6775499505507513, -0.8934441199405909, 0.5066246666897114]",28.4094870930701,0.5526116738831834
"[0.44501172469350503, 0.6775460214207333, -0.8934425577829116, 0.5066287051496843]",28.409483608869238,0.55267450636458
"[0.44500116002839735, 0.6775420929856386, -0.8934409958637268, 0.5066327429321942]",28.409480127580917,0.5527373388459766
"[0.4449905948917921, 0.6775381647659205, -0.8934394339924046, 0.5066367805301285]",28.409476648023876,0.5528001713273732
"[0.44498003116164686, 0.6775342374597484, -0.8934378724465636, 0.5066408172258654]",28.40947317956294,0.5528630038087698
"[0.44496946809631277, 0.677530310791257, -0.8934363111165492, 0.5066448533029354]",28.409469713954277,0.5529258362901665
"[0.44495890569296537, 0.6775263847592867, -0.8934347500019335, 0.5066488887625162]",28.40946625578035,0.5529886687715632
"[0.44494834395198307, 0.6775224593638872, -0.893433189102761, 0.5066529236045424]",28.409462802033858,0.5530515012529597
"[0.4449377831383963, 0.6775185347034428, -0.8934316284581848, 0.5066569577278706]",28.409459356500605,0.5531143337343563
"[0.4449272214635041, 0.6775146101131948, -0.8934300678038865, 0.5066609918157926]",28.409455904911038,0.553177166215753
"[0.4449166623791103, 0.6775106868756784, -0.8934285076499069, 0.5066650245499734]",28.409452473579503,0.5532399986971496
"[0.44490610291178684, 0.6775067638859417, -0.8934269475568829, 0.5066690570661856]",28.409449039101073,0.5533028311785462
"[0.44489554404753645, 0.6775028415102821, -0.8934253876704967, 0.5066730889878955]",28.409445614075157,0.5533656636599428
"[0.4448849862616654, 0.6774989199251407, -0.8934238280609507, 0.5066771201337181]",28.4094421876962,0.5534284961413394
"[0.44487442960463985, 0.6774949991491015, -0.8934222687356737, 0.506681150484532]",28.409438776152566,0.553491328622736
"[0.4448638721860526, 0.677491078480028, -0.893420709415438, 0.5066851807620865]",28.409435362479723,0.5535541611041326
"[0.44485331564347275, 0.6774871585260359, -0.8934191503421214, 0.5066892103412562]",28.409431952836183,0.5536169935855292
"[0.44484276044755705, 0.67748323946169, -0.8934175915852078, 0.5066932390425783]",28.40942855354815,0.5536798260669258
"[0.44483220605836266, 0.6774793210864244, -0.8934160330649349, 0.5066972670722081]",28.409425164098703,0.5537426585483225
"[0.44482165188976935, 0.6774754031825356, -0.8934144746947478, 0.5067012946539292]",28.409421773398563,0.553805491029719
"[0.4448110982052159, 0.6774714858477507, -0.8934129165135433, 0.5067053216872683]",28.40941838712833,0.5538683235111156
"[0.4448005458982856, 0.6774675694136228, -0.8934113586532335, 0.5067093478313698]",28.409415011633982,0.5539311559925123
"[0.44478999331307006, 0.677463653265481, -0.893409800869346, 0.5067133737181108]",28.40941163568759,0.5539939884739089
"[0.44477944169664624, 0.6774597378660615, -0.8934082433459747, 0.506717398871777]",28.409408268432525,0.5540568209553054
"[0.44476889070151826, 0.6774558230863031, -0.8934066860318111, 0.5067214234250307]",28.409404901994208,0.5541196534367021
"[0.44475834057760916, 0.6774519090188277, -0.8934051289637294, 0.506725447282639]",28.40940154780819,0.5541824859180987
"[0.4447477906121242, 0.6774479953991139, -0.8934035720365235, 0.506729470716529]",28.40939819148317,0.5542453183994952
"[0.4447372416044174, 0.6774440825235767, -0.8934020153681532, 0.506733493421957]",28.40939484465144,0.5543081508808919
"[0.44472669322608716, 0.6774401702703262, -0.8934004589101411, 0.5067375155242161]",28.409391505502988,0.5543709833622885
"[0.44471614558934947, 0.6774362586808385, -0.8933989026790345, 0.5067415369806537]",28.409388169985437,0.5544338158436851
"[0.44470559893634665, 0.6774323478448228, -0.8933973467105414, 0.5067455576990227]",28.409384842611676,0.5544966483250817
"[0.4446950521172145, 0.6774284373358106, -0.893395790835018, 0.5067495781177628]",28.409381515256214,0.5545594808064783
"[0.4446845070201242, 0.6774245278537786, -0.8933942353309942, 0.5067535975172078]",28.409378197228627,0.5546223132878749
"[0.4446739613050844, 0.6774206185311126, -0.8933926798532911, 0.5067576167893527]",28.409374877851068,0.5546851457692716
"[0.4446634170281923, 0.6774167101299406, -0.893391124705177, 0.5067616351506227]",28.409371569691036,0.5547479782506681
"[0.444652872565019, 0.6774128020480473, -0.8933895696470612, 0.5067656532201619]",28.40936826223003,0.5548108107320647
"[0.4446423292744033, 0.6774088947889751, -0.8933880148793326, 0.5067696704802442]",28.40936496296327,0.5548736432134614
"[0.44463178716506196, 0.6774049883557989, -0.89338646040325, 0.5067736869276884]",28.40936167297191,0.554936475694858
"[0.4446212449756957, 0.67740108228105, -0.893384906032822, 0.5067777030431149]",28.40935838260039,0.5549993081762545
"[0.4446107031911875, 0.6773971767443442, -0.8933833518395466, 0.5067817186418386]",28.409355096419773,0.5550621406576512
"[0.4446001622901698, 0.6773932719229006, -0.8933817978939801, 0.5067857335416325]",28.409351815977097,0.5551249731390479
"[0.4445896230002944, 0.6773893680861184, -0.8933802443033616, 0.506789747465482]",28.40934855065712,0.5551878056204445
"[0.44457908374886884, 0.6773854646513358, -0.893378690835846, 0.5067937610124641]",28.40934528407769,0.555250638101841
"[0.44456854455305395, 0.6773815616248813, -0.8933771374939717, 0.5067977741760636]",28.40934201953721,0.5553134705832377
"[0.4445580069207862, 0.6773776595650778, -0.8933755844999737, 0.5068017863821875]",28.409338765717344,0.5553763030646343
"[0.4445474690966453, 0.6773737578217971, -0.8933740315951326, 0.5068057982993002]",28.40933551479986,0.555439135546031
"[0.44453693132686245, 0.6773698564861969, -0.8933724788157484, 0.5068098098336632]",28.409332260937063,0.5555019680274275
"[0.444526395679223, 0.6773659563236434, -0.8933709264664919, 0.5068138201982745]",28.409329026469187,0.5555648005088241
"[0.4445158600819417, 0.677362056567075, -0.8933693742420756, 0.5068178301818487]",28.409325790390298,0.5556276329902208
"[0.44450532496219214, 0.6773581573745443, -0.8933678222054376, 0.5068218396218569]",28.409322560152678,0.5556904654716174
"[0.4444947911913478, 0.6773542590684284, -0.8933662704849298, 0.5068258481867897]",28.409319338364732,0.5557532979530139
"[0.4444842572030239, 0.6773503610689592, -0.8933647188498016, 0.5068298564728]",28.409316116602135,0.5558161304344106
"[0.4444737236336888, 0.6773464636116203, -0.8933631673938109, 0.5068338642377326]",28.40931289662681,0.5558789629158072
"[0.44446319180574795, 0.6773425671855562, -0.893361616311706, 0.5068378709785814]",28.40930969524817,0.5559417953972038
"[0.44445265991702076, 0.6773386711238897, -0.893360065338053, 0.506841877381088]",28.40930648902467,0.5560046278786004
"[0.44444212905095554, 0.6773347758273608, -0.8933585146323995, 0.5068458830331497]",28.40930329412081,0.556067460359997
"[0.4444315980312101, 0.6773308808607656, -0.8933569640215225, 0.506849888382288]",28.409300098439132,0.5561302928413936
"[0.44442106866333697, 0.6773269868917953, -0.8933554137712613, 0.5068538927418751]",28.40929691676704,0.5561931253227902
"[0.44441053953652593, 0.6773230933985623, -0.8933538636738801, 0.5068578966485758]",28.40929373243013,0.5562559578041868
"[0.4444000105610809, 0.677319200347861, -0.8933523137161791, 0.5068619001365287]",28.40929055324268,0.5563187902855834
"[0.4443894822189831, 0.6773153079178295, -0.8933507639691075, 0.5068659030225298]",28.409287381031525,0.5563816227669801
"[0.44437895534147276, 0.6773114164156416, -0.893349214554998, 0.5068699049906705]",28.409284214680703,0.5564444552483766
"[0.4443684283946029, 0.6773075252741395, -0.8933476652480624, 0.5068739066241943]",28.409281053564698,0.5565072877297732
"[0.44435790195397357, 0.67730363470603, -0.8933461161330186, 0.506877907704344]",28.409277895709415,0.5565701202111699
"[0.44434737700015314, 0.6772997450735952, -0.8933445673541487, 0.5068819078585297]",28.409274747346927,0.5566329526925665
"[0.44433685207060564, 0.6772958558362304, -0.8933430186962221, 0.5068859076427019]",28.409271599819206,0.556695785173963
"[0.4443263281030205, 0.6772919673403541, -0.8933414702972069, 0.506889906700582]",28.409268463360903,0.5567586176553597
"[0.4443158047835161, 0.6772880794698742, -0.8933399221109053, 0.5068939051515482]",28.40926532918196,0.5568214501367563
"[0.44430528188882, 0.6772841921422177, -0.8933383741044629, 0.5068979030805091]",28.409262201868053,0.5568842826181529
"[0.4442947592556145, 0.6772803052969875, -0.8933368262538542, 0.5069019005495687]",28.409259075230025,0.5569471150995495
"[0.44428423735201034, 0.677276419107014, -0.8933352786279309, 0.5069058973809658]",28.409255954429856,0.5570099475809461
"[0.44427371679401734, 0.6772725337996772, -0.8933337313172764, 0.5069098933408279]",28.409252846397415,0.5570727800623427
"[0.44426319667256275, 0.6772686490391202, -0.8933321841881701, 0.5069138887745611]",28.40924973851296,0.5571356125437393
"[0.444252677104462, 0.6772647648684049, -0.8933306372577853, 0.5069178836378639]",28.409246636385635,0.5571984450251359
"[0.4442421574865203, 0.6772608810647565, -0.893329090437424, 0.5069218781598498]",28.40924353720444,0.5572612775065325
"[0.44423163879521504, 0.6772569979886113, -0.8933275438706649, 0.5069258719697954]",28.40924044024876,0.5573241099879291
"[0.4442211215785529, 0.6772531158421132, -0.8933259976380525, 0.5069298648597724]",28.409237359199295,0.5573869424693259
"[0.44421060382541666, 0.6772492338828343, -0.8933244514439096, 0.5069338575933752]",28.40923427228685,0.5574497749507223
"[0.4442000875699589, 0.6772453528614751, -0.8933229055872676, 0.5069378493984696]",28.409231196064706,0.5575126074321191
"[0.44418957145618976, 0.6772414722775056, -0.8933213598687842, 0.5069418407898553]",28.40922812434744,0.5575754399135157
"[0.44417905620746745, 0.6772375923977263, -0.893319814394777, 0.5069458314931052]",28.409225060434594,0.5576382723949123
"[0.44416854183668253, 0.6772337132268179, -0.8933182691671221, 0.5069498215033847]",28.40922200417837,0.5577011048763089
"[0.4441580272456273, 0.6772298343595308, -0.8933167240244233, 0.5069538112375133]",28.40921894324861,0.5577639373577055
"[0.44414751400932473, 0.6772259563768069, -0.893315179198126, 0.5069578000979305]",28.409215893565435,0.5578267698391021
"[0.4441370013309987, 0.677222078984614, -0.8933136345711302, 0.5069617883870584]",28.409212848451826,0.5578896023204987
"[0.44412648904807467, 0.6772182021229042, -0.8933120901195437, 0.5069657761666504]",28.40920980953609,0.5579524348018953
"[0.44411597709616496, 0.6772143257678689, -0.893310545833906, 0.5069697634611848]",28.40920677225592,0.5580152672832919
"[0.4441054665077547, 0.6772104503001272, -0.8933090018658794, 0.5069737498791334]",28.409203744084973,0.5580780997646885
"[0.44409495595104875, 0.6772065752285149, -0.8933074580198153, 0.506977735925707]",28.409200719289466,0.5581409322460851
"[0.4440844465662759, 0.6772027009733236, -0.8933059144631877, 0.5069817211685645]",28.409197703914423,0.5582037647274817
"[0.4440739373645357, 0.6771988271698961, -0.8933043710507416, 0.5069857059827945]",28.409194687713335,0.5582665972088783
"[0.4440634292022402, 0.6771949541338232, -0.8933028279082421, 0.506989690043749]",28.409191682270247,0.558329429690275
"[0.44405292145454084, 0.6771910816346952, -0.8933012849439158, 0.5069936735884284]",28.40918867554479,0.5583922621716715
"[0.4440424147743558, 0.6771872099130396, -0.8932997422536242, 0.5069976563693918]",28.409185683084292,0.5584550946530682
"[0.4440319077785854, 0.6771833384590871, -0.893298199634286, 0.507001638911021]",28.40918268766766,0.5585179271344648
"[0.4440214020147592, 0.6771794678430011, -0.8932966573131017, 0.5070056206267798]",28.4091796993005,0.5585807596158614
"[0.44401089689842255, 0.6771755978493057, -0.8932951152042503, 0.5070096017383116]",28.409176720014912,0.558643592097258
"[0.44400039239322914, 0.6771717284645263, -0.893293573302385, 0.5070135822594641]",28.40917374680934,0.5587064245786546
"[0.4439898883802151, 0.6771678596447472, -0.8932920315900366, 0.5070175622354016]",28.40917077231702,0.5587692570600512
"[0.44397938474515053, 0.6771639913478267, -0.8932904900504357, 0.5070215417094642]",28.409167805444103,0.5588320895414478
"[0.4439688826685344, 0.6771601240083873, -0.8932889488568135, 0.5070255202345214]",28.409164848647237,0.5588949220228444
"[0.44395838046554464, 0.677156257005898, -0.8932874077619075, 0.5070294984489292]",28.409161890282423,0.558957754504241
"[0.4439478788787154, 0.6771523906137104, -0.89328586687468, 0.5070334760714652]",28.409158938973622,0.5590205869856376
"[0.44393737780127507, 0.6771485247924289, -0.893284326179457, 0.5070374531426444]",28.40915599468208,0.5590834194670343
"[0.4439268776904372, 0.6771446597102633, -0.8932827857433056, 0.507041429489402]",28.409153054912363,0.5591462519484308
"[0.44391637818066454, 0.6771407952325502, -0.893281245512584, 0.507045405250262]",28.40915012277497,0.5592090844298274
"[0.44390587902889683, 0.6771369312697406, -0.8932797054516316, 0.50704938051734]",28.409147193173215,0.5592719169112241
"[0.4438953804726631, 0.6771330679091997, -0.8932781655952844, 0.5070533552007416]",28.4091442616527,0.5593347493926207
"[0.44388488354819045, 0.6771292055320355, -0.8932766260955042, 0.507057328908361]",28.409141348873597,0.5593975818740172
"[0.44387438618950376, 0.6771253433780422, -0.8932750866492807, 0.5070613024222989]",28.40913843650264,0.5594604143554139
"[0.4438638896773877, 0.6771214819183711, -0.8932735474444461, 0.5070652752578115]",28.40913552863835,0.5595232468368105
"[0.44385339406238883, 0.677117621171492, -0.8932720084883949, 0.5070692473958796]",28.40913262526587,0.5595860793182071
"[0.4438428986971655, 0.6771137608991972, -0.8932704696861999, 0.5070732190815707]",28.40912972295566,0.5596489117996037
"[0.443832404020034, 0.6771099012626264, -0.8932689311021212, 0.5070771901490823]",28.409126831775335,0.5597117442810003
"[0.44382191051091063, 0.6771060424381559, -0.8932673928064973, 0.507081160416928]",28.40912394664928,0.559774576762397
"[0.4438114168324409, 0.6771021839338973, -0.8932658546032732, 0.5070851303911909]",28.40912106226171,0.5598374092437935
"[0.4438009248520562, 0.677098326436409, -0.8932643167661692, 0.5070890993654625]",28.409118190871546,0.5599002417251902
"[0.44379043177812044, 0.6770944689192483, -0.8932627788860086, 0.5070930683958379]",28.409115308834444,0.5599630742065868
"[0.4437799409311565, 0.6770906126030354, -0.8932612414494443, 0.5070970362263983]",28.409112448785045,0.5600259066879835
"[0.4437694503669943, 0.6770867567729519, -0.8932597041715263, 0.5071010035926115]",28.409109589587217,0.56008873916938
"[0.44375895981357394, 0.6770829013289597, -0.8932581670123937, 0.5071049705974018]",28.40910673053015,0.5601515716507766
"[0.44374847071531176, 0.6770790468017988, -0.8932566301836797, 0.5071089366946563]",28.409103878864986,0.5602144041321733
"[0.44373798199816467, 0.6770751927966536, -0.8932550935279991, 0.5071129022906016]",28.409101035533347,0.5602772366135699
"[0.4437274929131961, 0.6770713390383072, -0.8932535569356399, 0.5071168676684162]",28.409098191280048,0.5603400690949664
"[0.44371700577453205, 0.6770674863768708, -0.893252020745593, 0.5071208319533512]",28.40909536218103,0.5604029015763631
"[0.4437065186838525, 0.677063634114825, -0.893250484679763, 0.5071247958631175]",28.409092529859738,0.5604657340577597
"[0.4436960327151833, 0.6770597826466056, -0.893248948895457, 0.507128758991834]",28.40908970755535,0.5605285665391563
"[0.44368554648696673, 0.6770559314646967, -0.8932474131903267, 0.5071327218617186]",28.409086887348835,0.5605913990205529
"[0.4436750612408963, 0.6770520810250561, -0.8932458777462174, 0.5071366840035799]",28.409084071875313,0.5606542315019495
"[0.44366457664608105, 0.677048231206063, -0.8932443425146566, 0.5071406455425508]",28.40908126205326,0.5607170639833461
"[0.4436540928229987, 0.6770443820518461, -0.893242807513273, 0.5071446064332069]",28.409078457510972,0.5607798964647428
"[0.44364360980275336, 0.677040533573718, -0.8932412727466053, 0.5071485666638926]",28.40907566259122,0.5608427289461393
"[0.4436331273211959, 0.6770366856746128, -0.8932397381759688, 0.507152526334477]",28.409072870027632,0.5609055614275359
"[0.4436226447114734, 0.67703283810967, -0.8932382037037452, 0.5071564856969256]",28.409070076395395,0.5609683939089326
"[0.44361216331590103, 0.6770289913715143, -0.8932366695264183, 0.5071604442442854]",28.409067291519623,0.5610312263903292
"[0.44360168261548555, 0.6770251452695374, -0.8932351355680012, 0.5071644021726877]",28.409064517057633,0.5610940588717257
"[0.4435912024446859, 0.6770212997428984, -0.8932336018042555, 0.5071683595447292]",28.409061743529364,0.5611568913531224
"[0.4435807234289331, 0.6770174550209608, -0.8932320683266958, 0.5071723161243598]",28.409058983520847,0.561219723834519
"[0.4435702439977596, 0.6770136105274712, -0.893230534905501, 0.5071762725045865]",28.409056216387157,0.5612825563159156
"[0.44355976571125827, 0.677009766834696, -0.8932290017689536, 0.5071802280964772]",28.409053460184495,0.5613453887973122
"[0.4435492878415602, 0.6770059236755243, -0.8932274688105393, 0.5071841831749043]",28.409050705336856,0.5614082212787088
"[0.44353881118472344, 0.6770020813418265, -0.8932259361467086, 0.5071881374394812]",28.40904796137172,0.5614710537601054
"[0.44352833443645645, 0.6769982393551636, -0.8932244035866451, 0.5071920913825716]",28.409045220251237,0.561533886241502
"[0.44351785878465094, 0.6769943981510822, -0.8932228713041094, 0.5071960445559242]",28.40904248480681,0.5615967187228986
"[0.44350738388616273, 0.6769905576036227, -0.8932213392488896, 0.5071999970891538]",28.409039752131434,0.5616595512042952
"[0.4434969098668177, 0.6769867177587816, -0.8932198074393727, 0.5072039489349077]",28.409037031896514,0.5617223836856919
"[0.4434864355658015, 0.6769828781909766, -0.8932182757057924, 0.5072079005311698]",28.409034311533773,0.5617852161670884
"[0.4434759619489889, 0.6769790392542059, -0.8932167441893989, 0.5072118515136048]",28.409031592651065,0.561848048648485
"[0.4434654894781424, 0.6769752011175953, -0.893215212957695, 0.5072158017081332]",28.409028883020973,0.5619108811298817
"[0.44345501766895656, 0.6769713636035245, -0.8932136819398478, 0.5072197512975452]",28.409026182485032,0.5619737136112783
"[0.4434445463490522, 0.676967526648734, -0.8932121511106473, 0.5072237003469342]",28.409023480730646,0.5620365460926748
"[0.4434340746610292, 0.6769636899390188, -0.893210620344756, 0.5072276491796767]",28.409020780478322,0.5620993785740716
"[0.4434236050869157, 0.6769598543836456, -0.8932090900049822, 0.5072315968599178]",28.409018096117507,0.5621622110554682
"[0.44341313458639364, 0.676956018868697, -0.8932075596469132, 0.5072355445341241]",28.40901540528442,0.5622250435368648
"[0.4434026665389594, 0.6769521846320254, -0.8932060297644778, 0.5072394909282311]",28.40901273126981,0.5622878760182614
"[0.4433921978749425, 0.6769483505491496, -0.8932044999090305, 0.5072434371995959]",28.409010056351633,0.562350708499658
"[0.4433817301620883, 0.6769445171942011, -0.8932029703096814, 0.5072473827572781]",28.409007391877115,0.5624135409810546
"[0.44337126338682536, 0.6769406845620825, -0.8932014409644266, 0.5072513276065075]",28.409004727683048,0.5624763734624512
"[0.443360796871906, 0.6769368524047145, -0.8931999117743015, 0.507255272002614]",28.409002070477158,0.5625392059438478
"[0.443350330869089, 0.6769330208142046, -0.8931983827760871, 0.5072592158507803]",28.408999414114398,0.5626020384252444
"[0.4433398655454472, 0.6769291898516306, -0.8931968539941811, 0.5072631590881264]",28.40899676877077,0.5626648709066411
"[0.44332940132414267, 0.6769253596717724, -0.8931953254903814, 0.5072671015553198]",28.408994129149214,0.5627277033880377
"[0.44331893715098486, 0.676921529888681, -0.8931937971106939, 0.5072710436496105]",28.40899148976676,0.5627905358694342
"[0.44330847374263993, 0.6769177007645913, -0.8931922689597905, 0.5072749851010616]",28.408988855453234,0.5628533683508309
"[0.4432980110180378, 0.6769138722696931, -0.8931907410258192, 0.5072789259403451]",28.40898623005594,0.5629162008322275
"[0.44328754966146183, 0.6769100446542782, -0.8931892134086846, 0.5072828659098048]",28.408983613536453,0.5629790333136241
"[0.44327708702876567, 0.676906216950861, -0.8931876857222864, 0.5072868060053184]",28.4089809901067,0.5630418657950207
"[0.44326662677624956, 0.6769023904969941, -0.8931861585004858, 0.5072907448500452]",28.408978378950785,0.5631046982764173
"[0.44325616547267693, 0.6768985640374041, -0.8931846312423025, 0.5072946837361154]",28.40897576916866,0.5631675307578139
"[0.443245706639195, 0.6768947388599262, -0.8931831044617807, 0.5072986213378405]",28.40897317529693,0.5632303632392105
"[0.44323524750394694, 0.6768909139506498, -0.8931815777542583, 0.5073025586989127]",28.40897057802143,0.5632931957206071
"[0.4432247890025978, 0.676887089651703, -0.893180051256319, 0.507306495467136]",28.408967988049,0.5633560282020037
"[0.4432143313117117, 0.6768832660275453, -0.8931785249937201, 0.5073104315761405]",28.408965402249937,0.5634188606834003
"[0.44320387441891174, 0.6768794430735392, -0.8931769989646392, 0.5073143670306849]",28.40896282107978,0.5634816931647969
"[0.4431934174680036, 0.6768756204766007, -0.8931754730441254, 0.5073183021530551]",28.4089602455172,0.5635445256461935
"[0.44318296150911285, 0.676871798620532, -0.8931739473854131, 0.5073222365481389]",28.40895767294265,0.5636073581275902
"[0.4431725058664549, 0.6768679772582256, -0.8931724218898849, 0.5073261704703064]",28.408955108343875,0.5636701906089868
"[0.44316205145465376, 0.6768641567238516, -0.893170896690971, 0.5073301035755293]",28.40895255076529,0.5637330230903833
"[0.44315159733220916, 0.6768603366732332, -0.8931693716513011, 0.5073340362181099]",28.40894999548984,0.56379585557178
"[0.4431411437115806, 0.6768565171839371, -0.8931678468018651, 0.5073379683181848]",28.408947444851545,0.5638586880531766
"[0.44313069084406836, 0.6768526983476882, -0.8931663221793109, 0.5073418997813102]",28.408944898449917,0.5639215205345732
"[0.4431202389026756, 0.6768488802275755, -0.8931647978088537, 0.5073458305425211]",28.408942362750427,0.5639843530159698
"[0.4431097873093916, 0.6768450626123549, -0.8931632736061831, 0.5073497608192797]",28.40893983010345,0.5640471854973664
"[0.44309933631449283, 0.6768412455933678, -0.8931617496077928, 0.507353690517537]",28.408937303751777,0.564110017978763
"[0.443088885568155, 0.6768374290427757, -0.8931602257626667, 0.5073576197688937]",28.408934777262814,0.5641728504601596
"[0.44307843589907175, 0.6768336132631195, -0.8931587021916267, 0.5073615482618612]",28.40893225751191,0.5642356829415562
"[0.4430679871001054, 0.6768297981786258, -0.8931571788644507, 0.5073654760744332]",28.408929748592616,0.5642985154229528
"[0.4430575382755447, 0.6768259834621718, -0.8931556556505499, 0.5073694035433879]",28.408927238201837,0.5643613479043494
"[0.44304709012610005, 0.6768221693695307, -0.8931541326520716, 0.5073733304053806]",28.408924735296324,0.5644241803857462
"[0.4430366429496809, 0.6768183560093342, -0.8931526099124256, 0.5073772565485521]",28.40892223557979,0.5644870128671426
"[0.44302619633611656, 0.6768145432317545, -0.8931510873718109, 0.5073811821271471]",28.40891974311342,0.5645498453485392
"[0.44301575047167124, 0.6768107311046788, -0.8931495650573641, 0.5073851070712551]",28.40891725804277,0.564612677829936
"[0.44300530483802825, 0.6768069194388726, -0.8931480428935433, 0.5073890315756991]",28.40891477445276,0.5646755103113326
"[0.44299485946789297, 0.6768031082462187, -0.8931465208851159, 0.5073929556282349]",28.40891229448362,0.5647383427927292
"[0.44298441537781097, 0.6767992978975156, -0.8931449991801903, 0.5073968788470683]",28.408909822962865,0.5648011752741258
"[0.44297397221891877, 0.6767954882653362, -0.8931434777279096, 0.5074008013633824]",28.4089073604819,0.5648640077555224
"[0.4429635286469404, 0.6767916788592443, -0.8931419563324307, 0.5074047236821357]",28.408904892624125,0.564926840236919
"[0.44295308707567355, 0.6767878705595879, -0.8931404353453734, 0.5074086448968709]",28.40890244105123,0.5649896727183156
"[0.4429426445484382, 0.6767840622879054, -0.893138914336042, 0.5074125661180136]",28.408899985312033,0.5650525051997122
"[0.44293220322412, 0.6767802548314847, -0.8931373936188963, 0.5074164865349163]",28.40889753880092,0.5651153376811088
"[0.4429217629252631, 0.6767764481254681, -0.8931358731680641, 0.5074204062143435]",28.408895100517952,0.5651781701625054
"[0.442911323108477, 0.6767726419716203, -0.8931343529043955, 0.5074243253603974]",28.408892662248803,0.565241002643902
"[0.4429008837812391, 0.676768836372588, -0.8931328328289735, 0.5074282439703417]",28.408890230019907,0.5653038351252986
"[0.4428904458256133, 0.6767650316497975, -0.8931313130702154, 0.5074321617131873]",28.408887809748848,0.5653666676066953
"[0.44288000690891505, 0.6767612269529193, -0.8931297932884882, 0.5074360794645142]",28.40888538294473,0.5654295000880918
"[0.44286956934972327, 0.6767574231269732, -0.8931282738213531, 0.5074399963541834]",28.40888296844919,0.5654923325694884
"[0.4428591330628217, 0.6767536201407066, -0.8931267546563709, 0.5074439124143573]",28.408880566361276,0.5655551650508851
"[0.4428486966679298, 0.6767498174910861, -0.8931252355926118, 0.5074478281630109]",28.4088781582845,0.5656179975322817
"[0.44283826083830474, 0.6767460154233635, -0.8931237167280743, 0.5074517433475895]",28.408875758668778,0.5656808300136782
"[0.44282782561074, 0.6767422139508542, -0.8931221980681047, 0.5074556579543683]",28.408873358521316,0.5657436624950749
"[0.44281739166324746, 0.6767384133204267, -0.8931206797113542, 0.5074595717291145]",28.408870972585976,0.5658064949764715
"[0.44280695800182135, 0.6767346131698978, -0.8931191615131586, 0.5074634850447793]",28.408868589141736,0.5658693274578681
"[0.44279652492714083, 0.6767308136087088, -0.8931176435172662, 0.5074673977886494]",28.40886620864097,0.5659321599392647
"[0.44278609193783336, 0.6767270144542066, -0.893116125650727, 0.5074713101488089]",28.408863833874086,0.5659949924206613
"[0.442775660069626, 0.6767232160834573, -0.8931146080642167, 0.5074752217369425]",28.408861463754928,0.5660578249020579
"[0.4427652283427781, 0.6767194181396341, -0.8931130906151966, 0.5074791329204991]",28.40885909783165,0.5661206573834546
"[0.4427547981098172, 0.6767156211150456, -0.8931115735003942, 0.5074830431924762]",28.408856740705573,0.5661834898648511
"[0.44274436771476655, 0.676711824406753, -0.8931100564789303, 0.5074869531737808]",28.40885438664012,0.5662463223462477
"[0.442733938471626, 0.6767080284929788, -0.8931085397419102, 0.5074908623719113]",28.408852039310133,0.5663091548276444
"[0.44272350899740437, 0.676704232870283, -0.8931070230881991, 0.5074947713053195]",28.40884969157477,0.566371987309041
"[0.4427130810112483, 0.6767004381642263, -0.8931055067677853, 0.5074986793297569]",28.408847356197832,0.5664348197904375
"[0.44270265363959543, 0.6766966440567832, -0.8931039906536201, 0.507502586772728]",28.408845021584586,0.5664976522718342
"[0.4426922262224375, 0.6766928503077478, -0.8931024746497408, 0.5075064938816036]",28.40884269281301,0.5665604847532308
"[0.4426817997510091, 0.6766890572776815, -0.893100958900256, 0.5075104002850367]",28.40884036970953,0.5666233172346274
"[0.44267137367456283, 0.6766852647661308, -0.8930994433250875, 0.5075143061894583]",28.408838049730985,0.566686149716024
"[0.44266094848199816, 0.6766814729508422, -0.8930979279952937, 0.5075182114117935]",28.408835735716774,0.5667489821974206
"[0.4426505248931741, 0.6766776820934753, -0.8930964130154768, 0.5075221156825375]",28.408833435912285,0.5668118146788172
"[0.4426401004285407, 0.6766738912922106, -0.8930948980252533, 0.507526019930479]",28.408831132096292,0.566874647160214
"[0.4426296765134648, 0.6766701010653567, -0.8930933832317889, 0.5075299236217923]",28.408828830649366,0.5669374796416105
"[0.44261925459563684, 0.6766663119391529, -0.8930918688454286, 0.5075338262144644]",28.408826543618495,0.567000312123007
"[0.442608831293527, 0.6766625226841054, -0.8930903543748092, 0.5075377289747967]",28.408824247935243,0.5670631446044038
"[0.44259841029659003, 0.6766587346413929, -0.8930888403559917, 0.5075416305214235]",28.408821970130848,0.5671259770858003
"[0.44258798966596336, 0.6766549471060681, -0.8930873265072534, 0.5075455315803951]",28.40881969601788,0.5671888095671969
"[0.4425775690213028, 0.6766511599398449, -0.8930858127733449, 0.5075494322941325]",28.408817422330117,0.5672516420485936
"[0.44256714960813953, 0.6766473735952946, -0.8930842993351857, 0.5075533321964826]",28.40881515770494,0.5673144745299902
"[0.44255672966993254, 0.6766435874340422, -0.8930827859376341, 0.5075572319449551]",28.408812891351253,0.5673773070113867
"[0.4425463116430588, 0.6766398023412563, -0.8930812729345383, 0.5075611306278113]",28.408810636761135,0.5674401394927834
"[0.4425358933914729, 0.6766360175407545, -0.893079760015664, 0.5075650290445118]",28.40880838000092,0.56750297197418
"[0.44252547649987894, 0.676632233608155, -0.8930782474111303, 0.5075689266021447]",28.408806138020864,0.5675658044555766
"[0.44251505994331086, 0.6766284501710118, -0.893076734972088, 0.5075728236843252]",28.40880389935913,0.5676286369369732
"[0.4425046426208297, 0.6766246668294569, -0.8930752225387023, 0.5075767207029265]",28.408801651864863,0.5676914694183698
"[0.44249422800174437, 0.6766208848433343, -0.8930737106146415, 0.5075806163602339]",28.408799430437288,0.5677543018997664
"[0.44248381313803625, 0.6766171031419362, -0.8930721987719018, 0.5075845117591161]",28.408797201244123,0.5678171343811631
"[0.4424733992667699, 0.6766133221743845, -0.8930706871900557, 0.5075884064369377]",28.40879498507605,0.5678799668625596
"[0.4424629860015392, 0.6766095418002749, -0.8930691758129996, 0.5075923005383106]",28.408792770695584,0.5679427993439562
"[0.442452571822396, 0.6766057614678049, -0.8930676644201451, 0.5075961946316311]",28.408790552160703,0.5680056318253529
"[0.44244215948622667, 0.6766019821776464, -0.8930661534115895, 0.5076000876861024]",28.408788345479046,0.5680684643067495
"[0.4424317476323791, 0.6765982034357831, -0.8930646425898506, 0.507603980210593]",28.408786144617608,0.568131296788146
"[0.4424213369548258, 0.6765944254939622, -0.8930631320556098, 0.5076078719457602]",28.408783953338027,0.5681941292695427
"[0.4424109270851526, 0.6765906482183575, -0.8930616217553904, 0.5076117630294429]",28.408781768460884,0.5682569617509393
"[0.4424005161339955, 0.6765868709233998, -0.8930601114150915, 0.5076156541678607]",28.40877957494739,0.5683197942323359
"[0.4423901073368974, 0.6765830947829058, -0.8930586015040936, 0.5076195441518073]",28.40877740331706,0.5683826267137325
"[0.4423796978178345, 0.6765793187534175, -0.893057091605184, 0.5076234340561837]",28.40877521941439,0.5684454591951291
"[0.4423692902040012, 0.6765755437878503, -0.8930555820994276, 0.5076273228993244]",28.408773054259672,0.5685082916765257
"[0.44235888185528693, 0.6765717689285128, -0.8930540726038971, 0.5076312116677979]",28.408770883046717,0.5685711241579223
"[0.44234847515663556, 0.6765679950402976, -0.8930525634644699, 0.5076350994706007]",28.408768730125665,0.5686339566393189
"[0.44233806886875876, 0.6765642216736519, -0.8930510545014059, 0.5076389867708381]",28.408766574143094,0.5686967891207155
"[0.44232766293019626, 0.6765604488062247, -0.8930495457057899, 0.5076428735915248]",28.408764420038487,0.5687596216021122
"[0.44231725858150966, 0.6765566768876738, -0.8930480372574736, 0.5076467594694045]",28.40876228261744,0.5688224540835088
"[0.442306853841873, 0.6765529051997975, -0.8930465288692632, 0.5076506451443648]",28.408760142810113,0.5688852865649053
"[0.44229644969978255, 0.6765491341008859, -0.8930450206844683, 0.507654530247279]",28.408758004288558,0.568948119046302
"[0.4422860458980957, 0.6765453634976595, -0.893043512665809, 0.5076584148742345]",28.40875587291346,0.5690109515276986
"[0.4422756436842655, 0.676541593842099, -0.8930420049940802, 0.5076622985595656]",28.408753753242937,0.5690737840090951
"[0.442265241267721, 0.6765378244852207, -0.8930404974097478, 0.5076661819718736]",28.4087516267224,0.5691366164904919
"[0.44225483996249404, 0.6765340559030957, -0.8930389901032452, 0.5076700646206701]",28.408749515602008,0.5691994489718885
"[0.44224443854070644, 0.6765302876507628, -0.8930374828966282, 0.5076739469643717]",28.40874740628378,0.5692622814532851
"[0.44223403883295254, 0.6765265203913047, -0.8930359760551407, 0.507677828319805]",28.408745304295227,0.5693251139346817
"[0.4422236390306593, 0.6765227534694628, -0.8930344693167167, 0.5076817093620578]",28.40874320585053,0.5693879464160783
"[0.44221323982496374, 0.6765189871355117, -0.893032962781492, 0.5076855898332644]",28.408741110763934,0.5694507788974749
"[0.4422028414960089, 0.6765152214908198, -0.8930314564900361, 0.5076894696289693]",28.408739022791824,0.5695136113788715
"[0.4421924432323304, 0.6765114562414491, -0.8930299503247959, 0.5076933490520086]",28.408736937098737,0.5695764438602681
"[0.4421820458993314, 0.6765076917006756, -0.8930284444111175, 0.5076972277795956]",28.408734858887197,0.5696392763416647
"[0.44217164905409473, 0.6765039277080417, -0.8930269386848363, 0.5077011059770397]",28.40873278361629,0.5697021088230613
"[0.4421612530953018, 0.6765001644077834, -0.8930254332036793, 0.5077049834957148]",28.40873071464963,0.569764941304458
"[0.4421508581048868, 0.6764964018294376, -0.8930239279794905, 0.507708860305171]",28.408728659336756,0.5698277737858545
"[0.44214046274461294, 0.6764926394885524, -0.8930224228184908, 0.5077127369045579]",28.408726591839965,0.5698906062672512
"[0.44213006888358164, 0.6764888780615227, -0.8930209179913011, 0.5077166125969262]",28.408724542995394,0.5699534387486478
"[0.4421196748335456, 0.6764851169373034, -0.8930194132534853, 0.507720488011869]",28.4087224914362,0.5700162712300444
"[0.4421092813050142, 0.676481356372921, -0.8930179087079083, 0.5077243628845425]",28.40872044426329,0.570079103711441
"[0.4420988895618493, 0.6764775968255469, -0.8930164045374952, 0.5077282367438579]",28.40871841104011,0.5701419361928376
"[0.4420884978114207, 0.6764738376465086, -0.8930149004827498, 0.5077321102581962]",28.408716378810457,0.5702047686742342
"[0.4420781071681576, 0.6764700792388633, -0.8930133967049616, 0.5077359830122282]",28.40871435457073,0.5702676011556308
"[0.44206771586428695, 0.6764663209631421, -0.8930118929482939, 0.5077398556648682]",28.408712329720778,0.5703304336370274
"[0.4420573259058851, 0.6764625635448254, -0.8930103895030511, 0.5077437274685471]",28.4087103133809,0.570393266118424
"[0.4420469365246832, 0.6764588067059549, -0.8930088862580414, 0.5077475987096675]",28.40870829807707,0.5704560985998206
"[0.4420365475817855, 0.6764550503962253, -0.8930073831931611, 0.5077514694400549]",28.408706287681202,0.5705189310812173
"[0.4420261593876671, 0.6764512947278054, -0.8930058803533207, 0.5077553395441098]",28.408704289438106,0.5705817635626138
"[0.4420157717161617, 0.6764475396188364, -0.8930043777057896, 0.5077592091061726]",28.408702288900013,0.5706445960440104
"[0.4420053844234072, 0.6764437850172409, -0.8930028752297526, 0.507763078179895]",28.408700294654558,0.5707074285254071
"[0.44199499843665013, 0.6764400312580696, -0.8930013730593148, 0.5077669464199965]",28.408698311119476,0.5707702610068036
"[0.4419846127075267, 0.6764362779622972, -0.8929998710428303, 0.507770814217047]",28.408696328422614,0.5708330934882002
"[0.4419742272829715, 0.6764325251468634, -0.8929983691870876, 0.5077746815535776]",28.408694349032807,0.5708959259695969
"[0.4419638426998659, 0.6764287730056217, -0.8929968675697183, 0.5077785482298109]",28.40869237603474,0.5709587584509935
"[0.4419534582978116, 0.6764250212999405, -0.8929953660952209, 0.5077824144916463]",28.40869040604704,0.5710215909323901
"[0.44194307444125114, 0.6764212701614022, -0.8929938648162886, 0.507786280203474]",28.40868844026597,0.5710844234137867
"[0.44193269206519953, 0.6764175199276455, -0.8929923638680802, 0.5077901450173256]",28.408686488554384,0.5711472558951833
"[0.44192231002930876, 0.6764137701866415, -0.8929908630857195, 0.5077940093578017]",28.408684536904843,0.5712100883765799
"[0.44191192790157624, 0.6764100207823235, -0.8929893624067639, 0.5077978733857312]",28.408682586635894,0.5712729208579765
"[0.4419015475433082, 0.6764062723867701, -0.8929878621002371, 0.507801736408473]",28.408680648684715,0.5713357533393731
"[0.44189116711101245, 0.6764025243341718, -0.8929863618996752, 0.5078055991121817]",28.408678710935842,0.5713985858207697
"[0.4418807874150675, 0.6763987769170726, -0.8929848619221953, 0.507809461195354]",28.408676781543686,0.5714614183021665
"[0.44187040796668187, 0.6763950299589241, -0.8929833620971562, 0.5078133228399284]",28.408674852305648,0.571524250783563
"[0.44186002889258136, 0.6763912835054163, -0.8929818624428684, 0.5078171839988062]",28.40867292507473,0.5715870832649596
"[0.44184965192775105, 0.6763875381826645, -0.8929803632099864, 0.5078210440266822]",28.408671015905867,0.5716499157463563
"[0.4418392735110625, 0.6763837927052803, -0.8929788638840086, 0.5078249042483021]",28.408669096246935,0.5717127482277529
"[0.4418288964502651, 0.6763800480865577, -0.8929773648705702, 0.5078287636193213]",28.40866719049463,0.5717755807091494
"[0.44181852029809804, 0.676376304164948, -0.8929758661050349, 0.5078326223062213]",28.408665287621233,0.5718384131905461
"[0.44180814482548203, 0.6763725608576892, -0.8929743675542974, 0.5078364803942852]",28.40866338682709,0.5719012456719427
"[0.4417977699456769, 0.6763688181333826, -0.892972869205819, 0.5078403379158619]",28.408661498027712,0.5719640781533393
"[0.4417873951896533, 0.6763650758227753, -0.8929713709918602, 0.507844195045384]",28.40865961050591,0.5720269106347359
"[0.441777022148422, 0.6763613344996426, -0.8929698731421575, 0.507848051191456]",28.40865773422874,0.5720897431161325
"[0.4417666484450358, 0.6763575933065833, -0.892968375313477, 0.5078519072377813]",28.4086558561174,0.5721525755975291
"[0.4417562759919582, 0.6763538529332663, -0.8929668777819537, 0.5078557624735073]",28.40865398447389,0.5722154080789258
"[0.4417459041735934, 0.676350113157573, -0.8929653804586893, 0.5078596171275578]",28.408652120765705,0.5722782405603223
"[0.441735532713672, 0.676346373879813, -0.8929638833037945, 0.5078634713026726]",28.408650257954683,0.5723410730417189
"[0.4417251614332672, 0.6763426350354245, -0.8929623862914413, 0.5078673250653881]",28.408648395580354,0.5724039055231156
"[0.4417147915160121, 0.6763388970509993, -0.8929608895924624, 0.5078711779759852]",28.408646549366914,0.5724667380045122
"[0.44170442238240093, 0.6763351597175081, -0.8929593931231917, 0.5078750302499028]",28.40864470246115,0.5725295704859087
"[0.44169405290473035, 0.6763314226284722, -0.8929578967208821, 0.5078788823061088]",28.40864285822729,0.5725924029673054
"[0.4416836847397227, 0.6763276863808122, -0.8929564006246081, 0.5078827335293121]",28.408641026995657,0.572655235448702
"[0.44167331654014436, 0.6763239504890246, -0.892954904639955, 0.5078865844199384]",28.408639190754624,0.5727180679300985
"[0.44166294924123023, 0.6763202152899915, -0.8929534089018603, 0.5078904346307261]",28.40863736393889,0.5727809004114952
"[0.4416525829815012, 0.6763164808334968, -0.8929519134302871, 0.5078942841103415]",28.40863554670787,0.5728437328928918
"[0.4416422167693672, 0.6763127467622398, -0.8929504180821773, 0.5078981332270772]",28.40863372701752,0.5729065653742884
"[0.44163185131075067, 0.6763090133304405, -0.8929489229593583, 0.5079019817188698]",28.408631915516246,0.572969397855685
"[0.441621486274392, 0.6763052804186956, -0.8929474280140396, 0.5079058297087894]",28.40863011193395,0.5730322303370816
"[0.441611122733182, 0.6763015484132742, -0.8929459334009426, 0.5079096767986425]",28.408628312288243,0.5730950628184782
"[0.44160075840376156, 0.6762978164918569, -0.8929444387907626, 0.5079135238360956]",28.408626509323817,0.5731578952998749
"[0.44159039549074913, 0.6762940854482077, -0.8929429445014215, 0.5079173700028896]",28.408624719666147,0.5732207277812714
"[0.4415800331740297, 0.6762903549869265, -0.8929414504146389, 0.5079212156035223]",28.408622934583228,0.573283560262668
"[0.44156967095250443, 0.6762866249275519, -0.8929399564581624, 0.5079250608240145]",28.408621150641498,0.5733463927440647
"[0.44155930907702334, 0.676282895360336, -0.892938462668161, 0.5079289055713181]",28.40861937156876,0.5734092252254613
"[0.44154894915264514, 0.6762791668628427, -0.8929369692759952, 0.5079327492500135]",28.408617606290786,0.5734720577068578
"[0.4415385891285268, 0.6762754386968601, -0.8929354759860127, 0.5079365926211016]",28.40861583706877,0.5735348901882545
"[0.44152822909114076, 0.6762717108934869, -0.8929339828106911, 0.507940435652516]",28.40861407142818,0.5735977226696511
"[0.4415178702094771, 0.676267983873267, -0.8929324899185055, 0.5079442779107006]",28.408612317013755,0.5736605551510477
"[0.4415075122543644, 0.6762642575536167, -0.8929309972764033, 0.507948119480775]",28.40861056843361,0.5737233876324443
"[0.44149715490796654, 0.6762605318200895, -0.8929295048385677, 0.5079519604807108]",28.408608824793973,0.573786220113841
"[0.4414867979632923, 0.6762568065981371, -0.8929280125751653, 0.5079558009873504]",28.4086070831174,0.5738490525952376
"[0.44147644116814566, 0.6762530817970059, -0.8929265204498601, 0.507959641094246]",28.408605346311298,0.5739118850766343
"[0.4414660851517826, 0.6762493576429335, -0.8929250285533051, 0.5079634805681447]",28.40860361313572,0.5739747175580308
"[0.44145572925704846, 0.6762456338995156, -0.8929235367908254, 0.5079673196527594]",28.4086018855527,0.5740375500394274
"[0.441445374668582, 0.6762419109926334, -0.8929220453330533, 0.5079711579090038]",28.408600163222836,0.5741003825208241
"[0.4414350206507605, 0.6762381886576698, -0.8929205540740108, 0.5079749956096765]",28.40859844275352,0.5741632150022207
"[0.44142466755847487, 0.6762344670221069, -0.8929190630647958, 0.5079788326233307]",28.408596736627118,0.5742260474836172
"[0.44141431478793414, 0.6762307458688112, -0.8929175722184433, 0.507982669173817]",28.408595034389347,0.5742888799650139
"[0.4414039618938436, 0.6762270250376902, -0.8929160814708351, 0.5079865054261853]",28.408593327814373,0.5743517124464105
"[0.44139360977879294, 0.6762233048530786, -0.8929145909519377, 0.507990341046029]",28.408591626642636,0.574414544927807
"[0.4413832590540133, 0.6762195855344901, -0.8929131007497308, 0.5079941758070055]",28.408589941225692,0.5744773774092037
"[0.44137290838650783, 0.6762158666028388, -0.8929116106722885, 0.507998010203056]",28.408588254186608,0.5745402098906003
"[0.4413625582502289, 0.6762121482283596, -0.8929101207878404, 0.5080018440586507]",28.408586569901207,0.5746030423719969
"[0.4413522092159841, 0.6762084306160051, -0.8929086311785367, 0.5080056771624565]",28.40858489538749,0.5746658748533935
"[0.4413418600363387, 0.6762047133175967, -0.8929071416648193, 0.5080095099765628]",28.408583222659857,0.5747287073347901
"[0.44133151206761123, 0.6762009968202248, -0.8929056524418898, 0.5080133419987305]",28.408581557273717,0.5747915398161867
"[0.4413211647075482, 0.6761972809074692, -0.8929041634230548, 0.5080171734520911]",28.408579897367904,0.5748543722975833
"[0.4413108174176738, 0.6761935653858928, -0.892902674530825, 0.5080210045360856]",28.40857823608851,0.5749172047789799
"[0.4413004708882675, 0.6761898505032947, -0.892901185864522, 0.5080248349951964]",28.408576585247015,0.5749800372603765
"[0.4412901254864463, 0.6761861363913645, -0.8928996974769456, 0.5080286646936204]",28.408574943432527,0.5750428697417732
"[0.4412797805996579, 0.6761824228300731, -0.8928982092799512, 0.508032493858219]",28.408573305826124,0.5751057022231698
"[0.4412694356798827, 0.6761787096226525, -0.8928967211947036, 0.5080363226918757]",28.40857166538627,0.5751685347045663
"[0.44125909137582886, 0.6761749970018777, -0.8928952333145183, 0.5080401509545581]",28.40857003316496,0.575231367185963
"[0.44124874788604207, 0.6761712850389288, -0.8928937456679384, 0.5080439785728532]",28.408568402406964,0.5752941996673596
"[0.4412384053785692, 0.6761675737939847, -0.8928922582791147, 0.508047805484692]",28.408566783657893,0.5753570321487562
"[0.4412280631119405, 0.6761638630008923, -0.8928907710414026, 0.5080516319645096]",28.40856516734513,0.5754198646301528
"[0.4412177214456155, 0.676160152788557, -0.8928892840064897, 0.5080554578793698]",28.40856355755755,0.5754826971115494
"[0.4412073802947516, 0.676156443126456, -0.8928877971621682, 0.5080592832607352]",28.408561948581426,0.575545529592946
"[0.44119703929605636, 0.6761527338842076, -0.8928863104562027, 0.5080631082430438]",28.408560346287278,0.5756083620743426
"[0.4411866999691443, 0.6761490256067666, -0.8928848241070447, 0.5080669322643209]",28.408558751428316,0.5756711945557392
"[0.44117635951212686, 0.6761453172891593, -0.8928833377119053, 0.5080707563608969]",28.408557150481272,0.5757340270371358
"[0.44116602158123563, 0.6761416102424961, -0.8928818517963385, 0.5080745791807137]",28.408555570365095,0.5757968595185324
"[0.4411556831666269, 0.6761379033873531, -0.8928803659277015, 0.5080784018368885]",28.40855398616672,0.5758596919999291
"[0.4411453457542199, 0.6761341972564582, -0.8928788803195575, 0.5080822237800411]",28.40855240978822,0.5759225244813256
"[0.4411350085381395, 0.6761304915608037, -0.8928773948560825, 0.5080860453081979]",28.408550837367734,0.5759853569627222
"[0.44112467289805235, 0.6761267867948567, -0.8928759097355158, 0.5080898659114196]",28.408549276710467,0.576048189444119
"[0.4411143368761008, 0.6761230822567559, -0.892874424676524, 0.508093686313499]",28.408547711147822,0.5761110219255156
"[0.44110400164984287, 0.6761193783684685, -0.8928729398483003, 0.5080975060792641]",28.408546155810782,0.5761738544069122
"[0.44109366659828925, 0.6761156749074081, -0.892871455161623, 0.5081013254382512]",28.408544599313515,0.5762366868883088
"[0.44108333290812496, 0.676111972298694, -0.8928699707869497, 0.5081051439520228]",28.408543055381056,0.5762995193697054
"[0.4410729991781231, 0.6761082700401664, -0.8928684865229908, 0.5081089621384448]",28.40854150743033,0.576362351851102
"[0.4410626665855099, 0.6761045685535074, -0.8928670025388266, 0.5081127795626181]",28.408539973230393,0.5764251843324986
"[0.4410523342192303, 0.6761008675122496, -0.8928655187035968, 0.5081165965612221]",28.408538438299296,0.5764880168138952
"[0.4410420022421557, 0.6760971669746764, -0.8928640350406911, 0.5081204130741372]",28.408536910617894,0.5765508492952918
"[0.44103167122735015, 0.676093467145944, -0.8928625516323893, 0.5081242288897633]",28.408535386920185,0.5766136817766884
"[0.4410213411530738, 0.6760897680181417, -0.8928610684755469, 0.5081280440162435]",28.40853387355056,0.576676514258085
"[0.44101101130005343, 0.676086069333619, -0.892859585466885, 0.5081318587192937]",28.408532359477647,0.5767393467394816
"[0.44100068213559357, 0.6760823712596217, -0.8928581026734865, 0.5081356728264117]",28.40853085355469,0.5768021792208783
"[0.4409903532177643, 0.6760786736378595, -0.8928566200319047, 0.5081394865008417]",28.408529347293584,0.5768650117022748
"[0.44098002487534116, 0.6760749765859699, -0.8928551375893302, 0.5081432996212429]",28.408527852616114,0.5769278441836714
"[0.44096969736965197, 0.6760712801973712, -0.8928536553832579, 0.5081471120912512]",28.408526359033715,0.5769906766650681
"[0.44095937098720167, 0.6760675845745066, -0.8928521734547841, 0.5081509238051883]",28.408524875260078,0.5770535091464647
"[0.44094904499802984, 0.6760638894560259, -0.8928506916991379, 0.5081547350326001]",28.408523394657827,0.5771163416278613
"[0.4409387191194173, 0.6760601947407043, -0.8928492100757509, 0.5081585458778822]",28.408521915115234,0.5771791741092579
"[0.44092839367422376, 0.6760565005440162, -0.8928477286309511, 0.508162356221921]",28.40852044240343,0.5772420065906545
"[0.4409180689257472, 0.6760528069600782, -0.8928462474025053, 0.5081661659676283]",28.40851897173096,0.5773048390720511
"[0.4409077450516547, 0.6760491140523419, -0.8928447664158867, 0.508169975049542]",28.408517509936683,0.5773676715534477
"[0.440897421916461, 0.6760454217722349, -0.8928432856516426, 0.5081737835177476]",28.40851605442489,0.5774305040348443
"[0.44088709943783916, 0.6760417300902136, -0.8928418050979504, 0.5081775914027044]",28.40851460273996,0.5774933365162409
"[0.4408767765323679, 0.6760380386187727, -0.8928403245994215, 0.5081813991041063]",28.40851314818404,0.5775561689976376
"[0.44086645453270024, 0.6760343478344197, -0.8928388443471855, 0.5081852061304336]",28.408511703841874,0.5776190014790341
"[0.44085613380181826, 0.6760306578668052, -0.8928373643932701, 0.5081890123479347]",28.408510269506564,0.5776818339604307
"[0.4408458134117904, 0.6760269683840577, -0.8928358846045968, 0.5081928180989207]",28.408508835866748,0.5777446664418274
"[0.4408354937040558, 0.6760232795081624, -0.8928344050301154, 0.5081966232575503]",28.408507407410383,0.577807498923224
"[0.4408251745041213, 0.676019591176658, -0.8928329256447985, 0.5082004278882417]",28.408505985404254,0.5778703314046205
"[0.44081485502801276, 0.6760159031092973, -0.8928314463362601, 0.5082042322800691]",28.408504561090897,0.5779331638860172
"[0.4408045371343007, 0.6760122159702205, -0.892829967370916, 0.508208035747932]",28.408503147884755,0.5779959963674138
"[0.4407942193041977, 0.6760085292165735, -0.8928284885310467, 0.5082118388517963]",28.40850173649055,0.5780588288488104
"[0.4407839027661422, 0.6760048432872019, -0.8928270099927096, 0.5082156411389531]",28.408500336918685,0.578121661330207
"[0.4407735863905584, 0.6760011577784351, -0.8928255315940021, 0.5082194430258016]",28.408498939321223,0.5781844938116036
"[0.4407632708804053, 0.6759974729413084, -0.892824053435656, 0.5082232442533676]",28.408497547195047,0.5782473262930002
"[0.44075295527422503, 0.6759937884323345, -0.8928225753798966, 0.5082270451759764]",28.408496154373886,0.5783101587743968
"[0.4407426404682295, 0.6759901045715331, -0.892821097555134, 0.508230845463488]",28.408494771084097,0.5783729912557934
"[0.4407323272364024, 0.6759864216352022, -0.8928196200722289, 0.5082346448308519]",28.408493395596594,0.57843582373719
"[0.44072201314995413, 0.6759827387559312, -0.8928181425832292, 0.5082384441728903]",28.408492017369657,0.5784986562185868
"[0.44071170086899203, 0.6759790568834984, -0.8928166654691878, 0.5082422425097792]",28.40849065303551,0.5785614886999833
"[0.44070138811830234, 0.6759753752054728, -0.8928151884041952, 0.5082460406796341]",28.40848928340782,0.5786243211813799
"[0.4406910766627676, 0.6759716943518558, -0.8928137116410256, 0.5082498380325086]",28.40848792546362,0.5786871536627766
"[0.44068076561473474, 0.6759680140056731, -0.892812235052535, 0.5082536348953938]",28.40848657252557,0.5787499861441732
"[0.44067045517170866, 0.6759643342373298, -0.8928107586670008, 0.5082574311956444]",28.408485222962806,0.5788128186255697
"[0.44066014489815436, 0.6759606548913369, -0.8928092824220537, 0.5082612270936612]",28.40848387691745,0.5788756511069664
"[0.4406498353694873, 0.6759569761729621, -0.8928078064000776, 0.508265022377663]",28.40848253595,0.578938483588363
"[0.4406395270783531, 0.675953298257862, -0.8928063306715813, 0.5082688168664112]",28.40848120328053,0.5790013160697596
"[0.44062921855084314, 0.6759496206200828, -0.8928048550255552, 0.5082726111025175]",28.408479871702756,0.5790641485511562
"[0.4406189113647927, 0.6759459438224501, -0.8928033796878543, 0.508276404505299]",28.40847854664469,0.5791269810325528
"[0.44060860389917356, 0.675942267286626, -0.8928019044264418, 0.5082801976714233]",28.408477227544022,0.5791898135139494
"[0.4405982977627885, 0.6759385915863688, -0.8928004294715712, 0.5082839900089184]",28.40847591196926,0.5792526459953461
"[0.4405879925063076, 0.6759349165612868, -0.8927989547589099, 0.5082877816832476]",28.408474607368028,0.5793154784767426
"[0.44057768624267735, 0.6759312415384071, -0.8927974800184271, 0.5082915733887381]",28.40847329497317,0.5793783109581392
"[0.44056738230195736, 0.6759275677050752, -0.8927960057266147, 0.5082953639003327]",28.408471998520465,0.5794411434395359
"[0.4405570775309506, 0.6759238939369276, -0.8927945314322969, 0.508299154378089]",28.408470699326916,0.5795039759209325
"[0.44054677392584257, 0.6759202209455851, -0.8927930574210706, 0.5083029440877709]",28.408469408788964,0.579566808402329
"[0.44053647118980277, 0.6759165486251049, -0.8927915836504483, 0.5083067331386708]",28.408468122427138,0.5796296408837257
"[0.44052616855968024, 0.6759128767033934, -0.8927901100112565, 0.5083105218115186]",28.408466839075565,0.5796924733651223
"[0.4405158675413559, 0.6759092057170425, -0.8927886367188712, 0.5083143095526463]",28.408465569282622,0.5797553058465189
"[0.44050556627656784, 0.6759055350037256, -0.8927871635075032, 0.5083180970454318]",28.40846429636756,0.5798181383279155
"[0.44049526531618155, 0.6759018647597094, -0.8927856904559425, 0.5083218840873567]",28.408463032049156,0.5798809708093121
"[0.4404849656306671, 0.6758981953306661, -0.8927842177029508, 0.5083256703217339]",28.40846177171494,0.5799438032907087
"[0.4404746656279431, 0.6758945261493177, -0.8927827450208711, 0.5083294563338874]",28.408460511781943,0.5800066357721053
"[0.4404643671044445, 0.6758908578555265, -0.8927812726665452, 0.5083332414635675]",28.408459261255537,0.5800694682535019
"[0.4404540688934065, 0.6758871900335822, -0.8927798004731435, 0.5083370261397099]",28.408458013281315,0.5801323007348985
"[0.4404437712678955, 0.6758835227806529, -0.892778328479698, 0.508340810262039]",28.408456774345,0.5801951332162952
"[0.4404334740338334, 0.6758798560275656, -0.8927768566584596, 0.5083445939019204]",28.408455535894927,0.5802579656976917
"[0.4404231776602341, 0.6758761899412357, -0.892775385076455, 0.5083483768871044]",28.408454304686664,0.5803207981790883
"[0.44041288150464336, 0.6758725242928375, -0.8927739136418552, 0.5083521594537012]",28.408453080624813,0.580383630660485
"[0.440402585593122, 0.6758688590915918, -0.892772442358387, 0.5083559415921864]",28.408451853595636,0.5804464631418816
"[0.4403922912806993, 0.675865194819758, -0.8927709714196627, 0.5083597228048978]",28.40845063865804,0.5805092956232781
"[0.4403819970947925, 0.6758615309530565, -0.892769500615248, 0.5083635036328321]",28.40844942560718,0.5805721281046748
"[0.44037170339852355, 0.675857867620662, -0.8927680299970245, 0.50836728394268]",28.40844821988155,0.5806349605860714
"[0.44036141075440155, 0.6758542050226666, -0.8927665596453398, 0.5083710635279461]",28.40844702058329,0.580697793067468
"[0.44035111809767985, 0.6758505427801017, -0.8927650894080822, 0.508374842779691]",28.408445820712284,0.5807606255488647
"[0.4403408260305446, 0.6758468811071795, -0.8927636193712701, 0.5083786214768486]",28.40844462610698,0.5808234580302613
"[0.44033053473264155, 0.675843220067719, -0.8927621495605508, 0.5083823995535466]",28.40844344072265,0.5808862905116579
"[0.4403202442920441, 0.675839559692942, -0.892760679988485, 0.5083861769775507]",28.40844225912855,0.5809491229930545
"[0.4403099538685205, 0.6758358996839036, -0.892759210535075, 0.5083899540573528]",28.40844107899596,0.5810119554744511
"[0.4402996645896597, 0.6758322404415711, -0.8927577413613288, 0.508393730379148]",28.408439908688198,0.5810747879558477
"[0.4402893756157748, 0.6758285816672214, -0.8927562723473356, 0.5083975062512032]",28.40843874024761,0.5811376204372443
"[0.4402790866702976, 0.6758249232624652, -0.8927548034536134, 0.5084012817750475]",28.40843757109604,0.581200452918641
"[0.44026879911794187, 0.6758212657124518, -0.8927533348749801, 0.5084050564499863]",28.408436414373142,0.5812632854000375
"[0.4402585114911723, 0.6758176084953332, -0.8927518664019283, 0.5084088308145656]",28.408435261882335,0.5813261178814342
"[0.44024822519756013, 0.6758139521114066, -0.8927503982353664, 0.5084126043524483]",28.408434112782594,0.5813889503628308
"[0.4402379395791619, 0.6758102963266704, -0.8927489302813615, 0.508416377305118]",28.408432971892825,0.5814517828442274
"[0.4402276532195438, 0.6758066406376662, -0.8927474623377729, 0.5084201501921621]",28.408431825978987,0.581514615325624
"[0.440217368730943, 0.675802985972678, -0.8927459947773785, 0.508423922055523]",28.408430695162963,0.5815774478070206
"[0.4402070842721018, 0.6757993316772806, -0.8927445273374147, 0.508427693570597]",28.40842956650723,0.5816402802884172
"[0.4401968007682815, 0.6757956780801652, -0.8927430601498965, 0.5084314643981371]",28.40842844255249,0.5817031127698138
"[0.4401865174676235, 0.6757920249141187, -0.8927415931075433, 0.5084352348139173]",28.408427324377808,0.5817659452512104
"[0.44017623495048913, 0.6757883723852445, -0.8927401262931449, 0.5084390046052079]",28.408426213247246,0.581828777732607
"[0.4401659528211136, 0.6757847203528737, -0.8927386596502345, 0.5084427739171805]",28.40842510232534,0.5818916102140036
"[0.4401556713924196, 0.6757810689280713, -0.8927371932234399, 0.5084465426351914]",28.408423998152553,0.5819544426954002
"[0.4401453902100018, 0.6757774179493847, -0.8927357269479432, 0.5084503109258677]",28.40842289400309,0.5820172751767968
"[0.4401351100429305, 0.6757737676898451, -0.892734260933416, 0.5084540785073912]",28.408421802112226,0.5820801076581934
"[0.44012483059643076, 0.6757701180446203, -0.8927327951378033, 0.5084578454879507]",28.408420710742863,0.5821429401395901
"[0.44011455120316384, 0.675766468776763, -0.8927313294659417, 0.5084616121120981]",28.40841962390972,0.5822057726209866
"[0.4401042730583714, 0.6757628203104888, -0.8927298640882415, 0.508465377941962]",28.40841854616421,0.5822686051023833
"[0.44009399438091906, 0.675759172013478, -0.8927283987507608, 0.5084691436301932]",28.40841746930513,0.5823314375837799
"[0.4400837168625295, 0.6757555244861339, -0.8927269336946725, 0.5084729085570584]",28.408416395068038,0.5823942700651765
"[0.440073440034222, 0.6757518775618973, -0.8927254688531017, 0.5084766728944616]",28.408415332265005,0.5824571025465731
"[0.44006316406058765, 0.6757482312990604, -0.8927240042494935, 0.5084804365822195]",28.408414269578497,0.5825199350279697
"[0.4400528883870636, 0.675744585500782, -0.8927225398047977, 0.5084841998234993]",28.408413217195175,0.5825827675093663
"[0.44004261341270134, 0.6757409403085399, -0.8927210755758789, 0.5084879624722554]",28.408412166586118,0.5826455999907629
"[0.440032338716663, 0.6757372955729866, -0.8927196115027595, 0.5084917246826344]",28.408411115957446,0.5827084324721595
"[0.4400220642886455, 0.6757336512904174, -0.892718147583972, 0.5084954864584499]",28.408410073129648,0.5827712649535561
"[0.44001179137752733, 0.6757300079036592, -0.8927166839974386, 0.5084992473425847]",28.408409040627543,0.5828340974349527
"[0.44000151906616275, 0.6757263650873306, -0.8927152206124671, 0.5085030076708943]",28.40840801134781,0.5828969299163494
"[0.4399912464456487, 0.6757227225190624, -0.892713757299582, 0.5085067677761391]",28.40840698414778,0.5829597623977459
"[0.4399809747921699, 0.6757190806513265, -0.8927122942405707, 0.5085105271912371]",28.408405961382833,0.5830225948791425
"[0.4399707031816216, 0.6757154391563854, -0.8927108313038009, 0.508514286254492]",28.408404938381615,0.5830854273605393
"[0.4399604329736484, 0.675711798516177, -0.8927093686829056, 0.5085180444683921]",28.408403927467802,0.5831482598419359
"[0.4399501629679445, 0.6757081583050979, -0.8927079062069269, 0.5085218022722706]",28.408402919642008,0.5832110923233323
"[0.43993989372138953, 0.6757045187204619, -0.8927064439551602, 0.508525559462428]",28.408401914710268,0.5832739248047291
"[0.4399296249072408, 0.6757008796463799, -0.8927049818810702, 0.5085293161584852]",28.408400920927882,0.5833367572861257
"[0.439919356889273, 0.6756972412116794, -0.8927035200364398, 0.508533072227438]",28.408399930517678,0.5833995897675223
"[0.43990908874465284, 0.6756936030893048, -0.8927020582898855, 0.5085368280069058]",28.408398939909688,0.5834624222489189
"[0.4398988226355353, 0.6756899660451962, -0.8927005969491834, 0.5085405827061615]",28.408397957644645,0.5835252547303155
"[0.4398885558008958, 0.6756863291011087, -0.8926991356213009, 0.5085443373350816]",28.408396979905568,0.5835880872117121
"[0.4398782894087272, 0.6756826926707814, -0.8926976744724981, 0.5085480914665341]",28.408396005456417,0.5836509196931087
"[0.4398680241365003, 0.675679056994078, -0.8926962135991791, 0.5085518448528764]",28.40839503389451,0.5837137521745053
"[0.439857759864495, 0.6756754220284535, -0.8926947529842802, 0.5085555975380143]",28.408394072357606,0.5837765846559019
"[0.43984749559354236, 0.6756717874199989, -0.892693292485612, 0.5085593498873057]",28.40839311440506,0.5838394171372986
"[0.43983723168498007, 0.6756681532966199, -0.8926918321545927, 0.5085631017686929]",28.40839215732199,0.5839022496186951
"[0.4398269690409629, 0.6756645199776333, -0.8926903721195619, 0.5085668528524971]",28.40839121304963,0.5839650821000917
"[0.4398167063986087, 0.6756608870158525, -0.8926889122008416, 0.5085706036003861]",28.40839026610799,0.5840279145814884
"[0.43980644446876693, 0.6756572546628361, -0.8926874524995523, 0.5085743537526359]",28.408389325967075,0.584090747062885
"[0.4397961834543309, 0.6756536229903164, -0.8926859930445367, 0.5085781032351717]",28.408388394791253,0.5841535795442815
"[0.43978592279057555, 0.6756499917983233, -0.892684533755461, 0.508581852254438]",28.408387463589733,0.5842164120256782
"[0.4397756626183933, 0.6756463611366512, -0.8926830746523585, 0.5085856007590135]",28.408386538178853,0.5842792445070748
"[0.4397654024503021, 0.6756427308327565, -0.8926816156659062, 0.5085893489270318]",28.408385615667946,0.5843420769884714
"[0.4397551436299136, 0.6756391013619315, -0.8926801569871514, 0.5085930962677571]",28.408384699513324,0.584404909469868
"[0.4397448852369592, 0.6756354723984955, -0.8926786984852229, 0.5085968431174309]",28.408383787931907,0.5844677419512646
"[0.4397346272056069, 0.6756318439190917, -0.892677240150758, 0.5086005895001575]",28.408382884543443,0.5845305744326612
"[0.4397243702265071, 0.6756282161679195, -0.8926757820819287, 0.5086043351637889]",28.408381983692244,0.5845934069140579
"[0.4397141132045134, 0.6756245887575659, -0.8926743241230487, 0.5086080805083183]",28.408381084802233,0.5846562393954544
"[0.4397038567621874, 0.6756209619081491, -0.8926728663626116, 0.5086118253064612]",28.4083801923784,0.584719071876851
"[0.43969360149971015, 0.6756173358317891, -0.8926714088859021, 0.5086155693391837]",28.40837930807066,0.5847819043582477
"[0.43968334651712143, 0.6756137102101766, -0.8926699515650028, 0.5086193129351357]",28.40837842670267,0.5848447368396443
"[0.4396730919738293, 0.6756100850996237, -0.8926684944225649, 0.5086230560361616]",28.408377549133593,0.5849075693210408
"[0.4396628384553492, 0.6756064607069769, -0.8926670375417736, 0.5086267984286705]",28.408376680363865,0.5849704018024375
"[0.43965258480123887, 0.6756028366220174, -0.8926655807577419, 0.5086305405362233]",28.408375810766806,0.5850332342838341
"[0.4396423322339858, 0.6755992132767387, -0.8926641242441471, 0.5086342819127471]",28.40837494974834,0.5850960667652307
"[0.4396320798215672, 0.6755955903416687, -0.8926626678685725, 0.5086380228984334]",28.408374090801644,0.5851588992466273
"[0.43962182823602675, 0.6755919680542158, -0.8926612117264767, 0.5086417632481267]",28.40837323642183,0.5852217317280239
"[0.4396115779847852, 0.6755883465935368, -0.8926597558899071, 0.5086455027768131]",28.408372394048406,0.5852845642094205
"[0.4396013268737921, 0.6755847251844157, -0.8926583000472462, 0.5086492422849734]",28.408371546610894,0.5853473966908173
"[0.43959107699097705, 0.6755811045644123, -0.8926568444950213, 0.5086529810109859]",28.408370706080085,0.5854102291722137
"[0.4395808277434804, 0.6755774845239894, -0.8926553891490207, 0.5086567191712072]",28.40836987970696,0.5854730616536103
"[0.43957057830040114, 0.675573864769626, -0.8926539338912625, 0.5086604570687263]",28.408369042839283,0.5855358941350071
"[0.43956033048874815, 0.6755702459464599, -0.8926524789811393, 0.5086641940373353]",28.408368219634518,0.5855987266164036
"[0.43955008280054714, 0.675566627521866, -0.8926510242045392, 0.5086679306270329]",28.408367403150503,0.5856615590978002
"[0.43953983565065924, 0.6755630096422728, -0.8926495696203559, 0.5086716666865981]",28.408366584801342,0.5857243915791969
"[0.43952958948219983, 0.6755593924640261, -0.8926481152914731, 0.5086754020545641]",28.40836577760751,0.5857872240605935
"[0.4395193434338564, 0.6755557756829773, -0.8926466610956293, 0.5086791370450046]",28.408364972451263,0.58585005654199
"[0.4395090985917098, 0.6755521596824167, -0.8926452071869558, 0.5086828712620889]",28.408364177147458,0.5859128890233867
"[0.4394988536480592, 0.675548544000694, -0.8926437533798607, 0.5086866051825479]",28.408363379586838,0.5859757215047833
"[0.43948860927607414, 0.675544928875345, -0.8926422997698714, 0.5086903385610678]",28.408362590723065,0.5860385539861799
"[0.43947836632171733, 0.675541314604772, -0.8926408464770013, 0.5086940710894693]",28.408361809519096,0.5861013864675765
"[0.43946812294805543, 0.6755377005407315, -0.8926393932406146, 0.5086978034371944]",28.40836102689024,0.5861642189489731
"[0.43945788001484815, 0.6755340869865388, -0.8926379401826957, 0.5087015352909936]",28.408360242860162,0.5862270514303697
"[0.43944763833017786, 0.6755304742271636, -0.8926364874178611, 0.5087052663565522]",28.408359476063055,0.5862898839117664
"[0.4394373977273171, 0.6755268622036485, -0.8926350349224303, 0.5087089966947409]",28.408358715154396,0.5863527163931629
"[0.4394271569571253, 0.6755232504753306, -0.8926335825192235, 0.508712726760645]",28.408357955178943,0.5864155488745595
"[0.43941691645398834, 0.6755196391953826, -0.8926321302698567, 0.5087164563960658]",28.408357196504575,0.5864783813559562
"[0.43940667629699415, 0.6755160283916398, -0.8926306781855443, 0.5087201855722455]",28.408356440346164,0.5865412138373528
"[0.43939643761864006, 0.6755124184633177, -0.8926292264268573, 0.5087239138768657]",28.40835569787114,0.5866040463187493
"[0.4393861992775739, 0.6755088090078827, -0.8926277748319404, 0.5087276417256439]",28.408354953946322,0.586666878800146
"[0.439375961412325, 0.675505200074108, -0.8926263234204306, 0.5087313690681959]",28.408354218145735,0.5867297112815426
"[0.4393657241917599, 0.6755015917214409, -0.892624872216259, 0.5087350958431122]",28.40835348711884,0.5867925437629392
"[0.4393554872675915, 0.6754979838270495, -0.8926234211700469, 0.5087388221772433]",28.408352757742676,0.5868553762443358
"[0.43934525079008674, 0.6754943764438313, -0.8926219703030911, 0.5087425480159458]",28.408352032479797,0.5869182087257324
"[0.4393350153742569, 0.6754907697884035, -0.8926205197025454, 0.5087462731354752]",28.40835131623479,0.586981041207129
"[0.4393247801276875, 0.6754871635462332, -0.892619069241922, 0.5087499978606819]",28.40835060348686,0.5870438736885256
"[0.4393145457697556, 0.6754835579707089, -0.8926176190231576, 0.5087537219298405]",28.40834989562721,0.5871067061699222
"[0.4393043117892844, 0.6754799528816494, -0.8926161689738057, 0.5087574455290403]",28.408349194278937,0.5871695386513188
"[0.4392940784322351, 0.6754763483656232, -0.8926147191287106, 0.5087611685688554]",28.408348490445853,0.5872323711327154
"[0.43928384558154393, 0.6754727443813157, -0.8926132694712767, 0.5087648910919469]",28.408347797958818,0.587295203614112
"[0.4392736133370423, 0.6754691409638067, -0.8926118200156383, 0.508768613062068]",28.40834710797994,0.5873580360955086
"[0.4392633818931888, 0.6754655381814824, -0.8926103707893271, 0.5087723344085698]",28.408346426349652,0.5874208685769053
"[0.43925315080511035, 0.6754619358776065, -0.8926089217293204, 0.5087760552933334]",28.408345746792033,0.5874837010583019
"[0.43924291970176843, 0.6754583339214992, -0.8926074727830702, 0.5087797758513319]",28.408345067821067,0.5875465335396984
"[0.4392326903389553, 0.6754547329311967, -0.8926060241992153, 0.5087834954441638]",28.408344403433926,0.5876093660210951
"[0.4392224608034802, 0.6754511322330916, -0.8926045757068126, 0.5087872147676079]",28.408343732303422,0.5876721985024917
"[0.439212231952948, 0.6754475321290151, -0.8926031274272977, 0.5087909335098796]",28.408343077298678,0.5877350309838884
"[0.4392020042675361, 0.6754439327878384, -0.8926016794286376, 0.5087946514965273]",28.408342422367777,0.587797863465285
"[0.4391917760089682, 0.6754403335977841, -0.8926002314647326, 0.508798369359484]",28.408341765516173,0.5878606959466816
"[0.4391815490751874, 0.6754367352266467, -0.892598783804262, 0.5088020864089261]",28.408341122736275,0.5879235284280782
"[0.4391713217847533, 0.6754331370827336, -0.8925973362092057, 0.5088058032560496]",28.408340477155217,0.5879863609094748
"[0.4391610958279573, 0.6754295397606478, -0.8925958889188043, 0.5088095192866233]",28.408339841905445,0.5880491933908714
"[0.4391508708647294, 0.6754259431406143, -0.8925944418848984, 0.508813234624357]",28.408339211744455,0.588112025872268
"[0.4391406449563701, 0.6754223465406771, -0.8925929948331323, 0.508816949973709]",28.408338578552353,0.5881748583536646
"[0.43913042118386514, 0.675418751044371, -0.8925915481994806, 0.5088206642153574]",28.408337959482548,0.5882376908350613
"[0.4391201976185419, 0.6754151559732766, -0.8925901017110134, 0.5088243780501087]",28.408337341330558,0.5883005233164578
"[0.43910997497474796, 0.6754115615785211, -0.8925886554687894, 0.5088280912185267]",28.408336734983255,0.5883633557978544
"[0.4390997520555108, 0.6754079674391691, -0.892587209303468, 0.5088318041554468]",28.408336126305137,0.5884261882792511
"[0.4390895297863354, 0.6754043738805648, -0.892585763345977, 0.5088355165247624]",28.408335519293853,0.5884890207606477
"[0.4390793083903101, 0.6754007809810385, -0.8925843176278563, 0.5088392282455387]",28.40833492341086,0.5885518532420443
"[0.4390690872454255, 0.6753971885218649, -0.8925828720611197, 0.5088429395437222]",28.40833432692843,0.5886146857234409
"[0.43905886710220815, 0.675393596766746, -0.8925814267519022, 0.5088466501468746]",28.40833373973123,0.5886775182048375
"[0.43904864757201634, 0.6753900055789979, -0.892579981645225, 0.5088503601961882]",28.408333157183044,0.5887403506862341
"[0.43903842821581057, 0.6753864148042623, -0.8925785366790022, 0.5088540698511196]",28.408332574991604,0.5888031831676307
"[0.43902820928728026, 0.675382824531641, -0.8925770918891032, 0.5088577790196062]",28.408331999706423,0.5888660156490273
"[0.4390179910626019, 0.6753792348580897, -0.8925756473145655, 0.5088614876014695]",28.40833142999902,0.5889288481304239
"[0.4390077736597722, 0.6753756458249103, -0.8925742029720555, 0.5088651955540274]",28.408330868693625,0.5889916806118206
"[0.4389975569846935, 0.6753720573990016, -0.8925727588482539, 0.5088689029114607]",28.408330305504993,0.5890545130932171
"[0.43898733993596745, 0.6753684691934578, -0.8925713147874825, 0.5088726100734904]",28.408329749304183,0.5891173455746137
"[0.43897712452908083, 0.6753648819160243, -0.8925698710745952, 0.5088763163088954]",28.408329198602704,0.5891801780560104
"[0.4389669093630995, 0.6753612950746265, -0.8925684275115799, 0.5088800221260515]",28.408328655118524,0.5892430105374069
"[0.43895669433681495, 0.6753577086336802, -0.8925669840841377, 0.5088837275617151]",28.40832811224159,0.5893058430188035
"[0.438946480467877, 0.6753541229503927, -0.8925655409360549, 0.5088874322468132]",28.408327577251253,0.5893686755002002
"[0.4389362665123463, 0.6753505375879905, -0.8925640978915631, 0.508891136632603]",28.40832704179929,0.5894315079815968
"[0.43892605394371903, 0.6753469530636077, -0.8925626551588277, 0.5088948401847705]",28.408326517090458,0.5894943404629933
"[0.4389158407386621, 0.6753433686670234, -0.8925612124520096, 0.508898543637109]",28.408325992689697,0.58955717294439
"[0.4389056299436461, 0.6753397854672907, -0.8925597702014292, 0.5089022458850418]",28.408325484049186,0.5896200054257866
"[0.4388954178744074, 0.6753362021714499, -0.8925583278866835, 0.5089059482644737]",28.408324966577325,0.5896828379071832
"[0.43888520797594177, 0.6753326199882351, -0.8925568859943258, 0.5089096495264884]",28.408324466491358,0.5897456703885798
"[0.4388749973070372, 0.6753290378856174, -0.8925554441089693, 0.508913350737409]",28.408323954577895,0.5898085028699764
"[0.4388647868875397, 0.6753254562213811, -0.8925540023746487, 0.5089170515275492]",28.408323450369622,0.589871335351373
"[0.4388545786644864, 0.6753218756783748, -0.8925525610662592, 0.5089207511913304]",28.40832296629916,0.5899341678327698
"[0.43884436916779324, 0.6753182950393815, -0.8925511196938496, 0.5089244509864544]",28.408322471566787,0.5899970003141662
"[0.4388341617388083, 0.6753147154762148, -0.8925496787291468, 0.5089281497021007]",28.408321990891622,0.5900598327955628
"[0.43882395439953403, 0.6753111362950898, -0.8925482378928931, 0.5089318480551309]",28.408321512342123,0.5901226652769596
"[0.43881374738443957, 0.6753075575781781, -0.8925467972181886, 0.5089355459606287]",28.40832103440589,0.5901854977583562
"[0.4388035412526412, 0.6753039795214286, -0.8925453567839391, 0.5089392432161066]",28.408320566965315,0.5902483302397526
"[0.4387933354370492, 0.6753004019259481, -0.8925439165100981, 0.5089429400270707]",28.40832010275629,0.5903111627211494
"[0.4387831300844278, 0.6752968248431203, -0.8925424764173749, 0.5089466363404141]",28.40831963847077,0.590373995202546
"[0.4387729257597084, 0.6752932484708609, -0.892541036585471, 0.5089503319516109]",28.4083191858607,0.5904368276839426
"[0.43876272148177053, 0.675289672465233, -0.8925395968759423, 0.5089540272160524]",28.408318734225798,0.5904996601653392
"[0.4387525181464076, 0.6752860971400868, -0.8925381574151677, 0.5089577218094105]",28.408318289280146,0.5905624926467358
"[0.4387423150540694, 0.6752825222502117, -0.8925367181044471, 0.5089614159850623]",28.408317844572906,0.5906253251281324
"[0.4387321130752146, 0.6752789481005, -0.8925352790665589, 0.5089651094279288]",28.40831740977931,0.5906881576095291
"[0.4387219109922765, 0.6752753742643146, -0.8925338401297517, 0.5089688025788758]",28.408316976043476,0.5907509900909256
"[0.4387117097962139, 0.6752718010887351, -0.8925324014337903, 0.5089724950792247]",28.408316551988555,0.5908138225723222
"[0.4387015090248835, 0.6752682284117906, -0.892530962913486, 0.5089761870963423]",28.40831612731367,0.5908766550537189
"[0.43869130845534504, 0.6752646561553581, -0.8925295245373975, 0.5089798787109509]",28.408315707823075,0.5909394875351155
"[0.43868110940705335, 0.6752610847813793, -0.8925280864915622, 0.5089835694456603]",28.40831529739797,0.591002320016512
"[0.4386709098677956, 0.6752575135851784, -0.8925266484922527, 0.5089872600286848]",28.408314886770246,0.5910651524979087
"[0.4386607115688665, 0.6752539431728846, -0.8925252107835565, 0.5089909498336213]",28.40831448400003,0.5911279849793053
"[0.43865051339942523, 0.6752503731554961, -0.892523773208859, 0.5089946392624667]",28.408314083805763,0.5911908174607018
"[0.4386403165353511, 0.6752468039445501, -0.8925223359339018, 0.5089983278899042]",28.40831369478228,0.5912536499420985
"[0.43863011968278487, 0.6752432350870669, -0.8925208987762996, 0.509002016184056]",28.408313303290303,0.5913164824234951
"[0.4386199233636715, 0.6752396667656748, -0.8925194618096167, 0.5090057039561725]",28.408312916382872,0.5913793149048917
"[0.4386097281839432, 0.6752360991923185, -0.8925180251192276, 0.5090093909871992]",28.40831254026766,0.5914421473862883
"[0.43859953265533086, 0.6752325318461493, -0.8925165884954045, 0.5090130778154146]",28.408312163235415,0.5915049798676849
"[0.4385893384938531, 0.6752289653275149, -0.8925151521799389, 0.5090167638203513]",28.40831179412063,0.5915678123490815
"[0.43857914456777297, 0.6752253992403635, -0.8925137160133568, 0.5090204494113144]",28.408311429574646,0.5916306448304782
"[0.4385689513440594, 0.6752218337479805, -0.8925122800614401, 0.5090241344195366]",28.4083110701733,0.5916934773118747
"[0.4385587580420227, 0.6752182685772361, -0.8925108442142101, 0.5090278191272921]",28.408310711484393,0.5917563097932713
"[0.4385485663171835, 0.6752147043070678, -0.8925094087048504, 0.509031502936218]",28.408310362526475,0.591819142274668
"[0.43853837412846974, 0.6752111402235571, -0.8925079732458661, 0.5090351865841656]",28.408310014816074,0.5918819747560646
"[0.438528183050145, 0.6752075768771915, -0.8925065380589733, 0.5090388695021683]",28.40830966993099,0.5919448072374611
"[0.4385179915816965, 0.6752040137432078, -0.8925051029328565, 0.5090425522325892]",28.408309329883327,0.5920076397188578
"[0.43850780223228825, 0.6752004516987843, -0.8925036682208268, 0.5090462338687914]",28.40830899977443,0.5920704722002544
"[0.4384976124206879, 0.6751968898414435, -0.8925022335594152, 0.5090499153435374]",28.408308669287997,0.592133304681651
"[0.4384874239940847, 0.6751933288167903, -0.8925007992086891, 0.5090535959895306]",28.408308350760514,0.5921961371630476
"[0.43847723557684226, 0.6751897681439359, -0.8924993649749683, 0.5090572763037995]",28.408308032478693,0.5922589696444442
"[0.43846704702284006, 0.6751862077717934, -0.8924979308376955, 0.509060956339141]",28.408307714677807,0.5923218021258408
"[0.4384568596582316, 0.6751826481637088, -0.8924964969835314, 0.5090646356166247]",28.408307405905326,0.5923846346072374
"[0.43844667348614913, 0.6751790893206339, -0.8924950634128861, 0.5090683141352481]",28.40830710422256,0.592447467088634
"[0.43843648716972766, 0.675175530775417, -0.8924936299376048, 0.5090719923778607]",28.408306804952755,0.5925102995700307
"[0.4384263015790591, 0.6751719728319648, -0.8924921966801325, 0.5090756700303237]",28.408306509392162,0.5925731320514274
"[0.4384161161530982, 0.675168415294237, -0.8924907635615157, 0.509079347295262]",28.408306216116234,0.592635964532824
"[0.4384059318087884, 0.6751648584824133, -0.8924893307107599, 0.5090830238417071]",28.40830593175252,0.5926987970142205
"[0.438395748612128, 0.6751613024194086, -0.8924878981371223, 0.5090866996459558]",28.408305654423607,0.5927616294956172
"[0.4383855649189736, 0.6751577465310077, -0.8924864656093029, 0.509090375301549]",28.408305379054216,0.5928244619770138
"[0.43837538178062635, 0.6751541911842819, -0.8924850332751963, 0.5090940504290431]",28.408305103492403,0.5928872944584103
"[0.43836519967665766, 0.6751506365465657, -0.8924836012022397, 0.509097724855453]",28.40830484226841,0.592950126939807
"[0.4383550180863539, 0.6751470824359713, -0.8924821693171806, 0.5091013987687812]",28.408304578972015,0.5930129594212036
"[0.4383448370868065, 0.6751435288793298, -0.8924807376308515, 0.5091050721412801]",28.408304323460733,0.5930757919026002
"[0.43833465566057767, 0.6751399755214872, -0.8924793060001838, 0.5091087453400707]",28.408304063928586,0.5931386243839968
"[0.43832447595308277, 0.6751364231111133, -0.8924778747268363, 0.5091124175912203]",28.40830381955281,0.5932014568653934
"[0.4383142963869415, 0.6751328710976421, -0.8924764435890061, 0.5091160894638525]",28.408303576091168,0.59326428934679
"[0.4383041175834076, 0.6751293196977529, -0.8924750126740301, 0.5091197607339663]",28.40830333983645,0.5933271218281866
"[0.4382939389500057, 0.6751257687046902, -0.8924735818986117, 0.5091234316152828]",28.408303102704412,0.5933899543095832
"[0.4382837610898919, 0.6751222183287958, -0.8924721513475293, 0.5091271018903484]",28.408302874392955,0.5934527867909798
"[0.4382735841391414, 0.6751186686174283, -0.8924707210398896, 0.5091307715101895]",28.408302652164547,0.5935156192723764
"[0.4382634076161179, 0.6751151194025029, -0.8924692909079883, 0.5091344406485564]",28.40830243722286,0.5935784517537731
"[0.43825323126666704, 0.6751115705953299, -0.892467860916108, 0.5091381093971248]",28.408302218128163,0.5936412842351696
"[0.43824305506905015, 0.6751080221882946, -0.8924664310611986, 0.5091417777637581]",28.4083020043913,0.5937041167165663
"[0.43823288071834154, 0.6751044747723056, -0.8924650015814095, 0.509145445137557]",28.408301800055085,0.5937669491979629
"[0.43822270591055273, 0.6751009275439949, -0.8924635721530205, 0.5091491123490399]",28.408301597729913,0.5938297816793595
"[0.43821253192145143, 0.6750973809480767, -0.8924621429552635, 0.5091527789384426]",28.40830140551114,0.5938926141607561
"[0.43820235848273525, 0.6750938348909306, -0.8924607139504355, 0.5091564450025396]",28.40830121517448,0.5939554466421527
"[0.43819218585021125, 0.6750902894616284, -0.8924592851744546, 0.5091601104492309]",28.40830102817897,0.5940182791235493
"[0.4381820132670226, 0.6750867443963207, -0.8924578565210127, 0.5091637755512874]",28.408300842108872,0.5940811116049459
"[0.4381718417643667, 0.6750832000542937, -0.8924564281349238, 0.5091674399372447]",28.40830066770731,0.5941439440863425
"[0.43816167090461067, 0.6750796562829341, -0.892454999954711, 0.50917110376487]",28.408300496153387,0.5942067765677391
"[0.43815149971551376, 0.6750761127434587, -0.8924535718438575, 0.5091747673844152]",28.40830032730882,0.5942696090491357
"[0.43814132949403134, 0.6750725698876555, -0.892452143984465, 0.5091784303287729]",28.408300162265576,0.5943324415305324
"[0.43813116052284273, 0.6750690278138639, -0.892450716416192, 0.5091820924962529]",28.408300006027694,0.5943952740119289
"[0.43812099111053554, 0.6750654859328631, -0.8924492889015859, 0.5091857544960428]",28.408299850185916,0.5944581064933255
"[0.438110823300757, 0.6750619449563506, -0.8924478617275101, 0.509189415592296]",28.40829970414433,0.5945209389747222
"[0.43810065520285657, 0.6750584042258095, -0.8924464346285768, 0.5091930764658558]",28.408299559698655,0.5945837714561188
"[0.4380904876700454, 0.675054864038311, -0.8924450077245389, 0.5091967368095617]",28.408299419691062,0.5946466039375154
"[0.43808032086747295, 0.6750513244512663, -0.8924435810385621, 0.5092003965640418]",28.408299284517597,0.594709436418912
"[0.4380701542122914, 0.6750477852616921, -0.8924421544888503, 0.5092040559391586]",28.40829914930064,0.5947722689003087
"[0.43805998905829635, 0.6750442469407604, -0.8924407282653454, 0.5092077144477255]",28.408299027193422,0.5948351013817053
"[0.43804982394610203, 0.6750407089803827, -0.8924393021632709, 0.509211372615076]",28.408298905598073,0.5948979338631019
"[0.4380396589953909, 0.6750371714221822, -0.892437876199424, 0.5092150303981636]",28.40829878621961,0.5949607663444985
"[0.4380294955661045, 0.6750336347393326, -0.8924364505645618, 0.50921868730772]",28.40829867823058,0.5950235988258951
"[0.43801933201776305, 0.675030098360893, -0.8924350250285582, 0.5092223439340796]",28.40829857125156,0.5950864313072917
"[0.4380091692267488, 0.6750265625917131, -0.8924335997143327, 0.5092259999620194]",28.408298469706963,0.5951492637886883
"[0.43799900731367913, 0.6750230274736844, -0.8924321746387834, 0.5092296553482065]",28.408298373671254,0.5952120962700849
"[0.4379888450496723, 0.6750194925792415, -0.8924307496295768, 0.5092333105347439]",28.408298277786717,0.5952749287514816
"[0.4379786836524392, 0.6750159583319146, -0.8924293248574677, 0.5092369650836788]",28.408298189416165,0.5953377612328781
"[0.437968523311852, 0.67501242479763, -0.8924279003490556, 0.5092406189268252]",28.40829810659204,0.5954005937142747
"[0.43795836299399427, 0.675008891616716, -0.892426475959374, 0.5092442724360896]",28.40829802789751,0.5954634261956714
"[0.4379482033171282, 0.6750053590041334, -0.892425051775096, 0.509247925389179]",28.40829795368834,0.595526258677068
"[0.43793804451956203, 0.6750018270426394, -0.8924236278296116, 0.5092515777005039]",28.408297887876753,0.5955890911584645
"[0.4379278856649032, 0.6749982954066104, -0.8924222039916632, 0.5092552297067723]",28.408297814965028,0.5956519236398612
"[0.4379177277967631, 0.6749947644587803, -0.8924207804075144, 0.5092588810328754]",28.40829775676774,0.5957147561212578
"[0.43790756983538776, 0.674991233823743, -0.8924193569258365, 0.5092625320670077]",28.408297700725154,0.5957775886026544
"[0.43789741338699534, 0.6749877040596927, -0.8924179337717019, 0.5092661822319251]",28.408297650440048,0.595840421084051
"[0.43788725751517443, 0.6749841748410662, -0.8924165108138711, 0.5092698318642797]",28.40829760783159,0.5959032535654476
"[0.4378771015145773, 0.6749806459226814, -0.8924150879535193, 0.5092734812176106]",28.408297564886986,0.5959660860468442
"[0.4378669458808141, 0.6749771174767402, -0.8924136652600865, 0.5092771301138297]",28.40829752488854,0.5960289185282409
"[0.43785679190083, 0.6749735899502515, -0.892412242913835, 0.5092807780906524]",28.40829749468625,0.5960917510096374
"[0.43784663789716244, 0.6749700627603248, -0.8924108206797715, 0.5092844257508599]",28.408297470403998,0.596154583491034
"[0.4378364842642504, 0.6749665360439664, -0.8924093986131474, 0.5092880729527556]",28.40829744478163,0.5962174159724307
"[0.4378263312574038, 0.6749630098897754, -0.8924079767497127, 0.5092917196047023]",28.408297427557745,0.5962802484538273
"[0.43781617830063335, 0.6749594840976472, -0.8924065550088018, 0.5092953659136334]",28.408297408579806,0.5963430809352238
"[0.4378060269306187, 0.6749559592011147, -0.8924051336055814, 0.5092990113277647]",28.408297403340658,0.5964059134166205
"[0.4377958758456043, 0.6749524347480527, -0.8924037123577557, 0.509302656314663]",28.408297400899226,0.5964687458980171
"[0.43778572463853893, 0.6749489105971039, -0.8924022912083408, 0.509306301020513]",28.40829739638781,0.5965315783794136
"[0.4377755740822536, 0.674945387016517, -0.8924008702655319, 0.50930994516788]",28.40829740388779,0.5965944108608103
"[0.43776542509363225, 0.6749418643244379, -0.8923994496576528, 0.5093135884277147]",28.408297417132946,0.5966572433422069
"[0.4377552755014429, 0.6749383417671659, -0.8923980290807771, 0.509317231579503]",28.408297427275503,0.5967200758236035
"[0.43774512705002633, 0.6749348199500586, -0.8923966087790501, 0.5093208739971531]",28.408297448173666,0.5967829083050001
"[0.43773497883849505, 0.6749312985603604, -0.8923951886263771, 0.5093245160041177]",28.40829747099915,0.5968457407863967
"[0.4377248315804887, 0.6749277778456481, -0.8923937687226143, 0.5093281573443269]",28.408297497894853,0.5969085732677933
"[0.4377146841475046, 0.6749242574143026, -0.8923923489098469, 0.5093317984228066]",28.4082975314713,0.59697140574919
"[0.43770453838181267, 0.6749207379053618, -0.892390929445826, 0.5093354385786052]",28.408297572738746,0.5970342382305865
"[0.4376943927260866, 0.6749172187784859, -0.8923895101126512, 0.5093390783705696]",28.40829761739706,0.5970970707119831
"[0.43768424654471977, 0.6749136998132081, -0.8923880908214193, 0.5093427180267215]",28.40829765655459,0.5971599031933799
"[0.43767410203853724, 0.6749101817727524, -0.8923866718799818, 0.5093463567576476]",28.408297708144612,0.5972227356747765
"[0.43766395799097274, 0.6749066642350905, -0.8923852531181472, 0.5093499949998379]",28.408297766015767,0.597285568156173
"[0.4376538140429397, 0.6749031470756587, -0.8923838344856927, 0.509353632882121]",28.408297824858575,0.5973484006375697
"[0.43764367112066316, 0.6748996306155219, -0.8923824161121414, 0.5093572700723994]",28.408297891945,0.5974112331189663
"[0.43763352818767115, 0.6748961144952714, -0.8923809978525468, 0.50936090694241]",28.408297961010177,0.5974740656003629
"[0.43762338648404636, 0.6748925991447079, -0.8923795798802957, 0.5093645430475788]",28.408298034711976,0.5975368980817595
"[0.4376132452349707, 0.674889084295153, -0.892378162087036, 0.5093681786657994]",28.408298119101136,0.5975997305631561
"[0.437603103979149, 0.6748855697866842, -0.8923767444082786, 0.5093718139624799]",28.40829819996603,0.5976625630445527
"[0.43759296377093504, 0.6748820559846151, -0.8923753269914076, 0.5093754485597397]",28.408298289116313,0.5977253955259494
"[0.43758282399138265, 0.674878542674374, -0.892373909749889, 0.5093790826795133]",28.408298382084865,0.5977882280073459
"[0.43757268473994915, 0.6748750298903515, -0.8923724926976179, 0.5093827162862158]",28.40829848036162,0.5978510604887425
"[0.4375625460498304, 0.67487151764397, -0.8923710758392241, 0.5093863493680202]",28.40829858306258,0.5979138929701392
"[0.43755240732817635, 0.6748680057298067, -0.8923696590918592, 0.5093899821374074]",28.408298685283533,0.5979767254515358
"[0.43754227029652554, 0.6748644947440727, -0.8923682426960653, 0.5093936139776342]",28.40829880644333,0.5980395579329323
"[0.43753213295632254, 0.6748609839944718, -0.8923668263725808, 0.5093972456048133]",28.408298917513974,0.598102390414329
"[0.4375219963221106, 0.6748574738323174, -0.8923654102631534, 0.5094008766555271]",28.408299041126458,0.5981652228957256
"[0.4375118605382906, 0.6748539643075125, -0.8923639943879397, 0.5094045070781394]",28.408299165516116,0.5982280553771222
"[0.4375017251866715, 0.6748504552751715, -0.8923625786885102, 0.5094081370225145]",28.408299298575084,0.5982908878585188
"[0.4374915899344836, 0.6748469466200395, -0.8923611631183831, 0.5094117666078686]",28.40829943015174,0.5983537203399154
"[0.43748145521544834, 0.674843438492197, -0.8923597477381354, 0.5094153956789396]",28.408299572086808,0.598416552821312
"[0.4374713213016367, 0.6748399309857444, -0.8923583325857496, 0.509419024138369]",28.40829971231472,0.5984793853027086
"[0.4374611883014232, 0.674836424138079, -0.8923569176763398, 0.5094226519474552]",28.408299860171326,0.5985422177841052
"[0.4374510560210593, 0.6748329178820462, -0.8923555029828344, 0.5094262791756548]",28.40830001806441,0.5986050502655018
"[0.4374409233265024, 0.6748294118251676, -0.8923540883468989, 0.5094299062289794]",28.408300173657384,0.5986678827468984
"[0.43743079187897893, 0.6748259065421981, -0.8923526740004554, 0.5094335325128277]",28.40830033943127,0.598730715228295
"[0.4374206603660401, 0.6748224015789639, -0.8923512597602747, 0.5094371584970394]",28.408300504689425,0.5987935477096916
"[0.4374105294637574, 0.6748188971693087, -0.8923498457207293, 0.5094407839396868]",28.40830067237406,0.5988563801910883
"[0.4374004001289461, 0.6748153936440802, -0.8923484320153404, 0.509444408498478]",28.408300855510827,0.5989192126724849
"[0.4373902708299807, 0.6748118904733941, -0.8923470184303289, 0.5094480327215904]",28.408301035055,0.5989820451538814
"[0.43738014177875434, 0.6748083877305207, -0.8923456049952692, 0.5094516565332116]",28.408301223195217,0.5990448776352781
"[0.4373700138568135, 0.6748048857202126, -0.8923441918331609, 0.5094552796180434]",28.40830141537603,0.5991077101166747
"[0.437359885123252, 0.6748013837713148, -0.892342778673191, 0.509458902670435]",28.40830160562972,0.5991705425980713
"[0.4373497579796297, 0.674797882714063, -0.8923413658504209, 0.5094625248314312]",28.408301803491273,0.599233375079468
"[0.43733963158451483, 0.6747943822574581, -0.8923399532474336, 0.5094661464020777]",28.40830201064008,0.5992962075608645
"[0.43732950527906933, 0.6747908821736794, -0.8923385407723178, 0.509469767618067]",28.408302223543124,0.5993590400422611
"[0.4373193794198728, 0.6747873825859276, -0.8923371284748123, 0.5094733883519257]",28.40830243162629,0.5994218725236578
"[0.437309254377909, 0.6747838836223334, -0.8923357164066467, 0.5094770084710748]",28.408302649186506,0.5994847050050544
"[0.4372991302945093, 0.674780385331624, -0.8923343045875115, 0.5094806279250846]",28.40830287891024,0.599547537486451
"[0.43728900582140406, 0.6747768872478679, -0.8923328928293882, 0.5094842471960143]",28.408303103212027,0.5996103699678476
"[0.4372788819896796, 0.6747733897272776, -0.8923314812760564, 0.5094878659153032]",28.408303334062346,0.5996732024492443
"[0.43726875920663744, 0.6747698929104599, -0.8923300699842868, 0.5094914839374572]",28.408303568484023,0.5997360349306408
"[0.4372586370617359, 0.6747663966554931, -0.8923286588968223, 0.5094951014093025]",28.40830381196679,0.5997988674120375
"[0.4372485155402281, 0.6747629009571873, -0.8923272480115964, 0.5094987183361971]",28.408304060653606,0.5998616998934341
"[0.4372383942050066, 0.6747594056645254, -0.8923258372676734, 0.5095023348743833]",28.40830431384698,0.5999245323748307
"[0.43722827315436963, 0.6747559108114055, -0.8923244266787562, 0.5095059509887787]",28.408304565601888,0.5999873648562273
"[0.43721815289429916, 0.6747524165724701, -0.8923230163153557, 0.5095095664986694]",28.408304823249104,0.6000501973376239
"[0.43720803294701066, 0.6747489227826761, -0.8923216061108777, 0.5095131815748146]",28.40830508931814,0.6001130298190205
"[0.4371979140566225, 0.6747454296988309, -0.8923201961690009, 0.5095167959514785]",28.40830535795132,0.6001758623004171
"[0.43718779509073, 0.6747419369299541, -0.8923187863319316, 0.5095204100332059]",28.408305629140894,0.6002386947818137
"[0.4371776767480451, 0.6747384447171662, -0.8923173766970185, 0.5095240235704931]",28.408305906129357,0.6003015272632103
"[0.43716756000417006, 0.6747349533970683, -0.8923159674001488, 0.5095276362150261]",28.408306193427645,0.6003643597446069
"[0.4371574429960363, 0.6747314623265791, -0.8923145581817775, 0.5095312486322234]",28.40830648140787,0.6004271922260035
"[0.43714732701588604, 0.6747279719515916, -0.8923131492219001, 0.5095348603606806]",28.408306777996565,0.6004900247074001
"[0.4371372105727242, 0.674724481757596, -0.8923117403128498, 0.5095384719327866]",28.40830706807589,0.6005528571887967
"[0.43712709523389226, 0.6747209922852802, -0.892310331672907, 0.5095420827890406]",28.408307371749213,0.6006156896701934
"[0.43711698032205, 0.6747175033008724, -0.8923089232077308, 0.509545693171332]",28.408307676293735,0.6006785221515899
"[0.4371068663368797, 0.6747140149766441, -0.8923075149868858, 0.5095493029013833]",28.408307986623235,0.6007413546329865
"[0.43709675194153663, 0.6747105268514753, -0.8923061068242377, 0.5095529124563525]",28.408308298012365,0.6008041871143832
"[0.4370866388705797, 0.6747070395234881, -0.8923046989612715, 0.5095565212172842]",28.408308619040728,0.6008670195957798
"[0.4370765262169491, 0.6747035526797881, -0.8923032912716928, 0.5095601295079543]",28.408308941981424,0.6009298520771764
"[0.437066414221127, 0.6747000664032166, -0.8923018837889681, 0.5095637372426239]",28.408309273085553,0.600992684558573
"[0.43705630255136013, 0.6746965805793269, -0.8923004764669138, 0.5095673445397153]",28.408309607507668,0.6010555170399696
"[0.4370461912983458, 0.6746930952393264, -0.8922990693181498, 0.5095709513669234]",28.408309941189337,0.6011183495213662
"[0.43703608154905943, 0.6746896107577763, -0.892297662493923, 0.5095745573366155]",28.408310289236464,0.6011811820027628
"[0.43702597121121, 0.6746861264134761, -0.8922962557030742, 0.5095781631951254]",28.408310634071903,0.6012440144841594
"[0.4370158619159756, 0.6746826427685095, -0.8922948491725731, 0.5095817683607595]",28.40831098360497,0.601306846965556
"[0.437005753186632, 0.6746791596585276, -0.892293442836074, 0.5095853730035841]",28.408311345623968,0.6013696794469527
"[0.4369956447983037, 0.6746756770059654, -0.8922920366622863, 0.5095889772038601]",28.40831170709244,0.6014325119283492
"[0.43698553686540065, 0.6746721948501812, -0.8922906306671213, 0.5095925809208448]",28.408312070320637,0.6014953444097458
"[0.43697542945480766, 0.6746687132141456, -0.8922892248598745, 0.5095961841307549]",28.40831243798115,0.6015581768911425
"[0.43696532355490075, 0.6746652324381945, -0.8922878193779913, 0.5095997864813533]",28.40831281974504,0.6016210093725392
"[0.43695521670114595, 0.6746617516734198, -0.8922864138787157, 0.5096033888511897]",28.40831319588071,0.6016838418539356
"[0.43694511066328384, 0.6746582715292981, -0.8922850086081661, 0.5096069906094877]",28.40831357345467,0.6017466743353324
"[0.4369350057972078, 0.6746547921282651, -0.892283603615806, 0.5096105916295179]",28.408313963128432,0.601809506816729
"[0.43692490148619345, 0.6746513132578572, -0.8922821988158653, 0.5096141921311549]",28.408314360344853,0.6018723392981256
"[0.43691479742639044, 0.6746478348134112, -0.8922807941660954, 0.50961779222271]",28.40831475940646,0.6019351717795222
"[0.4369046938806451, 0.67464435688531, -0.8922793897030333, 0.5096213918106313]",28.408315160302383,0.6019980042609188
"[0.43689459094194, 0.6746408795055326, -0.892277985439594, 0.509624990861807]",28.408315564793472,0.6020608367423154
"[0.43688448768255556, 0.6746374023547034, -0.8922765812468336, 0.5096285897067804]",28.408315970026464,0.602123669223712
"[0.43687438655381255, 0.6746339262763678, -0.8922751774654244, 0.5096321874724676]",28.40831638733974,0.6021865017051086
"[0.43686428512814485, 0.6746304504350165, -0.8922737737579799, 0.5096357850236121]",28.408316808946495,0.6022493341865052
"[0.43685418466286696, 0.6746269752632291, -0.892272370299216, 0.5096393819124766]",28.40831723821049,0.6023121666679019
"[0.43684408433297495, 0.674623500477083, -0.892270966974489, 0.5096429784329161]",28.408317668582942,0.6023749991492984
"[0.43683398446210164, 0.674620026187851, -0.892269563828763, 0.5096465744697507]",28.408318103655148,0.602437831630695
"[0.4368238851348391, 0.674616552424575, -0.8922681608737828, 0.5096501699929087]",28.40831854001005,0.6025006641120917
"[0.4368137867474737, 0.6746130793234648, -0.8922667581645826, 0.5096537648613917]",28.408318985207384,0.6025634965934883
"[0.43680368876633563, 0.6746096067008797, -0.8922653556270196, 0.5096573592652673]",28.40831943203266,0.6026263290748848
"[0.43679359165952797, 0.6746061347177166, -0.8922639533260974, 0.5096609530379828]",28.40831988937473,0.6026891615562815
"[0.436783494074348, 0.6746026629087911, -0.8922625510739536, 0.5096645466610312]",28.40832034158299,0.6027519940376781
"[0.43677339759666217, 0.6745991918193189, -0.8922611490908162, 0.5096681395700574]",28.40832080197242,0.6028148265190747
"[0.4367633018638827, 0.6745957213245284, -0.8922597473263139, 0.5096717318941968]",28.408321267708313,0.6028776590004713
"[0.4367532061929572, 0.6745922511895491, -0.8922583456856036, 0.5096753238765542]",28.408321742014472,0.6029404914818679
"[0.43674311183311976, 0.6745887818437007, -0.892256944342108, 0.5096789150727211]",28.408322221601807,0.6030033239632645
"[0.43673301663183683, 0.6745853125470899, -0.8922555429970055, 0.5096825062485706]",28.40832269669562,0.6030661564446612
"[0.43672292282160025, 0.67458184406692, -0.892254141960194, 0.5096860966099355]",28.40832317739553,0.6031289889260577
"[0.43671283008653045, 0.6745783762944911, -0.892252741187797, 0.5096896862693178]",28.40832367124676,0.6031918214074543
"[0.43670273698934814, 0.6745749087359089, -0.8922513404803307, 0.5096932757379612]",28.40832416267423,0.603254653888851
"[0.43669264524643997, 0.6745714419807792, -0.8922499400759858, 0.50969686440552]",28.408324665118148,0.6033174863702476
"[0.4366825533312289, 0.6745679755046068, -0.8922485397629125, 0.5097004528149215]",28.408325162804793,0.6033803188516441
"[0.4366724621041727, 0.6745645096029084, -0.8922471396605044, 0.5097040406602444]",28.40832567260067,0.6034431513330408
"[0.43666237133584673, 0.6745610441967965, -0.8922457397369209, 0.5097076280231401]",28.408326181924558,0.6035059838144374
"[0.43665228140167434, 0.6745575794151153, -0.8922443400442323, 0.5097112147702177]",28.40832669899646,0.603568816295834
"[0.4366421918791355, 0.6745541151127121, -0.8922429405238131, 0.5097148010517256]",28.408327218100577,0.6036316487772306
"[0.43663210292635035, 0.674550651343773, -0.8922415411975904, 0.5097183868115606]",28.408327745793784,0.6036944812586272
"[0.4366220141213751, 0.674547187963407, -0.8922401420070368, 0.509721972199705]",28.408328273016163,0.6037573137400238
"[0.43661192663199483, 0.6745437253723999, -0.8922387431140945, 0.5097255568012404]",28.408328809579192,0.6038201462214204
"[0.4366018398632295, 0.6745402633663945, -0.8922373444362279, 0.5097291408277091]",28.408329352650565,0.603882978702817
"[0.43659175309298864, 0.6745368016974981, -0.8922359458733062, 0.5097327245357312]",28.408329897678538,0.6039458111842136
"[0.4365816665639091, 0.6745333404489481, -0.8922345474589772, 0.5097363078391267]",28.40833044678322,0.6040086436656104
"[0.43657158072042, 0.674529879773189, -0.8922331492548498, 0.5097398905800637]",28.408330996762917,0.6040714761470068
"[0.4365614951795269, 0.6745264195387237, -0.8922317512078228, 0.5097434728946671]",28.40833155155535,0.6041343086284034
"[0.4365514105593136, 0.6745229599575396, -0.8922303534035619, 0.5097470545634577]",28.408332115255472,0.6041971411098002
"[0.43654132620606284, 0.6745195008052915, -0.8922289557514467, 0.5097506358186846]",28.408332679462667,0.6042599735911968
"[0.4365312428265807, 0.6745160423243444, -0.8922275583494256, 0.5097542164094168]",28.40833325288808,0.6043228060725933
"[0.43652115967108523, 0.6745125842574521, -0.8922261610935789, 0.5097577966019693]",28.408333829295948,0.60438563855399
"[0.436511077382054, 0.6745091268248791, -0.8922247640729278, 0.5097613761682876]",28.408334412553458,0.6044484710353866
"[0.4365009953208133, 0.6745056698075348, -0.8922233671989669, 0.5097649553351898]",28.40833499477538,0.6045113035167832
"[0.4364909130716398, 0.6745022130628496, -0.8922219704141063, 0.5097685342502759]",28.408335580023405,0.6045741359981798
"[0.43648083283491607, 0.6744987573451228, -0.8922205740231631, 0.5097721121325726]",28.408336177358727,0.6046369684795764
"[0.43647075250511186, 0.674495301932415, -0.8922191777344392, 0.5097756897295254]",28.40833677799664,0.604699800960973
"[0.43646067220854734, 0.6744918468680119, -0.8922177815654427, 0.5097792669963113]",28.408337373799668,0.6047626334423696
"[0.43645059333869346, 0.6744883926294343, -0.8922163857091603, 0.5097828434385067]",28.408337987434205,0.6048254659237662
"[0.4364405133851137, 0.6744849383562682, -0.8922149898179167, 0.5097864199469564]",28.408338594350315,0.6048882984051628
"[0.43643043602179216, 0.6744814853074436, -0.8922135944004754, 0.5097899952181681]",28.408339214391713,0.6049511308865595
"[0.43642035838752896, 0.6744780325024201, -0.8922121990606147, 0.5097935702673707]",28.40833983600881,0.6050139633679561
"[0.4364102806469748, 0.6744745799976113, -0.8922108038211474, 0.5097971450361486]",28.408340460476392,0.6050767958493526
"[0.4364002038155617, 0.6744711281408341, -0.8922094088226534, 0.5098007191643571]",28.408341090235904,0.6051396283307493
"[0.4363901282944176, 0.6744676770693487, -0.8922080141206351, 0.5098042925098574]",28.408341724927276,0.6052024608121459
"[0.43638005275575775, 0.6744642263282908, -0.8922066195312803, 0.5098078655436165]",28.408342367149956,0.6052652932935425
"[0.4363699770701788, 0.674460775873325, -0.8922052250366906, 0.5098114383115355]",28.40834300704786,0.6053281257749391
"[0.43635990270929126, 0.6744573262083297, -0.8922038308405291, 0.509815010291862]",28.408343655795203,0.6053909582563357
"[0.4363498285762773, 0.6744538769576304, -0.892202436790989, 0.509818581873577]",28.40834430696948,0.6054537907377323
"[0.43633975488462345, 0.6744504281942707, -0.8922010429176102, 0.5098221529810361]",28.408344962288982,0.6055166232191289
"[0.4363296819639588, 0.6744469800310211, -0.8921996492659913, 0.5098257234974564]",28.408345628013723,0.6055794557005255
"[0.4363196098984633, 0.6744435324965876, -0.8921982558477604, 0.5098292933930989]",28.408346294180333,0.6056422881819221
"[0.43630953772969383, 0.6744400852628563, -0.8921968625303186, 0.509832863007713]",28.408346964987548,0.6057051206633187
"[0.43629946699039773, 0.6744366388543261, -0.8921954695256824, 0.5098364317981661]",28.40834764280707,0.6057679531447153
"[0.43628939598957517, 0.6744331926922248, -0.8921940765999384, 0.5098400003637713]",28.408348323318915,0.6058307856261119
"[0.43627932523410173, 0.6744297469499747, -0.892192683823203, 0.5098435685249391]",28.408349004462345,0.6058936181075085
"[0.4362692557571561, 0.6744263019809879, -0.8921912913383466, 0.509847135915688]",28.40834969679664,0.6059564505889052
"[0.43625918638615346, 0.6744228573840088, -0.8921898989832008, 0.5098507029515192]",28.408350390227444,0.6060192830703017
"[0.4362491180605352, 0.6744194134803255, -0.8921885068876579, 0.5098542692997131]",28.408351089286366,0.6060821155516984
"[0.4362390493899964, 0.6744159697943336, -0.8921871148594845, 0.509857835452773]",28.408351786606303,0.606144948033095
"[0.4362289818837313, 0.6744125268421298, -0.892185723107327, 0.509861400876239]",28.408352496643936,0.6062077805144916
"[0.4362189145486582, 0.674409084284019, -0.8921843314938869, 0.5098649659218755]",28.40835320708198,0.6062706129958882
"[0.4362088481667587, 0.6744056423873213, -0.8921829401272474, 0.5098685303128397]",28.408353928338144,0.6063334454772848
"[0.4361987822958563, 0.674402201000754, -0.8921815489462755, 0.5098720942057846]",28.408354648227785,0.6063962779586815
"[0.4361887166014374, 0.6743987600098963, -0.8921801579047364, 0.5098756577191945]",28.408355368472424,0.606459110440078
"[0.43617865186035076, 0.6743953196802384, -0.8921787671099773, 0.5098792205781137]",28.408356103459813,0.6065219429214747
"[0.4361685875673184, 0.6743918798389781, -0.8921773764921623, 0.509882782961486]",28.408356835398767,0.6065847754028713
"[0.436158523441983, 0.674388440390234, -0.8921759860125517, 0.5098863449685987]",28.40835757401993,0.6066476078842679
"[0.4361484598207955, 0.6743850014489472, -0.8921745957176277, 0.5098899064804053]",28.408358315953723,0.6067104403656646
"[0.4361383967493779, 0.6743815630306281, -0.8921732056136852, 0.5098934674808305]",28.408359064641612,0.6067732728470611
"[0.43612833500445897, 0.6743781254005428, -0.8921718158079973, 0.5098970276951372]",28.408359820457008,0.6068361053284577
"[0.436118272496711, 0.6743746878448426, -0.892170426011969, 0.5099005878626188]",28.408360572404014,0.6068989378098544
"[0.436108211813083, 0.6743712512471972, -0.8921690365828924, 0.5099041470680755]",28.408361338894252,0.606961770291251
"[0.4360981511178838, 0.6743678149804485, -0.8921676472672271, 0.5099077059610254]",28.408362105396574,0.6070246027726475
"[0.4360880906012578, 0.6743643791095113, -0.8921662580912368, 0.5099112644742301]",28.408362870990405,0.6070874352540442
"[0.43607803127961586, 0.6743609439814187, -0.8921648691952558, 0.5099148222482561]",28.40836365073986,0.6071502677354408
"[0.436067971567765, 0.6743575090547993, -0.892163480360411, 0.5099183798437921]",28.40836442621815,0.6072131002168374
"[0.4360579132294749, 0.6743540749318009, -0.8921620918301991, 0.5099219366371768]",28.408365210461373,0.607275932698234
"[0.43604785440567667, 0.6743506409776606, -0.8921607033479745, 0.5099254932858355]",28.40836599368788,0.6073387651796306
"[0.43603779772449064, 0.6743472080894741, -0.892159315276493, 0.5099290488606051]",28.40836679368974,0.6074015976610272
"[0.4360277404278111, 0.6743437753256535, -0.8921579272350512, 0.5099326043367111]",28.408367591972283,0.6074644301424239
"[0.4360176837238791, 0.6743403430985739, -0.8921565393904124, 0.5099361592870301]",28.408368391220794,0.6075272626238204
"[0.43600762747749544, 0.6743369113620253, -0.892155151723909, 0.5099397137594134]",28.40836919559296,0.607590095105217
"[0.43599757260712224, 0.6743334804293216, -0.892153764362259, 0.5099432674293262]",28.408370009231408,0.6076529275866137
"[0.43598751831480365, 0.6743300500280776, -0.8921523771953366, 0.5099468205788811]",28.408370834646863,0.6077157600680102
"[0.435977463514177, 0.6743266197875812, -0.8921509900732663, 0.5099503735920505]",28.40837164700397,0.6077785925494068
"[0.4359674089342216, 0.6743231899565545, -0.8921496030966304, 0.5099539262112025]",28.408372468484703,0.6078414250308035
"[0.435957355717405, 0.6743197609246071, -0.8921482164230077, 0.5099574780327664]",28.408373296908085,0.6079042575122001
"[0.43594730289051786, 0.6743163323596805, -0.8921468299181398, 0.5099610294006762]",28.408374130510683,0.6079670899935966
"[0.435937250412277, 0.6743129042476362, -0.8921454435763294, 0.5099645803295669]",28.40837496777731,0.6080299224749933
"[0.4359271987525972, 0.6743094767486482, -0.8921440574623712, 0.5099681306535145]",28.40837580929526,0.6080927549563899
"[0.4359171477253939, 0.6743060497991701, -0.8921426715505894, 0.5099716804383287]",28.408376656805853,0.6081555874377865
"[0.4359070966157006, 0.6743026231553821, -0.8921412857423984, 0.5099752299365594]",28.408377509067066,0.6082184199191831
"[0.43589704692625103, 0.6742991973295119, -0.8921399002449757, 0.5099787786176012]",28.408378368047472,0.6082812524005797
"[0.4358869973722288, 0.6742957718834853, -0.892138514881173, 0.5099823269352247]",28.408379230604435,0.6083440848819763
"[0.43587694768729635, 0.6742923467264909, -0.892137129614284, 0.509985874983492]",28.408380091893687,0.608406917363373
"[0.43586689943256157, 0.6742889223905081, -0.8921357446594813, 0.5099894222113245]",28.40838095957457,0.6084697498447695
"[0.43585685130124585, 0.6742854984301048, -0.892134359836634, 0.5099929690801253]",28.40838183668902,0.6085325823261661
"[0.4358468033698049, 0.6742820748712983, -0.8921329751562829, 0.5099965155629348]",28.408382709135267,0.6085954148075629
"[0.4358367566135815, 0.6742786520463117, -0.8921315907528223, 0.5100000613155894]",28.40838359424892,0.6086582472889595
"[0.43582671065269957, 0.6742752298256164, -0.892130206573883, 0.510003606472253]",28.40838448654346,0.6087210797703559
"[0.43581666448041356, 0.674271807866204, -0.8921288224807501, 0.5100071513882468]",28.408385381413854,0.6087839122517527
"[0.435806619172944, 0.6742683865346084, -0.8921274386216955, 0.5100106956838566]",28.40838627436614,0.6088467447331493
"[0.43579657421893647, 0.6742649656565869, -0.8921260549262626, 0.5100142395395756]",28.408387174704103,0.6089095772145459
"[0.43578652999828843, 0.6742615453614368, -0.8921246714467732, 0.5100177828214467]",28.40838808169114,0.6089724096959425
"[0.4357764859107887, 0.6742581254447153, -0.8921232881005484, 0.510021325741253]",28.408388990105333,0.6090352421773391
"[0.4357664420799085, 0.6742547059484432, -0.892121904904597, 0.5100248682554526]",28.408389900745,0.6090980746587357
"[0.43575639976398467, 0.6742512873008487, -0.8921205220321906, 0.5100284099204009]",28.408390824017783,0.6091609071401324
"[0.43574635746668455, 0.6742478689925161, -0.8921191392772599, 0.5100319512638269]",28.408391748692924,0.6092237396215289
"[0.43573631530419266, 0.6742444510629505, -0.8921177566558101, 0.5100354922447975]",28.40839267380125,0.6092865721029255
"[0.4357262738011225, 0.6742410336906426, -0.8921163742400651, 0.5100390326783852]",28.408393602539004,0.6093494045843222
"[0.43571623358124817, 0.6742376170877616, -0.8921149921158769, 0.5100425723447654]",28.408394544024816,0.6094122370657187
"[0.4357061938053081, 0.6742342009686082, -0.8921136101676927, 0.5100461115399132]",28.4083954866999,0.6094750695471153
"[0.4356961542284547, 0.6742307852498179, -0.8921122283618088, 0.5100496503501871]",28.40839643539878,0.609537902028512
"[0.4356861147868364, 0.674227369909629, -0.8921108466894395, 0.5100531887981248]",28.408397381940922,0.6096007345099086
"[0.4356760754578181, 0.6742239549403091, -0.8921094651474749, 0.5100567268917293]",28.40839833045354,0.6096635669913051
"[0.4356660378196705, 0.6742205408786113, -0.8921080839530839, 0.5100602640748805]",28.408399293666967,0.6097263994727018
"[0.43565600004266125, 0.6742171271020978, -0.892106702854475, 0.5100638009924491]",28.40840025822086,0.6097892319540984
"[0.4356459630450471, 0.6742137139230094, -0.8921053219779889, 0.5100673373209222]",28.408401225640468,0.609852064435495
"[0.43563592691341513, 0.6742103013706882, -0.8921039413355203, 0.5100708730298842]",28.408402199979434,0.6099148969168916
"[0.4356258908112944, 0.6742068891606467, -0.8921025608119907, 0.510074408414079]",28.40840317810393,0.6099777293982882
"[0.4356158548239524, 0.6742034773218487, -0.8921011804191363, 0.51007794344349]",28.408404153542612,0.6100405618796848
"[0.435605820308656, 0.67420006631561, -0.8920998003436237, 0.5100814776401308]",28.40840514164365,0.6101033943610815
"[0.43559578580937963, 0.6741966556468957, -0.8920984203851844, 0.5100850115169009]",28.408406129971542,0.610166226842478
"[0.43558575186793885, 0.6741932454998221, -0.8920970406183295, 0.5100885448830237]",28.408407126394728,0.6102290593238746
"[0.43557571876042345, 0.6741898359681099, -0.8920956610810092, 0.51009207764138]",28.408408130274168,0.6102918918052713
"[0.4355656856609599, 0.6741864267710651, -0.8920942816596614, 0.5100956100827967]",28.408409133526316,0.6103547242866679
"[0.4355556540174904, 0.6741830184005901, -0.8920929025533443, 0.5100991416975761]",28.408410144148764,0.6104175567680644
"[0.4355456215620093, 0.6741796100860512, -0.89209152345026, 0.510102673284208]",28.408411153403332,0.6104803892494611
"[0.43553559050071233, 0.6741762025769057, -0.8920901446536805, 0.510106204066119]",28.408412170074985,0.6105432217308577
"[0.43552555965286954, 0.6741727954719662, -0.8920887660012928, 0.5101097344589959]",28.40841319270948,0.6106060542122543
"[0.4355155296719495, 0.6741693889931157, -0.892087387582901, 0.5101132642329159]",28.408414220889696,0.6106688866936509
"[0.43550549977332725, 0.6741659828738102, -0.8920860092906672, 0.5101167936640583]",28.408415252805227,0.6107317191750475
"[0.43549547011644163, 0.6741625771681462, -0.8920846311465047, 0.5101203226963612]",28.408416280613302,0.6107945516564441
"[0.43548544211764445, 0.6741591723569619, -0.8920832533450064, 0.5101238508315583]",28.40841732585324,0.6108573841378407
"[0.435475413835902, 0.674155767781134, -0.8920818756194687, 0.5101273787526333]",28.40841836836198,0.6109202166192373
"[0.435465386523908, 0.6741523638658666, -0.8920804981419898, 0.5101309060189686]",28.408419421900238,0.610983049100634
"[0.4354553590712896, 0.6741489602341928, -0.8920791207600284, 0.5101344330211807]",28.408420467814807,0.6110458815820305
"[0.435445332508315, 0.6741455572357531, -0.8920777436151003, 0.5101379593969453]",28.40842152954114,0.6111087140634273
"[0.43543530691940197, 0.6741421548990846, -0.8920763667187774, 0.5101414851166752]",28.408422592521884,0.6111715465448238
"[0.43542528087774157, 0.6741387527399334, -0.8920749898751043, 0.5101450106821773]",28.408423655160956,0.6112343790262205
"[0.4354152556783713, 0.6741353511977031, -0.8920736132619267, 0.5101485356381006]",28.408424726016364,0.6112972115076171
"[0.4354052315376857, 0.6741319503457067, -0.8920722369089356, 0.5101520599084566]",28.408425803361546,0.6113600439890136
"[0.4353952073785141, 0.6741285498184232, -0.8920708606682224, 0.5101555838720203]",28.40842688205434,0.6114228764704103
"[0.43538518380774016, 0.6741251498216788, -0.8920694846231072, 0.5101591073154841]",28.408427963532876,0.6114857089518069
"[0.4353751613524813, 0.6741217505341702, -0.892068108845932, 0.5101626300536499]",28.4084290553713,0.6115485414332035
"[0.43536513896348067, 0.6741183515999436, -0.8920667331926561, 0.510166152455385]",28.408430148273354,0.6116113739146001
"[0.4353551169176915, 0.6741149531128675, -0.8920653577012948, 0.5101696744234043]",28.408431247965286,0.6116742063959967
"[0.4353450960087225, 0.6741115553419833, -0.8920639824807518, 0.5101731956788769]",28.408432352376334,0.6117370388773933
"[0.4353350744435477, 0.6741081576792815, -0.8920626072849621, 0.5101767168518994]",28.408433452578485,0.6117998713587899
"[0.4353250545375103, 0.6741047609096732, -0.8920612324316375, 0.5101802371290172]",28.40843456651455,0.6118627038401865
"[0.4353150344342939, 0.6741013644037718, -0.8920598576660523, 0.5101837571624888]",28.408435677245034,0.6119255363215831
"[0.43530501517886827, 0.6740979685157386, -0.8920584831315752, 0.510187276585262]",28.408436800718384,0.6119883688029797
"[0.43529499652864745, 0.6740945731632555, -0.8920571087949106, 0.5101907954826369]",28.40843792397346,0.6120512012843764
"[0.43528497843294983, 0.6740911783290746, -0.8920557346490947, 0.5101943138724763]",28.408439055485516,0.6121140337657729
"[0.43527496074730726, 0.674087783964172, -0.892054360674304, 0.5101978318055775]",28.40844018725671,0.6121768662471695
"[0.4352649433272264, 0.6740843900195216, -0.8920529868507182, 0.510201349332742]",28.408441319769413,0.6122396987285662
"[0.4352549271056599, 0.6740809968111426, -0.8920516133062691, 0.5102048661264295]",28.408442470296787,0.6123025312099628
"[0.43524491052263053, 0.6740776038104722, -0.8920502398270296, 0.510208382734444]",28.408443613143053,0.6123653636913594
"[0.43523489553469225, 0.6740742116802013, -0.8920488666812699, 0.5102118984699402]",28.40844476691151,0.612428196172756
"[0.4352248797516455, 0.6740708196106938, -0.8920474935412683, 0.5102154141720466]",28.408445915465215,0.6124910286541526
"[0.435214864934216, 0.6740674281982366, -0.8920461206484223, 0.5102189292227342]",28.40844707375398,0.6125538611355492
"[0.43520485139960136, 0.6740640375501094, -0.8920447480461852, 0.5102224435107965]",28.408448242491602,0.6126166936169458
"[0.4351948383273119, 0.6740606473883831, -0.8920433756220676, 0.5102259573242821]",28.408449415117776,0.6126795260983424
"[0.43518482470712927, 0.6740572573710076, -0.8920420032376166, 0.5102294710177115]",28.40845058951753,0.612742358579739
"[0.4351748127347347, 0.6740538682412359, -0.8920406311937445, 0.5102329838207037]",28.40845176751108,0.6128051910611357
"[0.43516479998612384, 0.674050479178461, -0.8920392591582592, 0.5102364965838]",28.408452943344464,0.6128680235425322
"[0.435154788743574, 0.6740470909551194, -0.8920378874438942, 0.5102400085063601]",28.40845413252009,0.6129308560239288
"[0.4351447776933922, 0.6740437031264987, -0.8920365158706316, 0.510243520049318]",28.408455322447377,0.6129936885053255
"[0.43513476802187445, 0.6740403160939538, -0.8920351446009821, 0.5102470307966488]",28.408456521991535,0.613056520986722
"[0.4351247576548228, 0.6740369291555721, -0.8920337733507903, 0.5102505414758929]",28.408457717830533,0.6131193534681186
"[0.4351147483213117, 0.6740335428963369, -0.8920324023569127, 0.5102540514806869]",28.408458923933754,0.6131821859495153
"[0.4351047396910146, 0.6740301572043894, -0.892031031574083, 0.510257560926963]",28.408460135828218,0.613245018430912
"[0.435094730972735, 0.6740267718120355, -0.8920296608939379, 0.5102610700921899]",28.408461342830954,0.6133078509123085
"[0.43508472346479893, 0.6740233871583509, -0.8920282904942707, 0.5102645785212281]",28.408462562141164,0.6133706833937052
"[0.4350747162107653, 0.6740200029197635, -0.892026920244093, 0.5102680865494685]",28.408463785612586,0.6134335158751018
"[0.43506470877702275, 0.6740166189496137, -0.8920255500840402, 0.5102715943289288]",28.40846500839383,0.6134963483564984
"[0.43505470265624807, 0.674013235752562, -0.8920241802184706, 0.5102751013364724]",28.40846623918378,0.613559180837895
"[0.43504469706654325, 0.6740098530641325, -0.8920228105403174, 0.5102786078462386]",28.40846747748582,0.6136220133192916
"[0.4350346915073815, 0.6740064707150577, -0.8920214409810622, 0.510282114033682]",28.408468715822714,0.6136848458006882
"[0.43502468694980945, 0.6740030890335282, -0.8920200716736129, 0.5102856195585851]",28.408469960130432,0.6137476782820849
"[0.43501468208728306, 0.6739997075778532, -0.8920187024391422, 0.5102891248788035]",28.408471203562133,0.6138105107634814
"[0.4350046790459994, 0.6739963270665574, -0.8920173335686177, 0.5102926292494792]",28.408472460217357,0.613873343244878
"[0.4349946752346885, 0.6739929466238523, -0.8920159647074272, 0.5102961335784776]",28.408473713803453,0.6139361757262747
"[0.434984673096947, 0.6739895670754024, -0.8920145961899306, 0.5102996370098651]",28.40847497885995,0.6139990082076713
"[0.4349746712756299, 0.6739861879625337, -0.8920132278304153, 0.5103031400191127]",28.40847624604609,0.6140618406890678
"[0.4349646692269728, 0.6739828091015105, -0.8920118595544957, 0.5103066427966862]",28.40847751594155,0.6141246731704645
"[0.43495466833571417, 0.6739794309600549, -0.8920104915515958, 0.5103101448576995]",28.408478790299913,0.6141875056518611
"[0.4349446675263844, 0.6739760531748114, -0.8920091236745927, 0.5103136465788244]",28.408480067204938,0.6142503381332577
"[0.43493466804362074, 0.6739726761660633, -0.8920077560937086, 0.5103171475243439]",28.408481358122977,0.6143131706146543
"[0.4349246682191395, 0.6739692993703371, -0.892006388580772, 0.5103206482784]",28.408482644573095,0.6143760030960509
"[0.4349146693745744, 0.6739659232338734, -0.8920050213165194, 0.5103241483783614]",28.408483936965872,0.6144388355774475
"[0.43490467008215966, 0.6739625472745413, -0.8920036541057141, 0.5103276483240528]",28.408485230128598,0.6145016680588442
"[0.4348946727860354, 0.6739591723174306, -0.8920022872825287, 0.5103311472600679]",28.40848653487821,0.6145645005402407
"[0.43488467504345163, 0.6739557975378064, -0.8920009205129742, 0.5103346460414252]",28.4084878364796,0.6146273330216373
"[0.43487467792268025, 0.6739524232962399, -0.8919995539430973, 0.5103381442942969]",28.408489150120943,0.614690165503034
"[0.4348646817589673, 0.6739490497057876, -0.8919981876187074, 0.5103416419014578]",28.408490463779863,0.6147529979844306
"[0.4348546854351814, 0.6739456763893638, -0.8919968213871038, 0.5103451392538455]",28.408491783617787,0.6148158304658271
"[0.4348446900650499, 0.6739423037227501, -0.8919954554005, 0.5103486359618503]",28.408493106620657,0.6148786629472238
"[0.4348346949462029, 0.6739389314688704, -0.8919940895628964, 0.510352132271256]",28.408494432870913,0.6149414954286204
"[0.4348247012196972, 0.6739355600126031, -0.8919927240301995, 0.5103556277830116]",28.408495769561224,0.6150043279100169
"[0.43481470727400595, 0.6739321888102107, -0.8919913585822012, 0.5103591230608494]",28.4084971045234,0.6150671603914136
"[0.4348047135505867, 0.6739288180105903, -0.8919899932792252, 0.5103626179503858]",28.40849844446233,0.6151299928728102
"[0.43479472122451196, 0.6739254480099776, -0.8919886282817867, 0.5103661120407852]",28.40849979290974,0.6151928253542068
"[0.43478472853022904, 0.6739220782128605, -0.8919872633486944, 0.510369605949475]",28.408501140983624,0.6152556578356034
"[0.4347747367852996, 0.6739187090635065, -0.8919858986599166, 0.5103730992158166]",28.40850249834213,0.615318490317
"[0.4347647454252303, 0.6739153403714807, -0.8919845341383412, 0.5103765920372477]",28.40850385202789,0.6153813227983966
"[0.4347547547987617, 0.6739119722542913, -0.8919831698315844, 0.5103800842919178]",28.40850521724198,0.6154441552797933
"[0.4347447644961552, 0.6739086045737328, -0.8919818056836836, 0.5103835761231162]",28.40850658632618,0.6155069877611898
"[0.43473477484606166, 0.6739052374405228, -0.8919804417395082, 0.5103870674160316]",28.408507962788395,0.6155698202425864
"[0.4347247851929635, 0.6739018706336634, -0.8919790779095533, 0.5103905583998009]",28.408509333822387,0.6156326527239832
"[0.43471479657037143, 0.6738985045014051, -0.8919777143349105, 0.5103940487133188]",28.408510714096025,0.6156954852053798
"[0.4347048084368771, 0.6738951388612006, -0.8919763509416526, 0.5103975385458533]",28.408512099259113,0.6157583176867762
"[0.43469482108507146, 0.6738917738115612, -0.8919749877697061, 0.5104010277952459]",28.408513493059083,0.615821150168173
"[0.4346848334271629, 0.6738884089859277, -0.8919736246705996, 0.5104045168415757]",28.408514882717906,0.6158839826495696
"[0.43467484690911234, 0.6738850448713879, -0.89197226184167, 0.5104080051797629]",28.40851628191235,0.6159468151309662
"[0.4346648606218136, 0.6738816811616005, -0.8919708991588393, 0.5104114931274479]",28.40851768531291,0.6160096476123628
"[0.4346548748792744, 0.6738783179622821, -0.8919695366649518, 0.5104149805749993]",28.408519091693964,0.6160724800937594
"[0.4346448897724926, 0.673874955303999, -0.8919681743724118, 0.5104184674907097]",28.40852050300063,0.616135312575156
"[0.43463490541030375, 0.6738715932233229, -0.8919668122960533, 0.5104219538366429]",28.408521922919814,0.6161981450565526
"[0.43462492144824955, 0.6738682316041754, -0.8919654503888745, 0.5104254397331559]",28.408523342480038,0.6162609775379492
"[0.43461493763999476, 0.6738648703635671, -0.8919640886172718, 0.5104289252662982]",28.40852476620917,0.6163238100193458
"[0.4346049548337481, 0.6738615097869989, -0.8919627270969295, 0.5104324101399981]",28.408526198373643,0.6163866425007425
"[0.43459497197077823, 0.6738581495179942, -0.8919613656834416, 0.5104358947239072]",28.4085276292502,0.6164494749821391
"[0.434584989856833, 0.6738547898277062, -0.891960004486691, 0.5104393787368307]",28.408529065545192,0.6165123074635356
"[0.4345750087308892, 0.6738514307964737, -0.8919586435392431, 0.5104428620954427]",28.408530510248053,0.6165751399449323
"[0.43456502701413197, 0.6738480718929281, -0.8919572826258257, 0.5104463453507705]",28.40853195196957,0.6166379724263289
"[0.43455504659011396, 0.673844713750821, -0.8919559220032408, 0.510449827845591]",28.408533403891617,0.6167008049077255
"[0.43454506688406025, 0.673841356176658, -0.8919545615931037, 0.5104533097805476]",28.40853486146195,0.6167636373891221
"[0.4345350867423309, 0.6738379987822679, -0.8919532012381575, 0.5104567915581807]",28.408536315652672,0.6168264698705187
"[0.43452510838943914, 0.6738346423159067, -0.8919518412416018, 0.5104602724025012]",28.40853778684539,0.6168893023519153
"[0.43451512976800577, 0.6738312860854297, -0.8919504813230106, 0.5104637530312882]",28.40853925196243,0.6169521348333119
"[0.4345051521636126, 0.6738279305231766, -0.8919491216575823, 0.5104672329961679]",28.408540728109614,0.6170149673147085
"[0.43449517425629103, 0.6738245751851889, -0.8919477620654394, 0.5104707127575464]",28.408542199073874,0.6170777997961051
"[0.43448519759163706, 0.6738212205911022, -0.8919464027571784, 0.5104741917765111]",28.408543686439888,0.6171406322775017
"[0.43447522124522964, 0.6738178664300357, -0.8919450436068294, 0.5104776703754578]",28.408545172833623,0.6172034647588983
"[0.4344652452684224, 0.6738145127191864, -0.8919436846213863, 0.5104811485365419]",28.40854666563719,0.6172662972402949
"[0.4344552698610331, 0.6738111595256655, -0.8919423258280621, 0.5104846261901511]",28.408548157616792,0.6173291297216915
"[0.43444529458121056, 0.6738078067008839, -0.891940967166667, 0.5104881034903807]",28.40854965524758,0.6173919622030882
"[0.43443532059406725, 0.673804454636372, -0.8919396087958773, 0.5104915800311504]",28.40855115947727,0.6174547946844847
"[0.4344253464823486, 0.673801102855735, -0.8919382505226638, 0.5104950563065342]",28.40855266791735,0.6175176271658814
"[0.43441537318579226, 0.6737977516747153, -0.8919368924749975, 0.5104985319890529]",28.40855417777261,0.617580459647278
"[0.4344054008602977, 0.6737944011455962, -0.8919355346740845, 0.5105020070244656]",28.408555701086318,0.6176432921286746
"[0.43439542835265665, 0.6737910508808544, -0.8919341769629031, 0.5105054818146858]",28.408557220331776,0.6177061246100712
"[0.43438545572962295, 0.6737877009029156, -0.8919328193505551, 0.5105089563364493]",28.408558737837687,0.6177689570914678
"[0.4343754849352535, 0.6737843518647166, -0.8919314621016725, 0.5105124299125304]",28.40856027003052,0.6178317895728644
"[0.4343655145518005, 0.6737810032899281, -0.8919301050232388, 0.5105159030369544]",28.408561809200958,0.617894622054261
"[0.434355544340709, 0.6737776550983826, -0.8919287480827818, 0.5105193757928616]",28.408563350592917,0.6179574545356576
"[0.4343455742012233, 0.6737743072562126, -0.8919273912665943, 0.5105228482153714]",28.40856489135568,0.6180202870170542
"[0.4343356051504961, 0.6737709601048889, -0.8919260347130867, 0.5105263199502951]",28.408566443245107,0.6180831194984509
"[0.43432563572345195, 0.6737676131524493, -0.8919246782228941, 0.5105297915078957]",28.40856798588913,0.6181459519798476
"[0.434315667747021, 0.6737642670121637, -0.8919233220445878, 0.5105332622520602]",28.408569544487705,0.618208784461244
"[0.4343057000467998, 0.6737609212896923, -0.8919219660183654, 0.5105367325917985]",28.40857110379122,0.6182716169426407
"[0.4342957331643232, 0.6737575761667328, -0.8919206102178882, 0.5105402023386343]",28.408572670662746,0.6183344494240374
"[0.4342857663528954, 0.67375423139261, -0.8919192545415762, 0.5105436717525708]",28.408574240033698,0.618397281905434
"[0.4342758003501601, 0.673750887214823, -0.891917899089757, 0.5105471405768746]",28.408575816479985,0.6184601143868306
"[0.4342658342779408, 0.6737475433386144, -0.891916543742988, 0.510550609117281]",28.408577391259836,0.6185229468682272
"[0.4342558693274495, 0.6737442001635849, -0.8919151886632608, 0.5105540769592812]",28.40857897563342,0.6185857793496238
"[0.43424590439455896, 0.673740857319267, -0.8919138337004194, 0.5105575444871434]",28.408580559279823,0.6186486118310204
"[0.4342359405756914, 0.673737515173376, -0.8919124790035377, 0.5105610113194263]",28.408582151173135,0.618711444312417
"[0.4342259766909607, 0.6737341733300782, -0.8919111244121866, 0.5105644778667197]",28.40858374811645,0.6187742767938136
"[0.4342160134182814, 0.6737308320166896, -0.8919097700185292, 0.5105679438932161]",28.408585346411044,0.6188371092752102
"[0.4342060510825033, 0.6737274913420542, -0.8919084158667062, 0.510571409285996]",28.408586953317926,0.6188999417566068
"[0.4341960885945737, 0.6737241509409326, -0.8919070618086821, 0.5105748744239237]",28.408588559810852,0.6189627742380034
"[0.434186127365026, 0.6737208112862003, -0.8919057080361595, 0.5105783388164535]",28.40859017498849,0.6190256067194
"[0.43417616545249976, 0.6737174717269225, -0.8919043542852994, 0.5105818031388252]",28.408591786698413,0.6190884392007967
"[0.43416620570822595, 0.673714133218852, -0.8919030009435454, 0.510585266399565]",28.40859341102281,0.6191512716821932
"[0.43415624505605616, 0.6737107947307676, -0.8919016475928945, 0.5105887296684182]",28.408595033002566,0.6192141041635898
"[0.43414628586757403, 0.6737074570575098, -0.8919002945555721, 0.5105921921208252]",28.4085966685346,0.6192769366449865
"[0.43413632689745063, 0.6737041197816191, -0.89189894166237, 0.510595654189839]",28.408598302052326,0.6193397691263831
"[0.43412636827934065, 0.6737007829478379, -0.8918975889314441, 0.5105991158290352]",28.40859994181035,0.6194026016077796
"[0.4341164097730409, 0.6736974464756378, -0.8918962363301671, 0.5106025771219446]",28.408601579296747,0.6194654340891763
"[0.4341064525454529, 0.6736941107558873, -0.8918948840170166, 0.5106060376630639]",28.40860323231388,0.6195282665705729
"[0.43409649525576754, 0.67369077533933, -0.891893531809882, 0.5106094979184481]",28.40860488377216,0.6195910990519695
"[0.4340865391077088, 0.6736874406291068, -0.8918921798722207, 0.5106129574698558]",28.408606542557422,0.6196539315333661
"[0.4340765826813946, 0.6736841061495819, -0.8918908280112214, 0.5106164168107198]",28.40860819970032,0.6197167640147627
"[0.43406662751315056, 0.6736807724152136, -0.8918894764354754, 0.5106198754073052]",28.408609869308073,0.6197795964961593
"[0.43405667238291257, 0.6736774390173579, -0.8918881249793256, 0.5106233336835497]",28.408611539335325,0.619842428977556
"[0.4340467178920081, 0.6736741061572913, -0.891886773724402, 0.5106267914306276]",28.40861320931898,0.6199052614589525
"[0.4340367637488275, 0.6736707737373325, -0.8918854226311125, 0.5106302487498681]",28.40861489038891,0.6199680939403491
"[0.43402681013034056, 0.6736674418166579, -0.8918840717234713, 0.510633705579867]",28.408616568837395,0.6200309264217458
"[0.4340168577739606, 0.6736641106420062, -0.8918827211015384, 0.5106371616646214]",28.408618261403472,0.6200937589031424
"[0.43400690499716676, 0.6736607796501562, -0.8918813705369751, 0.510640617588461]",28.408619947533072,0.6201565913845389
"[0.43399695286294854, 0.673657449196839, -0.8918800201740316, 0.5106440729823053]",28.40862164074079,0.6202194238659356
"[0.43398700170769816, 0.6736541193945347, -0.8918786700583322, 0.5106475277294401]",28.40862334358938,0.6202822563473323
"[0.43397705083505267, 0.673650790010143, -0.8918773200953851, 0.5106509820717008]",28.40862505112566,0.6203450888287289
"[0.433967099721896, 0.6736474608685954, -0.8918759702142319, 0.5106544361907212]",28.408626753103402,0.6204079213101255
"[0.43395715009028407, 0.6736441325459596, -0.8918746206484583, 0.5106578894887931]",28.40862847028307,0.6204707537915221
"[0.43394720015673505, 0.6736408044455398, -0.8918732711561421, 0.5106613425850067]",28.408630181638877,0.6205335862729187
"[0.4339372516418792, 0.6736374771428104, -0.8918719219706388, 0.5106647948822616]",28.408631909645585,0.6205964187543153
"[0.4339273028792025, 0.6736341500802534, -0.8918705728659299, 0.5106682469590119]",28.408633630408165,0.6206592512357119
"[0.43391735558284683, 0.6736308238311063, -0.8918692240744498, 0.5106716982204645]",28.408635365173183,0.6207220837171085
"[0.43390740761200025, 0.673627497679422, -0.8918678753059134, 0.5106751494094655]",28.40863709669016,0.6207849161985052
"[0.43389746073567853, 0.6736241722166442, -0.8918665268001686, 0.5106785999123289]",28.408638838511916,0.6208477486799017
"[0.4338875145537613, 0.6736208473088955, -0.8918651785029492, 0.5106820498679521]",28.40864057864917,0.6209105811612983
"[0.4338775682020834, 0.6736175226672486, -0.8918638302971093, 0.5106854995761194]",28.40864232568293,0.620973413642695
"[0.43386762325194067, 0.6736141988168421, -0.8918624823956223, 0.5106889484919258]",28.408644080064118,0.6210362461240916
"[0.43385767858342467, 0.6736108753832722, -0.8918611346466797, 0.510692397003848]",28.408645839545656,0.6210990786054881
"[0.43384773383137715, 0.6736075522444797, -0.8918597870007984, 0.5106958452385324]",28.40864759610682,0.6211619110868848
"[0.43383778974680764, 0.6736042296513682, -0.8918584395597494, 0.5106992929356202]",28.408649358173967,0.6212247435682814
"[0.43382784614775655, 0.6736009075430904, -0.8918570922988662, 0.5107027401582374]",28.408651125466488,0.621287576049678
"[0.43381790344746013, 0.6735975860575524, -0.8918557452741223, 0.5107061867632754]",28.408652902967795,0.6213504085310746
"[0.43380796143298167, 0.6735942651235903, -0.8918543984566515, 0.5107096328245608]",28.408654682432676,0.6214132410124712
"[0.4337980195873831, 0.6735909445684471, -0.8918530517764192, 0.5107130785213512]",28.408656462848285,0.6214760734938678
"[0.4337880782289199, 0.6735876244983716, -0.8918517052765322, 0.510716523743384]",28.408658251012582,0.6215389059752645
"[0.433778137473325, 0.6735843049519331, -0.8918503589726565, 0.510719968450625]",28.40866004117011,0.621601738456661
"[0.4337681964294667, 0.6735809856315275, -0.8918490127441069, 0.5107234129518903]",28.408661831864652,0.6216645709380576
"[0.4337582575436487, 0.6735776673538629, -0.8918476669221412, 0.5107268563996572]",28.408663637162483,0.6217274034194543
"[0.4337483180773339, 0.6735743492045347, -0.8918463211359167, 0.5107302997428094]",28.40866544349102,0.6217902359008509
"[0.43373837901239437, 0.6735710315113141, -0.8918449755183886, 0.5107337426412029]",28.408667248061292,0.6218530683822474
"[0.4337284404471485, 0.6735677143069553, -0.8918436300828615, 0.5107371850608369]",28.408669057760346,0.6219159008636441
"[0.43371850265421874, 0.673564397682375, -0.8918422848662282, 0.5107406269073504]",28.408670877881153,0.6219787333450407
"[0.43370856519954526, 0.6735610814926334, -0.8918409398097228, 0.5107440683311445]",28.408672693827214,0.6220415658264373
"[0.4336986288185652, 0.6735577659830642, -0.8918395950128728, 0.5107475090776075]",28.40867452466939,0.6221043983078339
"[0.43368869226448375, 0.6735544507375815, -0.8918382503069289, 0.5107509495785316]",28.408676353017558,0.6221672307892305
"[0.4336787564806698, 0.6735511360708829, -0.8918369058195551, 0.51075438950732]",28.408678187942506,0.6222300632706271
"[0.43366882052024874, 0.6735478216670374, -0.891835561422621, 0.5107578291918338]",28.408680020985543,0.6222928957520237
"[0.43365888629310806, 0.6735445081630357, -0.8918342173745282, 0.5107612679709915]",28.40868186739883,0.6223557282334203
"[0.43364895195297304, 0.6735411949429724, -0.891832873425467, 0.5107647064839701]",28.40868371547799,0.6224185607148169
"[0.43363901810532085, 0.6735378822087424, -0.891831529657349, 0.5107681445212323]",28.408685566172228,0.6224813931962135
"[0.43362908511052756, 0.6735345700804384, -0.8918301861189097, 0.5107715819581296]",28.408687421193182,0.6225442256776101
"[0.43361915206562723, 0.6735312582569106, -0.8918288426880085, 0.5107750191071956]",28.408689281963202,0.6226070581590067
"[0.43360922024155196, 0.6735279471618393, -0.8918274995365255, 0.510778455528705]",28.408691147496686,0.6226698906404035
"[0.4335992880420945, 0.6735246362629875, -0.8918261564485885, 0.5107818917750314]",28.40869301205584,0.6227327231218001
"[0.4335893572333794, 0.6735213261490566, -0.8918248136630136, 0.510785327235173]",28.408694890289322,0.6227955556031965
"[0.4335794257691417, 0.6735180161379187, -0.8918234709031139, 0.5107887626170788]",28.40869676043302,0.6228583880845933
"[0.43356949595750605, 0.6735147069987764, -0.8918221284809446, 0.5107921971224008]",28.408698649030345,0.6229212205659899
"[0.4335595660948038, 0.6735113981637775, -0.8918207861661663, 0.5107956313404907]",28.40870053201178,0.6229840530473865
"[0.4335496368221808, 0.6735080898465197, -0.8918194440454484, 0.510799065049648]",28.40870242197523,0.6230468855287831
"[0.4335397077455194, 0.6735047819156305, -0.8918181020655139, 0.5108024983862144]",28.40870431803868,0.6231097180101797
"[0.4335297796887545, 0.6735014746455296, -0.8918167603377104, 0.5108059310653544]",28.40870621451721,0.6231725504915763
"[0.4335198521205821, 0.6734981678591355, -0.8918154187902181, 0.5108093632708517]",28.408708123059274,0.6232353829729729
"[0.4335099244354336, 0.6734948613547007, -0.891814077341206, 0.5108127952120968]",28.408710023900067,0.6232982154543695
"[0.43349999770608727, 0.6734915554894627, -0.8918127361356252, 0.5108162265182902]",28.40871193656362,0.6233610479357661
"[0.4334900718040733, 0.6734882502205336, -0.8918113951560952, 0.5108196572339325]",28.408713855975915,0.6234238804171627
"[0.43348014595523365, 0.6734849452900681, -0.891810054298022, 0.5108230876266442]",28.408715778485966,0.6234867128985594
"[0.4334702206944266, 0.6734816408760785, -0.8918087136336561, 0.5108265175116472]",28.40871770199193,0.6235495453799559
"[0.43346029587953205, 0.6734783369312078, -0.8918073731437912, 0.5108299469380845]",28.408719627281148,0.6236123778613526
"[0.43345037164736316, 0.6734750335009136, -0.8918060328468965, 0.5108333758587612]",28.40872156073524,0.6236752103427492
"[0.43344044760632144, 0.6734717304548006, -0.8918046926900818, 0.5108368044090161]",28.408723498100603,0.6237380428241458
"[0.4334305246213476, 0.6734684280806623, -0.8918033527901358, 0.5108402322901084]",28.408725438981232,0.6238008753055424
"[0.4334206019351476, 0.6734651261263912, -0.8918020130447875, 0.5108436597637145]",28.40872738641619,0.623863707786939
"[0.43341067948547757, 0.6734618245712252, -0.8918006734456322, 0.5108470868513768]",28.408729334548852,0.6239265402683356
"[0.4334007577474144, 0.6734585235731773, -0.8917993340567999, 0.5108505133890638]",28.408731291096906,0.6239893727497322
"[0.4333908362068721, 0.6734552229611428, -0.8917979948088861, 0.5108539395543766]",28.40873324836688,0.6240522052311288
"[0.43338091518223354, 0.6734519228409868, -0.8917966557448624, 0.5108573652374135]",28.4087352087833,0.6241150377125254
"[0.4333709950790198, 0.6734486233475127, -0.8917953169194475, 0.5108607902982288]",28.408737177320585,0.624177870193922
"[0.43336107551945263, 0.6734453243549812, -0.8917939782816393, 0.5108642148673344]",28.4087391540683,0.6242407026753186
"[0.4333511565163327, 0.6734420258675755, -0.8917926398331547, 0.5108676389403765]",28.408741129684596,0.6243035351567152
"[0.43334123788402007, 0.6734387278234821, -0.8917913015489377, 0.5108710625815118]",28.408743111083044,0.6243663676381118
"[0.43333131940821495, 0.6734354301514232, -0.8917899634000716, 0.5108744858647232]",28.408745092963258,0.6244292001195085
"[0.4333214017683677, 0.6734321330772299, -0.8917886254782168, 0.510877908555566]",28.408747083582703,0.624492032600905
"[0.43331148390776353, 0.6734288362495371, -0.8917872876408169, 0.5108813310187843]",28.408749072362056,0.6245548650823016
"[0.43330156733749053, 0.6734255401705952, -0.8917859500916957, 0.5108847527329752]",28.408751069251462,0.6246176975636983
"[0.4332916514788433, 0.673422244647931, -0.8917846127527714, 0.5108881738979337]",28.408753075281794,0.6246805300450949
"[0.43328173551930355, 0.6734189494114579, -0.8917832755144584, 0.5108915947940342]",28.408755080839768,0.6247433625264915
"[0.4332718200908996, 0.6734156546711696, -0.8917819384619918, 0.5108950152032665]",28.408757091034545,0.6248061950078881
"[0.4332619057175, 0.6734123606010421, -0.8917806016659946, 0.5108984349450058]",28.408759107707542,0.6248690274892847
"[0.43325199111229723, 0.6734090667734778, -0.8917792649529548, 0.5109018544631522]",28.408761124937715,0.6249318599706813
"[0.433242077696398, 0.6734057736605272, -0.8917779285144632, 0.5109052732676305]",28.40876314983274,0.624994692452078
"[0.43323216390200875, 0.6734024807413126, -0.8917765921391575, 0.5109086918991915]",28.40876517507352,0.6250575249334746
"[0.43322225094579336, 0.6733991884199381, -0.8917752559910449, 0.5109121099382934]",28.408767202303064,0.6251203574148712
"[0.43321233914251506, 0.673395896800822, -0.891773920112525, 0.5109155272765156]",28.408769244676265,0.6251831898962679
"[0.4332024273958355, 0.673392605519802, -0.8917725843558262, 0.5109189442919173]",28.40877128518606,0.6252460223776644
"[0.4331925164555453, 0.67338931482579, -0.8917712488219869, 0.5109223607260677]",28.408773332879903,0.625308854859061
"[0.4331826050826845, 0.6733860243073828, -0.8917699133440553, 0.5109257770060813]",28.40877537237898,0.6253716873404577
"[0.43317269531032127, 0.6733827346394713, -0.89176857819596, 0.5109291924312621]",28.408777434550252,0.6254345198218543
"[0.43316278527141877, 0.6733794452021854, -0.8917672431261394, 0.510932607645164]",28.408779488031886,0.6254973523032508
"[0.43315287578791034, 0.6733761562683175, -0.8917659082453279, 0.5109360223645558]",28.40878154676588,0.6255601847846475
"[0.4331429675114968, 0.6733728680540608, -0.8917645736412912, 0.5109394363649622]",28.408783614267133,0.6256230172660441
"[0.43313305911521605, 0.6733695801189711, -0.8917632391352841, 0.5109428501036649]",28.40878568899204,0.6256858497474407
"[0.4331231509686606, 0.6733662925856703, -0.891761904777091, 0.5109462634533423]",28.408787760974807,0.6257486822288373
"[0.43311324390373107, 0.6733630057300863, -0.8917605706787326, 0.5109496761274944]",28.408789841588536,0.6258115147102339
"[0.43310333691104563, 0.673359719217278, -0.8917592367042716, 0.5109530884738723]",28.408791922760095,0.6258743471916305
"[0.43309343088233626, 0.6733564333429899, -0.8917579029737713, 0.5109565001853972]",28.408794013838488,0.6259371796730271
"[0.4330835252691792, 0.6733531479252225, -0.8917565694133774, 0.5109599114510252]",28.40879610467653,0.6260000121544237
"[0.4330736199399046, 0.6733498629202523, -0.8917552360053607, 0.5109633223161457]",28.408798199478785,0.6260628446358203
"[0.4330637143872912, 0.6733465781598417, -0.8917539026814479, 0.5109667329554352]",28.408800293501994,0.626125677117217
"[0.4330538102942967, 0.6733432942019942, -0.8917525696681595, 0.5109701427894938]",28.408802400271544,0.6261885095986135
"[0.4330439070043465, 0.673340010828877, -0.8917512368770956, 0.5109735520444881]",28.408804514492093,0.6262513420800101
"[0.43303400403790987, 0.6733367278814322, -0.891749904243709, 0.5109769608855628]",28.408806629810957,0.6263141745614068
"[0.4330241006440339, 0.6733334451107009, -0.8917485716669555, 0.5109803695712166]",28.4088087433456,0.6263770070428034
"[0.43301419825896703, 0.6733301629927055, -0.891747239340092, 0.5109837776071612]",28.408810859673057,0.6264398395241999
"[0.43300429635670235, 0.6733268813530296, -0.8917459071923289, 0.5109871851744904]",28.40881298871075,0.6265026720055966
"[0.43299439522774014, 0.673323600287863, -0.8917445752627354, 0.5109905921733117]",28.40881511779905,0.6265655044869932
"[0.4329844941963756, 0.6733203195732284, -0.8917432434604075, 0.5109939988361883]",28.40881725148523,0.6266283369683898
"[0.43297459397744753, 0.6733170394459242, -0.8917419118814922, 0.5109974049172206]",28.408819391370912,0.6266911694497864
"[0.43296469379970337, 0.6733137596503611, -0.8917405804222496, 0.5110008106818021]",28.40882153147184,0.626754001931183
"[0.432954794731552, 0.673310480540413, -0.8917392492263573, 0.5110042157624561]",28.40882368361789,0.6268168344125796
"[0.43294489581919365, 0.67330720180005, -0.8917379181655379, 0.5110076204873407]",28.408825835349937,0.6268796668939763
"[0.4329349979409236, 0.6733039237201071, -0.89173658735788, 0.5110110245544343]",28.408827989973762,0.6269424993753728
"[0.4329250994727937, 0.67330064576271, -0.8917352565850384, 0.5110144285222745]",28.408830146768324,0.6270053318567694
"[0.43291520221635854, 0.6732973685243994, -0.891733926089216, 0.5110178317713797]",28.408832311629205,0.6270681643381661
"[0.43290530555953977, 0.6732940918024061, -0.8917325957881083, 0.5110212345123013]",28.40883448394363,0.6271309968195627
"[0.4328954092949886, 0.6732908155280053, -0.8917312656538348, 0.511024636816396]",28.408836655150104,0.6271938293009592
"[0.432885513495149, 0.6732875397251333, -0.8917299356961262, 0.5110280386587958]",28.408838832253675,0.627256661782356
"[0.43287561772645017, 0.673284264250187, -0.8917286058567128, 0.5110314401886226]",28.408841014482878,0.6273194942637526
"[0.43286572285239994, 0.6732809893889569, -0.8917272762516288, 0.5110348411090746]",28.408843198058147,0.6273823267451492
"[0.4328558282251017, 0.673277714926926, -0.891725946793804, 0.5110382416429152]",28.408845384977848,0.6274451592265458
"[0.4328459343460936, 0.6732744410300032, -0.8917246175506165, 0.5110416416178372]",28.40884757986376,0.6275079917079424
"[0.43283604139083015, 0.6732711677561467, -0.8917232885456188, 0.5110450409736368]",28.40884978109819,0.627570824189339
"[0.43282614814524445, 0.67326789470361, -0.8917219596157123, 0.5110484401275258]",28.40885198176589,0.6276336566707357
"[0.43281625584289946, 0.6732646222804566, -0.8917206309265951, 0.5110518386557091]",28.408854186467487,0.6276964891521322
"[0.43280636408076406, 0.6732613503532543, -0.8917193024241177, 0.5110552366967489]",28.408856399905073,0.6277593216335288
"[0.4327964726320531, 0.6732580788469461, -0.8917179740778148, 0.5110586343285844]",28.408858615197843,0.6278221541149255
"[0.4327865815632786, 0.6732548077834715, -0.8917166458966153, 0.5110620315284209]",28.408860835950314,0.627884986596322
"[0.4327766909823354, 0.6732515371984523, -0.8917153178950014, 0.5110654282592524]",28.40886305733247,0.6279478190777186
"[0.43276680087837743, 0.6732482670882473, -0.8917139900715081, 0.5110688245248495]",28.408865282448264,0.6280106515591153
"[0.432756911298591, 0.6732449974683611, -0.8917126624324624, 0.5110722203090997]",28.408867515108295,0.6280734840405119
"[0.4327470232813997, 0.6732417286820156, -0.8917113351172412, 0.5110756152555208]",28.408869758167604,0.6281363165219084
"[0.43273713377477024, 0.6732384597202513, -0.8917100077161627, 0.5110790104120068]",28.40887199318983,0.6281991490033051
"[0.43272724608448243, 0.6732351916757221, -0.8917086806729426, 0.5110824046437158]",28.40887423883761,0.6282619814847017
"[0.43271735895153196, 0.6732319241322147, -0.8917073538185746, 0.5110857983829136]",28.408876491962737,0.6283248139660983
"[0.43270747168820745, 0.6732286568623677, -0.8917060270607701, 0.5110891918657363]",28.40887874223266,0.6283876464474949
"[0.4326975854963096, 0.6732253902632895, -0.8917047005607884, 0.5110925846797235]",28.40888100202377,0.6284504789288915
"[0.4326876995797589, 0.6732221240718431, -0.8917033742117996, 0.5110959770981668]",28.408883264800163,0.6285133114102881
"[0.43267781397418786, 0.6732188582997546, -0.8917020480185828, 0.5110993691088783]",28.40888552942749,0.6285761438916847
"[0.43266792931745623, 0.6732155931576658, -0.8917007220666963, 0.5111027604930617]",28.40888780474439,0.6286389763730813
"[0.43265804457461304, 0.6732123283036475, -0.8916993962173024, 0.5111061516058563]",28.408890074650433,0.6287018088544779
"[0.4326481602383345, 0.6732090639003891, -0.8916980705364879, 0.5111095422782727]",28.40889235195912,0.6287646413358746
"[0.4326382768802207, 0.6732058001365875, -0.8916967451008995, 0.5111129323143032]",28.408894637379312,0.6288274738172712
"[0.4326283940914317, 0.6732025368771342, -0.891695419855691, 0.5111163218542703]",28.408896924375725,0.6288903062986677
"[0.4326185106527418, 0.6731992737194309, -0.8916940946373778, 0.5111197113163453]",28.408899210631514,0.6289531387800644
"[0.43260862900197095, 0.6731960114682868, -0.8916927697728246, 0.5111230998645564]",28.408901508344396,0.629015971261461
"[0.43259874731751563, 0.6731927495222318, -0.89169144501778, 0.5111264881236456]",28.40890380725622,0.6290788037428576
"[0.43258886679034614, 0.6731894882743291, -0.8916901205318978, 0.5111298756853176]",28.408906117095018,0.6291416362242542
"[0.43257898591893357, 0.6731862272289056, -0.8916887961138916, 0.5111332630644343]",28.40890842559869,0.6292044687056508
"[0.43256910599035586, 0.6731829668107097, -0.891687471936278, 0.5111366498197826]",28.40891073635007,0.6292673011870474
"[0.43255922621220516, 0.673179706758167, -0.8916861478928425, 0.5111400362230611]",28.408913052758745,0.629330133668444
"[0.43254934719398364, 0.6731764472723336, -0.8916848240652606, 0.511143422065412]",28.40891537445752,0.6293929661498406
"[0.4325394688268202, 0.6731731883172053, -0.8916835004389274, 0.511146807384221]",28.408917702958867,0.6294557986312372
"[0.4325295899896128, 0.6731699295228823, -0.891682176863629, 0.5111501925637247]",28.408920029572805,0.6295186311126338
"[0.4325197132735235, 0.6731666717440425, -0.8916808536865116, 0.5111535767160841]",28.408922365006056,0.6295814635940306
"[0.43250983574844226, 0.6731634140141205, -0.8916795305150164, 0.5111569608453466]",28.40892469864483,0.629644296075427
"[0.43249995892997734, 0.6731601568329643, -0.891678207552181, 0.5111603444322642]",28.408927043563544,0.6297071285568236
"[0.4324900829120593, 0.6731569002314601, -0.8916768848105697, 0.5111637274447393]",28.408929390556274,0.6297699610382204
"[0.4324802073158424, 0.6731536440846111, -0.8916755622394296, 0.5111671100126084]",28.408931742327184,0.6298327935196169
"[0.432470332029037, 0.6731503883553379, -0.8916742398237173, 0.5111704921743815]",28.40893409643316,0.6298956260010136
"[0.4324604575794831, 0.673147133217586, -0.8916729176341066, 0.511173873749346]",28.408936455329325,0.6299584584824102
"[0.432450583375985, 0.6731438784763963, -0.8916715955914255, 0.5111772549400231]",28.40893881848458,0.6300212909638068
"[0.43244070995401224, 0.673140624308203, -0.8916702737673582, 0.5111806355631127]",28.40894119106894,0.6300841234452034
"[0.43243083637140045, 0.6731373704024303, -0.8916689520357687, 0.5111840159412498]",28.40894356012371,0.6301469559266
"[0.43242096399990115, 0.6731341172110807, -0.8916676305802766, 0.5111873956048533]",28.408945936843605,0.6302097884079966
"[0.43241109134216826, 0.6731308642406739, -0.8916663092004498, 0.5111907750665771]",28.408948315988784,0.6302726208893932
"[0.4324012198631587, 0.6731276119738471, -0.891664988092354, 0.5111941538250064]",28.408950700276197,0.6303354533707898
"[0.43239134835290916, 0.6731243600118869, -0.8916636670940479, 0.5111975322943505]",28.408953090578862,0.6303982858521864
"[0.43238147749428746, 0.6731211085796988, -0.89166234629691, 0.5112009102409458]",28.408955481626016,0.630461118333583
"[0.43237160745839515, 0.6731178577335696, -0.8916610257238179, 0.511204287606302]",28.40895787764219,0.6305239508149797
"[0.4323617380028784, 0.6731146073935598, -0.89165970534233, 0.5112076644734582]",28.40896028562154,0.6305867832963762
"[0.4323518689207425, 0.6731113574914687, -0.8916583851247459, 0.5112110409132576]",28.408962690555462,0.6306496157777728
"[0.4323419990022669, 0.673108107628908, -0.8916570649092532, 0.5112144173395975]",28.4089650918647,0.6307124482591695
"[0.4323321313368812, 0.6731048588230663, -0.8916557451090837, 0.5112177926956616]",28.40896751118804,0.6307752807405661
"[0.43232226301339494, 0.6731016101153681, -0.8916544253348462, 0.5112211679773514]",28.408969926788075,0.6308381132219626
"[0.43231239595511795, 0.6730983621389306, -0.8916531058437592, 0.5112245425268738]",28.40897235250793,0.6309009457033593
"[0.432302529132415, 0.6730951145547346, -0.891651786498115, 0.511227916696447]",28.408974777160317,0.6309637781847559
"[0.43229266262358446, 0.6730918673885051, -0.891650467308383, 0.5112312904593332]",28.40897720599609,0.6310266106661525
"[0.43228279758481636, 0.6730886210206528, -0.8916491484291276, 0.5112346634202777]",28.408979648424374,0.6310894431475491
"[0.43227293076737916, 0.6730853743820874, -0.8916478294260319, 0.5112380366900546]",28.40898207721786,0.6311522756289457
"[0.4322630671129999, 0.6730821290987804, -0.8916465109596945, 0.5112414085792608]",28.408984528758488,0.6312151081103423
"[0.4322532024460546, 0.6730788837967693, -0.8916451924719343, 0.5112447805154449]",28.40898697511917,0.631277940591739
"[0.43224333880236687, 0.6730756391457858, -0.8916438742348632, 0.5112481518027348]",28.4089894275606,0.6313407730731355
"[0.4322334755884444, 0.6730723949505119, -0.8916425561691464, 0.511251522644059]",28.408991888812704,0.6314036055545321
"[0.4322236122580121, 0.6730691510312533, -0.8916412382017855, 0.5112548932261177]",28.408994340914507,0.6314664380359288
"[0.4322137492334785, 0.6730659075268494, -0.8916399203892303, 0.5112582634046463]",28.408996804961944,0.6315292705173253
"[0.43220388764133033, 0.6730626648077064, -0.8916386028819697, 0.511261632794755]",28.408999276885165,0.6315921029987219
"[0.43219402579799004, 0.6730594223201305, -0.8916372854550662, 0.5112650019717565]",28.409001747515898,0.6316549354801186
"[0.43218416573382706, 0.6730561807315983, -0.8916359683797352, 0.5112683702420814]",28.409004229545697,0.6317177679615152
"[0.4321743045879939, 0.6730529391015474, -0.8916346512738311, 0.5112717385830393]",28.409006705453358,0.6317806004429117
"[0.43216444441852353, 0.6730496981064358, -0.8916333344122452, 0.5112751062917275]",28.40900919029441,0.6318434329243084
"[0.4321545852826567, 0.673046457765023, -0.8916320178025966, 0.5112784733486342]",28.409011683449084,0.631906265405705
"[0.43214472613000005, 0.6730432177319974, -0.8916307013046034, 0.5112818401125655]",28.40901417760275,0.6319690978871016
"[0.43213486714909416, 0.6730399780692976, -0.891629384943448, 0.5112852065191517]",28.409016672753523,0.6320319303684983
"[0.4321250097166791, 0.6730367392292025, -0.8916280689029303, 0.5112885720984076]",28.40901917685581,0.6320947628498949
"[0.43211515140818174, 0.6730335004150454, -0.8916267528593477, 0.5112919376781636]",28.409021681473348,0.6321575953312915
"[0.4321052953835926, 0.6730302626648943, -0.8916254372345309, 0.5112953021797102]",28.409024196873954,0.6322204278126882
"[0.432095438213303, 0.6730270248520465, -0.8916241215706692, 0.5112986667738467]",28.409026710738885,0.6322832602940847
"[0.43208558204587555, 0.6730237876822303, -0.891622806154548, 0.511302030727205]",28.40902922864127,0.6323460927754813
"[0.432075726216946, 0.6730205509371594, -0.8916214908974867, 0.5113053942666079]",28.409031746905725,0.632408925256878
"[0.4320658719786538, 0.6730173150279344, -0.8916201759665568, 0.511308756964837]",28.409034282473947,0.6324717577382746
"[0.43205601668162863, 0.6730140790845213, -0.8916188610082308, 0.5113121197260063]",28.40903681162414,0.6325345902196711
"[0.43204616324690887, 0.6730108440659713, -0.8916175464122478, 0.5113154815534691]",28.409039350106912,0.6325974227010678
"[0.4320363086824214, 0.673007608989893, -0.8916162317794157, 0.5113188434681162]",28.409041886999308,0.6326602551824644
"[0.43202645592338507, 0.6730043748198143, -0.8916149175013, 0.5113222044686323]",28.409044433286752,0.632723087663861
"[0.43201660272093223, 0.6730011408174607, -0.8916136032779044, 0.5113255653222322]",28.409046978783323,0.6327859201452576
"[0.4320067509440355, 0.6729979075961984, -0.8916122893585047, 0.5113289253914801]",28.409049532922865,0.6328487526266542
"[0.43199689929655977, 0.6729946747305612, -0.8916109755702184, 0.5113322851185207]",28.409052090202053,0.6329115851080508
"[0.4319870484029661, 0.6729914424254044, -0.8916096619963156, 0.5113356442904502]",28.409054655703773,0.6329744175894475
"[0.43197719799202433, 0.6729882105916691, -0.8916083486006152, 0.5113390029998108]",28.409057220325074,0.633037250070844
"[0.4319673474297185, 0.6729849790212704, -0.8916070352985844, 0.51134236146285]",28.409059789942617,0.6331000825522406
"[0.4319574977017274, 0.6729817480375552, -0.891605722221633, 0.5113457193435129]",28.40906236522556,0.6331629150336373
"[0.4319476479088216, 0.6729785173454771, -0.8916044092498789, 0.5113490769484247]",28.409064938117126,0.6332257475150339
"[0.43193779855727255, 0.6729752871110619, -0.8916030964508096, 0.5113524341050296]",28.40906751729764,0.6332885799964304
"[0.4319279508544924, 0.672972057730188, -0.8916017839853311, 0.5113557904018777]",28.409070105567242,0.6333514124778271
"[0.4319181030366179, 0.6729688286243033, -0.8916004716183437, 0.5113591464402486]",28.40907269791188,0.6334142449592237
"[0.43190825573173575, 0.6729655999993528, -0.8915991594335507, 0.5113625020060905]",28.409075294746604,0.6334770774406202
"[0.4318984087600426, 0.6729623717963149, -0.8915978474069871, 0.5113658571607363]",28.409077890028033,0.6335399099220169
"[0.43188856280212695, 0.6729591442382289, -0.8915965356293202, 0.5113692116723642]",28.409080496903673,0.6336027424034135
"[0.4318787166663049, 0.6729559169344037, -0.8915952239417758, 0.5113725659470215]",28.409083101704894,0.6336655748848101
"[0.4318688713330645, 0.6729526902061473, -0.8915939124749712, 0.5113759196507509]",28.409085712727876,0.6337284073662067
"[0.4318590260518832, 0.6729494638074454, -0.8915926011289247, 0.5113792730392371]",28.409088327592983,0.6337912398476033
"[0.43184918174768655, 0.6729462380413287, -0.8915912900268226, 0.5113826257975114]",28.4090909467022,0.6338540723289999
"[0.43183933762629245, 0.6729430126474915, -0.8915899790628816, 0.5113859781961152]",28.409093569074127,0.6339169048103966
"[0.4318294937847304, 0.6729397876576847, -0.8915886682500233, 0.5113893302020397]",28.409096194682732,0.6339797372917931
"[0.43181965163039493, 0.6729365635328597, -0.8915873577756324, 0.5113926813361647]",28.409098834984633,0.6340425697731897
"[0.43180980845859446, 0.6729333393869816, -0.891586047279577, 0.5113960325194186]",28.409101462789522,0.6341054022545864
"[0.43179996673542975, 0.6729301160277771, -0.8915847370901897, 0.5113993829122404]",28.40910410610871,0.634168234735983
"[0.43179012582018034, 0.6729268932452773, -0.8915834271221432, 0.5114027327328577]",28.40910675776726,0.6342310672173795
"[0.4317802841905372, 0.6729236705408986, -0.891582117172803, 0.5114060824995025]",28.409109403409026,0.6342938996987763
"[0.4317704441722289, 0.6729204486761786, -0.8915808075517228, 0.5114094314205996]",28.40911205829149,0.6343567321801729
"[0.43176060326197313, 0.672917226831421, -0.8915794979257338, 0.5114127803481618]",28.409114708324495,0.6344195646615695
"[0.43175076388592115, 0.6729140058008807, -0.8915781886177044, 0.5114161284565961]",28.40911737131147,0.6344823971429661
"[0.43174092453583585, 0.6729107850907261, -0.8915768794269181, 0.5114194762592043]",28.409120037545133,0.6345452296243627
"[0.431731086233174, 0.672907565035241, -0.8915755704892763, 0.5114228234085002]",28.409122709572426,0.6346080621057593
"[0.43172124821809904, 0.6729043453856529, -0.891574261703671, 0.5114261701630626]",28.409125385026947,0.6346708945871559
"[0.4317114104498715, 0.6729011261285839, -0.8915729530646822, 0.5114295165367898]",28.40912806139284,0.6347337270685525
"[0.43170157284156646, 0.6728979072355503, -0.8915716445607491, 0.5114328625592807]",28.409130741240553,0.6347965595499491
"[0.43169173705480113, 0.6728946892501211, -0.8915703364128568, 0.5114362076654845]",28.40913343316144,0.6348593920313457
"[0.43168189993709777, 0.6728914711408629, -0.8915690282017298, 0.5114395529275703]",28.409136116489396,0.6349222245127424
"[0.4316720647916735, 0.6728882539883361, -0.8915677203666516, 0.5114428972222735]",28.40913881748607,0.6349850569941389
"[0.43166222937913007, 0.6728850370599171, -0.8915664126098148, 0.5114462413111582]",28.409141513117422,0.6350478894755356
"[0.4316523947893661, 0.6728818207120404, -0.8915651050761364, 0.5114495848236911]",28.409144221123515,0.6351107219569322
"[0.43164256000590917, 0.6728786046122284, -0.8915637976304707, 0.5114529281054856]",28.409146922259417,0.6351735544383287
"[0.43163272632238603, 0.672875389183446, -0.8915624904447863, 0.5114562707168409]",28.40914963392455,0.6352363869197254
"[0.43162289291184075, 0.6728721741552166, -0.8915611834091416, 0.5114596129389194]",28.409152348503735,0.635299219401122
"[0.43161306000876526, 0.6728689596041555, -0.8915598765546989, 0.5114629546920642]",28.40915507060204,0.6353620518825186
"[0.43160322790054995, 0.6728657456241178, -0.8915585699196406, 0.5114662958786955]",28.40915779314372,0.6354248843639152
"[0.4315933966315515, 0.6728625322295274, -0.8915572635098414, 0.5114696364838044]",28.40916052798848,0.6354877168453118
"[0.4315835648082785, 0.6728593189648712, -0.8915559571401328, 0.5114729769809294]",28.409163256992944,0.6355505493267084
"[0.4315737336104466, 0.6728561062156903, -0.8915546509672732, 0.5114763169692562]",28.40916599238348,0.635613381808105
"[0.4315639036178735, 0.6728528941713589, -0.8915533450682738, 0.5114796562518966]",28.409168733801398,0.6356762142895016
"[0.43155407398801604, 0.6728496825564756, -0.8915520393311843, 0.5114829951151482]",28.409171480232896,0.6357390467708982
"[0.43154424414842335, 0.6728464711839787, -0.8915507336799687, 0.5114863337534773]",28.409174226258035,0.6358018792522948
"[0.4315344150346149, 0.6728432603594477, -0.8915494282388878, 0.5114896718491856]",28.409176977713315,0.6358647117336915
"[0.43152458677574423, 0.672840050124991, -0.8915481230250746, 0.5114930093584829]",28.409179737254682,0.635927544215088
"[0.43151475879077206, 0.672836840290746, -0.8915468179613548, 0.5114963464787475]",28.409182498308947,0.6359903766964847
"[0.43150493079770763, 0.672833630764582, -0.8915455130102871, 0.5114996833057555]",28.409185261736642,0.6360532091778813
"[0.4314951041282443, 0.6728304219813106, -0.8915442083486772, 0.5115030193874385]",28.409188031825312,0.6361160416592779
"[0.4314852770587699, 0.6728272133780432, -0.8915429037476789, 0.5115063553090041]",28.409190804880897,0.6361788741406745
"[0.4314754502886225, 0.6728240051831064, -0.8915415993001428, 0.5115096908330602]",28.40919357753647,0.6362417066220711
"[0.43146562583811665, 0.6728207980559373, -0.891540295274217, 0.5115130252739799]",28.409196369253756,0.6363045391034677
"[0.43145580026103636, 0.6728175908714692, -0.8915389912124636, 0.5115163598014807]",28.40919914986497,0.6363673715848643
"[0.4314459757457545, 0.6728143843439957, -0.8915376874053357, 0.5115196936729011]",28.409201941512084,0.6364302040662609
"[0.4314361517986578, 0.6728111783123203, -0.8915363837873059, 0.5115230270558256]",28.409204739672663,0.6364930365476575
"[0.43142632809490367, 0.6728079726703646, -0.8915350803152634, 0.5115263600605368]",28.409207536828294,0.6365558690290541
"[0.43141650498924017, 0.6728047675338374, -0.8915337770362708, 0.5115296925667194]",28.409210340555916,0.6366187015104509
"[0.43140668214301164, 0.6728015627921882, -0.8915324739053919, 0.5115330246893051]",28.409213143984946,0.6366815339918473
"[0.4313968599113373, 0.6727983585611964, -0.8915311709697297, 0.5115363563079044]",28.409215959041955,0.636744366473244
"[0.43138703822018015, 0.6727951548166543, -0.8915298682194528, 0.5115396874476752]",28.40921877281291,0.6368071989546407
"[0.4313772167161012, 0.6727919514432159, -0.8915285656076757, 0.5115430182285399]",28.40922159153229,0.6368700314360373
"[0.43136739613279224, 0.6727887486801092, -0.8915272632316965, 0.5115463484017457]",28.40922441339902,0.6369328639174338
"[0.431357575684341, 0.67278554627096, -0.89152596098728, 0.5115496782338543]",28.40922724281811,0.6369956963988305
"[0.43134775560766125, 0.6727823442929811, -0.8915246589058411, 0.5115530076445721]",28.409230072971127,0.6370585288802271
"[0.4313379364776636, 0.6727791429335507, -0.891523357063596, 0.5115563364390513]",28.409232909144002,0.6371213613616237
"[0.4313281178507923, 0.6727759420479678, -0.8915220554017191, 0.5115596647677412]",28.409235754741573,0.6371841938430203
"[0.4313182992192434, 0.6727727414706448, -0.891520753852891, 0.5115629928028127]",28.4092385933983,0.6372470263244169
"[0.4313084804564172, 0.6727695411603043, -0.8915194524003397, 0.5115663205871817]",28.409241440093087,0.6373098588058135
"[0.4312986638339154, 0.6727663418572388, -0.8915181513451346, 0.5115696473510529]",28.409244298731828,0.6373726912872101
"[0.43128884696433584, 0.6727631427832543, -0.8915168503708348, 0.5115729739036107]",28.409247152252277,0.6374355237686067
"[0.4312790299339236, 0.672759943966473, -0.8915155494888845, 0.5115763002156062]",28.40925001010995,0.6374983562500033
"[0.4312692138051134, 0.6727567457530298, -0.8915142488400651, 0.511579625927099]",28.409252874389683,0.6375611887314
"[0.431259399145969, 0.6727535483278595, -0.8915129484996139, 0.5115829508457667]",28.40925574962464,0.6376240212127965
"[0.43124958440460864, 0.6727503511853217, -0.8915116482619064, 0.5115862754973978]",28.409258624569254,0.6376868536941931
"[0.43123976933455416, 0.6727471542451225, -0.8915103480943054, 0.5115895999654846]",28.409261498966917,0.6377496861755898
"[0.4312299549447416, 0.6727439578358553, -0.8915090481304628, 0.5115929239083176]",28.409264378720337,0.6378125186569864
"[0.43122014156259575, 0.6727407620640593, -0.8915077484137272, 0.5115962472150929]",28.409267263783054,0.6378753511383829
"[0.4312103283780884, 0.6727375666658697, -0.8915064488368027, 0.5115995701601946]",28.40927015304266,0.6379381836197796
"[0.43120051543728, 0.672734371656247, -0.8915051494057902, 0.5116028927280563]",28.409273045105667,0.6380010161011762
"[0.43119070330204945, 0.6727311772180655, -0.8915038501950836, 0.511606214728492]",28.409275943484285,0.6380638485825728
"[0.4311808910913881, 0.672727983064452, -0.8915025510880253, 0.5116095364598207]",28.409278844937283,0.6381266810639694
"[0.4311710802597692, 0.6727247896687996, -0.8915012522771698, 0.5116128574297297]",28.409281754088887,0.638189513545366
"[0.4311612697906827, 0.6727215967001317, -0.8914999536279231, 0.5116161779824042]",28.40928466752352,0.6382523460267626
"[0.4311514595866756, 0.6727184041266975, -0.8914986551273824, 0.5116194981508542]",28.409287579494148,0.6383151785081593
"[0.43114164926250903, 0.672715211823077, -0.8914973567245633, 0.5116228180655062]",28.40929049137731,0.6383780109895558
"[0.4311318406346694, 0.6727120203802907, -0.891496058659859, 0.5116261371116999]",28.40929342138652,0.6384408434709524
"[0.4311220315373204, 0.6727088290935549, -0.8914947606466318, 0.5116294560223869]",28.409296347792967,0.6385036759523491
"[0.4311122235224427, 0.6727056384677323, -0.8914934628902499, 0.5116327742725061]",28.409299281162802,0.6385665084337457
"[0.4311024155234915, 0.6727024481558167, -0.8914921652495809, 0.5116360922229313]",28.409302213562157,0.6386293409151422
"[0.4310926068804645, 0.6726992579431169, -0.8914908676373232, 0.5116394100969404]",28.409305148658376,0.6386921733965389
"[0.43108280069286514, 0.6726960688376409, -0.8914895704634953, 0.5116427268461743]",28.409308093980265,0.6387550058779355
"[0.4310729947265834, 0.6726928801126768, -0.891488273432528, 0.5116460432264135]",28.40931104644832,0.638817838359332
"[0.4310631884001001, 0.6726896915791138, -0.8914869764675155, 0.5116493594343335]",28.40931399633302,0.6388806708407287
"[0.4310533826682273, 0.6726865035473799, -0.8914856796947433, 0.5116526751470696]",28.40931694742561,0.6389435033221254
"[0.4310435776106146, 0.6726833160432976, -0.8914843831247304, 0.5116559903377521]",28.409319904485766,0.639006335803522
"[0.43103377314372393, 0.6726801290396187, -0.8914830867464173, 0.5116593050347101]",28.4093228742152,0.6390691682849186
"[0.43102396895854034, 0.6726769424358495, -0.8914817905189377, 0.511662619342453]",28.409325840871457,0.6391320007663152
"[0.4310141658496247, 0.6726737564901627, -0.8914804945473266, 0.5116659329924498]",28.40932881666016,0.6391948332477118
"[0.43100436254597785, 0.6726705707894117, -0.8914791986635511, 0.5116692464143984]",28.409331788766526,0.6392576657291085
"[0.4309945595050425, 0.6726673854822517, -0.8914779029280864, 0.5116725594536751]",28.409334766387587,0.639320498210505
"[0.4309847580418278, 0.6726642009958445, -0.891476607514723, 0.5116758716659757]",28.409337757593548,0.6393833306919016
"[0.4309749560506971, 0.6726610166460143, -0.891475312145159, 0.5116791837629067]",28.40934074420808,0.6394461631732983
"[0.4309651548446536, 0.6726578328592815, -0.8914740169929163, 0.5116824953008289]",28.409343736351104,0.6395089956546949
"[0.43095535424863357, 0.672654649578695, -0.8914727220348451, 0.5116858063389668]",28.409346731497283,0.6395718281360914
"[0.4309455541370983, 0.6726514667634154, -0.8914714272543481, 0.5116891169197867]",28.40934973478543,0.6396346606174881
"[0.43093575383397065, 0.6726482841938161, -0.8914701325621056, 0.5116924272717257]",28.409352739573887,0.6396974930988847
"[0.4309259548507995, 0.6726451023607141, -0.8914688381577927, 0.5116957368842476]",28.409355747869036,0.6397603255802813
"[0.43091615586177184, 0.6726419208335152, -0.8914675438662605, 0.5116990462052277]",28.409358762117108,0.6398231580616779
"[0.4309063576096512, 0.6726387398533269, -0.8914662497856122, 0.5117023549838634]",28.409361779965987,0.6398859905430745
"[0.43089655986625147, 0.6726355593459921, -0.8914649558856972, 0.5117056632972805]",28.40936480055909,0.6399488230244711
"[0.43088676244306284, 0.6726323792502756, -0.8914636621416145, 0.5117089712091631]",28.40936782912769,0.6400116555058677
"[0.43087696571750056, 0.6726291996885694, -0.8914623686031921, 0.511712278592193]",28.409370856401615,0.6400744879872643
"[0.4308671686435252, 0.6726260203213887, -0.891461075132316, 0.5117155857994912]",28.409373888811793,0.6401373204686609
"[0.4308573729969024, 0.6726228417249288, -0.891459781963422, 0.5117188922316841]",28.40937693102993,0.6402001529500576
"[0.4308475779141405, 0.6726196636188724, -0.8914584889824921, 0.5117221981803484]",28.409379972970267,0.6402629854314542
"[0.4308377823648979, 0.6726164856689039, -0.8914571960535231, 0.5117255039932406]",28.409383017828656,0.6403258179128507
"[0.43082798801099625, 0.6726133084141003, -0.8914559033958576, 0.511728809109585]",28.4093860668944,0.6403886503942474
"[0.4308181935171734, 0.6726101314212515, -0.8914546108332577, 0.5117321139800144]",28.409389118195065,0.640451482875644
"[0.4308084003681863, 0.6726069551718823, -0.8914533185616511, 0.5117354181036103]",28.409392179824355,0.6405143153570406
"[0.4307986069911126, 0.6726037791557706, -0.8914520263734694, 0.5117387220111251]",28.409395242167623,0.6405771478384372
"[0.4307888142413196, 0.6726006036502749, -0.8914507343815753, 0.5117420254140242]",28.40939830635946,0.6406399803198338
"[0.4307790222341167, 0.6725974286927042, -0.8914494426011665, 0.5117453282734828]",28.409401379593433,0.6407028128012304
"[0.4307692304869527, 0.6725942541265341, -0.8914481509685749, 0.5117486307523211]",28.40940445238832,0.640765645282627
"[0.43075943905024755, 0.6725910799680693, -0.8914468594904494, 0.5117519328335678]",28.40940753018034,0.6408284777640236
"[0.43074964844105057, 0.6725879063848417, -0.8914455682349769, 0.5117552343429291]",28.409410615564575,0.6408913102454202
"[0.43073985802597314, 0.6725847331714846, -0.8914442771186121, 0.5117585354940383]",28.409413700658362,0.6409541427268168
"[0.43073006848777873, 0.6725815605492225, -0.891442986231384, 0.5117618360567413]",28.409416794295907,0.6410169752082134
"[0.4307202790315149, 0.67257838826036, -0.891441695468459, 0.5117651362991145]",28.40941988682227,0.64107980768961
"[0.4307104895212953, 0.672575216260845, -0.8914404048119274, 0.5117684362669804]",28.409422984221095,0.6411426401710068
"[0.43070070230901103, 0.6725720453126205, -0.8914391145718346, 0.5117717351676407]",28.409426095964644,0.6412054726524034
"[0.43069091400612763, 0.6725688743177426, -0.891437824301459, 0.5117750341433335]",28.409429196676587,0.6412683051337998
"[0.4306811269736898, 0.672565704041088, -0.8914365343120336, 0.5117783323983021]",28.409432317305868,0.6413311376151966
"[0.43067133931792534, 0.6725625338691503, -0.8914352443539444, 0.5117816305708114]",28.40943542537589,0.6413939700965932
"[0.4306615532175465, 0.6725593645075493, -0.8914339547143258, 0.5117849279267399]",28.409438549260997,0.6414568025779898
"[0.4306517665117318, 0.6725561952564091, -0.8914326651084107, 0.5117882251942183]",28.40944166629534,0.6415196350593864
"[0.4306419814163097, 0.6725530268332212, -0.8914313758281719, 0.511791521626762]",28.40944479936125,0.641582467540783
"[0.43063219640609174, 0.6725498587440311, -0.8914300866726297, 0.5117948177382692]",28.409447933115114,0.6416453000221796
"[0.430622412390061, 0.6725466912830881, -0.8914287977615303, 0.5117981132225878]",28.409451072361293,0.6417081325035762
"[0.43061262778964177, 0.6725435239392535, -0.8914275088869194, 0.5118014086115108]",28.40945420903576,0.6417709649849728
"[0.4306028439759832, 0.6725403571564093, -0.8914262202294154, 0.5118047034432014]",28.40945735256854,0.6418337974663694
"[0.4305930610933159, 0.6725371909811202, -0.8914249318079943, 0.5118079976691989]",28.409460502653502,0.641896629947766
"[0.4305832779951759, 0.6725340250422895, -0.8914236434716605, 0.5118112916755995]",28.409463654848466,0.6419594624291627
"[0.4305734958906072, 0.6725308597311227, -0.8914223553796274, 0.511814585055363]",28.409466808095917,0.6420222949105592
"[0.43056371373860336, 0.672527694710708, -0.8914210673948092, 0.5118178781590228]",28.409469968974243,0.6420851273919558
"[0.43055393255722, 0.6725245303103822, -0.8914197796512414, 0.5118211706439031]",28.40947313407628,0.6421479598733525
"[0.43054415149194375, 0.6725213662536316, -0.8914184920364134, 0.5118244627976986]",28.409476302344014,0.6422107923547491
"[0.43053437168884595, 0.6725182029110642, -0.8914172047011817, 0.5118277542347883]",28.409479478461293,0.6422736248361457
"[0.4305245919594427, 0.6725150398982354, -0.8914159174890883, 0.5118310453551694]",28.40948265815275,0.6423364573175423
"[0.4305148123965811, 0.6725118772451236, -0.8914146304123587, 0.511834336127642]",28.40948583792648,0.6423992897989389
"[0.43050503349330155, 0.6725087151111189, -0.8914133435358743, 0.5118376263863501]",28.40948902416437,0.6424621222803355
"[0.4304952552242005, 0.6725055534879281, -0.8914120568562784, 0.5118409161399109]",28.409492213802896,0.6425249547617321
"[0.43048547668696696, 0.6725023920837717, -0.8914107702548417, 0.5118442056919209]",28.409495406622064,0.6425877872431287
"[0.43047569968803595, 0.6724992314825902, -0.8914094839692299, 0.5118474944347573]",28.40949860431437,0.6426506197245253
"[0.4304659224060119, 0.6724960710955088, -0.8914081977598023, 0.5118507829811593]",28.409501805949155,0.6427134522059219
"[0.43045614603719706, 0.67249291130917, -0.8914069117839308, 0.5118540709287954]",28.409505009401556,0.6427762846873185
"[0.43044636997234387, 0.6724897519265849, -0.8914056259614619, 0.5118573584826331]",28.409508219372043,0.6428391171687151
"[0.43043659408698287, 0.6724865929074887, -0.891404340276025, 0.5118606456845629]",28.40951143333054,0.6429019496501118
"[0.43042681884188977, 0.672483434400722, -0.8914030547882129, 0.511863932379694]",28.40951465233467,0.6429647821315083
"[0.4304170441810787, 0.6724802763881187, -0.8914017694906501, 0.511867218586919]",28.40951787282948,0.6430276146129049
"[0.4304072701557851, 0.6724771188861598, -0.8914004843900608, 0.511870504289076]",28.40952109987156,0.6430904470943016
"[0.43039749595096277, 0.6724739616315106, -0.8913991993792821, 0.5118737897601832]",28.40952432580247,0.6431532795756982
"[0.43038772300884404, 0.6724708050899532, -0.8913979146479127, 0.5118770745155329]",28.409527563361415,0.6432161120570947
"[0.4303779501720383, 0.6724676488875863, -0.8913966300437894, 0.5118803589442013]",28.409530800248913,0.6432789445384914
"[0.43036817759794266, 0.6724644930752218, -0.8913953455876025, 0.5118836429933038]",28.409534042564363,0.643341777019888
"[0.4303584056511061, 0.6724613377705156, -0.8913940613272597, 0.5118869265403933]",28.40953728933192,0.6434046095012846
"[0.4303486343723876, 0.6724581829865812, -0.8913927772681158, 0.5118902095718119]",28.409540540438883,0.6434674419826812
"[0.4303388636947, 0.6724550287016816, -0.8913914934013414, 0.5118934921101689]",28.409543797281746,0.6435302744640778
"[0.43032909291030924, 0.6724518746872978, -0.8913902096339394, 0.5118967743932661]",28.40954705539536,0.6435931069454744
"[0.43031932305494836, 0.6724487212777103, -0.8913889261019876, 0.5119000560732183]",28.409550316465655,0.6436559394268712
"[0.43030955331742216, 0.6724455682110235, -0.8913876426989031, 0.5119033374225638]",28.40955358125933,0.6437187719082677
"[0.4302997845042733, 0.6724424157474556, -0.8913863595306283, 0.511906618170487]",28.409556852724865,0.6437816043896643
"[0.430290015579068, 0.6724392635525149, -0.8913850764610164, 0.5119098986650806]",28.409560125414327,0.643844436871061
"[0.4302802476042802, 0.6724361119689597, -0.8913837936296105, 0.5119131785496261]",28.409563406323983,0.6439072693524576
"[0.4302704805323264, 0.6724329609813374, -0.8913825110301355, 0.5119164578401915]",28.409566692589905,0.6439701018338541
"[0.43026071279363926, 0.672429810083258, -0.8913812284564833, 0.511919737063778]",28.409569975689603,0.6440329343152508
"[0.43025094591670177, 0.6724266597677571, -0.8913799461093582, 0.5119230157072633]",28.40957326505996,0.6440957667966474
"[0.4302411801001598, 0.6724235100987973, -0.8913786640148169, 0.5119262937040651]",28.40957656416488,0.644158599278044
"[0.4302314142396883, 0.6724203607201481, -0.8913773820278694, 0.5119295714249175]",28.409579864733693,0.6442214317594406
"[0.4302216489699008, 0.6724172118364216, -0.8913761002318218, 0.511932848656861]",28.409583167703325,0.6442842642408372
"[0.43021188398569, 0.6724140633491742, -0.8913748185866185, 0.5119361255023418]",28.409586472875766,0.6443470967222338
"[0.4302021197585182, 0.672410915410353, -0.8913735371541279, 0.5119394018032076]",28.40958978586104,0.6444099292036304
"[0.4301923556248037, 0.6724077678059643, -0.8913722558472569, 0.5119426777821686]",28.409593099919658,0.644472761685027
"[0.4301825919616643, 0.6724046206575311, -0.891370974715492, 0.5119459533127361]",28.409596417457266,0.6445355941664236
"[0.4301728293125451, 0.6724014741401392, -0.8913696938301221, 0.5119492282126696]",28.409599744573402,0.6445984266478203
"[0.43016306685446704, 0.672398327988467, -0.8913684130831584, 0.5119525027581052]",28.409603072927986,0.6446612591292168
"[0.4301533042290286, 0.6723951820869916, -0.8913671324275891, 0.5119557770692734]",28.409606397494564,0.6447240916106134
"[0.4301435436160731, 0.6723920371380406, -0.8913658521493408, 0.511959050415165]",28.409609740933384,0.6447869240920101
"[0.4301337822580278, 0.672388892253027, -0.8913645718866947, 0.5119623237206332]",28.409613078177703,0.6448497565734067
"[0.43012402104455305, 0.672385747718589, -0.8913632917563539, 0.5119655966873309]",28.409616419510996,0.6449125890548032
"[0.4301142616070652, 0.6723826040601676, -0.8913620119722446, 0.511968868768343]",28.409619769224904,0.6449754215361999
"[0.43010450160690955, 0.6723794605243824, -0.891360732227679, 0.5119721407478143]",28.409623121725424,0.6450382540175965
"[0.43009474276635623, 0.6723763176658925, -0.8913594527484816, 0.5119754120484138]",28.40962647845711,0.6451010864989931
"[0.43008498398605105, 0.6723731751305886, -0.8913581733905027, 0.5119786830387111]",28.409629838163685,0.6451639189803897
"[0.43007522544715465, 0.6723700329767552, -0.8913568941774953, 0.5119819536580321]",28.409633202858927,0.6452267514617863
"[0.4300654677015001, 0.6723668913820289, -0.8913556151817874, 0.5119852237214664]",28.409636568729233,0.6452895839431829
"[0.43005571023146894, 0.672363750179683, -0.8913543363355215, 0.511988493402548]",28.40963994350617,0.6453524164245796
"[0.4300459531721477, 0.6723606094131582, -0.8913530576563988, 0.5119917626560501]",28.409643314206843,0.6454152489059761
"[0.4300361973551474, 0.6723574693500515, -0.8913517792533828, 0.5119950312034155]",28.40964670057485,0.6454780813873727
"[0.43002644118960165, 0.6723543294782612, -0.8913505009179985, 0.5119982995776894]",28.409650084417038,0.6455409138687694
"[0.43001668551507627, 0.6723511900679568, -0.8913492227602592, 0.512001567497639]",28.409653469076794,0.645603746350166
"[0.4300069305182934, 0.6723480511791611, -0.8913479448046158, 0.5120048349007731]",28.40965686141615,0.6456665788315625
"[0.42999717668520643, 0.6723449129681376, -0.8913466671147064, 0.5120081016244163]",28.409660264574686,0.6457294113129592
"[0.4299874222109861, 0.672341774854148, -0.89134538945411, 0.5120113682730802]",28.409663660513004,0.6457922437943558
"[0.4299776680738808, 0.6723386371519089, -0.8913441119509719, 0.5120146345191526]",28.40966706395621,0.6458550762757524
"[0.42996791518678035, 0.6723355001549862, -0.8913428347248346, 0.5120179000570274]",28.40967047103583,0.645917908757149
"[0.42995816296911227, 0.6723323636765263, -0.8913415576996422, 0.5120211650812012]",28.409673888966456,0.6459807412385457
"[0.42994841000079703, 0.6723292272598005, -0.8913402806894477, 0.512024430067115]",28.40967729978125,0.6460435737199423
"[0.4299386587073158, 0.6723260916847473, -0.8913390040118253, 0.5120276942028483]",28.409680724854045,0.6461064062013389
"[0.42992890704815795, 0.6723229562951482, -0.891337727399609, 0.5120309581715142]",28.409684149802064,0.6461692386827355
"[0.4299191569874865, 0.6723198217224569, -0.8913364511099187, 0.5120342213157508]",28.40968758050619,0.6462320711641321
"[0.429909405545657, 0.6723166870087107, -0.8913351747527202, 0.5120374846328073]",28.40969100744466,0.6462949036455288
"[0.4298996564450159, 0.6723135533504415, -0.89133389881522, 0.5120407468770535]",28.409694444298683,0.6463577361269253
"[0.4298899069156747, 0.67231041985721, -0.8913326229348774, 0.512044008975452]",28.409697888358572,0.6464205686083219
"[0.429880157861306, 0.6723072868194417, -0.8913313472299585, 0.5120472706256513]",28.409701332786153,0.6464834010897186
"[0.4298704094323913, 0.6723041542854227, -0.8913300717201441, 0.5120505317773726]",28.409704780956137,0.6465462335711152
"[0.429860661468172, 0.6723010222034378, -0.8913287963843889, 0.5120537924844423]",28.409708235013312,0.6466090660525117
"[0.4298509140822078, 0.6722978906098884, -0.8913275212375399, 0.5120570527089554]",28.40971169381122,0.6466718985339084
"[0.42984116623309176, 0.6722947591701914, -0.8913262461433676, 0.5120603127992296]",28.409715148086505,0.646734731015305
"[0.4298314205071225, 0.6722916287150792, -0.8913249714401582, 0.5120635718903906]",28.409718621147967,0.6467975634967016
"[0.4298216737448271, 0.6722884982296234, -0.8913236967146545, 0.5120668310390609]",28.409722086650252,0.6468603959780982
"[0.4298119281975884, 0.6722853684368906, -0.8913224222613075, 0.5120700894924495]",28.40972555991785,0.6469232284594948
"[0.42980218335465514, 0.6722822391727563, -0.8913211480132993, 0.5120733474214123]",28.409729040058373,0.6469860609408914
"[0.42979243846848564, 0.6722791101971232, -0.8913198738728766, 0.5120766050759105]",28.409732518058227,0.647048893422288
"[0.42978269386888523, 0.6722759816158461, -0.8913185998831661, 0.5120798623457282]",28.409736003744666,0.6471117259036846
"[0.4297729504425821, 0.6722728537135523, -0.8913173261600789, 0.512083118934518]",28.409739495439272,0.6471745583850812
"[0.4297632069745201, 0.6722697261000754, -0.8913160525447634, 0.5120863752484881]",28.409742984866735,0.6472373908664778
"[0.42975346402244974, 0.67226659895444, -0.8913147791101255, 0.5120896311012378]",28.40974648597393,0.6473002233478745
"[0.4297437214353732, 0.6722634722281058, -0.8913135058364225, 0.512092886543296]",28.409749982336347,0.647363055829271
"[0.4297339794200186, 0.6722603459873667, -0.8913122327506637, 0.512096141505629]",28.40975348916704,0.6474258883106677
"[0.4297242377921704, 0.6722572201730408, -0.8913109598287667, 0.5120993960498451]",28.409756997806824,0.6474887207920643
"[0.42971449750174145, 0.6722540950898325, -0.8913096871948335, 0.5121026498586785]",28.40976051700718,0.6475515532734609
"[0.42970475667117347, 0.6722509701352892, -0.8913084146035428, 0.5121059035593872]",28.409764032431873,0.6476143857548575
"[0.4296950165763739, 0.6722478457187082, -0.8913071422215895, 0.5121091567258047]",28.409767554373754,0.6476772182362541
"[0.42968527626082115, 0.672244721533216, -0.8913058699240198, 0.5121124096774406]",28.409771074840144,0.6477400507176507
"[0.42967553683708454, 0.6722415979356244, -0.8913045978561558, 0.5121156620427679]",28.409774603207605,0.6478028831990473
"[0.4296657990054559, 0.6722384751503768, -0.8913033261094269, 0.5121189135880752]",28.4097781435237,0.6478657156804439
"[0.4296560606809163, 0.6722353525087877, -0.8913020544115221, 0.5121221650096076]",28.40978167965626,0.6479285481618405
"[0.4296463230700809, 0.6722322303977302, -0.8913007829200134, 0.5121254159045305]",28.409785222330456,0.6479913806432371
"[0.42963658508649244, 0.6722291084688417, -0.8912995114930385, 0.5121286666355667]",28.409788764129875,0.6480542131246337
"[0.4296268486277901, 0.6722259873303759, -0.8912982403783489, 0.5121319165693595]",28.409792315159667,0.6481170456060303
"[0.4296171123378547, 0.672222866547561, -0.8912969693988779, 0.512135166158606]",28.40979586895518,0.6481798780874269
"[0.4296073763925605, 0.6722197461767169, -0.891295698577584, 0.5121384153446541]",28.409799429386403,0.6482427105688237
"[0.4295976405675924, 0.6722166261459046, -0.891294427885187, 0.5121416642024046]",28.409802986465458,0.6483055430502201
"[0.4295879055382293, 0.6722135066714763, -0.8912931574098149, 0.5121449125065615]",28.409806550905,0.6483683755316167
"[0.4295781706974751, 0.6722103875588644, -0.8912918870722416, 0.5121481604597176]",28.40981012005325,0.6484312080130135
"[0.42956843723921884, 0.6722072691905373, -0.8912906170282437, 0.5121514076635915]",28.409813697686637,0.6484940404944101
"[0.42955870354603315, 0.6722041510481441, -0.891289347066764, 0.512154654657944]",28.409817273760172,0.6485568729758067
"[0.42954897020719074, 0.6722010333205297, -0.8912880772646904, 0.5121579012461142]",28.40982085615606,0.6486197054572033
"[0.42953923745874717, 0.6721979160832133, -0.89128680765281, 0.5121611473494534]",28.40982444403089,0.6486825379385999
"[0.42952950536917506, 0.6721947993580489, -0.8912855382400419, 0.5121643929451921]",28.4098280338301,0.6487453704199965
"[0.4295197737512814, 0.67219168308503, -0.8912842690019562, 0.5121676380958072]",28.409831626885364,0.6488082029013931
"[0.429510041804945, 0.6721885670078814, -0.8912829998342056, 0.512170883068167]",28.409835220053182,0.6488710353827897
"[0.42950031070640665, 0.6721854515032193, -0.8912817308901841, 0.5121741274700659]",28.4098388205263,0.6489338678641863
"[0.4294905810975877, 0.6721823367764188, -0.891280462253566, 0.5121773710876178]",28.40984243506029,0.648996700345583
"[0.4294808511160279, 0.672179222231213, -0.8912791936814952, 0.5121806145417508]",28.409846042520584,0.6490595328269795
"[0.4294711215056556, 0.6721761081056361, -0.8912779252709724, 0.5121838575845762]",28.409849654631362,0.6491223653083761
"[0.4294613930503551, 0.6721729946505738, -0.8912766571241699, 0.5121870999548057]",28.409853274737856,0.6491851977897728
"[0.4294516643124362, 0.6721698814058295, -0.891275389053671, 0.5121903421316824]",28.409856896670952,0.6492480302711694
"[0.42944193585522356, 0.6721667685516525, -0.8912741211329097, 0.5121935839274854]",28.409860520458036,0.6493108627525659
"[0.4294322083813612, 0.6721636563127954, -0.8912728534534482, 0.5121968251081411]",28.4098641491626,0.6493736952339626
"[0.4294224807012566, 0.6721605443086008, -0.8912715858602537, 0.5122000660700677]",28.409867782398372,0.6494365277153592
"[0.42941275446944804, 0.6721574330683028, -0.8912703185689118, 0.5122033062620901]",28.4098714193605,0.6494993601967558
"[0.42940302836561567, 0.6721543221694645, -0.8912690514073708, 0.5122065461241402]",28.409875065214653,0.6495621926781524
"[0.42939330243067236, 0.6721512116251462, -0.8912677843809634, 0.5122097856426086]",28.4098787076538,0.649625025159549
"[0.4293835764969736, 0.6721481013816909, -0.8912665174678555, 0.5122130248733708]",28.40988235596244,0.6496878576409456
"[0.42937385179440013, 0.6721449918323421, -0.891265250828239, 0.512216263406863]",28.409886010299942,0.6497506901223423
"[0.4293641277867386, 0.672141882805529, -0.8912639843922474, 0.5122195014217586]",28.409889670029138,0.6498135226037388
"[0.4293544038040845, 0.672138774087025, -0.8912627180726285, 0.5122227391411622]",28.409893333304787,0.6498763550851354
"[0.4293446802950958, 0.6721356658201993, -0.8912614519278087, 0.5122259764157485]",28.409896997521912,0.6499391875665321
"[0.42933495683063755, 0.6721325578678429, -0.8912601859019076, 0.5122292133884119]",28.409900663420338,0.6500020200479286
"[0.4293252345948493, 0.6721294506083804, -0.8912589201490894, 0.5122324496650066]",28.40990434096698,0.6500648525293252
"[0.4293155125273506, 0.6721263437028343, -0.8912576545312849, 0.5122356855985722]",28.40990801832739,0.6501276850107219
"[0.42930579087417564, 0.6721232372297605, -0.891256389080522, 0.5122389211072831]",28.409911701231138,0.6501905174921185
"[0.4292960701953959, 0.6721201313680445, -0.8912551238696866, 0.5122421560048116]",28.40991538889698,0.650253349973515
"[0.4292863494251267, 0.6721170257770908, -0.8912538587600397, 0.5122453906458923]",28.40991907833436,0.6503161824549117
"[0.4292766291705497, 0.6721139206508326, -0.8912525938306037, 0.5122486248285253]",28.409922771708256,0.6503790149363083
"[0.4292669090116943, 0.6721108158550657, -0.8912513290267234, 0.5122518586924844]",28.409926469680848,0.6504418474177049
"[0.42925718932655477, 0.6721077115104858, -0.8912500643975828, 0.5122550921120473]",28.409930165847804,0.6505046798991015
"[0.4292474706863719, 0.6721046077994471, -0.8912488000174873, 0.512258324897266]",28.409933873714603,0.6505675123804981
"[0.4292377521143033, 0.6721015044099253, -0.8912475357593393, 0.5122615573731291]",28.40993758460124,0.6506303448618947
"[0.4292280343501319, 0.6720984015780929, -0.8912462717193679, 0.5122647892936314]",28.409941295898506,0.6506931773432915
"[0.4292183170203809, 0.6720952991846252, -0.8912450078489794, 0.5122680207830504]",28.40994501607052,0.650756009824688
"[0.4292085998076774, 0.6720921971281559, -0.8912437441068929, 0.5122712519469617]",28.4099487366403,0.6508188423060846
"[0.42919888349469865, 0.6720890956584774, -0.8912424805948883, 0.5122744825251656]",28.409952463749693,0.6508816747874813
"[0.4291891669754581, 0.6720859944224962, -0.8912412171691381, 0.5122777128854467]",28.40995619288631,0.6509445072688779
"[0.42917945149564063, 0.6720828938177578, -0.8912399539916107, 0.5122809426136954]",28.409959928047456,0.6510073397502744
"[0.4291697362503014, 0.6720797935872899, -0.8912386909576346, 0.5122841719775751]",28.409963664655383,0.6510701722316711
"[0.42916002197086933, 0.6720766939644254, -0.8912374281622878, 0.5122874007340228]",28.409967408332474,0.6511330047130677
"[0.4291503071487886, 0.6720735944677803, -0.8912361654094673, 0.5122906293844691]",28.40997115049578,0.6511958371944643
"[0.4291405934607605, 0.6720704956322652, -0.8912349029171114, 0.5122938573717047]",28.409974901904665,0.6512586696758609
"[0.4291308801400531, 0.672067397213184, -0.8912336405855501, 0.5122970849506125]",28.409978655959453,0.6513215021572575
"[0.4291211672735356, 0.6720642992381819, -0.8912323784260665, 0.5123003120923858]",28.40998241530685,0.6513843346386541
"[0.42911145502207854, 0.6720612017585181, -0.8912311164595546, 0.5123035387436161]",28.409986177864152,0.6514471671200508
"[0.42910174298636417, 0.6720581046467735, -0.8912298546341216, 0.5123067650370283]",28.409989941367172,0.6515099996014473
"[0.4290920314168046, 0.6720550079827686, -0.8912285929822987, 0.5123099908894612]",28.409993710491406,0.6515728320828439
"[0.4290823203648934, 0.6720519117828537, -0.8912273315107659, 0.5123132162838735]",28.409997484620824,0.6516356645642406
"[0.42907260976001016, 0.6720488160244498, -0.891226070210341, 0.512316441243776]",28.41000126155368,0.6516984970456372
"[0.4290628992991119, 0.6720457206109128, -0.8912248090416597, 0.5123196658698361]",28.41000503824619,0.6517613295270337
"[0.42905318961558975, 0.6720426257440576, -0.8912235480869769, 0.5123228899518074]",28.410008825631333,0.6518241620084304
"[0.429043480344315, 0.6720395313074631, -0.8912222872988624, 0.5123261136109578]",28.410012617127236,0.651886994489827
"[0.42903377221726424, 0.6720364375343171, -0.8912210267723466, 0.5123293366043503]",28.410016413894198,0.6519498269712235
"[0.4290240638816508, 0.6720333439934664, -0.8912197663317724, 0.5123325593811355]",28.410020207616185,0.6520126594526202
"[0.4290143554112134, 0.6720302507083734, -0.8912185059867271, 0.5123357819168678]",28.41002400847087,0.6520754919340168
"[0.4290046482731043, 0.6720271581464575, -0.8912172459276623, 0.512339003724584]",28.410027814208412,0.6521383244154134
"[0.4289949414343715, 0.6720240659785319, -0.8912159860204725, 0.5123422251472162]",28.410031627856917,0.65220115689681
"[0.42898523485359663, 0.6720209741913593, -0.8912147262597799, 0.5123454461985459]",28.410035436386256,0.6522639893782066
"[0.42897552889138546, 0.6720178828997463, -0.8912134666923781, 0.5123486667589575]",28.41003925396631,0.6523268218596032
"[0.4289658233651846, 0.6720147920454782, -0.8912122072945665, 0.512351886889089]",28.410043077471382,0.6523896543409998
"[0.42895611799786065, 0.6720117015402604, -0.8912109480303814, 0.5123551066809192]",28.410046901215015,0.6524524868223964
"[0.42894641392820004, 0.6720086117466332, -0.8912096890475615, 0.51235832575673]",28.410050731361363,0.652515319303793
"[0.42893670935480144, 0.6720055220909729, -0.8912084301123921, 0.5123615447141358]",28.410054565111135,0.6525781517851897
"[0.42892700526536215, 0.67200243288772, -0.891207171353011, 0.5123647632255312]",28.410058399706045,0.6526409842665863
"[0.42891730205544853, 0.6719993442627112, -0.8912059128207133, 0.5123679811598005]",28.41006224181637,0.6527038167479828
"[0.4289075991209188, 0.6719962560235837, -0.8912046544371276, 0.5123711987173485]",28.4100660839842,0.6527666492293795
"[0.42889789723607813, 0.6719931684166931, -0.8912033963026595, 0.5123744156414926]",28.410069939200124,0.6528294817107761
"[0.4288881951215973, 0.6719900810348483, -0.8912021382513997, 0.5123776323564683]",28.4100737883721,0.6528923141921728
"[0.42887849405304984, 0.6719869942839013, -0.8912008804487423, 0.512380848439412]",28.410077649014294,0.6529551466735694
"[0.4288687922943491, 0.6719839076114194, -0.8911996226695957, 0.5123840644658959]",28.410081503645603,0.653017979154966
"[0.42885909195862787, 0.6719808216896569, -0.8911983651879102, 0.5123872797354833]",28.41008537170196,0.6530808116363626
"[0.4288493918773979, 0.6719777361467942, -0.8911971078521902, 0.5123904946355662]",28.410089239160538,0.6531436441177592
"[0.42883969180953146, 0.671974650906107, -0.8911958506311838, 0.5123937092460777]",28.410093109566475,0.6532064765991558
"[0.42882999293677454, 0.6719715663433744, -0.8911945936780434, 0.5123969231754711]",28.41009698793991,0.6532693090805524
"[0.4288202940879642, 0.6719684820860724, -0.8911933368409749, 0.5124001368118821]",28.410100864923475,0.653332141561949
"[0.4288105960628159, 0.6719653983884518, -0.8911920802236043, 0.5124033498903852]",28.410104753150804,0.6533949740433457
"[0.42880089826671425, 0.6719623150613737, -0.8911908237488735, 0.5124065626080441]",28.410108644760363,0.6534578065247422
"[0.4287912020016285, 0.6719592325186922, -0.8911895675854465, 0.5124097745336246]",28.410112539281236,0.6535206390061388
"[0.42878150390478087, 0.6719561496913395, -0.8911883112976852, 0.5124129867810601]",28.410116432126244,0.6535834714875355
"[0.42877180784599156, 0.6719530678094283, -0.8911870553868879, 0.5124161980685905]",28.410120335777723,0.653646303968932
"[0.4287621120380764, 0.6719499863047811, -0.8911857996215327, 0.5124194089882345]",28.410124240356932,0.6537091364503287
"[0.428752416307884, 0.671946905122334, -0.891184543979196, 0.5124226195973612]",28.410128149566624,0.6537719689317253
"[0.4287427208320974, 0.6719438243182035, -0.8911832884827608, 0.5124258298374893]",28.410132057803235,0.6538348014131219
"[0.4287330264870516, 0.6719407441707698, -0.8911820332456899, 0.5124290394185306]",28.410135974840887,0.6538976338945185
"[0.42872333233577054, 0.6719376643822538, -0.891180778146648, 0.5124322486507655]",28.410139898630746,0.6539604663759151
"[0.42871363862788464, 0.6719345850319135, -0.8911795232179507, 0.5124354574515968]",28.410143820880116,0.6540232988573117
"[0.42870394599920647, 0.6719315063216394, -0.8911782685418903, 0.512438665610634]",28.410147751133064,0.6540861313387083
"[0.4286942531905797, 0.6719284278514209, -0.8911770139554663, 0.5124418735446966]",28.410151686462015,0.6541489638201049
"[0.42868455977999526, 0.6719253494872457, -0.8911757594040769, 0.5124450813934298]",28.410155618004925,0.6542117963015015
"[0.4286748681165138, 0.6719222719750584, -0.8911745051917331, 0.5124482883795011]",28.4101595541419,0.6542746287828981
"[0.4286651771397528, 0.6719191949779649, -0.8911732511811749, 0.5124514948539637]",28.410163501935724,0.6543374612642948
"[0.42865548572769785, 0.6719161181397324, -0.8911719972272172, 0.5124547011880308]",28.410167448224033,0.6544002937456913
"[0.4286457950599018, 0.6719130418348007, -0.8911707434824823, 0.5124579069914972]",28.410171398948915,0.6544631262270879
"[0.4286361059292059, 0.6719099663147325, -0.8911694900495134, 0.5124611120021947]",28.4101753604436,0.6545259587084846
"[0.4286264151659081, 0.6719068905733947, -0.8911682365182715, 0.5124643172686122]",28.41017931353932,0.6545887911898812
"[0.42861672634311226, 0.6719038157448117, -0.8911669833509528, 0.5124675216089624]",28.410183280118353,0.6546516236712778
"[0.42860703779300596, 0.6719007412995782, -0.8911657303318081, 0.5124707255749336]",28.410187248238497,0.6547144561526744
"[0.42859734930128673, 0.6718976671696555, -0.8911644774331244, 0.5124739292374233]",28.410191220112672,0.654777288634071
"[0.428587661697526, 0.6718945936182024, -0.891163224762171, 0.5124771323221742]",28.410195196128747,0.6548401211154676
"[0.428577974407649, 0.6718915204630135, -0.8911619722447035, 0.5124803350190591]",28.410199178994684,0.6549029535968642
"[0.42856828747605996, 0.6718884477181317, -0.8911607198864593, 0.5124835373134345]",28.410203157529338,0.6549657860782608
"[0.42855860113283795, 0.6718853754564679, -0.8911594677171755, 0.5124867391293055]",28.410207147044332,0.6550286185596574
"[0.4285489148339508, 0.6718823035054291, -0.8911582156665202, 0.5124899406465345]",28.410211137760115,0.6550914510410542
"[0.4285392291693256, 0.6718792320520612, -0.8911569638107439, 0.5124931416701768]",28.410215131312494,0.6551542835224506
"[0.4285295440721489, 0.671876161075104, -0.8911557121411976, 0.512496342222379]",28.410219128338124,0.6552171160038472
"[0.4285198598538475, 0.6718730906732183, -0.8911544606981119, 0.5124995422003052]",28.410223136568078,0.655279948485244
"[0.42851017548381953, 0.6718700205196032, -0.8911532093483021, 0.5125027419445385]",28.410227142172598,0.6553427809666406
"[0.42850049191121214, 0.6718669509151105, -0.8911519582144078, 0.5125059411415196]",28.410231154163746,0.655405613448037
"[0.4284908083463554, 0.6718638816093684, -0.8911507071943958, 0.5125091400521805]",28.41023516771017,0.6554684459294338
"[0.4284811254834092, 0.6718608128223487, -0.8911494563779401, 0.5125123384472523]",28.410239187122144,0.6555312784108304
"[0.42847144311101576, 0.6718577444869936, -0.8911482057377247, 0.5125155363966133]",28.410243209854546,0.6555941108922269
"[0.4284617610540429, 0.671854676547751, -0.8911469552511222, 0.512518733958153]",28.41024723640437,0.6556569433736236
"[0.4284520798315641, 0.671851609169028, -0.8911457049851617, 0.5125219309605071]",28.41025126677111,0.6557197758550202
"[0.42844239917347265, 0.6718485422651687, -0.8911444549049438, 0.512525127492939]",28.410255304286874,0.6557826083364168
"[0.4284327182990503, 0.6718454755887894, -0.8911432049096544, 0.5125283238132818]",28.4102593394479,0.6558454408178134
"[0.4284230383778223, 0.6718424095103318, -0.8911419551502981, 0.5125315195354233]",28.410263386247223,0.65590827329921
"[0.42841335877615583, 0.6718393438290139, -0.8911407055450533, 0.5125347148686241]",28.410267434077262,0.6559711057806066
"[0.42840367982564276, 0.6718362786497964, -0.8911394561367174, 0.5125379097034742]",28.410271483810856,0.6560339382620033
"[0.428394000255669, 0.6718332135702763, -0.8911382067612819, 0.5125411044593918]",28.410275533366928,0.6560967707433998
"[0.4283843220051223, 0.6718301492043636, -0.8911369576690004, 0.5125442984964844]",28.410279591368482,0.6561596032247964
"[0.42837464413352955, 0.6718270852541757, -0.8911357087384714, 0.5125474921252272]",28.410283654176766,0.6562224357061931
"[0.4283649673106808, 0.6718240219316973, -0.8911344600561154, 0.5125506851246511]",28.410287725518035,0.6562852681875897
"[0.42835528942571516, 0.6718209585686845, -0.8911332113495574, 0.5125538781912823]",28.410291789248106,0.6563481006689862
"[0.4283456136832639, 0.6718178961794407, -0.8911319630322697, 0.5125570702678605]",28.410295865778167,0.6564109331503829
"[0.42833593789341806, 0.6718148340707453, -0.8911307148216924, 0.5125602620769485]",28.41029994786651,0.6564737656317795
"[0.4283262620470045, 0.6718117722396821, -0.8911294667166519, 0.5125634536215803]",28.41030402454825,0.6565365981131761
"[0.42831658656846666, 0.6718087108205343, -0.8911282187718998, 0.512566644761776]",28.4103081116687,0.6565994305945727
"[0.4283069117746365, 0.6718056499134705, -0.8911269710282911, 0.512569835393113]",28.4103121975973,0.6566622630759693
"[0.4282972378333744, 0.671802589571524, -0.8911257235074551, 0.5125730254602974]",28.410316295459733,0.6567250955573659
"[0.428287563740349, 0.6717995294769288, -0.891124476079872, 0.5125762152945554]",28.41032038723054,0.6567879280387626
"[0.4282778912618189, 0.6717964701883129, -0.8911232289732749, 0.5125794043135622]",28.41032449766061,0.6568507605201591
"[0.42826821821573774, 0.6717934110154081, -0.8911219819063143, 0.5125825932368494]",28.410328602631953,0.6569135930015557
"[0.4282585454825037, 0.6717903522366943, -0.8911207349925044, 0.5125857817741178]",28.41033270925025,0.6569764254829524
"[0.42824887291261815, 0.6717872938048337, -0.8911194882125738, 0.5125889699747057]",28.410336818729803,0.657039257964349
"[0.4282392020189589, 0.6717842361981055, -0.8911182417615048, 0.512592157340027]",28.41034094210307,0.6571020904457455
"[0.4282295307242266, 0.6717811787596355, -0.8911169953715478, 0.5125953445548223]",28.41034506053865,0.6571649229271422
"[0.4282198605936393, 0.6717781219842199, -0.8911157492444136, 0.512598531103282]",28.41034918838349,0.6572277554085388
"[0.4282101903498233, 0.6717750654680053, -0.891114503215485, 0.5126017174063954]",28.410353317039178,0.6572905878899353
"[0.4282005204500555, 0.6717720093554853, -0.8911132573436876, 0.5126049033135262]",28.4103574486829,0.657353420371332
"[0.42819085095865544, 0.6717689536669482, -0.8911120116373022, 0.5126080888035146]",28.410361581794668,0.6574162528527286
"[0.42818118223991775, 0.6717658985174415, -0.8911107661432477, 0.5126112737564155]",28.410365727815343,0.6574790853341252
"[0.4281715142072974, 0.6717628438795371, -0.891109520850358, 0.5126144582008096]",28.410369873280317,0.6575419178155218
"[0.4281618463079204, 0.6717597895784914, -0.8911082756874137, 0.5126176423188576]",28.410374023358035,0.6576047502969184
"[0.4281521786193136, 0.6717567356387718, -0.891107030664401, 0.512620826085044]",28.410378174082712,0.657667582778315
"[0.4281425115633691, 0.6717536821935931, -0.8911057858356456, 0.5126240093604814]",28.410382329046776,0.6577304152597118
"[0.4281328451589744, 0.6717506292488469, -0.8911045412035645, 0.5126271921390161]",28.41038648799138,0.6577932477411083
"[0.42812317890367757, 0.6717475766457844, -0.8911032967034569, 0.5126303745861387]",28.410390654244914,0.6578560802225049
"[0.4281135128923838, 0.67174452441435, -0.891102052347542, 0.5126335566706236]",28.410394818953517,0.6579189127039016
"[0.4281038474350404, 0.6717414726523555, -0.8911008081757155, 0.5126367382904875]",28.410398992204954,0.6579817451852982
"[0.4280941835714222, 0.6717384216879871, -0.8910995643217904, 0.5126399191035654]",28.410403172741532,0.6580445776666947
"[0.4280845186341307, 0.6717353706790862, -0.8910983204424402, 0.512643099987849]",28.410407348864407,0.6581074101480914
"[0.4280748546298328, 0.6717323202590961, -0.8910970767959326, 0.5126462802829254]",28.410411530536557,0.658170242629488
"[0.4280651910246053, 0.6717292702594108, -0.8910958333135436, 0.5126494601645675]",28.410415715940186,0.6582330751108846
"[0.4280555280791272, 0.6717262207622425, -0.8910945900288048, 0.5126526395470512]",28.410419909044524,0.6582959075922812
"[0.42804586583326304, 0.6717231717800914, -0.8910933469468296, 0.512655818417333]",28.410424105774517,0.6583587400736778
"[0.4280362035146119, 0.6717201230691757, -0.8910921039682431, 0.5126589970295704]",28.41042830402849,0.6584215725550744
"[0.42802654250260846, 0.6717170750646704, -0.8910908612704838, 0.512662174930036]",28.410432511590216,0.658484405036471
"[0.428016880674527, 0.671714027096825, -0.8910896185805053, 0.5126653528170136]",28.410436712888828,0.6585472375178676
"[0.428007220012416, 0.6717109797908761, -0.8910883761532365, 0.5126685300386087]",28.410440925017852,0.6586100699992642
"[0.42799755968851017, 0.6717079328856285, -0.891087133882203, 0.5126717068671401]",28.410445141025118,0.6586729024806608
"[0.42798789994942804, 0.6717048864588109, -0.8910858917991102, 0.5126748832215547]",28.41044935955807,0.6587357349620575
"[0.42797824071666857, 0.6717018404855997, -0.8910846498938528, 0.512678059127724]",28.410453585861827,0.658798567443454
"[0.4279685818632345, 0.6716987949258878, -0.8910834081500951, 0.512681234627456]",28.410457813402743,0.6588613999248507
"[0.4279589233689196, 0.671695749773256, -0.8910821665652343, 0.5126844097274353]",28.410462044492988,0.6589242324062473
"[0.42794926512216114, 0.6716927049924842, -0.8910809251249259, 0.5126875844643753]",28.41046627518757,0.6589870648876439
"[0.42793960755999094, 0.6716896607212894, -0.8910796838853362, 0.5126907586946714]",28.410470513774168,0.6590498973690405
"[0.42792995026230546, 0.6716866168271881, -0.8910784427924627, 0.5126939325564535]",28.410474759648856,0.6591127298504371
"[0.42792029359698547, 0.6716835734260735, -0.8910772018935749, 0.5126971059288689]",28.41047900444701,0.6591755623318337
"[0.4279106377968665, 0.6716805305912336, -0.8910759612185741, 0.5127002787354891]",28.410483257171514,0.6592383948132303
"[0.4279009813634237, 0.6716774878504226, -0.8910747205749185, 0.5127034514687231]",28.41048750552044,0.6593012272946269
"[0.42789132596965795, 0.6716744457307621, -0.8910734801775533, 0.5127066235789218]",28.410491762466577,0.6593640597760235
"[0.42788167112586095, 0.6716714040778743, -0.8910722399635468, 0.5127097952270472]",28.410496026317073,0.6594268922574201
"[0.4278720165302537, 0.6716683627966258, -0.8910709998941283, 0.5127129665122894]",28.41050029077982,0.6594897247388167
"[0.4278623630786251, 0.6716653221691257, -0.8910697600843392, 0.5127161371404679]",28.41050456439033,0.6595525572202133
"[0.42785270909120254, 0.6716622816662354, -0.8910685203184403, 0.5127193076633361]",28.410508835383364,0.6596153897016099
"[0.42784305611992773, 0.6716592417766968, -0.8910672807957318, 0.5127224775712439]",28.4105131121722,0.6596782221830066
"[0.4278334030569201, 0.6716562021515605, -0.8910660413739434, 0.5127256472280557]",28.410517394330643,0.6597410546644031
"[0.4278237511701126, 0.6716531631900153, -0.891064802215863, 0.5127288162174951]",28.41052168350964,0.6598038871457998
"[0.42781409947969773, 0.6716501245834852, -0.8910635631956811, 0.5127319848613298]",28.41052597207562,0.6598667196271965
"[0.4278044482022496, 0.6716470864001043, -0.8910623243411977, 0.5127351530885009]",28.410530265157306,0.659929552108593
"[0.42779479739981546, 0.6716440486593525, -0.8910610856603691, 0.5127383208786852]",28.410534562354268,0.6599923845899897
"[0.4277851464051936, 0.6716410111511864, -0.8910598470675632, 0.5127414884509104]",28.410538861520262,0.6600552170713863
"[0.42777549636532614, 0.6716379742365384, -0.8910586087099702, 0.5127446554287804]",28.41054316733758,0.6601180495527829
"[0.4277658469688523, 0.671634937817333, -0.891057370547615, 0.5127478219145584]",28.410547475089544,0.6601808820341795
"[0.4277561983079928, 0.6716319019225055, -0.8910561325923138, 0.5127509878780581]",28.410551788717424,0.6602437145155761
"[0.42774654970159387, 0.6716288663376907, -0.8910548947566661, 0.5127541535428191]",28.41055610869283,0.6603065469969727
"[0.4277369014715817, 0.6716258311641232, -0.8910536570819733, 0.5127573188032613]",28.410560427487084,0.6603693794783693
"[0.42772725329638495, 0.6716227963006295, -0.8910524195269838, 0.5127604837648853]",28.410564746407264,0.660432211959766
"[0.42771760629170685, 0.6716197620980436, -0.8910511822347934, 0.5127636480618086]",28.41056907952765,0.6604950444411625
"[0.4277079590013296, 0.6716167280983525, -0.8910499450186242, 0.5127668121716695]",28.410573406551446,0.6605578769225591
"[0.42769831288302107, 0.6716136947598769, -0.8910487080654212, 0.5127699756164867]",28.4105777446477,0.6606207094039558
"[0.4276886665245894, 0.671610661638548, -0.8910474711940847, 0.5127731388593627]",28.41058207891283,0.6606835418853524
"[0.4276790214023594, 0.671607629198482, -0.8910462345939014, 0.5127763014162618]",28.41058642898124,0.6607463743667489
"[0.42766937555727175, 0.6716045968237081, -0.8910449980137002, 0.5127794639295761]",28.41059077431551,0.6608092068481456
"[0.4276597314113075, 0.6716015652755812, -0.8910437617639648, 0.512782625605266]",28.41059512733813,0.6608720393295422
"[0.42765008695171747, 0.6715985339212979, -0.8910425255866713, 0.5127857871032876]",28.41059948044425,0.6609348718109388
"[0.4276404437699896, 0.6715955032610378, -0.8910412896858, 0.5127889479019759]",28.41060384236629,0.6609977042923354
"[0.42763080001484616, 0.6715924727129408, -0.8910400538240796, 0.5127921086081676]",28.41060820413841,0.661060536773732
"[0.4276211573204597, 0.671589442790501, -0.8910388182109314, 0.512795268686306]",28.410612572312665,0.6611233692551286
"[0.4276115149095862, 0.6715864132494107, -0.891037582746744, 0.5127984283911828]",28.41061694085566,0.6611862017365252
"[0.4276018729436237, 0.6715833841403355, -0.8910363474521914, 0.5128015876699463]",28.410621315634646,0.6612490342179218
"[0.4275922314789594, 0.6715803554809275, -0.8910351123344894, 0.5128047465041755]",28.410625696124406,0.6613118666993184
"[0.4275825906830344, 0.6715773273237161, -0.8910338774150748, 0.5128079048390727]",28.410630082074253,0.6613746991807151
"[0.42757294956037856, 0.6715742993559933, -0.8910326425664364, 0.512811063000781]",28.410634462633748,0.6614375316621116
"[0.42756330970586, 0.6715712720785973, -0.8910314079928389, 0.512814220466918]",28.4106388546103,0.6615003641435082
"[0.42755366995544514, 0.6715682451258985, -0.8910301735451881, 0.5128173776188254]",28.41064325007605,0.6615631966249049
"[0.42754403063060353, 0.6715652185987955, -0.8910289392646492, 0.5128205343512569]",28.41064764636426,0.6616260291063015
"[0.42753439152666584, 0.6715621924329875, -0.891027705125012, 0.5128236907312697]",28.41065204609545,0.661688861587698
"[0.4275247529410275, 0.67155916672179, -0.8910264711643471, 0.5128268466615243]",28.41065645066895,0.6617516940690947
"[0.42751511517099317, 0.671556141558455, -0.8910252374207016, 0.5128300020447444]",28.41066086256066,0.6618145265504913
"[0.42750547790313104, 0.6715531168445177, -0.8910240038539367, 0.5128331569836214]",28.410665278234962,0.6618773590318879
"[0.42749584086138886, 0.6715500924932928, -0.891022770428713, 0.5128363115685639]",28.410669696397548,0.6619401915132845
"[0.4274862045849395, 0.6715470686739263, -0.8910215372140285, 0.5128394656231317]",28.410674118303223,0.6620030239946811
"[0.4274765675773692, 0.6715440449168316, -0.8910203040183851, 0.5128426196371303]",28.410678540458466,0.6620658564760777
"[0.42746693159083105, 0.6715410217717421, -0.8910190710659982, 0.5128457730371373]",28.41068296676167,0.6621286889574745
"[0.4274572961927697, 0.6715379991028627, -0.8910178383015013, 0.512848925964786]",28.410687400261157,0.662191521438871
"[0.4274476614774877, 0.6715349769396999, -0.8910166057369445, 0.5128520783892876]",28.41069183644877,0.6622543539202675
"[0.4274380271146322, 0.6715319551785676, -0.8910153733300559, 0.5128552304187864]",28.410696274141458,0.6623171864016643
"[0.4274283930473696, 0.6715289338015987, -0.8910141410735616, 0.5128583820719117]",28.410700721601486,0.6623800188830609
"[0.42741875960772774, 0.6715259129128539, -0.8910129090099218, 0.5128615332401056]",28.410705168966896,0.6624428513644574
"[0.4274091271956093, 0.6715228926376535, -0.8910116771902596, 0.5128646837926308]",28.41070962598882,0.6625056838458541
"[0.4273994941649461, 0.6715198724598279, -0.8910104454040727, 0.5128678342679134]",28.410714079532607,0.6625685163272507
"[0.42738986196970585, 0.6715168528352052, -0.8910092138372853, 0.5128709841904524]",28.410718538380237,0.6626313488086473
"[0.42738023014409504, 0.6715138336176905, -0.8910079824303273, 0.5128741337126366]",28.41072300568809,0.6626941812900439
"[0.42737059883732254, 0.6715108148540041, -0.8910067512022672, 0.5128772827857185]",28.410727471586284,0.6627570137714405
"[0.4273609681607461, 0.6715077965789641, -0.8910055201673283, 0.5128804313733678]",28.41073194601734,0.6628198462528371
"[0.4273513373753912, 0.6715047785609505, -0.8910042892310498, 0.5128835797171949]",28.410736418272435,0.6628826787342337
"[0.42734170766249324, 0.6715017611700727, -0.8910030585443991, 0.5128867274310985]",28.410740898535206,0.6629455112156303
"[0.4273320778653564, 0.6714987440438015, -0.8910018279595409, 0.5128898748932561]",28.410745379555415,0.6630083436970269
"[0.42732244924652496, 0.6714957275776674, -0.8910005976378019, 0.5128930216910401]",28.410749870226482,0.6630711761784236
"[0.4273128200052062, 0.6714927112074693, -0.8909993673490799, 0.5128961684130194]",28.410754354556495,0.6631340086598201
"[0.4273031926302476, 0.6714896957127571, -0.8909981374113504, 0.5128993142459468]",28.410758856515677,0.6631968411412167
"[0.4272935643828107, 0.6714866802356185, -0.8909969074747054, 0.5129024600848049]",28.410763352000647,0.6632596736226134
"[0.42728393647412577, 0.6714836651554047, -0.8909956776938873, 0.5129056055338379]",28.41076784928423,0.66332250610401
"[0.4272743096333871, 0.6714806507003902, -0.8909944481620206, 0.5129087503548905]",28.410772356793526,0.6633853385854065
"[0.42726468336306855, 0.6714776367146933, -0.8909932188155394, 0.5129118947105724]",28.410776868948442,0.6634481710668032
"[0.427255057760912, 0.6714746232288434, -0.8909919896669132, 0.5129150385690231]",28.410781386680537,0.6635110035481998
"[0.427245431477266, 0.6714716098202953, -0.8909907605438042, 0.5129181823710616]",28.410785896797034,0.6635738360295964
"[0.42723580687708707, 0.6714685972293009, -0.8909895317481701, 0.512921325344395]",28.410790423009868,0.663636668510993
"[0.427226181673813, 0.6714655847400913, -0.8909883029880692, 0.512924468235759]",28.410794947181675,0.6636995009923896
"[0.42721655788828033, 0.6714625729850857, -0.8909870745214754, 0.5129276103853501]",28.410799478524954,0.6637623334737862
"[0.4272069341811077, 0.6714595615450528, -0.8909858461774, 0.5129307522305371]",28.41080401093525,0.6638251659551828
"[0.42719731059902466, 0.6714565504345656, -0.8909846179618115, 0.512933893756111]",28.410808549044695,0.6638879984365794
"[0.42718768760086945, 0.6714535397971678, -0.8909833899332646, 0.5129370348122997]",28.41081308932661,0.663950830917976
"[0.4271780655524085, 0.6714505297471932, -0.8909821621384167, 0.5129401752798055]",28.410817638594814,0.6640136633993727
"[0.42716844306382656, 0.6714475198498362, -0.8909809343999231, 0.512943315612264]",28.410822182833115,0.6640764958807693
"[0.4271588216327284, 0.6714445105734772, -0.8909797069088612, 0.5129464553209906]",28.410826735954167,0.6641393283621658
"[0.4271492009206196, 0.6714415018121787, -0.8909784796220221, 0.5129495945164995]",28.41083129503521,0.6642021608435625
"[0.4271395797010552, 0.6714384931823477, -0.8909772523829562, 0.5129527335990063]",28.410835851624846,0.6642649933249591
"[0.4271299598172099, 0.6714354852603053, -0.8909760254267632, 0.5129558719671918]",28.410840418060463,0.6643278258063557
"[0.42712033969312446, 0.6714324775532181, -0.8909747985524282, 0.5129590101352515]",28.41084498293106,0.6643906582877523
"[0.42711072019087903, 0.6714294703305849, -0.8909735718698945, 0.5129621478219897]",28.410849554648493,0.664453490769149
"[0.42710110172892707, 0.6714264637231154, -0.8909723454325026, 0.5129652848910131]",28.41085413259911,0.6645163232505455
"[0.42709148244058914, 0.6714234571472988, -0.8909711190022375, 0.5129684219511452]",28.410858707132313,0.6645791557319422
"[0.4270818647679261, 0.6714204513663594, -0.8909698928904496, 0.5129715582060282]",28.410863290006084,0.6646419882133388
"[0.4270722477289356, 0.6714174460732791, -0.8909686669719152, 0.5129746939759927]",28.41086788360132,0.6647048206947354
"[0.4270626304773506, 0.671414441003566, -0.8909674411387586, 0.5129778295370054]",28.410872473422828,0.664767653176132
"[0.4270530133902859, 0.6714114362750423, -0.8909662154390557, 0.512980964766122]",28.410877068230228,0.6648304856575286
"[0.4270433968665776, 0.6714084320122696, -0.8909649899236327, 0.5129840995333621]",28.41088166470127,0.6648933181389252
"[0.427033780607702, 0.6714054281219336, -0.89096376455444, 0.5129872339360835]",28.410886266395366,0.6649561506203219
"[0.42702416563634404, 0.6714024249234073, -0.8909625394617756, 0.5129903676410257]",28.410890872321552,0.6650189831017185
"[0.4270145505239548, 0.6713994219704253, -0.8909613144636074, 0.5129935011138356]",28.41089548398076,0.665081815583115
"[0.4270049357581359, 0.6713964194152456, -0.8909600896220621, 0.5129966341956305]",28.410900095915842,0.6651446480645117
"[0.42699532163505227, 0.6713934173502968, -0.8909588649748588, 0.5129997667899542]",28.410904713547875,0.6652074805459083
"[0.42698570833633154, 0.6713904158322082, -0.890957640545115, 0.513002898837703]",28.410909337878856,0.6652703130273049
"[0.42697609500887845, 0.6713874145945744, -0.8909564162241673, 0.5130060306168582]",28.410913959448102,0.6653331455087015
"[0.42696648260801834, 0.6713844139355778, -0.8909551921336747, 0.5130091618162587]",28.41091859594519,0.6653959779900981
"[0.4269568702903582, 0.6713814135918882, -0.8909539681662247, 0.5130122927106792]",28.410923227024345,0.6654588104714947
"[0.4269472578859746, 0.671378413510442, -0.8909527443001884, 0.5130154233554873]",28.41092785988128,0.6655216429528913
"[0.4269376464091741, 0.6713754140077607, -0.8909515206647016, 0.5130185534203762]",28.410932503136493,0.6655844754342879
"[0.4269280354066617, 0.6713724149423013, -0.8909502972020389, 0.5130216830530385]",28.410937148625685,0.6656473079156845
"[0.4269184249397493, 0.6713694163331352, -0.8909490739199946, 0.5130248122335626]",28.41094179622209,0.6657101403970811
"[0.4269088145674258, 0.6713664180426142, -0.8909478507624303, 0.5130279411055815]",28.410946449855253,0.6657729728784778
"[0.4268992049861043, 0.6713634202879516, -0.8909466278179747, 0.5130310694424125]",28.41095110395972,0.6658358053598743
"[0.42688959555134776, 0.6713604228680592, -0.8909454050046051, 0.5130341974538927]",28.41095576312458,0.6658986378412709
"[0.4268799866752587, 0.6713574259114213, -0.8909441823747575, 0.5130373250059321]",28.410960427758816,0.6659614703226676
"[0.4268703786138158, 0.6713544294978103, -0.8909429599609866, 0.5130404520152697]",28.41096509948808,0.6660243028040642
"[0.4268607705126511, 0.6713514333607242, -0.8909417376545862, 0.5130435787600137]",28.41096976836915,0.6660871352854608
"[0.42685116332710904, 0.6713484377980158, -0.890940515577084, 0.5130467049293181]",28.41097444784127,0.6661499677668574
"[0.4268415554731384, 0.671345442315744, -0.8909392935269849, 0.5130498310386524]",28.410979121440345,0.666212800248254
"[0.4268319492117372, 0.671342447618772, -0.8909380717918635, 0.5130529563524061]",28.41098380485771,0.6662756327296506
"[0.42682234276720254, 0.6713394531534564, -0.8909368501458659, 0.5130560814483582]",28.410988492052258,0.6663384652110472
"[0.42681273708142964, 0.67133645921337, -0.8909356287087695, 0.51305920602012]",28.41099318013756,0.6664012976924438
"[0.4268031320258795, 0.6713334657583233, -0.8909344074642147, 0.513062330109626]",28.41099788004387,0.6664641301738404
"[0.4267935270386466, 0.6713304726131977, -0.8909331863407515, 0.5130654538996247]",28.41100257339175,0.666526962655237
"[0.4267839227571666, 0.6713274799765663, -0.8909319654194136, 0.513068577182868]",28.41100728073303,0.6665897951366336
"[0.4267743185487092, 0.6713244876512243, -0.8909307446197609, 0.5130717001651601]",28.411011984846848,0.6666526276180302
"[0.42676471472458244, 0.6713214957341213, -0.8909295239813636, 0.5130748227453112]",28.411016691083635,0.666715460099427
"[0.4267551117225294, 0.6713185043615646, -0.8909283035598451, 0.513077944781049]",28.411021407952454,0.6667782925808234
"[0.42674550899575747, 0.6713155133631588, -0.8909270832857028, 0.5130810664502017]",28.411026123441996,0.66684112506222
"[0.4267359072844745, 0.6713125229693839, -0.8909258632529845, 0.5130841875122099]",28.411030849099255,0.6669039575436168
"[0.42672630482332147, 0.6713095326304034, -0.8909246432373792, 0.5130873085409274]",28.411035570598738,0.6669667900250134
"[0.4267167037473484, 0.6713065430110544, -0.8909234235101469, 0.5130904288424527]",28.41104030100323,0.6670296225064098
"[0.4267071022057974, 0.6713035535349853, -0.8909222038361565, 0.5130935490183213]",28.41104502892946,0.6670924549878066
"[0.42669750222293495, 0.6713005648323926, -0.8909209844725382, 0.513096668410774]",28.41104977009519,0.6671552874692032
"[0.42668790190718825, 0.6712975763143145, -0.8909197651790146, 0.5130997876345155]",28.41105450883554,0.6672181199505998
"[0.42667830262672984, 0.6712945884066064, -0.8909185461293471, 0.5131029062450569]",28.41105925688348,0.6672809524319964
"[0.4266687033263392, 0.6712916007807511, -0.8909173271895182, 0.5131060245852758]",28.411064004492356,0.667343784913393
"[0.4266591043922144, 0.6712886135569194, -0.8909161084085702, 0.5131091425297357]",28.411068752599462,0.6674066173947896
"[0.42664950646448074, 0.6712856269342413, -0.8909148898677637, 0.5131122598705816]",28.411073515007935,0.6674694498761863
"[0.42663990870596197, 0.6712826406521436, -0.8909136714607984, 0.5131153768797801]",28.411078274191585,0.6675322823575828
"[0.42663031090522213, 0.6712796546448069, -0.8909124531608386, 0.5131184936260264]",28.411083035179256,0.6675951148389794
"[0.4266207137809616, 0.6712766691357949, -0.8909112350591091, 0.5131216098759582]",28.411087801699015,0.6676579473203761
"[0.4266111171143884, 0.6712736840569737, -0.8909100171278279, 0.5131247257006833]",28.411092571028384,0.6677207798017727
"[0.4266015205053831, 0.6712706992838466, -0.8909087993162134, 0.5131278412301432]",28.411097342865002,0.6677836122831692
"[0.4265919250419078, 0.671267715154726, -0.8909075817623145, 0.5131309561111942]",28.411102121186413,0.6678464447645659
"[0.4265823301874253, 0.671264731502653, -0.8909063643980282, 0.5131340705180971]",28.41110690716673,0.6679092772459625
"[0.4265727353783736, 0.671261748152341, -0.8909051471518467, 0.513137184633812]",28.41111169406304,0.6679721097273591
"[0.4265631407201421, 0.6712587651365258, -0.8909039300371452, 0.5131402984241606]",28.411116482548497,0.6680349422087557
"[0.4265535471360974, 0.6712557827422224, -0.890902713171041, 0.5131434115895351]",28.411121277988688,0.6680977746901523
"[0.42654395308600773, 0.6712528004905658, -0.8909014963581661, 0.5131465246297888]",28.41112607241684,0.6681606071715489
"[0.42653436053635185, 0.6712498189927621, -0.890900279847918, 0.5131496369069004]",28.411130876836236,0.6682234396529456
"[0.4265247674858779, 0.6712468376267334, -0.8908990633864918, 0.5131527490702243]",28.411135681513414,0.6682862721343421
"[0.42651517487297785, 0.6712438566841054, -0.89089784709289, 0.513155860815335]",28.411140486357805,0.6683491046157387
"[0.4265055835552104, 0.6712408764312681, -0.8908966310758238, 0.5131589718641408]",28.411145303833425,0.6684119370971354
"[0.4264959918487643, 0.6712378963449692, -0.8908954151218063, 0.5131620827628479]",28.411150116983954,0.6684747695785319
"[0.4264864013266842, 0.6712349169138923, -0.8908941994302475, 0.5131651930013131]",28.411154938628876,0.6685376020599285
"[0.4264768104161041, 0.6712319376493505, -0.8908929838017656, 0.5131683030896687]",28.41115976447783,0.6686004345413252
"[0.4264672205945064, 0.6712289590102541, -0.8908917684236233, 0.513171412548844]",28.41116459072114,0.6686632670227218
"[0.4264576310269008, 0.6712259807371758, -0.890890553189981, 0.5131745216496497]",28.411169424317258,0.6687260995041183
"[0.4264480420014086, 0.6712230029195441, -0.8908893381373448, 0.5131776302987187]",28.411174261614047,0.668788931985515
"[0.4264384538255963, 0.6712200256527959, -0.89088812330467, 0.5131807383964098]",28.41117910549675,0.6688517644669116
"[0.42642886487186155, 0.6712170484315177, -0.8908869084857435, 0.51318384647034]",28.41118394461485,0.6689145969483082
"[0.42641927629080995, 0.6712140716129591, -0.8908856938263501, 0.5131869541475524]",28.41118878557673,0.6689774294297048
"[0.4264096897219879, 0.6712110957059928, -0.8908844795341494, 0.5131900608967906]",28.41119364189417,0.6690402619111014
"[0.426400102509797, 0.6712081198861878, -0.8908832652727502, 0.5131931675787217]",28.411198496540468,0.669103094392498
"[0.4263905156516933, 0.6712051444631422, -0.8908820511684977, 0.5131962738701276]",28.411203352437656,0.6691659268738948
"[0.42638092932635063, 0.6712021694922575, -0.8908808372440117, 0.5131993797131601]",28.411208211802276,0.6692287593552912
"[0.4263713434914194, 0.671199194960321, -0.8908796234939188, 0.513202485121604]",28.411213079431977,0.6692915918366878
"[0.42636175844488655, 0.6711962209597362, -0.8908784099559344, 0.5132055899989788]",28.41121794805129,0.6693544243180846
"[0.4263521739712932, 0.6711932474235688, -0.8908771966027643, 0.513208694415152]",28.411222825220104,0.6694172567994812
"[0.4263425893814442, 0.6711902741379726, -0.8908759833471583, 0.5132117985933751]",28.41122770030216,0.6694800892808777
"[0.42633300548431285, 0.6711873013538296, -0.8908747702915172, 0.513214902271714]",28.411232581884857,0.6695429217622744
"[0.42632342180310295, 0.6711843289232238, -0.8908735573754829, 0.5132180056045869]",28.41123746855765,0.669605754243671
"[0.4263138389738193, 0.6711813570433393, -0.8908723446795372, 0.5132211083861153]",28.41124235785691,0.6696685867250676
"[0.4263042560967634, 0.6711783854351057, -0.8908711320898184, 0.513224210907653]",28.411247250465724,0.6697314192064642
"[0.426294673911015, 0.671175414327659, -0.8908699196998431, 0.5132273129299612]",28.41125214703687,0.6697942516878608
"[0.42628509212403104, 0.6711724436302322, -0.8908687074725855, 0.513230414547795]",28.41125704704401,0.6698570841692574
"[0.4262755106414453, 0.6711694733135143, -0.890867495396103, 0.5132335157917493]",28.41126194689349,0.669919916650654
"[0.42626592941143676, 0.6711665033614066, -0.8908662834638368, 0.5132366166786235]",28.411266855813697,0.6699827491320506
"[0.42625634951530933, 0.6711635341089972, -0.8908650718125413, 0.5132397168585445]",28.41127177167638,0.6700455816134472
"[0.42624676925394345, 0.6711605650295903, -0.8908638602273053, 0.5132428168814228]",28.411276685309787,0.6701084140948439
"[0.4262371894853256, 0.6711575963890701, -0.89086264881664, 0.513245916469641]",28.411281605114056,0.6701712465762404
"[0.4262276105236159, 0.6711546282847143, -0.8908614376202578, 0.5132490155216197]",28.411286527723952,0.670234079057637
"[0.42621803197007074, 0.6711516605929003, -0.8908602265877259, 0.5132521141664247]",28.4112914580238,0.6702969115390337
"[0.4262084533228698, 0.6711486931581213, -0.8908590156556009, 0.5132552125664169]",28.411296384495724,0.6703597440204303
"[0.42619887543552853, 0.6711457262447468, -0.8908578049317798, 0.5132583104455507]",28.411301321603528,0.6704225765018268
"[0.42618929770020497, 0.6711427596644375, -0.8908565943394177, 0.5132614080004688]",28.411306258325325,0.6704854089832235
"[0.426179721010937, 0.6711397936940217, -0.8908553839915037, 0.5132645049421118]",28.411311199226606,0.6705482414646201
"[0.4261701443968456, 0.6711368280327622, -0.8908541737653224, 0.5132676015844847]",28.41131614724332,0.6706110739460167
"[0.42616056825947607, 0.6711338628049638, -0.8908529637116152, 0.5132706977977852]",28.411321098729406,0.6706739064274133
"[0.4261509925552722, 0.671130897997082, -0.8908517538248705, 0.5132737935961462]",28.411326048636194,0.6707367389088099
"[0.42614141739052935, 0.6711279336419688, -0.8908505441185085, 0.5132768889452543]",28.411331007507368,0.6707995713902065
"[0.42613184219353645, 0.6711249695625886, -0.8908493345202989, 0.5132799840299606]",28.411335966614505,0.6708624038716031
"[0.4261222678443627, 0.6711220060313342, -0.8908481251414111, 0.5132830785658222]",28.411340930248215,0.6709252363529997
"[0.4261126940098517, 0.6711190429449759, -0.890846915939746, 0.5132861726606237]",28.411345901979804,0.6709880688343963
"[0.42610312025376473, 0.6711160801684852, -0.8908457068602023, 0.5132892664553532]",28.411350871334143,0.6710509013157929
"[0.42609354741187944, 0.6711131179604397, -0.8908444980083217, 0.5132923596799891]",28.411355852446807,0.6711137337971896
"[0.42608397440708495, 0.6711101559874916, -0.8908432892480811, 0.5132954526826137]",28.4113608304356,0.6711765662785861
"[0.4260744024125706, 0.6711071946125792, -0.890842080727609, 0.5132985450842237]",28.41136581489687,0.6712393987599828
"[0.42606483053423494, 0.671104233559022, -0.8908408723340077, 0.5133016371737309]",28.411370800290282,0.6713022312413794
"[0.4260552587405131, 0.6711012728170304, -0.8908396640632963, 0.5133047289613517]",28.411375791669524,0.671365063722776
"[0.42604568772687684, 0.6710983126016736, -0.8908384560032578, 0.513307820222488]",28.411380783841413,0.6714278962041726
"[0.42603611744403486, 0.6710953528976187, -0.890837248147652, 0.51331091097314]",28.411385784393595,0.6714907286855692
"[0.4260265475299127, 0.6710923935928306, -0.8908360404507696, 0.5133140013302921]",28.411390787740974,0.6715535611669659
"[0.42601697762515583, 0.6710894345761501, -0.8908348328672623, 0.5133170914100191]",28.41139579416288,0.6716163936483625
"[0.42600740841023255, 0.6710864760579327, -0.8908336254829899, 0.5133201809926393]",28.41140080622028,0.671679226129759
"[0.4259978393708431, 0.6710835178791172, -0.8908324182330536, 0.5133232702442512]",28.41140581494802,0.6717420586111557
"[0.42598827130579037, 0.6710805602865781, -0.8908312112182202, 0.5133263589070306]",28.4114108354051,0.6718048910925523
"[0.42597870314852965, 0.6710776029505809, -0.8908300043039354, 0.513329447325316]",28.411415857268725,0.671867723573949
"[0.4259691356720698, 0.6710746461100043, -0.8908287975877032, 0.5133325352496315]",28.411420882658682,0.6719305560553455
"[0.4259595683574274, 0.6710716896044046, -0.8908275910040585, 0.513335622847524]",28.41142591024393,0.6719933885367421
"[0.4259500021142217, 0.6710687337147971, -0.8908263846677038, 0.5133387098255077]",28.411430945794006,0.6720562210181388
"[0.42594043559711847, 0.6710657780254395, -0.8908251784089815, 0.5133417966177527]",28.41143597934212,0.6721190534995353
"[0.4259308697455751, 0.6710628228265687, -0.8908239723463488, 0.5133448829211404]",28.41144102108347,0.6721818859809319
"[0.4259213039988546, 0.6710598679448565, -0.8908227664091035, 0.5133479689166812]",28.41144606384094,0.6722447184623286
"[0.4259117394250656, 0.6710569137102191, -0.8908215607318842, 0.5133510542598066]",28.411451110361817,0.6723075509437252
"[0.42590217497007266, 0.6710539597969812, -0.890820355181795, 0.5133541392906352]",28.411456161982375,0.6723703834251218
"[0.4258926112597173, 0.6710510063983545, -0.8908191498377127, 0.5133572238073705]",28.411461220766288,0.6724332159065184
"[0.4258830472422735, 0.6710480531895361, -0.8908179445670844, 0.5133603081492257]",28.41146627741357,0.672496048387915
"[0.4258734835112565, 0.6710451003537728, -0.8908167394447138, 0.5133633921248121]",28.411471339744118,0.6725588808693116
"[0.4258639206878065, 0.6710421480827747, -0.8908155345488564, 0.5133664755338947]",28.411476404549653,0.6726217133507082
"[0.4258543584415861, 0.6710391962744778, -0.8908143298378723, 0.5133695584830591]",28.41148147403583,0.6726845458321048
"[0.4258447972613628, 0.6710362450796693, -0.8908131253733181, 0.513372640814807]",28.411486554214477,0.6727473783135014
"[0.4258352351357687, 0.6710332938774939, -0.8908119209018172, 0.5133757231775746]",28.411491629624248,0.6728102107948981
"[0.4258256737466296, 0.6710303431870128, -0.8908107166352289, 0.5133788050292271]",28.411496707597856,0.6728730432762946
"[0.4258161137742904, 0.6710273932180718, -0.8908095126592128, 0.5133818861505757]",28.411501797966423,0.6729358757576912
"[0.4258065534867647, 0.6710244434361596, -0.8908083087556317, 0.5133849670998859]",28.411506887377065,0.6729987082390879
"[0.4257969936431588, 0.6710214940754727, -0.8908071050200834, 0.5133880476325401]",28.411511975919847,0.6730615407204845
"[0.42578743438923466, 0.6710185451809193, -0.8908059014709103, 0.5133911277016232]",28.411517078454004,0.673124373201881
"[0.42577787493567687, 0.6710155965089707, -0.8908046980087355, 0.5133942075614888]",28.411522175564805,0.6731872056832777
"[0.4257683170332162, 0.6710126485995787, -0.8908034948539457, 0.5133972866481511]",28.411527281889985,0.6732500381646743
"[0.42575875885651016, 0.6710097008896843, -0.8908022917767513, 0.5134003655497137]",28.411532389956204,0.6733128706460709
"[0.425749201215393, 0.6710067536290112, -0.8908010888790876, 0.5134034440053307]",28.411537500411065,0.6733757031274675
"[0.42573964403566017, 0.6710038067946174, -0.8907998861516054, 0.5134065220389561]",28.411542617524503,0.6734385356088641
"[0.4257300870369882, 0.6710008603000219, -0.8907986835590237, 0.513409599740912]",28.411547734197754,0.6735013680902607
"[0.42572053026914997, 0.6709979141605393, -0.8907974811076053, 0.5134126770951947]",28.41155285406653,0.6735642005716574
"[0.42571097487537773, 0.6709949687285123, -0.8907962789411734, 0.5134157537337566]",28.411557985190232,0.6736270330530539
"[0.42570141935776185, 0.6709920235421485, -0.8907950768712609, 0.5134188301389496]",28.411563113437207,0.6736898655344505
"[0.4256918641679822, 0.6709890787406384, -0.8907938749546924, 0.5134219061653751]",28.41156825048194,0.6737526980158473
"[0.4256823092658575, 0.670986134311527, -0.8907926731864102, 0.5134249818260362]",28.411573385673847,0.6738155304972437
"[0.42567275543942273, 0.670983190497615, -0.890791471665513, 0.513428056867297]",28.41157853033355,0.6738783629786403
"[0.4256632017476397, 0.6709802470088586, -0.8907902702736383, 0.513431131592121]",28.41158367644914,0.6739411954600371
"[0.42565364842375375, 0.6709773039170818, -0.8907890690401161, 0.513434205925474]",28.411588824305007,0.6740040279414337
"[0.4256440950083488, 0.6709743610807236, -0.8907878679071819, 0.513437280015222]",28.41159397624335,0.6740668604228301
"[0.4256345426262677, 0.6709714188462249, -0.890786667016251, 0.513440353499463]",28.41159913245457,0.6741296929042269
"[0.42562499083806055, 0.6709684770781397, -0.890785466312056, 0.5134434265196732]",28.41160429636928,0.6741925253856235
"[0.4256154383133012, 0.6709655353667153, -0.8907842656273661, 0.5134464995038807]",28.411609453751797,0.6742553578670201
"[0.4256058884475459, 0.6709625947575144, -0.8907830653889524, 0.5134495713598521]",28.411614629430066,0.6743181903484167
"[0.42559633657739154, 0.6709596538145313, -0.890781865010708, 0.5134526435876774]",28.411619797231264,0.6743810228298133
"[0.4255867866021474, 0.6709567137383232, -0.8907806649826674, 0.5134557149331994]",28.41162497488171,0.6744438553112099
"[0.425577236426063, 0.6709537738835867, -0.8907794650414602, 0.5134587860705216]",28.411630151224095,0.6745066877926066
"[0.4255676876026611, 0.6709508347284898, -0.8907782653822676, 0.5134618565001114]",28.41163534123547,0.6745695202740031
"[0.42555813844004337, 0.6709478957521959, -0.8907770657925193, 0.5134649267660587]",28.41164052542238,0.6746323527553997
"[0.4255485896774745, 0.6709449571822149, -0.890775866365089, 0.5134679966306842]",28.411645714303358,0.6746951852367964
"[0.42553904114323765, 0.6709420189656571, -0.890774667078404, 0.5134710661492317]",28.411650910123615,0.674758017718193
"[0.42552949387456324, 0.6709390814216109, -0.8907734680627205, 0.5134741349883415]",28.41165610830458,0.6748208501995895
"[0.42551994637257806, 0.6709361440888345, -0.8907722691297886, 0.5134772036298614]",28.411661311099422,0.6748836826809862
"[0.42551039884851105, 0.6709332070323097, -0.8907710703061448, 0.5134802720058987]",28.41166651301717,0.6749465151623828
"[0.4255008524052692, 0.6709302705912551, -0.8907698717302633, 0.5134833397620586]",28.41167172362811,0.6750093476437794
"[0.42549130665540535, 0.670927334646401, -0.8907686733534753, 0.5134864070229314]",28.411676938342637,0.675072180125176
"[0.4254817611335847, 0.6709243990545648, -0.8907674751173542, 0.5134894739380944]",28.411682156106913,0.6751350126065726
"[0.42547221564308657, 0.6709214637552255, -0.8907662769972085, 0.5134925405707681]",28.41168737511193,0.6751978450879692
"[0.4254626710039028, 0.670918529000479, -0.8907650790959524, 0.5134956066575688]",28.411692600428555,0.6752606775693659
"[0.42545312614564035, 0.6709155944611642, -0.8907638812792428, 0.5134986725423781]",28.41169782516361,0.6753235100507624
"[0.42544358258960446, 0.6709126606049287, -0.8907626837379817, 0.5135017377366079]",28.41170305855526,0.675386342532159
"[0.4254340388794629, 0.6709097269840198, -0.8907614862894134, 0.5135048027080436]",28.411708292224706,0.6754491750135557
"[0.4254244964487198, 0.67090679403899, -0.8907602891133866, 0.513507866996399]",28.41171353847421,0.6755120074949523
"[0.4254149530558323, 0.6709038610808739, -0.8907590919286837, 0.5135109313214835]",28.411718775847806,0.6755748399763488
"[0.42540541099199725, 0.6709009288137978, -0.8907578950227276, 0.513513994947625]",28.41172402599845,0.6756376724577455
"[0.42539586930715, 0.6708979969456719, -0.8907566982763256, 0.513517058179989]",28.411729273087307,0.6757005049391421
"[0.4253863280951171, 0.6708950655053147, -0.890755501701237, 0.513520120988453]",28.411734530255217,0.6757633374205386
"[0.42537678708329285, 0.6708921344089142, -0.8907543052632693, 0.5135231834605785]",28.411739787500675,0.6758261699019353
"[0.42536724626916994, 0.6708892036556653, -0.8907531089621096, 0.5135262455971972]",28.411745047182603,0.6758890023833319
"[0.4253577060028568, 0.6708862733530658, -0.8907519128416505, 0.5135293072859844]",28.411750315714574,0.6759518348647285
"[0.42534816616490373, 0.6708833434643676, -0.8907507168869063, 0.5135323685653262]",28.41175557936622,0.6760146673461251
"[0.4253386269972566, 0.6708804140638134, -0.8907495211281966, 0.5135354293576397]",28.411760854401606,0.6760774998275217
"[0.4253290885284831, 0.670877485160102, -0.8907483255690852, 0.513538489653825]",28.41176613419619,0.6761403323089183
"[0.42531955015661715, 0.6708745565683346, -0.8907471301341153, 0.5135415496470664]",28.41177141303697,0.676203164790315
"[0.42531001218273573, 0.6708716283809191, -0.8907459348610187, 0.5135446092408019]",28.411776698524598,0.6762659972717115
"[0.4253004742795818, 0.6708687004973505, -0.8907447397087832, 0.5135476685400389]",28.411781985061545,0.6763288297531082
"[0.42529093746329494, 0.6708657732294903, -0.8907435448047243, 0.5135507272189076]",28.4117872752789,0.6763916622345049
"[0.4252814002920815, 0.6708628461347357, -0.8907423499681885, 0.5135537857398713]",28.411792571945757,0.6764544947159015
"[0.42527186425713137, 0.6708599196707087, -0.8907411553859886, 0.5135568436247516]",28.411797867843745,0.676517327197298
"[0.4252623280578611, 0.670856993438221, -0.8907399608951904, 0.5135599012906542]",28.411803169799683,0.6765801596786947
"[0.42525279286884315, 0.670854067797641, -0.8907387666429116, 0.5135629583610147]",28.41180847971437,0.6766429921600913
"[0.42524325773975663, 0.6708511424573249, -0.8907375725101166, 0.5135660151405685]",28.411813791027658,0.6767058246414879
"[0.4252337236052623, 0.6708482177039591, -0.8907363786138451, 0.5135690713297384]",28.4118191056878,0.6767686571228845
"[0.4252241896781047, 0.6708452932959723, -0.890735184855502, 0.5135721271809407]",28.41182442610151,0.6768314896042811
"[0.4252146554115409, 0.6708423690656496, -0.8907339911666375, 0.5135751828694229]",28.411829743908946,0.6768943220856777
"[0.4252051220304706, 0.6708394453886317, -0.8907327977006071, 0.5135782380026493]",28.411835069112787,0.6769571545670743
"[0.4251955889962446, 0.6708365220996633, -0.8907316043899632, 0.5135812927532951]",28.411840395036272,0.6770199870484709
"[0.42518605647900237, 0.6708335992508585, -0.8907304112559962, 0.5135843470668925]",28.41184572814082,0.6770828195298675
"[0.42517652491771385, 0.670830676976736, -0.8907292183536304, 0.5135874008028615]",28.411851064339036,0.6771456520112641
"[0.42516699289763643, 0.6708277548435124, -0.8907280255058058, 0.5135904544144915]",28.411856404898483,0.6772084844926608
"[0.4251574612993209, 0.6708248331211155, -0.8907268328227232, 0.5135935076197036]",28.41186174447319,0.6772713169740573
"[0.4251479310940337, 0.670821912107171, -0.8907256404258918, 0.5135965601074652]",28.41186709358206,0.6773341494554539
"[0.4251384007382756, 0.6708189913285295, -0.8907244481221782, 0.5135996123722115]",28.41187245186426,0.6773969819368506
"[0.42512887100539803, 0.6708160710221523, -0.8907232560083325, 0.5136026641663064]",28.411877805567777,0.6774598144182472
"[0.42511934116312655, 0.670813150963619, -0.8907220639927491, 0.5136057157242656]",28.41188316114571,0.6775226468996438
"[0.4251098125066289, 0.6708102315497021, -0.8907208722374196, 0.51360876663144]",28.41188852525747,0.6775854793810404
"[0.42510028327281235, 0.6708073122401992, -0.8907196805218294, 0.5136118174523536]",28.411893887784537,0.677648311862437
"[0.42509075538597557, 0.6708043936245511, -0.8907184890866227, 0.5136148675710043]",28.411899257409353,0.6777111443438336
"[0.42508122738472576, 0.6708014752550494, -0.8907172977490423, 0.5136179174552608]",28.411904628475714,0.6777739768252302
"[0.4250717009469004, 0.6707985576455188, -0.8907161067188587, 0.5136209665681322]",28.411910013781416,0.6778368093066268
"[0.42506217361154985, 0.6707956400422193, -0.890714915688391, 0.5136240156973224]",28.41191539329515,0.6778996417880234
"[0.4250526463772283, 0.6707927227509428, -0.8907137247824918, 0.5136270645232518]",28.411920773496075,0.67796247426942
"[0.42504312047417686, 0.6707898061483402, -0.890712534154923, 0.513630112652275]",28.411926163218165,0.6780253067508166
"[0.4250335948954837, 0.670786889926015, -0.890711343679811, 0.5136331604066836]",28.41193155627325,0.6780881392322132
"[0.42502406936895293, 0.6707839740006136, -0.890710153323138, 0.5136362078735834]",28.411936949446478,0.6781509717136099
"[0.42501454488958784, 0.6707810586766519, -0.890708963209232, 0.5136392547347115]",28.41194235301401,0.6782138041950064
"[0.4250050202258073, 0.6707781435771091, -0.890707773184196, 0.5136423013840898]",28.411947752455696,0.678276636676403
"[0.4249954962912355, 0.6707752289815657, -0.8907065833621768, 0.5136453475295132]",28.41195316066538,0.6783394691577997
"[0.42498597250039993, 0.6707723147107967, -0.8907053936700233, 0.5136483933582866]",28.411958571169542,0.6784023016391963
"[0.42497644962872466, 0.6707694010020215, -0.8907042042045885, 0.5136514386224715]",28.41196398601709,0.678465134120593
"[0.4249669268946394, 0.6707664876160335, -0.8907030148682386, 0.5136544835720654]",28.41196940406627,0.6785279666019896
"[0.42495740452007386, 0.6707635746206991, -0.8907018256886892, 0.5136575281361287]",28.411974823006716,0.6785907990833862
"[0.4249478826680037, 0.6707606620658184, -0.8907006366862857, 0.5136605722626028]",28.411980250345543,0.6786536315647828
"[0.42493836133205903, 0.6707577499493814, -0.8906994478602208, 0.5136636159535787]",28.411985680669083,0.6787164640461794
"[0.4249288400160703, 0.670754838119594, -0.8906982591485415, 0.5136666593676998]",28.411991108949504,0.678779296527576
"[0.42491931979231, 0.6707519269043208, -0.8906970706851061, 0.5136697021622764]",28.411996548741758,0.6788421290089726
"[0.4249097991514425, 0.6707490158419628, -0.8906958822814908, 0.5136727448197618]",28.41200198994697,0.6789049614903693
"[0.424900279510185, 0.6707461053656653, -0.8906946941145327, 0.5136757868874211]",28.412007433339753,0.6789677939717658
"[0.4248907602872398, 0.6707431952976284, -0.8906935061116614, 0.5136788285510824]",28.412012880991842,0.6790306264531624
"[0.4248812414926327, 0.6707402856408635, -0.8906923182741203, 0.5136818698075887]",28.41201833343399,0.6790934589345591
"[0.4248717229938021, 0.6707373763548017, -0.8906911305853619, 0.5136849106993348]",28.412023790929283,0.6791562914159557
"[0.42486220507205447, 0.6707344675253697, -0.8906899430804782, 0.5136879511364982]",28.41202924843972,0.6792191238973522
"[0.424852687510218, 0.6707315590861443, -0.8906887557323654, 0.5136909911884965]",28.41203471218077,0.6792819563787489
"[0.4248431697921943, 0.6707286508793728, -0.890687568476641, 0.5136940310202162]",28.41204017574558,0.6793447888601455
"[0.4248336524867023, 0.6707257430788195, -0.8906863813842516, 0.5136970704500197]",28.412045644340843,0.679407621341542
"[0.4248241364084513, 0.6707228359333086, -0.8906851945567937, 0.5137001092178071]",28.412051117652943,0.6794704538229387
"[0.4248146207265507, 0.6707199291889172, -0.8906840078906192, 0.5137031475889863]",28.412056596909107,0.6795332863043353
"[0.42480510510818353, 0.670717022743955, -0.8906828213442224, 0.5137061856698442]",28.41206208012225,0.6795961187857319
"[0.42479559019957247, 0.6707141167957223, -0.890681634998178, 0.5137092232541361]",28.41206756554818,0.6796589512671285
"[0.42478607554771036, 0.6707112112058402, -0.8906804487959935, 0.5137122604864991]",28.412073053326637,0.6797217837485251
"[0.42477656122958823, 0.6707083059977678, -0.8906792627472647, 0.5137152973424032]",28.41207854759948,0.6797846162299217
"[0.4247670472155283, 0.6707054011624002, -0.8906780768482874, 0.5137183338313575]",28.412084038301806,0.6798474487113184
"[0.4247575335593047, 0.6707024967161099, -0.8906768911057609, 0.5137213699362382]",28.412089539775632,0.6799102811927149
"[0.42474802054282945, 0.670699592744904, -0.8906757055548107, 0.5137244055671304]",28.4120950395125,0.6799731136741115
"[0.42473850809770103, 0.6706966892278333, -0.8906745201868981, 0.5137274407459221]",28.41210054865823,0.6800359461555082
"[0.42472899584246043, 0.670693786048415, -0.890673334954483, 0.5137304755943698]",28.412106059959942,0.6800987786369048
"[0.4247194834487255, 0.6706908831064132, -0.8906721498166545, 0.5137335102172479]",28.41211157092666,0.6801616111183013
"[0.4247099732442136, 0.6706879811120636, -0.890670965063392, 0.5137365438720918]",28.412117096474734,0.680224443599698
"[0.4247004622660164, 0.670685079161191, -0.8906697803255663, 0.5137395775040853]",28.412122618573086,0.6802872760810946
"[0.4246909512559988, 0.6706821774801648, -0.890668595695611, 0.5137426108765845]",28.412128140271307,0.6803501085624912
"[0.42468144072410485, 0.6706792762245233, -0.8906674112370393, 0.5137456438269838]",28.41213366301809,0.6804129410438878
"[0.42467193169163486, 0.6706763757057265, -0.8906662270770188, 0.5137486760296723]",28.41213920334244,0.6804757735252844
"[0.4246624224838985, 0.6706734754128582, -0.8906650430069847, 0.5137517080187516]",28.412144738910996,0.680538606006681
"[0.42465291360233615, 0.6706705754988509, -0.8906638590893792, 0.5137547396343372]",28.41215028051645,0.6806014384880777
"[0.424643405456402, 0.6706676760885073, -0.890662675375171, 0.5137577707459486]",28.412155825259315,0.6806642709694742
"[0.4246338970915788, 0.6706647768907192, -0.8906614917455259, 0.5137608016579092]",28.412161369658943,0.6807271034508708
"[0.4246243898096335, 0.6706618783023552, -0.8906603083624836, 0.5137638319553105]",28.412166921624543,0.6807899359322676
"[0.4246148825234229, 0.6706589799919034, -0.890659125090714, 0.5137668619847187]",28.412172477978142,0.6808527684136642
"[0.4246053758912204, 0.6706560821599963, -0.8906579420121417, 0.5137698915363742]",28.41217803451394,0.6809156008950606
"[0.4245958698469232, 0.6706531847864127, -0.8906567591185256, 0.5137729206314067]",28.4121836005408,0.6809784333764574
"[0.42458636403380323, 0.670650287762374, -0.8906555763654685, 0.513775949383531]",28.412189167173313,0.681041265857854
"[0.42457685801221223, 0.6706473909538753, -0.8906543936982748, 0.5137789779328391]",28.412194733656836,0.6811040983392506
"[0.4245673534101641, 0.670644494856959, -0.890653211319475, 0.5137820057607189]",28.412200309614327,0.6811669308206472
"[0.42455784882598774, 0.6706415990444514, -0.8906520290546821, 0.5137850333137635]",28.41220588865441,0.6812297633020438
"[0.4245483449012529, 0.6706387037117757, -0.8906508469836967, 0.5137880603876499]",28.412211465805125,0.6812925957834404
"[0.42453884080381415, 0.6706358086053872, -0.8906496650030163, 0.5137910872474519]",28.412217053272474,0.681355428264837
"[0.42452933712239105, 0.6706329139045932, -0.8906484831858605, 0.513794113705695]",28.412222636761758,0.6814182607462336
"[0.42451983446889235, 0.6706300197957014, -0.8906473016083044, 0.5137971395675799]",28.412228229305722,0.6814810932276302
"[0.42451033148735823, 0.6706271258656819, -0.89064612010174, 0.5138001652649313]",28.412233826565327,0.6815439257090269
"[0.4245008300065359, 0.6706242326713805, -0.8906449388935228, 0.5138031902155379]",28.412239428208103,0.6816067581904234
"[0.42449132797223205, 0.6706213395872462, -0.8906437577282686, 0.5138062150734292]",28.412245027541324,0.68166959067182
"[0.4244818266401944, 0.6706184469955891, -0.8906425767620803, 0.5138092394388749]",28.41225063146269,0.6817324231532167
"[0.42447232620974795, 0.6706155549570121, -0.8906413960197113, 0.513812263248499]",28.412256245473117,0.6817952556346133
"[0.4244628251754268, 0.6706126630132083, -0.8906402153140605, 0.5138152869814828]",28.412261856174567,0.6818580881160098
"[0.424453325299311, 0.6706097717004629, -0.8906390348641003, 0.5138183100770956]",28.412267475496815,0.6819209205974065
"[0.4244438258990491, 0.6706068808110123, -0.8906378545850212, 0.5138213327525581]",28.412273096602682,0.6819837530788031
"[0.4244343262758932, 0.6706039901322138, -0.8906366743900078, 0.5138243552301982]",28.412278721849408,0.6820465855601997
"[0.4244248275465184, 0.6706011000038059, -0.8906354944177872, 0.5138273771547791]",28.41228434795206,0.6821094180415963
"[0.4244153292985884, 0.6705982103002529, -0.8906343146171195, 0.513830398657551]",28.41228998281221,0.6821722505229929
"[0.4244058316906934, 0.6705953210697383, -0.8906331350076911, 0.5138334196881216]",28.412295620528223,0.6822350830043895
"[0.4243963338226461, 0.670592432038389, -0.890631955477699, 0.5138364405328505]",28.412301258359413,0.6822979154857861
"[0.42438683684383616, 0.6705895435557795, -0.8906307761698805, 0.5138394608262052]",28.4123069024873,0.6823607479671827
"[0.42437734016831274, 0.6705866554436257, -0.8906295970114602, 0.5138424807545948]",28.412312548805172,0.6824235804485793
"[0.42436784461163923, 0.6705837679498782, -0.8906284181036851, 0.5138455000587414]",28.41231820381523,0.682486412929976
"[0.4243583481776943, 0.6705808804675134, -0.8906272391987319, 0.5138485193733705]",28.412323854102784,0.6825492454113726
"[0.4243488530303135, 0.6705779936544317, -0.8906260605652239, 0.5138515380105372]",28.412329516386947,0.6826120778927691
"[0.4243393580992246, 0.6705751071851632, -0.8906248820702881, 0.5138545563105618]",28.412335177223028,0.6826749103741658
"[0.4243298631002877, 0.6705722209732913, -0.8906237036786626, 0.513857574363802]",28.412340839315224,0.6827377428555624
"[0.4243203685722913, 0.670569335182587, -0.8906225254572144, 0.5138605919989963]",28.412346507638173,0.682800575336959
"[0.42431087564843273, 0.6705664501573283, -0.8906213475465383, 0.5138636088561265]",28.412352183714116,0.6828634078183556
"[0.4243013824470113, 0.6705635653256058, -0.8906201697131304, 0.5138666255332226]",28.41235786055182,0.6829262402997522
"[0.42429188868367046, 0.6705606806010175, -0.890618991921733, 0.5138696421206331]",28.412363536337182,0.6829890727811488
"[0.42428239637580517, 0.6705577965965035, -0.8906178144226137, 0.5138726579773899]",28.41236921883502,0.6830519052625454
"[0.42427290435304466, 0.6705549129564027, -0.8906166370705675, 0.513875673475402]",28.41237490766852,0.683114737743942
"[0.4242634132821991, 0.6705520298831644, -0.8906154599482888, 0.513878688402955]",28.412380603359654,0.6831775702253386
"[0.4242539216904751, 0.6705491469294275, -0.8906142828731142, 0.513881703227858]",28.41238629634103,0.6832404027067353
"[0.4242444302413935, 0.6705462642966993, -0.8906131059273429, 0.5138847177393843]",28.412391989539366,0.6833032351881319
"[0.4242349398274494, 0.6705433822559842, -0.8906119292216315, 0.513887731654119]",28.41239769405482,0.6833660676695285
"[0.4242254504482684, 0.6705405008070565, -0.8906107527559038, 0.5138907449722856]",28.412403402693915,0.6834289001509251
"[0.42421596039610715, 0.670537619431331, -0.8906095763184394, 0.5138937582361949]",28.412409110598595,0.6834917326323218
"[0.4242064712857455, 0.6705347386190608, -0.8906084001094177, 0.513896770933146]",28.412414821557586,0.6835545651137183
"[0.4241969832887925, 0.6705318584222383, -0.8906072241500816, 0.5138997830087534]",28.41242054494385,0.683617397595115
"[0.4241874944752922, 0.6705289782549758, -0.8906060482012299, 0.5139027950757238]",28.412426258055437,0.6836802300765116
"[0.42417800662988825, 0.6705260986589472, -0.8906048724840389, 0.5139058065675701]",28.41243198489669,0.6837430625579082
"[0.42416851855533155, 0.6705232192707381, -0.8906036968501416, 0.5139088178643438]",28.412437707152215,0.6838058950393048
"[0.4241590317481176, 0.6705203405444337, -0.8906025214849518, 0.5139118284911484]",28.412443444481806,0.6838687275207014
"[0.4241495452944192, 0.6705174622026521, -0.8906013462752301, 0.5139148387380617]",28.412449180941987,0.683931560002098
"[0.4241400587284087, 0.6705145841040286, -0.8906001711632713, 0.5139178487529205]",28.41245491584871,0.6839943924834946
"[0.4241305730808627, 0.6705117065612362, -0.8905989962767514, 0.5139208582087121]",28.412460656461295,0.6840572249648912
"[0.42412108798547526, 0.6705088294630732, -0.8905978215702822, 0.5139238672217236]",28.412466408589847,0.6841200574462878
"[0.42411160272069054, 0.6705059525906396, -0.8905966469545, 0.5139268760208844]",28.41247215635768,0.6841828899276844
"[0.4241021185131011, 0.6705030763159067, -0.8905954725812935, 0.5139298842171561]",28.412477910113576,0.6842457224090811
"[0.4240926338183585, 0.6705002001704785, -0.8905942982594311, 0.5139328923004097]",28.412483666346514,0.6843085548904776
"[0.4240831504851504, 0.6704973247149005, -0.8905931242177958, 0.5139358996843767]",28.412489430009213,0.6843713873718742
"[0.4240736664295503, 0.6704944493172573, -0.8905919501983917, 0.5139389070299567]",28.412495187760896,0.6844342198532709
"[0.4240641837779115, 0.6704915746221802, -0.8905907764644332, 0.5139419136629282]",28.412500956659812,0.6844970523346675
"[0.4240547014353211, 0.6704887002976453, -0.8905896028803711, 0.5139449199305426]",28.41250673115376,0.684559884816064
"[0.424045219092097, 0.6704858262497594, -0.8905884294078805, 0.5139479259309949]",28.412512503627458,0.6846227172974607
"[0.4240357378410933, 0.6704829528096946, -0.890587256182193, 0.5139509313178988]",28.41251828806898,0.6846855497788573
"[0.424026256089748, 0.6704800794947607, -0.8905860830062388, 0.513953936596101]",28.412524064259365,0.6847483822602539
"[0.42401677548062483, 0.6704772068026694, -0.8905849100832491, 0.5139569412450226]",28.412529854112524,0.6848112147416505
"[0.42400729541341536, 0.6704743345514353, -0.8905837373389308, 0.5139599454549969]",28.41253564457573,0.6848740472230471
"[0.42399781500098355, 0.6704714624722515, -0.8905825646635444, 0.5139629495071731]",28.412541435932972,0.6849368797044437
"[0.4239883361578456, 0.6704685911450502, -0.89058139229389, 0.5139659527949612]",28.412547239126727,0.6849997121858403
"[0.42397885601891283, 0.6704657197019125, -0.890580219875608, 0.5139689562261599]",28.412553034077952,0.6850625446672369
"[0.4239693774199447, 0.6704628490017361, -0.8905790477594029, 0.5139719589023852]",28.412558838387362,0.6851253771486335
"[0.4239598992637273, 0.6704599787121164, -0.8905778758095654, 0.5139749611713103]",28.412564649624326,0.6851882096300302
"[0.42395042153642776, 0.6704571088288116, -0.8905767040243774, 0.5139779630373623]",28.412570460266437,0.6852510421114267
"[0.42394094378435243, 0.6704542392144085, -0.8905755323477459, 0.5139809646442669]",28.412576276349963,0.6853138745928233
"[0.4239314665323626, 0.6704513700277864, -0.8905743608445552, 0.5139839658258287]",28.412582095931068,0.68537670707422
"[0.4239219902606307, 0.6704485014142327, -0.8905731895741414, 0.5139869664300655]",28.412587919180435,0.6854395395556167
"[0.42391251355356796, 0.670445632945192, -0.8905720183615349, 0.5139899669052426]",28.412593744047154,0.6855023720370131
"[0.42390303804906265, 0.6704427651163786, -0.8905708474091533, 0.5139929667328248]",28.412599574356836,0.6855652045184099
"[0.423893562529089, 0.67043989755908, -0.8905696765664635, 0.5139959662984853]",28.41260540850397,0.6856280369998065
"[0.4238840871534679, 0.6704370303216461, -0.8905685058532179, 0.5139989655516412]",28.41261124598417,0.6856908694812031
"[0.4238746125194811, 0.6704341635847579, -0.8905673353432046, 0.5140019643032835]",28.4126170857741,0.6857537019625997
"[0.4238651382991686, 0.6704312972491189, -0.8905661649958936, 0.5140049626572709]",28.41262293070773,0.6858165344439963
"[0.4238556645370194, 0.6704284313281446, -0.8905649948167722, 0.5140079605995604]",28.41262877738768,0.6858793669253929
"[0.4238461911110705, 0.6704255657848721, -0.8905638247907689, 0.5140109581688103]",28.412634631062474,0.6859421994067896
"[0.4238367184803342, 0.6704227007580886, -0.8905626549745621, 0.5140139552198273]",28.412640488479404,0.6860050318881861
"[0.4238272460741822, 0.6704198360751403, -0.8905614852976713, 0.5140169519332123]",28.41264634677569,0.6860678643695827
"[0.42381777393352066, 0.6704169717483764, -0.8905603157651456, 0.5140199482960387]",28.412652209851107,0.6861306968509794
"[0.4238083018307621, 0.6704141077089382, -0.8905591463488871, 0.5140229443803321]",28.41265807247795,0.686193529332376
"[0.42379883039763216, 0.6704112441477948, -0.8905579771268823, 0.5140259399863103]",28.412663945177737,0.6862563618137725
"[0.42378935931582234, 0.6704083809686489, -0.8905568080598264, 0.5140289352147014]",28.41266981603192,0.6863191942951692
"[0.4237798887709491, 0.6704055182275535, -0.8905556391706217, 0.5140319300068587]",28.412675696200328,0.6863820267765658
"[0.42377041874965893, 0.6704026559204219, -0.8905544704576087, 0.514034924367046]",28.4126815746138,0.6864448592579624
"[0.42376094931705294, 0.6703997940668591, -0.8905533019288103, 0.5140379182747447]",28.412687461733146,0.686507691739359
"[0.4237514795550389, 0.6703969323893783, -0.8905521334709348, 0.5140409120202387]",28.41269334557085,0.6865705242207556
"[0.42374201117616633, 0.6703940714054313, -0.8905509652952796, 0.5140439050621851]",28.41269924334382,0.6866333567021522
"[0.4237325426857315, 0.6703912106633081, -0.8905497972174187, 0.5140468978731342]",28.412705137151573,0.6866961891835488
"[0.42372307479330507, 0.6703883503773553, -0.8905486293248859, 0.5140498902288353]",28.412711039734333,0.6867590216649454
"[0.4237136072845529, 0.6703854904827655, -0.8905474615912325, 0.514052882197079]",28.412716940686348,0.686821854146342
"[0.4237041397139172, 0.6703826308449151, -0.8905462939615048, 0.5140558739186987]",28.41272284389176,0.6868846866277387
"[0.42369467313563625, 0.6703797717821812, -0.8905451265657109, 0.514058865060602]",28.412728755933603,0.6869475191091352
"[0.4236852070112316, 0.6703769131318589, -0.8905439593374291, 0.514061855792999]",28.412734673573066,0.6870103515905318
"[0.42367574110729495, 0.6703740548233947, -0.8905427922478748, 0.5140648461896955]",28.41274058945371,0.6870731840719285
"[0.42366627541032764, 0.6703711968527071, -0.8905416252953818, 0.514067836254953]",28.41274651082254,0.6871360165533251
"[0.42365681000912325, 0.6703683392465554, -0.890540458490896, 0.5140708259607681]",28.412752432878026,0.6871988490347216
"[0.4236473454016533, 0.6703654821552184, -0.8905392918957897, 0.5140738151499046]",28.412758361139407,0.6872616815161183
"[0.42363788102805033, 0.6703626254096278, -0.8905381254410438, 0.5140768039992379]",28.41276429058923,0.6873245139975149
"[0.42362841704854337, 0.6703597690581027, -0.8905369591464021, 0.5140797924582066]",28.412770229716312,0.6873873464789115
"[0.42361895377733716, 0.6703569131954141, -0.8905357930505728, 0.514082780427646]",28.41277616844636,0.6874501789603081
"[0.4236094902975917, 0.6703540575448362, -0.8905346270405786, 0.5140857681970753]",28.412782112089417,0.6875130114417047
"[0.4236000279705639, 0.6703512025170797, -0.890533461284132, 0.5140887553367722]",28.41278806007235,0.6875758439231013
"[0.42359056592131944, 0.6703483478480756, -0.8905322956734238, 0.5140917421230137]",28.41279400862014,0.687638676404498
"[0.42358110350695066, 0.670345493343851, -0.8905311301292637, 0.5140947287587447]",28.41279996191226,0.6877015088858945
"[0.4235716424629087, 0.6703426395278762, -0.8905299648654068, 0.5140977146962544]",28.412805917376303,0.6877643413672911
"[0.42356218153987135, 0.6703397860232274, -0.8905287997279627, 0.5141007003299051]",28.412811882433505,0.6878271738486879
"[0.4235527205885215, 0.6703369327848501, -0.8905276346985478, 0.5141036857068311]",28.412817845723207,0.6878900063300845
"[0.42354326057488706, 0.6703340801040278, -0.89052646989611, 0.5141066705222498]",28.41282381508449,0.687952838811481
"[0.42353380096286625, 0.6703312278190254, -0.8905253052546236, 0.5141096549453766]",28.412829788015998,0.6880156712928777
"[0.4235243414638385, 0.6703283758427622, -0.8905241407385523, 0.51411263906732]",28.41283575824792,0.6880785037742743
"[0.4235148824232823, 0.6703255242793806, -0.8905229763904235, 0.5141156227791023]",28.41284174054557,0.6881413362556709
"[0.42350542346665054, 0.6703226730159219, -0.89052181216413, 0.5141186061989097]",28.412847719195977,0.6882041687370675
"[0.42349596582498794, 0.67031982242339, -0.8905206482111736, 0.5141215889385307]",28.412853706601247,0.6882670012184641
"[0.4234865078277409, 0.6703169719982119, -0.8905194843259496, 0.5141245715248739]",28.412859696445924,0.6883298336998607
"[0.42347705109753236, 0.6703141222293564, -0.8905183207081256, 0.5141275534462898]",28.412865692128836,0.6883926661812573
"[0.42346759336066275, 0.6703112724316207, -0.8905171570779332, 0.5141305354197491]",28.412871685764728,0.6884554986626539
"[0.42345813727735565, 0.6703084234065388, -0.890515993762669, 0.5141335166065334]",28.412877690369896,0.6885183311440505
"[0.42344868106379246, 0.6703055746165829, -0.8905148305428611, 0.5141364975690947]",28.412883692840712,0.6885811636254471
"[0.42343922569055287, 0.6703027263541069, -0.8905136675378966, 0.5141394780015057]",28.41288970137769,0.6886439961068437
"[0.4234297698996716, 0.6702998782401302, -0.890512504593047, 0.5141424583003263]",28.412895713166733,0.6887068285882403
"[0.4234203156108505, 0.6702970308528186, -0.8905113419443987, 0.5141454378605465]",28.41290173271438,0.688769661069637
"[0.4234108610506847, 0.6702941836579984, -0.8905101793738518, 0.5141484172411259]",28.41290774717734,0.6888324935510336
"[0.4234014067561627, 0.6702913368173657, -0.8905090169474431, 0.5141513962728551]",28.412913766674762,0.6888953260324301
"[0.42339195315902733, 0.6702884904608702, -0.8905078547182467, 0.5141543748197409]",28.412919794626887,0.6889581585138268
"[0.4233825002641063, 0.6702856445898845, -0.8905066926868384, 0.5141573528803359]",28.41292582782347,0.6890209909952234
"[0.4233730472516128, 0.6702827989575706, -0.8905055307524399, 0.5141603307129355]",28.412931858938727,0.68908382347662
"[0.42336359502419013, 0.6702799538356037, -0.890504369025996, 0.514163308033235]",28.412937899491975,0.6891466559580166
"[0.42335414282733785, 0.6702771089968387, -0.8905032074147679, 0.5141662850789235]",28.412943935515834,0.6892094884394132
"[0.4233446915385008, 0.6702742647052894, -0.8905020460265777, 0.5141692615737101]",28.41294998380562,0.6892723209208098
"[0.4233352404816719, 0.6702714207574461, -0.8905008847783443, 0.5141722377305535]",28.412956031991186,0.6893351534022064
"[0.42332578946395794, 0.6702685770952617, -0.8904997236463684, 0.5141752136101911]",28.41296208200434,0.689397985883603
"[0.42331633945671093, 0.6702657340109306, -0.890498562749977, 0.5141781889068338]",28.412968138882913,0.6894608183649996
"[0.42330688901653546, 0.6702628910701579, -0.8904974019118514, 0.5141811640749638]",28.41297419576447,0.6895236508463962
"[0.42329743983291207, 0.6702600487811344, -0.8904962413395108, 0.5141841385827458]",28.412980259111052,0.6895864833277929
"[0.4232879905751571, 0.670257206743543, -0.8904950808695024, 0.5141871128491069]",28.412986324667674,0.6896493158091894
"[0.423278541829931, 0.6702543651337518, -0.8904939205738746, 0.5141900866894692]",28.412992392599183,0.689712148290586
"[0.4232690936500019, 0.6702515239676158, -0.890492760459095, 0.5141930600872269]",28.41299846730088,0.6897749807719827
"[0.4232596459336683, 0.6702486832144807, -0.8904916005126644, 0.5141960330744518]",28.41300454425323,0.6898378132533793
"[0.42325019838935063, 0.6702458427866202, -0.8904904406987806, 0.5141990057429466]",28.413010624641018,0.6899006457347759
"[0.4232407508406003, 0.6702430026309809, -0.8904892809957856, 0.5142019781482267]",28.4130167033374,0.6899634782161725
"[0.42323130521767716, 0.670240163327721, -0.8904881216405955, 0.5142049496831078]",28.413022800867882,0.6900263106975691
"[0.42322185781857014, 0.6702373237640372, -0.89048696217883, 0.5142079215122108]",28.413028885726284,0.6900891431789657
"[0.42321241278539234, 0.6702344851848562, -0.8904858031188394, 0.5142108923326133]",28.41303498074588,0.6901519756603623
"[0.4232029668068851, 0.6702316465949479, -0.8904846440542601, 0.514213863185899]",28.41304107768818,0.690214808141759
"[0.4231935223610333, 0.6702288087389269, -0.8904834852891489, 0.5142168332927504]",28.413047184511285,0.6902776406231556
"[0.42318407734849717, 0.6702259709859283, -0.890482326565922, 0.5142198033134222]",28.41305328680002,0.6903404731045523
"[0.42317463316141374, 0.6702231337541936, -0.8904811680553705, 0.5142227728101719]",28.41305939850168,0.6904033055859488
"[0.4231651892371304, 0.6702202968746283, -0.8904800096884617, 0.514225741959967]",28.413065509523435,0.6904661380673454
"[0.42315574620670426, 0.6702174605367319, -0.8904788515425867, 0.5142287105644621]",28.413071626342887,0.6905289705487421
"[0.42314630313284785, 0.6702146244589319, -0.8904776935027827, 0.5142316789183513]",28.4130777433147,0.6905918030301386
"[0.42313686030021697, 0.6702117887266797, -0.890476535603962, 0.5142346469321912]",28.413083869719003,0.6906546355115352
"[0.42312741840415025, 0.6702089535487401, -0.8904753779313743, 0.5142376143874683]",28.413089997245162,0.6907174679929319
"[0.4231179762995955, 0.6702061185812296, -0.8904742203446189, 0.5142405816441012]",28.413096125343607,0.6907803004743285
"[0.42310853488203387, 0.6702032840929801, -0.8904730629534788, 0.5142435484207057]",28.413102256306267,0.6908431329557251
"[0.42309909378161964, 0.6702004499728936, -0.8904719057126053, 0.5142465148335554]",28.41310839743421,0.6909059654371217
"[0.4230896531614082, 0.670197616269871, -0.8904707486419775, 0.514249480831458]",28.413114536816735,0.6909687979185183
"[0.4230802138187086, 0.6701947832231444, -0.8904695918392923, 0.5142524461640002]",28.413120689081914,0.6910316303999149
"[0.4230707735544572, 0.6701919501726763, -0.8904684350350521, 0.514255411522032]",28.413126832170395,0.6910944628813115
"[0.4230613345273929, 0.6701891177662714, -0.8904672784937891, 0.5142583762274879]",28.41313298804639,0.6911572953627081
"[0.4230518958016687, 0.6701862857230358, -0.890466122100816, 0.5142613405743711]",28.413139147511203,0.6912201278441047
"[0.4230424567844658, 0.6701834538650786, -0.8904649657835104, 0.5142643047488759]",28.41314530241131,0.6912829603255014
"[0.42303301874928984, 0.6701806225744282, -0.8904638096978754, 0.514267268351116]",28.413151462471138,0.6913457928068979
"[0.4230235813013062, 0.6701777917325535, -0.8904626537955277, 0.5142702315051502]",28.41315763439638,0.6914086252882945
"[0.42301414395027237, 0.6701749611923612, -0.8904614980164158, 0.5142731943649386]",28.41316380504438,0.6914714577696912
"[0.42300470649236066, 0.6701721308927013, -0.8904603423355852, 0.5142761569944826]",28.413169971388385,0.6915342902510878
"[0.42299527080918387, 0.670169301397784, -0.8904591869834293, 0.5142791188031821]",28.413176154352453,0.6915971227324843
"[0.4229858337675933, 0.6701664717680339, -0.8904580315763091, 0.5142820807745409]",28.413182332083444,0.691659955213881
"[0.4229763989024859, 0.6701636430633234, -0.8904568765470064, 0.514285041799107]",28.413188521192243,0.6917227876952776
"[0.422966963535157, 0.670160814480425, -0.8904557215675672, 0.5142880027176708]",28.413194708378043,0.6917856201766742
"[0.42295752851759566, 0.6701579862747714, -0.890454566742294, 0.5142909632628418]",28.413200898027096,0.6918484526580708
"[0.4229480944667667, 0.6701551586312209, -0.8904534121466843, 0.5142939232411018]",28.413207096597542,0.6919112851394674
"[0.42293866003945874, 0.6701523311471393, -0.8904522576163449, 0.5142968830739197]",28.41321329514303,0.691974117620864
"[0.4229292271577944, 0.6701495043985086, -0.8904511033864807, 0.5142998421583437]",28.413219498328328,0.6920369501022607
"[0.42291979358879195, 0.6701466777161385, -0.8904499491838493, 0.5143028011948829]",28.41322570341542,0.6920997825836572
"[0.4229103601000482, 0.67014385133002, -0.8904487951023863, 0.5143057599427735]",28.413231909075893,0.6921626150650538
"[0.42290092876837665, 0.670141025862291, -0.8904476413961325, 0.514308717750729]",28.41323813106436,0.6922254475464505
"[0.4228914962960224, 0.6701382003249472, -0.8904464876616728, 0.5143116756530202]",28.413244344344072,0.692288280027847
"[0.4228820642537032, 0.6701353751885144, -0.8904453340911493, 0.5143146331570752]",28.413250563338465,0.6923511125092436
"[0.42287263333410796, 0.6701325506603897, -0.89044418076926, 0.5143175900457684]",28.413256786747603,0.6924139449906404
"[0.4228632027263404, 0.6701297264976329, -0.8904430275968206, 0.5143205465734139]",28.413263017508694,0.692476777472037
"[0.42285377179936995, 0.6701269025112598, -0.8904418744966759, 0.514323502937846]",28.41326924684376,0.6925396099534334
"[0.422844342530282, 0.670124079293228, -0.890440721710543, 0.5143264585193483]",28.413275482202007,0.6926024424348302
"[0.4228349130979466, 0.6701212562981476, -0.8904395690157592, 0.5143294138888709]",28.41328172262794,0.6926652749162268
"[0.4228254837738076, 0.6701184336073173, -0.8904384164455135, 0.5143323689612951]",28.413287964114037,0.6927281073976234
"[0.42281605523100463, 0.6701156114221758, -0.8904372640820777, 0.5143353235257261]",28.413294210805088,0.69279093987902
"[0.42280662640898115, 0.6701127894252347, -0.8904361117958276, 0.5143382779145369]",28.413300458864967,0.6928537723604166
"[0.4227971985334054, 0.6701099679832886, -0.8904349597365459, 0.514341231743717]",28.41330670959686,0.6929166048418132
"[0.42278777103519993, 0.6701071469259601, -0.8904338078346766, 0.5143441851916271]",28.4133129676318,0.6929794373232099
"[0.422778343794557, 0.6701043262173553, -0.8904326560755766, 0.5143471382958373]",28.413319228488845,0.6930422698046064
"[0.4227689174461679, 0.6701015060473241, -0.890431504536775, 0.5143500908575767]",28.41332549468127,0.693105102286003
"[0.4227594908323843, 0.670098686069453, -0.8904303530768476, 0.5143530432395137]",28.41333175801541,0.6931679347673997
"[0.42275006513336993, 0.6700958666367736, -0.8904292018399466, 0.5143559950720313]",28.413338031774693,0.6932307672487963
"[0.42274063969026987, 0.6700930475521332, -0.8904280507455867, 0.5143589465615316]",28.41334430522032,0.6932935997301928
"[0.4227312145166115, 0.6700902288195403, -0.890426899795418, 0.514361897703809]",28.41335058286253,0.6933564322115895
"[0.42272178966836327, 0.6700874104557054, -0.8904257489962712, 0.5143648484813595]",28.41335686166713,0.6934192646929861
"[0.42271236491748465, 0.6700845923923741, -0.8904245983203016, 0.5143677989656386]",28.413363143679753,0.6934820971743827
"[0.42270294171349515, 0.6700817750628919, -0.8904234479444604, 0.514370748702925]",28.413369438368665,0.6935449296557793
"[0.42269351830217394, 0.6700789579427219, -0.8904222976545765, 0.5143736982423965]",28.413375731511064,0.6936077621371759
"[0.4226840954006875, 0.6700761412462325, -0.8904211475381945, 0.5143766473596013]",28.413382027032565,0.6936705946185725
"[0.422674672663546, 0.6700733248700853, -0.8904199975531406, 0.5143795961627287]",28.41338832664055,0.6937334270999691
"[0.4226652504019256, 0.6700705089072703, -0.8904188477373871, 0.5143825445544065]",28.41339463087777,0.6937962595813657
"[0.42265582731735746, 0.6700676929697069, -0.8904176979324933, 0.514385492940962]",28.413400927258635,0.6938590920627623
"[0.42264640631829586, 0.6700648779264872, -0.8904165484933328, 0.5143884404124134]",28.41340724111439,0.693921924544159
"[0.42263698578755937, 0.6700620632942427, -0.8904153992225581, 0.5143913874748552]",28.413413557703578,0.6939847570255556
"[0.42262756460416645, 0.6700592487380623, -0.8904142499834237, 0.5143943344789496]",28.41341987005113,0.6940475895069521
"[0.42261814458890556, 0.6700564348018584, -0.8904131009980351, 0.514397280855181]",28.413426195062698,0.6941104219883488
"[0.4226087250398544, 0.6700536212758733, -0.890411952180756, 0.5144002268231677]",28.41343251914818,0.6941732544697454
"[0.42259930518560396, 0.6700508079296584, -0.8904108034375079, 0.5144031726242005]",28.413438843290084,0.6942360869511419
"[0.4225898861672013, 0.6700479951039843, -0.8904096549074381, 0.5144061179014559]",28.4134451780879,0.6942989194325386
"[0.4225804674262839, 0.6700451826320227, -0.8904085065224489, 0.5144090628296086]",28.413451511968507,0.6943617519139352
"[0.4225710495182797, 0.6700423706795783, -0.8904073583502482, 0.5144120072350357]",28.41345785373202,0.6944245843953318
"[0.42256163153423043, 0.6700395589752117, -0.8904062102800153, 0.5144149514019527]",28.41346419520657,0.6944874168767284
"[0.42255221423082384, 0.670036747744779, -0.8904050624039874, 0.5144178950938559]",28.413470539710236,0.694550249358125
"[0.4225427971282201, 0.6700339368449918, -0.8904039146636689, 0.5144208384607758]",28.41347689050907,0.6946130818395216
"[0.4225333805236518, 0.6700311263645204, -0.8904027670952804, 0.5144237814098549]",28.413483243159096,0.6946759143209182
"[0.42252396424379823, 0.6700283162515969, -0.8904016196776919, 0.5144267239952921]",28.413489597151973,0.6947387468023148
"[0.4225145487908942, 0.6700255066560356, -0.89040047247209, 0.5144296660602007]",28.41349595964296,0.6948015792837114
"[0.42250513314100935, 0.6700226972722456, -0.8903993253537118, 0.5144326079245721]",28.41350232318389,0.694864411765108
"[0.4224957181295909, 0.6700198883494748, -0.8903981784243401, 0.5144355493273963]",28.413508689388287,0.6949272442465048
"[0.42248630376366786, 0.6700170798897488, -0.8903970316848142, 0.5144384902665425]",28.41351506116687,0.6949900767279013
"[0.4224768891219153, 0.6700142716181903, -0.8903958850229114, 0.5144414310298469]",28.413521432187448,0.695052909209298
"[0.4224674759430452, 0.6700114640533767, -0.8903947386503853, 0.5144443710742549]",28.41352781437555,0.6951157416906946
"[0.4224580626481589, 0.6700086567242954, -0.8903935923749332, 0.5144473108929962]",28.413534195214805,0.6951785741720912
"[0.4224486494717479, 0.6700058497008836, -0.8903924462251183, 0.5144502504128246]",28.413540581346087,0.6952414066534878
"[0.42243923651750703, 0.6700030430140278, -0.890391300213566, 0.5144531896013894]",28.41354696506556,0.6953042391348844
"[0.42242982435741644, 0.6700002368342223, -0.8903901544099034, 0.514456128280138]",28.413553359216646,0.695367071616281
"[0.4224204126841021, 0.6699974310697432, -0.8903890087766959, 0.5144590665451149]",28.413559755547098,0.6954299040976776
"[0.4224110010910605, 0.6699946255993912, -0.8903878632644596, 0.5144620045232332]",28.413566152971065,0.6954927365790742
"[0.4224015902180872, 0.6699918206137937, -0.8903867179510578, 0.5144649420148558]",28.4135725563586,0.6955555690604708
"[0.42239217965574966, 0.6699890159908909, -0.8903855727866506, 0.514467879147797]",28.41357896507068,0.6956184015418674
"[0.42238276963070676, 0.6699862117981685, -0.8903844277988127, 0.5144708158513743]",28.413585374789115,0.6956812340232641
"[0.42237335995219427, 0.6699834079787299, -0.8903832829643228, 0.5144737521851638]",28.413591787447395,0.6957440665046606
"[0.42236395042378677, 0.669980604474009, -0.8903821382592815, 0.5144766882104914]",28.41359820420575,0.6958068989860572
"[0.42235454142937123, 0.6699778013983385, -0.8903809937303846, 0.514479623807612]",28.41360462467396,0.6958697314674539
"[0.4223451331112054, 0.6699749987940327, -0.8903798493949219, 0.5144825589322007]",28.41361104897391,0.6959325639488504
"[0.4223357246756254, 0.6699721964246327, -0.8903787051563571, 0.5144854938318887]",28.413617474586346,0.6959953964302471
"[0.4223263172566193, 0.6699693946278472, -0.8903775611525949, 0.5144884281529877]",28.413623907203608,0.6960582289116437
"[0.4223169100868614, 0.6699665931750799, -0.8903764172903083, 0.514491362134896]",28.41363034438024,0.6961210613930403
"[0.42230750257722977, 0.6699637918908796, -0.8903752734978712, 0.514494295961359]",28.41363677916406,0.6961838938744369
"[0.42229809634388016, 0.6699609912564358, -0.8903741299717708, 0.5144972291284108]",28.413643224314132,0.6962467263558335
"[0.422288689856852, 0.6699581908161608, -0.8903729865259973, 0.5145001621131887]",28.413649666434424,0.6963095588372301
"[0.42227928445839974, 0.6699553909696068, -0.8903718433237061, 0.5145030944972209]",28.413656117245353,0.6963723913186267
"[0.4222698789700161, 0.6699525913658739, -0.8903707002216421, 0.5145060266480097]",28.413662567905615,0.6964352238000233
"[0.42226047442147985, 0.6699497923114626, -0.8903695573449515, 0.5145089582445328]",28.41366902882756,0.6964980562814199
"[0.4222510691906336, 0.6699469933235451, -0.8903684144965056, 0.5145118897924741]",28.41367548383187,0.6965608887628165
"[0.4222416651520577, 0.6699441949599263, -0.8903672719040874, 0.5145148207076048]",28.413681947812496,0.6966237212442132
"[0.4222322618292729, 0.6699413970787597, -0.8903661295097771, 0.5145177511384765]",28.413688417962902,0.6966865537256097
"[0.42222285823227085, 0.6699385993854251, -0.8903649871932986, 0.51452068139366]",28.413694884860043,0.6967493862070063
"[0.4222134551901691, 0.6699358021265754, -0.8903638450553731, 0.514523611214808]",28.413701359059107,0.696812218688403
"[0.42220405271177425, 0.6699330053047688, -0.8903627030970567, 0.5145265405992313]",28.41370783579501,0.6968750511697996
"[0.4221946502438353, 0.6699302087553902, -0.8903615612511528, 0.5145294697193394]",28.413714313458417,0.6969378836511961
"[0.4221852484505873, 0.6699274126759743, -0.8903604195983209, 0.5145323983682247]",28.413720798226084,0.6970007161325928
"[0.4221758470097389, 0.6699246169705836, -0.890359278099415, 0.5145353266463648]",28.41372728729345,0.6970635486139894
"[0.4221664462192078, 0.6699218217277805, -0.8903581367905954, 0.5145382544609878]",28.413733779495836,0.697126381095386
"[0.4221570456725535, 0.6699190268266504, -0.8903569956225099, 0.5145411819387329]",28.41374027370251,0.6971892135767827
"[0.422147645574455, 0.6699162323280246, -0.890355854619999, 0.5145441090158749]",28.413746771717438,0.6972520460581793
"[0.4221382465055803, 0.669913438404387, -0.8903547138535274, 0.5145470355117384]",28.413753280813328,0.6973148785395759
"[0.4221288464667446, 0.6699106444615209, -0.8903535730804581, 0.514549962048726]",28.413759781453628,0.6973777110209726
"[0.42211944774117144, 0.6699078511779818, -0.8903524325778811, 0.5145528879160752]",28.413766289904448,0.6974405435023691
"[0.42211004928595086, 0.6699050582437712, -0.8903512922192213, 0.5145558134384851]",28.413772803869694,0.6975033759837657
"[0.4221006514624679, 0.6699022657662154, -0.8903501520483182, 0.514558738503526]",28.413779322295735,0.6975662084651624
"[0.4220912534943576, 0.6698994735145911, -0.8903490119709792, 0.5145616633528682]",28.41378584094831,0.697629040946559
"[0.42208185647649343, 0.6698966818141454, -0.8903478721200172, 0.5145645876458106]",28.41379236768862,0.6976918734279555
"[0.4220724590605034, 0.6698938902642659, -0.8903467323318722, 0.5145675118019852]",28.413798890834514,0.6977547059093522
"[0.4220630622918323, 0.6698910991754791, -0.8903455927333472, 0.5145704354961074]",28.41380541924825,0.6978175383907488
"[0.4220536666379158, 0.6698883086865396, -0.890344453381105, 0.5145733585828178]",28.41381195396501,0.6978803708721453
"[0.4220442706951505, 0.669885518380522, -0.8903433141049328, 0.5145762814988453]",28.41381849196496,0.697943203353542
"[0.4220348752026161, 0.6698827284768978, -0.8903421749944489, 0.5145792040142809]",28.413825033175353,0.6980060358349386
"[0.4220254804186267, 0.669879939052303, -0.8903410360809572, 0.5145821260488357]",28.41383157856577,0.6980688683163352
"[0.4220160856922213, 0.6698771499134327, -0.8903398972855365, 0.5145850478049949]",28.41383812482593,0.6981317007977318
"[0.42200669175174443, 0.6698743612764109, -0.8903387586964665, 0.5145879690563526]",28.413844677572904,0.6981945332791284
"[0.42199729771438893, 0.6698715728791891, -0.890337620206741, 0.5145908900774073]",28.413851233702882,0.698257365760525
"[0.42198790480366677, 0.6698687850848516, -0.8903364819646294, 0.5145938104877971]",28.41385779335025,0.6983201982419217
"[0.4219785116991502, 0.669865997501455, -0.8903353438101115, 0.5145967306981009]",28.413864354293906,0.6983830307233182
"[0.4219691191909933, 0.6698632103634506, -0.8903342058389294, 0.5145996504627057]",28.413870919214947,0.6984458632047148
"[0.4219597274226336, 0.6698604237133464, -0.8903330680684447, 0.5146025697370695]",28.41387749436056,0.6985086956861115
"[0.4219503353091215, 0.6698576372291667, -0.8903319303672201, 0.5146054888584857]",28.41388406458792,0.6985715281675081
"[0.4219409439812703, 0.6698548512463964, -0.8903307928722344, 0.5146084074754912]",28.413890639308097,0.6986343606489046
"[0.4219315527094902, 0.6698520655485396, -0.8903296554951109, 0.5146113258148802]",28.413897218702218,0.6986971931303013
"[0.42192216205268906, 0.6698492803013419, -0.8903285183035332, 0.5146142437030072]",28.41390380393768,0.6987600256116979
"[0.4219127720222967, 0.669846495508123, -0.8903273812988706, 0.5146171611363838]",28.4139103894209,0.6988228580930945
"[0.4219033827744866, 0.6698437112151294, -0.890326244500015, 0.5146200780665501]",28.413916980015596,0.6988856905744911
"[0.4218939934586919, 0.6698409271700803, -0.890325107803979, 0.5146229947577969]",28.41392357476402,0.6989485230558877
"[0.42188460487412904, 0.6698381436099174, -0.8903239713075131, 0.5146259109618844]",28.413930175145193,0.6990113555372843
"[0.4218752155634701, 0.6698353601025505, -0.8903228348342127, 0.5146288271314874]",28.4139367722166,0.699074188018681
"[0.4218658272481293, 0.6698325771582757, -0.8903216985924386, 0.5146317427319822]",28.413943377200376,0.6991370205000775
"[0.4218564400582221, 0.6698297948155563, -0.8903205625979074, 0.5146346577230584]",28.41394998904806,0.6991998529814741
"[0.4218470527664345, 0.6698270127105654, -0.890319426702084, 0.5146375724858788]",28.41395660068318,0.6992626854628708
"[0.4218376654209728, 0.6698242308575717, -0.8903182909108112, 0.5146404870054896]",28.41396321141782,0.6993255179442674
"[0.42182827929679345, 0.669821449634344, -0.8903171553783339, 0.5146434008860956]",28.413969834515083,0.6993883504256639
"[0.42181889331721184, 0.6698186687217684, -0.8903160199743779, 0.5146463144620214]",28.41397645591778,0.6994511829070607
"[0.42180950711725534, 0.6698158880116993, -0.8903148846548015, 0.5146492278465653]",28.413983080950143,0.6995140153884573
"[0.42180012163596103, 0.669813107782298, -0.8903137495331845, 0.5146521407482869]",28.413989712592006,0.6995768478698537
"[0.42179073661239996, 0.6698103279562031, -0.8903126145779555, 0.5146550532482291]",28.41399634252524,0.6996396803512505
"[0.42178135257558114, 0.6698075486900341, -0.89031147985307, 0.5146579651822867]",28.414002983908645,0.6997025128326471
"[0.42177196803952755, 0.6698047695436471, -0.8903103451788403, 0.5146608770116061]",28.414009622500767,0.6997653453140437
"[0.42176258422663293, 0.6698019908790257, -0.890309210703068, 0.5146637883569148]",28.414016263361283,0.6998281777954403
"[0.42175320087605295, 0.6697992126188635, -0.8903080763942038, 0.5146666992992005]",28.414022909601364,0.6998910102768369
"[0.4217438173763274, 0.6697964345820909, -0.8903069421783318, 0.5146696100281734]",28.414029557132835,0.6999538427582335
"[0.42173443496152635, 0.6697936571340026, -0.8903058082046093, 0.514672520161081]",28.41403621204471,0.7000166752396301
"[0.4217250531940864, 0.6697908801449842, -0.8903046744201268, 0.5146754298337183]",28.41404287339474,0.7000795077210267
"[0.4217156711919919, 0.6697881033539257, -0.8903035407182934, 0.5146783393196629]",28.414049534068454,0.7001423402024233
"[0.4217062901379476, 0.6697853271108289, -0.8903024072420181, 0.5146812482521796]",28.414056199707613,0.70020517268382
"[0.42169690890742545, 0.6697825510828516, -0.8903012738554222, 0.51468415698001]",28.414062863625475,0.7002680051652166
"[0.4216875283438388, 0.6697797755195354, -0.8903001406603996, 0.514687065241676]",28.414069540551523,0.7003308376466131
"[0.4216781478585139, 0.6697770002466551, -0.8902990075858315, 0.5146899732197238]",28.41407620978082,0.7003936701280098
"[0.421668768524917, 0.669774225581735, -0.8902978747613667, 0.5146928805814361]",28.414082892169713,0.7004565026094064
"[0.4216593889059497, 0.6697714510995908, -0.8902967420134262, 0.5146957877723225]",28.41408957338424,0.700519335090803
"[0.421650010192767, 0.6697686771525256, -0.8902956094858576, 0.5146986944232199]",28.414096263281948,0.7005821675721996
"[0.42164063064856194, 0.6697659032268206, -0.8902944769689384, 0.5147016010724178]",28.41410294376842,0.7006450000535962
"[0.42163125328901496, 0.6697631302142725, -0.8902933448267744, 0.5147045067854387]",28.414109641870926,0.7007078325349928
"[0.4216218751943337, 0.6697603572513817, -0.8902922127068359, 0.5147074124670933]",28.414116335821426,0.7007706650163894
"[0.42161249773588827, 0.669757584743631, -0.8902910807746826, 0.5147103176924857]",28.414123036528476,0.700833497497786
"[0.4216031208188473, 0.6697548126629186, -0.8902899490188537, 0.5147132224910542]",28.41412974439338,0.7008963299791826
"[0.4215937440651721, 0.6697520408974506, -0.8902888173937157, 0.5147161269799347]",28.41413644705882,0.7009591624605792
"[0.42158436801649674, 0.669749269607256, -0.8902876859646267, 0.5147190309914289]",28.414143159961707,0.7010219949419759
"[0.42157499245622304, 0.6697464987282753, -0.890286554705435, 0.5147219345926524]",28.41414987469394,0.7010848274233724
"[0.4215656169196586, 0.6697437281231283, -0.8902854235600679, 0.514724837927558]",28.414156589891803,0.7011476599047691
"[0.4215562416137117, 0.6697409578529321, -0.8902842925534913, 0.5147277409320945]",28.414163307160734,0.7012104923861657
"[0.4215468667328184, 0.6697381879751032, -0.8902831617091561, 0.5147306435460858]",28.41417003247066,0.7012733248675623
"[0.4215374928725435, 0.6697354186655221, -0.8902820310988839, 0.5147335455852121]",28.414176765474025,0.7013361573489589
"[0.42152811893749753, 0.6697326496005243, -0.8902809005905464, 0.5147364473886421]",28.414183493481623,0.7013989898303555
"[0.42151874533639005, 0.6697298809008262, -0.8902797702334363, 0.514739348829865]",28.41419022852816,0.7014618223117521
"[0.4215093728695483, 0.6697271128027363, -0.8902786401240456, 0.514742249661232]",28.414196970360667,0.7015246547931487
"[0.42149999964924034, 0.6697243447487007, -0.8902775100347554, 0.5147451504670255]",28.41420370590098,0.7015874872745453
"[0.4214906275778833, 0.6697215773004989, -0.8902763801949328, 0.5147480506585167]",28.414210455034915,0.7016503197559419
"[0.42148125508479223, 0.6697188099942829, -0.8902752504152195, 0.5147509507217931]",28.414217199864527,0.7017131522373385
"[0.4214718837749553, 0.6697160433038927, -0.8902741208890764, 0.514753850160275]",28.414223954804665,0.7017759847187351
"[0.42146251286178676, 0.6697132769970223, -0.890272991521676, 0.5147567492174031]",28.414230709504295,0.7018388172001317
"[0.4214531423521153, 0.6697105110756424, -0.8902718623138332, 0.5147596478911035]",28.414237475179444,0.7019016496815284
"[0.421443772192471, 0.6697077455239165, -0.8902707332590979, 0.5147625461979648]",28.41424423691951,0.7019644821629251
"[0.42143440247322683, 0.6697049803684788, -0.8902696043683525, 0.5147654441100649]",28.41425100198211,0.7020273146443216
"[0.4214250326913087, 0.669702215460825, -0.8902684755809853, 0.5147683417830309]",28.41425777131689,0.7020901471257182
"[0.42141566347761, 0.6696994509870949, -0.8902673469729983, 0.5147712390217772]",28.41426454309001,0.7021529796071149
"[0.4214062944784085, 0.6696966868428696, -0.8902662185017757, 0.5147741359357288]",28.414271319506387,0.7022158120885115
"[0.4213969262928013, 0.6696939232048438, -0.8902650902394652, 0.5147770323396943]",28.414278098791623,0.7022786445699081
"[0.42138755799288574, 0.6696911597992391, -0.8902639620743088, 0.5147799285205964]",28.41428488398686,0.7023414770513047
"[0.42137819116627534, 0.6696883970942893, -0.8902628341974759, 0.5147828239876927]",28.414291672830597,0.7024043095327013
"[0.42136882390233266, 0.6696856345264011, -0.8902617063788908, 0.5147857193316514]",28.414298462553923,0.7024671420140979
"[0.42135945665728136, 0.6696828722301269, -0.8902605786734975, 0.5147886144114476]",28.41430525380595,0.7025299744954945
"[0.4213500902967974, 0.6696801104606906, -0.8902594511855036, 0.5147915089595801]",28.414312051937216,0.7025928069768911
"[0.4213407248806937, 0.6696773492356393, -0.8902583239220838, 0.5147944029576468]",28.414318854520346,0.7026556394582877
"[0.4213313591311089, 0.6696745881781967, -0.8902571967294246, 0.5147972968005307]",28.41432566085661,0.7027184719396844
"[0.42132199329259207, 0.6696718273604036, -0.8902560696369726, 0.5148001904127261]",28.414332464404563,0.7027813044210809
"[0.4213126289497101, 0.6696690672493297, -0.8902549428353973, 0.5148030833046833]",28.414339276217866,0.7028441369024775
"[0.421303264628093, 0.6696663074103171, -0.8902538161472694, 0.5148059759319599]",28.414346093247907,0.7029069693838742
"[0.42129390086917934, 0.6696635480029035, -0.8902526896377295, 0.5148088681273343]",28.414352917214373,0.7029698018652708
"[0.42128453759379797, 0.66966078900368, -0.8902515632972411, 0.5148117599153332]",28.41435974141934,0.7030326343466673
"[0.42127517376607937, 0.6696580301074226, -0.8902504370012041, 0.5148146516158639]",28.41436656169436,0.703095466828064
"[0.42126581111994954, 0.6696552718249579, -0.8902493109581732, 0.5148175426935029]",28.41437339196067,0.7031582993094606
"[0.42125644823519665, 0.6696525137378352, -0.8902481849973298, 0.5148204335868367]",28.41438022127579,0.7032211317908572
"[0.4212470866449867, 0.6696497562976119, -0.8902470593030378, 0.5148233238225564]",28.414387059255425,0.7032839642722538
"[0.4212377250786266, 0.669646999129957, -0.890245933722484, 0.5148262137930099]",28.414393900109605,0.7033467967536504
"[0.4212283639248226, 0.6696442423493122, -0.8902448083024035, 0.514829103378235]",28.414400746813396,0.703409629235047
"[0.42121900295131176, 0.669641485887239, -0.8902436830148692, 0.5148319926499593]",28.414407591770253,0.7034724617164436
"[0.42120964264070415, 0.6696387298857979, -0.890242557917888, 0.5148348814592695]",28.414414444672776,0.7035352941978402
"[0.42120028307306967, 0.6696359743685061, -0.8902414330210656, 0.5148377697815031]",28.414421298383886,0.7035981266792368
"[0.42119092338530145, 0.6696332190811763, -0.890240308220664, 0.5148406578830925]",28.414428156878497,0.7036609591606335
"[0.42118156369047205, 0.6696304640571233, -0.8902391835302803, 0.5148435457291097]",28.414435016065003,0.70372379164203
"[0.4211722045805019, 0.6696277094705323, -0.8902380590210381, 0.5148464331369641]",28.414441875578618,0.7037866241234266
"[0.42116284628420636, 0.6696249553886849, -0.8902369347204122, 0.5148493200361189]",28.41444874321595,0.7038494566048233
"[0.4211534882256433, 0.6696222016419904, -0.8902358105591966, 0.5148522066043353]",28.414455618244205,0.7039122890862199
"[0.4211441304032556, 0.6696194482299918, -0.8902346865372031, 0.5148550928420835]",28.414462492550058,0.7039751215676164
"[0.4211347728162515, 0.6696166951524114, -0.8902335626543345, 0.5148579787496473]",28.414469370113277,0.7040379540490131
"[0.4211254163803731, 0.6696139426785931, -0.8902324390205578, 0.514860864044677]",28.41447625211381,0.7041007865304098
"[0.42111605955646636, 0.6696111903557042, -0.8902313154510253, 0.5148637492018489]",28.41448313556147,0.7041636190118064
"[0.4211067037078608, 0.6696084385847313, -0.8902301921094425, 0.5148666338008148]",28.414490024884095,0.704226451493203
"[0.4210973478515328, 0.6696056870764848, -0.8902290688777694, 0.5148695181447148]",28.414496920209256,0.7042892839745996
"[0.4210879926439683, 0.6696029360239983, -0.8902279458348156, 0.5148724020311878]",28.41450381148685,0.7043521164559962
"[0.42107863734920725, 0.6696001852108098, -0.8902268228922307, 0.51487528568714]",28.41451071087904,0.7044149489373929
"[0.42106928328851917, 0.6695974350253636, -0.8902257002085964, 0.5148781687053585]",28.414517614784238,0.7044777814187894
"[0.42105992868360653, 0.6695946849447733, -0.8902245775704742, 0.5148810516339761]",28.414524520632774,0.704540613900186
"[0.42105057535385837, 0.6695919355038621, -0.8902234551962013, 0.5148839339123265]",28.414531433569472,0.7046034463815827
"[0.42104122147413664, 0.6695891861660839, -0.8902223328667598, 0.5148868161028691]",28.414538341752007,0.7046662788629793
"[0.42103186880919985, 0.6695864374501409, -0.8902212107938897, 0.5148896976618274]",28.41454526136553,0.7047291113443758
"[0.421022516351055, 0.6695836890595922, -0.890220088856641, 0.5148925788999648]",28.414552181769558,0.7047919438257725
"[0.42101316368640856, 0.669580940873092, -0.8902189670054396, 0.5148954599444798]",28.41455910327315,0.7048547763071691
"[0.4210038120654208, 0.669578193257895, -0.8902178453902346, 0.5148983404103565]",28.41456603026383,0.7049176087885657
"[0.42099446107851607, 0.6695754460935787, -0.8902167239618793, 0.5149012204238291]",28.41457296225504,0.7049804412699623
"[0.4209851101965245, 0.6695726992246374, -0.8902156026569057, 0.5149041001479142]",28.414579897777223,0.7050432737513589
"[0.4209757588563994, 0.6695699524856871, -0.8902144814078092, 0.5149069797559894]",28.414586831500156,0.7051061062327555
"[0.42096640917460776, 0.6695672064982865, -0.8902133604683461, 0.5149098585964212]",28.41459377388567,0.7051689387141521
"[0.4209570591845388, 0.6695644606848126, -0.8902122396027192, 0.5149127372747663]",28.414600720562714,0.7052317711955487
"[0.42094770997838576, 0.6695617153659631, -0.8902111189418584, 0.5149156154548016]",28.414607668392797,0.7052946036769453
"[0.4209383605627365, 0.6695589702499917, -0.8902099983666836, 0.514918493442385]",28.4146146176694,0.705357436158342
"[0.4209290119274394, 0.669556225627494, -0.8902088779958284, 0.5149213709328476]",28.41462157078954,0.7054202686397385
"[0.4209196637375933, 0.6695534814000825, -0.8902077577891426, 0.514924248029329]",28.414628531949468,0.7054831011211351
"[0.420910315908956, 0.6695507375429753, -0.890206637736524, 0.5149271247578031]",28.41463549044779,0.7055459336025318
"[0.420900968159095, 0.669547993973243, -0.89020551780413, 0.5149300012052076]",28.41464245585346,0.7056087660839284
"[0.42089162114336187, 0.6695452508831782, -0.8902043980704701, 0.5149328771699277]",28.414649425741988,0.7056715985653249
"[0.42088227458020433, 0.6695425081900954, -0.8902032785018, 0.5149357527386446]",28.41465640275148,0.7057344310467216
"[0.4208729282699821, 0.669539765835358, -0.8902021590742006, 0.5149386279728274]",28.41466337407553,0.7057972635281182
"[0.420863582399739, 0.6695370238738168, -0.8902010398100689, 0.5149415028149585]",28.414670358821724,0.7058600960095148
"[0.42085423648868264, 0.6695342821643665, -0.8901999206518246, 0.5149443774129753]",28.414677333568328,0.7059229284909114
"[0.42084489153128196, 0.6695315409987045, -0.8901988017185444, 0.5149472514610322]",28.414684320835537,0.705985760972308
"[0.4208355469481008, 0.669528800206788, -0.8901976829408318, 0.5149501251374047]",28.414691312244532,0.7060485934537046
"[0.42082620215438515, 0.6695260596170912, -0.8901965642486808, 0.5149529986219284]",28.414698303112637,0.7061114259351012
"[0.4208168585301164, 0.6695233196342628, -0.8901954458072824, 0.5149558714903245]",28.4147053003635,0.7061742584164978
"[0.4208075149466182, 0.6695205799272675, -0.8901943274815186, 0.5149587440896719]",28.41471230148591,0.7062370908978944
"[0.42079817187926083, 0.6695178406354533, -0.8901932093282827, 0.5149616162738554]",28.41471930604377,0.7062999233792912
"[0.4207888287756961, 0.6695151015968356, -0.8901920912814691, 0.5149644882127119]",28.414726308458707,0.7063627558606878
"[0.4207794862617687, 0.6695123629948587, -0.890190973415967, 0.5149673597138866]",28.41473332074179,0.7064255883420842
"[0.420770144900479, 0.6695096249944664, -0.8901898557991169, 0.514970230604421]",28.414740334901325,0.706488420823481
"[0.42076080274519084, 0.6695068870250603, -0.89018873819802, 0.5149731014826002]",28.41474735249255,0.7065512533048776
"[0.4207514612847554, 0.6695041495229812, -0.8901876207907958, 0.5149759718908962]",28.414754368953616,0.7066140857862742
"[0.4207421206675617, 0.6695014125316401, -0.890186503595174, 0.5149788417837791]",28.414761398786453,0.7066769182676708
"[0.42073277993252906, 0.669498675769347, -0.8901853864961978, 0.5149817114566101]",28.41476842522026,0.7067397507490674
"[0.4207234400983478, 0.6694959395345573, -0.8901842696156883, 0.5149845805964293]",28.414775455343975,0.706802583230464
"[0.4207141009279052, 0.6694932037577127, -0.8901831529252703, 0.5149874492761629]",28.414782493634608,0.7068654157118606
"[0.42070476096035786, 0.6694904680108728, -0.890182036250279, 0.5149903179445356]",28.414789528154394,0.7069282481932572
"[0.42069542154122724, 0.6694877326881522, -0.8901809197515942, 0.5149931861882772]",28.41479656440054,0.7069910806746538
"[0.4206860836117642, 0.6694849980651041, -0.8901798035417106, 0.5149960537184335]",28.414803617697128,0.7070539131560504
"[0.42067674559932966, 0.6694822636811281, -0.8901786874326237, 0.514998921017979]",28.41481066399944,0.707116745637447
"[0.42066740787911167, 0.6694795296460567, -0.8901775714691799, 0.5150017879717358]",28.41481771359351,0.7071795781188436
"[0.4206580709712643, 0.6694767961121284, -0.8901764557135312, 0.5150046544200549]",28.41482477144197,0.7072424106002402
"[0.42064873374595985, 0.6694740627485316, -0.890175340030662, 0.5150075207098254]",28.41483183181189,0.7073052430816369
"[0.4206393973670092, 0.6694713298959232, -0.8901742245596295, 0.5150103864838159]",28.41483889309066,0.7073680755630334
"[0.4206300607121502, 0.6694685972257705, -0.8901731091663475, 0.5150132520865307]",28.41484595552084,0.7074309080444301
"[0.4206207247382649, 0.6694658650180941, -0.8901719939651286, 0.5150161172243206]",28.414853020620942,0.7074937405258267
"[0.42061138955590344, 0.6694631333051813, -0.8901708789691586, 0.515018981863316]",28.41486010118727,0.7075565730072233
"[0.42060205476156326, 0.6694604019688896, -0.8901697641302283, 0.5150218461273985]",28.41486717543965,0.7076194054886199
"[0.4205927199013102, 0.669457670876372, -0.8901686493941267, 0.5150247101558735]",28.414874254310288,0.7076822379700165
"[0.42058338597657474, 0.669454940320566, -0.8901675348804321, 0.5150275736415362]",28.41488133917784,0.7077450704514131
"[0.4205740519323236, 0.66945220999279, -0.8901664204631606, 0.5150304369080856]",28.414888424570876,0.7078079029328097
"[0.42056471875542334, 0.669449480181645, -0.8901653062601306, 0.515033299652863]",28.41489551627582,0.7078707354142063
"[0.42055538545065224, 0.6694467505960385, -0.890164192152525, 0.5150361621811246]",28.414902610786164,0.7079335678956029
"[0.4205460528319893, 0.6694440214739337, -0.8901630782375041, 0.515039024243313]",28.414909704814765,0.7079964003769995
"[0.42053672023703087, 0.6694412926216265, -0.8901619644359998, 0.5150418860425572]",28.414916807091714,0.7080592328583962
"[0.42052738860403027, 0.6694385643133911, -0.8901608508599772, 0.5150447472912119]",28.414923907905038,0.7081220653397927
"[0.4205180570971246, 0.6694358363047855, -0.8901597374096772, 0.5150476082456205]",28.41493101603318,0.7081848978211893
"[0.4205087256566291, 0.6694331085783429, -0.8901586240779807, 0.5150504689240945]",28.414938125582886,0.708247730302586
"[0.4204993953832191, 0.6694303814557304, -0.8901575109961954, 0.5150533289892781]",28.414945240742252,0.7083105627839826
"[0.4204900646190357, 0.6694276544523413, -0.8901563979665349, 0.5150561889493944]",28.41495235853588,0.7083733952653791
"[0.4204807350653295, 0.6694249280653413, -0.8901552851919297, 0.5150590482830291]",28.414959481452286,0.7084362277467758
"[0.4204714049683815, 0.6694222017821944, -0.8901541724632007, 0.5150619075277029]",28.414966600394685,0.7084990602281724
"[0.42046207614496073, 0.6694194761337283, -0.8901530599970136, 0.5150647661266903]",28.41497373244692,0.708561892709569
"[0.4204527473761331, 0.6694167507637048, -0.8901519476479937, 0.5150676244535977]",28.414980863789445,0.7086247251909656
"[0.42044341894831205, 0.6694140257557967, -0.8901508354502913, 0.5150704824206611]",28.414987998077745,0.7086875576723622
"[0.42043409051871095, 0.6694113010098318, -0.8901497233630377, 0.5150733401329342]",28.414995130339165,0.7087503901537588
"[0.42042476341110796, 0.6694085769124036, -0.8901486115440308, 0.5150761971849473]",28.41500227963599,0.7088132226351554
"[0.42041543604173354, 0.669405853000895, -0.8901474998044677, 0.5150790540618873]",28.415009422417324,0.708876055116552
"[0.4204061092849167, 0.6694031295306091, -0.8901463882485612, 0.5150819104959808]",28.41501657288302,0.7089388875979487
"[0.4203967824578196, 0.6694004063021175, -0.8901452767949279, 0.5150847666963861]",28.415023722330233,0.7090017200793454
"[0.42038745646265696, 0.6693976835788024, -0.8901441655510761, 0.515087622386851]",28.41503087806326,0.7090645525607419
"[0.42037813060128315, 0.6693949611567817, -0.8901430544338073, 0.5150904777812051]",28.415038035484034,0.7091273850421385
"[0.4203688057502704, 0.6693922392918887, -0.8901419435475451, 0.5150933326111102]",28.415045201855186,0.7091902175235352
"[0.4203594806533156, 0.669389517617368, -0.8901408327426173, 0.5150961872612294]",28.415052365304124,0.7092530500049318
"[0.4203501562175769, 0.6693867963979573, -0.8901397221270841, 0.5150990414538831]",28.41505953500646,0.7093158824863283
"[0.42034083246368326, 0.6693840756396058, -0.8901386117033848, 0.5151018951828208]",28.415066708355724,0.709378714967725
"[0.42033150805516684, 0.6693813549523068, -0.8901375013123575, 0.5151047488571041]",28.415073882499634,0.7094415474491216
"[0.4203221847463645, 0.6693786348479053, -0.890136391162915, 0.5151076019398617]",28.415081062332746,0.7095043799305182
"[0.4203128616846494, 0.6693759150775788, -0.8901352811535151, 0.5151104546920697]",28.41508824483953,0.7095672124119148
"[0.42030353929385317, 0.6693731957649178, -0.8901341713346105, 0.5151133069840858]",28.415095435901655,0.7096300448933114
"[0.42029421719290116, 0.6693704767987205, -0.890133061660824, 0.51511615893254]",28.415102626151214,0.709692877374708
"[0.42028489548064113, 0.6693677582077313, -0.8901319521439165, 0.515119010507276]",28.41510981759039,0.7097557098561047
"[0.42027557406015253, 0.6693650399636902, -0.8901308427723466, 0.5151218617379262]",28.415117014755058,0.7098185423375012
"[0.4202662526148594, 0.6693623219742368, -0.8901297335084396, 0.5151247127213632]",28.415124213712495,0.7098813748188978
"[0.42025693197682024, 0.6693596044819402, -0.8901286244512039, 0.5151275632031399]",28.41513141525631,0.7099442073002945
"[0.42024761143686445, 0.6693568872799873, -0.8901275155162466, 0.5151304134001821]",28.415138620380848,0.7100070397816911
"[0.4202382912292232, 0.6693541704366266, -0.8901264067314346, 0.5151332632408934]",28.41514583048397,0.7100698722630876
"[0.4202289725164466, 0.6693514542906552, -0.890125298235046, 0.5151361123698794]",28.415153048792487,0.7101327047444843
"[0.42021965334908806, 0.669348738273804, -0.8901241897951745, 0.5151389613832228]",28.415160265777462,0.7101955372258809
"[0.4202103343104092, 0.6693460225560628, -0.8901230814812064, 0.5151418101026046]",28.415167485019797,0.7102583697072775
"[0.42020101616891703, 0.6693433073613306, -0.8901219733845291, 0.515144658293151]",28.415174709359842,0.7103212021886741
"[0.4201916983944371, 0.6693405925350482, -0.8901208654420796, 0.5151475061169829]",28.415181938642107,0.7103840346700707
"[0.42018238048966083, 0.6693378779323021, -0.8901197575947266, 0.5151503537261045]",28.41518916866088,0.7104468671514673
"[0.42017306338826005, 0.6693351638250566, -0.8901186499534735, 0.5151532008352194]",28.41519640360665,0.710509699632864
"[0.42016374648223725, 0.6693324500361449, -0.8901175424460284, 0.5151560476301664]",28.415203639696795,0.7105725321142605
"[0.4201544300688993, 0.6693297366521237, -0.8901164351077272, 0.5151588940201385]",28.41521088340411,0.7106353645956571
"[0.42014511394605086, 0.6693270236140502, -0.8901153279145297, 0.5151617400669597]",28.415218125677278,0.7106981970770538
"[0.4201357985382696, 0.6693243110455218, -0.8901142209168843, 0.5151645856409635]",28.415225375513074,0.7107610295584503
"[0.42012648304778794, 0.6693215987141918, -0.8901131140199835, 0.5151674309858811]",28.415232626486404,0.7108238620398469
"[0.42011716853754977, 0.6693188869295, -0.8901120073501206, 0.5151702757770891]",28.415239881409445,0.7108866945212436
"[0.4201078538981287, 0.6693161753684037, -0.8901109007754743, 0.515173120353466]",28.41524714084691,0.7109495270026402
"[0.4200985394635529, 0.6693134641281252, -0.8901097943357321, 0.5151759646130141]",28.415254399877476,0.7110123594840367
"[0.42008922623846745, 0.6693107535010133, -0.8901086881502157, 0.5151788082490303]",28.415261669328487,0.7110751919654335
"[0.4200799127766303, 0.6693080430660957, -0.8901075820471348, 0.5151816517031352]",28.415268938400324,0.71113802444683
"[0.42007059996832885, 0.6693053330824298, -0.8901064761322233, 0.5151844947035507]",28.415276211893747,0.7112008569282267
"[0.42006128731843867, 0.669302623405889, -0.8901053703466758, 0.5151873374014684]",28.415283486767752,0.7112636894096233
"[0.4200519751993736, 0.6692999141447921, -0.8901042647347074, 0.515190179683244]",28.415290768361704,0.7113265218910199
"[0.4200426636551941, 0.6692972053119085, -0.890103159301536, 0.5151930215354712]",28.415298048061395,0.7113893543724165
"[0.42003335161051863, 0.6692944965943473, -0.8901020539195018, 0.515195863286401]",28.41530533236088,0.7114521868538132
"[0.42002404105643576, 0.6692917885712556, -0.8901009488249451, 0.5151987043284322]",28.415312624295343,0.7115150193352097
"[0.42001473030246345, 0.669289080750876, -0.890099843817201, 0.5152015451774672]",28.415319915501705,0.7115778518166063
"[0.42000542005242647, 0.6692863733378758, -0.8900987389798016, 0.5152043856187775]",28.41532721473292,0.711640684298003
"[0.4199961102843021, 0.669283666325784, -0.8900976343101226, 0.5152072256591431]",28.415334513127547,0.7117035167793996
"[0.4199868008249017, 0.6692809596642058, -0.8900965297876061, 0.5152100653514262]",28.415341818156275,0.7117663492607961
"[0.41997749158602954, 0.6692782533274592, -0.8900954254017855, 0.5152129047225638]",28.415349121767566,0.7118291817421928
"[0.4199681827538698, 0.6692755473696356, -0.8900943211747441, 0.515215743715797]",28.415356432711956,0.7118920142235894
"[0.4199588744678645, 0.6692728418312033, -0.8900932171230117, 0.5152185822886599]",28.415363747136436,0.711954846704986
"[0.41994956633908626, 0.6692701365990849, -0.8900921132004525, 0.5152214205597809]",28.415371057334415,0.7120176791863826
"[0.41994025890412073, 0.6692674318291763, -0.8900910094706954, 0.5152242583655892]",28.415378384514483,0.7120805116677792
"[0.4199309518584717, 0.6692647274329306, -0.8900899058976186, 0.5152270957989774]",28.41538570766561,0.7121433441491758
"[0.4199216447572866, 0.6692620232810562, -0.8900888024284751, 0.5152299329955907]",28.415393030946678,0.7122061766305724
"[0.4199123387279916, 0.6692593197010686, -0.8900876991969232, 0.5152327696117894]",28.415400363650814,0.712269009111969
"[0.4199030329032926, 0.6692566164409338, -0.890086596100129, 0.5152356059120002]",28.41540769641182,0.7123318415933656
"[0.41989372696232197, 0.6692539134074263, -0.8900854931000622, 0.5152384419940307]",28.41541503529778,0.7123946740747622
"[0.4198844212346203, 0.6692512106962573, -0.8900843902357869, 0.5152412777574513]",28.415422374857275,0.7124575065561588
"[0.41987511685018636, 0.6692485086355093, -0.8900832876412038, 0.5152441128580192]",28.415429717190104,0.7125203390375554
"[0.4198658119932859, 0.6692458066978597, -0.8900821851011339, 0.51524694784901]",28.415437064716272,0.7125831715189521
"[0.4198565083015737, 0.6692431053587969, -0.8900810828096188, 0.5152497822315127]",28.415444417518614,0.7126460040003487
"[0.4198472041988995, 0.6692404041606427, -0.8900799805799109, 0.5152526164857383]",28.41545176889968,0.7127088364817452
"[0.41983790092751644, 0.6692377034640119, -0.8900788785591752, 0.5152554502333015]",28.41545912946127,0.7127716689631419
"[0.41982859845248705, 0.66923500325868, -0.8900777767432511, 0.51525828348492]",28.4154664911519,0.7128345014445385
"[0.4198192951622723, 0.669232303076874, -0.8900766749412691, 0.5152611167314082]",28.415473849568325,0.7128973339259351
"[0.4198099934760725, 0.6692296036206682, -0.8900755734397314, 0.5152639492360861]",28.415481223676853,0.7129601664073317
"[0.4198006921586486, 0.6692269045315075, -0.890074472092333, 0.515266781375168]",28.415488596775393,0.7130229988887283
"[0.4197913907114723, 0.6692242056646951, -0.8900733708400463, 0.5152696133004773]",28.415495973209904,0.7130858313701249
"[0.41978208898450015, 0.6692215069766999, -0.8900722696651207, 0.5152724450576863]",28.415503346187283,0.7131486638515215
"[0.41977278850830546, 0.6692188089115287, -0.890071168748741, 0.5152752761808855]",28.415510731546902,0.7132114963329181
"[0.41976348839120947, 0.6692161112104249, -0.8900700679853353, 0.5152781069415813]",28.415518116226437,0.7132743288143147
"[0.4197541884979886, 0.6692134138341268, -0.890068967358894, 0.5152809373809645]",28.415525503819126,0.7133371612957113
"[0.4197448889782446, 0.6692107168259841, -0.8900678668871187, 0.515283767453539]",28.41553289808733,0.713399993777108
"[0.4197355899026372, 0.6692080202064439, -0.8900667665783628, 0.5152865971378401]",28.41554029057537,0.7134628262585045
"[0.4197262908314707, 0.6692053238479665, -0.8900656663805985, 0.5152894265676935]",28.415547689118668,0.7135256587399011
"[0.41971699308164034, 0.6692026281323348, -0.8900645664496134, 0.5152922553424644]",28.415555095234616,0.7135884912212979
"[0.41970769465390373, 0.6691999324798493, -0.8900634665488911, 0.5152950840704581]",28.41556249785678,0.7136513237026945
"[0.4196983966145532, 0.6691972371996446, -0.8900623668045737, 0.5152979124272737]",28.415569906780586,0.7137141561840911
"[0.41968909952266376, 0.6691945424537119, -0.8900612672827691, 0.5153007402429123]",28.415577317475613,0.7137769886654877
"[0.4196798028893757, 0.669191848100282, -0.890060167925645, 0.5153035676661323]",28.41558473691267,0.7138398211468843
"[0.41967050650661136, 0.669189154078999, -0.8900590687085888, 0.5153063947602634]",28.415592152950964,0.7139026536282809
"[0.4196612108291919, 0.6691864605216249, -0.8900579696853684, 0.5153092213870256]",28.415599580491314,0.7139654861096775
"[0.4196519147245748, 0.6691837670999612, -0.8900568707220862, 0.5153120478908245]",28.4156070021188,0.7140283185910741
"[0.41964261952515514, 0.6691810742000086, -0.8900557719762521, 0.5153148738665796]",28.415614430331374,0.7140911510724707
"[0.4196333245988979, 0.6691783816386091, -0.8900546733731415, 0.5153176995064906]",28.415621866018807,0.7141539835538674
"[0.4196240301635198, 0.6691756894787818, -0.8900535749384801, 0.5153205247444151]",28.41562930177338,0.7142168160352639
"[0.41961473607968325, 0.6691729976801185, -0.8900524766557925, 0.5153233496227501]",28.415636744879027,0.7142796485166605
"[0.4196054422198446, 0.6691703062056393, -0.8900513785100033, 0.5153261741802965]",28.415644187029994,0.7143424809980572
"[0.4195961492907627, 0.6691676152599624, -0.8900502805846073, 0.515328998202308]",28.415651633413983,0.7144053134794537
"[0.41958685614145663, 0.66916492450975, -0.8900491827436148, 0.5153318220385995]",28.41565908313261,0.7144681459608503
"[0.41957756325136414, 0.669162234093809, -0.8900480850436688, 0.5153346455434925]",28.415666534177745,0.714530978442247
"[0.4195682710677058, 0.6691595441415593, -0.8900469875375864, 0.5153374685811558]",28.41567399023614,0.7145938109236436
"[0.419558979073998, 0.6691568545034384, -0.8900458901643553, 0.5153402913085429]",28.415681450610226,0.7146566434050402
"[0.41954968750062754, 0.6691541652460877, -0.8900447929511802, 0.5153431136557066]",28.415688911042086,0.7147194758864368
"[0.4195403967234828, 0.6691514764782429, -0.8900436959424332, 0.5153459355085203]",28.41569637980085,0.7147823083678334
"[0.4195311056632078, 0.6691487878874983, -0.8900425990106662, 0.5153487571948455]",28.415703849427633,0.71484514084923
"[0.4195218153247701, 0.6691460997646338, -0.8900415022745278, 0.5153515784095]",28.41571132604585,0.7149079733306266
"[0.41951252582644877, 0.6691434121437947, -0.8900404057479597, 0.5153543991166369]",28.415718803865474,0.7149708058120232
"[0.41950323572925374, 0.6691407246086312, -0.8900393092611071, 0.5153572197532167]",28.415726280302916,0.7150336382934198
"[0.41949394616396746, 0.6691380374862567, -0.8900382129474401, 0.515360039975919]",28.415733761659347,0.7150964707748165
"[0.41948465743015134, 0.6691353508632524, -0.890037116842295, 0.515362859693864]",28.415741252568722,0.715159303256213
"[0.41947536937551194, 0.6691326646954939, -0.8900360209276792, 0.515365678953352]",28.4157487447247,0.7152221357376096
"[0.41946608131125623, 0.6691299787837389, -0.8900349251223161, 0.515368497963488]",28.41575623886092,0.7152849682190063
"[0.41945679362196253, 0.6691272932391604, -0.8900338294715776, 0.515371316607584]",28.415763735081992,0.7153478007004029
"[0.41944750691425436, 0.6691246082371047, -0.890032734047009, 0.5153741347015921]",28.41577124013412,0.7154106331817994
"[0.41943821948999865, 0.6691219232865734, -0.8900316386483058, 0.5153769527608428]",28.415778740127582,0.7154734656631961
"[0.41942893267389897, 0.6691192387705235, -0.8900305434317185, 0.515379770383387]",28.415786247665494,0.7155362981445927
"[0.4194196467159106, 0.6691165547611372, -0.8900294484267048, 0.515382587493454]",28.415793756574807,0.7155991306259893
"[0.41941036111684693, 0.6691138711140581, -0.8900283535743855, 0.5153854042425489]",28.415801271995285,0.715661963107386
"[0.4194010763131891, 0.6691111879553783, -0.8900272589262109, 0.5153882204983156]",28.415808794433335,0.7157247955887825
"[0.41939179105721636, 0.6691085049245006, -0.8900261643350801, 0.5153910366392319]",28.415816312885344,0.7157876280701791
"[0.4193825057688024, 0.6691058221427562, -0.8900250698505042, 0.5153938525379426]",28.41582383573305,0.7158504605515759
"[0.4193732216763579, 0.6691031399649906, -0.8900239756172655, 0.5153966678219863]",28.415831363211257,0.7159132930329724
"[0.4193639380317091, 0.6691004581749942, -0.8900228815471605, 0.5153994827182901]",28.415838897521454,0.715976125514369
"[0.4193546542082328, 0.6690977765917254, -0.8900217875663446, 0.5154022974168745]",28.41584642957315,0.7160389579957657
"[0.4193453710299948, 0.6690950954531629, -0.8900206937719208, 0.515405111667941]",28.41585396805075,0.7161017904771623
"[0.4193360886553502, 0.6690924148049843, -0.8900196001825286, 0.5154079254235328]",28.41586151260962,0.7161646229585588
"[0.4193268061298572, 0.6690897343715109, -0.8900185066857165, 0.5154107389730098]",28.415869055854397,0.7162274554399555
"[0.4193175245072563, 0.6690870544569807, -0.8900174134056098, 0.5154135519970161]",28.41587660574018,0.7162902879213521
"[0.4193082427592927, 0.6690843747644465, -0.8900163202210836, 0.5154163648072407]",28.41588415556003,0.7163531204027486
"[0.4192989616328886, 0.6690816955095245, -0.8900152272201058, 0.5154191771773479]",28.415891709937174,0.7164159528841453
"[0.41928968099881236, 0.669079016654857, -0.8900141343874447, 0.515421989146542]",28.415899272009476,0.7164787853655419
"[0.4192804002795824, 0.6690763380336886, -0.8900130416550981, 0.5154248008898588]",28.415906830725387,0.7165416178469385
"[0.4192711200448342, 0.6690736598104334, -0.890011949090136, 0.515427612234704]",28.415914396205423,0.7166044503283351
"[0.419261840759935, 0.6690709821193086, -0.8900108567473268, 0.5154304230401796]",28.41592196456989,0.7166672828097317
"[0.41925256113789633, 0.6690683045888938, -0.8900097644751637, 0.5154332336961626]",28.415929535336947,0.7167301152911283
"[0.4192432816985671, 0.6690656273691853, -0.8900086723348457, 0.5154360440451928]",28.415937108785045,0.716792947772525
"[0.41923400377269165, 0.6690629508440161, -0.8900075804829715, 0.5154388536843398]",28.415944692432763,0.7168557802539215
"[0.41922472548749073, 0.6690602744730689, -0.8900064886991315, 0.5154416631807834]",28.415952270491797,0.7169186127353181
"[0.419215448313876, 0.6690575986805977, -0.8900053971564029, 0.5154444720891581]",28.415959861255832,0.7169814452167148
"[0.41920617010989386, 0.669054922848788, -0.8900043056027712, 0.515447281058007]",28.415967444050516,0.7170442776981114
"[0.4191968936235213, 0.6690522477700894, -0.8900032143615214, 0.5154500892554451]",28.415975041576107,0.7171071101795079
"[0.4191876164504853, 0.6690495727511492, -0.8900021231498148, 0.5154528974093178]",28.41598263599458,0.7171699426609046
"[0.41917834040315094, 0.669046898314508, -0.8900010321808259, 0.515455704971071]",28.415990234842177,0.7172327751423012
"[0.41916906459821474, 0.6690442242054271, -0.8899999413506509, 0.5154585122081129]",28.41599783871235,0.7172956076236978
"[0.41915978931116515, 0.6690415505032822, -0.8899988506916798, 0.5154613190371079]",28.416005445331045,0.7173584401050944
"[0.4191505145019788, 0.6690388771964773, -0.8899977601991951, 0.5154641254702209]",28.41601305404894,0.717421272586491
"[0.4191412392550907, 0.6690362040211036, -0.889996669765554, 0.5154669317844962]",28.416020666483796,0.7174841050678876
"[0.4191319652502083, 0.6690335314612165, -0.8899955795882214, 0.5154697374717617]",28.416028279930927,0.7175469375492842
"[0.4191226911664066, 0.6690308591360908, -0.8899944895119067, 0.5154725429316974]",28.416035902604115,0.7176097700306808
"[0.4191134173458262, 0.6690281871442953, -0.8899933995768271, 0.5154753480608183]",28.416043523605172,0.7176726025120774
"[0.41910414353244657, 0.6690255154120374, -0.8899923097528956, 0.5154781529365863]",28.41605114733495,0.7177354349934741
"[0.4190948710295588, 0.6690228443147233, -0.8899912201932522, 0.5154809571648772]",28.416058778560778,0.7177982674748707
"[0.4190855986277821, 0.6690201735038954, -0.8899901307557713, 0.515483761111506]",28.41606641229532,0.7178610999562672
"[0.41907632653576443, 0.6690175030396327, -0.8899890414649658, 0.5154865647133912]",28.41607404657748,0.717923932437664
"[0.4190670544230699, 0.6690148328267111, -0.8899879522820187, 0.5154893680704989]",28.416081686380494,0.7179867649190605
"[0.4190577837206039, 0.6690121632771634, -0.8899868633749966, 0.5154921707502396]",28.41608933243425,0.718049597400457
"[0.41904851201480814, 0.6690094936959596, -0.8899857744604107, 0.5154949734822971]",28.41609697350526,0.7181124298818538
"[0.41903924198611175, 0.6690068248548179, -0.8899846858530582, 0.515497775456455]",28.41610462660058,0.7181752623632504
"[0.4190299717190633, 0.6690041562022142, -0.8899835973279824, 0.5155005772517388]",28.41611227802351,0.718238094844647
"[0.41902070189504825, 0.6690014879342783, -0.8899825089651955, 0.515503378662227]",28.416119935544412,0.7183009273260436
"[0.41901143292608756, 0.6689988201695346, -0.8899814208130552, 0.5155061795634713]",28.416127600519065,0.7183637598074402
"[0.4190021630565772, 0.668996152402686, -0.8899803326654661, 0.5155089804859798]",28.41613525872214,0.7184265922888368
"[0.4189928948242637, 0.668993485364021, -0.8899792448203159, 0.5155117806630051]",28.41614292649155,0.7184894247702334
"[0.41898362586985977, 0.6689908183745814, -0.8899781570006766, 0.5155145808073904]",28.416150591376034,0.71855225725163
"[0.4189743581860496, 0.6689881520076807, -0.8899770694404101, 0.5155173803171907]",28.41615826667818,0.7186150897330266
"[0.4189650910044305, 0.668985486042171, -0.8899759820493185, 0.5155201794245852]",28.41616594683442,0.7186779222144232
"[0.4189558238476206, 0.6689828203406791, -0.8899748947713846, 0.5155229782737998]",28.4161736274013,0.7187407546958199
"[0.41894655642018325, 0.6689801548182205, -0.8899738075719564, 0.5155257769540594]",28.4161813075056,0.7188035871772164
"[0.4189372904301792, 0.66897748996601, -0.8899727206513993, 0.5155285749495999]",28.416188995352393,0.7188664196586131
"[0.41892802447415795, 0.668974825380348, -0.8899716338450658, 0.5155313726842811]",28.41619668672305,0.7189292521400097
"[0.41891875832616826, 0.6689721609962513, -0.8899705471264628, 0.5155341702263275]",28.416204375685627,0.7189920846214063
"[0.41890949350452866, 0.6689694972502365, -0.8899694606736434, 0.5155369671173974]",28.41621207647616,0.7190549171028029
"[0.41890022851674885, 0.668966833713132, -0.889968374311573, 0.5155397638081046]",28.416219778220192,0.7191177495841995
"[0.4188909633416323, 0.6689641703788474, -0.8899672880377798, 0.5155425603048391]",28.41622747854694,0.7191805820655961
"[0.4188816998148413, 0.6689615077749813, -0.8899662020674616, 0.5155453560536131]",28.416235189231934,0.7192434145469927
"[0.4188724357601511, 0.6689588452759627, -0.889965116145485, 0.5155481517112696]",28.41624289705842,0.7193062470283893
"[0.418863172157588, 0.6689561831634439, -0.8899640303867347, 0.5155509469820648]",28.416250608360723,0.7193690795097859
"[0.41885390908601344, 0.6689535214600322, -0.8899629448004429, 0.5155537418422517]",28.416258325249355,0.7194319119911825
"[0.41884464645875286, 0.6689508601407849, -0.8899618593764411, 0.5155565363180102]",28.41626605063378,0.7194947444725792
"[0.41883538373528006, 0.6689481990503238, -0.8899607740513888, 0.5155593305724898]",28.416273769092353,0.7195575769539757
"[0.4188261222003514, 0.6689455385577343, -0.8899596889758091, 0.5155621242181226]",28.416281498761194,0.7196204094353723
"[0.41881686124284245, 0.6689428784873627, -0.8899586040780785, 0.5155649174393431]",28.41628923395435,0.719683241916769
"[0.41880759971439, 0.6689402185093454, -0.889957519223675, 0.5155677105825205]",28.41629696539588,0.7197460743981656
"[0.4187983389152803, 0.6689375589971147, -0.8899564345649117, 0.5155705032555213]",28.416304700587297,0.7198089068795622
"[0.4187890785184155, 0.668934899856678, -0.889955350063465, 0.515573295557034]",28.41631244012414,0.7198717393609588
"[0.4187798180789578, 0.6689322409602486, -0.8899542656672385, 0.5155760876212396]",28.416320183461362,0.7199345718423554
"[0.41877055816384895, 0.668929582470604, -0.8899531814426188, 0.5155788792771985]",28.416327929315568,0.719997404323752
"[0.41876129923644173, 0.6689269245206853, -0.8899520974438382, 0.5155816703853002]",28.416335681293674,0.7200602368051486
"[0.4187520401838464, 0.6689242667909653, -0.8899510135405956, 0.5155844612810715]",28.416343433543375,0.7201230692865452
"[0.4187427821128633, 0.6689216095990946, -0.8899499298624483, 0.515587251630937]",28.41635119445005,0.7201859017679418
"[0.41873352361308713, 0.6689189525402317, -0.8899488462443014, 0.5155900418600186]",28.416358951449467,0.7202487342493384
"[0.41872426586911415, 0.6689162959543107, -0.8899477628248018, 0.5155928316113374]",28.41636671782317,0.720311566730735
"[0.41871500828760466, 0.6689136396710171, -0.8899466795345017, 0.5155956210637365]",28.416374486159555,0.7203743992121316
"[0.41870575151244405, 0.6689109838750492, -0.8899455964487352, 0.5155984100232494]",28.416382254801125,0.7204372316935284
"[0.4186964947450501, 0.6689083283372422, -0.8899445134740563, 0.5156011987305228]",28.416390029834407,0.7205000641749248
"[0.41868723824564946, 0.6689056731322315, -0.8899434306409111, 0.5156039871071713]",28.41639780588915,0.7205628966563214
"[0.41867798239766096, 0.6689030183699329, -0.8899423479941427, 0.5156067750377585]",28.41640558241003,0.7206257291377182
"[0.4186687265656988, 0.6689003638680733, -0.8899412654594248, 0.5156095627136922]",28.416413370300187,0.7206885616191148
"[0.4186594717352396, 0.6688977099092274, -0.8899401831520041, 0.5156123498382117]",28.416421159316425,0.7207513941005113
"[0.4186502174015385, 0.6688950563485739, -0.889939101012833, 0.5156151365633947]",28.416428953190433,0.720814226581908
"[0.4186409632463891, 0.6688924030948302, -0.8899380190046968, 0.5156179229850969]",28.416436749312282,0.7208770590633046
"[0.41863170883900663, 0.668889750024476, -0.8899369370772354, 0.515620709233032]",28.416444540731433,0.7209398915447012
"[0.4186224549003946, 0.6688870973441872, -0.8899358553147434, 0.5156234950901435]",28.416452342602863,0.7210027240260978
"[0.4186132017726472, 0.668884445151959, -0.8899347737571942, 0.515626280453506]",28.416460149874624,0.7210655565074944
"[0.41860394888282054, 0.6688817932835164, -0.8899336923376068, 0.5156290654956338]",28.416467957390967,0.721128388988891
"[0.41859469625847295, 0.6688791417467246, -0.8899326110591989, 0.51563185020826]",28.41647576519158,0.7211912214702877
"[0.41858544409302595, 0.6688764905969636, -0.8899315299445678, 0.5156346345332142]",28.41648358138314,0.7212540539516842
"[0.41857619247666716, 0.6688738398600272, -0.889930449004241, 0.5156374184433982]",28.416491399003686,0.7213168864330808
"[0.4185669411476289, 0.6688711894608625, -0.8899293682076247, 0.5156402020176268]",28.416499221143685,0.7213797189144775
"[0.41855769030652823, 0.6688685394569017, -0.8899282875781489, 0.5156429851955742]",28.416507046349544,0.7214425513958741
"[0.4185484394215701, 0.6688658896957954, -0.8899272070536912, 0.5156457681372371]",28.41651487314588,0.7215053838772706
"[0.4185391889849022, 0.6688632403184178, -0.8899261266917343, 0.5156485506946573]",28.416522701097534,0.7215682163586673
"[0.4185299394152485, 0.6688605914446849, -0.889925046541165, 0.5156513327418777]",28.41653053935938,0.7216310488400639
"[0.4185206896030043, 0.6688579427567765, -0.8899239664723992, 0.5156541146126897]",28.416538374849367,0.7216938813214604
"[0.41851144051956307, 0.6688552945328182, -0.889922886598862, 0.5156568960149759]",28.416546218223996,0.7217567138028571
"[0.4185021919816589, 0.6688526467202631, -0.8899218068991389, 0.515659677003916]",28.416554062097607,0.7218195462842537
"[0.4184929432787617, 0.6688499991156688, -0.8899207272902814, 0.5156624577931774]",28.416561907787372,0.7218823787656503
"[0.41848369537941893, 0.6688473519962609, -0.8899196478853426, 0.515665238091581]",28.416569760773736,0.7219452112470469
"[0.41847444755562624, 0.6688447051535935, -0.8899185685993423, 0.5156680181180523]",28.416577611136308,0.7220080437284435
"[0.4184652001810398, 0.6688420586945898, -0.8899174894758854, 0.5156707977602794]",28.416585472801792,0.7220708762098401
"[0.4184559531492606, 0.6688394125887477, -0.8899164105025478, 0.5156735770502914]",28.41659333372964,0.7221337086912368
"[0.4184467067328173, 0.6688367669140026, -0.8899153317111184, 0.5156763559062215]",28.416601197905877,0.7221965411726333
"[0.41843746051489966, 0.6688341215510453, -0.8899142530529591, 0.515679134453376]",28.416609062967034,0.7222593736540299
"[0.4184282149495888, 0.6688314766297411, -0.8899131745810346, 0.5156819125553431]",28.41661693776885,0.7223222061354266
"[0.4184189693749114, 0.668828831960676, -0.889912096218121, 0.5156846904110669]",28.416624811773243,0.7223850386168232
"[0.41840972429663026, 0.6688261876884907, -0.8899110180232067, 0.5156874678686147]",28.416632690229267,0.7224478710982197
"[0.4184004798760441, 0.6688235438592547, -0.889909940015089, 0.5156902448795873]",28.416640569413996,0.7225107035796164
"[0.4183912351348209, 0.668820900193149, -0.8899088620796826, 0.5156930217378927]",28.41664845121676,0.722573536061013
"[0.41838199177423563, 0.6688182571766192, -0.8899077844153438, 0.5156957979325677]",28.416656341933255,0.7226363685424096
"[0.41837274797578644, 0.6688156142896382, -0.8899067068100467, 0.5156985740098345]",28.416664233489737,0.7226992010238062
"[0.4183635049911154, 0.6688129718900323, -0.8899056294097016, 0.5157013495938272]",28.416672130126827,0.7227620335052028
"[0.4183542616609155, 0.6688103296463439, -0.889904552079174, 0.5157041250327016]",28.4166800232769,0.7228248659865995
"[0.4183450194767689, 0.6688076879849075, -0.8899034749923025, 0.5157068998786237]",28.41668792681895,0.7228876984679962
"[0.41833577794484395, 0.6688050467644711, -0.8899023980915104, 0.5157096742799562]",28.41669583759319,0.7229505309493927
"[0.41832653600238684, 0.668802405681291, -0.8899013212529588, 0.5157124485557513]",28.41670374373043,0.7230133634307893
"[0.4183172948027317, 0.668799765064929, -0.8899002446110297, 0.5157152223598205]",28.416711656967504,0.723076195912186
"[0.41830805314590463, 0.6687971245724661, -0.8898991680259233, 0.5157179960523722]",28.41671956407205,0.7231390283935826
"[0.41829881262424845, 0.668794484658828, -0.889898091683129, 0.5157207691555238]",28.41672748000232,0.7232018608749791
"[0.4182895726137718, 0.6687918451456636, -0.8898970155099413, 0.5157235418566141]",28.416735405680058,0.7232646933563758
"[0.4182803328044448, 0.6687892059443664, -0.8898959394702447, 0.515726314248712]",28.41674332903221,0.7233275258377724
"[0.41827109310452565, 0.6687865670287119, -0.8898948635533562, 0.5157290863593583]",28.416751255109393,0.723390358319169
"[0.4182618546513635, 0.6687839287234489, -0.8898937878916967, 0.5157318578474045]",28.41675918989273,0.7234531908005656
"[0.4182526157795349, 0.6687812905529368, -0.889892712291347, 0.5157346292124918]",28.416767123543153,0.7235160232819622
"[0.41824337749200297, 0.6687786528035589, -0.8898916368690769, 0.5157374001537721]",28.416775064106115,0.7235788557633588
"[0.4182341393813114, 0.6687760153588955, -0.8898905615774474, 0.5157401707935364]",28.41678300196538,0.7236416882447554
"[0.4182249019748178, 0.6687733783694934, -0.8898894864778321, 0.5157429409736253]",28.416790950153104,0.723704520726152
"[0.41821566458763, 0.6687707416397819, -0.8898884114905131, 0.5157457108994798]",28.416798894687744,0.7237673532075486
"[0.41820642776832007, 0.6687681053263119, -0.8898873366793253, 0.5157484804066325]",28.416806846258883,0.7238301856889453
"[0.41819719096054586, 0.6687654692702485, -0.8898862619795277, 0.5157512496619368]",28.41681479762928,0.7238930181703418
"[0.4181879551354184, 0.6687628337486896, -0.8898851875040978, 0.5157540183742828]",28.416822758837064,0.7239558506517384
"[0.41817871979576093, 0.6687601986196843, -0.889884113195175, 0.5157567866927855]",28.41683071889323,0.7240186831331351
"[0.4181694841019501, 0.6687575636436431, -0.8898830389550936, 0.5157595548691377]",28.416838683948054,0.7240815156145317
"[0.4181602489348824, 0.6687549290718773, -0.8898819648863167, 0.5157623226393174]",28.416846648735028,0.7241443480959282
"[0.41815101449939074, 0.6687522949627355, -0.8898808910126514, 0.5157650899420166]",28.416854623092963,0.7242071805773249
"[0.4181417807498303, 0.6687496613031386, -0.8898798173287708, 0.5157678567909659]",28.416862603021173,0.7242700130587215
"[0.4181325463935735, 0.6687470277243893, -0.8898787436843749, 0.5157706235735016]",28.41687057644074,0.7243328455401181
"[0.4181233133734358, 0.6687443947805184, -0.8898776703053406, 0.5157733897075627]",28.416878559567284,0.7243956780215147
"[0.41811408005590067, 0.6687417620056536, -0.889876597001753, 0.5157761556825786]",28.416886542798718,0.7244585105029113
"[0.4181048471585411, 0.668739129604367, -0.8898755238570285, 0.5157789212836222]",28.41689452864566,0.7245213429843079
"[0.4180956149786744, 0.6687364976613804, -0.8898744509057103, 0.5157816864216744]",28.416902522559184,0.7245841754657045
"[0.41808638288528904, 0.6687338659967548, -0.8898733780744549, 0.5157844512857723]",28.416910516575292,0.7246470079471011
"[0.4180771511984326, 0.6687312347016877, -0.8898723054004519, 0.5157872157800951]",28.416918516644454,0.7247098404284977
"[0.4180679197711824, 0.6687286037342742, -0.8898712328666234, 0.5157899799486607]",28.41692651413524,0.7247726729098943
"[0.4180586890456991, 0.6687259732204405, -0.889870160524331, 0.5157927436591604]",28.4169345183919,0.724835505391291
"[0.41804945904007473, 0.6687233431653077, -0.889869088375657, 0.5157955069062015]",28.416942531186717,0.7248983378726875
"[0.41804022847344174, 0.6687207132038644, -0.8898680162718202, 0.5157982700732748]",28.41695053711928,0.7249611703540843
"[0.41803099849182657, 0.6687180836626232, -0.8898669443459343, 0.5158010328173247]",28.416958551659025,0.7250240028354809
"[0.4180217686454294, 0.6687154544133974, -0.8898658725457554, 0.515803795273022]",28.416966568652363,0.7250868353168775
"[0.41801253986200965, 0.6687128257204048, -0.8898648009790024, 0.5158065571627545]",28.416974589047683,0.7251496677982741
"[0.4180033118928664, 0.6687101975127202, -0.8898637296167716, 0.5158093185610289]",28.416982618991117,0.7252125002796707
"[0.41799408302811003, 0.6687075693033768, -0.8898626582605533, 0.5158120799794828]",28.416990644468495,0.7252753327610673
"[0.4179848553541604, 0.668704941686419, -0.8898615871525563, 0.515814840793962]",28.416998675042354,0.7253381652424639
"[0.41797562730570736, 0.668702314216175, -0.889860516111077, 0.5158176014727162]",28.417006705403526,0.7254009977238605
"[0.4179664002577008, 0.6686996872840575, -0.8898594452956933, 0.5158203616044822]",28.417014742395118,0.7254638302052571
"[0.4179571738607106, 0.6686970607904988, -0.8898583746658293, 0.5158231212938662]",28.41702279055652,0.7255266626866537
"[0.41794794702630844, 0.6686944344256405, -0.8898573040951866, 0.5158258808664332]",28.417030829273127,0.7255894951680503
"[0.4179387210472099, 0.6686918085574046, -0.8898562337337556, 0.5158286399355934]",28.417038879914788,0.7256523276494469
"[0.41792949566953386, 0.6686891831134696, -0.8898551635520615, 0.5158313985773272]",28.417046932618316,0.7257151601308435
"[0.41792027017284017, 0.6686865578887689, -0.889854093466529, 0.5158341570070964]",28.417054984903565,0.7257779926122402
"[0.41791104513795246, 0.6686839330485566, -0.8898530235445284, 0.5158369150512554]",28.41706304341727,0.7258408250936367
"[0.4179018205493387, 0.6686813085883644, -0.8898519537842486, 0.5158396727144913]",28.417071098728165,0.7259036575750333
"[0.41789259625586733, 0.6686786844651448, -0.8898508841681563, 0.5158424300420278]",28.417079167596214,0.72596649005643
"[0.41788337241336354, 0.6686760607231895, -0.8898498147143131, 0.5158451869873166]",28.41708723575225,0.7260293225378266
"[0.4178741492585171, 0.6686734374297634, -0.889848745450148, 0.5158479434796691]",28.41709530834199,0.7260921550192232
"[0.41786492575632883, 0.6686708142904599, -0.8898476762556715, 0.5158506998284328]",28.417103379079872,0.7261549875006198
"[0.4178557029849279, 0.6686681916118672, -0.88984660725586, 0.5158534557114438]",28.417111455151034,0.7262178199820164
"[0.4178464807464763, 0.668665569337675, -0.8898455384277659, 0.5158562111878617]",28.41711953818025,0.726280652463413
"[0.4178372586016581, 0.6686629473428887, -0.8898444697204696, 0.515858966389025]",28.417127619260068,0.7263434849448096
"[0.4178280370172126, 0.6686603257602087, -0.8898434011880534, 0.5158617211754809]",28.417135709390486,0.7264063174262062
"[0.41781881596906273, 0.6686577045827197, -0.889842332827714, 0.5158644755544888]",28.41714379921295,0.7264691499076028
"[0.41780959517498806, 0.6686550837301496, -0.8898412646067451, 0.515867229610391]",28.417151894328562,0.7265319823889995
"[0.4178003740093324, 0.6686524630246613, -0.8898401964526738, 0.5158699835300576]",28.41715998849258,0.726594814870396
"[0.41779115452264226, 0.6686498430489626, -0.8898391286030124, 0.5158727367011514]",28.41716809272545,0.7266576473517926
"[0.41778193419924814, 0.6686472230881096, -0.8898380607663737, 0.5158754898749541]",28.417176193570725,0.7267204798331893
"[0.4177727150435769, 0.668644603711634, -0.8898369931748976, 0.5158782424529694]",28.417184300850284,0.7267833123145859
"[0.4177634958586298, 0.6686419845793792, -0.8898359256899565, 0.5158809947926422]",28.417192410087935,0.7268461447959824
"[0.417754277028561, 0.6686393658004582, -0.889834858356031, 0.5158837467793033]",28.417200523629113,0.7269089772773791
"[0.4177450593303473, 0.6686367475955098, -0.8898337912630578, 0.5158864981810807]",28.417208646799295,0.7269718097587757
"[0.4177358415844972, 0.6686341296294549, -0.889832724274479, 0.5158892493500903]",28.417216766785398,0.7270346422401723
"[0.4177266237648147, 0.6686315118948414, -0.8898316573872711, 0.5158920002941584]",28.417224889727933,0.7270974747215689
"[0.41771740686427744, 0.6686288946736164, -0.8898305907163536, 0.5158947507169818]",28.417233019200808,0.7271603072029655
"[0.41770818948035054, 0.6686262775674883, -0.8898295240994107, 0.5158975010371154]",28.417241146568607,0.7272231396843621
"[0.4176989729511152, 0.6686236609563475, -0.8898284576912812, 0.5159002508553256]",28.41724927600048,0.7272859721657587
"[0.41768975706811656, 0.6686210447809423, -0.8898273914678252, 0.5159030002338695]",28.41725741590413,0.7273488046471553
"[0.4176805411544522, 0.6686184288490771, -0.8898263253507247, 0.5159057493747212]",28.41726555389245,0.727411637128552
"[0.4176713257607451, 0.6686158133170113, -0.8898252594036746, 0.5159084981136562]",28.417273694578085,0.7274744696099487
"[0.4176621110015304, 0.668613198217194, -0.8898241936399084, 0.5159112464165642]",28.417281847431042,0.7275373020913452
"[0.41765289629881813, 0.6686105833855517, -0.8898231279925709, 0.5159139944558674]",28.417289996447472,0.7276001345727418
"[0.41764368212398006, 0.6686079689558085, -0.8898220625161706, 0.515916742091022]",28.41729815252799,0.7276629670541385
"[0.4176344681586153, 0.6686053548375817, -0.8898209971738814, 0.5159194894170075]",28.417306307496847,0.7277257995355351
"[0.41762525482234697, 0.6686027411498648, -0.8898199320142138, 0.5159222363087588]",28.417314465482086,0.7277886320169316
"[0.4176160414138237, 0.6686001276936809, -0.8898188669560801, 0.515924982975385]",28.41732262918808,0.7278514644983283
"[0.4176068289972064, 0.6685975147708033, -0.8898178021224851, 0.5159277290997242]",28.4173307973777,0.7279142969797249
"[0.41759761680806634, 0.6685949021643812, -0.8898167374250557, 0.5159304749096711]",28.417338971193704,0.7279771294611215
"[0.41758840416216564, 0.6685922896803524, -0.8898156727847222, 0.5159332206091771]",28.41734714025352,0.7280399619425181
"[0.41757919249155856, 0.6685896777247766, -0.8898146083669731, 0.5159359657714694]",28.417355316823393,0.7281027944239147
"[0.41756998154773695, 0.6685870662271161, -0.8898135441430689, 0.5159387104706714]",28.417363497660343,0.7281656269053113
"[0.41756077043803097, 0.6685844549342208, -0.8898124800098686, 0.5159414549728392]",28.417371679700015,0.728228459386708
"[0.4175515597027873, 0.6685818439992758, -0.8898114160297985, 0.5159441991169659]",28.417379865605614,0.7282912918681045
"[0.4175423495708164, 0.6685792334870816, -0.8898103522292784, 0.5159469428349365]",28.41738805370057,0.7283541243495011
"[0.41753313970664857, 0.6685766233025051, -0.8898092885695514, 0.5159496862267291]",28.41739624591116,0.7284169568308978
"[0.41752392997774024, 0.6685740134079577, -0.8898082250353094, 0.5159524293318439]",28.417404442238254,0.7284797893122944
"[0.41751472121600414, 0.6685714040391156, -0.8898071617226067, 0.5159551719025678]",28.417412641753796,0.7285426217936909
"[0.41750551222502635, 0.6685687948569387, -0.88980609849329, 0.5159579142952381]",28.417420847845882,0.7286054542750876
"[0.4174963036871193, 0.6685661860547184, -0.8898050354261389, 0.5159606563066893]",28.41742905105931,0.7286682867564842
"[0.4174870957385082, 0.6685635776709997, -0.889803972536866, 0.5159633978963996]",28.417437261138737,0.7287311192378808
"[0.41747788834066024, 0.6685609696947922, -0.8898029098210102, 0.515966139075911]",28.417445473650652,0.7287939517192774
"[0.4174686807872243, 0.6685583619260083, -0.8898018471970438, 0.5159688800555233]",28.417453690020352,0.728856784200674
"[0.41745947402811284, 0.6685557546336389, -0.8898007847745886, 0.5159716205524977]",28.4174619081611,0.7289196166820706
"[0.41745026767926974, 0.6685531477088597, -0.8897997225093109, 0.5159743606812087]",28.417470133284116,0.7289824491634673
"[0.4174410616832971, 0.6685505411353736, -0.8897986603945806, 0.5159771004587776]",28.417478358793414,0.7290452816448638
"[0.41743185555860196, 0.668547934776804, -0.8897975983748372, 0.5159798400285442]",28.417486589070304,0.7291081141262604
"[0.4174226499923301, 0.6685453288276496, -0.8897965365293494, 0.5159825791860616]",28.417494817833887,0.7291709466076571
"[0.4174134451192446, 0.6685427233260054, -0.8897954748736443, 0.5159853178912779]",28.41750305520855,0.7292337790890536
"[0.41740424082658756, 0.6685401182398945, -0.8897944133947013, 0.5159880561777945]",28.417511296414347,0.7292966115704502
"[0.41739503643502657, 0.6685375133769877, -0.8897933520141745, 0.515990794247769]",28.41751953891966,0.7293594440518469
"[0.4173858321793573, 0.6685349088037448, -0.8897922907591441, 0.5159935320313355]",28.41752778304752,0.7294222765332435
"[0.417376628683631, 0.6685323046967016, -0.889791229701553, 0.5159962693429214]",28.417536030768833,0.72948510901464
"[0.41736742539793953, 0.668529700900198, -0.8897901687779932, 0.5159990063461403]",28.417544285760926,0.7295479414960367
"[0.4173582225170512, 0.668527097469313, -0.8897891080109115, 0.5160017429830869]",28.417552540160347,0.7296107739774333
"[0.4173490202627725, 0.668524494466737, -0.8897880474258619, 0.5160044791878555]",28.417560799629758,0.72967360645883
"[0.41733981804454173, 0.668521891725373, -0.8897869869547755, 0.5160072151360857]",28.417569062454145,0.7297364389402266
"[0.41733061649914915, 0.6685192894252987, -0.8897859266710298, 0.516009950638475]",28.4175773292402,0.7297992714216232
"[0.4173214151432355, 0.6685166874297546, -0.8897848665189187, 0.5160126858387757]",28.417585596221713,0.7298621039030198
"[0.41731221355951353, 0.6685140856207354, -0.8897838064503706, 0.5160154208610271]",28.41759386475979,0.7299249363844164
"[0.417303013286442, 0.6685114844331946, -0.8897827466426103, 0.5160181552479982]",28.417602143225533,0.729987768865813
"[0.41729381262866755, 0.6685088833877476, -0.8897816869003347, 0.5160208895036121]",28.417610419322116,0.7300506013472096
"[0.41728461315018317, 0.6685062829265002, -0.8897806274036779, 0.5160236231631131]",28.41761870687365,0.7301134338286063
"[0.41727541308212884, 0.6685036825494058, -0.8897795679489179, 0.5160263567521527]",28.41762698584994,0.7301762663100029
"[0.41726621423538934, 0.6685010827682549, -0.8897785087445859, 0.5160290897327156]",28.41763527751395,0.7302390987913994
"[0.41725701511807767, 0.6684984831613674, -0.8897774496188873, 0.5160318225480772]",28.417643565799654,0.7303019312727961
"[0.4172478168126958, 0.6684958840346173, -0.8897763906964508, 0.5160345548766825]",28.417651861593367,0.7303647637541927
"[0.4172386190699261, 0.6684932853174855, -0.8897753319485561, 0.5160372867926547]",28.41766016526111,0.7304275962355893
"[0.41722942100509397, 0.6684906867599902, -0.8897742732733707, 0.5160400185587825]",28.417668459438037,0.7304904287169859
"[0.4172202235013174, 0.6684880886116051, -0.8897732147725413, 0.5160427499127962]",28.417676767641055,0.7305532611983825
"[0.4172110270907164, 0.6684854910225634, -0.889772156507284, 0.51604548069675]",28.417685078728308,0.7306160936797791
"[0.41720183052081455, 0.668482893639066, -0.889771098333461, 0.5160482112825749]",28.4176933882456,0.7306789261611757
"[0.4171926339456226, 0.6684802965045359, -0.8897700402688025, 0.5160509416246187]",28.41770170162018,0.7307417586425723
"[0.41718343779157646, 0.6684776997394447, -0.8897689823623679, 0.5160536715962203]",28.417710015154544,0.7308045911239689
"[0.4171742423148646, 0.6684751034160344, -0.8897679246436162, 0.5160564011214243]",28.417718339100798,0.7308674236053655
"[0.41716504706969837, 0.6684725074084058, -0.8897668670612592, 0.5160591303325806]",28.4177266627173,0.7309302560867621
"[0.41715585262533755, 0.6684699118772138, -0.889765809680758, 0.5160618590607811]",28.417734992886984,0.7309930885681587
"[0.4171466578499268, 0.668467316502906, -0.8897647523719446, 0.5160645876419703]",28.417743321165226,0.7310559210495553
"[0.4171374633474813, 0.6684647214559689, -0.8897636952042816, 0.5160673158969061]",28.417751655253632,0.731118753530952
"[0.417128270512191, 0.6684621271298077, -0.8897626383380426, 0.5160700434119774]",28.417759997010375,0.7311815860123485
"[0.41711907652403585, 0.6684595327285384, -0.8897615814490166, 0.5160727710239205]",28.417768333111326,0.7312444184937452
"[0.41710988381947045, 0.6684569389396816, -0.8897605248172888, 0.516075498009907]",28.417776679373823,0.7313072509751418
"[0.4171006913856689, 0.6684543454773747, -0.8897594683264222, 0.5160782246704689]",28.417785029254315,0.7313700834565384
"[0.41709149848201077, 0.66845175213267, -0.8897584118913049, 0.5160809512252805]",28.41779337505654,0.731432915937935
"[0.4170823064156782, 0.6684491592743106, -0.8897573556621563, 0.5160836772866497]",28.41780172523348,0.7314957484193316
"[0.41707311494715815, 0.6684465668346234, -0.8897562996114362, 0.5160864029257185]",28.4178100849954,0.7315585809007282
"[0.41706392436826767, 0.6684439748958828, -0.8897552437726519, 0.5160891280559728]",28.4178184478807,0.7316214133821248
"[0.41705473367736706, 0.6684413831755462, -0.889754188030724, 0.5160918529744669]",28.41782681107284,0.7316842458635214
"[0.4170455429792878, 0.6684387917031686, -0.8897531323977039, 0.5160945776501211]",28.417835177535355,0.731747078344918
"[0.4170363527724097, 0.6684362006192426, -0.8897520769308316, 0.5160973019352142]",28.4178435468521,0.7318099108263146
"[0.4170271633860398, 0.6684336100165482, -0.8897510216679104, 0.5161000257321866]",28.417851922334002,0.7318727433077113
"[0.4170179736228351, 0.6684310195575076, -0.889749966471441, 0.5161027493959659]",28.417860297063182,0.7319355757891078
"[0.41700878485518145, 0.6684284296289391, -0.8897489114990008, 0.516105472519835]",28.41786867851377,0.7319984082705044
"[0.41699959640086504, 0.6684258400384873, -0.8897478566722457, 0.5161081953060322]",28.417877062358397,0.7320612407519012
"[0.41699040827199335, 0.6684232507895332, -0.8897468019925615, 0.5161109177509949]",28.417885451303622,0.7321240732332978
"[0.41698121986307146, 0.6684206617114151, -0.8897457473904504, 0.5161136400341582]",28.417893838134656,0.7321869057146942
"[0.4169720325685725, 0.6684180731970449, -0.8897446930259538, 0.5161163617423861]",28.41790223111083,0.732249738196091
"[0.41696284566144703, 0.6684154850414573, -0.8897436388156134, 0.5161190830911824]",28.41791062910624,0.7323125706774876
"[0.4169536590202468, 0.668412897210443, -0.8897425847454867, 0.516121804116507]",28.417919031435265,0.7323754031588842
"[0.4169444724488938, 0.6684103096487125, -0.8897415307930763, 0.516124524876489]",28.417927431187454,0.7324382356402808
"[0.41693528612126657, 0.6684077224052343, -0.889740476978331, 0.5161272453196327]",28.41793583710343,0.7325010681216774
"[0.41692610041392825, 0.6684051355860136, -0.8897394233444395, 0.5161299653344666]",28.417944243523305,0.732563900603074
"[0.4169169151425239, 0.6684025491390632, -0.8897383698702429, 0.5161326849756462]",28.417952657630632,0.7326267330844707
"[0.41690773011481813, 0.6683999630102273, -0.8897373165336875, 0.5161354043001081]",28.4179610762676,0.7326895655658672
"[0.4168985455395325, 0.6683973772582272, -0.8897362633587024, 0.5161381232460988]",28.41796949426704,0.7327523980472638
"[0.41688936160197954, 0.6683947919351758, -0.8897352103665245, 0.5161408417588117]",28.417977916071692,0.7328152305286605
"[0.4168801770639335, 0.6683922066924947, -0.8897341574151891, 0.5161435602047776]",28.417986338017894,0.732878063010057
"[0.4168709938727, 0.668389622078262, -0.8897331047279358, 0.5161462780076705]",28.417994772899544,0.7329408954914536
"[0.41686181085480994, 0.6683870377621303, -0.8897320521702264, 0.5161489955148514]",28.418003205587464,0.7330037279728503
"[0.4168526279976048, 0.668384453740511, -0.8897309997406104, 0.5161517127300865]",28.418011639358973,0.7330665604542469
"[0.41684344545410884, 0.6683818700564327, -0.889729947456623, 0.5161544296081221]",28.418020078329803,0.7331293929356434
"[0.41683426337013785, 0.6683792867508788, -0.8897288953349668, 0.5161571461058541]",28.41802851867893,0.7331922254170401
"[0.41682508179977723, 0.6683767038390139, -0.8897278433818271, 0.516159862207327]",28.418036966065568,0.7332550578984367
"[0.41681590015184605, 0.6683741211545059, -0.8897267915294703, 0.5161625780874434]",28.418045410772127,0.7333178903798333
"[0.41680671920448803, 0.6683715389161788, -0.8897257398670353, 0.5161652935160859]",28.418053861972297,0.7333807228612299
"[0.41679753888851573, 0.668368957104527, -0.889724688386579, 0.5161680085137565]",28.418062318792312,0.7334435553426265
"[0.4167883581359158, 0.6683663754191614, -0.8897236369657779, 0.5161707233963342]",28.418070773404974,0.7335063878240231
"[0.41677917869954073, 0.668363794352947, -0.8897225858053668, 0.5161734376455167]",28.41807924189455,0.7335692203054198
"[0.4167699992536864, 0.6683612135330576, -0.8897215347535189, 0.5161761516533585]",28.418087704222742,0.7336320527868163
"[0.41676081991340447, 0.668358632991829, -0.8897204838234111, 0.5161788653858489]",28.418096174214416,0.7336948852682129
"[0.4167516411131604, 0.668356052851345, -0.889719433064781, 0.5161815787145951]",28.418104644252303,0.7337577177496096
"[0.41674246343392013, 0.6683534732748491, -0.8897183825441108, 0.5161842914679168]",28.4181131206539,0.7338205502310062
"[0.4167332845244134, 0.6683508936014732, -0.8897173319922719, 0.5161870043407939]",28.418121595361903,0.7338833827124027
"[0.41672410708412055, 0.668348314589814, -0.8897162817182287, 0.5161897165354566]",28.41813007870054,0.7339462151937994
"[0.4167149294546408, 0.6683457357738206, -0.8897152315321757, 0.5161924285420109]",28.41813856144852,0.734009047675196
"[0.41670575287176176, 0.6683431575006719, -0.8897141815755137, 0.5161951399953392]",28.41814705161148,0.7340718801565926
"[0.4166965760458668, 0.6683405794079885, -0.8897131317006799, 0.5161978512765314]",28.418155542111595,0.7341347126379892
"[0.4166873996955079, 0.6683380016976223, -0.8897120819898829, 0.5162005621733009]",28.418164033072255,0.7341975451193858
"[0.4166782240278017, 0.668335424427673, -0.8897110324668005, 0.516203272624538]",28.418172531928136,0.7342603776007824
"[0.4166690480604734, 0.6683328473222303, -0.8897099830190787, 0.5162059829204024]",28.418181031217852,0.7343232100821792
"[0.4166598732942281, 0.6683302708027181, -0.8897089338183413, 0.5162086926176825]",28.418189541071808,0.7343860425635756
"[0.41665069837216895, 0.668327694488028, -0.889707884709405, 0.5162114021171764]",28.418198045447447,0.7344488750449722
"[0.41664152389605574, 0.6683251185471084, -0.8897068357610793, 0.5162141112411951]",28.41820655223485,0.734511707526369
"[0.4166323499822938, 0.6683225430125911, -0.8897057869866608, 0.5162168199554116]",28.418215069901773,0.7345745400077655
"[0.4166231760975663, 0.6683199677347116, -0.889704738325176, 0.5162195284173262]",28.418223581042195,0.734637372489162
"[0.41661400266694537, 0.668317392832765, -0.8897036898252116, 0.5162222365014677]",28.41823210482298,0.7347002049705588
"[0.41660482952896866, 0.6683148182613861, -0.8897026414683066, 0.5162249442555396]",28.418240626015987,0.7347630374519554
"[0.41659565658705355, 0.6683122439934313, -0.8897015932434196, 0.5162276517080823]",28.4182491537971,0.7348258699333519
"[0.41658648487762723, 0.6683096703196963, -0.8897005452689674, 0.5162303585532451]",28.418257684014907,0.7348887024147486
"[0.4165773127544426, 0.6683070967781787, -0.8896994973568388, 0.5162330652769281]",28.418266218109537,0.7349515348961452
"[0.4165681413759819, 0.6683045236939035, -0.8896984496393903, 0.5162357715372792]",28.418274755170874,0.7350143673775418
"[0.4165589699251148, 0.6683019508375799, -0.8896974020232684, 0.5162384775754493]",28.418283290958286,0.7350771998589384
"[0.416549799353739, 0.6682993784761976, -0.8896963546171964, 0.5162411831106194]",28.41829183782968,0.735140032340335
"[0.41654062842795825, 0.6682968062636111, -0.8896953072802434, 0.5162438885068481]",28.41830038153119,0.7352028648217316
"[0.41653145874712794, 0.6682942346483524, -0.8896942601950482, 0.5162465932923715]",28.41830893413704,0.7352656973031283
"[0.41652228864468444, 0.66829166316299, -0.8896932131712977, 0.5162492979588179]",28.41831748298522,0.7353285297845248
"[0.41651311948877867, 0.6682890921911532, -0.8896921663652013, 0.5162520021026823]",28.418326039679123,0.7353913622659214
"[0.41650395071904306, 0.6682865215756382, -0.8896911197127667, 0.516254705889302]",28.41833460071205,0.7354541947473181
"[0.4164947813367494, 0.6682839510364459, -0.8896900730999943, 0.5162574096131761]",28.418343158450497,0.7355170272287147
"[0.4164856134114079, 0.6682813811536887, -0.889689026763094, 0.5162601126641272]",28.418351729172404,0.7355798597101112
"[0.41647644524854827, 0.6682788114523245, -0.8896879805086602, 0.5162628155418035]",28.418360296555633,0.7356426921915079
"[0.4164672781614719, 0.6682762423004048, -0.8896869344865551, 0.5162655178590717]",28.418368870740505,0.7357055246729045
"[0.41645811060431986, 0.6682736732646545, -0.8896858885203814, 0.5162682200716566]",28.418377442629556,0.7357683571543011
"[0.4164489439412873, 0.668271104727353, -0.8896848427657855, 0.5162709217774534]",28.41838602195397,0.7358311896356977
"[0.41643977769025703, 0.6682685365532828, -0.8896837971677484, 0.5162736231186844]",28.41839460699033,0.7358940221170943
"[0.416430611385294, 0.6682659686119332, -0.8896827516731202, 0.5162763242326167]",28.418403192214292,0.7359568545984909
"[0.4164214455658769, 0.6682634010543895, -0.8896817063434321, 0.5162790249603244]",28.41841177960701,0.7360196870798875
"[0.41641228012384934, 0.6682608338503061, -0.8896806611663395, 0.5162817253337185]",28.418420368784584,0.7360825195612841
"[0.41640311505099853, 0.6682582669973408, -0.8896796161408983, 0.5162844253552545]",28.418428966431414,0.7361453520426807
"[0.41639395014107605, 0.6682557004376982, -0.8896785712435885, 0.5162871250857194]",28.418437558275077,0.7362081845240773
"[0.41638478612438584, 0.6682531343758296, -0.8896775265576595, 0.5162898243100446]",28.41844616289523,0.736271017005474
"[0.41637562164754066, 0.6682505684327452, -0.8896764819288256, 0.516292523426879]",28.41845476443599,0.7363338494868705
"[0.4163664580816537, 0.6682480029923066, -0.8896754375133732, 0.5162952220324326]",28.418463373145926,0.7363966819682672
"[0.41635729535033705, 0.6682454380330468, -0.8896743933025707, 0.516297920149275]",28.418471985206985,0.7364595144496638
"[0.41634813209197347, 0.6682428731737745, -0.8896733491412452, 0.5163006181783805]",28.418480600365417,0.7365223469310603
"[0.4163389692793927, 0.6682403086867804, -0.8896723051402592, 0.5163033158333152]",28.418489216233073,0.736585179412457
"[0.41632980729996816, 0.6682377446804243, -0.8896712613437324, 0.5163060130000824]",28.418497838464052,0.7366480118938536
"[0.4163206451047134, 0.6682351808611037, -0.8896702176321526, 0.5163087099875254]",28.41850645853976,0.7367108443752503
"[0.4163114840405864, 0.6682326176056828, -0.8896691741589471, 0.5163114063991971]",28.418515085724515,0.7367736768566469
"[0.41630232249616783, 0.6682300544632495, -0.8896681307405658, 0.5163141027094258]",28.418523716815262,0.7368365093380435
"[0.4162931622206354, 0.6682274919231301, -0.8896670875762163, 0.5163167984034533]",28.4185323547485,0.7368993418194401
"[0.41628400153066947, 0.6682249295143775, -0.8896660444741938, 0.516319493976691]",28.418540989727266,0.7369621743008367
"[0.4162748412148324, 0.6682223674575571, -0.8896650015242971, 0.5163221891971043]",28.4185496269848,0.7370250067822333
"[0.4162656822417408, 0.6682198060235028, -0.8896639588367831, 0.5163248837797723]",28.418558276773958,0.7370878392636299
"[0.4162565231261992, 0.6682172447967806, -0.8896629162425572, 0.5163275781617154]",28.418566923029406,0.7371506717450265
"[0.41624736392975853, 0.66821468379462, -0.8896618737486359, 0.5163302723248022]",28.418575571588278,0.7372135042264232
"[0.41623820486179525, 0.6682121230755463, -0.8896608313788555, 0.5163329662074586]",28.41858421832708,0.7372763367078197
"[0.416229046864987, 0.6682095629030431, -0.8896597892404841, 0.5163356595324907]",28.418592877617577,0.7373391691892164
"[0.4162198894419204, 0.6682070031379884, -0.8896587472768951, 0.5163383524462447]",28.418601543519483,0.737402001670613
"[0.41621073116997914, 0.6682044433827147, -0.8896577053262291, 0.5163410453670686]",28.418610199758124,0.7374648341520096
"[0.4162015742168741, 0.6682018842430704, -0.8896566636351076, 0.5163437376575887]",28.418618866789934,0.7375276666334062
"[0.4161924173959182, 0.6681993253873442, -0.8896556220685138, 0.5163464296667647]",28.418627531683516,0.7375904991148028
"[0.4161832611055649, 0.6681967669268123, -0.8896545806717651, 0.516349121277524]",28.418636207097205,0.7376533315961994
"[0.41617410486189144, 0.6681942087262587, -0.8896535393898176, 0.5163518126321103]",28.41864487960187,0.737716164077596
"[0.4161649492010519, 0.6681916509354193, -0.8896524982836398, 0.5163545035729872]",28.418653558881402,0.7377789965589926
"[0.416155793712596, 0.6681890934395935, -0.889651457306551, 0.5163571942208182]",28.418662239446196,0.7378418290403892
"[0.416146638596513, 0.6681865362946129, -0.8896504164812865, 0.5163598845168574]",28.418670927968826,0.7379046615217858
"[0.41613748412506146, 0.6681839795764685, -0.8896493758387864, 0.5163625743811482]",28.418679616246706,0.7379674940031825
"[0.416128330202701, 0.668181423258414, -0.8896483353681752, 0.5163652638418201]",28.418688309026695,0.738030326484579
"[0.4161191759198929, 0.6681788670864349, -0.889647294966073, 0.5163679531661125]",28.418697001620895,0.7380931589659756
"[0.4161100225963809, 0.6681763114290081, -0.8896462547824675, 0.516370641966346]",28.41870570110612,0.7381559914473723
"[0.41610086925812034, 0.6681737560141255, -0.8896452147066568, 0.5163733305286904]",28.418714401376004,0.7382188239287689
"[0.41609171689344626, 0.6681712011176543, -0.8896441748509325, 0.5163760185628978]",28.418723112765612,0.7382816564101654
"[0.41608256383713293, 0.6681686462747252, -0.889643135026099, 0.5163787065580544]",28.418731815411675,0.7383444888915621
"[0.41607341167843376, 0.6681660919289144, -0.889642095412705, 0.5163813940474598]",28.418740525404825,0.7384073213729587
"[0.4160642603438339, 0.6681635380596224, -0.8896410560023745, 0.5163840810527768]",28.418749239679876,0.7384701538543553
"[0.4160551084938658, 0.668160984293031, -0.889640016642971, 0.5163867679673031]",28.41875795602484,0.7385329863357519
"[0.41604595788820686, 0.668158431120087, -0.8896389775343317, 0.5163894542744895]",28.418766678982355,0.7385958188171485
"[0.41603680686952077, 0.6681558780783582, -0.8896379384882456, 0.5163921404608715]",28.418775402503716,0.7386586512985451
"[0.41602765673643677, 0.6681533255301048, -0.8896368996521632, 0.51639482614529]",28.41878412786506,0.7387214837799417
"[0.4160185067752179, 0.6681507732761652, -0.8896358609450389, 0.5163975115372852]",28.41879286068157,0.7387843162613383
"[0.416009357388975, 0.6681482214289418, -0.8896348224126269, 0.5164001965185836]",28.4188015946101,0.7388471487427349
"[0.4160002077293407, 0.6681456697517939, -0.8896337839586306, 0.5164028813381654]",28.418810332356966,0.7389099812241317
"[0.4159910583490785, 0.6681431183988416, -0.8896327456457934, 0.5164055658338637]",28.418819066716054,0.7389728137055281
"[0.41598191015764874, 0.6681405676236516, -0.8896317075773043, 0.5164082497388673]",28.418827810854992,0.7390356461869247
"[0.4159727619525821, 0.6681380170908694, -0.8896306696167007, 0.5164109334060264]",28.418836558968312,0.7390984786683215
"[0.4159636143729704, 0.6681354669786381, -0.8896296318364895, 0.5164136166478901]",28.418845310371736,0.7391613111497181
"[0.4159544667749797, 0.6681329171074362, -0.8896285941636245, 0.5164162996533449]",28.41885406441282,0.7392241436311145
"[0.41594531942303953, 0.6681303675509538, -0.8896275566281026, 0.5164189823448466]",28.41886281697301,0.7392869761125113
"[0.4159361726638796, 0.668127818405779, -0.8896265192692437, 0.5164216646207558]",28.41887157428167,0.7393498085939079
"[0.4159270261069342, 0.668125269563023, -0.8896254820427433, 0.516424346595639]",28.418880336607685,0.7394126410753045
"[0.41591787987886764, 0.6681227210579497, -0.8896244449629624, 0.516427028232384]",28.41888910372175,0.7394754735567011
"[0.4159087345790261, 0.6681201730574972, -0.8896234080978436, 0.5164297093553221]",28.41889787295353,0.7395383060380977
"[0.4158995892926508, 0.6681176253067561, -0.8896223713436634, 0.5164323902326721]",28.41890664664084,0.7396011385194943
"[0.4158904442907449, 0.6681150778811847, -0.8896213347311448, 0.5164350707850267]",28.41891542430148,0.739663971000891
"[0.41588129975675203, 0.6681125308318548, -0.8896202982810747, 0.5164377509586365]",28.41892420254773,0.7397268034822875
"[0.41587215543751005, 0.6681099840882095, -0.8896192619647523, 0.516440430827739]",28.418932981328187,0.7397896359636841
"[0.41586301128102554, 0.6681074376357372, -0.8896182257762852, 0.5164431104075973]",28.418941765387938,0.7398524684450808
"[0.41585386807831853, 0.6681048916946658, -0.8896171898052955, 0.5164457894664609]",28.4189505538389,0.7399153009264774
"[0.4158447242229754, 0.6681023458176617, -0.8896161538697684, 0.5164484684750463]",28.418959342572137,0.7399781334078739
"[0.41583558139254734, 0.668099800471767, -0.8896151181597592, 0.5164511469418818]",28.4189681378608,0.7400409658892706
"[0.41582643927285085, 0.6680972555694336, -0.8896140826396511, 0.5164538249590825]",28.418976937940975,0.7401037983706672
"[0.4158172975487204, 0.6680947110228715, -0.8896130472737316, 0.5164565026190228]",28.418985740099068,0.7401666308520637
"[0.4158081556542858, 0.6680921666745515, -0.8896120119979142, 0.5164591800874654]",28.418994545673957,0.7402294633334604
"[0.41579901383345685, 0.6680896225923502, -0.8896109768398279, 0.5164618572929773]",28.419003349306266,0.740292295814857
"[0.4157898729382387, 0.6680870790133195, -0.8896099418959363, 0.5164645339860939]",28.419012160485575,0.7403551282962536
"[0.415780731829115, 0.6680845356203423, -0.8896089070372156, 0.516467210500519]",28.41902097262671,0.7404179607776502
"[0.41577159178654727, 0.6680819927696141, -0.8896078724086164, 0.5164698864614082]",28.41902979418683,0.7404807932590468
"[0.4157624514357912, 0.6680794500786598, -0.8896068378545134, 0.5164725622712476]",28.419038608147037,0.7405436257404434
"[0.41575331191565995, 0.6680769078642165, -0.889605803503801, 0.5164752375967117]",28.419047436500087,0.7406064582218401
"[0.41574417290680277, 0.6680743660374068, -0.8896047693203183, 0.5164779125313217]",28.419056263001156,0.7406692907032366
"[0.41573503416731317, 0.6680718245309109, -0.8896037352766829, 0.5164805871459142]",28.419065094077617,0.7407321231846332
"[0.4157258961382447, 0.6680692834673002, -0.8896027014227887, 0.5164832613114911]",28.419073932073257,0.7407949556660299
"[0.41571675749628684, 0.668066742478613, -0.889601667608924, 0.5164859354152807]",28.419082766432506,0.7408577881474265
"[0.4157076195045402, 0.6680642019160276, -0.8896006339779824, 0.5164886090877019]",28.419091602119373,0.740920620628823
"[0.4156984817025998, 0.668061661651495, -0.8895996004778773, 0.5164912824635046]",28.419100442270263,0.7409834531102197
"[0.415689344980636, 0.6680591219324136, -0.8895985672092718, 0.5164939552823173]",28.419109293414493,0.7410462855916163
"[0.41568020827478386, 0.6680565824630084, -0.8895975340518396, 0.5164966278554067]",28.419118143166155,0.7411091180730129
"[0.4156710713830009, 0.6680540431871163, -0.8895965009827436, 0.5164993002418748]",28.419126992139375,0.7411719505544095
"[0.41566193521001804, 0.6680515043561502, -0.8895954681042741, 0.5165019721771207]",28.419135846529134,0.7412347830358061
"[0.41565279961213714, 0.6680489659300888, -0.8895944354001688, 0.5165046437032567]",28.419144706602395,0.7412976155172027
"[0.4156436644822816, 0.6680464278791575, -0.8895934028583101, 0.5165073148516082]",28.41915356864698,0.7413604479985993
"[0.4156345290975309, 0.6680438900024542, -0.8895923703969894, 0.516509985833607]",28.41916243367903,0.741423280479996
"[0.41562539482484445, 0.668041352679704, -0.8895913381706875, 0.5165126562496041]",28.419171303384616,0.7414861129613926
"[0.41561626041541305, 0.6680388155639533, -0.8895903060382703, 0.5165153264647439]",28.419180172688602,0.7415489454427893
"[0.415607126237897, 0.6680362787575848, -0.8895892740413986, 0.5165179963712659]",28.419189046041982,0.7416117779241859
"[0.4155979928739559, 0.6680337424220821, -0.8895882422457767, 0.5165206657992056]",28.419197927721452,0.7416746104055824
"[0.4155888593208587, 0.668031206278953, -0.889587210538121, 0.5165233350416615]",28.419206807004414,0.7417374428869791
"[0.4155797265901402, 0.6680286706090366, -0.8895861790326868, 0.5165260038030478]",28.41921569040091,0.7418002753683757
"[0.41557059413311276, 0.6680261352599315, -0.8895851476674881, 0.5165286722437566]",28.419224575399916,0.7418631078497723
"[0.41556146235533764, 0.6680236003441817, -0.889584116488316, 0.5165313402453271]",28.41923347201393,0.7419259403311689
"[0.4155523301360202, 0.6680210655506402, -0.8895830853686096, 0.5165340081352359]",28.419242362664335,0.7419887728125655
"[0.4155431987260641, 0.6680185312264888, -0.889582054449608, 0.516536675548064]",28.41925126008722,0.7420516052939621
"[0.41553406797330916, 0.6680159973294242, -0.8895810237141126, 0.5165393425283268]",28.419260164190604,0.7421144377753587
"[0.415524936787277, 0.668013463556807, -0.8895799930390247, 0.5165420093945521]",28.41926906376361,0.7421772702567553
"[0.41551580669295857, 0.6680109303317577, -0.8895789625964713, 0.5165446757013863]",28.419277972523567,0.7422401027381519
"[0.41550667614339737, 0.6680083972250211, -0.8895779322118536, 0.5165473419006276]",28.419286880643526,0.7423029352195485
"[0.4154975467551339, 0.668005864685042, -0.8895769020675918, 0.5165500075202618]",28.419295795406008,0.7423657677009451
"[0.4154884177585758, 0.6680033324982511, -0.8895758720768252, 0.5165526727850701]",28.419304711673202,0.7424286001823417
"[0.4154792879510744, 0.6680008003310678, -0.8895748421038764, 0.5165553380461603]",28.419313628287224,0.7424914326637384
"[0.4154701600949698, 0.6679982689495721, -0.8895738124603624, 0.5165580024971768]",28.419322552963877,0.742554265145135
"[0.41546103146492797, 0.6679957375979049, -0.8895727828388441, 0.5165606669337044]",28.419331477437414,0.7426170976265315
"[0.41545190319289327, 0.6679932065899485, -0.8895717533670076, 0.5165633310253529]",28.419340405479243,0.7426799301079282
"[0.415442776113667, 0.6679906761571032, -0.8895707241389784, 0.5165659945285455]",28.419349340902336,0.7427427625893248
"[0.41543364892060897, 0.6679881459370494, -0.8895696950073981, 0.5165686578246458]",28.41935827751762,0.7428055950707214
"[0.41542452199155905, 0.6679856160345151, -0.8895686660148727, 0.516571320803412]",28.41936721325718,0.742868427552118
"[0.41541539540779265, 0.6679830864719927, -0.889567637170561, 0.5165739834411606]",28.41937615569174,0.7429312600335146
"[0.41540626942468417, 0.6679805573202123, -0.8895666085032402, 0.5165766456634324]",28.41938509944627,0.7429940925149112
"[0.4153971443663658, 0.667978028668926, -0.8895655800494245, 0.5165793073757433]",28.419394051876335,0.7430569249963078
"[0.4153880181151656, 0.6679754999313073, -0.8895645515704496, 0.5165819691957938]",28.419403001223777,0.7431197574777044
"[0.4153788928138998, 0.6679729717010922, -0.8895635233078092, 0.5165846304985963]",28.419411954621946,0.743182589959101
"[0.41536976814977106, 0.6679704438915417, -0.8895624952262343, 0.5165872913754441]",28.419420912565986,0.7432454224404976
"[0.415360644036091, 0.6679679164785812, -0.889561467315942, 0.5165899518516708]",28.419429873462835,0.7433082549218943
"[0.4153515201126777, 0.6679653893623961, -0.8895604395363476, 0.516592612032338]",28.419438840333644,0.7433710874032908
"[0.41534239641209975, 0.6679628625519788, -0.8895594118911179, 0.5165952719079733]",28.419447804857008,0.7434339198846874
"[0.4153332729540732, 0.6679603360527587, -0.8895583843824721, 0.516597931472853]",28.419456775768648,0.7434967523660841
"[0.41532414974940773, 0.6679578098676973, -0.8895573570116239, 0.5166005907238539]",28.41946574812274,0.7435595848474807
"[0.41531502722427527, 0.667955284114759, -0.8895563298265546, 0.5166032495367879]",28.419474723764136,0.7436224173288773
"[0.41530590469137996, 0.6679527586035899, -0.889555302749869, 0.5166059081120314]",28.419483702073077,0.743685249810274
"[0.4152967830993619, 0.6679502335967826, -0.8895542758883612, 0.516608566173147]",28.419492688062387,0.7437480822916706
"[0.41528766147880497, 0.6679477088259368, -0.8895532491328885, 0.5166112240026692]",28.419501672846074,0.7438109147730672
"[0.4152785402499145, 0.6679451844073331, -0.8895522225307498, 0.5166138814781832]",28.419510664445482,0.7438737472544638
"[0.41526941958918345, 0.6679426603897671, -0.8895511961017988, 0.5166165385483129]",28.41951965989875,0.7439365797358604
"[0.415260298798178, 0.6679401365799243, -0.889550169767432, 0.5166191954165565]",28.41952864975171,0.743999412217257
"[0.41525117874089906, 0.6679376132168527, -0.8895491436248684, 0.5166218518312549]",28.419537650491208,0.7440622446986536
"[0.41524205883722715, 0.6679350901399838, -0.8895481176088258, 0.5166245079614362]",28.41954665148219,0.7441250771800502
"[0.41523293973243974, 0.667932567527797, -0.8895470917918882, 0.5166271636191991]",28.419555662030707,0.7441879096614468
"[0.4152238210010746, 0.6679300452625349, -0.8895460661261805, 0.5166298189285032]",28.419564672797733,0.7442507421428435
"[0.415214701402551, 0.6679275230010567, -0.8895450404721778, 0.516632474250585]",28.4195736770309,0.74431357462424
"[0.4152055832983557, 0.6679250013964553, -0.8895440150954644, 0.5166351288978904]",28.419582695950208,0.7443764071056366
"[0.415196465881633, 0.6679224802254966, -0.889542989905272, 0.5166377831054195]",28.419591714913903,0.7444392395870333
"[0.41518734769266746, 0.6679199590845272, -0.8895419647374734, 0.5166404372981203]",28.419600737155754,0.7445020720684299
"[0.415178230338123, 0.6679174384177679, -0.8895409397727122, 0.5166430910083224]",28.419609758706784,0.7445649045498264
"[0.4151691132346678, 0.6679149180638903, -0.8895399149453971, 0.5166457444058608]",28.419618786402705,0.7446277370312231
"[0.4151599975408029, 0.6679123983430816, -0.8895388903857281, 0.5166483971536352]",28.41962782323859,0.7446905695126197
"[0.4151508806197214, 0.6679098785264476, -0.889537865797344, 0.5166510500190162]",28.419636852318693,0.7447534019940163
"[0.4151417646668528, 0.6679073592207986, -0.889536841426984, 0.5166537023631474]",28.419645890436104,0.7448162344754129
"[0.4151326492917916, 0.6679048403181537, -0.8895358172307565, 0.5166563542997026]",28.41965493205646,0.7448790669568095
"[0.4151235339234089, 0.667902321660665, -0.8895347931444852, 0.5166590059948579]",28.41966397240209,0.7449418994382061
"[0.4151144191634769, 0.667899803414568, -0.8895337692357723, 0.51666165727359]",28.419673023906643,0.7450047319196028
"[0.41510530477997565, 0.6678972855157032, -0.8895327454785423, 0.5166643082034397]",28.419682074242477,0.7450675644009993
"[0.41509619014268434, 0.6678947677899559, -0.8895317218020101, 0.5166669589677142]",28.41969112223837,0.7451303968823959
"[0.4150870765998682, 0.6678922506097084, -0.8895306983575924, 0.5166696091743469]",28.41970017971616,0.7451932293637926
"[0.4150779632405227, 0.6678897337232771, -0.8895296750429666, 0.516672259088312]",28.419709238812427,0.7452560618451892
"[0.4150688496962945, 0.6678872170289183, -0.8895286518167776, 0.5166749088167256]",28.419718299546577,0.7453188943265857
"[0.41505973759909753, 0.6678847009772216, -0.8895276288622321, 0.5166775578851704]",28.41972737068862,0.7453817268079824
"[0.41505062533524223, 0.6678821851225475, -0.8895266059981549, 0.516680206762836]",28.419736441186327,0.745444559289379
"[0.4150415127813859, 0.6678796694308495, -0.8895255832107152, 0.5166828554855646]",28.419745510146978,0.7455073917707756
"[0.4150324017408632, 0.6678771543999058, -0.8895245607023012, 0.5166855035292465]",28.419754588305683,0.7455702242521722
"[0.41502329028102464, 0.6678746394961734, -0.8895235382560036, 0.5166881514556331]",28.419763666609324,0.7456330567335688
"[0.41501417865970247, 0.667872124790827, -0.889522515900772, 0.5166907991897809]",28.419772746822247,0.7456958892149654
"[0.41500506796587155, 0.6678696105843681, -0.8895214937587839, 0.5166934464152839]",28.419781830476907,0.745758721696362
"[0.4149959581739134, 0.667867096869643, -0.8895204718271393, 0.5166960931396634]",28.4197909174351,0.7458215541777586
"[0.4149868485444392, 0.667864583442572, -0.8895194500228807, 0.516698739577789]",28.419800009856424,0.7458843866591552
"[0.4149777384024494, 0.6678620701169218, -0.8895184282703068, 0.5167013859257448]",28.41980910477427,0.745947219140552
"[0.414968629359502, 0.66785955733725, -0.8895174067501584, 0.5167040317154367]",28.41981820168577,0.7460100516219484
"[0.4149595207351007, 0.6678570449157714, -0.889516385386101, 0.5167066771445803]",28.41982730246116,0.746072884103345
"[0.41495041210614364, 0.6678545327357525, -0.8895153641306899, 0.5167093223360816]",28.41983640490078,0.7461357165847418
"[0.41494130395921913, 0.6678520209313628, -0.8895143430384785, 0.5167119671486605]",28.419845516718226,0.7461985490661384
"[0.4149321961068761, 0.6678495094508657, -0.8895133220884439, 0.5167146116367857]",28.41985462399482,0.7462613815475349
"[0.4149230885920942, 0.6678469983060739, -0.8895123012853993, 0.5167172557880103]",28.419863736478515,0.7463242140289316
"[0.41491398095080195, 0.6678444873690145, -0.8895112805773309, 0.5167198997370803]",28.419872850861825,0.7463870465103282
"[0.4149048743517601, 0.6678419769618591, -0.8895102600952137, 0.5167225431447487]",28.419881971860068,0.7464498789917248
"[0.41489576836642944, 0.6678394669663953, -0.8895092397910019, 0.5167251861354809]",28.419891099746064,0.7465127114731214
"[0.4148866617545908, 0.6678369570407553, -0.8895082195257378, 0.5167278290692526]",28.419900220410796,0.746575543954518
"[0.41487755705286505, 0.6678344478840048, -0.8895071995835967, 0.516730471209944]",28.41990935914357,0.7466383764359146
"[0.4148684509492005, 0.6678319385833494, -0.8895061795935465, 0.5167331135187195]",28.419918485342635,0.7467012089173113
"[0.4148593463331315, 0.6678294299350208, -0.8895051598792539, 0.5167357551571367]",28.41992762226304,0.7467640413987078
"[0.4148502414443218, 0.667826921453921, -0.8895041402435452, 0.5167383966360004]",28.41993675748952,0.7468268738801044
"[0.41484113711631887, 0.6678244133696775, -0.8895031207797689, 0.5167410377135022]",28.41994590124284,0.7468897063615011
"[0.41483203292507576, 0.6678219055654385, -0.8895021014404348, 0.5167436785126818]",28.419955045489747,0.7469525388428977
"[0.41482292909720897, 0.6678193981035768, -0.8895010822509131, 0.5167463189678527]",28.419964191912964,0.7470153713242942
"[0.41481382637028563, 0.6678168911871949, -0.8895000632937549, 0.5167489588651284]",28.41997334610363,0.7470782038056909
"[0.4148047234644815, 0.6678143844637486, -0.889499044425687, 0.516751598575748]",28.41998250178803,0.7471410362870875
"[0.41479562077420995, 0.6678118780418681, -0.8894980256908595, 0.5167542379853101]",28.419991656806022,0.7472038687684841
"[0.4147865188856187, 0.66780937208286, -0.8894970071548596, 0.5167568769239435]",28.420000820340807,0.7472667012498807
"[0.4147774166224653, 0.6678068662628772, -0.8894959886860602, 0.5167595157326706]",28.420009981926004,0.7473295337312773
"[0.4147683150864268, 0.6678043608851721, -0.8894949704077287, 0.5167621540921397]",28.42001914705377,0.7473923662126739
"[0.41475921458507814, 0.6678018560343283, -0.8894939523542513, 0.516764791913267]",28.420028322693305,0.7474551986940705
"[0.41475011286773766, 0.6677993510908562, -0.8894929342738576, 0.5167674298484217]",28.420037493755974,0.7475180311754671
"[0.41474101262821106, 0.6677968467961133, -0.8894919164678673, 0.5167700671168803]",28.420046670499566,0.7475808636568637
"[0.4147319124886705, 0.6677943427708594, -0.8894908987821564, 0.5167727041180104]",28.42005584765814,0.7476436961382604
"[0.41472281288267326, 0.6677918391343612, -0.8894898812652041, 0.5167753407262036]",28.420065032564636,0.7477065286196569
"[0.4147137137187497, 0.6677893358613889, -0.889488863906772, 0.5167779769680214]",28.42007422086759,0.7477693611010535
"[0.41470461461554176, 0.6677868328470064, -0.889487846664217, 0.516780612953967]",28.420083408647557,0.7478321935824502
"[0.41469551589300513, 0.6677843301791956, -0.8894868295733072, 0.5167832485913774]",28.420092602952483,0.7478950260638468
"[0.41468641714268917, 0.6677818277455839, -0.8894858125883839, 0.5167858839985883]",28.42010179465739,0.7479578585452433
"[0.4146773194929907, 0.6677793258564555, -0.8894847958355568, 0.5167885188488204]",28.420110997020497,0.74802069102664
"[0.41466822174117585, 0.6677768241810053, -0.8894837791803967, 0.5167911534904497]",28.42012019765383,0.7480835235080366
"[0.41465912396274873, 0.6677743227399887, -0.8894827626313484, 0.5167937879016122]",28.420129401171604,0.7481463559894332
"[0.41465002696992276, 0.6677718217566826, -0.8894817462791584, 0.5167964218471551]",28.42013860597808,0.7482091884708298
"[0.41464093092624904, 0.6677693212759679, -0.8894807301420738, 0.5167990552798001]",28.420147821983036,0.7482720209522264
"[0.4146318340990621, 0.6677668208215298, -0.8894797140265381, 0.5168016887011818]",28.420157031051172,0.748334853433623
"[0.41462273920903725, 0.6677643211411202, -0.8894786982364351, 0.5168043213237776]",28.420166259115476,0.7483976859150197
"[0.41461364316913485, 0.6677618213862643, -0.8894776824269726, 0.5168069540411775]",28.42017547550607,0.7484605183964163
"[0.4146045473775239, 0.6677593219412198, -0.8894766667543131, 0.5168095864486824]",28.42018469547411,0.7485233508778129
"[0.4145954527877637, 0.6677568230679511, -0.8894756513249156, 0.5168122182703827]",28.420193922070577,0.7485861833592095
"[0.41458635810258404, 0.6677543244099537, -0.8894746359939233, 0.5168148498817409]",28.420203152738793,0.7486490158406062
"[0.4145772638593377, 0.6677518261148221, -0.8894736208213259, 0.5168174811273034]",28.420212385072073,0.7487118483220027
"[0.41456817016264647, 0.667749328211263, -0.8894726058187897, 0.5168201119768264]",28.42022162426775,0.7487746808033994
"[0.4145590764299379, 0.6677468305392181, -0.8894715909212875, 0.51682274259888]",28.420230863165127,0.748837513284796
"[0.4145499836339766, 0.6677443333658064, -0.8894705762373735, 0.5168253727121187]",28.42024010963955,0.7489003457661926
"[0.41454089113249293, 0.6677418365145893, -0.8894695616953587, 0.5168280025023645]",28.420249355479292,0.7489631782475892
"[0.4145317987934904, 0.6677393399492868, -0.889468547280513, 0.5168306320078225]",28.42025860713359,0.7490260107289858
"[0.4145227060179034, 0.6677368435054092, -0.8894675329260101, 0.5168332614017359]",28.420267854211524,0.7490888432103824
"[0.4145136144429012, 0.6677343476323939, -0.8894665188144794, 0.5168358902107246]",28.420277109830916,0.749151675691779
"[0.4145045235459092, 0.667731852186706, -0.8894655048876019, 0.5168385185859572]",28.420286371561165,0.7492145081731756
"[0.4144954322466385, 0.6677293568717729, -0.8894644910248919, 0.5168411468397991]",28.42029563337345,0.7492773406545722
"[0.41448634151289654, 0.6677268619532201, -0.8894634773342829, 0.516843774692466]",28.420304896824565,0.7493401731359688
"[0.4144772510621034, 0.6677243673534476, -0.8894624637842545, 0.516846402225685]",28.42031416054219,0.7494030056173654
"[0.4144681609408853, 0.6677218730852134, -0.8894614503800009, 0.5168490294260109]",28.420323431635993,0.749465838098762
"[0.4144590712640218, 0.6677193791799735, -0.8894604371343101, 0.5168516562603028]",28.420332708355538,0.7495286705801586
"[0.4144499821119292, 0.6677168856597276, -0.8894594240561347, 0.5168542827053815]",28.420341987444772,0.7495915030615553
"[0.4144408931707553, 0.667714392438346, -0.889458411110485, 0.5168569088519591]",28.420351266958708,0.7496543355429518
"[0.41443180513109656, 0.6677118997052222, -0.8894573983743125, 0.5168595345005356]",28.420360554143137,0.7497171680243484
"[0.4144227162034821, 0.6677094069694725, -0.8894563856482118, 0.5168621601681651]",28.42036983719454,0.7497800005057451
"[0.4144136283946838, 0.6677069147814962, -0.889455373155787, 0.5168647852750888]",28.420379129151083,0.7498428329871417
"[0.4144045407181359, 0.6677044228706702, -0.8894543607871062, 0.5168674101063545]",28.42038842208783,0.7499056654685383
"[0.41439545369529773, 0.667701931379932, -0.8894533486002515, 0.516870034511393]",28.42039771710378,0.7499684979499349
"[0.41438636651914373, 0.6676994400879863, -0.8894523365053264, 0.5168726587232972]",28.420407014861205,0.7500313304313315
"[0.4143772803543947, 0.6676969493140968, -0.8894513246320447, 0.516875282405762]",28.420416323861172,0.7500941629127281
"[0.414368194102964, 0.6676944587571993, -0.8894503128581067, 0.5168779058759082]",28.420425623410488,0.7501569953941247
"[0.414359108494357, 0.6676919686172192, -0.8894493012647411, 0.5168805289231333]",28.420434936838596,0.7502198278755213
"[0.4143500231306095, 0.6676894787850359, -0.8894482898076282, 0.5168831516623745]",28.420444250821134,0.7502826603569179
"[0.414340937963446, 0.6676869892473903, -0.8894472784813914, 0.5168857741075913]",28.420453562883896,0.7503454928383146
"[0.41433185291928576, 0.6676844999840957, -0.8894462672778399, 0.5168883962800417]",28.42046288260228,0.7504083253197111
"[0.41432276842929106, 0.6676820111132503, -0.8894452562449581, 0.5168910180553141]",28.42047219802759,0.7504711578011077
"[0.4143136845195829, 0.6676795226419483, -0.8894442453856377, 0.5168936394259273]",28.420481528478078,0.7505339902825044
"[0.41430460080495995, 0.6676770344646371, -0.8894432346570064, 0.5168962605030618]",28.42049085656082,0.750596822763901
"[0.4142955172817394, 0.6676745465802578, -0.8894422240586521, 0.516898881287828]",28.42050018471242,0.7506596552452975
"[0.4142864341067931, 0.6676720590317832, -0.8894412136080247, 0.5169015017349484]",28.420509518270997,0.7507224877266943
"[0.4142773518717041, 0.6676695719810964, -0.8894402033709172, 0.5169041216738851]",28.420518859627744,0.7507853202080909
"[0.41426826948350576, 0.6676670851289199, -0.8894391932257476, 0.516906741419896]",28.42052819721213,0.7508481526894875
"[0.41425918708342424, 0.667664598513895, -0.8894381831882323, 0.5169093609322697]",28.42053753987607,0.7509109851708841
"[0.4142501056818667, 0.6676621124126072, -0.8894371733707249, 0.5169119799196312]",28.420546889159613,0.7509738176522807
"[0.41424102375322874, 0.6676596264073785, -0.8894361636035812, 0.5169145988219769]",28.42055623224071,0.7510366501336773
"[0.4142319431654671, 0.6676571410094837, -0.8894351540944797, 0.5169172171006917]",28.420565590166508,0.751099482615074
"[0.414222862933005, 0.6676546559490844, -0.8894341447338273, 0.5169198350400313]",28.420574946251417,0.7511623150964705
"[0.41421378233046147, 0.6676521710276502, -0.8894331354409964, 0.5169224528491354]",28.420584305863137,0.7512251475778671
"[0.41420470258776815, 0.6676496865817221, -0.8894321263526885, 0.5169250701734588]",28.420593665452706,0.7512879800592638
"[0.41419562268994975, 0.667647202333559, -0.889431117356096, 0.5169276873055881]",28.420603030710605,0.7513508125406603
"[0.4141865433807209, 0.6676447184865459, -0.8894301085338627, 0.5169303040312565]",28.420612400935468,0.7514136450220569
"[0.4141774649940335, 0.6676422351320371, -0.8894290999230728, 0.5169329202542087]",28.420621770814165,0.7514764775034536
"[0.414168385834345, 0.6676397518061824, -0.8894280913353538, 0.5169355364631079]",28.420631144193553,0.7515393099848502
"[0.41415930824235736, 0.6676372691491703, -0.8894270830307225, 0.5169381519835003]",28.42064052617425,0.7516021424662467
"[0.4141502302668039, 0.6676347866272812, -0.8894260747924234, 0.5169407673776607]",28.420649905220266,0.7516649749476434
"[0.41414115255032646, 0.6676323044162392, -0.8894250666918401, 0.5169433824604537]",28.42065928894939,0.75172780742904
"[0.41413207525797807, 0.6676298225611537, -0.8894240587472945, 0.5169459971843475]",28.420668673511496,0.7517906399104366
"[0.4141229989597395, 0.6676273412177894, -0.8894230510220579, 0.5169486113852291]",28.420678068940727,0.7518534723918332
"[0.41411392226709265, 0.6676248600065104, -0.8894220433619608, 0.5169512254630535]",28.4206874613832,0.7519163048732298
"[0.414104846115913, 0.6676223791831266, -0.8894210358709043, 0.5169538391483067]",28.42069685886757,0.7519791373546264
"[0.4140957699291087, 0.6676198985898774, -0.8894200284848248, 0.5169564526071903]",28.420706252493233,0.7520419698360231
"[0.41408669477889287, 0.6676174185197331, -0.8894190213227174, 0.516959065531035]",28.42071565956832,0.7521048023174196
"[0.4140776197837234, 0.6676149387317474, -0.8894180142867332, 0.5169616781736838]",28.42072506395629,0.7521676347988162
"[0.4140685448287206, 0.6676124591944989, -0.8894170073641261, 0.5169642905682361]",28.42073447224124,0.7522304672802129
"[0.4140594707383524, 0.667609980133212, -0.8894160006463663, 0.516966902477391]",28.420743888227697,0.7522932997616095
"[0.41405039634509166, 0.66760750122888, -0.8894149940039181, 0.516969514237243]",28.420753303409114,0.752356132243006
"[0.41404132254954995, 0.6676050227275059, -0.889413987536689, 0.5169721255885988]",28.420762716604898,0.7524189647244027
"[0.4140322495827828, 0.6676025446921436, -0.8894129812702886, 0.5169747364650135]",28.42077214052874,0.7524817972057993
"[0.41402317665184124, 0.6676000669061406, -0.8894119751167616, 0.5169773470947489]",28.420781569658757,0.7525446296871959
"[0.41401410391410826, 0.667597589412495, -0.8894109690935637, 0.5169799574324919]",28.42079099615679,0.7526074621685925
"[0.4140050315012439, 0.6675951122471052, -0.88940996321529, 0.5169825674404144]",28.42080042503763,0.7526702946499891
"[0.4139959592249542, 0.6675926353585383, -0.8894089574610617, 0.5169851771726992]",28.42080985840492,0.7527331271313857
"[0.41398688781057147, 0.6675901589447683, -0.8894079519112769, 0.5169877864207463]",28.42081929634776,0.7527959596127825
"[0.41397781638866643, 0.6675876827684015, -0.8894069464695514, 0.5169903954346752]",28.420828735788668,0.7528587920941789
"[0.41396874554144664, 0.6675852069883272, -0.8894059412004105, 0.5169930040470655]",28.42083818067188,0.7529216245755755
"[0.4139596752169505, 0.667582731590317, -0.8894049360980818, 0.5169956122729]",28.420847628051536,0.7529844570569723
"[0.41395060491399577, 0.6675802564375315, -0.889403931107024, 0.516998220256355]",28.420857077067723,0.7530472895383687
"[0.4139415351155784, 0.667577781661767, -0.8894029262807496, 0.5170008278585525]",28.420866531962826,0.7531101220197653
"[0.41393246539920125, 0.6675753071476981, -0.889401921572446, 0.5170034352010011]",28.42087598821545,0.7531729545011621
"[0.41392339577466736, 0.6675728328979907, -0.889400916983202, 0.5170060422808849]",28.420885441464083,0.7532357869825587
"[0.4139143270409451, 0.6675703591305266, -0.8893999126015028, 0.5170086488686184]",28.420894904862124,0.7532986194639552
"[0.4139052588864723, 0.667567885760279, -0.8893989083928215, 0.5170112550537823]",28.420904372502974,0.7533614519453519
"[0.41389619097869057, 0.6675654126964867, -0.8893979043203212, 0.5170138609320045]",28.42091384267199,0.7534242844267485
"[0.4138871229762083, 0.667562939846024, -0.8893969003462037, 0.5170164666014051]",28.4209233155886,0.7534871169081451
"[0.4138780554997268, 0.6675604673781295, -0.8893958965391886, 0.5170190718836496]",28.420932789972756,0.7535499493895417
"[0.413868988681295, 0.667557995328749, -0.8893948929138786, 0.5170216767408513]",28.42094226899734,0.7536127818709383
"[0.4138599216646883, 0.6675555234644065, -0.8893938893754937, 0.5170242814190238]",28.420951747023103,0.7536756143523349
"[0.41385085450066084, 0.6675530517989391, -0.8893928859296639, 0.5170268859035806]",28.420961227249368,0.7537384468337315
"[0.4138417885600427, 0.667550580705975, -0.8893918827280828, 0.5170294898008079]",28.420970716544517,0.7538012793151281
"[0.4138327231698161, 0.6675481100019875, -0.8893908796962505, 0.517032093304085]",28.42098020898195,0.7538641117965247
"[0.41382365770700186, 0.6675456395171588, -0.8893898767652347, 0.5170346965923508]",28.42098970314332,0.7539269442779214
"[0.41381459251232944, 0.6675431693443247, -0.8893888739727341, 0.5170372995677722]",28.42099919977485,0.753989776759318
"[0.41380552787201547, 0.6675406995614263, -0.889387871350401, 0.5170399021482099]",28.421008698016824,0.7540526092407145
"[0.41379646374858, 0.6675382301582041, -0.8893868688940757, 0.5170425043444673]",28.42101820505108,0.7541154417221112
"[0.41378739974677176, 0.6675357610269368, -0.8893858665600397, 0.5170451062700503]",28.421027710155922,0.7541782742035078
"[0.41377833517716467, 0.6675332919798244, -0.889384864272067, 0.5170477081228552]",28.421037210958907,0.7542411066849044
"[0.413769272887375, 0.6675308237924334, -0.8893838623449993, 0.5170503090855876]",28.42104672767985,0.754303939166301
"[0.41376020903712224, 0.6675283554187968, -0.889382860354248, 0.5170529102604752]",28.42105624101483,0.7543667716476976
"[0.41375114630804843, 0.6675258875891993, -0.8893818585962779, 0.5170555108779393]",28.421065757858187,0.7544296041290942
"[0.41374208389261385, 0.6675234200836939, -0.8893808569818054, 0.5170581111697513]",28.421075281539633,0.7544924366104908
"[0.41373302249895205, 0.6675209530950188, -0.8893798555890784, 0.5170607109327917]",28.421084808688367,0.7545552690918874
"[0.4137239607404273, 0.6675184862456208, -0.8893788542648513, 0.5170633105649263]",28.421094335488736,0.754618101573284
"[0.41371489933636585, 0.6675160197313096, -0.8893778530886152, 0.5170659098598007]",28.421103863828474,0.7546809340546806
"[0.4137058380419474, 0.6675135534854135, -0.8893768520333183, 0.5170685088876679]",28.421113394723484,0.7547437665360773
"[0.4136967776057802, 0.6675110877116377, -0.8893758511816515, 0.5170711074338473]",28.42112293671775,0.7548065990174738
"[0.41368771768877866, 0.6675086223176254, -0.8893748504961395, 0.5170737055956596]",28.42113247581601,0.7548694314988704
"[0.41367865756927935, 0.6675061571069815, -0.8893738498970734, 0.5170763035800695]",28.42114201712875,0.7549322639802671
"[0.4136695979240694, 0.6675036922638311, -0.8893728494591979, 0.5170789011930288]",28.421151564155632,0.7549950964616636
"[0.41366053899504074, 0.6675012278539354, -0.8893718492092091, 0.5170814983652244]",28.421161113618137,0.7550579289430603
"[0.4136514799122437, 0.6674987636405699, -0.8893708490510468, 0.5170840953461284]",28.421170667148306,0.7551207614244569
"[0.41364242146909863, 0.667496299839554, -0.8893698490723042, 0.5170866919082844]",28.421180222470163,0.7551835939058535
"[0.4136333634671442, 0.6674938363968448, -0.8893688492510594, 0.5170892881086396]",28.42118978607765,0.7552464263872501
"[0.41362430567133, 0.6674913732484828, -0.8893678495613615, 0.5170918840145926]",28.421199347870864,0.7553092588686467
"[0.41361524787897136, 0.6674889103393228, -0.8893668499808427, 0.5170944796842553]",28.421208907987815,0.7553720913500434
"[0.4136061904827553, 0.6674864477761203, -0.8893658505528367, 0.51709707500511]",28.421218473630802,0.75543492383144
"[0.4135971338376756, 0.6674839856553334, -0.8893648513165004, 0.5170996698754902]",28.421228047025274,0.7554977563128366
"[0.41358807752868965, 0.6674815238640981, -0.8893638522260268, 0.5171022644143355]",28.421237624002433,0.7555605887942332
"[0.41357902153740544, 0.6674790623973063, -0.8893628532793825, 0.5171048586270253]",28.421247202031577,0.7556234212756298
"[0.4135699650193815, 0.6674766010255024, -0.8893618543834263, 0.5171074527553811]",28.421256777155364,0.7556862537570265
"[0.41356090965910086, 0.6674741402064325, -0.8893608557239455, 0.5171100463169617]",28.421266363314416,0.755749086238423
"[0.41355185469968947, 0.6674716797343412, -0.8893598572174465, 0.5171126395286113]",28.42127594916736,0.7558119187198196
"[0.41354279974637975, 0.6674692195019316, -0.889358858820396, 0.5171152325034087]",28.421285536721054,0.7558747512012163
"[0.4135337455048258, 0.6674667597008903, -0.8893578606105921, 0.5171178250393177]",28.421295131815896,0.7559375836826129
"[0.41352469125274366, 0.6674643001349521, -0.889356862508398, 0.5171204173431857]",28.421304727013734,0.7560004161640095
"[0.41351563737511376, 0.6674618409086703, -0.8893558645562509, 0.5171230093048111]",28.421314327558783,0.7560632486454061
"[0.4135065842778425, 0.6674593821322548, -0.8893548667988765, 0.5171256008080258]",28.42132393035271,0.7561260811268027
"[0.41349753122582095, 0.6674569236059651, -0.8893538691552484, 0.5171281920633465]",28.42133353403533,0.7561889136081993
"[0.41348847855522974, 0.667454465421113, -0.8893528716624113, 0.517130782974523]",28.42134314365096,0.7562517460895959
"[0.41347942594223286, 0.6674520074897208, -0.8893518742846802, 0.517133373634277]",28.421352753205337,0.7563145785709925
"[0.4134703741361861, 0.6674495500152037, -0.8893508771046067, 0.5171359638282007]",28.421362371087618,0.7563774110523891
"[0.41346132267432506, 0.6674470928718751, -0.8893498800711953, 0.5171385536887597]",28.42137198948592,0.7564402435337858
"[0.4134522708976665, 0.6674446358808371, -0.8893488831118634, 0.5171411434045088]",28.42138160699224,0.7565030760151823
"[0.41344322004145884, 0.6674421793772903, -0.8893478863626559, 0.5171437326221355]",28.42139123197754,0.7565659084965789
"[0.4134341693477083, 0.6674397231555238, -0.8893468897400829, 0.5171463215584521]",28.421400860185393,0.7566287409779756
"[0.4134251183738601, 0.6674372670954025, -0.8893458931954195, 0.5171489103400813]",28.421410485473903,0.7566915734593721
"[0.41341606897665867, 0.6674348117007063, -0.8893448969330829, 0.51715149843601]",28.421420122608062,0.7567544059407687
"[0.4134070194516419, 0.6674323565088912, -0.8893439007654056, 0.5171540863337712]",28.421429757418494,0.7568172384221654
"[0.4133979700081607, 0.6674299015767439, -0.8893429047154395, 0.517156673973503]",28.421439396858315,0.756880070903562
"[0.413388921333585, 0.6674274470906906, -0.8893419088588324, 0.5171592611586934]",28.42144904108584,0.7569429033849585
"[0.4133798726028984, 0.667424992826922, -0.889340913104779, 0.5171618481252434]",28.42145868600132,0.7570057358663552
"[0.41337082401896913, 0.667422538840387, -0.8893399174756078, 0.5171644348152303]",28.421468333856346,0.7570685683477518
"[0.41336177596927565, 0.6674200852361921, -0.8893389220139476, 0.5171670211178528]",28.421477983465145,0.7571314008291484
"[0.4133527288174167, 0.6674176321128444, -0.8893379267597812, 0.5171696069292679]",28.421487640310584,0.757194233310545
"[0.41334368129760196, 0.6674151791270982, -0.889336931573858, 0.5171721926112804]",28.42149729564598,0.7572570657919416
"[0.4133346344401261, 0.6674127265582644, -0.8893359365695066, 0.5171747778694634]",28.421506958798954,0.7573198982733382
"[0.41332558796960145, 0.6674102743316345, -0.889334941716425, 0.5171773627825585]",28.42151662323207,0.757382730754735
"[0.41331654175375043, 0.6674078224113145, -0.8893339470000621, 0.5171799473883949]",28.421526292142524,0.7574455632361314
"[0.41330749570638875, 0.6674053707739236, -0.8893329524109376, 0.517182531711611]",28.421535962561112,0.757508395717528
"[0.41329845015875266, 0.6674029195091721, -0.8893319579854645, 0.5171851156576354]",28.421545634853477,0.7575712281989248
"[0.4132894045205179, 0.6674004684570823, -0.8893309636587439, 0.5171876993950967]",28.421555308823756,0.7576340606803214
"[0.4132803600639623, 0.6673980179623349, -0.8893299695706144, 0.5171902825606473]",28.42156499267541,0.7576968931617178
"[0.41327131552682334, 0.6673955676828796, -0.8893289755823249, 0.517192865514848]",28.421574672358418,0.7577597256431146
"[0.4132622713544011, 0.6673931177393296, -0.8893279817428146, 0.5171954481305479]",28.421584357868916,0.7578225581245112
"[0.4132532274204322, 0.6673906680974637, -0.8893269880382031, 0.5171980304438132]",28.421594045512666,0.7578853906059078
"[0.413244183986661, 0.6673882188280885, -0.889325994497243, 0.5172006123799976]",28.42160374226118,0.7579482230873044
"[0.413235140653095, 0.6673857698228854, -0.8893250010759836, 0.517203194053277]",28.421613431963692,0.758011055568701
"[0.41322609774691416, 0.6673833211704111, -0.8893240078103626, 0.5172057753702913]",28.421623129935416,0.7580738880500976
"[0.41321705559022504, 0.6673808729578223, -0.8893230147357449, 0.5172083562391528]",28.42163283488177,0.7581367205314943
"[0.41320801379597744, 0.6673784250802735, -0.8893220218096071, 0.5172109367703799]",28.42164254116466,0.7581995530128908
"[0.41319897155645285, 0.6673759773190814, -0.8893210289432569, 0.5172135171945004]",28.421652245118878,0.7582623854942874
"[0.41318993017869976, 0.66737353002804, -0.8893200362802102, 0.517216097138539]",28.42166195530863,0.7583252179756841
"[0.41318088846930806, 0.6673710828840888, -0.8893190436894376, 0.517218676943061]",28.421671666921252,0.7583880504570807
"[0.41317184828768644, 0.6673686363904168, -0.8893180513750476, 0.5172212560775895]",28.421681390192717,0.7584508829384772
"[0.41316280759360985, 0.6673661899948403, -0.8893170591130777, 0.517223835124238]",28.421691106450055,0.7585137154198739
"[0.4131537677369406, 0.6673637440626053, -0.8893160670516822, 0.5172264136979493]",28.42170082981902,0.7585765479012705
"[0.41314472779852457, 0.6673612983449877, -0.8893150750899821, 0.5172289920609267]",28.421710553418926,0.758639380382667
"[0.41313568824875685, 0.6673588529691808, -0.8893140832795952, 0.5172315700790747]",28.42172028126675,0.7587022128640637
"[0.41312664902674595, 0.6673564079187222, -0.8893130916138328, 0.5172341477697388]",28.421730014205124,0.7587650453454603
"[0.41311761028347554, 0.6673539632343851, -0.8893121001092502, 0.517236725089927]",28.421739748020382,0.7588278778268569
"[0.4131085722688651, 0.667351518983713, -0.8893111087932463, 0.5172393019684218]",28.421749487552884,0.7588907103082535
"[0.413099534089467, 0.6673490749250415, -0.8893101175678207, 0.5172418786599945]",28.421759229959065,0.7589535427896501
"[0.4130904958999735, 0.6673466311002025, -0.8893091264499473, 0.517244455120537]",28.42176897190877,0.7590163752710467
"[0.41308145949836095, 0.6673441879952701, -0.8893081356367638, 0.5172470308375834]",28.42177872355138,0.7590792077524434
"[0.4130724220168291, 0.667341744834843, -0.8893071448138181, 0.5172496066286179]",28.421788472387867,0.7591420402338399
"[0.4130633851984876, 0.6673393020901672, -0.8893061541722289, 0.5172521819968063]",28.421798224158923,0.7592048727152365
"[0.41305434891673737, 0.6673368597269591, -0.8893051636981019, 0.5172547569782852]",28.421807981077762,0.7592677051966332
"[0.41304531313890436, 0.6673344177363346, -0.8893041733878431, 0.5172573315824127]",28.421817743807797,0.7593305376780298
"[0.4130362771609898, 0.6673319759280079, -0.8893031831642947, 0.5172599060098019]",28.42182750517184,0.7593933701594263
"[0.41302724199252827, 0.6673295345747582, -0.8893021931380837, 0.5172624799728505]",28.42183727101954,0.759456202640823
"[0.413018206371696, 0.6673270933355916, -0.8893012031709445, 0.5172650538310688]",28.42184703748404,0.7595190351222196
"[0.4130091720681918, 0.6673246526886147, -0.8893002134567612, 0.5172676270803684]",28.421856809789105,0.7595818676036162
"[0.4130001377559129, 0.6673222122755083, -0.8892992238502396, 0.5172702000985289]",28.421866586859203,0.7596447000850128
"[0.41299110383094556, 0.6673197722032401, -0.889298234394766, 0.5172727727727613]",28.421876362773364,0.7597075325664094
"[0.41298206977984203, 0.6673173323331064, -0.8892972450341047, 0.5172753452493024]",28.421886145674144,0.759770365047806
"[0.4129730367689439, 0.6673148929800546, -0.8892962558959766, 0.5172779171960786]",28.42189592941053,0.7598331975292026
"[0.4129640040543492, 0.6673124539431357, -0.8892952668989039, 0.517280488824953]",28.42190571634436,0.7598960300105992
"[0.41295497130505626, 0.6673100151329512, -0.8892942780066462, 0.5172830602301771]",28.42191551072527,0.7599588624919958
"[0.412945939147577, 0.6673075767186158, -0.8892932892877885, 0.5172856312334354]",28.42192530213256,0.7600216949733924
"[0.41293690693054996, 0.6673051385242567, -0.889292300671025, 0.5172882020201561]",28.421935097740445,0.7600845274547892
"[0.4129278752087323, 0.6673027006996127, -0.8892913122170736, 0.5172907724324491]",28.421944895945384,0.7601473599361857
"[0.4129188440450635, 0.6673002632615691, -0.88929032393281, 0.5172933424525062]",28.421954700218496,0.7602101924175824
"[0.41290981329936394, 0.6672978261722935, -0.8892893358028822, 0.5172959121202065]",28.42196450723795,0.760273024898979
"[0.4129007824255565, 0.6672953892843821, -0.8892883477675394, 0.5172984815909665]",28.42197431364235,0.7603358573803755
"[0.4128917525288143, 0.6672929528959974, -0.8892873599476854, 0.5173010505503944]",28.42198412966766,0.7603986898617722
"[0.4128827223056993, 0.6672905166554294, -0.8892863722007247, 0.5173036193693301]",28.42199394281585,0.7604615223431688
"[0.4128736930809548, 0.667288080920036, -0.8892853846715548, 0.5173061876709614]",28.422003762868314,0.7605243548245654
"[0.41286466382740056, 0.6672856454126727, -0.8892843972478212, 0.5173087557475081]",28.42201358497644,0.760587187305962
"[0.41285563449472046, 0.6672832101197611, -0.8892834099240283, 0.5173113236132822]",28.42202340700955,0.7606500197873586
"[0.41284660588821814, 0.6672807752584626, -0.8892824227882277, 0.5173138910392937]",28.422033230904404,0.7607128522687552
"[0.41283757817132505, 0.6672783408727797, -0.8892814358582642, 0.5173164579791336]",28.42204306468043,0.7607756847501518
"[0.41282855043105915, 0.6672759067164679, -0.8892804490343189, 0.5173190246924477]",28.422052900671883,0.7608385172315484
"[0.41281952216233403, 0.6672734726533495, -0.8892794622611967, 0.5173215913228247]",28.422062731385374,0.760901349712945
"[0.41281049533500586, 0.6672710392144694, -0.8892784757541875, 0.5173241573102894]",28.42207257656331,0.7609641821943416
"[0.41280146835201686, 0.667268605969227, -0.8892774893387378, 0.5173267231088877]",28.422082416782438,0.7610270146757383
"[0.412792441749052, 0.6672661730619988, -0.8892765030733865, 0.5173292885663726]",28.42209226426288,0.7610898471571348
"[0.412783415310704, 0.6672637404346928, -0.8892755169345927, 0.5173318537439933]",28.422102109293782,0.7611526796385315
"[0.4127743897461784, 0.6672613082783889, -0.8892745309998248, 0.5173344184402496]",28.422111963857716,0.7612155121199281
"[0.4127653641571281, 0.6672588763509605, -0.8892735451709384, 0.5173369829104559]",28.42212181925279,0.7612783446013247
"[0.4127563391076983, 0.6672564448043841, -0.8892725595095505, 0.517339546994345]",28.422131679138396,0.7613411770827213
"[0.41274731428806893, 0.667254013555145, -0.8892715739818153, 0.5173421107799766]",28.42214153694296,0.7614040095641179
"[0.4127382887620208, 0.6672515823510378, -0.8892705884855105, 0.5173446745333001]",28.42215139500137,0.7614668420455145
"[0.4127292657383593, 0.6672491520563343, -0.8892696033709786, 0.517347237342913]",28.422161270526082,0.7615296745269111
"[0.4127202412512734, 0.6672467216028175, -0.8892686182052274, 0.5173498003352706]",28.422171135814377,0.7615925070083077
"[0.41271121824341633, 0.6672442917829858, -0.8892676333094996, 0.5173523626746511]",28.422181012421618,0.7616553394897043
"[0.4127021953389301, 0.6672418622262516, -0.8892666485335925, 0.5173549247518442]",28.422190891379866,0.7617181719711009
"[0.41269317221373664, 0.6672394328453723, -0.889265663842143, 0.5173574866588448]",28.42220077098817,0.7617810044524976
"[0.41268414986134433, 0.6672370039077533, -0.8892646793435681, 0.5173600481136554]",28.42221065063542,0.7618438369338941
"[0.41267512744975826, 0.6672345751894169, -0.8892636949470754, 0.5173626093524639]",28.42222053828325,0.7619066694152907
"[0.41266610555614364, 0.6672321468456623, -0.8892627107156341, 0.517365170211492]",28.422230425672844,0.7619695018966874
"[0.41265708428939346, 0.6672297189057806, -0.8892617266611096, 0.5173677306598397]",28.422240320617476,0.762032334378084
"[0.4126480630682954, 0.6672272912132929, -0.8892607427200947, 0.5173702908625194]",28.42225021041502,0.7620951668594805
"[0.41263904225040726, 0.6672248638643926, -0.889259758931586, 0.5173728507180809]",28.422260110487755,0.7621579993408772
"[0.4126300220456831, 0.6672224369155233, -0.8892587753184682, 0.5173754101669906]",28.42227001020379,0.7622208318222738
"[0.41262100147362696, 0.6672200101028546, -0.8892577917738232, 0.5173779694874765]",28.422279913378947,0.7622836643036704
"[0.4126119823797559, 0.6672175839228336, -0.8892568084988604, 0.5173805281559765]",28.422289825643666,0.762346496785067
"[0.4126029621746749, 0.6672151576788728, -0.8892558252112788, 0.5173830869071103]",28.422299731511547,0.7624093292664637
"[0.41259394331834787, 0.6672127320326311, -0.8892548421792394, 0.5173856450430774]",28.422309646669458,0.7624721617478603
"[0.41258492479576914, 0.6672103067110424, -0.8892538592920841, 0.5173882028518482]",28.422319563762237,0.7625349942292569
"[0.41257590619152795, 0.6672078816023749, -0.8892528765045404, 0.5173907604512517]",28.42232948256072,0.7625978267106535
"[0.4125668881238067, 0.6672054568728152, -0.8892518938839719, 0.5173933176660162]",28.422339403788023,0.7626606591920501
"[0.4125578697481743, 0.66720303229531, -0.8892509113383686, 0.5173958747355936]",28.422349324185163,0.7627234916734468
"[0.412548852536215, 0.6672006082654447, -0.8892499290280493, 0.5173984312427743]",28.42235925567573,0.7627863241548433
"[0.41253983581017, 0.6671981846009433, -0.8892489468791568, 0.5174009873797861]",28.42236918976423,0.7628491566362399
"[0.4125308188384683, 0.6671957611051447, -0.8892479648120059, 0.5174035433540328]",28.422379122566813,0.7629119891176366
"[0.4125218027497495, 0.6671933380813562, -0.8892469829495142, 0.5174060988456196]",28.42238906170402,0.7629748215990332
"[0.41251278607543473, 0.6671909151348822, -0.8892460011317522, 0.5174086542708142]",28.42239899967695,0.7630376540804297
"[0.4125037708746686, 0.6671884928190076, -0.8892450195829278, 0.5174112090460719]",28.42240894775897,0.7631004865618264
"[0.41249475534245716, 0.6671860706486857, -0.889244038106504, 0.5174137636829544]",28.42241889188506,0.763163319043223
"[0.4124857400608546, 0.6671836487802894, -0.8892430567658529, 0.5174163180165318]",28.422428843185774,0.7632261515246196
"[0.4124767254034451, 0.6671812273141308, -0.8892420756016299, 0.5174188719409971]",28.42243879393137,0.7632889840060162
"[0.4124677110515835, 0.6671788061645711, -0.8892410945791428, 0.5174214255466658]",28.422448751077095,0.7633518164874128
"[0.41245869684535647, 0.6671763852886317, -0.8892401136809852, 0.5174239788788609]",28.422458709377178,0.7634146489688094
"[0.41244968308699353, 0.66717396476744, -0.8892391329400403, 0.5174265318520096]",28.42246867021112,0.7634774814502061
"[0.41244066994610823, 0.6671715446465105, -0.8892381523747489, 0.5174290844180964]",28.422478634664383,0.7635403139316026
"[0.41243165647532914, 0.6671691246713964, -0.8892371718820442, 0.5174316368454905]",28.422488605790303,0.7636031464129992
"[0.4124226440347004, 0.6671667052072477, -0.8892361916098664, 0.5174341887490459]",28.42249857721036,0.7636659788943959
"[0.4124136319879897, 0.6671642860831898, -0.889235211488993, 0.5174367403089813]",28.422508552809745,0.7637288113757925
"[0.41240461958728886, 0.6671618670984412, -0.8892342314380883, 0.5174392917370659]",28.42251852844969,0.763791643857189
"[0.4123956080634201, 0.6671594485833335, -0.8892332515909945, 0.5174418426848738]",28.422528509972025,0.7638544763385857
"[0.41238659656651355, 0.6671570303097298, -0.8892322718552923, 0.5174443933930261]",28.422538491345918,0.7639173088199823
"[0.41237758548652176, 0.6671546123822475, -0.8892312922733746, 0.5174469437511702]",28.4225484789722,0.7639801413013789
"[0.4123685747579043, 0.66715219478326, -0.8892303128381089, 0.5174494937778902]",28.42255846717261,0.7640429737827755
"[0.41235956415018504, 0.6671497774508972, -0.8892293335244401, 0.5174520435384382]",28.422568463493263,0.7641058062641721
"[0.41235055478080934, 0.6671473606848812, -0.8892283544537987, 0.5174545927166632]",28.422578460447447,0.7641686387455687
"[0.41234154438252757, 0.6671449438770016, -0.8892273753797983, 0.517457141954093]",28.422588453042557,0.7642314712269653
"[0.412332535363513, 0.6671425276731632, -0.8892263965641117, 0.5174596905694239]",28.422598456212707,0.7642943037083619
"[0.4123235263229835, 0.6671401116976151, -0.8892254178545275, 0.5174622389589888]",28.4226084631201,0.7643571361897585
"[0.4123145173780162, 0.6671376959817467, -0.889224439263768, 0.5174647870896724]",28.422618469917673,0.7644199686711552
"[0.41230550888102196, 0.6671352806200013, -0.8892234608301103, 0.5174673348618479]",28.422628477673925,0.7644828011525517
"[0.4122965014723182, 0.6671328657840117, -0.889222482623078, 0.5174698820944637]",28.422638495186952,0.7645456336339483
"[0.4122874937919876, 0.6671304511091414, -0.8892215044949753, 0.51747242917214]",28.422648512966386,0.764608466115345
"[0.4122784863811778, 0.6671280367404424, -0.8892205265045693, 0.5174749759418659]",28.42265853455479,0.7646712985967417
"[0.4122694791867567, 0.6671256226636443, -0.8892195486460881, 0.5174775224186879]",28.42266855231199,0.7647341310781381
"[0.41226047255678927, 0.6671232089719916, -0.889218570957311, 0.517480068504239]",28.422678583000216,0.7647969635595349
"[0.4122514659599747, 0.6671207955230674, -0.8892175933805592, 0.5174826143487415]",28.42268860961542,0.7648597960409315
"[0.4122424598921699, 0.6671183824497071, -0.8892166159696477, 0.517485159812065]",28.422698641817313,0.7649226285223281
"[0.4122334539754915, 0.6671159696506267, -0.8892156386835597, 0.5174877050010439]",28.42270867341728,0.7649854610037247
"[0.41222444901690874, 0.6671135573419736, -0.8892146616098492, 0.517490249687661]",28.42271871390489,0.7650482934851213
"[0.4122154440853393, 0.6671111452742555, -0.889213684647478, 0.5174927941350939]",28.422728753993088,0.7651111259665179
"[0.4122064394296729, 0.6671087335141351, -0.8892127078234491, 0.5174953382730128]",28.422738801642502,0.7651739584479146
"[0.4121974347859637, 0.667106321990894, -0.8892117311091299, 0.517497882176012]",28.42274884678122,0.7652367909293111
"[0.4121884312857308, 0.6671039110074937, -0.8892107546272388, 0.5175004255244909]",28.42275890194415,0.7652996234107077
"[0.412179427328262, 0.6671015001352743, -0.8892097782041615, 0.5175029687706351]",28.422768954295005,0.7653624558921044
"[0.41217042388649655, 0.6670990896347045, -0.8892088019454135, 0.5175055116396693]",28.422779010271963,0.765425288373501
"[0.4121614210333215, 0.6670966795252699, -0.8892078258588825, 0.517508054111029]",28.422789069506507,0.7654881208548975
"[0.41215241816358383, 0.6670942696449248, -0.8892068498789529, 0.5175105963556522]",28.422799128683913,0.7655509533362942
"[0.41214341590941506, 0.6670918601628487, -0.8892058740741487, 0.5175131381950595]",28.422809196529954,0.7656137858176908
"[0.41213441380590893, 0.6670894509545426, -0.8892048983940668, 0.5175156797605829]",28.422819264836644,0.7656766182990874
"[0.4121254120740038, 0.6670870420791335, -0.88920392286265, 0.5175182209898384]",28.42282933900595,0.765739450780484
"[0.4121164109189404, 0.6670846335914841, -0.8892029475021287, 0.5175207618249417]",28.4228394125405,0.7658022832618806
"[0.4121074097232275, 0.6670822253263377, -0.8892019722455876, 0.5175233024402235]",28.422849488904046,0.7658651157432772
"[0.412098409306777, 0.667079817503019, -0.8892009971818552, 0.5175258426042977]",28.422859571284985,0.7659279482246738
"[0.4120894087858829, 0.6670774098850806, -0.8892000222151872, 0.5175283825666006]",28.422869650237903,0.7659907807060704
"[0.4120804086808379, 0.6670750026116765, -0.889199047401944, 0.5175309221803222]",28.422879738851833,0.766053613187467
"[0.41207140900152633, 0.6670725956854042, -0.8891980727431869, 0.5175334614427153]",28.422889828911487,0.7661164456688636
"[0.41206240921835763, 0.6670701889646041, -0.8891970981815605, 0.5175360005032207]",28.4228999193543,0.7661792781502602
"[0.41205341050120037, 0.6670677827620759, -0.8891961238437355, 0.5175385390318311]",28.422910019283737,0.7662421106316568
"[0.41204441213066484, 0.6670653768853908, -0.8891951496517994, 0.5175410772315484]",28.42292011905331,0.7663049431130535
"[0.4120354139586378, 0.6670629712949127, -0.8891941755897134, 0.5175436151441818]",28.422930221706647,0.7663677755944501
"[0.41202641589520694, 0.6670605659665813, -0.8891932016477437, 0.5175461527951086]",28.422940328941316,0.7664306080758466
"[0.41201741800683844, 0.6670581609181467, -0.889192227833086, 0.5175486901655953]",28.42295043205915,0.7664934405572433
"[0.4120084209146162, 0.6670557563155677, -0.8891912542129453, 0.5175512270805454]",28.422960545420214,0.7665562730386399
"[0.41199942402683665, 0.6670533520006562, -0.8891902807232787, 0.5175537637068411]",28.42297066011014,0.7666191055200365
"[0.41199042692208876, 0.6670509478607695, -0.8891893073184939, 0.5175563001633209]",28.422980774257418,0.7666819380014331
"[0.4119814310670875, 0.6670485442877978, -0.8891883341572624, 0.517558836036516]",28.422990899446017,0.7667447704828297
"[0.4119724348038298, 0.6670461408386915, -0.8891873610602146, 0.5175613717938559]",28.42300101936197,0.7668076029642263
"[0.4119634393137066, 0.667043737829051, -0.8891863881551365, 0.5175639071023598]",28.423011145698666,0.7668704354456229
"[0.41195444380403595, 0.6670413350470797, -0.8891854153562876, 0.5175664421854774]",28.423021275004817,0.7669332679270195
"[0.41194544894819163, 0.6670389326726077, -0.8891844427364827, 0.5175689768534695]",28.423031408451777,0.7669961004084161
"[0.41193645441532023, 0.6670365306172193, -0.8891834702599338, 0.517571511199613]",28.42304154550719,0.7670589328898128
"[0.41192745962031296, 0.6670341287246435, -0.8891824978633847, 0.5175740453887793]",28.42305168100616,0.7671217653712095
"[0.4119184658615556, 0.6670317273415485, -0.8891815256871912, 0.5175765790551979]",28.42306182312267,0.767184597852606
"[0.411909472331791, 0.6670293262523385, -0.8891805536440748, 0.5175791124263324]",28.42307197017568,0.7672474303340026
"[0.41190047946298003, 0.6670269255722732, -0.8891795817807145, 0.5175816453805654]",28.423082118543476,0.7673102628153993
"[0.4118914856742736, 0.6670245248793566, -0.8891786099262756, 0.5175841783631391]",28.423092265731814,0.7673730952967959
"[0.4118824935371105, 0.6670221248599317, -0.8891776383586167, 0.5175867106498818]",28.423102422603478,0.7674359277781925
"[0.41187350109885934, 0.6670197249927752, -0.8891766668667442, 0.5175892427907339]",28.423112578401074,0.7674987602595891
"[0.4118645093507819, 0.6670173255423996, -0.8891756955577468, 0.5175917745065965]",28.423122739462755,0.7675615927409857
"[0.4118555171384285, 0.6670149262007243, -0.8891747243069201, 0.5175943061225268]",28.42313289731833,0.7676244252223823
"[0.4118465261226699, 0.6670125274108696, -0.889173753293647, 0.5175968371709677]",28.42314306909829,0.7676872577037789
"[0.41183753480197205, 0.6670101287721819, -0.8891727823557544, 0.5175993680746551]",28.42315323378076,0.7677500901851755
"[0.41182854416250103, 0.6670077305477177, -0.8891718115997329, 0.5176018985560212]",28.423163401283595,0.7678129226665721
"[0.4118195537247012, 0.6670053326095201, -0.8891708409737931, 0.5176044287500702]",28.423173578916767,0.7678757551479687
"[0.4118105638930795, 0.6670029350654106, -0.8891698705215964, 0.5176069585430286]",28.4231837588095,0.7679385876293653
"[0.4118015738814895, 0.6670005377057262, -0.8891689001582775, 0.5176094881561153]",28.423193936121898,0.7680014201107619
"[0.4117925848535685, 0.6669981408407236, -0.8891679300094271, 0.5176120172619516]",28.42320412327374,0.7680642525921586
"[0.4117835954486556, 0.6669957441075592, -0.8891669599281892, 0.5176145462433923]",28.42321430660556,0.7681270850735551
"[0.4117746066249828, 0.6669933477616812, -0.8891659900179725, 0.5176170748308885]",28.423224494107338,0.7681899175549517
"[0.41176561892998387, 0.6669909519489697, -0.8891650203378212, 0.517619602870499]",28.423234693048997,0.7682527500363484
"[0.41175663080727654, 0.6669885562545004, -0.8891640507198096, 0.5176221308000417]",28.42324488873455,0.768315582517745
"[0.41174764336298486, 0.6669861609730812, -0.8891630812832654, 0.5176246583084291]",28.423255087413,0.7683784149991415
"[0.41173865581993546, 0.6669837658975567, -0.8891621119443527, 0.517627185614245]",28.423265289196443,0.7684412474805382
"[0.4117296684948467, 0.6669813711123034, -0.889161142737235, 0.5176297126284493]",28.423275492873614,0.7685040799619348
"[0.4117206821629512, 0.6669789768238163, -0.889160173745498, 0.5176322391331372]",28.423285702642605,0.7685669124433314
"[0.411711695334336, 0.6669765826351303, -0.8891592048084815, 0.5176347655471869]",28.42329591029841,0.768629744924728
"[0.4117027097524529, 0.6669741890106662, -0.889158236114152, 0.5176372913805211]",28.42330613045623,0.7686925774061246
"[0.41169372402358034, 0.6669717955791039, -0.8891572675122446, 0.5176398170249615]",28.423316346194962,0.7687554098875212
"[0.41168473852983967, 0.6669694024422084, -0.8891562990439534, 0.5176423423731159]",28.42332656717872,0.7688182423689179
"[0.41167575354247327, 0.6669670096721826, -0.8891553307385052, 0.5176448673487847]",28.423336789967188,0.7688810748503144
"[0.4116667685051492, 0.6669646171208417, -0.8891543625359422, 0.5176473921083333]",28.42334701240096,0.768943907331711
"[0.41165778431702593, 0.6669622250275731, -0.8891533945331458, 0.5176499163991389]",28.42335723990059,0.7690067398131077
"[0.41164880047098096, 0.6669598332572944, -0.8891524266754604, 0.5176524403637405]",28.42336747372198,0.7690695722945043
"[0.41163981619563156, 0.6669574416046335, -0.8891514588797896, 0.5176549642188556]",28.423377706195676,0.7691324047759008
"[0.411630833481146, 0.6669550505993246, -0.8891504913605015, 0.51765748740546]",28.423387949151724,0.7691952372572975
"[0.4116218498263039, 0.6669526595755652, -0.8891495238481861, 0.5176600106261561]",28.423398189286612,0.7692580697386942
"[0.4116128678331394, 0.6669502692258491, -0.8891485566230676, 0.517662533150156]",28.423408432892515,0.7693209022200908
"[0.41160388481605487, 0.6669478788354348, -0.8891475893959417, 0.5176650557317148]",28.423418680068377,0.7693837347014874
"[0.41159490298767754, 0.6669454889930881, -0.8891466224050504, 0.5176675777495018]",28.42342893004082,0.769446567182884
"[0.41158592135620803, 0.6669430994348453, -0.8891456555435965, 0.5176700994820707]",28.423439182482234,0.7695093996642806
"[0.4115769396255788, 0.6669407100819316, -0.8891446887797124, 0.5176726210125477]",28.42344943704173,0.7695722321456772
"[0.4115679589177924, 0.6669383212327741, -0.8891437222341556, 0.5176751420259887]",28.423459698743425,0.7696350646270738
"[0.41155897805360264, 0.6669359325736381, -0.8891427557800002, 0.5176776628534792]",28.42346995983093,0.7696978971084704
"[0.4115499982927418, 0.6669335444395509, -0.8891417895527977, 0.517680183141445]",28.423480230919754,0.7697607295898671
"[0.41154101754564365, 0.6669311562747757, -0.8891408233277124, 0.5176827034763711]",28.423490493612345,0.7698235620712636
"[0.4115320378940458, 0.6669287686328739, -0.8891398573287198, 0.5176852232740538]",28.423500768475698,0.7698863945526602
"[0.4115230586401491, 0.6669263813282356, -0.889138891480731, 0.5176877427303664]",28.423511041717678,0.7699492270340569
"[0.41151407956796177, 0.6669239943034014, -0.8891379257605083, 0.5176902619059434]",28.423521316028374,0.7700120595154535
"[0.41150510097817333, 0.6669216076382686, -0.8891369602003851, 0.5176927807164556]",28.42353159819808,0.77007489199685
"[0.4114961227512532, 0.6669192213010213, -0.8891359947874972, 0.5176952991954736]",28.423541887373936,0.7701377244782467
"[0.41148714461877256, 0.6669168352202888, -0.8891350294929782, 0.5176978174183136]",28.42355217236467,0.7702005569596433
"[0.411478166356505, 0.6669144493364616, -0.8891340642927263, 0.51770033544788]",28.42356245603764,0.7702633894410399
"[0.4114691893183773, 0.6669120640092857, -0.8891330993322799, 0.5177028529044941]",28.42357275067166,0.7703262219224365
"[0.41146021177085096, 0.6669096787780922, -0.8891321344252902, 0.5177053702743345]",28.423583043386063,0.7703890544038331
"[0.4114512352276779, 0.6669072940450393, -0.8891311697344515, 0.5177078871329575]",28.423593344776236,0.7704518868852297
"[0.4114422588785863, 0.6669049095948104, -0.8891302051726698, 0.5177104037076006]",28.423603644452303,0.7705147193666264
"[0.4114332823101535, 0.6669025253175737, -0.8891292406955258, 0.5177129201141761]",28.42361394950493,0.7705775518480229
"[0.4114243074395891, 0.6669001417224947, -0.8891282765089911, 0.5177154358152927]",28.42362425863447,0.7706403843294195
"[0.4114153316915298, 0.6668977581255499, -0.8891273123363803, 0.5177179515328768]",28.423634566556437,0.7707032168108162
"[0.41140635684492965, 0.6668953749991472, -0.8891263483687933, 0.5177204667683297]",28.423644884813317,0.7707660492922128
"[0.41139738190977326, 0.6668929920803601, -0.8891253844998861, 0.5177229817991459]",28.42365519904354,0.7708288817736093
"[0.41138840770715646, 0.6668906095871608, -0.8891244208178338, 0.5177254963952611]",28.423665520829704,0.770891714255006
"[0.41137943357001205, 0.6668882273424127, -0.8891234572509961, 0.5177280107436264]",28.42367584368967,0.7709545467364026
"[0.4113704591547685, 0.6668858452549095, -0.8891224937624923, 0.5177305249405002]",28.423686163526657,0.7710173792177992
"[0.4113614866691048, 0.6668834639105811, -0.889121530589313, 0.517733038367447]",28.42369649925421,0.7710802116991958
"[0.41135251322150407, 0.6668810825418994, -0.8891205674210503, 0.5177355518345611]",28.423706828197446,0.7711430441805924
"[0.41134353995731304, 0.6668787014528995, -0.8891196043806593, 0.5177380650209348]",28.42371715712489,0.771205876661989
"[0.41133456756286296, 0.6668763208256047, -0.8891186415417857, 0.5177405777344409]",28.42372750146838,0.7712687091433856
"[0.4113255951371702, 0.6668739404209423, -0.8891176788077343, 0.517743090227408]",28.423737835487135,0.7713315416247822
"[0.4113166236629826, 0.6668715604995817, -0.8891167162839423, 0.5177456022246939]",28.42374818225935,0.7713943741061788
"[0.41130765194958524, 0.6668691807456159, -0.8891157538426533, 0.5177481140597311]",28.423758527802377,0.7714572065875756
"[0.411298681361508, 0.6668668015209421, -0.8891147916302372, 0.5177506253505275]",28.42376888122978,0.771520039068972
"[0.41128971012872506, 0.6668644223560749, -0.8891138294568326, 0.5177531365926223]",28.42377923214397,0.7715828715503686
"[0.4112807394686105, 0.666862043573853, -0.8891128674530108, 0.5177556474452493]",28.42378958580345,0.7716457040317654
"[0.41127176969277207, 0.6668596652568406, -0.8891119056521671, 0.5177581578212511]",28.42379994765522,0.771708536513162
"[0.41126279962916995, 0.6668572870942352, -0.889110943928623, 0.5177606680486809]",28.42381030508289,0.7717713689945584
"[0.41125383008315364, 0.6668549092995374, -0.8891099823687241, 0.5177631779021757]",28.423820668991194,0.7718342014759552
"[0.4112448608740679, 0.6668525318248115, -0.8891090209530944, 0.5177656874323256]",28.423831036278223,0.7718970339573518
"[0.41123589180072423, 0.6668501546166963, -0.8891080596601647, 0.5177681966954493]",28.423841406024362,0.7719598664387484
"[0.4112269230100859, 0.6668477777141185, -0.8891070985056849, 0.5177707056504507]",28.42385177894645,0.772022698920145
"[0.41121795565143954, 0.6668454014215838, -0.8891061376127944, 0.5177732139758975]",28.42386216033889,0.7720855314015416
"[0.4112089878340956, 0.6668430252380224, -0.889105176778885, 0.5177757222006915]",28.423872540203945,0.7721483638829382
"[0.41120002016638785, 0.6668406493246245, -0.8891042160691464, 0.5177782301546815]",28.423882918863857,0.7722111963643348
"[0.41119105310768006, 0.6668382738030537, -0.8891032555327818, 0.5177807377094343]",28.42389330961294,0.7722740288457314
"[0.41118208612866275, 0.6668358985330526, -0.8891022951130857, 0.5177832450129957]",28.42390369570125,0.772336861327128
"[0.4111731192125289, 0.6668335235101457, -0.8891013348082608, 0.5177857520700845]",28.42391408437672,0.7723996938085246
"[0.41116415313315363, 0.6668311489392706, -0.8891003747011743, 0.5177882586643614]",28.423924479725528,0.7724625262899213
"[0.4111551875029649, 0.6668287747177067, -0.8890994147503057, 0.51779076490425]",28.423934876958903,0.7725253587713178
"[0.4111462219922267, 0.6668264007581266, -0.8890984549203459, 0.5177932708819263]",28.42394527989558,0.7725881912527145
"[0.4111372564623237, 0.6668240270237747, -0.8890974951964585, 0.5177957766361853]",28.423955682171353,0.7726510237341111
"[0.4111282918728413, 0.6668216537686997, -0.8890965356813519, 0.5177982818988387]",28.423966090447774,0.7727138562155077
"[0.41111932710625104, 0.6668192806969976, -0.8890955762554046, 0.5178007869822442]",28.42397650010015,0.7727766886969043
"[0.4111103627810155, 0.6668169079723625, -0.8890946169848061, 0.517803291713594]",28.42398691154648,0.7728395211783009
"[0.41110139935046003, 0.6668145357147203, -0.8890936579180481, 0.5178057959662816]",28.42399732887577,0.7729023536596975
"[0.41109243561945485, 0.6668121636077333, -0.8890926989272488, 0.5178083000742393]",28.424007749123543,0.7729651861410941
"[0.41108347201733, 0.6668097917650188, -0.8890917400583497, 0.5178108039175219]",28.42401816692067,0.7730280186224907
"[0.41107450954172997, 0.6668074204504862, -0.8890907814180541, 0.5178133072175245]",28.424028592238734,0.7730908511038873
"[0.41106554629216047, 0.6668050491612885, -0.8890898228030822, 0.5178158105050746]",28.42403901525,0.7731536835852839
"[0.41105658452629273, 0.6668026784946665, -0.8890888644548834, 0.5178183131496796]",28.424049450038307,0.7732165160666805
"[0.4110476227528339, 0.6668003080560579, -0.889087906213961, 0.5178208155678573]",28.424059883390996,0.7732793485480771
"[0.411038660851179, 0.6667979378135491, -0.8890869480674273, 0.5178233177932945]",28.424070320837412,0.7733421810294737
"[0.4110296997940069, 0.6667955680243707, -0.8890859901192673, 0.5178258195544281]",28.424080763462925,0.7734050135108704
"[0.4110207384552469, 0.6667931983906767, -0.8890850322490979, 0.5178283211656856]",28.424091199096317,0.7734678459922669
"[0.41101177771376923, 0.6667908291448568, -0.8890840745508601, 0.5178308223817264]",28.424101645723404,0.7735306784736635
"[0.41100281793415594, 0.6667884603832357, -0.8890831170634974, 0.5178333231008515]",28.424112098744803,0.7735935109550602
"[0.410993857890192, 0.6667860917815813, -0.8890821596559628, 0.5178358236653482]",28.424122547130466,0.7736563434364568
"[0.4109848977735036, 0.6667837233905631, -0.8890812023487435, 0.517838324021719]",28.42413299816279,0.7737191759178534
"[0.41097593875366534, 0.6667813555192753, -0.8890802452667852, 0.5178408238436394]",28.424143459583803,0.77378200839925
"[0.41096697953186495, 0.6667789878243962, -0.8890792882713264, 0.5178433234935543]",28.42415391506556,0.7738448408806466
"[0.4109580209049001, 0.6667766205164732, -0.8890783314474764, 0.5178458227491766]",28.424164382430572,0.7739076733620432
"[0.4109490631925207, 0.6667742536799308, -0.8890773748293646, 0.5178483215213665]",28.424174848999606,0.7739705058434398
"[0.4109401050792849, 0.6667718869671675, -0.8890764182765083, 0.5178508201770948]",28.424185321874468,0.7740333383248365
"[0.41093114698507743, 0.6667695204891193, -0.889075461833754, 0.5178533185992364]",28.424195789168603,0.774096170806233
"[0.4109221895511357, 0.6667671544151471, -0.8890745055695598, 0.5178558166089808]",28.424206263797448,0.7741590032876298
"[0.41091323297275534, 0.6667647887967669, -0.8890735495047525, 0.5178583141519298]",28.424216742027042,0.7742218357690263
"[0.4109042756039921, 0.6667624231992372, -0.8890725934636412, 0.5178608116870637]",28.42422722371121,0.7742846682504229
"[0.41089531920587297, 0.6667600580876197, -0.8890716376341864, 0.5178633087233764]",28.42423770824407,0.7743475007318196
"[0.4108863630651127, 0.6667576932734982, -0.8890706819402493, 0.5178658054597859]",28.424248194444502,0.7744103332132162
"[0.4108774075159833, 0.6667553288450923, -0.8890697264174898, 0.5178683018031427]",28.424258684366894,0.7744731656946127
"[0.41086845263320626, 0.6667529648220702, -0.8890687710738627, 0.5178707977326731]",28.424269180557737,0.7745359981760094
"[0.41085949742964617, 0.6667506009438156, -0.8890678158040566, 0.5178732935235287]",28.42427967548274,0.774598830657406
"[0.41085054231171453, 0.666748237317599, -0.8890668606514327, 0.5178757890624477]",28.424290173715445,0.7746616631388026
"[0.41084158823198286, 0.666745874194779, -0.8890659057175777, 0.5178782840840364]",28.424300675740625,0.7747244956201992
"[0.41083263374739026, 0.6667435111944949, -0.8890649508485867, 0.5178807789904043]",28.42431117901056,0.7747873281015958
"[0.41082368066880126, 0.6667411487945575, -0.8890639962375495, 0.5178832732770615]",28.424321693691212,0.7748501605829924
"[0.41081472698275434, 0.6667387864636445, -0.8890630416697745, 0.5178857675049849]",28.424332201526763,0.7749129930643891
"[0.4108057736906351, 0.6667364244659559, -0.8890620872520303, 0.5178882613952184]",28.42434271357163,0.7749758255457856
"[0.41079682087171226, 0.6667340628223615, -0.8890611329927568, 0.5178907549257191]",28.42435323205234,0.7750386580271822
"[0.41078786857447785, 0.6667317015456029, -0.8890601788971102, 0.5178932480830256]",28.424363752268057,0.7751014905085789
"[0.4107789167416524, 0.6667293406205234, -0.889059224958973, 0.5178957408831337]",28.42437427899562,0.7751643229899754
"[0.41076996459555565, 0.6667269798420022, -0.8890582710954762, 0.5178982335426153]",28.424384801132508,0.775227155471372
"[0.410761013028631, 0.6667246194453668, -0.8890573174017112, 0.5179007258129907]",28.424395330825572,0.7752899879527687
"[0.4107520619057522, 0.6667222593949366, -0.8890563638632688, 0.5179032177319258]",28.424405862419004,0.7753528204341653
"[0.41074311107647193, 0.6667198996510005, -0.8890554104641144, 0.5179057093413435]",28.42441639797963,0.7754156529155618
"[0.41073416073105257, 0.6667175402636827, -0.8890544572245046, 0.5179082005883104]",28.42442693494654,0.7754784853969585
"[0.4107252106132864, 0.6667151811654078, -0.8890535041171459, 0.5179106915441721]",28.42443747605789,0.7755413178783551
"[0.4107162605895476, 0.666712822320921, -0.8890525511278076, 0.5179131822461469]",28.424448017741888,0.7756041503597517
"[0.4107073114696586, 0.6667104639436172, -0.8890515983427062, 0.5179156724689038]",28.42445856729287,0.7756669828411483
"[0.41069836174533647, 0.6667081056360002, -0.8890506456012589, 0.517918162632154]",28.424469115896187,0.7757298153225449
"[0.410689413501518, 0.6667057479473915, -0.8890496931254077, 0.5179206521558568]",28.42447966973233,0.7757926478039415
"[0.41068046469636366, 0.6667033903397862, -0.8890487406978022, 0.5179231416080912]",28.424490227845432,0.7758554802853382
"[0.4106715162198877, 0.6667010330476525, -0.8890477884131766, 0.5179256307412723]",28.42450078307676,0.7759183127667347
"[0.41066256825884634, 0.6666986761201436, -0.8890468362913957, 0.5179281195034904]",28.424511344456935,0.7759811452481313
"[0.4106536211456033, 0.6666963196447431, -0.8890458843678054, 0.5179306078023597]",28.42452191096995,0.776043977729528
"[0.41064467374621233, 0.6666939633227603, -0.8890449325217559, 0.5179330959532729]",28.42453247933097,0.7761068102109246
"[0.4106357270776551, 0.6666916074219933, -0.8890439808614331, 0.517935583673443]",28.42454305080509,0.7761696426923211
"[0.4106267801409025, 0.666689251679342, -0.8890430292805676, 0.517938071240684]",28.424553621336347,0.7762324751737179
"[0.4106178339793664, 0.6666868963695065, -0.8890420778901302, 0.5179405583649176]",28.42456419952699,0.7762953076551145
"[0.4106088884127399, 0.6666845414449556, -0.8890411266709277, 0.5179430450963263]",28.424574780291938,0.776358140136511
"[0.4105999420753027, 0.6666821865461523, -0.8890401754777448, 0.5179455318145654]",28.424585357417417,0.7764209726179077
"[0.41059099692633216, 0.6666798321888066, -0.889039224518895, 0.5179480179750502]",28.424595946463146,0.7764838050993043
"[0.4105820523799785, 0.6666774782186414, -0.8890382737320686, 0.5179505037406853]",28.424606538166607,0.7765466375807009
"[0.41057310752380316, 0.6666751243955048, -0.8890373230202759, 0.5179529893650617]",28.424617124672565,0.7766094700620976
"[0.41056416313074423, 0.6666727709227771, -0.889036372465672, 0.5179554746334052]",28.42462771912375,0.7766723025434941
"[0.41055521950327417, 0.6666704178799878, -0.8890354221003848, 0.517957959461724]",28.424638318160557,0.7767351350248907
"[0.4105462752173998, 0.6666680648924725, -0.8890344717731016, 0.5179604442456605]",28.42464891649166,0.7767979675062874
"[0.4105373324968758, 0.6666657125451931, -0.8890335217200848, 0.5179629283674795]",28.424659522796823,0.776860799987684
"[0.4105283888276404, 0.6666633601768004, -0.8890325716742407, 0.5179654125255712]",28.424670126110197,0.7769236324690805
"[0.4105194466779148, 0.6666610084364549, -0.8890316218977524, 0.5179678960343992]",28.424680736622385,0.7769864649504772
"[0.4105105040082054, 0.66665865678773, -0.8890306721739863, 0.5179703794604383]",28.42469134790996,0.7770492974318738
"[0.4105015622755696, 0.666656305613761, -0.8890297226576809, 0.5179728623990772]",28.424701964118828,0.7771121299132703
"[0.41049262046864166, 0.6666539546485718, -0.8890287732414295, 0.5179753451311906]",28.424712580326037,0.777174962394667
"[0.4104836791286689, 0.6666516040344508, -0.8890278239826996, 0.5179778275065072]",28.424723204336296,0.7772377948760636
"[0.41047473835035136, 0.6666492537962099, -0.8890268748915311, 0.5179803094988187]",28.424733830771203,0.7773006273574602
"[0.4104657971727885, 0.6666469036812751, -0.8890259258659244, 0.5179827913748504]",28.424744452394204,0.7773634598388568
"[0.410456857010824, 0.6666445540614824, -0.8890249770560461, 0.5179852727419129]",28.42475508489032,0.7774262923202534
"[0.41044791670256775, 0.6666422046314242, -0.889024028338576, 0.5179877539225302]",28.424765715842383,0.77748912480165
"[0.4104389771904592, 0.6666398556387302, -0.8890230798135164, 0.5179902346551796]",28.424776353479636,0.7775519572830466
"[0.4104300374245829, 0.6666375068074815, -0.8890221313694622, 0.5179927152312472]",28.424786992290542,0.7776147897644432
"[0.4104210988713652, 0.6666351585229249, -0.8890211831619779, 0.5179951952438703]",28.424797636672384,0.7776776222458398
"[0.4104121598062081, 0.6666328103319451, -0.8890202350081103, 0.5179976751715749]",28.424808280699498,0.7777404547272365
"[0.4104032212991625, 0.6666304625156182, -0.8890192870213625, 0.5180001547175102]",28.42481892641233,0.7778032872086331
"[0.4103942829613733, 0.6666281149717936, -0.8890183391604864, 0.5180026339895489]",28.42482957802655,0.7778661196900296
"[0.4103853452797912, 0.6666257678282449, -0.8890173914771101, 0.5180051128527455]",28.42484023203242,0.7779289521714263
"[0.4103764075271916, 0.6666234208940353, -0.8890164438941199, 0.5180075915087399]",28.424850886175292,0.7779917846528229
"[0.41036747020222125, 0.6666210743000546, -0.8890154964643814, 0.5180100698192917]",28.424861544788822,0.7780546171342195
"[0.4103585336903593, 0.6666187281474549, -0.8890145492287406, 0.5180125476775621]",28.424872207363542,0.7781174496156161
"[0.41034959751411954, 0.6666163823108343, -0.8890136021365711, 0.5180150252159837]",28.424882877126816,0.7781802820970127
"[0.4103406611797324, 0.6666140366605273, -0.8890126551355437, 0.5180175025714978]",28.42489354618789,0.7782431145784093
"[0.4103317258796762, 0.6666116915095249, -0.8890117083520164, 0.5180199794135302]",28.424904221741183,0.7783059470598059
"[0.41032278980285325, 0.6666093463824663, -0.8890107615940865, 0.5180224562441289]",28.424914889462027,0.7783687795412025
"[0.4103138541949314, 0.6666070016062438, -0.889009814993741, 0.5180249327180393]",28.42492556526595,0.7784316120225991
"[0.4103049197195473, 0.6666046573549244, -0.8890088686212589, 0.518027408651408]",28.424936247013612,0.7784944445039957
"[0.4102959851706111, 0.6666023133120087, -0.8890079223488733, 0.5180298843785053]",28.42494693056079,0.7785572769853925
"[0.4102870507193017, 0.6665999695224043, -0.8890069761947185, 0.5180323598518942]",28.42495761743492,0.778620109466789
"[0.4102781168216962, 0.6665976261057052, -0.8890060302070867, 0.5180348349452549]",28.424968307267182,0.7786829419481857
"[0.4102691833250928, 0.6665952830218166, -0.8890050843697963, 0.518037309700927]",28.424979000046573,0.7787457744295823
"[0.4102602502626619, 0.6665929402793935, -0.8890041386863504, 0.5180397841097614]",28.424989693317656,0.7788086069109788
"[0.41025131717115826, 0.6665905977569205, -0.8890031931077056, 0.5180422583000971]",28.425000395775243,0.7788714393923755
"[0.41024238430502163, 0.6665882555211015, -0.8890022476607967, 0.5180447322014743]",28.425011093587973,0.7789342718737721
"[0.4102334519501942, 0.6665859136468718, -0.8890013023758799, 0.5180472057347385]",28.42502179773124,0.7789971043551687
"[0.4102245200852485, 0.6665835721285654, -0.8890003572506746, 0.5180496789058655]",28.42503250037096,0.7790599368365653
"[0.4102155883258773, 0.6665812308654026, -0.8889994122445102, 0.5180521518212952]",28.425043213424072,0.7791227693179619
"[0.41020665713909166, 0.6665788899797578, -0.8889984674067903, 0.5180546243517644]",28.425053927401663,0.7791856017993585
"[0.4101977261949285, 0.6665765493851107, -0.8889975227025987, 0.5180570965886521]",28.425064641181255,0.7792484342807551
"[0.4101887955167028, 0.6665742090875388, -0.8889965781343981, 0.518059568525531]",28.425075360448417,0.7793112667621517
"[0.41017986520717503, 0.6665718691139357, -0.8889956337130509, 0.518062040133989]",28.425086082889226,0.7793740992435483
"[0.41017093526409854, 0.6665695294636736, -0.8889946894383115, 0.5180645114146814]",28.425096810108798,0.7794369317249449
"[0.41016200531466324, 0.6665671900390522, -0.8889937452707568, 0.5180669824707984]",28.42510753556099,0.7794997642063416
"[0.41015307602524276, 0.6665648510146097, -0.8889928012808367, 0.5180694531179746]",28.425118267754026,0.7795625966877381
"[0.41014414701582336, 0.6665625122907595, -0.8889918574283641, 0.5180719234613923]",28.425129002800748,0.7796254291691347
"[0.41013521813632997, 0.6665601738281487, -0.8889909136974742, 0.5180743935426132]",28.425139740209524,0.7796882616505314
"[0.4101262895252649, 0.6665578356630388, -0.8889899701028036, 0.5180768633233284]",28.42515047326102,0.779751094131928
"[0.4101173620866047, 0.6665554980320936, -0.8889890267398656, 0.5180793325535428]",28.42516122281222,0.7798139266133246
"[0.4101084337820451, 0.6665531604015598, -0.8889880833932724, 0.5180818017970517]",28.425171964342887,0.7798767590947212
"[0.4100995067164934, 0.6665508233225257, -0.8889871402854234, 0.5180842704717327]",28.4251827130029,0.7799395915761178
"[0.41009057903803664, 0.6665484863101309, -0.8889861972206644, 0.5180867390897412]",28.425193461988066,0.7800024240575144
"[0.41008165267956703, 0.6665461498703137, -0.888985254403168, 0.5180892071166403]",28.425204218581474,0.780065256538911
"[0.4100727264643961, 0.6665438136950144, -0.8889843117086285, 0.5180916748778304]",28.4252149766337,0.7801280890203076
"[0.41006379978593716, 0.6665414776254797, -0.8889833690729954, 0.5180941425410017]",28.425225736816117,0.7801909215017042
"[0.41005487358037046, 0.6665391419066843, -0.8889824265951328, 0.5180966098473744]",28.42523649397835,0.7802537539831009
"[0.410045948421217, 0.6665368066886423, -0.8889814843355734, 0.5180990766384739]",28.425247266188425,0.7803165864644974
"[0.4100370235908965, 0.6665344717835341, -0.8889805422185417, 0.5181015431126933]",28.425258034328824,0.780379418945894
"[0.41002809822648156, 0.6665321369656008, -0.8889796001529534, 0.5181040095085077]",28.425268803518684,0.7804422514272907
"[0.4100191740608641, 0.6665298026881191, -0.8889786583217077, 0.5181064753470891]",28.425279584516844,0.7805050839086873
"[0.4100102492291571, 0.6665274684632622, -0.888977716527986, 0.5181089411437511]",28.4252903567506,0.7805679163900838
"[0.4100013257234027, 0.6665251348119984, -0.8889767749819918, 0.5181114063481537]",28.42530113633164,0.7806307488714805
"[0.4099924018230207, 0.6665228012843207, -0.8889758335021691, 0.5181138714356642]",28.425311920033053,0.7806935813528771
"[0.4099834786447935, 0.6665204681722328, -0.8889748922063401, 0.5181163360978097]",28.425322708746055,0.7807564138342736
"[0.4099745559842693, 0.6665181354222219, -0.8889739510729202, 0.5181188003911116]",28.42533349943629,0.7808192463156703
"[0.4099656333995234, 0.6665158029187171, -0.8889730100552907, 0.5181212644376515]",28.425344293702583,0.780882078797067
"[0.4099567111277126, 0.6665134707236895, -0.8889720691784615, 0.5181237281719567]",28.425355087436692,0.7809449112784635
"[0.40994778891441686, 0.6665111387706082, -0.8889711284156026, 0.518126191664304]",28.425365885488922,0.7810077437598602
"[0.409938867542106, 0.6665088072639418, -0.8889701878492063, 0.5181286546986833]",28.425376686858574,0.7810705762412568
"[0.4099299460655015, 0.6665064759566109, -0.8889692473796061, 0.5181311175361056]",28.425387490370444,0.7811334087226534
"[0.409921024924973, 0.6665041449636759, -0.8889683070532249, 0.5181335800550126]",28.425398298354917,0.7811962412040501
"[0.409912104464153, 0.666501814374862, -0.8889673669062698, 0.5181360421606095]",28.42540910781288,0.7812590736854466
"[0.409903184035198, 0.6664994840208835, -0.8889664268704561, 0.518138504031726]",28.42541991900819,0.7813219061668432
"[0.4098942641180387, 0.6664971540270843, -0.8889654869963542, 0.5181409655359385]",28.42543073891899,0.7813847386482399
"[0.40988534385619574, 0.6664948241697225, -0.888964547193721, 0.5181434269096113]",28.42544155325613,0.7814475711296365
"[0.4098764251545348, 0.6664924949462674, -0.8889636076632282, 0.5181458876271854]",28.425452383384204,0.781510403611033
"[0.40986750570011227, 0.6664901657526253, -0.8889626681612128, 0.5181483483268504]",28.425463204359115,0.7815732360924297
"[0.4098585873781997, 0.6664878370810836, -0.888961728886252, 0.5181508084885181]",28.4254740336301,0.7816360685738263
"[0.40984966856151905, 0.6664855085067075, -0.8889607896669549, 0.518153268561111]",28.425484861094517,0.7816989010552229
"[0.40984075054644026, 0.6664831803679372, -0.8889598506398393, 0.5181557281870695]",28.425495697539564,0.7817617335366195
"[0.40983183315901367, 0.666480852619298, -0.8889589117865684, 0.5181581874144284]",28.425506536222628,0.7818245660180161
"[0.4098229150301763, 0.6664785249034285, -0.8889579729630094, 0.5181606466207272]",28.425517372302007,0.7818873984994127
"[0.4098139982614948, 0.6664761977687669, -0.8889570343903922, 0.5181631052265435]",28.42552821679425,0.7819502309808094
"[0.4098050808522314, 0.6664738706931638, -0.8889560958581123, 0.5181655637835152]",28.42553905724107,0.7820130634622059
"[0.4097961647329143, 0.6664715441803682, -0.888955157569346, 0.5181680217594243]",28.425549909628806,0.7820758959436025
"[0.40978724810998024, 0.6664692177623202, -0.8889542193353384, 0.5181704796487732]",28.425560760508993,0.7821387284249992
"[0.40977833252071083, 0.6664668918400926, -0.8889532813178425, 0.5181729370278153]",28.425571613948158,0.7822015609063958
"[0.40976941704763115, 0.6664645661742719, -0.8889523434203149, 0.5181753941494881]",28.425582471050383,0.7822643933877923
"[0.40976050192895536, 0.66646224082697, -0.8889514056678122, 0.5181778509481613]",28.425593332291186,0.782327225869189
"[0.40975158753781865, 0.6664599158954613, -0.8889504680995688, 0.5181803073210545]",28.42560419825486,0.7823900583505856
"[0.4097426722092197, 0.6664575909454984, -0.8889495305404778, 0.5181827637269598]",28.425615061419826,0.7824528908319821
"[0.4097337579083355, 0.666455266489551, -0.888948593197206, 0.5181852196244263]",28.425625931073295,0.7825157233133788
"[0.40972484421223365, 0.6664529424172583, -0.8889476560252577, 0.5181876751300462]",28.425636805171496,0.7825785557947754
"[0.40971593086263264, 0.6664506186612376, -0.888946718997466, 0.5181901303150047]",28.425647679840385,0.782641388276172
"[0.4097070176837147, 0.6664482951756329, -0.888945782095343, 0.5181925852277443]",28.425658560071195,0.7827042207575686
"[0.40969810479650925, 0.6664459719919291, -0.8889448453316079, 0.5181950398349946]",28.425669441497824,0.7827670532389652
"[0.4096891915242615, 0.6664436489337496, -0.88894390863514, 0.5181974943231022]",28.425680321800463,0.7828298857203618
"[0.40968027974359716, 0.6664413264901404, -0.8889429722031379, 0.5181999481753459]",28.425691208070596,0.7828927182017585
"[0.4096713675846936, 0.6664390041737643, -0.8889420358391108, 0.5182024019066287]",28.425702101331794,0.782955550683155
"[0.4096624554866976, 0.6664366820990547, -0.8889410995892085, 0.5182048553960371]",28.425712987563923,0.7830183831645516
"[0.40965354439359436, 0.6664343605119188, -0.8889401635525863, 0.5182073083837389]",28.42572388712967,0.7830812156459483
"[0.4096446333496964, 0.66643203916332, -0.8889392276288437, 0.5182097611328585]",28.425734786027867,0.783144048127345
"[0.4096357228712964, 0.6664297181877226, -0.8889382918722002, 0.5182122135013131]",28.42574568091877,0.7832068806087414
"[0.40962681231823284, 0.6664273974183486, -0.888937356215425, 0.5182146656653149]",28.425756591299844,0.7832697130901382
"[0.40961790210870186, 0.6664250769640976, -0.8889364207024303, 0.5182171175097937]",28.42576749459268,0.7833325455715348
"[0.4096089923743707, 0.6664227568592161, -0.8889354853470316, 0.5182195689985553]",28.425778406601115,0.7833953780529314
"[0.40960008274209925, 0.6664204370065192, -0.8889345501100507, 0.5182220202342812]",28.42578932073643,0.783458210534328
"[0.40959117367625847, 0.6664181175268552, -0.8889336150402259, 0.5182244710892727]",28.42580023816735,0.7835210430157246
"[0.40958226473507814, 0.6664157983051838, -0.8889326800911822, 0.5182269216850792]",28.425811154477486,0.7835838754971212
"[0.4095733566741544, 0.6664134795381518, -0.8889317453422034, 0.5182293718139062]",28.42582207526422,0.7836467079785178
"[0.40956444803402864, 0.6664111608458565, -0.8889308106401436, 0.5182318218771719]",28.425832997981775,0.7837095404599144
"[0.4095555403835375, 0.6664088426365907, -0.8889298761496048, 0.5182342714434441]",28.425843928337677,0.783772372941311
"[0.4095466327085125, 0.6664065246463683, -0.8889289417641794, 0.51823672079166]",28.42585485821204,0.7838352054227077
"[0.409537725423559, 0.6664042069830576, -0.8889280075273569, 0.5182391698078321]",28.425865789799065,0.7838980379041043
"[0.40952881858844087, 0.6664018896621656, -0.8889270734453955, 0.518241618475567]",28.425876726415794,0.7839608703855008
"[0.4095199118841455, 0.6663995726006601, -0.8889261394848346, 0.5182440668825959]",28.42588766553749,0.7840237028668975
"[0.4095110055392505, 0.6663972558579877, -0.8889252056696391, 0.5182465149660958]",28.42589860459067,0.7840865353482941
"[0.40950209998171494, 0.6663949395453835, -0.8889242720446644, 0.5182489626085185]",28.425909556367944,0.7841493678296907
"[0.4094931942315708, 0.6663926234079625, -0.8889233385071688, 0.5182514100791922]",28.42592050391632,0.7842122003110873
"[0.40948428892373306, 0.6663903076108074, -0.8889224051237079, 0.5182538572036677]",28.42593145672112,0.7842750327924839
"[0.4094753843930204, 0.6663879922409401, -0.8889214719293572, 0.5182563038899799]",28.4259424110462,0.7843378652738805
"[0.40946647881401954, 0.6663856768237131, -0.8889205387328241, 0.5182587506396905]",28.425953361788697,0.7844006977552771
"[0.4094575746020473, 0.6663833619870665, -0.8889196057872044, 0.5182611967892368]",28.42596432353147,0.7844635302366737
"[0.4094486708717376, 0.6663810475007605, -0.8889186729997043, 0.5182636425819088]",28.425975286883766,0.7845263627180703
"[0.4094397672609022, 0.66637873327061, -0.888917740332374, 0.5182660881172284]",28.425986252904494,0.7845891951994669
"[0.4094308640946743, 0.6663764193810895, -0.8889168078192671, 0.5182685333059213]",28.42599722482723,0.7846520276808635
"[0.4094219606761455, 0.6663741056510601, -0.8889158753873914, 0.518270978339399]",28.42600819546784,0.7847148601622601
"[0.40941305761276364, 0.6663717922383618, -0.8889149431003673, 0.5182734230508579]",28.42601916745565,0.7847776926436567
"[0.4094041556601856, 0.6663694793392884, -0.8889140110373013, 0.5182758672328551]",28.426030144555728,0.7848405251250534
"[0.4093952533976979, 0.6663671665846572, -0.8889130790494318, 0.5182783112755214]",28.426041125166428,0.7849033576064499
"[0.40938635135865337, 0.6663648541130345, -0.8889121471926028, 0.5182807550324183]",28.426052105269278,0.7849661900878466
"[0.40937744994621245, 0.6663625420291058, -0.888911215509006, 0.5182831983929099]",28.42606309384917,0.7850290225692432
"[0.40936854919654947, 0.6663602303421954, -0.8889102840024108, 0.5182856413471346]",28.426074082146506,0.7850918550506398
"[0.40935964823912896, 0.6663579188262143, -0.888909352581707, 0.5182880841340115]",28.426085073558113,0.7851546875320364
"[0.40935074809144084, 0.6663556077452991, -0.8889084213533631, 0.5182905264744001]",28.42609607541321,0.785217520013433
"[0.4093418474619229, 0.66635329676411, -0.8889074901822405, 0.5182929687226765]",28.426107068665896,0.7852803524948296
"[0.409332948016405, 0.6663509863151097, -0.8889065592426094, 0.5182954104218072]",28.426118073226746,0.7853431849762262
"[0.4093240485234507, 0.6663486760785434, -0.8889056284056377, 0.5182978519097037]",28.4261290758021,0.7854060174576228
"[0.40931514902284394, 0.6663463660647306, -0.8889046976754926, 0.5183002931754545]",28.426140080648654,0.7854688499390196
"[0.40930624930634374, 0.6663440562196113, -0.8889037670304057, 0.5183027342761866]",28.42615108373243,0.785531682420416
"[0.40929735098668923, 0.6663417469617104, -0.8889028366390048, 0.5183051747695838]",28.426162098763026,0.7855945149018126
"[0.40928845278795273, 0.666339437959831, -0.8889019063678597, 0.5183076150056568]",28.426173115343143,0.7856573473832094
"[0.40927955517812803, 0.6663371293353753, -0.888900976265889, 0.5183100548560957]",28.42618413655364,0.7857201798646058
"[0.4092706572637792, 0.6663348208565085, -0.8889000462396992, 0.5183124945659069]",28.426195155283967,0.7857830123460025
"[0.40926176032363976, 0.6663325128549494, -0.8888991164229383, 0.5183149337845074]",28.426206183497175,0.7858458448273992
"[0.4092528630789647, 0.6663302049989356, -0.8888981866819582, 0.5183173728625144]",28.42621720698869,0.7859086773087957
"[0.40924396613461006, 0.6663278974453501, -0.8888972570799707, 0.5183198116341189]",28.426228235484995,0.7859715097901925
"[0.4092350701228013, 0.6663255903581128, -0.8888963276830167, 0.5183222499260718]",28.42623927087409,0.786034342271589
"[0.4092261740027033, 0.6663232834672551, -0.888895398382347, 0.5183246880236874]",28.426250303399915,0.7860971747529856
"[0.40921727792350626, 0.6663209768114458, -0.8888944691935532, 0.5183271258860921]",28.426261343769152,0.7861600072343823
"[0.4092083822000276, 0.6663186704722995, -0.8888935401495153, 0.5183295634270222]",28.426272387391347,0.7862228397157788
"[0.40919948760744357, 0.6663163646507185, -0.8888926113311688, 0.5183320004341379]",28.426283429467876,0.7862856721971754
"[0.40919059251157036, 0.6663140589230274, -0.8888916825678579, 0.5183344373552121]",28.42629447532515,0.7863485046785721
"[0.40918169837004537, 0.666311753667052, -0.8888907540117758, 0.5183368737909135]",28.426305527633517,0.7864113371599686
"[0.4091728040191029, 0.6663094485810725, -0.8888898255414165, 0.5183393100601269]",28.42631658045504,0.7864741696413652
"[0.4091639106354429, 0.6663071439700555, -0.8888888972796054, 0.5183417458405195]",28.42632763731708,0.7865370021227619
"[0.40915501735037885, 0.6663048396088191, -0.8888879691356582, 0.5183441813700831]",28.426338699533115,0.7865998346041584
"[0.4091461235508513, 0.666302535338523, -0.8888870410456053, 0.5183466168166949]",28.426349755567497,0.7866626670855551
"[0.4091372310834489, 0.6663002316375514, -0.8888861132021346, 0.5183490516747293]",28.426360822888785,0.7867254995669517
"[0.4091283383937467, 0.6662979281031589, -0.8888851854430403, 0.5183514863698542]",28.426371892754585,0.7867883320483482
"[0.4091194459472781, 0.6662956248559329, -0.8888842578168962, 0.5183539207746098]",28.42638295981582,0.7868511645297449
"[0.4091105538025845, 0.6662933219109799, -0.8888833303298052, 0.5183563548730236]",28.426394032136336,0.7869139970111415
"[0.4091016625701377, 0.6662910194263726, -0.8888824030454242, 0.5183587884980115]",28.426405112734255,0.786976829492538
"[0.40909277119093357, 0.6662887171278222, -0.8888814758532995, 0.5183612219394774]",28.42641618923427,0.7870396619739347
"[0.40908388013331165, 0.6662864151365806, -0.8888805488022715, 0.5183636550692574]",28.42642727647381,0.7871024944553313
"[0.4090749894722222, 0.6662841134720207, -0.888879621900147, 0.518366087866867]",28.426438357609136,0.787165326936728
"[0.4090660993670681, 0.6662818121753492, -0.8888786951635331, 0.5183685202887452]",28.426449445764387,0.7872281594181245
"[0.40905720954239044, 0.6662795111752322, -0.888877768563705, 0.5183709524102819]",28.42646053736055,0.7872909918995211
"[0.4090483191423279, 0.6662772102501388, -0.8888768420114653, 0.5183733844656276]",28.426471628766972,0.7873538243809178
"[0.40903943034028406, 0.6662749099625175, -0.8888759157333114, 0.5183758158602719]",28.426482730387555,0.7874166568623143
"[0.4090305411604872, 0.666272609801013, -0.8888749895233372, 0.5183782471347069]",28.426493830035607,0.7874794893437109
"[0.4090216525185738, 0.6662703100025481, -0.8888740634769493, 0.5183806780384983]",28.426504930791697,0.7875423218251076
"[0.40901276370863254, 0.6662680103844244, -0.8888731375206029, 0.5183831087647552]",28.426516032171026,0.7876051543065041
"[0.40900387573768415, 0.6662657112071614, -0.8888722117591923, 0.518385539038096]",28.42652714585759,0.7876679867879008
"[0.4089949876549927, 0.6662634122247713, -0.8888712860936834, 0.5183879691185284]",28.426538253273286,0.7877308192692974
"[0.40898610041574834, 0.6662611136842839, -0.888870360623547, 0.5183903987449278]",28.426549368396905,0.7877936517506939
"[0.4089772131685526, 0.6662588153654565, -0.8888694352601137, 0.518392828150091]",28.426560488684423,0.7878564842320906
"[0.4089683262670348, 0.666256517359718, -0.8888685100402031, 0.5183952572373672]",28.426571608504076,0.7879193167134872
"[0.4089594397228056, 0.6662542196700333, -0.8888675849650164, 0.5183976860036162]",28.426582730170335,0.7879821491948837
"[0.40895055348392517, 0.6662519222829375, -0.8888666600291404, 0.5184001144630633]",28.42659385668855,0.7880449816762806
"[0.40894166794694686, 0.6662496253009034, -0.8888657352738376, 0.5184025425073818]",28.426604985578187,0.7881078141576771
"[0.4089327822630307, 0.6662473285044683, -0.8888648106107606, 0.5184049703685497]",28.4266161180414,0.7881706466390737
"[0.4089238970620686, 0.6662450320564248, -0.888863886105457, 0.5184073978744785]",28.426627250668428,0.7882334791204704
"[0.40891501205770436, 0.6662427358827263, -0.8888629617281234, 0.518409825103434]",28.42663838693616,0.7882963116018669
"[0.408906127374356, 0.6662404400154994, -0.8888620374917007, 0.5184122520214489]",28.426649530886813,0.7883591440832636
"[0.4088972428920382, 0.666238144423698, -0.8888611133837029, 0.5184146786613351]",28.426660671787378,0.7884219765646602
"[0.4088883588609599, 0.6662358491719469, -0.888860189430148, 0.518417104954771]",28.426671819555885,0.7884848090460567
"[0.4088794749779311, 0.6662335541818795, -0.888859265599499, 0.5184195309845913]",28.426682965793532,0.7885476415274534
"[0.4088705917809337, 0.6662312595924298, -0.88885834194769, 0.5184219566039204]",28.426694119797215,0.78861047400885
"[0.4088617086727292, 0.6662289652492894, -0.8888574184126122, 0.5184243819758728]",28.426705272010057,0.7886733064902465
"[0.40885282589862254, 0.6662266712157864, -0.8888564950197678, 0.5184268070334962]",28.42671643148653,0.7887361389716432
"[0.4088439437841422, 0.6662243775759517, -0.8888555718029826, 0.5184292316879526]",28.426727593466918,0.7887989714530398
"[0.40883506164260197, 0.6662220841524068, -0.8888546486908758, 0.5184316561267461]",28.426738757237317,0.7888618039344365
"[0.408826179779081, 0.6662197910239247, -0.8888537257151546, 0.5184340802665969]",28.42674992433753,0.788924636415833
"[0.4088172987963116, 0.6662174983460595, -0.8888528029384374, 0.5184365039430562]",28.42676109619466,0.7889874688972296
"[0.40880841759154, 0.66621520583409, -0.8888518802461357, 0.5184389274571064]",28.426772267714288,0.7890503013786263
"[0.40879953628737353, 0.6662129135196705, -0.8888509576509993, 0.5184413507752794]",28.4267834427154,0.7891131338600228
"[0.40879065593002695, 0.6662106216727902, -0.8888500352616985, 0.518443773612149]",28.426794618875665,0.7891759663414194
"[0.4087817753346231, 0.6662083299876189, -0.8888491129551548, 0.5184461962910182]",28.426805798868315,0.7892387988228161
"[0.4087728960414943, 0.6662060388615969, -0.8888481908913276, 0.518448618391721]",28.426816986138487,0.7893016313042126
"[0.4087640161579837, 0.6662037478063239, -0.8888472688736672, 0.51845104043057]",28.426828170096265,0.7893644637856093
"[0.4087551372015816, 0.6662014572132985, -0.8888463470597371, 0.5184534619936778]",28.42683936455934,0.7894272962670059
"[0.40874625788837604, 0.6661991667512608, -0.8888454253162364, 0.5184558834312392]",28.426850551924954,0.7894901287484024
"[0.408737379411763, 0.6661968767280285, -0.8888445037670458, 0.5184583044178263]",28.426861749295494,0.7895529612297991
"[0.40872850052061527, 0.6661945868208718, -0.8888435822823011, 0.5184607252946196]",28.42687294695112,0.7896157937111957
"[0.40871962284571994, 0.6661922974503363, -0.8888426610312417, 0.5184631456170142]",28.426884145763758,0.7896786261925922
"[0.40871074523610823, 0.6661900083195524, -0.8888417398944117, 0.5184655656988509]",28.426895353814547,0.7897414586739889
"[0.40870186795363206, 0.6661877194960144, -0.888840818898979, 0.5184679854687688]",28.426906559339724,0.7898042911553855
"[0.4086929908858904, 0.6661854309507116, -0.8888398980332781, 0.5184704049574318]",28.426917771399825,0.789867123636782
"[0.4086841142279982, 0.6661831427339104, -0.8888389773175425, 0.5184728241116897]",28.426928984143743,0.7899299561181787
"[0.4086752374728043, 0.6661808547148629, -0.8888380566991686, 0.5184752430697667]",28.426940195073403,0.7899927885995753
"[0.4086663614021112, 0.6661785670950331, -0.8888371362592324, 0.5184776616186625]",28.42695141434229,0.790055621080972
"[0.4086574856024256, 0.6661762797678294, -0.8888362159548435, 0.5184800798710604]",28.426962633846706,0.7901184535623687
"[0.4086486105612698, 0.6661739928587964, -0.8888352958365374, 0.518482497694225]",28.4269738623445,0.7901812860437651
"[0.40863973491190825, 0.6661717060157885, -0.8888343757626211, 0.5184849154604512]",28.426985087967225,0.7902441185251619
"[0.408630860435121, 0.666169419697565, -0.8888334559176894, 0.5184873326847107]",28.42699632237724,0.7903069510065585
"[0.40862198581954307, 0.6661671335662495, -0.8888325361658058, 0.5184897497242169]",28.427007550906904,0.790369783487955
"[0.4086131118209921, 0.6661648478165085, -0.8888316165852979, 0.5184921663731498]",28.427018791020146,0.7904326159693517
"[0.4086042375819534, 0.6661625622274405, -0.8888306970873033, 0.5184945828650552]",28.42703002787358,0.7904954484507483
"[0.408595363640452, 0.6661602769376151, -0.8888297777275728, 0.5184969990534207]",28.42704126825456,0.790558280932145
"[0.40858649100222233, 0.6661579922059273, -0.8888288586102794, 0.518499414664516]",28.427052515791633,0.7906211134135415
"[0.4085776178054694, 0.6661557075529609, -0.888827939542551, 0.5185018302052096]",28.427063761502467,0.7906839458949381
"[0.40856874493842216, 0.6661534232074003, -0.8888270206163978, 0.5185042454337124]",28.42707501314071,0.7907467783763348
"[0.4085598731098357, 0.6661511393516538, -0.8888261019052032, 0.5185066601571565]",28.427086265692754,0.7908096108577313
"[0.4085510008539556, 0.6661488556083621, -0.888825183257177, 0.5185090747745172]",28.427097522092833,0.7908724433391279
"[0.4085421289595673, 0.6661465721805533, -0.8888242647539975, 0.518511489071126]",28.42710878157086,0.7909352758205246
"[0.4085332581613757, 0.6661442892572588, -0.8888233464717071, 0.5185139028471094]",28.427120043477508,0.7909981083019211
"[0.40852438619241516, 0.6661420062550599, -0.8888224281756419, 0.518516316719321]",28.42713130619025,0.7910609407833178
"[0.4085155157379466, 0.6661397238649267, -0.8888215101437399, 0.5185187299571746]",28.427142575222533,0.7911237732647144
"[0.40850664491042166, 0.666137441601133, -0.8888205921806368, 0.5185211430742364]",28.42715384249435,0.7911866057461109
"[0.4084977754332359, 0.6661351599070258, -0.8888196744646593, 0.5185235556017311]",28.42716512130428,0.7912494382275076
"[0.4084889053499005, 0.6661328782792507, -0.8888187567933624, 0.5185259680718691]",28.42717639385268,0.7913122707089042
"[0.40848003578607045, 0.6661305970073542, -0.8888178392832107, 0.5185283801784941]",28.42718767430546,0.7913751031903007
"[0.40847116676537193, 0.6661283160973573, -0.888816921936633, 0.5185307919152323]",28.4271989577382,0.7914379356716974
"[0.4084622979670398, 0.6661260354667294, -0.8888160047204439, 0.5185332033693405]",28.42721024434983,0.791500768153094
"[0.4084534289854569, 0.6661237550111564, -0.8888150875926979, 0.5185356146511111]",28.427221529453046,0.7915636006344907
"[0.40844456054388134, 0.6661214749165808, -0.8888141706281854, 0.5185380255639281]",28.4272328181413,0.7916264331158872
"[0.4084356932824447, 0.6661191953475074, -0.8888132538930675, 0.5185404359338386]",28.427244117457978,0.7916892655972838
"[0.40842682569344, 0.6661169159162965, -0.8888123372314604, 0.5185428461707183]",28.42725541392414,0.7917520980786805
"[0.4084179581599542, 0.6661146367214218, -0.8888114206829753, 0.5185452561704371]",28.427266707949066,0.791814930560077
"[0.4084090912184335, 0.6661123579007291, -0.8888105043030518, 0.5185476657872319]",28.427278013909593,0.7918777630414736
"[0.40840022459850583, 0.6661100793846872, -0.888809588063737, 0.5185500750946166]",28.427289319379028,0.7919405955228703
"[0.40839135779976526, 0.6661078010446893, -0.8888086719133231, 0.5185524842285748]",28.427300625304284,0.7920034280042668
"[0.40838249210225597, 0.6661055232096058, -0.8888077559840579, 0.5185548928413476]",28.427311935562106,0.7920662604856634
"[0.4083736259529016, 0.6661032454803512, -0.8888068401154837, 0.5185573013549291]",28.427323249346163,0.7921290929670601
"[0.4083647607247546, 0.6661009682096608, -0.8888059244494327, 0.5185597093963216]",28.42733456515642,0.7921919254484567
"[0.40835589556729796, 0.6660986911790053, -0.8888050088980445, 0.5185621171965961]",28.42734588762894,0.7922547579298534
"[0.40834703086766133, 0.6660964144877825, -0.8888040935012956, 0.5185645246506401]",28.427357209906166,0.7923175904112499
"[0.408338166261182, 0.6660941380423072, -0.8888031782215249, 0.5185669318575129]",28.427368533803936,0.7923804228926465
"[0.40832930188556243, 0.6660918618779239, -0.8888022630729494, 0.5185693387798337]",28.427379858899783,0.7924432553740433
"[0.4083204387582751, 0.6660895862558268, -0.8888013481605906, 0.5185717451413943]",28.427391196977425,0.7925060878554397
"[0.40831157472684965, 0.6660873106233429, -0.8888004332622547, 0.5185741515266139]",28.427402527663386,0.7925689203368363
"[0.40830271152571823, 0.6660850354257385, -0.8887995185569669, 0.5185765574646374]",28.42741386576439,0.7926317528182331
"[0.4082938487723607, 0.6660827605647652, -0.8887986040052319, 0.5185789630593496]",28.427425208202877,0.7926945852996296
"[0.40828498595652923, 0.6660804859094215, -0.8887976895543955, 0.5185813684492753]",28.427436547800735,0.7927574177810263
"[0.4082761243694842, 0.666078211791071, -0.8887967753376719, 0.5185837732839967]",28.427447895436224,0.7928202502624229
"[0.4082672614492827, 0.6660759375522225, -0.888795861090762, 0.518586178258794]",28.427459239904493,0.7928830827438194
"[0.4082584001205394, 0.6660736639433366, -0.8887949471153522, 0.5185885825800584]",28.427470597061294,0.7929459152252161
"[0.40824953854206286, 0.6660713904919435, -0.8887940332215191, 0.5185909867474141]",28.427481945799254,0.7930087477066127
"[0.40824067802207964, 0.6660691175336177, -0.8887931195441707, 0.518593390405986]",28.42749330737582,0.7930715801880092
"[0.40823181662640184, 0.666066844572183, -0.8887922058838594, 0.5185957940804751]",28.427504659048545,0.7931344126694059
"[0.4082229566261387, 0.6660645721901522, -0.8887912924747452, 0.5185981971548626]",28.42751602582496,0.7931972451508025
"[0.4082140965277067, 0.6660623000043886, -0.8887903791628313, 0.5186006000343131]",28.42752739148934,0.7932600776321992
"[0.4082052368134499, 0.6660600281385786, -0.8887894659978378, 0.5186030025880185]",28.427538759435166,0.7933229101135957
"[0.408196377286271, 0.6660577565421407, -0.8887885529594449, 0.518605404869465]",28.42755013191952,0.7933857425949923
"[0.4081875178327964, 0.6660554851859917, -0.8887876400359696, 0.5186078069094019]",28.42756150764284,0.793448575076389
"[0.40817865905789413, 0.6660532142251656, -0.8887867272897311, 0.5186102085438677]",28.42757288124511,0.7935114075577855
"[0.408169800769596, 0.6660509436103967, -0.8887858147009351, 0.5186126098249559]",28.42758426388034,0.7935742400391821
"[0.4081609423959997, 0.6660486731950654, -0.8887849022106616, 0.5186150109077163]",28.427595647715304,0.7936370725205788
"[0.4081520844653676, 0.6660464031145427, -0.8887839898733246, 0.5186174116489813]",28.427607030599702,0.7936999050019753
"[0.408143226830945, 0.6660441333311888, -0.8887830776738, 0.5186198120885496]",28.427618418536614,0.7937627374833719
"[0.4081343697666948, 0.6660418639151395, -0.8887821656402928, 0.5186222121522417]",28.427629812991555,0.7938255699647686
"[0.4081255125368106, 0.6660395946778606, -0.8887812536970314, 0.5186246120394381]",28.427641203378265,0.7938884024461651
"[0.4081166561283656, 0.6660373258721995, -0.8887803419456394, 0.5186270114827274]",28.42765260651723,0.7939512349275618
"[0.40810779980603507, 0.666035057309738, -0.8887794303104047, 0.5186294106813693]",28.427664004056087,0.7940140674089584
"[0.4080989435611331, 0.666032788988235, -0.8887785187904355, 0.5186318096377283]",28.427675406301105,0.7940768998903549
"[0.4080900877163419, 0.6660305209903093, -0.8887776074189396, 0.5186342082644206]",28.427686810765824,0.7941397323717517
"[0.408081231767987, 0.6660282531869482, -0.8887766961440834, 0.5186366066978841]",28.427698216258207,0.7942025648531482
"[0.40807237739231605, 0.6660259860073346, -0.8887757851383302, 0.5186390044842052]",28.427709632157153,0.7942653973345447
"[0.4080635222631192, 0.6660237188557955, -0.8887748741623326, 0.5186414022533642]",28.427721045744274,0.7943282298159415
"[0.40805466843748567, 0.6660214522589724, -0.8887739634277092, 0.5186437994483726]",28.4277324692986,0.794391062297338
"[0.40804581342715784, 0.6660191855798501, -0.8887730526785128, 0.5186461967429432]",28.42774388072259,0.7944538947787347
"[0.40803696034110004, 0.6660169196142138, -0.8887721422344957, 0.518648593295427]",28.42775531137948,0.7945167272601313
"[0.40802810690292235, 0.6660146537793499, -0.8887712318615332, 0.518650989722111]",28.42776673736904,0.7945795597415278
"[0.4080192529805409, 0.6660123880414709, -0.8887703215460632, 0.5186533860587258]",28.427778161794524,0.7946423922229245
"[0.40801040000853533, 0.6660101227676652, -0.8887694114355785, 0.5186557819170173]",28.427789589457227,0.7947052247043211
"[0.408001547588964, 0.6660078578560511, -0.8887685014891475, 0.5186581774047314]",28.427801026271617,0.7947680571857176
"[0.4079926953254051, 0.6660055932051407, -0.8887675916660142, 0.5186605726292013]",28.427812464803054,0.7948308896671143
"[0.4079838433903269, 0.666003328859042, -0.8887666819839014, 0.5186629675437678]",28.427823908907893,0.794893722148511
"[0.4079749913988281, 0.6660010647192821, -0.8887657724032535, 0.5186653622525765]",28.427835348588918,0.7949565546299077
"[0.40796614048376084, 0.665998801075565, -0.8887648630404626, 0.5186677564492088]",28.427846795864163,0.7950193871113042
"[0.40795728927448965, 0.6659965375773077, -0.8887639537546981, 0.5186701505044605]",28.427858243952528,0.7950822195927008
"[0.4079484384488526, 0.6659942743978375, -0.8887630446155976, 0.5186725442350004]",28.427869690922503,0.7951450520740975
"[0.4079395879923183, 0.6659920115334017, -0.8887621356216598, 0.5186749376447912]",28.42788114743156,0.795207884555494
"[0.40793073773477306, 0.6659897489404734, -0.888761226755408, 0.5186773307798642]",28.42789260669738,0.7952707170368906
"[0.4079218878359999, 0.6659874866598717, -0.888760318033246, 0.5186797235970378]",28.4279040684064,0.7953335495182873
"[0.4079130386858661, 0.6659852247912029, -0.8887594094951903, 0.5186821159909515]",28.4279155312037,0.7953963819996838
"[0.4079041892716292, 0.6659829630755807, -0.8887585010372605, 0.5186845082354239]",28.427926997542176,0.7954592144810804
"[0.40789534059559823, 0.6659807017691459, -0.8887575927623466, 0.5186869000595249]",28.427938465710728,0.7955220469624771
"[0.4078864919232592, 0.6659784406841511, -0.8887566845950468, 0.518689291661832]",28.427949936658116,0.7955848794438736
"[0.40787764371458274, 0.6659761799381059, -0.8887557765825651, 0.5186916829180459]",28.4279614117115,0.7956477119252703
"[0.4078687958515454, 0.6659739195008125, -0.8887548687127805, 0.5186940738601002]",28.427972886608085,0.7957105444066669
"[0.40785994820492416, 0.6659716593392329, -0.8887539609724286, 0.5186964645229332]",28.427984368426415,0.7957733768880634
"[0.407851101476567, 0.665969399632587, -0.8887530534335013, 0.5186988547169706]",28.4279958535762,0.7958362093694601
"[0.40784225378304645, 0.6659671398998005, -0.8887521459027938, 0.5187012449510591]",28.42800733774179,0.7958990418508567
"[0.40783340700384574, 0.6659648806208887, -0.8887512385730951, 0.5187036347174582]",28.428018826887822,0.7959618743322532
"[0.4078245607485499, 0.665962621696081, -0.8887503314043439, 0.5187060241216912]",28.428030319205078,0.7960247068136499
"[0.40781571461215643, 0.6659603630219249, -0.8887494243550004, 0.5187084132731804]",28.428041814003834,0.7960875392950465
"[0.40780686855649867, 0.6659581045886591, -0.888748517421153, 0.5187108021822443]",28.428053310413002,0.7961503717764432
"[0.40779802355340794, 0.6659558466443419, -0.8887476107024225, 0.5187131905864862]",28.428064808571087,0.7962132042578397
"[0.40778917843584117, 0.665953588891007, -0.8887467040791608, 0.5187155788010807]",28.42807631612269,0.7962760367392363
"[0.4077803332610023, 0.6659513313432519, -0.8887457975572396, 0.5187179668105814]",28.428087819462682,0.796338869220633
"[0.4077714889888349, 0.6659490742460432, -0.8887448912350313, 0.5187203543558583]",28.428099332391326,0.7964017017020296
"[0.40776264484010194, 0.6659468174004608, -0.8887439850326693, 0.5187227416473206]",28.428110839361832,0.7964645341834261
"[0.40775380079170154, 0.6659445608005932, -0.8887430789477881, 0.518725128691215]",28.428122359659177,0.7965273666648228
"[0.40774495728291765, 0.6659423045585007, -0.8887421730253855, 0.5187275153689969]",28.428133872446857,0.7965901991462194
"[0.4077361138991049, 0.6659400485683425, -0.8887412672229792, 0.5187299017926192]",28.428145392279752,0.7966530316276161
"[0.407727271033122, 0.6659377929303185, -0.8887403615808019, 0.5187322878560816]",28.42815691370741,0.7967158641090126
"[0.40771842870621633, 0.6659355376497996, -0.8887394561010152, 0.518734673553695]",28.42816844601901,0.7967786965904092
"[0.4077095860860079, 0.665933282514449, -0.8887385506983821, 0.5187370591100693]",28.428179972474087,0.7968415290718059
"[0.40770074396887157, 0.6659310277273646, -0.8887376454544452, 0.5187394443103543]",28.428191504029147,0.7969043615532024
"[0.40769190245444403, 0.665928773313891, -0.8887367403793901, 0.5187418291277329]",28.42820303935441,0.796967194034599
"[0.40768306038738344, 0.6659265189794337, -0.8887358353549528, 0.5187442138738331]",28.428214575045377,0.7970300265159957
"[0.4076742201498255, 0.6659242653312712, -0.8887349306249372, 0.5187465979062384]",28.428226119631727,0.7970928589973922
"[0.4076653786849143, 0.6659220115900866, -0.8887340258764915, 0.5187489820493459]",28.42823765558256,0.7971556914787888
"[0.4076565385711779, 0.6659197584131389, -0.8887331213734806, 0.5187513656078618]",28.428249206210687,0.7972185239601856
"[0.407647697874051, 0.6659175053073144, -0.8887322169179536, 0.5187537491034271]",28.42826075151588,0.797281356441582
"[0.40763885860833127, 0.6659152527860771, -0.8887313127160263, 0.5187561319928541]",28.42827230525869,0.7973441889229788
"[0.4076300186557249, 0.6659130003095024, -0.8887304085510028, 0.5187585148473142]",28.428283859186422,0.7974070214043754
"[0.40762117958657884, 0.6659107482777864, -0.8887295045835015, 0.5187608972434362]",28.4282954159615,0.7974698538857719
"[0.40761234020202036, 0.6659084963854222, -0.8887286006909089, 0.5187632795044075]",28.428306977387226,0.7975326863671686
"[0.4076035016356129, 0.6659062449211611, -0.8887276969891365, 0.5187656613247529]",28.42831853795464,0.7975955188485652
"[0.40759466338852435, 0.6659039937578835, -0.8887267934271654, 0.5187680428389444]",28.428330105540233,0.7976583513299617
"[0.40758582517601577, 0.6659017428230403, -0.8887258899758848, 0.5187704241237261]",28.428341673710314,0.7977211838113584
"[0.40757698772105544, 0.66589949230072, -0.8887249867091874, 0.5187728049843413]",28.428353248370808,0.797784016292755
"[0.4075681502926138, 0.6658972420047198, -0.8887240835523471, 0.5187751856177701]",28.4283648207634,0.7978468487741517
"[0.40755931336263285, 0.6658949920551828, -0.8887231805535895, 0.5187775658969038]",28.428376401809153,0.7979096812555482
"[0.4075504765416512, 0.6658927423529164, -0.8887222776731121, 0.5187799459266743]",28.428387978171223,0.7979725137369448
"[0.4075416402126551, 0.6658904929953848, -0.88872137495004, 0.5187823256039646]",28.428399561675512,0.7980353462183415
"[0.4075328038615492, 0.6658882438516993, -0.8887204723318488, 0.5187847050672396]",28.428411145710268,0.798098178699738
"[0.40752396807714925, 0.6658859950717007, -0.8887195698786812, 0.5187870841579701]",28.428422734570137,0.7981610111811346
"[0.4075151323471076, 0.6658837465249589, -0.8887186675382005, 0.5187894630141378]",28.428434329268725,0.7982238436625313
"[0.40750629725595106, 0.6658814983601891, -0.8887177653700951, 0.5187918414784011]",28.428445921015875,0.7982866761439278
"[0.40749746204977744, 0.6658792503855286, -0.8887168632973764, 0.518794219753737]",28.428457515760492,0.7983495086253246
"[0.40748862772455136, 0.6658770028543369, -0.8887159614217246, 0.5187965975720938]",28.428469118340303,0.7984123411067211
"[0.40747979335706014, 0.6658747555317069, -0.8887150596488804, 0.5187989751819876]",28.42848072420721,0.7984751735881177
"[0.4074709594473862, 0.665872508544824, -0.8887141580298877, 0.5188013524488535]",28.428492326762303,0.7985380060695144
"[0.40746212556702516, 0.6658702617846658, -0.8887132565210076, 0.5188037294880287]",28.428503933921657,0.7986008385509109
"[0.40745329245892753, 0.6658680154401477, -0.8887123551980505, 0.5188061060996361]",28.428515547294307,0.7986636710323075
"[0.4074444591170167, 0.6658657692553875, -0.8887114539583516, 0.5188084825543903]",28.42852715933708,0.7987265035137042
"[0.40743562669156497, 0.6658635235228454, -0.8887105529192632, 0.5188108585428627]",28.428538780288378,0.7987893359951007
"[0.407426793943573, 0.6658612779274617, -0.8887096519543822, 0.51881323439838]",28.42855039961923,0.7988521684764974
"[0.4074179621144255, 0.665859032784806, -0.8887087511903285, 0.518815609787061]",28.42856202200913,0.798915000957894
"[0.4074091295588797, 0.6658567876766234, -0.8887078504593038, 0.5188179851514182]",28.42857364623651,0.7989778334392905
"[0.40740029845601133, 0.6658545431567655, -0.8887069499835197, 0.5188203599054599]",28.428585273832095,0.7990406659206872
"[0.40739146727165937, 0.6658522988352502, -0.8887060496065222, 0.518822734461788]",28.428596905755523,0.7991034984020838
"[0.4073826362924293, 0.6658500547848982, -0.888705149357535, 0.5188251087433505]",28.42860854144024,0.7991663308834803
"[0.40737380595449957, 0.6658478111165047, -0.8887042492810137, 0.5188274826329148]",28.42862017875434,0.799229163364877
"[0.40736497556826734, 0.6658455676548339, -0.8887033493066606, 0.5188298563158799]",28.42863181727956,0.7992919958462736
"[0.4073561454034199, 0.6658433244683462, -0.8887024494619636, 0.5188322297198082]",28.42864346012592,0.7993548283276701
"[0.40734731577860034, 0.6658410816379867, -0.888701549779386, 0.5188346027590464]",28.428655108023275,0.7994176608090668
"[0.40733848619717333, 0.6658388390375611, -0.8887006502083177, 0.5188369755671091]",28.42866675301538,0.7994804932904634
"[0.40732965767651563, 0.6658365969254204, -0.8886997508523956, 0.5188393478706372]",28.42867840875773,0.7995433257718602
"[0.4073208288269875, 0.665834354948609, -0.8886988515700499, 0.5188417200430748]",28.42869006195642,0.7996061582532566
"[0.40731200050420036, 0.6658321133243813, -0.8886979524484323, 0.518844091854544]",28.42870171937528,0.7996689907346533
"[0.4073031724753151, 0.6658298719935765, -0.8886970534638198, 0.518846463367636]",28.42871337633095,0.79973182321605
"[0.4072943442261581, 0.6658276308256387, -0.8886961545638554, 0.5188488347204825]",28.428725039470052,0.7997946556974465
"[0.40728551695093984, 0.6658253901236965, -0.8886952558701265, 0.5188512055923409]",28.428736707105596,0.7998574881788431
"[0.40727668943874373, 0.6658231495803344, -0.8886943572593432, 0.5188535763084781]",28.428748375935925,0.7999203206602398
"[0.4072678623086151, 0.665820909352659, -0.8886934587945239, 0.5188559467026539]",28.42876004369846,0.7999831531416363
"[0.4072590356588265, 0.6658186694655686, -0.8886925604856611, 0.5188583167485161]",28.428771714396827,0.800045985623033
"[0.40725020962902275, 0.6658164299544486, -0.8886916623469515, 0.5188606864086155]",28.428783396771404,0.8001088181044296
"[0.40724138394487797, 0.6658141907496468, -0.8886907643504678, 0.5188630557566445]",28.428795075090825,0.8001716505858261
"[0.4072325580322854, 0.6658119517054895, -0.8886898664377977, 0.5188654249467378]",28.428806758866752,0.8002344830672228
"[0.40722373246021365, 0.6658097129663004, -0.8886889686668296, 0.5188677938261768]",28.428818438520135,0.8002973155486194
"[0.40721490750338885, 0.6658074746017267, -0.8886880710654967, 0.5188701623212588]",28.428830126993603,0.8003601480300159
"[0.4072060829801552, 0.6658052365656416, -0.8886871736153089, 0.518872530480784]",28.428841820524955,0.8004229805114127
"[0.4071972584633646, 0.6658029987496882, -0.8886862762728225, 0.518874898419403]",28.42885351244309,0.8004858129928092
"[0.40718843426784257, 0.6658007612336807, -0.88868537907005, 0.5188772660526552]",28.428865210193973,0.8005486454742059
"[0.407179610010973, 0.6657985239205801, -0.8886844819680896, 0.5188796334832158]",28.428876907060033,0.8006114779556025
"[0.40717078649246424, 0.665796287013113, -0.8886835850482343, 0.5188820004965616]",28.428888610336106,0.800674310436999
"[0.40716196362416157, 0.6657940504888676, -0.8886826883015037, 0.5188843671163992]",28.42890031528445,0.8007371429183957
"[0.40715314087836707, 0.6657918142140348, -0.8886817916742532, 0.5188867334843151]",28.42891202943522,0.8007999753997923
"[0.40714431819325864, 0.6657895781729247, -0.8886808951602027, 0.5188890996169055]",28.428923735302597,0.8008628078811888
"[0.40713549561372736, 0.6657873423769085, -0.8886799987639151, 0.5188914655021316]",28.428935449725614,0.8009256403625855
"[0.40712667383741286, 0.6657851070027319, -0.8886791025562611, 0.5188938309529567]",28.428947165314053,0.8009884728439821
"[0.4071178521916095, 0.6657828718798905, -0.8886782064688882, 0.5188961961497994]",28.4289588848326,0.8010513053253786
"[0.4071090310908433, 0.665780637113377, -0.8886773105438963, 0.5188985609815504]",28.428970609214055,0.8011141378067753
"[0.4071002099775774, 0.6657784025619137, -0.8886764147246538, 0.5189009255977028]",28.428982332188735,0.8011769702881719
"[0.40709138901593434, 0.6657761682670631, -0.8886755190278305, 0.5189032899542692]",28.4289940604071,0.8012398027695686
"[0.40708256849613944, 0.6657739343022968, -0.88867462348289, 0.518905653973495]",28.429005791989727,0.8013026352509651
"[0.40707374842859667, 0.6657717006702148, -0.8886737280908783, 0.5189080176526208]",28.429017526099006,0.8013654677323617
"[0.40706492819083445, 0.6657694672131638, -0.8886728327886033, 0.518910381158473]",28.429029258340677,0.8014283002137584
"[0.40705610909181283, 0.6657672342625305, -0.8886719377089185, 0.5189127441403626]",28.429040999454504,0.8014911326951549
"[0.4070472899753989, 0.6657650015255582, -0.8886710427344694, 0.5189151069080851]",28.42905274186565,0.8015539651765515
"[0.4070384706476907, 0.6657627689531456, -0.8886701478455875, 0.518917469513597]",28.42906448433206,0.8016167976579482
"[0.4070296524692376, 0.6657605368896675, -0.8886692531803142, 0.5189198315924587]",28.429076234217018,0.8016796301393447
"[0.40702083414180107, 0.6657583050064638, -0.8886683586069217, 0.5189221934924664]",28.429087985212824,0.8017424626207414
"[0.40701201587458546, 0.6657560733564775, -0.8886674641466383, 0.5189245551575885]",28.42909973584599,0.801805295102138
"[0.407003198230151, 0.6657538420820406, -0.8886665698565199, 0.5189269164371931]",28.429111491316434,0.8018681275835345
"[0.4069943806967738, 0.6657516110536256, -0.8886656756846578, 0.518929277468348]",28.429123249646164,0.8019309600649313
"[0.40698556419418136, 0.6657493805038911, -0.8886647817243045, 0.5189316380048297]",28.429135014944904,0.8019937925463279
"[0.406976747001883, 0.6657471499975425, -0.8886638878010081, 0.5189339985072933]",28.429146778364036,0.8020566250277243
"[0.4069679306469432, 0.6657449199208475, -0.8886629940695906, 0.5189363585669543]",28.429158545048303,0.8021194575091211
"[0.4069591146304135, 0.6657426901475764, -0.888662100479456, 0.5189387183173909]",28.42917031820634,0.8021822899905177
"[0.4069502984514431, 0.6657404605509996, -0.8886612069798406, 0.5189410778927152]",28.429182087118484,0.8022451224719144
"[0.40694148314538126, 0.6657382313929485, -0.8886603136756663, 0.5189434370158239]",28.429193862713387,0.8023079549533109
"[0.4069326675071401, 0.6657360023686567, -0.8886594204448104, 0.5189457960092454]",28.429205641283698,0.8023707874347075
"[0.4069238530256672, 0.6657337738545299, -0.8886585274381279, 0.5189481544746213]",28.429217426159944,0.8024336199161042
"[0.4069150383849088, 0.6657315455178263, -0.8886576345222743, 0.5189505127640872]",28.429229209153736,0.8024964523975008
"[0.40690622385072894, 0.6657293174257347, -0.888656741724188, 0.5189528708065307]",28.4292409965427,0.8025592848788973
"[0.40689740995385754, 0.6657270897123746, -0.888655849097616, 0.5189552284600041]",28.42925278360021,0.802622117360294
"[0.40688859596368954, 0.6657248621930613, -0.8886549565685616, 0.5189575859199564]",28.429264577756186,0.8026849498416906
"[0.40687978215161136, 0.665722634936345, -0.88865406416451, 0.5189599431138353]",28.429276368999535,0.8027477823230871
"[0.40687096968412606, 0.6657204082369597, -0.8886531720035471, 0.5189622997297013]",28.42928817336451,0.8028106148044838
"[0.4068621563701817, 0.6657181815412393, -0.8886522798638505, 0.5189646563535187]",28.429299971180768,0.8028734472858804
"[0.40685334429174236, 0.6657159553751736, -0.8886513879561678, 0.5189670124286]",28.429311776397554,0.8029362797672771
"[0.4068445320628653, 0.6657137293885856, -0.8886504961402067, 0.5189693683255485]",28.429323582622384,0.8029991122486736
"[0.40683572043468175, 0.6657115037711853, -0.8886496044919805, 0.5189717238435769]",28.429335393573915,0.8030619447300702
"[0.4068269089184228, 0.6657092783994853, -0.8886487129620224, 0.5189740791133728]",28.429347205250323,0.8031247772114669
"[0.40681809785140144, 0.6657070533586424, -0.888647821584456, 0.5189764340448026]",28.429359021617465,0.8031876096928634
"[0.40680928666944816, 0.6657048285061669, -0.888646930302206, 0.5189787887886674]",28.42937084226932,0.80325044217426
"[0.4068004758108003, 0.6657026039526973, -0.8886460391596019, 0.5189811432278638]",28.429382657670725,0.8033132746556567
"[0.40679166527612365, 0.6657003796983662, -0.8886451481567053, 0.5189834973622445]",28.42939447931786,0.8033761071370532
"[0.4067828556178578, 0.6656981558825866, -0.8886442573493664, 0.5189858510442478]",28.429406313744796,0.8034389396184499
"[0.4067740456909105, 0.6656959322162694, -0.8886433666217912, 0.518988204579839]",28.42941814023313,0.8035017720998465
"[0.40676523622801575, 0.665693708884344, -0.8886424760480641, 0.5189905577732816]",28.429429971839276,0.803564604581243
"[0.4067564273767946, 0.6656914859240217, -0.8886415856430939, 0.5189929105851832]",28.42944180840209,0.8036274370626397
"[0.4067476186865965, 0.665689263221524, -0.8886406953613193, 0.5189952631359627]",28.429453645340796,0.8036902695440363
"[0.40673880989694977, 0.6656870407111294, -0.8886398051764189, 0.5189976154951739]",28.42946548540401,0.8037531020254328
"[0.40673000159470285, 0.6656848185408744, -0.8886389151476954, 0.5189999675061262]",28.429477328033272,0.8038159345068295
"[0.4067211941676655, 0.6656825968085379, -0.8886380253143147, 0.5190023190653187]",28.429489174466365,0.8038787669882261
"[0.4067123864422604, 0.665680375218037, -0.888637135557703, 0.5190046704861296]",28.42950102553129,0.8039415994696228
"[0.40670357863843576, 0.6656781538248612, -0.8886362459000906, 0.5190070217098218]",28.429512872421082,0.8040044319510193
"[0.40669477140858795, 0.6656759327935199, -0.8886353564073712, 0.5190093725622643]",28.429524728008015,0.8040672644324159
"[0.4066859653994634, 0.665673712287036, -0.8886344671448352, 0.5190117228708969]",28.429536588264753,0.8041300969138127
"[0.40667715877459554, 0.6656714918422936, -0.8886335779270235, 0.5190140731259004]",28.429548449723466,0.8041929293952091
"[0.40666835279139113, 0.6656692717763188, -0.8886326888809036, 0.5190164229917092]",28.429560312374814,0.8042557618766057
"[0.4066595467517373, 0.6656670519130795, -0.8886317999359884, 0.5190187726546412]",28.429572177002562,0.8043185943580025
"[0.40665074171663235, 0.6656648325199904, -0.8886309111993704, 0.5190211218316381]",28.429584047344857,0.804381426839399
"[0.4066419359589799, 0.6656626131617003, -0.8886300224967248, 0.5190234709835031]",28.429595912824436,0.8044442593207958
"[0.4066331313363989, 0.6656603943063688, -0.8886291340155253, 0.5190258196146911]",28.429607789568475,0.8045070918021923
"[0.4066243270923427, 0.6656581757632724, -0.8886282456794067, 0.5190281679270721]",28.429619668244708,0.8045699242835888
"[0.4066155223984164, 0.6656559573236592, -0.8886273574047898, 0.519030516141603]",28.42963154774164,0.8046327567649856
"[0.40660671826438943, 0.6656537392419389, -0.8886264692935509, 0.5190328639889865]",28.42964342873479,0.8046955892463821
"[0.40659791515309396, 0.6656515216346471, -0.8886255813923531, 0.5190352113458602]",28.429655314814962,0.8047584217277787
"[0.40658911206604087, 0.6656493042502035, -0.8886246936004732, 0.5190375584785167]",28.429667206195116,0.8048212542091754
"[0.40658030857639155, 0.665647086981096, -0.8886238058748763, 0.519039905500754]",28.42967909487684,0.8048840866905719
"[0.4065715061693365, 0.6656448702013549, -0.8886229183653185, 0.5190422520166478]",28.429690993784178,0.8049469191719685
"[0.40656270354724594, 0.6656426535841451, -0.888622030940954, 0.5190445983721531]",28.42970288298939,0.8050097516533652
"[0.40655390162551586, 0.6656404373599475, -0.8886211436940642, 0.5190469443232926]",28.429714787860107,0.8050725841347617
"[0.40654509979726855, 0.6656382213759177, -0.8886202565634643, 0.5190492900318512]",28.429726688737446,0.8051354166161584
"[0.40653629796340573, 0.6656360056070952, -0.8886193695391709, 0.5190516355242438]",28.429738594382616,0.805198249097555
"[0.40652749684357653, 0.665633790234608, -0.8886184826936993, 0.5190539806087323]",28.429750501866966,0.8052610815789515
"[0.40651869648823796, 0.6656315752710791, -0.8886175960321125, 0.5190563252719462]",28.42976241511479,0.8053239140603482
"[0.40650989538120247, 0.6656293603349058, -0.8886167094016548, 0.5190586699178271]",28.429774331105857,0.8053867465417448
"[0.40650109528645295, 0.6656271458699965, -0.8886158229800313, 0.5190610140764657]",28.42978624298383,0.8054495790231413
"[0.40649229513267277, 0.6656249316067173, -0.888614936659317, 0.5190633580332791]",28.42979816307034,0.805512411504538
"[0.40648349507189757, 0.6656227175833194, -0.8886140504548296, 0.5190657017477707]",28.429810083403883,0.8055752439859346
"[0.40647469574169054, 0.6656205039601482, -0.8886131644307638, 0.5190680450501958]",28.42982201138402,0.8056380764673313
"[0.4064658971842223, 0.665618290747777, -0.8886122785913436, 0.5190703879293521]",28.42983394139298,0.8057009089487278
"[0.4064570981715712, 0.6656160776372709, -0.8886113928129413, 0.51907273071227]",28.429845870234086,0.8057637414301244
"[0.40644830017033734, 0.6656138649975081, -0.888610507243191, 0.5190750730084496]",28.42985780144623,0.8058265739115211
"[0.406439501671401, 0.6656116524489143, -0.888609621730187, 0.5190774152197012]",28.429869738664166,0.8058894063929176
"[0.40643070367814377, 0.6656094402437998, -0.8886087363749173, 0.5190797570789235]",28.42988167619376,0.8059522388743142
"[0.40642190616689605, 0.6656072283761658, -0.8886078511749879, 0.5190820985924588]",28.429893620224153,0.8060150713557109
"[0.4064131092518019, 0.6656050168746628, -0.8886069661418688, 0.5190844397299699]",28.4299055649415,0.8060779038371074
"[0.4064043118526327, 0.6656028054677077, -0.8886060811668843, 0.5190867807789545]",28.429917509341948,0.8061407363185041
"[0.40639551527215984, 0.6656005944827573, -0.8886051963810858, 0.5190891213927527]",28.429929460310436,0.8062035687999007
"[0.4063867189011951, 0.6655983837666508, -0.8886043117231848, 0.5190914617334974]",28.429941416409285,0.8062664012812972
"[0.40637792293890357, 0.6655961733694072, -0.8886034272132063, 0.5190938017482299]",28.429953370145828,0.8063292337626939
"[0.4063691270679268, 0.6655939632112473, -0.8886025428192322, 0.5190961415214014]",28.429965325445067,0.8063920662440905
"[0.4063603318981317, 0.6655917534453762, -0.8886016586025732, 0.5190984808908153]",28.429977291096648,0.806454898725487
"[0.40635153686706443, 0.665589543930438, -0.8886007745066736, 0.5191008200061104]",28.429989255821038,0.8065177312068837
"[0.40634274213863464, 0.665587334707579, -0.8885998905480064, 0.519103158823721]",28.43000122290138,0.8065805636882803
"[0.4063339473303922, 0.6655851256807094, -0.8885990066881324, 0.5191054974453682]",28.430013190922452,0.8066433961696768
"[0.40632515313708395, 0.665582917024333, -0.888598122996867, 0.5191078356863019]",28.43002516351898,0.8067062286510737
"[0.4063163595404278, 0.6655807087337291, -0.8885972394723571, 0.5191101735515169]",28.430037141196514,0.8067690611324702
"[0.40630756550326663, 0.6655785005484975, -0.8885963560103969, 0.5191125113166822]",28.430049117862282,0.8068318936138669
"[0.4062987716524334, 0.6655762926260124, -0.8885954726739692, 0.5191148488151855]",28.43006109604702,0.8068947260952635
"[0.40628997874474804, 0.6655740851562391, -0.88859458953908, 0.5191171858459053]",28.43007307844841,0.80695755857666
"[0.406281186679433, 0.665571878113803, -0.8885937065955801, 0.519119522435696]",28.43008506777257,0.8070203910580567
"[0.4062723938995896, 0.6655696711078665, -0.8885928236871204, 0.5191218589983316]",28.43009705645148,0.8070832235394533
"[0.40626360205596834, 0.6655674645527525, -0.8885919409794587, 0.5191241950951607]",28.430109051694178,0.8071460560208498
"[0.40625481013628667, 0.6655652581943603, -0.8885910583709504, 0.5191265309951949]",28.43012104314856,0.8072088885022465
"[0.4062460189037428, 0.6655630522241834, -0.8885901759382056, 0.5191288664956911]",28.430133040836306,0.8072717209836431
"[0.4062372276207676, 0.6655608464571119, -0.8885892936071826, 0.5191312017926214]",28.43014504208947,0.8073345534650398
"[0.4062284369310808, 0.6655586410546266, -0.8885884114424832, 0.5191335367150162]",28.430157047883235,0.8073973859464363
"[0.40621964665898636, 0.6655564359726122, -0.8885875294264634, 0.5191358713095732]",28.430169057457856,0.8074602184278329
"[0.4062108554110207, 0.6655542308615005, -0.8885866474193166, 0.5191382059463892]",28.43018105887445,0.8075230509092296
"[0.40620206551908056, 0.6655520263061862, -0.8885857656549965, 0.5191405400062067]",28.43019306987998,0.8075858833906261
"[0.4061932761066673, 0.66554982208677, -0.8885848840455473, 0.5191428737218329]",28.43020508795724,0.8076487158720227
"[0.406184486824052, 0.66554761811551, -0.8885840025558835, 0.5191452071861589]",28.4302171045087,0.8077115483534194
"[0.40617569771895906, 0.6655454144043506, -0.8885831211907915, 0.5191475403865322]",28.430229123917837,0.8077743808348159
"[0.40616690873917155, 0.6655432109401782, -0.8885822399450338, 0.5191498733368305]",28.430241147396085,0.8078372133162126
"[0.4061581204154066, 0.665541007856009, -0.8885813588718152, 0.5191522058962146]",28.430253173025008,0.8079000457976092
"[0.4061493320222561, 0.6655388049699644, -0.8885804778984036, 0.5191545382572448]",28.43026520061556,0.8079628782790057
"[0.40614054402611316, 0.6655366023989275, -0.8885795970715511, 0.5191568702961624]",28.430277230181627,0.8080257107604024
"[0.406131757092676, 0.665534400309684, -0.888578716457959, 0.51915920183637]",28.430289268855606,0.808088543241799
"[0.4061229692086465, 0.6655321981976656, -0.8885778358558601, 0.5191615334120914]",28.430301302873644,0.8081513757231955
"[0.40611418213064776, 0.6655299965030451, -0.8885769554412882, 0.5191638645572704]",28.430313340418788,0.8082142082045922
"[0.40610539597721573, 0.6655277952554551, -0.8885760752260919, 0.5191661952405235]",28.430325387487663,0.8082770406859888
"[0.40609660989473545, 0.6655255942409912, -0.8885751951247416, 0.5191685256883256]",28.430337432638,0.8083398731673853
"[0.4060878233855844, 0.6655233933349928, -0.888574315087402, 0.5191708560326629]",28.430349481237535,0.808402705648782
"[0.40607903743825996, 0.6655211927850625, -0.8885734352130809, 0.5191731860113653]",28.43036152532468,0.8084655381301786
"[0.40607025255933193, 0.6655189927179745, -0.8885725555524849, 0.5191755154901945]",28.43037358611552,0.8085283706115753
"[0.40606146710514535, 0.665516792722096, -0.8885716759410245, 0.5191778449049891]",28.43038564074237,0.8085912030929718
"[0.40605268242016845, 0.6655145931340781, -0.8885707965133115, 0.5191801738992877]",28.43039770050387,0.8086540355743684
"[0.4060438976735703, 0.665512393745849, -0.888569917186164, 0.5191825026933974]",28.430409761038483,0.8087168680557651
"[0.40603511327195735, 0.6655101946591917, -0.8885690380002814, 0.5191848311795401]",28.430421823665355,0.8087797005371617
"[0.40602632975509106, 0.6655079960091758, -0.8885681590096689, 0.5191871592146904]",28.43043389465684,0.8088425330185582
"[0.40601754565665604, 0.6655057974287304, -0.8885672800675869, 0.519189487187515]",28.430445960753293,0.808905365499955
"[0.40600876249569606, 0.6655035992980457, -0.8885664013260314, 0.5191918146954418]",28.430458039709006,0.8089681979813516
"[0.4059999797093455, 0.6655014014761913, -0.8885655227286684, 0.5191941418876885]",28.430470111396538,0.8090310304627483
"[0.40599119666400935, 0.6654992038046041, -0.888564644212119, 0.5191964689321455]",28.430482188764763,0.8090938629441448
"[0.4059824144889488, 0.6654970065658099, -0.8885637658893301, 0.5191987955296494]",28.430494274222003,0.8091566954255414
"[0.4059736322369675, 0.6654948095227897, -0.8885628876655611, 0.5192011219311655]",28.430506357658658,0.8092195279069381
"[0.40596485024377105, 0.6654926127595093, -0.888562009574384, 0.5192034480477791]",28.430518444272693,0.8092823603883346
"[0.4059560689317498, 0.6654904163815824, -0.8885611316580211, 0.5192057737676501]",28.43053053577697,0.8093451928697312
"[0.4059472873508674, 0.6654882201513657, -0.888560253821489, 0.5192080993424093]",28.430542623387346,0.8094080253511279
"[0.4059385063864067, 0.6654860242902372, -0.8885593761532818, 0.5192104245376359]",28.430554723452307,0.8094708578325244
"[0.4059297256971171, 0.665483828712806, -0.8885584986192798, 0.5192127494437437]",28.4305668183505,0.8095336903139211
"[0.4059209460038745, 0.6654816335992861, -0.8885576212915097, 0.5192150738698935]",28.430578922472762,0.8095965227953177
"[0.4059121657952705, 0.6654794385717588, -0.8885567440189353, 0.5192173982162616]",28.430591024477476,0.8096593552767142
"[0.40590338599541104, 0.6654772438612425, -0.8885558668938967, 0.5192197222382142]",28.430603132158097,0.8097221877581109
"[0.40589460668516264, 0.6654750494879136, -0.8885549899244606, 0.5192220459143781]",28.43061524077876,0.8097850202395075
"[0.40588582736982365, 0.6654728553280749, -0.8885541130612079, 0.5192243693757346]",28.430627353355767,0.809847852720904
"[0.4058770487493277, 0.6654706615566426, -0.8885532363740377, 0.5192266924370514]",28.430639468449638,0.8099106852023007
"[0.4058682699159419, 0.6654684679467462, -0.8885523597722955, 0.5192290153385635]",28.430651582822684,0.8099735176836973
"[0.4058594920990928, 0.6654662748055297, -0.8885514833787345, 0.5192313377550178]",28.43066370557924,0.8100363501650938
"[0.405850713994, 0.6654640818069762, -0.8885506070630744, 0.5192336600316404]",28.43067583184979,0.8100991826464905
"[0.4058419361864734, 0.6654618890974194, -0.8885497308838014, 0.5192359820134663]",28.430687957637584,0.8101620151278871
"[0.40583315897407096, 0.6654596967511472, -0.8885488548706055, 0.5192383036218206]",28.430700085436232,0.8102248476092838
"[0.4058243819965044, 0.6654575046781275, -0.8885479789875179, 0.519240624952037]",28.430712214533262,0.8102876800906803
"[0.405815605256446, 0.6654553128790001, -0.8885471032348017, 0.5192429460034311]",28.430724350090042,0.8103505125720769
"[0.4058068284115454, 0.6654531212682568, -0.8885462275782987, 0.5192452668665485]",28.43073648390709,0.8104133450534736
"[0.405798053213993, 0.6654509302833578, -0.8885453521928004, 0.5192475870781205]",28.430748630040092,0.8104761775348701
"[0.40578927699127537, 0.6654487392570013, -0.8885444768116992, 0.5192499073448005]",28.430760768987493,0.8105390100162667
"[0.40578050128569565, 0.665446548574238, -0.8885436015888453, 0.5192522272588209]",28.430772912523846,0.8106018424976634
"[0.4057717258576522, 0.6654443581752175, -0.8885427265003331, 0.5192545468835557]",28.430785056697268,0.8106646749790599
"[0.40576295139000074, 0.6654421682303301, -0.8885418516142392, 0.5192568660385549]",28.430797213802283,0.8107275074604567
"[0.40575417679935605, 0.6654399784691409, -0.8885409768225319, 0.5192591850102012]",28.430809368447395,0.8107903399418532
"[0.40574540265778647, 0.6654377890343929, -0.8885401021822422, 0.519261503647324]",28.43082152633302,0.8108531724232498
"[0.4057366284777126, 0.6654355998043943, -0.8885392276447638, 0.5192638220787897]",28.4308336821004,0.8109160049046465
"[0.4057278544483254, 0.6654334108263344, -0.8885383532289575, 0.5192661402546178]",28.430845844823082,0.810978837386043
"[0.4057190811186209, 0.6654312222371487, -0.8885374789895238, 0.519268458029784]",28.430858011701513,0.8110416698674396
"[0.4057103081949415, 0.6654290339635064, -0.8885366048971864, 0.5192707754819412]",28.43087017648129,0.8111045023488364
"[0.40570153535747, 0.6654268459256222, -0.888535730920076, 0.5192730926955768]",28.4308823482982,0.8111673348302328
"[0.4056927629935369, 0.6654246582200727, -0.8885348570967742, 0.5192754095684063]",28.430894523952244,0.8112301673116296
"[0.4056839902928353, 0.6654224706447603, -0.8885339833465677, 0.5192777263144542]",28.43090669726103,0.8112929997930262
"[0.4056752184817025, 0.6654202835054553, -0.8885331097915936, 0.5192800426098882]",28.430918876568633,0.8113558322744227
"[0.40566644717791933, 0.6654180967067962, -0.8885322363937669, 0.5192823585556942]",28.43093106047222,0.8114186647558194
"[0.4056576760554073, 0.665415910167452, -0.8885313631206111, 0.519284674237999]",28.430943243800776,0.811481497237216
"[0.4056489046775598, 0.6654137237785746, -0.8885304899286626, 0.519286989772074]",28.430955430456077,0.8115443297186125
"[0.40564013413690947, 0.6654115378124666, -0.8885296169266778, 0.5192893048695255]",28.430967620048854,0.8116071622000092
"[0.40563136370554936, 0.6654093520876466, -0.8885287440421903, 0.5192916197225498]",28.430979811677766,0.8116699946814058
"[0.40562259352843505, 0.6654071666402298, -0.8885278712896241, 0.5192939342928911]",28.430992007205045,0.8117328271628025
"[0.4056138235845976, 0.6654049814649592, -0.8885269986668896, 0.5192962485861099]",28.431004204934656,0.811795659644199
"[0.4056050547384369, 0.6654027967771554, -0.8885261262599757, 0.5192985623741557]",28.431016408336088,0.8118584921255956
"[0.4055962847404677, 0.6654006120163699, -0.8885252538450887, 0.5193008762505902]",28.43102861265155,0.8119213246069923
"[0.40558751604862814, 0.6653984277949012, -0.8885243816667399, 0.5193031895669233]",28.43104081691788,0.8119841570883888
"[0.40557874723562837, 0.66539624375717, -0.8885235095829465, 0.519305502699743]",28.43105302608714,0.8120469895697854
"[0.40556997892625335, 0.6653940600587657, -0.8885226376558437, 0.5193078154842559]",28.431065239269945,0.8121098220511821
"[0.40556121101300047, 0.665391876672874, -0.8885217658747292, 0.5193101279488557]",28.431077453167923,0.8121726545325786
"[0.40555244323843204, 0.6653896935353569, -0.8885208942140022, 0.5193124401614645]",28.43108966943389,0.8122354870139752
"[0.4055436754895751, 0.6653875106180785, -0.8885200226624321, 0.5193147521518762]",28.431101887522818,0.8122983194953719
"[0.40553490866344655, 0.6653853281442961, -0.8885191513091751, 0.5193170636836271]",28.431114111140026,0.8123611519767684
"[0.40552614218896993, 0.6653831459718159, -0.8885182800974515, 0.5193193749073093]",28.431126341200976,0.8124239844581651
"[0.4055173757697487, 0.6653809640268236, -0.8885174089978032, 0.5193216859010974]",28.431138570972184,0.8124868169395617
"[0.40550860968301444, 0.6653787823783035, -0.8885165380377757, 0.5193239965919204]",28.4311508029889,0.8125496494209582
"[0.4054998432357224, 0.6653766008537493, -0.8885156671485173, 0.5193263071624835]",28.431163035283486,0.8126124819023549
"[0.4054910778724162, 0.665374419812628, -0.8885147964735234, 0.5193286172320477]",28.431175275362435,0.8126753143837515
"[0.4054823124884725, 0.6653722389799852, -0.8885139259030591, 0.5193309270918283]",28.431187510952675,0.812738146865148
"[0.4054735475126647, 0.6653700584625198, -0.8885130554797055, 0.5193332366288053]",28.431199753272253,0.8128009793465448
"[0.4054647824961886, 0.6653678781485429, -0.8885121851588916, 0.5193355459612707]",28.43121199962408,0.8128638118279413
"[0.40545601836913275, 0.6653656982693789, -0.8885113150329598, 0.5193378548442051]",28.431224248020186,0.812926644309338
"[0.40544725429970513, 0.6653635186180787, -0.8885104450193154, 0.5193401634967972]",28.431236499831815,0.8129894767907346
"[0.40543848984541164, 0.6653613390846109, -0.8885095750740424, 0.5193424720355855]",28.431248751184736,0.8130523092721311
"[0.4054297266934019, 0.6653591600884843, -0.8885087053645931, 0.5193447800162239]",28.431261008632365,0.8131151417535278
"[0.40542096360055585, 0.6653569813205403, -0.8885078357675723, 0.5193470877661628]",28.431273266914747,0.8131779742349244
"[0.40541220089257485, 0.6653548028617078, -0.8885069663152975, 0.519349395199678]",28.431285531683216,0.8132408067163209
"[0.40540343828858877, 0.6653526246421584, -0.8885060969798958, 0.5193517023907235]",28.43129779569006,0.8133036391977176
"[0.40539467580905086, 0.6653504466669501, -0.8885052277633976, 0.5193540093339372]",28.431310059557315,0.8133664716791142
"[0.40538591394708123, 0.6653482690586118, -0.8885043587147105, 0.5193563158995274]",28.431322331872508,0.813429304160511
"[0.4053771520398625, 0.6653460916523842, -0.8885034897680865, 0.519358622262004]",28.431334605751594,0.8134921366419074
"[0.4053683902992349, 0.6653439145008956, -0.8885026209445379, 0.5193609283656163]",28.43134687971544,0.813554969123304
"[0.4053596290811674, 0.6653417376925649, -0.8885017522793547, 0.519363234116702]",28.43135915735385,0.8136178016047008
"[0.4053508686349667, 0.6653395612892784, -0.8885008837972372, 0.5193655394497003]",28.43137143956271,0.8136806340860973
"[0.4053421080968518, 0.665337385076402, -0.8885000154125449, 0.5193678445919542]",28.43138372483553,0.8137434665674939
"[0.40533334762598927, 0.6653352090934729, -0.8884991471410609, 0.5193701495015784]",28.43139601177096,0.8138062990488906
"[0.40532458747589784, 0.6653330334034346, -0.8884982790079091, 0.5193724541118943]",28.431408301099317,0.8138691315302871
"[0.40531582795990156, 0.6653308580840587, -0.8884974110441285, 0.519374758340514]",28.43142059181692,0.8139319640116837
"[0.4053070690130588, 0.6653286831191669, -0.8884965432432662, 0.5193770622045675]",28.431432887641787,0.8139947964930804
"[0.4052983096749699, 0.665326508270262, -0.8884956755101716, 0.5193793659566804]",28.431445184735743,0.8140576289744769
"[0.4052895506066852, 0.6653243337014693, -0.8884948079103377, 0.5193816694229949]",28.4314574839187,0.8141204614558736
"[0.4052807924445607, 0.6653221595707216, -0.8884939405067808, 0.5193839724362085]",28.43146979108383,0.8141832939372702
"[0.40527203393525574, 0.66531998556686, -0.8884930731753643, 0.5193862753259199]",28.43148209306071,0.8142461264186667
"[0.4052632765516799, 0.6653178120554453, -0.8884922060619379, 0.5193885777048888]",28.431494405144072,0.8143089589000634
"[0.4052545190375555, 0.6653156387246353, -0.8884913390420973, 0.5193908799034391]",28.431506718226633,0.81437179138146
"[0.40524576170993276, 0.6653134656530896, -0.8884904721472356, 0.519393181838242]",28.43151902943063,0.8144346238628565
"[0.40523700462479934, 0.6653112928546888, -0.888489605382892, 0.5193954834945872]",28.431531347045926,0.8144974563442532
"[0.40522824789405826, 0.6653091203571708, -0.8884887387601362, 0.519397784843085]",28.43154366563364,0.8145602888256498
"[0.4052194918107668, 0.6653069482331685, -0.8884878723079579, 0.5194000858067885]",28.431555990676543,0.8146231213070465
"[0.4052107356718513, 0.665304776308265, -0.888487005956779, 0.5194023865704525]",28.43156831525483,0.814685953788443
"[0.4052019796033443, 0.6653026046137042, -0.8884861397190738, 0.5194046871009749]",28.431580643554675,0.8147487862698396
"[0.405193224089915, 0.6653004332696606, -0.8884852736427841, 0.5194069872710447]",28.431592974100553,0.8148116187512363
"[0.40518446861358015, 0.6652982621476466, -0.8884844076766666, 0.5194092872167666]",28.431605304113447,0.8148744512326328
"[0.40517571404920616, 0.6652960914645648, -0.8884835419072371, 0.5194115867083605]",28.43161764286993,0.8149372837140294
"[0.4051669592536266, 0.6652939209369146, -0.8884826762214377, 0.5194138860461446]",28.43162998121602,0.8150001161954261
"[0.4051582051379637, 0.6652917507905813, -0.8884818107093567, 0.5194161849908202]",28.431642323481537,0.8150629486768227
"[0.405149451230485, 0.6652895809085748, -0.8884809453243436, 0.5194184836663149]",28.43165466978069,0.8151257811582194
"[0.40514069727153335, 0.6652874112265098, -0.8884800800407318, 0.5194207821408301]",28.431667016069632,0.8151886136396159
"[0.4051319442993499, 0.6652852420016802, -0.8884792149611327, 0.5194230801417912]",28.431679368672476,0.8152514461210125
"[0.40512319148393805, 0.6652830730283339, -0.8884783500035007, 0.5194253778871573]",28.431691722545676,0.8153142786024092
"[0.40511443837707867, 0.6652809041954015, -0.8884774851235491, 0.5194276754945866]",28.43170407980529,0.8153771110838057
"[0.40510568563334604, 0.6652787356650504, -0.8884766203859594, 0.5194299727922781]",28.43171643736938,0.8154399435652023
"[0.4050969337506505, 0.6652765675605947, -0.8884757558399051, 0.5194322696495872]",28.431728798248145,0.815502776046599
"[0.4050881822381147, 0.6652743997603782, -0.8884748914368782, 0.5194345661953872]",28.431741164414287,0.8155656085279955
"[0.4050794304053588, 0.6652722320933596, -0.8884740271086924, 0.5194368626108727]",28.431753528186107,0.8156284410093921
"[0.40507067898768934, 0.6652700647416657, -0.8884731629279695, 0.5194391587030924]",28.431765896898103,0.8156912734907888
"[0.4050619274600026, 0.6652678975752238, -0.8884722988428561, 0.5194414546098401]",28.431778267534487,0.8157541059721853
"[0.4050531770720128, 0.6652657309034578, -0.888471434976729, 0.5194437500033038]",28.431790643023685,0.815816938453582
"[0.40504442633387516, 0.6652635643574304, -0.8884705711824967, 0.5194460452743318]",28.43180302057136,0.8158797709349787
"[0.40503567605374685, 0.6652613981372147, -0.8884697075399355, 0.519448340210958]",28.43181540048097,0.8159426034163751
"[0.4050269267767303, 0.6652592323776988, -0.8884688441028252, 0.5194506346702715]",28.43182778580718,0.8160054358977719
"[0.40501817669370666, 0.665257066631031, -0.8884679806926313, 0.5194529291267318]",28.43184016649822,0.8160682683791685
"[0.40500942807042767, 0.6652549014579874, -0.8884671175329178, 0.5194552229862295]",28.431852562362337,0.816131100860565
"[0.4050006787623651, 0.6652527363277836, -0.8884662544120918, 0.5194575168110888]",28.431864948611285,0.8161939333419617
"[0.4049919305479747, 0.665250571680501, -0.8884653915055956, 0.5194598101350638]",28.431877347858375,0.8162567658233583
"[0.4049831819060932, 0.6652484071397096, -0.8884645286633768, 0.519462103356955]",28.43188974111043,0.816319598304755
"[0.40497443391631993, 0.6652462429724924, -0.8884636659919134, 0.5194643961937957]",28.431902142192335,0.8163824307861515
"[0.4049656861410726, 0.6652440790705643, -0.8884628034480418, 0.5194666887603016]",28.43191454302759,0.8164452632675481
"[0.4049569383998304, 0.6652419153892478, -0.8884619410139638, 0.5194689811038008]",28.4319269486433,0.8165080957489448
"[0.4049481915639812, 0.6652397521440307, -0.8884610787755759, 0.519471272995985]",28.431939357684218,0.8165709282303413
"[0.4049394449507143, 0.6652375891659897, -0.8884602166655531, 0.5194735646158155]",28.43195177207941,0.8166337607117379
"[0.404930698350953, 0.6652354264034045, -0.888459354663288, 0.519475856018083]",28.43196418340903,0.8166965931931346
"[0.404921951981001, 0.6652332639097411, -0.8884584927900983, 0.5194781471461353]",28.43197659662463,0.8167594256745311
"[0.4049132055653616, 0.6652311016168702, -0.888457631018838, 0.5194804380721487]",28.431989016485865,0.8168222581559279
"[0.4049044598306966, 0.6652289397044, -0.8884567694210972, 0.5194827286058235]",28.43200144007513,0.8168850906373244
"[0.404895715108323, 0.6652267782541629, -0.8884559080294899, 0.5194850186604506]",28.4320138658912,0.8169479231187209
"[0.4048869695448149, 0.6652246168080291, -0.8884550466614473, 0.5194873087214122]",28.43202629090646,0.8170107556001177
"[0.40487822499331955, 0.6652224558239803, -0.8884541854994925, 0.519489598303469]",28.432038720245345,0.8170735880815142
"[0.4048694806458556, 0.6652202951022951, -0.8884533244640372, 0.5194918876182203]",28.432051156262823,0.8171364205629108
"[0.4048607363776344, 0.6652181346121142, -0.8884524635427933, 0.5194941766983556]",28.432063588737268,0.8171992530443075
"[0.4048519920911015, 0.6652159743293289, -0.88845160272616, 0.5194964655694138]",28.432076025952295,0.817262085525704
"[0.4048432484649943, 0.6652138144215834, -0.8884507420809475, 0.5194987540537643]",28.432088466379174,0.8173249180071007
"[0.4048345052923847, 0.6652116548377137, -0.8884498815867724, 0.5195010422056101]",28.43210090851632,0.8173877504884973
"[0.4048257623029983, 0.6652094955109187, -0.8884490212170275, 0.5195033300957227]",28.432113359395977,0.8174505829698938
"[0.4048170198172792, 0.6652073365203184, -0.8884481610032391, 0.5195056176402644]",28.43212580858107,0.8175134154512905
"[0.4048082769164352, 0.6652051776390033, -0.8884473008550059, 0.5195079050796497]",28.432138256281906,0.8175762479326871
"[0.4047995348786855, 0.6652030191825621, -0.8884464408980792, 0.5195101920794924]",28.432150711758542,0.8176390804140836
"[0.4047907934747272, 0.6652008610943287, -0.8884455811098798, 0.5195124786998236]",28.43216317270124,0.8177019128954803
"[0.4047820513123133, 0.665198703030573, -0.8884447213534759, 0.5195147653048409]",28.43217562963716,0.8177647453768769
"[0.40477331006312844, 0.6651965454039472, -0.8884438617932727, 0.5195170514573073]",28.4321880927802,0.8178275778582734
"[0.4047645692075509, 0.6651943880861356, -0.888443002378155, 0.5195193372931745]",28.432200559080435,0.8178904103396701
"[0.4047558287228605, 0.6651922310714948, -0.8884421431058803, 0.5195216228184146]",28.432213027300353,0.8179532428210667
"[0.40474708843804097, 0.6651900743177804, -0.8884412839596292, 0.5195239080777843]",28.432225502091537,0.8180160753024635
"[0.4047383483870495, 0.6651879178333577, -0.8884404249427376, 0.5195261930624114]",28.432237973853816,0.8180789077838599
"[0.4047296085071577, 0.6651857616027389, -0.8884395660490373, 0.5195284777887007]",28.432250447674914,0.8181417402652565
"[0.4047208690387065, 0.6651836056851337, -0.8884387073021411, 0.5195307621939105]",28.432262929585427,0.8182045727466533
"[0.4047121300584221, 0.6651814500994839, -0.8884378487095774, 0.5195330462579593]",28.43227541281957,0.8182674052280497
"[0.404703391106415, 0.6651792947322989, -0.8884369902261575, 0.5195353301010978]",28.432287896609328,0.8183302377094464
"[0.40469465235701657, 0.6651771396265631, -0.8884361318690075, 0.5195376136777731]",28.432300380864678,0.8183930701908431
"[0.40468591411509164, 0.6651749848574244, -0.8884352736680649, 0.5195398969083506]",28.43231287243254,0.8184559026722396
"[0.404677176362085, 0.6651728304202605, -0.8884344156214934, 0.5195421797977214]",28.432325365900546,0.8185187351536363
"[0.4046684384392949, 0.6651706761526376, -0.8884335576646079, 0.519544462517998]",28.432337863207067,0.8185815676350329
"[0.4046597009985163, 0.6651685222152278, -0.8884326998614055, 0.5195467448989218]",28.432350359084122,0.8186444001164294
"[0.4046509642093506, 0.6651663686497916, -0.8884318422285209, 0.5195490268962343]",28.432362861730756,0.8187072325978261
"[0.40464222734500493, 0.6651642152771504, -0.8884309846946048, 0.5195513086997938]",28.432375367885378,0.8187700650792227
"[0.4046334903863221, 0.6651620620925733, -0.8884301272577837, 0.5195535903146081]",28.43238786925053,0.8188328975606192
"[0.4046247543371005, 0.6651599093434074, -0.8884292700165602, 0.5195558714785696]",28.432400380781516,0.8188957300420159
"[0.40461601822952065, 0.6651577567911301, -0.888428412875954, 0.5195581524444222]",28.43241289347733,0.8189585625234125
"[0.40460728283283254, 0.6651556046252222, -0.8884275559114319, 0.519560433011376]",28.432425408878483,0.8190213950048092
"[0.40459854750109503, 0.6651534526865217, -0.888426699059618, 0.5195627133480805]",28.432437926537094,0.8190842274862058
"[0.40458981227908675, 0.6651513009860484, -0.8884258423249046, 0.5195649934428532]",28.432450447399436,0.8191470599676023
"[0.40458107805225574, 0.6651491497418537, -0.8884249857941198, 0.5195672730646236]",28.432462973669022,0.819209892448999
"[0.4045723433509964, 0.6651469985919395, -0.8884241293231412, 0.5195695525969872]",28.432475494635074,0.8192727249303956
"[0.40456360918656337, 0.665144847785351, -0.8884232730111292, 0.5195718317760287]",28.432488025502096,0.8193355574117921
"[0.40455487513036015, 0.6651426972165085, -0.8884224168160565, 0.5195741107136237]",28.432500554713293,0.8193983898931888
"[0.40454614158450186, 0.6651405469843955, -0.888421560777336, 0.5195763893048734]",28.432513086602412,0.8194612223745854
"[0.40453740817880557, 0.6651383969978277, -0.888420704858676, 0.5195786676463995]",28.43252562528103,0.8195240548559819
"[0.40452867542194254, 0.6651362473820039, -0.8884198491099196, 0.519580945605521]",28.43253816571481,0.8195868873373786
"[0.40451994296868954, 0.665134098051893, -0.8884189934972249, 0.5195832232723395]",28.432550708334063,0.8196497198187752
"[0.4045112103631183, 0.665131948895267, -0.888418137975921, 0.5195855007657781]",28.43256325305128,0.8197125523001719
"[0.4045024781474751, 0.6651298000455558, -0.8884172825991316, 0.5195877779444336]",28.432575800760038,0.8197753847815684
"[0.4044937467539111, 0.6651276516090523, -0.8884164274091715, 0.5195900546956572]",28.432588353853053,0.819838217262965
"[0.4044850153593409, 0.6651255033831864, -0.8884155723254149, 0.5195923312341112]",28.432600908221538,0.8199010497443617
"[0.40447628374604117, 0.6651233553143927, -0.8884147173265469, 0.5195946076165552]",28.432613459743973,0.8199638822257582
"[0.40446755267589496, 0.6651212075900799, -0.888413862487171, 0.5195968836443798]",28.43262602002941,0.8200267147071548
"[0.40445882212843753, 0.6651190602051664, -0.8884130078052679, 0.5195991593229629]",28.432638577350858,0.8200895471885515
"[0.4044500918735527, 0.66511691310301, -0.8884121532583015, 0.5196014347123237]",28.432651145543012,0.820152379669948
"[0.4044413615330247, 0.6651147661905797, -0.8884112988092503, 0.5196037099110464]",28.432663711182844,0.8202152121513447
"[0.4044326317299345, 0.6651126196210736, -0.8884104445190935, 0.5196059847567721]",28.432676279548577,0.8202780446327413
"[0.4044239023658127, 0.6651104733702305, -0.8884095903781813, 0.5196082592752049]",28.432688852136714,0.8203408771141378
"[0.40441517340130234, 0.6651083274283379, -0.8884087363826527, 0.5196105334766309]",28.43270142759998,0.8204037095955345
"[0.40440644445272406, 0.6651061817010456, -0.8884078824949676, 0.5196128074610331]",28.432714005978884,0.8204665420769311
"[0.40439771619830595, 0.665104036355046, -0.8884070287814635, 0.5196150810517485]",28.432726590999383,0.8205293745583276
"[0.4043889874046576, 0.6651018910871543, -0.8884061751215042, 0.5196173545700806]",28.432739167137985,0.8205922070397244
"[0.40438026012890393, 0.6650997464028883, -0.8884053217162602, 0.5196196274802841]",28.432751756160073,0.820655039521121
"[0.4043715320273353, 0.6650976017262892, -0.8884044683365404, 0.5196219003927445]",28.43276434368533,0.8207178720025177
"[0.40436280440443956, 0.6650954573778883, -0.8884036151099015, 0.5196241729677611]",28.432776935988027,0.8207807044839142
"[0.40435407762485337, 0.6650933134472145, -0.8884027620719716, 0.519626445110444]",28.432789528084747,0.8208435369653108
"[0.4043453503719921, 0.6650911696108, -0.8884019090940531, 0.5196287171635985]",28.432802123628708,0.8209063694467075
"[0.40433662406250714, 0.6650890262166352, -0.8884010563146016, 0.5196309887584153]",28.432814726309065,0.820969201928104
"[0.4043278978199811, 0.6650868830493434, -0.8884002036479559, 0.5196332601231488]",28.432827328243896,0.8210320344095006
"[0.4043191719379015, 0.6650847401810424, -0.8883993511227904, 0.5196355311813579]",28.432839933575497,0.8210948668908973
"[0.4043104462935983, 0.6650825975815536, -0.8883984987271133, 0.5196378019650215]",28.432852542364866,0.8211576993722939
"[0.40430172089672967, 0.6650804552532259, -0.8883976464618649, 0.5196400724716435]",28.432865150963355,0.8212205318536904
"[0.4042929961146845, 0.6650783132862146, -0.8883967943629192, 0.5196423426056683]",28.43287776429595,0.8212833643350871
"[0.4042842710379743, 0.665076171457223, -0.8883959423414504, 0.5196446126037471]",28.43289038154595,0.8213461968164837
"[0.40427554679534516, 0.6650740300433043, -0.8883950905076777, 0.5196468821722415]",28.43290299857898,0.8214090292978804
"[0.4042668226065751, 0.6650718888529065, -0.8883942387854091, 0.5196491515141604]",28.432915622146012,0.8214718617792769
"[0.4042580986511935, 0.6650697479300718, -0.8883933871921711, 0.5196514205828195]",28.4329282394812,0.8215346942606735
"[0.4042493750228605, 0.665067607297756, -0.8883925357371005, 0.5196536893538826]",28.432940873992457,0.8215975267420702
"[0.4042406520555339, 0.6650654670378606, -0.8883916844527799, 0.5196559577405384]",28.43295349878898,0.8216603592234667
"[0.40423192903801336, 0.6650633269758548, -0.8883908332697962, 0.51965822592776]",28.432966134863037,0.8217231917048633
"[0.4042232059512358, 0.6650611871070571, -0.8883899821862955, 0.5196604939205037]",28.43297876364277,0.82178602418626
"[0.40421448375575436, 0.6650590476670616, -0.8883891312959862, 0.5196627614690619]",28.43299140549069,0.8218488566676565
"[0.4042057616366971, 0.6650569084559464, -0.8883882805193606, 0.5196650287853214]",28.433004046643273,0.8219116891490532
"[0.40419703953032576, 0.6650547694580671, -0.8883874298502047, 0.5196672958858577]",28.433016687188935,0.8219745216304498
"[0.40418831812165784, 0.6650526308413796, -0.8883865793553201, 0.5196695625926496]",28.43302933516036,0.8220373541118463
"[0.4041795968200985, 0.6650504924610342, -0.8883857289771034, 0.5196718290592146]",28.433041981367488,0.822100186593243
"[0.4041708756309759, 0.6650483543183173, -0.8883848787160747, 0.5196740952841842]",28.433054632571082,0.8221630190746396
"[0.40416215548957357, 0.6650462166424248, -0.8883840286634017, 0.5196763610246282]",28.43306728729897,0.8222258515560361
"[0.4041534349509379, 0.6650440790791765, -0.888383178678221, 0.5196786266559347]",28.43307994567761,0.8222886840374328
"[0.40414471454775536, 0.6650419417591167, -0.8883823288124629, 0.5196808920397346]",28.433092601659173,0.8223515165188294
"[0.40413599491978736, 0.6650398048390043, -0.8883814791284651, 0.519683157009869]",28.43310526251096,0.8224143490002261
"[0.4041272757214574, 0.665037668234096, -0.888380629592535, 0.5196854216561522]",28.433117929672076,0.8224771814816226
"[0.4041185564974098, 0.6650355318327836, -0.8883797801603038, 0.5196876860968745]",28.43313060164652,0.8225400139630192
"[0.4041098376138606, 0.6650333957247792, -0.8883789308674476, 0.5196899502369416]",28.433143269354943,0.822602846444416
"[0.4041011190643592, 0.6650312599084661, -0.8883780817133298, 0.51969221407806]",28.433155944777376,0.8226656789258124
"[0.4040924007054274, 0.6650291243486696, -0.8883772326839718, 0.519694477657507]",28.433168619683784,0.822728511407209
"[0.4040836829884209, 0.6650269891559085, -0.8883763838233181, 0.5196967408581313]",28.433181297217093,0.8227913438886058
"[0.40407496497297685, 0.6650248540998501, -0.8883755350398019, 0.5196990039240683]",28.433193975951394,0.8228541763700022
"[0.40406624787135687, 0.6650227194773239, -0.8883746864514426, 0.5197012665406867]",28.43320666283873,0.8229170088513988
"[0.4040575305906876, 0.665020585020697, -0.8883738379518427, 0.5197035289916587]",28.433219348236676,0.8229798413327956
"[0.4040488132627086, 0.6650184507622177, -0.8883729895538338, 0.5197057912427977]",28.433232036163265,0.823042673814192
"[0.4040400967835062, 0.6650163169212348, -0.8883721413446162, 0.5197080530615936]",28.433244727402784,0.8231055062955889
"[0.40403138057825305, 0.6650141833569787, -0.8883712932682367, 0.5197103145972518]",28.43325742410118,0.8231683387769854
"[0.40402266439536705, 0.6650120500078458, -0.8883704453002171, 0.5197125759150641]",28.43327011813276,0.8232311712583819
"[0.4040139489618245, 0.6650099170517315, -0.8883695975112719, 0.5197148368264586]",28.433282824378832,0.8232940037397787
"[0.40400523373685066, 0.6650077843562567, -0.8883687498487851, 0.519717097471747]",28.433295524845253,0.8233568362211752
"[0.4039965187523824, 0.6650056519291812, -0.8883679023158595, 0.5197193578427006]",28.433308229445903,0.8234196687025718
"[0.40398780378084603, 0.6650035197148304, -0.888367054890364, 0.5197216179983257]",28.43332093810825,0.8234825011839685
"[0.4039790891874787, 0.6650013878025329, -0.8883662076078108, 0.5197238778439289]",28.433333648934756,0.823545333665365
"[0.40397037497102667, 0.664999256191943, -0.8883653604680688, 0.5197261373798701]",28.433346362149763,0.8236081661467617
"[0.403961661001822, 0.6649971248513117, -0.888364513458526, 0.5197283966397966]",28.433359079130703,0.8236709986281583
"[0.40395294703496537, 0.6649949937207199, -0.8883636665553776, 0.5197306556872187]",28.43337179500559,0.8237338311095548
"[0.4039442338064186, 0.6649928629801226, -0.8883628198301434, 0.5197329143313727]",28.433384522098663,0.8237966635909515
"[0.40393552108270125, 0.6649907325723725, -0.8883619732601151, 0.5197351726328288]",28.433397243914648,0.8238594960723481
"[0.40392680791805274, 0.6649886022661943, -0.8883611267534025, 0.5197374308367412]",28.433409968231285,0.8239223285537446
"[0.4039180954689703, 0.6649864723443337, -0.8883602804223618, 0.5197396886433833]",28.433422700250233,0.8239851610351413
"[0.4039093833523221, 0.6649843427130786, -0.888359434229761, 0.5197419461520857]",28.43343543656036,0.8240479935165379
"[0.40390067151733233, 0.6649822133599773, -0.888358588170662, 0.5197442033760425]",28.433448168735925,0.8241108259979346
"[0.4038919599809271, 0.6649800842891443, -0.8883577422467023, 0.5197464603108847]",28.433460907408943,0.8241736584793311
"[0.40388324851571294, 0.6649779554449881, -0.888356896435799, 0.5197487170155373]",28.433473643529727,0.8242364909607277
"[0.4038745372731074, 0.6649758268644698, -0.8883560507526538, 0.5197509734508132]",28.43348639104843,0.8242993234421244
"[0.40386582691933826, 0.6649736987103517, -0.8883552052619271, 0.5197532294441658]",28.433499140130902,0.8243621559235209
"[0.40385711664087554, 0.6649715707838489, -0.8883543598846394, 0.5197554852063128]",28.43351188985279,0.8244249884049175
"[0.40384840619992624, 0.6649694430267692, -0.8883535145977178, 0.5197577407989425]",28.433524639289075,0.8244878208863142
"[0.4038396967958071, 0.6649673157321292, -0.8883526695175361, 0.5197599959114215]",28.433537395030093,0.8245506533677107
"[0.4038309868445055, 0.6649651885129717, -0.8883518244903922, 0.5197622509539528]",28.43355015406656,0.8246134858491074
"[0.40382227765906414, 0.6649630616899621, -0.888350979643677, 0.5197645055865963]",28.433562910978008,0.824676318330504
"[0.4038135688700397, 0.6649609351728296, -0.8883501349415344, 0.5197667599050408]",28.433575675350827,0.8247391508119005
"[0.40380485987889403, 0.6649588088154058, -0.8883492903259117, 0.5197690140642333]",28.433588435517798,0.8248019832932972
"[0.4037961513619948, 0.6649566827828115, -0.888348445862404, 0.5197712678891225]",28.43360120250985,0.8248648157746938
"[0.40378744375610154, 0.6649545571816136, -0.8883476015933428, 0.5197735212667289]",28.433613978646992,0.8249276482560903
"[0.4037787356952291, 0.6649524316783475, -0.8883467573862821, 0.5197757745505553]",28.43362675052194,0.824990480737487
"[0.40377002799240436, 0.664950306471428, -0.8883459133200478, 0.5197780275302555]",28.433639526387804,0.8250533132188836
"[0.4037613206981467, 0.6649481815731754, -0.8883450693995273, 0.5197802801927598]",28.433652302196172,0.8251161457002801
"[0.4037526139855767, 0.6649460570257796, -0.8883442256414864, 0.5197825324933354]",28.433665085662163,0.825178978181677
"[0.4037439073567011, 0.6649439327076995, -0.8883433819976574, 0.5197847845608251]",28.433677869270632,0.8252418106630734
"[0.40373520067935054, 0.6649418085866597, -0.8883425384552381, 0.5197870364294398]",28.43369065594542,0.8253046431444702
"[0.40372649481470885, 0.6649396848727379, -0.8883416950976541, 0.5197892878764614]",28.43370344485161,0.8253674756258668
"[0.40371778860795304, 0.6649375612841931, -0.8883408518130312, 0.5197915392005695]",28.43371623690059,0.8254303081072633
"[0.40370908379451403, 0.6649354382442795, -0.8883400087694491, 0.5197937899530444]",28.433729035878937,0.82549314058866
"[0.40370037789608887, 0.6649333151485367, -0.8883391657268885, 0.5197960407747017]",28.433741829645765,0.8255559730700566
"[0.40369167342134005, 0.6649311926087264, -0.888338322928276, 0.5197982910169698]",28.43375463259269,0.8256188055514531
"[0.4036829689951497, 0.6649290702894739, -0.8883374802404453, 0.5198005410353939]",28.4337674360811,0.8256816380328498
"[0.4036742646052969, 0.6649269481877803, -0.8883366376622165, 0.5198027908331481]",28.433780240688282,0.8257444705142464
"[0.40366556057771175, 0.6649248263830891, -0.8883357952251371, 0.5198050403260014]",28.433793052216153,0.8258073029956431
"[0.40365685682784247, 0.664922704854754, -0.888334952921016, 0.5198072895358368]",28.43380586417151,0.8258701354770396
"[0.4036481533815941, 0.6649205836090667, -0.8883341107523548, 0.5198095384559773]",28.43381867455086,0.8259329679584362
"[0.40363945018073416, 0.6649184626317834, -0.8883332687135134, 0.5198117871015185]",28.433831490913175,0.8259958004398329
"[0.40363074737039145, 0.6649163419582613, -0.8883324268185258, 0.5198140354349676]",28.43384430995432,0.8260586329212294
"[0.4036220447065008, 0.6649142215289914, -0.8883315850437769, 0.5198162835194099]",28.43385713102442,0.826121465402626
"[0.40361334217462913, 0.6649121013404427, -0.8883307433878697, 0.5198185313585828]",28.433869951961373,0.8261842978840227
"[0.4036046400742056, 0.6649099814655209, -0.8883299018797577, 0.5198207788751856]",28.43388278246538,0.8262471303654192
"[0.40359593872529137, 0.6649078619821566, -0.8883290605503744, 0.5198230259865879]",28.43389561451345,0.8263099628468159
"[0.4035872372361134, 0.6649057426730951, -0.8883282193134886, 0.5198252729231198]",28.433908446379338,0.8263727953282125
"[0.40357853612940353, 0.6649036236656337, -0.8883273782196366, 0.519827519549812]",28.433921282304315,0.826435627809609
"[0.40356983532212026, 0.6649015049395113, -0.8883265372607834, 0.5198297658881403]",28.433934119994465,0.8264984602910057
"[0.40356113453625636, 0.6648993864270148, -0.8883256964100573, 0.5198320120098895]",28.43394696157134,0.8265612927724023
"[0.4035524344699455, 0.6648972682980909, -0.8883248557349183, 0.5198342577348698]",28.43395980389274,0.8266241252537988
"[0.40354373419387174, 0.6648951503264606, -0.8883240151455628, 0.519836503302985]",28.43397264840995,0.8266869577351955
"[0.4035350349130171, 0.6648930328054222, -0.8883231747584023, 0.5198387484032608]",28.43398550005169,0.8267497902165921
"[0.40352633549617484, 0.6648909154595922, -0.8883223344641462, 0.5198409933276646]",28.43399835431738,0.8268126226979886
"[0.4035176361284747, 0.6648887983340045, -0.888321494280683, 0.5198432380284451]",28.434011204777,0.8268754551793853
"[0.4035089371252802, 0.6648866815054013, -0.888320654238468, 0.5198454824242285]",28.43402406055748,0.8269382876607819
"[0.40350023861740214, 0.6648845650055659, -0.8883198143501213, 0.5198477264813102]",28.4340369215379,0.8270011201421786
"[0.4034915408270788, 0.6648824488885239, -0.8883189746370848, 0.5198499701424008]",28.43404978679477,0.8270639526235751
"[0.4034828426123881, 0.6648803328764301, -0.8883181349891117, 0.519852213702086]",28.434062647379314,0.8271267851049717
"[0.4034741451788116, 0.6648782172625205, -0.8883172955225678, 0.5198544568494483]",28.434075519008562,0.8271896175863684
"[0.40346544780358795, 0.6648761018709469, -0.8883164561676817, 0.5198566997709304]",28.434088390747675,0.8272524500677649
"[0.40345675061002456, 0.6648739867316816, -0.8883156169363536, 0.5198589424347461]",28.43410126348067,0.8273152825491615
"[0.4034480536035986, 0.6648718718460354, -0.8883147778291102, 0.5198611848395006]",28.43411413656232,0.8273781150305582
"[0.40343935728572866, 0.6648697573358979, -0.8883139388943181, 0.5198634268559473]",28.43412701598095,0.8274409475119548
"[0.40343066110003184, 0.6648676430659536, -0.888313100078293, 0.5198656686275545]",28.434139894764332,0.8275037799933516
"[0.4034219651190972, 0.6648655290538102, -0.8883122613880341, 0.519867910135648]",28.434152780018877,0.827566612474748
"[0.4034132699452837, 0.6648634154458721, -0.8883114228816233, 0.5198701512249859]",28.434165670862683,0.8276294449561447
"[0.4034045740130359, 0.6648613018615748, -0.8883105844080933, 0.5198723922990802]",28.43417855371485,0.8276922774375414
"[0.40339587905463353, 0.6648591887219361, -0.8883097461344719, 0.5198746329115133]",28.4341914483288,0.8277551099189379
"[0.40338718416185065, 0.6648570758061838, -0.8883089079731841, 0.5198768732963666]",28.434204345151763,0.8278179424003345
"[0.40337848970096796, 0.6648549632032982, -0.888308069959534, 0.5198791133592865]",28.434217239220533,0.8278807748817312
"[0.40336979570881876, 0.6648528509221893, -0.8883072320970594, 0.5198813530908184]",28.4342301432944,0.8279436073631277
"[0.40336110163488204, 0.6648507388290814, -0.8883063943327034, 0.5198835926328039]",28.434243042257187,0.8280064398445244
"[0.40335240808212164, 0.6648486270704228, -0.8883055567245643, 0.5198858318299516]",28.434255948663107,0.828069272325921
"[0.4033437144907003, 0.6648465155102034, -0.8883047192186988, 0.5198880708264729]",28.434268854399672,0.8281321048073175
"[0.4033350215639456, 0.6648444043192213, -0.8883038818828549, 0.5198903094412551]",28.434281768023133,0.8281949372887142
"[0.40332632904247245, 0.6648422934344261, -0.8883030446920345, 0.5198925477411478]",28.434294680712558,0.8282577697701108
"[0.4033176364956899, 0.6648401827512405, -0.8883022076047626, 0.5198947858370342]",28.434307598575646,0.8283206022515073
"[0.40330894448830124, 0.664838072406743, -0.8883013706754161, 0.5198970235835547]",28.434320518304162,0.828383434732904
"[0.40330025284749854, 0.6648359623589464, -0.8883005338873438, 0.5198992610252248]",28.43433343901105,0.8284462672143006
"[0.4032915603489743, 0.6648338523106334, -0.8882996971226889, 0.5199014984772012]",28.434346357754666,0.8285090996956971
"[0.40328286953053927, 0.6648317428778016, -0.8882988606257377, 0.5199037352862864]",28.434359288292764,0.8285719321770938
"[0.4032741784395876, 0.6648296335864554, -0.88829802420853, 0.5199059719550898]",28.434372219022016,0.8286347646584904
"[0.4032654879480376, 0.6648275246481858, -0.8882971879549763, 0.5199082082592369]",28.434385151552465,0.8286975971398871
"[0.4032567972024025, 0.6648254158558523, -0.8882963517829467, 0.5199104444183724]",28.434398084099776,0.8287604296212836
"[0.40324810754256923, 0.6648233075345377, -0.8882955158213476, 0.5199126800877719]",28.434411023028808,0.8288232621026802
"[0.40323941752882847, 0.6648211993349088, -0.8882946799316668, 0.5199149156378627]",28.434423966883678,0.8288860945840769
"[0.40323072793123566, 0.6648190914437372, -0.8882938441879793, 0.5199171508705869]",28.43443691037309,0.8289489270654734
"[0.40322203848868, 0.6648169837976862, -0.888293008565166, 0.5199193858530994]",28.434449855948525,0.82901175954687
"[0.4032133499676739, 0.6648148765826161, -0.8882921731369244, 0.5199216203883046]",28.43446280599494,0.8290745920282667
"[0.4032046606596481, 0.6648127693841359, -0.8882913377389723, 0.5199238549156251]",28.43447575380991,0.8291374245096632
"[0.4031959728510456, 0.6648106627566945, -0.8882905025911222, 0.5199260888471027]",28.43448870897794,0.8292002569910599
"[0.4031872845318619, 0.66480855621283, -0.888289667500141, 0.5199283226996513]",28.43450166422697,0.8292630894724565
"[0.4031785962613644, 0.6648064498881769, -0.888288832519797, 0.5199305563294329]",28.43451462101569,0.829325921953853
"[0.4031699092158545, 0.6648043440678455, -0.8882879977631188, 0.5199327894340985]",28.43452758497258,0.8293887544352498
"[0.40316122167196544, 0.6648022383340396, -0.8882871630644962, 0.5199350224566911]",28.434540550776276,0.8294515869166463
"[0.4031525346734608, 0.6648001329397413, -0.8882863285242177, 0.5199372551289309]",28.434553515456667,0.8295144193980429
"[0.4031438483733466, 0.6647980279219803, -0.8882854941569638, 0.5199394874115422]",28.434566486233912,0.8295772518794396
"[0.4031351618788619, 0.6647959230643793, -0.8882846598769752, 0.5199417195339773]",28.434579460944022,0.8296400843608361
"[0.4031264757648342, 0.6647938185062101, -0.8882838257394627, 0.5199439513485383]",28.434592435587202,0.8297029168422329
"[0.40311778975491386, 0.6647917141804927, -0.8882829917178822, 0.5199461829262495]",28.43460541376275,0.8297657493236295
"[0.4031091041166303, 0.6647896101520092, -0.8882821578379185, 0.519948414198405]",28.434618395826917,0.8298285818050259
"[0.4031004185969216, 0.6647875063594304, -0.8882813240752717, 0.5199506452300366]",28.43463137802708,0.8298914142864227
"[0.4030917342375326, 0.6647854030550363, -0.8882804905299246, 0.5199528757535988]",28.434644365439485,0.8299542467678193
"[0.4030830491291677, 0.6647832997763818, -0.8882796570186156, 0.5199551062595021]",28.434657347000798,0.8300170792492158
"[0.40307436473496766, 0.6647811968777776, -0.8882788236817678, 0.5199573363719987]",28.434670342220304,0.8300799117306125
"[0.40306568077027927, 0.6647790942902575, -0.8882779904920505, 0.5199595661642182]",28.434683335456914,0.8301427442120091
"[0.4030569965949146, 0.6647769918587975, -0.8882771573880404, 0.5199617958005592]",28.434696330527043,0.8302055766934058
"[0.4030483132214598, 0.6647748898285105, -0.888276324466873, 0.5199640250210715]",28.434709332650325,0.8302684091748023
"[0.40303962977309526, 0.6647727879871073, -0.8882754916444335, 0.519966254050883]",28.434722332400487,0.8303312416561989
"[0.40303094721993815, 0.6647706865693677, -0.8882746590137548, 0.5199684826410005]",28.434735340399953,0.8303940741375956
"[0.40302226470527774, 0.6647685853678992, -0.8882738264926682, 0.5199707110113597]",28.434748351019913,0.8304569066189921
"[0.403013582427743, 0.6647664844307563, -0.8882729941002194, 0.5199729391109925]",28.434761359746307,0.8305197391003887
"[0.4030048997479083, 0.6647643836031971, -0.888272161775112, 0.519975167104002]",28.434774365877043,0.8305825715817854
"[0.4029962182642321, 0.6647622832719698, -0.8882713296705653, 0.5199773945802214]",28.434787386628127,0.8306454040631819
"[0.4029875370447936, 0.6647601832114927, -0.8882704976972341, 0.5199796217788841]",28.434800404935192,0.8307082365445785
"[0.40297885556362356, 0.6647580832945748, -0.8882696658047164, 0.5199818488348725]",28.434813423897893,0.8307710690259752
"[0.40297017481459085, 0.6647559837615711, -0.8882688340882448, 0.5199840754932739]",28.4348264482395,0.8308339015073717
"[0.40296149402819853, 0.6647538844263392, -0.8882680024740837, 0.5199863019514956]",28.434839475090243,0.8308967339887684
"[0.4029528134211219, 0.6647517853412643, -0.8882671709829931, 0.5199885281539748]",28.434852501761277,0.830959566470165
"[0.4029441338287456, 0.6647496867083041, -0.8882663396949748, 0.5199907538865155]",28.43486553602184,0.8310223989515615
"[0.4029354538126602, 0.6647475881796266, -0.8882655084722587, 0.5199929795180102]",28.43487856894262,0.8310852314329582
"[0.4029267746063984, 0.6647454900534442, -0.8882646774329693, 0.5199952047321776]",28.43489160789684,0.8311480639143548
"[0.4029180953000232, 0.6647433921097502, -0.8882638464899709, 0.5199974297623445]",28.43490464866658,0.8312108963957513
"[0.4029094162670696, 0.6647412944388258, -0.8882630156790269, 0.5199996545127549]",28.434917688087857,0.831273728877148
"[0.40290073719044295, 0.6647391969639898, -0.8882621849697832, 0.520001879064731]",28.434930731431145,0.8313365613585446
"[0.40289205898942915, 0.6647370999073902, -0.8882613544502177, 0.5200041031826578]",28.434943780973704,0.8313993938399413
"[0.4028833809670894, 0.664735003100562, -0.8882605240536177, 0.5200063270452008]",28.43495683032436,0.8314622263213379
"[0.40287470377230705, 0.6647329067002432, -0.8882596938420606, 0.5200085504861176]",28.434969885255533,0.8315250588027344
"[0.4028660259244891, 0.6647308103487095, -0.8882588636738883, 0.5200107738848048]",28.434982941082055,0.8315878912841311
"[0.40285734831459186, 0.6647287142612015, -0.8882580336343466, 0.5200129970129724]",28.434995998382725,0.8316507237655277
"[0.40284867133203284, 0.6647266185317345, -0.8882572037606742, 0.520015219770901]",28.435009060920944,0.8317135562469242
"[0.40283999520055913, 0.6647245232142973, -0.888256374074247, 0.5200174421013212]",28.435022125629448,0.8317763887283209
"[0.402831318518339, 0.664722427970321, -0.888255544441009, 0.520019664363319]",28.435035185531355,0.8318392212097175
"[0.40282264257702316, 0.6647203331116902, -0.8882547149844645, 0.5200218862260976]",28.435048257291818,0.8319020536911143
"[0.40281396673088166, 0.6647182384824578, -0.8882538856428683, 0.5200241078550517]",28.43506132949613,0.8319648861725107
"[0.4028052914027146, 0.6647161441846675, -0.8882530564566302, 0.5200263291419442]",28.435074401567444,0.8320277186539073
"[0.4027966159721277, 0.6647140500685319, -0.8882522273664498, 0.5200285502456383]",28.43508748065402,0.8320905511353041
"[0.4027879412579098, 0.6647119563316549, -0.8882513984505704, 0.5200307709565426]",28.435100558040393,0.8321533836167005
"[0.4027792674116505, 0.6647098630105573, -0.8882505697234531, 0.5200329912359122]",28.435113648281607,0.8322162160980972
"[0.4027705923217859, 0.6647077695956466, -0.8882497409833628, 0.5200352116242425]",28.435126728688868,0.8322790485794939
"[0.4027619184259576, 0.6647056766751573, -0.8882489124631764, 0.520037431497614]",28.435139816522717,0.8323418810608904
"[0.4027532443466846, 0.664703583916669, -0.8882480840313042, 0.5200396512086051]",28.435152901403725,0.832404713542287
"[0.4027445711703772, 0.664701491582258, -0.888247255791497, 0.5200418704792337]",28.435165999052092,0.8324675460236837
"[0.40273589796924336, 0.6646993994480631, -0.8882464276551447, 0.5200440895469363]",28.43517909522426,0.8325303785050802
"[0.40272722450165294, 0.6646973074557991, -0.8882455995991853, 0.5200463084735286]",28.435192190820175,0.8325932109864769
"[0.402718551984506, 0.6646952158989448, -0.8882447717397887, 0.5200485269477187]",28.435205293138328,0.8326560434678735
"[0.40270988040373934, 0.6646931247740253, -0.8882439440755825, 0.5200507449731844]",28.435218400197545,0.83271887594927
"[0.40270120763319783, 0.664691033568346, -0.8882431164036438, 0.5200529630937268]",28.43523150313646,0.8327817084306667
"[0.4026925358952923, 0.664688942817731, -0.8882422889360725, 0.520055180741]",28.435244613144555,0.8328445409120633
"[0.40268386444097315, 0.6646868523415733, -0.8882414616013734, 0.520057398106564]",28.435257724670517,0.8329073733934598
"[0.40267519342052577, 0.6646847621760534, -0.8882406344138771, 0.5200596151520355]",28.43527083790432,0.8329702058748565
"[0.40266652240071465, 0.6646826722167153, -0.8882398073322505, 0.5200618319882055]",28.435283953814526,0.8330330383562531
"[0.4026578521715336, 0.66468058265393, -0.888238980431837, 0.5200640484131398]",28.435297080197532,0.8330958708376498
"[0.40264918153631946, 0.6646784931992759, -0.888238153598506, 0.5200662647327648]",28.435310199007965,0.8331587033190463
"[0.40264051154761465, 0.664676404106376, -0.8882373269326277, 0.5200684806780522]",28.435323324139997,0.8332215358004429
"[0.4026318414894077, 0.6646743152026734, -0.8882365003659265, 0.5200706964320304]",28.435336451340987,0.8332843682818396
"[0.4026231726422159, 0.6646722267966371, -0.8882356740204647, 0.5200729116674917]",28.435349582304386,0.8333472007632361
"[0.40261450338556515, 0.6646701384978659, -0.8882348477417631, 0.5200751267985378]",28.43536271977175,0.8334100332446327
"[0.4026058338705129, 0.66466805034269, -0.8882340215442357, 0.5200773417866333]",28.43537584861437,0.8334728657260294
"[0.4025971654607417, 0.6646659626596012, -0.8882331955578301, 0.5200795562833217]",28.435388988470095,0.833535698207426
"[0.4025884968772261, 0.6646638751404949, -0.8882323696606588, 0.5200817706154185]",28.435402125078628,0.8335985306888227
"[0.40257982906088485, 0.6646617880119309, -0.8882315439423614, 0.520083984542594]",28.435415272307477,0.8336613631702192
"[0.40257116135495635, 0.6646597011157162, -0.888230718340362, 0.5200861982326453]",28.435428418945122,0.8337241956516158
"[0.4025624940703152, 0.6646576145266814, -0.8882298928842657, 0.5200884116061895]",28.435441569403846,0.8337870281330125
"[0.40255382676502827, 0.6646555281384076, -0.8882290675319815, 0.5200906247761048]",28.435454721878763,0.833849860614409
"[0.40254515971272603, 0.6646534420167521, -0.8882282423095661, 0.5200928376725267]",28.43546787470256,0.8339126930958056
"[0.40253649346737697, 0.6646513562949852, -0.8882274172697504, 0.5200950501540804]",28.435481033797977,0.8339755255772023
"[0.4025278267048322, 0.6646492706544217, -0.8882265922864724, 0.5200972625588113]",28.435494192540936,0.8340383580585988
"[0.4025191602767911, 0.6646471853000128, -0.8882257674408126, 0.5200994746693076]",28.435507349607697,0.8341011905399954
"[0.4025104948906176, 0.6646451004019097, -0.8882249428000755, 0.5201016863050676]",28.435520515673243,0.8341640230213921
"[0.40250182937201917, 0.664643015677535, -0.8882241182524979, 0.5201038977658392]",28.43553368695387,0.8342268555027886
"[0.40249316400452045, 0.6646409311950877, -0.8882232938250614, 0.5201061089792728]",28.435546856494827,0.8342896879841853
"[0.4024844991397773, 0.6646388470391278, -0.8882224695512161, 0.5201083198556603]",28.435560028916242,0.834352520465582
"[0.4024758346885001, 0.6646367631881369, -0.8882216454224554, 0.520110530417822]",28.43557320539752,0.8344153529469784
"[0.40246717037491636, 0.6646346795757686, -0.8882208214125432, 0.5201127407361319]",28.43558638487032,0.8344781854283752
"[0.4024585062896235, 0.6646325962237645, -0.8882199975300942, 0.5201149507875221]",28.43559956555957,0.8345410179097718
"[0.40244984222017066, 0.6646305130810448, -0.8882191737549057, 0.5201171606261706]",28.435612746887553,0.8346038503911682
"[0.4024411792625898, 0.6646284304110757, -0.8882183501911717, 0.520119369972582]",28.43562593495032,0.834666682872565
"[0.40243251607734043, 0.6646263478917773, -0.8882175267115343, 0.5201215791684188]",28.435639122547755,0.8347295153539616
"[0.4024238529174578, 0.6646242655839742, -0.8882167033400542, 0.5201237881491519]",28.43565231469055,0.8347923478353583
"[0.4024151904527643, 0.6646221836486308, -0.8882158801403848, 0.5201259967440183]",28.43566551063367,0.8348551803167548
"[0.40240652769748153, 0.6646201018488238, -0.8882150570188432, 0.5201282052043482]",28.435678702815377,0.8349180127981514
"[0.4023978653352832, 0.6646180203487775, -0.8882142340403951, 0.5201304133559234]",28.435691900443306,0.8349808452795481
"[0.4023892039789326, 0.6646159392957347, -0.8882134112632346, 0.5201326210425312]",28.435705105090197,0.8350436777609446
"[0.4023805424875251, 0.6646138584155121, -0.8882125885789717, 0.5201348285550332]",28.43571831392879,0.8351065102423412
"[0.40237188123910383, 0.6646117777989216, -0.8882117660235158, 0.5201370357970861]",28.435731517261388,0.8351693427237379
"[0.40236322049088163, 0.6646096975077096, -0.8882109436212859, 0.5201392427031787]",28.435744728549356,0.8352321752051344
"[0.4023545597370352, 0.6646076174203578, -0.8882101213242454, 0.5201414494022195]",28.435757943192087,0.8352950076865311
"[0.40234589914968943, 0.6646055375781912, -0.8882092991487388, 0.5201436558503625]",28.435771159110363,0.8353578401679277
"[0.4023372389461489, 0.6646034580333651, -0.8882084771153894, 0.5201458619922714]",28.43578437181397,0.8354206726493242
"[0.402328579170823, 0.6646013787965003, -0.8882076552284025, 0.5201480678166726]",28.435797596159883,0.835483505130721
"[0.4023199196417877, 0.6645992998238894, -0.8882068334705043, 0.5201502733699273]",28.435810820489927,0.8355463376121175
"[0.40231126099571307, 0.6645972212683336, -0.8882060119020962, 0.5201524784899243]",28.43582404925963,0.835609170093514
"[0.40230260179422994, 0.6645951427845237, -0.8882051903866987, 0.5201546835429933]",28.43583727547722,0.8356720025749108
"[0.40229394322048384, 0.66459306465644, -0.8882043690365615, 0.520156888227855]",28.435850504884296,0.8357348350563073
"[0.4022852852637126, 0.6645909868814457, -0.8882035478506466, 0.5201590925472993]",28.435863742292717,0.8357976675377039
"[0.40227662686350213, 0.6645889092050429, -0.8882027267283769, 0.5201612967713193]",28.43587697742342,0.8358605000191006
"[0.4022679690479508, 0.6645868318739202, -0.8882019057672546, 0.5201635006381946]",28.435890216945015,0.8359233325004971
"[0.40225931142949556, 0.6645847547950511, -0.8882010849305201, 0.5201657042466125]",28.435903457532476,0.8359861649818938
"[0.40225065390117604, 0.6645826779427636, -0.8882002642080314, 0.520167907623802]",28.435916699679286,0.8360489974632904
"[0.40224199728518234, 0.6645806015142203, -0.888199443677718, 0.520170110560584]",28.43592995066038,0.8361118299446869
"[0.40223334063298305, 0.6645785252818867, -0.8881986232496598, 0.5201723132983475]",28.435943199378396,0.8361746624260836
"[0.4022246843240234, 0.664576449336747, -0.8881978029598175, 0.520174515740559]",28.43595645347081,0.8362374949074802
"[0.4022160280433007, 0.6645743736032225, -0.8881969827783387, 0.5201767179673971]",28.4359697105074,0.8363003273888767
"[0.40220737239275706, 0.6645722982256356, -0.8881961627622499, 0.5201789198257379]",28.43598296672296,0.8363631598702734
"[0.40219871628320675, 0.6645702229428181, -0.888195342808365, 0.52018112159266]",28.435996224826006,0.83642599235167
"[0.40219006121918827, 0.6645681481154257, -0.8881945230591964, 0.5201833228855219]",28.436009489136435,0.8364888248330667
"[0.4021814064403746, 0.6645660735611648, -0.8881937034427115, 0.5201855238977191]",28.436022751600294,0.8365516573144632
"[0.40217275197301994, 0.6645639992862843, -0.8881928839613895, 0.5201877246226166]",28.436036023966803,0.8366144897958598
"[0.40216409724002206, 0.6645619251524387, -0.8881920645605897, 0.5201899252069891]",28.4360492932642,0.8366773222772566
"[0.40215544329436387, 0.6645598514119776, -0.8881912453399997, 0.5201921253830947]",28.436062570255885,0.836740154758653
"[0.4021467894295664, 0.6645577778955581, -0.8881904262327294, 0.5201943253305944]",28.436075843409384,0.8368029872400496
"[0.40213813635522594, 0.6645557047731634, -0.8881896073059328, 0.5201965248691347]",28.436089128423045,0.8368658197214464
"[0.402129482857674, 0.6645536317540004, -0.8881887884447455, 0.5201987243072345]",28.436102405609763,0.8369286522028428
"[0.4021208292560921, 0.6645515589145297, -0.8881879696793858, 0.5202009235637661]",28.4361156866084,0.8369914846842396
"[0.402112176882455, 0.6645494865737708, -0.8881871511358627, 0.520203122300247]",28.436128976393857,0.8370543171656362
"[0.4021035246528684, 0.6645474144720551, -0.8881863327116163, 0.5202053207921747]",28.436142267837653,0.8371171496470327
"[0.4020948722318011, 0.6645453425290213, -0.8881855143749131, 0.5202075191248086]",28.43615555880622,0.8371799821284294
"[0.40208622086558315, 0.6645432710430804, -0.8881846962436181, 0.5202097169815273]",28.43616885558243,0.837242814609826
"[0.40207756943606077, 0.6645411997464545, -0.8881838782119783, 0.5202119146464372]",28.436182154178297,0.8373056470912225
"[0.402068917552406, 0.6645391285455851, -0.8881830602430528, 0.5202141122188008]",28.43619545252933,0.8373684795726192
"[0.4020602664356206, 0.6645370577327501, -0.8881822424522768, 0.5202163093885013]",28.436208753042607,0.8374313120540158
"[0.40205161619106144, 0.6645349873331057, -0.8881814248495838, 0.5202185061288392]",28.43622206269296,0.8374941445354125
"[0.40204296544787266, 0.664532917018509, -0.8881806073054018, 0.5202207027879764]",28.436235369953796,0.837556977016809
"[0.4020343152868777, 0.6645308470476319, -0.8881797899218775, 0.5202228990914486]",28.43624867924628,0.8376198094982056
"[0.4020256656122039, 0.6645287773974604, -0.8881789726899367, 0.5202250950636691]",28.436261993876705,0.8376826419796023
"[0.4020170159242957, 0.6645267079484608, -0.8881781555623764, 0.520227290831459]",28.43627531004094,0.8377454744609989
"[0.4020083666065547, 0.6645246387923305, -0.8881773385754136, 0.5202294862975201]",28.436288626651983,0.8378083069423954
"[0.4019997175322543, 0.6645225698987159, -0.8881765217170724, 0.5202316814940515]",28.436301949865562,0.8378711394237921
"[0.4019910691242502, 0.6645205013687375, -0.8881757050272767, 0.5202338763137527]",28.436315274005906,0.8379339719051887
"[0.4019824207243428, 0.6645184330449255, -0.8881748884438633, 0.5202360709237016]",28.436328603276753,0.8379968043865852
"[0.40197377227082465, 0.6645163649125257, -0.8881740719610108, 0.5202382653395475]",28.43634192804629,0.8380596368679819
"[0.4019651242085281, 0.6645142970778671, -0.8881732556207143, 0.5202404594484641]",28.43635526224902,0.8381224693493785
"[0.40195647656001576, 0.6645122295463323, -0.8881724394250924, 0.5202426532447321]",28.43636859554856,0.8381853018307752
"[0.40194782955712616, 0.66451016237329, -0.8881716233960122, 0.5202448466695953]",28.436381934716646,0.8382481343121717
"[0.4019391820091142, 0.6645080952740715, -0.8881708074211045, 0.5202470400251025]",28.43639527032405,0.8383109667935683
"[0.40193053564477393, 0.6645060286618915, -0.8881699916634894, 0.5202492328727945]",28.43640861739613,0.838373799274965
"[0.4019218890081975, 0.6645039621887415, -0.8881691759857938, 0.520251425581929]",28.43642195987649,0.8384366317563615
"[0.40191324279287044, 0.6645018960202942, -0.8881683604534406, 0.520253617976711]",28.436435306629782,0.8384994642377581
"[0.4019045968926887, 0.6644998301312096, -0.8881675450564114, 0.5202558100840187]",28.43644865971203,0.8385622967191548
"[0.401895951401718, 0.664497764543914, -0.8881667298035696, 0.5202580018800498]",28.436462009684067,0.8386251292005513
"[0.40188730604230943, 0.6644956991920373, -0.8881659146687277, 0.5202601934352247]",28.43647536811427,0.838687961681948
"[0.4018786612354806, 0.6644936341761324, -0.8881650996915744, 0.5202623846428386]",28.436488727424386,0.8387507941633446
"[0.40187001576945697, 0.6644915692067305, -0.8881642847578769, 0.5202645758100451]",28.436502084903836,0.8388136266447411
"[0.40186137182773896, 0.6644895048053212, -0.8881634700734441, 0.5202667663834778]",28.436515450710356,0.8388764591261378
"[0.401852727505852, 0.6644874405170168, -0.8881626554587645, 0.5202689568458188]",28.436528816099933,0.8389392916075344
"[0.40184408345393835, 0.6644853764970698, -0.8881618409751116, 0.5202711470323214]",28.4365421849592,0.8390021240889309
"[0.40183543965711643, 0.6644833127418922, -0.8881610266210787, 0.5202733369467869]",28.436555557409196,0.8390649565703276
"[0.4018267968236681, 0.6644812494205438, -0.8881602124633771, 0.5202755264098134]",28.436568932841222,0.8391277890517242
"[0.40181815367475476, 0.6644791862276925, -0.8881593983815312, 0.5202777157453933]",28.436582312101542,0.839190621533121
"[0.4018095110584083, 0.6644771233657532, -0.8881585844554173, 0.5202799047387304]",28.436595692207074,0.8392534540145175
"[0.40180086840416107, 0.6644750606985372, -0.8881577706313062, 0.520282093534335]",28.436609073109157,0.839316286495914
"[0.401792225753936, 0.6644729982360421, -0.888156956913151, 0.5202842821215916]",28.436622455572227,0.8393791189773108
"[0.4017835839855847, 0.6644709361877159, -0.8881561433835903, 0.5202864702782388]",28.436635843035983,0.8394419514587073
"[0.40177494226952104, 0.664468874355566, -0.8881553299645153, 0.5202886582143701]",28.43664923392342,0.8395047839401039
"[0.40176630094160887, 0.6644668128197011, -0.8881545166875362, 0.5202908458449718]",28.436662623985608,0.8395676164215006
"[0.4017576597056437, 0.6644647515094365, -0.8881537035247717, 0.5202930332450454]",28.436676020029736,0.8396304489028971
"[0.40174901911577116, 0.6644626905569078, -0.8881528905283589, 0.5202952202743676]",28.436689420428227,0.8396932813842937
"[0.4017403782718448, 0.6644606297474066, -0.8881520776136004, 0.5202974071607738]",28.436702817549502,0.8397561138656904
"[0.4017317380956293, 0.6644585693007405, -0.888151264867211, 0.5202995936710039]",28.436716223828068,0.839818946347087
"[0.4017230981871738, 0.664456509121495, -0.8881504522515558, 0.5203017799063031]",28.43672962671032,0.8398817788284837
"[0.40171445864237354, 0.664454449232491, -0.8881496397756479, 0.5203039658424483]",28.436743038639676,0.8399446113098802
"[0.40170581904540115, 0.6644523895345785, -0.8881488274003807, 0.5203061515846504]",28.436756448682754,0.8400074437912768
"[0.40169717955564327, 0.6644503300657395, -0.8881480151407445, 0.5203083370925979]",28.43676985838704,0.8400702762726735
"[0.4016885407272353, 0.664448270958032, -0.8881472030488279, 0.5203105222261444]",28.436783275076902,0.84013310875407
"[0.40167990225767275, 0.664446212139308, -0.8881463910961803, 0.5203127070618467]",28.43679669252859,0.8401959412354666
"[0.4016712644385755, 0.6644441536790241, -0.8881455793101976, 0.5203148915259904]",28.4368101204495,0.8402587737168633
"[0.40166262583475504, 0.6644420952351596, -0.8881447675560064, 0.5203170759815267]",28.436823538170874,0.8403216061982598
"[0.40165398836214405, 0.6644400372642308, -0.8881439560136427, 0.5203192599439871]",28.436836968176305,0.8403844386796565
"[0.40164535120079825, 0.6644379795708159, -0.8881431446060454, 0.5203214436207502]",28.43685040188107,0.8404472711610531
"[0.4016367131168824, 0.6644359218609827, -0.8881423332173192, 0.5203236273237394]",28.43686382755715,0.8405101036424496
"[0.4016280767216339, 0.6644338647567276, -0.8881415220927321, 0.5203258103928672]",28.436877265934452,0.8405729361238463
"[0.40161944007577305, 0.6644318077960727, -0.8881407110501264, 0.5203279933183935]",28.43689070434665,0.8406357686052429
"[0.40161080387453885, 0.6644297511445864, -0.8881399001547909, 0.5203301759246045]",28.436904144837417,0.8406986010866394
"[0.4016021678563933, 0.664427694739956, -0.8881390893821611, 0.5203323582776229]",28.436917587353054,0.8407614335680361
"[0.401593531979148, 0.6644256385721059, -0.8881382787282757, 0.5203345403881362]",28.43693103120425,0.8408242660494327
"[0.4015848964197621, 0.6644235826831538, -0.8881374682097412, 0.5203367222114407]",28.436944477336745,0.8408870985308294
"[0.40157626164150306, 0.6644215271833385, -0.888136657870024, 0.5203389036305375]",28.436957932942132,0.8409499310122259
"[0.4015676266304001, 0.6644194718312587, -0.8881358476139611, 0.52034108490161]",28.43697138381848,0.8410127634936225
"[0.401558991769318, 0.6644174167180396, -0.888135037477484, 0.520343265927946]",28.43698483600591,0.8410755959750192
"[0.4015503576147629, 0.6644153619760921, -0.8881342275127945, 0.5203454465690143]",28.43699829605353,0.8411384284564157
"[0.40154172350921513, 0.664413307448903, -0.8881334176582006, 0.5203476269909124]",28.437011758635077,0.8412012609378123
"[0.4015330895911512, 0.6644112531694161, -0.8881326079266924, 0.5203498071586716]",28.43702522077518,0.841264093419209
"[0.4015244564137502, 0.6644091992691931, -0.8881317983701366, 0.5203519869326622]",28.437038690953063,0.8413269259006055
"[0.40151582286132925, 0.6644071454827791, -0.8881309888839103, 0.5203541665946012]",28.437052158560107,0.8413897583820021
"[0.40150718970188537, 0.6644050919928804, -0.8881301795400257, 0.5203563459505786]",28.43706562639009,0.8414525908633989
"[0.401498556977661, 0.6644030388094868, -0.8881293703424321, 0.5203585249899866]",28.437079101710527,0.8415154233447953
"[0.4014899247795327, 0.6644009859541817, -0.8881285612996348, 0.5203607036899113]",28.437092581502423,0.8415782558261921
"[0.40148129264463556, 0.6643989333168562, -0.8881277523682459, 0.5203628821672056]",28.437106057923437,0.8416410883075887
"[0.4014726606758524, 0.6643968809219548, -0.8881269435579072, 0.5203650603959208]",28.43711953890361,0.8417039207889851
"[0.40146402928071384, 0.6643948288663489, -0.888126134906795, 0.5203672382732396]",28.437133024347105,0.841766753270382
"[0.4014553981105165, 0.6643927770670811, -0.8881253263822302, 0.5203694158872004]",28.437146514011832,0.8418295857517785
"[0.40144676672930285, 0.6643907254205278, -0.8881245179433783, 0.5203715933477743]",28.43715999764492,0.8418924182331751
"[0.40143813610649004, 0.6643886741570654, -0.8881237096810326, 0.5203737704104526]",28.43717349579907,0.8419552507145718
"[0.4014295061275688, 0.664386623249437, -0.8881229015844475, 0.5203759471041554]",28.43718699253007,0.8420180831959683
"[0.4014208758515123, 0.6643845724739824, -0.8881220935655051, 0.520378123666255]",28.437200489081352,0.842080915677365
"[0.4014122458190423, 0.6643825219591819, -0.8881212856748367, 0.520380299960385]",28.43721398627907,0.8421437481587616
"[0.40140361607891817, 0.6643804717165982, -0.8881204779170013, 0.5203824759742682]",28.437227492628285,0.8422065806401581
"[0.4013949868583028, 0.6643784218001528, -0.888119670313252, 0.5203846516506686]",28.437240996508184,0.8422694131215548
"[0.401386357975373, 0.6643763721666209, -0.8881188628465596, 0.5203868270354557]",28.4372545091862,0.8423322456029514
"[0.4013777290259406, 0.6643743227199752, -0.8881180554791018, 0.520389002230543]",28.437268016289728,0.8423950780843479
"[0.4013691011369654, 0.664372273727837, -0.8881172483163082, 0.5203911769518815]",28.43728153464664,0.8424579105657446
"[0.40136047221993365, 0.6643702246941962, -0.8881164411627971, 0.5203933517259128]",28.437295044775155,0.8425207430471412
"[0.40135184461985907, 0.6643681761759006, -0.888115634237921, 0.5203955259616113]",28.43730856700934,0.8425835755285379
"[0.40134321615013685, 0.6643661276537174, -0.8881148273371668, 0.5203977002100698]",28.43732208155538,0.8426464080099344
"[0.4013345895521713, 0.6643640797784724, -0.8881140207168866, 0.5203998737805111]",28.437335610710775,0.842709240491331
"[0.4013259622089855, 0.6643620319288656, -0.8881132141323655, 0.520402047332363]",28.43734913546323,0.8427720729727277
"[0.40131733539545933, 0.6643599844075069, -0.888112407702804, 0.5204042205444357]",28.437362664629216,0.8428349054541242
"[0.401308708835872, 0.6643579371489221, -0.888111601402417, 0.5204063934862159]",28.437376194861034,0.8428977379355208
"[0.40130008297892283, 0.6643558902595535, -0.8881107952731302, 0.5204085660447205]",28.4373897311266,0.8429605704169175
"[0.4012914569623372, 0.6643538435347567, -0.8881099892343545, 0.5204107384371515]",28.437403270463317,0.843023402898314
"[0.4012828314953324, 0.6643517971427895, -0.8881091833523588, 0.5204129104849147]",28.437416810201366,0.8430862353797107
"[0.40127420555537674, 0.66434975084104, -0.8881083775316096, 0.5204150824455135]",28.437430352345068,0.8431490678611073
"[0.40126558070362206, 0.664347704999829, -0.8881075719179411, 0.5204172539258808]",28.43744389740808,0.8432119003425038
"[0.40125695600603456, 0.6643456593975472, -0.8881067664240898, 0.5204194251612277]",28.437457446034532,0.8432747328239005
"[0.40124833131951404, 0.6643436140002456, -0.888105961036693, 0.5204215961875828]",28.437470995253967,0.8433375653052971
"[0.40123970676605364, 0.6643415688368223, -0.8881051557671441, 0.5204237669742683]",28.437484546909797,0.8434003977866936
"[0.4012310830997716, 0.6643395240860752, -0.888104350685841, 0.5204259373314962]",28.437498101409506,0.8434632302680903
"[0.40122245899422565, 0.664337479433464, -0.8881035456689463, 0.5204281075931227]",28.43751166026338,0.8435260627494869
"[0.40121383586878623, 0.6643354352154743, -0.8881027408489464, 0.5204302774019851]",28.437525219438573,0.8435888952308834
"[0.40120521280866434, 0.664333391215196, -0.8881019361404456, 0.5204324469883131]",28.437538785146963,0.8436517277122801
"[0.40119658970325167, 0.6643313474064023, -0.8881011315331274, 0.5204346163799393]",28.437552349727568,0.8437145601936767
"[0.40118796729286016, 0.6643293039645269, -0.8881003270960606, 0.5204367853906443]",28.437565920141445,0.8437773926750735
"[0.4011793447908604, 0.6643272607031138, -0.8880995227558497, 0.5204389542183355]",28.437579491798566,0.8438402251564701
"[0.4011707229270159, 0.6643252177950666, -0.8880987185805641, 0.520441122679478]",28.437593064678126,0.8439030576378665
"[0.40116210106244654, 0.6643231750889745, -0.8880979145106068, 0.5204432909347809]",28.43760664146318,0.8439658901192633
"[0.40115347951076463, 0.6643211326591195, -0.8880971105752247, 0.5204454589053922]",28.437620217483133,0.8440287226006599
"[0.4011448584465112, 0.6643190905468097, -0.8880963067906823, 0.5204476265474574]",28.43763379942782,0.8440915550820564
"[0.40113623717342545, 0.6643170485871127, -0.888095503092063, 0.5204497940360413]",28.437647384604787,0.8441543875634531
"[0.4011276167706002, 0.6643150070355525, -0.8880946995799559, 0.5204519610999072]",28.43766097104434,0.8442172200448497
"[0.401118996489039, 0.6643129657147373, -0.8880938961845322, 0.5204541279273439]",28.437674563420703,0.8442800525262464
"[0.40111037618747086, 0.664310924591167, -0.8880930928926289, 0.5204562945539075]",28.437688153497714,0.8443428850076429
"[0.40110175652007896, 0.6643088838197343, -0.8880922897651996, 0.5204584608151741]",28.437701748280276,0.8444057174890395
"[0.40109313713105216, 0.6643068433161502, -0.8880914867690796, 0.5204606268006096]",28.437715345801156,0.8444685499704362
"[0.4010845179453005, 0.6643048030626337, -0.8880906838972693, 0.5204627925290806]",28.437728946491777,0.8445313824518327
"[0.40107589892812995, 0.6643027630508798, -0.8880898811465339, 0.5204649580094024]",28.4377425476667,0.8445942149332293
"[0.40106728017598914, 0.6643007233037649, -0.8880890785258537, 0.5204671232172798]",28.43775615717157,0.844657047414626
"[0.40105866176474403, 0.6642986838391896, -0.8880882760422871, 0.5204692881337079]",28.437769761760514,0.8447198798960225
"[0.4010500436603084, 0.6642966446490555, -0.8880874736926518, 0.5204714527672761]",28.437783370897492,0.8447827123774192
"[0.4010414258996464, 0.6642946057420779, -0.8880866714803826, 0.5204736171087271]",28.43779698509851,0.8448455448588158
"[0.40103280827937093, 0.6642925670701096, -0.888085869386542, 0.5204757812091644]",28.437810601270925,0.8449083773402123
"[0.40102419058725397, 0.6642905285829501, -0.8880850673913794, 0.5204779451218705]",28.43782421743717,0.844971209821609
"[0.40101557360517504, 0.6642884904654673, -0.8880842655676529, 0.5204801086505993]",28.43783783737866,0.8450340423030056
"[0.40100695692290195, 0.6642864526206407, -0.888083463877175, 0.5204822718983324]",28.437851462786682,0.8450968747844021
"[0.40099834047889366, 0.6642844150338676, -0.8880826623142151, 0.5204844348805648]",28.43786508415843,0.8451597072657988
"[0.4009897246968099, 0.6642823778052961, -0.8880818609181725, 0.5204865974909797]",28.43787871834595,0.8452225397471954
"[0.4009811086236175, 0.6642803407095558, -0.8880810596003987, 0.5204887599688115]",28.437892347061624,0.8452853722285919
"[0.40097249263946266, 0.6642783038365216, -0.8880802583962568, 0.5204909222186489]",28.43790598079059,0.8453482047099886
"[0.40096387735688244, 0.6642762673309657, -0.8880794573626966, 0.5204930840868017]",28.43791961709718,0.8454110371913852
"[0.4009552624675476, 0.6642742311199564, -0.8880786564710341, 0.5204952456506851]",28.43793325545964,0.8454738696727819
"[0.4009466475820896, 0.6642721951114399, -0.8880778556850691, 0.5204974070080127]",28.437946898872006,0.8455367021541784
"[0.40093803317097143, 0.6642701594165784, -0.8880770550485283, 0.5204995680407737]",28.43796054145643,0.845599534635575
"[0.4009294189260846, 0.6642681239625308, -0.8880762545327683, 0.5205017288262875]",28.437974189842723,0.8456623671169717
"[0.40092080456548973, 0.6642660886826667, -0.8880754541115917, 0.5205038894352821]",28.437987838698884,0.8457251995983682
"[0.4009121908981224, 0.6642640537680842, -0.8880746538601576, 0.5205060496648845]",28.43800148844872,0.8457880320797648
"[0.4009035778052824, 0.6642620191906774, -0.888073853767418, 0.5205082095449263]",28.438015146061108,0.8458508645611615
"[0.4008949643506266, 0.6642599847292554, -0.8880730537463949, 0.5205103693102143]",28.438028797305318,0.845913697042558
"[0.4008863518908294, 0.6642579507042295, -0.8880722539230889, 0.5205125286205962]",28.43804246287304,0.8459765295239549
"[0.4008777390813143, 0.6642559167980145, -0.8880714541726248, 0.5205146878132131]",28.43805612533957,0.8460393620053513
"[0.4008691272146668, 0.6642538833158231, -0.8880706546150199, 0.5205168465640455]",28.43806979149747,0.846102194486748
"[0.40086051498423647, 0.6642518499490924, -0.8880698551289544, 0.5205190052006582]",28.438083460167796,0.8461650269681447
"[0.40085190316311925, 0.664249816880349, -0.8880690557861985, 0.5205211635292747]",28.43809712536576,0.8462278594495412
"[0.40084329161175425, 0.6642477840765899, -0.8880682565737918, 0.5205233215849251]",28.4381107996615,0.8462906919309378
"[0.4008346803269375, 0.6642457515370563, -0.88806745749143, 0.520525479368409]",28.438124474332298,0.8463535244123345
"[0.4008260694743134, 0.6642437193008002, -0.8880666585544765, 0.5205276368382616]",28.438138155283646,0.846416356893731
"[0.40081745917413336, 0.6642416873961616, -0.8880658597740745, 0.5205297939643897]",28.43815183403866,0.8464791893751277
"[0.40080884885208307, 0.6642396556875831, -0.8880650610969398, 0.5205319508906986]",28.438165520759107,0.8465420218565243
"[0.40080023857681174, 0.6642376241912603, -0.8880642625294435, 0.5205341075999893]",28.43817920426004,0.8466048543379208
"[0.4007916287503005, 0.664235593001995, -0.8880634641088636, 0.5205362639916115]",28.438192890551974,0.8466676868193175
"[0.40078301886232337, 0.6642335619993961, -0.8880626657878821, 0.5205384201933714]",28.438206584110244,0.8467305193007141
"[0.40077440988570984, 0.6642315314129204, -0.8880618676566902, 0.52054057596166]",28.43822027486358,0.8467933517821106
"[0.4007658014139106, 0.6642295011466143, -0.8880610696775745, 0.52054273139834]",28.43823397679299,0.8468561842635073
"[0.40075719205577887, 0.6642274708723754, -0.8880602717215927, 0.5205448868517365]",28.438247671907323,0.8469190167449039
"[0.40074858414839687, 0.6642254411413225, -0.8880594740053496, 0.5205470417367453]",28.438261375595893,0.8469818492263004
"[0.4007399757719597, 0.66422341150072, -0.8880586763509194, 0.5205491965340111]",28.438275077084143,0.8470446817076971
"[0.40073136782520014, 0.6642213821624603, -0.8880578788415834, 0.5205513510185699]",28.438288784173906,0.8471075141890937
"[0.40072276033983834, 0.6642193531339814, -0.8880570814802686, 0.5205535051825184]",28.438302495234645,0.8471703466704904
"[0.40071415299873375, 0.6642173243404933, -0.8880562842375901, 0.5205556591052533]",28.438316208760863,0.8472331791518869
"[0.4007055457539934, 0.6642152957706912, -0.8880554871091115, 0.5205578127987706]",28.438329919021143,0.8472960116332835
"[0.40069693924713656, 0.6642132675757305, -0.888054690154234, 0.5205599661025855]",28.43834363802562,0.8473588441146802
"[0.4006883325039008, 0.6642112395259926, -0.8880538932827368, 0.5205621192604746]",28.43835735424015,0.8474216765960767
"[0.4006797266637418, 0.6642092118899401, -0.888053096600111, 0.5205642719874075]",28.438371079132402,0.8474845090774733
"[0.4006711206028166, 0.6642071844027497, -0.8880523000023088, 0.5205664245645396]",28.43838480375073,0.84754734155887
"[0.40066251534121605, 0.664205157304715, -0.8880515035837467, 0.5205685767367452]",28.43839853314178,0.8476101740402665
"[0.4006539100809169, 0.6642031304078112, -0.8880507072705565, 0.5205707287036445]",28.438412265804068,0.8476730065216632
"[0.400645304675073, 0.6642011036774477, -0.8880499110491568, 0.5205728805019572]",28.438425993948126,0.8477358390030598
"[0.40063669980359823, 0.6641990772737327, -0.8880491149824542, 0.5205750319616893]",28.438439729726923,0.8477986714844563
"[0.40062809532233745, 0.6641970511626779, -0.8880483190571, 0.5205771831189201]",28.438453469235753,0.847861503965853
"[0.40061949086255455, 0.6641950252574371, -0.8880475232389823, 0.5205793340658493]",28.43846720560209,0.8479243364472496
"[0.4006108870034476, 0.6641929996943393, -0.8880467275816644, 0.5205814846577284]",28.438480950356627,0.8479871689286461
"[0.40060228290043665, 0.664190974274548, -0.8880459320070386, 0.5205836351056604]",28.43849469506906,0.8480500014100429
"[0.4005936801313578, 0.6641889493694119, -0.8880451366609846, 0.5205857850153679]",28.438508447062308,0.8481128338914394
"[0.4005850765792502, 0.6641869244806415, -0.888044341347778, 0.5205879349158943]",28.43852219529042,0.8481756663728361
"[0.40057647389814316, 0.6641848999975017, -0.8880435462203203, 0.5205900843939372]",28.43853594702267,0.8482384988542327
"[0.400567871472706, 0.6641828757751358, -0.8880427512217219, 0.5205922336032909]",28.438549708461256,0.8483013313356292
"[0.40055926881978776, 0.6641808516998459, -0.8880419563073356, 0.5205943826646675]",28.438563462353624,0.848364163817026
"[0.40055066673797496, 0.6641788279595053, -0.8880411615509515, 0.5205965313785874]",28.438577225917495,0.8484269962984226
"[0.4005420655042737, 0.6641768046192409, -0.8880403669781411, 0.5205986796758936]",28.438590991455026,0.848489828779819
"[0.4005334639714663, 0.6641747814091087, -0.8880395724829203, 0.5206008278431977]",28.43860475680966,0.8485526612612158
"[0.4005248624329799, 0.6641727583981754, -0.8880387780924014, 0.5206029758071602]",28.438618524670183,0.8486154937426124
"[0.40051626167231785, 0.6641707357706614, -0.8880379838789353, 0.5206051233721762]",28.438632298188455,0.8486783262240091
"[0.400507660906779, 0.6641687133424675, -0.8880371897702349, 0.5206072707337107]",28.438646071915265,0.8487411587054056
"[0.4004990603837577, 0.664166691171747, -0.888036395789143, 0.5206094178300127]",28.43865984905058,0.8488039911868022
"[0.40049046058815235, 0.6641646693724694, -0.8880356019804104, 0.5206115645400645]",28.43867362688044,0.8488668236681989
"[0.40048186063279356, 0.6641626477360328, -0.888034808262141, 0.5206137110853506]",28.43868740779172,0.8489296561495954
"[0.4004732612383934, 0.6641606264318373, -0.8880340147008485, 0.5206158572859982]",28.43870119372856,0.848992488630992
"[0.400464662126023, 0.6641586053942801, -0.8880332212707817, 0.5206180032116574]",28.438714983273265,0.8490553211123887
"[0.4004560626701291, 0.6641565844763344, -0.8880324279142268, 0.5206201490184345]",28.43872876772757,0.8491181535937852
"[0.4004474640203396, 0.6641545639481439, -0.8880316347372413, 0.5206222944194863]",28.43874256440611,0.8491809860751818
"[0.4004388654557872, 0.6641525436402669, -0.8880308416733171, 0.5206244395947204]",28.438756356793732,0.8492438185565785
"[0.400430267121976, 0.6641505235868871, -0.8880300487358725, 0.5206265845078331]",28.43877015375715,0.849306651037975
"[0.40042166933975376, 0.6641485038633359, -0.8880292559544862, 0.5206287290788318]",28.438783954366585,0.8493694835193717
"[0.4004130719305206, 0.6641464844276221, -0.8880284633126776, 0.5206308733522959]",28.438797759076508,0.8494323160007683
"[0.4004044745877652, 0.6641444652077251, -0.8880276707821838, 0.5206330174046929]",28.4388115631033,0.8494951484821648
"[0.40039587763501894, 0.6641424462796046, -0.8880268783928252, 0.5206351611553608]",28.438825369199158,0.8495579809635615
"[0.40038728049026184, 0.6641404275065632, -0.888026086090957, 0.5206373047494431]",28.43883917866368,0.8496208134449581
"[0.40037868431437607, 0.6641384091611694, -0.8880252939835546, 0.520639447897512]",28.43885299619384,0.8496836459263546
"[0.4003700874461189, 0.6641363908533295, -0.8880245019175402, 0.5206415910137773]",28.438866811805852,0.8497464784077513
"[0.40036149255448705, 0.6641343732096193, -0.8880237101388003, 0.520643733432909]",28.43888063208569,0.8498093108891479
"[0.40035289613916986, 0.6641323554083118, -0.8880229183248752, 0.5206458760274456]",28.438894450481673,0.8498721433705446
"[0.4003443007942828, 0.6641303380583198, -0.888022126714721, 0.5206480181508116]",28.438908273070503,0.8499349758519411
"[0.4003357054859199, 0.6641283209169355, -0.8880213352131018, 0.520650160060719]",28.438922097103198,0.8499978083333377
"[0.400327110979308, 0.6641263041637046, -0.8880205438904726, 0.5206523015665097]",28.43893592848785,0.8500606408147344
"[0.400318516410755, 0.6641242875959203, -0.8880197526673012, 0.520654442883424]",28.43894975631342,0.850123473296131
"[0.40030992215521954, 0.6641222713015453, -0.888018961578107, 0.5206565839180513]",28.43896359543696,0.8501863057775275
"[0.4003013276430477, 0.6641202551469181, -0.8880181705704564, 0.5206587248123176]",28.438977426953755,0.8502491382589242
"[0.4002927341232838, 0.6641182394250164, -0.8880173797592991, 0.5206608652551119]",28.438991265308758,0.8503119707403208
"[0.4002841409612073, 0.6641162239869065, -0.8880165890862044, 0.520663005404576]",28.43900511112889,0.8503748032217175
"[0.4002755472418756, 0.6641142086179833, -0.8880157984669944, 0.52066514548859]",28.439018954956364,0.850437635703114
"[0.40026695484021596, 0.6641121937579236, -0.8880150080741529, 0.5206672850402618]",28.439032801136143,0.8505004681845106
"[0.4002583620101191, 0.664110178997235, -0.8880142177470473, 0.5206694244944197]",28.43904665018103,0.8505633006659074
"[0.40024976936601236, 0.6641081644799809, -0.8880134275421985, 0.5206715636980791]",28.439060500106525,0.8506261331473038
"[0.4002411772382919, 0.6641061502835881, -0.888012637489983, 0.5206737025690147]",28.439074353686514,0.8506889656287004
"[0.40023258532646183, 0.6641041363375795, -0.8880118475627596, 0.5206758411820602]",28.439088212546746,0.8507517981100972
"[0.4002239941055411, 0.6641021227532636, -0.8880110578041897, 0.5206779794190097]",28.439102074999788,0.8508146305914936
"[0.40021540302278563, 0.6641001094010383, -0.8880102681634506, 0.5206801174174827]",28.439115935022574,0.8508774630728902
"[0.4002068114666281, 0.6640980961375976, -0.8880094785843404, 0.5206822553296521]",28.439129797021966,0.850940295554287
"[0.40019822056831744, 0.6640960832280083, -0.8880086891708249, 0.520684392874034]",28.439143662987522,0.8510031280356835
"[0.40018963033675664, 0.6640940706743006, -0.8880078999237012, 0.5206865300484664]",28.439157535601687,0.8510659605170802
"[0.4001810408833812, 0.6640920585025215, -0.8880071108531865, 0.5206886668252813]",28.439171411892143,0.8511287929984768
"[0.40017245035762394, 0.6640900462791672, -0.8880063217892874, 0.5206908036648221]",28.439185283922637,0.8511916254798733
"[0.4001638605009312, 0.6640880344121345, -0.888005532891973, 0.5206929401339289]",28.439199159158576,0.85125445796127
"[0.40015527184882865, 0.664086023026794, -0.8880047442103957, 0.5206950760994565]",28.43921304404088,0.8513172904426666
"[0.400146682483044, 0.6640840116738744, -0.8880039555683995, 0.5206972120384972]",28.43922692630174,0.8513801229240631
"[0.4001380930800028, 0.664082000511786, -0.8880031670281093, 0.520699347782825]",28.43924080689678,0.8514429554054598
"[0.4001295050236502, 0.6640799898645267, -0.8880023787165566, 0.5207014829883644]",28.439254698985856,0.8515057878868564
"[0.4001209170188611, 0.6640779794288189, -0.8880015905148381, 0.5207036179771736]",28.439268592415946,0.8515686203682531
"[0.400112328934049, 0.6640759691738314, -0.8880008024108832, 0.5207057527819895]",28.439282482843577,0.8516314528496496
"[0.40010374084278605, 0.6640739591168056, -0.8880000144114483, 0.5207078873844965]",28.43929637731329,0.8516942853310462
"[0.40009515354212877, 0.6640719494442502, -0.8879992265896571, 0.5207100215866236]",28.43931027701316,0.8517571178124429
"[0.40008656618446237, 0.6640699399577747, -0.8879984388677382, 0.5207121555990472]",28.43932417768027,0.8518199502938394
"[0.40007797956878594, 0.6640679308442827, -0.8879976513189763, 0.5207142892232779]",28.439338079363292,0.851882782775236
"[0.40006939278315545, 0.6640659218904018, -0.8879968638597231, 0.5207164226859033]",28.43935198508025,0.8519456152566327
"[0.40006080647862874, 0.6640639132484201, -0.8879960765496833, 0.5207185558251921]",28.439365893556406,0.8520084477380292
"[0.4000522207150193, 0.6640619049322872, -0.8879952893943265, 0.5207206886263226]",28.43937980682264,0.852071280219426
"[0.4000436346245418, 0.6640598967390003, -0.8879945023140938, 0.5207228213048765]",28.439393719936398,0.8521341127008225
"[0.4000350496073152, 0.6640578889959984, -0.8879937154373236, 0.5207249535131098]",28.439407638333147,0.8521969451822191
"[0.40002646443688494, 0.664055881416415, -0.88799292865159, 0.5207270855556669]",28.439421557733784,0.8522597776636158
"[0.4000178788632521, 0.6640538739417969, -0.8879921419339967, 0.52072921749462]",28.43943547593356,0.8523226101450123
"[0.40000929389546624, 0.6640518668080689, -0.887991355377006, 0.5207313490794117]",28.439449398495555,0.8523854426264089
"[0.40000070960546646, 0.6640498600319938, -0.8879905689871894, 0.5207334802922324]",28.439463325326354,0.8524482751078056
"[0.39999212607715023, 0.6640478536331238, -0.8879897827722113, 0.5207356111123109]",28.439477258612655,0.8525111075892021
"[0.3999835421800687, 0.6640458473471976, -0.887988996628524, 0.5207377418202896]",28.439491189365683,0.8525739400705987
"[0.3999749583608354, 0.6640438412786193, -0.8879882105970393, 0.5207398723052845]",28.439505125431726,0.8526367725519954
"[0.3999663751285362, 0.6640418355462782, -0.8879874247243678, 0.5207420024410289]",28.43951905947966,0.8526996050333919
"[0.3999577915678507, 0.6640398299363177, -0.8879866389267026, 0.5207441324546354]",28.439532998843838,0.8527624375147886
"[0.3999492091441561, 0.6640378247910793, -0.8879858533381839, 0.5207462619825223]",28.439546939770086,0.8528252699961852
"[0.3999406267395047, 0.6640358198493231, -0.8879850678564645, 0.5207483913021279]",28.439560886557505,0.8528881024775817
"[0.3999320440524394, 0.6640338150406262, -0.8879842824539627, 0.5207505204882394]",28.43957483418509,0.8529509349589784
"[0.39992346211960955, 0.664031810607113, -0.8879834972255383, 0.5207526492837046]",28.439588781233393,0.853013767440375
"[0.39991488103922074, 0.6640298065716527, -0.8879827121801522, 0.5207547776642285]",28.43960273647173,0.8530765999217715
"[0.3999062994066538, 0.6640278026061955, -0.8879819271893007, 0.5207569059782095]",28.439616691560914,0.8531394324031683
"[0.39989771803692253, 0.6640257989010541, -0.8879811423275448, 0.5207590340235214]",28.439630647198424,0.8532022648845649
"[0.39988913742019466, 0.6640237955706451, -0.8879803576397017, 0.5207611616786405]",28.439644607650912,0.8532650973659616
"[0.39988055679800816, 0.6640217924378623, -0.8879795730564022, 0.5207632891316573]",28.43965857011156,0.8533279298473581
"[0.39987197625978427, 0.664019789523535, -0.887978788585825, 0.5207654163604464]",28.439672533245737,0.8533907623287547
"[0.3998633959828219, 0.6640177868690641, -0.8879780042441779, 0.5207675433210293]",28.43968650460327,0.8534535948101514
"[0.39985481693594105, 0.6640157847005053, -0.8879772201199996, 0.5207696697733122]",28.43970047676197,0.8535164272915479
"[0.39984623724310053, 0.6640137825799856, -0.8879764360418133, 0.5207717961823439]",28.43971444618219,0.8535792597729445
"[0.399837658008519, 0.6640117807651986, -0.8879756521105393, 0.5207739222744276]",28.439728422323796,0.8536420922543412
"[0.39982907899181447, 0.6640097792000128, -0.887974868304204, 0.5207760481091738]",28.439742401443286,0.8537049247357377
"[0.39982050013851445, 0.6640077778716992, -0.8879740846178287, 0.5207781737000964]",28.4397563799688,0.8537677572171344
"[0.39981192137427857, 0.664005776762897, -0.8879733010446215, 0.5207802990656277]",28.439770364770155,0.853830589698531
"[0.39980334401096845, 0.6640037761795565, -0.8879725177043831, 0.520782423880813]",28.43978434957809,0.8538934221799275
"[0.39979476595667796, 0.6640017756337384, -0.8879717344060585, 0.520784548663885]",28.43979834064598,0.8539562546613242
"[0.3997861883829265, 0.6639997753986251, -0.8879709512566324, 0.5207866731246928]",28.439812329690962,0.8540190871427208
"[0.3997776110461916, 0.6639977754174301, -0.8879701682338618, 0.5207887973235417]",28.439826325686692,0.8540819196241173
"[0.39976903403675174, 0.6639957757111632, -0.8879693853459817, 0.5207909212381115]",28.439840321193977,0.8541447521055141
"[0.3997604570420754, 0.6639937762069382, -0.887968602564464, 0.5207930449458099]",28.43985431954687,0.8542075845869106
"[0.399751880850763, 0.6639917770885596, -0.8879678199612692, 0.5207951682514093]",28.439868320289516,0.8542704170683071
"[0.3997433045671738, 0.6639897781472204, -0.8879670374546585, 0.520797291376681]",28.439882321674673,0.8543332495497039
"[0.3997347281211795, 0.6639877793665745, -0.8879662550382427, 0.5207994143389822]",28.439896326756394,0.8543960820311004
"[0.399726153048256, 0.6639857811044189, -0.8879654728520833, 0.5208015367582794]",28.439910338690826,0.8544589145124971
"[0.3997175776367002, 0.6639837829618316, -0.8879646907400296, 0.5208036590582743]",28.43992435051785,0.8545217469938937
"[0.3997090025156112, 0.6639817850853899, -0.8879639087594642, 0.5208057810832762]",28.43993836326436,0.8545845794752902
"[0.39970042810245565, 0.6639797875723137, -0.8879631269484415, 0.520807902730018]",28.4399523855198,0.8546474119566869
"[0.39969185314143446, 0.6639777901300354, -0.8879623451924605, 0.5208100243092424]",28.43996639993576,0.8547102444380835
"[0.39968327899327555, 0.6639757930755034, -0.8879615636155745, 0.5208121454842985]",28.43998041916184,0.85477307691948
"[0.3996747045409156, 0.6639737961485095, -0.8879607821159526, 0.5208142665315606]",28.43999444813575,0.8548359094008767
"[0.3996661312286157, 0.6639717996853853, -0.8879600008252169, 0.5208163870937852]",28.44000847420953,0.8548987418822733
"[0.39965755719142637, 0.6639698032517853, -0.8879592195734112, 0.520818507632313]",28.440022501072214,0.85496157436367
"[0.3996489840831612, 0.6639678072328123, -0.8879584385112287, 0.5208206277380939]",28.44003653398867,0.8550244068450665
"[0.399640411140437, 0.66396581145068, -0.8879576575691036, 0.5208227475999612]",28.440050566274532,0.8550872393264631
"[0.39963183859983337, 0.6639638159604119, -0.8879568767685824, 0.520824867159465]",28.440064605019572,0.8551500718078598
"[0.3996232661831137, 0.6639618206972412, -0.8879560960843162, 0.5208269864853918]",28.440078646989793,0.8552129042892563
"[0.3996146942981704, 0.6639598257560654, -0.8879553155534452, 0.5208291054769382]",28.440092688037392,0.8552757367706529
"[0.3996061227771589, 0.6639578310978008, -0.8879545351606718, 0.5208312241756109]",28.440106736403,0.8553385692520497
"[0.3995975504566451, 0.6639558364516605, -0.8879537548000853, 0.5208333428690335]",28.44012077970088,0.8554014017334461
"[0.3995889796907843, 0.663953842365434, -0.8879529746859807, 0.5208354609753416]",28.440134830503336,0.8554642342148429
"[0.3995804085771368, 0.6639518483964386, -0.8879521946451787, 0.5208375789647426]",28.440148883496757,0.8555270666962395
"[0.39957183748571445, 0.6639498546307417, -0.8879514147113645, 0.5208396967458127]",28.440162936582958,0.855589899177636
"[0.39956326707259193, 0.6639478612209422, -0.8879506349442292, 0.5208418141564538]",28.440176997481764,0.8556527316590327
"[0.3995546966947461, 0.6639458680174211, -0.8879498552852594, 0.5208439313555873]",28.44019105695438,0.8557155641404293
"[0.39954612738400797, 0.6639438752601258, -0.8879490758283062, 0.5208460480883303]",28.440205120529992,0.8557783966218258
"[0.3995375577960586, 0.6639418826363865, -0.8879482964510816, 0.5208481646868]",28.440219185256662,0.8558412291032225
"[0.3995289874957601, 0.6639398900450626, -0.8879475171140335, 0.5208502812584251]",28.4402332490115,0.8559040615846191
"[0.3995204186663684, 0.6639378979937207, -0.887946738015686, 0.5208523972640512]",28.440247319687103,0.8559668940660158
"[0.39951185012030443, 0.6639359062062054, -0.8879459590480334, 0.5208545129970109]",28.440261397069754,0.8560297265474123
"[0.3995032812177207, 0.6639339145337807, -0.8879451801529129, 0.5208566286152894]",28.440275471004316,0.8560925590288089
"[0.39949471314903556, 0.6639319232531075, -0.8879444014385263, 0.5208587438250037]",28.44028955008234,0.8561553915102056
"[0.399486145004959, 0.6639299321528171, -0.8879436228222229, 0.5208608588506712]",28.44030363093794,0.8562182239916021
"[0.39947757722676036, 0.6639279413354615, -0.8879428443441008, 0.5208629735833504]",28.44031771321555,0.8562810564729987
"[0.3994690101166104, 0.6639259508711636, -0.887942066031602, 0.5208650879485489]",28.440331800207193,0.8563438889543954
"[0.39946044236770223, 0.6639239604563331, -0.887941287766007, 0.5208672022687473]",28.44034588687166,0.856406721435792
"[0.39945187583523284, 0.6639219705219177, -0.8879405097158299, 0.5208693160861665]",28.4403599800456,0.8564695539171885
"[0.399443308823469, 0.6639199806739784, -0.8879397317270478, 0.5208714298192634]",28.44037407106336,0.8565323863985852
"[0.39943474234692344, 0.6639179911481445, -0.8879389538917936, 0.5208735432177333]",28.440388167867493,0.8565952188799818
"[0.39942617621985027, 0.6639160019012377, -0.8879381761931896, 0.5208756563274368]",28.440402266544286,0.8566580513613785
"[0.3994176102613588, 0.6639140128912245, -0.8879373986148086, 0.5208777691930185]",28.440416362674775,0.856720883842775
"[0.3994090452057407, 0.6639120242885614, -0.8879366212232898, 0.5208798816334016]",28.440430473728483,0.8567837163241716
"[0.39940047967923653, 0.6639100357742701, -0.8879358438939435, 0.5208819939874216]",28.440444580313816,0.8568465488055683
"[0.39939191420414344, 0.6639080474696332, -0.8879350666741803, 0.5208841061262376]",28.44045868205669,0.8569093812869648
"[0.3993833495291967, 0.6639060595483472, -0.8879342896319292, 0.520886217865332]",28.440472795715344,0.8569722137683614
"[0.399374785277084, 0.6639040719228531, -0.8879335127329384, 0.5208883292977076]",28.44048691014548,0.8570350462497581
"[0.39936622108599734, 0.6639020845091328, -0.8879327359443827, 0.5208904405126107]",28.440501027036753,0.8570978787311546
"[0.39935765712201904, 0.6639000973457114, -0.8879319592813251, 0.5208925514691104]",28.440515145499848,0.8571607112125513
"[0.3993490936568439, 0.6638981104955922, -0.8879311827683967, 0.5208946621002732]",28.440529268655705,0.8572235436939479
"[0.3993405299384201, 0.6638961237842772, -0.8879304063374027, 0.5208967725914626]",28.44054339105891,0.8572863761753444
"[0.39933196736008686, 0.6638941375349692, -0.8879296301146585, 0.5208988825993326]",28.44055752157977,0.8573492086567411
"[0.3993234040845103, 0.6638921513214384, -0.887928853933601, 0.5209009925766643]",28.440571649377482,0.8574120411381377
"[0.3993148414091353, 0.6638901654446179, -0.8879280779118371, 0.5209031022037682]",28.440585782027075,0.8574748736195342
"[0.39930627906366445, 0.6638881798417742, -0.887927302024858, 0.5209052115472806]",28.440599916176275,0.8575377061009309
"[0.3992977175129678, 0.6638861946206694, -0.8879265263147712, 0.5209073204927175]",28.440614055078576,0.8576005385823275
"[0.39928915552333233, 0.6638842094952113, -0.887925750669796, 0.5209094293439945]",28.440628191853015,0.8576633710637243
"[0.3992805936410544, 0.6638822245920639, -0.8879249751394317, 0.5209115379665494]",28.440642333746812,0.8577262035451207
"[0.39927203279342377, 0.663880240126151, -0.8879241998076559, 0.5209136461320549]",28.440656478852926,0.8577890360265173
"[0.3992634712181644, 0.6638782556889469, -0.8879234245148623, 0.520915754274496]",28.440670621523136,0.8578518685079141
"[0.3992549106961063, 0.6638762716931988, -0.8879226494223127, 0.5209178619553904]",28.440684775771533,0.8579147009893106
"[0.39924635026813865, 0.6638742879165752, -0.8879218744431492, 0.5209199694109234]",28.4406989275298,0.8579775334707072
"[0.3992377900323815, 0.6638723043818078, -0.8879210995862539, 0.5209220766169398]",28.44071308112811,0.8580403659521039
"[0.3992292305732703, 0.6638703212242376, -0.887920324904516, 0.520924183429656]",28.44072723903944,0.8581031984335004
"[0.3992206708002649, 0.6638683381912106, -0.8879195502992298, 0.5209262901174714]",28.44074139797476,0.858166030914897
"[0.3992121113448844, 0.6638663554290073, -0.8879187758275487, 0.5209283965249796]",28.440755563916774,0.8582288633962937
"[0.3992035525124123, 0.6638643730083058, -0.8879180015170818, 0.520930502577089]",28.440769728921616,0.8582916958776902
"[0.3991949932670328, 0.6638623906891709, -0.8879172272741205, 0.520932608528692]",28.440783895974644,0.858354528359087
"[0.39918643481450755, 0.6638604087508349, -0.8879164532077314, 0.5209347140831356]",28.440798061778235,0.8584173608404835
"[0.3991778761245515, 0.6638584269546798, -0.8879156792247247, 0.5209368194939151]",28.440812234854107,0.8584801933218801
"[0.3991693188984706, 0.6638564456945989, -0.887914905478935, 0.5209389243425615]",28.440826414219046,0.8585430258032768
"[0.3991607609562917, 0.6638544644658262, -0.8879141317732404, 0.5209410291653209]",28.440840590553922,0.8586058582846733
"[0.3991522035076785, 0.6638524835484108, -0.8879133582170115, 0.520943133664669]",28.44085477279689,0.8586686907660699
"[0.39914364605478336, 0.6638505028270817, -0.88791258476524, 0.5209452379630629]",28.440868952848373,0.8587315232474666
"[0.39913508942537856, 0.663848522493388, -0.8879118114927332, 0.5209473418569963]",28.440883139142887,0.8587943557288631
"[0.39912653306284496, 0.6638465424184762, -0.8879110383491721, 0.5209494454833558]",28.44089732817465,0.8588571882102598
"[0.3991179766047236, 0.6638445625184483, -0.8879102653018067, 0.5209515489312682]",28.44091151812183,0.8589200206916564
"[0.39910941999442984, 0.6638425827802145, -0.8879094923455336, 0.520953652214636]",28.44092570749122,0.8589828531730529
"[0.3991008643737882, 0.6638406034679054, -0.8879087195834877, 0.5209557550528395]",28.440939907857302,0.8590456856544496
"[0.3990923088820568, 0.6638386243823643, -0.8879079469379086, 0.5209578576574575]",28.44095410238514,0.8591085181358462
"[0.39908375377168426, 0.663836645581947, -0.88790717443159, 0.5209599599664861]",28.440968305087516,0.8591713506172427
"[0.39907519834266636, 0.6638346669047396, -0.8879064020013259, 0.5209620621519402]",28.44098250715125,0.8592341830986394
"[0.3990666441442401, 0.663832688709005, -0.8879056297869775, 0.5209641638331874]",28.440996715875343,0.859297015580036
"[0.39905808949770805, 0.6638307106064985, -0.8879048576369936, 0.5209662654227026]",28.441010924494375,0.8593598480614327
"[0.3990495351204832, 0.6638287327631084, -0.8879040856161354, 0.5209683667442359]",28.441025135114515,0.8594226805428292
"[0.39904098162348034, 0.6638267553200339, -0.8879033137795214, 0.5209704676477663]",28.441039347501714,0.8594855130242258
"[0.3990324276063465, 0.6638247779535233, -0.8879025420007852, 0.5209725684772529]",28.441053559398878,0.8595483455056225
"[0.3990238738949613, 0.6638228008544624, -0.8879017703544504, 0.5209746690298875]",28.441067778443653,0.859611177987019
"[0.3990153211582539, 0.6638208241774333, -0.8879009989008418, 0.5209767691414287]",28.441082003914385,0.8596740104684156
"[0.3990067679871258, 0.6638188475967425, -0.8879002275128548, 0.5209788691579007]",28.441096226542793,0.8597368429498123
"[0.3989982151874849, 0.6638168712986183, -0.8878994562631769, 0.5209809688814416]",28.441110450040178,0.8597996754312088
"[0.398989663247729, 0.6638148953958678, -0.8878986851958308, 0.520983068192192]",28.441124678353667,0.8598625079126054
"[0.39898111162813266, 0.663812919763742, -0.8878979142621368, 0.5209851672226852]",28.441138911820907,0.8599253403940021
"[0.3989725591938644, 0.6638109441400646, -0.887897143359802, 0.5209872662514695]",28.441153142712743,0.8599881728753986
"[0.3989640077638926, 0.6638089689450157, -0.8878963726527858, 0.5209893648321121]",28.44116737995285,0.8600510053567954
"[0.39895545624415996, 0.6638069939258469, -0.8878956020424724, 0.520991463233145]",28.44118161822485,0.860113837838192
"[0.3989469057411308, 0.6638050193380648, -0.8878948316285573, 0.5209935611830919]",28.44119585959015,0.8601766703195884
"[0.3989383552956096, 0.6638030449601127, -0.8878940613245995, 0.5209956589173458]",28.441210106169073,0.8602395028009852
"[0.3989298048103745, 0.6638010707695241, -0.8878932911218451, 0.5209977564597715]",28.44122435026503,0.8603023352823818
"[0.398921254555726, 0.663799096828707, -0.8878925210446416, 0.520999853744056]",28.441238600728262,0.8603651677637782
"[0.3989127044846102, 0.6637971231267712, -0.8878917510887482, 0.5210019507817635]",28.44125285167682,0.8604280002451751
"[0.39890415487090053, 0.663795149726893, -0.8878909812788207, 0.5210040475057655]",28.441267105270366,0.8604908327265716
"[0.39889560599089074, 0.6637931766928387, -0.887890211639718, 0.5210061438483017]",28.441281363665293,0.8605536652079683
"[0.39888705687071696, 0.6637912037997518, -0.8878894420837617, 0.5210082400482788]",28.441295623059833,0.8606164976893649
"[0.39887850738322095, 0.6637892310183435, -0.88788867259952, 0.5210103361368098]",28.441309883560947,0.8606793301707614
"[0.3988699590925124, 0.6637872587094931, -0.8878879033277577, 0.5210124317304529]",28.441324146622605,0.8607421626521581
"[0.39886141065924824, 0.663785286564131, -0.8878871341479302, 0.5210145271575897]",28.441338413871378,0.8608049951335547
"[0.39885286282965626, 0.6637833147543918, -0.8878863651271777, 0.5210166222353203]",28.44135268498423,0.8608678276149512
"[0.3988443148904865, 0.663781343115704, -0.8878855962013277, 0.5210187171384989]",28.441366955641946,0.8609306600963479
"[0.3988357676730838, 0.6637793718398072, -0.8878848274451556, 0.5210208116633919]",28.441381228902923,0.8609934925777445
"[0.39882722029545215, 0.6637774007232513, -0.8878840587793266, 0.521022906026164]",28.441395502882195,0.8610563250591412
"[0.39881867362537676, 0.663775429966132, -0.8878832902818752, 0.5210250000142027]",28.441409786068373,0.8611191575405377
"[0.3988101266480174, 0.6637734593344095, -0.8878825218615458, 0.5210270938761763]",28.441424068464553,0.8611819900219343
"[0.39880158035137925, 0.6637714890558687, -0.887881753607163, 0.5210291873700501]",28.44143835157109,0.861244822503331
"[0.39879303431208757, 0.6637695190328609, -0.8878809854806555, 0.5210312805995725]",28.441452638737314,0.8613076549847275
"[0.3987844887854902, 0.6637675493242141, -0.8878802175049638, 0.5210333735022312]",28.441466929839525,0.8613704874661241
"[0.3987759426954778, 0.6637655796818837, -0.8878794495833849, 0.521035466341579]",28.441481217935962,0.8614333199475208
"[0.39876739787761983, 0.6637636105288821, -0.8878786818808473, 0.5210375586681391]",28.441495517366814,0.8614961524289173
"[0.39875885261381605, 0.6637616414692399, -0.8878779142429792, 0.5210396509026428]",28.44150981347646,0.861558984910314
"[0.39875030787179083, 0.663759672725935, -0.887877146756716, 0.5210417428081587]",28.441524114805333,0.8616218173917106
"[0.3987417633647016, 0.6637577042328415, -0.8878763793962839, 0.5210438344549432]",28.44153841694727,0.8616846498731071
"[0.3987332190742214, 0.6637557359857154, -0.8878756121600325, 0.5210459258475005]",28.441552719034167,0.8617474823545038
"[0.39872467463764194, 0.6637537679009965, -0.8878748450153955, 0.5210480170746128]",28.441567026960563,0.8618103148359004
"[0.398716131507731, 0.6637518003132669, -0.88787407809279, 0.5210501077807564]",28.441581340686536,0.8618731473172969
"[0.39870758763105163, 0.6637498327495196, -0.8878733112078709, 0.5210521984685328]",28.44159564806656,0.8619359797986936
"[0.3986990448781817, 0.6637478656405623, -0.8878725445285359, 0.5210542886801671]",28.441609966128897,0.8619988122800902
"[0.3986905019600738, 0.6637458986895115, -0.8878717779390845, 0.5210563787311162]",28.441624282956266,0.8620616447614867
"[0.39868195923330113, 0.6637439319784545, -0.8878710114715171, 0.5210584685341505]",28.44163860238816,0.8621244772428834
"[0.39867341710731086, 0.6637419656016228, -0.8878702451625595, 0.5210605579891344]",28.441652923582115,0.86218730972428
"[0.39866487480228047, 0.6637399993794711, -0.8878694789422512, 0.5210626472868459]",28.44166725120063,0.8622501422056768
"[0.39865633271624945, 0.6637380334036163, -0.8878687128462984, 0.5210647363299279]",28.441681576877798,0.8623129746870732
"[0.398647791962123, 0.663736067930133, -0.8878679469744876, 0.5210668248462684]",28.44169591122219,0.8623758071684698
"[0.39863925007500817, 0.6637341023917583, -0.8878671811057859, 0.5210689134386375]",28.441710240181635,0.8624386396498666
"[0.3986307089373972, 0.6637321372216727, -0.8878664154089898, 0.5210710016467296]",28.44172457256668,0.8625014721312632
"[0.39862216843501785, 0.6637301723935288, -0.8878656498738333, 0.5210730894985353]",28.4417389133423,0.8625643046126596
"[0.398613627701495, 0.6637282077079844, -0.8878648844226553, 0.5210751772058727]",28.44175325494735,0.8626271370940564
"[0.3986050879132846, 0.6637262434356346, -0.8878641191608851, 0.5210772644811963]",28.44176759915259,0.862689969575453
"[0.39859654774298203, 0.6637242792711328, -0.8878633539695658, 0.5210793516489683]",28.441781944000816,0.8627528020568497
"[0.3985880084732723, 0.6637223155094584, -0.8878625889636197, 0.52108143839573]",28.44179628922221,0.8628156345382462
"[0.39857946891467416, 0.6637203518770284, -0.8878618240364783, 0.5210835250121931]",28.441810640001087,0.8628784670196428
"[0.3985709299333712, 0.6637183885730149, -0.8878610592657278, 0.5210856112867048]",28.44182499440939,0.8629412995010395
"[0.3985623910849189, 0.6637164254951872, -0.887860294611554, 0.5210876973278938]",28.44183935153945,0.863004131982436
"[0.3985538521331318, 0.663714462589242, -0.8878595300528106, 0.5210897831934591]",28.441853706143533,0.8630669644638326
"[0.39854531399242304, 0.6637125000653459, -0.887858765671363, 0.5210918686600627]",28.441868066920975,0.8631297969452293
"[0.3985367754401739, 0.6637105376424552, -0.8878580013577524, 0.5210939540263493]",28.44188243030409,0.8631926294266258
"[0.3985282376312051, 0.6637085755859817, -0.8878572372153488, 0.521096039010272]",28.44189679284871,0.8632554619080225
"[0.3985197005584486, 0.6637066138941952, -0.8878564732434969, 0.5210981236136658]",28.44191116428371,0.8633182943894191
"[0.3985111633597326, 0.6637046523689755, -0.8878557093650346, 0.5211002080470565]",28.4419255345376,0.8633811268708156
"[0.3985026262090692, 0.6637026910503202, -0.8878549455955379, 0.5211022922679339]",28.44193990683074,0.8634439593522123
"[0.3984940897289318, 0.6637007300811729, -0.8878541819906866, 0.521104376124393]",28.441954282913294,0.8635067918336089
"[0.3984855527844828, 0.6636987692008429, -0.8878534184489678, 0.5211064598934547]",28.441968658632128,0.8635696243150054
"[0.398477016859485, 0.6636968087501112, -0.8878526551030826, 0.5211085432129756]",28.44198304333406,0.8636324567964021
"[0.39846848063617113, 0.66369484842629, -0.8878518918351781, 0.5211106264046078]",28.441997423470326,0.8636952892777987
"[0.3984599456463762, 0.6636928885811262, -0.8878511287822095, 0.5211127090945517]",28.442011813656773,0.8637581217591952
"[0.39845140974818843, 0.6636909287227705, -0.8878503657526832, 0.5211147918054795]",28.44202620031811,0.8638209542405919
"[0.3984428750945215, 0.6636889693454705, -0.8878496029390461, 0.52111687401216]",28.442040593112033,0.8638837867219885
"[0.39843434013880463, 0.6636870100941793, -0.8878488402030561, 0.5211189560918871]",28.442054984546736,0.8639466192033852
"[0.3984258051141446, 0.6636850510223923, -0.8878480775655558, 0.5211210379878084]",28.442069377445,0.8640094516847817
"[0.39841727120772774, 0.6636830924025645, -0.8878473151326101, 0.5211231194103808]",28.44208378048536,0.8640722841661783
"[0.3984087369771813, 0.6636811339036203, -0.887846552775344, 0.5211252007114318]",28.442098179548427,0.864135116647575
"[0.39840020331186476, 0.6636791757296415, -0.8878457905732036, 0.5211272816740774]",28.442112585746475,0.8641979491289715
"[0.3983916699265876, 0.663677217815145, -0.887845028500705, 0.5211293623679012]",28.442126992498103,0.8642607816103681
"[0.39838313632690026, 0.6636752600466773, -0.8878442665136951, 0.5211314429134656]",28.44214139800731,0.8643236140917648
"[0.3983746032482316, 0.6636733025929441, -0.8878435046778399, 0.5211335231314792]",28.44215580654013,0.8643864465731613
"[0.39836607074990465, 0.6636713454674932, -0.8878427429984204, 0.521135603007539]",28.44217022320698,0.8644492790545582
"[0.39835753834399895, 0.66366938855839, -0.8878419814318725, 0.5211376826605933]",28.442184639936393,0.8645121115359546
"[0.39834900649026783, 0.6636674319710465, -0.8878412200192237, 0.5211397619786127]",28.44219905650535,0.8645749440173511
"[0.3983404742875208, 0.6636654754987787, -0.8878404586800498, 0.5211418411812396]",28.442213476833874,0.864637776498748
"[0.3983319426998963, 0.6636635193626487, -0.8878396975003809, 0.5211439200335405]",28.442227902547263,0.8647006089801444
"[0.3983234113033141, 0.6636615634653892, -0.887838936442371, 0.5211459986388773]",28.442242328396702,0.864763441461541
"[0.3983148798810267, 0.6636596077572932, -0.8878381754866846, 0.5211480770500709]",28.442256756464637,0.8648262739429378
"[0.3983063492119591, 0.6636576524168856, -0.8878374147027895, 0.521150155077389]",28.442271185810462,0.8648891064243343
"[0.39829781896097427, 0.6636556973672993, -0.8878366540607799, 0.5211522328025157]",28.44228562381648,0.864951938905731
"[0.3982892884936706, 0.6636537424631197, -0.8878358935040869, 0.5211543103799837]",28.442300058051504,0.8650147713871276
"[0.39828075862982704, 0.6636517878921938, -0.8878351331057965, 0.5211563876101536]",28.44231449717399,0.8650776038685241
"[0.39827222872312695, 0.6636498335063926, -0.8878343728082866, 0.5211584646504439]",28.44232893610593,0.8651404363499208
"[0.3982636990373063, 0.6636478793661297, -0.8878336126350661, 0.5211605414366446]",28.44234338012996,0.8652032688313174
"[0.39825517004197464, 0.6636459255789529, -0.887832852627974, 0.5211626178544513]",28.442357829837135,0.8652661013127139
"[0.39824664117120495, 0.6636439720151863, -0.8878320927365709, 0.521164694041673]",28.442372279454194,0.8653289337941106
"[0.3982381124460255, 0.6636420186796238, -0.8878313329627295, 0.5211667699932097]",28.442386730288924,0.8653917662755072
"[0.39822958386313173, 0.6636400655714958, -0.8878305733061542, 0.5211688457098734]",28.44240118075675,0.8654545987569037
"[0.39822105587287526, 0.6636381127939015, -0.8878298138069495, 0.5211709210820865]",28.442415638087738,0.8655174312383004
"[0.3982125281464192, 0.6636361602715032, -0.8878290544358177, 0.5211729961899111]",28.442430101806544,0.865580263719697
"[0.3982040001214375, 0.6636342078755425, -0.8878282951426899, 0.5211750711701835]",28.44244455948984,0.8656430962010937
"[0.3981954722464116, 0.6636322557086923, -0.8878275359675031, 0.5211771459137796]",28.44245901921601,0.8657059286824902
"[0.3981869460230102, 0.6636303041146391, -0.887826777043912, 0.5211792200554253]",28.442473490345478,0.8657687611638868
"[0.39817841883921734, 0.6636283524954755, -0.8878260181394104, 0.5211812942305672]",28.442487959518925,0.8658315936452835
"[0.3981698926723162, 0.6636264013037328, -0.8878252594299766, 0.5211833679582506]",28.44250243251577,0.86589442612668
"[0.3981613661980969, 0.6636244502363412, -0.8878245007977658, 0.5211854415605724]",28.442516905667016,0.8659572586080766
"[0.39815284013318386, 0.6636224994572633, -0.8878237423065408, 0.5211875148632673]",28.442531385286845,0.8660200910894733
"[0.39814431405015815, 0.6636205488686855, -0.8878229839182749, 0.521189587970287]",28.442545859842674,0.8660829235708698
"[0.39813578852346115, 0.6636185986020043, -0.8878222256840582, 0.5211916607419754]",28.44256034025789,0.8661457560522665
"[0.39812726331871173, 0.6636166486035633, -0.8878214675830335, 0.5211937332353532]",28.442574823767256,0.8662085885336631
"[0.3981187385285972, 0.6636146988945231, -0.887820709623434, 0.5211958054279257]",28.44258931185688,0.8662714210150596
"[0.39811021378992706, 0.6636127493918141, -0.8878199517729626, 0.5211978774079732]",28.442603801926335,0.8663342534964563
"[0.3981016891663558, 0.6636108001099446, -0.8878191940372804, 0.5211999491600727]",28.442618291863084,0.8663970859778529
"[0.39809316520583515, 0.663608851174205, -0.8878184364650825, 0.5212020205510546]",28.44263278742994,0.8664599184592494
"[0.3980846415125126, 0.6636069024940394, -0.8878176790211747, 0.5212040916771586]",28.442647287273836,0.8665227509406462
"[0.398076117561826, 0.6636049539495147, -0.8878169216589465, 0.5212061626658484]",28.442661781467923,0.8665855834220427
"[0.3980675944957204, 0.6636030058016485, -0.887816164479854, 0.5212082332396986]",28.442676287532578,0.8666484159034394
"[0.39805907161049553, 0.6636010578895324, -0.8878154074213656, 0.5212103035697243]",28.44269079132768,0.866711248384836
"[0.39805054821602964, 0.6635991100554606, -0.8878146504221901, 0.5212123738235358]",28.442705295774065,0.8667740808662325
"[0.39804202601341343, 0.6635971626881392, -0.8878138936334004, 0.5212144435879918]",28.44271980639615,0.8668369133476292
"[0.3980335036855762, 0.6635952154865679, -0.887813136938023, 0.5212165131830055]",28.442734316521992,0.8668997458290258
"[0.3980249814631329, 0.6635932685034308, -0.8878123803565383, 0.5212185825525751]",28.442748831505128,0.8669625783104223
"[0.3980164599440462, 0.6635913218753008, -0.887811623942021, 0.5212206515515377]",28.442763351548113,0.867025410791819
"[0.39800793824938946, 0.6635893754013734, -0.8878108676164476, 0.5212227203933147]",28.442777867798917,0.8670882432732157
"[0.3979994168059104, 0.6635874291791122, -0.8878101114176964, 0.5212247889743096]",28.442792389400772,0.8671510757546121
"[0.39799089610667693, 0.663585483321087, -0.887809355389508, 0.5212268571748697]",28.442806913485047,0.8672139082360089
"[0.397982374898977, 0.6635835375412025, -0.887808599420731, 0.5212289252990725]",28.44282143615598,0.8672767407174055
"[0.3979738546473817, 0.6635815921738712, -0.8878078436412923, 0.5212309929914724]",28.442835969235805,0.8673395731988022
"[0.3979653344879434, 0.6635796470217642, -0.8878070879745422, 0.5212330604618015]",28.442850499180818,0.8674024056801987
"[0.39795681496125307, 0.6635777022082909, -0.8878063324684169, 0.5212351275788826]",28.442865034285077,0.8674652381615953
"[0.3979482950339552, 0.6635757574975347, -0.8878055770312784, 0.5212371945934634]",28.442879571655364,0.867528070642992
"[0.39793977548663634, 0.6635738130676608, -0.8878048217323442, 0.5212392613161686]",28.442894110405028,0.8675909031243885
"[0.39793125638138754, 0.6635718689328044, -0.8878040665771081, 0.5212413277319677]",28.442908651378144,0.8676537356057851
"[0.39792273789447014, 0.6635699251331472, -0.8878033115811784, 0.5212433937981458]",28.442923201708076,0.8677165680871818
"[0.39791421903894525, 0.6635679814434736, -0.887802556657083, 0.5212454597540778]",28.44293774736915,0.8677794005685783
"[0.3979057009218303, 0.6635660381163063, -0.8878018019029197, 0.5212475253313537]",28.442952293843497,0.867842233049975
"[0.39789718295603266, 0.66356409501771, -0.8878010472666574, 0.5212495906723257]",28.442966848126446,0.8679050655313716
"[0.3978886653077252, 0.6635621521855587, -0.887800292763013, 0.5212516557367312]",28.44298140546869,0.8679678980127681
"[0.39788014726725307, 0.663560209457957, -0.8877995383291304, 0.5212537206966477]",28.44299595715828,0.8680307304941648
"[0.39787163021739674, 0.6635582671502704, -0.8877987840874738, 0.5212557852168608]",28.443010518032064,0.8680935629755614
"[0.3978631130944522, 0.6635563250198842, -0.8877980299438322, 0.5212578495552443]",28.443025077257264,0.8681563954569579
"[0.3978545965460918, 0.6635543832144357, -0.8877972759555489, 0.5212599135548662]",28.443039642951387,0.8682192279383546
"[0.3978460800280086, 0.6635524416098131, -0.8877965220744277, 0.5212619773476419]",28.443054210890303,0.8682820604197512
"[0.39783756398069353, 0.6635505003064095, -0.8877957683394562, 0.5212640408268543]",28.44306878183749,0.8683448929011479
"[0.3978290481230159, 0.6635485592401067, -0.8877950147257441, 0.5212661040606512]",28.443083354568007,0.8684077253825444
"[0.39782053240838255, 0.6635466184002682, -0.8877942612291654, 0.5212681670603334]",28.44309792514718,0.868470557863941
"[0.39781201703243296, 0.6635446778314484, -0.8877935078670272, 0.5212702297785362]",28.443112504894746,0.8685333903453377
"[0.3978035018671548, 0.6635427375044632, -0.8877927546279978, 0.5212722922462745]",28.4431270846779,0.8685962228267342
"[0.3977949869930153, 0.663540797437603, -0.8877920015191897, 0.5212743544441023]",28.44314166795276,0.8686590553081308
"[0.39778647241646975, 0.6635388576323223, -0.8877912485411684, 0.5212764163704657]",28.443156251253434,0.8687218877895275
"[0.3977779579777552, 0.6635369180522015, -0.8877904956798, 0.5212784780640727]",28.4431708395914,0.8687847202709241
"[0.39776944364908107, 0.6635349786908912, -0.8877897429326275, 0.521280539531667]",28.443185424690498,0.8688475527523208
"[0.3977609300289381, 0.6635330396846751, -0.8877889903525525, 0.5212826006283773]",28.443200019549664,0.8689103852337173
"[0.39775241674488665, 0.663531100948687, -0.8877882379066371, 0.5212846614444078]",28.44321461660721,0.8689732177151139
"[0.3977439034907116, 0.6635291624131698, -0.8877874855678137, 0.5212867220539023]",28.44322921459505,0.8690360501965106
"[0.39773539036511524, 0.663527224100588, -0.8877867333448063, 0.5212887824329762]",28.44324381050879,0.8690988826779071
"[0.3977268773174192, 0.6635252859993824, -0.8877859812331372, 0.5212908425939116]",28.443258413046763,0.8691617151593037
"[0.3977183648224231, 0.6635233482176225, -0.8877852292747468, 0.521292902421827]",28.44327301423052,0.8692245476407005
"[0.3977098529610461, 0.663521410773676, -0.887784477476765, 0.5212949618971908]",28.44328762462411,0.8692873801220969
"[0.3977013408234014, 0.6635194734604195, -0.8877837257588257, 0.5212970212401671]",28.44330223351609,0.8693502126034935
"[0.39769282903542885, 0.6635175364203003, -0.8877829741762084, 0.5212990802993308]",28.443316844147915,0.8694130450848903
"[0.3976843177737352, 0.6635155996934735, -0.8877822227444957, 0.5213011390319913]",28.443331460045243,0.8694758775662867
"[0.3976758063950947, 0.6635136631335476, -0.887781471406896, 0.5213031975937561]",28.443346076832448,0.8695387100476835
"[0.3976672954069753, 0.6635117268559768, -0.8877807202082048, 0.5213052558618917]",28.443360698413077,0.8696015425290801
"[0.397658784655439, 0.6635097908256994, -0.8877799691348276, 0.521307313873664]",28.443375317917116,0.8696643750104766
"[0.39765027472905334, 0.6635078551765508, -0.8877792182386905, 0.5213093714867987]",28.44338994495846,0.8697272074918733
"[0.39764176456796724, 0.6635059196674509, -0.8877784674262675, 0.5213114289575593]",28.443404571668875,0.8697900399732699
"[0.3976332548111897, 0.6635039844437096, -0.8877777167539368, 0.5213134861314748]",28.44341920246987,0.8698528724546664
"[0.39762474528092545, 0.6635020494648645, -0.8877769662060067, 0.5213155430515515]",28.443433832075357,0.8699157049360631
"[0.3976162357286132, 0.6635001146743807, -0.8877762157605543, 0.5213175997778817]",28.443448463628364,0.8699785374174597
"[0.39760772687236096, 0.6634981802355019, -0.8877754654809006, 0.5213196561369279]",28.443463104082053,0.8700413698988564
"[0.3975992183406957, 0.6634962460637283, -0.8877747153342755, 0.521321712218509]",28.4434777451519,0.8701042023802529
"[0.3975907097949878, 0.6634943120820697, -0.8877739652908225, 0.5213237681044627]",28.443492386253205,0.8701670348616495
"[0.3975822014870599, 0.6634923783477417, -0.8877732153727405, 0.5213258237339609]",28.443507029952073,0.8702298673430462
"[0.39757369318801994, 0.6634904448087118, -0.8877724655598542, 0.5213278791623116]",28.443521678091127,0.8702926998244427
"[0.3975651854671578, 0.663488511594331, -0.8877717159023271, 0.5213299342520025]",28.443536325063654,0.8703555323058393
"[0.3975566783463201, 0.6634865787095119, -0.8877709664020668, 0.5213319889978049]",28.443550980501453,0.870418364787236
"[0.39754817101004747, 0.663484645968917, -0.8877702169872262, 0.5213340435967382]",28.443565633891687,0.8704811972686325
"[0.3975396638654399, 0.663482713465076, -0.8877694676936714, 0.5213360979504306]",28.443580291124174,0.8705440297500292
"[0.3975311575273927, 0.6634807813376113, -0.8877687185755468, 0.5213381519104507]",28.443594951697307,0.8706068622314258
"[0.3975226511778068, 0.6634788494006638, -0.8877679695607954, 0.5213402056743714]",28.44360961486384,0.8706696947128223
"[0.39751414464966955, 0.6634769176163001, -0.8877672206347185, 0.5213422592825131]",28.44362427436986,0.8707325271942191
"[0.39750563832788377, 0.6634749860719201, -0.8877664718312075, 0.5213443126419588]",28.44363894138364,0.8707953596756156
"[0.39749713345955245, 0.6634730550506404, -0.8877657232600171, 0.5213463654517303]",28.443653614388168,0.8708581921570122
"[0.39748862775729016, 0.6634711240330824, -0.8877649747198118, 0.5213484182639565]",28.443668283878807,0.8709210246384089
"[0.3974801229051935, 0.6634691934015735, -0.8877642263588037, 0.5213504706721912]",28.44368296332667,0.8709838571198054
"[0.39747161826636157, 0.6634672630114887, -0.8877634781209341, 0.5213525228301754]",28.4436976398517,0.871046689601202
"[0.3974631136082296, 0.6634653328100266, -0.8877627299857436, 0.5213545747940352]",28.443712319157555,0.8711095220825987
"[0.39745460948371386, 0.6634634029226497, -0.887761982001865, 0.5213566264303885]",28.44372700050826,0.8711723545639952
"[0.39744610496435784, 0.6634614731386448, -0.8877612340876372, 0.5213586779632355]",28.443741682458917,0.8712351870453919
"[0.3974376015603884, 0.6634595438006908, -0.8877604863758652, 0.5213607290282717]",28.443756371427824,0.8712980195267885
"[0.39742909800281684, 0.6634576146207626, -0.8877597387549525, 0.5213627799316914]",28.443771059286313,0.871360852008185
"[0.3974205947333347, 0.6634556856991155, -0.887758991263733, 0.5213648305669046]",28.443785751178545,0.8714236844895817
"[0.3974120918268562, 0.6634537570526898, -0.8877582439087847, 0.5213668809158977]",28.44380044794134,0.8714865169709783
"[0.39740358896181593, 0.6634518286085292, -0.8877574966618402, 0.5213689310562246]",28.44381514408479,0.8715493494523748
"[0.39739508655797845, 0.6634499004618086, -0.8877567495597845, 0.5213709808866991]",28.443829845108095,0.8716121819337715
"[0.39738658447319614, 0.663447972580258, -0.8877560025901164, 0.5213730304416218]",28.443844547645444,0.8716750144151681
"[0.397378082549645, 0.6634460449280656, -0.8877552557389655, 0.5213750797590585]",28.44385925098519,0.8717378468965649
"[0.3973695807332384, 0.6634441174929505, -0.8877545090015798, 0.5213771288520603]",28.44387395753853,0.8718006793779614
"[0.3973610793820686, 0.6634421903560692, -0.8877537624094052, 0.5213791776343418]",28.4438886645052,0.871863511859358
"[0.3973525783105778, 0.6634402634753271, -0.8877530159461353, 0.5213812261506492]",28.443903376676182,0.8719263443407547
"[0.3973440771112364, 0.663438336758323, -0.8877522695759887, 0.5213832744992117]",28.44391809016941,0.8719891768221512
"[0.39733557737779734, 0.6634364105662305, -0.8877515234388688, 0.5213853222960476]",28.44393281265408,0.8720520093035478
"[0.3973270768196947, 0.6634344843799305, -0.8877507773336937, 0.5213873700930439]",28.44394753155092,0.8721148417849445
"[0.39731857617930505, 0.663432558367664, -0.8877500313256433, 0.5213894177113331]",28.443962250731435,0.872177674266341
"[0.39731007649913025, 0.663430632765595, -0.8877492855061955, 0.5213914648998346]",28.44397697546234,0.8722405067477377
"[0.39730157713059105, 0.6634287074267371, -0.8877485398184195, 0.5213935118148085]",28.443991703758346,0.8723033392291343
"[0.3972930777192832, 0.6634267822707903, -0.8877477942312213, 0.5213955585416206]",28.444006432299233,0.8723661717105308
"[0.39728457865633576, 0.6634248573863286, -0.8877470487789101, 0.5213976049860977]",28.44402116426994,0.8724290041919275
"[0.3972760798934815, 0.6634229327623897, -0.8877463034572445, 0.5213996511598884]",28.44403589834656,0.8724918366733241
"[0.39726758140803686, 0.6634210083938094, -0.8877455582642285, 0.521401697068478]",28.444050634111804,0.8725546691547206
"[0.3972590834491784, 0.6634190843369744, -0.8877448132217005, 0.5214037426519119]",28.444065371921933,0.8726175016361173
"[0.397250585451116, 0.6634171604637571, -0.8877440682800516, 0.5214057880464047]",28.444080116536327,0.8726803341175139
"[0.3972420873182753, 0.6634152367525185, -0.8877433234309103, 0.5214078332749578]",28.444094860208665,0.8727431665989104
"[0.3972335899646624, 0.6634133134101308, -0.8877425787543806, 0.5214098781176248]",28.444109609677884,0.8728059990803072
"[0.3972250927521985, 0.6634113902921264, -0.8877418341945309, 0.5214119227279937]",28.444124357282337,0.8728688315617037
"[0.39721659612119703, 0.6634094674981282, -0.8877410897899332, 0.5214139670001423]",28.444139107914857,0.8729316640431004
"[0.3972080991290337, 0.6634075448148021, -0.8877403454580035, 0.5214160111608769]",28.44415386500745,0.872994496524497
"[0.39719960301735835, 0.6634056225230806, -0.8877396013075037, 0.5214180549115097]",28.4441686177096,0.8730573290058935
"[0.39719110706206434, 0.6634037004590874, -0.8877388572749967, 0.5214200984262652]",28.44418338048047,0.8731201614872902
"[0.3971826110472967, 0.6634017785739782, -0.8877381133415809, 0.5214221417570689]",28.444198138774738,0.8731829939686868
"[0.39717411529686836, 0.6633998569409936, -0.8877373695356109, 0.5214241848260465]",28.444212903914227,0.8732458264500833
"[0.3971656199181595, 0.6633979355843896, -0.88773662586648, 0.521426227607403]",28.444227671481297,0.87330865893148
"[0.3971571248236934, 0.6633960144843175, -0.8877358823265229, 0.5214282701222378]",28.444242440279236,0.8733714914128766
"[0.3971486299611866, 0.6633940936289765, -0.8877351389111582, 0.5214303123830893]",28.444257210930264,0.8734343238942733
"[0.39714013559885003, 0.6633921730789618, -0.887734395643848, 0.5214323543255274]",28.444271985672447,0.8734971563756698
"[0.39713164115737914, 0.663390252703274, -0.8877336524738988, 0.5214343960888257]",28.44428676358539,0.8735599888570664
"[0.39712314727424103, 0.6633883326459997, -0.8877329094570783, 0.5214364375197845]",28.444301542791738,0.8736228213384631
"[0.3971146533709936, 0.6633864127763583, -0.8877321665427791, 0.521438478757446]",28.444316322831664,0.8736856538198596
"[0.397106160258373, 0.6633844932775647, -0.8877314238019022, 0.521440519607007]",28.444331106961684,0.8737484863012562
"[0.39709766646266437, 0.6633825738165403, -0.8877306811055707, 0.5214425604225971]",28.44434589131493,0.873811318782653
"[0.3970891736187162, 0.6633806547627122, -0.8877299385967337, 0.5214446008114286]",28.444360684494196,0.8738741512640494
"[0.3970806809905239, 0.6633787359497194, -0.8877291962110274, 0.5214466409503747]",28.44437547395129,0.8739369837454461
"[0.3970721886670223, 0.6633768173976416, -0.8877284539562205, 0.5214486808180794]",28.44439027102987,0.8739998162268428
"[0.39706369643927325, 0.6633748990592513, -0.8877277118140471, 0.5214507204647515]",28.444405068848422,0.8740626487082392
"[0.3970552043910874, 0.6633729809534578, -0.8877269697918319, 0.5214527598702803]",28.444419864010268,0.874125481189636
"[0.3970467132333596, 0.6633710632407922, -0.8877262279516752, 0.5214547988639764]",28.444434670173294,0.8741883136710326
"[0.3970382213270927, 0.6633691455510754, -0.8877254861503857, 0.521456837839425]",28.444449470642674,0.874251146152429
"[0.3970297303999067, 0.6633672282744324, -0.8877247445388777, 0.521458876381822]",28.444464279168326,0.8743139786338258
"[0.3970212397295242, 0.6633653112477195, -0.8877240030540472, 0.5214609146646233]",28.444479088479746,0.8743768111152224
"[0.3970127484298053, 0.6633633942708701, -0.88772326161852, 0.5214629529005453]",28.44449389447564,0.8744396435966191
"[0.3970042587414055, 0.663361477849686, -0.8877225204279293, 0.521464990551785]",28.444508713375946,0.8745024760780156
"[0.39699576868393044, 0.6633595615370736, -0.8877217793093574, 0.5214670280937126]",28.44452352959255,0.8745653085594122
"[0.3969872782916137, 0.6633576453407759, -0.8877210382658105, 0.5214690655180909]",28.444538343675088,0.8746281410408089
"[0.3969787887031879, 0.6633557295177673, -0.8877202973966731, 0.5214711025516819]",28.44455316975459,0.8746909735222054
"[0.39697029958416136, 0.6633538139925163, -0.8877195566727355, 0.5214731392747897]",28.44456799477461,0.874753806003602
"[0.3969618108585978, 0.663351898747845, -0.887718816087359, 0.5214751757056729]",28.444582817591694,0.8748166384849987
"[0.3969533218886054, 0.6633499836398267, -0.8877180755848941, 0.5214772119973597]",28.444597648382548,0.8748794709663953
"[0.3969448330730544, 0.6633480687584303, -0.8877173352001401, 0.521479248054184]",28.444612476473537,0.8749423034477918
"[0.39693634506805314, 0.6633461542516218, -0.8877165949903084, 0.5214812837188088]",28.444627314090834,0.8750051359291885
"[0.39692785681933945, 0.6633442398815838, -0.8877158548634537, 0.5214833192440969]",28.44464214560976,0.8750679684105851
"[0.39691936921555354, 0.6633423258487097, -0.8877151148970573, 0.5214853544169663]",28.444656986164226,0.8751308008919818
"[0.3969108815086863, 0.663340411984289, -0.8877143750259003, 0.5214873894168001]",28.44467182762785,0.8751936333733783
"[0.39690239451668285, 0.6633384984727404, -0.8877136353212757, 0.5214894240475004]",28.44468667015219,0.8752564658547749
"[0.39689390722857304, 0.6633365850860693, -0.887712895695066, 0.5214914585514896]",28.444701517874982,0.8753192983361716
"[0.396885420605136, 0.6633346720408932, -0.8877121562309961, 0.5214934926984304]",28.44471636488244,0.8753821308175681
"[0.39687693466220014, 0.6633327593407131, -0.8877114169304241, 0.5214955264845946]",28.444731219303247,0.8754449632989647
"[0.39686844826695145, 0.6633308467301647, -0.8877106776946587, 0.5214975601815084]",28.444746069763774,0.8755077957803614
"[0.39685996198108525, 0.6633289343358624, -0.8877099385726387, 0.5214995936545351]",28.44476092348438,0.8755706282617579
"[0.3968514768330947, 0.6633270223895328, -0.8877091996539223, 0.5215016266572706]",28.444775788483888,0.8756334607431546
"[0.3968429908862146, 0.6633251104547211, -0.8877084607698472, 0.5215036596538001]",28.44479064459057,0.8756962932245512
"[0.3968345059355789, 0.6633231989358964, -0.8877077220767183, 0.521505692214037]",28.44480550933201,0.8757591257059477
"[0.39682602106209086, 0.6633212876259353, -0.8877069834945045, 0.5215077245582148]",28.444820379256182,0.8758219581873444
"[0.3968175366619739, 0.6633193766140755, -0.8877062450576898, 0.5215097565914388]",28.444835245426965,0.875884790668741
"[0.39680905249438747, 0.6633174658460362, -0.8877055067453032, 0.5215117883714216]",28.444850118713788,0.8759476231501375
"[0.39680056848532924, 0.6633155553051294, -0.887704768550902, 0.5215138199159024]",28.444864992261785,0.8760104556315342
"[0.39679208401501065, 0.663313644851785, -0.8877040304205681, 0.5215158513732862]",28.444879861064827,0.8760732881129308
"[0.39678360086230124, 0.6633117348865146, -0.8877032925090476, 0.521517882317688]",28.444894741466623,0.8761361205943275
"[0.3967751175626676, 0.6633098250795347, -0.8877025546889296, 0.5215199130997734]",28.44490962663448,0.876198953075724
"[0.396766634588667, 0.6633079155372137, -0.8877018170013146, 0.521521943606431]",28.444924506793697,0.8762617855571206
"[0.3967581519784498, 0.6633060062681176, -0.8877010794495116, 0.5215239738285462]",28.44493939766562,0.8763246180385174
"[0.39674966930412403, 0.6633040971758938, -0.8877003419963149, 0.5215260038685711]",28.444954282468583,0.8763874505199138
"[0.3967411869423058, 0.66330218834531, -0.8876996046744651, 0.5215280336363612]",28.444969170340414,0.8764502830013104
"[0.39673270527497956, 0.663300279862275, -0.887698867517152, 0.5215300630405587]",28.444984068848562,0.8765131154827072
"[0.3967242232613422, 0.6632983714925806, -0.887698130433914, 0.5215320923302059]",28.444998961218708,0.8765759479641037
"[0.396715741340985, 0.6632964633351174, -0.8876973934629613, 0.5215341214001418]",28.44501385675174,0.8766387804455003
"[0.3967072603696843, 0.6632945555823767, -0.8876966566786345, 0.5215361500456709]",28.445028757617415,0.876701612926897
"[0.39669877965493694, 0.6632926480785304, -0.8876959200207539, 0.5215381784324897]",28.445043663972573,0.8767644454082935
"[0.3966902988886115, 0.663290740754258, -0.8876951834625546, 0.5215402066343068]",28.445058566784738,0.8768272778896903
"[0.3966818186000256, 0.6632888337285792, -0.887694447050005, 0.5215422345245534]",28.445073477635653,0.8768901103710868
"[0.39667333834605606, 0.6632869269018294, -0.8876937107446188, 0.5215442622092049]",28.445088387734323,0.8769529428524833
"[0.3966648583656485, 0.6632850203276943, -0.8876929745671416, 0.5215462896311686]",28.445103300535845,0.8770157753338801
"[0.3966563791760782, 0.6632831141224537, -0.8876922385624646, 0.5215483166667871]",28.44511821742516,0.8770786078152766
"[0.3966478990378028, 0.6632812078950293, -0.8876915025795995, 0.5215503437319238]",28.44513312733162,0.8771414402966732
"[0.3966394201240642, 0.6632793021339228, -0.887690766807159, 0.5215523703071049]",28.445148051821153,0.8772042727780699
"[0.3966309415286125, 0.6632773966353792, -0.8876900311664777, 0.5215543966089954]",28.445162973650287,0.8772671052594664
"[0.39662246245496546, 0.6632754912203943, -0.887689295588456, 0.521556422827943]",28.44517790090103,0.8773299377408631
"[0.3966139845689597, 0.6632735862632799, -0.8876885602175997, 0.5215584485658987]",28.445192828625263,0.8773927702222597
"[0.396605506421044, 0.6632716814382953, -0.8876878249281617, 0.5215604741692496]",28.445207761683346,0.8774556027036562
"[0.39659702829944693, 0.6632697768101781, -0.8876870897451488, 0.5215624995691497]",28.445222689639007,0.8775184351850529
"[0.39658855152145706, 0.6632678726748239, -0.8876863547827678, 0.5215645244509329]",28.44523763033764,0.8775812676664495
"[0.39658007371869003, 0.6632659685002017, -0.8876856198356708, 0.521566549380363]",28.445252568201543,0.877644100147846
"[0.39657159660686947, 0.6632640646716707, -0.8876848850526061, 0.5215685739476382]",28.44526750215709,0.8777069326292427
"[0.39656311992374266, 0.6632621611302925, -0.887684150410825, 0.5215705982154281]",28.445282447142272,0.8777697651106393
"[0.39655464353108844, 0.6632602578449969, -0.8876834158983393, 0.5215726222167677]",28.445297394986696,0.877832597592036
"[0.3965461674508591, 0.6632583548206802, -0.8876826815170442, 0.5215746459464445]",28.445312343215285,0.8778954300734325
"[0.3965376912679372, 0.6632564519641299, -0.8876819472309726, 0.5215766695035781]",28.44532729060217,0.8779582625548291
"[0.3965292152221291, 0.6632545493291745, -0.8876812130609038, 0.5215786928309197]",28.445342239860455,0.8780210950362258
"[0.3965207403273191, 0.6632526471433383, -0.8876804790946365, 0.5215807156865069]",28.445357202003922,0.8780839275176223
"[0.39651226486229735, 0.6632507450203052, -0.8876797451830996, 0.5215827384811546]",28.445372154713922,0.8781467599990189
"[0.396503789805717, 0.6632488431796483, -0.8876790114110436, 0.5215847609813592]",28.44538711461397,0.8782095924804156
"[0.39649531522533965, 0.6632469416365708, -0.8876782777843237, 0.5215867831709438]",28.445402078407685,0.8782724249618121
"[0.3964868405261543, 0.6632450402575412, -0.8876775442514283, 0.5215888051919072]",28.445417041750513,0.8783352574432087
"[0.39647836670294284, 0.6632431392657197, -0.8876768108984514, 0.5215908268069236]",28.44543201309937,0.8783980899246054
"[0.3964698929642084, 0.6632412384834988, -0.8876760776568805, 0.5215928482048642]",28.445446982464382,0.8784609224060019
"[0.39646141849414546, 0.663239337727894, -0.8876753444561387, 0.5215948695803208]",28.44546194876253,0.8785237548873986
"[0.3964529452073877, 0.6632374374283271, -0.8876746114618739, 0.5215968904766145]",28.44547692467473,0.8785865873687952
"[0.3964444725636255, 0.6632355374635291, -0.8876738786273165, 0.521598911022705]",28.445491905957645,0.8786494198501917
"[0.3964359988025115, 0.6632336374387822, -0.8876731458002189, 0.5216009316383545]",28.445506880233918,0.8787122523315885
"[0.39642752665931663, 0.6632317379673612, -0.8876724132171274, 0.5216029516713604]",28.445521863248633,0.878775084812985
"[0.3964190542680064, 0.6632298386308507, -0.8876716807166658, 0.5216049715666885]",28.44553685013902,0.8788379172943815
"[0.3964105818715003, 0.6632279394837045, -0.8876709483198446, 0.5216069912664234]",28.445551836173742,0.8789007497757783
"[0.3964021109151906, 0.6632260408498627, -0.8876702161515887, 0.5216090104260561]",28.445566828447852,0.8789635822571749
"[0.39639363877946465, 0.6632241421421615, -0.8876694839854768, 0.5216110296700179]",28.445581818634977,0.8790264147385716
"[0.3963851674995345, 0.6632222438167245, -0.8876687519974027, 0.5216130485132245]",28.44559681198062,0.8790892472199682
"[0.39637669673406284, 0.663220345796997, -0.8876680201578511, 0.5216150670370843]",28.445611810078233,0.8791520797013647
"[0.39636822578624487, 0.6632184479268329, -0.8876672884066189, 0.521617085407652]",28.44562680988176,0.8792149121827614
"[0.3963597550752764, 0.6632165503001448, -0.8876665567799206, 0.5216191035250458]",28.445641812858145,0.879277744664158
"[0.3963512849794585, 0.6632146530016417, -0.8876658253104188, 0.5216211212991733]",28.445656813535248,0.8793405771455545
"[0.3963428152021221, 0.6632127559648313, -0.8876650939724806, 0.5216231388007423]",28.44567182129182,0.8794034096269512
"[0.39633434466377876, 0.6632108589479343, -0.8876643626729076, 0.5216251562868812]",28.445686827159737,0.8794662421083478
"[0.39632587550567, 0.6632089624304732, -0.8876636315965553, 0.5216271732476092]",28.445701839880613,0.8795290745897445
"[0.3963174065718374, 0.6632070661535193, -0.8876629006436135, 0.5216291899582931]",28.445716856046158,0.879591907071141
"[0.39630893688156427, 0.663205169897487, -0.8876621697294506, 0.52163120665246]",28.445731869016797,0.8796547395525376
"[0.39630046843937694, 0.663203274111152, -0.8876614390270471, 0.5216332228528242]",28.44574689089328,0.8797175720339343
"[0.39629200021885724, 0.6632013785646731, -0.887660708447815, 0.5216352388038199]",28.44576191386143,0.8797804045153308
"[0.39628353186143045, 0.6631994831777747, -0.8876599779608217, 0.521637254590816]",28.44577693495472,0.8798432369967274
"[0.3962750638607399, 0.6631975880609274, -0.8876592476086488, 0.5216392700963197]",28.445791959539918,0.8799060694781241
"[0.3962665966031106, 0.663195693300546, -0.8876585174246007, 0.5216412852284206]",28.445806991836502,0.8799689019595206
"[0.3962581287302698, 0.6631937985926704, -0.8876577872915462, 0.5216433003103831]",28.445822021834356,0.8800317344409172
"[0.3962496618010275, 0.6631919042860696, -0.8876570573438903, 0.521645314971275]",28.445837057521832,0.8800945669223139
"[0.39624119468603997, 0.6631900101280445, -0.8876563274842605, 0.5216473294798446]",28.445852091766426,0.8801573994037104
"[0.39623272809288074, 0.6631881162768521, -0.8876555977736467, 0.5216493436677753]",28.44586713071553,0.8802202318851071
"[0.3962242615383713, 0.663186222624401, -0.8876548681703987, 0.5216513576500199]",28.445882170306568,0.8802830643665037
"[0.39621579530753576, 0.6631843292344152, -0.8876541386990766, 0.5216533713587997]",28.445897216892867,0.8803458968479002
"[0.3962073296333143, 0.6631824361589503, -0.8876534093797376, 0.5216553847387458]",28.445912260948447,0.8804087293292969
"[0.3961988641792174, 0.6631805433227281, -0.8876526801833838, 0.5216573978699138]",28.44592730842892,0.8804715618106935
"[0.39619039856444427, 0.6631786506405938, -0.8876519510772164, 0.5216594108428655]",28.44594236106056,0.88053439429209
"[0.39618193318789835, 0.6631767582017194, -0.8876512220955938, 0.5216614235627565]",28.445957412862903,0.8805972267734867
"[0.3961734686528362, 0.6631748661409198, -0.8876504932904484, 0.5216634358861963]",28.445972468332545,0.8806600592548833
"[0.3961650041279133, 0.6631729742723282, -0.8876497645901894, 0.5216654480108603]",28.44598753027924,0.88072289173628
"[0.3961565395135512, 0.6631710825736855, -0.8876490359862489, 0.5216674599604181]",28.446002586520354,0.8807857242176765
"[0.39614807603380614, 0.6631691913185009, -0.8876483075839743, 0.521669471443967]",28.44601765529051,0.8808485566990731
"[0.39613961187042696, 0.6631673001004464, -0.8876475792268756, 0.5216714828936605]",28.44603271773767,0.8809113891804699
"[0.39613114842812697, 0.6631654092333791, -0.8876468510358339, 0.5216734939756829]",28.446047789339296,0.8809742216618663
"[0.3961226849236392, 0.6631635185422717, -0.8876461229434487, 0.5216755048761837]",28.446062857420664,0.8810370541432629
"[0.3961142220150894, 0.6631616281741233, -0.8876453950063317, 0.5216775154388121]",28.44607793042053,0.8810998866246597
"[0.39610575877220927, 0.6631597379211167, -0.8876446671444645, 0.5216795258845939]",28.44609300445936,0.8811627191060563
"[0.39609729684065514, 0.6631578481507705, -0.8876439394993645, 0.5216815358226343]",28.446108084253083,0.881225551587453
"[0.3960888346863776, 0.6631559585204472, -0.8876432119391015, 0.5216835456173537]",28.446123163712393,0.8812883840688495
"[0.39608037222734227, 0.6631540690118335, -0.8876424844566363, 0.5216855552882249]",28.44613824399708,0.8813512165502461
"[0.39607191121545093, 0.663152180016054, -0.8876417572025558, 0.5216875644192435]",28.446153334088486,0.8814140490316428
"[0.3960634489213668, 0.6631502909237447, -0.8876410299422642, 0.5216895736585225]",28.446168416124497,0.8814768815130393
"[0.3960549876364406, 0.6631484022464222, -0.887640302872693, 0.5216915824620078]",28.4461835086783,0.8815397139944359
"[0.39604652684076286, 0.6631465138679713, -0.8876395759491422, 0.5216935909531935]",28.446198600382225,0.8816025464758326
"[0.39603806645326234, 0.6631446257702633, -0.8876388491646348, 0.5216955991513549]",28.446213699807736,0.8816653789572291
"[0.3960296061585682, 0.6631427378828919, -0.8876381224920734, 0.5216976071313719]",28.446228796176996,0.8817282114386258
"[0.39602114589991555, 0.6631408501931788, -0.8876373959265842, 0.5216996149067235]",28.44624389520138,0.8817910439200224
"[0.39601268617669416, 0.663138962812524, -0.8876366695110474, 0.5217016223589176]",28.446258998249597,0.8818538764014189
"[0.39600422621097453, 0.6631370755673436, -0.887635943178664, 0.5217036296725756]",28.44627410572336,0.8819167088828156
"[0.3959957665349622, 0.6631351885763611, -0.8876352169751287, 0.5217056367214157]",28.44628920832166,0.8819795413642122
"[0.39598730747708977, 0.6631333019127952, -0.8876344909286225, 0.5217076434275552]",28.44630432145674,0.8820423738456087
"[0.3959788488956235, 0.6631314155449894, -0.8876337650269647, 0.5217096498246574]",28.446319436969482,0.8821052063270054
"[0.39597038952498465, 0.663129529190703, -0.8876330391615549, 0.5217116562129183]",28.44633454428794,0.882168038808402
"[0.39596193174019345, 0.6631276433795137, -0.8876323135361734, 0.5217136620290554]",28.446349666111125,0.8822308712897985
"[0.3959534731540541, 0.6631257575791109, -0.887631587946003, 0.5217156678392476]",28.44636478442877,0.8822937037711952
"[0.3959450153636577, 0.6631238721455629, -0.887630862528049, 0.5217176732647614]",28.446379907710867,0.8823565362525918
"[0.39593655816922524, 0.6631219870342688, -0.8876301372651552, 0.52171967835303]",28.446395031969235,0.8824193687339885
"[0.3959281006039196, 0.6631201020297007, -0.8876294120744074, 0.5217216833332936]",28.446410156414437,0.882482201215385
"[0.3959196434688974, 0.6631182173104221, -0.8876286870245043, 0.5217236880156177]",28.446425284704745,0.8825450336967816
"[0.3959111866806521, 0.6631163328577823, -0.8876279621082759, 0.5217256924198345]",28.446440419404826,0.8826078661781783
"[0.3959027300646736, 0.6631144486328717, -0.8876272373107577, 0.5217276965873248]",28.446455554958497,0.8826706986595748
"[0.39589427373353436, 0.6631125646607448, -0.8876265126415938, 0.5217297004914342]",28.446470690278144,0.8827335311409714
"[0.39588581789959715, 0.6631106809886836, -0.8876257881189719, 0.5217317040818635]",28.44648583116533,0.8827963636223681
"[0.39587736189204614, 0.6631087974672322, -0.8876250636854127, 0.5217337075175791]",28.446500972103863,0.8828591961037646
"[0.3958689064751515, 0.6631069142666056, -0.8876243394063881, 0.5217357106175237]",28.446516115478378,0.8829220285851613
"[0.3958604506834222, 0.6631050311717636, -0.8876236151991954, 0.5217377136104225]",28.446531260262674,0.8829848610665579
"[0.39585199589929526, 0.6631031484905164, -0.8876228911822278, 0.5217397161688623]",28.446546412304652,0.8830476935479544
"[0.3958435410953375, 0.6631012659940594, -0.8876221672674874, 0.5217417185362099]",28.446561563036422,0.8831105260293513
"[0.39583508681560164, 0.6630993838034979, -0.8876214435015524, 0.5217437205836428]",28.446576719933773,0.8831733585107477
"[0.39582663200276463, 0.663097501683436, -0.8876207197939094, 0.5217457225615415]",28.446591869431828,0.8832361909921442
"[0.3958181788279716, 0.6630956201171376, -0.8876199963303859, 0.5217477239558607]",28.44660703290358,0.8832990234735411
"[0.3958097246839088, 0.6630937385242187, -0.8876192728878276, 0.5217497253839409]",28.446622189831118,0.8833618559549375
"[0.3958012714576048, 0.663091857324665, -0.8876185496277159, 0.5217517263990431]",28.44663735470829,0.8834246884363343
"[0.39579281841445857, 0.6630899763549553, -0.8876178264871832, 0.5217537271750965]",28.446652523510878,0.8834875209177309
"[0.395784365058071, 0.6630880955046069, -0.8876171034237698, 0.5217557278296174]",28.446667691448315,0.8835503533991274
"[0.395775912061334, 0.6630862149233521, -0.8876163804950343, 0.5217577282033294]",28.44668286128974,0.8836131858805241
"[0.3957674598598043, 0.6630843347080309, -0.8876156577382102, 0.5217597281932184]",28.44669803704089,0.8836760183619207
"[0.39575900755202936, 0.6630824546580742, -0.8876149350762044, 0.5217617280126251]",28.446713210902477,0.8837388508433172
"[0.3957505555934865, 0.6630805748747942, -0.8876142125479597, 0.5217637275537765]",28.446728388698656,0.8838016833247139
"[0.39574210371885926, 0.6630786952991543, -0.8876134901307903, 0.5217657268794652]",28.44674356664558,0.8838645158061105
"[0.3957336523577103, 0.6630768160266598, -0.8876127678614059, 0.5217677258880957]",28.44675875500893,0.883927348287507
"[0.39572520116722, 0.663074936981029, -0.8876120457105006, 0.5217697246608047]",28.446773937120856,0.8839901807689037
"[0.39571675039145865, 0.6630730582165235, -0.8876113236989221, 0.5217717231398672]",28.44678912610649,0.8840530132503003
"[0.39570829971275795, 0.6630711796624861, -0.8876106017995252, 0.521773721400437]",28.446804318735712,0.884115845731697
"[0.39569984970628014, 0.66306930144674, -0.8876098800614322, 0.5217757193065391]",28.44681951394409,0.8841786782130935
"[0.3956913992093772, 0.6630674233108454, -0.8876091583853392, 0.5217777171330786]",28.446834704667154,0.8842415106944901
"[0.3956829492048866, 0.6630655454732407, -0.8876084368551846, 0.5217797146476898]",28.446849904094847,0.8843043431758868
"[0.39567449949769745, 0.6630636678905009, -0.8876077154542981, 0.5217817118965618]",28.446865104698315,0.8843671756572833
"[0.39566605036338837, 0.663061790623857, -0.8876069942061947, 0.5217837088145529]",28.446880307179594,0.8844300081386799
"[0.3956576012136721, 0.6630599135425617, -0.8876062730606504, 0.521785705540739]",28.446895513319934,0.8844928406200766
"[0.39564915208775536, 0.6630580366553311, -0.887605552021015, 0.5217877020658424]",28.446910715359593,0.8845556731014731
"[0.3956407037595833, 0.6630561601340148, -0.8876048311533254, 0.5217896982070562]",28.44692593106055,0.8846185055828698
"[0.3956322553054651, 0.6630542837734602, -0.8876041103787573, 0.5217916941826017]",28.446941142450154,0.8846813380642664
"[0.3956238074117057, 0.6630524077260352, -0.8876033897558584, 0.5217936898303948]",28.446956360632715,0.8847441705456629
"[0.39561535934780195, 0.6630505318295155, -0.8876026692223122, 0.5217956853229944]",28.446971572816352,0.8848070030270596
"[0.3956069118489351, 0.6630486562471206, -0.8876019488408189, 0.5217976804867707]",28.446986793330648,0.8848698355084562
"[0.39559846461864384, 0.6630467809129921, -0.8876012285860849, 0.5217996753917751]",28.44700201813832,0.8849326679898527
"[0.39559001732586807, 0.6630449057536159, -0.8876005084298837, 0.5218016701162032]",28.447017243588274,0.8849955004712494
"[0.39558157039890446, 0.6630430308640499, -0.8875997884087257, 0.5218036645589309]",28.44703246711108,0.885058332952646
"[0.395573124109759, 0.6630411563046287, -0.8875990685457836, 0.5218056586557707]",28.447047697598464,0.8851211654340427
"[0.3955646778274119, 0.6630392819352728, -0.8875983487872681, 0.5218076525557283]",28.44706293129681,0.8851839979154393
"[0.395556232309311, 0.6630374079240431, -0.8875976291977156, 0.5218096460800197]",28.44707816835102,0.8852468303968358
"[0.395547786053324, 0.6630355339376044, -0.8875969096491427, 0.5218116395832341]",28.44709340294089,0.8853096628782325
"[0.3955393404305501, 0.6630336602801737, -0.8875961902583608, 0.5218136327417461]",28.44710864236894,0.8853724953596291
"[0.3955308952221695, 0.6630317869031574, -0.8875954710067158, 0.5218156256072431]",28.447123886371557,0.8854353278410256
"[0.3955224498308023, 0.6630299136740258, -0.8875947518433303, 0.5218176183207031]",28.447139125349278,0.8854981603224223
"[0.3955140053601163, 0.6630280408375446, -0.8875940328621771, 0.5218196106217418]",28.44715437302609,0.885560992803819
"[0.39550556076820237, 0.6630261681626014, -0.887593313974535, 0.5218216027562075]",28.44716962380432,0.8856238252852154
"[0.39549711646436275, 0.6630242957399504, -0.8875925952152488, 0.5218235946275525]",28.44718487222387,0.8856866577666122
"[0.39548867260675113, 0.6630224236046278, -0.8875918765977702, 0.521825586198499]",28.447200128790744,0.8857494902480088
"[0.39548022877587663, 0.6630205516636013, -0.8875911580863938, 0.5218275775680083]",28.447215383709313,0.8858123227294055
"[0.3954717851186108, 0.6630186799494177, -0.8875904396936174, 0.5218295687014538]",28.447230641309186,0.885875155210802
"[0.3954633421434471, 0.6630168085747579, -0.8875897214626925, 0.5218315594789577]",28.447245904818292,0.8859379876921986
"[0.39545489891609864, 0.6630149373325164, -0.8875890033141366, 0.5218335501208352]",28.447261168697793,0.8860008201735953
"[0.39544645685338575, 0.6630130665366595, -0.8875882853684461, 0.5218355402930801]",28.447276436824176,0.8860636526549918
"[0.3954380141285, 0.6630111957823346, -0.8875875674702566, 0.5218375304263738]",28.447291706305407,0.8861264851363884
"[0.39542957159644576, 0.6630093252590018, -0.8875868496922837, 0.521839520319161]",28.44730697440725,0.8861893176177851
"[0.395421130187846, 0.6630074551727991, -0.8875861321136272, 0.5218415097521433]",28.44732224876852,0.8862521500991816
"[0.3954126882940027, 0.6630055851673095, -0.8875854145975296, 0.5218434991044776]",28.447337524952577,0.8863149825805783
"[0.3954042466755647, 0.6630037154110274, -0.8875846972086489, 0.5218454881969109]",28.447352804120513,0.8863778150619749
"[0.39539580537896196, 0.6630018459142083, -0.8875839799509241, 0.5218474770185277]",28.447368083908188,0.8864406475433714
"[0.3953873647498593, 0.6629999767533693, -0.8875832628537121, 0.5218494654879208]",28.447383368656038,0.8865034800247681
"[0.39537892379109985, 0.6629981077076651, -0.8875825458322947, 0.5218514538400275]",28.44739865171227,0.8865663125061647
"[0.3953704833322714, 0.6629962389607811, -0.8875818289571421, 0.5218534418794312]",28.44741393839384,0.8866291449875612
"[0.39536204350545906, 0.6629943705419132, -0.8875811122394555, 0.521855429575066]",28.447429229540013,0.8866919774689579
"[0.39535360332106806, 0.6629925022319665, -0.887580395595197, 0.5218574171600089]",28.447444523715117,0.8867548099503545
"[0.39534516397410197, 0.6629906342954419, -0.8875796791258276, 0.5218594043528674]",28.447459822147174,0.8868176424317512
"[0.3953367243975749, 0.6629887664961495, -0.8875789627407564, 0.5218613914049043]",28.44747511837733,0.8868804749131477
"[0.39532828516765767, 0.6629868989615894, -0.8875782464888939, 0.5218633781804745]",28.44749041733912,0.8869433073945443
"[0.39531984670545534, 0.662985031784906, -0.8875775304059622, 0.5218653645804799]",28.447505720911234,0.887006139875941
"[0.3953114078220635, 0.6629831647030102, -0.8875768143910705, 0.5218673508848031]",28.447521025368612,0.8870689723573375
"[0.3953029691740761, 0.6629812978611704, -0.8875760984999347, 0.5218693369388953]",28.447536330802674,0.8871318048387341
"[0.3952945314382384, 0.662979431409056, -0.8875753827899503, 0.5218713225835225]",28.447551642869954,0.8871946373201308
"[0.3952860933423101, 0.6629775650652198, -0.8875746671531959, 0.5218733081180998]",28.44756695154885,0.8872574698015273
"[0.39527765620290134, 0.6629756991208201, -0.8875739517013268, 0.5218752932328704]",28.44758226995931,0.8873203022829241
"[0.3952692184765359, 0.662973833234511, -0.8875732363034559, 0.5218772782909736]",28.44759758295325,0.8873831347643206
"[0.395260781837194, 0.6629719677764364, -0.887572521101508, 0.5218792628986195]",28.44761291023115,0.8874459672457172
"[0.3952523444780465, 0.6629701023470604, -0.887571805942309, 0.5218812474808584]",28.447628229622605,0.8875087997271139
"[0.3952439080399807, 0.6629682373091546, -0.8875710909649425, 0.5218832316517408]",28.447643551186296,0.8875716322085104
"[0.39523547179830215, 0.6629663725024669, -0.887570376107975, 0.5218852155817499]",28.447658878648664,0.887634464689907
"[0.3952270356336824, 0.6629645079006018, -0.8875696613612934, 0.5218871992989613]",28.44767420817887,0.8876972971713037
"[0.3952185998539174, 0.6629626435715683, -0.8875689467509716, 0.5218891827310168]",28.447689540450277,0.8877601296527002
"[0.39521016408617765, 0.6629607794329468, -0.8875682322454227, 0.5218911659655948]",28.447704872913967,0.8878229621340968
"[0.3952017286201424, 0.6629589155487347, -0.8875675178691806, 0.5218931489346048]",28.447720209473193,0.8878857946154936
"[0.39519329382205537, 0.6629570519998208, -0.8875668036532478, 0.5218951315519836]",28.447735550486357,0.88794862709689
"[0.39518485893962746, 0.6629551886199511, -0.8875660895339167, 0.5218971139946029]",28.44775089181913,0.8880114595782868
"[0.3951764245764071, 0.6629533255424587, -0.8875653755622818, 0.5218990961206033]",28.44776623504453,0.8880742920596834
"[0.39516799049504936, 0.6629514627148726, -0.8875646617182409, 0.5219010779858039]",28.447781584911073,0.8881371245410798
"[0.39515955636448435, 0.6629496000640396, -0.8875639479737724, 0.5219030596680274]",28.44779693277959,0.8881999570224766
"[0.39515112262879426, 0.6629477376880378, -0.8875632343664545, 0.521905041062922]",28.44781228203555,0.8882627895038732
"[0.3951426890687318, 0.6629458755384108, -0.8875625208777297, 0.5219070222220356]",28.447827638006977,0.8883256219852697
"[0.3951342553346173, 0.6629440135379481, -0.8875618074780179, 0.521909003227508]",28.447842990227514,0.8883884544666664
"[0.3951258226733111, 0.6629421519618874, -0.8875610942727779, 0.5219109837865045]",28.447858351429197,0.888451286948063
"[0.3951173899251748, 0.6629402905542148, -0.8875603811639161, 0.5219129641713947]",28.44787371092554,0.8885141194294597
"[0.3951089578070518, 0.6629384294730702, -0.8875596682120469, 0.5219149442139296]",28.44788907858609,0.8885769519108562
"[0.39510052492423137, 0.6629365684106844, -0.8875589552992501, 0.5219169242415425]",28.44790444005211,0.8886397843922528
"[0.39509209319609334, 0.6629347077906048, -0.887558242587787, 0.5219189038036064]",28.44791980915971,0.8887026168736495
"[0.3950836616166343, 0.6629328473907861, -0.8875575299926017, 0.5219208831363557]",28.44793518000612,0.888765449355046
"[0.395075230342831, 0.6629309872458423, -0.8875568175269578, 0.5219228622029574]",28.447950555490053,0.8888282818364426
"[0.39506679869357886, 0.6629291272055012, -0.8875561051333046, 0.5219248411632861]",28.447965926971005,0.8888911143178393
"[0.39505836790377974, 0.6629272675421637, -0.8875553929159744, 0.52192681972752]",28.44798130489844,0.8889539467992358
"[0.39504993722912696, 0.6629254080915891, -0.8875546808120759, 0.5219287980703955]",28.447996684074624,0.8890167792806325
"[0.3950415067131308, 0.6629235488633823, -0.8875539688252827, 0.5219307761816866]",28.44801206897131,0.8890796117620291
"[0.39503307670224397, 0.6629216899339176, -0.8875532569848458, 0.5219327539801304]",28.448027454659748,0.8891424442434256
"[0.3950246462500373, 0.6629198310944605, -0.8875525452108506, 0.521934731687805]",28.448042838472873,0.8892052767248223
"[0.3950162170805338, 0.6629179727251308, -0.8875518336488422, 0.5219367089002761]",28.448058235604137,0.8892681092062189
"[0.3950077873410159, 0.6629161144174225, -0.8875511221424116, 0.5219386860521678]",28.448073623469867,0.8893309416876154
"[0.3949993579797468, 0.6629142563803763, -0.8875504107716041, 0.5219406629210657]",28.448089019056454,0.8893937741690122
"[0.3949909292594417, 0.6629123986718565, -0.8875496995585751, 0.5219426394453995]",28.448104414249173,0.8894566066504087
"[0.394982501126738, 0.6629105412800548, -0.8875489884988037, 0.5219446156377261]",28.448119821421727,0.8895194391318053
"[0.3949740721773292, 0.6629086838954916, -0.8875482774738205, 0.521946591827315]",28.44813521841847,0.889582271613202
"[0.3949656440391841, 0.662906826876892, -0.8875475666209562, 0.521948567632491]",28.44815062057289,0.8896451040945985
"[0.3949572158610792, 0.662904970036676, -0.8875468558684063, 0.5219505432528259]",28.44816602674198,0.8897079365759952
"[0.39494878797959126, 0.6629031134489596, -0.887546145244554, 0.5219525186094592]",28.44818143822318,0.8897707690573918
"[0.3949403610492992, 0.6629012572579098, -0.8875454348045728, 0.5219544935489939]",28.44819685175941,0.8898336015387883
"[0.39493193368473606, 0.6628994011583226, -0.8875447244316538, 0.5219564683961537]",28.448212263717384,0.889896434020185
"[0.39492350705901247, 0.662897545408549, -0.8875440142246818, 0.5219584428760545]",28.448227682979855,0.8899592665015816
"[0.39491508032425915, 0.6628956898218422, -0.8875433041121883, 0.5219604171873847]",28.448243100539752,0.8900220989829781
"[0.3949066531075936, 0.662893834316112, -0.8875425940627667, 0.5219623914174824]",28.448258516868695,0.8900849314643748
"[0.3948982275737068, 0.6628919793679093, -0.8875418842587881, 0.5219643650592993]",28.448273946748714,0.8901477639457714
"[0.394889801935752, 0.662890124583804, -0.8875411745496953, 0.521966338531433]",28.448289371717003,0.8902105964271682
"[0.39488137629875025, 0.6628882699869089, -0.8875404649443405, 0.5219683118092868]",28.448304801741077,0.8902734289085646
"[0.39487295068246786, 0.6628864155815634, -0.8875397554443919, 0.5219702848882389]",28.448320233734016,0.8903362613899612
"[0.39486452556692225, 0.6628845614733927, -0.8875390460902645, 0.5219722576558982]",28.448335664206443,0.890399093871358
"[0.3948561005688875, 0.6628827075780257, -0.8875383368496855, 0.5219742302020307]",28.448351101442757,0.8904619263527545
"[0.3948476766600909, 0.66288085410925, -0.887537627804439, 0.5219762022991592]",28.448366539832165,0.890524758834151
"[0.39483925146162013, 0.6628790005436356, -0.8875369187542982, 0.5219781745042112]",28.448381978935394,0.8905875913155478
"[0.3948308277367389, 0.6628771474891009, -0.8875362099318151, 0.5219801461703519]",28.448397428296477,0.8906504237969443
"[0.3948224037119373, 0.6628752945554454, -0.8875355011877388, 0.5219821177127528]",28.448412870751007,0.890713256278341
"[0.39481398009963564, 0.6628734418993802, -0.8875347925820086, 0.5219840889646654]",28.448428314620692,0.8907760887597376
"[0.39480555670926903, 0.6628715894789572, -0.887534084098587, 0.5219860599707178]",28.448443766741278,0.8908389212411341
"[0.39479713369013075, 0.6628697373269797, -0.8875333757500233, 0.5219880306960013]",28.44845921872149,0.8909017537225308
"[0.3947887109608073, 0.6628678854255166, -0.8875326675294627, 0.5219900011595888]",28.44847467911853,0.8909645862039274
"[0.3947802884874238, 0.6628660337670925, -0.8875319594340512, 0.5219919713694293]",28.448490132712593,0.8910274186853239
"[0.394771866092967, 0.6628641823127759, -0.8875312514489037, 0.5219939413669415]",28.44850559332141,0.8910902511667206
"[0.39476344397160307, 0.6628623311052295, -0.8875305435903397, 0.5219959111067256]",28.448521055075332,0.8911530836481172
"[0.3947550216503494, 0.6628604800404659, -0.887529835818609, 0.5219978806994229]",28.44853652328487,0.8912159161295137
"[0.3947466000578643, 0.6628586293225804, -0.8875291282117452, 0.5219998499278626]",28.44855198447804,0.8912787486109104
"[0.39473817938024425, 0.6628567789923986, -0.8875284207853585, 0.5220018187485992]",28.44856746075536,0.891341581092307
"[0.39472975825840195, 0.6628549287512571, -0.8875277134252663, 0.5220037874794161]",28.448582933885742,0.8914044135737037
"[0.3947213374944773, 0.6628530787753919, -0.8875270061988525, 0.5220057559327862]",28.44859840487703,0.8914672460551003
"[0.3947129166857794, 0.6628512289763169, -0.8875262990722946, 0.5220077242028572]",28.448613881251454,0.8915300785364968
"[0.3947044966075215, 0.6628493795242926, -0.8875255921106816, 0.5220096921084584]",28.448629363602603,0.8915929110178935
"[0.3946960764157553, 0.6628475302339195, -0.8875248852431469, 0.5220116598468584]",28.448644843719787,0.8916557434992901
"[0.39468765654192617, 0.6628456811999394, -0.8875241785059099, 0.5220136273172419]",28.448660327874034,0.8917185759806866
"[0.3946792369572508, 0.662843832416003, -0.8875234718965473, 0.5220155945263593]",28.448675815708093,0.8917814084620833
"[0.3946708176026303, 0.662841983869108, -0.8875227654100937, 0.5220175614880401]",28.44869130442308,0.8918442409434799
"[0.39466239855705065, 0.6628401355765714, -0.887522059053171, 0.5220195281838523]",28.448706795477975,0.8919070734248766
"[0.39465398027618254, 0.6628382876383878, -0.8875213528639933, 0.5220214945073905]",28.448722290154304,0.8919699059062731
"[0.39464556108048665, 0.6628364396858664, -0.8875206467016762, 0.5220234608509592]",28.44873778668935,0.8920327383876697
"[0.394637143078173, 0.6628345921817348, -0.8875199407430437, 0.5220254267221809]",28.44875328508703,0.8920955708690664
"[0.3946287249408764, 0.6628327448343996, -0.8875192348766803, 0.5220273924313252]",28.44876878633251,0.8921584033504629
"[0.39462030739165427, 0.6628308978025234, -0.8875185291632097, 0.522029357809558]",28.4487842928689,0.8922212358318595
"[0.3946118896825053, 0.6628290509219495, -0.8875178235399174, 0.5220313230315483]",28.448799795995733,0.8922840683132562
"[0.3946034728377122, 0.6628272044173746, -0.8875171180926553, 0.5220332878581975]",28.448815304268983,0.8923469007946527
"[0.39459505518503873, 0.6628253579219372, -0.8875164126812705, 0.5220352526798686]",28.448830813498198,0.8924097332760494
"[0.3945866384224732, 0.6628235118080944, -0.8875157074480582, 0.5220372171002325]",28.44884632949567,0.892472565757446
"[0.3945782218308546, 0.6628216659180639, -0.8875150023327459, 0.5220391812871766]",28.448861841497788,0.8925353982388425
"[0.3945698057580253, 0.6628198203281019, -0.887514297364465, 0.5220411451595522]",28.448877362495736,0.8925982307202392
"[0.3945613899613173, 0.6628179749849594, -0.8875135925228782, 0.5220431087740153]",28.448892883865476,0.8926610632016359
"[0.3945529739528849, 0.6628161297816553, -0.8875128877671301, 0.5220450722443984]",28.44890840686055,0.8927238956830323
"[0.39454455870237476, 0.6628142849307586, -0.887512183178412, 0.5220470353445029]",28.44892393101658,0.892786728164429
"[0.39453614329904513, 0.6628124402325813, -0.8875114786804631, 0.5220489982868104]",28.448939456744064,0.8928495606458257
"[0.39452772831552074, 0.6628105958126292, -0.8875107743212198, 0.5220509609377642]",28.44895498887649,0.8929123931272221
"[0.3945193132730786, 0.6628087515659549, -0.8875100700606082, 0.522052923409035]",28.448970521108983,0.8929752256086189
"[0.39451089885024426, 0.6628069076412397, -0.8875093659554083, 0.5220548855424041]",28.448986055248632,0.8930380580900155
"[0.39450248488036144, 0.6628050640019147, -0.8875086619916586, 0.522056847376779]",28.449001592730006,0.8931008905714122
"[0.3944940707602086, 0.6628032205157903, -0.8875079581188885, 0.5220588090528182]",28.44901713189977,0.8931637230528087
"[0.3944856569182921, 0.6628013772767377, -0.8875072543729453, 0.5220607704706279]",28.449032673472246,0.8932265555342053
"[0.39447724335535456, 0.6627995342848922, -0.887506550753885, 0.5220627316300578]",28.44904821727407,0.893289388015602
"[0.3944688303060769, 0.662797691591628, -0.8875058472813226, 0.5220646924764346]",28.44906376300155,0.8933522204969985
"[0.3944604177905638, 0.6627958492013027, -0.8875051439569243, 0.5220666530051155]",28.449079317846884,0.8934150529783951
"[0.39445200487779897, 0.6627940069100088, -0.8875044407028541, 0.522068613433077]",28.449094867703163,0.8934778854597918
"[0.3944435919558403, 0.6627921648027303, -0.8875037375515615, 0.5220705736698816]",28.449110419446168,0.8935407179411884
"[0.39443517983992515, 0.6627903230579378, -0.8875030345711736, 0.5220725335256076]",28.44912597913508,0.8936035504225851
"[0.3944267677957935, 0.6627884815148365, -0.8875023317003177, 0.5220744931713562]",28.449141537167456,0.8936663829039816
"[0.394418356175128, 0.6627866402503924, -0.887501628968373, 0.52207645252522]",28.449157097343907,0.8937292153853782
"[0.3944099446497752, 0.6627847991927482, -0.8875009263479192, 0.5220784116636588]",28.44917266155566,0.8937920478667749
"[0.39440153362077646, 0.6627829584296504, -0.8875002238724488, 0.5220803704932935]",28.44918822937145,0.8938548803481714
"[0.394393122843898, 0.6627811179076212, -0.8874995215215532, 0.5220823290710259]",28.449203797984598,0.893917712829568
"[0.39438471179073953, 0.6627792775110224, -0.8874988192511126, 0.5220842875199065]",28.449219367238996,0.8939805453109647
"[0.39437630159593295, 0.6627774374880916, -0.8874981171558547, 0.5220862455757689]",28.44923494250892,0.8940433777923612
"[0.3943678910357454, 0.6627755975710705, -0.8874974151336146, 0.5220882035235425]",28.44925051616697,0.8941062102737579
"[0.3943594811455922, 0.662773757986452, -0.8874967132708167, 0.522090161122199]",28.44926609610079,0.8941690427551545
"[0.3943510715458047, 0.6627719186511536, -0.887496011535761, 0.5220921184601446]",28.44928167828804,0.894231875236551
"[0.3943426623271234, 0.6627700795849734, -0.8874953099360101, 0.5220940755163069]",28.449297260903805,0.8942947077179477
"[0.3943342529596306, 0.6627682406720232, -0.887494608427352, 0.5220960324140029]",28.449312842249785,0.8943575401993443
"[0.39432584448243574, 0.6627664021394941, -0.887493907096459, 0.5220979889114594]",28.4493284352036,0.8944203726807408
"[0.3943174350524452, 0.6627645635843754, -0.8874932057896086, 0.5220999454375408]",28.44934402004989,0.8944832051621375
"[0.3943090270955387, 0.6627627255370206, -0.887492504709101, 0.5221019014278575]",28.449359616967183,0.8945460376435341
"[0.3943006188367798, 0.662760887609366, -0.8874918037069198, 0.5221038572953683]",28.449375209832723,0.8946088701249308
"[0.3942922107440164, 0.662759049903671, -0.8874911028220758, 0.5221058129312469]",28.449390806832554,0.8946717026063273
"[0.394283803300049, 0.6627572125254314, -0.8874904020948028, 0.5221077682232219]",28.44940640770113,0.8947345350877239
"[0.3942753951950951, 0.6627553751883808, -0.8874897014159409, 0.5221097234759265]",28.44942200823246,0.8947973675691206
"[0.39426698884942785, 0.6627535384213682, -0.8874890009871632, 0.5221116781265647]",28.449437616525806,0.8948602000505171
"[0.3942585812903883, 0.6627517015748438, -0.8874883005607774, 0.5221136328663691]",28.449453218987003,0.8949230325319137
"[0.3942501749563296, 0.6627498651815197, -0.8874876003399241, 0.5221155871284318]",28.44946883333193,0.8949858650133105
"[0.39424176877520195, 0.6627480290071504, -0.8874869002352833, 0.5221175411620272]",28.449484448350933,0.895048697494707
"[0.3942333621410788, 0.6627461929193962, -0.8874862001964008, 0.5221194951079842]",28.449500058676982,0.8951115299761035
"[0.3942249566931329, 0.6627443572761974, -0.8874855003597637, 0.5221214485853829]",28.449515676673812,0.8951743624575003
"[0.3942165507085658, 0.6627425217013269, -0.8874848005819244, 0.5221234019945934]",28.449531293092445,0.8952371949388968
"[0.3942081454546209, 0.6627406864714792, -0.8874841009683774, 0.5221253550411544]",28.44954691705728,0.8953000274202935
"[0.3941997398878068, 0.6627388513587943, -0.8874834014322637, 0.5221273079675484]",28.449562537708733,0.8953628599016901
"[0.39419133535662576, 0.6627370166576443, -0.8874827020858009, 0.5221292604604993]",28.449578164300526,0.8954256923830866
"[0.3941829307219207, 0.6627351821193166, -0.8874820028341847, 0.5221312127846819]",28.449593795385383,0.8954885248644834
"[0.3941745258416507, 0.6627333477128144, -0.8874813036656084, 0.5221331649730778]",28.449609424901013,0.8955513573458799
"[0.39416612171612037, 0.6627315136564207, -0.8874806046632776, 0.5221351167933844]",28.449625059684426,0.8956141898272764
"[0.39415771760051815, 0.6627296797875759, -0.8874799057652332, 0.5221370684185924]",28.449640689915423,0.8956770223086732
"[0.39414931383936164, 0.6627278461814268, -0.8874792070001232, 0.5221390197687249]",28.449656330944453,0.8957398547900697
"[0.39414091069852897, 0.6627260128959517, -0.8874785083900403, 0.5221409707820747]",28.44967197243138,0.8958026872714664
"[0.3941325079646983, 0.6627241798845814, -0.887477809917235, 0.5221429215081943]",28.449687614458128,0.895865519752863
"[0.3941241046564904, 0.6627223469331867, -0.8874771115001379, 0.5221448721749626]",28.449703259521915,0.8959283522342595
"[0.3941157016617668, 0.6627205142354756, -0.8874764132125489, 0.5221468225762236]",28.449718906844133,0.8959911847156562
"[0.39410729959009627, 0.6627186819243324, -0.8874757151051049, 0.5221487725705531]",28.4497345565462,0.8960540171970528
"[0.3940988975889293, 0.6627168498137936, -0.8874750171069548, 0.5221507223558528]",28.449750210598726,0.8961168496784493
"[0.39409049558284387, 0.6627150178874025, -0.8874743192118348, 0.5221526719496322]",28.449765862654377,0.896179682159846
"[0.39408209365349034, 0.6627131861629522, -0.8874736214265309, 0.522154621332949]",28.449781521333144,0.8962425146412426
"[0.3940736927147695, 0.6627113548396434, -0.8874729238269262, 0.5221565702938016]",28.449797184558975,0.8963053471226393
"[0.39406529132428486, 0.6627095236030164, -0.887472226293241, 0.5221585191668441]",28.44981284759983,0.8963681796040358
"[0.3940568906453571, 0.6627076927066242, -0.88747152892206, 0.52216046768223]",28.449828510010608,0.8964310120854324
"[0.39404848987567154, 0.662705861975581, -0.8874708316467723, 0.5221624160260753]",28.4498441766589,0.8964938445668291
"[0.394040089393212, 0.6627040314922413, -0.8874701344987513, 0.5221643641107288]",28.449859846384705,0.8965566770482256
"[0.3940316891820715, 0.662702201253113, -0.8874694374766708, 0.5221663119399017]",28.449875519001008,0.8966195095296222
"[0.39402328927537766, 0.6627003712653872, -0.8874687405832725, 0.5221682595059352]",28.449891192816388,0.8966823420110189
"[0.3940148899256071, 0.6626985415840463, -0.8874680438394905, 0.522170206750308]",28.449906872383863,0.8967451744924154
"[0.3940064905672202, 0.6626967120858279, -0.8874673471984069, 0.5221721538041992]",28.449922548606246,0.896808006973812
"[0.3939980907837618, 0.6626948826800669, -0.8874666506254916, 0.522174100764093]",28.449938226375547,0.8968708394552087
"[0.3939896924652567, 0.662693053778345, -0.8874659542774651, 0.5221760471919549]",28.449953914202084,0.8969336719366052
"[0.39398129332969434, 0.6626912248836822, -0.8874652579651053, 0.5221779936166954]",28.44996959527233,0.8969965044180019
"[0.3939728951197272, 0.6626893963755116, -0.8874645618328858, 0.5221799396344934]",28.449985288333576,0.8970593368993985
"[0.39396449695221264, 0.6626875680615253, -0.8874638658075876, 0.5221818854500089]",28.450000977701492,0.897122169380795
"[0.39395609918987623, 0.6626857400206627, -0.8874631699192682, 0.5221838309792246]",28.450016672640363,0.8971850018621917
"[0.3939477016439781, 0.6626839122118094, -0.8874624741522805, 0.5221857762658911]",28.45003236691835,0.8972478343435883
"[0.39393930393143073, 0.6626820845515757, -0.8874617784748867, 0.5221877213987538]",28.450048065073684,0.8973106668249848
"[0.393930906926157, 0.6626802572301312, -0.8874610829594777, 0.5221896661754135]",28.450063764847055,0.8973734993063816
"[0.393922509708537, 0.6626784300473314, -0.8874603875298773, 0.5221916108088742]",28.450079468378814,0.8974363317877782
"[0.39391411343814126, 0.6626766032554587, -0.8874596922821069, 0.5221935550306319]",28.450095175926023,0.8974991642691749
"[0.3939057170567183, 0.6626747766242294, -0.8874589971285275, 0.5221954990857671]",28.450110882683468,0.8975619967505714
"[0.39389732070299976, 0.6626729501838231, -0.8874583020806303, 0.5221974429421554]",28.450126591030962,0.897624829231968
"[0.3938889248495583, 0.6626711240370109, -0.8874576071775284, 0.5221993864904133]",28.450142303703544,0.8976876617133647
"[0.39388052936637047, 0.6626692981554764, -0.887456912408448, 0.5222013297606722]",28.450158016867928,0.8977504941947613
"[0.39387213385191827, 0.6626674724518763, -0.8874562177401599, 0.5222032728458855]",28.450173734565237,0.8978133266761578
"[0.39386373906348765, 0.6626656470908598, -0.8874555232353137, 0.5222052155708122]",28.45018945551273,0.8978761591575545
"[0.393855343633315, 0.6626638217750126, -0.8874548287807567, 0.5222071582519845]",28.450205174132837,0.8979389916389511
"[0.3938469492377098, 0.6626619968687737, -0.8874541345151462, 0.5222091005015248]",28.450220900307762,0.8980018241203478
"[0.3938385551560731, 0.6626601722154476, -0.8874534403788636, 0.5222110424861977]",28.450236630135773,0.8980646566017443
"[0.39383016060743603, 0.6626583476452228, -0.8874527463073353, 0.5222129843867317]",28.450252357761947,0.8981274890831409
"[0.39382176672345204, 0.6626565234041033, -0.8874520523941264, 0.5222149259412957]",28.450268088944377,0.8981903215645376
"[0.39381337347236905, 0.6626546994851199, -0.8874513586365929, 0.5222168671573016]",28.450283823315896,0.8982531540459341
"[0.39380497968815203, 0.6626528756348731, -0.8874506649383558, 0.5222188083044402]",28.450299557880808,0.8983159865273307
"[0.39379658671603507, 0.6626510521456491, -0.8874499714105898, 0.5222207490716224]",28.450315297486497,0.8983788190087274
"[0.39378819363043127, 0.6626492288163125, -0.8874492779768031, 0.5222226896729143]",28.450331038907457,0.8984416514901239
"[0.3937798012390236, 0.6626474058223148, -0.8874485847037185, 0.5222246299215733]",28.450346784993787,0.8985044839715205
"[0.3937714086999669, 0.6626455829807393, -0.8874478915217877, 0.5222265700122778]",28.450362526776843,0.8985673164529172
"[0.39376301635333866, 0.6626437603654645, -0.8874471984591024, 0.5222285098663905]",28.45037827476688,0.8986301489343137
"[0.393754624717864, 0.6626419380890979, -0.887446505558487, 0.522230449364055]",28.450394032238815,0.8986929814157104
"[0.3937462332564722, 0.6626401160349801, -0.8874458127755833, 0.5222323886294301]",28.450409781934702,0.898755813897107
"[0.3937378412252006, 0.662638294041569, -0.8874451200489821, 0.5222343278344443]",28.450425533191147,0.8988186463785035
"[0.3937294502189698, 0.6626364724551251, -0.8874444275103329, 0.5222362666105569]",28.450441292427193,0.8988814788599002
"[0.3937210590977405, 0.6626346510281171, -0.8874437350655311, 0.5222382052212176]",28.45045705267405,0.8989443113412968
"[0.39371266878332895, 0.6626328299606112, -0.8874430427906369, 0.5222401434534836]",28.45047281425727,0.8990071438226933
"[0.39370427829784854, 0.6626310090403332, -0.8874423506049584, 0.5222420815332807]",28.450488582513017,0.89906997630409
"[0.39369588830911423, 0.662629188412196, -0.8874416585635856, 0.5222440193063669]",28.450504348824374,0.8991328087854866
"[0.3936874986870177, 0.6626273680479303, -0.8874409666557742, 0.522245956802825]",28.450520120360608,0.8991956412668833
"[0.39367910885163965, 0.6626255478216918, -0.8874402748336991, 0.5222478941565915]",28.450535890005494,0.8992584737482798
"[0.3936707194495069, 0.6626237278737349, -0.8874395831506714, 0.5222498312183816]",28.450551663714702,0.8993213062296764
"[0.3936623303197141, 0.6626219081691223, -0.887438891593416, 0.5222517680253759]",28.450567443595858,0.8993841387110731
"[0.39365394064919346, 0.6626200885314918, -0.8874382000949167, 0.5222537047652805]",28.450583218081125,0.8994469711924696
"[0.3936455527379891, 0.6626182694596521, -0.8874375088447297, 0.5222556409071807]",28.45059900304299,0.8995098036738662
"[0.39363716424820117, 0.6626164504465438, -0.8874368176501708, 0.5222575769907616]",28.45061478956767,0.899572636155263
"[0.39362877588796485, 0.6626146316457218, -0.8874361265696007, 0.5222595128525823]",28.4506305722107,0.8996354686366594
"[0.393620388207418, 0.6626128131764416, -0.8874354356483316, 0.5222614483657059]",28.450646361210815,0.8996983011180563
"[0.39361200056900425, 0.6626109949004457, -0.8874347448338366, 0.5222633836772824]",28.45066215045961,0.8997611335994528
"[0.3936036131471622, 0.6626091768555354, -0.8874340541404806, 0.5222653187470732]",28.450677946722497,0.8998239660808494
"[0.39359522590373724, 0.6626073590334194, -0.8874333635651195, 0.5222672535838971]",28.450693742152545,0.8998867985622461
"[0.3935868389773353, 0.6626055414641118, -0.8874326731191599, 0.5222691881558029]",28.45070953675678,0.8999496310436426
"[0.3935784522837537, 0.6626037241293438, -0.8874319827956632, 0.5222711224822298]",28.45072534360697,0.9000124635250392
"[0.3935700658294255, 0.6626019070304775, -0.887431292595154, 0.5222730565617235]",28.45074114284313,0.9000752960064359
"[0.3935616794819528, 0.6626000901388175, -0.8874306025067336, 0.5222749904248208]",28.450756947858956,0.9001381284878324
"[0.3935532942623357, 0.6625982736755051, -0.8874299126143982, 0.5222769238361372]",28.450772759572338,0.9002009609692291
"[0.3935449082973452, 0.6625964572347418, -0.8874292227640244, 0.5222788572275923]",28.45078856828333,0.9002637934506257
"[0.393536522829275, 0.6625946410855916, -0.8874285330578157, 0.5222807903127945]",28.45080438321721,0.9003266259320222
"[0.39352813755869354, 0.662592825163196, -0.8874278434711339, 0.5222827231607716]",28.45082019446328,0.9003894584134189
"[0.3935197530483875, 0.6625910095893984, -0.8874271540502483, 0.5222846556418282]",28.450836016121187,0.9004522908948155
"[0.39351136811460513, 0.6625891941077982, -0.8874264646978208, 0.5222865880288742]",28.450851833956136,0.900515123376212
"[0.39350298350875346, 0.6625873788811433, -0.8874257754756334, 0.522288520148672]",28.45086765366544,0.9005779558576087
"[0.393494599831134, 0.6625855640393266, -0.8874250864330117, 0.5222904518629597]",28.450883481365263,0.9006407883390053
"[0.3934862151894591, 0.6625837491727102, -0.8874243974144354, 0.5222923836077507]",28.450899305011873,0.9007036208204018
"[0.3934778318736041, 0.6625819347769231, -0.8874237086080757, 0.5222943148554914]",28.450915135802756,0.9007664533017985
"[0.3934694484411548, 0.6625801205397354, -0.887423019895399, 0.5222962459385149]",28.45093096822969,0.9008292857831951
"[0.3934610653480183, 0.6625783065597954, -0.8874223313138588, 0.5222981767518133]",28.45094680248342,0.9008921182645918
"[0.39345268267862754, 0.6625764928553396, -0.8874216428703798, 0.5223001072759709]",28.450962637457916,0.9009549507459883
"[0.39344429932327846, 0.6625746791862697, -0.887420954473834, 0.5223020377665454]",28.450978476765854,0.9010177832273849
"[0.3934359172325029, 0.6625728659745403, -0.8874202662843816, 0.522303967774398]",28.45099431804245,0.9010806157087816
"[0.39342753546315035, 0.6625710530160684, -0.8874195782245632, 0.522305897516751]",28.451010162950844,0.9011434481901781
"[0.39341915324098914, 0.6625692401433885, -0.8874188902308274, 0.5223078271718533]",28.451026008222026,0.9012062806715747
"[0.39341077149407944, 0.662567427557216, -0.8874182023793507, 0.5223097565260533]",28.451041853245616,0.9012691131529714
"[0.39340239044211545, 0.6625656153049891, -0.8874175146881444, 0.5223116855288529]",28.451057709561262,0.9013319456343679
"[0.39339400849669764, 0.6625638030432703, -0.8874168270268831, 0.5223136145458085]",28.451073556750366,0.9013947781157646
"[0.39338562776109837, 0.6625619912267875, -0.8874161395681192, 0.5223155430928912]",28.4510894156164,0.9014576105971612
"[0.3933772472706893, 0.6625601796469248, -0.887415452232702, 0.5223174713921522]",28.45110527172318,0.9015204430785577
"[0.393368866501018, 0.6625583681903403, -0.8874147649776225, 0.5223193995642296]",28.451121131835077,0.9015832755599544
"[0.39336048678614666, 0.6625565571453029, -0.8874140779122687, 0.5223213273022773]",28.45113699692526,0.901646108041351
"[0.3933521065571205, 0.6625547461727412, -0.8874133909079926, 0.5223232549672078]",28.451152857629054,0.9017089405227475
"[0.39334372713811744, 0.6625529355587868, -0.8874127040733486, 0.5223251822544464]",28.45116873006637,0.9017717730041444
"[0.3933353477636809, 0.6625511251379961, -0.8874120173455818, 0.5223271093400926]",28.451184597637464,0.9018346054855408
"[0.3933269680948252, 0.6625493148371218, -0.8874113306969196, 0.5223290363021103]",28.45120046507173,0.9018974379669376
"[0.39331858920581275, 0.6625475048882375, -0.8874106442153843, 0.5223309628934629]",28.451216343596226,0.9019602704483342
"[0.3933102100710123, 0.6625456950697612, -0.8874099578169391, 0.5223328893500079]",28.451232218109727,0.9020231029297306
"[0.3933018324085547, 0.6625438857527491, -0.8874092716423113, 0.5223348152767691]",28.45124810018702,0.9020859354111274
"[0.3932934536417337, 0.6625420763806747, -0.8874085854804518, 0.5223367412661374]",28.451263980805894,0.902148767892524
"[0.3932850761350483, 0.6625402674641545, -0.8874078995249968, 0.5223386667745789]",28.451279866554835,0.9022116003739205
"[0.3932766977734114, 0.6625384585464557, -0.8874072136027583, 0.5223405922882605]",28.451295748212033,0.9022744328553172
"[0.3932683208764751, 0.6625366501283746, -0.8874065279036346, 0.5223425172741004]",28.4513116399196,0.9023372653367138
"[0.3932599435435095, 0.6625348417995363, -0.8874058422720248, 0.5223444421689205]",28.451327529646747,0.9024000978181103
"[0.3932515662871971, 0.6625330336706128, -0.8874051567498983, 0.5223463668549098]",28.451343424934926,0.902462930299507
"[0.3932431897760376, 0.6625312258858606, -0.8874044713919487, 0.5223482911785065]",28.4513593178849,0.9025257627809036
"[0.3932348132062769, 0.6625294182717784, -0.8874037861324039, 0.5223502153243925]",28.4513752163891,0.9025885952623003
"[0.3932264371678844, 0.6625276109556582, -0.8874031010195234, 0.5223521391570631]",28.45139112093734,0.9026514277436968
"[0.3932180607954977, 0.6625258037507753, -0.8874024159825246, 0.5223540628752761]",28.4514070166901,0.9027142602250934
"[0.3932096855594862, 0.6625239969743053, -0.887401731141647, 0.5223559861414022]",28.45142292518004,0.9027770927064901
"[0.39320131006801434, 0.6625221903259743, -0.8874010463830673, 0.5223579092750689]",28.451438832709428,0.9028399251878866
"[0.39319293486449475, 0.6625203839229834, -0.8874003617512177, 0.5223598321515132]",28.45145474528785,0.9029027576692832
"[0.39318455968509936, 0.6625185777084147, -0.8873996772245282, 0.5223617548313183]",28.45147065412263,0.9029655901506799
"[0.3931761848958398, 0.6625167717611748, -0.887398992832911, 0.522363677230484]",28.451486572713197,0.9030284226320764
"[0.39316781085728864, 0.6625149661589795, -0.8873983086058149, 0.5223655992662773]",28.451502488270876,0.9030912551134731
"[0.3931594362160448, 0.6625131606099953, -0.8873976244326567, 0.5223675212493462]",28.451518406034825,0.9031540875948697
"[0.3931510622975691, 0.662511355399976, -0.8873969404217228, 0.5223694428755038]",28.45153433110322,0.9032169200762662
"[0.39314268865162677, 0.6625095504318217, -0.8873962565362218, 0.5223713642481056]",28.451550251736005,0.9032797525576629
"[0.39313431484501316, 0.6625077456121431, -0.8873955727407749, 0.5223732854665597]",28.451566177225214,0.9033425850390595
"[0.39312594193247996, 0.6625059411682406, -0.8873948891215017, 0.5223752062889004]",28.45158211095393,0.903405417520456
"[0.3931175687886241, 0.6625041368575502, -0.8873942055865092, 0.5223771269733306]",28.451598037469626,0.9034682500018527
"[0.3931091961715702, 0.6625023328434184, -0.8873935221976845, 0.5223790473459627]",28.45161397313705,0.9035310824832493
"[0.39310082331148566, 0.662500528959959, -0.8873928388921906, 0.5223809675833779]",28.451629909700937,0.903593914964646
"[0.393092451391347, 0.6624987254620062, -0.8873921557665606, 0.522382887414299]",28.451645848604283,0.9036567474460425
"[0.39308407934446415, 0.6624969221197373, -0.8873914727337444, 0.5223848070833677]",28.451661788691954,0.9037195799274391
"[0.39307570752201126, 0.662495119008784, -0.8873907898223945, 0.5223867265100681]",28.451677733392543,0.9037824124088358
"[0.39306733618069883, 0.6624933161844005, -0.8873901070534421, 0.5223886456355771]",28.451693679099137,0.9038452448902324
"[0.39305896467266743, 0.662491513507056, -0.8873894243740457, 0.5223905646084205]",28.4517096264507,0.9039080773716289
"[0.39305059328905795, 0.6624897110394351, -0.8873887418079511, 0.5223924833618653]",28.45172557646985,0.9039709098530256
"[0.3930422230096243, 0.6624879089924499, -0.8873880594350244, 0.5223944016713861]",28.451741528992645,0.9040337423344222
"[0.3930338521821781, 0.6624861070103475, -0.887387377120568, 0.5223963199156841]",28.451757481267272,0.9040965748158187
"[0.393025482025892, 0.6624843053555951, -0.8873866949639589, 0.5223982378153508]",28.451773441029165,0.9041594072972154
"[0.39301711221162294, 0.662482503957294, -0.8873860129383572, 0.5224001554458546]",28.45178940105911,0.904222239778612
"[0.393008742316609, 0.6624807027244397, -0.8873853310093123, 0.5224020729040669]",28.45180535997403,0.9042850722600088
"[0.39300037267803983, 0.6624789017295828, -0.8873846492042978, 0.5224039901127503]",28.451821328844872,0.9043479047414053
"[0.3929920034932919, 0.6624771010151659, -0.8873839675393819, 0.522405907026718]",28.451837294259267,0.9044107372228019
"[0.3929836339985292, 0.6624753004168268, -0.8873832859523519, 0.5224078238209338]",28.451853260993396,0.9044735697041986
"[0.3929752656429552, 0.6624735002463127, -0.8873826045612161, 0.5224097401635268]",28.451869234064482,0.9045364021855951
"[0.3929668967236363, 0.6624717001372669, -0.8873819232273051, 0.5224116564444913]",28.45188520657717,0.9045992346669917
"[0.39295852828615735, 0.6624699003145864, -0.8873812420357493, 0.5224135724244107]",28.45190118089855,0.9046620671483884
"[0.3929501606199678, 0.6624681008404834, -0.8873805610100889, 0.5224154880370516]",28.451917162607206,0.9047248996297849
"[0.3929417927127377, 0.6624663014971947, -0.8873798800679285, 0.5224174035142286]",28.451933141386576,0.9047877321111816
"[0.39293342540102766, 0.6624645024646252, -0.8873791992773393, 0.5224193186644175]",28.451949124292895,0.9048505645925782
"[0.39292505793068827, 0.6624627035805917, -0.8873785185769569, 0.5224212336602655]",28.45196511285451,0.9049133970739747
"[0.39291669085146974, 0.662460904963268, -0.8873778380115044, 0.5224231483759656]",28.451981102493473,0.9049762295553714
"[0.3929083240989851, 0.662459106598782, -0.8873771575757344, 0.5224250628262801]",28.451997092549963,0.905039062036768
"[0.39289995779152015, 0.6624573085125417, -0.8873764772792561, 0.522426976984154]",28.452013085112693,0.9051018945181645
"[0.3928915909252196, 0.6624555104887453, -0.8873757970404484, 0.522428891079318]",28.452029076643353,0.9051647269995612
"[0.3928832250247938, 0.6624537128550785, -0.8873751169832689, 0.5224308047629244]",28.452045075368332,0.9052275594809578
"[0.39287485949501444, 0.6624519154835786, -0.8873744370593103, 0.5224327181711914]",28.45206107674458,0.9052903919623545
"[0.392866493561558, 0.6624501182078574, -0.8873737572056428, 0.5224346314812457]",28.452077080116517,0.905353224443751
"[0.3928581281713879, 0.6624483212313564, -0.8873730774992221, 0.5224365444765043]",28.452093086349368,0.9054160569251476
"[0.39284976333995375, 0.6624465245573441, -0.887372397941287, 0.5224384571534834]",28.452109091904177,0.9054788894065443
"[0.3928413981645725, 0.6624447279919218, -0.8873717184585026, 0.5224403697185951]",28.45212510047011,0.9055417218879408
"[0.3928330335470958, 0.6624429317287625, -0.8873710391241248, 0.5224422819656566]",28.452141113099035,0.9056045543693374
"[0.39282466926212334, 0.6624411357194255, -0.8873703599198351, 0.5224441939462299]",28.452157127776665,0.9056673868507341
"[0.3928163049357036, 0.6624393398835973, -0.8873696808152648, 0.5224461057458103]",28.45217314154292,0.9057302193321306
"[0.39280794130301644, 0.6624375443790942, -0.8873690018700963, 0.5224480171963848]",28.452189160481083,0.9057930518135272
"[0.3927995777777065, 0.6624357490800035, -0.8873683230367184, 0.5224499284319921]",28.452205180613124,0.9058558842949239
"[0.3927912140766408, 0.6624339539255423, -0.8873676442921555, 0.5224518395173346]",28.452221205190664,0.9059187167763204
"[0.39278285086183584, 0.662432159057791, -0.8873669656901315, 0.5224537503011514]",28.45223723083132,0.9059815492577172
"[0.39277448803791654, 0.6624303644562309, -0.8873662872228943, 0.5224556608052812]",28.452253258825763,0.9060443817391137
"[0.3927661259396062, 0.6624285701926611, -0.8873656089175828, 0.5224575709532816]",28.45226929579432,0.9061072142205103
"[0.3927577630698396, 0.6624267759458444, -0.8873649306527643, 0.5224594810871327]",28.452285323073262,0.906170046701907
"[0.3927494011490069, 0.6624249820848739, -0.8873642525679714, 0.522461390813897]",28.452301360638327,0.9062328791833035
"[0.39274103935255184, 0.6624231884328328, -0.8873635745963219, 0.5224633003219115]",28.452317396240225,0.9062957116647001
"[0.3927326773534797, 0.6624213949195333, -0.8873628967113086, 0.5224652096858959]",28.45233343707301,0.9063585441460968
"[0.39272431579396816, 0.662419601682735, -0.887362218964991, 0.5224671187591843]",28.452349475912072,0.9064213766274933
"[0.39271595504476847, 0.6624178088018927, -0.8873615413874004, 0.5224690274571839]",28.452365522072743,0.90648420910889
"[0.39270759364519, 0.6624160159637564, -0.8873608638601599, 0.5224709361133755]",28.45238156857629,0.9065470415902867
"[0.3926992334728037, 0.6624142235708902, -0.8873601865354025, 0.522472844299184]",28.45239762065812,0.9066098740716831
"[0.39269087295108973, 0.662412431285256, -0.8873595092853891, 0.5224747523744796]",28.452413669526575,0.9066727065530799
"[0.3926825127310532, 0.6624106392464078, -0.8873588321628593, 0.5224766601906876]",28.452429728102075,0.9067355390344765
"[0.39267415290174296, 0.6624088474734138, -0.8873581551750164, 0.522478567727502]",28.452445783615172,0.906798371515873
"[0.39266579282739833, 0.6624070558299648, -0.8873574782703769, 0.5224804751300357]",28.452461839908608,0.9068612039972697
"[0.3926574336578543, 0.6624052645624867, -0.8873568015420332, 0.5224823821359336]",28.452477902439703,0.9069240364786663
"[0.39264907459677884, 0.6624034735002824, -0.887356124925502, 0.5224842889269166]",28.452493965698434,0.906986868960063
"[0.3926407155727967, 0.6624016826280452, -0.8873554484150071, 0.5224861955192759]",28.452510033071068,0.9070497014414595
"[0.39263235701017635, 0.6623998920366515, -0.8873547720448792, 0.5224881018162573]",28.452526101885155,0.9071125339228561
"[0.3926239984113228, 0.6623981016194908, -0.8873540957748496, 0.5224900079313547]",28.45254217189226,0.9071753664042528
"[0.39261563998703475, 0.6623963114216785, -0.8873534196219744, 0.5224919138165337]",28.45255824690234,0.9072381988856493
"[0.3926072817996491, 0.6623945214565707, -0.8873527435912926, 0.5224938194575687]",28.45257431788214,0.9073010313670459
"[0.3925989245057251, 0.6623927318647214, -0.8873520677358908, 0.5224957247048166]",28.45259039577523,0.9073638638484426
"[0.39259056717649615, 0.6623909424472147, -0.8873513919806473, 0.5224976297700439]",28.4526064808489,0.9074266963298391
"[0.3925822097486913, 0.6623891531904977, -0.8873507163204528, 0.5224995346676737]",28.45262255940317,0.9074895288112358
"[0.392573852112532, 0.6623873640710707, -0.8873500407464413, 0.5225014394227201]",28.45263864056075,0.9075523612926324
"[0.39256549590257633, 0.6623855754387982, -0.8873493653907207, 0.5225033436627]",28.452654730145493,0.9076151937740289
"[0.3925571391210742, 0.6623837868660299, -0.8873486900918189, 0.5225052478428992]",28.452670818218202,0.9076780262554256
"[0.392548783227444, 0.6623819986651003, -0.8873480149676667, 0.5225071516307901]",28.452686913340145,0.9077408587368222
"[0.39254042764455443, 0.662380210712452, -0.8873473399716171, 0.5225090551579105]",28.452703011518903,0.9078036912182187
"[0.39253207137823276, 0.662378422795361, -0.8873466650233658, 0.5225109586507307]",28.45271910274217,0.9078665236996155
"[0.39252371602311875, 0.6623766352549947, -0.8873459902517148, 0.5225128617460237]",28.45273520348848,0.907929356181012
"[0.3925153605922231, 0.6623748478801681, -0.8873453155769437, 0.5225147646686215]",28.45275130614737,0.9079921886624085
"[0.39250700570145675, 0.662373060802612, -0.8873446410487806, 0.5225166672782715]",28.452767408462172,0.9080550211438053
"[0.39249865105215553, 0.6623712739584086, -0.8873439666431022, 0.522518569643019]",28.452783514765535,0.9081178536252018
"[0.39249029663087615, 0.6623694873446621, -0.8873432923588184, 0.522520471765941]",28.452799622489323,0.9081806861065985
"[0.3924819423095273, 0.6623677009339621, -0.8873426181855883, 0.5225223736762147]",28.452815732419133,0.9082435185879951
"[0.3924735882977695, 0.6623659147711135, -0.8873419441403272, 0.5225242753261342]",28.452831844922645,0.9083063510693916
"[0.392465234221625, 0.6623641287761537, -0.88734127019286, 0.5225261768008264]",28.4528479638647,0.9083691835507883
"[0.3924568804345889, 0.6623623430246277, -0.8873405963717038, 0.5225280780198563]",28.4528640760423,0.9084320160321849
"[0.3924485277300747, 0.6623605576860851, -0.887339922740834, 0.5225299788027061]",28.452880197612835,0.9084948485135814
"[0.39244017419448757, 0.6623587723515257, -0.8873392491459214, 0.5225318795848158]",28.45289631856504,0.9085576809949781
"[0.3924318217492363, 0.6623569874315173, -0.8873385757418991, 0.5225337799290675]",28.452912445966174,0.9086205134763747
"[0.3924234686293352, 0.6623552025489117, -0.887337902386465, 0.522535680236989]",28.45292856807251,0.9086833459577714
"[0.39241511669135987, 0.6623534181003822, -0.887337229229273, 0.5225375800862508]",28.452944702271335,0.9087461784391679
"[0.39240676437494937, 0.6623516337525135, -0.8873365561445492, 0.5225394798318248]",28.452960835336892,0.9088090109205645
"[0.39239841259533226, 0.6623498497008172, -0.8873358832060488, 0.5225413792655504]",28.452976968143467,0.9088718434019613
"[0.39239006116380853, 0.6623480659049567, -0.8873352103985551, 0.5225432784303669]",28.45299310550562,0.9089346758833577
"[0.39238170997937205, 0.6623462823433041, -0.8873345377139247, 0.5225451773492963]",28.453009242488992,0.9089975083647543
"[0.39237335913605903, 0.6623444990359434, -0.8873338651597231, 0.5225470760009496]",28.453025385355936,0.9090603408461511
"[0.3923650077997705, 0.6623427158047415, -0.8873331926687822, 0.5225489745749773]",28.453041528178016,0.9091231733275476
"[0.3923566573676324, 0.6623409329480027, -0.8873325203536008, 0.5225508727537742]",28.453057675744304,0.9091860058089443
"[0.392348306654629, 0.6623391502126916, -0.8873318481187624, 0.5225527708067385]",28.453073819289585,0.9092488382903409
"[0.39233995620901657, 0.6623373677158463, -0.8873311760084059, 0.5225546686092558]",28.453089967346454,0.9093116707717374
"[0.3923316066706227, 0.6623355855939959, -0.8873305040740116, 0.5225565660159603]",28.45310612446924,0.9093745032531341
"[0.39232325690984554, 0.6623338036060119, -0.8873298322246653, 0.522558463283573]",28.453122278676872,0.9094373357345307
"[0.39231490756809423, 0.6623320218887825, -0.8873291605119767, 0.522560360266344]",28.453138438225572,0.9095001682159272
"[0.392306558261519, 0.6623302403603295, -0.8873284889050602, 0.5225622570515529]",28.45315459731041,0.9095630006973239
"[0.39229820957447725, 0.6623284591453552, -0.8873278174509125, 0.5225641535064215]",28.453170760494675,0.9096258331787205
"[0.3922898611077813, 0.6623266781586492, -0.8873271461174156, 0.522566049721668]",28.453186928939683,0.909688665660117
"[0.3922815126113879, 0.6623248973468338, -0.8873264748844641, 0.52256794575412]",28.453203092387316,0.9097514981415137
"[0.39227316456490313, 0.6623231168122142, -0.887325803790614, 0.5225698414948458]",28.45321926086895,0.9098143306229103
"[0.3922648166860707, 0.6623213364945566, -0.8873251328131675, 0.5225717370079727]",28.453235433477136,0.909877163104307
"[0.39225646859373187, 0.6623195563125612, -0.8873244619214927, 0.5225736323800555]",28.453251607443793,0.9099399955857035
"[0.3922481213154263, 0.6623177764853221, -0.8873237911981601, 0.5225755273778177]",28.45326778407296,0.9100028280671001
"[0.3922397745731529, 0.6623159969535116, -0.8873231206208102, 0.5225774220644205]",28.453283963425378,0.9100656605484968
"[0.3922314272615851, 0.6623142174814683, -0.8873224501006457, 0.5225793166907698]",28.453300142209468,0.9101284930298934
"[0.39222308034193026, 0.6623124382741031, -0.8873217797148847, 0.5225812110386896]",28.453316328005744,0.9101913255112899
"[0.39221473418166847, 0.66231065940969, -0.8873211094930242, 0.5225831050248355]",28.453332510891435,0.9102541579926866
"[0.3922063879495553, 0.6623088807110243, -0.8873204393683036, 0.5225849988378751]",28.453348700624662,0.9103169904740832
"[0.3921980419098618, 0.6623071022344421, -0.887319769361943, 0.5225868924178196]",28.45336488699731,0.9103798229554799
"[0.39218969612914417, 0.6623053239940869, -0.8873190994792803, 0.5225887857496064]",28.453381084234252,0.9104426554368764
"[0.3921813504946011, 0.6623035459659121, -0.887318429711258, 0.5225906788588323]",28.453397275957947,0.910505487918273
"[0.392173005415605, 0.6623017682371058, -0.8873177600907208, 0.5225925716526597]",28.45341347712505,0.9105683203996697
"[0.392164660470501, 0.6622999907177799, -0.8873170905838245, 0.5225944642267932]",28.453429676635757,0.9106311528810662
"[0.3921563161681762, 0.6622982135163399, -0.8873164212313869, 0.5225963564658015]",28.453445879145747,0.9106939853624628
"[0.3921479713691505, 0.6622964363900679, -0.8873157519420027, 0.5225982486281092]",28.453462084234477,0.9107568178438595
"[0.39213962678072745, 0.6622946594895908, -0.8873150827724103, 0.5226001405533348]",28.453478289885997,0.910819650325256
"[0.3921312828035995, 0.6622928829002033, -0.8873144137547306, 0.5226020321506567]",28.453494500725967,0.9108824828066527
"[0.3921229390953436, 0.6622911065489581, -0.8873137448614954, 0.5226039234977385]",28.453510710495607,0.9109453152880493
"[0.39211459546956634, 0.662289330396155, -0.8873130760777591, 0.522605814636846]",28.45352692184476,0.9110081477694458
"[0.39210625229899115, 0.662287554521121, -0.8873124074333911, 0.5226077054835099]",28.453543141085788,0.9110709802508425
"[0.3920979092832137, 0.66228577885986, -0.8873117389043087, 0.5226095961058671]",28.453559359981007,0.9111338127322391
"[0.39208956625312225, 0.6622840033763941, -0.8873110704769623, 0.5226114865422165]",28.453575579650366,0.9111966452136356
"[0.3920812236356087, 0.6622822281615425, -0.8873104021855496, 0.5226133766958555]",28.453591804130344,0.9112594776950323
"[0.39207288188533745, 0.6622804533120018, -0.8873097340664714, 0.5226152664638207]",28.45360803245437,0.911322310176429
"[0.3920645395468284, 0.6622786785180779, -0.8873090660031525, 0.5226171561758527]",28.45362425763096,0.9113851426578254
"[0.392056197577135, 0.6622769039833808, -0.8873083980722424, 0.5226190456151534]",28.45364048611923,0.9114479751392222
"[0.3920478563496632, 0.6622751297872952, -0.8873077303036222, 0.522620934697192]",28.453656720746974,0.9115108076206188
"[0.39203951452177693, 0.6622733556442316, -0.8873070625898064, 0.5226228237260462]",28.4536729551281,0.9115736401020155
"[0.39203117364085427, 0.6622715818832673, -0.8873063950546506, 0.5226247123513236]",28.453689191393263,0.911636472583412
"[0.3920228324948736, 0.6622698082466255, -0.8873057276011456, 0.5226266008474889]",28.453705429898882,0.9116993050648086
"[0.3920144919726308, 0.662268034923283, -0.8873050603004096, 0.5226284890133214]",28.45372167330853,0.9117621375462053
"[0.3920061518745217, 0.6622662618707437, -0.887304393136457, 0.5226303768940651]",28.453737918151372,0.9118249700276018
"[0.3919978117392806, 0.662264488990944, -0.8873037260723855, 0.5226322645941278]",28.45375416225506,0.9118878025089984
"[0.3919894722410493, 0.662262716427149, -0.8873030591621074, 0.5226341519609619]",28.453770414113873,0.9119506349903951
"[0.39198113230012677, 0.6622609439498612, -0.8873023923192783, 0.5226360392389222]",28.453786670167243,0.9120134674717916
"[0.3919727929322241, 0.6622591717749291, -0.8873017256251141, 0.5226379261981762]",28.453802918319436,0.9120762999531884
"[0.3919644539653587, 0.6622573998657744, -0.8873010590658509, 0.5226398128776657]",28.453819176423117,0.9121391324345849
"[0.3919561149476977, 0.6622556281263647, -0.8873003926053693, 0.5226416993796376]",28.453835430242176,0.9122019649159815
"[0.3919477768923608, 0.6622538567719167, -0.8872997263246261, 0.5226435854749292]",28.453851697446275,0.9122647973973782
"[0.39193943772828166, 0.6622520853624458, -0.8872990600581313, 0.522645471632021]",28.45386795831323,0.9123276298787747
"[0.39193109968696466, 0.6622503143719614, -0.8872983939841771, 0.5226473573461937]",28.453884219594116,0.9123904623601713
"[0.3919227616744805, 0.6622485435680685, -0.8872977280153588, 0.5226492428648905]",28.453900488227628,0.912453294841568
"[0.39191442424463835, 0.662246773068358, -0.8872970621959019, 0.5226511280628978]",28.4539167624435,0.9125161273229645
"[0.39190608696114093, 0.6622450027801455, -0.8872963964909543, 0.5226530130388986]",28.45393303160917,0.9125789598043612
"[0.3918977496239761, 0.6622432326609545, -0.887295730884548, 0.522654897838117]",28.453949308674282,0.9126417922857578
"[0.3918894124598382, 0.6622414627589028, -0.8872950653947823, 0.5226567824093122]",28.45396558245093,0.9127046247671543
"[0.39188107579358705, 0.6622396931429253, -0.887294400047579, 0.522658666679078]",28.453981863728007,0.912767457248551
"[0.3918727394043508, 0.6622379237661057, -0.8872937348253005, 0.522660550697365]",28.453998148485198,0.9128302897299476
"[0.3918644030470539, 0.6622361545764096, -0.8872930697083875, 0.5226624345195735]",28.45401442777503,0.9128931222113441
"[0.3918560671740806, 0.6622343856698211, -0.8872924047329283, 0.5226643180434956]",28.454030715982384,0.9129559546927408
"[0.39184773117783833, 0.6622326169173869, -0.8872917398504501, 0.5226662014064346]",28.4540470037534,0.9130187871741374
"[0.39183939579557914, 0.6622308484755164, -0.887291075119751, 0.5226680844418412]",28.454063297740273,0.9130816196555341
"[0.39183106036631926, 0.6622290802039532, -0.8872904104881125, 0.5226699672990541]",28.454079587220537,0.9131444521369306
"[0.3918227254378219, 0.6622273122188603, -0.887289745999206, 0.5226718498543796]",28.454095880319418,0.9132072846183272
"[0.3918143906333575, 0.6622255444403174, -0.8872890816229886, 0.5226737321929102]",28.45411218018959,0.9132701170997239
"[0.39180605655363815, 0.6622237769956925, -0.8872884174073323, 0.522675614179019]",28.454128482928784,0.9133329495811204
"[0.3917977222880547, 0.6622220096918439, -0.8872877532796567, 0.5226774960183586]",28.45414478592884,0.913395782062517
"[0.391789387684476, 0.6622202424965196, -0.887287089227852, 0.5226793777452673]",28.454161091235164,0.9134586145439137
"[0.39178105422110693, 0.6622184757231135, -0.8872864253696814, 0.5226812590260339]",28.45417739582446,0.9135214470253102
"[0.3917727209580085, 0.6622167091722984, -0.8872857616302469, 0.5226831400728998]",28.454193710119497,0.9135842795067068
"[0.39176438726779905, 0.6622149427110782, -0.8872850979595854, 0.5226850210274752]",28.454210017461744,0.9136471119881036
"[0.3917560538391374, 0.6622131764854183, -0.8872844344125471, 0.5226869017343295]",28.454226334042733,0.9137099444695
"[0.39174772144987274, 0.6622114106601386, -0.8872837710510467, 0.5226887820179541]",28.454242650080577,0.9137727769508968
"[0.3917393884388151, 0.6622096448831643, -0.8872831077428294, 0.5226906622532396]",28.454258965192402,0.9138356094322934
"[0.39173105638626726, 0.6622078794893528, -0.8872824446136849, 0.5226925420836173]",28.454275288139005,0.9138984419136899
"[0.39172272431695054, 0.6622061142720342, -0.8872817815859779, 0.5226944217291484]",28.454291612704072,0.9139612743950866
"[0.3917143926266863, 0.6622043493150075, -0.8872811186912054, 0.5226963011005986]",28.454307940864688,0.9140241068764832
"[0.3917060608519223, 0.6622025845200992, -0.8872804558924821, 0.522698180302498]",28.45432426544801,0.9140869393578797
"[0.3916977297978659, 0.6622008200578237, -0.8872797932538549, 0.522700059153274]",28.454340598946832,0.9141497718392765
"[0.3916893982395499, 0.6621990556687256, -0.8872791306778917, 0.5227019379291967]",28.454356933722938,0.914212604320673
"[0.39168106781675177, 0.6621972917000369, -0.8872784682949899, 0.5227038162605179]",28.45437326872784,0.9142754368020697
"[0.39167273697774496, 0.6621955278231477, -0.8872778059817559, 0.5227056944971462]",28.45438960405573,0.9143382692834663
"[0.391664406952032, 0.662193764298357, -0.8872771438359331, 0.5227075723619021]",28.454405945913223,0.9144011017648628
"[0.3916560765509689, 0.6621920008740017, -0.8872764817630334, 0.5227094501227594]",28.454422287508613,0.9144639342462595
"[0.3916477463929965, 0.6621902376809925, -0.8872758198122136, 0.5227113276403149]",28.454438630684262,0.9145267667276561
"[0.3916394166709427, 0.6621884747601162, -0.8872751579987883, 0.5227132048711322]",28.454454978554562,0.9145895992090526
"[0.39163108684484854, 0.662186711997072, -0.8872744962798542, 0.5227150819369178]",28.454471325988138,0.9146524316904493
"[0.3916227580183641, 0.6621849496253841, -0.8872738347430715, 0.5227169585890001]",28.454487680105867,0.9147152641718459
"[0.3916144290558782, 0.6621831874047196, -0.8872731732982303, 0.5227188350832908]",28.45450402934194,0.9147780966532426
"[0.3916061005427134, 0.662181425458904, -0.8872725119918108, 0.5227207112879293]",28.454520388047637,0.9148409291346391
"[0.39159777159684794, 0.6621796636013315, -0.8872718507537815, 0.522722587401618]",28.45453674481349,0.9149037616160357
"[0.39158944357989467, 0.6621779021200099, -0.8872711896922363, 0.5227244631176662]",28.454553109037843,0.9149665940974324
"[0.39158111578361515, 0.662176140865083, -0.8872705287509387, 0.5227263385956437]",28.454569469215183,0.9150294265788289
"[0.39157278774092535, 0.662174379737771, -0.8872698678928225, 0.5227282139407303]",28.454585836623288,0.9150922590602255
"[0.3915644603859972, 0.6621726189355973, -0.8872692071920125, 0.5227300889425883]",28.454602206242914,0.9151550915416222
"[0.39155613309752396, 0.6621708583271562, -0.8872685465992038, 0.5227319637411394]",28.45461857810905,0.9152179240230187
"[0.39154780621151036, 0.6621690979834651, -0.8872678861410458, 0.5227338382607558]",28.454634948999313,0.9152807565044153
"[0.39153947936064154, 0.6621673378268508, -0.8872672257883998, 0.5227357125841433]",28.45465132311473,0.915343588985812
"[0.39153115259476495, 0.6621655778678387, -0.8872665655452205, 0.5227375867000886]",28.454667697226153,0.9154064214672085
"[0.3915228266455513, 0.66216381826104, -0.8872659054695106, 0.5227394604439464]",28.454684079550503,0.9154692539486052
"[0.39151450076816713, 0.662162058849008, -0.8872652455022066, 0.5227413339833707]",28.454700464569957,0.9155320864300018
"[0.39150617457712217, 0.6621602995502722, -0.8872645856127611, 0.5227432074051122]",28.45471684594007,0.9155949189113983
"[0.391497849098638, 0.6621585405816848, -0.8872639258825016, 0.5227450804782451]",28.454733232949124,0.915657751392795
"[0.391489523716114, 0.6621567818128646, -0.8872632662625576, 0.5227469533416077]",28.454749620919372,0.9157205838741916
"[0.39148119880520654, 0.6621550233232119, -0.8872626067826842, 0.5227488259106388]",28.454766011052634,0.9157834163555881
"[0.3914728742553385, 0.6621532650893239, -0.8872619474341106, 0.5227506982102552]",28.454782404900442,0.9158462488369848
"[0.39146454937118497, 0.6621515069643098, -0.887261288161766, 0.5227525703968738]",28.454798799731282,0.9159090813183814
"[0.3914562250109935, 0.6621497491294294, -0.8872606290336184, 0.5227544422774685]",28.454815199107575,0.9159719137997782
"[0.3914479015742795, 0.6621479916689941, -0.8872599700812773, 0.5227563137622525]",28.454831603509003,0.9160347462811746
"[0.39143957727552064, 0.6621462342059634, -0.8872593111633902, 0.5227581852527252]",28.45484800238749,0.9160975787625713
"[0.39143125353758745, 0.662144477040769, -0.8872586523925935, 0.5227600564289557]",28.45486441092425,0.916160411243968
"[0.39142293002425915, 0.662142720102392, -0.8872579937422669, 0.5227619273665665]",28.454880816708556,0.9162232437253646
"[0.39141460653145993, 0.6621409633477386, -0.8872573351962613, 0.5227637981114424]",28.4548972224616,0.9162860762067611
"[0.3914062838069911, 0.6621392069346094, -0.8872566768137301, 0.5227656684955383]",28.454913635735455,0.9163489086881578
"[0.39139796121931025, 0.6621374507296877, -0.8872560185447017, 0.5227675386608154]",28.45493005218593,0.9164117411695544
"[0.39138963894670464, 0.6621356947705722, -0.8872553604032724, 0.5227694085672313]",28.454946470724973,0.9164745736509511
"[0.391381316698481, 0.6621339389959103, -0.8872547023664511, 0.5227712782801137]",28.454962889218777,0.9165374061323476
"[0.39137299483564536, 0.6621321834818481, -0.8872540444627783, 0.5227731477183706]",28.454979307965765,0.9166002386137442
"[0.39136467303596356, 0.6621304281603775, -0.8872533866667751, 0.5227750169544183]",28.454995733806886,0.9166630710951409
"[0.3913563513033393, 0.6621286730323201, -0.88725272897875, 0.5227768859873765]",28.45501215590837,0.9167259035765374
"[0.3913480303587857, 0.6621269182497125, -0.8872520714556751, 0.5227787546553361]",28.45502858501697,0.916788736057934
"[0.39133970941153384, 0.662125163645737, -0.8872514140350528, 0.5227806231359372]",28.455045018145874,0.9168515685393307
"[0.39133138854936167, 0.6621234092389168, -0.8872507567238198, 0.5227824914094481]",28.455061447521807,0.9169144010207272
"[0.3913230675723082, 0.6621216549870745, -0.8872500995061847, 0.5227843595207792]",28.455077882323895,0.9169772335021238
"[0.3913147481029298, 0.6621199012322321, -0.8872494425102804, 0.5227862271057038]",28.455094326068057,0.9170400659835205
"[0.3913064278490038, 0.662118147491155, -0.8872487855550776, 0.5227880946788165]",28.455110761500737,0.917102898464917
"[0.3912981087834523, 0.6621163941796746, -0.8872481287963515, 0.5227899617972896]",28.455127207898617,0.9171657309463137
"[0.39128978855342, 0.6621146408019036, -0.8872474720483565, 0.5227918289891934]",28.455143651294616,0.9172285634277103
"[0.3912814697301403, 0.6621128878996678, -0.8872468155140489, 0.5227936956775274]",28.455160098477087,0.9172913959091068
"[0.39127314988658507, 0.6621111349615486, -0.887246159001881, 0.5227955624069012]",28.45517654464023,0.9173542283905035
"[0.39126483136469586, 0.6621093824809549, -0.8872455026966508, 0.5227974286518724]",28.4551929978635,0.9174170608719001
"[0.39125651296004393, 0.662107630204095, -0.8872448465033101, 0.5227992946827018]",28.455209451479167,0.9174798933532966
"[0.39124819503997754, 0.6621058782083259, -0.8872441904508293, 0.5228011604170053]",28.455225910140683,0.9175427258346933
"[0.3912398766059659, 0.6621041262833172, -0.8872435344604562, 0.5228030260787632]",28.455242365069203,0.9176055583160899
"[0.3912315589079078, 0.6621023746922966, -0.8872428786307571, 0.5228048913876534]",28.455258827173285,0.9176683907974866
"[0.39122324143442405, 0.6621006233275355, -0.8872422229213971, 0.5228067564583933]",28.455275290469068,0.9177312232788831
"[0.391214923630748, 0.6620988720722153, -0.8872415672886462, 0.522808621415381]",28.455291752017125,0.9177940557602797
"[0.39120660666258766, 0.6620971211717547, -0.8872409118243831, 0.5228104859972582]",28.45530822230589,0.9178568882416764
"[0.3911982899880437, 0.6620953705119997, -0.8872402564858841, 0.5228123503255863]",28.45532469541667,0.9179197207230729
"[0.391189973349012, 0.6620936200386255, -0.8872396012528077, 0.5228142144582109]",28.45534116698151,0.9179825532044695
"[0.3911816568589272, 0.6620918697754903, -0.8872389461340907, 0.5228160783697202]",28.455357640904037,0.9180453856858662
"[0.3911733408523391, 0.6620901197929739, -0.8872382911560797, 0.5228179419851589]",28.45537411778871,0.9181082181672627
"[0.39116502479360055, 0.6620883699783355, -0.8872376362765813, 0.522819805424584]",28.45539059726887,0.9181710506486596
"[0.3911567091797962, 0.662086620436148, -0.8872369815347373, 0.5228216685766265]",28.455407077025,0.918233883130056
"[0.39114839342576246, 0.6620848710432812, -0.8872363268844713, 0.5228235315724075]",28.45542356241337,0.9182967156114525
"[0.3911400785575278, 0.6620831220155498, -0.8872356724065467, 0.5228253941820921]",28.45544005083897,0.9183595480928494
"[0.39113176346204975, 0.6620813731187979, -0.8872350180133453, 0.5228272566550372]",28.455456538114035,0.9184223805742459
"[0.39112344898146584, 0.6620796245301314, -0.8872343637711392, 0.5228291188026296]",28.45547302707639,0.9184852130556425
"[0.39111513444544493, 0.6620778761085477, -0.8872337096271752, 0.5228309807750245]",28.455489522387232,0.9185480455370392
"[0.3911068198817737, 0.6620761278598851, -0.8872330555836446, 0.5228328425659999]",28.45550601577712,0.9186108780184357
"[0.3910985062070759, 0.6620743799768598, -0.8872324017126391, 0.5228347039703162]",28.455522514507738,0.9186737104998323
"[0.39109019243088594, 0.6620726322511529, -0.887231747936247, 0.5228365652098205]",28.455539014616406,0.918736542981229
"[0.3910818781225301, 0.6620708845922886, -0.8872310942206166, 0.5228384263808566]",28.45555551405603,0.9187993754626255
"[0.3910735654266797, 0.662069137451018, -0.887230440734358, 0.5228402870033927]",28.455572019598833,0.9188622079440222
"[0.3910652523478172, 0.662067390407878, -0.8872297873205768, 0.5228421475241319]",28.455588528914177,0.9189250404254188
"[0.3910569397219475, 0.6620656436385528, -0.887229134044987, 0.5228440077559725]",28.455605039360147,0.9189878729068153
"[0.39104862697650306, 0.6620638970227087, -0.8872284808625883, 0.5228458678270609]",28.455621551248115,0.919050705388212
"[0.3910403145262358, 0.6620621506474759, -0.8872278278059709, 0.5228477276446011]",28.455638063182725,0.9191135378696086
"[0.3910320027492676, 0.6620604045922575, -0.8872271749048268, 0.5228495871240272]",28.455654580255676,0.9191763703510051
"[0.3910236911038027, 0.662058658743205, -0.8872265221165864, 0.5228514463865777]",28.455671102773536,0.9192392028324018
"[0.39101537910868256, 0.662056912999251, -0.887225869403467, 0.5228533055398809]",28.455687619154006,0.9193020353137984
"[0.39100706800972684, 0.6620551676220264, -0.8872252168632924, 0.522855164305304]",28.455704141970475,0.9193648677951951
"[0.39099875664546796, 0.6620534223675895, -0.8872245644048629, 0.5228570229426316]",28.455720669085803,0.9194277002765916
"[0.3909904463555668, 0.6620516775172162, -0.8872239121333328, 0.5228588811523084]",28.45573719607673,0.9194905327579882
"[0.39098213548092015, 0.6620499327225293, -0.8872232599184746, 0.52286073930534]",28.45575372711517,0.9195533652393849
"[0.39097382467407993, 0.6620481881205382, -0.8872226078115115, 0.5228625972558113]",28.455770257709514,0.9196161977207814
"[0.39096551462197365, 0.6620464438554085, -0.8872219558663316, 0.5228644548501846]",28.45578679402424,0.919679030202178
"[0.3909572048297144, 0.6620446998232266, -0.8872213040440952, 0.5228663121991194]",28.455803331140498,0.9197418626835747
"[0.3909488951384292, 0.6620429559906261, -0.8872206523323363, 0.5228681693381448]",28.455819870855017,0.9198046951649712
"[0.3909405855817082, 0.6620412123646436, -0.8872200007336895, 0.5228700262597625]",28.455836411260435,0.9198675276463679
"[0.39093227640248474, 0.6620394689962341, -0.8872193492671971, 0.5228718829097011]",28.455852954554267,0.9199303601277645
"[0.3909239677437873, 0.6620377259153608, -0.8872186979440614, 0.5228737392560452]",28.45586950527907,0.919993192609161
"[0.3909156591839242, 0.6620359830335386, -0.8872180467312175, 0.522875595393024]",28.455886054443816,0.9200560250905577
"[0.39090735030600693, 0.662034240263314, -0.8872173955959973, 0.5228774514137696]",28.45590260376035,0.9201188575719543
"[0.3908990422620209, 0.6620324978462913, -0.8872167446286721, 0.5228793070609722]",28.455919152599996,0.9201816900533508
"[0.3908907343380579, 0.6620307556327196, -0.8872160937732904, 0.5228811624941075]",28.455935710117675,0.9202445225347475
"[0.39088242660982836, 0.6620290136384124, -0.8872154430357805, 0.5228830176963328]",28.455952270725795,0.9203073550161441
"[0.39087411880252704, 0.6620272718057817, -0.8872147923946191, 0.5228848727289704]",28.45596882821676,0.9203701874975408
"[0.39086581150093264, 0.6620255302574021, -0.8872141418955999, 0.5228867274614755]",28.45598539158449,0.9204330199789375
"[0.3908575045746928, 0.662023788965907, -0.887213491528503, 0.5228885819229879]",28.45600195705065,0.9204958524603339
"[0.3908491980013037, 0.6620220479265492, -0.8872128412915561, 0.522890436118558]",28.456018525981776,0.9205586849417307
"[0.39084089110938186, 0.6620203069986116, -0.8872121911322068, 0.5228922901980435]",28.456035092481276,0.9206215174231273
"[0.3908325848237301, 0.6620185663758652, -0.887211541122836, 0.522894143955075]",28.456051664015714,0.9206843499045237
"[0.39082427906683526, 0.6620168260420422, -0.8872108912573593, 0.5228959974069719]",28.45606823709799,0.9207471823859205
"[0.3908159725465095, 0.6620150857263897, -0.8872102414346806, 0.5228978508420802]",28.4560848119594,0.9208100148673171
"[0.3908076676884591, 0.6620133459370824, -0.8872095918445515, 0.5228997037191886]",28.456101395631325,0.9208728473487136
"[0.39079936248830927, 0.6620116062541751, -0.8872089423301713, 0.5229015564855343]",28.456117976623958,0.9209356798301103
"[0.39079105721744706, 0.6620098667345082, -0.887208292912777, 0.5229034090805774]",28.456134559554297,0.9209985123115069
"[0.3907827521129818, 0.6620081274277485, -0.8872076436109094, 0.5229052614514172]",28.456151143023924,0.9210613447929036
"[0.39077444736001576, 0.6620063883726324, -0.8872069944390351, 0.522907113556794]",28.45616773176631,0.9211241772743001
"[0.3907661432679285, 0.662004649633917, -0.8872063454213213, 0.5229089653277352]",28.45618432143648,0.9211870097556967
"[0.3907578389413349, 0.6620029110240662, -0.8872056964877851, 0.5229108169639656]",28.456200915711708,0.9212498422370934
"[0.39074953508001314, 0.6620011726896087, -0.8872050476931087, 0.522912668309423]",28.456217508582377,0.9213126747184899
"[0.3907412314211887, 0.6619994345754955, -0.8872043990167521, 0.5229145194227309]",28.456234109211085,0.9213755071998865
"[0.3907329279352774, 0.6619976966755159, -0.8872037504564009, 0.5229163703104984]",28.456250709565893,0.9214383396812832
"[0.3907246245932678, 0.6619959589835739, -0.887203102009787, 0.5229182209792135]",28.45626730913789,0.9215011721626797
"[0.3907163218228662, 0.6619942215891552, -0.8872024537103017, 0.522920071333567]",28.456283911091813,0.9215640046440764
"[0.39070801875202654, 0.6619924843097619, -0.8872018054898528, 0.5229219215679166]",28.456300517292384,0.921626837125473
"[0.39069971666828296, 0.661990747414764, -0.8872011574489488, 0.5229237713953733]",28.456317128328187,0.9216896696068695
"[0.3906914143082728, 0.6619890106398109, -0.887200509488965, 0.5229256210974711]",28.456333736576195,0.9217525020882662
"[0.3906831122009971, 0.6619872740955659, -0.8871998616511911, 0.5229274705563459]",28.456350348774137,0.9218153345696628
"[0.39067481038130497, 0.661985537789282, -0.8871992139383406, 0.5229293197642684]",28.45636696711624,0.9218781670510593
"[0.390666509040895, 0.6619838017610377, -0.8871985663653588, 0.522931168678548]",28.456383585138138,0.921940999532456
"[0.390658207775178, 0.6619820659261901, -0.8871979189006778, 0.5229330173893268]",28.45640020532769,0.9220038320138526
"[0.3906499066366061, 0.6619803302957002, -0.8871972715483886, 0.5229348658849253]",28.456416829005516,0.9220666644952493
"[0.39064160580065826, 0.661978594906217, -0.8871966243221713, 0.5229367141263077]",28.456433451157434,0.9221294969766458
"[0.39063330503608745, 0.6619768597093961, -0.8871959772039917, 0.5229385621649558]",28.45645007644709,0.9221923294580424
"[0.39062500512197695, 0.6619751248680538, -0.8871953302545731, 0.5229404098274606]",28.4564667117073,0.9222551619394391
"[0.3906167050181655, 0.6619733901647483, -0.8871946833928293, 0.522942257345399]",28.456483340672396,0.9223179944208356
"[0.39060840512918604, 0.6619716556840188, -0.8871940366502907, 0.5229441046287291]",28.456499977756305,0.9223808269022322
"[0.390600105230602, 0.6619699213789474, -0.887193390009469, 0.5229459517274153]",28.45651660935557,0.9224436593836289
"[0.390591806045017, 0.6619681874004986, -0.8871927435266513, 0.5229477984806696]",28.456533249351857,0.9225064918650255
"[0.3905835069589094, 0.6619664536204518, -0.8871920971540357, 0.522949645025046]",28.456549892784622,0.922569324346422
"[0.3905752079435642, 0.6619647200327968, -0.8871914508893853, 0.5229514913669413]",28.456566531766107,0.9226321568278187
"[0.390566909035819, 0.6619629866452166, -0.887190804735569, 0.5229533374981675]",28.45658317931938,0.9226949893092153
"[0.3905586110587564, 0.6619612536295899, -0.8871901587566569, 0.522955183235661]",28.456599826753152,0.922757821790612
"[0.39055031244131566, 0.6619595206577701, -0.8871895128303439, 0.5229570289289082]",28.456616476820884,0.9228206542720085
"[0.39054201494144947, 0.6619577880968635, -0.8871888670934545, 0.5229588741869179]",28.456633132002242,0.9228834867534051
"[0.3905337172000518, 0.661956055663037, -0.887188221440207, 0.5229607193119807]",28.456649782387803,0.9229463192348019
"[0.39052541969012705, 0.6619543234550501, -0.8871875759074104, 0.5229625641989079]",28.456666439766774,0.9230091517161984
"[0.3905171223532313, 0.6619525914606544, -0.8871869304905129, 0.5229644088607408]",28.456683101402724,0.923071984197595
"[0.3905088254350271, 0.66195085973113, -0.8871862852086166, 0.5229662532428571]",28.45669976166724,0.9231348166789917
"[0.39050052876541896, 0.6619491282309385, -0.8871856400484841, 0.5229680973831017]",28.456716425629665,0.9231976491603882
"[0.3904922323431842, 0.6619473969598013, -0.887184995010014, 0.5229699412817667]",28.456733091800082,0.9232604816417849
"[0.3904839356706491, 0.6619456658138536, -0.8871843500545172, 0.5229717850494691]",28.456749758114036,0.9233233141231815
"[0.39047563981109273, 0.6619439350149353, -0.8871837052646417, 0.5229736284499311]",28.45676643222559,0.923386146604578
"[0.39046734394853905, 0.6619422043927703, -0.8871830605769554, 0.5229754716645021]",28.45678310535715,0.9234489790859747
"[0.39045904826505107, 0.6619404739853272, -0.8871824160056067, 0.5229773146527376]",28.456799778570613,0.9235118115673713
"[0.39045075293321074, 0.6619387438285805, -0.8871817715639991, 0.522979157376318]",28.45681645493101,0.9235746440487678
"[0.39044245788639914, 0.6619370139086092, -0.887181127246949, 0.5229809998500645]",28.45683313413152,0.9236374765301645
"[0.39043416319903734, 0.6619352842409016, -0.887180483060228, 0.5229828420574758]",28.456849817484557,0.9237003090115611
"[0.39042586847475036, 0.6619335547427894, -0.8871798389730511, 0.5229846840865943]",28.45686650616064,0.9237631414929578
"[0.3904175736963567, 0.6619318254106847, -0.8871791949840886, 0.5229865259412364]",28.45688318726841,0.9238259739743543
"[0.3904092796720121, 0.6619300964130573, -0.8871785511560751, 0.5229883674419643]",28.456899875779293,0.9238888064557509
"[0.3904009860662574, 0.6619283676798973, -0.8871779074629521, 0.52299020866334]",28.456916572129423,0.9239516389371476
"[0.3903926922621923, 0.6619266390826364, -0.8871772638568393, 0.5229920497422911]",28.45693326390364,0.9240144714185441
"[0.3903843987525308, 0.6619249107239489, -0.8871766203759737, 0.522993890569457]",28.456949957468638,0.9240773038999407
"[0.39037610566660014, 0.6619231826307496, -0.8871759770303796, 0.5229957311161676]",28.456966657395203,0.9241401363813374
"[0.39036781297318274, 0.6619214547965009, -0.8871753338176237, 0.5229975713893797]",28.45698336149796,0.9242029688627339
"[0.3903595201314634, 0.6619197271085056, -0.8871746906957576, 0.52299941150912]",28.457000064613737,0.9242658013441305
"[0.3903512279960317, 0.661917999744785, -0.8871740477310487, 0.5230012512857759]",28.457016770009538,0.9243286338255272
"[0.39034293566012535, 0.661916272516421, -0.8871734048531825, 0.5230030909205554]",28.457033474745156,0.9243914663069237
"[0.39033464331792006, 0.6619145454638585, -0.8871727620772188, 0.5230049303703773]",28.457050185308088,0.9244542987883205
"[0.390326351677304, 0.661912818734503, -0.8871721194580209, 0.5230067694782367]",28.457066895320935,0.924517131269717
"[0.3903180600770292, 0.6619110921906127, -0.8871714769443304, 0.5230086083908354]",28.457083607446698,0.9245799637511135
"[0.390309769278803, 0.6619093659907684, -0.8871708345951596, 0.5230104469392657]",28.457100330143582,0.9246427962325103
"[0.39030147768355294, 0.6619076398020229, -0.8871701922866198, 0.52301228547814]",28.457117046829058,0.9247056287139068
"[0.39029318718745415, 0.6619059140191172, -0.887169550165596, 0.5230141235870203]",28.45713376832098,0.9247684611953034
"[0.39028489659279947, 0.6619041883926879, -0.8871689081393078, 0.5230159615314951]",28.45715049289928,0.9248312936767001
"[0.3902766059105109, 0.6619024629250112, -0.8871682662086082, 0.5230177993091348]",28.457167215462395,0.9248941261580966
"[0.3902683159248037, 0.6619007377792723, -0.8871676244342096, 0.5230196367461278]",28.457183945685056,0.9249569586394933
"[0.39026002599757836, 0.6618990128226491, -0.8871669827667026, 0.5230214739839362]",28.457200674103238,0.92501979112089
"[0.3902517367293759, 0.6618972881800727, -0.8871663412525613, 0.5230233108894915]",28.45721741244155,0.9250826236022864
"[0.3902434473192488, 0.6618955636848763, -0.8871656998297931, 0.523025147640305]",28.45723414311062,0.9251454560836831
"[0.3902351579638985, 0.661893839377977, -0.8871650585136244, 0.5230269841927908]",28.457250880427285,0.9252082885650798
"[0.3902268689946943, 0.6618921153282838, -0.8871644173296868, 0.5230288204735486]",28.4572676207481,0.9252711210464762
"[0.3902185804697129, 0.6618903915478485, -0.887163776282461, 0.5230306564697375]",28.457284361818434,0.925333953527873
"[0.3902102920456138, 0.661888667965215, -0.8871631353453864, 0.5230324922574611]",28.45730110786339,0.9253967860092696
"[0.3902020039043231, 0.6618869446182251, -0.8871624945325267, 0.5230343277964071]",28.457317852665597,0.9254596184906663
"[0.39019371642880607, 0.6618852215864603, -0.8871618538734786, 0.5230361630018088]",28.457334605735433,0.9255224509720628
"[0.3901854283440448, 0.661883498604827, -0.8871612132696793, 0.5230379981560132]",28.457351353312514,0.9255852834534594
"[0.39017714079451365, 0.6618817759112372, -0.8871605728095925, 0.5230398330056143]",28.457368105341786,0.9256481159348561
"[0.39016885335544566, 0.6618800534173733, -0.8871599324603843, 0.5230416676446745]",28.457384861773612,0.9257109484162526
"[0.3901605663849716, 0.6618783311976452, -0.8871592922497189, 0.5230435019939342]",28.45740162226025,0.9257737808976492
"[0.39015227978578004, 0.66187660923179, -0.8871586521700665, 0.5230453360749703]",28.457418380755616,0.9258366133790459
"[0.39014399301640285, 0.661874887407279, -0.8871580121796028, 0.5230471700076336]",28.457435141748338,0.9258994458604424
"[0.39013570686127835, 0.6618731658870843, -0.8871573723389051, 0.5230490036183348]",28.457451908704712,0.9259622783418391
"[0.390127420832785, 0.6618714445698641, -0.8871567326103106, 0.5230508370150097]",28.457468675394082,0.9260251108232357
"[0.3901191345137403, 0.6618697233689539, -0.8871560929616159, 0.523052670289961]",28.45748544250534,0.9260879433046322
"[0.39011084934178786, 0.6618680025829408, -0.8871554535037866, 0.5230545031251539]",28.457502216449342,0.9261507757860289
"[0.3901025638730825, 0.66186628191191, -0.8871548141253723, 0.5230563358400271]",28.45751898950807,0.9262136082674255
"[0.39009427882457515, 0.661864561504743, -0.8871541748817, 0.5230581682759993]",28.45753576329606,0.926276440748822
"[0.3900859939743805, 0.6618628413153385, -0.8871535357556428, 0.523060000482169]",28.45755254520038,0.9263392732302187
"[0.3900777096910293, 0.6618611214201813, -0.887152896775619, 0.5230618323770653]",28.457569328008603,0.9264021057116153
"[0.3900694248539147, 0.6618594015866178, -0.8871522578551984, 0.5230636642084877]",28.457586109113034,0.9264649381930118
"[0.39006114111164386, 0.6618576821568533, -0.8871516191215137, 0.5230654956119407]",28.45760289337644,0.9265277706744086
"[0.39005285673016077, 0.6618559627709338, -0.8871509804408519, 0.5230673269708142]",28.457619682082136,0.9265906031558051
"[0.3900445730556347, 0.6618542437082638, -0.8871503419169978, 0.5230691579875016]",28.457636467914337,0.9266534356372018
"[0.39003628904060333, 0.6618525247513852, -0.8871497034692076, 0.5230709888936222]",28.457653259631083,0.9267162681185984
"[0.3900280070089431, 0.6618508063825138, -0.8871490652765549, 0.5230728191755458]",28.457670057186633,0.9267791005999949
"[0.39001972384359435, 0.6618490879548617, -0.8871484270988348, 0.5230746495221797]",28.45768685821272,0.9268419330813916
"[0.39001144076024036, 0.6618473697206738, -0.887147789029733, 0.5230764796648454]",28.45770365659712,0.9269047655627882
"[0.3900031583314051, 0.6618456517986474, -0.8871471511133423, 0.5230783094771122]",28.45772045525094,0.9269675980441847
"[0.38999487626682644, 0.6618439341285728, -0.8871465133272908, 0.5230801390231039]",28.457737261763363,0.9270304305255814
"[0.38998659418641934, 0.6618422166315922, -0.8871458756423065, 0.5230819683868098]",28.457754064642195,0.927093263006978
"[0.38997831244730224, 0.6618404993817424, -0.8871452380858831, 0.523083797489366]",28.457770874372624,0.9271560954883747
"[0.38997003045708506, 0.6618387822561825, -0.8871446006124187, 0.5230856264616093]",28.45778768379666,0.9272189279697712
"[0.3899617496953232, 0.6618370655616338, -0.887143963335781, 0.5230874549768354]",28.457804499105237,0.9272817604511678
"[0.3899534679761085, 0.6618353488449163, -0.8871433260877446, 0.5230892835177375]",28.457821310074912,0.9273445929325645
"[0.38994518741828543, 0.661833632545235, -0.8871426890313457, 0.5230911116164966]",28.457838126023887,0.927407425413961
"[0.3899369068071635, 0.6618319164107714, -0.8871420520731169, 0.5230929395413297]",28.45785494756052,0.9274702578953576
"[0.389928626306231, 0.6618302004754069, -0.8871414152256364, 0.5230947672561429]",28.457871769099143,0.9275330903767544
"[0.389920346213915, 0.6618284848009612, -0.8871407785118495, 0.5230965946950843]",28.45788859452908,0.9275959228581508
"[0.389912066376459, 0.6618267693555365, -0.8871401419199243, 0.5230984218921252]",28.45790542069346,0.9276587553395476
"[0.3899037865718806, 0.6618250540931356, -0.8871395054327922, 0.5231002488962536]",28.45792224618368,0.9277215878209442
"[0.3898955070142757, 0.6618233390580917, -0.887138869066909, 0.5231020756602432]",28.457939082519108,0.9277844203023407
"[0.3898872280894589, 0.6618216243302876, -0.8871382328519158, 0.5231039020990021]",28.45795591239573,0.9278472527837374
"[0.3898789485671267, 0.6618199096548971, -0.8871375966932697, 0.5231057284839526]",28.45797274859268,0.927910085265134
"[0.38987067047227136, 0.6618181954512521, -0.887136960746549, 0.5231075543684396]",28.457989586830315,0.9279729177465305
"[0.3898623917493533, 0.6618164812936804, -0.8871363248538311, 0.523109380205861]",28.45800642711405,0.9280357502279272
"[0.38985411356580885, 0.6618147674238803, -0.8871356891047916, 0.5231112057387683]",28.458023272376863,0.9280985827093238
"[0.3898458357263886, 0.6618130538014025, -0.8871350534844232, 0.5231130310102408]",28.45804011541072,0.9281614151907203
"[0.38983755774893375, 0.6618113403264276, -0.8871344179557022, 0.5231148561265956]",28.458056961342475,0.928224247672117
"[0.38982928034764713, 0.6618096271467624, -0.8871337825734564, 0.523116680930391]",28.45807381321289,0.9282870801535136
"[0.3898210034443247, 0.6618079142461833, -0.8871331473316659, 0.523118505438902]",28.458090665370783,0.9283499126349103
"[0.3898127261454797, 0.6618062014397659, -0.8871325121617584, 0.5231203298490983]",28.458107519051744,0.9284127451163068
"[0.3898044493092529, 0.6618044889050814, -0.8871318771295869, 0.5231221539718325]",28.4581243774921,0.9284755775977034
"[0.38979617220884477, 0.6618027764917332, -0.8871312421793883, 0.5231239779672958]",28.45814122995946,0.9285384100791001
"[0.3897878959910097, 0.6618010644369433, -0.8871306073991235, 0.523125801582805]",28.458158092546995,0.9286012425604966
"[0.3897796198824889, 0.6617993525807128, -0.88712997272947, 0.5231276249887783]",28.458174955767294,0.9286640750418932
"[0.3897713442353236, 0.6617976409958329, -0.8871293381974173, 0.5231294481076761]",28.458191821237097,0.9287269075232899
"[0.3897630682125298, 0.6617959295091876, -0.8871287037387917, 0.5231312711238911]",28.458208688501067,0.9287897400046865
"[0.3897547933128962, 0.6617942184307, -0.8871280694684841, 0.5231330937072985]",28.458225561220868,0.9288525724860832
"[0.38974651775204994, 0.6617925073913712, -0.8871274352497163, 0.5231349162509386]",28.458242427581155,0.9289154049674797
"[0.38973824297359205, 0.6617907966896627, -0.8871268011931243, 0.5231367384368955]",28.458259302513884,0.9289782374488763
"[0.3897299680496974, 0.6617890861337414, -0.8871261672276052, 0.5231385604694969]",28.458276182978942,0.929041069930273
"[0.389721694002495, 0.6617873759348646, -0.8871255334314563, 0.5231403821237147]",28.458293061775045,0.9291039024116695
"[0.38971341966388795, 0.661785665851564, -0.887124899715194, 0.5231422036567479]",28.458309943319367,0.9291667348930661
"[0.3897051455146787, 0.6617839559832067, -0.8871242661156479, 0.5231440249627484]",28.458326826944614,0.9292295673744628
"[0.3896968718436839, 0.6617822463894611, -0.8871236326549243, 0.5231458459781537]",28.458343712783684,0.9292923998558593
"[0.38968859840519265, 0.6617805370194908, -0.887122999314202, 0.5231476667571103]",28.458360598383937,0.929355232337256
"[0.3896803249334043, 0.6617788278183991, -0.8871223660731333, 0.5231494873580859]",28.45837748995875,0.9294180648186526
"[0.38967205164598046, 0.6617771188311297, -0.887121732948378, 0.5231513077332031]",28.458394381350963,0.9294808973000491
"[0.38966377876210223, 0.6617754101029323, -0.8871210999567025, 0.5231531278342577]",28.458411276589256,0.9295437297814458
"[0.3896555063110639, 0.6617737016398241, -0.8871204671003355, 0.5231549476548352]",28.458428176724503,0.9296065622628424
"[0.3896472340163023, 0.6617719933846616, -0.8871198343581127, 0.5231567672557984]",28.458445070922096,0.9296693947442389
"[0.3896389614485752, 0.6617702852488067, -0.8871192016972067, 0.5231585867315586]",28.458461972306303,0.9297322272256356
"[0.38963069001369544, 0.6617685775224862, -0.8871185692251179, 0.5231604057729663]",28.45847888211384,0.9297950597070322
"[0.3896224184210924, 0.6617668699392225, -0.887117936843148, 0.5231622246638633]",28.458495788502145,0.9298578921884287
"[0.3896141472787891, 0.6617651626245161, -0.8871173045977804, 0.5231640432705632]",28.458512695591892,0.9299207246698254
"[0.3896058760710335, 0.6617634554718868, -0.8871166724495873, 0.5231658617064829]",28.458529604646724,0.929983557151222
"[0.3895976049786093, 0.6617617485186393, -0.8871160404123878, 0.5231676799318804]",28.4585465162605,0.9300463896326188
"[0.389589334153484, 0.661760041796114, -0.8871154084977912, 0.5231694979133675]",28.458563433865912,0.9301092221140153
"[0.38958106388323277, 0.6617583353636234, -0.8871147767277572, 0.5231713155877603]",28.45858035534806,0.9301720545954119
"[0.3895727938244213, 0.6617566291502751, -0.88711414507604, 0.5231731330305672]",28.45859727262755,0.9302348870768086
"[0.3895645237409555, 0.6617549231073426, -0.8871135135246073, 0.5231749502936862]",28.458614194810025,0.9302977195582051
"[0.38955625375666136, 0.6617532172603626, -0.8871128820829174, 0.523176767349911]",28.458631116274884,0.9303605520396017
"[0.3895479845088306, 0.6617515117407564, -0.8871122507996169, 0.5231785840592479]",28.458648046949804,0.9304233845209984
"[0.3895397150635963, 0.6617498063558911, -0.8871116196034075, 0.5231804006268826]",28.45866497321098,0.9304862170023949
"[0.38953144624276936, 0.6617481012752264, -0.8871109885570123, 0.5231822168723028]",28.458681907754553,0.9305490494837916
"[0.38952317688621424, 0.6617463962595228, -0.8871103575718964, 0.5231840330503403]",28.45869883806334,0.9306118819651882
"[0.38951490858769705, 0.6617446916373689, -0.8871097267696636, 0.5231858488109785]",28.458715774778334,0.9306747144465847
"[0.38950664046807043, 0.6617429872274713, -0.8871090960832232, 0.5231876643473256]",28.45873271515209,0.9307375469279815
"[0.3894983717977406, 0.6617412828794328, -0.8871084654569327, 0.5231894798195795]",28.45874965241894,0.930800379409378
"[0.38949010361298253, 0.6617395788068448, -0.8871078349698296, 0.5231912950002187]",28.4587665965474,0.9308632118907746
"[0.38948183654696056, 0.661737875140151, -0.8871072046701703, 0.5231931097502873]",28.458783543727986,0.9309260443721713
"[0.3894735691829669, 0.6617361715873545, -0.8871065744499298, 0.5231949243808177]",28.458800486527657,0.9309888768535678
"[0.3894653018975584, 0.661734468226057, -0.8871059443378203, 0.5231967388091426]",28.458817437797652,0.9310517093349645
"[0.3894570350743228, 0.6617327651352632, -0.8871053143630714, 0.5231985529511006]",28.458834392340027,0.9311145418163611
"[0.3894487683034515, 0.6617310622305284, -0.8871046844944472, 0.5232003668966381]",28.45885134566294,0.9311773742977576
"[0.3894405016590509, 0.6617293595270912, -0.8871040547375953, 0.5232021806295175]",28.458868300201647,0.9312402067791543
"[0.3894322352264841, 0.6617276570425301, -0.8871034250990145, 0.5232039941310098]",28.458885256869213,0.9313030392605509
"[0.38942396919807515, 0.6617259548164237, -0.8871027955933466, 0.5232058073589496]",28.45890221561855,0.9313658717419474
"[0.3894157036965015, 0.6617242528739974, -0.8871021662299208, 0.5232076202864617]",28.4589191826553,0.9314287042233441
"[0.3894074382336323, 0.661722551114727, -0.8871015369715607, 0.5232094330206202]",28.4589361467931,0.9314915367047407
"[0.38939917303172583, 0.6617208495843253, -0.8871009078351866, 0.5232112455127275]",28.458953114435523,0.9315543691861372
"[0.38939090805266247, 0.6617191482749528, -0.8871002788178903, 0.5232130577711281]",28.45897008854603,0.9316172016675339
"[0.3893826428440127, 0.6617174470934611, -0.887099649885243, 0.5232148698950403]",28.458987058715675,0.9316800341489305
"[0.38937437824570936, 0.6617157462127159, -0.887099021101155, 0.5232166817003201]",28.459004034498513,0.9317428666303272
"[0.3893661146466037, 0.6617140457126706, -0.8870983924951845, 0.5232184931017947]",28.45902101090514,0.9318056991117237
"[0.3893578496462912, 0.6617123450993868, -0.8870977638847445, 0.5232203046256105]",28.459037985074943,0.9318685315931203
"[0.38934958596639, 0.6617106449328529, -0.8870971354768392, 0.5232221156752533]",28.45905496913419,0.931931364074517
"[0.38934132240835645, 0.6617089449664332, -0.8870965071803014, 0.5232239265134389]",28.459071954844816,0.9319941965559135
"[0.38933305915243505, 0.6617072452371857, -0.8870958790088318, 0.5232257371006866]",28.45908893959128,0.9320570290373101
"[0.3893247958388218, 0.6617055456710839, -0.8870952509350767, 0.5232275475158471]",28.45910592609931,0.9321198615187068
"[0.3893165326843801, 0.6617038463127217, -0.8870946229755214, 0.5232293577114122]",28.459122914667027,0.9321826940001033
"[0.38930826989602885, 0.6617021472046295, -0.8870939951458839, 0.5232311676420727]",28.459139911862426,0.9322455264815
"[0.38930000726139635, 0.6617004483031126, -0.8870933674300217, 0.5232329773543689]",28.45915690357167,0.9323083589628967
"[0.3892917456995678, 0.6616987497971013, -0.8870927398977388, 0.523234786647041]",28.45917390341345,0.9323711914442931
"[0.3892834833483807, 0.6616970513037316, -0.887092112407587, 0.523236595927922]",28.45919090034892,0.9324340239256899
"[0.3892752217303136, 0.6616953531359788, -0.8870914850751963, 0.5232384048636167]",28.459207901460307,0.9324968564070865
"[0.3892669598348533, 0.6616936550861116, -0.8870908578238308, 0.5232402136754011]",28.45922490709388,0.932559688888483
"[0.3892586988033419, 0.6616919573886771, -0.8870902307401342, 0.5232420221134244]",28.459241913247286,0.9326225213698797
"[0.389250437864087, 0.6616902598850536, -0.8870896037655148, 0.5232438303466495]",28.459258922269168,0.9326853538512763
"[0.3892421768208402, 0.6616885625349086, -0.8870889768850808, 0.5232456384180351]",28.45927593311662,0.932748186332673
"[0.3892339162383252, 0.6616868654542533, -0.8870883501416833, 0.5232474462039971]",28.459292944404705,0.9328110188140696
"[0.38922565588476743, 0.6616851685954477, -0.8870877235177275, 0.5232492537552785]",28.459309961386488,0.9328738512954661
"[0.38921739556871643, 0.6616834719191337, -0.8870870969986886, 0.5232510611138]",28.459326977421778,0.9329366837768628
"[0.3892091362611624, 0.6616817756247253, -0.8870864706581972, 0.5232528680671339]",28.459344000217666,0.9329995162582594
"[0.3892008760616632, 0.6616800793218982, -0.8870858443521357, 0.5232546750310618]",28.459361019048544,0.9330623487396559
"[0.389192616661356, 0.6616783833579364, -0.8870852182087351, 0.5232564816356399]",28.45937804354973,0.9331251812210526
"[0.3891843575456614, 0.6616766876271355, -0.887084592188968, 0.5232582879934631]",28.459395070685453,0.9331880137024492
"[0.38917609840822376, 0.661674992066582, -0.8870839662696122, 0.5232600941715443]",28.459412101072054,0.9332508461838459
"[0.38916783930299803, 0.6616732966873438, -0.8870833404547602, 0.5232619001580887]",28.45942912860295,0.9333136786652424
"[0.38915958143829765, 0.6616716017374119, -0.8870827148359488, 0.5232637056889209]",28.45944616690274,0.933376511146639
"[0.3891513225359947, 0.661669906749173, -0.8870820892405862, 0.5232655112621576]",28.459463198345155,0.9334393436280357
"[0.38914306496511436, 0.6616682122088178, -0.8870814638481189, 0.523267316359882]",28.45948023956586,0.9335021761094322
"[0.3891348070892941, 0.6616665177805109, -0.8870808385346006, 0.5232691213398356]",28.459497276084967,0.9335650085908288
"[0.3891265493030694, 0.6616648235451862, -0.8870802133299143, 0.5232709261158005]",28.459514318265533,0.9336278410722255
"[0.38911829238671863, 0.6616631296629174, -0.887079588293121, 0.5232727305172522]",28.45953136798717,0.933690673553622
"[0.3891100350498388, 0.6616614358689522, -0.8870789633265341, 0.5232745348262124]",28.459548412048196,0.9337535060350186
"[0.38910177831272785, 0.6616597423725677, -0.8870783385073767, 0.5232763388197448]",28.459565462745932,0.9338163385164153
"[0.3890935216957076, 0.6616580490753523, -0.8870777137993393, 0.5232781426026767]",28.45958251721621,0.9338791709978118
"[0.3890852651486282, 0.661656355967005, -0.8870770891986276, 0.5232799461859764]",28.45959956634581,0.9339420034792085
"[0.38907700923922917, 0.6616546631639141, -0.8870764647481812, 0.5232817494456566]",28.45961662227717,0.9340048359606051
"[0.38906875313182776, 0.6616529704947177, -0.8870758403847865, 0.5232835525642554]",28.459633682438195,0.9340676684420016
"[0.3890604976651055, 0.6616512781313381, -0.8870752161718639, 0.5232853553586272]",28.459650741616716,0.9341305009233983
"[0.3890522419879298, 0.6616495858992731, -0.8870745920450526, 0.5232871580146558]",28.459667806407086,0.9341933334047949
"[0.38904398645358174, 0.6616478938709375, -0.8870739680310655, 0.5232889604551965]",28.45968486577628,0.9342561658861914
"[0.38903573177410855, 0.6616462021922276, -0.8870733441837098, 0.5232907625248269]",28.459701938966486,0.9343189983675881
"[0.3890274768490365, 0.6616445106375747, -0.8870727204198082, 0.523292564463832]",28.45971900698309,0.9343818308489847
"[0.3890192222741455, 0.6616428193290774, -0.8870720967843816, 0.5232943661421385]",28.459736077505234,0.9344446633303815
"[0.3890109684349166, 0.6616411283456677, -0.8870714733065367, 0.5232961674756598]",28.459753154323284,0.9345074958117779
"[0.38900271398873715, 0.6616394374122698, -0.887070849884856, 0.5232979687574164]",28.459770230288502,0.9345703282931745
"[0.38899446044586716, 0.6616377468382465, -0.8870702266334006, 0.5232997696578531]",28.459787308254487,0.9346331607745713
"[0.38898620657090066, 0.661636056370524, -0.8870696034588743, 0.5233015704465532]",28.45980438677001,0.9346959932559677
"[0.3889779537108158, 0.6616343662849464, -0.8870689804629658, 0.5233033708296668]",28.459821472979083,0.9347588257373644
"[0.38896969990831354, 0.6616326761806773, -0.8870683574979228, 0.5233051712341836]",28.459838558620802,0.9348216582187611
"[0.3889614466578323, 0.6616309863637232, -0.8870677346765515, 0.5233069713341229]",28.4598556396128,0.9348844907001577
"[0.38895319421647107, 0.661629296886684, -0.8870671120182312, 0.5233087710734453]",28.45987273392307,0.9349473231815544
"[0.3889449418883176, 0.6616276076070505, -0.8870664894704408, 0.5233105706039562]",28.459889828858696,0.9350101556629509
"[0.3889366898468454, 0.6616259185603126, -0.8870658670462627, 0.5233123698878451]",28.459906921152026,0.9350729881443475
"[0.3889284380557019, 0.661624229739006, -0.8870652447429489, 0.5233141689330573]",28.459924019672638,0.9351358206257442
"[0.3889201862599992, 0.6616225410909558, -0.8870646225412756, 0.5233159677951689]",28.459941117376747,0.9351986531071407
"[0.3889119346815546, 0.6616208526615249, -0.8870640004579684, 0.5233177664258515]",28.459958217205276,0.9352614855885373
"[0.38890368333260905, 0.6616191644532152, -0.8870633784939443, 0.5233195648224341]",28.45997532129823,0.935324318069934
"[0.38889543236247504, 0.6616174764965366, -0.8870627566604511, 0.523321362952411]",28.45999242529493,0.9353871505513305
"[0.38888718169455055, 0.6616157887757992, -0.8870621349517062, 0.5233231608324911]",28.460009535904366,0.9354499830327271
"[0.3888789309925156, 0.6616141012221847, -0.8870615133423655, 0.5233249585359793]",28.46002664579851,0.9355128155141238
"[0.3888706807310191, 0.6616124139327586, -0.8870608918681845, 0.5233267559594702]",28.46004376056378,0.9355756479955203
"[0.388862430703742, 0.6616107268652966, -0.8870602705136137, 0.5233285531479378]",28.46006087432269,0.935638480476917
"[0.3888541806009243, 0.6616090399564452, -0.8870596492553227, 0.5233303501688674]",28.46007799347579,0.9357013129583136
"[0.38884593083455526, 0.6616073532904244, -0.8870590281243343, 0.523332146932536]",28.460095106177505,0.9357641454397101
"[0.3888376818280828, 0.661605666953771, -0.8870584071525143, 0.5233339433467533]",28.46011223258754,0.9358269779211068
"[0.38882943249916513, 0.6616039807251998, -0.8870577862583799, 0.5233357396472438]",28.460129354098925,0.9358898104025034
"[0.38882118365567775, 0.6616022947698355, -0.8870571655027377, 0.523337535658099]",28.460146480133613,0.9359526428838999
"[0.38881293485284496, 0.6616006089967505, -0.8870565448521103, 0.5233393314761774]",28.460163609505972,0.9360154753652966
"[0.38880468657149253, 0.6615989235041789, -0.8870559243426683, 0.5233411269968272]",28.460180742783848,0.9360783078466932
"[0.3887964380479099, 0.6615972381360493, -0.8870553039169575, 0.523342922386303]",28.460197871106182,0.9361411403280899
"[0.38878818977072704, 0.6615955529921915, -0.8870546836117336, 0.5233447175382534]",28.46021500585508,0.9362039728094864
"[0.38877994228421536, 0.6615938681837631, -0.8870540634679127, 0.5233465123342589]",28.460232142913103,0.936266805290883
"[0.38877169503935044, 0.6615921835985692, -0.8870534434441966, 0.5233483068938339]",28.460249284618843,0.9363296377722797
"[0.38876344761953235, 0.6615904991515108, -0.8870528235092681, 0.5233501013076272]",28.46026643042175,0.9363924702536762
"[0.38875520055236606, 0.6615888149503142, -0.8870522037027855, 0.5233518954608767]",28.460283571368752,0.9364553027350728
"[0.38874695321112185, 0.6615871308669942, -0.8870515839776493, 0.5233536894899166]",28.46030071412056,0.9365181352164695
"[0.3887387071319808, 0.6615854472152009, -0.8870509644492767, 0.5233554830606154]",28.46031786735524,0.936580967697866
"[0.3887304605765659, 0.6615837636399603, -0.8870503449870523, 0.5233572765511169]",28.460335015526763,0.9366438001792627
"[0.3887222146492959, 0.6615820803667352, -0.8870497256739379, 0.5233590697212332]",28.46035217052649,0.9367066326606593
"[0.38871396859571733, 0.6615803972414931, -0.8870491064532644, 0.5233608627350493]",28.460369324453488,0.9367694651420558
"[0.3887057228264413, 0.6615787143480331, -0.8870484873558662, 0.5233626555032889]",28.460386480383228,0.9368322976234527
"[0.3886974775170236, 0.6615770317221588, -0.887047868394914, 0.5233644479878062]",28.460403642278454,0.9368951301048491
"[0.38868923193568233, 0.6615753492145083, -0.8870472495154736, 0.5233662403477108]",28.460420802130695,0.9369579625862456
"[0.38868098720666144, 0.6615736670544713, -0.8870466308019191, 0.5233680323386299]",28.460437967994544,0.9370207950676425
"[0.3886727426262755, 0.6615719850984372, -0.8870460122014284, 0.523369824113546]",28.46045513742319,0.937083627549039
"[0.38866449839462364, 0.6615703033871991, -0.8870453937290089, 0.5233716156289977]",28.460472304216978,0.9371464600304356
"[0.38865625363859246, 0.6615686217426455, -0.8870447753191679, 0.5233734070747211]",28.460489475405826,0.9372092925118323
"[0.3886480099597948, 0.6615669404914407, -0.8870441570920298, 0.5233751981027177]",28.460506651230162,0.9372721249932288
"[0.3886397660277641, 0.6615652593622046, -0.887043538947805, 0.5233769890020821]",28.460523824953587,0.9373349574746255
"[0.3886315224583022, 0.6615635784805025, -0.8870429209326696, 0.5233787796390449]",28.46054100323411,0.9373977899560221
"[0.3886232789905216, 0.6615618977931166, -0.8870423030270589, 0.5233805700702946]",28.460558183033235,0.9374606224374186
"[0.38861503556626825, 0.6615602172881803, -0.887041685226615, 0.5233823603084676]",28.46057536321956,0.9375234549188153
"[0.38860679290873407, 0.6615585371130903, -0.8870410675855259, 0.5233841501965371]",28.460592546649636,0.9375862874002119
"[0.38859855026601287, 0.661556857114547, -0.8870404500474379, 0.5233859398978081]",28.460609736123345,0.9376491198816084
"[0.38859030779958414, 0.6615551773254541, -0.8870398326244494, 0.5233877293772232]",28.460626925025423,0.9377119523630051
"[0.388582065950945, 0.6615534978357448, -0.8870392153496207, 0.5233895185389722]",28.460644118408084,0.9377747848444017
"[0.38857382355165515, 0.6615518184073214, -0.8870385981354427, 0.5233913076366952]",28.460661310909533,0.9378376173257984
"[0.38856558198150337, 0.6615501393212996, -0.8870379810852367, 0.5233930963709148]",28.46067850782686,0.9379004498071949
"[0.3885573404107, 0.6615484604085974, -0.8870373641368631, 0.5233948849217489]",28.460695701961455,0.9379632822885915
"[0.3885490988408087, 0.6615467816695154, -0.887036747290444, 0.5233966732888728]",28.46071290326592,0.9380261147699882
"[0.3885408582472395, 0.6615451033027463, -0.8870361306189676, 0.5233984612606107]",28.460730108220144,0.9380889472513847
"[0.38853261756268503, 0.6615434250907587, -0.8870355140425533, 0.5234002490687025]",28.46074731398264,0.9381517797327813
"[0.3885243768391489, 0.6615417470442546, -0.887034897565096, 0.5234020367017346]",28.46076451902469,0.938214612214178
"[0.38851613638843874, 0.6615400692266744, -0.8870342812099213, 0.5234038240921213]",28.460781729704223,0.9382774446955745
"[0.38850789666460805, 0.6615383917304285, -0.887033665010976, 0.5234056111414117]",28.460798944281667,0.9383402771769712
"[0.3884996562762388, 0.6615367142722622, -0.8870330488642053, 0.5234073981513533]",28.460816150901437,0.9384031096583678
"[0.3884914168419431, 0.6615350371815698, -0.8870324328906348, 0.5234091847710397]",28.460833369302723,0.9384659421397643
"[0.3884831771856334, 0.6615333602190168, -0.8870318170023302, 0.5234109712554256]",28.460850588659298,0.938528774621161
"[0.3884749378971197, 0.6615316835046092, -0.8870312012433792, 0.5234127574766642]",28.460867810285603,0.9385916071025576
"[0.3884666992509599, 0.6615300070941715, -0.8870305856342845, 0.5234145433752807]",28.46088503349043,0.9386544395839541
"[0.38845846053979793, 0.6615283308437556, -0.8870299701221842, 0.5234163291046191]",28.460902256544944,0.9387172720653508
"[0.3884502221458868, 0.6615266548311207, -0.8870293547356352, 0.5234181145818363]",28.460919486483842,0.9387801045467474
"[0.3884419838685364, 0.6615249790153963, -0.8870287394596417, 0.5234198998504684]",28.460936715010757,0.9388429370281441
"[0.38843374571756917, 0.6615233033985973, -0.887028124294936, 0.5234216849083629]",28.4609539492545,0.9389057695095406
"[0.3884255083998877, 0.6615216281244424, -0.88702750929429, 0.5234234696024102]",28.46097118260732,0.9389686019909372
"[0.38841726984608516, 0.6615199527720836, -0.8870268943032121, 0.5234252543809399]",28.460988415449727,0.939031434472334
"[0.3884090333404755, 0.6615182780093695, -0.8870262795668578, 0.5234270385324786]",28.461005656473784,0.9390942669537305
"[0.38840079620631646, 0.6615166032919767, -0.8870256648854238, 0.5234288226368968]",28.461022899953146,0.939157099435127
"[0.38839255893808416, 0.6615149287204476, -0.8870250502958276, 0.5234306065870811]",28.461040137093203,0.9392199319165238
"[0.38838432239837795, 0.6615132544701186, -0.8870244358624205, 0.5234323901962372]",28.461057384579075,0.9392827643979204
"[0.388376086400094, 0.661511580502914, -0.8870238215712245, 0.5234341735049228]",28.461074634774345,0.9393455968793168
"[0.38836784983420575, 0.6615099065934201, -0.8870232073395261, 0.52343595675327]",28.4610918806211,0.9394084293607136
"[0.38835961384216366, 0.6615082329735975, -0.8870225932524496, 0.5234377396941629]",28.46110913091132,0.9394712618421102
"[0.388351378149197, 0.6615065595875813, -0.887021979289496, 0.5234395223871096]",28.461126387234547,0.9395340943235069
"[0.38834314315004115, 0.6615048865155388, -0.8870213654800774, 0.5234413047467011]",28.46114364614651,0.9395969268049034
"[0.3883349076178775, 0.6615032135082096, -0.8870207517327502, 0.5234430870384759]",28.46116090473082,0.9396597592863
"[0.3883266728330516, 0.6615015408256795, -0.8870201381429318, 0.5234448689853529]",28.461178165092,0.9397225917676967
"[0.3883184377070819, 0.6614998682468186, -0.8870195246295124, 0.5234466508229026]",28.461195429065477,0.9397854242490932
"[0.3883102028604109, 0.6614981958976496, -0.8870189112387199, 0.523448432416865]",28.461212692849642,0.9398482567304898
"[0.3883019688426056, 0.661496523889734, -0.8870182980114723, 0.5234502136483854]",28.4612299605041,0.9399110892118865
"[0.3882937345232571, 0.6614948519935142, -0.8870176848635765, 0.5234519947620125]",28.461247231312885,0.939973921693283
"[0.38828550095276726, 0.6614931804222166, -0.8870170718732427, 0.5234537755305871]",28.461264504671767,0.9400367541746797
"[0.3882772671345885, 0.6614915089735273, -0.8870164589662726, 0.523455556169633]",28.461281780471822,0.9400995866560763
"[0.3882690334989875, 0.6614898377347751, -0.8870158461746981, 0.5234573365861124]",28.461299051885362,0.9401624191374728
"[0.38826080083501696, 0.6614881668660765, -0.8870152335572269, 0.523459116609443]",28.461316336163243,0.9402252516188695
"[0.3882525676703112, 0.6614864960685859, -0.8870146210042908, 0.5234608965579891]",28.46133361355094,0.9402880841002661
"[0.3882443350181029, 0.6614848255479144, -0.8870140085912781, 0.5234626762127023]",28.461350897997118,0.9403509165816626
"[0.3882361025635002, 0.6614831552401379, -0.8870133962947543, 0.5234644556416781]",28.46136818583128,0.9404137490630593
"[0.38822787043998164, 0.6614814851723144, -0.887012784124641, 0.5234662348160853]",28.461385472456,0.9404765815444559
"[0.38821963831366535, 0.6614798152766912, -0.8870121720561066, 0.5234680138080985]",28.461402764664257,0.9405394140258526
"[0.3882114067038719, 0.6614781456585904, -0.8870115601277572, 0.5234697925055093]",28.461420056459236,0.9406022465072491
"[0.38820317498374807, 0.6614764761908478, -0.8870109482929889, 0.5234715710437857]",28.46143734864043,0.9406650789886457
"[0.38819494367971424, 0.66147480698021, -0.8870103365909268, 0.5234733493092014]",28.461454647311882,0.9407279114700424
"[0.3881867127123755, 0.6614731380105459, -0.8870097250156594, 0.5234751273189371]",28.46147194885452,0.9407907439514389
"[0.3881784816984063, 0.6614714692041107, -0.8870091135387036, 0.5234769051558111]",28.46148924739962,0.9408535764328355
"[0.3881702510108928, 0.6614698006365356, -0.8870085021877736, 0.5234786827392469]",28.461506550571194,0.9409164089142322
"[0.38816202065072725, 0.6614681323079761, -0.8870078909629269, 0.5234804600690732]",28.461523858885002,0.9409792413956287
"[0.38815379043858234, 0.6614664641820498, -0.887007279850841, 0.5234822371840449]",28.46154116282578,0.9410420738770253
"[0.38814556047518806, 0.6614647962791548, -0.8870066688589903, 0.523484014062427]",28.461558474123336,0.941104906358422
"[0.3881373312731268, 0.6614631287031427, -0.887006058025414, 0.5234857905935761]",28.461575786778905,0.9411677388398186
"[0.38812910096503866, 0.6614614610756092, -0.8870054472115123, 0.5234875671806165]",28.461593102472882,0.9412305713212153
"[0.38812087229056386, 0.661459793951638, -0.8870048366206015, 0.5234893432321915]",28.4616104190672,0.9412934038026118
"[0.38811264318267935, 0.6614581269124038, -0.8870042260992845, 0.5234911191944864]",28.461627738350835,0.9413562362840084
"[0.3881044148455775, 0.6614564602018393, -0.887003615736897, 0.5234928948076254]",28.46164506034601,0.9414190687654052
"[0.3880961864133697, 0.6614547936445132, -0.8870030054692006, 0.5234946702584978]",28.4616623847338,0.9414819012468016
"[0.3880879573511639, 0.6614531271321159, -0.887002395256541, 0.5234964456624852]",28.461679710781077,0.9415447337281982
"[0.38807972944496394, 0.6614514610263149, -0.8870017852313503, 0.5234982206342838]",28.461697040513993,0.941607566209595
"[0.388071501617566, 0.6614497951089352, -0.8870011753137435, 0.5234999954063189]",28.461714367709718,0.9416703986909915
"[0.38806327361853604, 0.6614481293292679, -0.8870005654851618, 0.5235017700326082]",28.46173169741266,0.9417332311723882
"[0.3880550464211309, 0.6614464638843258, -0.8869999558177314, 0.5235035443032606]",28.461749034786763,0.9417960636537848
"[0.3880468194731497, 0.6614447986622846, -0.8869993462705148, 0.5235053183374027]",28.461766374640874,0.9418588961351813
"[0.3880385922480136, 0.6614431335565487, -0.8869987368045017, 0.5235070922485903]",28.461783713206607,0.941921728616578
"[0.3880303657540235, 0.6614414687711739, -0.8869981274943811, 0.5235088658194286]",28.461801051894877,0.9419845610979746
"[0.38802213938452074, 0.6614398041833552, -0.8869975182952068, 0.5235106391807429]",28.46181840044665,0.9420473935793711
"[0.38801391305335414, 0.6614381397756477, -0.8869969092005999, 0.5235124123511127]",28.461835743041526,0.9421102260607678
"[0.38800568705902067, 0.6614364756084278, -0.8869963002326572, 0.5235141852662113]",28.46185309171787,0.9421730585421644
"[0.38799746120630196, 0.661434811642178, -0.886995691376922, 0.5235159579681339]",28.461870445049172,0.9422358910235611
"[0.38798923599212476, 0.6614331479773915, -0.8869950826701639, 0.5235177303498151]",28.461887798116347,0.9422987235049576
"[0.3879810103987374, 0.6614314844081903, -0.8869944740370631, 0.5235195026305824]",28.461905151941366,0.9423615559863542
"[0.38797278530127083, 0.6614298211115619, -0.8869938655423741, 0.5235212746218768]",28.46192250955316,0.9424243884677509
"[0.3879645605449655, 0.6614281580561744, -0.886993257174635, 0.5235230463570729]",28.461939872469504,0.9424872209491474
"[0.38795633547478325, 0.6614264951095701, -0.8869926488853973, 0.5235248179772797]",28.461957230201573,0.942550053430544
"[0.3879481114362666, 0.6614248325437615, -0.8869920407741615, 0.5235265891927038]",28.46197459046154,0.9426128859119407
"[0.3879398874723677, 0.6614231701652319, -0.8869914327701426, 0.5235283602095032]",28.461991960228502,0.9426757183933372
"[0.38793166318657035, 0.6614215078938336, -0.8869908248440348, 0.5235301311130584]",28.462009330540464,0.9427385508747338
"[0.38792343923626166, 0.6614198458624199, -0.8869902170444334, 0.5235319017618296]",28.46202669988741,0.9428013833561305
"[0.38791521601884676, 0.6614181841512732, -0.8869896094006924, 0.5235336720702823]",28.462044073614695,0.942864215837527
"[0.38790699309686655, 0.661416522671952, -0.8869890018804715, 0.5235354421326331]",28.462061449593456,0.9429270483189237
"[0.38789876932708806, 0.6614148611934721, -0.8869883943993201, 0.5235372121949567]",28.462078819989575,0.9429898808003203
"[0.38789054682578955, 0.6614132001433702, -0.8869877871135613, 0.523538981801771]",28.462096201891512,0.9430527132817168
"[0.38788232458157734, 0.6614115393172806, -0.8869871799484718, 0.5235407511707921]",28.462113585152107,0.9431155457631136
"[0.3878741022662525, 0.6614098786488961, -0.8869865728798157, 0.5235425203726564]",28.4621309732901,0.9431783782445101
"[0.38786587977520104, 0.6614082181170852, -0.8869859658998777, 0.5235442894298714]",28.46214835940205,0.9432412107259067
"[0.387857658384979, 0.6614065579796167, -0.8869853591028786, 0.5235460580678168]",28.46216574733398,0.9433040432073034
"[0.38784943639903763, 0.661404897893886, -0.8869847523635942, 0.5235478266514834]",28.46218313565334,0.9433668756886999
"[0.38784121513974795, 0.6614032381268744, -0.8869841457796106, 0.523549594896436]",28.462200531109914,0.9434297081700966
"[0.3878329936004708, 0.6614015784753545, -0.8869835392766493, 0.5235513630191789]",28.462217920834068,0.9434925406514932
"[0.38782477266266324, 0.6613999191171968, -0.8869829329197347, 0.5235531308302143]",28.462235321766077,0.9435553731328897
"[0.38781655210641713, 0.6613982600080234, -0.8869823266926301, 0.5235548983768121]",28.46225271868441,0.9436182056142864
"[0.38780833169800577, 0.6613966011006237, -0.8869817205780933, 0.5235566657092655]",28.46227012415306,0.943681038095683
"[0.3878001112971599, 0.661394942366677, -0.886981114565783, 0.5235584328577404]",28.46228752729575,0.9437438705770795
"[0.387791891065745, 0.6613932838388361, -0.8869805086676315, 0.5235601997874458]",28.462304932523015,0.9438067030584762
"[0.38778367153333954, 0.6613916256239127, -0.8869799029226603, 0.5235619663845833]",28.46232233946027,0.9438695355398729
"[0.3877754518006195, 0.6613899675404559, -0.8869792972645869, 0.5235637328424592]",28.46233975473312,0.9439323680212696
"[0.38776723268656654, 0.6613883097536501, -0.8869786917537525, 0.5235654989850869]",28.462357167312085,0.943995200502666
"[0.387759013217282, 0.6613866520670454, -0.8869780863184078, 0.5235672650217521]",28.46237458088654,0.9440580329840627
"[0.387750794529611, 0.6613849947098986, -0.886977481042286, 0.5235690307082083]",28.46239199809876,0.9441208654654594
"[0.3877425760881417, 0.6613833375742012, -0.8869768758859409, 0.523570796159519]",28.462409421693508,0.9441836979468559
"[0.38773435736155265, 0.6613816805528135, -0.8869762708102529, 0.5235725614898213]",28.462426842289023,0.9442465304282525
"[0.3877261390986178, 0.6613800237966939, -0.8869756658703479, 0.5235743265382853]",28.46244426429482,0.9443093629096492
"[0.3877179210924784, 0.6613783672641065, -0.8869750610509887, 0.5235760913493702]",28.462461691322904,0.9443721953910457
"[0.38770970331535576, 0.6613767109494088, -0.8869744563501267, 0.5235778559290832]",28.46247912009353,0.9444350278724423
"[0.3877014858874771, 0.6613750548768408, -0.8869738517766, 0.5235796202515931]",28.462496554113915,0.944497860353839
"[0.38769326874424903, 0.6613733990333448, -0.8869732473256485, 0.5235813843308073]",28.46251398622806,0.9445606928352355
"[0.3876850511780422, 0.6613717432763245, -0.8869726429452246, 0.5235831483186376]",28.462531419154434,0.9446235253166322
"[0.38767683474886216, 0.6613700879200771, -0.8869720387500533, 0.523584911880238]",28.462548855620437,0.9446863577980288
"[0.38766861852817974, 0.6613684327774775, -0.8869714346718329, 0.5235866752149607]",28.462566299895762,0.9447491902794253
"[0.3876604021346695, 0.6613667777717137, -0.8869708306825304, 0.5235884384046328]",28.462583742374406,0.944812022760822
"[0.3876521854767451, 0.6613651228843237, -0.886970226775425, 0.5235902014689194]",28.462601185350582,0.9448748552422186
"[0.38764396974007537, 0.6613634683540989, -0.8869696230376513, 0.5235919641534139]",28.462618632268423,0.9449376877236151
"[0.38763575401028855, 0.661361813996858, -0.8869690194020028, 0.523593726654333]",28.462636078475494,0.9450005202050118
"[0.3876275385863567, 0.6613601598727857, -0.8869684158904434, 0.5235954889075525]",28.462653529400185,0.9450633526864084
"[0.38761932287402695, 0.6613585058622258, -0.8869678124593219, 0.5235972510405461]",28.4626709806776,0.9451261851678051
"[0.38761110818733713, 0.6613568522296934, -0.8869672092051417, 0.523599012771502]",28.462688439233716,0.9451890176492017
"[0.3876028933929505, 0.6613551987470176, -0.886966606044661, 0.5236007743435018]",28.462705895282525,0.9452518501305982
"[0.387594679007993, 0.6613535455182502, -0.8869660030158478, 0.5236025356456879]",28.46272335201744,0.9453146826119949
"[0.387586464847516, 0.6613518925061607, -0.8869654001051156, 0.5236042967177178]",28.46274081791783,0.9453775150933915
"[0.3875782508469652, 0.6613502396977373, -0.8869647973077225, 0.5236060575734505]",28.46275828720886,0.945440347574788
"[0.38757003678448876, 0.6613485870483189, -0.8869641946073891, 0.5236078182604617]",28.462775749006973,0.9455031800561847
"[0.3875618231349374, 0.6613469346534345, -0.8869635920389541, 0.523609578676972]",28.46279321662971,0.9455660125375813
"[0.3875536098973361, 0.6613452825128554, -0.886962989602334, 0.5236113388232206]",28.462810687985858,0.945628845018978
"[0.38754539638905344, 0.6613436304892544, -0.8869623872474585, 0.5236130988455073]",28.462828162206293,0.9456916775003745
"[0.3875371834254512, 0.6613419787466123, -0.8869617850341224, 0.5236148585691262]",28.462845637705477,0.9457545099817711
"[0.3875289710772047, 0.6613403272990995, -0.8869611829674898, 0.5236166179789755]",28.462863115056358,0.9458173424631678
"[0.38752075862206276, 0.6613386760014558, -0.8869605809946041, 0.5236183772298076]",28.462880595965608,0.9458801749445643
"[0.3875125461573483, 0.6613370248732493, -0.8869599791226056, 0.5236201363007694]",28.462898078237526,0.9459430074259609
"[0.38750433421500197, 0.6613353740213943, -0.8869593773904718, 0.5236218950779528]",28.462915561111654,0.9460058399073576
"[0.38749612233186864, 0.6613337233527675, -0.8869587757642582, 0.5236236536605636]",28.462933048683286,0.9460686723887541
"[0.3874879106856926, 0.6613320729030795, -0.8869581742569836, 0.5236254120105525]",28.46295053414014,0.9461315048701509
"[0.3874796994916192, 0.6613304227155414, -0.8869575728843992, 0.5236271700818779]",28.462968031636574,0.9461943373515475
"[0.3874714885499384, 0.6613287727499921, -0.8869569716318684, 0.5236289279173213]",28.462985525557716,0.946257169832944
"[0.3874632776137607, 0.6613271229567972, -0.8869563704813107, 0.5236306855697584]",28.46300301613647,0.9463200023143407
"[0.3874550671527037, 0.6613254734303026, -0.886955769467103, 0.5236324429386697]",28.46302051551276,0.9463828347957373
"[0.387446856667649, 0.6613238240702082, -0.8869551685527047, 0.5236342001309074]",28.463038017767865,0.9464456672771338
"[0.38743864634019903, 0.6613221749129845, -0.886954567751407, 0.5236359571076126]",28.46305551793208,0.9465084997585305
"[0.3874304365152729, 0.661320526027885, -0.886953967088442, 0.5236377137949983]",28.463073019093056,0.9465713322399271
"[0.3874222266419162, 0.6613188773042352, -0.8869533665234938, 0.5236394703109708]",28.46309052908549,0.9466341647213236
"[0.38741401723136937, 0.6613172288446821, -0.8869527660939561, 0.5236412265461664]",28.463108041035944,0.9466969972027203
"[0.3874058079402792, 0.6613155805802555, -0.8869521657747089, 0.5236429825740605]",28.463125548933107,0.9467598296841169
"[0.38739759906606763, 0.6613139325706522, -0.8869515655874955, 0.5236447383310479]",28.463143062120476,0.9468226621655136
"[0.3873893900559309, 0.6613122847048652, -0.8869509654918954, 0.5236464939353892]",28.46316057726009,0.9468854946469101
"[0.3873811813484521, 0.6613106370709392, -0.8869503655199705, 0.5236482492932768]",28.463178094118934,0.9469483271283067
"[0.38737297315469493, 0.6613089897111867, -0.8869497656871356, 0.5236500043596289]",28.46319561474165,0.9470111596097034
"[0.3873647646681563, 0.661307342463746, -0.886949165934453, 0.5236517593068836]",28.46321313219778,0.9470739920910999
"[0.38735655693700705, 0.6613056955389353, -0.8869485663385013, 0.5236535139109677]",28.46323066281494,0.9471368245724965
"[0.3873483494332495, 0.6613040488307705, -0.8869479668606944, 0.5236552682847891]",28.463248189618877,0.9471996570538932
"[0.3873401416393442, 0.6613024022354108, -0.8869473674632354, 0.5236570225389741]",28.463265717186815,0.9472624895352897
"[0.3873319342835429, 0.661300755898943, -0.8869467681993081, 0.5236587765178787]",28.46328324634556,0.9473253220166865
"[0.38732372739140863, 0.6612991098264578, -0.8869461690707651, 0.5236605302160748]",28.463300779952153,0.947388154498083
"[0.38731552065479674, 0.6612974639561261, -0.8869455700551022, 0.5236622836994292]",28.463318316134195,0.9474509869794796
"[0.38730731432517373, 0.6612958183383544, -0.8869449711706675, 0.5236640369142349]",28.463335856423345,0.9475138194608763
"[0.38729910783223687, 0.6612941728587647, -0.8869443723758406, 0.5236657899823434]",28.463353393066228,0.9475766519422728
"[0.3872909014941424, 0.6612925275811502, -0.8869437736938386, 0.523667542835785]",28.463370933246004,0.9476394844236694
"[0.38728269614929295, 0.661290882673544, -0.8869431751858086, 0.5236692952955364]",28.463388479994837,0.9477023169050661
"[0.38727449031813954, 0.6612892378393332, -0.8869425767438242, 0.5236710476775982]",28.463406021659914,0.9477651493864626
"[0.38726628492604476, 0.6612875932639976, -0.8869419784353748, 0.5236727997843591]",28.46342357564898,0.9478279818678593
"[0.3872580796881159, 0.661285948890427, -0.8869413802396796, 0.5236745516766569]",28.463441124845094,0.9478908143492559
"[0.38724987508960373, 0.6612843048157863, -0.8869407821921044, 0.5236763032509725]",28.463458680273042,0.9479536468306524
"[0.38724167010304356, 0.6612826608342235, -0.8869401842177538, 0.5236780547266087]",28.463476238694543,0.9480164793120491
"[0.3872334656363311, 0.6612810171276202, -0.8869395863827952, 0.5236798059097888]",28.463493793594754,0.9480793117934457
"[0.38722526131865215, 0.6612793736216592, -0.8869389886601998, 0.5236815568796834]",28.463511351051068,0.9481421442748422
"[0.38721705719495597, 0.6612777303253266, -0.8869383910532391, 0.5236833076267144]",28.463528911790792,0.9482049767562389
"[0.38720885353140316, 0.6612760872919082, -0.8869377935812922, 0.5236850580941074]",28.46354647608668,0.9482678092376355
"[0.38720064994111436, 0.6612744444438962, -0.8869371962161757, 0.5236868083644327]",28.46356404493418,0.948330641719032
"[0.3871924464856137, 0.6612728017936023, -0.8869365989623693, 0.5236885584245692]",28.463581612697684,0.9483934742004287
"[0.3871842435596538, 0.6612711594200329, -0.8869360018486039, 0.5236903081903392]",28.46359918381483,0.9484563066818253
"[0.3871760408901342, 0.6612695172684836, -0.8869354048549891, 0.5236920577200195]",28.46361676007862,0.9485191391632221
"[0.3871678380310791, 0.6612678752496655, -0.8869348079490675, 0.5236938071087325]",28.463634333027915,0.9485819716446185
"[0.3871596352616616, 0.6612662334194587, -0.88693421115116, 0.5236955562969394]",28.46365190641585,0.9486448041260152
"[0.3871514330702047, 0.6612645918755672, -0.8869336144967854, 0.5236973051805429]",28.46366949070768,0.9487076366074119
"[0.38714323132122536, 0.6612629505908529, -0.8869330179760728, 0.5236990537884498]",28.46368707228144,0.9487704690888084
"[0.3871350293479931, 0.6612613094318591, -0.8869324215405295, 0.52370080226284]",28.463704656616816,0.948833301570205
"[0.3871268275005795, 0.6612596684686484, -0.8869318252156169, 0.5237025505290639]",28.463722241414967,0.9488961340516017
"[0.38711862717407536, 0.6612580279802756, -0.8869312291027397, 0.5237042982898144]",28.463739835194943,0.9489589665329982
"[0.3871104254494785, 0.6612563873827719, -0.8869306329897064, 0.5237060461672414]",28.46375742200014,0.9490217990143949
"[0.3871022246405319, 0.6612547471389761, -0.8869300370446936, 0.5237077936682364]",28.46377501683543,0.9490846314957915
"[0.3870940238891904, 0.6612531070772293, -0.8869294412053347, 0.5237095409756773]",28.46379261036805,0.949147463977188
"[0.3870858236052123, 0.661251467279454, -0.8869288455013942, 0.5237112880022813]",28.463810209587958,0.9492102964585848
"[0.3870776234770756, 0.6612498276833408, -0.8869282499102338, 0.5237130348144258]",28.4638278068138,0.9492731289399813
"[0.3870694234588984, 0.6612481882796721, -0.8869276544285193, 0.5237147814219282]",28.463845408947495,0.9493359614213778
"[0.38706122402199405, 0.661246549162676, -0.8869270590904679, 0.5237165277243924]",28.46386301622915,0.9493987939027746
"[0.3870530241214834, 0.6612449101234551, -0.8869264638202142, 0.5237182739443719]",28.463880618852865,0.9494616263841711
"[0.3870448252110638, 0.6612432714525686, -0.8869258687232834, 0.5237200197723011]",28.46389822982162,0.9495244588655678
"[0.38703662613571427, 0.661241632919119, -0.8869252737158294, 0.5237217654541726]",28.463915839802674,0.9495872913469644
"[0.38702842744993327, 0.6612399946338987, -0.8869246788380905, 0.5237235108719454]",28.46393345500192,0.9496501238283609
"[0.3870202291242094, 0.6612383565910077, -0.8869240840879153, 0.5237252560318981]",28.463951070073975,0.9497129563097576
"[0.3870120301111278, 0.6612367185811633, -0.8869234893893281, 0.5237270011569956]",28.463968685452205,0.9497757887911542
"[0.38700383221915025, 0.6612350809656354, -0.8869228948734967, 0.5237287458623384]",28.463986306222342,0.9498386212725507
"[0.38699563439139284, 0.6612334435332676, -0.8869223004637575, 0.5237304903728857]",28.464003922973056,0.9499014537539474
"[0.38698743648801165, 0.6612318062561072, -0.8869217061499733, 0.5237322347184142]",28.464021552646614,0.949964286235344
"[0.3869792389169727, 0.6612301692156294, -0.8869211119617185, 0.5237339788121155]",28.464039173243755,0.9500271187167405
"[0.38697104195045834, 0.6612285324661488, -0.8869205179187083, 0.5237357225961179]",28.46405680368593,0.9500899511981372
"[0.38696284485388627, 0.6612268958609645, -0.8869199239677007, 0.5237374662267114]",28.46407443603069,0.9501527836795338
"[0.3869546481785595, 0.6612252595101326, -0.8869193301486407, 0.5237392095866376]",28.46409206847344,0.9502156161609305
"[0.38694645188608734, 0.6612236234059603, -0.8869187364587346, 0.5237409526840878]",28.464109703993874,0.950278448642327
"[0.38693825554486594, 0.6612219874622643, -0.8869181428667178, 0.5237426956108769]",28.464127339044847,0.9503412811237236
"[0.3869300593504001, 0.6612203517180746, -0.8869175493867496, 0.5237444383254165]",28.464144979997144,0.9504041136051203
"[0.3869218635800362, 0.6612187162286957, -0.8869169560389055, 0.523746180768782]",28.46416262192687,0.9504669460865168
"[0.3869136680825477, 0.6612170809639389, -0.8869163628122273, 0.5237479229731304]",28.464180266138907,0.9505297785679134
"[0.38690547248469875, 0.661215445849315, -0.8869157696796991, 0.5237496650178178]",28.464197913178168,0.9505926110493101
"[0.3868972773687732, 0.6612138110009758, -0.8869151766834578, 0.5237514067790918]",28.46421555863943,0.9506554435307066
"[0.3868890823028552, 0.6612121763327361, -0.8869145837922432, 0.5237531483487688]",28.464233212695106,0.9507182760121033
"[0.3868808875048624, 0.6612105418880471, -0.8869139910218188, 0.5237548896805514]",28.46425086272303,0.9507811084935
"[0.38687269288736, 0.6612089076494522, -0.8869133983658551, 0.5237566307930324]",28.464268518922673,0.9508439409748964
"[0.38686449849315324, 0.6612072736254603, -0.8869128058274438, 0.5237583716771426]",28.46428617214914,0.9509067734562932
"[0.3868563050074626, 0.6612056399526767, -0.8869122134561152, 0.5237601121873373]",28.46430383346252,0.9509696059376898
"[0.386848111337398, 0.6612040064131587, -0.8869116211728452, 0.523761852555808]",28.46432149890766,0.9510324384190862
"[0.3868399171174482, 0.661202372934055, -0.8869110289512301, 0.5237635928601648]",28.464339159755085,0.951095270900483
"[0.386831723832906, 0.6612007398114332, -0.8869104368986123, 0.5237653327849738]",28.464356825911537,0.9511581033818796
"[0.38682353073717507, 0.6611991068964337, -0.8869098449610254, 0.5237670724888245]",28.464374496129345,0.9512209358632763
"[0.3868153381990481, 0.6611974742625325, -0.8869092531651029, 0.5237688118934309]",28.464392168260193,0.9512837683446728
"[0.38680714566061813, 0.6611958417985181, -0.8869086614705368, 0.5237705511172731]",28.46440984185514,0.9513466008260694
"[0.3867989526972657, 0.6611942094197923, -0.8869080698466706, 0.5237722902504763]",28.464427510491213,0.9514094333074661
"[0.38679076061248, 0.6611925773860478, -0.8869074783876258, 0.5237740290163604]",28.464445191677573,0.9514722657888627
"[0.38678256889558227, 0.661190945595482, -0.8869068870565123, 0.5237757675233804]",28.464462869808937,0.9515350982702592
"[0.38677437681195026, 0.6611893139017707, -0.8869062958003037, 0.5237775059274251]",28.464480551504458,0.9515979307516559
"[0.3867661853346757, 0.6611876824987357, -0.8869057046892301, 0.5237792440219905]",28.464498235041493,0.9516607632330525
"[0.38675799408086176, 0.6611860513100194, -0.8869051136956495, 0.5237809818884285]",28.46451591970695,0.9517235957144492
"[0.38674980306993695, 0.6611844203395429, -0.886904522820958, 0.5237827195225507]",28.464533609935447,0.9517864281958457
"[0.3867416121915487, 0.6611827895652757, -0.8869039320571914, 0.5237844569478268]",28.464551300507832,0.9518492606772423
"[0.3867334215648984, 0.6611811590109483, -0.8869033414129434, 0.5237861941389682]",28.464568991278714,0.951912093158639
"[0.3867252308270792, 0.6611795286042984, -0.8869027508620444, 0.5237879311729591]",28.4645866848338,0.9519749256400355
"[0.38671704122070794, 0.6611778985926604, -0.886902160494071, 0.5237896677862826]",28.46460438544537,0.9520377581214321
"[0.38670885078359657, 0.661176268585403, -0.8869015701675725, 0.5237914043951173]",28.464622082238048,0.9521005906028288
"[0.38670066074006504, 0.6611746388262627, -0.8869009799708025, 0.523793140739777]",28.464639781285737,0.9521634230842253
"[0.3866924716780684, 0.6611730094321653, -0.8869003899461085, 0.5237948766956854]",28.46465749094277,0.9522262555656219
"[0.386684282315945, 0.6611713801480662, -0.886899800001137, 0.5237966125345629]",28.464675191278076,0.9522890880470186
"[0.3866760932657908, 0.661169751095741, -0.8868992101799851, 0.5237983481266637]",28.464692899971247,0.9523519205284151
"[0.3866679041337818, 0.6611681221968173, -0.8868986204542869, 0.5238000835554826]",28.46471061118253,0.9524147530098118
"[0.3866597162660473, 0.661166493719032, -0.8868980309209622, 0.5238018185357661]",28.464728321801353,0.9524775854912084
"[0.3866515277503934, 0.661164865282022, -0.8868974414423235, 0.52380355347275]",28.464746041188853,0.9525404179726049
"[0.3866433389155463, 0.6611632369512006, -0.8868968520420565, 0.5238052882967372]",28.464763752765595,0.9526032504540016
"[0.3866351510945844, 0.6611616089916177, -0.8868962628161011, 0.5238070227253384]",28.46478147119374,0.9526660829353982
"[0.3866269634980642, 0.6611599812462565, -0.8868956737076262, 0.5238087569258353]",28.464799196348643,0.9527289154167947
"[0.3866187759484442, 0.6611583536798146, -0.8868950847038566, 0.5238104909358335]",28.464816917522214,0.9527917478981914
"[0.3866105889025789, 0.6611567263830715, -0.8868944958376498, 0.523812224658613]",28.464834644198138,0.952854580379588
"[0.3866024017407354, 0.6611550992328555, -0.8868939070644273, 0.5238139582253939]",28.46485236898359,0.9529174128609847
"[0.3865942151188822, 0.6611534723594705, -0.8868933184313577, 0.5238156914973491]",28.46487010372376,0.9529802453423812
"[0.38658602800002795, 0.6611518455568746, -0.8868927298638819, 0.5238174246939876]",28.46488783088007,0.9530430778237778
"[0.38657784212463214, 0.6611502191708639, -0.8868921414871094, 0.523819157446894]",28.464905565693446,0.9531059103051746
"[0.38656965587064573, 0.6611485928791168, -0.8868915531844406, 0.5238208900994664]",28.464923300519136,0.953168742786571
"[0.3865614697796539, 0.6611469667892381, -0.8868909649948026, 0.5238226225370569]",28.464941038495265,0.9532315752679676
"[0.3865532843851966, 0.661145341007178, -0.8868903769565187, 0.5238243546467811]",28.464958784312863,0.9532944077493644
"[0.38654509895035943, 0.6611437153865386, -0.8868897890166406, 0.5238260865846068]",28.464976525098763,0.9533572402307608
"[0.38653691365172627, 0.661142089962382, -0.8868892011878531, 0.5238278183131743]",28.464994271731634,0.9534200727121577
"[0.38652872879982453, 0.6611404647963479, -0.8868886134924495, 0.5238295497668076]",28.465012021372207,0.9534829051935542
"[0.38652054398955843, 0.661138839807978, -0.8868880259013362, 0.5238312810312222]",28.4650297669009,0.9535457376749508
"[0.3865123596574981, 0.6611372150839269, -0.8868874384458489, 0.5238330120140918]",28.46504752014616,0.9536085701563475
"[0.386504175019605, 0.6611355904685353, -0.8868868510697111, 0.5238347428812505]",28.46506527471315,0.953671402637744
"[0.3864959909618963, 0.6611339661376613, -0.8868862638365062, 0.5238364734453349]",28.46508303017226,0.9537342351191406
"[0.38648780677501615, 0.6611323419504938, -0.8868856766953301, 0.5238382038563602]",28.465100790240786,0.9537970676005373
"[0.38647962316603995, 0.6611307180473349, -0.886885089696905, 0.5238399339648427]",28.465118549640053,0.9538599000819338
"[0.3864714401968326, 0.6611290944404172, -0.8868845028456482, 0.523841663757746]",28.46513631136563,0.9539227325633304
"[0.386463256721499, 0.661127470902368, -0.8868839160593815, 0.5238433934773084]",28.46515407877033,0.9539855650447271
"[0.3864550739332393, 0.6611258476698885, -0.8868833294236617, 0.5238451228713435]",28.46517184514776,0.9540483975261236
"[0.38644689125162895, 0.6611242246278218, -0.886882742896866, 0.523846852062534]",28.465189615275232,0.9541112300075203
"[0.38643870895922394, 0.6611226018321856, -0.8868821564992414, 0.5238485809911948]",28.46520738976095,0.9541740624889169
"[0.38643052620525065, 0.6611209791142404, -0.8868815701698206, 0.5238503098370955]",28.465225159118678,0.9542368949703134
"[0.38642234437407275, 0.661119356748499, -0.8868809840077941, 0.5238520383077653]",28.465242937590585,0.9542997274517101
"[0.38641416205738766, 0.6611177344556896, -0.8868803979122631, 0.5238537667007365]",28.465260713276678,0.9543625599331067
"[0.38640598074964433, 0.6611161125320916, -0.8868798119902679, 0.5238554947003472]",28.46527849527036,0.9544253924145032
"[0.38639779911391103, 0.6611144907126331, -0.8868792261460524, 0.5238572225890008]",28.465296275927493,0.9544882248958999
"[0.38638961825333396, 0.6611128692159691, -0.8868786404586015, 0.5238589501337366]",28.465314062682843,0.9545510573772965
"[0.38638143758052723, 0.6611112479256469, -0.8868780548858481, 0.5238606774586193]",28.465331850864484,0.9546138898586932
"[0.38637325686263874, 0.6611096267954774, -0.8868774694111256, 0.523862404612855]",28.46534964270114,0.9546767223400897
"[0.38636507581969787, 0.6611080057700153, -0.8868768840144072, 0.5238641316555089]",28.46536742931592,0.9547395548214863
"[0.38635689584833144, 0.6611063851259649, -0.8868762987956175, 0.5238658582917751]",28.465385223834517,0.954802387302883
"[0.38634871635325635, 0.6611047647453171, -0.8868757137121445, 0.5238675846473766]",28.465403022617522,0.9548652197842795
"[0.3863405360539047, 0.6611031443743812, -0.8868751286723962, 0.5238693109925917]",28.465420818866345,0.9549280522656761
"[0.3863323565112804, 0.6611015243223872, -0.8868745437880174, 0.5238710369979599]",28.46543861879438,0.9549908847470728
"[0.3863241772646262, 0.661099904498023, -0.886873959026045, 0.5238727627607612]",28.465456420698217,0.9550537172284693
"[0.3863159978512804, 0.6610982848096553, -0.8868733743534027, 0.5238744883786172]",28.465474224915255,0.955116549709866
"[0.38630781934068414, 0.661096665469023, -0.8868727898465241, 0.5238762136259361]",28.465492033315925,0.9551793821912626
"[0.3862996399864554, 0.6610950461303365, -0.8868722053806007, 0.5238779388711174]",28.465509840821717,0.9552422146726591
"[0.38629146214428, 0.6610934272599437, -0.8868716211239512, 0.5238796636173098]",28.465527653573588,0.9553050471540558
"[0.38628328362446257, 0.6610918084243447, -0.8868710369201235, 0.5238813883263587]",28.465545464564563,0.9553678796354524
"[0.3862751054473769, 0.6610901898255124, -0.8868704528420134, 0.5238831127830779]",28.46556328216408,0.9554307121168489
"[0.38626692791998557, 0.6610885715241704, -0.886869868911529, 0.5238848369227664]",28.465581100726514,0.9554935445982458
"[0.3862587502423243, 0.6610869533619657, -0.8868692850715414, 0.5238865609141313]",28.465598920001312,0.9555563770796422
"[0.386250573011593, 0.6610853354570743, -0.8868687013646847, 0.5238882846312606]",28.465616741902988,0.9556192095610387
"[0.3862423957650536, 0.6610837177179146, -0.8868681177579234, 0.5238900081717215]",28.46563456729972,0.9556820420424356
"[0.38623421912258343, 0.6610821002670946, -0.8868675342954899, 0.5238917314048831]",28.46565239345076,0.955744874523832
"[0.38622604222803303, 0.6610804829352394, -0.8868669509162884, 0.5238934545111922]",28.4656702218848,0.9558077070052288
"[0.38621786544049785, 0.6610788657933718, -0.8868663676459447, 0.5238951774149759]",28.465688051956224,0.9558705394866254
"[0.38620968943205775, 0.6610772489743784, -0.8868657845323868, 0.5238968999746529]",28.46570588247278,0.9559333719680219
"[0.38620151335396746, 0.6610756323104073, -0.8868652015150716, 0.5238986223690458]",28.46572372288688,0.9559962044494186
"[0.3861933378028095, 0.6610740159193472, -0.886864618636535, 0.5239003444725561]",28.465741557377847,0.9560590369308152
"[0.38618516225370564, 0.6610723996974502, -0.8868640358593494, 0.5239020663957072]",28.46575940139027,0.9561218694122117
"[0.3861769868479452, 0.6610707836726253, -0.8868634531935862, 0.5239037881087616]",28.465777240318562,0.9561847018936084
"[0.38616881181639795, 0.6610691678904838, -0.8868628706556937, 0.5239055095631203]",28.465795084867064,0.956247534375005
"[0.3861606375448663, 0.6610675524272359, -0.8868622882731456, 0.5239072306775846]",28.465812934470858,0.9563103668564017
"[0.38615246240742757, 0.6610659369615602, -0.8868617059301066, 0.5239089517944843]",28.46583077971555,0.9563731993377982
"[0.38614428753488367, 0.6610643217168978, -0.8868611237071428, 0.5239106726757626]",28.46584862834008,0.9564360318191948
"[0.3861361137016684, 0.6610627068462449, -0.8868605416593878, 0.5239123931584109]",28.465866481167783,0.9564988643005915
"[0.3861279395924564, 0.6610610920896982, -0.8868599596931691, 0.5239141135193257]",28.465884337563065,0.956561696781988
"[0.38611976615226506, 0.6610594776339247, -0.8868593778757642, 0.5239158335596277]",28.46590219610558,0.9566245292633846
"[0.386111592544442, 0.6610578633136412, -0.8868587961476107, 0.5239175534554041]",28.465920054962965,0.9566873617447813
"[0.38610341913286694, 0.6610562492007105, -0.8868582145346092, 0.5239192731300886]",28.465937918321437,0.9567501942261778
"[0.386095246194673, 0.6610546353498287, -0.8868576330564708, 0.5239209925254021]",28.46595578109838,0.9568130267075745
"[0.3860870730480121, 0.6610530216263466, -0.886857051664683, 0.523922711784796]",28.46597364829211,0.9568758591889711
"[0.3860789001841574, 0.6610514081272524, -0.8868564703941936, 0.5239244308049336]",28.46599151669866,0.9569386916703676
"[0.3860707282274791, 0.6610497949757663, -0.8868558892893902, 0.5239261494545318]",28.466009385886398,0.9570015241517643
"[0.38606255575252624, 0.6610481818904842, -0.8868553082489059, 0.5239278680333933]",28.466027257926115,0.9570643566331609
"[0.38605438411848547, 0.6610465691396668, -0.8868547273693721, 0.5239295862557092]",28.466045133615903,0.9571271891145574
"[0.3860462123603882, 0.6610449565328483, -0.8868541465821839, 0.5239313043243953]",28.466063007333943,0.9571900215959541
"[0.3860380407369434, 0.6610433441210463, -0.8868535659057315, 0.5239330221850957]",28.466080891106216,0.9572528540773507
"[0.3860298697782922, 0.6610417320088661, -0.8868529853776753, 0.5239347397263565]",28.466098769528816,0.9573156865587472
"[0.3860216982969559, 0.6610401199619986, -0.886852404913648, 0.5239364571978063]",28.466116653027505,0.9573785190401439
"[0.38601352778965115, 0.6610385082756937, -0.8868518246199643, 0.5239381742848824]",28.46613453913272,0.9574413515215405
"[0.38600535753668164, 0.6610368968079383, -0.8868512444454898, 0.5239398911388795]",28.46615243183443,0.9575041840029372
"[0.38599718644183717, 0.6610352853425362, -0.8868506643123959, 0.5239416079901282]",28.46617031624646,0.9575670164843337
"[0.3859890169945639, 0.6610336743704228, -0.8868500843974167, 0.5239433243155817]",28.466188212281374,0.9576298489657303
"[0.38598084648914077, 0.66103206335798, -0.8868495045084775, 0.523945040683753]",28.46620610519065,0.957692681447127
"[0.38597267690976067, 0.6610304526964841, -0.8868489247864083, 0.5239467566777698]",28.466224003323163,0.9577555139285236
"[0.3859645072970399, 0.6610288421967236, -0.8868483451631166, 0.5239484724992143]",28.466241900988134,0.9578183464099201
"[0.3859563382849766, 0.6610272319836742, -0.8868477656835774, 0.5239501880149324]",28.466259800237005,0.9578811788913169
"[0.38594816917004615, 0.6610256219186398, -0.8868471862978781, 0.5239519033726857]",28.4662777068412,0.9579440113727135
"[0.38594000049512445, 0.6610240121085812, -0.8868466070445193, 0.5239536184585145]",28.466295612240536,0.9580068438541102
"[0.38593183141743, 0.6610224023874227, -0.8868460278637402, 0.5239553334493496]",28.466313520685556,0.9580696763355067
"[0.3859236632643848, 0.6610207930167368, -0.8868454488496479, 0.5239570480665059]",28.466331425455557,0.9581325088169033
"[0.3859154951095541, 0.6610191838138534, -0.8868448699365556, 0.5239587625046019]",28.466349337306028,0.9581953412983
"[0.3859073272078964, 0.6610175748290872, -0.8868442911425328, 0.5239604767100208]",28.466367254550576,0.9582581737796965
"[0.3858991592599076, 0.6610159660033936, -0.8868437124463548, 0.5239621907456653]",28.46638517216872,0.9583210062610931
"[0.3858909921271654, 0.6610143575064452, -0.8868431339090532, 0.5239639044307631]",28.46640309008038,0.9583838387424898
"[0.3858828245279937, 0.6610127490858014, -0.8868425554398345, 0.5239656180342579]",28.466421006632345,0.9584466712238863
"[0.3858746577782277, 0.6610111410005689, -0.8868419771318881, 0.5239673312800947]",28.46643892983846,0.958509503705283
"[0.3858664906188989, 0.6610095330028323, -0.8868413988960583, 0.5239690444323954]",28.466456857218297,0.9585723361866796
"[0.38585832412703164, 0.6610079253046265, -0.8868408208085979, 0.5239707572652547]",28.4664747844816,0.9586351686680761
"[0.38585015810934914, 0.6610063178678296, -0.8868402428558065, 0.523972469819285]",28.46649271468402,0.9586980011494728
"[0.3858419920730848, 0.6610047105954668, -0.8868396650028032, 0.5239741821977951]",28.46651064640201,0.9587608336308694
"[0.38583382625140705, 0.6610031035334006, -0.8868390872660876, 0.5239758943519195]",28.46652858239093,0.9588236661122659
"[0.38582566067096175, 0.6610014966868566, -0.8868385096475392, 0.5239776062760862]",28.466546516547382,0.9588864985936626
"[0.38581749481241184, 0.6609998899536306, -0.8868379321104252, 0.5239793180791779]",28.466564450220257,0.9589493310750592
"[0.38580932976313187, 0.6609982835476564, -0.8868373547316439, 0.5239810295332666]",28.46658239372037,0.9590121635564559
"[0.38580116433198414, 0.6609966772345661, -0.8868367774269617, 0.5239827408880414]",28.4666003355948,0.9590749960378524
"[0.38579299999799094, 0.6609950713052789, -0.8868362003009365, 0.5239844518335548]",28.46661828550141,0.959137828519249
"[0.3857848351416136, 0.6609934654412175, -0.886835623239078, 0.5239861627092113]",28.4666362262187,0.9592006610006457
"[0.385776670715336, 0.6609918598297092, -0.8868350463087095, 0.5239878733154292]",28.466654176905287,0.9592634934820422
"[0.38576850684199204, 0.6609902544948736, -0.8868344695184951, 0.5239895836265068]",28.466672132086355,0.9593263259634388
"[0.38576034292293887, 0.6609886493189709, -0.8868338928261341, 0.5239912937678787]",28.466690082845684,0.9593891584448355
"[0.38575217953263075, 0.6609870444149282, -0.8868333162721995, 0.5239930036192287]",28.466708040820738,0.959451990926232
"[0.3857440157691365, 0.6609854396054159, -0.8868327397929908, 0.5239947133694772]",28.46672599639836,0.9595148234076286
"[0.385735852016285, 0.6609838349658927, -0.8868321634156224, 0.5239964229382262]",28.466743953544096,0.9595776558890253
"[0.38572768962869364, 0.6609822307625667, -0.8868315872357106, 0.5239981320418559]",28.466761919595047,0.9596404883704218
"[0.38571952614556637, 0.6609806265117902, -0.8868310110795459, 0.5239998411956349]",28.46677987726832,0.9597033208518186
"[0.3857113641074534, 0.6609790227128104, -0.8868304351264309, 0.5240015498676649]",28.46679784554938,0.9597661533332151
"[0.38570320208660525, 0.6609774190849995, -0.8868298592755931, 0.5240032583569207]",28.466815820602005,0.9598289858146117
"[0.3856950397021972, 0.6609758155535732, -0.8868292835001728, 0.5240049667430708]",28.466833788012032,0.9598918182960084
"[0.3856868779846377, 0.6609742123209424, -0.8868287078728536, 0.5240066748104634]",28.466851762184348,0.9599546507774049
"[0.3856787160880913, 0.6609726092209038, -0.8868281323339745, 0.5240083827361672]",28.466869736386915,0.9600174832588015
"[0.3856705545564653, 0.6609710063603029, -0.8868275569218886, 0.5240100904063438]",28.466887713929836,0.9600803157401983
"[0.38566239395203894, 0.6609694038495324, -0.8868269816762178, 0.5240117977033764]",28.46690569657324,0.9601431482215947
"[0.3856542326877297, 0.6609678013768682, -0.8868264064850866, 0.5240135049593708]",28.466923676039116,0.9602059807029915
"[0.3856460718655741, 0.6609661991587449, -0.8868258314261706, 0.5240152119437326]",28.466941661628407,0.9602688131843881
"[0.3856379110179254, 0.6609645971033186, -0.8868252564665132, 0.5240169187543067]",28.466959644550702,0.9603316456657846
"[0.3856297506967638, 0.6609629953189127, -0.8868246816449962, 0.5240186252756832]",28.46697763394571,0.9603944781471813
"[0.38562159089731046, 0.6609613938045641, -0.886824106961267, 0.5240203315088825]",28.466995625886973,0.9604573106285779
"[0.38561343072658866, 0.6609597923849935, -0.8868235323524355, 0.5240220376406403]",28.467013616597466,0.9605201431099744
"[0.38560527143331186, 0.6609581913052374, -0.8868229579064242, 0.5240237434098935]",28.467031615802625,0.9605829755913711
"[0.38559711177910416, 0.6609565903222734, -0.8868223835360411, 0.5240254490755497]",28.4670496082991,0.9606458080727677
"[0.38558895248159825, 0.6609549895768856, -0.8868218092918042, 0.5240271544876157]",28.467067610082825,0.9607086405541644
"[0.38558079375380183, 0.6609533891108427, -0.8868212351886909, 0.5240288596015859]",28.46708561256428,0.9607714730355609
"[0.3855726349741877, 0.6609517888021949, -0.8868206611829597, 0.52403056454738]",28.467103613305966,0.9608343055169575
"[0.3855644761042517, 0.660950188643389, -0.8868200872719079, 0.5240322693330397]",28.467121620888058,0.9608971379983542
"[0.38555631777548166, 0.6609485887582537, -0.8868195134999496, 0.5240339738266352]",28.46713962635623,0.9609599704797507
"[0.3855481593542501, 0.660946989022508, -0.8868189398225181, 0.5240356781605692]",28.467157634030823,0.9610228029611473
"[0.3855400016737937, 0.6609453895995159, -0.8868183662981944, 0.524037382160791]",28.46717564756257,0.961085635442544
"[0.3855318442599627, 0.6609437903962766, -0.8868177928936284, 0.5240390859263778]",28.46719366783739,0.9611484679239405
"[0.3855236866730689, 0.6609421913265743, -0.8868172195779149, 0.524040789549178]",28.467211682806347,0.9612113004053371
"[0.38551552961954333, 0.6609405925288769, -0.8868166464006976, 0.5240424928816652]",28.467229698570907,0.9612741328867338
"[0.38550737287362186, 0.6609389939588979, -0.8868160733461014, 0.5240441959710167]",28.467247721378236,0.9613369653681303
"[0.38549921521938496, 0.6609373953783529, -0.8868155003287147, 0.5240458990710919]",28.467265744816213,0.961399797849527
"[0.3854910587669546, 0.6609357972007285, -0.8868149274967568, 0.5240476017413649]",28.46728377064599,0.9614626303309236
"[0.3854829025280879, 0.660934199232333, -0.8868143547807997, 0.5240493041881865]",28.467301798336013,0.9615254628123201
"[0.385474746707705, 0.6609326015132949, -0.886813782195224, 0.5240510063687999]",28.4673198262402,0.9615882952937168
"[0.38546659097656827, 0.6609310039790903, -0.886813209716909, 0.524052708351943]",28.467337859504717,0.9616511277751134
"[0.3854584357118619, 0.6609294067035787, -0.8868126373723237, 0.5240544100589225]",28.467355895248907,0.9617139602565099
"[0.3854502796894675, 0.6609278094470099, -0.8868120650755663, 0.5240561117451591]",28.467373928663477,0.9617767927379067
"[0.3854421244728757, 0.660926212515567, -0.8868114929363475, 0.5240578130844458]",28.467391966025954,0.9618396252193032
"[0.38543396980694217, 0.6609246158592376, -0.8868109209367447, 0.5240595141300617]",28.46741000976216,0.9619024577006999
"[0.38542581507465445, 0.6609230193571933, -0.8868103490334731, 0.5240612150107289]",28.467428051781127,0.9619652901820965
"[0.38541766013713236, 0.6609214229822467, -0.8868097772168007, 0.5240629157554079]",28.4674460952396,0.962028122663493
"[0.38540950617787534, 0.660919826966043, -0.8868092055697021, 0.5240646161173043]",28.46746414440418,0.9620909551448897
"[0.3854013517519571, 0.6609182310257368, -0.8868086339908723, 0.5240663163977506]",28.467482193203615,0.9621537876262863
"[0.38539319813473455, 0.6609166354109199, -0.8868080625697031, 0.5240680163308323]",28.467500246158338,0.9622166201076828
"[0.3853850443995203, 0.6609150399402128, -0.8868074912412411, 0.5240697161097827]",28.467518295316477,0.9622794525890795
"[0.38537689094458716, 0.6609134446915386, -0.8868069200333928, 0.5240714156515797]",28.467536352189388,0.9623422850704761
"[0.3853687379130804, 0.6609118496928823, -0.8868063489561768, 0.524073114926403]",28.46755440984493,0.9624051175518729
"[0.385360584780716, 0.6609102548416402, -0.8868057779728671, 0.5240748140435616]",28.467572472121226,0.9624679500332693
"[0.38535243146560405, 0.6609086601218163, -0.8868052070777371, 0.5240765130200905]",28.467590532983476,0.962530782514666
"[0.38534427966944346, 0.6609070658662102, -0.8868046363899181, 0.5240782115014277]",28.467608598504903,0.9625936149960627
"[0.3853361271353899, 0.6609054716333677, -0.8868040657514022, 0.5240799099578871]",28.467626665366275,0.9626564474774592
"[0.38532797493013654, 0.66090387763194, -0.8868034952368641, 0.5240816081671676]",28.467644734529294,0.9627192799588558
"[0.38531982326017733, 0.6609022839022468, -0.8868029248607417, 0.5240833060863115]",28.46766280607169,0.9627821124402525
"[0.385311671734808, 0.6609006903678816, -0.8868023545956875, 0.524085003796715]",28.467680878678387,0.962844944921649
"[0.3853035200737973, 0.6608990969740514, -0.8868017844221, 0.5240867013567482]",28.46769895657155,0.9629077774030456
"[0.38529536897263933, 0.6608975038566842, -0.8868012143886219, 0.5240883986215922]",28.46771703178462,0.9629706098844423
"[0.38528721781785147, 0.6608959108958554, -0.886800644452344, 0.5240900957190067]",28.467735113286118,0.9630334423658388
"[0.3852790671870324, 0.6608943182044283, -0.8868000746536462, 0.5240917925287462]",28.467753195188358,0.9630962748472355
"[0.38527091631513977, 0.6608927256328744, -0.8867995049390441, 0.5240934892101093]",28.467771277854517,0.9631591073286321
"[0.3852627662253776, 0.6608911333811095, -0.8867989353800485, 0.5240951855501063]",28.46778936426911,0.9632219398100286
"[0.38525461617497425, 0.6608895413039835, -0.8867983659247399, 0.5240968817033717]",28.467807451561853,0.9632847722914253
"[0.3852464665355753, 0.6608879494740746, -0.8867977965990804, 0.5240985775925773]",28.467825541000437,0.9633476047728219
"[0.38523831674364656, 0.660886357781301, -0.8867972273637, 0.5241002733349971]",28.467843634689235,0.9634104372542184
"[0.385230166701876, 0.6608847662066504, -0.8867966582118131, 0.5241019689508817]",28.467861731383568,0.9634732697356151
"[0.3852220178064205, 0.6608831750227483, -0.8867960892409051, 0.5241036641497786]",28.46787982629343,0.9635361022170117
"[0.38521386854617395, 0.6608815839344961, -0.8867955203454571, 0.5241053592460726]",28.467897924685914,0.9635989346984084
"[0.38520572029447786, 0.6608799932100037, -0.8867949516213317, 0.5241070539541233]",28.467916027031592,0.9636617671798049
"[0.3851975715244071, 0.6608784025511587, -0.8867943829619487, 0.524108748591525]",28.467934132300698,0.9637245996612015
"[0.3851894233664874, 0.6608768121786317, -0.8867938144462026, 0.5241104429231781]",28.467952238037878,0.9637874321425982
"[0.38518127512782857, 0.6608752219571618, -0.886793246025742, 0.5241121370931802]",28.467970346817545,0.9638502646239948
"[0.3851731270335621, 0.6608736319306774, -0.8867926777162745, 0.5241138310547266]",28.467988454011472,0.9639130971053913
"[0.3851649792173226, 0.6608720421252383, -0.8867921095271153, 0.5241155247800496]",28.468006565972527,0.963975929586788
"[0.3851568322781128, 0.6608704526576739, -0.8867915415000187, 0.5241172181446786]",28.468024681169826,0.9640387620681846
"[0.38514868482546466, 0.6608688632566934, -0.8867909735380329, 0.5241189114376327]",28.4680427975277,0.9641015945495813
"[0.3851405379655349, 0.6608672741380744, -0.8867904057182705, 0.5241206044290251]",28.468060915980438,0.9641644270309778
"[0.38513239097198815, 0.6608656851601158, -0.886789837990102, 0.5241222972698147]",28.468079038329787,0.9642272595123744
"[0.38512424449358457, 0.6608640964493399, -0.8867892703987327, 0.5241239898252041]",28.46809716073597,0.9642900919937711
"[0.3851160982645032, 0.6608625079538619, -0.8867887029256312, 0.5241256821504654]",28.46811528568286,0.9643529244751676
"[0.385107952131578, 0.6608609196438103, -0.886788135560124, 0.5241273742774173]",28.468133412442974,0.9644157569565642
"[0.3850998060586084, 0.6608593315121136, -0.8867875682996905, 0.5241290662135892]",28.46815154242551,0.9644785894379609
"[0.3850916605362809, 0.6608577436544089, -0.8867870011784917, 0.5241307578570883]",28.468169673609285,0.9645414219193574
"[0.38508351511014666, 0.6608561559820776, -0.8867864341648782, 0.5241324493023205]",28.468187807334804,0.9646042544007541
"[0.38507536996995123, 0.6608545685320906, -0.8867858672720551, 0.5241341405098942]",28.468205947136873,0.9646670868821507
"[0.38506722501175933, 0.6608529812841683, -0.8867853004927825, 0.5241358315014092]",28.468224085551725,0.9647299193635472
"[0.38505908013733536, 0.6608513942191562, -0.8867847338202227, 0.5241375222972676]",28.46824222685709,0.964792751844944
"[0.3850509353830418, 0.6608498073441176, -0.8867841672569055, 0.5241392128899399]",28.468260367102687,0.9648555843263406
"[0.38504279130225183, 0.6608482207668495, -0.8867836008413122, 0.5241409031645784]",28.468278512288002,0.964918416807737
"[0.3850346473038973, 0.6608466343721615, -0.8867830345323238, 0.5241425932438984]",28.46829665963254,0.9649812492891338
"[0.38502650283879575, 0.6608450480530927, -0.8867824682917623, 0.5241442832418459]",28.46831480691124,0.9650440817705304
"[0.38501835945306456, 0.6608434621107547, -0.8867819022271121, 0.5241459728376255]",28.468332956079934,0.9651069142519269
"[0.3850102158664052, 0.660841876295774, -0.8867813362493644, 0.524147662296904]",28.46835111114061,0.9651697467333236
"[0.3850020725091799, 0.6608402906919482, -0.886780770388431, 0.5241493515304021]",28.468369268246022,0.9652325792147202
"[0.384993929844407, 0.6608387053893979, -0.8867802046764726, 0.5241510404421047]",28.468387424729816,0.9652954116961169
"[0.3849857873552089, 0.6608371202874591, -0.8867796390775656, 0.5241527291392505]",28.468405588808523,0.9653582441775134
"[0.38497764465114825, 0.660835535310117, -0.8867790735645936, 0.5241544177028176]",28.468423747622637,0.96542107665891
"[0.38496950183697315, 0.6608339504777722, -0.88677850814484, 0.5241561061110668]",28.468441910259575,0.9654839091403067
"[0.38496136016522975, 0.6608323660341532, -0.8867779429052632, 0.5241577941043374]",28.468460080165997,0.9655467416217032
"[0.38495321804509547, 0.6608307816696594, -0.88677737773541, 0.5241594820124574]",28.468478247054122,0.9656095741030998
"[0.38494507638913983, 0.6608291975618543, -0.8867768126986268, 0.5241611696462554]",28.468496417708106,0.9656724065844965
"[0.38493693526182365, 0.6608276137232421, -0.8867762477993729, 0.524162856992405]",28.468514591733015,0.965735239065893
"[0.38492879381662026, 0.6608260299891205, -0.8867756829789075, 0.5241645442263672]",28.468532767381486,0.9657980715472898
"[0.38492065288234795, 0.660824446520707, -0.8867751182947308, 0.5241662311763841]",28.468550945019135,0.9658609040286863
"[0.38491251165885243, 0.6608228631623707, -0.8867745536913395, 0.524167918008252]",28.468569124261762,0.9659237365100828
"[0.38490437108490544, 0.6608212800966099, -0.8867739892338364, 0.5241696045275445]",28.468587306706524,0.9659865689914796
"[0.384896230594657, 0.6608196972134274, -0.8867734248829744, 0.5241712908514385]",28.468605486668647,0.9660494014728761
"[0.3848880902237261, 0.660818114519698, -0.8867728606412226, 0.5241729769726079]",28.468623671496783,0.9661122339542727
"[0.3848799506443404, 0.6608165321461025, -0.8867722965551621, 0.5241746627518261]",28.4686418618164,0.9661750664356694
"[0.3848718109570781, 0.6608149499177562, -0.8867717325624512, 0.5241763483754018]",28.46866004984157,0.9662378989170659
"[0.38486367120871073, 0.660813367843764, -0.8867711686663383, 0.5241780338336296]",28.468678242503003,0.9663007313984626
"[0.38485553244606885, 0.6608117861275095, -0.8867706049393291, 0.5241797189098342]",28.468696437231817,0.9663635638798592
"[0.3848473928294051, 0.660810204411488, -0.8867700412539963, 0.5241814039848737]",28.468714634482758,0.9664263963612557
"[0.3848392542859369, 0.6608086230701735, -0.8867694777438019, 0.5241830886597999]",28.46873283500975,0.9664892288426524
"[0.38483111595583935, 0.6608070419364537, -0.8867689143491915, 0.5241847731126411]",28.468751034206285,0.966552061324049
"[0.3848229771860997, 0.6608054608834617, -0.886768351024966, 0.5241864574785491]",28.4687692382407,0.9666148938054455
"[0.3848148393902969, 0.6608038801857787, -0.8867677878689593, 0.524188141464996]",28.468787444676284,0.9666777262868422
"[0.3848067009156663, 0.6608022995223559, -0.8867672247667933, 0.524189825414004]",28.468805647665025,0.9667405587682388
"[0.38479856350181285, 0.6608007192310239, -0.8867666618388285, 0.5241915089656645]",28.46882386038014,0.9668033912496353
"[0.3847904255584601, 0.6607991390029537, -0.8867660989750455, 0.5241931924489796]",28.468842069275983,0.966866223731032
"[0.38478228882596754, 0.6607975591760544, -0.8867655362958076, 0.5241948755039565]",28.46886028838285,0.9669290562124286
"[0.38477415172037516, 0.6607959794427422, -0.8867649736915668, 0.5241965584582731]",28.46887850278813,0.9669918886938254
"[0.38476601473981603, 0.6607943998997359, -0.8867644111967723, 0.5241982412088851]",28.468896718838838,0.9670547211752218
"[0.3847578778966594, 0.6607928205494197, -0.8867638488122768, 0.5241999237532486]",28.468914938433183,0.9671175536566184
"[0.38474974161216474, 0.66079124147353, -0.8867632865671865, 0.5242016060042815]",28.468933161858743,0.9671803861380152
"[0.3847416056280502, 0.6607896626219073, -0.8867627244436406, 0.524203288015416]",28.468951390453146,0.9672432186194116
"[0.38473346940839515, 0.6607880838905493, -0.8867621624046137, 0.5242049698974456]",28.468969613500224,0.9673060511008083
"[0.384725333598654, 0.6607865054046731, -0.8867616004946925, 0.5242066515169671]",28.46898784370964,0.967368883582205
"[0.3847171982766264, 0.6607849271793526, -0.886761038719237, 0.5242083328579167]",28.46900607429934,0.9674317160636015
"[0.3847090630717554, 0.6607833491426758, -0.8867604770526504, 0.5242100139968995]",28.4690243120622,0.9674945485449982
"[0.38470092784137083, 0.6607817712669444, -0.8867599154850839, 0.524211694963421]",28.469042543240008,0.9675573810263948
"[0.3846927927906148, 0.6607801935919633, -0.8867593540306993, 0.5242133757150679]",28.469060779552628,0.9676202135077913
"[0.3846846586306231, 0.660778616255565, -0.8867587927385591, 0.5242150561050015]",28.469079025611872,0.967683045989188
"[0.38467652437330896, 0.6607770390661515, -0.88675823154047, 0.5242167363373307]",28.46909726872655,0.9677458784705846
"[0.38466838954211235, 0.6607754619313227, -0.8867576704035687, 0.5242184165104876]",28.469115506483444,0.9678087109519811
"[0.3846602557726201, 0.660773885168156, -0.8867571094406707, 0.5242200962866749]",28.469133753872033,0.9678715434333779
"[0.3846521221142134, 0.6607723085923236, -0.886756548586197, 0.5242217758622592]",28.46915200218035,0.9679343759147744
"[0.38464398865440275, 0.6607707322207771, -0.886755987846178, 0.524223455219176]",28.469170253069795,0.9679972083961711
"[0.38463585528042044, 0.6607691560316468, -0.8867554272128378, 0.524225134380719]",28.46918850502094,0.9680600408775677
"[0.38462772218537356, 0.6607675800623289, -0.886754866699484, 0.5242268133070447]",28.469206762405978,0.9681228733589642
"[0.3846195887316035, 0.660766004189268, -0.8867543062621741, 0.5242284921297752]",28.46922501809048,0.9681857058403609
"[0.38461145697276244, 0.6607644288103128, -0.8867537460423944, 0.5242301704250668]",28.469243277695615,0.9682485383217575
"[0.384603323770935, 0.6607628533175356, -0.8867531858239633, 0.5242318488405567]",28.469261538461435,0.968311370803154
"[0.3845951922119365, 0.6607612783086819, -0.8867526258194327, 0.5242335267394459]",28.469279802572593,0.9683742032845507
"[0.38458705947305644, 0.6607597032369966, -0.8867520658344026, 0.5242352047042025]",28.469298069045248,0.9684370357659473
"[0.38457892803261706, 0.6607581285824485, -0.88675150603952, 0.5242368822234988]",28.469316335856732,0.9684998682473438
"[0.38457079652846105, 0.6607565540812107, -0.8867509463409899, 0.5242385595783914]",28.469334605625303,0.9685627007287405
"[0.3845626651477139, 0.6607549797695091, -0.8867503867516948, 0.5242402367302831]",28.469352878040812,0.9686255332101371
"[0.38455453430909503, 0.6607534057283848, -0.88674982730044, 0.524241913592835]",28.469371154087927,0.9686883656915338
"[0.38454640289932035, 0.6607518317423171, -0.8867492679106294, 0.5242435903956405]",28.469389426947377,0.9687511981729303
"[0.38453827235527077, 0.6607502580894106, -0.8867487086811087, 0.5242452668424253]",28.46940770873895,0.9688140306543269
"[0.3845301419568204, 0.6607486846302656, -0.8867481495623304, 0.5242469430816891]",28.46942599115968,0.9688768631357236
"[0.3845220118137813, 0.6607471113861072, -0.8867475905618428, 0.5242486190908164]",28.469444272913396,0.9689396956171201
"[0.3845138816629392, 0.6607455383059941, -0.8867470316615461, 0.5242502949240709]",28.469462557184688,0.9690025280985167
"[0.384505751838357, 0.6607439654545333, -0.8867464728844024, 0.5242519705126216]",28.469480847780954,0.9690653605799134
"[0.38449762221582545, 0.6607423928076852, -0.8867459142218679, 0.5242536458820729]",28.469499130964486,0.9691281930613099
"[0.3844894930482262, 0.6607408204143419, -0.8867453556913116, 0.5242553209803346]",28.469517424963716,0.9691910255427066
"[0.38448136392069515, 0.6607392481942266, -0.886744797264223, 0.5242569958929229]",28.46953571751472,0.9692538580241032
"[0.3844732348826514, 0.6607376761568972, -0.8867442389439977, 0.5242586706096507]",28.469554014400906,0.9693166905054997
"[0.3844651064148658, 0.6607361043952905, -0.8867436807636472, 0.5242603450315059]",28.469572311661203,0.9693795229868964
"[0.3844569780469522, 0.6607345328184332, -0.8867431226908606, 0.5242620192554001]",28.469590616712377,0.969442355468293
"[0.3844488493414301, 0.6607329613417388, -0.8867425646956089, 0.5242636933714389]",28.469608914846724,0.9695051879496895
"[0.38444072143662805, 0.6607313901852514, -0.8867420068560273, 0.5242653671452019]",28.469627221236365,0.9695680204310863
"[0.3844325935321033, 0.6607298191942129, -0.8867414491171679, 0.5242670407415507]",28.469645526978617,0.9696308529124829
"[0.38442446579631095, 0.6607282484011792, -0.8867408914905895, 0.5242687141257977]",28.469663836052565,0.9696936853938796
"[0.38441633863714736, 0.6607266778849316, -0.8867403340042668, 0.5242703872140125]",28.469682147651625,0.9697565178752761
"[0.38440821129734476, 0.6607251074991314, -0.8867397766062503, 0.5242720601620863]",28.469700462233593,0.9698193503566727
"[0.38440008437925544, 0.660723537360151, -0.8867392193378494, 0.5242737328460416]",28.469718774971366,0.9698821828380694
"[0.38439195752241084, 0.6607219673983246, -0.886738662174341, 0.5242754053400895]",28.46973709259148,0.9699450153194659
"[0.38438383143901333, 0.6607203977512057, -0.8867381051645395, 0.524277077497689]",28.46975541205305,0.9700078478008625
"[0.38437570495494705, 0.66071882819198, -0.8867375482279612, 0.5242787495604616]",28.469773735629577,0.9700706802822592
"[0.38436757859188103, 0.660717258821408, -0.8867369914003651, 0.5242804214210625]",28.469792056680145,0.9701335127636558
"[0.38435945309172637, 0.6607156897827302, -0.8867364347325737, 0.5242820929268914]",28.469810383926635,0.9701963452450523
"[0.384351327572999, 0.6607141209057036, -0.886735878164184, 0.5242837642593052]",28.46982871307108,0.970259177726449
"[0.3843432017426757, 0.6607125521337474, -0.886735321675135, 0.5242854354785749]",28.469847045648464,0.9703220102078456
"[0.3843350767312165, 0.6607109836850888, -0.8867347653428387, 0.5242871063522172]",28.46986537384915,0.9703848426892423
"[0.38432695147968643, 0.6607094153552913, -0.8867342090947796, 0.5242887770980149]",28.46988370735455,0.9704476751706388
"[0.3843188269318202, 0.6607078473264908, -0.8867336529955603, 0.524290447521933]",28.469902045574447,0.9705105076520354
"[0.384310702159169, 0.6607062794194785, -0.8867330969816254, 0.5242921178148784]",28.469920382511138,0.9705733401334321
"[0.38430257793094297, 0.6607047117826743, -0.886732541105613, 0.5242937878187348]",28.469938726967943,0.9706361726148286
"[0.38429445425188885, 0.6607031444169593, -0.8867319853678296, 0.5242954575325594]",28.469957070854974,0.9706990050962252
"[0.3842863300397541, 0.6607015771135184, -0.8867314296942421, 0.5242971271787974]",28.46997541389419,0.9707618375776219
"[0.38427820660380496, 0.6607000101249177, -0.8867308741743993, 0.5242987964883862]",28.469993758578543,0.9708246700590184
"[0.384270083039705, 0.6606984432766854, -0.8867303187464491, 0.5243004656471856]",28.470012112713366,0.9708875025404151
"[0.38426195975144745, 0.6606968766467339, -0.8867297634380141, 0.5243021345721913]",28.470030464266987,0.9709503350218117
"[0.384253836856232, 0.6606953102576384, -0.8867292082570967, 0.524303803239349]",28.470048817272414,0.9710131675032082
"[0.38424571364785043, 0.6606937439732077, -0.8867286531554308, 0.524305471793738]",28.470067172515158,0.9710759999846049
"[0.3842375911442313, 0.660692177989696, -0.8867280982025723, 0.5243071400262854]",28.47008553070951,0.9711388324660015
"[0.3842294686816324, 0.6606906121791077, -0.8867275433531621, 0.5243088080733397]",28.47010389192517,0.971201664947398
"[0.38422134686723763, 0.6606890466584665, -0.8867269886486671, 0.524310475810231]",28.470122253759932,0.9712644974287947
"[0.38421322481050535, 0.6606874812560952, -0.8867264340282609, 0.5243121434198418]",28.470140620334718,0.9713273299101913
"[0.3842051033097818, 0.6606859161258489, -0.8867258795464562, 0.5243138107382666]",28.470158984975097,0.971390162391588
"[0.38419698170806554, 0.6606843511410934, -0.8867253251583918, 0.5243154779004034]",28.47017735796046,0.9714529948729845
"[0.3841888604048262, 0.6606827863787906, -0.8867247708913357, 0.5243171448242603]",28.470195726104755,0.9715158273543811
"[0.38418073950659687, 0.6606812218594403, -0.8867242167525482, 0.5243188114879951]",28.470214100026983,0.9715786598357778
"[0.3841726183206419, 0.6606796574495739, -0.8867236626947609, 0.5243204780337852]",28.470232471204284,0.9716414923171743
"[0.38416449762227245, 0.6606780932985291, -0.8867231087708675, 0.5243221443025381]",28.47025085127093,0.9717043247985709
"[0.3841563777570763, 0.6606765294728254, -0.8867225550044197, 0.524323810223388]",28.47026923136358,0.9717671572799677
"[0.3841482575668527, 0.660674965749379, -0.8867220013164229, 0.5243254760339778]",28.47028761408528,0.9718299897613641
"[0.38414013729016766, 0.6606734021741377, -0.8867214477231551, 0.5243271416853548]",28.470305995529756,0.9718928222427609
"[0.38413201732617025, 0.6606718388239453, -0.8867208942518267, 0.5243288070956542]",28.470324383652933,0.9719556547241575
"[0.38412389872145836, 0.6606702759002512, -0.8867203409737475, 0.5243304720502714]",28.47034277499729,0.972018487205554
"[0.3841157787055791, 0.6606687128696953, -0.8867197877001174, 0.5243321371173802]",28.47036116154685,0.9720813196869508
"[0.3841076597949051, 0.6606671502166721, -0.8867192346024027, 0.5243338017809596]",28.47037955598043,0.9721441521683473
"[0.38409954099084104, 0.6606655877489346, -0.886718681612555, 0.524335466245802]",28.47039795043635,0.9722069846497439
"[0.3840914222331334, 0.6606640254548733, -0.8867181287264706, 0.5243371305242702]",28.470416349182592,0.9722698171311406
"[0.3840833040246856, 0.660662463431241, -0.8867175759783895, 0.5243387945132912]",28.470434744713955,0.9723326496125371
"[0.38407518564404913, 0.6606609015392039, -0.8867170233191861, 0.5243404583607568]",28.470453147297743,0.9723954820939337
"[0.3840670683270202, 0.6606593400164831, -0.8867164708329732, 0.5243421218134235]",28.47047155072805,0.9724583145753304
"[0.38405894990980294, 0.660657778446826, -0.8867159183724815, 0.5243437853147107]",28.47048995601339,0.9725211470567269
"[0.38405083229270087, 0.6606562171957574, -0.8867153660670354, 0.5243454484752287]",28.470508361152906,0.9725839795381236
"[0.3840427150361598, 0.6606546561786945, -0.8867148138867103, 0.5243471113850776]",28.470526772649155,0.9726468120195202
"[0.3840345982532317, 0.6606530954173516, -0.8867142618391841, 0.5243487740211209]",28.47054518420928,0.9727096445009167
"[0.38402648135943457, 0.660651534799313, -0.8867137098847009, 0.5243504365031074]",28.470563600153696,0.9727724769823134
"[0.3840183647950231, 0.6606499744092214, -0.8867131580531968, 0.5243520987408652]",28.4705820170697,0.97283530946371
"[0.38401024782558135, 0.6606484141058822, -0.8867126062947452, 0.5243537608847992]",28.4706004330564,0.9728981419451065
"[0.38400213158105084, 0.6606468541064778, -0.8867120546861517, 0.5243554227035481]",28.470618855664902,0.9729609744265032
"[0.3839940156433851, 0.6606452943306265, -0.8867115031989882, 0.5243570842827349]",28.47063727796494,0.9730238069078998
"[0.3839859000679293, 0.6606437347889356, -0.8867109518370059, 0.5243587456110551]",28.470655703689584,0.9730866393892965
"[0.3839777843262009, 0.6606421753798363, -0.8867104005643007, 0.5243604067967029]",28.47067412673646,0.973149471870693
"[0.38396966900913365, 0.66064061621686, -0.8867098494210099, 0.5243620677187316]",28.47069255823166,0.9732123043520896
"[0.38396155365965845, 0.6606390572121754, -0.886709298376088, 0.524363728470701]",28.470710988348255,0.9732751368334863
"[0.3839534389249714, 0.6606374984900849, -0.8867087474734733, 0.5243653889201912]",28.47072942122594,0.9733379693148828
"[0.3839453239572391, 0.6606359398877151, -0.8867081966556031, 0.5243670492407004]",28.4707478545481,0.9734008017962794
"[0.3839372098943698, 0.6606343816235942, -0.886707645999705, 0.5243687091994349]",28.47076629623671,0.9734636342776761
"[0.38392909580652695, 0.6606328235191166, -0.8867070954426629, 0.5243703689866513]",28.47078473684075,0.9735264667590726
"[0.38392098147178133, 0.6606312655316698, -0.8867065449694272, 0.5243720286477382]",28.47080317505109,0.9735892992404693
"[0.38391286800945557, 0.6606297078761417, -0.8867059946559233, 0.5243736879537803]",28.470821622932565,0.9736521317218659
"[0.3839047537907857, 0.6606281502398316, -0.8867054443916775, 0.5243753472378794]",28.47084006543304,0.9737149642032624
"[0.3838966403993934, 0.6606265929267153, -0.8867048942840848, 0.5243770061762189]",28.470858511273974,0.9737777966846591
"[0.38388852749210645, 0.6606250358708905, -0.886704344309856, 0.5243786648389964]",28.470876969370497,0.9738406291660557
"[0.38388041444131343, 0.6606234789518879, -0.8867037944264418, 0.5243803233545384]",28.470895419515955,0.9739034616474522
"[0.38387230195495786, 0.6606219223055322, -0.8867032446818203, 0.5243819815781527]",28.47091387421606,0.9739662941288489
"[0.3838641889178283, 0.6606203657178301, -0.8867026950004216, 0.5243836397377918]",28.47093232660959,0.9740291266102455
"[0.38385607677436623, 0.6606188094659085, -0.8867021454801077, 0.5243852975382404]",28.470950787806906,0.974091959091642
"[0.3838479647831809, 0.6606172534074938, -0.8867015960706396, 0.5243869551310513]",28.470969249928782,0.9741547915730389
"[0.38383985258667375, 0.6606156974739855, -0.8867010467478026, 0.5243886125892965]",28.47098771298913,0.9742176240544353
"[0.3838317409393678, 0.660614141810097, -0.8867004975626854, 0.5243902697588152]",28.47100617720681,0.9742804565358321
"[0.38382362916630475, 0.6606125862863338, -0.8866999484695871, 0.5243919267775483]",28.471024644896044,0.9743432890172287
"[0.38381551771619665, 0.6606110309887573, -0.886699399498881, 0.5243935835538128]",28.471043113682217,0.9744061214986252
"[0.38380740745291725, 0.6606094760829487, -0.8866988507090068, 0.52439523991122]",28.47106158882376,0.9744689539800219
"[0.383799296945181, 0.6606079212944687, -0.8866983020031007, 0.5243968961421104]",28.471080061523743,0.9745317864614185
"[0.3837911858815652, 0.660606366563624, -0.8866977533601126, 0.5243985523100678]",28.471098536940275,0.974594618942815
"[0.3837830755859168, 0.660604812144166, -0.8866972048695875, 0.5244002081447804]",28.471117014677837,0.9746574514242117
"[0.3837749653106455, 0.6606032578927817, -0.8866966564809555, 0.5244018637989063]",28.471135495760876,0.9747202839056083
"[0.3837668553097347, 0.6606017038581277, -0.8866961082113873, 0.52440351922061]",28.471153975525986,0.974783116387005
"[0.38375874589703446, 0.6606001501003079, -0.8866955600820879, 0.5244051743458622]",28.47117246134176,0.9748459488684015
"[0.3837506363148733, 0.660598596474139, -0.88669501204184, 0.524406829329313]",28.47119094729042,0.9749087813497981
"[0.38374252725212005, 0.6605970431115761, -0.8866944641371935, 0.5244084840303945]",28.471209438111934,0.9749716138311948
"[0.38373441792378726, 0.6605954898622285, -0.8866939163151072, 0.5244101386093039]",28.471227927433326,0.9750344463125913
"[0.38372630895624255, 0.6605939368460665, -0.8866933686178968, 0.5244117929382393]",28.471246420458648,0.9750972787939879
"[0.38371820058566736, 0.6605923841082868, -0.8866928210614998, 0.5244134469690509]",28.471264919044785,0.9751601112753846
"[0.3837100920937379, 0.6605908315113095, -0.8866922735974017, 0.5244151008482901]",28.471283413178845,0.9752229437567811
"[0.3837019841836521, 0.6605892791897754, -0.886691726273075, 0.524416754432527]",28.471301914822067,0.9752857762381778
"[0.3836938762139792, 0.6605877270208158, -0.886691179045214, 0.524418407852643]",28.471320417701033,0.9753486087195744
"[0.3836857683205722, 0.6605861750304708, -0.8866906319229902, 0.5244200610808928]",28.471338918030735,0.9754114412009709
"[0.38367766027992184, 0.660584623175939, -0.8866900848913251, 0.5244217141628654]",28.47135742482873,0.9754742736823676
"[0.38366955295552163, 0.6605830716224675, -0.8866895380084695, 0.5244233669225301]",28.47137593348347,0.9755371061637642
"[0.3836614464134044, 0.6605815203826422, -0.8866889912788531, 0.5244250193464761]",28.471394442512103,0.9755999386451607
"[0.38365333919706707, 0.6605799691777413, -0.886688444604245, 0.524426671731601]",28.471412955439494,0.9756627711265574
"[0.383645233361011, 0.6605784184008398, -0.8866878981231725, 0.5244283236591859]",28.471431472534096,0.975725603607954
"[0.3836371264557039, 0.6605768675832803, -0.8866873516704896, 0.5244299756284525]",28.471449987511363,0.9757884360893505
"[0.3836290200265082, 0.660575317020714, -0.8866868053503759, 0.5244316273244598]",28.471468503569586,0.9758512685707472
"[0.38362091396345566, 0.6605737666920415, -0.8866862591554088, 0.5244332787696816]",28.471487025822455,0.9759141010521438
"[0.3836128084766606, 0.6605722166374435, -0.886685713099731, 0.5244349299213097]",28.471505553002714,0.9759769335335405
"[0.38360470289059745, 0.660570666727708, -0.886685167137827, 0.5244365809169796]",28.47152407505378,0.976039766014937
"[0.38359659716902894, 0.6605691169558986, -0.8866846212672642, 0.5244382317640757]",28.47154260162705,0.9761025984963336
"[0.3835884923567183, 0.660567567521747, -0.8866840755583891, 0.524439882249835]",28.471561132419442,0.9761654309777303
"[0.38358038710702846, 0.6605660181677867, -0.8866835299205255, 0.5244415326485105]",28.47157966284414,0.9762282634591269
"[0.38357228218395345, 0.6605644690400593, -0.8866829844051088, 0.5244431828045325]",28.47159819995576,0.9762910959405234
"[0.38356417799852405, 0.6605629202170781, -0.8866824390397884, 0.5244448326342629]",28.471616734911397,0.9763539284219201
"[0.3835560731580571, 0.6605613714326878, -0.8866818937308455, 0.524446482421209]",28.471635269386404,0.9764167609033167
"[0.38354796944993835, 0.660559823028416, -0.8866813485985336, 0.5244481318015666]",28.47165380987102,0.9764795933847135
"[0.38353986569403814, 0.6605582747787253, -0.8866808035634487, 0.5244497810155768]",28.471672354515878,0.97654242586611
"[0.3835317621412821, 0.6605567267315596, -0.8866802586424665, 0.5244514300121649]",28.471690899806052,0.9766052583475066
"[0.38352365872146094, 0.6605551788734858, -0.8866797138308639, 0.5244530788056344]",28.471709442983414,0.9766680908289033
"[0.38351555578083146, 0.6605536312706145, -0.8866791691519113, 0.5244547273255596]",28.47172799192158,0.9767309233102998
"[0.3835074527018257, 0.6605520838049819, -0.8866786245640931, 0.5244563756975923]",28.471746546250497,0.9767937557916964
"[0.38349934972249566, 0.6605505365220425, -0.8866780800834115, 0.5244580238733089]",28.471765097437142,0.9768565882730931
"[0.3834912471889274, 0.6605489894878607, -0.8866775357331151, 0.5244596717823331]",28.471783650486426,0.9769194207544896
"[0.383483145130054, 0.6605474427079259, -0.8866769915151335, 0.5244613194188127]",28.47180220801498,0.9769822532358863
"[0.3834750427626276, 0.6605458960326944, -0.886676447376855, 0.5244629669420376]",28.471820769762285,0.9770450857172829
"[0.38346694102741463, 0.6605443496417425, -0.8866759033814574, 0.524464614160718]",28.471839331232506,0.9771079181986794
"[0.3834588391934475, 0.6605428033955073, -0.886675359479852, 0.524466261223513]",28.471857892950837,0.9771707506800761
"[0.38345073784220374, 0.6605412574049659, -0.8866748157110719, 0.524467908012204]",28.471876459340013,0.9772335831614727
"[0.38344263613724117, 0.6605397115104843, -0.8866742720189739, 0.5244695546968291]",28.47189502542899,0.9772964156428692
"[0.3834345347628354, 0.6605381658426189, -0.886673728449483, 0.5244712011383144]",28.471913595551353,0.9773592481242659
"[0.38342643452695574, 0.6605366205554826, -0.8866731850567858, 0.5244728471724954]",28.471932168940942,0.9774220806056625
"[0.3834183340638677, 0.6605350753884809, -0.8866726417492508, 0.5244744930769526]",28.471950745090837,0.9774849130870592
"[0.38341023363693205, 0.6605335303918685, -0.886672098544548, 0.5244761387981492]",28.4719693197842,0.9775477455684557
"[0.38340213309278365, 0.6605319855363823, -0.8866715554323972, 0.5244777843672518]",28.471987896958645,0.9776105780498523
"[0.38339403367917074, 0.6605304410599411, -0.88667101249644, 0.5244794295308267]",28.47200647879304,0.977673410531249
"[0.3833859339026883, 0.6605288966777454, -0.8866704696365563, 0.5244810745922353]",28.472025064300556,0.9777362430126455
"[0.38337783408110887, 0.6605273524503823, -0.8866699268740538, 0.5244827194869361]",28.47204364527918,0.9777990754940421
"[0.38336973503240473, 0.6605258085337754, -0.8866693842637342, 0.5244843640488368]",28.472062234361335,0.9778619079754388
"[0.38336163592897377, 0.6605242647701306, -0.8866688417501403, 0.524486008446013]",28.472080825263873,0.9779247404568353
"[0.3833535373265135, 0.6605227212653486, -0.8866682993704899, 0.5244876525656559]",28.472099414492074,0.9779875729382319
"[0.38334543803220256, 0.660521177792092, -0.8866677570449037, 0.5244892966499176]",28.472118004232637,0.9780504054196286
"[0.3833373402033331, 0.660519634761438, -0.886667214917822, 0.5244909402609206]",28.47213660230726,0.9781132379010251
"[0.3833292416050326, 0.6605180917475127, -0.8866666728396168, 0.5244925838522942]",28.472155198271185,0.9781760703824219
"[0.3833211436602471, 0.6605165490214275, -0.8866661309055369, 0.5244942271352506]",28.472173797269264,0.9782389028638184
"[0.3833130461534723, 0.6605150065420843, -0.8866655891011433, 0.5244958701535626]",28.472192401217686,0.9783017353452149
"[0.3833049485228643, 0.6605134642024325, -0.8866650473888412, 0.5244975130212536]",28.472211002730983,0.9783645678266117
"[0.38329685071313957, 0.6605119219919624, -0.8866645057649397, 0.5244991557495133]",28.472229610250896,0.9784274003080082
"[0.3832887540279905, 0.6605103801589185, -0.8866639643166223, 0.5245007980739133]",28.472248220165593,0.9784902327894048
"[0.3832806570757244, 0.6605088384382503, -0.8866634229508101, 0.5245024402767742]",28.472266832240912,0.9785530652708015
"[0.38327256031773116, 0.6605072969178014, -0.8866628816983556, 0.524504082264523]",28.472285446165426,0.978615897752198
"[0.3832644637742686, 0.6605057556014183, -0.8866623405606088, 0.5245057240330574]",28.472304057906065,0.9786787302335948
"[0.3832563673695044, 0.660504214474645, -0.8866617995324976, 0.5245073655977714]",28.47232267483605,0.9787415627149914
"[0.3832482713451176, 0.6605026735834625, -0.8866612586301652, 0.5245090069096829]",28.472341294238337,0.9788043951963878
"[0.3832401757392746, 0.6605011329351036, -0.8866607178561496, 0.5245106479610832]",28.472359916338274,0.9788672276777846
"[0.3832320801456069, 0.6604995924522156, -0.8866601771833014, 0.5245122888343612]",28.472378540437763,0.9789300601591812
"[0.38322398456670825, 0.6604980521352835, -0.886659636611796, 0.5245139295289961]",28.472397163398316,0.9789928926405776
"[0.38321588966678616, 0.6604965121106576, -0.886659096185975, 0.5245155699103987]",28.472415795334317,0.9790557251219744
"[0.38320779436717217, 0.6604949721731126, -0.8866585558338232, 0.5245172101971637]",28.472434420824513,0.979118557603371
"[0.38319969950466365, 0.6604934324818155, -0.886658015611198, 0.5245188502197476]",28.472453051132543,0.9791813900847677
"[0.3831916052630344, 0.6604918930716891, -0.8866574755303473, 0.5245204899409475]",28.472471686940953,0.9792442225661642
"[0.3831835105603942, 0.6604903537369601, -0.8866569355190829, 0.5245221295799404]",28.472490319416377,0.9793070550475608
"[0.3831754166857997, 0.6604888147227458, -0.8866563956633963, 0.5245237688756328]",28.47250896010757,0.9793698875289575
"[0.3831673229965141, 0.6604872759067952, -0.8866558559204014, 0.5245254079582367]",28.47252759844127,0.979432720010354
"[0.3831592291742356, 0.6604857372285841, -0.8866553162688735, 0.5245270468922156]",28.472546242206516,0.9794955524917506
"[0.38315113520914146, 0.660484198686246, -0.8866547767081662, 0.5245286856795528]",28.47256488660254,0.9795583849731473
"[0.38314304235227126, 0.6604826605175508, -0.8866542373216612, 0.524530324066982]",28.47258353304145,0.9796212174545438
"[0.38313494916876917, 0.6604811224497523, -0.8866536980137143, 0.5245319623450154]",28.472602180343937,0.9796840499359404
"[0.38312685628073684, 0.6604795846010721, -0.8866531588257844, 0.5245336003877245]",28.472620835001006,0.9797468824173371
"[0.3831187634467511, 0.6604780469256205, -0.8866526197417831, 0.524535238243984]",28.472639486684088,0.9798097148987336
"[0.38311067154208356, 0.6604765095896663, -0.8866520808199991, 0.5245368757366882]",28.472658138519567,0.9798725473801303
"[0.38310257907743006, 0.660474972310232, -0.8866515419612413, 0.5245385131672471]",28.472676796266516,0.9799353798615269
"[0.383094487023913, 0.6604734352718173, -0.8866510032301792, 0.5245401503391346]",28.472695457170804,0.9799982123429234
"[0.3830863952582481, 0.6604718984509704, -0.8866504646185959, 0.5245417872773264]",28.472714115791277,0.9800610448243201
"[0.3830783036934318, 0.6604703618311512, -0.8866499261206936, 0.5245434239994358]",28.472732776602253,0.9801238773057167
"[0.38307021233625804, 0.6604688254136012, -0.8866493877369201, 0.5245450605041372]",28.47275144422766,0.9801867097871132
"[0.383062121684171, 0.6604672892927757, -0.8866488495003609, 0.5245466966908161]",28.47277011248375,0.9802495422685099
"[0.3830540308330535, 0.6604657532969863, -0.8866483113508621, 0.5245483327423408]",28.472788783294504,0.9803123747499065
"[0.38304594001859854, 0.6604642174709757, -0.8866477733041065, 0.5245499686110493]",28.472807459340267,0.9803752072313032
"[0.3830378495201395, 0.6604626818677506, -0.8866472353786659, 0.524551604240478]",28.47282613021315,0.9804380397126998
"[0.3830297592141988, 0.6604611464638529, -0.886646697566325, 0.5245532396556082]",28.472844805517816,0.9805008721940963
"[0.38302166933032333, 0.6604596113028212, -0.8866461598823339, 0.5245548748100608]",28.472863482784142,0.980563704675493
"[0.3830135794871357, 0.660458076312265, -0.8866456223013394, 0.5245565097809374]",28.47288216840456,0.9806265371568896
"[0.3830054893743261, 0.6604565414333058, -0.886645084802729, 0.5245581446309461]",28.472900844707524,0.9806893696382861
"[0.38299740059640647, 0.6604550069703179, -0.886644547493087, 0.524559779035884]",28.47291953426435,0.9807522021196828
"[0.3829893115747853, 0.6604534726237989, -0.8866440102675363, 0.5245614133147563]",28.472938217943994,0.9808150346010794
"[0.38298122283577635, 0.6604519384935695, -0.8866434731610335, 0.5245630473612364]",28.472956908289294,0.9808778670824762
"[0.38297313382724135, 0.6604504044749189, -0.8866429361369187, 0.5245646812868489]",28.472975603390186,0.9809406995638726
"[0.3829650448094431, 0.660448870617179, -0.8866423992124787, 0.5245663150390465]",28.47299428907714,0.9810035320452692
"[0.3829569570060507, 0.6604473371523631, -0.8866418624689173, 0.5245679483707]",28.473012988505833,0.981066364526666
"[0.38294886859984706, 0.6604458037358948, -0.8866413257856272, 0.5245695816488221]",28.473031682657354,0.9811291970080624
"[0.38294078103915835, 0.6604442706423356, -0.886640789258707, 0.5245712145809659]",28.473050387644406,0.981192029489459
"[0.38293269304820726, 0.6604427376298272, -0.8866402528035171, 0.5245728474247362]",28.47306908435274,0.9812548619708558
"[0.38292460613281704, 0.6604412049837611, -0.8866397165199256, 0.5245744798761516]",28.473087791512622,0.9813176944522523
"[0.382916518232004, 0.6604396723135271, -0.886639180271259, 0.5245761123512548]",28.47310649373868,0.9813805269336489
"[0.38290843136609115, 0.6604381400019721, -0.8866386441914731, 0.524577744442263]",28.473125204881867,0.9814433594150456
"[0.3829003447713505, 0.6604366079043418, -0.8866381082299187, 0.5245793763033526]",28.473143911927835,0.9815061918964421
"[0.38289225826211964, 0.6604350759854322, -0.8866375723742866, 0.524581007972016]",28.473162627977562,0.9815690243778388
"[0.3828841719008328, 0.6604335442570689, -0.8866370366287128, 0.524582639435652]",28.47318133958719,0.9816318568592354
"[0.3828760857277668, 0.6604320127268625, -0.886636500995862, 0.5245842706861504]",28.473200058194408,0.9816946893406319
"[0.3828679997633244, 0.6604304813986552, -0.8866359654770823, 0.5245859017194149]",28.473218773903497,0.9817575218220286
"[0.3828599139935288, 0.6604289502697854, -0.8866354300714429, 0.5245875325382744]",28.473237497847624,0.9818203543034252
"[0.3828518284817539, 0.6604274193522323, -0.8866348947831348, 0.5245891631299666]",28.473256218418626,0.9818831867848217
"[0.3828437429901951, 0.660425888600956, -0.8866343595964121, 0.5245907935424587]",28.4732749404577,0.9819460192662184
"[0.3828356582348233, 0.6604243581514755, -0.8866338245586549, 0.5245924236314045]",28.47329367195807,0.982008851747615
"[0.3828275729721928, 0.660422827768392, -0.8866332895875726, 0.524594053647523]",28.47331239811589,0.9820716842290117
"[0.3828194886367172, 0.6604212977231938, -0.8866327547780695, 0.5245956833016474]",28.47333113136022,0.9821345167104082
"[0.3828114041547109, 0.660419767812646, -0.8866322200591055, 0.5245973128102392]",28.473349866519303,0.9821973491918048
"[0.3828033196680026, 0.6604182380635827, -0.8866316854400684, 0.5245989421447123]",28.47336859874409,0.9822601816732015
"[0.38279523590966663, 0.6604167086146931, -0.8866311509694241, 0.5246005711573446]",28.473387339777805,0.982323014154598
"[0.38278715198231617, 0.6604151792961704, -0.8866306165878333, 0.5246022000289925]",28.473406080710422,0.9823858466359946
"[0.3827790686302081, 0.660413650248783, -0.88663008234449, 0.5246038286097203]",28.473424821397824,0.9824486791173913
"[0.38277098482973837, 0.6604121212789175, -0.8866295481717428, 0.5246054571057384]",28.4734435633628,0.9825115115987879
"[0.3827629015188518, 0.6604105925639357, -0.886629014131573, 0.5246070853281373]",28.473462307674517,0.9825743440801846
"[0.38275481880318174, 0.6604090641238068, -0.8866284802309422, 0.524608713255642]",28.47348105701639,0.9826371765615811
"[0.3827467364759287, 0.6604075359193777, -0.8866279464561749, 0.5246103409299507]",28.473499810017195,0.9827000090429777
"[0.382738653800198, 0.6604060078113161, -0.8866274127586071, 0.5246119684994597]",28.47351855977683,0.9827628415243744
"[0.3827305714978494, 0.6604044799360722, -0.8866268791859059, 0.5246135958188333]",28.47353731659194,0.9828256740057709
"[0.3827224891224726, 0.6604029522092637, -0.8866263457085978, 0.5246152229779408]",28.47355607058688,0.9828885064871675
"[0.38271440751583397, 0.6604014247899549, -0.8866258123822334, 0.5246168498073612]",28.473574829968978,0.9829513389685642
"[0.3827063262175872, 0.6603998975911116, -0.8866252791764161, 0.5246184763997896]",28.473593591496147,0.9830141714499607
"[0.3826982441828292, 0.6603983704152755, -0.8866247460222143, 0.524620102965529]",28.47361235420655,0.9830770039313573
"[0.3826901631741909, 0.6603968435954953, -0.8866242130359021, 0.5246217291498521]",28.473631121139935,0.983139836412754
"[0.38268208232863127, 0.6603953169686698, -0.8866236801605382, 0.5246233551264702]",28.47364988833264,0.9832026688941505
"[0.38267400172749455, 0.6603937905501442, -0.8866231474014826, 0.5246249808790349]",28.473668656360307,0.9832655013755472
"[0.3826659210777729, 0.6603922642845539, -0.8866226147394164, 0.5246266064665093]",28.473687427128333,0.9833283338569438
"[0.38265784045503926, 0.6603907381861791, -0.8866220821793235, 0.5246282318736788]",28.473706202590602,0.9833911663383403
"[0.38264976029116876, 0.6603892123365486, -0.886621549749662, 0.5246298570137057]",28.473724975979252,0.983453998819737
"[0.3826416805882318, 0.66038768673603, -0.8866210174505539, 0.5246314818861932]",28.4737437540503,0.9835168313011337
"[0.3826336004864471, 0.6603861612222703, -0.8866204852253574, 0.5246331066640544]",28.47376253333037,0.9835796637825301
"[0.3826255212205128, 0.6603846360283556, -0.8866199531553957, 0.5246347310990322]",28.473781315271374,0.9836424962639269
"[0.38261744171070766, 0.6603831109504382, -0.8866194211695543, 0.5246363554082337]",28.473800100665137,0.9837053287453235
"[0.3826093624414597, 0.6603815860799496, -0.8866188892997325, 0.5246379794942738]",28.473818882531948,0.9837681612267202
"[0.3826012840713996, 0.660380061541159, -0.886618357589271, 0.5246396032247929]",28.4738376756558,0.9838309937081167
"[0.3825932051947022, 0.6603785370687435, -0.8866178259456354, 0.5246412268823722]",28.473856466964875,0.9838938261895133
"[0.3825851265896135, 0.660377012809557, -0.8866172944200468, 0.5246428503105995]",28.473875256941174,0.98395665867091
"[0.3825770486372236, 0.6603754888354723, -0.8866167630375639, 0.5246444734329209]",28.473894051103052,0.9840194911523065
"[0.38256897065184103, 0.6603739650170943, -0.886616231753073, 0.5246460963871451]",28.47391284897645,0.9840823236337031
"[0.38256089265753046, 0.6603724413589666, -0.8866157005681601, 0.524647719168429]",28.473931648845472,0.9841451561150998
"[0.38255281565646193, 0.6603709180500785, -0.8866151695487096, 0.5246493415754839]",28.473950452135774,0.9842079885964963
"[0.3825447376330802, 0.6603693947102945, -0.8866146385622131, 0.5246509640131697]",28.473969250759147,0.984270821077893
"[0.3825366604101193, 0.6603678716833413, -0.8866141077284899, 0.5246525861153949]",28.473988057570022,0.9843336535592896
"[0.3825285835075253, 0.6603663488786634, -0.8866135770159737, 0.5246542079786014]",28.47400686199865,0.9843964860406861
"[0.3825205068390867, 0.6603648262799829, -0.8866130464189916, 0.5246558296201217]",28.474025670956372,0.9844593185220829
"[0.38251243087459946, 0.6603633039758294, -0.8866125159683929, 0.524657450945663]",28.4740444885744,0.9845221510034794
"[0.38250435414797423, 0.6603617816898446, -0.8866119855678848, 0.5246590722495558]",28.47406329990523,0.984584983484876
"[0.38249627819179316, 0.6603602597108805, -0.8866114553181148, 0.5246606932241542]",28.474082116515707,0.9846478159662727
"[0.3824882020007897, 0.6603587378494684, -0.8866109251530728, 0.5246623140712461]",28.474100931421514,0.9847106484476692
"[0.3824801268212908, 0.6603572163404282, -0.8866103951545632, 0.5246639345407345]",28.474119753553357,0.9847734809290659
"[0.3824720515661089, 0.6603556949788705, -0.8866098652512155, 0.5246655548508316]",28.474138575277735,0.9848363134104625
"[0.38246397574254337, 0.6603541736720024, -0.8866093354107136, 0.5246671751003588]",28.474157400661547,0.984899145891859
"[0.38245590140774677, 0.6603526528073068, -0.8866088057680094, 0.5246687948766288]",28.4741762292557,0.9849619783732557
"[0.38244782598546323, 0.6603511318995076, -0.8866082761541071, 0.5246704146964735]",28.47419505362632,0.9850248108546523
"[0.38243975151342136, 0.6603496113323782, -0.8866077467026529, 0.5246720341511566]",28.474213885160523,0.9850876433360488
"[0.38243167740206213, 0.6603480909948546, -0.8866072173749677, 0.5246736533589609]",28.474232717408132,0.9851504758174455
"[0.38242360322322794, 0.660346570806304, -0.8866066881429794, 0.5246752724057573]",28.474251555580608,0.9852133082988421
"[0.3824155288195113, 0.66034505073708, -0.8866061589963794, 0.5246768913231166]",28.47427038898933,0.9852761407802386
"[0.38240745541739707, 0.6603435310180592, -0.8866056300155318, 0.5246785098651433]",28.47428922784847,0.9853389732616353
"[0.38239938211483204, 0.6603420114794005, -0.8866051011413155, 0.5246801282127196]",28.474308066895407,0.9854018057430319
"[0.3823913084829133, 0.6603404920403745, -0.8866045723456408, 0.5246817464518189]",28.474326911186974,0.9854646382244286
"[0.3823832351938525, 0.6603389728274863, -0.8866040436725376, 0.5246833644477056]",28.474345759481217,0.9855274707058251
"[0.3823751625282312, 0.6603374538934977, -0.8866035151403655, 0.5246849821441827]",28.474364603533434,0.9855903031872217
"[0.38236709001970803, 0.6603359351506338, -0.8866029867185796, 0.5246865996347287]",28.474383455455733,0.9856531356686185
"[0.38235901719060517, 0.6603344165090256, -0.8866024583759184, 0.5246882170150512]",28.47440230691854,0.9857159681500149
"[0.38235094515707263, 0.6603328981786194, -0.8866019301854242, 0.5246898340615483]",28.474421160250774,0.9857788006314115
"[0.3823428733274641, 0.6603313800480917, -0.8866014021083667, 0.5246914508927777]",28.47444001482328,0.9858416331128083
"[0.3823348010718115, 0.6603298619989594, -0.8866008741035399, 0.524693067634921]",28.474458873051375,0.9859044655942047
"[0.3823267300112279, 0.660328344336058, -0.8866003462769688, 0.5246946839633194]",28.474477735717805,0.9859672980756015
"[0.3823186582796403, 0.6603268267084708, -0.8865998185066101, 0.5246963002516998]",28.47449659598031,0.9860301305569981
"[0.3823105872170123, 0.6603253093681313, -0.8865992908800806, 0.5246979162317449]",28.474515460356816,0.9860929630383946
"[0.3823025162139457, 0.6603237922004463, -0.8865987633575315, 0.5246995320254935]",28.474534325899445,0.9861557955197913
"[0.38229444518239786, 0.6603222751888534, -0.8865982359332113, 0.5247011476505802]",28.47455319151788,0.9862186280011879
"[0.3822863751106813, 0.6603207585190857, -0.8865977086716889, 0.5247027629091938]",28.4745720649029,0.9862814604825844
"[0.38227830424073883, 0.6603192418607273, -0.8865971814581011, 0.5247043781532238]",28.474590934156712,0.9863442929639811
"[0.3822702345306248, 0.6603177255817061, -0.8865966544203501, 0.5247059929908222]",28.474609814689334,0.9864071254453777
"[0.3822621645073739, 0.6603162094052325, -0.886596127462223, 0.5247076077167653]",28.47462868881981,0.9864699579267744
"[0.38225409492085116, 0.6603146934721907, -0.8865956006326849, 0.524709222181006]",28.474647568713692,0.986532790408171
"[0.3822460254315913, 0.6603131777187439, -0.8865950739095673, 0.5247108364515288]",28.474666449472974,0.9865956228895675
"[0.3822379560299362, 0.6603116621431213, -0.8865945472922387, 0.524712450530212]",28.47468533342899,0.9866584553709642
"[0.3822298871329513, 0.6603101468235877, -0.8865940208079094, 0.524714064333702]",28.474704217838564,0.9867212878523608
"[0.3822218183772383, 0.660308631691903, -0.8865934944328588, 0.5247156779346676]",28.474723106192698,0.9867841203337573
"[0.3822137497083848, 0.6603071167378084, -0.8865929681635359, 0.524717291344032]",28.474741995469035,0.986846952815154
"[0.3822056814340347, 0.660305602019071, -0.8865924420200008, 0.5247189045002668]",28.47476088679707,0.9869097852965506
"[0.38219761296131916, 0.6603040874243652, -0.8865919159635908, 0.5247205175219297]",28.47477977883989,0.9869726177779471
"[0.3821895454452836, 0.6603025731704981, -0.8865913900696021, 0.5247221301781182]",28.474798677722656,0.9870354502593438
"[0.38218147805580643, 0.6603010591015792, -0.8865908642839057, 0.5247237426348523]",28.474817577404274,0.9870982827407404
"[0.3821734101181695, 0.6602995450910256, -0.8865903385625374, 0.5247253550269328]",28.47483647556784,0.9871611152221371
"[0.38216534262899726, 0.6602980313258491, -0.8865898129704436, 0.5247269671551914]",28.474855374785882,0.9872239477035336
"[0.38215727551025785, 0.6602965177913648, -0.8865892875025287, 0.524728579035264]",28.474874282020526,0.9872867801849302
"[0.3821492087156828, 0.6602950044788773, -0.8865887621557695, 0.5247301906764058]",28.474893189172448,0.9873496126663269
"[0.3821411418741239, 0.6602934913187423, -0.8865882369059916, 0.5247318021527819]",28.474912098310828,0.9874124451477234
"[0.3821330752986742, 0.6602919783696778, -0.8865877117735812, 0.5247334134018548]",28.47493100432003,0.98747527762912
"[0.38212500886434403, 0.6602904656082169, -0.8865871867503962, 0.5247350244486116]",28.47494991634097,0.9875381101105167
"[0.3821169430506985, 0.6602889531242727, -0.886586661867639, 0.5247366351972933]",28.47496883376452,0.9876009425919132
"[0.38210887718090575, 0.6602874407909167, -0.8865861370812573, 0.524738245783069]",28.474987748953662,0.9876637750733099
"[0.3821008112478108, 0.6602859286067634, -0.8865856123907913, 0.5247398562074131]",28.47500666909421,0.9877266075547065
"[0.3820927459271897, 0.660284416698524, -0.8865850878401924, 0.5247414663353749]",28.475025589578202,0.987789440036103
"[0.3820846808816278, 0.6602829050029009, -0.8865845634075026, 0.5247430762343605]",28.4750445158725,0.9878522725174997
"[0.3820766160435831, 0.660281393507215, -0.8865840390883236, 0.5247446859178684]",28.475063438942882,0.9879151049988963
"[0.3820685509517982, 0.6602798821250123, -0.8865835148526718, 0.5247462954779646]",28.475082366017862,0.9879779374802928
"[0.3820604868328513, 0.6602783710861239, -0.8865829907802649, 0.5247479046698833]",28.47510129641419,0.9880407699616895
"[0.38205242247335075, 0.6602768601631591, -0.8865824667922363, 0.5247495137357822]",28.475120228273347,0.9881036024430861
"[0.3820443581608209, 0.6602753494099874, -0.8865819429072742, 0.5247511226182872]",28.475139161625815,0.9881664349244829
"[0.3820362942115143, 0.6602738388858369, -0.8865814191459196, 0.5247527312543195]",28.475158096276342,0.9882292674058794
"[0.38202823033440525, 0.6602723285361729, -0.8865808954892638, 0.5247543397019508]",28.475177033068288,0.988292099887276
"[0.3820201667897028, 0.6602708184097154, -0.8865803719542005, 0.5247559479092928]",28.47519597141571,0.9883549323686727
"[0.38201210355608023, 0.6602693085024443, -0.886579848539336, 0.5247575558806221]",28.475214914444628,0.9884177648500692
"[0.3820040402695117, 0.6602677987461786, -0.8865793252210377, 0.5247591636885436]",28.47523386038395,0.9884805973314658
"[0.38199597754293996, 0.6602662892556641, -0.8865788020390803, 0.5247607712108541]",28.47525280394478,0.9885434298128625
"[0.38198791514191766, 0.6602647799869744, -0.8865782789782369, 0.5247623784943292]",28.47527175517567,0.988606262294259
"[0.3819798524408115, 0.6602632708229861, -0.8865777559979217, 0.5247639856636939]",28.475290703470865,0.9886690947756556
"[0.38197179045771174, 0.6602617619542518, -0.8865772331641661, 0.5247655925160164]",28.475309661005397,0.9887319272570523
"[0.3819637283278708, 0.6602602532188829, -0.8865767104208838, 0.524767199223694]",28.475328609768017,0.9887947597384489
"[0.3819556666144808, 0.6602587447222803, -0.8865761878045885, 0.5247688056744763]",28.475347567077755,0.9888575922198456
"[0.38194760486747675, 0.6602572363802093, -0.8865756652860992, 0.5247704119580636]",28.475366527409637,0.9889204247012421
"[0.3819395433025778, 0.6602557282330056, -0.8865751428793991, 0.5247720180314974]",28.475385486338908,0.9889832571826387
"[0.381931482445434, 0.6602542203789901, -0.8865746206185374, 0.524773623790067]",28.475404452070755,0.9890460896640354
"[0.3819234214226082, 0.6602527126547499, -0.8865740984469168, 0.524775229407792]",28.47542341337249,0.9891089221454319
"[0.3819153605874519, 0.6602512051263666, -0.8865735763874288, 0.5247768348142963]",28.475442383113307,0.9891717546268285
"[0.3819072996331504, 0.6602496977364565, -0.8865730544202047, 0.5247784400706835]",28.4754613519137,0.9892345871082252
"[0.3818992393214973, 0.6602481906274505, -0.8865725325945661, 0.5247800450252713]",28.47548032236354,0.9892974195896217
"[0.3818911795967708, 0.6602466837888863, -0.8865720109068849, 0.5247816496891976]",28.475499299046792,0.9893602520710184
"[0.38188311932983854, 0.6602451770096558, -0.8865714892840768, 0.5247832542872709]",28.475518272150207,0.989423084552415
"[0.3818750598693183, 0.6602436705418563, -0.886570967813417, 0.5247848585510237]",28.475537251172103,0.9894859170338115
"[0.38186700020580316, 0.6602421641967807, -0.8865704464295847, 0.5247864626814089]",28.475556231924475,0.9895487495152082
"[0.38185894160435996, 0.6602406582108432, -0.8865699252144056, 0.5247880664266613]",28.475575214789792,0.9896115819966048
"[0.38185088241124027, 0.6602391522749723, -0.8865694040609116, 0.5247896701159109]",28.475594197798323,0.9896744144780013
"[0.3818428234954141, 0.6602376465515364, -0.8865688830253045, 0.5247912735762452]",28.47561318617436,0.989737246959398
"[0.38183476439006153, 0.6602361409533184, -0.886568362077404, 0.5247928769005374]",28.475632173456873,0.9898000794407946
"[0.3818267066878993, 0.660234635777822, -0.8865678413201453, 0.5247944797719694]",28.47565116162029,0.9898629119221913
"[0.3818186484424114, 0.660233130661407, -0.8865673206277147, 0.5247960825777801]",28.475670155753907,0.9899257444035878
"[0.38181059029396097, 0.6602316257236924, -0.8865668000415006, 0.5247976851905815]",28.475689149220724,0.9899885768849844
"[0.38180253218940435, 0.6602301209547284, -0.8865662795580715, 0.5247992876209647]",28.47570814575771,0.9900514093663811
"[0.3817944747035927, 0.6602286164618618, -0.8865657592145471, 0.5248008897546115]",28.47572714544173,0.9901142418477776
"[0.3817864175142164, 0.6602271121848424, -0.8865652389900996, 0.5248024916556789]",28.475746143823688,0.9901770743291742
"[0.38177835996819653, 0.6602256080017656, -0.8865647188425653, 0.5248040934539775]",28.47576514463968,0.990239906810571
"[0.38177030368536846, 0.6602241042149795, -0.8865641988764978, 0.5248056948275336]",28.475784152748542,0.9903027392919674
"[0.38176224662675434, 0.6602226004438675, -0.8865636789602919, 0.5248072961816596]",28.47580316067463,0.9903655717733642
"[0.3817541899633901, 0.6602210969069972, -0.8865631591695233, 0.5248088972835997]",28.475822167370726,0.9904284042547608
"[0.38174613368164845, 0.6602195936017966, -0.8865626395033017, 0.5248104981360884]",28.47584117789579,0.9904912367361572
"[0.3817380771018408, 0.660218090401427, -0.886562119917785, 0.5248120988741901]",28.47586018911911,0.990554069217554
"[0.3817300220921977, 0.6602165876544202, -0.8865616005334386, 0.5248136991267544]",28.475879209838336,0.9906169016989506
"[0.3817219661681247, 0.6602150848972238, -0.8865610811900481, 0.524815299387406]",28.475898225786256,0.990679734180347
"[0.38171391050056414, 0.6602135823482768, -0.8865605619631152, 0.5248168994235293]",28.4759172438312,0.9907425666617439
"[0.3817058558157965, 0.6602120801430011, -0.8865600428994327, 0.5248184990909109]",28.47593626831399,0.9908053991431404
"[0.3816978003573253, 0.6602105779538022, -0.8865595238858063, 0.5248200987383957]",28.47595528937359,0.990868231624537
"[0.38168974546021955, 0.6602090760296496, -0.8865590050082609, 0.5248216981008558]",28.475974313689637,0.9909310641059337
"[0.38168169096893284, 0.6602075743414857, -0.8865584862567629, 0.5248232972092312]",28.47599334710817,0.9909938965873302
"[0.38167363688335537, 0.6602060728892754, -0.8865579676312918, 0.5248248960635541]",28.476012373521996,0.9910567290687269
"[0.381665582421617, 0.6602045715272533, -0.8865574490815036, 0.5248264948190419]",28.47603140473915,0.9911195615501235
"[0.3816575286559584, 0.6602030704552685, -0.8865569306764267, 0.5248280932628763]",28.47605044071837,0.99118239403152
"[0.3816494744572715, 0.6602015694628625, -0.8865564123433802, 0.5248296916191638]",28.476069478862538,0.9912452265129167
"[0.38164142124795214, 0.6602000688150926, -0.886555894173896, 0.524831289605649]",28.476088517367508,0.9913080589943133
"[0.38163336784001417, 0.6601985682905743, -0.8865553760915235, 0.5248328874580716]",28.476107554611435,0.9913708914757098
"[0.38162531496475816, 0.6601970680254997, -0.8865548581433049, 0.5248344850314042]",28.47612660058939,0.9914337239571065
"[0.3816172616692742, 0.6601955678423798, -0.8865543402679509, 0.52483608251464]",28.47614564143848,0.9914965564385031
"[0.3816092090452712, 0.66019406794455, -0.8865538225356628, 0.5248376796912524]",28.476164688956427,0.9915593889198998
"[0.3816011567511975, 0.6601925682683563, -0.886553304924466, 0.5248392766290193]",28.47618373841071,0.9916222214012963
"[0.3815931044265635, 0.6601910687466449, -0.886552787411185, 0.5248408733994456]",28.476202790558858,0.9916850538826929
"[0.3815850521843041, 0.6601895694004403, -0.8865522700030799, 0.524842469980138]",28.47622184376711,0.9917478863640896
"[0.3815770005519127, 0.6601880703279355, -0.886551752734035, 0.5248440662665325]",28.47624089693086,0.9918107188454861
"[0.38156894893547005, 0.660186571418529, -0.8865512355658866, 0.5248456623763978]",28.476259952862623,0.9918735513268827
"[0.38156089741255605, 0.6601850726866677, -0.886550718503618, 0.5248472582943448]",28.476279015676003,0.9919363838082794
"[0.3815528463264907, 0.6601835741962016, -0.8865502015692707, 0.5248488539523811]",28.476298077755033,0.9919992162896759
"[0.3815447949454999, 0.6601820758109398, -0.8865496847158592, 0.5248504494955234]",28.476317138612906,0.9920620487710726
"[0.3815367445117622, 0.6601805777620388, -0.8865491680231158, 0.5248520446776207]",28.47633620624866,0.9921248812524692
"[0.38152869371989806, 0.660179079806575, -0.8865486514072503, 0.5248536397573439]",28.47635527216566,0.9921877137338657
"[0.38152064311923367, 0.660177582046708, -0.8865481349035189, 0.5248552346259073]",28.476374341159133,0.9922505462152624
"[0.3815125931011984, 0.6601760845552799, -0.8865476185370229, 0.5248568292057393]",28.47639341338738,0.992313378696659
"[0.3815045427069555, 0.6601745871538962, -0.8865471022462569, 0.524858423686796]",28.476412486790394,0.9923762111780555
"[0.3814964932635608, 0.6601730900893706, -0.8865465861163209, 0.5248600178062586]",28.476431562672815,0.9924390436594522
"[0.3814884440018732, 0.6601715932186174, -0.886546070097879, 0.5248616117164846]",28.47645064313819,0.9925018761408488
"[0.38148039435272, 0.6601700964357868, -0.8865455541544494, 0.5248632055301823]",28.476469719436288,0.9925647086222453
"[0.38147234579727557, 0.6601686000162708, -0.8865450383809582, 0.5248647989541014]",28.47648880452855,0.992627541103642
"[0.3814642958415294, 0.6601671034963853, -0.8865445226175908, 0.5248663924819793]",28.476507886779796,0.9926903735850386
"[0.38145624790773475, 0.6601656075122875, -0.8865440070836041, 0.5248679854364188]",28.476526974758816,0.9927532060664354
"[0.3814481990195213, 0.6601641115107083, -0.8865434915883204, 0.5248695784065466]",28.476546061526154,0.992816038547832
"[0.38144015080392346, 0.660162615794048, -0.886542976235952, 0.5248711710703566]",28.476565150579567,0.9928788710292284
"[0.3814321026348241, 0.6601611202459172, -0.8865424609863962, 0.5248727635517785]",28.47658424492762,0.9929417035106252
"[0.38142405517323386, 0.6601596249891337, -0.8865419458819613, 0.5248743557200286]",28.47660334502998,0.9930045359920218
"[0.38141600767720674, 0.6601581298857813, -0.8865414308751456, 0.52487594772196]",28.476622439631218,0.9930673684734183
"[0.38140795967100805, 0.6601566348475125, -0.8865409159355171, 0.5248775396516396]",28.47664153509985,0.993130200954815
"[0.38139991294358067, 0.6601551402066146, -0.8865404011775285, 0.5248791311552405]",28.476660638419965,0.9931930334362116
"[0.38139186566620287, 0.660153645623392, -0.8865398864841822, 0.5248807225944686]",28.47667974087307,0.9932558659176083
"[0.3813838188372285, 0.6601521512832416, -0.8865393719193375, 0.5248823137719089]",28.4766988445686,0.9933186983990048
"[0.3813757724202645, 0.6601506571793904, -0.8865388574806534, 0.524883904694768]",28.476717952911677,0.9933815308804014
"[0.38136772626257387, 0.6601491632834472, -0.8865383431583559, 0.5248854953932731]",28.476737064374177,0.9934443633617981
"[0.38135968013549193, 0.6601476695529398, -0.8865378289378251, 0.5248870859126438]",28.476756176221286,0.9935071958431946
"[0.38135163377929027, 0.6601461759396522, -0.8865373148024692, 0.5248886763042158]",28.476775289186758,0.9935700283245912
"[0.38134358834757626, 0.6601446826576959, -0.8865368008259894, 0.5248902663400004]",28.476794405181433,0.9936328608059879
"[0.38133554273513254, 0.6601431895019091, -0.8865362869377696, 0.524891856238447]",28.47681352302392,0.9936956932873844
"[0.3813274975226255, 0.6601416965800427, -0.8865357731748956, 0.5248934458848203]",28.476832643634413,0.9937585257687811
"[0.3813194520324788, 0.6601402037663543, -0.8865352594940991, 0.524895035413004]",28.476851761711742,0.9938213582501777
"[0.38131140722215856, 0.6601387112384758, -0.8865347459565064, 0.5248966246338539]",28.4768708879195,0.9938841907315742
"[0.3813033626187726, 0.6601372189086364, -0.8865342325319174, 0.5248982136408236]",28.476890016638055,0.9939470232129709
"[0.38129531829618746, 0.6601357267905279, -0.8865337192250402, 0.5248998024193284]",28.476909144915595,0.9940098556943675
"[0.38128727359575537, 0.660134234761973, -0.8865332059938515, 0.5249013910994569]",28.476928270344324,0.994072688175764
"[0.3812792298781883, 0.6601327430753184, -0.886532692925152, 0.5249029794125106]",28.47694740315276,0.9941355206571607
"[0.381271185831263, 0.6601312514871812, -0.8865321799352334, 0.5249045676176343]",28.476966537901664,0.9941983531385573
"[0.3812631422785283, 0.6601297601502695, -0.8865316670766143, 0.5249061555522233]",28.476985673161092,0.9942611856199538
"[0.3812550984357595, 0.6601282689191617, -0.8865311542992922, 0.5249077433711146]",28.477004812092325,0.9943240181013505
"[0.3812470557591664, 0.6601267780637957, -0.8865306416960829, 0.5249093307868815]",28.477023955231488,0.9943868505827471
"[0.381239012599628, 0.660125287278446, -0.8865301291618704, 0.5249109181250472]",28.477043096211467,0.9944496830641438
"[0.3812309699999023, 0.6601237967563808, -0.8865296167631029, 0.5249125051798209]",28.47706224378928,0.9945125155455403
"[0.3812229270825126, 0.6601223063349639, -0.886529104443875, 0.5249140921243679]",28.47708138587132,0.9945753480269369
"[0.381214884794737, 0.6601208161897197, -0.8865285922645226, 0.5249156787717921]",28.477100537405878,0.9946381805083336
"[0.38120684285690287, 0.6601193262687944, -0.8865280802072198, 0.5249172651773011]",28.47711968791079,0.9947010129897301
"[0.3811988006244489, 0.6601178364527573, -0.8865275682309275, 0.524918851468055]",28.47713884135006,0.9947638454711267
"[0.3811907591260253, 0.660116346932152, -0.8865270564011244, 0.5249204374411669]",28.47715799889051,0.9948266779525234
"[0.3811827173951848, 0.6601148575279407, -0.8865265446562913, 0.5249220232872642]",28.477177154983124,0.99488951043392
"[0.38117467623644463, 0.6601133683891144, -0.8865260330476218, 0.5249236088477034]",28.477196313730847,0.9949523429153168
"[0.38116663493072656, 0.6601118793824825, -0.8865255215293593, 0.5249251942642953]",28.477215475671592,0.9950151753967132
"[0.3811585942184681, 0.6601103906451409, -0.8865250101485993, 0.5249267793910624]",28.477234642115455,0.9950780078781098
"[0.38115055316129376, 0.6601089020033237, -0.8865244988456604, 0.5249283644130173]",28.477253804821277,0.9951408403595066
"[0.38114251257249093, 0.6601074136075972, -0.886523987672257, 0.5249299491698406]",28.47727296978057,0.995203672840903
"[0.3811344726355274, 0.6601059254918789, -0.8865234766400353, 0.524931533625415]",28.47729214313037,0.9952665053222997
"[0.38112643256641354, 0.660104437511039, -0.886522965699156, 0.5249331179342618]",28.47731131278652,0.9953293378036964
"[0.3811183927704944, 0.6601029497400845, -0.8865224548753796, 0.5249347020165133]",28.47733048495066,0.9953921702850929
"[0.38111035300203433, 0.660101462133527, -0.8865219441530894, 0.5249362859205983]",28.477349665030395,0.9954550027664896
"[0.38110231372196696, 0.6600999747766325, -0.8865214335615597, 0.5249378695557273]",28.47736884398434,0.9955178352478862
"[0.3810942745111578, 0.6600984875918328, -0.8865209230741632, 0.5249394530044852]",28.47738802056224,0.9955806677292827
"[0.38108623535308733, 0.6600970005760647, -0.8865204126898506, 0.5249410362701282]",28.47740720432631,0.9956435002106794
"[0.3810781965704886, 0.6600955137890023, -0.8865199024291068, 0.5249426192891162]",28.477426390216067,0.995706332692076
"[0.38107015788621257, 0.6600940271793707, -0.8865193922743337, 0.5249442021160383]",28.477445574287437,0.9957691651734725
"[0.3810621196193024, 0.6600925408061461, -0.886518882245772, 0.5249457846880966]",28.47746476535934,0.9958319976548692
"[0.38105408164267496, 0.6600910546458297, -0.8865183723353477, 0.5249473670303048]",28.477483957123756,0.9958948301362658
"[0.3810460432460881, 0.6600895685670226, -0.8865178624980098, 0.5249489492825669]",28.477503147630014,0.9959576626176623
"[0.3810380049689648, 0.6600880826695319, -0.8865173527679808, 0.5249505313386059]",28.477522340941874,0.996020495099059
"[0.3810299679505201, 0.6600865971638802, -0.8865168432174777, 0.5249521129742728]",28.47754153763556,0.9960833275804556
"[0.3810219306196989, 0.6600851117596326, -0.8865163337468808, 0.5249536944987946]",28.477560739792935,0.9961461600618523
"[0.3810138937944569, 0.6600836266079406, -0.8865158244080373, 0.5249552757512346]",28.4775799373467,0.9962089925432488
"[0.3810058570166001, 0.6600821416241467, -0.8865153151719022, 0.5249568568217214]",28.477599143812252,0.9962718250246454
"[0.38099781980812814, 0.6600806567198935, -0.8865148060081973, 0.5249584378043275]",28.47761834704553,0.9963346575060421
"[0.38098978300573627, 0.6600791720497877, -0.8865142969699317, 0.5249600185344364]",28.47763755302942,0.9963974899874386
"[0.3809817471607114, 0.6600776877156127, -0.886513788092, 0.5249615989036758]",28.477656760311653,0.9964603224688352
"[0.3809737110923539, 0.6600762034992507, -0.8865132792996228, 0.5249631791442713]",28.47767597292888,0.9965231549502319
"[0.3809656754126599, 0.6600747195137221, -0.8865127706315473, 0.5249647591358858]",28.477695190256807,0.9965859874316284
"[0.38095763979733704, 0.6600732356991198, -0.8865122620672402, 0.5249663389422983]",28.477714399767724,0.9966488199130251
"[0.3809496045765476, 0.6600717521163889, -0.8865117536275908, 0.5249679184986157]",28.47773362178871,0.9967116523944217
"[0.3809415690798061, 0.6600702686417265, -0.8865112452701743, 0.5249694979366462]",28.477752845289363,0.9967744848758182
"[0.38093353376082356, 0.66006878535889, -0.8865107370236991, 0.5249710771672088]",28.47777206106984,0.996837317357215
"[0.3809254988371915, 0.6600673023080255, -0.8865102289019197, 0.5249726561475571]",28.47779128656779,0.9969001498386115
"[0.3809174647969008, 0.660065819579154, -0.886509720935676, 0.5249742347818426]",28.47781051354408,0.996962982320008
"[0.3809094301509308, 0.6600643368974604, -0.8865092130308195, 0.5249758133626516]",28.47782974060427,0.9970258148014048
"[0.3809013960827096, 0.6600628544813234, -0.8865087052621631, 0.5249773916574766]",28.477848972182535,0.9970886472828013
"[0.38089336168737364, 0.6600613721637641, -0.8865081975725161, 0.5249789698440911]",28.47786820113453,0.997151479764198
"[0.38088532814508097, 0.6600598901624999, -0.8865076900364446, 0.5249805476906931]",28.477887436006284,0.9972143122455946
"[0.3808772943594078, 0.6600584082752418, -0.8865071825846722, 0.5249821254126497]",28.477906673340502,0.9972771447269911
"[0.3808692612081015, 0.660056926663875, -0.886506675272636, 0.5249837028376021]",28.47792591161488,0.9973399772083879
"[0.3808612279490691, 0.660055445191513, -0.8865061680534652, 0.5249852801112845]",28.47794515349538,0.9974028096897845
"[0.3808531953948595, 0.6600539640079779, -0.886505660978455, 0.5249868570741826]",28.477964395381964,0.9974656421711809
"[0.38084516218050013, 0.6600524828615814, -0.8865051539614403, 0.5249884339942538]",28.477983640836587,0.9975284746525777
"[0.38083713013198944, 0.6600510020889266, -0.8865046471176631, 0.5249900105131292]",28.478002885534174,0.9975913071339743
"[0.3808290975532854, 0.6600495213773605, -0.8865041403400891, 0.5249915869636697]",28.478022135297927,0.997654139615371
"[0.38082106505817925, 0.6600480408400192, -0.8865036336674539, 0.52499316322542]",28.478041386351535,0.9977169720967675
"[0.38081303321404203, 0.6600465605814471, -0.886503127135535, 0.5249947391870736]",28.478060638694508,0.9977798045781641
"[0.3808050018592005, 0.660045080571814, -0.8865026207341183, 0.5249963148803842]",28.47807989363844,0.9978426370595608
"[0.3807969700092453, 0.6600436006297071, -0.8865021144011368, 0.5249978904984889]",28.47809914925728,0.9979054695409573
"[0.3807889392662923, 0.6600421210503074, -0.8865016082375798, 0.5249994657271191]",28.47811840958027,0.9979683020223539
"[0.3807809078431985, 0.6600406415043283, -0.8865011021308025, 0.5250010409168447]",28.478137669642635,0.9980311345037506
"[0.3807728771488488, 0.6600391622513136, -0.8865005961695885, 0.5250026157913391]",28.478156932168137,0.9980939669851471
"[0.38076484666642363, 0.660037683196029, -0.8865000903213618, 0.5250041904519882]",28.47817619801795,0.9981567994665437
"[0.3807568159373634, 0.6600362042540114, -0.8864995845572409, 0.5250057649887109]",28.478195464812924,0.9982196319479404
"[0.38074878616488167, 0.6600347256468191, -0.8864990789529917, 0.5250073391656236]",28.478214736357177,0.9982824644293369
"[0.3807407558073627, 0.6600332470905621, -0.8864985734115408, 0.5250089132849608]",28.47823400477942,0.9983452969107336
"[0.3807327260411759, 0.6600317688018231, -0.8864980680069477, 0.5250104871161377]",28.47825327884432,0.9984081293921302
"[0.3807246965486178, 0.6600302907220879, -0.8864975627192024, 0.5250120607214455]",28.478272557425246,0.9984709618735267
"[0.38071666672375526, 0.6600288127398057, -0.8864970575101786, 0.5250136342196393]",28.47829183503999,0.9985337943549234
"[0.38070863820046663, 0.6600273351556801, -0.8864965524826585, 0.5250152072905794]",28.478311114859782,0.99859662683632
"[0.3807006088512741, 0.6600258575781441, -0.8864960475028089, 0.5250167803511321]",28.478330392933717,0.9986594593177165
"[0.38069258041456105, 0.660024380327091, -0.8864955426799614, 0.5250183530607277]",28.478349679162708,0.9987222917991132
"[0.38068455176495763, 0.6600229031954228, -0.8864950379433426, 0.5250199256398433]",28.478368967526798,0.9987851242805098
"[0.38067652342836383, 0.660021426279887, -0.8864945333260161, 0.5250214979854744]",28.47838825571275,0.9988479567619065
"[0.3806684952258536, 0.6600199495475604, -0.8864940288167295, 0.5250230701326667]",28.4784075408454,0.998910789243303
"[0.3806604672311429, 0.6600184730119532, -0.8864935244201121, 0.525024642067035]",28.478426836554974,0.9989736217246996
"[0.38065243986098685, 0.6600169967497183, -0.8864930201623356, 0.5250262137069674]",28.478446133504274,0.9990364542060963
"[0.3806444125891007, 0.6600155206640345, -0.8864925160103297, 0.5250277851555374]",28.478465427974534,0.9990992866874929
"[0.3806363846074922, 0.6600140446063342, -0.8864920119133622, 0.5250293565709058]",28.47848472717423,0.9991621191688894
"[0.3806283573857359, 0.6600125688468077, -0.8864915079637145, 0.5250309276654221]",28.478504024580207,0.9992249516502861
"[0.38062033071229684, 0.6600110933465281, -0.8864910041480837, 0.525032498480525]",28.478523329086393,0.9992877841316827
"[0.3806123042657386, 0.6600096180463771, -0.886490500446283, 0.5250340690791471]",28.478542634590283,0.9993506166130794
"[0.38060427785939993, 0.6600081429120309, -0.886489996846596, 0.5250356394978247]",28.47856194356754,0.9994134490944759
"[0.38059625140417264, 0.6600066679271068, -0.8864894933434352, 0.5250372097539947]",28.4785812459022,0.9994762815758725
"[0.38058822552391236, 0.6600051932062269, -0.8864889899759274, 0.5250387797256271]",28.478600561407642,0.9995391140572693
"[0.3805801996084143, 0.6600037186372457, -0.886488486705796, 0.5250403495321057]",28.47861987532244,0.9996019465386657
"[0.38057217394124665, 0.660002244272251, -0.8864879835508199, 0.5250419191179749]",28.478639187152364,0.9996647790200623
"[0.38056414818039525, 0.660000770048401, -0.8864874804895579, 0.5250434885501304]",28.47865850547385,0.9997276115014591
"[0.3805561232757487, 0.6599992961401501, -0.886486977581538, 0.5250450576428467]",28.47867782709895,0.9997904439828555
"[0.38054809836551085, 0.659997822389186, -0.8864864747727399, 0.5250466265646558]",28.478697146911863,0.9998532764642521
"[0.3805400734910735, 0.6599963488030959, -0.8864859720657595, 0.525048195307477]",28.478716468465453,0.9999161089456489
"[0.380532048711014, 0.6599948753926332, -0.8864854694642664, 0.5250497638598568]",28.478735795891144,0.9999789414270454
"[0.3805240244928735, 0.6599934022436154, -0.8864849669975339, 0.5250513321304328]",28.47875512028661,1.0000417739084422
"[0.38051600015276354, 0.6599919292304692, -0.8864844646227328, 0.5250529002528814]",28.47877445311449,1.0001046063898387
"[0.3805079761757373, 0.6599904564422214, -0.8864839623702281, 0.5250544681324238]",28.478793783884807,1.0001674388712352
"[0.3804999526006792, 0.6599889838859818, -0.886483460242443, 0.5250560357614874]",28.478813115297303,1.0002302713526319
"[0.3804919288913788, 0.6599875114633256, -0.8864829582058182, 0.5250576032448461]",28.478832452483907,1.0002931038340284
"[0.380483905487847, 0.6599860392549916, -0.8864824562878846, 0.5250591704965445]",28.478851789299746,1.000355936315425
"[0.380475882830757, 0.6599845673417918, -0.8864819545161922, 0.5250607374305502]",28.47887113210026,1.0004187687968218
"[0.3804678599185497, 0.6599830955399603, -0.8864814528280929, 0.5250623042424872]",28.478890471677058,1.0004816012782183
"[0.38045983685385776, 0.6599816238683252, -0.8864809512300151, 0.5250638709123076]",28.47890981471565,1.000544433759615
"[0.3804518141864895, 0.6599801524277302, -0.8864804497563311, 0.5250654373326533]",28.478929159893255,1.0006072662410115
"[0.38044379206405254, 0.659978681245206, -0.8864799484162519, 0.5250670034747453]",28.478948506926756,1.000670098722408
"[0.3804357697786402, 0.6599772101909199, -0.8864794471655335, 0.5250685694767917]",28.47896785976752,1.0007329312038047
"[0.3804277480545269, 0.6599757393976631, -0.8864789460494249, 0.5250701351974263]",28.478987212921208,1.0007957636852014
"[0.38041972658341894, 0.6599742688088764, -0.8864784450486556, 0.5250717006968545]",28.47900656838364,1.000858596166598
"[0.38041170514859235, 0.6599727983848307, -0.8864779441496864, 0.5250732660173644]",28.479025923531385,1.0009214286479946
"[0.3804036836145925, 0.6599713281006465, -0.8864774433440634, 0.5250748311854394]",28.47904528164428,1.000984261129391
"[0.3803956627338756, 0.6599698580942657, -0.8864769426787563, 0.5250763960542281]",28.47906464153689,1.0010470936107878
"[0.3803876416783501, 0.6599683882138861, -0.8864764421020693, 0.5250779607853259]",28.479084004862933,1.0011099260921845
"[0.3803796210374264, 0.6599669185675061, -0.8864759416507851, 0.5250795252637604]",28.47910336797424,1.001172758573581
"[0.3803716009722524, 0.6599654491846185, -0.8864754413349425, 0.5250810894581323]",28.479122735548597,1.0012355910549777
"[0.38036358029562156, 0.6599639798477065, -0.8864749410804839, 0.5250826535999888]",28.479142103850933,1.0012984235363742
"[0.38035556045166397, 0.6599625108213143, -0.886474440977479, 0.5250842174077122]",28.479161475338508,1.0013612560177707
"[0.3803475407413814, 0.659961041977363, -0.8864739409823243, 0.5250857810176408]",28.479180847115895,1.0014240884991674
"[0.3803395209563373, 0.6599595732776768, -0.8864734410820265, 0.5250873444704094]",28.479200222559427,1.0014869209805641
"[0.380331501700188, 0.6599581048327829, -0.886472941314208, 0.5250889076483554]",28.479219596677282,1.0015497534619606
"[0.38032348231358787, 0.659956636521928, -0.8864724416377728, 0.5250904706800181]",28.479238977602456,1.0016125859433573
"[0.38031546358517654, 0.6599551684894873, -0.8864719421018534, 0.5250920334117042]",28.479258358552737,1.0016754184247538
"[0.3803074445566521, 0.6599537005600069, -0.8864714426467468, 0.5250935960301811]",28.47927774398453,1.0017382509061505
"[0.3802994265074943, 0.6599522329676634, -0.8864709433521347, 0.5250951582861639]",28.479297128594453,1.001801083387547
"[0.380291407838118, 0.6599507654196719, -0.8864704441184041, 0.5250967204913166]",28.47931651557658,1.0018639158689437
"[0.38028338961458785, 0.659949298111135, -0.8864699450119337, 0.5250982824379493]",28.47933590402763,1.0019267483503405
"[0.38027537188928096, 0.6599478310516035, -0.8864694460359688, 0.5250998441158901]",28.479355296301545,1.001989580831737
"[0.38026735408469575, 0.6599463641353996, -0.8864689471545643, 0.5251014056376279]",28.479374688738446,1.0020524133131334
"[0.3802593364011623, 0.6599448973991376, -0.8864684483801868, 0.5251029669641847]",28.47939408521652,1.0021152457945302
"[0.38025131918899857, 0.6599434309069111, -0.8864679497346214, 0.5251045280273274]",28.479413483624924,1.0021780782759266
"[0.3802433019793444, 0.6599419645729269, -0.8864674511887, 0.525106088918378]",28.479432880885206,1.0022409107573234
"[0.3802352852145275, 0.6599404984780672, -0.8864669527699236, 0.525107649551234]",28.479452285474522,1.00230374323872
"[0.38022726848829425, 0.6599390325480164, -0.8864664544530281, 0.5251092100049991]",28.47947168606032,1.0023665757201166
"[0.38021925197520756, 0.6599375668146822, -0.8864659562488624, 0.525110770245704]",28.479491092361833,1.0024294082015133
"[0.38021123587506184, 0.6599361013145699, -0.8864654581698342, 0.525112330234485]",28.479510501908884,1.0024922406829098
"[0.3802032198957588, 0.6599346359942571, -0.886464960197787, 0.5251138900282051]",28.479529914198793,1.0025550731643063
"[0.3801952041951076, 0.6599331708825721, -0.8864644623425197, 0.5251154495961725]",28.47954932434682,1.002617905645703
"[0.3801871881007693, 0.6599317058566242, -0.8864639645622783, 0.5251170090691967]",28.479568738235198,1.0026807381270997
"[0.3801791730240892, 0.659930241174326, -0.8864634669446949, 0.5251185681727334]",28.479588152613715,1.0027435706084964
"[0.3801711577252175, 0.6599287766090856, -0.8864629694127814, 0.5251201271479774]",28.47960757552839,1.0028064030898929
"[0.38016314230585874, 0.6599273121794665, -0.8864624719728602, 0.5251216859751651]",28.479626994288278,1.0028692355712894
"[0.38015512748984825, 0.6599258480177189, -0.8864619746698462, 0.5251232445135161]",28.47964641377433,1.002932068052686
"[0.38014711310757543, 0.6599243840928128, -0.8864614774931995, 0.5251248027960566]",28.479665841046817,1.0029949005340826
"[0.38013909881220764, 0.6599229203413768, -0.8864609804213966, 0.5251263608902383]",28.479685267796764,1.0030577330154793
"[0.38013108445143245, 0.6599214567355777, -0.8864604834449932, 0.5251279188256847]",28.47970469422264,1.003120565496876
"[0.3801230702244195, 0.6599199933117882, -0.8864599865763417, 0.5251294765636733]",28.479724125736574,1.0031833979782725
"[0.38011505686640573, 0.6599185302042284, -0.8864594898610096, 0.5251310339613303]",28.47974355830497,1.0032462304596692
"[0.3801070432598455, 0.6599170672088251, -0.8864589932297159, 0.5251325912358763]",28.47976299424545,1.0033090629410657
"[0.38009903015782776, 0.6599156044630565, -0.8864584967291306, 0.5251341482409694]",28.479782430270834,1.0033718954224624
"[0.3800910167052633, 0.6599141418108174, -0.8864580003062708, 0.5251357051427695]",28.47980186966481,1.0034347279038591
"[0.3800830038319371, 0.6599126794218012, -0.8864575040187344, 0.5251372617606445]",28.479821310706047,1.0034975603852556
"[0.3800749908423881, 0.6599112171690694, -0.886457007823441, 0.525138818229707]",28.479840751192697,1.003560392866652
"[0.3800669785711385, 0.6599097552048832, -0.8864565117720596, 0.5251403743878823]",28.479860198372876,1.0036232253480488
"[0.38005896578956433, 0.6599082933050494, -0.8864560157885225, 0.525141930473803]",28.479879644340414,1.0036860578294453
"[0.380050954022859, 0.6599068317478125, -0.8864555199672316, 0.5251434861912941]",28.479899091480178,1.003748890310842
"[0.3800429419577771, 0.6599053702935747, -0.8864550242269038, 0.5251450417953855]",28.47991854495094,1.0038117227922387
"[0.38003493022013907, 0.6599039090564844, -0.8864545286062638, 0.5251465971645699]",28.479937996106827,1.0038745552736352
"[0.3800269188512232, 0.6599024480440422, -0.8864540331078543, 0.5251481522908605]",28.47995745512127,1.003937387755032
"[0.3800189077164334, 0.6599009872316797, -0.8864535377233435, 0.5251497072004032]",28.47997691150393,1.0040002202364284
"[0.3800108962081438, 0.6598995265085948, -0.8864530424151615, 0.5251512620111333]",28.479996370478336,1.004063052717825
"[0.3800028855040356, 0.6598980660894951, -0.8864525472561136, 0.525152816494509]",28.4800158314136,1.0041258851992216
"[0.3799948747359531, 0.6598966058160787, -0.8864520521925259, 0.5251543708190238]",28.480035294112252,1.0041887176806183
"[0.3799868636982437, 0.6598951456508657, -0.8864515572116984, 0.5251559250245673]",28.480054758154136,1.0042515501620148
"[0.3799788540315635, 0.659893685892852, -0.8864510624149854, 0.5251574787928829]",28.480074228789913,1.0043143826434116
"[0.3799708439363409, 0.6598922262140353, -0.8864505676912027, 0.5251590324730935]",28.480093699706575,1.004377215124808
"[0.3799628342389494, 0.6598907667650039, -0.8864500730913937, 0.5251605859049074]",28.480113167047154,1.0044400476062048
"[0.37995482482517845, 0.6598893075249189, -0.8864495786084952, 0.5251621391105022]",28.48013264421925,1.0045028800876012
"[0.37994681515658674, 0.6598878483956917, -0.8864490842092673, 0.5251636921942769]",28.48015212045472,1.004565712568998
"[0.3799388059997746, 0.6598863895169123, -0.8864485899410279, 0.5251652450076516]",28.480171601194616,1.0046285450503947
"[0.3799307971608356, 0.6598849308532863, -0.8864480957917963, 0.5251667975881862]",28.480191078802058,1.0046913775317912
"[0.37992278790503464, 0.6598834722709537, -0.8864476017162443, 0.5251683500783567]",28.480210559524984,1.0047542100131877
"[0.3799147794392182, 0.659882013989699, -0.8864471077888162, 0.5251699022442222]",28.480230041122883,1.0048170424945844
"[0.37990677082472607, 0.6598805558385706, -0.8864466139516093, 0.5251714542677376]",28.480249528452227,1.0048798749759809
"[0.3798987625340252, 0.6598790979035801, -0.8864461202337574, 0.525173006057349]",28.480269017510828,1.0049427074573776
"[0.37989075442798004, 0.659877640159375, -0.8864456266266767, 0.5251745576400366]",28.480288510617974,1.0050055399387743
"[0.3798827470980374, 0.6598761827135915, -0.8864451331668067, 0.5251761089012316]",28.48030799807451,1.0050683724201708
"[0.3798747394953496, 0.6598747253752907, -0.8864446397895054, 0.52517766004416]",28.48032749601026,1.0051312049015675
"[0.3798667324709033, 0.6598732682993366, -0.886444146547202, 0.5251792109039846]",28.480346993133086,1.005194037382964
"[0.37985872515616903, 0.6598718113276719, -0.8864436533863918, 0.5251807616489312]",28.48036649095684,1.0052568698643607
"[0.3798507178827472, 0.6598703545206297, -0.8864431603275046, 0.5251823122147796]",28.480385987841156,1.0053197023457574
"[0.3798427115001118, 0.659868898032733, -0.8864426674228332, 0.5251838624370577]",28.480405495977223,1.005382534827154
"[0.3798347048155063, 0.6598674416469599, -0.8864421745989395, 0.5251854125467503]",28.480424995415532,1.0054453673085504
"[0.3798266982112949, 0.6598659854328771, -0.8864416818793645, 0.5251869624698086]",28.48044450482558,1.005508199789947
"[0.3798186923584557, 0.6598645295124852, -0.8864411893053876, 0.525188512076377]",28.480464014880834,1.0055710322713436
"[0.37981068636916543, 0.6598630737243042, -0.886440696822375, 0.5251900615383227]",28.480483522326818,1.0056338647527403
"[0.3798026805037335, 0.6598616181156609, -0.8864402044463424, 0.5251916108052691]",28.48050303871531,1.005696697234137
"[0.3797946753630458, 0.6598601627957775, -0.8864397122142325, 0.5251931597609624]",28.480522549903924,1.0057595297155335
"[0.379786669958571, 0.6598587075849207, -0.8864392200652554, 0.5251947085966951]",28.48054207021703,1.0058223621969302
"[0.3797786647207625, 0.6598572525613358, -0.8864387280258781, 0.5251962572291842]",28.480561589337732,1.0058851946783267
"[0.379770660158873, 0.6598557978175508, -0.8864382361273897, 0.525197805559944]",28.480581108576683,1.0059480271597232
"[0.3797626551218236, 0.6598543431443622, -0.886437744299052, 0.5251993538116322]",28.480600634994172,1.00601085964112
"[0.37975465035479256, 0.6598528886771781, -0.8864372525866555, 0.5252009018401261]",28.480620156312508,1.0060736921225166
"[0.37974664662607166, 0.6598514345555566, -0.8864367610373733, 0.5252024494968857]",28.480639684798174,1.0061365246039133
"[0.3797386421094774, 0.6598499804477025, -0.8864362695390474, 0.5252039971350445]",28.48065921409988,1.0061993570853098
"[0.37973063837646087, 0.6598485266390804, -0.8864357781881724, 0.5252055444507719]",28.48067874640963,1.0062621895667063
"[0.3797226347808903, 0.6598470730122928, -0.886435286945068, 0.5252070915690125]",28.480698278662814,1.006325022048103
"[0.37971463144714995, 0.6598456195899145, -0.8864347958173636, 0.5252086384657354]",28.48071781407561,1.0063878545294995
"[0.37970662828635326, 0.6598441663557831, -0.8864343047995996, 0.5252101851581374]",28.480737354880024,1.0064506870108962
"[0.3796986250682253, 0.659842713268077, -0.8864338138776483, 0.5252117316907263]",28.480756892426037,1.006513519492293
"[0.37969062241747503, 0.6598412604401984, -0.8864333230898233, 0.5252132779428023]",28.48077643487152,1.0065763519736894
"[0.3796826198155915, 0.6598398077779917, -0.8864328324043163, 0.5252148240145718]",28.48079597803362,1.0066391844550862
"[0.37967461714125755, 0.6598383552594298, -0.8864323418136917, 0.5252163699294736]",28.480815524011536,1.0067020169364826
"[0.379666614668496, 0.65983690293424, -0.8864318513347488, 0.5252179156345782]",28.480835068932308,1.0067648494178791
"[0.3796586130164006, 0.6598354509147395, -0.886431361005416, 0.5252194610103436]",28.480854620375535,1.0068276818992759
"[0.3796506110626738, 0.6598339989972527, -0.8864308707569137, 0.5252210062735362]",28.480874171160313,1.0068905143806726
"[0.3796426097628441, 0.659832547355138, -0.8864303806477795, 0.5252225512396476]",28.480893727255584,1.006953346862069
"[0.3796346083371251, 0.6598310958469017, -0.8864298906302418, 0.5252240960592633]",28.48091328461414,1.0070161793434658
"[0.379626607088444, 0.6598296445274895, -0.8864294007228537, 0.5252256406739019]",28.480932839398115,1.0070790118248623
"[0.37961860581301043, 0.6598281933599249, -0.8864289109131379, 0.5252271851229114]",28.48095239749629,1.0071418443062587
"[0.37961060523968865, 0.6598267424763785, -0.8864284212457022, 0.5252287292656217]",28.480971960708548,1.0072046767876557
"[0.37960260431006587, 0.6598252916848851, -0.8864279316557646, 0.5252302733063328]",28.480991522795513,1.0072675092690522
"[0.3795946043868035, 0.6598238412325174, -0.8864274422266987, 0.5252318169820873]",28.481011092783667,1.0073303417504489
"[0.3795866041728949, 0.659822390884083, -0.8864269528791442, 0.5252333605431898]",28.481030661589397,1.0073931742318454
"[0.37957860392397275, 0.659820940685939, -0.8864264636287462, 0.5252349039402985]",28.481050229212535,1.0074560067132419
"[0.3795706045023432, 0.6598194907943511, -0.8864259745282271, 0.5252364470071019]",28.48106980367635,1.0075188391946386
"[0.3795626051998824, 0.6598180410809509, -0.8864254855342752, 0.5252379898802139]",28.481089376455675,1.0075816716760353
"[0.3795546053615178, 0.6598165914270222, -0.8864249966068567, 0.5252395326859741]",28.481108953408718,1.0076445041574318
"[0.3795466063138053, 0.6598151420729523, -0.8864245078270453, 0.5252410751685433]",28.481128534451948,1.0077073366388285
"[0.3795386077318155, 0.6598136929597858, -0.8864240191749657, 0.5252426173906641]",28.481148113457202,1.007770169120225
"[0.37953060867553, 0.6598122439172386, -0.8864235305931927, 0.5252441595335554]",28.48116769566762,1.0078330016016217
"[0.37952261039768226, 0.6598107951722347, -0.88642304215824, 0.5252457013557087]",28.48118727797739,1.0078958340830182
"[0.3795146122374849, 0.6598093466050484, -0.8864225538297417, 0.5252472429845382]",28.481206869763167,1.007958666564415
"[0.37950661407799147, 0.6598078981944822, -0.8864220656005577, 0.525248784442599]",28.481226457164748,1.0080214990458116
"[0.37949861608754615, 0.6598064499710199, -0.8864215774809637, 0.5252503256974442]",28.481246047496015,1.008084331527208
"[0.3794906184842115, 0.6598050019741205, -0.8864210894842609, 0.5252518667070762]",28.481265639786756,1.0081471640086046
"[0.3794826212231709, 0.6598035541956446, -0.8864206016077035, 0.5252534074801535]",28.481285237531264,1.0082099964900013
"[0.3794746232786312, 0.6598021064498927, -0.8864201137887221, 0.5252549482142975]",28.481304829901553,1.0082728289713978
"[0.37946662676479004, 0.6598006591195343, -0.8864196261562564, 0.5252564885022573]",28.481324428836796,1.0083356614527945
"[0.3794586296001922, 0.6597992118278085, -0.8864191385833664, 0.5252580287449871]",28.481344031547778,1.0083984939341912
"[0.3794506328790179, 0.6597977647727389, -0.886418651136769, 0.5252595687317415]",28.481363635637457,1.0084613264155877
"[0.37944263626211205, 0.6597963178929295, -0.886418163795783, 0.5252611085278546]",28.481383235990744,1.0085241588969844
"[0.37943464038186764, 0.6597948713027729, -0.8864176765989363, 0.5252626480115835]",28.481402845950235,1.008586991378381
"[0.37942664447046576, 0.6597934248633307, -0.8864171894994337, 0.5252641873307857]",28.481422457954746,1.0086498238597774
"[0.37941864843448597, 0.6597919785577027, -0.8864167024915904, 0.5252657265034414]",28.481442067039666,1.0087126563411741
"[0.3794106529186243, 0.6597905325024858, -0.8864162156146674, 0.5252672654054621]",28.48146167925157,1.0087754888225708
"[0.379402657379258, 0.6597890865993309, -0.8864157288355556, 0.5252688041415081]",28.48148129550555,1.0088383213039676
"[0.37939466258623333, 0.659787640987439, -0.8864152422011127, 0.5252703425634372]",28.481500913415225,1.008901153785364
"[0.379386667327308, 0.6597861954475976, -0.886414755637549, 0.5252718809045311]",28.48152053022008,1.0089639862667605
"[0.379378672435578, 0.6597847501304239, -0.8864142691955683, 0.5252734190044986]",28.481540151855636,1.0090268187481573
"[0.37937067751267806, 0.6597833049638883, -0.8864137828509288, 0.5252749569399886]",28.48155977811877,1.0090896512295537
"[0.3793626832885081, 0.6597818600799031, -0.8864132966480215, 0.5252764945706173]",28.4815794029044,1.0091524837109505
"[0.37935468912199366, 0.659780415362575, -0.8864128105478462, 0.5252780320197128]",28.481599032847242,1.0092153161923472
"[0.37934669509420116, 0.6597789708265276, -0.8864123245553305, 0.5252795692717097]",28.481618660944928,1.0092781486737437
"[0.37933870139463, 0.6597775265060013, -0.8864118386819899, 0.5252811062901641]",28.481638290263056,1.0093409811551401
"[0.3793307079700825, 0.6597760823913732, -0.8864113529245813, 0.525282643085312]",28.481657925666223,1.0094038136365369
"[0.3793227145921425, 0.6597746384413238, -0.8864108672692219, 0.525284179701123]",28.48167756135988,1.0094666461179336
"[0.3793147214809026, 0.6597731946956007, -0.8864103817292803, 0.5252857160952936]",28.481697198652725,1.0095294785993303
"[0.3793067285092866, 0.6597717511312653, -0.8864098962970323, 0.5252872522922287]",28.481716838124786,1.0095923110807268
"[0.3792987360042139, 0.6597703078073212, -0.8864094109923238, 0.525288788229135]",28.481736484357143,1.0096551435621233
"[0.37929074338424046, 0.6597688646187497, -0.8864089257798463, 0.5252903240177654]",28.48175612557433,1.00971797604352
"[0.3792827509576889, 0.6597674216212183, -0.8864084406783186, 0.5252918595988767]",28.481775774475643,1.0097808085249165
"[0.37927475884778405, 0.6597659788369516, -0.8864079556952125, 0.5252933949488138]",28.481795418986422,1.0098436410063132
"[0.379266766702611, 0.6597645362024072, -0.8864074708091709, 0.5252949301351915]",28.48181506819172,1.00990647348771
"[0.37925877497458355, 0.6597630937992317, -0.886406986047637, 0.5252964650711208]",28.481834720016746,1.0099693059691064
"[0.3792507832712982, 0.6597616515565816, -0.8864065013868032, 0.5252979998319862]",28.48185437760516,1.010032138450503
"[0.3792427922144888, 0.6597602095866472, -0.8864060168643654, 0.5252995342983954]",28.48187403444712,1.0100949709318996
"[0.3792348008036311, 0.6597587677088356, -0.8864055324196556, 0.5253010686625237]",28.481893687215543,1.010157803413296
"[0.37922681004142195, 0.6597573261040827, -0.8864050481134554, 0.5253026027318225]",28.48191335002173,1.0102206358946928
"[0.3792188194409328, 0.6597558846845011, -0.8864045639162407, 0.5253041365998135]",28.481933011296956,1.0102834683760895
"[0.3792108293432008, 0.6597544435115851, -0.8864040798486668, 0.525305670201054]",28.481952677891773,1.010346300857486
"[0.3792028386699168, 0.6597530023908368, -0.8864035958454106, 0.5253072037425116]",28.481972341843697,1.0104091333388827
"[0.37919484866439473, 0.6597515615464793, -0.8864031119817818, 0.5253087369855788]",28.48199201144899,1.0104719658202792
"[0.379186858342585, 0.6597501208010468, -0.8864026281981838, 0.525310270119097]",28.482011681599776,1.010534798301676
"[0.3791788687569871, 0.659748680344292, -0.8864021445583367, 0.5253118029411424]",28.48203135543693,1.0105976307830724
"[0.37917087926532317, 0.6597472400603812, -0.8864016610233477, 0.5253133355749725]",28.48205102568884,1.0106604632644691
"[0.3791628903992448, 0.659745800045145, -0.8864011776253832, 0.5253148679186074]",28.482070707983286,1.0107232957458658
"[0.379154900819676, 0.6597443600572013, -0.8864006942834205, 0.5253164002289011]",28.48209038482203,1.0107861282272623
"[0.3791469118694144, 0.659742920338566, -0.8864002110786992, 0.5253179322483164]",28.482110063908454,1.0108489607086588
"[0.3791389232551616, 0.65974148083634, -0.8863997279934642, 0.525319464033141]",28.48212974645431,1.0109117931900555
"[0.3791309351587905, 0.6597400415832754, -0.8863992450387004, 0.5253209955485181]",28.482149432259575,1.010974625671452
"[0.3791229468850704, 0.6597386024540877, -0.8863987621723706, 0.5253225269277604]",28.482169122114886,1.0110374581528487
"[0.37911495871353335, 0.6597371634991349, -0.8863982794113762, 0.5253240581172762]",28.482188807346986,1.0111002906342454
"[0.3791069710977144, 0.6597357248000885, -0.8863977967831169, 0.5253255890301554]",28.482208497341794,1.011163123115642
"[0.3790989831382451, 0.6597342861949467, -0.8863973142332494, 0.5253271198387792]",28.482228193152043,1.0112259555970387
"[0.379090995941965, 0.6597328478830295, -0.8863968318286328, 0.5253286503310479]",28.482247886881787,1.0112887880784351
"[0.37908300843112996, 0.6597314096702416, -0.8863963495041686, 0.5253301807134924]",28.482267581916783,1.0113516205598316
"[0.3790750216972196, 0.6597299717530882, -0.8863958673257596, 0.5253317107770104]",28.482287282107595,1.0114144530412286
"[0.3790670347606463, 0.6597285339551894, -0.8863953852342581, 0.5253332407092799]",28.48230698319779,1.011477285522625
"[0.3790590483894394, 0.6597270964147899, -0.8863949032760179, 0.5253347703631938]",28.482326689708284,1.0115401180040215
"[0.37905106151191476, 0.6597256589389693, -0.886394421386367, 0.5253362999440297]",28.48234638825364,1.0116029504854183
"[0.37904307559420514, 0.6597242217915974, -0.8863939396537598, 0.5253378291710059]",28.48236609940104,1.0116657829668148
"[0.3790350900916591, 0.6597227848745985, -0.8863934580453178, 0.5253393581484795]",28.482385810381878,1.0117286154482115
"[0.3790271041785725, 0.6597213480393963, -0.8863929765112453, 0.5253408870345405]",28.48240552460425,1.0117914479296082
"[0.3790191180535886, 0.6597199113217441, -0.8863924950635349, 0.5253424157911396]",28.482425233646094,1.0118542804110047
"[0.3790111327297385, 0.6597184749038639, -0.8863920137632489, 0.5253439442243781]",28.482444949813864,1.0119171128924014
"[0.37900314775968613, 0.6597170387052488, -0.8863915325834062, 0.5253454724199156]",28.482464667190374,1.0119799453737979
"[0.3789951628197112, 0.6597156026676524, -0.8863910515044949, 0.5253470004397263]",28.482484384988645,1.0120427778551944
"[0.3789871779782411, 0.6597141668033768, -0.8863905705306383, 0.525348528270715]",28.482504106878043,1.012105610336591
"[0.3789791933443106, 0.6597127311320121, -0.8863900896684008, 0.5253500558920324]",28.482523830665897,1.0121684428179878
"[0.3789712087443173, 0.6597112956223429, -0.8863896089073255, 0.5253515833368887]",28.48254355700308,1.0122312752993845
"[0.3789632247931221, 0.6597098603848515, -0.8863891282844245, 0.5253531104877239]",28.48256328293371,1.012294107780781
"[0.37895524067256187, 0.659708425272475, -0.8863886477504387, 0.5253546375010121]",28.482583012791466,1.0123569402621775
"[0.37894725724063416, 0.6597069904394024, -0.8863881673570012, 0.5253561642126874]",28.4826027491239,1.0124197727435742
"[0.37893927368493596, 0.6597055557396052, -0.8863876870552186, 0.5253576907781247]",28.482622480110173,1.0124826052249707
"[0.37893129026986677, 0.6597041212205814, -0.8863872068609998, 0.525359217146781]",28.48264221628016,1.0125454377063674
"[0.3789233069992859, 0.65970268688302, -0.8863867267745749, 0.5253607433179178]",28.482661953084495,1.0126082701877641
"[0.3789153243522542, 0.6597012528129612, -0.8863862468247407, 0.5253622691999831]",28.482681693593094,1.0126711026691606
"[0.37890734139075216, 0.6596998188418771, -0.8863857669550967, 0.5253637949722892]",28.482701434534075,1.012733935150557
"[0.3788993590553613, 0.6596983851387085, -0.8863852872221804, 0.5253653204550763]",28.48272117995781,1.0127967676319538
"[0.37889137640781473, 0.6596969515349198, -0.8863848075695987, 0.5253668458276641]",28.482740923287167,1.0128596001133503
"[0.3788833944801854, 0.6596955182158477, -0.8863843280593612, 0.5253683708928478]",28.482760674194665,1.012922432594747
"[0.3788754126309255, 0.6596940850662443, -0.8863838486529153, 0.5253698957732492]",28.48278042347824,1.0129852650761437
"[0.37886743073453477, 0.6596926520635786, -0.8863833693427251, 0.5253714204928364]",28.482800175221364,1.0130480975575402
"[0.37885944975280617, 0.6596912193804974, -0.8863828901865322, 0.5253729448679083]",28.482819929014457,1.013110930038937
"[0.37885146819466803, 0.6596897867493146, -0.8863824110948136, 0.5253744691832792]",28.482839684689587,1.0131737625203334
"[0.3788434869654998, 0.6596883543325408, -0.8863819321219217, 0.5253759932660335]",28.482859443657613,1.01323659500173
"[0.3788355061293027, 0.6596869221416365, -0.886381453271686, 0.5253775171039736]",28.482879201023714,1.0132994274831266
"[0.3788275250041467, 0.6596854900542172, -0.886380974503193, 0.5253790408273101]",28.482898962038853,1.0133622599645233
"[0.37881954483351377, 0.6596840582933806, -0.8863804958910253, 0.5253805641986669]",28.48291872978171,1.01342509244592
"[0.3788115644928513, 0.6596826266573393, -0.8863800173677259, 0.5253820874327384]",28.482938492717977,1.0134879249273165
"[0.3788035842938776, 0.6596811952020037, -0.8863795389519902, 0.525383610470032]",28.482958261533486,1.013550757408713
"[0.37879560441652954, 0.6596797639596367, -0.8863790606545988, 0.525385133276217]",28.482978034113255,1.0136135898901097
"[0.3787876247512807, 0.6596783329105694, -0.8863785824689799, 0.5253866558722163]",28.48299780573982,1.0136764223715065
"[0.37877964536778225, 0.6596769020672745, -0.8863781043993012, 0.5253881782447555]",28.483017578637796,1.013739254852903
"[0.37877166618359576, 0.6596754714149505, -0.8863776264406172, 0.5253897004095778]",28.483037355880974,1.0138020873342997
"[0.3787636871420426, 0.6596740409434141, -0.8863771485895288, 0.5253912223775148]",28.48305713584399,1.0138649198156962
"[0.3787557078584486, 0.6596726105837036, -0.8863766708230035, 0.525392744221934]",28.483076914188892,1.0139277522970929
"[0.3787477296212028, 0.6596711805667445, -0.8863761932181722, 0.5253942656971365]",28.483096696634174,1.0139905847784894
"[0.37873975118302494, 0.6596697506689428, -0.8863757157003553, 0.5253957870410122]",28.483116481748326,1.014053417259886
"[0.3787317726687803, 0.6596683209126811, -0.8863752382770343, 0.5253973082297424]",28.483136267471714,1.0141162497412828
"[0.37872379460810884, 0.6596668913928563, -0.8863747609798975, 0.5253988291623574]",28.48315605737788,1.0141790822226793
"[0.37871581709417496, 0.6596654621261171, -0.8863742838145029, 0.5254003498211406]",28.483175847283235,1.0142419147040758
"[0.37870783961795634, 0.6596640330212635, -0.8863738067503957, 0.5254018703031186]",28.483195641556595,1.0143047471854725
"[0.3786998616661722, 0.6596626039863209, -0.8863733297568916, 0.5254033907061435]",28.483215433693218,1.014367579666869
"[0.37869188470305537, 0.659661175283574, -0.8863728529215291, 0.5254049107511554]",28.483235231726766,1.0144304121482657
"[0.378683907569833, 0.6596597467054433, -0.886372376175028, 0.5254064306590016]",28.48325502896788,1.0144932446296624
"[0.37867593108341735, 0.6596583183982035, -0.8863718995662042, 0.5254079502740522]",28.48327483357018,1.0145560771110589
"[0.3786679545955341, 0.6596568902457501, -0.886371423056313, 0.5254094697198298]",28.48329463696732,1.0146189095924556
"[0.37865997800261963, 0.6596554622295357, -0.8863709466391724, 0.5254109890160628]",28.483314441974574,1.014681742073852
"[0.3786520018549931, 0.659654034448068, -0.8863704703476468, 0.5254125080579422]",28.48333424878968,1.0147445745552486
"[0.37864402575166095, 0.6596526068295471, -0.8863699941577855, 0.5254140269218535]",28.48335405932302,1.0148074070366453
"[0.37863605008550966, 0.65965117944427, -0.8863695180930383, 0.5254155455330026]",28.483373869944817,1.014870239518042
"[0.37862807406073506, 0.6596497521498104, -0.8863690421059047, 0.5254170640429138]",28.48339367974214,1.0149330719994385
"[0.3786200985630227, 0.6596483251046485, -0.8863685662492403, 0.5254185822829737]",28.483413493406832,1.0149959044808352
"[0.37861212349049017, 0.6596468982905198, -0.8863680905169505, 0.5254201002726115]",28.483433313269774,1.0150587369622317
"[0.37860414860569874, 0.6596454716649206, -0.8863676148948634, 0.5254216180570421]",28.48345312853146,1.0151215694436284
"[0.3785961734598769, 0.6596440451475686, -0.8863671393562178, 0.5254231357216735]",28.48347295196005,1.015184401925025
"[0.3785881989501038, 0.6596426188989066, -0.8863666639545003, 0.5254246530958069]",28.48349277240225,1.0152472344064216
"[0.3785802243961349, 0.6596411927972506, -0.8863661886491497, 0.5254261703088969]",28.483512599881333,1.0153100668878183
"[0.3785722506387975, 0.6596397669929392, -0.8863657134902703, 0.5254276872009966]",28.48353242766334,1.0153728993692148
"[0.3785642766332796, 0.6596383412991295, -0.8863652384155939, 0.5254292039708802]",28.483552257160518,1.0154357318506113
"[0.37855630240429106, 0.6596369157202305, -0.8863647634266041, 0.5254307206138534]",28.483572085639345,1.015498564332008
"[0.3785483293425693, 0.6596354905048537, -0.8863642886061259, 0.5254322368654198]",28.48359192110386,1.0155613968134047
"[0.3785403563965795, 0.6596340654649859, -0.8863638138915165, 0.5254337529255976]",28.483611759751998,1.0156242292948015
"[0.37853238268537187, 0.6596326404431821, -0.8863633392303376, 0.5254352689618838]",28.483631592808436,1.015687061776198
"[0.37852440963216677, 0.659631215693794, -0.8863628647073162, 0.5254367847036767]",28.483651433519807,1.0157498942575944
"[0.3785164373261302, 0.6596297912327019, -0.8863623903277352, 0.5254383001340789]",28.48367127441275,1.0158127267389911
"[0.3785084645223576, 0.6596283668374645, -0.8863619160175173, 0.5254398154897324]",28.483691117018413,1.0158755592203876
"[0.37850049237552297, 0.6596269427143613, -0.886361441845354, 0.5254413305511804]",28.48371096418935,1.0159383917017843
"[0.37849251981589865, 0.6596255186722837, -0.8863609677476183, 0.5254428455217309]",28.483730812370933,1.016001224183181
"[0.37848454808343324, 0.6596240949327205, -0.88636049379804, 0.5254443601657464]",28.48375066387033,1.0160640566645776
"[0.3784765763100826, 0.6596226713405176, -0.8863600199449986, 0.5254458746482904]",28.483770513872056,1.0161268891459743
"[0.37846860450378633, 0.6596212478971928, -0.8863595461889698, 0.5254473889677356]",28.483790364686715,1.0161897216273708
"[0.3784606333722375, 0.6596198247290459, -0.886359072572002, 0.5254489029897182]",28.483810219196428,1.0162525541087672
"[0.3784526625685073, 0.6596184017740978, -0.8863585990734665, 0.5254504167801711]",28.48383008058091,1.016315386590164
"[0.3784446915147975, 0.6596169789292048, -0.8863581256590398, 0.5254519304488166]",28.48384993959981,1.0163782190715607
"[0.3784367205208831, 0.6596155562496544, -0.8863576523471276, 0.5254534439368329]",28.48386979931942,1.0164410515529572
"[0.3784287499819863, 0.6596141338059638, -0.8863571791611895, 0.5254549571691989]",28.483889663127588,1.0165038840343539
"[0.3784207796372445, 0.6596127115515736, -0.8863567060857305, 0.5254564701954402]",28.483909528840666,1.0165667165157504
"[0.37841280981965536, 0.6596112895458335, -0.8863562331405047, 0.5254579829524183]",28.483929398959162,1.0166295489971469
"[0.3784048392760895, 0.6596098675651998, -0.8863557602511548, 0.5254594956779353]",28.483949266820233,1.0166923814785436
"[0.37839686967673924, 0.659608445907614, -0.8863552875167715, 0.5254610080550333]",28.48396913770744,1.0167552139599403
"[0.3783889001287901, 0.6596070244137717, -0.8863548148843801, 0.5254625202531793]",28.483989009754673,1.016818046441337
"[0.37838093132018497, 0.6596056032063663, -0.8863543423947658, 0.5254640321418454]",28.48400888856573,1.0168808789227335
"[0.3783729617856309, 0.6596041820240458, -0.8863538699610513, 0.5254655439990565]",28.484028766734713,1.01694371140413
"[0.378364992968833, 0.659602761124247, -0.8863533976688226, 0.5254670555509467]",28.484048641593677,1.0170065438855267
"[0.3783570243869206, 0.659601340420862, -0.8863529254894448, 0.5254685668891114]",28.48406852608155,1.0170693763669232
"[0.378349056257807, 0.659599919952706, -0.886352453435821, 0.5254700779722571]",28.484088415332177,1.01713220884832
"[0.3783410877824726, 0.6595984995773291, -0.8863519814606157, 0.5254715889519153]",28.48410829774088,1.0171950413297166
"[0.3783331195045772, 0.6595970793916379, -0.8863515095960355, 0.525473099724994]",28.484128184442206,1.017257873811113
"[0.3783251517568179, 0.6595956594549008, -0.8863510378617713, 0.5254746102284406]",28.484148075276,1.0173207062925098
"[0.378317183983048, 0.6595942396679875, -0.8863505662248891, 0.5254761205677029]",28.48416796749081,1.0173835387739063
"[0.37830921652641125, 0.6595928200920288, -0.8863500947056979, 0.5254776306777483]",28.48418785958377,1.0174463712553028
"[0.37830124910487584, 0.659591400676762, -0.8863496232875033, 0.5254791406120399]",28.48420775588559,1.0175092037366997
"[0.37829328200621376, 0.6595899814734293, -0.8863491519873283, 0.5254806503160645]",28.484227653155703,1.0175720362180962
"[0.3782853152552231, 0.659588562486431, -0.88634868080663, 0.5254821597851357]",28.48424755709646,1.0176348686994927
"[0.37827734831166454, 0.6595871436195289, -0.886348209713456, 0.5254836691216257]",28.484267456412493,1.0176977011808894
"[0.3782693821259906, 0.6595857250419751, -0.8863477387640009, 0.525485178145485]",28.48428735957206,1.017760533662286
"[0.3782614156886187, 0.6595843065739632, -0.8863472678985717, 0.5254866870479811]",28.484307267000524,1.0178233661436826
"[0.37825344991340704, 0.6595828883781952, -0.8863467971711784, 0.5254881956560343]",28.48432717521677,1.0178861986250793
"[0.3782454838372214, 0.659581470283183, -0.886346326524902, 0.5254897041520614]",28.48434708474246,1.0179490311064758
"[0.3782375182249976, 0.659580052425087, -0.8863458560049354, 0.5254912123912175]",28.48436699788336,1.0180118635878725
"[0.37822955282275644, 0.6595786347586768, -0.8863453855962662, 0.5254927204216122]",28.484386912884244,1.018074696069269
"[0.37822158770954384, 0.6595772172979923, -0.8863449153035567, 0.525494228228307]",28.48440683040416,1.0181375285506655
"[0.37821362207970105, 0.6595757998996734, -0.8863444450792436, 0.5254957359637942]",28.484426744468877,1.0182003610320622
"[0.37820565742427265, 0.6595743828290012, -0.8863439750113404, 0.5254972433458818]",28.4844466671183,1.018263193513459
"[0.37819769344899884, 0.6595729660335793, -0.8863435050824517, 0.5254987504303014]",28.484466590870444,1.0183260259948554
"[0.37818972853130745, 0.6595715492247516, -0.8863430351968423, 0.5255002575241]",28.484486513729518,1.0183888584762522
"[0.37818176419313604, 0.6595701326732405, -0.8863425654443077, 0.5255017643392997]",28.484506441832526,1.0184516909576486
"[0.37817380012594964, 0.6595687163241458, -0.8863420958066363, 0.525503270934294]",28.484526371463048,1.0185145234390454
"[0.378165836214306, 0.6595673001569166, -0.8863416262770155, 0.5255047773309399]",28.484546299840858,1.0185773559204419
"[0.37815787252885585, 0.6595658841840982, -0.886341156859606, 0.525506283515888]",28.484566231922294,1.0186401884018386
"[0.378149909257455, 0.6595644684390691, -0.8863406875654721, 0.52550778945363]",28.484586165194365,1.0187030208832353
"[0.3781419461745098, 0.6595630528817, -0.8863402183813102, 0.5255092951868473]",28.484606105219864,1.0187658533646318
"[0.37813398261046016, 0.6595616373929676, -0.8863397492676777, 0.5255108008421409]",28.48462604005455,1.0188286858460283
"[0.3781260203206597, 0.6595602222848599, -0.8863392803279667, 0.5255123060876441]",28.48464598368299,1.018891518327425
"[0.3781180576325372, 0.6595588072600603, -0.8863388114636568, 0.5255138112396103]",28.484665925634367,1.0189543508088215
"[0.37811009498203296, 0.6595573923960639, -0.886338342700427, 0.5255153162156017]",28.48468586733887,1.0190171832902182
"[0.3781021329718265, 0.6595559777999321, -0.8863378740737469, 0.5255168209017343]",28.484705820135975,1.0190800157716149
"[0.3780941707524256, 0.6595545633207163, -0.8863374055336122, 0.525518325458567]",28.484725764265413,1.0191428482530114
"[0.37808620903265067, 0.6595531490843229, -0.8863369371217309, 0.52551982975217]",28.48474571475337,1.019205680734408
"[0.37807824774752363, 0.6595517350791809, -0.8863364688342652, 0.5255213337948481]",28.48476566984506,1.0192685132158046
"[0.3780702863162951, 0.6595503212021218, -0.8863360006370526, 0.5255228376963348]",28.484785623211362,1.019331345697201
"[0.3780623245127174, 0.659548907412982, -0.8863355325168002, 0.5255243414993458]",28.484805579309906,1.0193941781785978
"[0.3780543635617723, 0.6595474939292613, -0.8863350645455254, 0.5255258449725296]",28.484825539027963,1.0194570106599945
"[0.37804640286884206, 0.6595460806453474, -0.8863345966882566, 0.5255273482282184]",28.484845500640528,1.0195198431413912
"[0.37803844197821884, 0.6595446674803346, -0.8863341289182127, 0.525528851352464]",28.484865460808578,1.0195826756227877
"[0.378030481811197, 0.6595432545977261, -0.8863336612895208, 0.5255303541713517]",28.48488542817354,1.0196455081041842
"[0.3780225219671132, 0.6595418419263887, -0.8863331937786267, 0.5255318567605385]",28.484905393669415,1.019708340585581
"[0.37801456189743854, 0.659540429368959, -0.8863327263533135, 0.5255333592235802]",28.48492536703361,1.0197711730669776
"[0.37800660178584017, 0.6595390169580387, -0.8863322590243747, 0.5255348615257954]",28.484945332392765,1.0198340055483741
"[0.37799864214497, 0.6595376047845627, -0.8863317918219021, 0.5255363635704582]",28.48496530635067,1.0198968380297708
"[0.3779906827511357, 0.6595361928087992, -0.8863313247327551, 0.5255378653998262]",28.48498527901417,1.0199596705111673
"[0.3779827238579569, 0.6595347810757477, -0.8863308577718055, 0.5255393669660302]",28.485005260131985,1.0200225029925638
"[0.37797476463183133, 0.6595333694375206, -0.8863303908901441, 0.5255408684263649]",28.485025234201444,1.0200853354739605
"[0.3779668059022101, 0.6595319580412176, -0.8863299241364256, 0.5255423696243663]",28.48504521704594,1.0201481679553572
"[0.37795884703187893, 0.6595305467738198, -0.8863294574732759, 0.5255438706802401]",28.485065199167177,1.020211000436754
"[0.3779508885841546, 0.6595291357352006, -0.8863289909337212, 0.5255453714877545]",28.485085184305962,1.0202738329181504
"[0.37794293045727245, 0.6595277249072895, -0.8863285245117853, 0.5255468720661256]",28.485105171848613,1.020336665399547
"[0.37793497250808306, 0.6595263142646891, -0.8863280581990713, 0.5255483724423627]",28.48512516153765,1.0203994978809436
"[0.3779270148176415, 0.6595249038217496, -0.8863275920003235, 0.5255498726011983]",28.485145151317578,1.0204623303623401
"[0.37791905739475673, 0.6595234935800103, -0.886327125916051, 0.525551372540992]",28.485165145005162,1.0205251628437368
"[0.3779110997289588, 0.6595220834489982, -0.8863266599163565, 0.5255528723579656]",28.485185141516066,1.0205879953251336
"[0.3779031423027417, 0.6595206735142078, -0.8863261940294974, 0.525554371961183]",28.485205136806506,1.02065082780653
"[0.3778951852786083, 0.6595192638044077, -0.8863257282649784, 0.5255558713200426]",28.485225132450843,1.0207136602879268
"[0.3778872290024434, 0.6595178543808443, -0.8863252626430272, 0.5255573703693985]",28.485245135240756,1.0207764927693233
"[0.3778792725066744, 0.6595164450720755, -0.8863247971070122, 0.5255588692915926]",28.485265142007496,1.0208393252507197
"[0.3778713159521848, 0.6595150359066198, -0.8863243316663543, 0.5255603680562867]",28.485285145046735,1.0209021577321165
"[0.37786335983090685, 0.6595136269715792, -0.8863238663498255, 0.5255618665708369]",28.48530515302392,1.0209649902135132
"[0.37785540365129044, 0.6595122181798904, -0.8863234011286736, 0.525563364927838]",28.48532516341076,1.0210278226949097
"[0.37784744832233413, 0.6595108096924784, -0.8863229360560384, 0.5255648629561297]",28.4853451737468,1.0210906551763064
"[0.3778394921597702, 0.6595094012111395, -0.8863224710334586, 0.5255663609728697]",28.485365186899738,1.0211534876577029
"[0.3778315366069647, 0.6595079929913937, -0.8863220061453035, 0.5255678587062889]",28.485385201598504,1.0212163201390996
"[0.3778235821823384, 0.6595065851249514, -0.8863215414218377, 0.5255693560588454]",28.485405220203443,1.021279152620496
"[0.3778156269192568, 0.6595051772637204, -0.8863210767481606, 0.525570853400752]",28.48542523701418,1.0213419851018928
"[0.37780767214532157, 0.6595037696426548, -0.8863206122018282, 0.5255723504821168]",28.485445258244496,1.0214048175832895
"[0.37779971750287067, 0.6595023621984395, -0.8863201477619445, 0.5255738473702746]",28.485465284176442,1.021467650064686
"[0.3777917631485534, 0.6595009549587748, -0.8863196834376507, 0.525575344035761]",28.485485306499417,1.0215304825460825
"[0.377783809369393, 0.6594995479744086, -0.8863192192456872, 0.5255768404245996]",28.485505336107348,1.0215933150274792
"[0.37777585528062513, 0.6594981410888696, -0.8863187551344168, 0.5255783367031954]",28.485525367032043,1.0216561475088757
"[0.3777679012631881, 0.6594967343693809, -0.8863182911260741, 0.525579832800062]",28.485545397868044,1.0217189799902726
"[0.3777599476170575, 0.6594953278691327, -0.8863178272381517, 0.5255813286586134]",28.485565429931416,1.021781812471669
"[0.3777519946926783, 0.6594939216500081, -0.8863173634910719, 0.5255828242130354]",28.485585468741622,1.0218446449530656
"[0.3777440412252275, 0.6594925154883523, -0.8863168998110805, 0.5255843197011866]",28.485605501016117,1.0219074774344623
"[0.37773608819687926, 0.6594911095578111, -0.8863164362554411, 0.5255858149383865]",28.48562554229119,1.0219703099158588
"[0.3777281354138565, 0.6594897038241013, -0.8863159728128502, 0.5255873099610915]",28.485645580156035,1.0220331423972555
"[0.3777201826971852, 0.6594882982555738, -0.8863155094728739, 0.5255888048029571]",28.485665627542453,1.0220959748786522
"[0.3777122305225972, 0.6594868929362964, -0.8863150462632211, 0.5255902993745712]",28.48568567393267,1.0221588073600487
"[0.37770427864034123, 0.6594854878220737, -0.8863145831693313, 0.5255917937229344]",28.48570571687542,1.0222216398414452
"[0.37769632629955036, 0.6594840827802543, -0.8863141201474813, 0.5255932879891158]",28.485725765575914,1.022284472322842
"[0.37768837471598665, 0.6594826780256188, -0.8863136572684561, 0.5255947819446921]",28.48574581801718,1.0223473048042384
"[0.3776804230061601, 0.6594812734020643, -0.8863131944808162, 0.525596275755674]",28.485765873106,1.0224101372856351
"[0.37767247183292807, 0.6594798690266568, -0.886312731823135, 0.5255977692975597]",28.48578592801691,1.0224729697670318
"[0.37766452047375687, 0.6594784647717702, -0.8863122692533665, 0.5255992627060726]",28.485805986400585,1.0225358022484283
"[0.3776565696994657, 0.6594770607735158, -0.8863118068163476, 0.525600755836457]",28.485826046172015,1.022598634729825
"[0.3776486191445138, 0.6594756569673219, -0.8863113444908057, 0.5256022487573795]",28.48584610747169,1.0226614672112215
"[0.3776406686939109, 0.6594742533328504, -0.8863108822700506, 0.5256037414904665]",28.48586617187721,1.022724299692618
"[0.37763271789135433, 0.6594728497895661, -0.8863104201275611, 0.5256052341213585]",28.48588623480969,1.0227871321740147
"[0.37762476798663347, 0.6594714465580567, -0.8863099581359744, 0.5256067264154635]",28.485906302165255,1.0228499646554114
"[0.37761681800798774, 0.6594700434667744, -0.8863094962388052, 0.5256082185552139]",28.485926372826192,1.0229127971368082
"[0.37760886838483976, 0.6594686405914939, -0.8863090344610015, 0.5256097104600209]",28.48594644358414,1.0229756296182047
"[0.37760091863261597, 0.6594672378466881, -0.8863085727744131, 0.5256112022208353]",28.48596651754913,1.0230384620996011
"[0.3775929691698955, 0.659465835306207, -0.8863081112033493, 0.5256126937591168]",28.48598659215882,1.0231012945809979
"[0.3775850201399565, 0.659464432995303, -0.8863076497561179, 0.5256141850480065]",28.486006670236595,1.0231641270623943
"[0.3775770710919955, 0.6594630308344324, -0.8863071884065448, 0.525615676172091]",28.486026752114867,1.023226959543791
"[0.37756912273386767, 0.6594616289484251, -0.886306727195703, 0.5256171669986165]",28.486046833561318,1.0232897920251878
"[0.3775611740273115, 0.6594602271541481, -0.8863062660633424, 0.5256186577223305]",28.486066917068054,1.0233526245065843
"[0.37755322560737403, 0.6594588255635931, -0.8863058050463078, 0.5256201482241318]",28.486087000826505,1.023415456987981
"[0.3775452772169811, 0.6594574241314087, -0.886305344129686, 0.5256216385522446]",28.48610708831882,1.0234782894693775
"[0.3775373294404977, 0.6594560229606077, -0.886304883347354, 0.5256231285971186]",28.48612717719158,1.023541121950774
"[0.37752938168425937, 0.6594546219465045, -0.8863044226648835, 0.5256246184700742]",28.486147271182727,1.0236039544321707
"[0.3775214342165431, 0.6594532211363736, -0.8863039620978231, 0.5256261081208354]",28.486167368436735,1.0236667869135674
"[0.3775134872014188, 0.6594518205591143, -0.8863035016556687, 0.5256275975186655]",28.486187461990827,1.0237296193949639
"[0.37750553952438504, 0.6594504200182912, -0.8863030412738538, 0.5256290868724537]",28.486207553994312,1.0237924518763606
"[0.37749759285143364, 0.6594490198074875, -0.88630258104888, 0.5256305758699947]",28.486227659559795,1.023855284357757
"[0.37748964614320685, 0.6594476197435344, -0.8863021209205384, 0.5256320647060678]",28.486247760394118,1.0239181168391538
"[0.37748169937451526, 0.6594462198219655, -0.8863016608873752, 0.5256335533854197]",28.486267864355607,1.0239809493205505
"[0.37747375287184065, 0.6594448201003121, -0.8863012009682885, 0.5256350418468658]",28.48628796609218,1.024043781801947
"[0.3774658070386471, 0.6594434206495976, -0.8863007411866151, 0.525636530014877]",28.48630807438053,1.0241066142833437
"[0.3774578610425232, 0.6594420213232106, -0.8863002814941803, 0.5256380180453534]",28.486328185200016,1.0241694467647402
"[0.3774499156710997, 0.6594406222597913, -0.8862998219365457, 0.5256395057908663]",28.48634829521962,1.0242322792461367
"[0.37744196992968826, 0.6594392232842232, -0.8862993624561756, 0.5256409934376239]",28.486368408237727,1.0242951117275334
"[0.37743402431501444, 0.6594378244839485, -0.8862989030818016, 0.5256424808926385]",28.48638852674946,1.0243579442089301
"[0.37742607933413, 0.6594364259482046, -0.8862984438427275, 0.5256439680610132]",28.486408646747094,1.0244207766903266
"[0.3774181343846073, 0.6594350275709226, -0.8862979847041218, 0.5256454550555352]",28.486428763667874,1.0244836091717233
"[0.37741018983733016, 0.6594336294173636, -0.8862975256874123, 0.5256469418068034]",28.486448885780955,1.0245464416531198
"[0.3774022450368922, 0.6594322313721802, -0.8862970667547306, 0.5256484284374696]",28.48646900526919,1.0246092741345165
"[0.37739430064067636, 0.6594308335510208, -0.8862966079440515, 0.5256499148245549]",28.486489134543074,1.024672106615913
"[0.37738635709069435, 0.6594294360316366, -0.8862961492808803, 0.5256514008853771]",28.48650926490713,1.0247349390973097
"[0.3773784132427139, 0.6594280386126943, -0.8862956906991425, 0.5256528868340214]",28.486529392423968,1.0247977715787064
"[0.3773704690521354, 0.6594266412863621, -0.8862952321962773, 0.5256543726788102]",28.486549522960114,1.024860604060103
"[0.37736252537553994, 0.6594252442032882, -0.8862947738217214, 0.5256558582595493]",28.48656965695279,1.0249234365414994
"[0.37735458205206107, 0.6594238473351592, -0.88629431556618, 0.5256573436063403]",28.486589793594813,1.0249862690228961
"[0.37734663914375033, 0.6594224506928604, -0.8862938574332204, 0.5256588287076053]",28.486609930598252,1.0250491015042926
"[0.37733869608241644, 0.659421054176457, -0.8862933993900687, 0.5256603136696045]",28.48663007241933,1.0251119339856893
"[0.3773307532966543, 0.6594196578613076, -0.8862929414614402, 0.5256617984122023]",28.486650212657747,1.025174766467086
"[0.3773228109692734, 0.6594182617795183, -0.8862924836578632, 0.5256632829012547]",28.48667035716215,1.0252375989484825
"[0.3773148689349542, 0.6594168659020008, -0.8862920259697975, 0.5256647671676897]",28.486690507801097,1.0253004314298793
"[0.3773069265370341, 0.6594154701133491, -0.8862915683594043, 0.5256662513342147]",28.486710652096246,1.0253632639112757
"[0.37729898420309566, 0.659414074488687, -0.8862911108513274, 0.5256677353209461]",28.486730798927347,1.0254260963926722
"[0.3772910427917454, 0.6594126791788628, -0.8862906534950106, 0.5256692189674812]",28.48675095208086,1.025488928874069
"[0.3772831015733142, 0.6594112840556544, -0.8862901962484122, 0.5256707024101549]",28.486771108818466,1.0255517613554657
"[0.3772751598782997, 0.659409889001415, -0.8862897390729912, 0.5256721857740589]",28.486791260055604,1.0256145938368622
"[0.3772672183932238, 0.6594084941367645, -0.8862892820082762, 0.5256736689309318]",28.486811417308562,1.0256774263182589
"[0.37725927777968593, 0.6594070995778666, -0.8862888250923273, 0.5256751517572534]",28.486831580580624,1.0257402587996554
"[0.37725133698281915, 0.6594057051394382, -0.8862883682644348, 0.5256766344500309]",28.486851740527914,1.025803091281052
"[0.37724339639655674, 0.659404310890635, -0.8862879115472649, 0.5256781169357274]",28.486871905386085,1.0258659237624488
"[0.37723545591850377, 0.659402916813485, -0.8862874549349232, 0.5256795992334478]",28.486892071555648,1.0259287562438453
"[0.37722751547277084, 0.6594015228946343, -0.8862869984230469, 0.5256810813573867]",28.486912237174085,1.025991588725242
"[0.3772195765308796, 0.6594001293923694, -0.8862865420962105, 0.5256825630329106]",28.48693241186651,1.0260544212066385
"[0.37721163643770034, 0.6593987358406332, -0.8862860858017938, 0.5256840447555612]",28.486952580694073,1.026117253688035
"[0.37720369712968893, 0.6593973425792528, -0.8862856296510893, 0.5256855261640087]",28.486972755856375,1.0261800861694317
"[0.37719575759221324, 0.6593959494301942, -0.886285173585794, 0.5256870074475429]",28.48699293170445,1.0262429186508284
"[0.37718781841409915, 0.6593945564967542, -0.886284717639731, 0.52568848849633]",28.487013108022037,1.026305751132225
"[0.3771798793579371, 0.6593931637372716, -0.8862842617992602, 0.5256899693546606]",28.48703328569109,1.0263685836136216
"[0.37717194043315316, 0.6593917711533505, -0.8862838060649201, 0.5256914500208288]",28.48705346960186,1.026431416095018
"[0.37716400219881796, 0.6593903788430683, -0.8862833504687919, 0.5256929303905459]",28.487073652014505,1.0264942485764148
"[0.377156063973588, 0.6593889866868781, -0.8862828949717609, 0.5256944105909183]",28.48709383926408,1.0265570810578113
"[0.3771481254809809, 0.6593875946363005, -0.88628243955797, 0.5256958906734859]",28.487114027907854,1.026619913539208
"[0.3771401878676797, 0.6593862028923874, -0.8862819842931929, 0.5256973704244782]",28.487134218399127,1.0266827460206047
"[0.37713224970866066, 0.6593848112052618, -0.8862815290956937, 0.5256988501095698]",28.487154410385926,1.0267455785020012
"[0.3771243124965304, 0.6593834198365901, -0.8862810740510572, 0.5257003294505446]",28.48717460308896,1.026808410983398
"[0.3771163752313441, 0.6593820286110587, -0.8862806191019428, 0.5257018086337967]",28.48719480115412,1.0268712434647944
"[0.3771084378540346, 0.6593806375182927, -0.8862801642449704, 0.5257032876703535]",28.487214994852923,1.026934075946191
"[0.37710050115477034, 0.6593792466967799, -0.8862797095254124, 0.5257047664129665]",28.487235198451465,1.0269969084275876
"[0.3770925644263936, 0.6593778560225521, -0.886279254902745, 0.5257062449934382]",28.487255398115966,1.0270597409089843
"[0.37708462820223093, 0.6593764655890543, -0.8862788004075106, 0.5257077233124122]",28.487275603663782,1.0271225733903808
"[0.37707669156410256, 0.6593750752354096, -0.886278345987128, 0.5257092015409293]",28.487295809531506,1.0271854058717775
"[0.37706875498332965, 0.6593736850441859, -0.8862778916685922, 0.5257106795911989]",28.487316016305705,1.027248238353174
"[0.3770608194311199, 0.6593722951854737, -0.8862774375074806, 0.5257121572823764]",28.48733622665685,1.0273110708345705
"[0.3770528837555246, 0.6593709054574683, -0.8862769834378523, 0.5257136348290177]",28.48735644075003,1.0273739033159672
"[0.3770449479693412, 0.6593695158624285, -0.8862765294604459, 0.5257151122287155]",28.487376654714023,1.027436735797364
"[0.37703701271041384, 0.6593681265120233, -0.8862760756117449, 0.5257165893627403]",28.487396868604904,1.0274995682787607
"[0.3770290771291639, 0.659366737257485, -0.8862756218431581, 0.5257180663892558]",28.48741708659601,1.0275624007601571
"[0.37702114236432327, 0.6593653482981544, -0.8862751682197925, 0.525719543096323]",28.487437306304734,1.0276252332415536
"[0.37701320788644493, 0.6593639595413143, -0.8862747147113624, 0.5257210195825129]",28.48745752681535,1.0276880657229504
"[0.3770052729608647, 0.6593625708583751, -0.8862742612758828, 0.5257224959845336]",28.487477749208,1.0277508982043468
"[0.37699733867897633, 0.6593611824403389, -0.8862738079757188, 0.5257239720993135]",28.487497976192355,1.0278137306857436
"[0.3769894051781136, 0.6593597943111689, -0.8862733548186934, 0.5257254479013743]",28.487518204793428,1.0278765631671403
"[0.3769814709020327, 0.6593584061985974, -0.8862729017159168, 0.5257269236801722]",28.487538434218656,1.0279393956485368
"[0.37697353710944687, 0.6593570183227915, -0.8862724487392788, 0.525728399201635]",28.48755866981775,1.0280022281299335
"[0.3769656035482388, 0.6593556306396641, -0.8862719958743736, 0.525729874512627]",28.487578900744722,1.02806506061133
"[0.3769576699959494, 0.6593542431102779, -0.8862715431085013, 0.5257313496545405]",28.487599136263338,1.0281278930927267
"[0.3769497372475977, 0.6593528558736552, -0.8862710904870206, 0.5257328244795711]",28.487619377143172,1.0281907255741234
"[0.37694180440043557, 0.6593514687718814, -0.8862706379584123, 0.5257342991556021]",28.487639618364025,1.0282535580555199
"[0.3769338712025003, 0.6593500817609269, -0.8862701855083152, 0.5257357737294357]",28.487659856564946,1.0283163905369164
"[0.3769259383458143, 0.6593486949617712, -0.8862697331761991, 0.5257372480724518]",28.487680097063357,1.028379223018313
"[0.37691800619867166, 0.6593473084387613, -0.8862692809830471, 0.5257387221162373]",28.48770034522304,1.0284420554997096
"[0.37691007396748655, 0.6593459220531579, -0.8862688288836098, 0.5257401960082851]",28.48772059283457,1.0285048879811063
"[0.37690214233501684, 0.659344535924272, -0.8862683769167943, 0.5257416696217502]",28.487740844280086,1.028567720462503
"[0.3768942106165437, 0.6593431499324215, -0.8862679250435765, 0.5257431430838637]",28.487761095589775,1.0286305529438995
"[0.37688627922394907, 0.6593417641495662, -0.8862674732874192, 0.5257446163181207]",28.48778135119222,1.0286933854252962
"[0.37687834754943, 0.6593403784695057, -0.8862670216137054, 0.5257460894374192]",28.487801605450272,1.0287562179066927
"[0.3768704161470879, 0.6593389929890332, -0.8862665700539911, 0.5257475623388529]",28.487821864074572,1.0288190503880892
"[0.3768624852209687, 0.6593376077437682, -0.8862661186198822, 0.5257490349845518]",28.48784212277638,1.028881882869486
"[0.37685455476449703, 0.6593362227325286, -0.886265667310989, 0.525750507375769]",28.487862383142,1.0289447153508826
"[0.3768466238955354, 0.6593348378012736, -0.8862652160771125, 0.5257519796762565]",28.487882648186975,1.0290075478322793
"[0.3768386937587735, 0.6593334531498013, -0.8862647649833777, 0.5257534516736143]",28.487902913211357,1.0290703803136758
"[0.3768307640261574, 0.6593320687208708, -0.8862643140111045, 0.5257549234286854]",28.48792318641329,1.0291332127950723
"[0.3768228335778583, 0.6593306843189507, -0.8862638630966158, 0.5257563951493311]",28.487943452757474,1.029196045276469
"[0.3768149041539143, 0.6593293002477852, -0.8862634123388445, 0.525757866512645]",28.487963725333117,1.0292588777578655
"[0.3768069738813286, 0.6593279161804321, -0.8862629616313173, 0.5257593378661854]",28.48798399742482,1.0293217102392622
"[0.3767990450053357, 0.6593265325087305, -0.8862625111016318, 0.5257608087933977]",28.488004275267624,1.029384542720659
"[0.37679111594062964, 0.6593251489559883, -0.8862620606596884, 0.5257622795884194]",28.488024551225823,1.0294473752020554
"[0.37678318686473683, 0.6593237655531818, -0.886261610315579, 0.5257637502183158]",28.488044833319364,1.029510207683452
"[0.37677525748333557, 0.6593223822489646, -0.8862611600525951, 0.5257652207376666]",28.48806511288887,1.0295730401648486
"[0.3767673292001767, 0.6593209992881941, -0.886260709950436, 0.5257666908861726]",28.488085393844056,1.0296358726462451
"[0.3767594007573532, 0.6593196164514191, -0.8862602599376729, 0.5257681608971168]",28.48810568537281,1.0296987051276418
"[0.3767514722263891, 0.6593182337511169, -0.8862598100183724, 0.52576963075723]",28.488125967332333,1.0297615376090385
"[0.37674354466409316, 0.6593168513715552, -0.8862593602524915, 0.5257711002706265]",28.488146261743655,1.029824370090435
"[0.3767356168146289, 0.6593154690937305, -0.8862589105687713, 0.5257725696701083]",28.488166550017148,1.0298872025718318
"[0.3767276893069259, 0.6593140870272747, -0.8862584610028867, 0.5257740388391324]",28.488186845763842,1.0299500350532282
"[0.3767197621328212, 0.659312705170758, -0.886258011554365, 0.5257755077792121]",28.488207142935945,1.0300128675346247
"[0.3767118345417177, 0.6593113233933312, -0.8862575621806543, 0.5257769766294393]",28.48822743762573,1.0300757000160217
"[0.37670390748194765, 0.6593099418602707, -0.8862571129355101, 0.5257784452141184]",28.488247736848393,1.0301385324974182
"[0.37669598108471164, 0.6593085605944204, -0.8862566638263492, 0.5257799135089611]",28.488268041172855,1.0302013649788149
"[0.37668805398102834, 0.6593071793571864, -0.8862562147756075, 0.5257813817675933]",28.488288342017054,1.0302641974602114
"[0.37668012806776313, 0.6593057984790847, -0.8862557658907317, 0.5257828496386693]",28.488308651060716,1.0303270299416079
"[0.3766722018785312, 0.6593044177046261, -0.8862553170886589, 0.5257843173937684]",28.488328961731746,1.0303898624230046
"[0.37666427559339605, 0.6593030370651126, -0.886254868379594, 0.5257857849996178]",28.488349268424678,1.0304526949044013
"[0.37665634981681656, 0.6593016566658844, -0.8862544197977501, 0.5257872523442323]",28.48836958086788,1.0305155273857978
"[0.37664842435725576, 0.6593002764735275, -0.8862539713322746, 0.5257887194631287]",28.48838989473056,1.0305783598671945
"[0.3766404989305352, 0.6592988964385427, -0.8862535229670824, 0.5257901864089195]",28.48841020648582,1.030641192348591
"[0.3766325736467388, 0.6592975165800767, -0.8862530747084011, 0.5257916531612488]",28.48843052661971,1.0307040248299877
"[0.37662464893103964, 0.6592961369721423, -0.8862526265802676, 0.525793119641438]",28.48845084380218,1.0307668573113842
"[0.3766167238370375, 0.6592947574499661, -0.8862521785291645, 0.5257945860246327]",28.488471169207006,1.030829689792781
"[0.3766087990696076, 0.6592933781362392, -0.8862517305949453, 0.5257960521804117]",28.48849149143217,1.0308925222741776
"[0.3766008751487769, 0.6592919991214446, -0.8862512828069846, 0.5257975180125912]",28.488511818449403,1.030955354755574
"[0.3765929506831886, 0.6592906201634043, -0.8862508350866525, 0.525798983778594]",28.488532146397972,1.0310181872369706
"[0.376585027320724, 0.659289241548871, -0.8862503875270442, 0.5258004491736097]",28.48855247708075,1.0310810197183673
"[0.3765771029564772, 0.659287862911589, -0.8862499400092618, 0.5258019145869453]",28.488572806306212,1.0311438521997638
"[0.3765691791922502, 0.6592864845302363, -0.886249492623776, 0.5258033797223768]",28.488593138312236,1.0312066846811605
"[0.37656125600036217, 0.6592851063999777, -0.8862490453690036, 0.5258048445850392]",28.48861347537887,1.0312695171625572
"[0.37655333266808566, 0.659283728396772, -0.8862485982047072, 0.5258063093067805]",28.488633813012406,1.0313323496439537
"[0.37654540944168385, 0.6592823505634969, -0.8862481511447885, 0.5258077738420156]",28.488654149646802,1.0313951821253504
"[0.3765374862567001, 0.6592809728889166, -0.8862477041856095, 0.5258092382026847]",28.4886744923028,1.031458014606747
"[0.3765295638566285, 0.6592795955022807, -0.8862472573690994, 0.5258107022514023]",28.488694836124,1.0315208470881434
"[0.3765216419656364, 0.6592782183555891, -0.8862468106796804, 0.5258121660391852]",28.48871518479554,1.0315836795695401
"[0.37651371952630436, 0.6592768412650195, -0.8862463640577305, 0.5258136297614159]",28.488735529336672,1.0316465120509368
"[0.37650579685377195, 0.6592754642853548, -0.8862459175210332, 0.5258150933598604]",28.488755879773066,1.0317093445323333
"[0.37649787565886167, 0.6592740877139107, -0.8862454711659934, 0.5258165565184961]",28.488776232678735,1.03177217701373
"[0.3764899542087989, 0.6592727112495159, -0.8862450248949492, 0.5258180195574363]",28.48879658707548,1.0318350094951265
"[0.3764820321168178, 0.6592713348249842, -0.886244578686131, 0.5258194825480867]",28.488816939025906,1.0318978419765232
"[0.37647411091235494, 0.6592699587060356, -0.8862441326256817, 0.5258209452080118]",28.48883729819344,1.0319606744579197
"[0.37646618997662906, 0.6592685827851319, -0.8862436866787374, 0.5258224076515097]",28.488857656550856,1.0320235069393164
"[0.3764582691466488, 0.6592672070339496, -0.8862432408361174, 0.5258238699086801]",28.488878017537424,1.0320863394207132
"[0.376450348606413, 0.6592658314844271, -0.8862427951081733, 0.5258253319455723]",28.48889838057762,1.0321491719021096
"[0.3764424277337719, 0.6592644560284956, -0.8862423494598975, 0.5258267938770473]",28.488918743777493,1.0322120043835061
"[0.3764345075352987, 0.6592630808409555, -0.8862419039479186, 0.5258282555173083]",28.48893911516545,1.0322748368649028
"[0.376426587769242, 0.6592617058797959, -0.8862414585586196, 0.5258297169110044]",28.48895948629179,1.0323376693462996
"[0.3764186677617718, 0.6592603310279879, -0.8862410132541052, 0.5258311781825196]",28.488979856785807,1.0324005018276963
"[0.3764107485521155, 0.6592589564659446, -0.8862405680927979, 0.5258326391400936]",28.489000226322702,1.0324633343090928
"[0.3764028289626495, 0.6592575819892349, -0.8862401230084954, 0.5258341000010035]",28.48902060623482,1.0325261667904893
"[0.3763949092715454, 0.6592562076461471, -0.8862396780168426, 0.5258355607139212]",28.48904097956015,1.032588999271886
"[0.37638699049512353, 0.6592548336130104, -0.8862392331749316, 0.5258370210914329]",28.489061362368037,1.0326518317532825
"[0.37637907172701845, 0.6592534597325361, -0.8862387884318319, 0.5258384813007078]",28.489081740772228,1.0327146642346792
"[0.37637115289431655, 0.6592520859920593, -0.8862383437834536, 0.5258399413552014]",28.489102125926966,1.0327774967160759
"[0.37636323445530634, 0.6592507124710756, -0.8862378992555242, 0.5258414011704202]",28.48912251172375,1.0328403291974724
"[0.37635531629630775, 0.659249339149839, -0.8862374548416534, 0.5258428607673465]",28.489142896958523,1.0329031616788689
"[0.3763473982210078, 0.6592479659942849, -0.8862370105308184, 0.5258443201821807]",28.489163287826337,1.0329659941602656
"[0.3763394802110795, 0.6592465930012265, -0.8862365663219903, 0.5258457794183062]",28.489183677496957,1.033028826641662
"[0.3763315623332345, 0.6592452201822174, -0.8862361222189106, 0.5258472384634386]",28.489204071027896,1.0330916591230588
"[0.37632364468162255, 0.6592438475535696, -0.8862356782268561, 0.5258486973002379]",28.489224467210253,1.0331544916044555
"[0.37631572767486393, 0.6592424751878223, -0.8862352343692879, 0.5258501558516052]",28.489244862367748,1.033217324085852
"[0.37630781084790327, 0.659241103004335, -0.8862347906201203, 0.5258516142032418]",28.48926526622889,1.0332801565672487
"[0.37629989343485454, 0.6592397308703691, -0.8862343469364341, 0.5258530724962165]",28.489285661128356,1.0333429890486452
"[0.37629197687611865, 0.6592383590355411, -0.886233903398946, 0.5258545304652351]",28.489306070162115,1.0334058215300417
"[0.3762840605123492, 0.6592369873855397, -0.8862334599706979, 0.5258559882317844]",28.489326472236673,1.0334686540114384
"[0.3762761442835769, 0.6592356159099855, -0.8862330166483269, 0.5258574458068889]",28.48934688080619,1.033531486492835
"[0.3762682281557118, 0.6592342446029491, -0.886232573429922, 0.5258589031968471]",28.489367292946785,1.0335943189742318
"[0.37626031226558554, 0.6592328734881219, -0.8862321303231409, 0.5258603603764767]",28.48938770150177,1.0336571514556283
"[0.37625239673243427, 0.659231502586138, -0.8862316873346492, 0.5258618173238433]",28.48940811667508,1.0337199839370248
"[0.37624448083752887, 0.6592301317724975, -0.8862312444242267, 0.5258632741712582]",28.489428528284144,1.0337828164184215
"[0.3762365654534566, 0.6592287611983143, -0.8862308016406957, 0.5258647307581187]",28.489448945376743,1.033845648899818
"[0.37622865026299146, 0.6592273908086325, -0.8862303589663005, 0.5258661871428252]",28.489469362331867,1.0339084813812147
"[0.3762207357422791, 0.6592260206858528, -0.8862299164276567, 0.5258676432378031]",28.489489785722622,1.0339713138626114
"[0.37621282097811853, 0.6592246506718734, -0.8862294739736978, 0.5258690992110705]",28.48951020866,1.034034146344008
"[0.3762049061255447, 0.6592232807935337, -0.8862290316130993, 0.5258705550341001]",28.489530632950565,1.0340969788254046
"[0.3761969919054716, 0.6592219111755935, -0.8862285893861452, 0.5258720105742991]",28.489551059439542,1.0341598113068011
"[0.3761890780140514, 0.659220541765413, -0.8862281472758423, 0.5258734658876083]",28.489571493007848,1.0342226437881978
"[0.37618116352027176, 0.6592191724019165, -0.8862277052301867, 0.5258749211452023]",28.489591920906864,1.0342854762695946
"[0.3761732497584526, 0.6592178033159579, -0.8862272633237042, 0.5258763761017413]",28.48961235263305,1.034348308750991
"[0.3761653365222607, 0.6592164344717801, -0.8862268215448518, 0.5258778307952241]",28.489632787591937,1.0344111412323875
"[0.376157423061825, 0.6592150657396807, -0.8862263798517636, 0.5258792853634812]",28.489653220884037,1.0344739737137842
"[0.3761495097855523, 0.6592136971902703, -0.8862259382672372, 0.5258807397314712]",28.489673659955788,1.0345368061951807
"[0.37614159707644984, 0.6592123288897777, -0.8862254968126348, 0.5258821938288077]",28.489694105977055,1.0345996386765774
"[0.37613368440845796, 0.6592109607472063, -0.8862250554585985, 0.5258836477521894]",28.489714546417176,1.0346624711579742
"[0.37612577177161904, 0.6592095927608267, -0.8862246142045737, 0.52588510150345]",28.48973499361616,1.0347253036393707
"[0.3761178589559919, 0.6592082248943415, -0.8862241730388583, 0.5258865551211576]",28.489755438568523,1.0347881361207674
"[0.3761099472121436, 0.6592068573639032, -0.8862237320311617, 0.5258880083756059]",28.48977588886464,1.0348509686021639
"[0.376102035213388, 0.6592054899401638, -0.8862232911075201, 0.5258894615105165]",28.48979633893028,1.0349138010835603
"[0.3760941233147968, 0.6592041226844935, -0.8862228502877266, 0.5258909144606672]",28.489816790793277,1.034976633564957
"[0.37608621175277374, 0.6592027556377249, -0.8862224095849474, 0.5258923671826624]",28.489837244618887,1.0350394660463538
"[0.37607830051027424, 0.6592013887968904, -0.8862219689982231, 0.5258938196796521]",28.489857705034495,1.0351022985277503
"[0.37607038934000137, 0.6592000221192441, -0.8862215285137769, 0.5258952719970567]",28.48987816260139,1.035165131009147
"[0.3760624782267321, 0.6591986556021506, -0.8862210881307613, 0.5258967241376727]",28.48989862220355,1.0352279634905435
"[0.37605456755470296, 0.6591972893119593, -0.8862206478705584, 0.5258981760309894]",28.48991908551915,1.0352907959719402
"[0.3760466571797955, 0.6591959232237523, -0.8862202077251369, 0.5258996277034821]",28.489939550041953,1.0353536284533367
"[0.376038746670683, 0.6591945572630326, -0.8862197676704956, 0.525901079234311]",28.489960016471642,1.0354164609347334
"[0.3760308362680797, 0.6591931914713576, -0.8862193277200289, 0.5259025305793106]",28.48998048411839,1.03547929341613
"[0.3760229264577629, 0.6591918259325853, -0.8862188879007432, 0.5259039816493662]",28.490000958666265,1.0355421258975266
"[0.3760150165601515, 0.6591904605293534, -0.8862184481748447, 0.5259054325691883]",28.490021428444617,1.035604958378923
"[0.37600710666889586, 0.6591890952778431, -0.886218008547543, 0.5259068833215768]",28.49004190093695,1.0356677908603198
"[0.3759991973169921, 0.659187730270024, -0.8862175690484545, 0.5259083338087985]",28.49006237961865,1.0357306233417163
"[0.37599128840232926, 0.6591863654882386, -0.8862171296718895, 0.5259097840496135]",28.490082861023033,1.035793455823113
"[0.3759833797892096, 0.6591850009090474, -0.8862166904102974, 0.5259112340689255]",28.490103343842396,1.0358562883045097
"[0.3759754704261174, 0.659183636351019, -0.8862162512052868, 0.5259126840595207]",28.49012382087739,1.0359191207859062
"[0.3759675617709971, 0.6591822720656912, -0.8862158121378196, 0.5259141337541082]",28.49014430472916,1.035981953267303
"[0.375959652958046, 0.6591809079036715, -0.8862153731598215, 0.5259155833114302]",28.490164789773225,1.0360447857486994
"[0.3759517451370367, 0.6591795440632615, -0.8862149343350968, 0.5259170325207675]",28.49018528242177,1.036107618230096
"[0.3759438369547234, 0.6591781803110468, -0.8862144955885417, 0.5259184816301408]",28.490205772210956,1.0361704507114928
"[0.3759359292478022, 0.659176816791304, -0.8862140569665767, 0.5259199304862393]",28.490226262592408,1.0362332831928893
"[0.3759280218373342, 0.6591754534731508, -0.8862136184592652, 0.5259213791218746]",28.490246757716474,1.036296115674286
"[0.37592011412739873, 0.6591740902538393, -0.8862131800335611, 0.5259228276462201]",28.49026725189698,1.0363589481556825
"[0.3759122067718843, 0.6591727272460878, -0.8862127417257207, 0.5259242759394995]",28.490287752297448,1.036421780637079
"[0.3759042998518123, 0.6591713644638332, -0.8862123035402228, 0.5259257239869005]",28.49030825042555,1.0364846131184757
"[0.37589639285328813, 0.6591700018184897, -0.8862118654485838, 0.5259271718825475]",28.490328754427697,1.0365474455998724
"[0.37588848632523064, 0.6591686394046364, -0.8862114274812122, 0.5259286195259402]",28.490349259197128,1.036610278081269
"[0.37588058000390423, 0.6591672771768039, -0.8862109896234893, 0.5259300669653886]",28.490369765295046,1.0366731105626656
"[0.3758726735197702, 0.6591659150713163, -0.8862105518549507, 0.5259315142685476]",28.490390273218186,1.0367359430440621
"[0.37586476767573734, 0.6591645532264756, -0.8862101142200463, 0.5259329612884603]",28.4904107859857,1.0367987755254586
"[0.37585686200329393, 0.6591631915615498, -0.8862096766928277, 0.5259344081109053]",28.490431294937714,1.0368616080068553
"[0.3758489561951361, 0.6591618300236017, -0.8862092392562911, 0.525935854792125]",28.490451810469704,1.036924440488252
"[0.3758410505102185, 0.6591604686572241, -0.8862088019247667, 0.5259373012847339]",28.490472322941766,1.0369872729696488
"[0.37583314494403564, 0.6591591074616315, -0.8862083646980026, 0.525938747589563]",28.49049284298369,1.0370501054510453
"[0.37582524014999724, 0.65915774654929, -0.8862079276121231, 0.5259401935871106]",28.49051336405493,1.0371129379324417
"[0.37581733512074755, 0.6591563857467582, -0.8862074906114201, 0.5259416394616578]",28.490533886888272,1.0371757704138385
"[0.37580943036552267, 0.6591550251416874, -0.8862070537240466, 0.5259430851200686]",28.490554408826984,1.037238602895235
"[0.37580152572583186, 0.6591536647067824, -0.8862066169412383, 0.5259445305913416]",28.49057493503739,1.0373014353766317
"[0.37579362173319175, 0.6591523045334927, -0.8862061802923531, 0.5259459757783073]",28.49059546320652,1.0373642678580284
"[0.3757857176704726, 0.6591509444983887, -0.8862057437377657, 0.5259474208121053]",28.49061599398078,1.0374271003394249
"[0.3757778141568579, 0.6591495847079896, -0.8862053073116684, 0.5259488655795562]",28.490636528260232,1.0374899328208216
"[0.37576990991859777, 0.6591482249431514, -0.8862048709437315, 0.5259503103134938]",28.490657059870514,1.037552765302218
"[0.37576200616146616, 0.6591468654113037, -0.8862044347005282, 0.5259517547935225]",28.490677592572304,1.0376155977836146
"[0.3757541028827222, 0.6591455061119413, -0.8862039985818929, 0.5259531990201749]",28.49069813245663,1.0376784302650113
"[0.3757462004680752, 0.6591441471113606, -0.8862035626090871, 0.5259546429230106]",28.490718675671843,1.037741262746408
"[0.37573829698181993, 0.6591427880766741, -0.8862031266753247, 0.5259560868557079]",28.49073921290702,1.0378040952278045
"[0.3757303940374915, 0.659141429285341, -0.8862026908696163, 0.525957530523471]",28.49075975730196,1.0378669277092012
"[0.37572249182377265, 0.6591400707697659, -0.8862022552023459, 0.5259589738918681]",28.49078030255386,1.0379297601905977
"[0.3757145892451305, 0.6591387123415905, -0.8862018196131097, 0.5259604171610176]",28.490800853122092,1.0379925926719944
"[0.37570668710092114, 0.6591373541382151, -0.8862013841459692, 0.5259618601849341]",28.490821402422146,1.0380554251533909
"[0.37569878522213346, 0.6591359961305656, -0.8862009487916, 0.5259633029945036]",28.490841955315293,1.0381182576347876
"[0.37569088354053803, 0.6591346383068954, -0.8862005135462375, 0.5259647456022021]",28.490862506536253,1.0381810901161843
"[0.3756829815513891, 0.6591332805804689, -0.886200078382083, 0.5259661881001767]",28.490883062084425,1.0382439225975808
"[0.37567508048352566, 0.659131923162403, -0.8861996433667998, 0.5259676302641259]",28.49090361950986,1.0383067550789773
"[0.3756671792767566, 0.659130565870527, -0.8861992084420047, 0.5259690722875893]",28.49092418097835,1.038369587560374
"[0.3756592784343485, 0.6591292087912822, -0.8861987736353986, 0.5259705140787251]",28.490944740810285,1.0384324200417707
"[0.3756513777864021, 0.659127851895468, -0.8861983389376226, 0.5259719556685534]",28.490965304715022,1.0384952525231672
"[0.37564347736779563, 0.6591264951890443, -0.8861979043505914, 0.5259733970507385]",28.490985872066982,1.038558085004564
"[0.3756355766566113, 0.6591251385823985, -0.8861974698455982, 0.5259748383204805]",28.491006439014566,1.0386209174859604
"[0.3756276763918783, 0.6591237822024, -0.8861970354632865, 0.5259762793429897]",28.491027007708134,1.0386837499673571
"[0.37561977659175133, 0.659122426052147, -0.8861966012046398, 0.5259777201149697]",28.491047579446157,1.0387465824487536
"[0.3756118767696392, 0.6591210700480847, -0.8861961670429043, 0.5259791607251856]",28.491068154365042,1.0388094149301503
"[0.3756039768149726, 0.6591197141712337, -0.8861957329720082, 0.5259806011937965]",28.491088726720793,1.038872247411547
"[0.3755960774004802, 0.659118358537036, -0.8861952990289107, 0.5259820413981537]",28.491109305753433,1.0389350798929435
"[0.3755881785436428, 0.6591170031484743, -0.8861948652145535, 0.5259834813350849]",28.49112988508253,1.03899791237434
"[0.37558027946640876, 0.6591156478719724, -0.8861944314862025, 0.5259849211464974]",28.491150464186642,1.0390607448557367
"[0.3755723804528, 0.6591142927563125, -0.8861939978594573, 0.5259863607805584]",28.49117104532296,1.0391235773371332
"[0.3755644818400795, 0.6591129378593181, -0.8861935643528267, 0.5259878001758351]",28.491191633381636,1.03918640981853
"[0.3755565834745048, 0.6591115831545921, -0.886193130957863, 0.5259892393603677]",28.491212220837106,1.0392492422999267
"[0.3755486849096588, 0.6591102285655598, -0.8861926976500719, 0.5259906784155012]",28.491232806919882,1.0393120747813231
"[0.3755407875290176, 0.6591088743294516, -0.8861922645053346, 0.5259921170892091]",28.49125340284388,1.0393749072627199
"[0.3755328896156227, 0.6591075201518237, -0.8861918314294714, 0.5259935556942912]",28.491273995807326,1.0394377397441164
"[0.3755249920959084, 0.6591061661915151, -0.8861913984732881, 0.5259949940620002]",28.491294590046213,1.0395005722255128
"[0.37551709459819604, 0.6591048123847919, -0.8861909656164032, 0.5259964322600397]",28.49131518755757,1.0395634047069096
"[0.37550919748969336, 0.6591034587945818, -0.8861905328789378, 0.5259978702215555]",28.491335786466287,1.0396262371883063
"[0.37550130016314714, 0.6591021053167939, -0.8861901002276157, 0.5259993080571216]",28.491356387518604,1.039689069669703
"[0.37549340301501244, 0.6591007520193891, -0.88618966768416, 0.5260007456945356]",28.491376988359324,1.0397519021510995
"[0.3754855064777415, 0.6590993989763795, -0.8861892352722447, 0.5260021830551749]",28.491397594202976,1.039814734632496
"[0.3754776096654494, 0.6590980460360274, -0.8861888029433546, 0.5260036203002233]",28.49141819941513,1.0398775671138927
"[0.3754697139549542, 0.6590966934341764, -0.8861883707728552, 0.5260050571791384]",28.49143881036108,1.0399403995952892
"[0.37546181746530055, 0.6590953408485563, -0.8861879386577878, 0.5260064940342698]",28.49145942240666,1.0400032320766859
"[0.3754539216147918, 0.6590939885221372, -0.8861875066757714, 0.5260079306075018]",28.49148003159304,1.0400660645580826
"[0.37544602643888764, 0.6590926364609394, -0.8861870748287237, 0.526009366892437]",28.4915006478192,1.040128897039479
"[0.37543813030623285, 0.6590912843855922, -0.8861866430274215, 0.5260108031858451]",28.491521260842948,1.0401917295208756
"[0.3754302352758924, 0.6590899326486703, -0.8861862113844642, 0.5260122391131845]",28.491541881586485,1.0402545620022723
"[0.375422340294871, 0.6590885810698449, -0.8861857798422632, 0.5260136748660134]",28.4915625047445,1.0403173944836688
"[0.3754144452334533, 0.659087229626905, -0.8861853483937316, 0.526015110467921]",28.491583126866583,1.0403802269650657
"[0.37540655060613143, 0.6590858784079038, -0.8861849170669808, 0.5260165458253673]",28.49160375203086,1.0404430594464622
"[0.37539865597168515, 0.6590845273373069, -0.8861844858378993, 0.5260179810185854]",28.491624377404868,1.0405058919278587
"[0.3753907616334182, 0.6590831764670089, -0.886184054723051, 0.5260194159924466]",28.491645008723513,1.0405687244092554
"[0.375382867591152, 0.6590818257969493, -0.8861836237224185, 0.5260208507470105]",28.49166563815691,1.040631556890652
"[0.3753749736549618, 0.6590804752946379, -0.8861831928256265, 0.5260222853167852]",28.49168627226926,1.0406943893720486
"[0.37536708025037596, 0.659079125032805, -0.8861827620558941, 0.5260237196245131]",28.491706907287423,1.0407572218534453
"[0.3753591861184432, 0.6590777747961356, -0.8861823313445217, 0.5260251538989025]",28.491727537092633,1.0408200543348418
"[0.3753512929464383, 0.6590764248732002, -0.886181900783567, 0.5260265878334197]",28.491748177787525,1.0408828868162385
"[0.37534339961761665, 0.6590750750729819, -0.8861814703121009, 0.5260280216309662]",28.491768820092155,1.040945719297635
"[0.3753355069788697, 0.6590737255402737, -0.8861810399763015, 0.5260294551377354]",28.491789460846558,1.0410085517790315
"[0.3753276142178395, 0.6590723761361635, -0.8861806097318685, 0.526030888501278]",28.49181010828028,1.0410713842604282
"[0.37531972172529365, 0.6590710269274491, -0.886180179600103, 0.5260323216506363]",28.49183075340562,1.041134216741825
"[0.3753118291867008, 0.6590696778603412, -0.8861797495638613, 0.526033754642943]",28.491851401331,1.0411970492232214
"[0.37530393703653553, 0.6590683290090977, -0.8861793196468128, 0.5260351873993154]",28.49187204979337,1.0412598817046181
"[0.375296044743984, 0.6590669802829825, -0.8861788898200397, 0.5260366200161302]",28.4918927025699,1.0413227141860146
"[0.3752881530257333, 0.659065631804454, -0.8861784601225684, 0.5260380523633076]",28.49191335812995,1.0413855466674113
"[0.3752802613208534, 0.6590642834776395, -0.8861780305238488, 0.5260394845426802]",28.491934012155095,1.0414483791488078
"[0.3752723702014325, 0.6590629354002636, -0.8861776010550139, 0.5260409164504419]",28.49195467174697,1.0415112116302045
"[0.37526447889200854, 0.6590615874398378, -0.8861771716738549, 0.5260423482273159]",28.491975333266872,1.0415740441116013
"[0.3752565876931571, 0.6590602396476871, -0.8861767423967317, 0.5260437798187815]",28.491995992707672,1.0416368765929978
"[0.3752486970986228, 0.65905889210813, -0.8861763132504924, 0.5260452111352738]",28.49201665691199,1.0416997090743942
"[0.37524080626903705, 0.6590575446778044, -0.8861758841894811, 0.526046642329064]",28.492037323431447,1.041762541555791
"[0.37523291624757354, 0.6590561975348084, -0.8861754552704129, 0.5260480732109791]",28.49205799441986,1.0418253740371874
"[0.37522502607989117, 0.6590548505161918, -0.8861750264413969, 0.5260495039540939]",28.492078660286367,1.0418882065185842
"[0.37521713595029216, 0.6590535036534053, -0.886174597712455, 0.5260509345249985]",28.492099332358624,1.0419510389999809
"[0.375209245906047, 0.6590521569545018, -0.8861741690861558, 0.5260523649151364]",28.492120007486353,1.0420138714813774
"[0.375201356066548, 0.6590508104398486, -0.8861737405689822, 0.5260537951028702]",28.492140683322056,1.042076703962774
"[0.37519346707523754, 0.6590494642192376, -0.8861733121958641, 0.5260552249715811]",28.492161360389186,1.0421395364441706
"[0.3751855777012635, 0.6590481180826033, -0.8861728838999605, 0.5260566547443836]",28.492182042385057,1.042202368925567
"[0.37517768893416653, 0.6590467721987727, -0.8861724557349885, 0.5260580842419581]",28.492202721682318,1.0422652014069638
"[0.37516979967358516, 0.6590454263800258, -0.8861720276412266, 0.5260595136636802]",28.492223404659647,1.0423280338883605
"[0.37516191051584535, 0.659044080728046, -0.8861715996510433, 0.5260609429015494]",28.49224408964992,1.042390866369757
"[0.3751540227294437, 0.6590427354592032, -0.8861711718332298, 0.5260623717257494]",28.492264779624534,1.0424536988511537
"[0.37514613449127565, 0.6590413902625144, -0.8861707440888895, 0.5260638004665769]",28.492285467932383,1.0425165313325502
"[0.3751382461960154, 0.659040045205311, -0.8861703164394361, 0.5260652290525115]",28.492306159369914,1.042579363813947
"[0.375130358754287, 0.6590387004427911, -0.8861698889342253, 0.5260666573187185]",28.492326850948075,1.0426421962953436
"[0.3751224706659389, 0.6590373557192248, -0.886169461491946, 0.5260680855367992]",28.492347550995884,1.04270502877674
"[0.3751145830534522, 0.6590360112259478, -0.8861690341734298, 0.5260695135035341]",28.492368245456724,1.0427678612581368
"[0.37510669577550526, 0.6590346669388454, -0.8861686069710071, 0.5260709412445321]",28.492388943363043,1.0428306937395333
"[0.37509880844031934, 0.6590333227911302, -0.8861681798634555, 0.5260723688307226]",28.49240964558473,1.0428935262209298
"[0.3750909219804942, 0.6590319789417054, -0.8861677529012632, 0.5260737960933348]",28.492430350987885,1.0429563587023265
"[0.3750830349547709, 0.6590306351449667, -0.8861673260063997, 0.5260752232932141]",28.492451055407855,1.0430191911837232
"[0.3750751484765693, 0.6590292915906156, -0.8861668992391327, 0.5260766502288801]",28.492471763006957,1.04308202366512
"[0.37506726202746077, 0.659027948190309, -0.8861664725713998, 0.5260780769941557]",28.49249246822539,1.0431448561465164
"[0.37505937586219856, 0.6590266049874282, -0.8861660460169801, 0.5260795035429624]",28.49251318595524,1.043207688627913
"[0.3750514902599913, 0.6590252620295, -0.8861656195909626, 0.5260809298248216]",28.492533897617626,1.0432705211093096
"[0.37504360413304155, 0.6590239191312651, -0.8861651932345243, 0.5260823560364825]",28.492554611462687,1.0433333535907061
"[0.37503571824558884, 0.6590225764228516, -0.8861647669889917, 0.5260837820397399]",28.49257532912582,1.0433961860721028
"[0.37502783332992684, 0.65902123402892, -0.8861643408939256, 0.5260852077021957]",28.492596046208703,1.0434590185534995
"[0.3750199485257363, 0.659019891802961, -0.8861639149028175, 0.5260866331794449]",28.492616768046123,1.043521851034896
"[0.37501206304862306, 0.6590185496114593, -0.8861634889733019, 0.5260880586132789]",28.492637491450093,1.0435846835162927
"[0.37500417814087533, 0.6590172076658606, -0.8861630631724855, 0.5260894837791332]",28.492658215749607,1.0436475159976892
"[0.3749962938972347, 0.6590158659822513, -0.8861626375054633, 0.5260909086599219]",28.49267894646695,1.0437103484790857
"[0.37498840937828454, 0.6590145244007514, -0.8861622119215118, 0.5260923334254337]",28.492699671068127,1.0437731809604824
"[0.3749805250043656, 0.6590131829928811, -0.886161786443325, 0.5260937579997104]",28.492720401746187,1.0438360134418792
"[0.3749726413768821, 0.6590118418609309, -0.8861613611033425, 0.5260951822741161]",28.492741138864538,1.0438988459232756
"[0.3749647569488245, 0.6590105007417248, -0.8861609358181044, 0.5260966065281372]",28.492761871374842,1.0439616784046724
"[0.3749568737269034, 0.6590091599765805, -0.8861605106958467, 0.5260980303992947]",28.492782606293883,1.0440245108860688
"[0.3749489902265561, 0.659007819312977, -0.8861600856564958, 0.5260994541557583]",28.49280334366401,1.0440873433674653
"[0.3749411068461492, 0.6590064788186589, -0.8861596607215351, 0.5261008777255799]",28.49282408247286,1.044150175848862
"[0.3749332240247628, 0.6590051385682627, -0.8861592359146221, 0.5261023010294942]",28.492844827693627,1.0442130083302588
"[0.3749253411308589, 0.6590037984543949, -0.8861588112017161, 0.526103724181546]",28.492865571636727,1.0442758408116555
"[0.37491745887316225, 0.6590024585975165, -0.8861583866209946, 0.5261051470538062]",28.49288631871565,1.044338673293052
"[0.3749095761122373, 0.6590011188039382, -0.8861579621110804, 0.5261065698519601]",28.492907065359947,1.0444015057744485
"[0.37490169379506244, 0.6589997792346013, -0.8861575377229752, 0.5261079924050921]",28.492927815761384,1.0444643382558452
"[0.374893812171355, 0.6589984399319149, -0.8861571134701048, 0.5261094146681627]",28.49294857415205,1.0445271707372419
"[0.374885929834227, 0.6589971006568015, -0.8861566892767424, 0.526110836895053]",28.492969324204935,1.0445900032186384
"[0.3748780481878962, 0.6589957616478456, -0.8861562652184596, 0.5261122588323981]",28.492990080108786,1.044652835700035
"[0.37487016709026355, 0.6589944228808662, -0.8861558412875904, 0.5261136805058728]",28.493010839708543,1.0447156681814316
"[0.37486228539222344, 0.6589930841606596, -0.8861554174223266, 0.5261151021227651]",28.493031597354573,1.0447785006628283
"[0.37485440450286395, 0.6589917457265546, -0.8861549936984459, 0.5261165234289221]",28.493052361599705,1.0448413331442248
"[0.37484652382241385, 0.6589904074766496, -0.8861545700836839, 0.5261179445325523]",28.49307312814065,1.0449041656256215
"[0.37483864286887103, 0.6589890693291016, -0.8861541465521351, 0.5261193655205599]",28.49309389081303,1.0449669981070182
"[0.37483076241558355, 0.6589877314151756, -0.8861537231453589, 0.5261207862535527]",28.493114661290228,1.0450298305884147
"[0.3748228820313526, 0.6589863936616859, -0.8861532998401787, 0.5261222068092397]",28.493135429605505,1.0450926630698112
"[0.37481500138842916, 0.6589850560129736, -0.8861528766189951, 0.5261236272467212]",28.493156200083256,1.045155495551208
"[0.3748071215307289, 0.6589837186462167, -0.8861524535378634, 0.5261250473778499]",28.493176974722086,1.0452183280326044
"[0.3747992419545646, 0.6589823814758918, -0.8861520305697222, 0.5261264672934389]",28.493197750485788,1.045281160514001
"[0.3747913623849999, 0.6589810444553291, -0.8861516076998106, 0.526127887043042]",28.493218529302467,1.0453439929953978
"[0.37478348311691906, 0.6589797076345543, -0.8861511849439507, 0.5261293065735336]",28.493239308344602,1.0454068254767943
"[0.374775603644835, 0.6589783709277864, -0.8861507622750207, 0.5261307259759989]",28.493260087592564,1.045469657958191
"[0.3747677250162146, 0.6589770345127092, -0.8861503397492008, 0.5261321450617565]",28.493280872789388,1.0455324904395875
"[0.3747598464378595, 0.6589756982547474, -0.8861499173239367, 0.526133563973704]",28.493301662141942,1.045595322920984
"[0.3747519676674859, 0.6589743621127921, -0.8861494949862435, 0.526134982755489]",28.493322449977995,1.0456581554023807
"[0.3747440896194921, 0.658973026241906, -0.8861490727851301, 0.5261364012424538]",28.493343233994533,1.0457209878837774
"[0.37473621130042967, 0.6589716904736146, -0.8861486506673487, 0.5261378196134882]",28.493364026522286,1.045783820365174
"[0.3747283332448344, 0.6589703548985318, -0.8861482286615429, 0.5261392377723711]",28.493384820942502,1.0458466528465706
"[0.3747204550514612, 0.6589690194486362, -0.8861478067462182, 0.5261406557913253]",28.493405616778173,1.0459094853279671
"[0.3747125777500944, 0.6589676842984583, -0.8861473849765142, 0.5261420734850255]",28.49342641059955,1.0459723178093638
"[0.37470470034382714, 0.6589663492790014, -0.8861469632990411, 0.5261434910329131]",28.493447212689958,1.0460351502907603
"[0.3746968235206249, 0.6589650145068393, -0.8861465417506196, 0.5261449083112048]",28.493468017610834,1.046097982772157
"[0.3746889460640243, 0.6589636797758316, -0.8861461202661505, 0.5261463255387778]",28.493488817449066,1.0461608152535538
"[0.37468106921954125, 0.6589623452970111, -0.8861456989122786, 0.5261477424915517]",28.493509622916257,1.0462236477349502
"[0.3746731923710323, 0.6589610109659652, -0.8861452776560356, 0.5261491592803889]",28.493530431338815,1.0462864802163467
"[0.37466531621629995, 0.6589596769008811, -0.88614485653473, 0.5261505757797943]",28.49355124067895,1.0463493126977434
"[0.3746574396803782, 0.6589583429196645, -0.8861444354908822, 0.5261519921831106]",28.49357205026656,1.04641214517914
"[0.3746495636893266, 0.658957009179145, -0.8861440145739937, 0.526153408323814]",28.493592867398544,1.0464749776605369
"[0.3746416882061024, 0.658955675673014, -0.8861435937820691, 0.5261548242085992]",28.493613682070396,1.0465378101419334
"[0.37463381226943093, 0.6589543422384979, -0.8861431730637478, 0.526156240010292]",28.493634496791792,1.0466006426233299
"[0.37462593634884306, 0.6589530089551016, -0.8861427524441214, 0.5261576556444708]",28.49365531282771,1.0466634751047266
"[0.37461806151670074, 0.6589516760043194, -0.8861423319804426, 0.5261590709184284]",28.49367613637844,1.046726307586123
"[0.3746101862629648, 0.6589503431305217, -0.886141911592075, 0.5261604861035789]",28.493696957268114,1.0467891400675198
"[0.37460231157023083, 0.6589490105000136, -0.8861414913314707, 0.5261619010233424]",28.493717784196633,1.0468519725489165
"[0.37459443684990645, 0.658947678013163, -0.8861410711672096, 0.5261633157834994]",28.49373861406609,1.046914805030313
"[0.3745865622836465, 0.6589463457006984, -0.8861406511089845, 0.52616473035142]",28.493759437500493,1.0469776375117097
"[0.37457868768518915, 0.6589450135310972, -0.8861402311468591, 0.5261661447605689]",28.493780267262178,1.0470404699931062
"[0.3745708138640703, 0.6589436816412862, -0.8861398113239966, 0.5261675588655629]",28.493801101230535,1.0471033024745027
"[0.37456294001157614, 0.6589423498944381, -0.8861393915972651, 0.5261689728116717]",28.493821937712774,1.0471661349558994
"[0.37455506624661716, 0.6589410183106625, -0.8861389719730044, 0.5261703865775404]",28.493842769272348,1.047228967437296
"[0.3745471927314211, 0.6589396869173816, -0.8861385524598571, 0.5261718001340498]",28.493863610341634,1.0472917999186926
"[0.37453931894760645, 0.6589383556269196, -0.8861381330302055, 0.5261732135742834]",28.493884451644487,1.0473546324000893
"[0.3745314461738696, 0.6589370246554687, -0.8861377137521531, 0.5261746266687034]",28.493905294238033,1.0474174648814858
"[0.3745235732223147, 0.6589356938021614, -0.8861372945624241, 0.5261760396305685]",28.49392613860119,1.0474802973628825
"[0.3745157002169997, 0.6589343630879795, -0.8861368754676295, 0.5261774524375982]",28.49394698148681,1.047543129844279
"[0.37450782803145166, 0.6589330326605337, -0.8861364565142584, 0.5261788649330711]",28.493967833737415,1.0476059623256757
"[0.3744999553002161, 0.6589317022890514, -0.8861360376296381, 0.5261802773619914]",28.493988683865478,1.0476687948070724
"[0.37449208293902725, 0.6589303721282773, -0.8861356188624985, 0.5261816895600653]",28.494009536204878,1.047731627288469
"[0.37448421146265737, 0.6589290422651402, -0.8861352002402013, 0.5261831014350004]",28.494030391161807,1.0477944597698654
"[0.3744763391577361, 0.6589277124101719, -0.8861347816716284, 0.5261845132941108]",28.494051240192913,1.0478572922512621
"[0.37446846769103687, 0.6589263828449222, -0.8861343632454021, 0.5261859248384828]",28.494072101966825,1.0479201247326586
"[0.37446059638383394, 0.6589250534547397, -0.8861339449254279, 0.5261873361898308]",28.494092963441723,1.0479829572140553
"[0.3744527254102227, 0.6589237242689723, -0.8861335267209519, 0.5261887473169974]",28.49411382289838,1.048045789695452
"[0.3744448538298522, 0.6589223951288524, -0.8861331085820175, 0.5261901583885302]",28.494134685939805,1.0481086221768485
"[0.37443698317803403, 0.6589210662935966, -0.8861326905901774, 0.5261915691292309]",28.494155552319317,1.0481714546582452
"[0.37442911287500913, 0.6589197376652822, -0.8861322727146207, 0.5261929796430556]",28.494176425671846,1.0482342871396417
"[0.3744212421919547, 0.6589184091208788, -0.8861318549166532, 0.5261943900606113]",28.494197291935237,1.0482971196210382
"[0.37441337189816365, 0.6589170807902041, -0.8861314372371137, 0.5261958002440785]",28.494218163413965,1.048359952102435
"[0.3744055016290302, 0.6589157526117305, -0.8861310196566469, 0.5261972102587701]",28.494239036916113,1.0484227845838316
"[0.3743976316808593, 0.6589144246354419, -0.8861306021909702, 0.5261986200516189]",28.49425991470767,1.0484856170652281
"[0.37438976209901936, 0.6589130968689673, -0.8861301848424797, 0.5262000296145223]",28.494280788654287,1.0485484495466249
"[0.3743818923903041, 0.6589117692290817, -0.8861297675850172, 0.5262014390358287]",28.494301669338583,1.0486112820280213
"[0.3743740233950369, 0.6589104418575239, -0.886129350463129, 0.5262028481650647]",28.49432254885158,1.048674114509418
"[0.37436615436332144, 0.6589091146277786, -0.8861289334370535, 0.5262042571365341]",28.494343434335857,1.0487369469908148
"[0.37435828493152984, 0.658907787478521, -0.8861285164875313, 0.5262056660153343]",28.49436432046434,1.0487997794722113
"[0.3743504162511713, 0.6589064606039288, -0.886128099675569, 0.5262070745953247]",28.494385204976492,1.048862611953608
"[0.3743425484482937, 0.6589051340252112, -0.8861276830078153, 0.5262084828539889]",28.494406097520976,1.0489254444350045
"[0.3743346795951589, 0.6589038074173339, -0.8861272663821854, 0.5262098911363692]",28.49442698876375,1.048988276916401
"[0.3743268119048428, 0.6589024811533888, -0.8861268499158538, 0.5262112990463992]",28.494447879882227,1.0490511093977977
"[0.3743189435175132, 0.6589011549198438, -0.8861264335103666, 0.5262127069169088]",28.49446877595837,1.0491139418791944
"[0.37431107619338017, 0.6588998290133715, -0.8861260172588721, 0.5262141144329593]",28.49448967246141,1.049176774360591
"[0.374303208039578, 0.658898503114949, -0.8861256010612184, 0.5262155219332061]",28.494510569993913,1.0492396068419876
"[0.3742953408915344, 0.6588971775338621, -0.8861251850144922, 0.5262169290893245]",28.494531473586196,1.049302439323384
"[0.3742874734052126, 0.6588958520436269, -0.8861247690476061, 0.5262183361417307]",28.494552372735892,1.0493652718047808
"[0.374279606711577, 0.6588945268347529, -0.8861243532203497, 0.5262197428881911]",28.494573281656795,1.0494281042861773
"[0.3742717398372667, 0.6588932017432593, -0.8861239374812627, 0.5262211495027708]",28.494594187360935,1.049490936767574
"[0.37426387294322355, 0.6588918767962535, -0.8861235218388569, 0.5262225559566905]",28.4946150929847,1.0495537692489707
"[0.3742560068692673, 0.6588905521351494, -0.8861231063374908, 0.5262239620998338]",28.494636007529508,1.0496166017303672
"[0.3742481407770411, 0.6588892276187381, -0.8861226909328686, 0.5262253680820914]",28.494656917896386,1.0496794342117637
"[0.37424027468716237, 0.6588879032504869, -0.8861222756260813, 0.5262267738997792]",28.494677832077286,1.0497422666931604
"[0.3742324087101009, 0.6588865790489857, -0.8861218604229626, 0.5262281795331594]",28.494698749993244,1.0498050991745569
"[0.37422454330411314, 0.6588852550913561, -0.88612144534769, 0.5262295849003645]",28.494719665669912,1.0498679316559536
"[0.37421667777366235, 0.6588839312605027, -0.886121030363553, 0.5262309901256865]",28.49474058762352,1.0499307641373503
"[0.3742088122345824, 0.658882607575926, -0.8861206154766679, 0.5262323951884202]",28.49476151042694,1.0499935966187468
"[0.37420094697695394, 0.6588812840864117, -0.8861202007023338, 0.5262338000367784]",28.494782435305737,1.0500564291001435
"[0.3741930821661934, 0.6588799608198012, -0.8861197860492612, 0.5262352046412025]",28.49480335793117,1.05011926158154
"[0.37418521787783615, 0.6588786377887232, -0.8861193715214184, 0.5262366089882874]",28.494824289119506,1.0501820940629365
"[0.374177353401655, 0.6588773148737408, -0.8861189570813643, 0.526238013204803]",28.494845218981325,1.0502449265443332
"[0.37416948893390867, 0.6588759921077959, -0.886118542739448, 0.5262394172557835]",28.494866150663928,1.05030775902573
"[0.3741616249629809, 0.6588746695730672, -0.8861181285213923, 0.5262408210539922]",28.49488708666773,1.0503705915071266
"[0.37415376073083495, 0.6588733471420436, -0.8861177143872678, 0.5262422247347724]",28.49490802117324,1.0504334239885231
"[0.3741458971857409, 0.658872024974169, -0.8861173003870048, 0.52624362812888]",28.494928955861713,1.0504962564699196
"[0.3741380337777397, 0.6588707029769348, -0.8861168864916369, 0.5262450313345038]",28.4949498964902,1.0505590889513163
"[0.37413017012836064, 0.6588693810867212, -0.8861164726812468, 0.5262464344191672]",28.494970839816105,1.0506219214327128
"[0.3741223072577432, 0.6588680594749904, -0.8861160590095101, 0.5262478372008725]",28.4949917847872,1.0506847539141095
"[0.3741144440727735, 0.6588667379579909, -0.8861156454189109, 0.526249239874653]",28.495012730340598,1.0507475863955063
"[0.3741065815532457, 0.6588654167003968, -0.8861152319609807, 0.5262506422657162]",28.49503367523238,1.0508104188769027
"[0.37409871892593916, 0.6588640955721881, -0.8861148185950513, 0.526252044512067]",28.4950546281701,1.0508732513582995
"[0.3740908564156168, 0.6588627746111879, -0.8861144053329411, 0.5262534465735509]",28.49507557901514,1.050936083839696
"[0.37408299400541867, 0.6588614538145319, -0.8861139921737622, 0.5262548484532061]",28.49509653103662,1.0509989163210927
"[0.37407513259745745, 0.6588601333337376, -0.8861135791649016, 0.5262562499902091]",28.49511748909448,1.0510617488024894
"[0.3740672703851172, 0.6588588128653095, -0.8861131662114452, 0.5262576515066837]",28.49513844111972,1.0511245812838859
"[0.374059408724793, 0.6588574926370845, -0.8861127533846433, 0.5262590527608013]",28.495159405106914,1.0511874137652824
"[0.37405154780208405, 0.658856172680181, -0.8861123406942198, 0.5262604537195326]",28.495180366258538,1.051250246246679
"[0.37404368619915884, 0.6588548527565188, -0.8861119280657422, 0.5262618546355631]",28.49520132488192,1.0513130787280756
"[0.3740358249848875, 0.6588535330455574, -0.8861115155553189, 0.5262632553184168]",28.495222292969363,1.0513759112094723
"[0.37402796421996803, 0.65885221355747, -0.8861111031661216, 0.5262646557572925]",28.49524326278837,1.051438743690869
"[0.3740201038555195, 0.6588508942839918, -0.8861106908955737, 0.5262660559609605]",28.49526423164196,1.0515015761722655
"[0.3740122433081772, 0.6588495751272263, -0.8861102787130752, 0.5262674560333176]",28.49528519924317,1.0515644086536622
"[0.37400438299237493, 0.6588482561567123, -0.8861098666403602, 0.5262688559005549]",28.49530617431572,1.0516272411350587
"[0.3739965226392938, 0.65884693732733, -0.8861094546633341, 0.5262702556105553]",28.495327146943687,1.0516900736164552
"[0.37398866310387374, 0.6588456187824935, -0.8861090428267944, 0.5262716550111071]",28.495348125707356,1.0517529060978519
"[0.37398080351356455, 0.6588443003757963, -0.886108631085007, 0.5262730542575903]",28.495369103434314,1.0518157385792486
"[0.3739729440724923, 0.6588429821414735, -0.886108219448668, 0.5262744533136673]",28.49539008463431,1.051878571060645
"[0.3739650846005955, 0.658841664049311, -0.8861078079083451, 0.5262758522114002]",28.495411066495294,1.0519414035420418
"[0.37395722540599463, 0.6588403461509699, -0.886107396480171, 0.5262772508959563]",28.495432050890898,1.0520042360234383
"[0.37394936650995336, 0.6588390284500015, -0.8861069851652507, 0.5262786493635633]",28.49545303813264,1.052067068504835
"[0.37394150767155426, 0.6588377109059884, -0.8861065739509701, 0.5262800476571122]",28.49547402584191,1.0521299009862315
"[0.37393364914191185, 0.6588363935610196, -0.8861061628504652, 0.5262814457319301]",28.49549501804606,1.0521927334676282
"[0.37392579089783695, 0.6588350764111842, -0.8861057518625135, 0.5262828435921649]",28.495516010789675,1.052255565949025
"[0.3739179326945818, 0.6588337594154451, -0.8861053409743116, 0.5262842412813634]",28.49553700237688,1.0523183984304214
"[0.373910074546588, 0.6588324425762148, -0.8861049301866147, 0.5262856387969619]",28.495558001330735,1.052381230911818
"[0.3739022165623444, 0.6588311259116612, -0.8861045195050928, 0.5262870361196742]",28.495578998107103,1.0524440633932146
"[0.3738943596667589, 0.6588298095767213, -0.8861041089780637, 0.52628843308507]",28.495600001380588,1.052506895874611
"[0.37388650171117865, 0.6588284932114019, -0.88610369849326, 0.5262898300751898]",28.49562099996083,1.0525697283560078
"[0.3738786444934459, 0.6588271771168854, -0.8861032881446071, 0.5262912267703983]",28.495642004226834,1.0526325608374045
"[0.37387078766169235, 0.6588258612341958, -0.886102877913709, 0.526292623233281]",28.49566300917584,1.052695393318801
"[0.37386293059461273, 0.6588245454592659, -0.8861024677681257, 0.5262940195742737]",28.495684017464306,1.0527582258001977
"[0.37385507447216226, 0.6588232299896699, -0.8861020577694404, 0.526295415583701]",28.495705028361808,1.0528210582815942
"[0.3738472175539412, 0.6588219145339768, -0.8861016478268244, 0.526296811570833]",28.495726040139086,1.052883890762991
"[0.3738393615515109, 0.6588205993787396, -0.8861012380295801, 0.5262982072315694]",28.49574705593195,1.0529467232443877
"[0.37383150571703544, 0.6588192843987273, -0.88610082833868, 0.5262996026988043]",28.495768069051277,1.0530095557257841
"[0.37382364956202996, 0.6588179695121745, -0.8861004187286542, 0.5263009980593033]",28.49578908583607,1.0530723882071806
"[0.37381579430724177, 0.6588166549233742, -0.8861000092631429, 0.5263023930962667]",28.495810107478643,1.0531352206885773
"[0.37380793856228567, 0.6588153403996276, -0.8860995998696644, 0.52630378805663]",28.495831125342477,1.0531980531699738
"[0.3738000831177109, 0.6588140260732198, -0.8860991905894241, 0.5263051828000084]",28.495852150174773,1.0532608856513705
"[0.37379222800725775, 0.6588127119497726, -0.88609878142417, 0.5263065773204324]",28.495873176104205,1.0533237181327673
"[0.37378437292453126, 0.658811397978014, -0.8860983723579379, 0.5263079716723079]",28.49589420220486,1.0533865506141638
"[0.37377651848214105, 0.6588100842603903, -0.886097963422621, 0.5263093657469173]",28.495915233180387,1.0534493830955605
"[0.3737686637972997, 0.6588087706492365, -0.8860975545722518, 0.5263107597009546]",28.495936264819285,1.053512215576957
"[0.37376080986901156, 0.6588074573116051, -0.8860971458588238, 0.5263121533571461]",28.495957298385708,1.0535750480583534
"[0.37375295522775215, 0.6588061440017536, -0.886096737205865, 0.5263135469762583]",28.495978332055017,1.0536378805397502
"[0.37374510175555314, 0.6588048310343452, -0.8860963287112859, 0.5263149402243831]",28.495999370739238,1.0537007130211469
"[0.3737372477637236, 0.6588035181270497, -0.8860959202872402, 0.5263163334011085]",28.49602040864848,1.0537635455025436
"[0.37372939440314396, 0.6588022054721964, -0.8860955119935764, 0.5263177263023471]",28.496041450607972,1.05382637798394
"[0.37372154089228876, 0.6588008929391885, -0.8860951037896567, 0.5263191190666701]",28.49606249108473,1.0538892104653366
"[0.3737136875361702, 0.6587995805789791, -0.8860946956913374, 0.5263205116400081]",28.496083534828248,1.0539520429467333
"[0.373705834637751, 0.6587982684421739, -0.8860942877143527, 0.5263219039686582]",28.496104582939914,1.0540148754281298
"[0.37369798205458976, 0.6587969565049484, -0.8860938798512901, 0.5263232960778977]",28.496125633406646,1.0540777079095265
"[0.37369012910111166, 0.6587956446527696, -0.8860934720665444, 0.5263246880892531]",28.496146682018807,1.0541405403909232
"[0.3736822771352537, 0.658794333112411, -0.8860930644306214, 0.5263260797620949]",28.496167733952426,1.0542033728723197
"[0.37367442473949003, 0.6587930216471379, -0.8860926568699212, 0.5263274713476133]",28.49618878796232,1.0542662053537164
"[0.37366657268824194, 0.6587917103862573, -0.8860922494246434, 0.5263288627085996]",28.49620984628354,1.054329037835113
"[0.37365872103239833, 0.6587903993382507, -0.886091842097416, 0.5263302538360498]",28.496230907182895,1.0543918703165094
"[0.37365086942016285, 0.6587890884443559, -0.8860914348699838, 0.5263316447923122]",28.496251966700445,1.054454702797906
"[0.37364301752884477, 0.6587877776506983, -0.8860910277256167, 0.5263330356345471]",28.49627302792005,1.0545175352793028
"[0.373635166613611, 0.6587864671667905, -0.886090620729388, 0.5263344261404438]",28.496294092951644,1.0545803677606993
"[0.3736273150986595, 0.6587851567295879, -0.8860902137996032, 0.5263358165891041]",28.49631515504086,1.054643200242096
"[0.3736194646003219, 0.6587838466088256, -0.8860898070200277, 0.5263372066943225]",28.49633622431534,1.0547060327234925
"[0.37361161372108337, 0.6587825365712762, -0.8860894003182392, 0.5263385967035596]",28.49635729203165,1.0547688652048892
"[0.3736037634239244, 0.6587812267776098, -0.8860889937441223, 0.5263399864463335]",28.49637836800162,1.054831697686286
"[0.37359591246298557, 0.6587799170199571, -0.8860885872331558, 0.5263413761431975]",28.496399438915628,1.0548945301676824
"[0.37358806259584276, 0.6587786075915133, -0.8860881808763393, 0.5263427654830579]",28.496420516098073,1.0549573626490791
"[0.37358021297387817, 0.6587772983506776, -0.8860877746297203, 0.5263441546161544]",28.496441598348596,1.0550201951304756
"[0.37357236308701114, 0.6587759892123703, -0.8860873684669038, 0.5263455436327537]",28.496462673000877,1.0550830276118721
"[0.373564513452903, 0.6587746802629395, -0.886086962414676, 0.5263469324412333]",28.496483753593363,1.0551458600932688
"[0.3735566642548629, 0.6587733715328651, -0.8860865564825089, 0.5263483210092561]",28.496504840903242,1.0552086925746655
"[0.37354881530543516, 0.6587720629909196, -0.8860861506606981, 0.5263497093699459]",28.496525926071858,1.055271525056062
"[0.3735409660103919, 0.6587707545380277, -0.8860857449185238, 0.5263510976284176]",28.49654701319277,1.0553343575374587
"[0.37353311707370884, 0.6587694462915293, -0.8860853392923771, 0.5263524856601705]",28.496568102571864,1.0553971900188552
"[0.37352526891767623, 0.6587681383217711, -0.8860849338040631, 0.5263538733905657]",28.496589192146423,1.055460022500252
"[0.373517420362606, 0.6587668304321336, -0.8860845283926269, 0.5263552610282081]",28.496610286350908,1.0555228549816484
"[0.37350957200575813, 0.6587655227221454, -0.8860841230889246, 0.5263566484674956]",28.496631382088214,1.0555856874630452
"[0.373501723887285, 0.6587642151984787, -0.8860837178950253, 0.5263580357013461]",28.496652477583627,1.0556485199444419
"[0.3734938765178968, 0.6587629079461843, -0.8860833128372797, 0.5263594226395208]",28.496673576174977,1.0557113524258384
"[0.3734860285288814, 0.6587616007372528, -0.8860829078450394, 0.5263608095239231]",28.49669467488673,1.0557741849072348
"[0.3734781811780542, 0.6587602937811785, -0.8860825029832153, 0.5263621961322861]",28.496715781962806,1.0558370173886316
"[0.37347033380419725, 0.6587589869678232, -0.8860820982176848, 0.5263635825814563]",28.49673688728535,1.055899849870028
"[0.3734624868201771, 0.6587576803659226, -0.8860816935697386, 0.526364968798506]",28.49675799137084,1.0559626823514248
"[0.37345463973281695, 0.6587563738933448, -0.8860812890139425, 0.5263663548705676]",28.496779099594065,1.0560255148328215
"[0.37344679332119884, 0.6587550676797791, -0.8860808845904539, 0.5263677406600461]",28.496800211755843,1.056088347314218
"[0.3734389468413345, 0.6587537616013495, -0.8860804802609157, 0.5263691262983616]",28.496821324132355,1.0561511797956147
"[0.37343110045765343, 0.6587524556854207, -0.8860800760338037, 0.5263705117564771]",28.496842437668587,1.0562140122770112
"[0.3734232539871609, 0.658751149901528, -0.8860796718996924, 0.5263718970667094]",28.49686355341774,1.0562768447584077
"[0.3734154083171128, 0.6587498443973032, -0.8860792679042698, 0.5263732820724314]",28.496884675434472,1.0563396772398044
"[0.3734075628337169, 0.6587485390705804, -0.8860788640159126, 0.5263746668820282]",28.496905791377284,1.056402509721201
"[0.37339971715531045, 0.6587472338578478, -0.8860784602149767, 0.5263760515628746]",28.496926916482018,1.0564653422025978
"[0.3733918720031811, 0.6587459288790913, -0.8860780565385805, 0.5263774359876751]",28.496948039870322,1.0565281746839943
"[0.37338402669853016, 0.6587446240213829, -0.8860776529517922, 0.5263788202762287]",28.49696916858817,1.0565910071653908
"[0.3733761814826167, 0.6587433193248393, -0.8860772494670257, 0.5263802043859728]",28.49699029317864,1.0566538396467875
"[0.37336833676805725, 0.6587420148580648, -0.8860768461054943, 0.5263815882441228]",28.497011422640096,1.056716672128184
"[0.37336049219225476, 0.6587407105607405, -0.8860764428485437, 0.5263829719146667]",28.497032558779665,1.0567795046095807
"[0.37335264770783594, 0.6587394064249774, -0.8860760396937372, 0.5263843554059685]",28.49705369191442,1.0568423370909774
"[0.3733448034211079, 0.6587381024684403, -0.8860756366465348, 0.5263857386992841]",28.497074826622054,1.056905169572374
"[0.3733369594289249, 0.6587367987071969, -0.8860752337119064, 0.5263871217775664]",28.4970959630562,1.0569680020537704
"[0.37332911531123913, 0.6587354950714345, -0.8860748308682741, 0.5263885047148694]",28.497117102344,1.057030834535167
"[0.3733212721111491, 0.6587341917344754, -0.886074428169195, 0.5263898873273251]",28.497138244540036,1.0570936670165638
"[0.3733134286554992, 0.6587328885013493, -0.8860740255544247, 0.5263912698217591]",28.49715938924205,1.0571564994979605
"[0.37330558536653397, 0.658731585442212, -0.8860736230456422, 0.5263926521237443]",28.49718053318931,1.057219331979357
"[0.37329774182440173, 0.6587302824873049, -0.8860732206213044, 0.526394034307277]",28.497201679519502,1.0572821644607535
"[0.3732898991464696, 0.6587289798222232, -0.8860728183387307, 0.5263954161754736]",28.497222829044937,1.0573449969421502
"[0.3732820565869546, 0.6587276773230641, -0.8860724161596514, 0.5263967978597662]",28.497243984454393,1.0574078294235467
"[0.3732742139448036, 0.6587263749564188, -0.8860720140737574, 0.5263981793955919]",28.497265135405865,1.0574706619049434
"[0.3732663722026537, 0.6587250728854489, -0.8860716121314145, 0.5263995606098665]",28.49728628962231,1.0575334943863401
"[0.3732585293050334, 0.6587237707688566, -0.8860712102272739, 0.5264009418646284]",28.497307446212858,1.0575963268677366
"[0.3732506873887801, 0.658722468961406, -0.8860708084708413, 0.5264023227835471]",28.49732860280646,1.0576591593491333
"[0.3732428463576616, 0.6587211674470697, -0.8860704068571548, 0.5264037033836225]",28.497349767740612,1.0577219918305298
"[0.3732350044592625, 0.6587198659349561, -0.8860700052964573, 0.526405083973419]",28.497370928235274,1.0577848243119263
"[0.3732271629877858, 0.6587185646398734, -0.8860696038550336, 0.5264064643250699]",28.497392092200915,1.057847656793323
"[0.373219321908903, 0.6587172635560987, -0.8860692025311119, 0.5264078444446438]",28.497413259844713,1.0579104892747198
"[0.3732114808438049, 0.6587159626207639, -0.8860688013052989, 0.5264092243988238]",28.497434427795604,1.0579733217561162
"[0.37320363991333144, 0.6587146618538897, -0.8860684001837785, 0.5264106041663694]",28.497455599914552,1.058036154237513
"[0.37319579945886816, 0.6587133613121071, -0.8860679991840053, 0.5264119836872062]",28.497476769388218,1.0580989867189095
"[0.3731879593716408, 0.6587120609773358, -0.8860675983004026, 0.5264133629805094]",28.497497948633203,1.0581618192003062
"[0.3731801191543678, 0.658710760767093, -0.8860671975075413, 0.5264147421337659]",28.497519123653372,1.0582246516817027
"[0.3731722789610661, 0.6587094607069051, -0.8860667968132991, 0.5264161211198961]",28.497540301226973,1.0582874841630994
"[0.3731644389690198, 0.658708160826172, -0.8860663962267347, 0.5264174999077105]",28.497561480004055,1.058350316644496
"[0.3731565992095364, 0.6587068611300586, -0.8860659957494421, 0.5264188784917269]",28.497582662411453,1.0584131491258926
"[0.3731487597865465, 0.6587055616357778, -0.8860655953867222, 0.526420256853684]",28.497603848830234,1.058475981607289
"[0.3731409206134376, 0.6587042623289524, -0.8860651951341425, 0.5264216350088283]",28.49762503391575,1.0585388140886858
"[0.3731330814763555, 0.6587029631741208, -0.886064794980782, 0.5264230129947688]",28.497646221175327,1.0586016465700823
"[0.37312524263907126, 0.6587016642149757, -0.8860643949401008, 0.5264243907651593]",28.497667410189987,1.058664479051479
"[0.3731174039803694, 0.6587003654314265, -0.886063995005906, 0.5264257683413044]",28.497688601758483,1.0587273115328757
"[0.3731095651130029, 0.6586990667592939, -0.8860635951584435, 0.5264271457912728]",28.497709792716,1.0587901440142722
"[0.3731017269261637, 0.6586977683458813, -0.8860631954430624, 0.5264285229588215]",28.497730991548114,1.058852976495669
"[0.3730938889086406, 0.6586964701064708, -0.88606279583368, 0.5264298999338048]",28.497752192421416,1.0589158089770654
"[0.37308605114164634, 0.6586951720545, -0.8860623963344308, 0.5264312767019657]",28.497773387965832,1.0589786414584619
"[0.3730782132971304, 0.6586938741356285, -0.8860619969285937, 0.5264326533209358]",28.497794591362,1.0590414739398588
"[0.37307037578251795, 0.658692576417312, -0.8860615976369276, 0.5264340297191658]",28.49781579394241,1.0591043064212553
"[0.3730625382861603, 0.6586912788479333, -0.886061198443551, 0.5264354059513976]",28.497836997106145,1.0591671389026518
"[0.37305470088685805, 0.6586899814405479, -0.8860607993524776, 0.5264367820037795]",28.497858203809095,1.0592299713840485
"[0.37304686411255256, 0.658688684282473, -0.8860604003905809, 0.5264381577837017]",28.497879415083855,1.059292803865445
"[0.3730390272533464, 0.6586873872562373, -0.8860600015217118, 0.5264395334157483]",28.497900625815877,1.0593556363468417
"[0.3730311912024265, 0.6586860905096251, -0.8860596027913196, 0.5264409087431766]",28.497921839444704,1.0594184688282384
"[0.3730233541996584, 0.6586847937513582, -0.8860592041098466, 0.5264422840749108]",28.497943053617643,1.059481301309635
"[0.3730155181788437, 0.6586834973014101, -0.8860588055756707, 0.5264436590715855]",28.497964273030238,1.0595441337910316
"[0.37300768179346894, 0.6586822009369806, -0.8860584071202996, 0.5264450339694962]",28.49798548837244,1.0596069662724281
"[0.3729998457900066, 0.6586809047815523, -0.8860580087816907, 0.526446408637675]",28.498006712030598,1.0596697987538246
"[0.3729920107607566, 0.6586796089330551, -0.8860576105899313, 0.5264477829722579]",28.49802793314685,1.0597326312352213
"[0.3729841749921347, 0.6586783131080636, -0.886057212457931, 0.5264491572738328]",28.49804915993098,1.059795463716618
"[0.3729763394720097, 0.6586770174699551, -0.8860568144358942, 0.5264505313691229]",28.498070382972404,1.0598582961980147
"[0.3729685047306409, 0.6586757221063754, -0.8860564165507407, 0.526451905165172]",28.498091615000938,1.0599211286794112
"[0.37296066935822314, 0.6586744267842236, -0.8860560187308729, 0.5264532789091906]",28.498112842876818,1.0599839611608077
"[0.37295283488622666, 0.658673131756666, -0.8860556210540443, 0.526454652332682]",28.498134076852118,1.0600467936422044
"[0.3729450000523166, 0.6586718368150277, -0.8860552234561717, 0.5264560256569486]",28.49815530789871,1.060109626123601
"[0.37293716602279964, 0.6586705421520368, -0.8860548259964357, 0.5264573986775946]",28.498176546183558,1.0601724586049976
"[0.37292933191069927, 0.658669247621106, -0.8860544286298253, 0.526458771550075]",28.498197782816163,1.0602352910863944
"[0.37292149791484813, 0.6586679532550777, -0.8860540313664262, 0.5264601442395552]",28.498219022466042,1.0602981235677909
"[0.37291366409464444, 0.6586666590637531, -0.886053634209249, 0.5264615167356375]",28.498240265680536,1.0603609560491876
"[0.3729058304518948, 0.6586653650474166, -0.8860532371583798, 0.526462889038016]",28.498261507251655,1.060423788530584
"[0.3728979968711367, 0.6586640711869808, -0.8860528402079648, 0.5264642611669297]",28.498282756277323,1.0604866210119805
"[0.3728901640927201, 0.6586627776047022, -0.8860524433955058, 0.5264656329927229]",28.498304004490077,1.0605494534933773
"[0.3728823306975751, 0.6586614840662101, -0.8860520466491105, 0.5264670047639382]",28.498325251483912,1.060612285974774
"[0.3728744976873456, 0.6586601907369038, -0.8860516500195178, 0.5264683763051687]",28.498346502212364,1.0606751184561705
"[0.37286666569728744, 0.6586588977216407, -0.8860512535388698, 0.5264697475052135]",28.498367758348735,1.0607379509375672
"[0.3728588328039012, 0.6586576047028505, -0.8860508571097933, 0.5264711187008403]",28.49838901173137,1.0608007834189637
"[0.37285100121681547, 0.6586563120452585, -0.8860504608441139, 0.52647248950527]",28.4984102717059,1.0608636159003602
"[0.37284316821245567, 0.6586550192993068, -0.8860500646040278, 0.5264738603952355]",28.498431523989183,1.0609264483817569
"[0.37283533661349716, 0.6586537269308781, -0.8860496685323247, 0.5264752308766841]",28.498452789225684,1.0609892808631536
"[0.3728275046672031, 0.6586524346506839, -0.886049272540346, 0.5264766012563883]",28.49847405133497,1.0610521133445503
"[0.3728196734952255, 0.6586511426437819, -0.8860488766847974, 0.5264779713381023]",28.498495316017838,1.0611149458259468
"[0.3728118418777979, 0.6586498507089137, -0.8860484809040178, 0.5264793413352435]",28.498516585415807,1.0611777783073433
"[0.3728040107238282, 0.6586485589960157, -0.886048085243942, 0.5264807110888102]",28.49853785062047,1.06124061078874
"[0.3727961799385246, 0.6586472674894206, -0.8860476896997675, 0.5264820806154147]",28.498559121160454,1.0613034432701367
"[0.3727883493823508, 0.6586459761660951, -0.8860472942644373, 0.526483449939477]",28.49858039380077,1.0613662757515332
"[0.3727805188891312, 0.6586446849986219, -0.8860468989295569, 0.5264848190900673]",28.49860167314396,1.06142910823293
"[0.37277268841148303, 0.6586433939792036, -0.8860465036927346, 0.5264861880754478]",28.498622945694837,1.0614919407143264
"[0.37276485771925433, 0.6586421030698353, -0.88604610854236, 0.5264875569359184]",28.498644224891542,1.0615547731957231
"[0.37275702798191607, 0.6586408124633247, -0.8860457135374351, 0.5264889254670224]",28.498665506466626,1.0616176056771196
"[0.3727491980969123, 0.6586395219779134, -0.8860453186223234, 0.5264902938614887]",28.49868678710324,1.0616804381585163
"[0.3727413688401649, 0.6586382317414397, -0.886044923836155, 0.5264916619837594]",28.49870807414873,1.061743270639913
"[0.3727335391137415, 0.6586369415729896, -0.8860445291235647, 0.526493030025663]",28.498729356201714,1.0618061031213095
"[0.37272571029164253, 0.6586356516989121, -0.8860441345538139, 0.5264943977471881]",28.49875065023689,1.061868935602706
"[0.3727178811017132, 0.6586343619096166, -0.8860437400627788, 0.5264957653705683]",28.49877193767651,1.0619317680841027
"[0.37271005248133593, 0.6586330723595109, -0.8860433456976902, 0.5264971327320748]",28.49879322665751,1.0619946005654992
"[0.37270222404216546, 0.6586317829845971, -0.8860429514389728, 0.5264984998995634]",28.49881452244022,1.062057433046896
"[0.3726943951127566, 0.658630493674291, -0.88604255725282, 0.5264998669902861]",28.49883581630228,1.0621202655282926
"[0.3726865666535173, 0.6586292045867524, -0.886042163187591, 0.5265012338365365]",28.498857114115225,1.0621830980096891
"[0.37267873854646477, 0.6586279157025268, -0.8860417692373332, 0.5265026004589407]",28.498878415283947,1.0622459304910858
"[0.3726709106566395, 0.6586266269993926, -0.8860413753952465, 0.5265039668810544]",28.498899713811962,1.0623087629724823
"[0.3726630833728374, 0.6586253385412623, -0.8860409816808802, 0.5265053330351136]",28.498921023509762,1.0623715954538788
"[0.37265525545726497, 0.6586240501244455, -0.886040588031975, 0.5265066991370814]",28.498942325018394,1.0624344279352755
"[0.37264742857778194, 0.6586227620234161, -0.8860401945323988, 0.5265080648959327]",28.498963633073924,1.0624972604166723
"[0.3726396010426935, 0.6586214739597598, -0.8860398010970963, 0.5265094306068625]",28.498984939683325,1.0625600928980687
"[0.3726317736029052, 0.6586201860570399, -0.886039407763823, 0.5265107961388547]",28.499006251021534,1.0626229253794655
"[0.3726239472825657, 0.6586188984837344, -0.8860390145840228, 0.5265121613132734]",28.49902756559624,1.062685757860862
"[0.3726161208016813, 0.6586176110292313, -0.8860386214933754, 0.5265135263534207]",28.499048879032006,1.0627485903422587
"[0.37260829460774003, 0.6586163237671294, -0.8860382285143562, 0.5265148911812592]",28.49907019998139,1.0628114228236551
"[0.3726004679772484, 0.6586150365784276, -0.8860378356106415, 0.5265162559229551]",28.499091517048033,1.0628742553050519
"[0.37259264215554466, 0.658613749667924, -0.8860374428447441, 0.526517620361368]",28.499112837810927,1.0629370877864486
"[0.37258481559511997, 0.6586124627811331, -0.8860370501389971, 0.5265189847663097]",28.49913415552679,1.062999920267845
"[0.3725769905156347, 0.6586111762829923, -0.8860366576047631, 0.5265203487508577]",28.499155485140122,1.0630627527492416
"[0.3725691652146349, 0.6586098898935727, -0.8860362651566199, 0.5265217126117981]",28.499176811187564,1.0631255852306383
"[0.37256133965465066, 0.6586086036067207, -0.8860358727926996, 0.5265230763556502]",28.499198137557123,1.063188417712035
"[0.37255351441619283, 0.6586073175178476, -0.8860354805421093, 0.5265244398812533]",28.499219467214836,1.0632512501934317
"[0.3725456898476164, 0.658606031684173, -0.886035088422295, 0.5265258031279393]",28.499240802141248,1.0633140826748282
"[0.37253786490741814, 0.6586047459345474, -0.8860346963810588, 0.5265271662771566]",28.49926213414753,1.0633769151562247
"[0.3725300405216607, 0.6586034604210768, -0.8860343044647975, 0.5265285291676431]",28.49928346964038,1.0634397476376214
"[0.37252221653123285, 0.6586021751176374, -0.8860339126655263, 0.5265298918270873]",28.49930480742301,1.0635025801190179
"[0.3725143920330028, 0.6586008898758469, -0.8860335209380228, 0.5265312544127992]",28.49932614931176,1.0635654126004146
"[0.37250656802169124, 0.6585996048590922, -0.8860331293320902, 0.5265326167515553]",28.499347492746455,1.0636282450818113
"[0.37249874442913666, 0.6585983200561479, -0.8860327378443025, 0.5265339788552534]",28.499368834223986,1.0636910775632078
"[0.37249092087632274, 0.6585970354047548, -0.886032346455687, 0.5265353407898948]",28.499390184251748,1.0637539100446045
"[0.37248309747591984, 0.6585957509234015, -0.8860319551718799, 0.5265367025358744]",28.49941152872487,1.063816742526001
"[0.3724752745835495, 0.6585944666704535, -0.886031564010657, 0.5265380640313132]",28.499432879633535,1.0638795750073975
"[0.3724674509950722, 0.6585931824482383, -0.8860311729118142, 0.5265394254857674]",28.499454227299005,1.0639424074887942
"[0.3724596281437327, 0.6585918984919947, -0.8860307819470017, 0.5265407866498477]",28.49947558218262,1.064005239970191
"[0.372451805481623, 0.6585906147117787, -0.8860303910888206, 0.5265421476189033]",28.499496936000874,1.0640680724515874
"[0.37244398324422023, 0.6585893311462119, -0.8860300003490278, 0.5265435083519873]",28.499518294392836,1.0641309049329841
"[0.37243616058318946, 0.6585880476560817, -0.8860296096852491, 0.5265448689966769]",28.499539652287623,1.0641937374143806
"[0.3724283392326244, 0.658586764525878, -0.8860292191840706, 0.5265462292513777]",28.499561013152473,1.064256569895777
"[0.37242051713612034, 0.6585854814182165, -0.8860288287428131, 0.5265475894737505]",28.499582379011922,1.0643194023771738
"[0.3724126954717776, 0.6585841985263614, -0.8860284384202903, 0.5265489494589088]",28.499603742437092,1.0643822348585705
"[0.3724048739987418, 0.6585829158107568, -0.8860280482044731, 0.5265503092487859]",28.499625107500627,1.0644450673399672
"[0.3723970524262505, 0.6585816332237399, -0.8860276580808554, 0.5265516688939014]",28.499646478326,1.0645078998213637
"[0.3723892313066194, 0.6585803508558544, -0.8860272680769821, 0.5265530282982683]",28.499667847564417,1.0645707323027602
"[0.37238141033991573, 0.6585790686579018, -0.8860268781778873, 0.5265543875140382]",28.49968922070446,1.064633564784157
"[0.3723735897036604, 0.658577786658966, -0.886026488392415, 0.5265557465103756]",28.49971059776462,1.0646963972655534
"[0.37236576857715814, 0.6585765047245158, -0.8860260986796654, 0.526557105429888]",28.49973197007039,1.0647592297469501
"[0.37235794872632333, 0.6585752231439649, -0.8860257091276201, 0.5265584639657777]",28.49975334961746,1.0648220622283469
"[0.3723501288439255, 0.6585739417030385, -0.8860253196711365, 0.5265598223451836]",28.499774731821482,1.0648848947097433
"[0.37234230864771506, 0.6585726603554919, -0.8860249302961662, 0.5265611806171222]",28.49979610738785,1.06494772719114
"[0.3723344885329465, 0.658571379166079, -0.8860245410223963, 0.5265625387129479]",28.49981749639354,1.0650105596725365
"[0.37232666849896706, 0.6585700981346877, -0.8860241518497939, 0.5265638966327756]",28.499838878616657,1.065073392153933
"[0.37231884955444017, 0.6585688174265182, -0.8860237628285362, 0.5265652542014857]",28.49986026941741,1.06513622463533
"[0.37231103055557474, 0.658567536854188, -0.8860233739016984, 0.5265666116177049]",28.499881659836372,1.0651990571167265
"[0.3723032111080529, 0.658566256353119, -0.8860229850496788, 0.5265679689498813]",28.499903049081013,1.065261889598123
"[0.3722953922307889, 0.6585649760901663, -0.8860225963231465, 0.5265693260211436]",28.49992444166586,1.0653247220795197
"[0.37228757351114583, 0.6585636959977353, -0.8860222077015759, 0.5265706829031389]",28.49994583855693,1.0653875545609162
"[0.3722797553691337, 0.6585624161445685, -0.8860218192058309, 0.5265720395229976]",28.499967239607283,1.0654503870423129
"[0.37227193634526534, 0.6585611362917417, -0.8860214307633959, 0.5265733961339703]",28.499988634260383,1.0655132195237096
"[0.37226411866215003, 0.658559856803048, -0.8860210424846822, 0.526574752350442]",28.500010036361275,1.065576052005106
"[0.3722563007915998, 0.6585585774283366, -0.8860206542937699, 0.5265761084375615]",28.50003143946447,1.0656388844865028
"[0.37224848310955716, 0.6585572982291243, -0.8860202662093289, 0.5265774643301195]",28.500052845049577,1.0657017169678993
"[0.37224066552087337, 0.6585560191898313, -0.8860198782266326, 0.5265788200446256]",28.500074252453814,1.0657645494492958
"[0.37223284799578793, 0.6585547403055739, -0.8860194903442035, 0.5265801755862526]",28.500095658521435,1.0658273819306925
"[0.37222503086470676, 0.6585534616303911, -0.8860191025784289, 0.5265815308977189]",28.500117073506857,1.0658902144120892
"[0.37221721399972485, 0.6585521831433346, -0.886018714922955, 0.5265828860012243]",28.500138482972655,1.0659530468934857
"[0.3722093969384537, 0.6585509047687734, -0.8860183273548509, 0.5265842409769285]",28.50015989981583,1.0660158793748824
"[0.3722015805284191, 0.6585496266452915, -0.8860179399161314, 0.5265855956779395]",28.50018131496989,1.066078711856279
"[0.37219376404689264, 0.6585483486546894, -0.8860175525709636, 0.5265869502295355]",28.500202737038197,1.0661415443376756
"[0.37218594810548034, 0.6585470708969486, -0.8860171653496495, 0.5265883045257409]",28.500224154240982,1.066204376819072
"[0.3721781319080162, 0.6585457932418761, -0.886016778212742, 0.5265896587045461]",28.500245577075148,1.0662672093004688
"[0.3721703158069212, 0.6585445157471094, -0.8860163911777017, 0.5265910127048541]",28.500267001764826,1.0663300417818655
"[0.3721624999347856, 0.6585432384342899, -0.8860160042510905, 0.5265923665037245]",28.500288425016514,1.066392874263262
"[0.37215468431288923, 0.658541961306882, -0.8860156174339553, 0.5265937200974817]",28.500309857244538,1.0664557067446585
"[0.37214686920941287, 0.6585406844086805, -0.8860152307395571, 0.526595073439706]",28.50033128519881,1.0665185392260552
"[0.37213905405283704, 0.6585394076462868, -0.8860148441396105, 0.5265964266293839]",28.50035271653798,1.0665813717074517
"[0.37213123897163664, 0.6585381310406822, -0.8860144576404727, 0.5265977796442739]",28.500374149162724,1.0666442041888484
"[0.372123424388774, 0.6585368546609413, -0.8860140712630531, 0.5265991324111633]",28.500395584778822,1.0667070366702451
"[0.37211561024938944, 0.6585355784980709, -0.8860136850046241, 0.5266004849395807]",28.500417024752334,1.0667698691516416
"[0.3721077953988222, 0.6585343023635011, -0.8860132988081176, 0.5266018374293753]",28.500438462364038,1.0668327016330383
"[0.37209998166322905, 0.658533026555417, -0.8860129127637735, 0.526603189564517]",28.500459904866943,1.0668955341144348
"[0.37209216708258275, 0.6585317507537815, -0.8860125267747522, 0.5266045416841866]",28.500481347061132,1.0669583665958313
"[0.3720843533121825, 0.6585304752288318, -0.8860121409228178, 0.5266058935019751]",28.500502791163253,1.067021199077228
"[0.3720765403523516, 0.6585291999805688, -0.8860117552079583, 0.5266072450178816]",28.500524243437454,1.0670840315586247
"[0.3720687266162544, 0.6585279247499822, -0.8860113695518355, 0.5266085965064013]",28.500545690325165,1.0671468640400215
"[0.37206091318269624, 0.658526649713145, -0.8860109840077058, 0.5266099477809276]",28.500567138993322,1.067209696521418
"[0.37205310010213594, 0.6585253748782651, -0.8860105985780499, 0.526611298832759]",28.50058859446553,1.0672725290028144
"[0.37204528721006486, 0.6585241002184837, -0.8860102132547442, 0.5266126496903558]",28.50061004810842,1.0673353614842112
"[0.3720374742693626, 0.6585228256951046, -0.886009828026094, 0.5266140003947235]",28.500631502581108,1.0673981939656079
"[0.3720296620182495, 0.6585215514285306, -0.8860094429284884, 0.5266153508182595]",28.500652962279148,1.0674610264470044
"[0.3720218495802275, 0.6585202772757757, -0.8860090579187141, 0.5266167011124916]",28.500674421696598,1.067523858928401
"[0.37201403772560326, 0.658519003362457, -0.8860086730347283, 0.526618051144293]",28.500695886538765,1.0675866914097976
"[0.3720062253852451, 0.6585177295142169, -0.8860082882238566, 0.5266194010984344]",28.500717348111017,1.0676495238911943
"[0.37199841375776777, 0.6585164559264864, -0.886007903545136, 0.5266207507678051]",28.500738814198133,1.0677123563725908
"[0.3719906022837175, 0.6585151825080228, -0.8860075189710037, 0.5266221002490961]",28.500760282421098,1.0677751888539875
"[0.3719827911991273, 0.6585139092972981, -0.8860071345130711, 0.5266234495015323]",28.500781755322244,1.0678380213353842
"[0.37197497968213056, 0.6585126361603075, -0.8860067501308909, 0.5266247986671206]",28.500803224476826,1.0679008538167807
"[0.37196716877142094, 0.6585113632663643, -0.8860063658755716, 0.5266261475664302]",28.50082470008668,1.0679636862981772
"[0.3719593576080539, 0.6585100904754659, -0.8860059817048546, 0.5266274963478197]",28.500846175596294,1.0680265187795739
"[0.3719515472457151, 0.6585088179592851, -0.886005597670554, 0.5266288448293639]",28.500867657014393,1.0680893512609704
"[0.37194373697861804, 0.6585075456027994, -0.8860052137379526, 0.5266301931329488]",28.500889135599554,1.068152183742367
"[0.3719359267802376, 0.6585062734016794, -0.8860048299057448, 0.5266315412631585]",28.500910613109312,1.0682150162237638
"[0.37192811660282893, 0.6585050013481402, -0.8860044461715859, 0.526632889228238]",28.50093209652264,1.0682778487051603
"[0.37192030691053884, 0.658503729517758, -0.8860040625582727, 0.5266342369480973]",28.500953583853633,1.068340681186557
"[0.3719124975269652, 0.6585024578817799, -0.8860036790571277, 0.5266355844532024]",28.500975072090153,1.0684035136679535
"[0.37190468712654234, 0.658501186224372, -0.8860032956030715, 0.5266369319722586]",28.50099655896574,1.06846634614935
"[0.3718968783449439, 0.6584999149746404, -0.8860029123254942, 0.5266382790505577]",28.50101804895532,1.0685291786307467
"[0.37188906896688584, 0.6584986437719119, -0.8860025291156461, 0.5266396260702845]",28.501039543958967,1.0685920111121434
"[0.37188126004561445, 0.6584973727876301, -0.8860021460252157, 0.5266409728497651]",28.50106103936936,1.06865484359354
"[0.37187345125649385, 0.658496101968937, -0.8860017630382685, 0.5266423194450066]",28.50108253570097,1.0687176760749366
"[0.37186564264804456, 0.6584948313237153, -0.8860013801571798, 0.5266436658476525]",28.50110403534871,1.068780508556333
"[0.3718578341487405, 0.6584935608403139, -0.8860009973784401, 0.5266450120700444]",28.5011255336892,1.0688433410377298
"[0.3718500264226717, 0.6584922906267453, -0.8860006147345899, 0.5266463579977282]",28.501147036947923,1.0689061735191263
"[0.3718422177295439, 0.6584910203999, -0.886000232140345, 0.526647703930684]",28.50116854095977,1.068969006000523
"[0.37183441032431275, 0.6584897505265657, -0.8859998497061862, 0.5266490494802593]",28.501190046140717,1.0690318384819197
"[0.3718266026098118, 0.6584884807469352, -0.8859994673538621, 0.5266503949217417]",28.50121155426255,1.0690946709633162
"[0.3718187952108791, 0.6584872111626455, -0.8859990851139745, 0.5266517401474315]",28.501233067807842,1.0691575034447127
"[0.37181098802250623, 0.658485941756526, -0.8859987029813744, 0.5266530851755259]",28.501254577493924,1.0692203359261094
"[0.3718031807885401, 0.6584846724869915, -0.8859983209435235, 0.5266544300500757]",28.501276091633585,1.069283168407506
"[0.3717953738335067, 0.6584834034067681, -0.8859979390162995, 0.5266557747152133]",28.501297607744426,1.0693460008889029
"[0.37178756727991624, 0.6584821345357472, -0.8859975572056862, 0.5266571191498592]",28.501319126933435,1.0694088333702993
"[0.37177976015478065, 0.6584808657157765, -0.8859971754641006, 0.5266584635215794]",28.501340641741717,1.0694716658516958
"[0.3717719541570558, 0.6584795972229545, -0.8859967938746082, 0.5266598075378311]",28.50136216532396,1.0695344983330926
"[0.37176414822633763, 0.6584783288849243, -0.8859964123853515, 0.5266611513812312]",28.50138369079845,1.069597330814489
"[0.37175634201703683, 0.6584770606455329, -0.8859960309794475, 0.526662495111271]",28.50140521560203,1.0696601632958858
"[0.3717485366441002, 0.6584757926859015, -0.8859956497113637, 0.5266638385360445]",28.50142674233076,1.0697229957772825
"[0.371740730885247, 0.658474524807459, -0.8859952685213884, 0.5266651818659376]",28.501448273188924,1.069785828258679
"[0.37173292549934167, 0.6584732571334533, -0.8859948874465848, 0.5266665249703639]",28.501469804951782,1.0698486607400755
"[0.3717251202033248, 0.6584719896179039, -0.8859945064731257, 0.5266678678980362]",28.501491331616844,1.0699114932214722
"[0.37171731514277856, 0.6584707222844348, -0.8859941256081131, 0.5266692106239208]",28.501512870208316,1.0699743257028687
"[0.37170951020514387, 0.6584694551147542, -0.8859937448460504, 0.5266705531673944]",28.50153440486038,1.0700371581842654
"[0.3717017058081401, 0.6584681881766582, -0.8859933642073056, 0.5266718954566245]",28.50155594919874,1.070099990665662
"[0.3716939011828966, 0.6584669213453176, -0.8859929836543756, 0.5266732376238613]",28.50157748332507,1.0701628231470586
"[0.37168609701770855, 0.658465654732443, -0.8859926032208202, 0.5266745795507471]",28.501599031935857,1.0702256556284553
"[0.3716782928853076, 0.658464388268671, -0.885992222885803, 0.5266759213107653]",28.501620573132353,1.0702884881098518
"[0.3716704889163852, 0.6584631219752121, -0.8859918426556926, 0.5266772628814406]",28.50164211849301,1.0703513205912483
"[0.3716626853714378, 0.6584618558942785, -0.8859914625431723, 0.5266786042180498]",28.501663667098118,1.070414153072645
"[0.3716548820779524, 0.6584605899978875, -0.8859910825398292, 0.5266799453502342]",28.501685218489456,1.0704769855540417
"[0.3716470781660931, 0.6584593241449292, -0.8859907026033126, 0.526681286427485]",28.501706770824683,1.0705398180354384
"[0.3716392751264796, 0.6584580585771825, -0.8859903228061914, 0.5266826271936513]",28.501728323637376,1.070602650516835
"[0.3716314720936872, 0.658456793154246, -0.885989943106329, 0.5266839677974757]",28.501749878005306,1.0706654829982314
"[0.371623668834699, 0.6584555278383415, -0.8859895634923931, 0.5266853082789751]",28.501771436303372,1.070728315479628
"[0.3716158669651829, 0.6584542628914125, -0.8859891840429633, 0.5266866483606432]",28.501792996413503,1.0707911479610246
"[0.37160806461926366, 0.6584529980109081, -0.8859888046672769, 0.5266879883629987]",28.501814559428865,1.0708539804424213
"[0.3716002619404182, 0.658451733220105, -0.8859884253723275, 0.526689328261377]",28.501836121146148,1.070916812923818
"[0.3715924602283154, 0.6584504687296533, -0.8859880462212834, 0.5266906678326155]",28.501857688060557,1.0709796454052145
"[0.37158465814090713, 0.6584492043220145, -0.8859876671489142, 0.526692007307166]",28.50187925480015,1.0710424778866112
"[0.3715768566510639, 0.6584479401548403, -0.885987288202487, 0.5266933465180135]",28.501900825536673,1.0711053103680077
"[0.37156905492445375, 0.6584466760929218, -0.8859869093414693, 0.5266946856083888]",28.501922393698962,1.0711681428494042
"[0.3715612536856453, 0.6584454122536381, -0.8859865306010458, 0.526696024453943]",28.501943968262978,1.0712309753308011
"[0.37155345272942464, 0.6584441486037231, -0.885986151971241, 0.5266973630899124]",28.501965543393315,1.0712938078121976
"[0.37154565168227377, 0.6584428850826596, -0.8859857734339248, 0.5266987015804016]",28.50198711923565,1.0713566402935941
"[0.37153785110701476, 0.658441621781591, -0.8859853950164023, 0.5267000398288555]",28.502008700874317,1.0714194727749908
"[0.3715300507106397, 0.6584403586530455, -0.8859850167044492, 0.5267013778855598]",28.502030279862527,1.0714823052563873
"[0.3715222502107707, 0.6584390956512808, -0.8859846384843723, 0.5267027157989654]",28.502051864808347,1.071545137737784
"[0.3715144495793607, 0.6584378327717717, -0.8859842603548171, 0.5267040535738605]",28.502073444700276,1.0716079702191807
"[0.37150665023091867, 0.6584365702434696, -0.8859838823843321, 0.526705390967715]",28.502095034993026,1.0716708027005772
"[0.3714988497668236, 0.6584353076780909, -0.8859835044566751, 0.5267067283918316]",28.502116616470072,1.071733635181974
"[0.3714910504267353, 0.6584340454381261, -0.8859831266803587, 0.5267080654622243]",28.502138209792427,1.0717964676633704
"[0.3714832509383457, 0.6584327833176512, -0.8859827489937397, 0.5267094023970208]",28.502159800697747,1.071859300144767
"[0.3714754515112515, 0.658431521350579, -0.8859823714069713, 0.5267107391602941]",28.502181392688424,1.0719221326261636
"[0.37146765278052335, 0.6584302596396215, -0.8859819939507874, 0.526712075643243]",28.502202990193037,1.0719849651075604
"[0.3714598536927916, 0.658428998014386, -0.8859816165742012, 0.5267134120263499]",28.502224589173064,1.0720477975889569
"[0.37145205516512797, 0.6584277366231414, -0.8859812393215856, 0.5267147481525641]",28.50224618732934,1.0721106300703536
"[0.3714442566566742, 0.6584264753784486, -0.8859808621667676, 0.5267160841144952]",28.502267790420255,1.07217346255175
"[0.3714364584183551, 0.6584252143208875, -0.8859804851218801, 0.5267174198691545]",28.502289394744324,1.0722362950331468
"[0.3714286600050781, 0.6584239533783789, -0.8859801081654028, 0.5267187554928954]",28.502310998038336,1.0722991275145433
"[0.37142086208184655, 0.6584226926585298, -0.8859797313294779, 0.5267200908717253]",28.50233260687641,1.07236195999594
"[0.3714130646365089, 0.6584214321593125, -0.885979354613501, 0.5267214260077924]",28.50235421772105,1.0724247924773367
"[0.3714052669837087, 0.6584201717699238, -0.8859789779843584, 0.5267227610184566]",28.502375826349095,1.0724876249587332
"[0.3713974697327317, 0.6584189115888337, -0.8859786014714777, 0.5267240957994139]",28.502397441561875,1.0725504574401297
"[0.37138967209442597, 0.6584176514885043, -0.8859782250367543, 0.5267254304857478]",28.50241905198839,1.0726132899215264
"[0.37138187536540374, 0.6584163916784309, -0.8859778487427746, 0.5267267648555607]",28.502440673474073,1.0726761224029229
"[0.3713740786842636, 0.6584151320194098, -0.8859774725479503, 0.526728099056291]",28.502462288828713,1.0727389548843196
"[0.37136628190000665, 0.6584138724870398, -0.885977096444998, 0.5267294331137794]",28.502483910498608,1.0728017873657163
"[0.3713584852437533, 0.6584126131186485, -0.8859767204450687, 0.5267307669884856]",28.50250553214659,1.0728646198471128
"[0.37135068894090983, 0.6584113539506291, -0.8859763445590262, 0.5267321006418599]",28.502527157416967,1.0729274523285095
"[0.37134289276083293, 0.6584100949457109, -0.8859759687757435, 0.5267334341133739]",28.502548781767025,1.072990284809906
"[0.371335097125612, 0.6584088361720355, -0.8859755931155556, 0.5267347673308531]",28.50257041317348,1.0730531172913025
"[0.3713273011797917, 0.6584075774914582, -0.8859752175372373, 0.5267361004406079]",28.50259204078444,1.0731159497726992
"[0.37131950589332763, 0.6584063190605677, -0.8859748420875132, 0.5267374332767861]",28.50261367398052,1.073178782254096
"[0.37131171050028805, 0.6584050607556949, -0.885974466729485, 0.5267387659703654]",28.50263530689901,1.0732416147354926
"[0.37130391544263897, 0.6584038026481734, -0.8859740914844318, 0.5267400984457914]",28.502656942584007,1.0733044472168891
"[0.3712961204728853, 0.6584025446980305, -0.8859737163404341, 0.5267414307453965]",28.502678580678634,1.0733672796982856
"[0.37128832547584284, 0.6584012868866822, -0.8859733412919494, 0.5267427628888584]",28.50270022121145,1.0734301121796823
"[0.37128053054682447, 0.6584000292294978, -0.885972966343565, 0.5267440948598944]",28.50272185687067,1.073492944661079
"[0.37127273638935815, 0.6583987718399602, -0.8859725915291089, 0.5267454265383145]",28.50274350589383,1.0735557771424755
"[0.3712649423638714, 0.6583975146148568, -0.8859722168178094, 0.5267467580334261]",28.50276514792129,1.0736186096238722
"[0.3712571483313312, 0.6583962575317562, -0.885971842202982, 0.5267480893689815]",28.502786798271035,1.0736814421052687
"[0.3712493539002189, 0.658395000527516, -0.8859714676658189, 0.5267494206118477]",28.50280844589584,1.0737442745866652
"[0.3712415608950359, 0.6583937438963398, -0.8859710932939742, 0.5267507514504434]",28.502830096490673,1.073807107068062
"[0.371233767343942, 0.6583924873202365, -0.8859707189927071, 0.5267520822215342]",28.502851751612507,1.0738699395494586
"[0.3712259734508095, 0.6583912308320975, -0.8859703447718275, 0.5267534128902811]",28.50287340157384,1.0739327720308554
"[0.37121818098834874, 0.6583899747176716, -0.8859699707164339, 0.5267547431540639]",28.502895061217902,1.0739956045122518
"[0.3712103877562099, 0.6583887186222541, -0.8859695967208949, 0.5267560733885207]",28.50291672098978,1.0740584369936483
"[0.3712025951551177, 0.6583874627715982, -0.8859692228524348, 0.526757403354571]",28.502938379879602,1.074121269475045
"[0.3711948024347044, 0.6583862070447668, -0.8859688490750468, 0.5267587331802842]",28.502960042613612,1.0741841019564415
"[0.3711870102685937, 0.6583849515502878, -0.8859684754210345, 0.5267600627507256]",28.502981708341842,1.0742469344378383
"[0.3711792180190449, 0.658383696185387, -0.8859681018598105, 0.5267613921747294]",28.503003370445736,1.074309766919235
"[0.3711714259876676, 0.6583824409986483, -0.8859677284058335, 0.5267627214008416]",28.50302503690367,1.0743725994006315
"[0.3711636341859579, 0.6583811859919059, -0.8859673550596485, 0.5267640504271157]",28.503046706884366,1.0744354318820282
"[0.37115584246875044, 0.6583799311417652, -0.8859669818142963, 0.5267653792783229]",28.50306838054056,1.0744982643634247
"[0.37114805075848817, 0.6583786764357306, -0.8859666086660626, 0.5267667079676915]",28.503090052263385,1.0745610968448212
"[0.3711402596157849, 0.6583774219640471, -0.8859662356417859, 0.5267680363996523]",28.503111729838075,1.0746239293262179
"[0.3711324683332181, 0.6583761676128059, -0.8859658627075914, 0.5267693646948256]",28.503133405255703,1.0746867618076146
"[0.3711246776989221, 0.6583749135088683, -0.885965489901196, 0.5267706927188684]",28.50315508544464,1.074749594289011
"[0.37111688657590786, 0.6583736594691968, -0.885965117168191, 0.5267720206656029]",28.503176765700232,1.0748124267704078
"[0.37110909658961594, 0.6583724057553968, -0.8859647445863283, 0.5267733482580029]",28.503198449313413,1.0748752592518043
"[0.37110130618928683, 0.6583711521178669, -0.8859643720814265, 0.5267746757603753]",28.503220133637193,1.074938091733201
"[0.37109351622219056, 0.6583698986929392, -0.8859639996940006, 0.5267760030283506]",28.50324182240051,1.0750009242145975
"[0.3710857262048621, 0.6583686454028133, -0.8859636274009344, 0.5267773301443092]",28.503263512153453,1.0750637566959942
"[0.37107793632526337, 0.6583673922777197, -0.885963255211211, 0.5267786570762358]",28.50328520434546,1.075126589177391
"[0.3710701467081698, 0.6583661393377152, -0.8859628831307874, 0.5267799838028888]",28.503306895337165,1.0751894216587874
"[0.37106235678842653, 0.6583648864918911, -0.885962511132671, 0.5267813104205256]",28.5033285877593,1.0752522541401839
"[0.37105456774215184, 0.658363633929382, -0.8859621392730176, 0.526782636728872]",28.50335028477692,1.0753150866215806
"[0.3710467787083447, 0.6583623815117018, -0.8859617675107072, 0.5267839628745645]",28.503371981917493,1.075377919102977
"[0.3710389898311121, 0.6583611292620085, -0.8859613958526172, 0.5267852888330781]",28.50339368418317,1.0754407515843738
"[0.37103120174737947, 0.658359877282675, -0.8859610243291245, 0.5267866144960115]",28.503415387695256,1.0755035840657705
"[0.37102341287119406, 0.6583586253187382, -0.8859606528645741, 0.526787940133329]",28.503437089409154,1.075566416547167
"[0.37101562443921393, 0.6583573735689908, -0.8859602815179536, 0.5267892655345348]",28.5034587966528,1.0756292490285637
"[0.371007836318086, 0.6583561220119688, -0.8859599102828926, 0.5267905907223519]",28.50348050548182,1.0756920815099602
"[0.3710000481662662, 0.6583548705927766, -0.8859595391431078, 0.5267919157549029]",28.503502216202,1.075754913991357
"[0.3709922607288684, 0.6583536194311108, -0.8859591681340968, 0.526793240505447]",28.50352392377709,1.0758177464727536
"[0.3709844732512299, 0.6583523684057064, -0.8859587972198957, 0.5267945651023775]",28.503545639898913,1.0758805789541501
"[0.3709766855949554, 0.6583511174943317, -0.8859584263939191, 0.5267958895692296]",28.503567351031208,1.0759434114355466
"[0.37096889824299994, 0.6583498667745497, -0.8859580556791635, 0.5267972138238753]",28.503589070929316,1.0760062439169433
"[0.37096111172146995, 0.6583486163308293, -0.8859576851006556, 0.5267985377768769]",28.503610787447347,1.0760690763983398
"[0.3709533244390643, 0.6583473659076089, -0.8859573145826626, 0.5267998616988155]",28.503632508370746,1.0761319088797365
"[0.3709455381328003, 0.6583461157837902, -0.8859569442078296, 0.5268011852943925]",28.503654231923022,1.0761947413611332
"[0.37093775145324465, 0.6583448657427062, -0.8859565739119581, 0.5268025087930044]",28.503675959723044,1.0762575738425297
"[0.3709299656719264, 0.6583436159884609, -0.8859562037555088, 0.5268038319785506]",28.503697685655208,1.0763204063239264
"[0.3709221793064006, 0.6583423662830935, -0.8859558336679985, 0.5268051551029681]",28.503719415798443,1.076383238805323
"[0.3709143932402127, 0.6583411167683624, -0.8859554636914305, 0.5268064780161706]",28.50374114249586,1.0764460712867194
"[0.3709066078136593, 0.6583398674989078, -0.8859550938419586, 0.5268078006603004]",28.503762879168374,1.0765089037681161
"[0.3708988219275214, 0.6583386182983166, -0.8859547240673633, 0.5268091232221297]",28.503784612212314,1.0765717362495129
"[0.37089103636233733, 0.6583373692918215, -0.8859543544047198, 0.5268104455690669]",28.50380634596254,1.0766345687309096
"[0.37088325125146293, 0.6583361205007819, -0.8859539848603468, 0.5268117676784956]",28.503828082927566,1.076697401212306
"[0.3708754665261527, 0.6583348719141522, -0.8859536154309687, 0.5268130895621073]",28.503849824891383,1.0767602336937026
"[0.37086768221678124, 0.658333623536773, -0.8859532461180138, 0.5268144112147732]",28.503871569468952,1.0768230661750993
"[0.37085989733660013, 0.6583323752104171, -0.8859528768746725, 0.5268157328040031]",28.503893310359064,1.0768858986564958
"[0.3708521130210903, 0.6583311271171008, -0.8859525077548042, 0.5268170541370982]",28.503915055545733,1.0769487311378925
"[0.3708443281819303, 0.6583298790823782, -0.8859521387068039, 0.5268183753987322]",28.50393679994199,1.0770115636192892
"[0.37083654450008663, 0.6583286313756952, -0.8859517698103496, 0.526819696303648]",28.503958555140215,1.0770743961006857
"[0.37082876043522744, 0.6583273837501156, -0.8859514009924276, 0.5268210171132657]",28.503980303670943,1.0771372285820822
"[0.3708209771540383, 0.6583261363926155, -0.8859510323083114, 0.5268223376296385]",28.504002054841443,1.0772000610634789
"[0.3708131933318288, 0.6583248890908863, -0.8859506636952499, 0.5268236580775226]",28.504023808396475,1.0772628935448754
"[0.3708054100826129, 0.6583236420234394, -0.8859502952060003, 0.5268249782679338]",28.504045568965104,1.077325726026272
"[0.3707976267454035, 0.6583223950843492, -0.8859499268092618, 0.5268262983130055]",28.50406732802437,1.0773885585076688
"[0.37078984400040566, 0.658321148382566, -0.8859495585372225, 0.5268276180973971]",28.504089087889298,1.0774513909890653
"[0.3707820612715421, 0.6583199018257917, -0.8859491903626142, 0.5268289377188127]",28.50411085332404,1.077514223470462
"[0.37077427853527845, 0.658318655410251, -0.8859488222843253, 0.5268302571812457]",28.504132616747473,1.0775770559518585
"[0.3707664960345984, 0.6583174091748453, -0.8859484543138456, 0.5268315764435103]",28.504154379856008,1.077639888433255
"[0.3707587137026618, 0.6583161631088559, -0.8859480864480093, 0.5268328955169499]",28.50417614731175,1.077702720914652
"[0.3707509319887067, 0.6583149172841859, -0.8859477187080393, 0.5268342143254461]",28.50419792013982,1.0777655533960484
"[0.3707431503612471, 0.6583136716157227, -0.8859473510688084, 0.526835532959094]",28.50421969275588,1.0778283858774451
"[0.37073536829218495, 0.6583124260189348, -0.8859469835053756, 0.5268368515073721]",28.504241464340556,1.0778912183588416
"[0.3707275872610019, 0.6583111807306037, -0.8859466160876105, 0.5268381697196278]",28.50426324081202,1.077954050840238
"[0.37071980585776576, 0.6583099355250609, -0.8859462487489272, 0.5268394878347419]",28.504285018110217,1.0780168833216348
"[0.370712024575157, 0.6583086904811483, -0.8859458815125903, 0.5268408057692506]",28.50430679903331,1.0780797158030315
"[0.37070424366649224, 0.6583074456393799, -0.8859455143905484, 0.5268421234802648]",28.504328582504513,1.078142548284428
"[0.37069646296691255, 0.6583062009733562, -0.8859451473750141, 0.5268434409957267]",28.504350363278032,1.0782053807658247
"[0.37068868255060583, 0.6583049564949301, -0.8859447804694793, 0.5268447583030859]",28.504372149939208,1.0782682132472212
"[0.37068090190596154, 0.6583037121222626, -0.8859444136498199, 0.526846075488967]",28.504393935274518,1.078331045728618
"[0.3706731221402173, 0.6583024680324122, -0.8859440469682266, 0.5268473923659469]",28.504415727113003,1.0783938782100144
"[0.3706653418798568, 0.65830122400572, -0.8859436803599569, 0.5268487091665331]",28.50443751639815,1.0784567106914111
"[0.3706575617651849, 0.6582999801445728, -0.8859433138551902, 0.5268500257823445]",28.504459307822664,1.0785195431728078
"[0.3706497822101916, 0.6582987365151346, -0.8859429474734183, 0.5268513421433438]",28.50448110412375,1.0785823756542043
"[0.37064200261720004, 0.6582974930218389, -0.8859425811864862, 0.5268526583506831]",28.504502900644425,1.0786452081356008
"[0.3706342235871549, 0.6582962497607246, -0.8859422150226798, 0.5268539743027045]",28.50452469960356,1.0787080406169975
"[0.37062644451382315, 0.6582950066349049, -0.8859418489534566, 0.5268552901019541]",28.50454650054866,1.078770873098394
"[0.3706186654617972, 0.6582937636546317, -0.8859414829818585, 0.5268566057375823]",28.504568300785934,1.0788337055797907
"[0.3706108868519315, 0.6582925208871987, -0.8859411171276789, 0.5268579211383524]",28.504590106154268,1.0788965380611875
"[0.37060310853542805, 0.6582912783087869, -0.8859407513839072, 0.5268592363294746]",28.504611911926695,1.078959370542584
"[0.37059533003436745, 0.6582900358430432, -0.8859403857280715, 0.5268605513917594]",28.504633718682886,1.0790222030239807
"[0.3705875519200004, 0.658288793581196, -0.885940020187024, 0.5268618662286453]",28.50465552743926,1.0790850355053772
"[0.3705797740984126, 0.6582875515082279, -0.8859396547563411, 0.5268631808560225]",28.504677340682985,1.0791478679867736
"[0.37057199608380914, 0.6582863095465545, -0.8859392894131979, 0.5268644953560039]",28.50469915320329,1.0792107004681704
"[0.3705642186772717, 0.6582850678240696, -0.8859389241952175, 0.5268658095932226]",28.504720970807593,1.079273532949567
"[0.37055644081652833, 0.6582838261711659, -0.8859385590525156, 0.5268671237471864]",28.504742788000602,1.0793363654309636
"[0.3705486636786703, 0.6582825847757456, -0.8859381940403496, 0.526868437619017]",28.50476460742536,1.0793991979123603
"[0.3705408868232837, 0.6582813435674629, -0.8859378291380329, 0.526869751283166]",28.50478642895881,1.0794620303937568
"[0.3705331098694729, 0.6582801024855482, -0.8859374643276919, 0.5268710648039442]",28.504808250351555,1.0795248628751535
"[0.3705253336370032, 0.6582788616607377, -0.8859370996477722, 0.5268723780429863]",28.504830077707737,1.0795876953565502
"[0.3705175565555988, 0.6582776208425265, -0.8859367350246372, 0.526873691265407]",28.504851903734078,1.0796505278379467
"[0.3705097803098622, 0.6582763802996677, -0.8859363705372703, 0.5268750041867688]",28.504873731475932,1.0797133603193434
"[0.3705020040193936, 0.6582751398916824, -0.8859360061443928, 0.5268763169557438]",28.504895562268604,1.0797761928007399
"[0.37049422794689846, 0.6582738996604658, -0.8859356418583156, 0.5268776295279883]",28.504917391243325,1.0798390252821364
"[0.3704864523806, 0.6582726596519646, -0.8859352776925284, 0.5268789418548726]",28.504939228226107,1.079901857763533
"[0.37047867701813797, 0.6582714198179314, -0.8859349136328595, 0.5268802539874554]",28.504961064126515,1.0799646902449298
"[0.37047090138522987, 0.6582701800827389, -0.8859345496571055, 0.52688156600577]",28.5049829019689,1.0800275227263265
"[0.3704631257721476, 0.6582689404926707, -0.8859341857788607, 0.5268828778608282]",28.505004739964676,1.080090355207723
"[0.3704553512148766, 0.6582677012128441, -0.8859338220465888, 0.526884189377886]",28.505026585069313,1.0801531876891195
"[0.37044757657666766, 0.6582664620620328, -0.885933458407091, 0.52688550074873]",28.505048428010934,1.0802160201705162
"[0.37043980144166605, 0.6582652229739653, -0.8859330948409296, 0.5268868120434884]",28.505070271556335,1.0802788526519127
"[0.3704320270646484, 0.6582639841485975, -0.8859327314067761, 0.5268881230505498]",28.505092122149364,1.0803416851333094
"[0.3704242529922909, 0.6582627455136603, -0.8859323680834199, 0.5268894338463919]",28.50511397217477,1.0804045176147061
"[0.3704164789968302, 0.6582615070328511, -0.8859320048602123, 0.526890744469428]",28.50513581909003,1.0804673500961026
"[0.37040870504172296, 0.6582602687003403, -0.8859316417354458, 0.5268920549258234]",28.505157678411923,1.0805301825774993
"[0.37040093115301875, 0.6582590305202513, -0.8859312787103375, 0.5268933652112119]",28.505179530494743,1.0805930150588958
"[0.3703931575079521, 0.6582577925208242, -0.88593091579316, 0.5268946752957034]",28.50520138854589,1.0806558475402923
"[0.37038538399816123, 0.6582565546847775, -0.8859305529788496, 0.5268959851975826]",28.50522324530584,1.080718680021689
"[0.37037761092351873, 0.658255317059842, -0.8859301902813941, 0.5268972948663361]",28.505245106595783,1.0807815125030857
"[0.37036983803544915, 0.6582540796064161, -0.8859298276891853, 0.5268986043438685]",28.505266972040076,1.0808443449844822
"[0.3703620649092048, 0.6582528422568775, -0.8859294651824123, 0.5268999137017331]",28.505288835796183,1.080907177465879
"[0.37035429254986785, 0.6582516051711979, -0.8859291028079407, 0.5269012227706451]",28.505310695613773,1.0809700099472754
"[0.3703465202702425, 0.6582503682399731, -0.8859287405337175, 0.5269025316663724]",28.50533257049747,1.081032842428672
"[0.3703387479555109, 0.6582491314449237, -0.8859283783543924, 0.5269038404082533]",28.505354437084993,1.0810956749100686
"[0.37033097593856, 0.6582478948390084, -0.885928016285474, 0.5269051489402449]",28.505376312286224,1.0811585073914654
"[0.37032320370709026, 0.6582466583407091, -0.8859276543030977, 0.5269064573486024]",28.505398183471335,1.081221339872862
"[0.37031543195408195, 0.6582454220602608, -0.8859272924395349, 0.5269077655166762]",28.505420059252355,1.0812841723542586
"[0.3703076605310768, 0.6582441859740203, -0.8859269306878609, 0.5269090734694812]",28.505441936563034,1.081347004835655
"[0.37029988879543635, 0.6582429499797677, -0.8859265690181628, 0.5269103813151769]",28.505463814736533,1.0814098373170518
"[0.37029211755223934, 0.658241714205532, -0.8859262074679053, 0.5269116889182871]",28.505485696717912,1.0814726697984482
"[0.3702843470006415, 0.658240478682944, -0.8859258460463344, 0.5269129962453403]",28.505507582554074,1.081535502279845
"[0.37027657622502996, 0.6582392432664015, -0.8859254847108564, 0.5269143034503979]",28.505529467723257,1.0815983347612417
"[0.37026880553702796, 0.6582380080054447, -0.8859251234759667, 0.5269156104810356]",28.505551354577978,1.0816611672426382
"[0.37026103492851226, 0.6582367728987781, -0.8859247623412863, 0.5269169173386211]",28.50557324206465,1.0817239997240349
"[0.3702532649629569, 0.658235538035936, -0.8859244013329912, 0.5269182239284149]",28.505595136401816,1.0817868322054314
"[0.370245495058365, 0.6582343033243999, -0.8859240404240301, 0.5269195303483072]",28.505617028185384,1.081849664686828
"[0.3702377246240296, 0.6582330686703113, -0.8859236795869753, 0.5269208366976017]",28.505638918561186,1.0819124971682248
"[0.3702299549812821, 0.6582318342835958, -0.8859233188831835, 0.5269221427541795]",28.50566081786211,1.0819753296496213
"[0.37022218560927184, 0.658230600081481, -0.8859229582884565, 0.5269234486056161]",28.505682715613613,1.0820381621310178
"[0.3702144160521041, 0.6582293659915354, -0.8859225977816356, 0.5269247543285439]",28.505704618020584,1.0821009946124145
"[0.37020664715194246, 0.6582281321475073, -0.8859222374017908, 0.5269260597814475]",28.505726518878834,1.082163827093811
"[0.3701988781583095, 0.6582268984301868, -0.8859218771141008, 0.5269273650904529]",28.505748422830003,1.0822266595752077
"[0.3701911093290761, 0.6582256648805177, -0.8859215169305253, 0.5269286702122356]",28.505770328219047,1.0822894920566044
"[0.37018334041071377, 0.6582244314582362, -0.8859211568393108, 0.5269299751893912]",28.50579223467309,1.082352324538001
"[0.37017557208890195, 0.6582231982721873, -0.8859207968722316, 0.5269312799067574]",28.50581414245492,1.0824151570193976
"[0.3701678037966771, 0.6582219652323554, -0.8859204370030059, 0.5269325844595666]",28.505836057024485,1.082477989500794
"[0.37016003560178606, 0.658220732349444, -0.8859200772347732, 0.5269338888364945]",28.505857969093274,1.0825408219821906
"[0.37015226803953094, 0.658219499708432, -0.8859197175923121, 0.5269351929476275]",28.505879884587547,1.0826036544635873
"[0.3701445001538572, 0.6582182671575828, -0.8859193580313534, 0.5269364969534963]",28.50590180391642,1.082666486944984
"[0.3701367326268971, 0.6582170348050974, -0.8859189985834741, 0.5269378007396264]",28.50592372124987,1.0827293194263805
"[0.37012896493148617, 0.658215802567353, -0.8859186392242773, 0.5269391043944811]",28.505945640919734,1.0827921519077772
"[0.37012119820682193, 0.6582145706250372, -0.8859182800064529, 0.5269404077268979]",28.505967565332647,1.0828549843891737
"[0.37011343100509503, 0.6582133387484818, -0.8859179208630323, 0.5269417109798513]",28.505989486489312,1.0829178168705704
"[0.37010566453185473, 0.6582121071288746, -0.8859175618497552, 0.5269430139510723]",28.506011416317143,1.082980649351967
"[0.370097898057349, 0.6582108756504632, -0.8859172029328767, 0.5269443167630162]",28.50603334597956,1.0830434818333636
"[0.37009013138415175, 0.6582096442819458, -0.8859168441032793, 0.5269456194487929]",28.506055276231063,1.0831063143147603
"[0.37008236504186287, 0.6582084131072805, -0.8859164853854304, 0.5269469219195779]",28.506077207348767,1.0831691467961568
"[0.37007459917741464, 0.6582071821497312, -0.8859161267861039, 0.5269482241507577]",28.506099143874575,1.0832319792775533
"[0.3700668332155683, 0.658205951318107, -0.8859157682787326, 0.5269495262387988]",28.50612107531081,1.08329481175895
"[0.37005906761095425, 0.6582047206844374, -0.8859154098843013, 0.526950828107499]",28.506143016232542,1.0833576442403465
"[0.37005130191081, 0.6582034901769739, -0.8859150515819117, 0.5269521298327556]",28.50616495055943,1.0834204767217432
"[0.37004353631662423, 0.6582022598276328, -0.885914693380862, 0.5269534313808004]",28.50618689564787,1.08348330920314
"[0.3700357715441712, 0.658201029749793, -0.8859143353141535, 0.5269547326316915]",28.506208840382804,1.0835461416845364
"[0.3700280066168346, 0.6581997997887119, -0.8859139773367403, 0.5269560337491217]",28.506230786210768,1.0836089741659332
"[0.3700202416362233, 0.658198569960479, -0.8859136194533126, 0.5269573347160669]",28.50625273035178,1.0836718066473296
"[0.3700124773224184, 0.658197340379135, -0.8859132616970495, 0.526958635411885]",28.506274681383996,1.0837346391287261
"[0.3700047126859751, 0.6581961108879657, -0.8859129040223556, 0.5269599360023518]",28.506296631447373,1.083797471610123
"[0.3699969480323458, 0.658194881535343, -0.8859125464433102, 0.5269612364362926]",28.50631858060393,1.0838603040915196
"[0.36998918448844365, 0.658193652499655, -0.8859121890117921, 0.5269625365250024]",28.506340541130317,1.0839231365729163
"[0.36998142086947244, 0.6581924235933034, -0.8859118316732363, 0.5269638364669232]",28.50636249512123,1.0839859690543128
"[0.3699736570040205, 0.6581911947891601, -0.8859114744197617, 0.5269651362907462]",28.506384454795146,1.0840488015357093
"[0.36996589344116426, 0.6581899661741216, -0.8859111172766341, 0.5269664359045482]",28.5064064156525,1.084111634017106
"[0.3699581302031912, 0.6581887377516963, -0.8859107602448705, 0.5269677353046146]",28.50642837659569,1.0841744664985027
"[0.3699503668208283, 0.6581875094476091, -0.8859104033028873, 0.5269690345695095]",28.50645034176692,1.0842372989798992
"[0.3699426043783425, 0.6581862814333929, -0.8859100465005237, 0.5269703335177864]",28.50647230637154,1.084300131461296
"[0.36993484103597146, 0.6581850534179915, -0.8859096897532164, 0.5269716324573099]",28.506494273635454,1.0843629639426924
"[0.36992707876258035, 0.6581838257128292, -0.8859093331514392, 0.5269729310586655]",28.506516244601087,1.0844257964240889
"[0.3699193164378284, 0.6581825981406775, -0.8859089766437062, 0.5269742295093138]",28.50653821611366,1.0844886289054856
"[0.369911554185879, 0.6581813707211692, -0.8859086202357217, 0.526975527788484]",28.506560191214973,1.0845514613868823
"[0.36990379209457525, 0.6581801434681823, -0.8859082639315173, 0.5269768258814933]",28.506582164590746,1.084614293868279
"[0.36989603023030226, 0.6581789163921973, -0.8859079077341353, 0.5269781237772523]",28.506604142524207,1.0846771263496755
"[0.36988826867090724, 0.6581776895055067, -0.8859075516471397, 0.5269794214627561]",28.506626121789715,1.084739958831072
"[0.3698805071631266, 0.6581764627680472, -0.8859071956589074, 0.5269807189803768]",28.50664810667846,1.0848027913124687
"[0.3698727457521031, 0.6581752361869599, -0.8859068397715082, 0.5269820163225568]",28.50667008378285,1.0848656237938652
"[0.36986498417807073, 0.6581740097211833, -0.8859064839730343, 0.5269833135327219]",28.50669206740216,1.084928456275262
"[0.36985722374781016, 0.6581727835771822, -0.8859061283233732, 0.5269846103924957]",28.506714057403443,1.0849912887566586
"[0.36984946284695946, 0.6581715574998632, -0.8859057727485314, 0.5269859071716805]",28.506736045865154,1.0850541212380551
"[0.36984170213761397, 0.6581703315938513, -0.8859054172788504, 0.5269872037596123]",28.50675803487386,1.0851169537194518
"[0.3698339418536894, 0.6581691058960082, -0.8859050619250359, 0.5269885001173058]",28.50678002995225,1.0851797862008483
"[0.3698261817971768, 0.6581678803751021, -0.8859047066780099, 0.5269897962777847]",28.506802022961473,1.0852426186822448
"[0.3698184218496602, 0.6581666550123969, -0.8859043515323476, 0.5269910922608635]",28.50682401872852,1.0853054511636415
"[0.3698106618678079, 0.6581654297852552, -0.8859039964814899, 0.5269923880904799]",28.506846015295636,1.0853682836450382
"[0.36980290195054083, 0.6581642047092908, -0.885903641529965, 0.5269936837501158]",28.50686801498674,1.0854311161264347
"[0.36979514265969493, 0.6581629798731575, -0.8859032867034609, 0.5269949791460087]",28.50689001770035,1.0854939486078314
"[0.36978738325770466, 0.6581617551604351, -0.8859029319682421, 0.5269962744012798]",28.506912018969352,1.085556781089228
"[0.3697796243641064, 0.6581605306688847, -0.8859025773526265, 0.5269975694125342]",28.50693402852738,1.0856196135706246
"[0.36977186550604096, 0.6581593063238587, -0.8859022228349943, 0.5269988642587153]",28.506956031214592,1.0856824460520211
"[0.3697641063798313, 0.6581580820774402, -0.8859018684014769, 0.5270001589904949]",28.506978040803563,1.0857452785334178
"[0.36975634832968507, 0.6581568581416928, -0.8859015141134633, 0.5270014533835967]",28.50700005393057,1.0858081110148146
"[0.36974858997472515, 0.6581556342987437, -0.8859011599078817, 0.527002747668433]",28.507022067690492,1.085870943496211
"[0.3697408317190803, 0.6581544106123287, -0.8859008058031876, 0.5270040417775955]",28.50704408218574,1.0859337759776075
"[0.36973307336114863, 0.6581531870506632, -0.8859004517901818, 0.5270053357446924]",28.507066100684273,1.0859966084590043
"[0.36972531543177406, 0.6581519636974363, -0.8859000978930833, 0.5270066294812167]",28.507088116127242,1.086059440940401
"[0.3697175575170216, 0.6581507404873683, -0.8858997440930029, 0.5270079230561996]",28.507110133995774,1.0861222734217977
"[0.3697098005950773, 0.6581495175746566, -0.8858993904345339, 0.5270092163065715]",28.507132158664735,1.0861851059031942
"[0.369702042944173, 0.6581482946878446, -0.8858990368391744, 0.527010509519398]",28.50715418013334,1.0862479383845907
"[0.36969428596041887, 0.6581470720470082, -0.8858986833705621, 0.5270118024619432]",28.507176207689113,1.0863107708659874
"[0.36968652899551085, 0.6581458495499362, -0.8858983299991443, 0.5270130952422928]",28.507198236108067,1.0863736033473839
"[0.3696787725256041, 0.6581446272716659, -0.8858979767466061, 0.52701438778109]",28.507220265326513,1.0864364358287806
"[0.3696710153358487, 0.6581434050207271, -0.885897623557625, 0.5270156802808106]",28.50724229683341,1.0864992683101773
"[0.3696632589139224, 0.6581421830315449, -0.8858972704999375, 0.5270169724935491]",28.507264329612386,1.0865621007915738
"[0.36965550309800466, 0.6581409612785801, -0.8858969175661544, 0.5270182644463106]",28.50728636453694,1.0866249332729703
"[0.3696477468264474, 0.6581397395945872, -0.8858965647079636, 0.5270195563159469]",28.507308401432258,1.086687765754367
"[0.3696399911419575, 0.6581385181437769, -0.8858962119728017, 0.5270208479288093]",28.5073304432112,1.0867505982357635
"[0.3696322355466876, 0.6581372968477366, -0.8858958593380153, 0.5270221393678116]",28.5073524848174,1.0868134307171602
"[0.3696244802413915, 0.6581360757380589, -0.8858955068127271, 0.5270234305995436]",28.507374526852832,1.086876263198557
"[0.3696167246339284, 0.6581348547215036, -0.8858951543700234, 0.527024721722595]",28.507396571983175,1.0869390956799534
"[0.36960896961967676, 0.6581336339390236, -0.8858948020505905, 0.5270260125879161]",28.507418618487225,1.08700192816135
"[0.36960121496905673, 0.6581324133544475, -0.8858944498439822, 0.5270273032337526]",28.507440664160665,1.0870647606427466
"[0.36959346001081034, 0.6581311928621133, -0.8858940977197121, 0.5270285937718274]",28.507462717351945,1.087127593124143
"[0.3695857057446815, 0.6581299726193476, -0.8858937457231703, 0.5270298840357812]",28.507484772766432,1.0871904256055398
"[0.36957795116531433, 0.6581287524679303, -0.8858933938087141, 0.5270311741929097]",28.50750681806031,1.0872532580869365
"[0.3695701969424593, 0.658127532513232, -0.8858930420067394, 0.5270324641317926]",28.50752887663295,1.0873160905683332
"[0.36956244293626167, 0.6581263127332323, -0.8858926903108928, 0.5270337538757104]",28.50755093742073,1.0873789230497297
"[0.3695546886587785, 0.6581250930511718, -0.8858923386990457, 0.5270350435058206]",28.507572992146624,1.0874417555311262
"[0.36954693542767036, 0.6581238736742867, -0.8858919872309345, 0.5270363328029989]",28.507595054308304,1.087504588012523
"[0.3695391816134437, 0.6581226543462639, -0.8858916358326846, 0.5270376220382538]",28.507617117404614,1.0875674204939194
"[0.36953142852541965, 0.6581214352730119, -0.885891284563633, 0.5270389109938666]",28.507639184934334,1.0876302529753161
"[0.36952367578002077, 0.658120216394178, -0.8858909334063834, 0.5270401997336474]",28.50766125154098,1.0876930854567128
"[0.36951592262574384, 0.6581189975916079, -0.8858905823269003, 0.5270414883825183]",28.507683320909607,1.0877559179381093
"[0.36950816983403295, 0.6581177789865709, -0.8858902313601189, 0.5270427768122556]",28.507705393698767,1.087818750419506
"[0.3695004171723694, 0.6581165605424985, -0.8858898804955065, 0.5270440650615211]",28.507727466281185,1.0878815829009025
"[0.36949266511053813, 0.6581153423332045, -0.8858895297543126, 0.5270453530522679]",28.507749538812615,1.087944415382299
"[0.3694849125659569, 0.6581141241885485, -0.8858891790875563, 0.5270466409643796]",28.507771613945266,1.088007247863696
"[0.3694771602937988, 0.658112906227198, -0.8858888285294015, 0.5270479286723868]",28.50779369600069,1.0880700803450924
"[0.3694694087447985, 0.6581116885199338, -0.8858884781002143, 0.5270492161014533]",28.507815773218297,1.088132912826489
"[0.36946165718818735, 0.658110470951937, -0.8858881277669474, 0.5270505033729689]",28.507837857045953,1.0881957453078857
"[0.36945390535535105, 0.6581092534810082, -0.8858877775174675, 0.5270517905315447]",28.507859938683385,1.0882585777892821
"[0.3694461542262579, 0.6581080362610585, -0.8858874273960471, 0.5270530774144552]",28.50788202527654,1.0883214102706789
"[0.36943840320826316, 0.6581068191989659, -0.885887077375903, 0.5270543641201514]",28.507904114546907,1.0883842427520756
"[0.3694306525005508, 0.6581056023260156, -0.885886727466024, 0.5270556506155525]",28.507926203414097,1.088447075233472
"[0.36942290157191704, 0.6581043855587896, -0.8858863776424297, 0.5270569369888458]",28.5079482937565,1.0885099077148688
"[0.36941515080281107, 0.6581031689570106, -0.8858860279222937, 0.5270582231768871]",28.50797038895517,1.0885727401962653
"[0.3694074004447209, 0.6581019525601332, -0.8858856783169547, 0.5270595091379632]",28.507992483157235,1.0886355726776618
"[0.3693996502628369, 0.658100736331284, -0.8858853288158128, 0.5270607949110523]",28.508014579477273,1.0886984051590585
"[0.3693918999206189, 0.6580995202176451, -0.8858849794036924, 0.5270620805519879]",28.508036677602053,1.0887612376404552
"[0.36938415075194353, 0.6580983044284825, -0.8858846301407128, 0.5270633658395387]",28.50805877909882,1.0888240701218517
"[0.3693764005155791, 0.6580970886121575, -0.88588428092586, 0.527064651145439]",28.508080882034314,1.0888869026032484
"[0.369368651409879, 0.6580958731135279, -0.8858839318581896, 0.5270659361051174]",28.508102989642566,1.0889497350846449
"[0.3693609025560585, 0.6580946577947091, -0.8858835828980915, 0.5270672208643364]",28.50812509548177,1.0890125675660416
"[0.3693531524817888, 0.6580934424248046, -0.8858832339792818, 0.527068505667179]",28.508147198988567,1.089075400047438
"[0.3693454038760814, 0.6580922274254942, -0.8858828852228211, 0.5270697900678716]",28.508169312170605,1.0891382325288348
"[0.3693376550583494, 0.6580910125332197, -0.8858825365530464, 0.5270710743450253]",28.50819142274664,1.0892010650102315
"[0.36932990613702904, 0.6580897977649866, -0.8858821879748453, 0.5270723584806586]",28.50821353742321,1.089263897491628
"[0.3693221579543408, 0.6580885832528018, -0.8858818395260942, 0.5270736423352227]",28.508235652578943,1.0893267299730245
"[0.36931441010711474, 0.658087368933438, -0.8858814911886443, 0.5270749259755537]",28.50825777263032,1.0893895624544212
"[0.3693066620583988, 0.6580861547227332, -0.8858811429383541, 0.5270762094906135]",28.508279888282846,1.0894523949358177
"[0.3692989142861747, 0.6580849406955748, -0.8858807947967081, 0.5270774928012375]",28.508302010708658,1.0895152274172144
"[0.36929116634682224, 0.6580837267824535, -0.885880446743773, 0.5270787759808958]",28.508324133296036,1.0895780598986111
"[0.36928341916963436, 0.6580825131289422, -0.8858800988212848, 0.5270800588757072]",28.508346259596365,1.0896408923800076
"[0.3692756711690577, 0.658081299486649, -0.8858797509580411, 0.5270813417482301]",28.508368385606204,1.0897037248614043
"[0.3692679246082958, 0.6580800862100592, -0.8858794032556435, 0.5270826242237552]",28.508390514147706,1.0897665573428008
"[0.3692601774575168, 0.6580788729812324, -0.8858790556229695, 0.5270839066383541]",28.508412645274277,1.0898293898241973
"[0.3692524306585885, 0.6580776599476629, -0.8858787081022903, 0.5270851888361168]",28.5084347786974,1.0898922223055942
"[0.36924468391769194, 0.6580764470633343, -0.8858783606804189, 0.5270864708656796]",28.508456913830333,1.0899550547869907
"[0.36923693799285184, 0.6580752344468966, -0.8858780133913372, 0.527087752601626]",28.50847904814305,1.0900178872683872
"[0.3692291909659732, 0.6580740217980778, -0.8858776661490545, 0.527089034361339]",28.50850118420796,1.090080719749784
"[0.36922144546816715, 0.6580728095287114, -0.8858773190714981, 0.5270903157095107]",28.50852333051124,1.0901435522311804
"[0.36921369981995744, 0.6580715973758954, -0.8858769720833876, 0.5270915969240223]",28.508545471555575,1.0902063847125771
"[0.3692059541828633, 0.6580703853649109, -0.8858766251919623, 0.5270928779781474]",28.508567611171692,1.0902692171939738
"[0.36919820804917086, 0.6580691734163066, -0.8858762783744961, 0.5270941589558593]",28.508589757678624,1.0903320496753703
"[0.3691904632679406, 0.6580679618193691, -0.8858759317137629, 0.5270954395513907]",28.50861190530234,1.090394882156767
"[0.3691827177558961, 0.6580667502481646, -0.8858755851165047, 0.5270967201092345]",28.508634052136667,1.0904577146381635
"[0.3691749728544534, 0.6580655389125193, -0.885875238642751, 0.5270980004076121]",28.508656204635777,1.09052054711956
"[0.3691672281503432, 0.658064327747768, -0.885874892274002, 0.5270992805148677]",28.508678356746877,1.0905833796009567
"[0.3691594834566043, 0.6580631167246629, -0.8858745460018936, 0.5271005604619107]",28.508700514030984,1.0906462120823535
"[0.36915173955039093, 0.6580619059646993, -0.885874199861161, 0.5271018401203275]",28.508722670202758,1.0907090445637502
"[0.3691439950499983, 0.6580606952518384, -0.8858738537900425, 0.5271031197184471]",28.508744829903424,1.0907718770451467
"[0.36913625099192804, 0.6580594847481195, -0.8858735078348597, 0.527104399085006]",28.508766992250663,1.0908347095265432
"[0.3691285071584627, 0.6580582744194807, -0.8858731619858765, 0.5271056782560015]",28.50878915264453,1.0908975420079399
"[0.36912076337584226, 0.6580570642387594, -0.8858728162353297, 0.5271069572601367]",28.50881131563078,1.0909603744893364
"[0.3691130197897823, 0.658055854228712, -0.8858724705897227, 0.5271082360733577]",28.50883347981622,1.091023206970733
"[0.3691052762286313, 0.6580546443625076, -0.8858721250413913, 0.5271095147240173]",28.508855648391418,1.0910860394521298
"[0.3690975331324173, 0.6580534347088779, -0.8858717796099651, 0.5271107931394728]",28.508877821033032,1.0911488719335263
"[0.36908979015598303, 0.6580522252138815, -0.8858714342800361, 0.5271120713767288]",28.508899989467494,1.091211704414923
"[0.36908204759191543, 0.6580510159232004, -0.885871089064647, 0.5271133493875036]",28.50892216687424,1.0912745368963195
"[0.36907430454021006, 0.6580498066962657, -0.8858707439236718, 0.5271146273203503]",28.508944337023085,1.091337369377716
"[0.3690665625523089, 0.6580485977753433, -0.8858703989262572, 0.5271159049192342]",28.508966518633926,1.0914002018591127
"[0.36905882030817627, 0.6580473889542786, -0.8858700540135668, 0.5271171824020193]",28.508988699331606,1.0914630343405094
"[0.36905107804933185, 0.6580461802708044, -0.8858697091963672, 0.5271184597288228]",28.50901087838872,1.0915258668219059
"[0.3690433361758556, 0.658044971787312, -0.8858693644924721, 0.5271197368337114]",28.50903306038793,1.0915886993033026
"[0.3690355945551904, 0.6580437634831384, -0.8858690198959699, 0.5271210137385137]",28.509055243125292,1.091651531784699
"[0.36902785313764624, 0.6580425553504942, -0.8858686754046422, 0.5271222904514596]",28.509077430195806,1.0917143642660956
"[0.3690201114301503, 0.6580413473124274, -0.8858683309965504, 0.5271235670538653]",28.50909961777495,1.0917771967474923
"[0.36901237026370326, 0.6580401394985981, -0.8858679867086623, 0.5271248434087071]",28.5091218095019,1.091840029228889
"[0.36900462959467845, 0.6580389319021669, -0.8858676425390197, 0.5271261195232112]",28.50914400003007,1.0919028617102857
"[0.36899688870052594, 0.6580377244103979, -0.8858672984554933, 0.5271273955165057]",28.509166196768053,1.0919656941916822
"[0.36898914806945754, 0.6580365170994423, -0.8858669544797851, 0.5271286713081156]",28.509188392197807,1.0920285266730787
"[0.36898140795713424, 0.6580353100091492, -0.885866610623245, 0.5271299468559286]",28.50921058983587,1.0920913591544754
"[0.3689736675594634, 0.6580341030141065, -0.8858662668501472, 0.5271312222924655]",28.509232786406926,1.0921541916358721
"[0.36896592755886204, 0.6580328962207243, -0.8858659231908007, 0.5271324975052776]",28.509254990428094,1.0922170241172686
"[0.3689581870695603, 0.6580316894908799, -0.8858655796058804, 0.5271337726403161]",28.509277192635135,1.0922798565986653
"[0.3689504473772404, 0.6580304830250104, -0.8858652361524519, 0.5271350474857759]",28.509299396724266,1.0923426890800618
"[0.36894270786826955, 0.6580292767274335, -0.8858648928032685, 0.5271363221427604]",28.50932160545484,1.0924055215614585
"[0.3689349687181057, 0.658028070625453, -0.8858645495661063, 0.527137596582418]",28.50934381347442,1.092468354042855
"[0.36892722958211754, 0.6580268646653832, -0.8858642064256751, 0.5271388708614685]",28.509366023563413,1.0925311865242517
"[0.36891949020508746, 0.6580256588074097, -0.8858638633706664, 0.527140145021982]",28.509388234513867,1.0925940190056485
"[0.3689117522629069, 0.6580244533126508, -0.8858635204753446, 0.5271414187880447]",28.509410452586156,1.092656851487045
"[0.3689040130383787, 0.6580232477577713, -0.8858631776193013, 0.5271426926069628]",28.509432670259557,1.0927196839684414
"[0.3688962745556779, 0.6580220424580917, -0.8858628348922213, 0.5271439661455567]",28.509454886242594,1.0927825164498381
"[0.36888853610729183, 0.6580208373033894, -0.885862492262757, 0.5271452395202859]",28.50947710622337,1.0928453489312346
"[0.36888079843042, 0.6580196324084449, -0.8858621497635367, 0.5271465126098711]",28.509499328232938,1.0929081814126314
"[0.36887306041456247, 0.6580184276003179, -0.8858618073453989, 0.5271477855970362]",28.50952155547219,1.092971013894028
"[0.3688653226485253, 0.6580172229706823, -0.8858614650344037, 0.5271490583849155]",28.50954377674012,1.0930338463754246
"[0.36885758480114467, 0.6580160184679741, -0.885861122815899, 0.5271503310279864]",28.509566005208285,1.0930966788568213
"[0.36884984810696275, 0.6580148142843422, -0.8858607807444666, 0.5271516033232273]",28.509588234946488,1.0931595113382178
"[0.3688421108064069, 0.6580136101458639, -0.8858604387423009, 0.527152875560054]",28.50961046768499,1.0932223438196143
"[0.3688343730940841, 0.6580124060828827, -0.8858600968180242, 0.5271541477063979]",28.50963269592739,1.093285176301011
"[0.36882663660979437, 0.6580112023505293, -0.8858597550440859, 0.5271554194927003]",28.50965493154381,1.0933480087824077
"[0.3688188999066514, 0.658009998723647, -0.8858594133565496, 0.5271566911568454]",28.509677168711097,1.0934108412638044
"[0.36881116369931194, 0.6580087953134071, -0.885859071786975, 0.527157962581374]",28.509699407806007,1.0934736737452009
"[0.36880342727746357, 0.6580075920093026, -0.8858587303039974, 0.5271592338830348]",28.509721649751455,1.0935365062265974
"[0.36879569153065356, 0.6580063889496754, -0.8858583889468743, 0.527160504915665]",28.50974389263323,1.093599338707994
"[0.36878795545328547, 0.6580051859781217, -0.885858047671227, 0.5271617758445023]",28.509766136388173,1.0936621711893906
"[0.3687802195724059, 0.6580039831765945, -0.8858577065003116, 0.5271630465829591]",28.509788382586724,1.0937250036707873
"[0.36877248387511974, 0.6580027805430763, -0.8858573654335536, 0.5271643171331633]",28.509810632194174,1.093787836152184
"[0.3687647485262081, 0.658001578103165, -0.8858570244782107, 0.5271655874680686]",28.509832881110174,1.0938506686335805
"[0.36875701319738735, 0.6580003758058154, -0.8858566836198081, 0.5271668576415985]",28.50985513065078,1.093913501114977
"[0.36874927815857045, 0.6579991736929657, -0.8858563428702358, 0.5271681276094436]",28.509877387457955,1.0939763335963737
"[0.3687415435178455, 0.6579979717813922, -0.885856002234245, 0.5271693973538786]",28.509899640945896,1.0940391660777702
"[0.3687338086394706, 0.6579967699723036, -0.8858556616838361, 0.5271706669792646]",28.509921897298188,1.0941019985591671
"[0.3687260737133218, 0.6579955682951787, -0.8858553212273766, 0.5271719364544575]",28.50994415284582,1.0941648310405636
"[0.36871833975233026, 0.6579943669073799, -0.8858549809094363, 0.5271732056132119]",28.509966416503445,1.09422766352196
"[0.3687106059296359, 0.6579931656804208, -0.8858546406936124, 0.5271744745912607]",28.50998867997133,1.0942904960033568
"[0.3687028718005834, 0.6579919645452371, -0.8858543005603491, 0.5271757434615588]",28.510010947277564,1.0943533284847533
"[0.3686951379667942, 0.6579907635952574, -0.8858539605361071, 0.5271770121254051]",28.510033211666705,1.09441616096615
"[0.3686874045609823, 0.6579895628510718, -0.8858536206267097, 0.5271782805610453]",28.51005547884381,1.0944789934475467
"[0.36867967086422765, 0.6579883622010315, -0.8858532808005584, 0.5271795488864196]",28.510077748663797,1.0945418259289432
"[0.36867193738796306, 0.657987161724546, -0.8858529410801284, 0.5271808170176371]",28.510100020879097,1.09460465841034
"[0.3686642048786697, 0.6579859615374543, -0.885852601498192, 0.5271820848323284]",28.51012229561645,1.0946674908917364
"[0.36865647182177613, 0.6579847614046573, -0.8858522619882294, 0.5271833525788372]",28.5101445693386,1.094730323373133
"[0.3686487388625201, 0.6579835614263042, -0.8858519225785794, 0.5271846201513668]",28.510166844378162,1.0947931558545296
"[0.36864100627380747, 0.6579823616447225, -0.885851583281213, 0.5271858875052018]",28.51018912811951,1.0948559883359263
"[0.36863327437296506, 0.6579811621091042, -0.8858512441100374, 0.5271871545883786]",28.510211409519663,1.0949188208173228
"[0.36862554207228737, 0.6579799626507068, -0.8858509050173352, 0.5271884215791371]",28.51023369072913,1.0949816532987195
"[0.36861780987355447, 0.6579787633473642, -0.885850566025119, 0.5271896883952565]",28.510255977374147,1.095044485780116
"[0.3686100785605567, 0.6579775643206146, -0.8858502271677353, 0.5271909549083548]",28.51027826542666,1.0951073182615128
"[0.36860234619282795, 0.6579763652695174, -0.8858498883601401, 0.5271922214363064]",28.51030055083856,1.0951701507429092
"[0.36859461515809544, 0.6579751665643226, -0.885849549706953, 0.5271934875880214]",28.510322844279543,1.095232983224306
"[0.36858688417917995, 0.6579739680069593, -0.885849211152204, 0.5271947535727143]",28.510345138545464,1.0952958157057027
"[0.3685791531114022, 0.6579727695749945, -0.8858488726895603, 0.5271960194140757]",28.510367428494792,1.0953586481870992
"[0.36857142193273873, 0.657971571265014, -0.8858485343180635, 0.5271972851157072]",28.51038972557896,1.0954214806684957
"[0.3685636910358945, 0.6579703731378774, -0.8858481960548997, 0.5271985506133229]",28.510412021021786,1.0954843131498924
"[0.3685559612500754, 0.6579691753220545, -0.8858478579363271, 0.5271998157712271]",28.510434324698192,1.0955471456312889
"[0.36854823037173445, 0.657967977476067, -0.8858475198659596, 0.5272010809500931]",28.51045662715813,1.0956099781126856
"[0.36854050008779005, 0.6579667798613099, -0.8858471819175764, 0.5272023458738264]",28.510478930830086,1.0956728105940823
"[0.36853277023466685, 0.657965582452405, -0.8858468440840097, 0.5272036105692297]",28.51050123572305,1.0957356430754788
"[0.3685250407037646, 0.6579643852325114, -0.8858465063605017, 0.5272048750540866]",28.51052354229421,1.0957984755568755
"[0.3685173106430405, 0.6579631880696353, -0.8858461687098304, 0.5272061394678047]",28.510545851575174,1.095861308038272
"[0.3685095813918594, 0.6579619911712219, -0.8858458311904952, 0.5272074035912796]",28.510568163280425,1.0959241405196685
"[0.36850185154635307, 0.657960794319852, -0.8858454937411918, 0.5272086676541389]",28.510590475818734,1.0959869730010652
"[0.3684941228939606, 0.6579595977922548, -0.8858451564399417, 0.5272099313641113]",28.510612789524956,1.096049805482462
"[0.3684863942345624, 0.6579584014026314, -0.8858448192343484, 0.5272111949174224]",28.51063510537433,1.0961126379638584
"[0.3684786651265851, 0.6579572050825704, -0.8858444821051562, 0.5272124583863255]",28.51065742483106,1.096175470445255
"[0.36847093634074896, 0.6579560089514194, -0.8858441450859874, 0.5272137216447639]",28.51067974488148,1.0962383029266516
"[0.36846320870326116, 0.657954813136982, -0.8858438082128429, 0.5272149845577623]",28.510702071217725,1.0963011354080483
"[0.36845547984261884, 0.6579536172722823, -0.8858434713823456, 0.527216247512883]",28.51072438993019,1.096363967889445
"[0.36844775217024317, 0.6579524217304124, -0.8858431346995902, 0.5272175101161003]",28.51074671931412,1.0964268003708415
"[0.3684400238910367, 0.6579512262336504, -0.8858427980863578, 0.5272187726607094]",28.510769046306727,1.0964896328522382
"[0.36843229686156515, 0.6579500310691626, -0.8858424616235028, 0.5272200348434368]",28.510791376335032,1.0965524653336347
"[0.36842456919709127, 0.6579488359454108, -0.8858421252289486, 0.5272212969721649]",28.51081370740465,1.0966152978150312
"[0.3684168416931713, 0.6579476409854372, -0.8858417889373371, 0.5272225589169482]",28.510836040263477,1.096678130296428
"[0.368409114385754, 0.65794644619479, -0.8858414527502279, 0.5272238206719241]",28.51085837390767,1.0967409627778246
"[0.3684013874567642, 0.6579452516015751, -0.8858411166755278, 0.5272250822074085]",28.510880708614767,1.0968037952592213
"[0.36839366073385416, 0.6579440571791282, -0.8858407807057317, 0.527226343551557]",28.510903049462172,1.0968666277406178
"[0.3683859341278663, 0.6579428629136542, -0.8858404448369588, 0.5272276047189333]",28.510925390204733,1.0969294602220143
"[0.36837820792711845, 0.657941668849697, -0.8858401090817344, 0.5272288656624956]",28.510947732601746,1.096992292703411
"[0.36837048163566266, 0.6579404749105977, -0.8858397734185028, 0.5272301264631931]",28.510970077586034,1.0970551251848075
"[0.3683627554582874, 0.6579392811279924, -0.8858394378561621, 0.5272313870876136]",28.51099242166625,1.0971179576662042
"[0.3683550295544654, 0.6579380875265122, -0.8858391024016338, 0.5272326475097437]",28.511014770377997,1.097180790147601
"[0.3683473039488826, 0.6579368941099454, -0.885838767055981, 0.5272339077255798]",28.511037122548835,1.0972436226289974
"[0.36833957843230614, 0.6579357008459599, -0.8858384318101165, 0.52723516776926]",28.511059472892093,1.097306455110394
"[0.36833185366659826, 0.6579345078367557, -0.8858380966927478, 0.527236427532863]",28.511081826278797,1.0973692875917906
"[0.36832412780604157, 0.6579333147972866, -0.8858377616238117, 0.5272376873173795]",28.51110418179053,1.0974321200731871
"[0.36831640240531516, 0.6579321219676398, -0.885837426670749, 0.5272389468692843]",28.511126537610572,1.0974949525545838
"[0.3683086779141925, 0.657930929417221, -0.8858370918530373, 0.5272402061152888]",28.5111489006925,1.0975577850359806
"[0.36830095359912113, 0.6579297370327489, -0.8858367571388619, 0.5272414651750075]",28.511171259951137,1.097620617517377
"[0.36829322915538276, 0.6579285447671723, -0.8858364225150203, 0.5272427240981192]",28.511193623564758,1.0976834499987738
"[0.36828550433954027, 0.6579273525829313, -0.885836087970978, 0.5272439829242774]",28.511215986871846,1.0977462824801703
"[0.36827778071009193, 0.6579261607205212, -0.8858357535742173, 0.5272452413995414]",28.511238354092747,1.0978091149615667
"[0.3682700570821219, 0.6579249689970734, -0.8858354192734158, 0.5272464997169974]",28.511260724339568,1.0978719474429635
"[0.368262333001925, 0.6579237773425489, -0.8858350850489478, 0.5272477579505963]",28.5112830924071,1.0979347799243602
"[0.36825460956387507, 0.6579225859258155, -0.8858347509481649, 0.5272490159220283]",28.51130546473804,1.0979976124057569
"[0.3682468861735163, 0.6579213946551355, -0.8858344169453417, 0.5272502737281539]",28.51132783776346,1.0980604448871534
"[0.36823916290191205, 0.6579202035414615, -0.8858340830435503, 0.5272515313574052]",28.511350213848097,1.0981232773685499
"[0.3682314400828239, 0.6579190126362581, -0.8858337492572116, 0.5272527887554393]",28.511372593630632,1.0981861098499466
"[0.3682237173455985, 0.6579178218823152, -0.885833415570298, 0.5272540459826613]",28.51139497367763,1.0982489423313433
"[0.3682159943724373, 0.6579166312306652, -0.8858330819690825, 0.5272553030907637]",28.51141735572079,1.0983117748127398
"[0.3682082720033389, 0.6579154408107861, -0.8858327484898455, 0.52725655994304]",28.51143973477732,1.0983746072941365
"[0.36820054985033557, 0.6579142505628499, -0.8858324151158192, 0.5272578166026538]",28.511462121885536,1.098437439775533
"[0.36819282740749165, 0.6579130604088554, -0.885832081825166, 0.5272590731519553]",28.511484508431483,1.0985002722569297
"[0.36818510538456767, 0.6579118704581957, -0.8858317486485172, 0.5272603294754437]",28.51150689675947,1.0985631047383262
"[0.36817738388552673, 0.6579106807268574, -0.8858314155903437, 0.5272615855562384]",28.511529288925598,1.098625937219723
"[0.3681696618890609, 0.6579094910574701, -0.8858310826065934, 0.5272628415604829]",28.511551679454623,1.0986887697011196
"[0.3681619407371854, 0.6579083016567763, -0.8858307497551319, 0.5272640972699021]",28.511574075375634,1.098751602182516
"[0.36815421970019746, 0.6579071124123334, -0.8858304170044866, 0.5272653528032063]",28.511596472866223,1.0988144346639126
"[0.36814649872048755, 0.6579059233152639, -0.8858300843521737, 0.5272666081697637]",28.511618868628087,1.0988772671453093
"[0.36813877754796337, 0.6579047343270484, -0.8858297517874222, 0.5272678634102353]",28.51164126558355,1.0989400996267058
"[0.36813105650042793, 0.6579035454966232, -0.8858294193239246, 0.5272691184729538]",28.51166367054151,1.0990029321081025
"[0.36812333625700533, 0.6579023569285254, -0.8858290869909076, 0.5272703732475567]",28.511686072837282,1.0990657645894992
"[0.3681156158725895, 0.657901168477228, -0.8858287547476776, 0.5272716278876737]",28.511708478249112,1.0991285970708957
"[0.3681078956398128, 0.6578999801877833, -0.8858284226068288, 0.5272728823457382]",28.511730884414508,1.0991914295522924
"[0.3681001759041149, 0.6578987921133095, -0.8858280905832143, 0.5272741365656745]",28.511753295218938,1.099254262033689
"[0.3680924560181734, 0.6578976041541981, -0.8858277586489874, 0.5272753906526298]",28.511775705590217,1.0993170945150854
"[0.3680847367467845, 0.6578964164281113, -0.8858274268370256, 0.5272766444823912]",28.511798121295367,1.0993799269964821
"[0.3680770171742041, 0.6578952287941356, -0.8858270951079629, 0.5272778982037103]",28.51182053381864,1.0994427594778788
"[0.3680692976958333, 0.6578940413131178, -0.8858267634787956, 0.5272791517523482]",28.51184294954186,1.0995055919592753
"[0.368061578984228, 0.6578928540884421, -0.8858264319784036, 0.5272804050191713]",28.51186536718697,1.099568424440672
"[0.3680538600405182, 0.6578916669664996, -0.8858261005638792, 0.5272816581663262]",28.511887789554734,1.0996312569220685
"[0.3680461410719681, 0.657890479979152, -0.8858257692441285, 0.5272829111601747]",28.51191021095857,1.0996940894034652
"[0.36803842208451004, 0.6578892931273083, -0.8858254380194093, 0.5272841639997533]",28.511932636177722,1.0997569218848617
"[0.36803070422577266, 0.6578881065873915, -0.8858251069389474, 0.5272854164988285]",28.511955059399078,1.0998197543662585
"[0.36802298614965756, 0.6578869201524219, -0.8858247759449839, 0.5272866688758843]",28.51197748888973,1.0998825868476552
"[0.3680152676949919, 0.6578857337976363, -0.8858244450306195, 0.5272879211570536]",28.511999915606417,1.0999454193290517
"[0.36800755013718717, 0.6578845477190506, -0.8858241142505276, 0.527289173135425]",28.512022346465127,1.1000082518104481
"[0.36799983251456475, 0.6578833617688429, -0.8858237835634765, 0.5272904249670315]",28.51204477975112,1.1000710842918449
"[0.36799211521288877, 0.6578821760062857, -0.8858234529859924, 0.527291676589303]",28.512067218200333,1.1001339167732413
"[0.36798439810902894, 0.6578809904124248, -0.8858231225127944, 0.5272929280222457]",28.512089656444335,1.1001967492546383
"[0.36797668053877236, 0.6578798048852357, -0.8858227921154448, 0.5272941793735426]",28.512112093370973,1.1002595817360348
"[0.3679689637655065, 0.6578786196187716, -0.8858224618480264, 0.5272954304383644]",28.51213453322251,1.1003224142174313
"[0.36796124689406895, 0.6578774344755218, -0.885822131672217, 0.527296681361851]",28.512156977176463,1.100385246698828
"[0.3679535301784718, 0.6578762494944778, -0.8858218015988858, 0.5272979321028448]",28.512179420142626,1.1004480791802245
"[0.3679458140072703, 0.6578750647352946, -0.8858214716446414, 0.5272991825983755]",28.512201866985844,1.1005109116616212
"[0.36793809728839266, 0.6578738800302929, -0.8858211417627873, 0.5273004330254227]",28.512224311579665,1.100573744143018
"[0.36793038146085627, 0.6578726956003578, -0.8858208120148366, 0.5273016831508451]",28.51224676465051,1.1006365766244144
"[0.3679226656498718, 0.6578715113112019, -0.8858204823633878, 0.5273029331163744]",28.512269213364917,1.100699409105811
"[0.36791495004272384, 0.6578703271915477, -0.8858201528164418, 0.5273041828916928]",28.512291666693066,1.1007622415872076
"[0.367907234349405, 0.6578691431968812, -0.8858198233616101, 0.5273054325237782]",28.512314120738875,1.100825074068604
"[0.36789951928097164, 0.6578679594363048, -0.8858194940292478, 0.5273066818974759]",28.51233658302112,1.1008879065500008
"[0.3678918038763626, 0.6578667757623273, -0.8858191647783258, 0.5273079311684506]",28.512359037530427,1.1009507390313975
"[0.36788408911861675, 0.6578655923257675, -0.8858188356507913, 0.5273091801775204]",28.51238149989704,1.101013571512794
"[0.36787637435537257, 0.6578644090265242, -0.8858185066188042, 0.5273104290303301]",28.51240396176505,1.1010764039941907
"[0.3678686593695739, 0.6578632258313101, -0.8858181776731127, 0.5273116777620067]",28.512426428302124,1.1011392364755872
"[0.3678609453754076, 0.6578620429263111, -0.8858178488654734, 0.5273129261760492]",28.51244889426002,1.1012020689569837
"[0.3678532309337453, 0.657860860090821, -0.8858175201345372, 0.5273141745053835]",28.512471361912596,1.1012649014383804
"[0.3678455171504735, 0.657859677494396, -0.8858171915274257, 0.5273154225710606]",28.512493831584962,1.1013277339197771
"[0.3678378029092984, 0.6578584949658852, -0.8858168629965829, 0.5273166705537033]",28.51251630384904,1.1013905664011738
"[0.3678300888421259, 0.6578573126021584, -0.8858165345689286, 0.5273179183510747]",28.51253877770796,1.1014533988825703
"[0.36782237569174947, 0.6578561305170334, -0.885816206276068, 0.5273191658430567]",28.51256125489217,1.1015162313639668
"[0.36781466211382846, 0.65785494850446, -0.8858158780607757, 0.5273204132470977]",28.512583730495027,1.1015790638453635
"[0.36780694936224506, 0.6578537667565699, -0.8858155499763992, 0.5273216603604327]",28.512606207349144,1.10164189632676
"[0.3677992361681725, 0.6578525850789371, -0.8858152219689605, 0.5273229073882393]",28.512628689947796,1.1017047288081567
"[0.3677915229660928, 0.6578514035381323, -0.8858148940569462, 0.5273241542602594]",28.51265117182789,1.1017675612895534
"[0.3677838103457388, 0.6578502222244725, -0.8858145662654193, 0.5273254008811797]",28.51267365870303,1.10183039377095
"[0.3677760977995188, 0.6578490410601905, -0.8858142385727967, 0.5273266473330634]",28.512696142590897,1.1018932262523466
"[0.3677683857576846, 0.6578478601111581, -0.8858139109973501, 0.5273278935463951]",28.51271863327244,1.1019560587337431
"[0.3677606737696795, 0.6578466793083616, -0.8858135835199336, 0.5273291395939993]",28.51274112317205,1.1020188912151396
"[0.3677529618812864, 0.6578454986588134, -0.8858132561424901, 0.5273303854684717]",28.512763616448915,1.1020817236965363
"[0.3677452497005042, 0.6578443181024715, -0.8858129288483853, 0.5273316312331686]",28.512786110909197,1.102144556177933
"[0.3677375384177376, 0.6578431378215611, -0.8858126016881278, 0.5273328766957947]",28.512808605938737,1.1022073886593295
"[0.3677298271363407, 0.6578419576788097, -0.8858122746236627, 0.5273341220012021]",28.512831104012136,1.1022702211407263
"[0.3677221153836018, 0.6578407776018819, -0.885811947634951, 0.5273353672257148]",28.512853604423796,1.1023330536221227
"[0.36771440409238876, 0.6578395977335219, -0.8858116207615497, 0.5273366122187039]",28.51287610453416,1.1023958861035195
"[0.3677066936325027, 0.6578384181302728, -0.885811294019112, 0.5273378569205041]",28.512898609809557,1.1024587185849162
"[0.3676989829680284, 0.6578372386336298, -0.8858109673637303, 0.5273391014983644]",28.512921111347232,1.1025215510663127
"[0.36769127230885323, 0.6578360592757012, -0.8858106408043017, 0.5273403459184008]",28.512943622884112,1.1025843835477094
"[0.36768356206559016, 0.6578348801192737, -0.8858103143582103, 0.5273415901143592]",28.512966127558443,1.1026472160291059
"[0.36767585166445543, 0.6578337010765859, -0.8858099880011608, 0.5273428341788381]",28.51298864016064,1.1027100485105024
"[0.36766814182341406, 0.65783252225741, -0.8858096617635357, 0.5273440779960084]",28.51301115209375,1.102772880991899
"[0.36766043181363534, 0.6578313435502946, -0.8858093356144908, 0.527345321683463]",28.51303366460837,1.1028357134732958
"[0.3676527221330599, 0.657830165031355, -0.8858090095750881, 0.527346565160887]",28.513056181359996,1.1028985459546923
"[0.36764501271193734, 0.6578289866899125, -0.8858086836423696, 0.5273478084395445]",28.51307870027148,1.102961378436089
"[0.36763730362931973, 0.6578278085380297, -0.885808357819668, 0.5273490515067051]",28.513101220045193,1.1030242109174855
"[0.36762959450056654, 0.6578266305168904, -0.8858080320907235, 0.527350294424424]",28.513123739319358,1.1030870433988822
"[0.3676218852022334, 0.6578254526076588, -0.8858077064503258, 0.5273515372125674]",28.51314626249527,1.1031498758802787
"[0.3676141767650251, 0.6578242749677837, -0.8858073809420014, 0.5273527797050126]",28.513168790780956,1.1032127083616754
"[0.36760646792948704, 0.6578230974048381, -0.8858070555125599, 0.5273540221047808]",28.51319131656519,1.1032755408430721
"[0.3675987597910044, 0.6578219200861374, -0.8858067302082394, 0.5273552642353398]",28.513213846678156,1.1033383733244686
"[0.36759105132648073, 0.6578207428553964, -0.8858064049858584, 0.5273565062615756]",28.51323637692154,1.103401205805865
"[0.3675833434430998, 0.6578195658511585, -0.8858060798836874, 0.527357748037315]",28.513258909374162,1.1034640382872618
"[0.3675756354353234, 0.6578183889656447, -0.8858057548719626, 0.5273589896762667]",28.51328144383723,1.1035268707686583
"[0.3675679278788705, 0.6578172122867727, -0.8858054299749555, 0.5273602310856702]",28.513303979044018,1.103589703250055
"[0.3675602208142113, 0.657816035820681, -0.8858051051943561, 0.5273614722590478]",28.513326520049265,1.1036525357314517
"[0.3675525131183923, 0.6578148593959519, -0.8858047804828472, 0.5273627133772413]",28.5133490562286,1.1037153682128482
"[0.3675448056100061, 0.6578136831375346, -0.8858044558749248, 0.5273639543084248]",28.513371599834908,1.103778200694245
"[0.3675370988445435, 0.6578125071301736, -0.8858041313939687, 0.5273651949631923]",28.51339414236036,1.1038410331756414
"[0.367529392335931, 0.6578113312996664, -0.885803807019497, 0.5273664354198234]",28.51341668812701,1.103903865657038
"[0.3675216857816572, 0.6578101555998453, -0.8858034827387747, 0.5273676757270197]",28.513439236594085,1.1039666981384346
"[0.36751397871083497, 0.657808979958894, -0.8858031585320003, 0.5273689159605373]",28.51346178413963,1.1040295306198313
"[0.3675062725978799, 0.6578078046016745, -0.8858028344611908, 0.5273701558831593]",28.513484334454798,1.104092363101228
"[0.36749856640851103, 0.657806629370436, -0.8858025104828353, 0.5273713956612976]",28.513506888599707,1.1041551955826245
"[0.3674908607421681, 0.65780545435657, -0.8858021866221304, 0.527372635198538]",28.513529442207624,1.104218028064021
"[0.3674831547781633, 0.6578042794349439, -0.8858018628445796, 0.52737387462688]",28.513552000208783,1.1042808605454177
"[0.36747544915328234, 0.6578031047025885, -0.8858015391769413, 0.5273751138439654]",28.51357455778504,1.1043436930268142
"[0.367467743960657, 0.657801930173704, -0.8858012156231141, 0.5273763528348099]",28.51359711843914,1.104406525508211
"[0.3674600390592732, 0.6578007558267884, -0.8858008921771654, 0.5273775916220912]",28.51361968111293,1.1044693579896077
"[0.3674523336914415, 0.6577995815463441, -0.8858005688072932, 0.5273788303276414]",28.51364224341488,1.1045321904710041
"[0.36744462862526306, 0.6577984074494285, -0.8858002455457374, 0.5273800688279765]",28.513664811148526,1.1045950229524006
"[0.36743692441815806, 0.6577972336209458, -0.8857999224158645, 0.5273813070335334]",28.513687376858428,1.1046578554337974
"[0.36742921974155857, 0.6577960598584642, -0.885799599361947, 0.5273825451578411]",28.513709947411378,1.104720687915194
"[0.3674215152146377, 0.6577948862562926, -0.8857992764099537, 0.527383783101418]",28.513732520099108,1.1047835203965908
"[0.3674138107396251, 0.6577937127995516, -0.8857989535557855, 0.5273850208799524]",28.51375509153888,1.1048463528779873
"[0.3674061067874984, 0.6577925395599464, -0.8857986308191698, 0.5273862584178066]",28.51377766667266,1.1049091853593838
"[0.36739840364453263, 0.6577913665810352, -0.8857983082120758, 0.5273874956690341]",28.51380024267011,1.1049720178407805
"[0.36739069975084576, 0.6577901936252821, -0.8857979856691777, 0.5273887328841825]",28.51382282193838,1.105034850322177
"[0.367382996287918, 0.6577890208725786, -0.8857976632399482, 0.5273899698735001]",28.513845401784838,1.1050976828035737
"[0.3673752928558781, 0.6577878482620317, -0.8857973409076451, 0.5273912067012115]",28.513867984613242,1.1051605152849704
"[0.36736759003315833, 0.6577866758816697, -0.8857970186964608, 0.5273924432744657]",28.513890567969437,1.1052233477663669
"[0.36735988674806713, 0.6577855035683703, -0.8857966965615656, 0.5273936797653124]",28.513913152825697,1.1052861802477636
"[0.3673521843340092, 0.657784331525038, -0.8857963745587142, 0.527394915959736]",28.513935741631528,1.10534901272916
"[0.367344481851842, 0.657783159608745, -0.8857960526486327, 0.5273961520084852]",28.513958330579985,1.1054118452105566
"[0.36733677956021366, 0.6577819878588336, -0.8857957308421303, 0.5273973878700596]",28.51398092490456,1.1054746776919533
"[0.36732907713675556, 0.6577808162262573, -0.885795409125739, 0.5273986235961867]",28.514003516582104,1.10553751017335
"[0.36732137502844464, 0.6577796447789959, -0.8857950875181264, 0.5273998591151634]",28.514026111287993,1.1056003426547465
"[0.36731367354786904, 0.657778473564563, -0.8857947660323304, 0.5274010943768753]",28.514048708394753,1.1056631751361432
"[0.3673059713902146, 0.6577773023845236, -0.8857944446138863, 0.5274023295906044]",28.514071306619666,1.1057260076175397
"[0.3672982702090776, 0.6577761314903096, -0.8857941233317961, 0.5274035644911688]",28.514093908867054,1.1057888400989364
"[0.3672905689600491, 0.6577749607230976, -0.8857938021424742, 0.5274047992460713]",28.514116508772673,1.105851672580333
"[0.367282867588275, 0.6577737900745507, -0.8857934810436383, 0.5274060338640998]",28.51413911317891,1.1059145050617296
"[0.3672751664741144, 0.657772619602476, -0.8857931600511464, 0.5274072682842847]",28.514161718513037,1.1059773375431263
"[0.3672674657293868, 0.6577714493238477, -0.8857928391696497, 0.5274085024887214]",28.514184325733776,1.1060401700245228
"[0.36725976499922636, 0.6577702791847216, -0.8857925183843568, 0.5274097365342977]",28.51420694064519,1.1061030025059193
"[0.36725206504914887, 0.6577691093013944, -0.8857921977271426, 0.5274109702983627]",28.51422954947729,1.106165834987316
"[0.36724436467133836, 0.6577679394903436, -0.8857918771477046, 0.5274122039744572]",28.514252162347848,1.1062286674687125
"[0.36723666432271124, 0.6577667698209863, -0.8857915566650744, 0.5274134374893688]",28.514274774735327,1.1062914999501092
"[0.36722896437521374, 0.6577656003498068, -0.8857912362947264, 0.5274146707835267]",28.514297394551413,1.106354332431506
"[0.3672212651106605, 0.6577644311195727, -0.8857909160483679, 0.5274159038118278]",28.51432001324888,1.1064171649129024
"[0.3672135655905635, 0.6577632619877467, -0.8857905958869565, 0.5274171367245835]",28.51434263987747,1.1064799973942991
"[0.3672058659625434, 0.6577620929767493, -0.8857902758166397, 0.5274183694981454]",28.51436525955125,1.1065428298756956
"[0.3671981668710473, 0.6577609241844093, -0.8857899558642014, 0.5274196020293448]",28.514387884126922,1.1066056623570923
"[0.3671904680593327, 0.6577597555717232, -0.8857896360189581, 0.5274208343593106]",28.51441050782381,1.106668494838489
"[0.3671827687423593, 0.6577585870195316, -0.8857893162483019, 0.5274220666136944]",28.514433137879067,1.1067313273198855
"[0.3671750703135892, 0.6577574187393093, -0.885788996610102, 0.5274232985694896]",28.514455769910295,1.106794159801282
"[0.36716737212257783, 0.6577562506323202, -0.8857886770773326, 0.5274245303308115]",28.514478401044375,1.1068569922826788
"[0.36715967360922924, 0.6577550826135569, -0.8857883576267493, 0.527425761987297]",28.514501031941574,1.1069198247640752
"[0.3671519750681632, 0.6577539147277368, -0.8857880382705856, 0.5274269934917862]",28.514523669427675,1.106982657245472
"[0.36714427724499804, 0.6577527470879445, -0.8857877190397611, 0.5274282247250323]",28.514546303273214,1.1070454897268687
"[0.3671365796345014, 0.6577515796175188, -0.8857873999133085, 0.5274294557678696]",28.51456894199282,1.1071083222082652
"[0.3671288818275799, 0.657750412254411, -0.8857870808742688, 0.5274306866857207]",28.514591583097072,1.1071711546896619
"[0.3671211842323449, 0.6577492450604921, -0.885786761939559, 0.5274319174133428]",28.514614228416796,1.1072339871710584
"[0.3671134871511459, 0.6577480780815966, -0.8857864431216943, 0.5274331479024036]",28.51463687128653,1.1072968196524549
"[0.36710579025404855, 0.6577469112676757, -0.8857861244069978, 0.5274343782056735]",28.514659518933307,1.1073596521338516
"[0.36709809306071733, 0.6577457445459103, -0.8857858057755833, 0.5274356083999285]",28.514682169312263,1.1074224846152483
"[0.3670903966844591, 0.6577445780850337, -0.8857854872735301, 0.5274368383072537]",28.514704818302217,1.107485317096645
"[0.3670827001001912, 0.6577434117296644, -0.8857851688584071, 0.5274380680914789]",28.514727473499804,1.1075481495780415
"[0.36707500388793, 0.6577422455676913, -0.885784850554209, 0.527439297659932]",28.51475012593504,1.107610982059438
"[0.36706730745057936, 0.6577410795086281, -0.8857845323362402, 0.5274405271080153]",28.51477277927565,1.1076738145408347
"[0.36705961146261434, 0.6577399136546578, -0.8857842142323854, 0.5274417563279873]",28.514795435757474,1.1077366470222312
"[0.36705191524812275, 0.657738747903367, -0.8857838962147049, 0.5274429854278241]",28.51481809597991,1.107799479503628
"[0.3670442199016356, 0.6577375824205315, -0.8857835783284156, 0.5274442142327385]",28.514840756906786,1.1078623119850246
"[0.36703652444272844, 0.6577364170576373, -0.885783260533005, 0.5274454428993108]",28.51486342090676,1.107925144466421
"[0.367028828583434, 0.6577352517710819, -0.8857829428165941, 0.5274466714735073]",28.51488608365496,1.1079879769478178
"[0.3670211335764993, 0.6577340867505387, -0.885782625230893, 0.5274478997553498]",28.51490875055013,1.1080508094292143
"[0.36701343880753473, 0.6577329219029548, -0.885782307750528, 0.5274491278429421]",28.51493141833609,1.1081136419106108
"[0.3670057440114489, 0.6577317571881909, -0.8857819903645592, 0.5274503557785991]",28.514954090314532,1.1081764743920075
"[0.3669980498250781, 0.6577305927026198, -0.8857816730992448, 0.5274515834607146]",28.514976763177277,1.1082393068734042
"[0.3669903550807928, 0.6577294282695196, -0.8857813559064404, 0.5274528110755959]",28.514999433516902,1.1083021393548007
"[0.36698266066172236, 0.6577282640225353, -0.8857810388225557, 0.5274540384823432]",28.515022113788596,1.1083649718361974
"[0.3669749669002824, 0.6577271000119334, -0.8857807218612738, 0.5274552656279599]",28.51504478997241,1.108427804317594
"[0.3669672727562149, 0.6577259360803179, -0.8857804049797353, 0.5274564926783759]",28.51506747025961,1.1084906367989904
"[0.36695957889110853, 0.6577247723277827, -0.8857800882051916, 0.527457719528064]",28.515090151051645,1.1085534692803873
"[0.366951885458777, 0.6577236087775293, -0.8857797715439649, 0.5274589461525655]",28.51511283642851,1.1086163017617838
"[0.36694419239126064, 0.6577224454192987, -0.8857794549932445, 0.5274601725626895]",28.51513551911755,1.1086791342431805
"[0.36693649893752067, 0.6577212821394868, -0.8857791385221301, 0.5274613988781944]",28.515158208462566,1.108741966724577
"[0.3669288062620957, 0.6577201191141739, -0.8857788221785189, 0.5274626249134553]",28.515180897163745,1.1088047992059735
"[0.3669211131772102, 0.6577189561637734, -0.8857785059135623, 0.5274638508577841]",28.51520358475445,1.1088676316873702
"[0.36691342057029896, 0.6577177934224111, -0.8857781897637437, 0.5274650765697874]",28.515226277105768,1.108930464168767
"[0.3669057279624576, 0.6577166308177016, -0.8857778737093741, 0.5274663021257663]",28.515248972089605,1.1089932966501634
"[0.36689803559154077, 0.6577154683855772, -0.8857775577602225, 0.5274675274878402]",28.51527166582433,1.1090561291315602
"[0.36689034344831367, 0.6577143061246228, -0.8857772419159048, 0.5274687526574965]",28.515294363020196,1.1091189616129566
"[0.3668826515850269, 0.6577131440427171, -0.8857769261785575, 0.527469977626428]",28.515317062730308,1.1091817940943534
"[0.36687495924655433, 0.6577119820257874, -0.8857766105171903, 0.5274712025148746]",28.5153397640268,1.1092446265757498
"[0.366867268292987, 0.6577108203547594, -0.8857762950081186, 0.527472427026712]",28.51536247087994,1.1093074590571466
"[0.36685957610368686, 0.6577096586338297, -0.885775979543834, 0.5274736515791474]",28.51538517338374,1.1093702915385433
"[0.3668518855983409, 0.6577084973039115, -0.8857756642440696, 0.5274748757074197]",28.515407881028942,1.1094331240199398
"[0.3668441942333176, 0.6577073359808766, -0.8857753490045265, 0.5274760998164255]",28.515430590398847,1.1094959565013363
"[0.3668365032698312, 0.6577061748551616, -0.8857750338769078, 0.5274773237054273]",28.515453299767156,1.109558788982733
"[0.36682881298638936, 0.6577050139687806, -0.8857747188726065, 0.5274785473301383]",28.515476014624003,1.1096216214641295
"[0.3668211218979133, 0.6577038530975511, -0.8857744039307968, 0.5274797709268525]",28.515498727052883,1.1096844539455262
"[0.3668134316886613, 0.6577026924956842, -0.8857740891204471, 0.5274809942276184]",28.515521440618965,1.1097472864269229
"[0.3668057417395408, 0.6577015320697125, -0.8857737744161952, 0.5274822173309518]",28.515544160673823,1.1098101189083194
"[0.3667980514413773, 0.657700371727708, -0.8857734597931143, 0.5274834403337412]",28.515566881031752,1.109872951389716
"[0.36679036144225124, 0.6576992115674548, -0.8857731452777224, 0.5274846631329173]",28.5155896012607,1.1099357838711126
"[0.3667826717156154, 0.6576980515849197, -0.8857728308689243, 0.5274858857327295]",28.515612325785895,1.109998616352509
"[0.3667749823847775, 0.6576968917986986, -0.8857725165717514, 0.527487108113573]",28.515635050143782,1.1100614488339058
"[0.36676729312329404, 0.6576957321595082, -0.8857722023728539, 0.5274883303273915]",28.51565777682658,1.1101242813153025
"[0.3667596041541874, 0.6576945727009947, -0.88577188828134, 0.5274895523387167]",28.51568050658424,1.110187113796699
"[0.3667519146626073, 0.6576934133002731, -0.8857715742639298, 0.5274907742770597]",28.51570323377217,1.1102499462780957
"[0.36674422615718233, 0.6576922541847972, -0.885771260382225, 0.5274919959026949]",28.515725968985386,1.1103127787594922
"[0.36673653754416047, 0.6576910951896459, -0.8857709465915587, 0.5274932173894353]",28.515748701077573,1.110375611240889
"[0.36672884901519265, 0.6576899363436994, -0.8857706328997553, 0.5274944387068392]",28.515771440319494,1.1104384437222854
"[0.3667211610027541, 0.657688777712127, -0.8857703193244508, 0.5274956597862213]",28.515794179868916,1.110501276203682
"[0.36671347250720554, 0.6576876191442748, -0.885770005824873, 0.5274968807863509]",28.515816916467163,1.1105641086850788
"[0.36670578445870433, 0.6576864607802879, -0.8857696924389526, 0.527498101559528]",28.515839658319102,1.1106269411664753
"[0.36669809691549154, 0.6576853026289288, -0.885769379169048, 0.5274993220965143]",28.515862402907548,1.1106897736478718
"[0.3666904095249818, 0.6576841446370528, -0.88576906600078, 0.5275005424533151]",28.515885149795366,1.1107526061292685
"[0.3666827218080034, 0.6576829867324743, -0.8857687529146341, 0.5275017627059998]",28.515907894879373,1.1108154386106652
"[0.3666750347025281, 0.657681829056449, -0.8857684399488069, 0.5275029827057035]",28.51593064488239,1.110878271092062
"[0.36666734771538245, 0.6576806715346996, -0.8857681270832071, 0.5275042025306982]",28.515953394908518,1.1109411035734584
"[0.36665966099831215, 0.6576795141900532, -0.8857678143240061, 0.5275054221569254]",28.5159761464813,1.111003936054855
"[0.36665197452259196, 0.6576783570181698, -0.8857675016700274, 0.5275066415889558]",28.515998902501988,1.1110667685362516
"[0.36664428794137055, 0.6576771999668138, -0.885767189107162, 0.5275078608818321]",28.516021658878966,1.1111296010176481
"[0.3666366012166592, 0.6576760430302776, -0.8857668766338725, 0.5275090800415638]",28.516044415464147,1.1111924334990448
"[0.36662891511296614, 0.6576748863236093, -0.8857665642812289, 0.527510298946912]",28.51606717823608,1.1112552659804416
"[0.36662122904039834, 0.6576737297580115, -0.8857662520252496, 0.5275115176914461]",28.516089939907143,1.111318098461838
"[0.3666135436290792, 0.6576725734282799, -0.8857659398915227, 0.5275127361752721]",28.516112701193013,1.1113809309432348
"[0.3666058578349053, 0.6576714171773081, -0.8857656278376401, 0.527513954563937]",28.516135466636754,1.1114437634246312
"[0.36659817208680984, 0.6576702610696304, -0.8857653158810254, 0.5275151727894335]",28.516158232742672,1.1115065959060277
"[0.3665904870685771, 0.657669105208076, -0.8857650040494198, 0.5275163907434054]",28.516181000526633,1.1115694283874245
"[0.3665828015248737, 0.6576679494038289, -0.885764692291885, 0.5275176086248075]",28.51620377308289,1.1116322608688212
"[0.3665751171802073, 0.6576667939162122, -0.8857643806783633, 0.5275188261603865]",28.516226547155583,1.1116950933502177
"[0.36656743196844505, 0.6576656384345212, -0.8857640691250653, 0.5275200436775284]",28.516249321605148,1.1117579258316144
"[0.36655974769423927, 0.6576644832300912, -0.8857637577051515, 0.5275212608903256]",28.51627209556612,1.1118207583130109
"[0.3665520635008553, 0.657663328174088, -0.885763446383883, 0.5275224779345267]",28.516294876619803,1.1118835907944076
"[0.36654437883036456, 0.6576621731826563, -0.8857631351386662, 0.5275236948984818]",28.516317653741183,1.111946423275804
"[0.3665366946678189, 0.6576610184038428, -0.8857628240093982, 0.5275249116261967]",28.516340434767578,1.1120092557572008
"[0.3665290108224515, 0.6576598638089618, -0.8857625129883419, 0.5275261281478922]",28.516363221024015,1.1120720882385975
"[0.3665213272745269, 0.6576587093949894, -0.8857622020746895, 0.5275273444667558]",28.51638600543218,1.112134920719994
"[0.36651364366652744, 0.6576575551082318, -0.8857618912539709, 0.5275285606393534]",28.51640879240348,1.1121977532013905
"[0.36650596015839176, 0.6576564009727086, -0.8857615805326577, 0.5275297766403737]",28.516431585635463,1.1122605856827872
"[0.3664982765798427, 0.6576552469628332, -0.8857612699038652, 0.5275309924967717]",28.51645437233109,1.1123234181641837
"[0.3664905940067585, 0.6576540932401637, -0.885760959411073, 0.5275322080383287]",28.51647716338408,1.1123862506455804
"[0.36648291137861927, 0.6576529396454082, -0.8857606490114048, 0.5275334234328698]",28.51649996005597,1.112449083126977
"[0.36647522853585485, 0.6576517861546071, -0.8857603386984197, 0.5275346387056336]",28.516522757596455,1.1125119156083736
"[0.36646754643447144, 0.6576506329112775, -0.8857600285107243, 0.5275358537054127]",28.51654555842932,1.1125747480897703
"[0.3664598638760507, 0.6576494797354994, -0.8857597183999246, 0.527537068621759]",28.516568354893955,1.1126375805711668
"[0.36645218169694216, 0.6576483267528112, -0.8857594083997845, 0.5275382833224074]",28.516591156744685,1.1127004130525633
"[0.3664444998541879, 0.6576471739567298, -0.8857590985085586, 0.5275394978141873]",28.51661396072785,1.1127632455339602
"[0.36643681807521933, 0.6576460213063511, -0.8857587887152463, 0.5275407121401869]",28.516636764853235,1.1128260780153567
"[0.3664291359918505, 0.6576448687464345, -0.8857584790050054, 0.5275419263585982]",28.51665957317669,1.1128889104967532
"[0.366421454852277, 0.6576437164642, -0.8857581694281481, 0.5275431402721846]",28.516682380665756,1.11295174297815
"[0.3664137735235888, 0.6576425642896978, -0.8857578599390025, 0.5275443540599815]",28.5167051924442,1.1130145754595464
"[0.3664060927439342, 0.6576414123336245, -0.8857575505673041, 0.5275455676053702]",28.516728006833933,1.1130774079409431
"[0.3663984114178599, 0.6576402604316802, -0.8857572412689317, 0.5275467810814303]",28.51675082060875,1.1131402404223398
"[0.36639073095292546, 0.6576391087949321, -0.885756932100559, 0.527547994265809]",28.516773638352188,1.1132030729037363
"[0.36638304991834364, 0.6576379572088302, -0.8857566230045874, 0.5275492073845194]",28.516796454644926,1.113265905385133
"[0.3663753698502098, 0.6576368059036665, -0.8857563140428258, 0.5275504201949602]",28.516819274532736,1.1133287378665295
"[0.3663676895841828, 0.6576356547048526, -0.8857560051684223, 0.5275516328810462]",28.516842099402922,1.113391570347926
"[0.36636000944127783, 0.6576345036605209, -0.8857556963942901, 0.5275528453920678]",28.516864921430255,1.1134544028293227
"[0.36635232944120033, 0.6576333527736085, -0.8857553877212181, 0.527554057724929]",28.516887744612234,1.1135172353107194
"[0.3663446502287015, 0.6576322021407057, -0.8857550791751054, 0.5275552697778791]",28.51691057569344,1.1135800677921162
"[0.36633697080193384, 0.6576310516116755, -0.8857547707156896, 0.527556481709068]",28.51693340275095,1.1136429002735126
"[0.36632929147120896, 0.6576299012330099, -0.8857544623554385, 0.5275576934695171]",28.516956232982754,1.1137057327549091
"[0.36632161180815154, 0.657628750940539, -0.8857541540771575, 0.527558905126816]",28.516979067102348,1.1137685652363059
"[0.3663139327963394, 0.6576276008815733, -0.8857538459203258, 0.5275601165257918]",28.51700190147549,1.1138313977177023
"[0.3663062540408696, 0.6576264509969421, -0.885753537869081, 0.5275613277287696]",28.5170247405319,1.113894230199099
"[0.3662985754250609, 0.6576253012691563, -0.8857532299187367, 0.5275625387541677]",28.517047576340723,1.1139570626804958
"[0.36629089728635084, 0.657624151748724, -0.8857529220828162, 0.5275637495487819]",28.517070417279573,1.1140198951618923
"[0.36628321879397463, 0.6576230023112525, -0.8857526143280123, 0.5275649602436326]",28.517093258716674,1.1140827276432888
"[0.36627554085410596, 0.6576218530923857, -0.8857523066906422, 0.5275661706958432]",28.51711610295273,1.1141455601246855
"[0.3662678629401263, 0.6576207040132844, -0.8857519991495966, 0.5275673809884502]",28.51713894826481,1.114208392606082
"[0.3662601849450979, 0.6576195550579381, -0.8857516917005958, 0.5275685911383133]",28.51716179769699,1.1142712250874787
"[0.36625250751766464, 0.6576184063233944, -0.8857513843696057, 0.5275698010432127]",28.517184644192753,1.1143340575688754
"[0.366244830120366, 0.6576172577292159, -0.8857510771351025, 0.5275710107878665]",28.517207495218564,1.1143968900502719
"[0.36623715247996563, 0.6576161092345245, -0.8857507699861574, 0.5275722204153245]",28.51723034557373,1.1144597225316686
"[0.3662294760315837, 0.6576149610539709, -0.8857504629801682, 0.5275734296995085]",28.517253204574516,1.114522555013065
"[0.36622179863198423, 0.6576138128669758, -0.8857501560314173, 0.5275746389780546]",28.517276059603205,1.1145853874944616
"[0.3662141218163865, 0.6576126649031419, -0.8857498492012925, 0.5275758480091388]",28.51729891326295,1.1146482199758583
"[0.36620644513662287, 0.6576115170954299, -0.8857495424718703, 0.5275770568633638]",28.517321776226392,1.114711052457255
"[0.3661987691700374, 0.6576103695301356, -0.8857492358662051, 0.5275782654498425]",28.517344641099445,1.1147738849386517
"[0.3661910925833315, 0.6576092220079208, -0.88574892933104, 0.5275794739785089]",28.51736750342087,1.1148367174200482
"[0.36618341670732046, 0.6576080747277162, -0.8857486229195164, 0.5275806822398517]",28.51739036919116,1.1148995499014447
"[0.3661757408672901, 0.6576069275886491, -0.885748316604689, 0.527581890340104]",28.51741323688622,1.1149623823828414
"[0.3661680652026445, 0.6576057806115443, -0.8857480103921188, 0.5275830982573301]",28.517436102995333,1.1150252148642381
"[0.3661603900971208, 0.6576046338537285, -0.8857477042971027, 0.5275843059311538]",28.517458974555964,1.1150880473456346
"[0.3661527145064793, 0.6576034871591452, -0.8857473982779953, 0.5275855135259206]",28.5174818485635,1.1151508798270313
"[0.36614503944342314, 0.6576023406791043, -0.8857470923751741, 0.5275867208822779]",28.517504725623624,1.1152137123084278
"[0.36613736464062663, 0.6576011943736502, -0.8857467865779705, 0.527587928042301]",28.517527602758147,1.1152765447898245
"[0.3661296893244982, 0.657600048127228, -0.8857464808555691, 0.5275891351276751]",28.51755047851743,1.115339377271221
"[0.36612201514874704, 0.657598902186792, -0.8857461752738296, 0.5275903418783358]",28.517573357507327,1.1154022097526177
"[0.366114340314489, 0.6575977562837096, -0.8857458697611152, 0.5275915485771673]",28.517596241079087,1.1154650422340144
"[0.36610666577368833, 0.6575966105601161, -0.8857455643553287, 0.5275927550744887]",28.51761912382806,1.115527874715411
"[0.3660989924259013, 0.6575954651502637, -0.885745259092243, 0.5275939612289258]",28.517642012729937,1.1155907071968074
"[0.36609131829867364, 0.6575943197597064, -0.8857449538933826, 0.527595167350537]",28.517664901705434,1.1156535396782041
"[0.3660836442539609, 0.6575931745171072, -0.885744648793043, 0.5275963733038314]",28.517687786946414,1.1157163721596006
"[0.3660759710544988, 0.6575920295362662, -0.8857443438215328, 0.527597578968974]",28.51771067909086,1.1157792046409973
"[0.3660682977642967, 0.6575908846774926, -0.8857440389416393, 0.5275987844930569]",28.517733571160683,1.115842037122394
"[0.36606062499085174, 0.6575897400313994, -0.885743734177494, 0.5275999897806635]",28.517756466422135,1.1159048696037905
"[0.3660529514919103, 0.657588595412681, -0.8857434294797599, 0.5276011950269099]",28.517779366398006,1.1159677020851873
"[0.3660452782819144, 0.6575874509726489, -0.8857431248887288, 0.5276024000724673]",28.51780225685297,1.1160305345665837
"[0.36603760532299257, 0.6575863067056456, -0.8857428204028888, 0.5276036049232881]",28.517825161395002,1.1160933670479802
"[0.3660299332260746, 0.6575851627027425, -0.8857425160464648, 0.5276048094834784]",28.517848062193874,1.116156199529377
"[0.36602226072040595, 0.6575840187744364, -0.885742211769039, 0.5276060139525689]",28.51787096608724,1.1162190320107737
"[0.366014588839873, 0.6575828750748656, -0.8857419076116108, 0.5276072181682611]",28.517893873204056,1.1162818644921702
"[0.3660069167273341, 0.6575817314762349, -0.8857416035401932, 0.5276084222651083]",28.517916781331035,1.1163446969735669
"[0.3659992444847697, 0.657580587993768, -0.8857412995588365, 0.5276096262270747]",28.517939688298107,1.1164075294549634
"[0.3659915730039479, 0.6575794447603138, -0.8857409957028645, 0.5276108299142862]",28.51796259739436,1.11647036193636
"[0.3659839015632587, 0.6575783016683222, -0.8857406919436808, 0.5276120334399772]",28.517985511034688,1.1165331944177566
"[0.3659762302977105, 0.6575771587379238, -0.8857403882866304, 0.5276132367829466]",28.518008423649217,1.1165960268991533
"[0.3659685587236759, 0.6575760158970494, -0.8857400847125735, 0.5276144400190693]",28.518031343351772,1.11665885938055
"[0.3659608884850464, 0.6575748733905569, -0.8857397812865437, 0.5276156428905467]",28.51805426284532,1.1167216918619465
"[0.3659532175367647, 0.6575737309138157, -0.8857394779276313, 0.5276168457181012]",28.518077185195718,1.116784524343343
"[0.36594554697875004, 0.657572588630632, -0.885739174679342, 0.5276180483292698]",28.518100105183095,1.1168473568247397
"[0.3659378764319243, 0.6575714464845562, -0.8857388715266843, 0.5276192507834787]",28.518123028261318,1.1169101893061364
"[0.3659302057755564, 0.6575703044575829, -0.8857385684648897, 0.5276204530996825]",28.518145952864515,1.116973021787533
"[0.3659225362236402, 0.657569162730453, -0.885738265541906, 0.5276216550875942]",28.518168883393066,1.1170358542689296
"[0.36591486599463713, 0.6575680210379289, -0.8857379626873623, 0.5276228570264481]",28.518191811687778,1.117098686750326
"[0.3659071962241831, 0.6575668795490509, -0.885737659946104, 0.5276240587382791]",28.518214739279752,1.1171615192317228
"[0.36589952689616106, 0.6575657382613904, -0.8857373573174808, 0.5276252602256428]",28.518237675156023,1.1172243517131193
"[0.36589185750595804, 0.6575645970998406, -0.885737054781575, 0.527626461567604]",28.51826060876204,1.117287184194516
"[0.365884187730233, 0.6575634560162977, -0.8857367523256425, 0.5276276628147979]",28.518283543280226,1.1173500166759127
"[0.3658765189432321, 0.6575623152151975, -0.8857364500038668, 0.5276288637520073]",28.51830648647518,1.1174128491573092
"[0.3658688505112353, 0.6575611746022272, -0.8857361477912427, 0.5276300644785156]",28.51832942389664,1.1174756816387057
"[0.3658611813238256, 0.657560034012229, -0.8857358456440172, 0.5276312651681798]",28.51835236333444,1.1175385141201024
"[0.36585351292066765, 0.6575588936741819, -0.8857355436228512, 0.5276324655799516]",28.518375308857138,1.117601346601499
"[0.3658458446201233, 0.6575577534866943, -0.8857352417008841, 0.5276336658205618]",28.518398254296127,1.1176641790828956
"[0.3658381765189488, 0.6575566134641411, -0.8857349398819211, 0.5276348658748753]",28.518421203196453,1.1177270115642923
"[0.3658305085435585, 0.6575554735955665, -0.885734638163062, 0.5276360657544213]",28.518444149864035,1.1177898440456888
"[0.3658228409238907, 0.6575543339151361, -0.8857343365533474, 0.5276372654232324]",28.518467101174426,1.1178526765270855
"[0.36581517279363923, 0.6575531942940864, -0.8857340350187057, 0.5276384650168452]",28.518490054837116,1.117915509008482
"[0.36580750547536134, 0.6575520549289591, -0.8857337336111398, 0.5276396643283717]",28.51851301007068,1.1179783414898785
"[0.3657998375010407, 0.6575509156016004, -0.8857334322729407, 0.5276408635874394]",28.51853596546316,1.1180411739712752
"[0.3657921707646611, 0.6575497765933997, -0.8857331310785295, 0.5276420624978551]",28.51855892165691,1.118104006452672
"[0.36578450381762145, 0.657548637689116, -0.8857328299709789, 0.5276432612861776]",28.5185818806337,1.1181668389340687
"[0.36577683694378565, 0.6575474989309156, -0.8857325289614427, 0.5276444599080187]",28.51860484678612,1.1182296714154651
"[0.365769170910606, 0.6575463604327815, -0.8857322280800358, 0.5276456582434002]",28.5186278091837,1.1182925038968616
"[0.36576150417056386, 0.6575452219648142, -0.8857319272660209, 0.5276468565343062]",28.518650773443994,1.1183553363782583
"[0.3657538378455883, 0.6575440836936854, -0.8857316265634246, 0.5276480546052962]",28.51867373996392,1.1184181688596548
"[0.3657461718900889, 0.6575429456125729, -0.8857313259704467, 0.5276492524635509]",28.51869671040699,1.1184810013410516
"[0.3657385057923122, 0.6575418076454969, -0.8857310254670178, 0.5276504501890371]",28.518719683535117,1.1185438338224483
"[0.3657308398970522, 0.6575406698436314, -0.8857307250666545, 0.5276516477278894]",28.51874265293513,1.1186066663038448
"[0.365723174777124, 0.6575395322919658, -0.885730424791787, 0.5276528449906545]",28.518765633690872,1.1186694987852415
"[0.3657155088682467, 0.6575383947583463, -0.8857301245811384, 0.5276540422216682]",28.51878860318808,1.118732331266638
"[0.3657078438368502, 0.6575372574900458, -0.8857298244999693, 0.5276552391606769]",28.518811582612454,1.1187951637480344
"[0.36570017878295, 0.6575361203535148, -0.8857295245130313, 0.527656435948234]",28.518834563264,1.1188579962294314
"[0.3656925136534868, 0.6575349833408584, -0.8857292246182528, 0.5276576325926462]",28.5188575480468,1.1189208287108279
"[0.36568484915811306, 0.6575338465573329, -0.8857289248433893, 0.5276588289831337]",28.51888053053206,1.1189836611922244
"[0.36567718468516663, 0.6575327099122058, -0.8857286251645073, 0.5276600252151827]",28.51890351286276,1.119046493673621
"[0.365669520452813, 0.6575315734378131, -0.8857283255901336, 0.5276612212547598]",28.51892650266138,1.1191093261550176
"[0.36566185617945185, 0.6575304370923895, -0.8857280261092606, 0.5276624171458143]",28.518949493173643,1.1191721586364143
"[0.36565419207153144, 0.6575293009065337, -0.8857277267299539, 0.5276636128561417]",28.518972482313004,1.119234991117811
"[0.36564652820428994, 0.657528164891395, -0.8857274274551469, 0.527664808374004]",28.518995472904443,1.1192978235992075
"[0.3656388645853812, 0.6575270290480663, -0.8857271282851311, 0.5276660036982507]",28.519018468050984,1.1193606560806042
"[0.36563120098176133, 0.6575258933420196, -0.8857268292108073, 0.5276671988652116]",28.519041462748348,1.1194234885620007
"[0.3656235381497509, 0.6575247578853033, -0.8857265302616769, 0.527668393756971]",28.519064465893297,1.1194863210433972
"[0.36561587452552086, 0.6575236224461913, -0.8857262313767337, 0.5276695886173801]",28.51908746016268,1.119549153524794
"[0.3656082112679952, 0.6575224871963954, -0.8857259326011858, 0.5276707832657361]",28.51911046178585,1.1196119860061906
"[0.36560054884804805, 0.6575213522056391, -0.885725633953371, 0.5276719776286654]",28.519133469664727,1.119674818487587
"[0.36559288616358293, 0.6575202173106446, -0.8857253353903262, 0.5276731718779855]",28.51915647518359,1.1197376509689838
"[0.36558522361121987, 0.6575190825701641, -0.8857250369275088, 0.5276743659518659]",28.519179479626292,1.1198004834503803
"[0.365577561432536, 0.6575179480199509, -0.8857247385743213, 0.5276755598126817]",28.51920249126326,1.119863315931777
"[0.36556989936569706, 0.6575168136212178, -0.885724440320561, 0.5276767535012442]",28.5192254985185,1.1199261484131735
"[0.3655622368522514, 0.6575156792912875, -0.8857241421444982, 0.5276779471045471]",28.519248512236203,1.1199889808945702
"[0.36555457564473415, 0.6575145452895743, -0.8857238441143159, 0.5276791403496186]",28.5192715274645,1.120051813375967
"[0.3655469136380602, 0.6575134113044616, -0.8857235461481163, 0.5276803335643525]",28.519294541458653,1.1201146458573634
"[0.36553925273029847, 0.6575122776168656, -0.8857232483197087, 0.5276815264531566]",28.51931755985939,1.12017747833876
"[0.3655315915175378, 0.6575111440189874, -0.885722950574503, 0.5276827192346779]",28.519340582339833,1.1202403108201566
"[0.36552393026602253, 0.6575100105502414, -0.8857226529228532, 0.5276839118674405]",28.51936360334053,1.1203031433015531
"[0.36551626931679787, 0.6575088772610688, -0.885722355378007, 0.5276851042983658]",28.519386627567414,1.1203659757829498
"[0.365508609004689, 0.6575077442009717, -0.8857220579529537, 0.5276862964753675]",28.519409653122274,1.1204288082643465
"[0.36550094827418916, 0.6575066112138138, -0.8857217606067084, 0.5276874885627235]",28.519432680938884,1.120491640745743
"[0.36549328782463264, 0.6575054784030262, -0.8857214633664203, 0.527688680451604]",28.51945570890273,1.1205544732271397
"[0.36548562770499743, 0.6575043457758374, -0.8857211662339802, 0.5276898721343998]",28.519478740965486,1.1206173057085362
"[0.36547796751595185, 0.6575032132731666, -0.8857208691938954, 0.5276910636732708]",28.519501768887743,1.1206801381899327
"[0.3654703076166873, 0.6575020809481321, -0.885720572260092, 0.5276922550123238]",28.51952480709663,1.1207429706713294
"[0.36546264773218834, 0.6575009487600583, -0.8857202754219059, 0.5276934461943518]",28.519547839566286,1.1208058031527262
"[0.36545498795439035, 0.6574998167225274, -0.8857199786828986, 0.5276946372050612]",28.519570879348354,1.1208686356341229
"[0.36544732910707295, 0.6574986849572528, -0.8857196820749665, 0.5276958279163959]",28.51959391839057,1.1209314681155194
"[0.3654396699002705, 0.6574975532735964, -0.8857193855481433, 0.5276970185289209]",28.519616960848083,1.1209943005969158
"[0.365432011097222, 0.6574964217843177, -0.8857190891319795, 0.5276982089240013]",28.519640003670418,1.1210571330783126
"[0.365424352219943, 0.6574952904187952, -0.8857187928079714, 0.5276993991759312]",28.519663048129065,1.1211199655597093
"[0.36541669344740074, 0.6574941592034629, -0.8857184965830445, 0.5277005892568961]",28.519686092592973,1.1211827980411058
"[0.3654090345533881, 0.6574930281048893, -0.8857182004484516, 0.5277017792020655]",28.519709146276263,1.1212456305225025
"[0.36540137643732745, 0.6574918972558993, -0.8857179044389597, 0.527702968871699]",28.519732194642543,1.121308463003899
"[0.3653937185170033, 0.6574907665704873, -0.8857176085320477, 0.5277041583562748]",28.519755247687048,1.1213712954852955
"[0.36538606071895147, 0.6574896360377834, -0.8857173127248729, 0.527705347667226]",28.519778302070993,1.1214341279666922
"[0.3653784031825977, 0.6574885056783667, -0.8857170170228159, 0.5277065367828986]",28.519801357156606,1.1214969604480889
"[0.3653707451139955, 0.6574873753750392, -0.885716721395225, 0.527707725826579]",28.519824414403413,1.1215597929294856
"[0.3653630873499866, 0.6574862452513359, -0.8857164258744108, 0.5277089146683046]",28.519847473798322,1.121622625410882
"[0.365355430620442, 0.6574851154148788, -0.8857161304885176, 0.5277101031948668]",28.519870536246696,1.1216854578922786
"[0.3653477730623939, 0.6574839855907988, -0.8857158351656718, 0.5277112916954048]",28.51989359894728,1.1217482903736753
"[0.36534011659960575, 0.657482856062935, -0.8857155399800629, 0.5277124798713341]",28.519916663530115,1.1218111228550718
"[0.36533245982442153, 0.6574817266235364, -0.8857152448774086, 0.5277136679411961]",28.5199397313948,1.1218739553364685
"[0.36532480324627115, 0.6574805973478068, -0.8857149498773458, 0.5277148558258734]",28.519962798541734,1.1219367878178652
"[0.3653171468143148, 0.6574794682282119, -0.8857146549779119, 0.5277160435332898]",28.51998587171671,1.1219996202992617
"[0.3653094908708396, 0.6574783393152095, -0.885714360192281, 0.5277172310103667]",28.52000894240783,1.1220624527806584
"[0.3653018344111066, 0.6574772104606438, -0.8857140654817687, 0.5277184184129415]",28.520032018516623,1.122125285262055
"[0.36529417855948265, 0.6574760818302813, -0.8857137708896534, 0.5277196055666462]",28.520055094327954,1.1221881177434514
"[0.36528652285790375, 0.6574749533565603, -0.885713476398298, 0.5277207925425446]",28.520078170319664,1.122250950224848
"[0.3652788676526333, 0.6574738250905146, -0.8857131820210113, 0.5277219792869533]",28.520101250158522,1.1223137827062448
"[0.3652712121406277, 0.6574726969137673, -0.885712887726911, 0.5277231659243817]",28.520124330614802,1.1223766151876413
"[0.36526355677853933, 0.6574715688936267, -0.8857125935335572, 0.5277243523840285]",28.520147413994646,1.122439447669038
"[0.3652559016853944, 0.6574704410475921, -0.8857122994455178, 0.5277255386474865]",28.52017049824424,1.1225022801504345
"[0.3652482468594881, 0.6574693133754154, -0.8857120054627191, 0.5277267247150123]",28.520193584010947,1.1225651126318312
"[0.3652405923095184, 0.6574681858783523, -0.8857117115854873, 0.5277279105852823]",28.52021667508366,1.1226279451132277
"[0.365232938040825, 0.6574670585571702, -0.8857114178140192, 0.5277290962574874]",28.52023976523137,1.1226907775946244
"[0.365225283353399, 0.6574659313087702, -0.8857111241214517, 0.5277302818400587]",28.520262854956478,1.1227536100760211
"[0.36521762911394756, 0.6574648042607832, -0.8857108305410408, 0.5277314671987549]",28.52028595156252,1.1228164425574176
"[0.36520997541279454, 0.6574636774264728, -0.8857105370762339, 0.5277326523196264]",28.520309050195582,1.1228792750388141
"[0.36520232136222447, 0.6574625506751434, -0.8857102436929922, 0.5277338373401241]",28.52033214231563,1.1229421075202108
"[0.3651946678354033, 0.6574614241353096, -0.8857099504247834, 0.5277350221250853]",28.520355242385783,1.1230049400016073
"[0.36518701411988796, 0.6574602977021078, -0.8857096572443032, 0.5277362067847902]",28.520378342461466,1.123067772483004
"[0.36517936106271764, 0.6574591715001716, -0.8857093641839914, 0.5277373911881608]",28.520401447178614,1.1231306049644008
"[0.3651717080540311, 0.657458045439747, -0.885709071220483, 0.5277385754295866]",28.520424549990683,1.1231934374457972
"[0.36516405476259994, 0.6574569194720791, -0.8857087783411051, 0.5277397595603377]",28.52044766007177,1.123256269927194
"[0.3651564019620303, 0.6574557937109836, -0.8857084855754598, 0.5277409434607154]",28.52047076758872,1.1233191024085905
"[0.365148749076834, 0.6574546680717906, -0.8857081929015258, 0.5277421272197586]",28.520493876541135,1.1233819348899872
"[0.36514109683553353, 0.6574535426616355, -0.885707900347156, 0.5277433107247979]",28.52051699005687,1.1234447673713839
"[0.3651334447159184, 0.6574524174036904, -0.8857076078923733, 0.5277444940566245]",28.520540100735698,1.1235075998527804
"[0.36512579285446045, 0.6574512923180152, -0.8857073155423881, 0.52774567719414]",28.520563216602913,1.1235704323341769
"[0.36511814148471133, 0.6574501674389115, -0.8857070233061125, 0.5277468601012724]",28.52058633612725,1.1236332648155736
"[0.3651104888512179, 0.6574490425083515, -0.8857067311165137, 0.5277480430493496]",28.520609456134135,1.12369609729697
"[0.36510283771245416, 0.6574479179317463, -0.8857064390789128, 0.5277492256120556]",28.520632576635773,1.1237589297783668
"[0.3650951861301122, 0.6574467934242385, -0.8857061471193086, 0.5277504080889276]",28.520655694878617,1.1238217622597635
"[0.36508753491797896, 0.657445669105384, -0.8857058552687557, 0.5277515903542457]",28.520678824790323,1.12388459474116
"[0.36507988396188257, 0.6574445449584028, -0.8857055635228894, 0.5277527724256506]",28.520701948763268,1.1239474272225567
"[0.3650722329564847, 0.657443420938418, -0.8857052718700646, 0.5277539543503282]",28.5207250758022,1.1240102597039532
"[0.3650645822148722, 0.6574422970914134, -0.8857049803222138, 0.5277551360799224]",28.52074820558984,1.1240730921853497
"[0.36505693168088205, 0.6574411734091231, -0.8857046888771901, 0.5277563176231223]",28.52077133723641,1.1241359246667464
"[0.36504928144492177, 0.6574400499048078, -0.8857043975384303, 0.527757498965981]",28.520794471433287,1.124198757148143
"[0.3650416310245396, 0.6574389265076079, -0.8857041062875608, 0.5277586801830026]",28.520817604983147,1.1242615896295398
"[0.36503398096141887, 0.657437803297058, -0.8857038151452024, 0.5277598611905546]",28.520840745201575,1.1243244221109363
"[0.3650263311126037, 0.6574366802521423, -0.8857035241059058, 0.5277610420107326]",28.52086388639967,1.1243872545923328
"[0.36501868130856463, 0.6574355573479682, -0.8857032331632183, 0.5277622226697054]",28.520887025824514,1.1244500870737295
"[0.36501103195162327, 0.6574344346435731, -0.8857029423324337, 0.5277634031053966]",28.5209101668647,1.124512919555126
"[0.3650033827990398, 0.6574333121033072, -0.8857026516043136, 0.5277645833552864]",28.520933310448946,1.1245757520365227
"[0.36499573346305764, 0.6574321896702621, -0.8857023609641206, 0.5277657634792055]",28.520956458930193,1.1246385845179194
"[0.36498808471768934, 0.657431067457998, -0.8857020704412587, 0.5277669433577533]",28.520979607220674,1.124701416999316
"[0.364980435710944, 0.6574299453414977, -0.8857017800033625, 0.5277681231223676]",28.521002758078154,1.1247642494807126
"[0.3649727871897239, 0.6574288234303229, -0.8857014896787898, 0.5277693026578552]",28.5210259079783,1.1248270819621091
"[0.36496513867943237, 0.6574277016548413, -0.8857011994495184, 0.5277704820374215]",28.521049059830627,1.1248899144435056
"[0.3649574901251832, 0.6574265800069983, -0.8857009093134682, 0.5277716612695307]",28.52107221413014,1.1249527469249023
"[0.36494984219811955, 0.6574254585851979, -0.8857006192960891, 0.5277728402507242]",28.52109537554255,1.125015579406299
"[0.36494219445579074, 0.6574243373245342, -0.8857003293805897, 0.5277740190492374]",28.521118532022868,1.1250784118876955
"[0.364934546732675, 0.6574232162007335, -0.8857000395606932, 0.5277751976905858]",28.521141691391183,1.1251412443690922
"[0.3649268989683673, 0.6574220952049338, -0.8856997498341134, 0.5277763761840819]",28.521164854684486,1.1252040768504887
"[0.36491925157287164, 0.6574209743972212, -0.8856994602163775, 0.5277775544665545]",28.521188019779206,1.1252669093318854
"[0.3649116040369694, 0.6574198537029542, -0.8856991706881993, 0.5277787326164691]",28.521211184785113,1.1253297418132822
"[0.3649039570678396, 0.6574187332257496, -0.8856988812763452, 0.5277799105248937]",28.521234353871648,1.1253925742946786
"[0.36489631007675294, 0.6574176128793228, -0.8856985919585261, 0.527781088282533]",28.52125752350356,1.1254554067760754
"[0.36488866383599444, 0.657416492776797, -0.8856983027639486, 0.5277822657704643]",28.52128069512495,1.1255182392574719
"[0.3648810167716711, 0.6574153726876183, -0.885698013633089, 0.5277834432310483]",28.52130386536296,1.1255810717388683
"[0.36487337050527935, 0.6574142528492658, -0.8856977246272575, 0.5277846204146399]",28.521327041889865,1.125643904220265
"[0.3648657241560285, 0.6574131331327371, -0.8856974357131507, 0.527785797456844]",28.521350220100132,1.1257067367016618
"[0.36485807815001287, 0.657412013600417, -0.8856971469068662, 0.527786974292078]",28.52137339967362,1.1257695691830583
"[0.36485043202297923, 0.6574108941843142, -0.8856968581908656, 0.5277881509918106]",28.521396579395123,1.125832401664455
"[0.3648427865624881, 0.6574097749997141, -0.885696569594879, 0.527789327434854]",28.521419760951893,1.1258952341458515
"[0.36483514068202805, 0.657408655887558, -0.8856962810778902, 0.5277905037884004]",28.521442946905054,1.1259580666272482
"[0.36482749559751015, 0.657407537025792, -0.8856959926857773, 0.5277916798653998]",28.521466132621963,1.1260208991086447
"[0.364819850315625, 0.6574064182690368, -0.8856957043810599, 0.5277928558186622]",28.52148931852008,1.1260837315900414
"[0.3648122052643019, 0.6574052996799007, -0.8856954161798773, 0.5277940315823758]",28.521512506600022,1.126146564071438
"[0.3648045603716126, 0.6574041812478472, -0.8856951280795125, 0.5277952071676107]",28.52153569797881,1.1262093965528346
"[0.3647969153098827, 0.657403062924948, -0.8856948400676187, 0.5277963826247398]",28.521558889384334,1.126272229034231
"[0.3647892710223016, 0.6574019448491142, -0.8856945521797198, 0.5277975578088078]",28.521582087792343,1.1263350615156278
"[0.3647816270479555, 0.657400826952928, -0.8856942643984383, 0.5277987327906712]",28.521605285809706,1.1263978939970243
"[0.36477398238871184, 0.6573997090904157, -0.8856939766862062, 0.5277999077237538]",28.52162848373677,1.126460726478421
"[0.36476633864414154, 0.6573985914954741, -0.8856936891032215, 0.5278010823622132]",28.521651680649605,1.1265235589598177
"[0.36475869479849715, 0.6573974740195604, -0.8856934016112556, 0.5278022568621726]",28.5216748834774,1.1265863914412142
"[0.3647510515644977, 0.6573963567668503, -0.8856931142371066, 0.5278034311141376]",28.521698088703157,1.126649223922611
"[0.3647434079811722, 0.6573952395968627, -0.8856928269446404, 0.5278046052657531]",28.52172129472127,1.1267120564040074
"[0.36473576430570803, 0.6573941225471966, -0.8856925397435337, 0.5278057792774964]",28.521744500489017,1.126774888885404
"[0.3647281213094552, 0.6573930057305534, -0.8856922526627602, 0.527806953030917]",28.521767711687076,1.1268377213668006
"[0.36472047833275134, 0.6573918890505221, -0.8856919656775307, 0.5278081266273387]",28.521790921356132,1.1269005538481973
"[0.36471283538909594, 0.6573907725090691, -0.8856916787883534, 0.5278093000646904]",28.521814130391572,1.1269633863295938
"[0.364705193166802, 0.6573896562067272, -0.8856913920210527, 0.5278104732373146]",28.521837347830118,1.1270262188109905
"[0.3646975500729523, 0.6573885399108057, -0.8856911053158607, 0.5278116463897525]",28.521860565501154,1.127089051292387
"[0.36468990796622913, 0.6573874238927767, -0.8856908187424992, 0.5278128192367004]",28.521883782705387,1.1271518837737837
"[0.36468226583621494, 0.6573863080050507, -0.8856905322630628, 0.5278139919332618]",28.521907005548766,1.1272147162551804
"[0.3646746242568415, 0.657385192331406, -0.8856902458990578, 0.5278151643913914]",28.521930226107415,1.127277548736577
"[0.36466698224706195, 0.6573840767286111, -0.8856899596137198, 0.5278163367616058]",28.521953448692233,1.1273403812179736
"[0.36465934088910085, 0.657382961354637, -0.8856896734475889, 0.527817508877893]",28.52197667463977,1.1274032136993701
"[0.3646516994323907, 0.6573818460999122, -0.8856893873725484, 0.5278186808553953]",28.521999905948913,1.1274660461807666
"[0.3646440582866899, 0.6573807310242247, -0.8856891014039368, 0.5278198526312808]",28.52202313108643,1.1275288786621633
"[0.3646364172762241, 0.657379616101911, -0.8856888155351683, 0.5278210242325148]",28.522046360048257,1.12759171114356
"[0.36462877585717834, 0.6573785012536228, -0.8856885297459055, 0.5278221957424744]",28.522069597633315,1.1276545436249568
"[0.36462113521696093, 0.6573773866525873, -0.8856882440805518, 0.5278233669791254]",28.522092830959455,1.1277173761063533
"[0.3646134947001975, 0.657376272203164, -0.8856879585145897, 0.5278245380429664]",28.522116065940267,1.1277802085877497
"[0.3646058540709783, 0.6573751578709452, -0.8856876730392035, 0.5278257089701481]",28.522139303263863,1.1278430410691465
"[0.36459821410179843, 0.6573740437685794, -0.8856873876832482, 0.5278268796422985]",28.522162543100983,1.127905873550543
"[0.3645905735524487, 0.6573729297151854, -0.8856871024004007, 0.5278280502494808]",28.52218578205695,1.1279687060319397
"[0.3645829339072287, 0.6573718159271935, -0.8856868172460785, 0.5278292205642723]",28.52220902735626,1.1280315385133364
"[0.3645752940052785, 0.6573707022353343, -0.8856865321769413, 0.527830390764532]",28.522232269503018,1.1280943709947329
"[0.36456765468947894, 0.6573695887624631, -0.8856862472244357, 0.5278315607211671]",28.522255518759895,1.1281572034761296
"[0.364560015746301, 0.657368475477427, -0.8856859623805803, 0.5278327304669096]",28.52227876982945,1.128220035957526
"[0.3645523762850202, 0.6573673622504139, -0.8856856776121673, 0.5278339001381505]",28.52230201716493,1.1282828684389226
"[0.3645447367587152, 0.657366249147457, -0.8856853929360968, 0.5278350696655026]",28.52232526888024,1.1283457009203193
"[0.36453709850510463, 0.6573651363634293, -0.8856851084021973, 0.527836238844214]",28.52234852704563,1.128408533401716
"[0.36452945945675813, 0.6573640235971211, -0.8856848239334474, 0.5278374079907567]",28.522371779822137,1.1284713658831125
"[0.3645218207815689, 0.6573629110186651, -0.8856845395733477, 0.5278385769263719]",28.522395038109213,1.1285341983645092
"[0.36451418266055297, 0.6573617986543937, -0.8856842553286217, 0.527839745623392]",28.522418299197337,1.1285970308459057
"[0.36450654444137287, 0.6573606864092968, -0.8856839711749858, 0.5278409141816357]",28.522441557986397,1.1286598633273022
"[0.36449890650100003, 0.6573595743382294, -0.8856836871264638, 0.527842082543469]",28.52246482556874,1.1287226958086989
"[0.3644912688038369, 0.6573584624360257, -0.885683403181723, 0.5278432507143135]",28.522488087341205,1.1287855282900956
"[0.36448363110799337, 0.6573573506674478, -0.8856831193317684, 0.5278444187311878]",28.52251135564812,1.1288483607714923
"[0.3644759934403572, 0.6573562390364035, -0.8856828355776005, 0.5278455865899828]",28.52253462271415,1.1289111932528888
"[0.3644683557034913, 0.6573551275287086, -0.885682551915602, 0.5278467543055958]",28.522557891412728,1.1289740257342853
"[0.36446071903762134, 0.6573540163102779, -0.8856822683881033, 0.5278479217037191]",28.522581167213005,1.129036858215682
"[0.364453082501087, 0.657352905244028, -0.8856819849601235, 0.5278490889283685]",28.522604437912143,1.1290996906970785
"[0.3644454456003045, 0.6573517942581605, -0.8856817016133492, 0.5278502560549649]",28.522627718713682,1.1291625231784752
"[0.3644378082010472, 0.657350683333175, -0.8856814183428178, 0.5278514231039877]",28.5226509927048,1.129225355659872
"[0.3644301722633622, 0.6573495727541416, -0.8856811352212121, 0.527852589775963]",28.52267427247226,1.1292881881412684
"[0.36442253602087554, 0.6573484622641317, -0.8856808521830185, 0.5278537563407957]",28.52269755349298,1.1293510206226651
"[0.3644149000346384, 0.6573473519447032, -0.8856805692490367, 0.5278549227128071]",28.52272083756448,1.1294138531040616
"[0.36440726405214735, 0.6573462417591585, -0.8856802864099066, 0.5278560889305414]",28.52274412289764,1.1294766855854583
"[0.3643996281066489, 0.6573451317123162, -0.8856800036668615, 0.5278572549889337]",28.522767406003897,1.129539518066855
"[0.36439199258799065, 0.6573440218608428, -0.8856797210343291, 0.5278584208284542]",28.5227906928546,1.1296023505482515
"[0.36438435715048517, 0.6573429121544424, -0.8856794384995073, 0.5278595865019371]",28.522813984536825,1.129665183029648
"[0.3643767212299894, 0.6573418025111617, -0.8856791560415289, 0.5278607520954597]",28.52283727501489,1.1297280155110447
"[0.36436908644223287, 0.6573406931657657, -0.8856788737201515, 0.5278619173624187]",28.522860571183955,1.1297908479924412
"[0.36436145194748415, 0.6573395839961955, -0.8856785915042986, 0.5278630824310259]",28.522883868004538,1.129853680473838
"[0.3643538169636852, 0.6573384748888438, -0.8856783093650658, 0.5278642474206086]",28.52290716551838,1.1299165129552347
"[0.3643461824904064, 0.6573373659888829, -0.8856780273393928, 0.527865412178678]",28.52293046276393,1.1299793454366311
"[0.36433854807794064, 0.6573362572310043, -0.8856777454106576, 0.5278665767738271]",28.522953760735994,1.1300421779180279
"[0.3643309138470553, 0.6573351486327139, -0.8856774635833174, 0.5278677411876672]",28.522977065520433,1.1301050103994243
"[0.3643232794302726, 0.6573340401406548, -0.8856771818438093, 0.527868905476236]",28.523000367921398,1.1301678428808208
"[0.3643156458226705, 0.6573329318992887, -0.8856769002288442, 0.5278700694877982]",28.523023676307083,1.1302306753622176
"[0.36430801204275476, 0.6573318237661258, -0.8856766187022038, 0.5278712333720094]",28.52304698401523,1.1302935078436143
"[0.3643003785270952, 0.6573307158044567, -0.8856763372799892, 0.5278723970623983]",28.523070298074725,1.1303563403250108
"[0.36429274477167156, 0.657329607941205, -0.8856760559436198, 0.5278735606357046]",28.523093604433598,1.1304191728064075
"[0.3642851117169161, 0.6573285003127864, -0.8856757747277482, 0.5278747239486544]",28.523116916949103,1.130482005287804
"[0.3642774785062851, 0.6573273927949137, -0.8856754936008087, 0.5278758871317794]",28.52314023401198,1.1305448377692007
"[0.3642698458869743, 0.6573262854959707, -0.8856752125903143, 0.5278770500712452]",28.52316355045878,1.1306076702505972
"[0.3642622133820166, 0.6573251783467482, -0.8856749316786936, 0.5278782128397367]",28.523186872685656,1.1306705027319939
"[0.36425458070618255, 0.6573240713058599, -0.8856746508554513, 0.527879375480715]",28.52321018901473,1.1307333352133906
"[0.3642469482290535, 0.6573229644269108, -0.8856743701341867, 0.5278805379378785]",28.523233513628877,1.130796167694787
"[0.3642393162770292, 0.6573218577572103, -0.8856740895268926, 0.5278817001615405]",28.52325683614457,1.1308590001761836
"[0.36423168377698667, 0.6573207511411471, -0.8856738089941156, 0.52788286231512]",28.523280163820917,1.1309218326575803
"[0.3642240517514497, 0.6573196447269724, -0.8856735285734424, 0.5278840242429205]",28.52330348861186,1.1309846651389768
"[0.3642164206389146, 0.6573185385782107, -0.8856732482809597, 0.5278851858782303]",28.523326820734113,1.1310474976203735
"[0.36420878871161044, 0.6573174324444155, -0.8856729680532067, 0.5278863474840547]",28.523350148839317,1.1311103301017702
"[0.36420115767787037, 0.6573163265731737, -0.88567268795291, 0.5278875088003868]",28.523373482881865,1.1311731625831667
"[0.36419352625236606, 0.6573152207782039, -0.8856724079328829, 0.5278886700228449]",28.52339681982585,1.1312359950645634
"[0.36418589570509974, 0.6573141152435108, -0.8856721280397194, 0.5278898309581979]",28.523420158291092,1.13129882754596
"[0.3641782647581566, 0.6573130097839307, -0.8856718482265377, 0.5278909918008862]",28.523443494861574,1.1313616600273564
"[0.36417063365721564, 0.6573119044350667, -0.8856715685023575, 0.5278921525135163]",28.523466833493487,1.1314244925087533
"[0.36416300337111157, 0.6573107993372266, -0.8856712889026828, 0.5278933129487515]",28.523490177362582,1.1314873249901498
"[0.3641553733141261, 0.6573096944055424, -0.8856710094060328, 0.5278944731957087]",28.523513521440595,1.1315501574715465
"[0.3641477427923271, 0.6573085895395386, -0.8856707299869949, 0.5278956333598877]",28.523536867639383,1.131612989952943
"[0.3641401129363894, 0.6573074849029178, -0.8856704506869706, 0.5278967932693888]",28.523560212232024,1.1316758224343395
"[0.36413248304788287, 0.6573063803945391, -0.8856701714803826, 0.5278979530304122]",28.52358356259567,1.1317386549157362
"[0.364124853410642, 0.6573052760554833, -0.8856698923776161, 0.527899112599818]",28.523606912201675,1.131801487397133
"[0.36411722385393785, 0.6573041718610243, -0.8856696133724207, 0.5279002720035662]",28.523630266904206,1.1318643198785294
"[0.3641095946171663, 0.6573030678457936, -0.8856693344735457, 0.5279014312052899]",28.52365361832695,1.1319271523599261
"[0.3641019655171163, 0.6573019639832645, -0.8856690556742862, 0.5279025902328395]",28.523676976755258,1.1319899848413226
"[0.36409433635084315, 0.6573008602440633, -0.8856687769672273, 0.5279037491170527]",28.52370033467139,1.1320528173227193
"[0.3640867074517716, 0.6572997566764218, -0.8856684983645472, 0.5279049078072838]",28.523723694771853,1.1321156498041158
"[0.3640790793419546, 0.6572986533558254, -0.885668219885293, 0.5279060662242765]",28.52374705611154,1.1321784822855125
"[0.36407145042257555, 0.6572975500510158, -0.885667941471099, 0.5279072246108334]",28.523770417531942,1.1322413147669093
"[0.36406382235261786, 0.6572964470019163, -0.8856676631825106, 0.5279083827150478]",28.523793785350257,1.1323041472483057
"[0.36405619388425786, 0.6572953440280662, -0.8856673849739973, 0.5279095407263863]",28.52381715366736,1.1323669797297022
"[0.3640485664398187, 0.6572942413350983, -0.8856671068974215, 0.5279106984289519]",28.523840520294286,1.132429812211099
"[0.3640409385249496, 0.6572931387069569, -0.885666828898295, 0.5279118560495756]",28.523863892146466,1.1324926446924954
"[0.3640333108074209, 0.6572920362401666, -0.8856665510009609, 0.527913013486915]",28.523887265575162,1.1325554771738922
"[0.3640256837863005, 0.6572909340068369, -0.8856662732235872, 0.5279141706652626]",28.52391064037071,1.1326183096552889
"[0.36401805616513744, 0.6572898318196038, -0.8856659955189566, 0.5279153277813186]",28.523934013786352,1.1326811421366854
"[0.36401042926566374, 0.6572887298694406, -0.8856657179351907, 0.527916484634589]",28.523957390230553,1.132743974618082
"[0.36400280228728543, 0.6572876280406632, -0.8856654404431407, 0.5279176413465183]",28.523980772134127,1.1328068070994786
"[0.36399517533343767, 0.6572865263482074, -0.8856651630465733, 0.5279187979014236]",28.524004150553058,1.132869639580875
"[0.3639875487957003, 0.6572854248486222, -0.8856648857597238, 0.5279199542399363]",28.524027535251683,1.1329324720622718
"[0.36397992237123555, 0.6572843234981495, -0.8856646085715739, 0.5279211104079904]",28.52405092262729,1.1329953045436685
"[0.3639722964445694, 0.6572832223522974, -0.8856643314960894, 0.527922266347313]",28.52407431038288,1.133058137025065
"[0.3639646700899824, 0.6572821212774149, -0.8856640544996365, 0.5279234221981992]",28.524097696125256,1.1331209695064617
"[0.3639570443163389, 0.6572810204190855, -0.8856637776188583, 0.5279245778078255]",28.5241210854995,1.1331838019878582
"[0.3639494184036822, 0.6572799196734245, -0.885663500827606, 0.5279257332852346]",28.524144479290655,1.1332466344692549
"[0.363941793135113, 0.6572788191534277, -0.8856632241542968, 0.5279268885118116]",28.52416787106976,1.1333094669506514
"[0.3639341674990264, 0.6572777187130856, -0.8856629475622222, 0.52792804364082]",28.52419126765766,1.133372299432048
"[0.36392654256336904, 0.6572766185064931, -0.885662671090114, 0.5279291985105048]",28.5242146641132,1.1334351319134448
"[0.363918917512716, 0.6572755184159773, -0.8856623947083961, 0.527930353244382]",28.524238065069216,1.1334979643948413
"[0.363911292731874, 0.6572744184970453, -0.8856621184310158, 0.5279315077841842]",28.524261467101702,1.1335607968762378
"[0.36390366776556426, 0.6572733186840141, -0.8856618422414769, 0.5279326621988519]",28.52428487049959,1.1336236293576345
"[0.3638960431899891, 0.6572722190599841, -0.8856615661606481, 0.5279338164011558]",28.524308275001278,1.1336864618390312
"[0.36388841895572244, 0.6572711196178095, -0.8856612901867281, 0.5279349703985937]",28.52433168110373,1.133749294320428
"[0.36388079475501545, 0.6572700203130826, -0.8856610143085721, 0.5279361242377755]",28.524355091861345,1.1338121268018244
"[0.3638731704802804, 0.6572689211303011, -0.88566073852229, 0.527937277934966]",28.524378498658102,1.133874959283221
"[0.3638655465257736, 0.6572678221262898, -0.8856604628421398, 0.5279384314305203]",28.524401913318442,1.1339377917646176
"[0.36385792296927466, 0.6572667233122392, -0.8856601872709228, 0.52793958471269]",28.524425327069594,1.134000624246014
"[0.36385029938089514, 0.6572656246261733, -0.8856599117930942, 0.527940737846521]",28.524448737624066,1.1340634567274108
"[0.3638426760751405, 0.6572645261133988, -0.8856596364200168, 0.5279418907844571]",28.52447215513553,1.1341262892088075
"[0.3638350533044309, 0.6572634278102742, -0.8856593611607938, 0.5279430434883373]",28.52449557599657,1.134189121690204
"[0.363827430088772, 0.657262329575597, -0.8856590859800388, 0.5279441961063532]",28.52451899601653,1.1342519541716005
"[0.3638198068649443, 0.6572612314722769, -0.8856588108935285, 0.5279453485724769]",28.52454241773201,1.1343147866529972
"[0.36381218431066203, 0.6572601335979376, -0.885658535925708, 0.5279465007842467]",28.524565840188046,1.1343776191343937
"[0.36380456183835225, 0.6572590358679191, -0.8856582610553698, 0.5279476528305118]",28.524589268682917,1.1344404516157904
"[0.36379693959821713, 0.6572579383038407, -0.8856579862879257, 0.5279488046885797]",28.524612695920055,1.1345032840971871
"[0.36378931763649075, 0.6572568409123422, -0.8856577116250356, 0.52794995635148]",28.524636127537505,1.1345661165785836
"[0.3637816953348808, 0.6572557436043993, -0.8856574370444213, 0.5279511079126348]",28.52465955732253,1.1346289490599804
"[0.36377407387674027, 0.6572546465503508, -0.8856571625887035, 0.527952259193281]",28.52468299224004,1.1346917815413768
"[0.36376645192907403, 0.6572535495583137, -0.8856568882098753, 0.5279534103947828]",28.524706425021378,1.1347546140227733
"[0.36375883053620994, 0.657252452778573, -0.8856566139455315, 0.527954561359426]",28.524729864527377,1.13481744650417
"[0.36375120905695724, 0.6572513561188535, -0.8856563397725913, 0.52795571218404]",28.524753298758103,1.1348802789855668
"[0.36374358813329166, 0.6572502596715075, -0.8856560657141423, 0.527956862771709]",28.52477674133221,1.1349431114669635
"[0.36373596703732664, 0.6572491633318, -0.8856557917440028, 0.5279580132323366]",28.52480018259441,1.13500594394836
"[0.36372834604654086, 0.6572480671396427, -0.8856555178721515, 0.5279591635240367]",28.524823627500655,1.1350687764297565
"[0.3637207256491003, 0.6572469711652268, -0.8856552441161204, 0.5279603135731518]",28.524847074276344,1.1351316089111532
"[0.3637131046658063, 0.6572458752389606, -0.8856549704335487, 0.5279614635576368]",28.52487052089106,1.1351944413925497
"[0.36370548465105706, 0.6572447795843557, -0.8856546968802529, 0.5279626132429523]",28.524893968364818,1.1352572738739464
"[0.363697865036572, 0.6572436841196606, -0.8856544234358079, 0.5279637627148809]",28.52491742308512,1.135320106355343
"[0.363690244877191, 0.6572425887089903, -0.8856541500663002, 0.5279649121160025]",28.524940874745777,1.1353829388367396
"[0.3636826248187331, 0.6572414934451899, -0.8856538767949077, 0.5279660613488899]",28.52496432672443,1.1354457713181363
"[0.3636750055078879, 0.6572403984211834, -0.8856536036448084, 0.5279672103160393]",28.524987784201187,1.1355086037995328
"[0.3636673858524871, 0.6572393034799944, -0.8856533305768424, 0.5279683591821563]",28.525011243624625,1.1355714362809295
"[0.3636597662917422, 0.6572382086847381, -0.8856530576067568, 0.5279695078810133]",28.52503470141105,1.1356342687623262
"[0.36365214717253364, 0.6572371140852384, -0.8856527847469702, 0.5279706563603304]",28.525058163821654,1.1356971012437227
"[0.3636445281834343, 0.6572360196367374, -0.8856525119863204, 0.5279718046670655]",28.525081628313607,1.1357599337251192
"[0.36363690968484036, 0.6572349253909725, -0.8856522393377004, 0.5279729527469343]",28.525105090651763,1.135822766206516
"[0.3636292910242056, 0.6572338312542191, -0.8856519667777526, 0.5279741006982682]",28.525128561402216,1.1358855986879124
"[0.3636216727103886, 0.6572327372995412, -0.8856516943246798, 0.5279752484444057]",28.525152027467964,1.135948431169309
"[0.36361405444301775, 0.6572316434837933, -0.8856514219677349, 0.5279763960306113]",28.525175500314894,1.1360112636507058
"[0.36360643649093655, 0.657230549845561, -0.8856511497165238, 0.5279775434163997]",28.525198972308413,1.1360740961321023
"[0.3635988182264846, 0.6572294562947402, -0.8856508775486174, 0.5279786906962977]",28.525222445289618,1.136136928613499
"[0.36359120039646875, 0.657228362938501, -0.8856506054906947, 0.5279798377578688]",28.525245921705128,1.1361997610948955
"[0.3635835833162124, 0.6572272698220859, -0.8856503335539971, 0.5279809845536451]",28.525269398032936,1.136262593576292
"[0.3635759657578031, 0.6572261767692612, -0.8856500616946841, 0.5279821312685112]",28.525292879048077,1.1363254260576887
"[0.36356834830854423, 0.657225083864306, -0.8856497899337239, 0.5279832778140461]",28.52531636028937,1.1363882585390854
"[0.363560731459497, 0.6572239911776494, -0.8856495182886248, 0.527984424116362]",28.525339843416106,1.136451091020482
"[0.36355311434594584, 0.6572228985852325, -0.8856492467285424, 0.5279855703056017]",28.525363329686936,1.1365139235018786
"[0.3635454975767574, 0.6572218061743859, -0.8856489752751853, 0.5279867162901457]",28.525386813734936,1.1365767559832751
"[0.3635378810133602, 0.6572207139252032, -0.885648703923606, 0.5279878620908761]",28.525410303129124,1.1366395884646718
"[0.3635302646453588, 0.6572196218361963, -0.885648432673428, 0.5279890077093494]",28.52543379566301,1.1367024209460683
"[0.363522648206884, 0.6572185298692301, -0.8856481615151822, 0.5279901531855664]",28.525457284256955,1.136765253427465
"[0.36351503250556016, 0.6572174381400634, -0.8856478904776118, 0.5279912983980943]",28.525480779678528,1.1368280859088618
"[0.3635074165102657, 0.6572163465008741, -0.8856476195240125, 0.527992443501994]",28.52550427410766,1.1368909183902582
"[0.3634998009661912, 0.6572152550584665, -0.8856473486808949, 0.5279935883852261]",28.525527775740507,1.1369537508716547
"[0.36349218476716216, 0.6572141636543056, -0.8856470779089245, 0.5279947332140831]",28.52555127075488,1.1370165833530514
"[0.36348456959704817, 0.657213072529677, -0.885646807267961, 0.527995877735466]",28.52557477340628,1.137079415834448
"[0.36347695454416007, 0.6572119815539156, -0.8856465367255835, 0.5279970220864334]",28.525598272884082,1.1371422483158447
"[0.3634693396837853, 0.657210890737796, -0.8856462662844635, 0.52799816625568]",28.52562177949013,1.1372050807972414
"[0.3634617244792977, 0.657209800004447, -0.8856459959255472, 0.5279993103238325]",28.525645283314276,1.1372679132786379
"[0.3634541097731966, 0.6572087094745351, -0.8856457256787434, 0.5280004541643201]",28.52566879705566,1.1373307457600346
"[0.3634464952521847, 0.6572076191031612, -0.8856454555329235, 0.5280015978242355]",28.525692305311562,1.137393578241431
"[0.3634388808008558, 0.6572065288737964, -0.8856451854839897, 0.5280027413209111]",28.525715817776327,1.1374564107228275
"[0.36343126639920853, 0.6572054387835682, -0.8856449155312324, 0.5280038846573561]",28.5257393287826,1.1375192432042245
"[0.36342365258239395, 0.6572043489090691, -0.8856446456936141, 0.5280050277532349]",28.52576284542167,1.137582075685621
"[0.36341603911796727, 0.6572032592169941, -0.8856443759628816, 0.5280061706434772]",28.525786358678566,1.1376449081670177
"[0.3634084250516236, 0.6572021695707614, -0.8856441063052314, 0.5280073134713279]",28.525809876510085,1.1377077406484142
"[0.3634008112688208, 0.657201080097092, -0.885643836752031, 0.5280084561038761]",28.525833399037634,1.1377705731298107
"[0.3633931983299348, 0.6571999908761376, -0.8856435673231001, 0.5280095984570583]",28.525856927244817,1.1378334056112074
"[0.3633855851228673, 0.6571989017487689, -0.8856432979790723, 0.5280107406977635]",28.525880447273426,1.137896238092604
"[0.3633779717511423, 0.6571978127297923, -0.8856430287236188, 0.528011882810459]",28.52590397204776,1.1379590705740006
"[0.3633703592663995, 0.6571967239696225, -0.8856427595939214, 0.5280130246373935]",28.52592750259008,1.1380219030553973
"[0.3633627468350503, 0.6571956353490055, -0.8856424905604934, 0.5280141663036325]",28.525951030347425,1.1380847355367938
"[0.36335513406505093, 0.6571945468118774, -0.8856422216094872, 0.528015307867967]",28.525974561412482,1.1381475680181903
"[0.36334752164505496, 0.6571934584567053, -0.8856419527652333, 0.5280164492271288]",28.525998095254174,1.138210400499587
"[0.3633399094549764, 0.6571923702663004, -0.8856416840234816, 0.5280175903991418]",28.52602163094173,1.1382732329809837
"[0.36333229760332847, 0.6571912822561561, -0.8856414153880543, 0.5280187313677556]",28.526045167072663,1.1383360654623804
"[0.3633246858790235, 0.6571901943960845, -0.8856411468514956, 0.5280198721646241]",28.526068704003922,1.138398897943777
"[0.3633170737438796, 0.6571891066091727, -0.8856408783948251, 0.5280210128703987]",28.526092245758207,1.1384617304251734
"[0.36330946203684844, 0.6571880190152978, -0.8856406100476322, 0.5280221533593664]",28.52611578659202,1.1385245629065701
"[0.3633018512407155, 0.6571869316834101, -0.8856403418269133, 0.5280232935592235]",28.526139330317047,1.1385873953879666
"[0.3632942398143342, 0.6571858443933166, -0.8856400736783524, 0.5280244337008653]",28.526162875484786,1.1386502278693633
"[0.36328662937384626, 0.6571847573758696, -0.8856398056588808, 0.5280255735422149]",28.526186424429316,1.13871306035076
"[0.3632790181512396, 0.6571836703785293, -0.885639537706232, 0.5280267133480813]",28.52620997131029,1.1387758928321565
"[0.3632714070763411, 0.657182583534102, -0.8856392698531538, 0.5280278529792001]",28.526233521982856,1.1388387253135532
"[0.3632637969649003, 0.6571814969590458, -0.8856390021283361, 0.5280289923134555]",28.52625707615751,1.1389015577949497
"[0.3632561866721736, 0.657180410489877, -0.8856387344914926, 0.5280301315222693]",28.526280627372476,1.1389643902763462
"[0.36324857642996955, 0.6571793241596969, -0.8856384669507817, 0.5280312705709267]",28.52630418328882,1.139027222757743
"[0.36324096658063654, 0.6571782380173602, -0.8856381995182311, 0.5280324094082003]",28.52632774429336,1.1390900552391396
"[0.3632333565902458, 0.6571771519866638, -0.8856379321750746, 0.5280335481139845]",28.526351299997526,1.1391528877205361
"[0.3632257471637524, 0.6571760661681493, -0.8856376649460707, 0.5280346865828647]",28.526374865044634,1.1392157202019328
"[0.36321813710832773, 0.6571749803916545, -0.8856373977893335, 0.5280358249932431]",28.526398426159265,1.1392785526833293
"[0.36321052831704614, 0.6571738949272207, -0.8856371307713103, 0.5280369630619903]",28.52642199393771,1.139341385164726
"[0.36320291873311294, 0.6571728094814376, -0.8856368638198149, 0.5280381010967297]",28.52644555903477,1.1394042176461225
"[0.3631953098838339, 0.6571717242721499, -0.8856365969884284, 0.5280392388690599]",28.52646912946109,1.1394670501275193
"[0.36318770087708563, 0.6571706391721001, -0.8856363302458573, 0.5280403765123991]",28.526492696675014,1.139529882608916
"[0.36318009269133406, 0.657169554320801, -0.8856360636263919, 0.528041513880477]",28.526516270520343,1.1395927150903125
"[0.36317248410684005, 0.6571684695443166, -0.8856357970872825, 0.5280426511556467]",28.526539843026203,1.139655547571709
"[0.3631648759190774, 0.6571673849560553, -0.8856355306563969, 0.5280437882190074]",28.526563421895133,1.1397183800531057
"[0.3631572673751538, 0.6571663004486844, -0.8856352643073712, 0.5280449251830807]",28.526586997058857,1.1397812125345024
"[0.363149659499277, 0.6571652161681745, -0.8856349980760545, 0.5280460618948329]",28.52661057871263,1.1398440450158989
"[0.36314205168887337, 0.6571641320286361, -0.8856347319413489, 0.528047198444303]",28.526634155050107,1.1399068774972956
"[0.3631344442528543, 0.6571630480740497, -0.8856344659140548, 0.5280483347853847]",28.526657742520666,1.139969709978692
"[0.3631268363139355, 0.6571619641794408, -0.8856341999634973, 0.5280494710490847]",28.52668132340951,1.1400325424600888
"[0.363119229699316, 0.657160880605083, -0.8856339341535374, 0.5280506069625545]",28.526704912548364,1.1400953749414853
"[0.3631116218865364, 0.6571597969916526, -0.885633668396027, 0.5280517429024689]",28.52672849776913,1.140158207422882
"[0.3631040150441571, 0.657158713648033, -0.8856334027667255, 0.5280528785450243]",28.526752087659037,1.1402210399042787
"[0.3630964084866252, 0.6571576304765302, -0.885633137241672, 0.5280540139926322]",28.526775679427473,1.1402838723856752
"[0.36308880154598816, 0.6571565473820421, -0.8856328717975537, 0.5280551493449782]",28.526799275199988,1.1403467048670717
"[0.3630811952480432, 0.657155464510615, -0.8856326064701622, 0.5280562844489668]",28.526822868221952,1.1404095373484684
"[0.3630735893137966, 0.6571543818224957, -0.8856323412497492, 0.5280574193462672]",28.526846468478293,1.1404723698298649
"[0.36306598278172963, 0.6571532991808166, -0.8856320761027922, 0.5280585541803423]",28.526870066255597,1.1405352023112616
"[0.3630583770203663, 0.6571522167803505, -0.8856318110769934, 0.5280596887470267]",28.52689366427761,1.1405980347926583
"[0.363050771604521, 0.6571511345605585, -0.8856315461575182, 0.5280608231097751]",28.526917268284553,1.1406608672740548
"[0.3630431654964798, 0.65715005237378, -0.8856312813082282, 0.5280619574233578]",28.526940873471897,1.1407236997554515
"[0.363035560057231, 0.657148970413644, -0.8856310165765162, 0.5280630914848161]",28.526964475823558,1.140786532236848
"[0.36302795450474773, 0.6571478885688872, -0.8856307519351527, 0.5280642254107673]",28.526988083843694,1.1408493647182445
"[0.3630203496692182, 0.6571468069575799, -0.8856304874130149, 0.528065359077455]",28.527011693899457,1.1409121971996412
"[0.36301274468962874, 0.6571457254572429, -0.8856302229801454, 0.5280664926132508]",28.52703530472852,1.140975029681038
"[0.36300514048618887, 0.6571446441987162, -0.8856299586685306, 0.5280676258810174]",28.527058918639575,1.1410378621624346
"[0.3629975352755062, 0.6571435629284181, -0.8856296944161886, 0.5280687591465284]",28.527082533408542,1.1411006946438311
"[0.3629899310586973, 0.6571424819308617, -0.8856294302926525, 0.5280698921115852]",28.52710614766058,1.1411635271252276
"[0.36298232664473556, 0.6571414010366831, -0.8856291662565403, 0.5280710249536936]",28.527129767028708,1.1412263596066243
"[0.3629747229695925, 0.6571403203789277, -0.8856289023403424, 0.5280721575334095]",28.52715338707075,1.1412891920880208
"[0.36296711906465606, 0.6571392398199104, -0.8856286385104312, 0.5280732899950314]",28.527177010780008,1.1413520245694175
"[0.3629595150368003, 0.6571381593748186, -0.8856283747705229, 0.5280744223226378]",28.527200633505796,1.1414148570508142
"[0.3629519112911706, 0.6571370791012164, -0.8856281111346694, 0.5280755544558957]",28.527224259629964,1.1414776895322107
"[0.3629443077163503, 0.6571359989832516, -0.885627847599, 0.5280766864114166]",28.527247886525608,1.1415405220136072
"[0.36293670473996437, 0.6571349190816514, -0.8856275841783242, 0.5280778181255561]",28.527271514322596,1.141603354495004
"[0.36292910121149863, 0.6571338392329935, -0.8856273208327808, 0.5280789497695738]",28.527295143728065,1.1416661869764004
"[0.36292149870043333, 0.657132759660158, -0.8856270576167216, 0.5280800811098965]",28.527318779183517,1.1417290194577974
"[0.36291389578631217, 0.6571316801614174, -0.8856267944809566, 0.5280812123579223]",28.527342412691098,1.1417918519391939
"[0.362906293171603, 0.6571306008365088, -0.8856265314498032, 0.5280823434091292]",28.527366045810776,1.1418546844205903
"[0.36289869095139077, 0.6571295216989105, -0.8856262685265387, 0.5280834742493897]",28.527389687601236,1.141917516901987
"[0.3628910884211353, 0.6571284426486051, -0.8856260056867975, 0.5280846049835101]",28.527413325477212,1.1419803493833836
"[0.3628834860765271, 0.6571273637559567, -0.885625742947721, 0.5280857355377504]",28.52743696753686,1.1420431818647803
"[0.3628758843036534, 0.6571262850757036, -0.8856254803226401, 0.5280868658547523]",28.52746061169885,1.142106014346177
"[0.3628682831231817, 0.6571252066107737, -0.8856252178122486, 0.5280879959314442]",28.5274842553571,1.1421688468275735
"[0.362860681321378, 0.6571241281889479, -0.8856249553746328, 0.5280891259482836]",28.527507902313204,1.1422316793089702
"[0.36285307986858106, 0.6571230499478852, -0.8856246930432978, 0.528090255761021]",28.527531552685875,1.1422945117903667
"[0.3628454788307608, 0.6571219718969176, -0.8856244308205082, 0.5280913853598762]",28.52755520043384,1.1423573442717632
"[0.3628378773905648, 0.657120893920118, -0.8856241686780684, 0.5280925148663146]",28.527578851439944,1.1424201767531599
"[0.3628302768022947, 0.6571198161953444, -0.8856239066592272, 0.5280936440939745]",28.527602508175622,1.1424830092345566
"[0.3628226761402235, 0.657118738591325, -0.8856236447320591, 0.5280947731803967]",28.52762616446374,1.142545841715953
"[0.36281507544293157, 0.6571176611134829, -0.8856233828978977, 0.5280959021198998]",28.527649818293934,1.1426086741973498
"[0.3628074753529048, 0.6571165838529196, -0.8856231211788665, 0.5280970308170243]",28.52767347838714,1.1426715066787463
"[0.3627998746787808, 0.6571155066407536, -0.8856228595339407, 0.5280981594487125]",28.527697141081195,1.142734339160143
"[0.3627922745779076, 0.6571144296410036, -0.8856225980029632, 0.5280992878431126]",28.52772079734621,1.1427971716415395
"[0.36278467465764275, 0.6571133527980066, -0.88562233657241, 0.5281004160585414]",28.52774446584097,1.1428600041229362
"[0.36277707505062473, 0.6571122761305382, -0.8856220752468364, 0.528101544075326]",28.52776813321179,1.142922836604333
"[0.3627694754986757, 0.6571111996020093, -0.8856218140173593, 0.5281026719317964]",28.527791798828115,1.1429856690857294
"[0.36276187585755193, 0.6571101231919787, -0.8856215528790233, 0.5281037996493652]",28.527815469412047,1.143048501567126
"[0.3627542773965705, 0.6571090470802047, -0.8856212918754259, 0.5281049270397042]",28.527839142006616,1.1431113340485226
"[0.3627466777906583, 0.6571079709373976, -0.8856210309267025, 0.5281060544477909]",28.52786281602156,1.143174166529919
"[0.36273907863131516, 0.657106894988937, -0.8856207700875163, 0.5281071816375025]",28.52788649014931,1.1432369990113158
"[0.36273147992719884, 0.6571058192360183, -0.8856205093581488, 0.5281083086075855]",28.527910163966055,1.1432998314927125
"[0.36272388128262956, 0.6571047436226094, -0.885620248725016, 0.5281094354167374]",28.52793384678725,1.143362663974109
"[0.3627162829745178, 0.6571036681878938, -0.88561998819761, 0.5281105620239064]",28.5279575234627,1.1434254964555057
"[0.36270868522556465, 0.6571025929633815, -0.8856197277835516, 0.5281116883960796]",28.527981207802753,1.1434883289369022
"[0.36270108668411416, 0.6571015177577351, -0.8856194674365196, 0.5281128147336976]",28.52800489108276,1.1435511614182987
"[0.3626934887350593, 0.6571004427669752, -0.8856192072039686, 0.5281139408314075]",28.528028577160416,1.1436139938996954
"[0.36268589088885955, 0.6570993679217981, -0.8856189470691216, 0.5281150667618074]",28.528052261938363,1.1436768263810921
"[0.3626782937886776, 0.6570982933131656, -0.8856186870539843, 0.5281161924296107]",28.52807595085424,1.1437396588624886
"[0.36267069589674295, 0.6570972187235549, -0.8856184271059288, 0.5281173180626718]",28.528099642289785,1.1438024913438853
"[0.36266309876470276, 0.6570961443724187, -0.8856181672780439, 0.5281184434311096]",28.528123334953268,1.1438653238252818
"[0.36265550181923156, 0.6570950701786485, -0.8856179075507056, 0.5281195686198826]",28.52814702904085,1.1439281563066785
"[0.36264790488067855, 0.6570939961168338, -0.8856176479177705, 0.5281206936556043]",28.528170728505568,1.1439909887880753
"[0.3626403080233122, 0.6570929221974691, -0.8856173883817766, 0.5281218185272787]",28.52819442170353,1.1440538212694717
"[0.36263271173528694, 0.6570918484895399, -0.8856171289593913, 0.5281229431626444]",28.528218126648756,1.1441166537508685
"[0.3626251151612591, 0.6570907748721356, -0.8856168696213992, 0.528124067688344]",28.528241824374415,1.144179486232265
"[0.3626175190441638, 0.6570897014502448, -0.8856166103931623, 0.528125191994407]",28.528265528302555,1.1442423187136614
"[0.3626099233562327, 0.6570886282199172, -0.8856163512737182, 0.5281263160849697]",28.528289232940235,1.1443051511950582
"[0.36260232712951507, 0.657087555044385, -0.8856160922300499, 0.5281274401032767]",28.52831293810762,1.1443679836764549
"[0.36259473144705645, 0.6570864820766573, -0.8856158332990929, 0.5281285638890656]",28.52833664907168,1.1444308161578516
"[0.362587135972022, 0.6570854092691172, -0.8856155744693524, 0.5281296874922078]",28.52836035873667,1.144493648639248
"[0.3625795403882772, 0.6570843365771181, -0.8856153157300558, 0.5281308109594589]",28.52838407124947,1.1445564811206446
"[0.36257194552979183, 0.6570832641184188, -0.8856150571096014, 0.5281319341674838]",28.528407786027046,1.1446193136020413
"[0.3625643499376216, 0.6570821916869855, -0.8856147985583118, 0.5281330573320632]",28.528431504585573,1.1446821460834378
"[0.3625567554426227, 0.65708111954132, -0.8856145401385035, 0.5281341801824622]",28.528455218755074,1.1447449785648345
"[0.3625491605860099, 0.6570800474754518, -0.8856142818005261, 0.5281353029343904]",28.528478937996578,1.1448078110462312
"[0.3625415660303502, 0.6570789755829026, -0.8856140235669198, 0.5281364254899004]",28.52850265786288,1.1448706435276277
"[0.3625339713634348, 0.6570779038054886, -0.8856137654236662, 0.5281375479099225]",28.528526382726426,1.1449334760090244
"[0.3625263772787766, 0.6570768322410555, -0.8856135073943315, 0.5281386700919855]",28.52855010745074,1.1449963084904209
"[0.362518783443938, 0.6570757608426764, -0.8856132494676063, 0.5281397920852305]",28.52857383409714,1.1450591409718174
"[0.3625111894378181, 0.6570746895509303, -0.8856129916291879, 0.5281409139518813]",28.528597561229827,1.145121973453214
"[0.3625035960863018, 0.6570736184823084, -0.8856127339071108, 0.5281420355699445]",28.528621291237755,1.1451848059346108
"[0.3624960020962977, 0.6570725474544123, -0.8856124762574875, 0.5281431571304231]",28.52864502482656,1.1452476384160073
"[0.3624884088867847, 0.6570714766673578, -0.8856122187284613, 0.5281442784237556]",28.528668757019098,1.145310470897404
"[0.3624808157983206, 0.6570704060281275, -0.8856119612976512, 0.5281453995473455]",28.5286924925685,1.1453733033788005
"[0.3624732226983784, 0.6570693355180266, -0.8856117039605638, 0.5281465205207649]",28.528716227565678,1.145436135860197
"[0.3624656299354549, 0.6570682651861752, -0.8856114467290057, 0.5281476412925761]",28.528739967621977,1.1454989683415937
"[0.36245803727201886, 0.6570671949990732, -0.8856111895949235, 0.528148761897854]",28.528763706351068,1.1455618008229904
"[0.36245044459305226, 0.6570661249405079, -0.8856109325544226, 0.5281498823535716]",28.528787445573702,1.1456246333043871
"[0.3624428524243769, 0.6570650550845509, -0.8856106756252957, 0.5281510025821673]",28.52881119592561,1.1456874657857836
"[0.36243525983670977, 0.6570639853002622, -0.8856104187760956, 0.5281521227207409]",28.528834938402824,1.1457502982671801
"[0.36242766813774685, 0.6570629157718729, -0.8856101620510526, 0.5281532425763876]",28.52885868781841,1.1458131307485768
"[0.3624200763136869, 0.6570618463565334, -0.8856099054158715, 0.5281543622986771]",28.528882438635303,1.1458759632299735
"[0.36241248419815175, 0.6570607770308124, -0.8856096488649369, 0.5281554819121372]",28.528906186305516,1.14593879571137
"[0.3624048930903828, 0.6570597079776817, -0.8856093924421417, 0.5281566012251903]",28.52892994014645,1.1460016281927667
"[0.3623973018661608, 0.6570586390387909, -0.8856091361094948, 0.5281577204036291]",28.528953697471316,1.1460644606741632
"[0.36238971074205095, 0.6570575702446316, -0.8856088798743121, 0.5281588394155252]",28.528977453508162,1.14612729315556
"[0.3623821192303374, 0.6570565015265384, -0.8856086237201369, 0.5281599583327657]",28.529001207314245,1.1461901256369564
"[0.36237452849290014, 0.6570554330480634, -0.8856083676861694, 0.5281610769841126]",28.529024970623677,1.1462529581183531
"[0.36236693767701283, 0.6570543646891558, -0.8856081117436352, 0.5281621954952523]",28.529048731786155,1.1463157905997499
"[0.3623593474708554, 0.6570532965466533, -0.8856078559157303, 0.5281633137647987]",28.529072494491835,1.1463786230811464
"[0.3623517567176236, 0.6570522284577575, -0.8856076001634643, 0.5281644319631869]",28.529096257979063,1.1464414555625428
"[0.3623441663189938, 0.657051160549344, -0.8856073445172241, 0.5281655499575829]",28.52912002924025,1.1465042880439396
"[0.36233657644631745, 0.6570500928454924, -0.8856070889827643, 0.5281666677227779]",28.529143794734463,1.146567120525336
"[0.36232898615216097, 0.6570490252129191, -0.8856068335281881, 0.5281677853982998]",28.529167566413776,1.1466299530067328
"[0.36232139691538867, 0.6570479578596092, -0.8856065782032567, 0.5281689027664132]",28.529191338191136,1.1466927854881295
"[0.36231380766662696, 0.6570468906351414, -0.8856063229719757, 0.5281700199845867]",28.52921511362856,1.146755617969526
"[0.3623062179295562, 0.6570458234725414, -0.885606067818337, 0.5281711371229266]",28.529238884546803,1.1468184504509227
"[0.36229862875326846, 0.6570447565193114, -0.8856058127776095, 0.5281722540270191]",28.529262662003948,1.1468812829323192
"[0.3622910394559896, 0.6570436896795853, -0.8856055578268754, 0.5281733707972155]",28.52928644374021,1.1469441154137157
"[0.36228345109016374, 0.6570426231012838, -0.8856053030014769, 0.5281744872786706]",28.52931022653006,1.1470069478951124
"[0.3622758620146938, 0.6570415565537286, -0.8856050482463015, 0.528175603712853]",28.529334004219983,1.147069780376509
"[0.3622682734933933, 0.6570404902145374, -0.8856047936037782, 0.5281767199138313]",28.52935778932789,1.1471326128579056
"[0.3622606851373767, 0.6570394240290391, -0.8856045390608461, 0.5281778359388316]",28.529381579455226,1.1471954453393023
"[0.36225309700030733, 0.6570383580047623, -0.8856042846193002, 0.5281789517799708]",28.529405366798798,1.1472582778206988
"[0.3622455088335946, 0.6570372921067683, -0.8856040302708027, 0.5281800674738173]",28.52942915624003,1.1473211103020955
"[0.36223792102660285, 0.6570362263897443, -0.8856037760284003, 0.5281811829631241]",28.529452947906933,1.147383942783492
"[0.36223033332327315, 0.6570351608177052, -0.8856035218835069, 0.5281822982855566]",28.529476743223444,1.1474467752648887
"[0.3622227458589654, 0.6570340954096506, -0.8856032678406514, 0.5281834134212233]",28.52950053635183,1.1475096077462854
"[0.36221515837738427, 0.6570330301295849, -0.88560301389125, 0.5281845284077968]",28.529524335774276,1.147572440227682
"[0.36220757115834046, 0.657031965016772, -0.8856027600446651, 0.5281856432041793]",28.529548133952478,1.1476352727090784
"[0.3621999840758884, 0.6570309000535268, -0.8856025062966777, 0.5281867578288758]",28.52957193445452,1.147698105190475
"[0.36219239711646223, 0.6570298352379319, -0.8856022526468306, 0.5281878722838913]",28.529595732300095,1.1477609376718716
"[0.3621848103402807, 0.6570287705784319, -0.8856019990971329, 0.5281889865603836]",28.52961953659918,1.1478237701532685
"[0.36217722457035423, 0.6570277061904743, -0.8856017456750696, 0.5281901005375254]",28.529643346392813,1.147886602634665
"[0.36216963748209974, 0.6570266417478937, -0.8856014923029898, 0.5281912145566722]",28.529667154056185,1.1479494351160615
"[0.3621620514884126, 0.6570255775892239, -0.8856012390614779, 0.5281923282635183]",28.52969096201225,1.1480122675974582
"[0.36215446518090944, 0.6570245135168612, -0.8856009859035057, 0.5281934418648666]",28.529714771444816,1.1480751000788547
"[0.3621468794122014, 0.6570234496503976, -0.8856007328575229, 0.5281945552355536]",28.529738589558814,1.1481379325602514
"[0.36213929427371666, 0.6570223860026021, -0.8856004799265594, 0.5281956683622184]",28.52976240338389,1.1482007650416481
"[0.36213170839589104, 0.657021322381439, -0.8856002270649492, 0.5281967814458236]",28.52978621504475,1.1482635975230446
"[0.36212412273343764, 0.6570202589207732, -0.8855999743045284, 0.5281978943462735]",28.529810033459995,1.1483264300044413
"[0.3621165374777502, 0.6570191956474175, -0.8855997216516642, 0.5281990070355068]",28.529833855469,1.1483892624858378
"[0.36210895262596077, 0.6570181325609428, -0.8855994691062479, 0.5282001195139713]",28.52985767503905,1.1484520949672343
"[0.36210136817194905, 0.6570170696604665, -0.8855992166680622, 0.5282012317825882]",28.52988150022183,1.148514927448631
"[0.3620937832071088, 0.6570160068186547, -0.8855989643068697, 0.5282023439746019]",28.52990532656451,1.1485777599300278
"[0.36208619865657415, 0.6570149441651398, -0.8855987120534544, 0.5282034559543561]",28.52992915225914,1.1486405924114242
"[0.3620786141187591, 0.6570138816436514, -0.8855984598944527, 0.5282045677807303]",28.5299529794511,1.148703424892821
"[0.36207102981484107, 0.6570128192851329, -0.8855982078372168, 0.5282056794213431]",28.529976809525337,1.1487662573742174
"[0.36206344613471303, 0.657011757144202, -0.8855979558946893, 0.5282067908190404]",28.53000064555626,1.148829089855614
"[0.36205586160441733, 0.6570106950144143, -0.8855977040179085, 0.5282079021898359]",28.530024474428505,1.1488919223370107
"[0.3620482785431835, 0.657009633220531, -0.8855974522838852, 0.5282090131939104]",28.530048315729214,1.1489547548184074
"[0.36204069482993495, 0.6570085714655314, -0.8855972006221927, 0.5282101241420485]",28.530072149518652,1.149017587299804
"[0.36203311118426423, 0.6570075098501703, -0.8855969490567228, 0.5282112349288217]",28.53009598941428,1.1490804197812006
"[0.362025527964664, 0.657006448424617, -0.88559669759936, 0.5282123455017345]",28.530119829034053,1.149143252262597
"[0.3620179447674063, 0.6570053871323454, -0.8855964462367105, 0.5282134559199271]",28.53014367367085,1.1492060847439938
"[0.36201036235009254, 0.6570043260793659, -0.8855961949938733, 0.5282145660724802]",28.530167518284713,1.1492689172253903
"[0.3620027793556931, 0.6570032650757629, -0.8855959438258812, 0.5282156761580946]",28.53019136419517,1.149331749706787
"[0.3619951968803126, 0.6570022042748873, -0.8855956927690429, 0.5282167860163234]",28.53021521017895,1.1493945821881837
"[0.36198761444418914, 0.6570011436096262, -0.8855954418074649, 0.5282178957173774]",28.530239062319264,1.1494574146695802
"[0.36198003248065347, 0.6570000831405678, -0.8855951909554821, 0.5282190051978659]",28.530262915047896,1.149520247150977
"[0.3619724498735942, 0.6569990227116045, -0.8855949401761716, 0.5282201146211073]",28.530286766130835,1.1495830796323734
"[0.36196486835017794, 0.6569979625642737, -0.8855946895266495, 0.5282212237344007]",28.53031062314855,1.1496459121137699
"[0.3619572867100795, 0.6569969025306769, -0.8855944389672176, 0.5282223327134004]",28.530334477165855,1.1497087445951666
"[0.3619497049750258, 0.6569958426138779, -0.8855941884985976, 0.5282234415548946]",28.530358336989195,1.1497715770765633
"[0.3619421237854428, 0.6569947829033829, -0.8855939381419413, 0.5282245501652441]",28.53038219615167,1.1498344095579598
"[0.3619345423625511, 0.6569937232903201, -0.885593687871526, 0.52822565865834]",28.530406061464596,1.1498972420393565
"[0.36192696151031617, 0.6569926638870442, -0.8855934377138871, 0.5282267669166429]",28.530429923179028,1.149960074520753
"[0.3619193808008871, 0.6569916046337401, -0.8855931876548945, 0.5282278750027244]",28.530453791077612,1.1500229070021497
"[0.36191179992518935, 0.6569905454872179, -0.8855929376843555, 0.5282289829617606]",28.53047765811634,1.1500857394835464
"[0.3619042195312802, 0.656989486538011, -0.8855926878236341, 0.5282300906990429]",28.53050152801704,1.150148571964943
"[0.3618966387206538, 0.6569884276605868, -0.8855924380431158, 0.528231198345884]",28.530525398093108,1.1502114044463396
"[0.36188905843573227, 0.6569873689865794, -0.8855921883738517, 0.5282323057645836]",28.530549271175325,1.1502742369277361
"[0.3618814785645938, 0.656986310500338, -0.8855919388121396, 0.5282334129715104]",28.530573144368983,1.1503370694091326
"[0.3618738986144156, 0.6569852521330086, -0.8855916893417497, 0.5282345200386864]",28.53059701911201,1.1503999018905293
"[0.3618663186588541, 0.6569841938948936, -0.885591439965109, 0.52823562695533]",28.530620896749276,1.150462734371926
"[0.36185873928384427, 0.6569831358677698, -0.8855911907014858, 0.5282367336359]",28.53064477732039,1.1505255668533227
"[0.36185115990047995, 0.6569820779694099, -0.8855909415315034, 0.5282378401664038]",28.530668660584116,1.1505883993347192
"[0.3618435803270738, 0.6569810201744573, -0.8855906924491949, 0.5282389465733578]",28.53069254358589,1.1506512318161157
"[0.3618360014302187, 0.6569799626038353, -0.8855904434830305, 0.5282400527302796]",28.53071642927227,1.1507140642975124
"[0.36182842264534537, 0.6569789051787462, -0.8855901946144517, 0.5282411587195847]",28.530740316600234,1.150776896778909
"[0.36182084425940547, 0.656977847939192, -0.885589945852874, 0.528242264499433]",28.53076420394725,1.1508397292603056
"[0.36181326595806906, 0.6569767908413101, -0.8855896971879715, 0.5282433701156973]",28.530788094141837,1.1509025617417024
"[0.3618056871270162, 0.6569757337994265, -0.8855894485995964, 0.528244475657978]",28.530811985789732,1.1509653942230988
"[0.3617981084946094, 0.6569746769151273, -0.8855892001116478, 0.5282455810200234]",28.53083587677259,1.1510282267044953
"[0.36179053052050886, 0.6569736202524875, -0.885588951739183, 0.5282466861348182]",28.530859775409557,1.151091059185892
"[0.3617829528379786, 0.6569725637603414, -0.8855887034701656, 0.5282477910558724]",28.530883674756986,1.1511538916672885
"[0.3617753747946792, 0.6569715073477367, -0.8855884552832259, 0.5282488958783043]",28.530907569575955,1.1512167241486853
"[0.3617677972684055, 0.6569704511370335, -0.8855882072071114, 0.5282500004741422]",28.53093147182977,1.151279556630082
"[0.36176022014746045, 0.6569693951126351, -0.8855879592381499, 0.5282511048596963]",28.530955377220806,1.1513423891114785
"[0.36175264298683746, 0.6569683392125067, -0.8855877113617728, 0.5282522090998398]",28.53097927942304,1.1514052215928752
"[0.3617450656662668, 0.6569672834198902, -0.8855874635740516, 0.528253313212093]",28.53100318383179,1.1514680540742717
"[0.3617374885210777, 0.6569662277815076, -0.8855872158859528, 0.5282544171475911]",28.531027094310787,1.1515308865556682
"[0.3617299117612579, 0.656965172326585, -0.8855869683043327, 0.5282555208757698]",28.531051004024842,1.1515937190370649
"[0.36172233557818845, 0.6569641170817623, -0.8855867208354281, 0.5282566243687687]",28.531074916390658,1.1516565515184616
"[0.3617147590641607, 0.656963061920598, -0.885586473449587, 0.5282577277588075]",28.531098825641372,1.1517193839998583
"[0.3617071828124743, 0.6569620069257153, -0.8855862261661845, 0.5282588309594822]",28.531122742466298,1.1517822164812548
"[0.36169960645904553, 0.6569609520464084, -0.8855859789733364, 0.5282599340238118]",28.531146660140664,1.1518450489626513
"[0.3616920307186551, 0.6569598973822005, -0.8855857318943552, 0.5282610368477229]",28.53117057791244,1.151907881444048
"[0.3616844548022316, 0.656958842823165, -0.8855854849035002, 0.528262139546165]",28.531194496032608,1.1519707139254445
"[0.3616768794875874, 0.6569577884776218, -0.8855852380261227, 0.528263242005864]",28.53121842125136,1.1520335464068412
"[0.3616693041760555, 0.6569567342621943, -0.8855849912427035, 0.5282643443140029]",28.531242344955174,1.152096378888238
"[0.36166172888070375, 0.6569556801787091, -0.8855847445536693, 0.528265446468666]",28.5312662697766,1.1521592113696344
"[0.36165415386753497, 0.656954626264165, -0.8855844979676787, 0.5282665484311646]",28.531290199343225,1.152222043851031
"[0.361646578784478, 0.6569535724695674, -0.8855842514732689, 0.5282676502527242]",28.53131412466501,1.1522848763324276
"[0.3616390036173864, 0.6569525187929487, -0.8855840050699838, 0.5282687519353968]",28.53133805667205,1.1523477088138243
"[0.3616314292130873, 0.6569514653520776, -0.8855837587853582, 0.5282698533560463]",28.53136198752607,1.152410541295221
"[0.3616238546110765, 0.6569504120133485, -0.8855835125881518, 0.5282709546543616]",28.531385920487125,1.1524733737766175
"[0.3616162807776398, 0.6569493589111448, -0.8855832665097633, 0.5282720556898348]",28.531409856709942,1.152536206258014
"[0.361608706834602, 0.6569483059232667, -0.8855830205216496, 0.5282731565902344]",28.53143379722469,1.1525990387394107
"[0.3616011328581357, 0.6569472530603616, -0.8855827746262893, 0.528274257344417]",28.53145773422863,1.1526618712208072
"[0.36159355868451254, 0.6569462002996604, -0.8855825288183722, 0.5282753579761843]",28.53148167762555,1.152724703702204
"[0.3615859852936493, 0.6569451477773534, -0.8855822831296912, 0.5282764583431501]",28.531505620893487,1.1527875361836006
"[0.36157841157168796, 0.6569440953386054, -0.8855820375241048, 0.5282775586071872]",28.531529565183895,1.1528503686649971
"[0.36157083824410985, 0.6569430430842378, -0.8855817920251402, 0.5282786586628871]",28.5315535104619,1.1529132011463938
"[0.36156326550497025, 0.6569419910411789, -0.8855815466390713, 0.5282797584820982]",28.531577460982465,1.1529760336277903
"[0.3615556923647235, 0.6569409390719483, -0.8855813013338307, 0.5282808582085406]",28.531601411589392,1.1530388661091868
"[0.361548119570303, 0.6569398872802963, -0.8855810561336162, 0.5282819577337492]",28.531625360577284,1.1531016985905835
"[0.36154054703799093, 0.6569388356545763, -0.8855808110357068, 0.5282830570698981]",28.531649316671967,1.1531645310719802
"[0.3615329748909382, 0.6569377842118712, -0.885580566044079, 0.5282841561991263]",28.531673268990865,1.1532273635533767
"[0.3615254026786471, 0.6569367328896216, -0.8855803211441523, 0.5282852551868266]",28.531697227109973,1.1532901960347735
"[0.36151782988736914, 0.6569356816164837, -0.8855800763193254, 0.5282863541075751]",28.53172118411524,1.15335302851617
"[0.3615102581471607, 0.6569346306187581, -0.8855798316222896, 0.528287452724808]",28.5317451472718,1.1534158609975667
"[0.3615026863785497, 0.6569335797465685, -0.8855795870181427, 0.5282885511951932]",28.53176910834892,1.1534786934789631
"[0.36149511510997734, 0.6569325290732394, -0.8855793425239483, 0.5282896494420818]",28.531793074145035,1.1535415259603599
"[0.36148754298434677, 0.6569314784104506, -0.8855790980958913, 0.5282907476623162]",28.531817039046366,1.1536043584417566
"[0.36147997230326046, 0.6569304280775394, -0.8855788538082576, 0.5282918455221023]",28.531841007021622,1.153667190923153
"[0.361472401246112, 0.6569293778218892, -0.8855786096022837, 0.5282929432854865]",28.531864977021158,1.1537300234045496
"[0.36146483024154435, 0.6569283277029726, -0.8855783654918018, 0.5282940408903004]",28.531888948528646,1.1537928558859463
"[0.36145725914458426, 0.6569272777006618, -0.8855781214721409, 0.5282951383575796]",28.531912919814005,1.1538556883673428
"[0.36144968831487634, 0.6569262278648317, -0.885577877554891, 0.5282962356351906]",28.53193689580477,1.1539185208487397
"[0.3614421180127367, 0.6569251782315628, -0.8855776337484255, 0.5282973326854193]",28.53196087089901,1.1539813533301362
"[0.36143454760704674, 0.6569241287133257, -0.8855773900324129, 0.5282984295997479]",28.531984844516725,1.1540441858115327
"[0.3614269774931631, 0.656923079364934, -0.8855771464195791, 0.5282995263208834]",28.532008825737165,1.1541070182929294
"[0.36141940770835396, 0.6569220301915175, -0.8855769029111137, 0.528300622843463]",28.53203281022688,1.1541698507743259
"[0.36141183787438963, 0.6569209811406533, -0.8855766594948461, 0.5283017192222715]",28.53205679623667,1.1542326832557226
"[0.36140426827671235, 0.6569199322518869, -0.8855764161799536, 0.5283028154159759]",28.532080778272498,1.1542955157371193
"[0.3613966982949167, 0.6569188834392521, -0.8855761729464979, 0.5283039115144158]",28.53210476549211,1.1543583482185158
"[0.36138912947709056, 0.6569178349172076, -0.885575929844209, 0.5283050072934607]",28.532128752331044,1.1544211806999123
"[0.3613815603754325, 0.6569167864851627, -0.8855756868265695, 0.5283061029627417]",28.532152744741502,1.154484013181309
"[0.3613739916856108, 0.6569157382394687, -0.885575443915915, 0.5283071984215628]",28.532176738168623,1.1545468456627055
"[0.3613664226045532, 0.656914690068898, -0.8855752010864728, 0.5283082937861565]",28.532200732349388,1.1546096781441022
"[0.3613588533504736, 0.65691364200368, -0.8855749583452559, 0.528309389024927]",28.532224725980537,1.154672510625499
"[0.3613512854929934, 0.6569125942611133, -0.8855747157425794, 0.5283104839107953]",28.53224872312781,1.1547353431068954
"[0.36134371676725036, 0.6569115465276181, -0.8855744732058312, 0.5283115787714475]",28.532272723431944,1.1547981755882921
"[0.3613361488043901, 0.6569104990289922, -0.885574230787284, 0.5283126733709259]",28.53229672560597,1.1548610080696886
"[0.36132858093941445, 0.6569094516731655, -0.8855739884656227, 0.5283137678054383]",28.532320725957682,1.154923840551085
"[0.36132101307297215, 0.6569084044463823, -0.8855737462376652, 0.5283148620893555]",28.532344731216156,1.1549866730324818
"[0.36131344570079427, 0.6569073574172268, -0.8855735041192716, 0.5283159561510085]",28.532368736011268,1.1550495055138785
"[0.36130587803731884, 0.656906310476983, -0.885573262085306, 0.5283170501039952]",28.532392745649826,1.1551123379952752
"[0.36129831035096827, 0.6569052636628084, -0.8855730201443601, 0.5283181439094824]",28.53241675691916,1.1551751704766717
"[0.3612907431856892, 0.6569042170499211, -0.8855727783138173, 0.5283192374888737]",28.53244076807232,1.1552380029580682
"[0.3612831765459225, 0.6569031706389061, -0.885572536593801, 0.5283203308415572]",28.53246478000913,1.155300835439465
"[0.36127560931566033, 0.6569021242754205, -0.8855722949486632, 0.5283214241287955]",28.53248879511309,1.1553636679208614
"[0.36126804283751657, 0.6569010781451119, -0.8855720534212763, 0.5283225171566115]",28.532512810898115,1.1554265004022581
"[0.36126047612040235, 0.6569000321109348, -0.8855718119799961, 0.5283236100681928]",28.532536828982117,1.1554893328836549
"[0.36125290984264175, 0.6568989862666511, -0.8855715706464652, 0.5283247027655721]",28.532560849244827,1.1555521653650513
"[0.361245343355112, 0.6568979405225407, -0.885571329399976, 0.5283257953424839]",28.532584870395546,1.155614997846448
"[0.3612377776626865, 0.6568968950174305, -0.8855710882725585, 0.5283268876538856]",28.532608896339944,1.1556778303278445
"[0.3612302116587981, 0.6568958495984142, -0.8855708472289382, 0.5283279798595236]",28.532632917866074,1.155740662809241
"[0.3612226463362051, 0.6568948044026485, -0.8855706063007378, 0.5283290718160999]",28.53265694937663,1.1558034952906378
"[0.3612150808093908, 0.6568937593077766, -0.8855703654597494, 0.5283301636514437]",28.53268097821913,1.1558663277720345
"[0.3612075150770553, 0.6568927143136207, -0.885570124705941, 0.5283312553657354]",28.53270500636444,1.155929160253431
"[0.36119995015217726, 0.6568916695600756, -0.8855698840715378, 0.5283323468128238]",28.53272903768229,1.1559919927348277
"[0.3611923852185577, 0.6568906249344038, -0.8855696435305644, 0.5283334381104827]",28.532753073810216,1.1560548252162242
"[0.3611848201299544, 0.6568895804163997, -0.8855694030783747, 0.5283345292798171]",28.53277711006625,1.1561176576976209
"[0.36117725572195686, 0.6568885361214242, -0.8855691627415203, 0.5283356202003097]",28.53280114442378,1.1561804901790176
"[0.3611696910922175, 0.6568874919248866, -0.885568922491324, 0.528336711002113]",28.532825189542137,1.156243322660414
"[0.36116212672764, 0.656886447893993, -0.8855686823432516, 0.5283378016150165]",28.53284922816446,1.1563061551418108
"[0.3611545622544216, 0.6568854039771429, -0.8855684422854337, 0.5283388920929195]",28.532873268007332,1.1563689876232073
"[0.3611469985049183, 0.6568843602891815, -0.8855682023442761, 0.5283399823158524]",28.532897317343494,1.1564318201046038
"[0.36113943475879895, 0.6568833167307038, -0.8855679624969156, 0.5283410723876503]",28.532921364185867,1.1564946525860005
"[0.3611318705867888, 0.656882273242471, -0.8855677227297498, 0.5283421623701878]",28.532945411356387,1.1565574850673972
"[0.36112430712209137, 0.6568812299807917, -0.885567483078695, 0.5283432521001902]",28.532969457332598,1.1566203175487937
"[0.36111674409927963, 0.6568801869090483, -0.8855672435353217, 0.5283443416159019]",28.532993514100134,1.1566831500301904
"[0.3611091804334539, 0.6568791438776033, -0.8855670040652728, 0.5283454310736206]",28.533017565005768,1.156745982511587
"[0.36110161688251097, 0.6568781009909821, -0.8855667646925559, 0.5283465203641623]",28.533041619244567,1.1568088149929836
"[0.3610940548661683, 0.6568770584448859, -0.8855665254620732, 0.52834760928312]",28.533065678897408,1.15687164747438
"[0.3610864915927058, 0.6568760158544283, -0.8855662862855029, 0.5283486982324954]",28.533089732262162,1.1569344799557768
"[0.3610789294300454, 0.6568749735460219, -0.8855660472377314, 0.5283497868713586]",28.53311379633383,1.1569973124371735
"[0.3610713672010322, 0.6568739313573877, -0.8855658082815296, 0.5283508753692]",28.533137859386244,1.15706014491857
"[0.3610638047419657, 0.6568728892659615, -0.8855655694117321, 0.5283519637495833]",28.53316192279328,1.1571229773999665
"[0.3610562428467574, 0.6568718473811389, -0.8855653306534113, 0.528353051898249]",28.533185989318817,1.1571858098813632
"[0.36104868088432174, 0.6568708056159486, -0.8855650919866336, 0.5283541399060285]",28.53321005678498,1.1572486423627597
"[0.3610411189708461, 0.656869763986392, -0.8855648534150686, 0.5283552277562057]",28.533234124702872,1.1573114748441564
"[0.3610335571878002, 0.6568687225036839, -0.885564614941284, 0.5283563154370652]",28.533258200495023,1.1573743073255531
"[0.3610259959189578, 0.6568676812206646, -0.8855643765773732, 0.52835740289342]",28.533282265401432,1.1574371398069496
"[0.36101843476407997, 0.6568666400821841, -0.8855641383107089, 0.5283584901828651]",28.533306343445524,1.1574999722883463
"[0.3610108736105478, 0.6568655990727391, -0.8855639001377418, 0.5283595773215857]",28.53333041866403,1.1575628047697428
"[0.36100331312725736, 0.6568645582843982, -0.8855636620795309, 0.5283606642134326]",28.533354498471418,1.1576256372511393
"[0.3609957518743423, 0.6568635175189478, -0.8855634240907423, 0.5283617510653944]",28.533378575686758,1.157688469732536
"[0.3609881914452595, 0.6568624769957087, -0.8855631862215309, 0.5283628376484354]",28.533402657581206,1.1577513022139327
"[0.3609806311657878, 0.6568614366218567, -0.8855629484506673, 0.5283639240594881]",28.53342673906,1.1578141346953295
"[0.3609730706952034, 0.6568603963505117, -0.8855627107674379, 0.5283650103475019]",28.53345082483574,1.157876967176726
"[0.36096551065704274, 0.6568593562674525, -0.8855624731914432, 0.5283660964229008]",28.533474912095773,1.1579397996581224
"[0.36095795069767045, 0.6568583163240111, -0.8855622357115618, 0.5283671823365028]",28.533499001024207,1.1580026321395192
"[0.3609503905932352, 0.6568572764893992, -0.8855619983207645, 0.5283682681204517]",28.53352308985898,1.1580654646209156
"[0.3609428310241996, 0.656856236857174, -0.8855617610404135, 0.5283693536770558]",28.53354718081682,1.1581282971023124
"[0.36093527205373677, 0.6568551974360103, -0.8855615238724717, 0.528370438997254]",28.533571278859355,1.158191129583709
"[0.36092771235948834, 0.6568541580440665, -0.8855612867754534, 0.5283715242709152]",28.533595373631957,1.1582539620651056
"[0.3609201534003128, 0.6568531188819184, -0.8855610497951145, 0.5283726092886042]",28.5336194666043,1.158316794546502
"[0.3609125944906732, 0.6568520798553005, -0.88556081290995, 0.5283736941487452]",28.533643568146317,1.1583796270278988
"[0.36090503561452975, 0.6568510409619909, -0.8855605761194574, 0.5283747788536556]",28.533667668590475,1.1584424595092955
"[0.3608974771284779, 0.6568500022510004, -0.8855603394348017, 0.5283758633521584]",28.533691771703406,1.1585052919906922
"[0.3608899185085607, 0.6568489636503002, -0.885560102839572, 0.5283769477194565]",28.533715874431966,1.1585681244720887
"[0.3608823600633295, 0.6568479252022985, -0.8855598663434275, 0.5283780319112669]",28.53373997977082,1.1586309569534852
"[0.3608748023072046, 0.6568468869776402, -0.8855596299624497, 0.5283791158538323]",28.53376408899112,1.1586937894348819
"[0.3608672440276969, 0.6568458488097244, -0.8855593936587152, 0.5283801997210896]",28.533788197720618,1.1587566219162784
"[0.3608596861629089, 0.6568448108274464, -0.8855591574615557, 0.5283812833784606]",28.533812310448027,1.158819454397675
"[0.3608521285611899, 0.6568437730099348, -0.8855589213662218, 0.5283823668477357]",28.53383642246498,1.1588822868790718
"[0.3608445711114562, 0.6568427353419294, -0.8855586853692364, 0.5283834501448424]",28.53386053749641,1.1589451193604683
"[0.36083701373827665, 0.6568416978130565, -0.8855584494682422, 0.5283845332806082]",28.533884655729576,1.159007951841865
"[0.36082945690684504, 0.6568406604871652, -0.8855582136777504, 0.5283856161883752]",28.533908770490005,1.1590707843232615
"[0.3608218998311055, 0.6568396232563415, -0.8855579779732298, 0.5283866989807959]",28.533932889170078,1.159133616804658
"[0.360814342796722, 0.6568385861597958, -0.8855577423635959, 0.5283877816169328]",28.533957012985557,1.1591964492860547
"[0.3608067863989829, 0.6568375492791957, -0.8855575068673975, 0.5283888640115312]",28.533981137947283,1.1592592817674514
"[0.3607992298832803, 0.6568365125109834, -0.8855572714611093, 0.5283899462726918]",28.534005259019423,1.159322114248848
"[0.3607916734829501, 0.656835475887167, -0.8855570361520019, 0.5283910283669976]",28.534029387080277,1.1593849467302446
"[0.3607841175775895, 0.6568344394598019, -0.885556800951886, 0.528392110240108]",28.534053516195428,1.159447779211641
"[0.36077656118816104, 0.656833403094592, -0.8855565658302886, 0.5283931920322037]",28.534077645516977,1.1595106116930378
"[0.36076900507751847, 0.6568323668961631, -0.8855563308109514, 0.5283942736340683]",28.534101776309814,1.1595734441744343
"[0.36076145012816707, 0.656831330985509, -0.8855560959212978, 0.528395354919406]",28.53412591328442,1.159636276655831
"[0.3607538941126046, 0.6568302950571578, -0.8855558610920736, 0.5283964362070687]",28.534150048758203,1.1596991091372277
"[0.360746338685443, 0.6568292593380012, -0.8855556263747109, 0.5283975172602209]",28.53417418396392,1.1597619416186242
"[0.3607387835707337, 0.6568282237901726, -0.8855553917606227, 0.5283985981183864]",28.534198326424608,1.1598247741000207
"[0.36073122850761624, 0.6568271883779035, -0.8855551572417037, 0.5283996788188959]",28.534222463652213,1.1598876065814174
"[0.3607236739905756, 0.656826153168943, -0.8855549228332927, 0.5284007592910354]",28.534246608230294,1.159950439062814
"[0.3607161191991462, 0.6568251180508499, -0.8855546885099297, 0.5284018396521586]",28.53427075027993,1.1600132715442106
"[0.36070856444433985, 0.6568240830662401, -0.8855544542812662, 0.5284029198577829]",28.534294898949728,1.1600761040256073
"[0.36070101016908307, 0.6568230482757751, -0.8855542201610276, 0.5284039998445934]",28.53431904941576,1.1601389365070038
"[0.36069345613987625, 0.6568220136474486, -0.8855539861419649, 0.5284050796459924]",28.534343194572877,1.1602017689884006
"[0.3606859020036188, 0.6568209791328965, -0.8855537522131381, 0.5284061593124528]",28.5343673460904,1.160264601469797
"[0.36067834798356113, 0.6568199447626694, -0.8855535183814628, 0.5284072388120873]",28.534391501243128,1.1603274339511935
"[0.36067079451514783, 0.6568189105963994, -0.8855532846604073, 0.5284083180826578]",28.53441565427415,1.1603902664325905
"[0.36066324091968166, 0.6568178765411151, -0.8855530510289649, 0.5284093972211913]",28.534439814008827,1.160453098913987
"[0.3606556872545707, 0.6568168426047044, -0.8855528174889161, 0.5284104762194484]",28.5344639697886,1.1605159313953834
"[0.36064813413212576, 0.6568158088709543, -0.8855525840591854, 0.528411554989989]",28.534488129049123,1.1605787638767802
"[0.36064058110045405, 0.6568147752780009, -0.8855523507257967, 0.5284126335973698]",28.5345122944375,1.1606415963581767
"[0.36063302826064303, 0.656813741839656, -0.8855521174918691, 0.5284137120271761]",28.534536455463595,1.1607044288395734
"[0.3606254756694467, 0.6568127085636796, -0.8855518843591492, 0.5284147902713052]",28.534560618811796,1.16076726132097
"[0.360617923111618, 0.6568116754206107, -0.885551651320989, 0.5284158683604983]",28.53458478642472,1.1608300938023666
"[0.3606103702270029, 0.6568106423611823, -0.8855514183662827, 0.5284169463461611]",28.53460895702949,1.1608929262837633
"[0.36060281829083457, 0.6568096095598005, -0.8855511855343526, 0.5284180240462998]",28.534633125142687,1.1609557587651598
"[0.3605952660156818, 0.6568085768403746, -0.8855509527854968, 0.528419101644659]",28.534657295269152,1.1610185912465563
"[0.36058771406466184, 0.6568075442935777, -0.885550720140153, 0.528420179046621]",28.53468147234503,1.161081423727953
"[0.3605801624444069, 0.6568065119202968, -0.8855504875985156, 0.5284212562512584]",28.53470564604824,1.1611442562093497
"[0.36057261075555713, 0.6568054796659247, -0.8855502551482836, 0.5284223333155463]",28.534729822409044,1.1612070886907464
"[0.3605650592650141, 0.6568044475669479, -0.8855500227976714, 0.5284234102014099]",28.53475400420995,1.161269921172143
"[0.36055750808184145, 0.6568034156382283, -0.8855497905500274, 0.5284244868933429]",28.534778181929656,1.1613327536535394
"[0.3605499572600308, 0.6568023838871394, -0.8855495584070012, 0.5284255633836478]",28.534802367211512,1.161395586134936
"[0.3605424062174883, 0.656801352234142, -0.8855493263506962, 0.5284266397553096]",28.534826550791788,1.1614584186163326
"[0.36053485537178787, 0.6568003207362773, -0.8855490943939469, 0.5284277159488104]",28.53485073703526,1.1615212510977293
"[0.3605273048964961, 0.6567992894172366, -0.885548862542077, 0.5284287919394304]",28.534874928047184,1.161584083579126
"[0.3605197543256976, 0.6567982582133699, -0.8855486307807754, 0.5284298677935734]",28.53489911633327,1.1616469160605225
"[0.36051220414630075, 0.6567972271911643, -0.8855483991249842, 0.5284309434418706]",28.534923307153914,1.161709748541919
"[0.36050465380842456, 0.6567961962755201, -0.885548167557829, 0.5284320189626687]",28.534947499927174,1.1617725810233157
"[0.3604971040412224, 0.656795165565981, -0.8855479361016665, 0.5284330942521147]",28.53497169424409,1.1618354135047122
"[0.36048955417308004, 0.6567941349708402, -0.8855477047359004, 0.5284341694058788]",28.53499589122265,1.161898245986109
"[0.3604820046704977, 0.6567931045537673, -0.8855474734748228, 0.5284352443575361]",28.535020090746904,1.1619610784675056
"[0.3604744549810543, 0.6567920742393523, -0.8855472423015103, 0.5284363191857523]",28.535044288948463,1.1620239109489021
"[0.36046690603382636, 0.6567910441543721, -0.8855470112444025, 0.5284373937582708]",28.53506848929122,1.1620867434302988
"[0.360459356759414, 0.6567900141528871, -0.8855467802707616, 0.5284384682273311]",28.535092691330973,1.1621495759116953
"[0.3604518075065955, 0.6567889842824884, -0.8855465493912656, 0.528439542543283]",28.53511690037146,1.1622124083930918
"[0.360444258655605, 0.6567879545950276, -0.8855463186175375, 0.5284406166520346]",28.53514110780692,1.1622752408744885
"[0.36043670992322907, 0.6567869250518629, -0.8855460879409109, 0.5284416905938921]",28.53516531496771,1.1623380733558852
"[0.3604291616325337, 0.6567858956970354, -0.8855458573712497, 0.5284427643229129]",28.535189526189985,1.162400905837282
"[0.36042161342470813, 0.6567848664815937, -0.8855456268975852, 0.5284438378901567]",28.535213740000557,1.1624637383186784
"[0.3604140651855854, 0.6567838373899688, -0.8855453965164329, 0.5284449113118596]",28.53523795274228,1.162526570800075
"[0.36040651729868395, 0.6567828084744354, -0.8855451662394931, 0.5284459845334916]",28.535262169479488,1.1625894032814716
"[0.3603989697164231, 0.6567817797284865, -0.885544936065304, 0.5284470575618381]",28.53528638622441,1.1626522357628684
"[0.3603914215609913, 0.6567807510324771, -0.8855447059671021, 0.5284481305216902]",28.535310605012434,1.1627150682442648
"[0.36038387422362667, 0.6567797225760029, -0.8855444759872954, 0.5284492032152893]",28.535334825089677,1.1627779007256616
"[0.36037632680825793, 0.6567786942369317, -0.8855442460985667, 0.5284502757700211]",28.5353590462191,1.162840733207058
"[0.36036877965634734, 0.656777666061781, -0.8855440163113151, 0.5284513481373634]",28.535383273923664,1.1629035656884548
"[0.3603612323984205, 0.6567766380002098, -0.8855437866142898, 0.5284524203698178]",28.535407498164396,1.1629663981698513
"[0.3603536859531992, 0.6567756101773472, -0.88554355703544, 0.5284534923368766]",28.53543172745887,1.163029230651248
"[0.36034613919099584, 0.6567745824392913, -0.8855433275403912, 0.5284545641990511]",28.53545595505326,1.1630920631326447
"[0.36033859287086667, 0.6567735548894268, -0.8855430981522251, 0.5284556358485127]",28.535480187235652,1.1631548956140412
"[0.3603310460887584, 0.6567725274046425, -0.8855428688434629, 0.5284567074136526]",28.535504420565015,1.1632177280954377
"[0.3603234998881361, 0.6567715001269979, -0.8855426396458096, 0.5284577787463136]",28.535528657578425,1.1632805605768344
"[0.3603159541531763, 0.6567704730407001, -0.8855424105557299, 0.5284588498629637]",28.535552894558464,1.1633433930582309
"[0.36030840803328007, 0.6567694460299461, -0.8855421815473995, 0.5284599208843693]",28.535577129451635,1.1634062255396276
"[0.3603008624562723, 0.6567684192210212, -0.8855419526489745, 0.5284609916788277]",28.535601371089655,1.1634690580210243
"[0.3602933163573992, 0.6567673924690219, -0.885541723828156, 0.5284620623974462]",28.535625611055423,1.1635318905024208
"[0.36028577156980235, 0.6567663660233515, -0.8855414951405183, 0.5284631327801407]",28.53564985721672,1.1635947229838175
"[0.3602782259623059, 0.6567653395940451, -0.8855412665214559, 0.5284642031292855]",28.535674100532994,1.163657555465214
"[0.3602706811586119, 0.6567643134019799, -0.8855410380201667, 0.528465273214548]",28.53569834913008,1.1637203879466105
"[0.36026313597801596, 0.6567632872865458, -0.8855408096008848, 0.5284663432034065]",28.5357225963508,1.1637832204280072
"[0.36025559139912483, 0.6567622613808208, -0.8855405812932348, 0.528467412957088]",28.535746849839292,1.163846052909404
"[0.3602480468406126, 0.6567612356057364, -0.885540353079614, 0.5284684825580398]",28.535771098534784,1.1639088853908004
"[0.36024050239779665, 0.656760209974249, -0.8855401249629052, 0.5284695519927478]",28.535795354992622,1.163971717872197
"[0.3602329583649607, 0.6567591845263472, -0.8855398969519989, 0.5284706212195126]",28.53581960822038,1.1640345503535936
"[0.3602254138266215, 0.656758159137564, -0.8855396690192288, 0.5284716903681143]",28.535843867822575,1.1640973828349903
"[0.3602178703450341, 0.656757134020245, -0.8855394412117839, 0.5284727592171385]",28.535868126562374,1.1641602153163868
"[0.36021032599248776, 0.6567561089124043, -0.8855392134714474, 0.5284738280397456]",28.535892387714643,1.1642230477977835
"[0.3602027828925371, 0.6567550841025627, -0.8855389858623176, 0.5284748965351097]",28.53591665130883,1.1642858802791802
"[0.360195239170704, 0.656754059336043, -0.8855387583278225, 0.5284759649687607]",28.53594091410856,1.1643487127605767
"[0.36018769575133125, 0.6567530347384108, -0.8855385308958506, 0.5284770332097781]",28.53596517971282,1.1644115452419732
"[0.36018015279050164, 0.6567520103308451, -0.885538303571094, 0.5284781012360791]",28.535989448029657,1.16447437772337
"[0.3601726099727538, 0.65675098607048, -0.8855380763440376, 0.5284791690923528]",28.53601371795503,1.1645372102047666
"[0.36016506715371355, 0.6567499619377065, -0.88553784921033, 0.5284802367990397]",28.536037989841205,1.1646000426861634
"[0.360157524602131, 0.6567489379690018, -0.8855376221780609, 0.5284813043181071]",28.536062261795067,1.1646628751675598
"[0.36014998179943497, 0.6567479140939614, -0.8855373952316222, 0.5284823717229501]",28.536086537029625,1.1647257076489563
"[0.3601424397398625, 0.656746890447528, -0.885537168400922, 0.5284834388728861]",28.536110812701896,1.164788540130353
"[0.36013489767960444, 0.656745866928725, -0.8855369416635771, 0.5284845058731823]",28.536135090698703,1.1648513726117495
"[0.36012735582195093, 0.6567448435651333, -0.8855367150256965, 0.5284855726950821]",28.53615937353298,1.1649142050931462
"[0.36011981373468827, 0.6567438202980981, -0.8855364884742946, 0.5284866393997274]",28.53618365360504,1.164977037574543
"[0.36011227215826835, 0.6567427972280862, -0.8855362620316095, 0.528487705882382]",28.536207937819558,1.1650398700559395
"[0.36010473052341524, 0.6567417742778316, -0.8855360356805411, 0.5284887722235903]",28.536232222717523,1.1651027025373362
"[0.36009718946069413, 0.6567407515328292, -0.8855358094400083, 0.528489838334231]",28.53625651011569,1.1651655350187327
"[0.36008964795353093, 0.6567397288552506, -0.8855355832795105, 0.5284909043579673]",28.536280798960004,1.1652283675001291
"[0.36008210669494584, 0.6567387063390449, -0.8855353572198363, 0.5284919701968664]",28.536305086862445,1.1652911999815259
"[0.36007456630913987, 0.6567376840688242, -0.8855351312796782, 0.5284930357627305]",28.53632938212827,1.1653540324629226
"[0.3600670252904998, 0.6567366618404568, -0.8855349054139188, 0.5284941012683334]",28.53635367493925,1.165416864944319
"[0.36005948543529154, 0.6567356398974148, -0.8855346796763512, 0.5284951664598934]",28.536377971761343,1.1654796974257158
"[0.3600519447413197, 0.6567346179683199, -0.8855344540070265, 0.5284962316202704]",28.53640226798078,1.1655425299071123
"[0.3600444044822362, 0.6567335962257698, -0.8855342284440704, 0.5284972965695609]",28.53642656528649,1.1656053623885088
"[0.3600368644115131, 0.6567325746363534, -0.8855340029800981, 0.5284983613425857]",28.536450868654967,1.1656681948699055
"[0.3600293247699363, 0.6567315532326702, -0.8855337776223, 0.5284994259053655]",28.536475170515057,1.1657310273513022
"[0.36002178511856764, 0.6567305319552427, -0.8855335523575502, 0.5285004903198887]",28.536499475042657,1.165793859832699
"[0.36001424525220715, 0.6567295107762753, -0.8855333271797236, 0.52850155461512]",28.53652378214841,1.1658566923140954
"[0.360006705697998, 0.6567284897671576, -0.8855331021045633, 0.528502618716652]",28.53654808794171,1.1659195247954919
"[0.35999916668947424, 0.6567274689594904, -0.8855328771390262, 0.5285036825915491]",28.53657239878981,1.1659823572768886
"[0.3599916278502037, 0.6567264483022779, -0.8855326522718684, 0.5285047462929572]",28.536596710519635,1.166045189758285
"[0.3599840886116564, 0.6567254277185535, -0.8855324274861377, 0.5285058099010835]",28.536621023786697,1.1661080222396818
"[0.35997654987654804, 0.6567244073305106, -0.885532202808748, 0.5285068732885801]",28.53664533600154,1.1661708547210785
"[0.35996901122706665, 0.6567233870815763, -0.8855319782272387, 0.5285079365144018]",28.536669652945804,1.166233687202475
"[0.3599614730265604, 0.6567223670209084, -0.8855317537524259, 0.5285089995273177]",28.536693972427408,1.1662965196838717
"[0.3599539346449686, 0.6567213470632465, -0.8855315293655435, 0.5285100624161743]",28.536718292218684,1.1663593521652682
"[0.359946396888137, 0.6567203273175792, -0.8855313050905722, 0.5285111250673962]",28.536742614136134,1.1664221846466647
"[0.35993885907374, 0.6567193076916075, -0.885531080907201, 0.5285121875771603]",28.53676693995053,1.1664850171280616
"[0.35993132127430666, 0.6567182881951307, -0.8855308568175906, 0.5285132499352526]",28.53679126292178,1.1665478496094581
"[0.35992378378253614, 0.6567172688677239, -0.8855306328304368, 0.528514312100431]",28.53681559237603,1.1666106820908546
"[0.35991624637223857, 0.6567162496787847, -0.8855304089390131, 0.5285153741045809]",28.53683991953739,1.1666735145722513
"[0.3599087086547883, 0.6567152305757661, -0.8855301851317818, 0.5285164360024528]",28.5368642475858,1.1667363470536478
"[0.35990117173436403, 0.656714211707937, -0.88552996144152, 0.5285174976385068]",28.536888585309786,1.1667991795350445
"[0.35989363466638635, 0.6567131929475895, -0.8855297378401827, 0.5285185591458091]",28.536912912839526,1.1668620120164412
"[0.35988609767220675, 0.6567121743246268, -0.8855295143343404, 0.528519620493199]",28.536937247394132,1.1669248444978377
"[0.3598785615532697, 0.6567111559473504, -0.8855292909477426, 0.5285206815678307]",28.5369615869653,1.1669876769792344
"[0.3598710251469715, 0.6567101376586302, -0.8855290676459184, 0.5285217425334204]",28.536985927081226,1.167050509460631
"[0.35986348872710283, 0.6567091194954635, -0.8855288444369882, 0.5285228033514148]",28.537010268319342,1.1671133419420274
"[0.35985595208331156, 0.6567081014294343, -0.8855286213147269, 0.5285238640514163]",28.53703461075538,1.1671761744234241
"[0.3598484166161981, 0.6567070836497104, -0.8855283983205833, 0.5285249244363339]",28.53705895220353,1.1672390069048209
"[0.35984088077371784, 0.6567060659466395, -0.885528175408616, 0.5285259847245951]",28.53708330058961,1.1673018393862173
"[0.35983334502731523, 0.656705048383893, -0.8855279525927757, 0.5285270448498591]",28.537107646494253,1.167364671867614
"[0.35982580929827973, 0.6567040309508356, -0.8855277298707362, 0.5285281048232028]",28.53713199522334,1.1674275043490105
"[0.359818273985838, 0.6567030137013533, -0.8855275072542892, 0.5285291645884845]",28.53715634982046,1.1674903368304073
"[0.3598107391795547, 0.6567019966475097, -0.8855272847460661, 0.528530224133135]",28.53718070286669,1.1675531693118038
"[0.3598032045625366, 0.6567009797465103, -0.8855270623366972, 0.5285312835017356]",28.53720505375127,1.1676160017932005
"[0.35979566878872143, 0.6566999628167027, -0.8855268399864689, 0.5285323428835175]",28.537229411137155,1.1676788342745972
"[0.359788134228549, 0.6566989461779664, -0.885526617765323, 0.5285334019452439]",28.537253769627824,1.1677416667559937
"[0.3597806000448482, 0.6566979297172996, -0.8855263956485409, 0.5285344608046335]",28.53727813180046,1.1678044992373902
"[0.3597730652812744, 0.6566969133056811, -0.8855261736079344, 0.5285355195960837]",28.537302493407225,1.1678673317187869
"[0.3597655310122145, 0.6566958970880292, -0.885525951675167, 0.5285365781686313]",28.53732685559518,1.1679301642001834
"[0.35975799723419527, 0.6566948810638579, -0.8855257298501198, 0.5285376365227803]",28.53735122415078,1.16799299668158
"[0.3597504634905716, 0.6566938651715629, -0.8855255081193393, 0.5285386947226998]",28.537375586327574,1.1680558291629768
"[0.359742929722169, 0.6566928494031585, -0.8855252864810853, 0.5285397527767044]",28.53739995860459,1.1681186616443733
"[0.3597353962243843, 0.6566918337984635, -0.8855250649440455, 0.528540810643314]",28.537424326644935,1.16818149412577
"[0.35972786264632045, 0.6566908183101644, -0.8855248434978987, 0.5285418683718078]",28.537448699292764,1.1682443266071665
"[0.35972032958456224, 0.6566898030186619, -0.885524622160175, 0.5285429258784389]",28.53747307106206,1.168307159088563
"[0.35971279629535297, 0.6566887878237028, -0.8855244009090173, 0.5285439832676249]",28.537497447476117,1.1683699915699597
"[0.3597052637168424, 0.6566877728516969, -0.8855241797719722, 0.5285450404077005]",28.537521826607335,1.1684328240513564
"[0.3596977307576058, 0.6566867579555693, -0.8855239587169929, 0.5285460974518476]",28.53754620240637,1.1684956565327531
"[0.3596901982281433, 0.6566857432445105, -0.8855237377678649, 0.5285471542863373]",28.537570584959767,1.1685584890141496
"[0.35968266574952373, 0.6566847286674581, -0.8855235169134655, 0.5285482109643496]",28.537594968669755,1.168621321495546
"[0.359675133085312, 0.6566837141925663, -0.8855232961468662, 0.5285492675190476]",28.537619347422375,1.1686841539769428
"[0.3596676014463739, 0.6566826999828977, -0.8855230755035417, 0.528550323780602]",28.537643737539703,1.1687469864583395
"[0.3596600696244106, 0.65668168587568, -0.8855228549480806, 0.5285513799185368]",28.537668123714198,1.168809818939736
"[0.3596525374304056, 0.6566806718455068, -0.8855226344749586, 0.5285524359593025]",28.537692514786407,1.1688726514211327
"[0.3596450058793274, 0.6566796580290017, -0.8855224141138819, 0.5285534917606124]",28.537716905305547,1.1689354839025292
"[0.3596374748947465, 0.6566786444158403, -0.8855221938625935, 0.5285545473332192]",28.537741300831378,1.168998316383926
"[0.3596299432978278, 0.6566776308473583, -0.8855219736866192, 0.528555602842351]",28.537765689937686,1.1690611488653224
"[0.35962241210905144, 0.6566766174608901, -0.885521753615797, 0.5285566581449854]",28.537790087102124,1.1691239813467191
"[0.359614881367795, 0.6566756042617067, -0.8855215336512636, 0.5285577132356329]",28.5378144838066,1.1691868138281158
"[0.3596073503868953, 0.6566745911573343, -0.8855213137729453, 0.5285587682105881]",28.537838887456854,1.1692496463095123
"[0.3595998196154108, 0.6566735782081935, -0.8855210939939553, 0.5285598230069284]",28.537863286665505,1.1693124787909088
"[0.35959228941782856, 0.6566725654632881, -0.8855208743249174, 0.5285608775736237]",28.53788768786576,1.1693753112723055
"[0.3595847590561019, 0.656671552823339, -0.8855206547442961, 0.5285619320140512]",28.537912096283243,1.169438143753702
"[0.3595772289390102, 0.6566705403433102, -0.8855204352640108, 0.5285629862709735]",28.537936502786454,1.1695009762350987
"[0.35956969875852124, 0.6566695279817759, -0.8855202158750821, 0.5285640403875232]",28.537960910110975,1.1695638087164955
"[0.3595621691173405, 0.6566685158197485, -0.8855199965950624, 0.5285650942793437]",28.53798531944681,1.169626641197892
"[0.3595546393926036, 0.6566675037734843, -0.8855197774058051, 0.5285661480336289]",28.53800973088832,1.1696894736792887
"[0.35954710982875193, 0.6566664918758343, -0.8855195583144262, 0.52856720161617]",28.538034147836417,1.1697523061606852
"[0.3595395804244564, 0.6566654801266141, -0.8855193393208827, 0.5285682550271554]",28.53805856138711,1.1698151386420816
"[0.35953205169147323, 0.6566644685945338, -0.8855191204400454, 0.5285693081950485]",28.538082977048422,1.1698779711234784
"[0.35952452269505547, 0.6566634571540251, -0.8855189016447329, 0.5285703612505789]",28.538107396110757,1.169940803604875
"[0.359516993165093, 0.6566624457688047, -0.8855186829271119, 0.5285714142315173]",28.538131814219387,1.1700036360862716
"[0.3595094649587066, 0.6566614346883033, -0.8855184643411149, 0.5285724668781742]",28.53815624023113,1.1700664685676683
"[0.3595019362506541, 0.6566604236673539, -0.8855182458337313, 0.5285735194457936]",28.53818066308349,1.1701293010490648
"[0.35949440766021673, 0.6566594127891372, -0.8855180274229435, 0.5285745718477702]",28.538205085880087,1.1701921335304615
"[0.35948687955952774, 0.6566584021035714, -0.8855178091195378, 0.5285756240321371]",28.53822951482452,1.170254966011858
"[0.35947935160310546, 0.6566573915642735, -0.885517590913485, 0.5285766760471774]",28.538253945441834,1.1703177984932547
"[0.35947182375964654, 0.656656381167033, -0.8855173728038755, 0.5285777278972708]",28.53827837378921,1.1703806309746514
"[0.3594642960301547, 0.6566553709119745, -0.8855171547907352, 0.5285787795822848]",28.538302808055636,1.1704434634560479
"[0.35945676826946127, 0.6566543607796005, -0.8855169368698599, 0.5285798311225138]",28.538327243928833,1.1705062959374444
"[0.359449241358823, 0.6566533508881476, -0.8855167190667476, 0.5285808823948724]",28.53835167929474,1.170569128418841
"[0.3594417137505639, 0.6566523410299541, -0.8855165013366126, 0.5285819336155276]",28.538376116088664,1.1706319609002376
"[0.3594341865319348, 0.6566513313508807, -0.8855162837109103, 0.5285829846326404]",28.53840055706835,1.1706947933816345
"[0.3594266597144764, 0.6566503218524562, -0.8855160661899614, 0.5285840354446165]",28.5384249961882,1.170757625863031
"[0.3594191324165552, 0.6566493124164294, -0.8855158487482898, 0.5285850861745437]",28.53844943733809,1.1708204583444275
"[0.35941160604292866, 0.6566483032311595, -0.8855156314264683, 0.528586136626356]",28.53847388465391,1.1708832908258242
"[0.35940407968280147, 0.6566472941745081, -0.8855154141981824, 0.528587186927183]",28.538498330922515,1.1709461233072207
"[0.3593965533937078, 0.6566462852541763, -0.8855151970650925, 0.5285882370690059]",28.538522777656155,1.1710089557886174
"[0.35938902733758105, 0.6566452764918761, -0.8855149800318662, 0.5285892870292215]",28.53854722680427,1.1710717882700141
"[0.3593815010375612, 0.656644267823645, -0.8855147630847546, 0.5285903368744048]",28.538571679658048,1.1711346207514106
"[0.3593739755858675, 0.656643259395878, -0.885514546255231, 0.5285913864521787]",28.538596132768948,1.171197453232807
"[0.3593664502330246, 0.6566422511081086, -0.8855143295216846, 0.5285924358671092]",28.538620587435176,1.1712602857142038
"[0.3593589244319965, 0.6566412428870452, -0.885514112868369, 0.5285934851954729]",28.53864504642525,1.1713231181956003
"[0.35935139889926715, 0.6566402348286746, -0.8855138963159157, 0.5285945343373643]",28.538669504226743,1.171385950676997
"[0.3593438742188234, 0.6566392270111896, -0.8855136798811092, 0.5285955832114042]",28.53869396668344,1.1714487831583937
"[0.35933634894065203, 0.6566382192403732, -0.8855134635222398, 0.5285966320197182]",28.53871842256503,1.1715116156397902
"[0.35932882409924094, 0.6566372116547621, -0.8855132472690544, 0.528597680618124]",28.538742888204954,1.171574448121187
"[0.35932129981437105, 0.6566362042703655, -0.8855130311249791, 0.5285987289899597]",28.538767354213558,1.1716372806025834
"[0.35931377501090284, 0.6566351969432344, -0.8855128150591294, 0.5285997772850279]",28.53879182110184,1.17170011308398
"[0.35930625061702903, 0.6566341897976224, -0.8855125990981613, 0.5286008253740168]",28.538816289166476,1.1717629455653766
"[0.35929872673522106, 0.6566331828472174, -0.8855123832450001, 0.5286018732426815]",28.5388407619272,1.1718257780467733
"[0.35929120221259997, 0.6566321759377254, -0.8855121674665752, 0.5286029210515815]",28.538865233234176,1.17188861052817
"[0.35928367868280875, 0.6566311692877442, -0.8855119518097284, 0.5286039685732368]",28.538889706472457,1.1719514430095666
"[0.35927615448503747, 0.6566301626750405, -0.8855117362268501, 0.5286050160389012]",28.53891418302219,1.172014275490963
"[0.3592686307940726, 0.6566291562567858, -0.8855115207516047, 0.5286060632850197]",28.538938661097408,1.1720771079723598
"[0.3592611076262262, 0.6566281500351298, -0.8855113053844409, 0.5286071103093549]",28.53896313914451,1.1721399404537562
"[0.3592535846033047, 0.6566271439594669, -0.8855110901145226, 0.5286081571645633]",28.538987617959133,1.172202772935153
"[0.35924606152021643, 0.6566261380023665, -0.8855108749359805, 0.5286092038791831]",28.53901210477425,1.1722656054165497
"[0.3592385386190279, 0.6566251321961891, -0.8855106598557378, 0.5286102504195394]",28.539036587640535,1.1723284378979462
"[0.35923101598253304, 0.6566241265519873, -0.8855104448761546, 0.5286112967741294]",28.539061075088256,1.1723912703793429
"[0.35922349342944554, 0.6566231210455152, -0.885510229992046, 0.5286123429681777]",28.539085561733497,1.1724541028607394
"[0.3592159708936844, 0.6566221156679332, -0.8855100152015234, 0.5286133890108785]",28.53911005298141,1.1725169353421359
"[0.35920844885637654, 0.6566211104835263, -0.8855098005183163, 0.5286144348353438]",28.53913454402594,1.1725797678235328
"[0.35920092648692514, 0.6566201053812908, -0.8855095859187183, 0.5286154805570619]",28.53915903503719,1.1726426003049293
"[0.35919340467410027, 0.6566191004799736, -0.8855093714280814, 0.5286165260524841]",28.539183528055446,1.1727054327863258
"[0.3591858824435207, 0.6566180956493995, -0.8855091570186192, 0.5286175714570388]",28.53920802567166,1.1727682652677225
"[0.35917836111749923, 0.6566170910661546, -0.8855089427280152, 0.528618616587012]",28.5392325261928,1.172831097749119
"[0.3591708396974373, 0.656616086596869, -0.885508728527804, 0.5286196615811519]",28.539257024882627,1.1728939302305157
"[0.35916331824138925, 0.6566150822492897, -0.8855085144196442, 0.5286207064313942]",28.539281526442494,1.1729567627119124
"[0.3591557970336384, 0.6566140780613651, -0.8855083004116248, 0.528621751098258]",28.53930603054235,1.173019595193309
"[0.3591482762067768, 0.6566130740507784, -0.885508086507509, 0.5286227955633451]",28.53933053618879,1.1730824276747056
"[0.3591407556777338, 0.6566120702064181, -0.8855078727049231, 0.5286238398382134]",28.539355041636053,1.173145260156102
"[0.35913323481752857, 0.6566110664443245, -0.8855076589859874, 0.5286248840102001]",28.53937955135044,1.1732080926374986
"[0.35912571430764223, 0.6566100628554469, -0.88550744537007, 0.5286259279846901]",28.539404061073608,1.1732709251188953
"[0.35911819412656604, 0.6566090594368931, -0.8855072318565473, 0.5286269717646905]",28.539428572551017,1.173333757600292
"[0.3591106737270093, 0.6566080561156422, -0.8855070184298812, 0.5286280154261549]",28.53945308824405,1.1733965900816885
"[0.35910315333664095, 0.6566070529220385, -0.8855068050965383, 0.5286290589375178]",28.539477602214475,1.1734594225630852
"[0.3590956339569637, 0.6566060499896801, -0.8855065918849108, 0.5286301021598073]",28.53950211926884,1.1735222550444817
"[0.35908811430139426, 0.65660504714693, -0.885506378758506, 0.5286311452715557]",28.539526636268786,1.1735850875258784
"[0.35908059431610323, 0.6566040443866201, -0.8855061657158108, 0.5286321882802131]",28.53955115704449,1.173647920007275
"[0.3590730750747148, 0.6566030418519005, -0.8855059527872353, 0.5286332310368808]",28.53957567993189,1.1737107524886716
"[0.3590655561633792, 0.6566020394875669, -0.8855057399610416, 0.5286342735989772]",28.539600203069725,1.1737735849700683
"[0.35905803712097595, 0.6566010372321219, -0.885505527224176, 0.5286353160304638]",28.539624729058257,1.1738364174514648
"[0.35905051807392746, 0.6566000351024331, -0.8855053145802189, 0.5286363583137913]",28.539649259451732,1.1738992499328613
"[0.3590429991982327, 0.6565990331219396, -0.885505102034146, 0.5286374004245793]",28.53967378618252,1.173962082414258
"[0.35903548056447243, 0.6565980313000425, -0.8855048895879465, 0.528638442353046]",28.53969831761213,1.1740249148956545
"[0.35902796232664447, 0.6565970296572332, -0.8855046772459626, 0.5286394840778786]",28.539722849620674,1.1740877473770512
"[0.35902044399416355, 0.6565960281281402, -0.8855044649943328, 0.5286405256670622]",28.53974738601699,1.174150579858448
"[0.3590129262259771, 0.6565950268005096, -0.8855042528516545, 0.5286415670293403]",28.539771922253653,1.1742134123398444
"[0.3590054084226289, 0.6565940255945145, -0.8855040408010023, 0.5286426082477254]",28.539796459866203,1.1742762448212412
"[0.358997890034039, 0.6565930244368929, -0.8855038288268735, 0.5286436493984031]",28.539820996912194,1.1743390773026376
"[0.35899037288015045, 0.6565920235699815, -0.8855036169805701, 0.5286446902293526]",28.53984554176612,1.1744019097840341
"[0.3589828551707071, 0.6565910227553527, -0.8855034052116284, 0.5286457309885255]",28.539870085187317,1.1744647422654308
"[0.3589753384709337, 0.6565900222014149, -0.8855031935641323, 0.5286467714591878]",28.539894629489904,1.1745275747468276
"[0.35896782067236727, 0.6565890216274903, -0.8855029819787171, 0.5286478119332125]",28.53991917469696,1.174590407228224
"[0.35896030350531993, 0.6565880212638813, -0.885502770504093, 0.5286488521711069]",28.539943721905363,1.1746532397096208
"[0.35895278710314393, 0.656587021128291, -0.8855025591439862, 0.528649892154464]",28.539968274036095,1.1747160721910173
"[0.3589452704296101, 0.6565860210828258, -0.8855023478692509, 0.5286509320266691]",28.53999282372547,1.174778904672414
"[0.3589377535249187, 0.6565850211328423, -0.8855021366810283, 0.5286519717821465]",28.540017375758524,1.1748417371538107
"[0.3589302378770652, 0.6565840214762545, -0.8855019256211055, 0.528653011215103]",28.540041933227688,1.1749045696352072
"[0.35892272124356195, 0.6565830218147747, -0.8855017146265046, 0.5286540506356926]",28.540066486838683,1.1749674021166039
"[0.3589152051748185, 0.6565820223546074, -0.8855015037407552, 0.5286550898295042]",28.540091046827566,1.1750302345980004
"[0.35890768969063097, 0.6565810230983504, -0.8855012929643934, 0.528656128793836]",28.540115606206186,1.1750930670793969
"[0.3589001738508665, 0.6565800239210139, -0.8855010822710491, 0.52865716765864]",28.540140169362726,1.1751558995607936
"[0.3588926580566704, 0.6565790248758736, -0.8855008716719762, 0.5286582063685255]",28.540164732732194,1.1752187320421903
"[0.3588851428808104, 0.6565780260391022, -0.8855006611832126, 0.5286592448442874]",28.540189297690127,1.175281564523587
"[0.3588776276528418, 0.6565770273215535, -0.8855004507859713, 0.5286602831786101]",28.54021386704524,1.1753443970049835
"[0.358870112644131, 0.6565760287592818, -0.8855002404878484, 0.5286613213340057]",28.540238434411872,1.17540722948638
"[0.35886259797155146, 0.6565750303677989, -0.8855000302921051, 0.5286623592943454]",28.540263003914802,1.1754700619677767
"[0.35885508317563886, 0.6565740320860523, -0.885499820185888, 0.5286633971230977]",28.540287578436512,1.1755328944491732
"[0.3588475686042589, 0.6565730339602454, -0.8854996101789219, 0.5286644347722257]",28.54031214887587,1.17559572693057
"[0.35884005409993086, 0.6565720359694608, -0.8854994002668024, 0.5286654722634707]",28.540336727557097,1.1756585594119666
"[0.358832539552187, 0.656571038099002, -0.885499190446445, 0.5286665096121097]",28.540361304460824,1.175721391893363
"[0.35882502563061824, 0.6565700404377676, -0.8854989807365368, 0.5286675467257249]",28.540385883231703,1.1757842243747598
"[0.3588175118427768, 0.6565690429203708, -0.8854987711233206, 0.5286685836722845]",28.540410462964505,1.1758470568561563
"[0.35880999821714726, 0.6565680455505669, -0.8854985616075877, 0.5286696204478845]",28.540435047132842,1.1759098893375528
"[0.35880248418924243, 0.6565670482534295, -0.8854983521736034, 0.528670657130406]",28.540459631780283,1.1759727218189495
"[0.3587949710910599, 0.6565660512057322, -0.8854981428584855, 0.5286716935360921]",28.54048421598233,1.1760355543003462
"[0.3587874577317314, 0.656565054249416, -0.8854979336290452, 0.5286727298292394]",28.540508803222902,1.1760983867817427
"[0.3587799445104643, 0.6565640574374499, -0.885497724496404, 0.528673765954785]",28.540533394481173,1.1761612192631394
"[0.35877243154404104, 0.6565630607853314, -0.885497515463806, 0.5286748018966151]",28.540557984000152,1.176224051744536
"[0.3587649187211256, 0.6565620642782283, -0.8854973065281486, 0.5286758376701503]",28.540582579273998,1.1762868842259326
"[0.3587574063701087, 0.6565610679597371, -0.8854970976985546, 0.5286768732300666]",28.540607175157024,1.1763497167073291
"[0.3587498935081714, 0.6565600716994643, -0.8854968889477051, 0.5286779087118959]",28.54063176904123,1.1764125491887258
"[0.3587423811261918, 0.656559075628835, -0.8854966803031349, 0.5286789439790306]",28.540656367283106,1.1764753816701226
"[0.35873486918201836, 0.6565580797422179, -0.8854964717636582, 0.5286799790373243]",28.540680965118362,1.176538214151519
"[0.35872735662774474, 0.6565570839006984, -0.8854962633001882, 0.5286810140311506]",28.54070556902756,1.1766010466329155
"[0.35871984551797703, 0.6565560883765911, -0.8854960549697242, 0.528682048677489]",28.540730171451948,1.1766638791143122
"[0.3587123337661812, 0.6565550928933331, -0.8854958467143798, 0.5286830832637681]",28.540754777697558,1.1767267115957087
"[0.35870482228721157, 0.656554097572165, -0.8854956385595266, 0.5286841176639806]",28.540779383874728,1.1767895440771055
"[0.3586973104998285, 0.6565531023360659, -0.8854954304890602, 0.5286851519581666]",28.540803991669378,1.1768523765585022
"[0.35868979936291834, 0.6565521073120717, -0.8854952225295358, 0.5286861860143021]",28.540828599408588,1.1769152090398987
"[0.358682288473815, 0.6565511124467971, -0.8854950146697903, 0.5286872198878669]",28.540853212500707,1.1769780415212954
"[0.35867477794650937, 0.6565501177553378, -0.885494806912968, 0.5286882535631704]",28.54087782691095,1.1770408740026919
"[0.35866726700602664, 0.656549123135049, -0.8854945992376347, 0.5286892871468764]",28.540902443106276,1.1771037064840886
"[0.3586597564252129, 0.6565481286882688, -0.8854943916651615, 0.5286903205326333]",28.540927058778276,1.1771665389654853
"[0.35865224553976793, 0.6565471343270375, -0.8854941841771896, 0.5286913538118421]",28.54095167654692,1.1772293714468818
"[0.3586447357226229, 0.6565461402330909, -0.8854939768116332, 0.5286923867956521]",28.540976298776798,1.1772922039282783
"[0.3586372255430559, 0.6565451462170255, -0.8854937695289753, 0.5286934196808746]",28.541000922421706,1.177355036409675
"[0.35862971596241394, 0.6565441524060517, -0.8854935623557464, 0.5286944523353241]",28.54102554346939,1.1774178688910715
"[0.35862220604145234, 0.6565431586758818, -0.8854933552660312, 0.5286954848881406]",28.541050172461176,1.1774807013724682
"[0.358614696357123, 0.6565421651028494, -0.8854931482757433, 0.5286965172600048]",28.541074797152962,1.177543533853865
"[0.3586071868030357, 0.6565411716728671, -0.8854929413819451, 0.5286975494655513]",28.54109942723147,1.1776063663352614
"[0.35859967730616277, 0.6565401783762639, -0.8854927345826223, 0.5286985815148257]",28.541124055417566,1.177669198816658
"[0.3585921682569551, 0.6565391852646694, -0.8854925278885198, 0.528699613354182]",28.541148690409166,1.1777320312980546
"[0.35858465901327063, 0.6565381922531472, -0.885492321281959, 0.5287006450718653]",28.5411733227068,1.177794863779451
"[0.35857715052563527, 0.6565371994673752, -0.885492114789083, 0.5287016765372977]",28.54119796201935,1.1778576962608478
"[0.35856964216909826, 0.6565362068246947, -0.8854919083926905, 0.5287027078363568]",28.541222597910096,1.1779205287422445
"[0.35856213366783635, 0.6565352142886368, -0.8854917020852009, 0.5287037390069279]",28.54124723899136,1.1779833612236412
"[0.3585546251055867, 0.6565342218702727, -0.8854914958689205, 0.5287047700375044]",28.54127187915896,1.1780461937050377
"[0.35854711680929996, 0.6565332296128068, -0.8854912897528265, 0.5287058008831973]",28.541296516568867,1.1781090261864342
"[0.3585396083016978, 0.656532237453156, -0.8854910837238178, 0.5287068316095399]",28.54132116498978,1.178171858667831
"[0.3585321008560559, 0.6565312455595466, -0.8854908778168169, 0.5287078620417653]",28.541345815504368,1.1782346911492274
"[0.3585245932655884, 0.656530253772526, -0.8854906719987107, 0.5287088923455188]",28.541370456033572,1.1782975236306241
"[0.3585170859239881, 0.6565292621440455, -0.8854904662802919, 0.528709922466834]",28.541395111292722,1.1783603561120208
"[0.3585095780555803, 0.6565282705717008, -0.8854902606403112, 0.5287109525120794]",28.54141976140816,1.1784231885934173
"[0.3585020715152578, 0.6565272793004373, -0.8854900551295616, 0.5287119822268055]",28.541444413843635,1.1784860210748138
"[0.3584945642095825, 0.6565262880537662, -0.8854898496907206, 0.5287130118982244]",28.541469066941364,1.1785488535562105
"[0.35848705756487403, 0.6565252970200356, -0.8854896443628231, 0.5287140413306808]",28.541493727502623,1.178611686037607
"[0.3584795506768725, 0.656524306079842, -0.8854894391211288, 0.5287150706482024]",28.541518384782943,1.1786745185190037
"[0.35847204326162074, 0.6565233151957206, -0.8854892339578904, 0.5287160998896985]",28.541543042052883,1.1787373510004004
"[0.358464537212296, 0.6565223246175189, -0.8854890289248307, 0.5287171287956485]",28.54156770352501,1.178800183481797
"[0.35845703101972015, 0.6565213341460372, -0.885488823980704, 0.5287181575729604]",28.541592367868837,1.1788630159631937
"[0.3584495246343354, 0.6565203437747579, -0.8854886191241649, 0.5287191862283965]",28.541617033913102,1.1789258484445901
"[0.3584420192220945, 0.6565193536574316, -0.8854884143870214, 0.5287202146022684]",28.5416417011284,1.1789886809259866
"[0.3584345132049654, 0.6565183635859347, -0.885488209726221, 0.5287212429107312]",28.541666369239937,1.1790515134073836
"[0.35842700776629305, 0.6565173737163191, -0.8854880051740309, 0.5287222709917057]",28.54169103987113,1.17911434588878
"[0.3584195021734064, 0.656516383951953, -0.8854878007104777, 0.5287232989455504]",28.54171570803637,1.1791771783701768
"[0.3584119965663126, 0.6565153943112949, -0.8854875963393787, 0.5287243267530904]",28.541740383563578,1.1792400108515733
"[0.358404491763042, 0.6565144049021812, -0.8854873920829961, 0.5287253543023293]",28.541765060347043,1.1793028433329698
"[0.3583969868729533, 0.656513415607171, -0.8854871879170774, 0.5287263817152339]",28.541789737843303,1.1793656758143665
"[0.35838948171357876, 0.6565124264022163, -0.8854869838366671, 0.5287274090167734]",28.54181441486781,1.1794285082957632
"[0.3583819772585349, 0.6565114374156279, -0.885486779868233, 0.528728436073693]",28.54183909612823,1.1794913407771597
"[0.3583744729190841, 0.6565104485697945, -0.8854865759957601, 0.5287294629665904]",28.541863776475438,1.1795541732585564
"[0.35836696814792024, 0.6565094597926099, -0.8854863722043869, 0.5287304897703404]",28.541888462704335,1.1796170057399529
"[0.3583594643532598, 0.6565084712695638, -0.8854861685323442, 0.5287315162923214]",28.54191314710028,1.1796798382213496
"[0.3583519598942546, 0.6565074827845229, -0.885485964935092, 0.5287325427569671]",28.541937833921605,1.179742670702746
"[0.35834445637309703, 0.656506494548489, -0.8854857614560937, 0.5287335689451694]",28.541962522567196,1.1798055031841428
"[0.3583369522452049, 0.6565055063580364, -0.8854855580534599, 0.5287345950681613]",28.541987214454664,1.1798683356655395
"[0.35832944886423695, 0.6565045183914153, -0.8854853547638802, 0.5287356209408481]",28.54201190750253,1.179931168146936
"[0.35832194586782384, 0.6565035306008918, -0.8854851515775177, 0.5287366466127928]",28.54203660027409,1.1799940006283325
"[0.3583144426749635, 0.6565025429099279, -0.8854849484786372, 0.5287376721634703]",28.542061297702983,1.1800568331097292
"[0.35830693946813874, 0.6565015553425856, -0.8854847454721831, 0.528738697567887]",28.542085996169973,1.1801196655911257
"[0.3582994362593757, 0.6565005679004319, -0.8854845425584823, 0.5287397228244137]",28.54211069517326,1.1801824980725224
"[0.3582919333837435, 0.6564995806275458, -0.8854843397465928, 0.5287407478872804]",28.54213539652879,1.1802453305539191
"[0.3582844307158838, 0.6564985935074207, -0.885484137033116, 0.5287417727736233]",28.542160097712593,1.1803081630353156
"[0.35827692855866206, 0.6564976065798785, -0.8854839344262248, 0.528742797442096]",28.542184803853242,1.1803709955167123
"[0.358269425949967, 0.656496619718348, -0.8854837318999351, 0.528743822024106]",28.542209508617173,1.1804338279981088
"[0.3582619240789766, 0.6564956330792355, -0.8854835294863447, 0.5287448463572657]",28.54223421623297,1.1804966604795053
"[0.35825442187047774, 0.6564946465211179, -0.8854833271564364, 0.5287458705883987]",28.542258926426626,1.180559492960902
"[0.358246920191486, 0.6564936601579994, -0.8854831249335912, 0.5287468945991445]",28.54228364076175,1.1806223254422987
"[0.3582394187102413, 0.6564926739462371, -0.8854829228088538, 0.5287479184348097]",28.542308351345504,1.1806851579236952
"[0.35823191728000814, 0.6564916878665293, -0.8854827207782672, 0.5287489421154301]",28.542333066145822,1.180747990405092
"[0.3582244154638497, 0.6564907018614448, -0.8854825188300719, 0.5287499657006215]",28.542357780551104,1.1808108228864884
"[0.3582169147176596, 0.6564897161223175, -0.8854823170034488, 0.528750988991756]",28.542382501535627,1.1808736553678851
"[0.35820941330582884, 0.6564887304210427, -0.8854821152516915, 0.5287520122256253]",28.54240721965343,1.1809364878492818
"[0.3582019125511734, 0.6564877449314374, -0.8854819136103786, 0.5287530352217903]",28.542431944965124,1.1809993203306783
"[0.35819441207460945, 0.6564867596036676, -0.885481712069304, 0.5287540580319811]",28.542456666393182,1.181062152812075
"[0.358186911468434, 0.6564857743841715, -0.8854815106175106, 0.5287550807117928]",28.54248138873798,1.1811249852934715
"[0.3581794113808241, 0.6564847893580603, -0.8854813092724023, 0.5287561031728774]",28.54250611890505,1.181187817774868
"[0.35817191089559614, 0.6564838044050151, -0.8854811080093827, 0.5287571255401211]",28.54253084550986,1.1812506502562647
"[0.3581644109741812, 0.656482819651275, -0.8854809068542477, 0.5287581476824871]",28.542555574817246,1.1813134827376615
"[0.35815691098796276, 0.6564818350142859, -0.8854807057901308, 0.5287591696856611]",28.542580309728425,1.1813763152190582
"[0.3581494114460619, 0.6564808505608745, -0.8854805048306745, 0.5287601914802785]",28.542605043441476,1.1814391477004547
"[0.3581419117009662, 0.6564798662060327, -0.8854803039585255, 0.5287612131545683]",28.542629776303563,1.1815019801818512
"[0.35813441218646846, 0.6564788820066937, -0.8854801031853033, 0.5287622346494348]",28.542654513510186,1.1815648126632479
"[0.3581269127841417, 0.6564778979472987, -0.8854799025078323, 0.5287632559810245]",28.542679254346396,1.1816276451446444
"[0.35811941373282014, 0.6564769140591757, -0.885479701932497, 0.5287642771168198]",28.54270399436198,1.181690477626041
"[0.3581119150486801, 0.6564759303444251, -0.885479501459718, 0.5287652980546401]",28.54272873643278,1.1817533101074378
"[0.35810441589415243, 0.6564749466931675, -0.8854793010671069, 0.5287663189085173]",28.54275347996411,1.1818161425888343
"[0.3580969173711486, 0.6564739632499309, -0.8854791007841075, 0.5287673395284546]",28.542778226082792,1.181878975070231
"[0.3580894191327839, 0.6564729799691996, -0.8854789006014391, 0.528768359961687]",28.542802973879617,1.1819418075516275
"[0.35808192074535405, 0.6564719967940783, -0.8854787005075225, 0.5287693802672575]",28.54282771988984,1.182004640033024
"[0.3580744225777142, 0.6564710137729382, -0.8854785005122003, 0.5287704003949633]",28.54285247337293,1.1820674725144207
"[0.3580669243766162, 0.656470030872564, -0.885478300608716, 0.5287714203792707]",28.542877225492347,1.1821303049958174
"[0.35805942663087204, 0.6564690481570189, -0.8854781008100949, 0.5287724401536961]",28.542901980683794,1.1821931374772139
"[0.3580519289280157, 0.6564680655722271, -0.8854779011053386, 0.5287734597743535]",28.542926733111187,1.1822559699586106
"[0.3580444316888403, 0.656467083173312, -0.8854777015056468, 0.5287744791840393]",28.542951494785267,1.182318802440007
"[0.35803693393334957, 0.6564661008318612, -0.8854775019849315, 0.5287754985159999]",28.54297625340358,1.1823816349214036
"[0.35802943678329097, 0.6564651186948511, -0.8854773025730428, 0.5287765176177188]",28.54300101437144,1.1824444674028003
"[0.358021939750232, 0.6564641366982348, -0.8854771032569784, 0.5287775365556566]",28.543025776746486,1.182507299884197
"[0.35801444259011106, 0.6564631548100788, -0.8854769040302504, 0.5287785553629402]",28.54305054215525,1.1825701323655937
"[0.3580069463217034, 0.6564621731637741, -0.8854767049199195, 0.5287795739011626]",28.54307530637559,1.1826329648469902
"[0.3579994499607864, 0.6564611916304123, -0.885476505899829, 0.5287805923040768]",28.543100074348033,1.1826957973283867
"[0.3579919531766432, 0.6564602101666979, -0.8854763069612112, 0.528781610616598]",28.54312484430167,1.1827586298097834
"[0.3579844569544537, 0.6564592289016058, -0.8854761081302076, 0.5287826287049056]",28.543149614285017,1.18282146229118
"[0.3579769607674922, 0.6564582477661635, -0.8854759093928376, 0.5287836466405592]",28.54317438700614,1.1828842947725766
"[0.35796946463801727, 0.6564572667632783, -0.8854757107496918, 0.5287846644205383]",28.543199163568524,1.1829471272539733
"[0.35796196895414184, 0.6564562859437271, -0.8854755122110468, 0.5287856819921605]",28.543223938952853,1.1830099597353698
"[0.35795447353836324, 0.6564553052842691, -0.8854753137721892, 0.5287866993795353]",28.54324871652653,1.1830727922167665
"[0.3579469779375321, 0.6564543247255886, -0.8854751154211224, 0.5287877166441987]",28.54327349520561,1.183135624698163
"[0.3579394828581338, 0.6564533443601197, -0.8854749171765364, 0.5287887336902507]",28.543298282652675,1.1831984571795597
"[0.3579319873738645, 0.6564523640666758, -0.8854747190139306, 0.5287897506434112]",28.54332306334894,1.1832612896609565
"[0.3579244926149528, 0.6564513839930736, -0.8854745209631802, 0.5287907673503313]",28.543347848445645,1.183324122142353
"[0.3579169977265576, 0.656450404027498, -0.8854743230016875, 0.5287917839270041]",28.54337263684752,1.1833869546237494
"[0.3579095032080967, 0.6564494242352472, -0.8854741251426399, 0.5287928003056888]",28.543397422846,1.1834497871051461
"[0.3579020087394827, 0.6564484445744563, -0.8854739273775803, 0.5287938165298114]",28.543422214679357,1.1835126195865426
"[0.35789451411668277, 0.6564474650184545, -0.8854737297011293, 0.5287948326270338]",28.543447006872956,1.1835754520679393
"[0.3578870198891663, 0.6564464856390478, -0.8854735321277756, 0.5287958485228682]",28.543471797090504,1.183638284549336
"[0.35787952566564946, 0.656445506385087, -0.8854733346471982, 0.5287968642703685]",28.543496591606075,1.1837011170307326
"[0.3578720317306521, 0.6564445272937385, -0.8854731372668905, 0.5287978798309803]",28.543521389703386,1.1837639495121293
"[0.35786453867270157, 0.6564435484418618, -0.8854729400023336, 0.5287988951249815]",28.54354618893602,1.1838267819935258
"[0.35785704491941545, 0.6564425696240415, -0.8854727428121302, 0.528799910365432]",28.543570989924454,1.1838896144749222
"[0.35784955161844006, 0.656441590990182, -0.8854725457264859, 0.5288009253968445]",28.54359579353867,1.183952446956319
"[0.3578420578730617, 0.6564406124231689, -0.8854723487218168, 0.5288019403406845]",28.543620595216705,1.1840152794377157
"[0.35783456498122646, 0.6564396340924737, -0.8854721518322396, 0.5288029550211795]",28.54364539973752,1.1840781119191122
"[0.3578270719250555, 0.6564386558651804, -0.8854719550309956, 0.5288039695761819]",28.543670208226626,1.1841409444005089
"[0.3578195799333143, 0.6564376779016796, -0.8854717583503424, 0.5288049838393434]",28.54369501739109,1.1842037768819054
"[0.3578120867911948, 0.6564366999128514, -0.8854715617321406, 0.528805998110513]",28.543719829655124,1.184266609363302
"[0.3578045941791339, 0.6564357221180449, -0.8854713652204967, 0.5288070121621956]",28.543744641866354,1.1843294418446986
"[0.3577971017448939, 0.656434744471266, -0.8854711688061612, 0.5288080260420909]",28.543769453311153,1.1843922743260953
"[0.35778960953991346, 0.6564337669792124, -0.8854709724904765, 0.5288090397432502]",28.54379427174744,1.184455106807492
"[0.3577821181097809, 0.6564327897130379, -0.8854707762877212, 0.5288100531918839]",28.54381908688838,1.1845179392888885
"[0.3577746263064676, 0.6564318125229697, -0.8854705801678224, 0.5288110665433066]",28.543843908839573,1.184580771770285
"[0.3577671337376694, 0.6564308353578556, -0.885470384120533, 0.5288120798505562]",28.54386872561402,1.1846436042516817
"[0.3577596428025168, 0.6564298585305656, -0.8854701882086131, 0.5288130927891901]",28.543893554276426,1.1847064367330782
"[0.35775215160102836, 0.6564288817932998, -0.885469992382348, 0.528814105616169]",28.54391837573112,1.184769269214475
"[0.35774466071534944, 0.656427905221955, -0.885469796656956, 0.5288151182527894]",28.54394320393766,1.1848321016958716
"[0.3577371692853221, 0.6564269287043971, -0.8854696010099691, 0.5288161308153204]",28.543968029421382,1.184894934177268
"[0.35772967819088625, 0.6564259523553283, -0.8854694054643723, 0.5288171431848221]",28.543992857350677,1.1849577666586648
"[0.3577221873205549, 0.6564249761602018, -0.8854692100172472, 0.5288181553763756]",28.544017689114902,1.1850205991400613
"[0.3577146970378415, 0.6564240001663607, -0.8854690146780644, 0.5288191673408916]",28.544042521089874,1.1850834316214578
"[0.3577072065480762, 0.6564230242702508, -0.8854688194260945, 0.5288201791857383]",28.544067356069558,1.1851462641028547
"[0.35769971644361104, 0.6564220485490349, -0.8854686242767762, 0.5288211908309067]",28.54409219086262,1.1852090965842512
"[0.35769222598908834, 0.6564210729069171, -0.8854684292109515, 0.5288222023757162]",28.544117032792183,1.185271929065648
"[0.3576847360860462, 0.6564200974613243, -0.8854682342520953, 0.5288232136984139]",28.544141869216695,1.1853347615470444
"[0.35767724667230827, 0.6564191222040938, -0.8854680393985722, 0.5288242248074677]",28.544166712409226,1.185397594028441
"[0.3576697566972574, 0.6564181469984517, -0.88546784462305, 0.5288252358446704]",28.544191553771114,1.1854604265098376
"[0.3576622677755109, 0.6564171720545965, -0.8854676499675096, 0.5288262465920993]",28.544216397869363,1.1855232589912343
"[0.3576547782443453, 0.6564161971560453, -0.8854674553887262, 0.5288272572741859]",28.54424124827841,1.1855860914726308
"[0.3576472890003167, 0.6564152224195134, -0.8854672609099994, 0.5288282677699246]",28.544266094113425,1.1856489239540275
"[0.35763980027710607, 0.6564142478753842, -0.8854670665373843, 0.5288292780478178]",28.544290945823878,1.185711756435424
"[0.3576323109724554, 0.6564132733802169, -0.8854668722422736, 0.5288302882565608]",28.544315795276614,1.1857745889168205
"[0.3576248225476194, 0.6564122991241365, -0.8854666780625735, 0.5288312981990582]",28.544340648065056,1.1858374213982172
"[0.3576173341187541, 0.6564113249921252, -0.8854664839753495, 0.5288323079945401]",28.544365506233333,1.185900253879614
"[0.35760984551744407, 0.6564103509622778, -0.885466289976242, 0.5288333176657092]",28.544390360371192,1.1859630863610107
"[0.3576023578598559, 0.6564093771797465, -0.8854660960941537, 0.5288343270621008]",28.54441522330501,1.1860259188424072
"[0.3575948693589997, 0.6564084034121286, -0.8854659022828123, 0.5288353364246137]",28.54444007756956,1.1860887513238036
"[0.35758738165026943, 0.6564074298720706, -0.8854657085845464, 0.5288363455328247]",28.544464941953656,1.1861515838052004
"[0.35757989356020226, 0.6564064564069951, -0.885465514968994, 0.5288373545448825]",28.54448980551772,1.1862144162865969
"[0.35757240630626164, 0.6564054831751635, -0.8854653214676272, 0.5288383632967438]",28.544514670249747,1.1862772487679936
"[0.35756491890530157, 0.6564045100487407, -0.8854651280550264, 0.5288393719209102]",28.544539535726933,1.1863400812493903
"[0.35755743167879367, 0.6564035370695234, -0.8854649347394966, 0.5288403803740546]",28.54456440646665,1.1864029137307868
"[0.3575499443223556, 0.6564025641979432, -0.8854647415131799, 0.5288413886971844]",28.54458927556978,1.1864657462121835
"[0.35754245803996343, 0.6564015915904136, -0.8854645484071312, 0.5288423967281868]",28.54461414833643,1.18652857869358
"[0.35753497058187433, 0.6564006189546491, -0.8854643553633219, 0.5288434047699878]",28.5446390272972,1.1865914111749765
"[0.35752748426691916, 0.6563996465918694, -0.8854641624415401, 0.5288444125103979]",28.544663898901224,1.1866542436563732
"[0.35751999779071686, 0.6563986743326184, -0.8854639696081543, 0.5288454201250404]",28.544688773862127,1.1867170761377699
"[0.3575125112816626, 0.6563977021935807, -0.8854637768664774, 0.5288464275966175]",28.544713654468882,1.1867799086191664
"[0.3575050253638616, 0.6563967302557755, -0.8854635842325679, 0.5288474348411637]",28.544738535751556,1.186842741100563
"[0.35749753981628263, 0.6563957584904807, -0.885463391700722, 0.5288484418884447]",28.544763418686614,1.1869055735819596
"[0.3574900533432631, 0.6563947867294991, -0.8854631992376262, 0.5288494489127583]",28.54478830069689,1.1869684060633563
"[0.3574825677515344, 0.656393815207352, -0.8854630068897305, 0.5288504556710687]",28.544813188015304,1.1870312385447528
"[0.3574750823649945, 0.6563928438362521, -0.8854628146396439, 0.5288514622543472]",28.54483807203521,1.1870940710261495
"[0.35746759684232693, 0.6563918725719098, -0.8854626224785999, 0.5288524687084853]",28.544862964349974,1.1871569035075462
"[0.35746011193170085, 0.6563909015113818, -0.8854624304257974, 0.528853474932908]",28.544887854254558,1.1872197359889427
"[0.357452626526849, 0.6563899305111405, -0.8854622384528507, 0.5288544810763364]",28.54491274423758,1.1872825684703392
"[0.35744514216178613, 0.6563889597701583, -0.8854620465990931, 0.5288554869325948]",28.54493764102204,1.187345400951736
"[0.3574376567432521, 0.6563879890169314, -0.8854618548108671, 0.5288564927830045]",28.544962536017056,1.1874082334331326
"[0.3574301723491609, 0.6563870185209324, -0.8854616631414153, 0.5288574983483464]",28.544987431997356,1.1874710659145291
"[0.3574226881795075, 0.6563860481783902, -0.8854614715702279, 0.5288585037361422]",28.545012333608053,1.1875338983959258
"[0.35741520375854285, 0.6563850779276305, -0.885461280085129, 0.528859509010288]",28.545037233607186,1.1875967308773223
"[0.35740771964568774, 0.6563841078411369, -0.8854610887004324, 0.528860514095684]",28.545062137984214,1.187659563358719
"[0.35740023619203715, 0.6563831379644233, -0.8854608974250993, 0.5288615189451699]",28.545087040984278,1.1877223958401155
"[0.35739275185307084, 0.6563821680973037, -0.885460706219658, 0.5288625237661473]",28.54511194842084,1.1877852283215122
"[0.35738526819173694, 0.6563811984423165, -0.8854605151240432, 0.528863528348773]",28.54513685546977,1.187848060802909
"[0.3573777848515948, 0.6563802289532523, -0.8854603241291362, 0.5288645327409213]",28.545161766766675,1.1879108932843054
"[0.35737030163114897, 0.6563792596039894, -0.885460133229787, 0.5288655369696517]",28.545186676805105,1.187973725765702
"[0.35736281860068914, 0.6563782904036217, -0.8854599424277854, 0.5288665410255403]",28.545211589118168,1.1880365582470986
"[0.35735533523574675, 0.6563773212842203, -0.8854597517097622, 0.5288675449789543]",28.545236502320755,1.1880993907284951
"[0.3573478523793706, 0.6563763523549537, -0.8854595610972016, 0.5288685487167986]",28.545261417518727,1.1881622232098918
"[0.3573403697669766, 0.6563753835815396, -0.885459370583351, 0.5288695522745854]",28.545286336832138,1.1882250556912886
"[0.3573328874883025, 0.6563744149755788, -0.8854591801704863, 0.5288705556402962]",28.545311260306857,1.188287888172685
"[0.35732540516104294, 0.6563734464875702, -0.8854589898488744, 0.5288715588652048]",28.545336181587874,1.1883507206540818
"[0.3573179226410528, 0.6563724780988541, -0.8854587996148547, 0.5288725619686365]",28.54536110282623,1.1884135531354783
"[0.35731044033284726, 0.6563715098617839, -0.8854586094787131, 0.5288735648963563]",28.545386026874965,1.1884763856168747
"[0.3573029586867553, 0.6563705418346044, -0.8854584194518783, 0.5288745675880324]",28.545410955701954,1.1885392180982715
"[0.3572954770480172, 0.65636957393258, -0.8854582295177086, 0.5288755701314333]",28.54543588395396,1.1886020505796682
"[0.3572879955434692, 0.656368606172111, -0.8854580396794236, 0.5288765725095682]",28.545460817374405,1.1886648830610649
"[0.3572805140398137, 0.6563676385359483, -0.8854578499336393, 0.5288775747403001]",28.54548574474801,1.1887277155424614
"[0.35727303256699305, 0.6563666710279643, -0.8854576602811166, 0.5288785768196133]",28.54551067852657,1.1887905480238579
"[0.3572655520363593, 0.6563657037659724, -0.8854574707449407, 0.5288795786254866]",28.545535614710754,1.1888533805052546
"[0.3572580703613249, 0.6563647364801931, -0.885457281272249, 0.5288805804373262]",28.545560551251132,1.188916212986651
"[0.3572505897070167, 0.6563637694505234, -0.8854570919178768, 0.5288815819652442]",28.545585488468543,1.1889790454680478
"[0.35724310940866794, 0.6563628025910073, -0.8854569026649732, 0.5288825832982613]",28.545610429442835,1.1890418779494445
"[0.3572356286117965, 0.6563618357911942, -0.885456713491924, 0.5288835845507627]",28.545635371366544,1.189104710430841
"[0.35722814856206214, 0.6563608692120625, -0.8854565244302257, 0.5288845855560302]",28.545660316289105,1.1891675429122377
"[0.3572206682217006, 0.6563599027194993, -0.8854563354536413, 0.5288855864529509]",28.54568526350651,1.1892303753936342
"[0.3572131882779371, 0.656358936402275, -0.8854561465795322, 0.5288865871495925]",28.54571020606592,1.189293207875031
"[0.3572057083985195, 0.6563579702174788, -0.8854559577995016, 0.5288875876903869]",28.54573515674697,1.1893560403564276
"[0.35719822871327617, 0.6563570041818315, -0.8854557691168226, 0.5288885880580209]",28.545760105646707,1.189418872837824
"[0.3571907491476262, 0.6563560382857214, -0.8854555805296098, 0.528889588262441]",28.54578505903917,1.1894817053192206
"[0.357183269833018, 0.6563550725461007, -0.8854553920411722, 0.5288905882860914]",28.5458100143242,1.1895445378006173
"[0.3571757905171514, 0.6563541069303828, -0.8854552036451482, 0.5288915881627129]",28.545834967799653,1.1896073702820138
"[0.3571683115119781, 0.6563531414788276, -0.8854550153493916, 0.5288925878506138]",28.545859922770838,1.1896702027634105
"[0.35716083268479726, 0.656352176174293, -0.8854548271505533, 0.5288935873675424]",28.545884887258467,1.1897330352448072
"[0.35715335375752594, 0.6563512109808762, -0.8854546390416362, 0.5288945867506706]",28.545909844726783,1.1897958677262037
"[0.35714587542017795, 0.6563502459876123, -0.8854544510399877, 0.5288955859078072]",28.545934809208514,1.1898587002076004
"[0.3571383967110394, 0.6563492810703954, -0.8854542631214283, 0.5288965849674485]",28.545959773381075,1.189921532688997
"[0.3571309186511969, 0.6563483163609567, -0.8854540753116108, 0.5288975837932]",28.54598473761897,1.1899843651703934
"[0.3571234401980531, 0.6563473517247862, -0.8854538875843478, 0.5288985825243249]",28.546009702680745,1.1900471976517901
"[0.3571159623469492, 0.6563463872902608, -0.8854536999646228, 0.5288995810279055]",28.546034677349837,1.1901100301331868
"[0.3571084842956027, 0.6563454229538965, -0.8854535124322999, 0.5289005794110796]",28.546059641399182,1.1901728626145833
"[0.35710100671134165, 0.6563444588017356, -0.8854533250041109, 0.5289015775847645]",28.546084618551838,1.19023569509598
"[0.3570935292521308, 0.6563434947896608, -0.8854531376714732, 0.5289025755946318]",28.546109589798387,1.1902985275773765
"[0.35708605239543384, 0.6563425309792055, -0.8854529504463368, 0.5289035733769775]",28.546134565334008,1.1903613600587732
"[0.35707857451908603, 0.656341567161268, -0.8854527632880904, 0.5289045711482675]",28.546159544612152,1.1904241925401697
"[0.35707109776430396, 0.6563406036118258, -0.8854525762503253, 0.5289055686227987]",28.54618452513016,1.1904870250215664
"[0.35706362074943615, 0.6563396401528054, -0.8854523892984629, 0.5289065659849124]",28.546209505099576,1.1905498575029632
"[0.3570561443121328, 0.6563386768920925, -0.885452202453444, 0.5289075631229287]",28.546234487516344,1.1906126899843597
"[0.35704866753857634, 0.6563377137119772, -0.8854520156924276, 0.5289085601586898]",28.546259473612263,1.1906755224657561
"[0.35704119103264753, 0.6563367506902467, -0.8854518290305011, 0.5289095570116709]",28.546284459359494,1.1907383549471529
"[0.3570337148460972, 0.6563357878335464, -0.8854516424689466, 0.5289105536749913]",28.546309448871174,1.1908011874285493
"[0.3570262386461743, 0.6563348250990061, -0.8854514559994568, 0.5289115501930245]",28.54633443490001,1.190864019909946
"[0.35701876310488245, 0.6563338625731394, -0.8854512696387821, 0.5289125464762199]",28.546359428561555,1.1909268523913428
"[0.35701128713161356, 0.6563329001155204, -0.8854510833597318, 0.5289135426699241]",28.546384417837327,1.1909896848727393
"[0.3570038112719674, 0.6563319377963955, -0.8854508971759075, 0.5289145387014235]",28.5464094151214,1.191052517354136
"[0.35699633609624654, 0.6563309756891408, -0.8854507111014996, 0.5289155344947718]",28.546434409265146,1.1911153498355325
"[0.35698886077783126, 0.6563300136873585, -0.8854505251159235, 0.5289165301600885]",28.546459408326065,1.191178182316929
"[0.3569813854477073, 0.656329051807901, -0.8854503392224417, 0.5289175256799284]",28.546484409534276,1.191241014798326
"[0.3569739107955044, 0.6563280901394856, -0.8854501534381924, 0.5289185209624697]",28.546509411870343,1.1913038472797224
"[0.35696643557515606, 0.6563271285217925, -0.8854499677322046, 0.5289195161736318]",28.546534413358277,1.1913666797611189
"[0.3569589610176147, 0.6563261671131592, -0.8854497821350588, 0.5289205111495432]",28.54655942232105,1.1914295122425156
"[0.35695148614000827, 0.656325205787161, -0.885449596622344, 0.5289215060210393]",28.546584423290035,1.191492344723912
"[0.35694401199978565, 0.6563242446797743, -0.8854494112202981, 0.5289225006473971]",28.546609431945065,1.1915551772053088
"[0.3569365381430065, 0.6563232837325954, -0.8854492259176436, 0.5289234950890574]",28.54663444487346,1.1916180096867055
"[0.3569290638364609, 0.6563223228513584, -0.8854490406962062, 0.5289244894435664]",28.54665945776976,1.191680842168102
"[0.35692158990364087, 0.6563213621419244, -0.8854488555763959, 0.5289254836013716]",28.54668446906493,1.1917436746494987
"[0.35691411616053087, 0.6563204015806247, -0.8854486705536454, 0.5289264775869635]",28.54670948425876,1.1918065071308952
"[0.35690664275100176, 0.656319441185928, -0.8854484856315092, 0.5289274713812292]",28.546734501607247,1.1918693396122917
"[0.35689916925849496, 0.6563184809042975, -0.8854483007996757, 0.5289284650395646]",28.54675952045691,1.1919321720936884
"[0.3568916961895063, 0.656317520800802, -0.8854481160706675, 0.5289294584946361]",28.546784539972094,1.1919950045750851
"[0.35688422305442075, 0.6563165608125214, -0.8854479314323759, 0.5289304518115475]",28.54680956198253,1.1920578370564818
"[0.3568767498704688, 0.6563156009416737, -0.8854477468852306, 0.5289314449879989]",28.546834585158145,1.1921206695378783
"[0.3568692772573071, 0.6563146412678271, -0.885447562444525, 0.5289324379416599]",28.546859608827397,1.1921835020192748
"[0.3568618045336039, 0.6563136817034642, -0.8854473780934364, 0.5289334307630812]",28.54688463622461,1.1922463345006715
"[0.3568543317240826, 0.6563127222517667, -0.8854471938325789, 0.5289344234489648]",28.546909666250517,1.192309166982068
"[0.3568468593620557, 0.6563117629811933, -0.8854470096750976, 0.5289354159284788]",28.54693469525755,1.1923719994634647
"[0.3568393873305495, 0.6563108038767044, -0.8854468256180968, 0.5289364082171826]",28.546959729314306,1.1924348319448614
"[0.3568319153130288, 0.6563098448976541, -0.8854466416537748, 0.5289374003571259]",28.54698476400312,1.192497664426258
"[0.35682444350727555, 0.656308886069421, -0.8854464577869978, 0.5289383923220493]",28.547009795946874,1.1925604969076546
"[0.3568169719341465, 0.6563079273946647, -0.8854462740182728, 0.5289393841091992]",28.547034834324283,1.1926233293890511
"[0.3568095004114587, 0.6563069688499995, -0.8854460903431146, 0.5289403757427663]",28.547059872744626,1.1926861618704476
"[0.35680202870048594, 0.656306010404797, -0.8854459067556593, 0.5289413672544316]",28.547084912395057,1.1927489943518443
"[0.35679455731844856, 0.6563050521253996, -0.8854457232686136, 0.5289423585755606]",28.54710995518046,1.192811826833241
"[0.3567870866030539, 0.6563040940550865, -0.8854455398902548, 0.5289433496613823]",28.54713499954783,1.1928746593146375
"[0.3567796156169477, 0.656303136073651, -0.8854453565975678, 0.5289443406362411]",28.54716004702469,1.1929374917960343
"[0.3567721447671444, 0.6563021782332522, -0.8854451734005432, 0.5289453314461817]",28.547185091481005,1.1930003242774307
"[0.35676467453991895, 0.6563012205962413, -0.8854449903110919, 0.5289463220267014]",28.547210144084048,1.1930631567588272
"[0.3567572034665867, 0.6563002629743342, -0.8854448072932236, 0.5289473125725584]",28.547235191172017,1.193125989240224
"[0.35674973324019366, 0.6562993055845364, -0.8854446243884133, 0.5289483028592823]",28.54726024246817,1.1931888217216207
"[0.35674226333621356, 0.6562983483595919, -0.8854444415837995, 0.5289492929564406]",28.54728529704567,1.1932516542030174
"[0.35673479330767965, 0.6562973912422165, -0.8854442588684407, 0.5289502829232816]",28.547310354156856,1.1933144866844139
"[0.3567273233913654, 0.6562964342627431, -0.8854440762481297, 0.5289512727284276]",28.547335411861425,1.1933773191658104
"[0.3567198536420018, 0.6562954774281726, -0.885443893724202, 0.5289522623646343]",28.547360470451657,1.193440151647207
"[0.3567123841613675, 0.6562945207515323, -0.8854437112991373, 0.5289532518184253]",28.5473855329992,1.1935029841286038
"[0.35670491495986706, 0.656293564234132, -0.8854435289731809, 0.5289542410884451]",28.54741059569647,1.1935658166100003
"[0.3566974459903087, 0.6562926078699023, -0.8854433467451734, 0.5289552301809696]",28.547435656575765,1.193628649091397
"[0.3566899762848451, 0.6562916515349438, -0.8854431645915117, 0.5289562192241303]",28.5474607240674,1.1936914815727935
"[0.35668250768727344, 0.6562906954652893, -0.8854429825571521, 0.5289572079738207]",28.547485792154774,1.1937543140541902
"[0.356675038936328, 0.6562897394994568, -0.8854428006113387, 0.5289581965970419]",28.54751086113031,1.1938171465355867
"[0.3566675699469662, 0.6562887836265698, -0.885442618752007, 0.5289591851050361]",28.54753592832532,1.1938799790169834
"[0.35666010146140303, 0.6562878279416029, -0.8854424369972262, 0.5289601733995842]",28.547561003382445,1.19394281149838
"[0.3566526337282843, 0.6562868724763493, -0.8854422553530252, 0.5289611614478069]",28.547586081779727,1.1940056439797766
"[0.3566451655687345, 0.6562859170799392, -0.8854420737907253, 0.5289621494057203]",28.547611154111582,1.194068476461173
"[0.3566376971857539, 0.6562849617783735, -0.8854418923152745, 0.528963137246428]",28.547636231374085,1.1941313089425698
"[0.35663022977404035, 0.6562840067244464, -0.8854417109556907, 0.5289641248119309]",28.547661314057727,1.1941941414239663
"[0.35662276192509673, 0.6562830517380085, -0.8854415296777579, 0.5289651122885075]",28.54768639376387,1.194256973905363
"[0.35661529450476975, 0.6562820969297457, -0.8854413485024958, 0.5289660995617069]",28.547711476622474,1.1943198063867597
"[0.35660782732644325, 0.6562811422758109, -0.8854411674253652, 0.5289670866561813]",28.547736564500124,1.1943826388681562
"[0.35660036002833395, 0.656280187729939, -0.8854409864375925, 0.5289680736197656]",28.547761649411665,1.194445471349553
"[0.35659289277028555, 0.6562792333125421, -0.8854408055430549, 0.5289690604313521]",28.547786734632997,1.1945083038309494
"[0.35658542631168455, 0.6562782791206924, -0.8854406247601344, 0.5289700469905689]",28.547811823987683,1.194571136312346
"[0.3565779593743403, 0.6562773249909689, -0.8854404440578785, 0.5289710334663852]",28.547836914592985,1.1946339687937426
"[0.35657049277989483, 0.6562763710284153, -0.8854402634561745, 0.5289720197501848]",28.547862011745938,1.1946968012751393
"[0.3565630261358643, 0.6562754171828571, -0.8854400829455249, 0.5289730058938421]",28.54788710432518,1.194759633756536
"[0.3565555602526926, 0.6562744635578047, -0.8854399025455122, 0.5289739917903405]",28.54791220069314,1.1948224662379325
"[0.35654809393986087, 0.6562735100011816, -0.8854397222273641, 0.5289749775969002]",28.547937300759497,1.194885298719329
"[0.35654062821567084, 0.6562725566430277, -0.8854395420156717, 0.5289759631790799]",28.54796239792325,1.1949481312007257
"[0.3565331620853431, 0.6562716033563077, -0.8854393618864213, 0.5289769486682059]",28.547987500498838,1.1950109636821222
"[0.35652569660495886, 0.6562706502758521, -0.8854391818650886, 0.5289779339248893]",28.548012603473545,1.195073796163519
"[0.3565182315631229, 0.6562696973746426, -0.8854390019465577, 0.5289789189770621]",28.548037710505117,1.1951366286449157
"[0.3565107656662694, 0.6562687444875638, -0.8854388220996608, 0.5289799039954042]",28.548062810981758,1.1951994611263121
"[0.35650330036178574, 0.6562677917993514, -0.8854386423592701, 0.5289808887889463]",28.548087924551407,1.1952622936077086
"[0.35649583580802835, 0.6562668393301774, -0.8854384627291757, 0.5289818733368373]",28.548113034930065,1.1953251260891053
"[0.35648837103597436, 0.6562658869563778, -0.8854382831860494, 0.5289828577669055]",28.548138144799275,1.1953879585705018
"[0.3564809063133528, 0.6562649347121112, -0.8854381037363358, 0.5289838420438366]",28.548163259315587,1.1954507910518988
"[0.3564734412898328, 0.656263982552697, -0.8854379243716193, 0.528984826213809]",28.548188369700757,1.1955136235332953
"[0.35646597721373474, 0.656263030637315, -0.8854377451218829, 0.5289858101122934]",28.548213491861876,1.1955764560146918
"[0.3564585129393125, 0.6562620788198459, -0.8854375659595989, 0.5289867938903139]",28.548238609163707,1.1956392884960885
"[0.35645104921534754, 0.656261127195751, -0.8854373869027353, 0.5289877774492027]",28.548263727877124,1.195702120977485
"[0.3564435851124434, 0.6562601756465272, -0.885437207928994, 0.5289887609114359]",28.548288848983216,1.1957649534588817
"[0.3564361211517805, 0.6562592242386102, -0.8854370290508777, 0.5289897442083458]",28.548313973881775,1.1958277859402784
"[0.35642865749519625, 0.6562582729926233, -0.8854368502722577, 0.5289907273186146]",28.548339098267785,1.1958906184216749
"[0.3564211940009681, 0.6562573218904819, -0.8854366715897325, 0.5289917102609315]",28.548364225109985,1.1959534509030716
"[0.35641373052179215, 0.6562563709134128, -0.8854364929997736, 0.5289926930546945]",28.548389353489952,1.196016283384468
"[0.3564062676032119, 0.6562554201309022, -0.8854363145154258, 0.5289936756280913]",28.54841448622522,1.1960791158658646
"[0.3563988047636031, 0.6562544694815804, -0.8854361361251604, 0.5289946580445414]",28.548439620184663,1.1961419483472613
"[0.3563913418715225, 0.656253518948687, -0.8854359578258356, 0.5289956403213631]",28.548464749498415,1.196204780828658
"[0.3563838792141561, 0.6562525685688178, -0.8854357796243114, 0.528996622420732]",28.54848988443949,1.1962676133100545
"[0.35637641667004194, 0.6562516183264417, -0.8854356015176827, 0.5289976043587006]",28.54851502479191,1.1963304457914512
"[0.356368954059348, 0.6562506681987014, -0.8854354235016575, 0.5289985861588801]",28.54854016138875,1.1963932782728477
"[0.3563614921781083, 0.6562497182869166, -0.8854352455952142, 0.5289995677165727]",28.548565303968854,1.1964561107542444
"[0.3563540301550929, 0.6562487684801438, -0.8854350677775715, 0.5290005491464185]",28.548590443433728,1.196518943235641
"[0.356346568073233, 0.6562478187889561, -0.8854348900507106, 0.5290015304374855]",28.548615587064806,1.1965817757170376
"[0.35633910629064036, 0.6562468692589151, -0.8854347124231581, 0.5290025115426943]",28.548640733432567,1.1966446081984343
"[0.3563316447868383, 0.6562459198873954, -0.8854345348944167, 0.5290034924647554]",28.54866588049807,1.1967074406798308
"[0.3563241835221024, 0.6562449706693289, -0.8854343574635336, 0.529004473208904]",28.54869102818586,1.1967702731612273
"[0.35631672195844966, 0.656244021536269, -0.885434180117718, 0.5290054538458556]",28.54871618093826,1.196833105642624
"[0.3563092607510684, 0.6562430725715535, -0.8854340028725429, 0.5290064342895028]",28.548741332743727,1.1968959381240205
"[0.3563018000936064, 0.6562421237997864, -0.8854338257325929, 0.5290074145144239]",28.548766485698422,1.1969587706054172
"[0.3562943395783042, 0.6562411751690894, -0.8854336486881752, 0.5290083945742179]",28.548791645215076,1.197021603086814
"[0.3562868787002506, 0.6562402266152635, -0.8854334717273132, 0.5290093745352047]",28.54881679801678,1.1970844355682104
"[0.3562794177604395, 0.6562392781765852, -0.8854332948571555, 0.529010354357835]",28.548841957921134,1.1971472680496071
"[0.3562719578294513, 0.6562383299891195, -0.8854331181030657, 0.5290113339015414]",28.548867118881837,1.1972101005310036
"[0.35626449765756396, 0.6562373818939967, -0.8854329414354197, 0.5290123133304468]",28.548892284421758,1.1972729330124001
"[0.35625703741927567, 0.6562364339133993, -0.8854327648583574, 0.5290132926216302]",28.548917447078832,1.1973357654937968
"[0.35624957800010243, 0.6562354861598272, -0.8854325883928257, 0.5290142716588748]",28.548942613680687,1.1973985979751935
"[0.3562421179107661, 0.6562345384440541, -0.885432412003592, 0.52901525063765]",28.548967780365597,1.19746143045659
"[0.3562346579499981, 0.6562335908675592, -0.885432235709553, 0.5290162294531229]",28.548992949906495,1.1975242629379867
"[0.35622719919528234, 0.6562326435671675, -0.8854320595361483, 0.5290172079639589]",28.54901811885387,1.1975870954193832
"[0.35621973947990226, 0.6562316962676874, -0.8854318834321986, 0.5290181864544136]",28.549043291234526,1.19764992790078
"[0.3562122802364804, 0.6562307491510574, -0.885431707431534, 0.5290191647365514]",28.54906846613976,1.1977127603821767
"[0.3562048212825348, 0.6562298021940715, -0.8854315315298366, 0.5290201428343434]",28.549093645213414,1.1977755928635732
"[0.3561973626958842, 0.6562288554066027, -0.8854313557289305, 0.5290211207375879]",28.549118820333387,1.1978384253449699
"[0.35618990469039147, 0.6562279088157659, -0.8854311800338407, 0.5290220984182797]",28.549144003397824,1.1979012578263664
"[0.35618244556281925, 0.6562269622053921, -0.8854310044044539, 0.529023076099682]",28.54916917929481,1.1979640903077629
"[0.35617498753080085, 0.6562260158569146, -0.8854308288929871, 0.5290240534911191]",28.54919436490378,1.1980269227891596
"[0.35616752917660055, 0.6562250695904019, -0.885430653466064, 0.5290250307784251]",28.549219548897568,1.1980897552705563
"[0.356160070954553, 0.6562241234635068, -0.8854304781343761, 0.5290260079020519]",28.549244733695826,1.198152587751953
"[0.35615261302760354, 0.6562231774968895, -0.885430302901747, 0.5290269848406597]",28.549269919738773,1.1982154202333495
"[0.3561451558032181, 0.6562222317421922, -0.8854301277777338, 0.5290279615409169]",28.549295111152773,1.198278252714746
"[0.3561376977087058, 0.6562212859999716, -0.8854299527254081, 0.5290289382087869]",28.549320305153696,1.1983410851961427
"[0.3561302407640027, 0.6562203405263551, -0.8854297777921778, 0.5290299145797646]",28.549345494133263,1.1984039176775392
"[0.35612278332224784, 0.6562193951125179, -0.885429602939397, 0.5290308908694982]",28.54937069126877,1.198466750158936
"[0.3561153261321639, 0.6562184498533785, -0.8854294281846281, 0.5290318669799636]",28.549395887268624,1.1985295826403326
"[0.3561078692886951, 0.6562175047609562, -0.8854292535300862, 0.5290328428987483]",28.54942108488415,1.198592415121729
"[0.35610041245008844, 0.6562165597919218, -0.8854290789677611, 0.529033818670592]",28.54944628431788,1.1986552476031256
"[0.35609295568303845, 0.6562156149547227, -0.8854289044992144, 0.5290347942867684]",28.549471484632008,1.1987180800845223
"[0.3560854995390607, 0.6562146703192213, -0.8854287301373387, 0.5290357696751382]",28.549496687462643,1.1987809125659188
"[0.3560780436031008, 0.6562137258328045, -0.8854285558724142, 0.5290367448900269]",28.54952189192107,1.1988437450473155
"[0.35607058649408374, 0.6562127813205483, -0.8854283816721811, 0.5290377201120412]",28.54954709591957,1.1989065775287122
"[0.3560631308074714, 0.6562118371111797, -0.8854282075972664, 0.5290386950017639]",28.54957230601551,1.1989694100101087
"[0.3560556750189189, 0.6562108930116162, -0.8854280336120564, 0.5290396697585528]",28.54959751820699,1.1990322424915054
"[0.35604821921631225, 0.6562099490329854, -0.8854278597186066, 0.5290406443709136]",28.549622728048305,1.199095074972902
"[0.35604076349482106, 0.6562090051873305, -0.8854276859191366, 0.5290416188264094]",28.549647938000394,1.1991579074542984
"[0.3560333082773881, 0.6562080615281758, -0.8854275122234957, 0.5290425930697784]",28.549673153496858,1.1992207399356951
"[0.35602585363313627, 0.6562071180642398, -0.8854273386332766, 0.5290435670920196]",28.54969837357576,1.1992835724170918
"[0.356018398277811, 0.6562061746329865, -0.885427165118577, 0.5290445410609297]",28.549723593063483,1.1993464048984885
"[0.35601094284910223, 0.6562052313151274, -0.8854269916942553, 0.5290455148931769]",28.549748809609888,1.199409237379885
"[0.3560034884251892, 0.656204288247055, -0.885426818385375, 0.529046488447957]",28.549774032175517,1.1994720698612815
"[0.3559960341037198, 0.6562033453145816, -0.8854266451709384, 0.5290474618431497]",28.549799256741913,1.1995349023426782
"[0.35598857999330336, 0.6562024025314324, -0.8854264720534649, 0.5290484350645831]",28.549824480226015,1.199597734824075
"[0.3559811251300798, 0.656201459775711, -0.8854262990105815, 0.5290494082380838]",28.549849709090477,1.1996605673054714
"[0.3559736709979625, 0.6562005172350717, -0.8854261260767334, 0.5290503811699382]",28.549874933395603,1.1997233997868681
"[0.3559662168861183, 0.6561995748196114, -0.8854259532354184, 0.5290513539529478]",28.549900163591197,1.1997862322682646
"[0.35595876338959515, 0.6561986326045424, -0.8854257805004228, 0.5290523265094755]",28.549925396419162,1.1998490647496614
"[0.35595130967719624, 0.6561976904847746, -0.8854256078524779, 0.529053298947993]",28.54995063038983,1.1999118972310578
"[0.3559438565606946, 0.6561967485629104, -0.8854254353103812, 0.5290542711625927]",28.54997586575287,1.1999747297124546
"[0.3559364025229782, 0.6561958066471986, -0.8854252628390182, 0.5290552433511907]",28.550001103096612,1.2000375621938513
"[0.35592894931568525, 0.6561948649590023, -0.8854250904789217, 0.5290562152853014]",28.550026340626996,1.2001003946752478
"[0.3559214962550341, 0.6561939234118945, -0.8854249182142618, 0.5290571870541297]",28.550051582426672,1.2001632271566443
"[0.3559140436596583, 0.6561929820461048, -0.8854247460523941, 0.5290581586161524]",28.550076824818056,1.200226059638041
"[0.3559065907197699, 0.6561920407593437, -0.8854245739746099, 0.5290591300769375]",28.550102065654865,1.2002888921194375
"[0.3558991382624889, 0.6561910996560872, -0.8854244020000054, 0.5290601013286531]",28.550127310034252,1.2003517246008342
"[0.3558916861312095, 0.6561901587164696, -0.8854242301249537, 0.5290610723918096]",28.550152557934407,1.2004145570822309
"[0.3558842330728182, 0.6561892177823436, -0.8854240583205654, 0.5290620434296021]",28.55017780535273,1.2004773895636274
"[0.3558767809083967, 0.6561882770835936, -0.885423886628821, 0.5290630142047911]",28.550203056622657,1.200540222045024
"[0.3558693288351008, 0.6561873365188482, -0.8854237150312071, 0.5290639848219879]",28.550228308767526,1.2006030545264206
"[0.3558618775660749, 0.6561863961780849, -0.8854235435441303, 0.529064955188341]",28.5502535620751,1.200665887007817
"[0.35585442580061777, 0.6561854558971524, -0.885423372137651, 0.5290659254732396]",28.550278815331996,1.2007287194892138
"[0.35584697393940673, 0.6561845157266204, -0.8854232008209979, 0.5290668956244943]",28.550304073925393,1.2007915519706105
"[0.35583952301787813, 0.656183575797093, -0.8854230296179616, 0.5290678655073364]",28.550329331399517,1.200854384452007
"[0.35583207175076875, 0.6561826359464242, -0.8854228584990007, 0.5290688352890767]",28.550354594009036,1.2009172169334037
"[0.35582462042491075, 0.6561816962107968, -0.8854226874707104, 0.5290698049323751]",28.550379854792002,1.2009800494148002
"[0.35581716940144414, 0.6561807566357485, -0.8854225165413776, 0.5290707743902414]",28.550405118955055,1.201042881896197
"[0.3558097186075272, 0.656179817212072, -0.8854223457093225, 0.5290717436721747]",28.55043038294,1.2011057143775934
"[0.35580226870331066, 0.6561788780229756, -0.8854221749896622, 0.5290727126923216]",28.55045565232408,1.20116854685899
"[0.35579481777134636, 0.6561779388267288, -0.8854220043384605, 0.5290736817000867]",28.550480921600926,1.2012313793403868
"[0.35578736761155594, 0.656176999850217, -0.8854218337969477, 0.5290746504613782]",28.55050619232739,1.2012942118217833
"[0.35577991767571177, 0.6561760610243254, -0.8854216633525579, 0.5290756190475023]",28.550531465701432,1.2013570443031798
"[0.35577246749852454, 0.6561751222903882, -0.8854214929946473, 0.5290765875189833]",28.55055673783151,1.2014198767845765
"[0.3557650179537955, 0.6561741837585179, -0.8854213227431912, 0.5290775557622154]",28.55058201197995,1.201482709265973
"[0.35575756784318724, 0.6561732452777299, -0.885421152570802, 0.5290785239329602]",28.55060729181847,1.20154554174737
"[0.355750118289087, 0.6561723069894059, -0.8854209825031195, 0.5290794918853599]",28.550632567742273,1.2016083742287664
"[0.35574266935553217, 0.6561713689015795, -0.885420812541585, 0.5290804596111265]",28.550657849409717,1.201671206710163
"[0.3557352201178484, 0.6561704308977859, -0.8854206426650956, 0.5290814272304029]",28.55068313309116,1.2017340391915596
"[0.355727770785966, 0.6561694930044965, -0.885420472878447, 0.5290823947158727]",28.55070841564157,1.2017968716729561
"[0.355720321997864, 0.6561685553019347, -0.885420303196175, 0.5290833619847898]",28.550733701543862,1.2018597041543528
"[0.3557128734886086, 0.6561676177568104, -0.8854201336122285, 0.5290843290714824]",28.55075898716657,1.2019225366357495
"[0.35570542482809026, 0.6561666803149501, -0.8854199641168157, 0.5290852960318317]",28.550784278867226,1.201985369117146
"[0.35569797612941073, 0.6561657429905882, -0.8854197947125143, 0.5290862628511502]",28.550809568450475,1.2020482015985428
"[0.35569052820507463, 0.656164805885947, -0.8854196254177911, 0.529087229423998]",28.550834860077345,1.2021110340799392
"[0.35568307994838516, 0.656163868861766, -0.8854194562074833, 0.5290881958940132]",28.55086015779646,1.2021738665613357
"[0.3556756322332942, 0.656162932027984, -0.8854192871014435, 0.5290891621477981]",28.55088544908473,1.2022366990427324
"[0.35566818367746733, 0.6561619952107222, -0.885419118068291, 0.5290901283646883]",28.550910747947498,1.2022995315241292
"[0.3556607370855641, 0.6561610587626977, -0.8854189491716544, 0.5290910941808967]",28.550936049863036,1.2023623640055257
"[0.35565328852658007, 0.6561601221895608, -0.8854187803223756, 0.5290920601062735]",28.55096134363123,1.2024251964869224
"[0.3556458414622265, 0.6561591859265906, -0.8854186115989376, 0.5290930256918921]",28.55098664885467,1.2024880289683189
"[0.3556383945389882, 0.6561582498035763, -0.8854184429706453, 0.5290939911132965]",28.551011955003798,1.2025508614497153
"[0.35563094756872604, 0.656157313796863, -0.8854182744332384, 0.5290949563948787]",28.55103726199609,1.202613693931112
"[0.3556235007191369, 0.6561563779275222, -0.8854181059905123, 0.5290959215149044]",28.551062570725428,1.2026765264125088
"[0.35561605362643806, 0.6561554421498392, -0.8854179376342418, 0.5290968865205122]",28.551087874644374,1.2027393588939055
"[0.35560860704290065, 0.6561545065583209, -0.8854177693814308, 0.5290978513142426]",28.551113189515608,1.202802191375302
"[0.35560116063112907, 0.6561535711105668, -0.885417601224444, 0.529098815939816]",28.551138500636988,1.2028650238566985
"[0.3555937144523857, 0.6561526358142502, -0.8854174331646593, 0.5290997803893195]",28.551163811203345,1.2029278563380952
"[0.35558626832676926, 0.6561517006467724, -0.8854172651980117, 0.5291007446860526]",28.551189129616066,1.2029906888194917
"[0.3555788224481464, 0.6561507656324715, -0.8854170973288711, 0.5291017088049148]",28.551214448234308,1.2030535213008884
"[0.3555713767829657, 0.6561498307671044, -0.8854169295564736, 0.529102672750283]",28.551239769941834,1.203116353782285
"[0.3555639308844581, 0.6561488959945861, -0.885416761870754, 0.5291036365799796]",28.55126508662952,1.2031791862636816
"[0.3555564852380111, 0.6561479613758461, -0.8854165942826447, 0.5291046002311788]",28.551290411822762,1.2032420187450783
"[0.3555490398555387, 0.6561470269123614, -0.8854164267924055, 0.5291055637023556]",28.551315737737553,1.2033048512264748
"[0.3555415946557617, 0.6561460925939172, -0.8854162593982016, 0.5291065270040397]",28.551341062366085,1.2033676837078713
"[0.35553414965015584, 0.6561451584219402, -0.8854160921002847, 0.5291074901347582]",28.551366388609644,1.203430516189268
"[0.3555267047062177, 0.6561442243797935, -0.8854159248956748, 0.5291084531116605]",28.551391717142074,1.2034933486706647
"[0.3555192602469977, 0.6561432905205371, -0.8854157577938637, 0.5291094158800415]",28.551417047869855,1.2035561811520612
"[0.35551181567798606, 0.6561423567696058, -0.8854155907815013, 0.5291103785167689]",28.551442381326204,1.203619013633458
"[0.3555043712288402, 0.6561414231557243, -0.8854154238637423, 0.5291113409922353]",28.55146771614624,1.2036818461148544
"[0.35549692694400115, 0.6561404896845315, -0.885415257041578, 0.5291123033006153]",28.551493051467745,1.2037446785962511
"[0.3554894829202056, 0.6561395563681207, -0.8854150903171697, 0.5291132654294428]",28.551518389786896,1.2038075110776478
"[0.35548203887764845, 0.6561386231713995, -0.8854149236842477, 0.5291142274148907]",28.55154372944432,1.2038703435590443
"[0.3554745950961157, 0.6561376901294227, -0.8854147571490725, 0.5291151892208209]",28.55156906827516,1.203933176040441
"[0.35546715153923664, 0.6561367572376292, -0.8854145907108221, 0.5291161508519316]",28.551594413635186,1.2039960085218375
"[0.35545970798708393, 0.6561358244684417, -0.8854144243645765, 0.5291171123366479]",28.551619756949933,1.204058841003234
"[0.3554522646800596, 0.6561348918519774, -0.885414258115705, 0.5291180736439219]",28.551645104185074,1.2041216734846307
"[0.3554448212395925, 0.6561339593407925, -0.8854140919557508, 0.5291190348226538]",28.551670448725154,1.2041845059660274
"[0.3554373781276193, 0.6561330269927533, -0.8854139258950244, 0.5291199958131952]",28.551695803030412,1.204247338447424
"[0.3554299350958543, 0.6561320947767416, -0.8854137599279797, 0.5291209566476187]",28.551721153620225,1.2043101709288206
"[0.3554224926304629, 0.6561311627536321, -0.8854135940654465, 0.5291219172631785]",28.55174650803654,1.2043730034102171
"[0.35541505014988206, 0.6561302308505754, -0.8854134282944561, 0.5291228777349579]",28.55177186215648,1.2044358358916138
"[0.35540760744850086, 0.6561292990418298, -0.8854132626104343, 0.5291238380894829]",28.551797216143623,1.2044986683730103
"[0.3554001649932939, 0.6561283673858543, -0.8854130970237777, 0.5291247982664996]",28.551822572290817,1.204561500854407
"[0.35539272334184724, 0.6561274359524198, -0.8854129315468734, 0.5291257581941018]",28.551847933680545,1.2046243333358038
"[0.3553852812403843, 0.6561265045845849, -0.8854127661518364, 0.5291267180340296]",28.551873294719165,1.2046871658172003
"[0.35537783925583216, 0.6561255733532992, -0.885412600851275, 0.5291276777131594]",28.551898658105397,1.2047499982985967
"[0.35537039798675735, 0.6561246423334453, -0.8854124356584695, 0.5291286371543202]",28.5519240239994,1.2048128307799935
"[0.3553629563111711, 0.6561237113846304, -0.8854122705485084, 0.5291295965021882]",28.55194939154144,1.20487566326139
"[0.3553555153541309, 0.6561227806475873, -0.8854121055463491, 0.5291305556117345]",28.5519747585369,1.2049384957427867
"[0.35534807413475666, 0.6561218499996107, -0.8854119406302335, 0.5291315146094037]",28.55200012739389,1.2050013282241834
"[0.35534063248239933, 0.6561209194193696, -0.8854117757963945, 0.529132473517169]",28.552025498992627,1.2050641607055799
"[0.3553331918556892, 0.656119989089249, -0.8854116110771307, 0.529133432147093]",28.55205087270525,1.2051269931869766
"[0.3553257512480415, 0.6561190588833622, -0.8854114464501407, 0.5291343906288912]",28.552076246504562,1.205189825668373
"[0.3553183103620194, 0.6561181287645318, -0.8854112819088498, 0.5291353490008666]",28.552101621192108,1.2052526581497696
"[0.3553108702281478, 0.6561171988615537, -0.8854111174760394, 0.5291363071303087]",28.552127002605673,1.2053154906311663
"[0.3553034298120759, 0.6561162690451222, -0.8854109531288419, 0.5291372651504487]",28.552152381581024,1.205378323112563
"[0.3552959895526082, 0.6561153393700949, -0.8854107888769531, 0.5291382230047571]",28.552177760708627,1.2054411555939597
"[0.35528854963724643, 0.6561144098598755, -0.8854106247245052, 0.5291391806691208]",28.552203146922825,1.2055039880753562
"[0.3552811100369217, 0.6561134805108133, -0.8854104606708453, 0.5291401381472999]",28.552228531677443,1.2055668205567527
"[0.3552736701298628, 0.6561125512452337, -0.8854102967022641, 0.5291410955193155]",28.552253915747418,1.2056296530381494
"[0.3552662304322073, 0.6561116221275995, -0.88541013283014, 0.5291420527187516]",28.552279306377915,1.2056924855195459
"[0.3552587915458645, 0.6561106932330559, -0.885409969067714, 0.5291430096681916]",28.55230469644566,1.2057553180009426
"[0.3552513524294843, 0.656109764431548, -0.885409805392051, 0.5291439665016173]",28.552330090429145,1.2058181504823393
"[0.3552439128217863, 0.6561088356904705, -0.8854096417974185, 0.5291449232526106]",28.552355477673554,1.2058809829637358
"[0.3552364743496763, 0.6561079072129012, -0.8854094783195797, 0.529145879711969]",28.552380872502944,1.2059438154451323
"[0.35522903548939644, 0.6561069788086222, -0.8854093149250352, 0.529146836075641]",28.55240626967411,1.206006647926529
"[0.3552215969943225, 0.6561060505716546, -0.8854091516303342, 0.5291477922467706]",28.55243166933494,1.2060694804079257
"[0.35521415838401815, 0.6561051224420351, -0.8854089884249263, 0.529148748287123]",28.552457068858402,1.2061323128893224
"[0.35520672016769733, 0.6561041944832893, -0.8854088253199808, 0.5291497041312592]",28.552482472760868,1.206195145370719
"[0.35519928207386187, 0.6561032666615293, -0.8854086623095359, 0.5291506598140837]",28.552507874032393,1.2062579778521154
"[0.3551918440609522, 0.6561023389715648, -0.8854084993926779, 0.5291516153409404]",28.552533281086138,1.2063208103335121
"[0.3551844062252723, 0.6561014114253929, -0.8854083365715135, 0.5291525706994682]",28.55255868725039,1.2063836428149086
"[0.3551769685910144, 0.6561004840260245, -0.8854081738465663, 0.529153525886564]",28.552584095997123,1.2064464752963053
"[0.35516953123796957, 0.6560995567833807, -0.885408011219575, 0.5291544808920084]",28.552609503400113,1.206509307777702
"[0.35516209419332917, 0.6560986297008471, -0.8854078486911238, 0.5291554357123119]",28.55263491960749,1.2065721402590985
"[0.35515465689014547, 0.6560977027077347, -0.8854076862488242, 0.5291563904202758]",28.552660328196282,1.2066349727404952
"[0.3551472192013595, 0.6560967757882237, -0.8854075238899132, 0.529157345032186]",28.552685745003032,1.2066978052218917
"[0.355139782687404, 0.6560958491367659, -0.8854073616484417, 0.5291582993477791]",28.552711161555084,1.2067606377032882
"[0.3551323453770578, 0.6560949225077011, -0.8854071994813973, 0.5291592536200499]",28.55273658186326,1.206823470184685
"[0.35512490902122723, 0.6560939961191768, -0.8854070374269575, 0.5291602076243386]",28.552762000369103,1.2068863026660817
"[0.35511747296039703, 0.6560930698890076, -0.8854068754707269, 0.529161161445281]",28.55278742397604,1.2069491351474781
"[0.35511003666842395, 0.6560921437516691, -0.8854067136012469, 0.5291621151503477]",28.55281284575729,1.2070119676288749
"[0.35510260036682134, 0.6560912177346859, -0.8854065518233457, 0.5291630687111981]",28.552838270189085,1.2070748001102714
"[0.35509516386116613, 0.6560902918139098, -0.885406390132798, 0.5291640221526863]",28.552863696455333,1.207137632591668
"[0.355087728265694, 0.6560893661280379, -0.8854062285538193, 0.5291649753319938]",28.552889123667097,1.2072004650730646
"[0.35508029300248334, 0.6560884406050854, -0.8854060670738295, 0.5291659283232448]",28.55291455689688,1.2072632975544613
"[0.35507285712768916, 0.6560875151275692, -0.8854059056723363, 0.5291668812474044]",28.55293998709719,1.207326130035858
"[0.35506542177028494, 0.6560865898360002, -0.8854057443738488, 0.5291678339597902]",28.552965422013756,1.2073889625172545
"[0.35505798674840383, 0.6560856647077291, -0.8854055831744065, 0.5291687864837215]",28.55299085731372,1.207451794998651
"[0.35505055156062343, 0.6560847396803359, -0.8854054220631369, 0.5291697388834663]",28.553016295605303,1.2075146274800477
"[0.35504311647933845, 0.6560838147877289, -0.8854052610459445, 0.5291706911241056]",28.553041731534563,1.2075774599614442
"[0.3550356819416147, 0.6560828900842479, -0.8854051001322845, 0.5291716431496939]",28.553067172610728,1.2076402924428409
"[0.35502824736725, 0.6560819654977136, -0.8854049393095901, 0.5291725950345407]",28.553092612795613,1.2077031249242376
"[0.35502081256398094, 0.6560810410042183, -0.8854047785737096, 0.5291735468032538]",28.55311805807236,1.207765957405634
"[0.3550133785272923, 0.6560801167275349, -0.8854046179461557, 0.5291744983284079]",28.553143503487778,1.2078287898870308
"[0.35500594434972005, 0.6560791925548065, -0.8854044574073106, 0.529175449726186]",28.55316894713174,1.2078916223684273
"[0.35499851046749364, 0.656078268540267, -0.8854042969665933, 0.5291764009407528]",28.553194400332497,1.207954454849824
"[0.35499107640533617, 0.6560773446248346, -0.885404136613745, 0.5291773520329257]",28.55321984928248,1.2080172873312207
"[0.35498364270355814, 0.6560764208756383, -0.885403976360419, 0.5291783029335989]",28.553245299242832,1.2080801198126172
"[0.3549762093378058, 0.6560754972896438, -0.8854038162060781, 0.5291792536458945]",28.553270756715687,1.2081429522940137
"[0.3549687752041756, 0.6560745737296975, -0.8854036561269483, 0.5291802043109881]",28.553296207081818,1.2082057847754104
"[0.3549613429291668, 0.6560736505220602, -0.8854034961795669, 0.529181154593045]",28.553321668192705,1.208268617256807
"[0.35495390990660175, 0.6560727273429762, -0.8854033363078282, 0.5291821048253161]",28.553347126267717,1.2083314497382036
"[0.35494647654404066, 0.6560718042430863, -0.8854031765205195, 0.5291830549556681]",28.553372581754562,1.2083942822196003
"[0.354939043876878, 0.6560708813509558, -0.8854030168398928, 0.5291840048517689]",28.55339804767218,1.2084571147009968
"[0.35493161107096, 0.6560699585630129, -0.8854028572480177, 0.529184954620217]",28.553423509974763,1.2085199471823935
"[0.3549241790495217, 0.6560690359938028, -0.885402697764708, 0.5291859041431233]",28.55344897573403,1.20858277966379
"[0.3549167463038225, 0.6560681134560886, -0.8854025383575869, 0.5291868536131852]",28.55347444165062,1.2086456121451865
"[0.3549093140584652, 0.6560671911018479, -0.885402379052924, 0.5291878028739859]",28.55349991146444,1.2087084446265832
"[0.35490188192078265, 0.6560662688823331, -0.8854022198422927, 0.529188751975693]",28.55352538125634,1.20877127710798
"[0.35489445030133876, 0.65606534684847, -0.8854020607344778, 0.5291897008658957]",28.55355085549706,1.2088341095893766
"[0.354887018666009, 0.6560644249339769, -0.8854019017180365, 0.5291906496128035]",28.55357632952033,1.2088969420707731
"[0.3548795870363514, 0.6560635031415167, -0.8854017427934314, 0.5291915982136735]",28.553601803570704,1.2089597745521696
"[0.3548721557204465, 0.6560625815092973, -0.8854015839672462, 0.5291925466291832]",28.55362728016499,1.2090226070335663
"[0.35486472464359464, 0.6560616600280362, -0.8854014252378754, 0.5291934948688836]",28.55365276030775,1.2090854395149628
"[0.3548572934819626, 0.6560607386575688, -0.8854012665984008, 0.5291944429741025]",28.553678238863814,1.2091482719963595
"[0.3548498621287574, 0.6560598173846579, -0.8854011080465487, 0.5291953909584559]",28.55370372075884,1.2092111044777563
"[0.354842431831215, 0.6560588963639007, -0.8854009496089151, 0.5291963386628641]",28.55372920528727,1.2092739369591528
"[0.35483500091392056, 0.6560579753876143, -0.8854007912497683, 0.5291972863010235]",28.55375469352241,1.2093367694405495
"[0.35482757071404325, 0.6560570546214924, -0.885400632997604, 0.5291982337024443]",28.553780180290097,1.209399601921946
"[0.3548201403263305, 0.6560561339533654, -0.885400474833133, 0.5291991809825354]",28.553805666804415,1.2094624344033424
"[0.35481270970976864, 0.6560552133781493, -0.885400316755492, 0.5292001281465232]",28.553831156983918,1.2095252668847392
"[0.35480527972510045, 0.6560542930024661, -0.8854001587829855, 0.5292010750847045]",28.553856648543388,1.2095880993661359
"[0.3547978505416173, 0.6560533728472493, -0.8854000009191882, 0.529202021775543]",28.553882146090277,1.2096509318475324
"[0.3547904204922929, 0.6560524527060239, -0.8853998431286796, 0.5292029684314646]",28.553907638933058,1.209713764328929
"[0.35478299080567666, 0.6560515327309463, -0.8853996854375611, 0.5292039148959213]",28.553933137064487,1.2097765968103256
"[0.35477556140566846, 0.6560506129125603, -0.8853995278442067, 0.5292048611786428]",28.553958636561582,1.209839429291722
"[0.35476813209996766, 0.6560496932270585, -0.8853993703445315, 0.5292058073041173]",28.55398413516071,1.209902261773119
"[0.35476070306442076, 0.6560487736961932, -0.8853992129422587, 0.5292067532499649]",28.554009637562565,1.2099650942545155
"[0.3547532739105837, 0.6560478542718757, -0.885399055629156, 0.5292076990656531]",28.55403514275438,1.2100279267359122
"[0.35474584526710423, 0.6560469350318945, -0.8853988984185298, 0.5292086446711582]",28.554060648834664,1.2100907592173087
"[0.3547384161965357, 0.6560460158602408, -0.8853987412905402, 0.529209590185813]",28.554086154212914,1.2101535916987052
"[0.3547309881676365, 0.6560450969386215, -0.8853985842762429, 0.5292105354227011]",28.554111664789264,1.210216424180102
"[0.3547235599069288, 0.6560441781094746, -0.8853984273487046, 0.5292114805438963]",28.554137173911894,1.2102792566614986
"[0.35471613133983837, 0.6560432593635693, -0.8853982705063627, 0.529212425558889]",28.554162684912676,1.210342089142895
"[0.35470870401060073, 0.656042340891885, -0.8853981137818038, 0.5292133702712373]",28.554188199865006,1.2104049216242918
"[0.3547012754701696, 0.6560414223915565, -0.885397957123352, 0.5292143149924562]",28.55421371818381,1.2104677541056883
"[0.3546938483469437, 0.6560405041875653, -0.8853978005864344, 0.5292152593882841]",28.55423923418314,1.210530586587085
"[0.35468642023512803, 0.6560395859824721, -0.8853976441203391, 0.5292162037646421]",28.554264751776458,1.2105934190684815
"[0.35467899304727707, 0.6560386680126893, -0.8853974877653544, 0.529217147878376]",28.55429027275141,1.2106562515498782
"[0.354671565713885, 0.6560377501460081, -0.8853973314989534, 0.5292180918654591]",28.554315795436132,1.210719084031275
"[0.3546641388191175, 0.6560368324546266, -0.8853971753334209, 0.5292190356516335]",28.554341320855197,1.2107819165126714
"[0.35465671138293037, 0.6560359148173923, -0.8853970192481542, 0.5292199793614998]",28.554366844256506,1.210844748994068
"[0.35464928497180853, 0.6560349974278764, -0.8853968632760648, 0.5292209227959779]",28.554392371458682,1.2109075814754646
"[0.3546418582967988, 0.6560340801268179, -0.8853967073900678, 0.5292218661188517]",28.554417900964506,1.2109704139568611
"[0.35463443205026823, 0.6560331629997214, -0.8853965516046955, 0.5292228092421888]",28.554443434163097,1.2110332464382578
"[0.3546270053500539, 0.6560322459376374, -0.8853963959014437, 0.5292237522780221]",28.554468965437735,1.2110960789196545
"[0.35461957916687714, 0.6560313290604326, -0.8853962403006641, 0.5292246951030869]",28.554494496910635,1.211158911401051
"[0.35461215274898633, 0.6560304122752785, -0.8853960847866011, 0.5292256378128356]",28.554520030397924,1.2112217438824477
"[0.3546047266058342, 0.6560294956450656, -0.8853959293699242, 0.5292265803425953]",28.554545570960006,1.2112845763638442
"[0.3545973011100638, 0.656028579215753, -0.885395774058416, 0.5292275226451102]",28.55457110898333,1.2113474088452407
"[0.3545898758711196, 0.6560276629391258, -0.8853956188438923, 0.5292284647699541]",28.5545966503876,1.2114102413266374
"[0.35458245035466857, 0.6560267467492396, -0.8853954637151858, 0.5292294067849294]",28.55462219101982,1.2114730738080342
"[0.3545750248642166, 0.6560258306835517, -0.8853953086786429, 0.5292303486515159]",28.55464773678242,1.2115359062894306
"[0.3545675998989535, 0.656024914803604, -0.8853951537446775, 0.529231290306441]",28.554673284231637,1.2115987387708274
"[0.35456017455440053, 0.6560239989978484, -0.8853949988944144, 0.5292322318643854]",28.554698828468155,1.2116615712522238
"[0.35455274987176405, 0.656023083394689, -0.8853948441495637, 0.5292331731933313]",28.554724378922078,1.2117244037336206
"[0.3545453252550508, 0.6560221679205839, -0.8853946894976921, 0.529234114368889]",28.554749930806874,1.211787236215017
"[0.3545379008043798, 0.6560212525878928, -0.8853945349408815, 0.5292350553783465]",28.55477548143304,1.2118500686964138
"[0.35453047624018247, 0.6560203373621344, -0.8853943804733128, 0.5292359962571498]",28.554801036473894,1.2119129011778105
"[0.35452305209287943, 0.6560194223086857, -0.8853942261060164, 0.5292369369380864]",28.554826591701868,1.211975733659207
"[0.3545156276603066, 0.6560185073409999, -0.8853940718243927, 0.529237877510123]",28.55485214995928,1.2120385661406035
"[0.35450820364008345, 0.6560175925450189, -0.8853939176429364, 0.5292388178849126]",28.554877707300403,1.2121013986220002
"[0.35450078022722026, 0.6560166779447703, -0.8853937635656803, 0.529239758037753]",28.55490326847086,1.2121642311033969
"[0.354493356255589, 0.6560157633965682, -0.8853936095684213, 0.5292406981163414]",28.554928832426132,1.2122270635847936
"[0.35448593291032, 0.6560148490464139, -0.8853934556757427, 0.5292416379705964]",28.55495439579537,1.21228989606619
"[0.3544785099356407, 0.6560139348627432, -0.8853933018823255, 0.5292425776329669]",28.55497996123695,1.2123527285475866
"[0.35447108685373374, 0.6560130207867184, -0.8853931481782663, 0.5292435171639247]",28.555005528793416,1.2124155610289833
"[0.3544636637595778, 0.6560121068300417, -0.8853929945655357, 0.529244456551437]",28.55503109998024,1.2124783935103798
"[0.3544562404617373, 0.6560111929691388, -0.8853928410401765, 0.5292453958197298]",28.555056666708452,1.2125412259917765
"[0.3544488183753264, 0.6560102793781926, -0.8853926876314389, 0.5292463347897782]",28.55508224393984,1.2126040584731732
"[0.35444139544122805, 0.656009365803727, -0.8853925342967573, 0.5292472737220979]",28.555107814979234,1.2126668909545697
"[0.354433973009415, 0.6560084524119021, -0.8853923810640253, 0.5292482124459107]",28.555133391867212,1.2127297234359664
"[0.35442655090757796, 0.6560075391814812, -0.8853922279296722, 0.5292491509830424]",28.55515896883132,1.212792555917363
"[0.35441912864597397, 0.6560066260522044, -0.885392074883591, 0.5292500893954197]",28.555184547548496,1.2128553883987594
"[0.35441170714651066, 0.6560057131374827, -0.885391921944782, 0.529251027566488]",28.55521012982315,1.212918220880156
"[0.3544042847458266, 0.6560048002326654, -0.8853917690789715, 0.5292519657065609]",28.555235709960627,1.2129810533615528
"[0.3543968631758893, 0.6560038875508136, -0.8853916163218324, 0.5292529035966782]",28.555261294175185,1.2130438858429493
"[0.35438944222638924, 0.6560029750660097, -0.8853914636690101, 0.5292538412634773]",28.55528687874715,1.213106718324346
"[0.3543820206721151, 0.656002062627595, -0.8853913110953027, 0.5292547788617716]",28.55531247295345,1.2131695508057425
"[0.35437459903025187, 0.6560011502991705, -0.8853911586113564, 0.5292557163261988]",28.555338056309324,1.213232383287139
"[0.35436717831994896, 0.656000238205994, -0.8853910062380971, 0.5292566535280501]",28.555363645945228,1.2132952157685357
"[0.3543597569896858, 0.6559993261573536, -0.8853908539436609, 0.5292575906632848]",28.555389240684217,1.2133580482499324
"[0.3543523368633569, 0.6559984143773795, -0.8853907017654681, 0.529258527501607]",28.5554148361585,1.2134208807313291
"[0.3543449160809456, 0.655997502637498, -0.8853905496653627, 0.5292594642778694]",28.55544042913807,1.2134837132127256
"[0.3543374953090915, 0.6559965910196258, -0.8853903976570218, 0.5292604009079007]",28.55546602699704,1.2135465456941221
"[0.35433007536496425, 0.6559956796241244, -0.8853902457571698, 0.5292613372885853]",28.5554916265536,1.2136093781755188
"[0.3543226553478142, 0.6559947683403349, -0.8853900939473547, 0.5292622735336147]",28.55551722862966,1.2136722106569153
"[0.3543152350420568, 0.6559938571417829, -0.8853899422231741, 0.5292632096701833]",28.555542829165613,1.213735043138312
"[0.3543078154647417, 0.655992946153347, -0.8853897906054162, 0.5292641455699927]",28.55556843296722,1.2137978756197088
"[0.3543003956663662, 0.65599203525843, -0.8853896390746706, 0.5292650813528268]",28.555594039674936,1.2138607081011052
"[0.354292975839946, 0.6559911244807295, -0.8853894876348849, 0.5292660169943358]",28.555619647867548,1.213923540582502
"[0.3542855569855645, 0.6559902139429826, -0.8853893363064552, 0.5292669523684315]",28.555645258530514,1.2139863730638984
"[0.35427813773790795, 0.6559893034775888, -0.8853891850615225, 0.5292678876472864]",28.555670866294435,1.214049205545295
"[0.35427071820271894, 0.6559883930975539, -0.8853890339022561, 0.5292688228175315]",28.555696480066285,1.2141120380266919
"[0.3542632995803174, 0.6559874829501315, -0.8853888828531006, 0.5292697577279029]",28.55572209513346,1.2141748705080884
"[0.35425588087984905, 0.6559865729137307, -0.8853887318938671, 0.5292706925033]",28.5557477100027,1.2142377029894849
"[0.3542484623460772, 0.6559856630183853, -0.8853885810295359, 0.5292716271128672]",28.555773327050705,1.2143005354708816
"[0.3542410438106968, 0.6559847532434185, -0.8853884302566827, 0.5292725615778439]",28.555798946219845,1.214363367952278
"[0.35423362587813145, 0.655983843662961, -0.8853882795875815, 0.529273495822082]",28.555824565964034,1.2144262004336748
"[0.35422620690384, 0.6559829340753587, -0.8853881289888393, 0.5292744300527001]",28.555850190244207,1.2144890329150715
"[0.3542187891285962, 0.6559820247553358, -0.8853879785059402, 0.5292753639875261]",28.5558758145726,1.214551865396468
"[0.3542113710447255, 0.6559811155180258, -0.8853878281082831, 0.5292762978164336]",28.555901440607173,1.2146146978778647
"[0.3542039531917449, 0.6559802064295767, -0.8853876778068095, 0.5292772314714792]",28.555927065283665,1.2146775303592612
"[0.3541965358691344, 0.6559792975266636, -0.885387527607574, 0.529278164914996]",28.555952698313064,1.2147403628406577
"[0.35418911850781715, 0.6559783887395308, -0.8853873774990462, 0.5292790982186228]",28.55597832688795,1.2148031953220544
"[0.35418170123751735, 0.6559774800840753, -0.885387227483851, 0.5292800313660292]",28.556003960765555,1.214866027803451
"[0.3541742841745854, 0.6559765715745359, -0.8853870775643379, 0.5292809643425902]",28.55602959406042,1.2149288602848478
"[0.35416686681730386, 0.655975663149457, -0.8853869277303688, 0.5292818972114121]",28.556055226723984,1.2149916927662443
"[0.3541594506862398, 0.6559747549950421, -0.8853867780126434, 0.5292828297812813]",28.556080868848543,1.2150545252476408
"[0.3541520335430882, 0.6559738468371825, -0.8853866283659727, 0.5292837623336736]",28.55610650609741,1.2151173577290375
"[0.3541446172967911, 0.6559729389096179, -0.8853864788288738, 0.5292846946285649]",28.5561321442904,1.215180190210434
"[0.35413720114459496, 0.6559720311140268, -0.8853863293851442, 0.5292856267669184]",28.55615778915287,1.2152430226918307
"[0.35412978466186, 0.6559711233984522, -0.8853861800262324, 0.5292865588020769]",28.556183433667453,1.2153058551732274
"[0.3541223685964626, 0.6559702158544073, -0.8853860307671995, 0.5292874906400733]",28.556209081748985,1.215368687654624
"[0.35411495286858696, 0.6559693084721108, -0.8853858816064262, 0.5292884222909501]",28.556234726373468,1.2154315201360204
"[0.35410753724849847, 0.655968401223436, -0.8853857325392849, 0.5292893537835835]",28.556260379434256,1.2154943526174171
"[0.35410012159273707, 0.6559674940908262, -0.885385583562892, 0.529290285135997]",28.556286027971048,1.2155571850988136
"[0.35409270598571, 0.6559665870846183, -0.885385434678944, 0.5292912163375707]",28.556311676856886,1.2156200175802103
"[0.3540852909395902, 0.655965680267389, -0.8853852858977144, 0.5292921473240647]",28.556337333736206,1.215682850061607
"[0.35407787560755943, 0.6559647735356172, -0.8853851372022077, 0.5292930782017498]",28.556362991753453,1.2157456825430035
"[0.3540704602384892, 0.6559638669197205, -0.885384988597422, 0.5292940089393954]",28.55638864655197,1.2158085150244002
"[0.3540630460137632, 0.6559629605641163, -0.8853848401070131, 0.5292949393887413]",28.556414307493096,1.2158713475057967
"[0.35405563097409154, 0.6559620542292534, -0.8853846916917368, 0.5292958697957075]",28.55643996570036,1.2159341799871932
"[0.35404821707156775, 0.6559611481537634, -0.885384543390659, 0.5292967999153174]",28.5564656306457,1.21599701246859
"[0.3540408021117569, 0.6559602420693945, -0.8853843951598857, 0.5292977300229444]",28.55649129463942,1.2160598449499866
"[0.3540333876713742, 0.6559593361688761, -0.885384247030947, 0.5292986599207369]",28.55651696009623,1.2161226774313834
"[0.3540259738230031, 0.6559584304610294, -0.8853840990052737, 0.5292995895996435]",28.556542627404305,1.2161855099127798
"[0.3540185596704092, 0.6559575248363657, -0.8853839510649681, 0.5293005191720463]",28.556568296101275,1.2162483423941763
"[0.3540111462156185, 0.6559566194172374, -0.8853838032300181, 0.5293014485123597]",28.556593968191578,1.216311174875573
"[0.3540037326555134, 0.6559557141055699, -0.885383655484399, 0.5293023777212438]",28.55661963674644,1.2163740073569698
"[0.35399631902067585, 0.6559548089050885, -0.8853835078287244, 0.5293033067948723]",28.55664531206619,1.2164368398383663
"[0.3539889058042152, 0.6559539038759898, -0.8853833602728114, 0.5293042356714575]",28.556670989910227,1.216499672319763
"[0.3539814925806324, 0.6559529989663129, -0.8853832128081839, 0.5293051644043291]",28.556696665124804,1.2165625048011595
"[0.3539740794345272, 0.6559520941863809, -0.8853830654365246, 0.5293060929828876]",28.556722347465943,1.2166253372825562
"[0.3539666665602482, 0.6559511895599004, -0.8853829181616928, 0.5293070213828005]",28.556748028691516,1.2166881697639527
"[0.353959253768851, 0.6559502850638034, -0.8853827709799282, 0.5293079496277403]",28.556773706750697,1.2167510022453494
"[0.353951841213454, 0.6559493807167601, -0.8853826238942676, 0.5293088776985436]",28.55679939101145,1.216813834726746
"[0.3539444293555612, 0.6559484765750493, -0.8853824769138522, 0.5293098055374559]",28.556825079987895,1.2168766672081426
"[0.3539370169229377, 0.655947572483469, -0.8853823300134515, 0.5293107333037437]",28.5568507644098,1.216939499689539
"[0.35392960430211634, 0.655946668489181, -0.8853821832007421, 0.5293116609490024]",28.556876453766932,1.2170023321709358
"[0.3539221926804389, 0.6559457647369602, -0.8853820364992265, 0.52931258832467]",28.556902145816352,1.2170651646523323
"[0.35391478096467244, 0.6559448610934786, -0.8853818898872503, 0.5293135155675588]",28.556927840937465,1.217127997133729
"[0.353907369403641, 0.6559439575890642, -0.8853817433697356, 0.5293144426465458]",28.556953534894674,1.2171908296151257
"[0.3538999575861914, 0.6559430541735933, -0.8853815969385581, 0.5293153696130587]",28.556979230938527,1.2172536620965222
"[0.3538925463052308, 0.6559421509437069, -0.8853814506093782, 0.5293162963679336]",28.557004928416664,1.217316494577919
"[0.3538851354390419, 0.6559412478845411, -0.8853813043797772, 0.5293172229264225]",28.557030624664215,1.2173793270593154
"[0.3538777242575058, 0.6559403449071206, -0.8853811582353482, 0.5293181493798123]",28.557056324255562,1.2174421595407119
"[0.35387031309941624, 0.6559394420527425, -0.885381012182778, 0.5293190756857252]",28.557082027594674,1.2175049920221086
"[0.35386290276525395, 0.6559385394188586, -0.885380866237828, 0.5293200017441837]",28.557107734372003,1.2175678245035053
"[0.3538554922548327, 0.6559376368836585, -0.8853807203807889, 0.529320927680153]",28.55713343868756,1.2176306569849018
"[0.3538480813515873, 0.6559367344207638, -0.8853805746074102, 0.5293218535206907]",28.55715914870566,1.2176934894662985
"[0.3538406709030192, 0.6559358321333786, -0.8853804289343624, 0.5293227791599155]",28.55718485294162,1.217756321947695
"[0.3538332607985579, 0.6559349300080074, -0.8853802833594584, 0.5293237046116731]",28.55721056339581,1.2178191544290917
"[0.3538258509025927, 0.6559340280281275, -0.8853801378800257, 0.5293246298929108]",28.557236277791485,1.2178819869104882
"[0.35381844123736533, 0.6559331261964395, -0.8853799924964935, 0.5293255550008561]",28.557261992755677,1.217944819391885
"[0.35381103139339276, 0.6559322244630873, -0.8853798472008282, 0.5293264799866498]",28.55728770767778,1.2180076518732816
"[0.3538036216972346, 0.6559313228678189, -0.8853797019994357, 0.5293274048095132]",28.55731342343768,1.2180704843546781
"[0.3537962124699461, 0.6559304214496771, -0.8853795568985962, 0.5293283294293973]",28.557339146686207,1.2181333168360746
"[0.35378880319005274, 0.655929520145208, -0.8853794118880912, 0.5293292539113871]",28.557364864891298,1.2181961493174713
"[0.35378139379992835, 0.655928618947393, -0.8853792669667976, 0.529330178262678]",28.55739058604599,1.218258981798868
"[0.35377398555638445, 0.6559277180090854, -0.8853791221592794, 0.5293311023264882]",28.557416313076352,1.2183218142802648
"[0.353766576387036, 0.6559268170782198, -0.8853789774250258, 0.5293320263613538]",28.557442038214504,1.2183846467616612
"[0.3537591676742231, 0.6559259163229164, -0.8853788327910499, 0.5293329501948343]",28.557467765239707,1.2184474792430577
"[0.3537517590855649, 0.6559250157027391, -0.8853786882508535, 0.5293338738684014]",28.557493494908428,1.2185103117244545
"[0.353744350760856, 0.6559241152346668, -0.8853785438071576, 0.52933479736464]",28.557519226640206,1.218573144205851
"[0.3537369423706477, 0.6559232148786491, -0.8853783994535375, 0.529335720724621]",28.557544954706962,1.2186359766872477
"[0.3537295345374741, 0.6559223147103279, -0.8853782552021148, 0.529336643870769]",28.557570687875998,1.2186988091686444
"[0.3537221264377226, 0.6559214146296105, -0.8853781110368475, 0.5293375669057283]",28.55759642491891,1.2187616416500409
"[0.35371471914950986, 0.6559205147674702, -0.8853779669787082, 0.5293384896951846]",28.557622166185713,1.2188244741314374
"[0.3537073117195101, 0.6559196150080749, -0.8853778230091445, 0.5293394123579203]",28.557647902565606,1.218887306612834
"[0.3536999041213758, 0.6559187153482272, -0.8853776791276518, 0.529340334897209]",28.557673644646727,1.2189501390942306
"[0.353692496360217, 0.6559178157885528, -0.8853775353343373, 0.5293412573124033]",28.557699383929293,1.2190129715756273
"[0.35368508955431094, 0.6559169164648261, -0.8853773916508939, 0.5293421794642797]",28.557725131565718,1.219075804057024
"[0.3536776823569016, 0.6559160172135123, -0.8853772480511876, 0.5293431015205218]",28.55775087344316,1.2191386365384205
"[0.35367027607487284, 0.6559151181932433, -0.885377104560546, 0.5293440233184747]",28.557776623303784,1.2192014690198172
"[0.3536628690759429, 0.6559142192058853, -0.8853769611473424, 0.5293449450612877]",28.557802371409345,1.2192643015012137
"[0.3536554623166335, 0.6559133203675376, -0.8853768178301067, 0.5293458666299171]",28.557828119847898,1.2193271339826102
"[0.35364805600737836, 0.6559124217037096, -0.8853766746128999, 0.5293467879982089]",28.55785387513431,1.2193899664640069
"[0.353640650133382, 0.6559115232125877, -0.8853765314954207, 0.5293477091680211]",28.557879627421677,1.2194527989454036
"[0.35363324372733695, 0.6559106247768192, -0.8853763884589791, 0.5293486302596642]",28.5579053859455,1.2195156314268003
"[0.35362583777142514, 0.655909726515531, -0.8853762455225462, 0.529349551151005]",28.557931140652023,1.2195784639081968
"[0.3536184321414937, 0.6559088284136569, -0.8853761026837128, 0.529350471857487]",28.557956902481454,1.2196412963895933
"[0.35361102624923685, 0.655907930399841, -0.885375959931132, 0.5293513924522592]",28.557982660648367,1.21970412887099
"[0.35360362076324525, 0.6559070325551485, -0.8853758172776902, 0.5293523128522145]",28.558008422091373,1.2197669613523865
"[0.35359621548480535, 0.6559061348554759, -0.8853756747195491, 0.5293532330820598]",28.55803418644345,1.2198297938337832
"[0.3535888106210014, 0.6559052373258827, -0.8853755322606859, 0.529354153116109]",28.558059951320097,1.21989262631518
"[0.3535814055249819, 0.6559043398879844, -0.8853753898886525, 0.529355073034706]",28.558085720072004,1.2199554587965764
"[0.35357400051109406, 0.655903442579866, -0.8853752476094982, 0.5293559927988081]",28.55811149341117,1.2200182912779731
"[0.35356659582105565, 0.6559025454308067, -0.8853751054278607, 0.5293569123784009]",28.558137260952382,1.2200811237593696
"[0.35355919116499585, 0.6559016484056911, -0.8853749633381681, 0.5293578318094739]",28.558163030446153,1.220143956240766
"[0.35355178687565697, 0.6559007515447656, -0.8853748213468005, 0.5293587510507798]",28.55818880834268,1.220206788722163
"[0.35354438274271127, 0.6558998548225907, -0.8853746794497155, 0.5293596701283836]",28.558214583310754,1.2202696212035595
"[0.35353697813906493, 0.6558989581631806, -0.8853745376349029, 0.5293605891201665]",28.558240359763573,1.220332453684956
"[0.3535295746041588, 0.6558980617529675, -0.8853743959318354, 0.5293615078350477]",28.558266139240956,1.2203952861663527
"[0.3535221704816072, 0.6558971653913719, -0.8853742543088036, 0.5293624264785973]",28.558291919113763,1.2204581186477492
"[0.3535147669565174, 0.655896269221862, -0.8853741127884766, 0.5293633449037761]",28.558317699108475,1.220520951129146
"[0.35350736293739543, 0.6558953731123093, -0.8853739713499893, 0.5293642632459917]",28.558343482769754,1.2205837836105426
"[0.353499959815068, 0.6558944772310329, -0.8853738300199046, 0.5293651813327466]",28.558369269090377,1.2206466160919391
"[0.3534925560821246, 0.6558935813956049, -0.8853736887694409, 0.529366099350988]",28.558395056089676,1.2207094485733359
"[0.3534851536329032, 0.6558926858352161, -0.8853735476347285, 0.5293670170658482]",28.558420844368403,1.2207722810547323
"[0.35347775058292247, 0.655891790321858, -0.8853734065798262, 0.5293679347109765]",28.55844663716398,1.2208351135361288
"[0.35347034804729655, 0.6558908949904202, -0.8853732656259838, 0.5293688521481447]",28.558472432441185,1.2208979460175255
"[0.35346294537967843, 0.6558899997627153, -0.8853731247608888, 0.5293697694574682]",28.55849822332394,1.2209607784989223
"[0.35345554272612745, 0.6558891046564022, -0.8853729839873238, 0.5293706866208495]",28.558524017726644,1.2210236109803188
"[0.3534481404866927, 0.6558882097198547, -0.8853728433128893, 0.5293716035887184]",28.55854981608669,1.2210864434617155
"[0.3534407379809153, 0.6558873148707636, -0.885372702724653, 0.5293725204454122]",28.558575614790954,1.221149275943112
"[0.3534333360112343, 0.6558864202061538, -0.8853725622378508, 0.5293734370915117]",28.558601413971367,1.2212121084245087
"[0.3534259344412102, 0.6558855257095111, -0.8853724218498764, 0.5293743535439384]",28.558627218610496,1.2212749409059052
"[0.3534185324064558, 0.6558846312763271, -0.8853722815443392, 0.5293752699097659]",28.558653019065254,1.2213377733873019
"[0.35341113122010753, 0.655883737065322, -0.8853721413461222, 0.5293761860263733]",28.558678829382522,1.2214006058686986
"[0.3534037294096802, 0.655882842898522, -0.8853720012273307, 0.5293771020760984]",28.55870463337234,1.221463438350095
"[0.35339632853716657, 0.6558819489646545, -0.8853718612175282, 0.5293780178655877]",28.558730443371495,1.2215262708314916
"[0.3533889270381058, 0.6558810550747269, -0.8853717212871153, 0.529378933588453]",28.55875625007815,1.2215891033128883
"[0.35338152599030986, 0.6558801613589087, -0.8853715814564721, 0.5293798491113414]",28.558782065151156,1.2216519357942848
"[0.35337412558211334, 0.65587926783991, -0.8853714417291384, 0.52938076441099]",28.55880787894358,1.2217147682756815
"[0.3533667244259498, 0.6558783743501991, -0.8853713020789191, 0.5293816796590097]",28.55883369363637,1.2217776007570782
"[0.35335932430553935, 0.6558774811050997, -0.8853711625394665, 0.5293825946348307]",28.55885950964907,1.2218404332384747
"[0.35335192353191686, 0.6558765879007311, -0.8853710230789267, 0.529383509547291]",28.558885328637455,1.2219032657198714
"[0.35334452361911983, 0.6558756949198131, -0.8853708837258286, 0.529384424209228]",28.558911151449166,1.221966098201268
"[0.3533371235439351, 0.6558748020388532, -0.8853707444608913, 0.5293853387471315]",28.558936972509507,1.2220289306826644
"[0.353329723402343, 0.6558739092694252, -0.8853706052859266, 0.5293862531491426]",28.5589627950652,1.222091763164061
"[0.3533223236738686, 0.6558730166693788, -0.8853704662099481, 0.5293871673560065]",28.558988621935328,1.2221545956454578
"[0.3533149242821044, 0.6558721242294742, -0.8853703272315068, 0.5293880813771863]",28.55901444775893,1.2222174281268545
"[0.35330752479337796, 0.655871231897386, -0.8853701883424544, 0.5293889952662718]",28.55904027653188,1.222280260608251
"[0.3533001257607405, 0.6558703397398012, -0.8853700495531667, 0.5293899089549617]",28.559066106988908,1.2223430930896475
"[0.35329272611793655, 0.6558694476281607, -0.885369910843647, 0.5293908225749125]",28.559091938663084,1.2224059255710442
"[0.35328532691007136, 0.6558685556884594, -0.885369772233491, 0.5293917359970877]",28.559117772837684,1.222468758052441
"[0.35327792852728196, 0.6558676639676932, -0.8853696337299847, 0.529392649173361]",28.559143605159136,1.2225315905338374
"[0.35327052998863706, 0.6558667723476117, -0.8853694953147542, 0.5293935622248276]",28.559169443489168,1.2225944230152341
"[0.35326313132819237, 0.6558658808323208, -0.8853693569884421, 0.5293944751472776]",28.559195286318275,1.2226572554966306
"[0.3532557327512117, 0.6558649894465526, -0.8853692187548888, 0.5293953879153809]",28.559221125862244,1.2227200879780271
"[0.35324833424075425, 0.6558640981882579, -0.885369080613776, 0.529396300531233]",28.55924696826496,1.2227829204594238
"[0.353240936465763, 0.6558632071379996, -0.8853689425775799, 0.5293972129123404]",28.55927280786177,1.2228457529408205
"[0.35323353823936865, 0.6558623161528081, -0.8853688046241512, 0.5293981252050922]",28.55929865424039,1.2229085854222173
"[0.35322614065067254, 0.6558614253638398, -0.8853686667737961, 0.5293990372751929]",28.559324502149465,1.2229714179036137
"[0.3532187433993115, 0.6558605347349024, -0.8853685290209008, 0.5293999491596992]",28.559350352225398,1.2230342503850102
"[0.3532113452225714, 0.6558596441139654, -0.8853683913419625, 0.5294008610142655]",28.55937619949826,1.223097082866407
"[0.3532039475539309, 0.6558587536736182, -0.8853682537636677, 0.5294017726621789]",28.559402051642238,1.2231599153478034
"[0.3531965505004692, 0.6558578634266998, -0.8853681162879876, 0.5294026840902992]",28.55942790601675,1.2232227478292002
"[0.3531891534478205, 0.6558569732992674, -0.885367978903495, 0.5294035953743249]",28.559453761009713,1.2232855803105969
"[0.3531817562599364, 0.6558560832749442, -0.8853678416076662, 0.5294045065310187]",28.559479616206296,1.2233484127919934
"[0.35317436015571935, 0.6558551935003608, -0.8853677044231084, 0.5294054174102686]",28.55950547619926,1.22341124527339
"[0.3531669629627334, 0.6558543037141642, -0.8853675673095286, 0.529406328279623]",28.559531337195587,1.2234740777547866
"[0.35315956653142355, 0.6558534141389414, -0.8853674303012335, 0.529407238911216]",28.55955719592817,1.223536910236183
"[0.3531521700523924, 0.6558525246773266, -0.8853672933832186, 0.529408149404716]",28.559583059966254,1.2235997427175798
"[0.353144774122316, 0.6558516354010544, -0.8853671565665211, 0.5294090596866923]",28.5596089247381,1.2236625751989765
"[0.35313737805991063, 0.6558507462281978, -0.8853670198385312, 0.5294099698410042]",28.559634793985005,1.223725407680373
"[0.3531299820233131, 0.6558498571777682, -0.8853668832021763, 0.529410879848187]",28.559660661756695,1.2237882401617697
"[0.35312258650161893, 0.6558489683085323, -0.8853667466664825, 0.5294117896480892]",28.559686531950746,1.2238510726431662
"[0.35311519054409696, 0.6558480795062263, -0.8853666102138985, 0.52941269935766]",28.55971240260168,1.2239139051245629
"[0.35310779554604493, 0.6558471909385085, -0.8853664738701575, 0.5294136088052966]",28.559738278166687,1.2239767376059594
"[0.3531004002628051, 0.6558463024558049, -0.8853663376123008, 0.5294145181440867]",28.559764151677253,1.224039570087356
"[0.35309300517628245, 0.6558454141160095, -0.8853662014492106, 0.5294154273147732]",28.55979002839719,1.2241024025687528
"[0.35308560942926176, 0.6558445258161568, -0.8853660653651126, 0.5294163364227303]",28.55981590901653,1.2241652350501493
"[0.35307821534180867, 0.6558436378348811, -0.8853659294026801, 0.5294172451827974]",28.559841787714884,1.2242280675315458
"[0.3530708205883808, 0.6558427498928739, -0.8853657935191336, 0.5294181538808194]",28.55986766546108,1.2242909000129425
"[0.35306342566392257, 0.6558418620495879, -0.8853656577235852, 0.5294190624559455]",28.559893552692376,1.224353732494339
"[0.3530560317926109, 0.6558409744519538, -0.8853655220384999, 0.5294199707578171]",28.559919438470757,1.2244165649757357
"[0.35304863732829744, 0.6558400869023675, -0.8853653864336618, 0.529420878988643]",28.559945323850123,1.2244793974571324
"[0.35304124347045246, 0.6558391995447882, -0.8853652509310689, 0.5294217870011064]",28.559971209414623,1.224542229938529
"[0.3530338493519987, 0.6558383122751551, -0.8853651155148249, 0.5294226949016874]",28.559997101740986,1.2246050624199256
"[0.3530264554703081, 0.6558374251531386, -0.8853649801940413, 0.5294236026293248]",28.56002299481893,1.224667894901322
"[0.3530190620209212, 0.6558365382021427, -0.8853648449722864, 0.5294245101600754]",28.560048882760466,1.2247307273827188
"[0.35301166819975593, 0.6558356513257595, -0.8853647098348526, 0.5294254175925728]",28.560074781461058,1.2247935598641155
"[0.35300427542465657, 0.6558347646940145, -0.8853645748076436, 0.5294263247528527]",28.560100678910526,1.224856392345512
"[0.35299688203308266, 0.655833878107502, -0.8853644398602872, 0.5294272318449359]",28.56012657712735,1.2249192248269085
"[0.35298948870876257, 0.6558329916482227, -0.8853643050052745, 0.5294281387849186]",28.560152476316883,1.2249820573083052
"[0.35298209598580704, 0.6558321053801915, -0.8853641702523362, 0.5294290455073069]",28.560178379417554,1.2250448897897017
"[0.3529747032565164, 0.655831219230543, -0.8853640355903855, 0.5294299520866463]",28.560204281229634,1.2251077222710984
"[0.35296731086767097, 0.6558303332408315, -0.8853639010257347, 0.5294308584804224]",28.560230186214504,1.2251705547524951
"[0.352959918083319, 0.6558294473228493, -0.8853637665449899, 0.5294317647788692]",28.560256092393367,1.2252333872338916
"[0.3529525258257389, 0.6558285615871106, -0.8853636321649261, 0.5294326708689286]",28.560282002048766,1.2252962197152883
"[0.35294513384881976, 0.6558276760041053, -0.8853634978810563, 0.529433576780788]",28.560307911855762,1.2253590521966848
"[0.3529377419349336, 0.6558267905477482, -0.8853633636894218, 0.5294344825411285]",28.560333819527553,1.2254218846780813
"[0.3529303501088701, 0.6558259052210013, -0.8853632295904713, 0.5294353881469178]",28.56035973481493,1.225484717159478
"[0.35292295764698595, 0.6558250199372024, -0.885363095571088, 0.5294362936867969]",28.5603856500687,1.2255475496408748
"[0.3529155666305454, 0.655824134945571, -0.8853629616689903, 0.5294371989058432]",28.560411564044983,1.2256103821222715
"[0.352908175641989, 0.6558232500763305, -0.8853628278584701, 0.5294381039777175]",28.560437481906956,1.225673214603668
"[0.3529007839647938, 0.655822365243709, -0.8853626941265688, 0.5294390089901423]",28.560463402049088,1.2257360470850645
"[0.35289339273313375, 0.6558214805834778, -0.8853625604938118, 0.5294399138042457]",28.560489324001423,1.2257988795664612
"[0.35288600214043014, 0.6558205961187564, -0.8853624269636777, 0.5294408183963819]",28.560515247757497,1.2258617120478577
"[0.35287861151975886, 0.6558197117697143, -0.8853622935241066, 0.5294417228481975]",28.560541168674803,1.2259245445292544
"[0.3528712203389519, 0.6558188274726868, -0.8853621601655021, 0.5294426272247975]",28.56056709890954,1.225987377010651
"[0.35286382995028076, 0.6558179433894448, -0.8853620269122607, 0.5294435313607359]",28.560593026645712,1.2260502094920476
"[0.3528564395620477, 0.6558170594252616, -0.8853618937500937, 0.5294444353528874]",28.560618955208533,1.226113041973444
"[0.3528490494035638, 0.6558161756075601, -0.88536176068313, 0.5294453391732045]",28.560644886878002,1.2261758744548408
"[0.3528416594319, 0.6558152919311915, -0.8853616277105901, 0.5294462428269507]",28.560670823014764,1.2262387069362373
"[0.3528342694715549, 0.6558144083751563, -0.8853614948293145, 0.5294471463355981]",28.560696752745596,1.226301539417634
"[0.352826879508562, 0.6558135249377851, -0.8853613620390526, 0.5294480497008495]",28.56072269028877,1.2263643718990307
"[0.3528194899354678, 0.6558126416659918, -0.8853612293468522, 0.5294489528747303]",28.56074862988374,1.2264272043804272
"[0.3528121007331305, 0.6558117585574671, -0.8853610967523571, 0.5294498558596022]",28.560774568139745,1.226490036861824
"[0.3528047108934001, 0.6558108754917243, -0.8853609642374825, 0.5294507587786585]",28.56080051050471,1.2265528693432204
"[0.3527973218903908, 0.6558099926449119, -0.8853608318286603, 0.5294516614517875]",28.560826452150305,1.226615701824617
"[0.3527899334193058, 0.6558091099805667, -0.8853606995204044, 0.5294525639162744]",28.56085239541599,1.2266785343060138
"[0.35278254403285403, 0.6558082273258031, -0.8853605672868065, 0.529453466348876]",28.56087834158271,1.2267413667874103
"[0.3527751550802681, 0.6558073448417915, -0.8853604351520202, 0.5294543685848059]",28.560904289168676,1.226804199268807
"[0.3527677667545766, 0.6558064625515517, -0.8853603031194806, 0.5294552706005298]",28.560930241876118,1.2268670317502035
"[0.35276037885926953, 0.6558055804316218, -0.8853601711856565, 0.5294561724200306]",28.56095619060324,1.2269298642316
"[0.35275299013355227, 0.6558046983313821, -0.8853600393280421, 0.5294570741972985]",28.560982144321677,1.2269926967129967
"[0.3527456021006132, 0.6558038164327616, -0.8853599075738231, 0.5294579757463295]",28.56100809848548,1.2270555291943934
"[0.35273821429546554, 0.655802934680204, -0.8853597759146917, 0.5294588771239225]",28.561034057977828,1.22711836167579
"[0.3527308263793755, 0.6558020530332673, -0.8853596443446106, 0.5294597783714164]",28.56106001132518,1.2271811941571866
"[0.3527234385196705, 0.6558011715119325, -0.8853595128665614, 0.529460679468381]",28.561085971930048,1.2272440266385831
"[0.35271605100465236, 0.655800290150563, -0.8853593814856698, 0.5294615803796897]",28.561111933540975,1.2273068591199798
"[0.35270866365951953, 0.6557994089283051, -0.8853592501988178, 0.5294624811266565]",28.56113789416764,1.2273696916013763
"[0.35270127615191194, 0.655798527805507, -0.8853591190001003, 0.5294633817498073]",28.56116385827292,1.227432524082773
"[0.35269388957467457, 0.6557976469124976, -0.8853589879089132, 0.5294642821159279]",28.56118982606165,1.2274953565641697
"[0.35268650283636216, 0.6557967661190708, -0.8853588569058733, 0.5294651823581057]",28.561215791844997,1.2275581890455662
"[0.3526791155672482, 0.6557958853811783, -0.8853587259844368, 0.5294660825213515]",28.561241760026437,1.2276210215269627
"[0.3526717288724789, 0.6557950048305649, -0.8853585951641918, 0.5294669824710124]",28.561267733314573,1.2276838540083594
"[0.3526643423588052, 0.6557941244203309, -0.8853584644381596, 0.5294678822550211]",28.561293704796356,1.227746686489756
"[0.35265695597201946, 0.6557932441440273, -0.8853583338053769, 0.5294687818799625]",28.561319682149758,1.2278095189711526
"[0.35264957010441883, 0.6557923640483232, -0.8853582032727719, 0.52946968129815]",28.561345656742482,1.2278723514525494
"[0.3526421839350993, 0.6557914840354508, -0.8853580728258331, 0.529470580609487]",28.561371634673147,1.2279351839339459
"[0.3526347981365448, 0.6557906041855122, -0.8853579424764367, 0.5294714797321134]",28.561397613708543,1.2279980164153426
"[0.35262741257956637, 0.6557897244830938, -0.8853578122222938, 0.5294723786817797]",28.56142359378682,1.228060848896739
"[0.35262002651682817, 0.6557888448391862, -0.8853576820502294, 0.529473277549438]",28.56144957799474,1.2281236813781355
"[0.35261264100067374, 0.6557879653791119, -0.8853575519787908, 0.529474176207023]",28.56147555887409,1.2281865138595323
"[0.35260525559202366, 0.655787086050567, -0.8853574220002345, 0.5294750747079795]",28.561501547067294,1.228249346340929
"[0.35259787080139665, 0.6557862069143132, -0.885357292123533, 0.5294759729902212]",28.561527534416474,1.2283121788223255
"[0.3525904857861206, 0.6557853278700273, -0.8853571623338606, 0.5294768711562527]",28.5615535212609,1.2283750113037222
"[0.35258310139181614, 0.655784449018342, -0.8853570326460721, 0.5294777691032517]",28.561579512151887,1.2284378437851187
"[0.3525757162490427, 0.6557835701962677, -0.885356903036121, 0.5294786669977457]",28.56160550278822,1.2285006762665154
"[0.3525683318367609, 0.6557826915798053, -0.8853567735299649, 0.5294795646599084]",28.561631498749446,1.228563508747912
"[0.3525609471838278, 0.6557818130533934, -0.8853566441105639, 0.529480462207805]",28.561657496689335,1.2286263412293086
"[0.35255356312533576, 0.6557809347163617, -0.8853565147925485, 0.5294813595399536]",28.561683493769777,1.2286891737107053
"[0.3525461788100408, 0.6557800564674453, -0.8853563855610058, 0.5294822567598062]",28.561709490884358,1.2287520061921018
"[0.3525387947532699, 0.6557791783679406, -0.8853562564249552, 0.5294831538047373]",28.56173549118227,1.2288148386734983
"[0.35253141103383084, 0.6557783004271691, -0.8853561273857663, 0.529484050665228]",28.561761495937805,1.228877671154895
"[0.3525240273022749, 0.6557774226036016, -0.885355998437326, 0.5294849473836956]",28.561787499158005,1.2289405036362917
"[0.3525166439737793, 0.6557765449465729, -0.8853558695868801, 0.5294858439097428]",28.561813506162412,1.2290033361176884
"[0.35250926076296546, 0.655775667422144, -0.8853557408294391, 0.5294867402780368]",28.5618395149318,1.229066168599085
"[0.3525018776886573, 0.6557747900325432, -0.8853556121653285, 0.5294876364862988]",28.56186552180583,1.2291290010804814
"[0.35249449422612994, 0.6557739127154154, -0.8853554835854097, 0.5294885325982167]",28.561891532664653,1.2291918335618781
"[0.3524871110285122, 0.655773035548365, -0.8853553551010599, 0.529489428534519]",28.56191754220066,1.2292546660432746
"[0.3524797284762011, 0.6557721585765619, -0.8853552267188838, 0.5294903242490695]",28.561943556784428,1.2293174985246713
"[0.3524723457249358, 0.6557712816997098, -0.8853550984241925, 0.5294912198443058]",28.56196957395257,1.229380331006068
"[0.35246496351179346, 0.6557704050053152, -0.8853549702297904, 0.5294921152308538]",28.561995592606912,1.2294431634874645
"[0.35245758103736974, 0.6557695283984617, -0.8853548421217907, 0.5294930105056483]",28.562021607472158,1.2295059959688612
"[0.3524501988726419, 0.6557686519469567, -0.885354714110102, 0.5294939055994318]",28.562047627982672,1.2295688284502577
"[0.3524428169931543, 0.6557677756478036, -0.8853545861942916, 0.5294948005152742]",28.562073652442567,1.2296316609316542
"[0.3524354349981399, 0.6557668994535086, -0.8853544583674121, 0.5294956953016626]",28.562099673157068,1.229694493413051
"[0.3524280532781682, 0.655766023410363, -0.8853543306362255, 0.5294965899113299]",28.56212569970601,1.2297573258944476
"[0.3524206719300271, 0.655765147529875, -0.8853542030023952, 0.5294974843325161]",28.562151727515296,1.2298201583758441
"[0.3524132900671489, 0.6557642717068081, -0.885354075450596, 0.5294983786726867]",28.56217775608781,1.2298829908572408
"[0.35240590900981694, 0.6557633960978222, -0.8853539480036366, 0.529499272771863]",28.562203787107393,1.2299458233386373
"[0.3523985277953153, 0.6557625205886829, -0.8853538206448832, 0.5295001667466926]",28.562229818580153,1.2300086558200338
"[0.35239114687008566, 0.6557616452323376, -0.8853536933820381, 0.5295010605431085]",28.56225584989321,1.2300714883014305
"[0.3523837662837294, 0.6557607700346494, -0.8853535662159459, 0.5295019541551224]",28.562281887111535,1.2301343207828273
"[0.3523763858848429, 0.6557598949776509, -0.8853534391439898, 0.5295028476010788]",28.562307922764237,1.230197153264224
"[0.3523690046101037, 0.6557590199352854, -0.8853533121478759, 0.5295037410096756]",28.56233396184604,1.2302599857456205
"[0.35236162453765807, 0.6557581451538903, -0.8853531852633539, 0.5295046341294048]",28.562360002635693,1.230322818227017
"[0.3523542440763396, 0.6557572704448611, -0.8853530584630542, 0.5295055271528215]",28.562386043721997,1.2303856507084137
"[0.3523468638366368, 0.6557563958805089, -0.8853529317574692, 0.529506420006102]",28.56241208718691,1.2304484831898101
"[0.352339484079102, 0.6557555214917307, -0.8853528051510606, 0.5295073126576958]",28.562438133095757,1.2305113156712069
"[0.3523321040413275, 0.6557546471881701, -0.885352678630746, 0.5295082051998471]",28.56246417833547,1.2305741481526036
"[0.3523247245361075, 0.6557537730661075, -0.8853525522104561, 0.5295090975342637]",28.562490227551702,1.230636980634
"[0.35231734492571254, 0.6557528990499882, -0.8853524258792597, 0.5295099897380728]",28.562516277805717,1.2306998131153968
"[0.35230996578848245, 0.655752025208298, -0.8853522996470512, 0.5295108817413613]",28.562542328473853,1.2307626455967933
"[0.35230258647445073, 0.6557511514640544, -0.885352173502708, 0.5295117736227097]",28.562568385910577,1.23082547807819
"[0.3522952073503906, 0.655750277860683, -0.8853520474525008, 0.5295126653377866]",28.562594438065517,1.2308883105595867
"[0.35228782829456873, 0.655749404383761, -0.8853519214943469, 0.5295135569013121]",28.56262049381148,1.2309511430409832
"[0.352280449565264, 0.6557485310638546, -0.8853517956326484, 0.5295144482820836]",28.56264655182093,1.2310139755223797
"[0.35227307106757466, 0.6557476578896989, -0.8853516698657783, 0.5295153394916001]",28.562672613245997,1.2310768080037764
"[0.35226569276098696, 0.6557467848565012, -0.885351544193039, 0.5295162305347497]",28.562698675023448,1.2311396404851729
"[0.3522583143764496, 0.6557459119324155, -0.885351418609847, 0.5295171214440325]",28.562724738844295,1.2312024729665696
"[0.3522509363478447, 0.655745039168762, -0.8853512931235837, 0.5295180121670683]",28.56275080410138,1.2312653054479663
"[0.35224355813765007, 0.6557441665019509, -0.8853511677251046, 0.5295189027687526]",28.562776871823335,1.2313281379293628
"[0.35223618041218274, 0.6557432940107758, -0.8853510424257302, 0.5295197931686706]",28.562802937976056,1.2313909704107595
"[0.3522288026192148, 0.6557424216299303, -0.8853509172160746, 0.5295206834334653]",28.56282900971197,1.231453802892156
"[0.35222142498887604, 0.6557415493865933, -0.8853507921000436, 0.5295215735354014]",28.562855081107777,1.2315166353735525
"[0.35221404771435033, 0.6557406773036114, -0.8853506670809055, 0.5295224634511598]",28.562881153147632,1.2315794678549492
"[0.3522066700297097, 0.655739805290435, -0.8853505421456815, 0.5295233532731384]",28.562907226751463,1.231642300336346
"[0.35219929302923897, 0.6557389334763929, -0.8853504173128995, 0.529524242869365]",28.56293330514059,1.2317051328177424
"[0.35219191601129235, 0.6557380617785484, -0.8853502925706753, 0.5295251323244662]",28.562959382340008,1.2317679652991391
"[0.35218453926312143, 0.6557371902308247, -0.8853501679238622, 0.5295260216038273]",28.562985461555975,1.2318307977805356
"[0.35217716233014656, 0.6557363187795193, -0.8853500433647796, 0.529526910762238]",28.563011540808915,1.2318936302619323
"[0.35216978598562554, 0.6557354475159654, -0.8853499189064772, 0.5295277997065077]",28.563037624574378,1.2319564627433288
"[0.35216240951387945, 0.6557345763556018, -0.8853497945368728, 0.5295286885229135]",28.563063707040033,1.2320192952247255
"[0.3521550336144087, 0.655733705381045, -0.8853496702677526, 0.5295295771271608]",28.56308979645215,1.2320821277061222
"[0.35214765683675087, 0.6557328344210026, -0.8853495460746864, 0.5295304656940057]",28.563115884479394,1.2321449601875187
"[0.35214028134343717, 0.6557319637308073, -0.8853494219940757, 0.5295313539629505]",28.563141974643273,1.2322077926689152
"[0.3521329053745371, 0.6557310931026624, -0.885349297996299, 0.5295322421459873]",28.56316806679958,1.232270625150312
"[0.352125529994894, 0.6557302226622357, -0.8853491740992567, 0.5295331301149145]",28.56319415634712,1.2323334576317084
"[0.3521181543190064, 0.6557293523050386, -0.8853490502880692, 0.5295340179763169]",28.563220253953833,1.2323962901131051
"[0.3521107786744187, 0.6557284820697061, -0.8853489265682409, 0.5295349056907817]",28.56324635044899,1.2324591225945019
"[0.352103403499198, 0.655727612007918, -0.8853488029471119, 0.5295357932055881]",28.563272446673828,1.2325219550758983
"[0.35209602845924587, 0.6557267420802404, -0.8853486794190725, 0.5295366805609599]",28.563298545177194,1.232584787557295
"[0.3520886534901182, 0.6557258722790623, -0.8853485559830405, 0.529537567764658]",28.5633246492047,1.2326476200386915
"[0.35208127889497864, 0.6557250026401252, -0.885348432644083, 0.5295384547802242]",28.56335074779629,1.232710452520088
"[0.35207390413977807, 0.6557241331004422, -0.8853483093932663, 0.5295393416719012]",28.56337685651456,1.232773285001485
"[0.352066529776143, 0.6557232637250465, -0.885348186239805, 0.5295402283733551]",28.563402962978422,1.2328361174828815
"[0.35205915526146747, 0.6557223944499595, -0.8853480631746357, 0.5295411149498371]",28.5634290695318,1.2328989499642782
"[0.3520517813004764, 0.655721525358238, -0.8853479402095114, 0.5295420013166362]",28.563455179413825,1.2329617824456747
"[0.35204440755314886, 0.6557206564097853, -0.8853478173387499, 0.5295428875146445]",28.563481290425223,1.2330246149270712
"[0.35203703332074254, 0.6557197875222645, -0.8853476945507143, 0.5295437736278288]",28.563507403952844,1.2330874474084679
"[0.35202966001071634, 0.6557189188614917, -0.8853475718688326, 0.529544659487085]",28.56353351885381,1.2331502798898646
"[0.3520222860797702, 0.6557180502456453, -0.8853474492674227, 0.5295455452778306]",28.56355963429134,1.233213112371261
"[0.35201491271567803, 0.6557171818146346, -0.8853473267662348, 0.5295464308573872]",28.563585749862536,1.2332759448526578
"[0.3520075391789444, 0.6557163134813492, -0.8853472043529772, 0.5295473163145827]",28.563611867447577,1.2333387773340543
"[0.35200016614957536, 0.6557154453258581, -0.8853470820389341, 0.5295482015677669]",28.563637989809965,1.233401609815451
"[0.3519927931904514, 0.6557145772966735, -0.8853469598168446, 0.5295490866694413]",28.563664112710153,1.2334644422968475
"[0.35198542037163194, 0.6557137094020355, -0.8853468376878674, 0.5295499716111999]",28.563690235658854,1.2335272747782442
"[0.35197804729381166, 0.6557128415949388, -0.8853467156453916, 0.5295508564409679]",28.563716363051796,1.233590107259641
"[0.35197067471815946, 0.655711973964964, -0.8853465937020132, 0.5295517410674042]",28.563742490427884,1.2336529397410374
"[0.3519633024480591, 0.655711106488948, -0.8853464718544665, 0.5295526255141256]",28.56376861789576,1.233715772222434
"[0.35195593017935967, 0.6557102391310953, -0.8853463500977198, 0.5295535098176265]",28.56379474956522,1.2337786047038306
"[0.3519485581725381, 0.6557093719220333, -0.885346228436072, 0.529554393946678]",28.56382088117042,1.233841437185227
"[0.3519411862540084, 0.6557085048413401, -0.8853461068666527, 0.5295552779220978]",28.563847016836284,1.2339042696666238
"[0.35193381451972566, 0.6557076379002957, -0.8853459853910406, 0.5295561617323827]",28.563873150942698,1.2339671021480205
"[0.35192644261898914, 0.6557067710576218, -0.8853458640034582, 0.5295570454196155]",28.563899292109866,1.234029934629417
"[0.3519190710915351, 0.6557059043768153, -0.8853457427127895, 0.5295579289190565]",28.563925427477106,1.2340927671108137
"[0.35191169987369963, 0.655705037850343, -0.8853456215179761, 0.5295588122383885]",28.563951569064823,1.2341555995922102
"[0.35190432837631025, 0.6557041714089583, -0.8853455004093316, 0.5295596954481947]",28.5639777065019,1.2342184320736067
"[0.35189695725534526, 0.6557033051297568, -0.885345379397633, 0.5295605784698834]",28.564003852692178,1.2342812645550034
"[0.35188958678367793, 0.655702439044767, -0.8853452584873419, 0.5295614612708107]",28.564030000055805,1.2343440970364001
"[0.35188221555964405, 0.6557015729892898, -0.8853451376554682, 0.5295623440188487]",28.564056146000787,1.2344069295177966
"[0.3518748451319882, 0.6557007071452897, -0.8853450169273993, 0.5295632265285212]",28.56408229755198,1.2344697619991933
"[0.35186747435011384, 0.6556998413775748, -0.8853448962842817, 0.529564108937623]",28.564108447739706,1.2345325944805898
"[0.3518601036829033, 0.6556989757412308, -0.8853447757337962, 0.5295649911900024]",28.56413459682591,1.2345954269619865
"[0.351852734064621, 0.6556981103459464, -0.8853446552912019, 0.529565873173868]",28.564160752566114,1.234658259443383
"[0.351845363678753, 0.6556972449784049, -0.8853445349268082, 0.5295667551066224]",28.564186906539835,1.2347210919247797
"[0.3518379941936227, 0.655696379834475, -0.8853444146678585, 0.5295676367886455]",28.564213064072728,1.2347839244061765
"[0.35183062418288324, 0.6556955147467022, -0.8853442944910714, 0.52956851839059]",28.564239221174013,1.234846756887573
"[0.3518232543881436, 0.6556946498021379, -0.8853441744085467, 0.529569399823738]",28.564265382874424,1.2349095893689694
"[0.3518158852202492, 0.6556937850489769, -0.8853440544269646, 0.5295702810389755]",28.56429154746425,1.2349724218503662
"[0.35180851602019114, 0.6556929204098695, -0.8853439345355851, 0.5295711621151241]",28.564317710633865,1.2350352543317629
"[0.35180114656878364, 0.6556920558591, -0.8853438147308487, 0.529572043078384]",28.564343872267404,1.2350980868131596
"[0.35179377777710646, 0.6556911915035405, -0.8853436950275616, 0.5295729238198511]",28.564370041030873,1.235160919294556
"[0.35178640845993375, 0.6556903272041565, -0.8853435754064679, 0.5295738044811931]",28.564396209482204,1.2352237517759526
"[0.35177904001832483, 0.6556894631252752, -0.8853434558903047, 0.5295746848949677]",28.564422379556085,1.2352865842573493
"[0.35177167138516047, 0.655688599141686, -0.8853433364617534, 0.5295755651887591]",28.564448551000957,1.2353494167387458
"[0.35176430338393133, 0.6556877353499833, -0.8853432171341526, 0.5295764452641402]",28.564474724456836,1.2354122492201425
"[0.35175693426668386, 0.6556868715452348, -0.8853430978792041, 0.5295773253299031]",28.56450090054408,1.2354750817015392
"[0.35174956652592954, 0.6556860080196021, -0.8853429787372412, 0.5295782050883836]",28.564527078197514,1.2355379141829357
"[0.3517421986106001, 0.6556851445912613, -0.8853428596831605, 0.5295790847248261]",28.56455325416155,1.2356007466643322
"[0.3517348305772828, 0.6556842812668486, -0.8853427407178833, 0.5295799642324638]",28.564579433590083,1.2356635791457289
"[0.35172746309449665, 0.6556834181246811, -0.8853426218521967, 0.5295808435315105]",28.56460561712839,1.2357264116271254
"[0.35172009561465395, 0.655682555100588, -0.8853425030772568, 0.5295817226873366]",28.564631800260322,1.235789244108522
"[0.3517127277757935, 0.655681692152182, -0.8853423843872371, 0.5295826017431167]",28.56465798522765,1.2358520765899188
"[0.3517053608868754, 0.6556808294327376, -0.8853422658032134, 0.5295834805427145]",28.564684169610942,1.2359149090713153
"[0.35169799346064445, 0.6556799667680893, -0.8853421473012391, 0.5295843592635398]",28.564710360991302,1.235977741552712
"[0.3516906268744338, 0.6556791043195047, -0.8853420289034639, 0.5295852377413192]",28.564736547477604,1.2360405740341085
"[0.3516832599508021, 0.6556782419490894, -0.8853419105909556, 0.529586116116513]",28.564762739712094,1.236103406515505
"[0.3516758932234163, 0.6556773797193445, -0.8853417923722888, 0.5295869943254515]",28.564788933880486,1.2361662389969017
"[0.351668526665841, 0.6556765176271707, -0.8853416742470338, 0.5295878723712885]",28.56481512844609,1.2362290714782984
"[0.351661160102515, 0.6556756556519591, -0.8853415562123735, 0.5295887502750196]",28.5648413254066,1.2362919039596951
"[0.3516537938646516, 0.655674793832514, -0.8853414382736103, 0.5295896279971121]",28.56486752153965,1.2363547364410916
"[0.35164642788106587, 0.6556739321604647, -0.8853413204295951, 0.5295905055460941]",28.564893724907016,1.236417568922488
"[0.3516390620519084, 0.6556730706241252, -0.8853412026787243, 0.5295913829338633]",28.564919921962208,1.2364804014038848
"[0.35163169644790737, 0.6556722092317463, -0.8853410850221223, 0.529592260152018]",28.564946128129687,1.2365432338852813
"[0.35162433079002015, 0.6556713479506945, -0.8853409674553305, 0.5295931372337854]",28.564972331549715,1.236606066366678
"[0.3516169648718465, 0.6556704867568398, -0.885340849975061, 0.5295940142037339]",28.564998538001166,1.2366688988480747
"[0.35160960014527143, 0.6556696258198956, -0.8853407326044545, 0.5295948908890429]",28.565024749753448,1.2367317313294712
"[0.3516022344665294, 0.6556687648892564, -0.8853406153093425, 0.5295957675448983]",28.565050952296886,1.236794563810868
"[0.35159486987056404, 0.6556679042027637, -0.88534049812213, 0.5295966439291113]",28.565077167658675,1.2368573962922644
"[0.35158750450834125, 0.6556670435443153, -0.88534038101339, 0.5295975202617232]",28.5651033786993,1.2369202287736611
"[0.3515801401381121, 0.6556661831193547, -0.8853402640110752, 0.5295983963335472]",28.565129594659403,1.2369830612550579
"[0.35157277556409483, 0.6556653227881519, -0.8853401470961745, 0.5295992722868531]",28.565155809417757,1.2370458937364543
"[0.35156541066573915, 0.6556644625366315, -0.8853400302667854, 0.5296001481359661]",28.56518202879404,1.2371087262178508
"[0.3515580464658779, 0.6556636024842533, -0.8853399135391268, 0.5296010237592588]",28.565208246188345,1.2371715586992476
"[0.35155068249342103, 0.6556627425759757, -0.8853397969057161, 0.5296018992127688]",28.56523446767787,1.237234391180644
"[0.3515433182902053, 0.655661882758291, -0.8853396803592981, 0.5296027745509686]",28.56526068770433,1.2372972236620408
"[0.3515359540305726, 0.6556610230515556, -0.8853395639026383, 0.5296036497531296]",28.56528691376729,1.2373600561434375
"[0.3515285905203917, 0.6556601635498341, -0.8853394475484693, 0.5296045247234902]",28.56531314073837,1.237422888624834
"[0.3515212270770566, 0.6556593041734232, -0.8853393312859908, 0.5296053995431882]",28.565339365991463,1.2374857211062307
"[0.3515138636767523, 0.6556584449195375, -0.8853392151148262, 0.5296062742150566]",28.56536559798754,1.2375485535876272
"[0.35150650034315806, 0.6556575857909339, -0.8853390990353481, 0.529607148736285]",28.565391827589405,1.2376113860690237
"[0.3514991370429328, 0.6556567267837188, -0.8853389830470303, 0.5296080231108341]",28.565418062983163,1.2376742185504204
"[0.3514917739319465, 0.6556558679160611, -0.8853388671523255, 0.5296088973202076]",28.565444293528895,1.237737051031817
"[0.35148441096957034, 0.6556550091832173, -0.8853387513505888, 0.5296097713692305]",28.56547053041329,1.2377998835132136
"[0.3514770485676692, 0.655654150633198, -0.8853386356482864, 0.5296106452090363]",28.565496763831153,1.2378627159946103
"[0.35146968596955985, 0.6556532921777516, -0.8853385200335212, 0.5296115189294462]",28.56552300674057,1.2379255484760068
"[0.35146232328940397, 0.6556524338301947, -0.8853384045080924, 0.5296123925169016]",28.56554924667615,1.2379883809574035
"[0.35145496140986426, 0.6556515756934082, -0.885338289085837, 0.5296132658666945]",28.565575488837442,1.2380512134388
"[0.35144759927623537, 0.6556507176444322, -0.8853381737502103, 0.5296141391039639]",28.565601731727238,1.2381140459201967
"[0.3514402371733107, 0.6556498597164624, -0.8853380585056798, 0.5296150121949211]",28.56562797970988,1.2381768784015934
"[0.35143287514372573, 0.6556490019144596, -0.8853379433529117, 0.5296158851345146]",28.56565422385834,1.23823971088299
"[0.35142551361517105, 0.6556481442882461, -0.8853378282985866, 0.5296167578720419]",28.565680474102482,1.2383025433643864
"[0.3514181518554588, 0.6556472867524961, -0.8853377133312572, 0.5296176304943307]",28.5657067251919,1.238365375845783
"[0.3514107911359563, 0.6556464294552978, -0.8853375984707644, 0.5296185028506865]",28.565732977619678,1.2384282083271796
"[0.35140342967731075, 0.655645572189394, -0.885337483689338, 0.5296193751520047]",28.565759234019293,1.2384910408085763
"[0.3513960684034445, 0.6556447150624056, -0.8853373690013954, 0.529620247288769]",28.56578548872799,1.238553873289973
"[0.3513887078260151, 0.6556438581338366, -0.8853372544148935, 0.5296211192004401]",28.565811747014667,1.2386167057713695
"[0.351381346504587, 0.6556430012360335, -0.8853371399074101, 0.5296219910575923]",28.565838002188386,1.2386795382527662
"[0.35137398615110654, 0.6556421445682529, -0.8853370255055717, 0.5296228626574901]",28.565864265277668,1.2387423707341627
"[0.35136662544284875, 0.6556412879765245, -0.8853369111888099, 0.5296237341567867]",28.565890524583764,1.2388052032155592
"[0.35135926519810107, 0.6556404315560694, -0.8853367969698316, 0.5296246054586005]",28.56591678892689,1.2388680356969561
"[0.35135190512004455, 0.6556395752723316, -0.8853366828440214, 0.5296254765980875]",28.56594305311408,1.2389308681783526
"[0.35134454482778765, 0.6556387190809956, -0.8853365688054744, 0.5296263476203277]",28.56596931931521,1.2389937006597491
"[0.35133718441763057, 0.6556378629932683, -0.8853364548556903, 0.5296272185139148]",28.565995588150017,1.2390565331411458
"[0.3513298251130603, 0.6556370071514263, -0.8853363410135934, 0.5296280891341131]",28.566021858219536,1.2391193656225423
"[0.35132246518777904, 0.655636151354696, -0.8853362272524714, 0.5296289596851614]",28.566048128843697,1.239182198103939
"[0.351315105969307, 0.6556352957574398, -0.8853361135928437, 0.5296298300100312]",28.566074402767654,1.2392450305853357
"[0.3513077463697061, 0.6556344402331414, -0.8853360000179027, 0.5296307002374175]",28.56610067864105,1.2393078630667322
"[0.35130038771967437, 0.655633584936492, -0.8853358865481747, 0.5296315702099671]",28.56612695595952,1.239370695548129
"[0.35129302864491696, 0.6556327297077401, -0.8853357731624591, 0.5296324400901711]",28.566153232480758,1.2394335280295254
"[0.3512856698960005, 0.6556318746340933, -0.8853356598723249, 0.5296333097893267]",28.566179512053573,1.239496360510922
"[0.35127831018444167, 0.6556310195658618, -0.8853355466579472, 0.5296341794596738]",28.56620579209999,1.2395591929923186
"[0.351270952187053, 0.6556301648140166, -0.8853354335604909, 0.5296350487849325]",28.566232075292813,1.2396220254737154
"[0.35126359395956996, 0.6556293101526591, -0.8853353205500458, 0.5296359179948561]",28.566258365644956,1.239684857955112
"[0.35125623507930515, 0.6556284555327135, -0.8853352076201373, 0.529636787139348]",28.566284650613213,1.2397476904365086
"[0.35124887762223833, 0.6556276011952503, -0.8853350948026102, 0.5296376559732404]",28.566310940699747,1.239810522917905
"[0.3512415188480362, 0.6556267468220723, -0.8853349820554446, 0.5296385248201241]",28.566337224379726,1.2398733553993018
"[0.351234161683245, 0.6556258927529122, -0.8853348694234752, 0.5296393933345149]",28.56636352299731,1.2399361878806983
"[0.35122680350485147, 0.6556250386832914, -0.8853347568665358, 0.5296402618260345]",28.566389811704735,1.239999020362095
"[0.3512194462152558, 0.6556241848340102, -0.8853346444137314, 0.5296411300701519]",28.56641610799899,1.2400618528434917
"[0.3512120883586775, 0.6556233310361084, -0.8853345320428055, 0.5296419982386736]",28.56644240330934,1.2401246853248882
"[0.35120473160700766, 0.6556224774835729, -0.8853344197792837, 0.5296428661343459]",28.566468702856767,1.240187517806285
"[0.3511973743536006, 0.6556216239899778, -0.8853343075986382, 0.5296437339467271]",28.566495000898875,1.2402503502876814
"[0.3511900172489669, 0.655620770630793, -0.8853341955107956, 0.5296446015990758]",28.56652130390109,1.2403131827690779
"[0.3511826604265558, 0.6556199174214827, -0.8853340835177824, 0.5296454690756668]",28.5665476054184,1.2403760152504746
"[0.35117530349232556, 0.655619064316342, -0.8853339716135984, 0.5296463364229665]",28.566573909869266,1.2404388477318713
"[0.35116794692216796, 0.6556182113705423, -0.8853338598054784, 0.5296472035848802]",28.566600217291167,1.2405016802132678
"[0.3511605904473803, 0.6556173585529195, -0.8853337480893319, 0.5296480705930888]",28.566626525612783,1.2405645126946645
"[0.35115323427584555, 0.6556165058875536, -0.8853336364683089, 0.5296489374231116]",28.566652833061177,1.240627345176061
"[0.35114587821923976, 0.6556156533526085, -0.8853335249395456, 0.5296498040971441]",28.56667914373921,1.2406901776574577
"[0.351138521821574, 0.6556148008952352, -0.8853334134961344, 0.5296506706689079]",28.56670545709374,1.2407530101388542
"[0.351131166690789, 0.6556139487017415, -0.8853333021624183, 0.5296515369490103]",28.566731774923074,1.240815842620251
"[0.3511238107499652, 0.6556130965314612, -0.8853331909069518, 0.5296524031820957]",28.566758087027356,1.2408786751016476
"[0.35111645496563787, 0.6556122444963884, -0.8853330797443663, 0.529653269254313]",28.566784407760235,1.2409415075830441
"[0.35110909971741433, 0.6556113926404813, -0.8853329686803877, 0.5296541351209795]",28.566810724858147,1.2410043400644406
"[0.35110174476448125, 0.6556105409358015, -0.8853328577113649, 0.529655000810496]",28.566837045817103,1.2410671725458373
"[0.351094389342742, 0.6556096892938801, -0.8853327468257742, 0.5296558664127783]",28.56686336752027,1.241130005027234
"[0.3510870343866271, 0.6556088378229129, -0.8853326360377043, 0.5296567318178516]",28.566889694313385,1.2411928375086305
"[0.35107967957930036, 0.6556079864861977, -0.8853325253423715, 0.529657597063019]",28.566916017703228,1.2412556699900272
"[0.35107232501632707, 0.6556071352947814, -0.885332414741209, 0.5296584621370515]",28.566942345114736,1.2413185024714237
"[0.3510649703356665, 0.6556062842067568, -0.8853323042287707, 0.5296593270825363]",28.56696867421315,1.2413813349528204
"[0.3510576160034142, 0.6556054332760544, -0.8853321938120572, 0.5296601918446627]",28.566995004422445,1.241444167434217
"[0.3510502616106966, 0.655604582455352, -0.8853320834849256, 0.5296610564715195]",28.56702133521629,1.2415069999156136
"[0.35104290767649793, 0.6556037318046789, -0.8853319732551559, 0.5296619209021015]",28.567047672139722,1.2415698323970104
"[0.351035553766283, 0.6556028812737559, -0.8853318631162264, 0.5296627851875007]",28.567074005131907,1.2416326648784068
"[0.3510282002043708, 0.6556020309000807, -0.8853317530729891, 0.5296636492896113]",28.56710034375403,1.2416954973598033
"[0.35102084621197854, 0.655601180593596, -0.8853316431137924, 0.52966451329994]",28.567126683822814,1.2417583298412
"[0.35101349298679635, 0.6556003304927638, -0.88533153325654, 0.5296653770777924]",28.567153019244454,1.2418211623225965
"[0.35100613906299594, 0.6555994804281295, -0.8853314234793315, 0.5296662407953442]",28.56717936591323,1.2418839948039933
"[0.3509987862756078, 0.6555986306117769, -0.8853313138095534, 0.5296671042371063]",28.56720570567177,1.24194682728539
"[0.35099143319303977, 0.6555977808782442, -0.8853312042258387, 0.5296679675711907]",28.567232057146946,1.2420096597667865
"[0.35098408045501595, 0.6555969313014426, -0.8853310947377211, 0.5296688307225017]",28.567258399982297,1.2420724922481832
"[0.3509767278942611, 0.655596081862025, -0.885330985342702, 0.5296696937106942]",28.56728474936646,1.2421353247295797
"[0.35096937483465035, 0.6555952324818917, -0.8853308760307285, 0.5296705566151076]",28.56731109964074,1.2421981572109762
"[0.35096202232895995, 0.6555943832826695, -0.8853307668174513, 0.5296714193121714]",28.567337449470838,1.2422609896923729
"[0.35095467000876024, 0.6555935342217123, -0.8853306576973862, 0.529672281845221]",28.567363806341113,1.2423238221737696
"[0.35094731811537555, 0.6555926853269428, -0.8853305486741035, 0.5296731441858785]",28.567390158982157,1.2423866546551663
"[0.35093996608659755, 0.6555918365334087, -0.8853304397392632, 0.5296740064001262]",28.56741651817315,1.2424494871365628
"[0.35093261383621976, 0.655590987831165, -0.8853303308915946, 0.5296748684980614]",28.567442877066448,1.2425123196179593
"[0.3509252622971225, 0.6555901393278812, -0.885330222144902, 0.5296757303703135]",28.567469233848087,1.242575152099356
"[0.35091791026013147, 0.6555892908839885, -0.8853301134812951, 0.5296765921586476]",28.56749559539813,1.2426379845807525
"[0.35091055945635086, 0.6555884426992595, -0.885330004926348, 0.5296774536601458]",28.56752195979894,1.2427008170621492
"[0.35090320796102153, 0.6555875945515279, -0.8853298964516279, 0.5296783151004708]",28.56754832729921,1.242763649543546
"[0.3508958565009179, 0.6555867465247113, -0.885329788067871, 0.5296791763943738]",28.567574693675393,1.2428264820249424
"[0.35088850581773434, 0.6555858987043274, -0.8853296797859987, 0.5296800374550019]",28.567601059950864,1.2428893145063389
"[0.35088115492969935, 0.6555850509771215, -0.8853295715915404, 0.5296808983973782]",28.567627431412,1.2429521469877356
"[0.35087380392808626, 0.6555842033536242, -0.8853294634858451, 0.5296817592108021]",28.567653801661113,1.243014979469132
"[0.35086645348443124, 0.6555833559112559, -0.8853293554787828, 0.5296826198166472]",28.5676801729554,1.243077811950529
"[0.3508591031255291, 0.6555825085954378, -0.8853292475633888, 0.52968348027034]",28.567706550489742,1.2431406444319255
"[0.3508517525837623, 0.6555816613753354, -0.8853291397357373, 0.5296843406031859]",28.56773292315288,1.243203476913322
"[0.3508444024890254, 0.6555808143235001, -0.8853290320050651, 0.5296852007415147]",28.56775930334995,1.2432663093947187
"[0.3508370524933336, 0.6555799673998504, -0.8853289243662626, 0.52968606072602]",28.56778568354904,1.2433291418761152
"[0.35082970285057136, 0.6555791206336153, -0.8853288168230409, 0.5296869205270225]",28.567812063385652,1.243391974357512
"[0.3508223526787904, 0.6555782739231837, -0.8853287093624991, 0.5296877802476931]",28.567838445343202,1.2434548068389086
"[0.3508150035607715, 0.6555774274508719, -0.8853286020077693, 0.5296886397029121]",28.567864831412813,1.2435176393203051
"[0.35080765406939324, 0.6555765810522787, -0.8853284947379935, 0.5296894990596032]",28.567891218999275,1.2435804718017018
"[0.3508003048891788, 0.6555757348062411, -0.8853283875631641, 0.5296903582377172]",28.56791760624523,1.2436433042830983
"[0.3507929556792155, 0.6555748886734928, -0.8853282804783069, 0.5296912172771183]",28.567943998161674,1.2437061367644948
"[0.350785606728164, 0.6555740426872503, -0.8853281734876237, 0.5296920761440816]",28.567970386089392,1.2437689692458915
"[0.3507782582441629, 0.6555731968714636, -0.8853280665941328, 0.5296929348142915]",28.567996780920847,1.2438318017272882
"[0.3507709089981889, 0.6555723510846864, -0.885327959779963, 0.5296937934313366]",28.568023171976627,1.2438946342086847
"[0.3507635608106497, 0.6555715055363652, -0.8853278530715688, 0.5296946517825972]",28.56804956599325,1.2439574666900814
"[0.3507562124080036, 0.6555706600799716, -0.885327746450441, 0.5296955100168154]",28.5680759698883,1.244020299171478
"[0.350748863589885, 0.6555698146924559, -0.8853276399136851, 0.5296963681573831]",28.5681023627065,1.2440831316528747
"[0.35074151587563934, 0.6555689695485781, -0.8853275334833162, 0.5296972260269048]",28.56812876765602,1.2441459641342711
"[0.35073416818033903, 0.6555681245235134, -0.8853274271435996, 0.5296980837520863]",28.568155171547257,1.2442087966156679
"[0.3507268203284211, 0.6555672795970772, -0.8853273208919984, 0.5296989413534109]",28.568181577148646,1.2442716290970646
"[0.3507194722370847, 0.6555664347597511, -0.8853272147273237, 0.5296997988405342]",28.56820797770992,1.244334461578461
"[0.35071212498879956, 0.6555655901359734, -0.8853271086652048, 0.5297006560871538]",28.568234388010016,1.2443972940598576
"[0.3507047776775643, 0.6555647456215695, -0.8853270026925504, 0.5297015131990016]",28.56826079558829,1.2444601265412543
"[0.3506974301775321, 0.6555639012020786, -0.8853268968075503, 0.5297023701907488]",28.568287207506796,1.2445229590226508
"[0.3506900833203518, 0.6555630569730633, -0.8853267910221834, 0.5297032269654092]",28.56831361968996,1.2445857915040475
"[0.3506827360204323, 0.6555622128097712, -0.8853266853208148, 0.5297040836495854]",28.568340030166503,1.2446486239854442
"[0.3506753896125469, 0.6555613688655428, -0.8853265797226408, 0.5297049400876619]",28.56836644893349,1.2447114564668407
"[0.35066804290933756, 0.6555605250039618, -0.885326474210585, 0.5297057964180732]",28.56839286787619,1.2447742889482374
"[0.3506606963338451, 0.6555596812736194, -0.8853263687907258, 0.5297066525915057]",28.568419282052023,1.2448371214296339
"[0.35065334967545025, 0.6555588376503263, -0.8853262634600424, 0.5297075086325012]",28.568445704221382,1.2448999539110304
"[0.35064600349414377, 0.6555579941983617, -0.8853261582265574, 0.5297083644758341]",28.568472126367983,1.244962786392427
"[0.35063865759321666, 0.6555571508951403, -0.8853260530874396, 0.5297092201444191]",28.56849855051958,1.2450256188738238
"[0.3506313113719457, 0.6555563076716663, -0.8853259480340936, 0.529710075708264]",28.568524975643513,1.2450884513552203
"[0.35062396580532207, 0.655555464639867, -0.8853258430804568, 0.5297109310537972]",28.568551403680377,1.245151283836617
"[0.35061662029191437, 0.6555546217306898, -0.8853257382179242, 0.5297117862510814]",28.56857783272956,1.2452141163180135
"[0.35060927427591604, 0.6555537788803607, -0.8853256334385707, 0.5297126413648141]",28.568604263292837,1.2452769487994102
"[0.35060192932432643, 0.6555529362686562, -0.8853255287647378, 0.5297134962126021]",28.568630694178307,1.245339781280807
"[0.3505945843055592, 0.655552093765733, -0.8853254241802825, 0.5297143509261755]",28.568657125292535,1.2454026137622034
"[0.35058723918463675, 0.6555512513675731, -0.8853253196847104, 0.5297152055096066]",28.568683564678675,1.2454654462436001
"[0.35057989419403485, 0.655550409100844, -0.8853252152813298, 0.5297160599358376]",28.568710000298445,1.2455282787249966
"[0.35057254974536817, 0.6555495670127262, -0.88532511097598, 0.5297169141570062]",28.568736437538806,1.245591111206393
"[0.3505652047116591, 0.6555487249739936, -0.8853250067526582, 0.529717768304198]",28.56876287608741,1.2456539436877898
"[0.35055786025370095, 0.6555478831177265, -0.885324902627837, 0.5297186222424141]",28.56878931801345,1.2457167761691865
"[0.3505505156233475, 0.6555470413581491, -0.885324798590903, 0.5297194760586601]",28.568815761046977,1.2457796086505832
"[0.350543171636951, 0.6555461997888131, -0.8853246946534128, 0.5297203296580424]",28.56884220786908,1.2458424411319797
"[0.3505358275937461, 0.6555453583293951, -0.8853245908054389, 0.5297211831220325]",28.568868654672464,1.2459052736133762
"[0.3505284839010523, 0.6555445170265564, -0.8853244870527365, 0.5297220364033005]",28.56889510213985,1.245968106094773
"[0.35052114021843034, 0.6555436758412833, -0.8853243833904905, 0.5297228895414139]",28.56892154926573,1.2460309385761694
"[0.35051379620099493, 0.655542834734107, -0.8853242798138397, 0.5297237425763918]",28.568948001827714,1.2460937710575661
"[0.3505064528612247, 0.6555419938208724, -0.8853241763370592, 0.5297245953907601]",28.568974456448604,1.2461566035389628
"[0.3504991094447492, 0.6555411530153162, -0.8853240729495077, 0.5297254480719819]",28.569000908882863,1.2462194360203593
"[0.3504917663438372, 0.6555403123622043, -0.8853239696567067, 0.5297263005746761]",28.56902736744405,1.246282268501756
"[0.35048442329122076, 0.6555394718310298, -0.8853238664548891, 0.5297271529297629]",28.569053824247167,1.2463451009831525
"[0.350477080797367, 0.6555386314801723, -0.8853237633512203, 0.529728005078046]",28.569080283362617,1.246407933464549
"[0.35046973783151975, 0.6555377911916574, -0.8853236603312254, 0.5297288571391525]",28.5691067460612,1.2464707659459457
"[0.3504623951527231, 0.6555369510523417, -0.8853235574055592, 0.5297297090250046]",28.56913320888326,1.2465335984273425
"[0.3504550528257869, 0.6555361110696268, -0.8853234545751184, 0.5297305607280959]",28.569159673014664,1.246596430908739
"[0.3504477107349052, 0.6555352712302466, -0.8853233518382723, 0.5297314122618777]",28.569186139110855,1.2466592633901357
"[0.35044036791268424, 0.6555344314235506, -0.8853232491814942, 0.5297322637385344]",28.569212606767316,1.2467220958715322
"[0.3504330262119724, 0.6555335918614392, -0.8853231466306821, 0.5297331149432194]",28.569239076659112,1.2467849283529286
"[0.3504256845459681, 0.6555327524196006, -0.885323044170635, 0.5297339660019709]",28.569265545144724,1.2468477608343254
"[0.35041834297574287, 0.6555319131050087, -0.8853229418022043, 0.5297348169077152]",28.569292019249726,1.246910593315722
"[0.3504110013646699, 0.6555310739020417, -0.8853228395234849, 0.5297356676762859]",28.569318494306767,1.2469734257971188
"[0.3504036595087138, 0.6555302347873792, -0.8853227373316408, 0.5297365183313202]",28.569344971102883,1.2470362582785153
"[0.3503963183556535, 0.6555293958693323, -0.8853226352398569, 0.5297373687630156]",28.569371448368535,1.2470990907599118
"[0.35038897701146193, 0.6555285570457151, -0.8853225332356921, 0.5297382190749599]",28.56939792642477,1.2471619232413085
"[0.35038163625641017, 0.6555277184056728, -0.8853224313299817, 0.5297390691767845]",28.569424404673192,1.2472247557227052
"[0.3503742951155558, 0.6555268798378141, -0.8853223295091883, 0.5297399191814006]",28.569450889412902,1.2472875882041017
"[0.35036695469504064, 0.6555260414684803, -0.88532222778865, 0.529740768960742]",28.569477373934067,1.2473504206854984
"[0.35035961390190185, 0.6555252031728304, -0.8853221261532147, 0.5297416186413464]",28.56950386015786,1.2474132531668949
"[0.3503522733057267, 0.655524365015909, -0.8853220246107736, 0.5297424681572817]",28.569530341675026,1.2474760856482916
"[0.3503449336233368, 0.655523527079537, -0.8853219231712229, 0.5297433174256192]",28.569556833561865,1.247538918129688
"[0.35033759322608643, 0.655522689177764, -0.8853218218120512, 0.5297441666348224]",28.569583325110344,1.2476017506110848
"[0.35033025323303774, 0.6555218514383413, -0.8853217205487179, 0.5297450156554103]",28.569609817182567,1.2476645830924815
"[0.3503229130837517, 0.6555210137972932, -0.8853216193734875, 0.529745864552217]",28.569636312859824,1.247727415573878
"[0.3503155734844533, 0.6555201763351987, -0.8853215182960892, 0.5297467132435796]",28.569662807083137,1.2477902480552745
"[0.3503082342232977, 0.6555193390278625, -0.8853214173135895, 0.5297475617540183]",28.569689303249476,1.2478530805366712
"[0.35030089546351867, 0.6555185018938829, -0.8853213164282201, 0.5297484100646863]",28.569715800970727,1.2479159130180677
"[0.3502935553281195, 0.6555176647191682, -0.885321215614196, 0.5297492583925264]",28.56974230072974,1.2479787454994644
"[0.35028621659665765, 0.6555168278207356, -0.8853211149096935, 0.5297501064162936]",28.569768801008866,1.2480415779808611
"[0.35027887759729154, 0.6555159910078993, -0.8853210142917515, 0.5297509543292108]",28.56979530741858,1.2481044104622576
"[0.35027153849034304, 0.6555151542989467, -0.8853209137625763, 0.5297518021127421]",28.56982181119498,1.2481672429436543
"[0.3502642000553108, 0.6555143177827272, -0.8853208133328361, 0.5297526496768619]",28.56984831692015,1.2482300754250508
"[0.3502568611210213, 0.6555134813257368, -0.8853207129865003, 0.5297534971568331]",28.56987482438622,1.2482929079064473
"[0.3502495227910279, 0.6555126450537324, -0.8853206127386575, 0.5297543444252412]",28.569901338668966,1.248355740387844
"[0.350242184651321, 0.6555118089195234, -0.885320512583639, 0.5297551915298949]",28.569927848050007,1.2484185728692407
"[0.3502348462059564, 0.6555109728665965, -0.8853204125146785, 0.5297560385280459]",28.56995436176299,1.2484814053506372
"[0.3502275089308373, 0.6555101370630758, -0.885320312551887, 0.5297568852493695]",28.56998087853647,1.248544237832034
"[0.3502201705782536, 0.6555093012529135, -0.8853202126646419, 0.5297577319532545]",28.57000739294447,1.2486070703134304
"[0.3502128329502582, 0.6555084656413609, -0.8853201128774798, 0.5297585784317693]",28.57003391184226,1.2486699027948271
"[0.3502054953105782, 0.6555076301445533, -0.8853200131803755, 0.5297594247698688]",28.570060428416927,1.2487327352762236
"[0.3501981578739009, 0.6555067947869211, -0.8853199135762435, 0.5297602709428041]",28.570086954066085,1.2487955677576204
"[0.3501908209775875, 0.6555059596068578, -0.8853198140696512, 0.5297611169116828]",28.570113477855216,1.248858400239017
"[0.350183483895014, 0.6555051245216427, -0.8853197146507384, 0.5297619627602925]",28.570140000631344,1.2489212327204136
"[0.3501761468097325, 0.6555042895521523, -0.8853196153219969, 0.5297628084674849]",28.57016652545369,1.24898406520181
"[0.3501688103147886, 0.6555034547658685, -0.8853195160914453, 0.5297636539649079]",28.57019305575416,1.2490468976832068
"[0.3501614736908077, 0.6555026200809286, -0.8853194169493469, 0.5297644993354726]",28.57021958569876,1.2491097301646032
"[0.3501541369287693, 0.6555017854963003, -0.8853193178955854, 0.5297653445802212]",28.570246117318316,1.2491725626460002
"[0.3501468000707638, 0.6555009510167709, -0.8853192189307355, 0.5297661896942994]",28.570272647695923,1.2492353951273967
"[0.35013946412521507, 0.6555001167570237, -0.8853191200683844, 0.5297670345615628]",28.570299182558443,1.2492982276087932
"[0.35013212826874396, 0.6554992826233895, -0.8853190212974195, 0.5297678792768731]",28.57032572017122,1.2493610600901899
"[0.3501247917263611, 0.6554984485277597, -0.8853189226074182, 0.5297687239294495]",28.570352255330864,1.2494238925715864
"[0.3501174559331675, 0.6554976146332852, -0.885318824017685, 0.5297695683540733]",28.570378795663146,1.249486725052983
"[0.3501101208085673, 0.6554967809307681, -0.8853187255271115, 0.5297704125600619]",28.57040533535363,1.2495495575343798
"[0.350102785546977, 0.655495947328631, -0.8853186271248733, 0.5297712566401448]",28.57043187909163,1.2496123900157763
"[0.35009544943459386, 0.6554951137457738, -0.8853185288014138, 0.5297721006764334]",28.570458420716413,1.249675222497173
"[0.3500881144362254, 0.6554942804054451, -0.8853184305830624, 0.529772944442877]",28.570484966112343,1.2497380549785695
"[0.3500807790389079, 0.6554934471357318, -0.8853183324495484, 0.5297737881135395]",28.570511515447578,1.249800887459966
"[0.35007344461246304, 0.6554926140922346, -0.8853182344191881, 0.5297746315308752]",28.570538064823307,1.2498637199413627
"[0.3500661096434111, 0.6554917811030082, -0.8853181364717458, 0.5297754748689745]",28.570564615547042,1.2499265524227594
"[0.3500587748582283, 0.6554909482505903, -0.8853180386169304, 0.5297763180442628]",28.57059116768992,1.249989384904156
"[0.3500514410851469, 0.655490115628982, -0.8853179408657702, 0.5297771609615792]",28.570617721421566,1.2500522173855526
"[0.3500441059231402, 0.6554892829655996, -0.8853178431862712, 0.5297780038968709]",28.57064427607008,1.250115049866949
"[0.35003677208932577, 0.6554884505688663, -0.8853177456146175, 0.5297788465379085]",28.570670832389723,1.2501778823483456
"[0.35002943802673686, 0.6554876182620483, -0.8853176481300761, 0.5297796890636001]",28.570697393549647,1.2502407148297423
"[0.3500221036842828, 0.6554867860393525, -0.8853175507319787, 0.5297805314798043]",28.57072395177325,1.250303547311139
"[0.35001477024900074, 0.6554859540354517, -0.8853174534360782, 0.5297813736501984]",28.570750513550323,1.2503663797925357
"[0.3500074365344599, 0.6554851221157246, -0.8853173562266227, 0.5297822157110488]",28.57077707933567,1.2504292122739322
"[0.35000010317349806, 0.6554842903519528, -0.8853172591120014, 0.5297830575896945]",28.57080364254544,1.2504920447553287
"[0.34999276950186115, 0.6554834586687968, -0.8853171620834173, 0.5297838993623875]",28.570830210486125,1.2505548772367254
"[0.34998543612765787, 0.6554826271352053, -0.8853170651489177, 0.5297847409593404]",28.570856775493844,1.250617709718122
"[0.34997810344735536, 0.6554817957961073, -0.8853169683137263, 0.5297855823350817]",28.570883348498977,1.2506805421995186
"[0.3499707704095061, 0.655480964532294, -0.8853168715639528, 0.5297864236102557]",28.570909922845583,1.2507433746809153
"[0.34996343752364006, 0.655480133401523, -0.8853167749063241, 0.5297872647264052]",28.570936493332137,1.2508062071623118
"[0.3499561048248871, 0.6554793024077629, -0.885316678341299, 0.5297881056795121]",28.570963069161756,1.2508690396437085
"[0.3499487726623256, 0.6554784715905536, -0.8853165818734616, 0.5297889464295625]",28.570989646807252,1.250931872125105
"[0.34994144022048806, 0.6554776408574857, -0.8853164854920802, 0.5297897870700685]",28.57101622375093,1.2509947046065015
"[0.3499341082046924, 0.6554768102884606, -0.8853163892064231, 0.5297906275201724]",28.571042804001788,1.2510575370878982
"[0.34992677596460803, 0.655475979809798, -0.8853162930079489, 0.5297914678544289]",28.571069384133832,1.251120369569295
"[0.3499194439959956, 0.6554751494776528, -0.885316196903161, 0.5297923080160121]",28.571095967444062,1.2511832020506914
"[0.3499121125663133, 0.6554743193222798, -0.8853161008955526, 0.5297931479743111]",28.571122554844965,1.2512460345320882
"[0.3499047811152685, 0.6554734892802366, -0.8853160049777772, 0.5297939877935139]",28.571149138960706,1.2513088670134846
"[0.34989744889920543, 0.6554726592673222, -0.8853159091401214, 0.5297948275588094]",28.57117572598506,1.2513716994948814
"[0.34989011789877095, 0.6554718295077532, -0.8853158134084669, 0.5297956670433417]",28.571202317061662,1.251434531976278
"[0.34988278677043316, 0.6554709998494221, -0.8853157177652504, 0.5297965064010044]",28.57122890676045,1.2514973644576746
"[0.34987545564749145, 0.6554701703074189, -0.8853156222122132, 0.5297973456165264]",28.571255498310347,1.2515601969390713
"[0.34986812457190847, 0.6554693408864851, -0.8853155267499041, 0.5297981846851074]",28.571282094986152,1.2516230294204678
"[0.3498607942141035, 0.6554685116624507, -0.8853154313870393, 0.5297990235300356]",28.571308691655414,1.2516858619018643
"[0.34985346308033144, 0.6554676824663345, -0.8853153361041883, 0.5297998623222494]",28.5713352875114,1.251748694383261
"[0.3498461328051214, 0.6554668534830098, -0.8853152409225952, 0.5298007008747315]",28.571361889097645,1.2518115268646577
"[0.34983880243064003, 0.6554660246041324, -0.8853151458298095, 0.5298015392970779]",28.571388488495177,1.2518743593460542
"[0.34983147260167785, 0.6554651959025978, -0.885315050834189, 0.5298023775155517]",28.571415092463255,1.251937191827451
"[0.34982414254931465, 0.6554643672914621, -0.8853149559257635, 0.5298032156180936]",28.571441696996235,1.2520000243088474
"[0.34981681244620677, 0.655463538790246, -0.8853148611067749, 0.5298040535849544]",28.571468302284224,1.252062856790244
"[0.3498094828654494, 0.6554627104637103, -0.8853147663846288, 0.5298048913506316]",28.5714949112591,1.2521256892716406
"[0.34980215316918045, 0.6554618822397593, -0.8853146717510754, 0.5298057289880406]",28.571521519919397,1.2521885217530373
"[0.34979482367112347, 0.6554610541538277, -0.8853145772101652, 0.5298065664613422]",28.571548125893823,1.252251354234434
"[0.3497874942452254, 0.6554602261916734, -0.8853144827602685, 0.529807403784936]",28.571574738680773,1.2523141867158305
"[0.34978016509592685, 0.6554593983763761, -0.8853143884040142, 0.5298082409354803]",28.571601356022096,1.252377019197227
"[0.3497728365891428, 0.6554585707492406, -0.8853142941460977, 0.5298090778712047]",28.571627970480918,1.2524398516786237
"[0.3497655074957875, 0.6554577431714619, -0.8853141999707103, 0.5298099147324726]",28.571654587455452,1.2525026841600202
"[0.34975817805722564, 0.655456915670315, -0.8853141058809725, 0.529810751491693]",28.571681205534045,1.252565516641417
"[0.3497508496808682, 0.6554560884046506, -0.885314011894939, 0.5298115879882429]",28.571707826860468,1.2526283491228136
"[0.34974352156348176, 0.6554552612837948, -0.8853139180022859, 0.5298124243138055]",28.571734448740244,1.2526911816042101
"[0.34973619267712264, 0.6554544341917184, -0.8853138241898517, 0.5298132605856973]",28.571761073467457,1.2527540140856068
"[0.34972886497198374, 0.655453607348498, -0.8853137304825948, 0.5298140965813969]",28.571787698856998,1.2528168465670033
"[0.34972153671073103, 0.6554527805580763, -0.8853136368582863, 0.5298149324991319]",28.571814324888525,1.2528796790483998
"[0.34971420899067057, 0.6554519539442516, -0.8853135433309476, 0.5298157682137326]",28.571840953926277,1.2529425115297965
"[0.34970688148826073, 0.6554511274705048, -0.8853134498964357, 0.5298166037621214]",28.571867583452537,1.2530053440111932
"[0.3496995538757961, 0.655450301099867, -0.8853133565505715, 0.5298174391816691]",28.57189421641609,1.25306817649259
"[0.3496922262526496, 0.6554494748435521, -0.885313263294624, 0.5298182744610342]",28.57192084944281,1.2531310089739864
"[0.3496848985869919, 0.6554486486979494, -0.8853131701281903, 0.5298191096038659]",28.571947481369488,1.253193841455383
"[0.349677571682118, 0.6554478227536241, -0.8853130770614722, 0.5298199445186096]",28.571974120087646,1.2532566739367796
"[0.3496702445344742, 0.6554469968974259, -0.8853129840817138, 0.5298207793196441]",28.57200075666366,1.2533195064181761
"[0.3496629180010131, 0.6554461712259303, -0.8853128911997836, 0.5298216139093468]",28.572027399088217,1.2533823388995728
"[0.34965559102617316, 0.6554453456201732, -0.885312798402298, 0.5298224484079631]",28.572054041653615,1.2534451713809696
"[0.3496482647560311, 0.6554445202092857, -0.8853127057037687, 0.5298232826849693]",28.57208068284812,1.253508003862366
"[0.3496409377702452, 0.6554436948332448, -0.8853126130862257, 0.5298241169021026]",28.572107329776472,1.2535708363437628
"[0.34963361190517517, 0.6554428696988924, -0.8853125205728751, 0.5298249508503056]",28.57213397319891,1.2536336688251593
"[0.3496262855661734, 0.6554420446266096, -0.8853124281435687, 0.5298257847111137]",28.572160620912793,1.253696501306556
"[0.3496189593694687, 0.6554412196857948, -0.8853123358060875, 0.5298266184143852]",28.57218727113667,1.2537593337879527
"[0.34961163361008346, 0.6554403949096564, -0.8853122435641414, 0.5298274519265563]",28.572213923142627,1.2538221662693492
"[0.34960430767813716, 0.6554395702295057, -0.8853121514100467, 0.5298282853170441]",28.572240576732813,1.2538849987507457
"[0.3495969820983519, 0.6554387457044184, -0.8853120593504015, 0.5298291185261438]",28.572267231672175,1.2539478312321424
"[0.34958965665350356, 0.6554379213099272, -0.8853119673824694, 0.529829951578579]",28.572293886762928,1.2540106637135389
"[0.34958233141974865, 0.6554370970545852, -0.8853118755071999, 0.5298307844657062]",28.572320542925475,1.2540734961949356
"[0.3495750060803517, 0.6554362729027515, -0.8853117837206207, 0.5298316172235356]",28.57234720094117,1.2541363286763323
"[0.3495676813064587, 0.6554354489299209, -0.8853116920311332, 0.5298324497757827]",28.572373862201054,1.2541991611577288
"[0.3495603563911406, 0.6554346250565533, -0.885311600429882, 0.5298332822028147]",28.57240052655517,1.2542619936391255
"[0.34955303172768043, 0.6554338013268793, -0.8853115089217845, 0.5298341144599383]",28.57242718988576,1.254324826120522
"[0.3495457070729782, 0.6554329777135517, -0.8853114175037996, 0.5298349465747816]",28.57245385688057,1.2543876586019185
"[0.3495383827066552, 0.6554321542480006, -0.8853113261794131, 0.5298357785155876]",28.572480524240977,1.2544504910833152
"[0.349531058387466, 0.6554313309030899, -0.8853112349456119, 0.5298366103097706]",28.572507194258773,1.254513323564712
"[0.3495237339788134, 0.6554305076634714, -0.8853111438006961, 0.5298374419728306]",28.57253386229568,1.2545761560461084
"[0.3495164102258809, 0.6554296846128824, -0.8853110527539302, 0.529838273420173]",28.57256053659196,1.254638988527505
"[0.34950908647430445, 0.655428861677742, -0.8853109617971683, 0.529839104726133]",28.572587207998474,1.2547018210089016
"[0.3495017625472553, 0.6554280388381989, -0.8853108709282185, 0.5298399359107563]",28.572613884880457,1.2547646534902983
"[0.3494944390293701, 0.655427216159937, -0.8853107801543311, 0.5298407669076892]",28.572640561957076,1.2548274859716948
"[0.3494871152827295, 0.6554263935712824, -0.885310689467597, 0.5298415977893286]",28.572667239828,1.2548903184530915
"[0.3494797917058419, 0.655425571116992, -0.8853105988729532, 0.5298424285104623]",28.572693920564742,1.2549531509344882
"[0.3494724691031444, 0.6554247488873733, -0.8853105083803309, 0.5298432589798775]",28.57272060405409,1.2550159834158847
"[0.3494651460142621, 0.6554239267184372, -0.8853104179716749, 0.5298440893632049]",28.572747287152968,1.2550788158972812
"[0.3494578230698893, 0.6554231046809857, -0.8853103276547791, 0.5298449195889311]",28.572773971811575,1.255141648378678
"[0.34945050060474053, 0.6554222828125854, -0.8853102374337614, 0.5298457496191131]",28.572800655128724,1.2552044808600744
"[0.34944317780466755, 0.6554214610218433, -0.8853101472985884, 0.5298465795460502]",28.5728273446583,1.2552673133414713
"[0.3494358554222452, 0.6554206393932142, -0.885310057258524, 0.529847409284447]",28.572854036897915,1.2553301458228678
"[0.3494285334649543, 0.6554198179275141, -0.8853099673136453, 0.5298482388334801]",28.57288072784711,1.2553929783042643
"[0.34942121095395107, 0.655418996514922, -0.8853098774519316, 0.5298490683040474]",28.572907419651596,1.255455810785661
"[0.34941388884719204, 0.6554181752629002, -0.8853097876851423, 0.529849897587628]",28.57293411940559,1.2555186432670575
"[0.34940656688519295, 0.6554173541423262, -0.8853096980100881, 0.5298507267136281]",28.57296081194821,1.2555814757484542
"[0.34939924539265577, 0.655416533189598, -0.8853096084307354, 0.5298515556452938]",28.572987511340294,1.255644308229851
"[0.34939192349334963, 0.6554157123064684, -0.8853095189363629, 0.5298523844818231]",28.573014209729646,1.2557071407112474
"[0.349384602491683, 0.655414891639137, -0.8853094295429068, 0.529853213075603]",28.57304091292856,1.255769973192644
"[0.34937728120574507, 0.6554140710551233, -0.8853093402359248, 0.5298540415603884]",28.57306761537047,1.2558328056740407
"[0.3493699600680103, 0.65541325060289, -0.885309251020696, 0.5298548698872471]",28.573094320391785,1.2558956381554371
"[0.3493626389975546, 0.6554124302733609, -0.8853091618962319, 0.5298556980653405]",28.573121028771105,1.2559584706368339
"[0.34935531777616297, 0.6554116100420849, -0.885309072859878, 0.5298565261193483]",28.57314773313146,1.2560213031182306
"[0.3493479972731622, 0.6554107900064375, -0.8853089839221978, 0.5298573539509664]",28.573174442762078,1.256084135599627
"[0.34934067686510134, 0.655409970096559, -0.8853088950756032, 0.529858181630719]",28.573201154395196,1.2561469680810238
"[0.34933335642113517, 0.6554091502977853, -0.8853088063185057, 0.5298590091734062]",28.573227865912408,1.2562098005624203
"[0.34932603577218563, 0.6554083305911931, -0.8853087176488612, 0.529859836598124]",28.573254577899185,1.2562726330438168
"[0.3493187158510827, 0.6554075110812091, -0.8853086290779595, 0.529860663799463]",28.57328129612828,1.2563354655252135
"[0.34931139586197774, 0.6554066916787192, -0.8853085405961605, 0.5298614908673719]",28.573308014055026,1.2563982980066102
"[0.34930407597626223, 0.6554058724029048, -0.885308452205536, 0.5298623177824873]",28.57333473587448,1.256461130488007
"[0.3492967560687525, 0.6554050532397454, -0.885308363904574, 0.5298631445589569]",28.573361451580848,1.2565239629694034
"[0.3492894365422385, 0.6554042342343079, -0.8853082756981279, 0.5298639711512931]",28.573388176928983,1.2565867954507999
"[0.3492821169728543, 0.6554034153391531, -0.8853081875810851, 0.5298647976073726]",28.57341489971209,1.2566496279321966
"[0.34927479781920756, 0.6554025966055755, -0.8853080995589603, 0.5298656238754261]",28.573441628826597,1.256712460413593
"[0.3492674788173058, 0.6554017780040303, -0.8853080116285696, 0.5298664499852687]",28.573468353073913,1.2567752928949898
"[0.3492601593560748, 0.6554009594661734, -0.8853079237825783, 0.529867276005866]",28.573495084773285,1.2568381253763865
"[0.3492528407298312, 0.6554001411367378, -0.885307836036515, 0.5298681017911608]",28.573521813292462,1.256900957857783
"[0.3492455221423238, 0.6553993229266635, -0.8853077483808177, 0.5298689274310256]",28.573548545419065,1.2569637903391797
"[0.3492382033109626, 0.6553985048043629, -0.885307660812107, 0.5298697529573292]",28.57357527725324,1.2570266228205762
"[0.34923088455385154, 0.6553976868053927, -0.8853075733341931, 0.5298705783341892]",28.573602012028974,1.2570894553019727
"[0.34922356702613366, 0.6553968690588281, -0.8853074859608598, 0.5298714034313688]",28.573628754613726,1.2571522877833694
"[0.3492162484816386, 0.6553960513136473, -0.8853073986652844, 0.5298722285021445]",28.573655490782407,1.2572151202647661
"[0.3492089305573223, 0.6553952337527796, -0.8853073114670017, 0.5298730533619386]",28.573682230058385,1.2572779527461626
"[0.34920161261790483, 0.655394416305178, -0.8853072243584312, 0.5298738780824416]",28.57370897010468,1.2573407852275593
"[0.3491942951421489, 0.6553935990243708, -0.8853071373452652, 0.5298747026096376]",28.573735714763835,1.2574036177089558
"[0.34918697734720666, 0.6553927818228857, -0.8853070504181926, 0.529875527031776]",28.57376245882389,1.2574664501903523
"[0.34917966004219536, 0.6553919647911021, -0.8853069635868227, 0.5298763512576713]",28.573789205819516,1.2575292826717492
"[0.34917234268365904, 0.6553911478682595, -0.885306876844701, 0.5298771753486284]",28.57381595497577,1.2575921151531457
"[0.34916502525277543, 0.65539033105232, -0.8853067901916067, 0.5298779993066886]",28.5738427053605,1.2576549476345424
"[0.3491577082003162, 0.6553895143935692, -0.8853067036328731, 0.529878823081128]",28.573869457094037,1.257717780115939
"[0.34915039166747, 0.6553886979077418, -0.8853066171701559, 0.5298796466560749]",28.57389621348132,1.2577806125973354
"[0.3491430747263491, 0.6553878814912861, -0.8853065307924881, 0.5298804701359773]",28.573922963225,1.2578434450787321
"[0.34913575834398325, 0.655387065252087, -0.8853064445112845, 0.529881293412016]",28.573949720039998,1.2579062775601288
"[0.34912844171335233, 0.655386249100109, -0.8853063583170233, 0.5298821165749977]",28.57397647921851,1.2579691100415253
"[0.3491211257472255, 0.6553854331371533, -0.8853062722204511, 0.5298829395222471]",28.574003239028215,1.258031942522922
"[0.34911380938067443, 0.6553846172444391, -0.8853061862090316, 0.5298837623735584]",28.574029999543743,1.2580947750043185
"[0.34910649301894203, 0.6553838014671614, -0.8853061002875372, 0.5298845850833456]",28.57405676157501,1.2581576074857153
"[0.3490991772325773, 0.6553829858689134, -0.8853060144626589, 0.5298854075874756]",28.574083528887115,1.2582204399671117
"[0.3490918618450186, 0.6553821704299951, -0.8853059287323085, 0.5298862299058149]",28.57411029333193,1.2582832724485085
"[0.34908454582272, 0.6553813550351967, -0.8853058430843793, 0.5298870521545417]",28.574137060089697,1.2583461049299052
"[0.3490772305409145, 0.6553805398377868, -0.88530575753497, 0.5298878741790948]",28.57416382982848,1.2584089374113017
"[0.3490699155425927, 0.6553797247868074, -0.8853056720787185, 0.5298886960308615]",28.574190602380703,1.2584717698926982
"[0.34906260009289436, 0.6553789098003824, -0.8853055867070442, 0.5298895177923961]",28.5742173720041,1.2585346023740949
"[0.3490552849262389, 0.6553780949603407, -0.8853055014285213, 0.5298903393811836]",28.574244145899378,1.2585974348554914
"[0.3490479700123495, 0.6553772802632643, -0.8853054162427892, 0.5298911608006736]",28.574270923257345,1.258660267336888
"[0.34904065527224176, 0.6553764657003764, -0.8853053311489208, 0.5298919820597091]",28.574297699982154,1.2587230998182848
"[0.3490333409468914, 0.6553756512984713, -0.8853052461497097, 0.5298928031312784]",28.574324477562904,1.2587859322996813
"[0.34902602651119624, 0.6553748369990859, -0.8853051612390496, 0.5298936240743194]",28.574351258058602,1.258848764781078
"[0.3490187121499709, 0.6553740228227902, -0.8853050764190874, 0.5298944448680901]",28.574378042184353,1.2589115972624745
"[0.34901139806980763, 0.6553732087925621, -0.8853049916922134, 0.5298952654894256]",28.574404825447292,1.258974429743871
"[0.34900408414505757, 0.6553723948944103, -0.8853049070569653, 0.529896085952428]",28.574431611113933,1.2590372622252677
"[0.3489967703244172, 0.6553715811226141, -0.8853048225127461, 0.529896906262862]",28.57445840061135,1.2591000947066644
"[0.34898945620223537, 0.6553707674320399, -0.8853047380548705, 0.5298977264662194]",28.574485187765912,1.259162927188061
"[0.3489821429957694, 0.6553699539580894, -0.8853046536973853, 0.5298985464260144]",28.574511976865654,1.2592257596694576
"[0.3489748295018388, 0.6553691405669125, -0.8853045694264007, 0.5298993662771629]",28.574538771146493,1.259288592150854
"[0.3489675153107213, 0.6553683272129529, -0.8853044852372154, 0.529900186065576]",28.574565561046843,1.2593514246322508
"[0.3489602026389269, 0.6553675141426768, -0.885304401155328, 0.5299010055428367]",28.57459235659458,1.2594142571136473
"[0.34895288975228006, 0.655366701163236, -0.8853043171607761, 0.5299018249033159]",28.57461915192559,1.259477089595044
"[0.3489455768209653, 0.6553658882935369, -0.88530423325552, 0.529902644127956]",28.57464595084096,1.2595399220764407
"[0.3489382641780497, 0.6553650755706254, -0.8853041494433778, 0.5299034631794137]",28.574672752416312,1.2596027545578372
"[0.3489309513112125, 0.6553642629375062, -0.8853040657184781, 0.5299042821151339]",28.574699553341535,1.2596655870392337
"[0.34892363924503006, 0.6553634505080617, -0.885303982092541, 0.5299051008203421]",28.574726358588048,1.2597284195206304
"[0.3489163270628496, 0.6553626381803948, -0.8853038985550725, 0.5299059193977276]",28.574753162929767,1.2597912520020271
"[0.34890901476991876, 0.6553618259551164, -0.8853038151061371, 0.5299067378466664]",28.574779968072043,1.2598540844834238
"[0.3489017027886135, 0.6553610138791258, -0.8853037317505525, 0.529907556119898]",28.574806778031544,1.2599169169648203
"[0.34889439043456827, 0.6553602018764059, -0.8853036484805199, 0.5299083742940169]",28.574833583320867,1.2599797494462168
"[0.34888707913933803, 0.6553593901059155, -0.8853035653123287, 0.5299091922088551]",28.574860397777574,1.2600425819276135
"[0.3488797674258409, 0.6553585784036314, -0.8853034822291667, 0.5299100100296773]",28.574887209732825,1.26010541440901
"[0.3488724560476401, 0.6553577668532087, -0.8853033992395993, 0.5299108276721937]",28.574914027044564,1.2601682468904067
"[0.34886514476256364, 0.655356955427755, -0.8853033163408709, 0.529911645163497]",28.574940842512,1.2602310793718035
"[0.34885783329835374, 0.6553561440970489, -0.8853032335298971, 0.5299124625340305]",28.57496765706568,1.2602939118532
"[0.34885052263471655, 0.6553553329697924, -0.8853031508177639, 0.5299132796742828]",28.574994478444914,1.2603567443345967
"[0.34884321105353483, 0.6553545218553541, -0.885303068185036, 0.5299140967762942]",28.575021296546062,1.2604195768159931
"[0.34883590063415976, 0.6553537109844013, -0.8853029856552102, 0.5299149136076922]",28.575048119336873,1.2604824092973896
"[0.34882859003018934, 0.6553529002075639, -0.8853029032130695, 0.5299157303189456]",28.575074941506166,1.2605452417787864
"[0.3488212796480427, 0.6553520895699113, -0.8853028208631972, 0.5299165468646528]",28.575101771129045,1.260608074260183
"[0.3488139692879814, 0.6553512790492861, -0.8853027386033406, 0.5299173632671295]",28.575128598618846,1.2606709067415796
"[0.34880665896897156, 0.6553504686477863, -0.885302656433713, 0.5299181795242592]",28.575155426828765,1.2607337392229763
"[0.34879934910358745, 0.6553496584111351, -0.8853025743589434, 0.5299189955899879]",28.575182255685473,1.2607965717043728
"[0.34879203944326953, 0.6553488483117585, -0.8853024923762302, 0.5299198114920874]",28.57520908987183,1.2608594041857695
"[0.34878472914297537, 0.655348038256015, -0.885302410476105, 0.5299206273248639]",28.57523592383256,1.260922236667166
"[0.34877741960922365, 0.6553472283997641, -0.8853023286743237, 0.5299214429313418]",28.575262755706763,1.2609850691485627
"[0.34877011045191736, 0.6553464186997267, -0.8853022469665017, 0.5299222583551143]",28.5752895949604,1.2610479016299594
"[0.3487628004536583, 0.6553456090210734, -0.8853021653390392, 0.5299230737319541]",28.575316431133896,1.2611107341113559
"[0.34875549162808867, 0.6553447995868243, -0.8853020838144166, 0.52992388883727]",28.57534327560286,1.2611735665927524
"[0.34874818259375395, 0.6553439902439663, -0.8853020023772079, 0.5299247038251482]",28.575370112144327,1.261236399074149
"[0.34874087387341945, 0.6553431810503697, -0.8853019210332372, 0.5299255186373133]",28.57539695919339,1.2612992315555456
"[0.3487335647623301, 0.6553423719280017, -0.8853018397746638, 0.5299263333523364]",28.575423805565162,1.2613620640369423
"[0.34872625636969873, 0.6553415629996563, -0.8853017586138131, 0.5299271478465708]",28.575450650848115,1.261424896518339
"[0.34871894812755594, 0.655340754202443, -0.8853016775443638, 0.5299279621833402]",28.575477502474083,1.2614877289997355
"[0.3487116394585306, 0.6553399454724518, -0.8853015965599177, 0.5299287764269899]",28.57550434796395,1.2615505614811322
"[0.3487043312253835, 0.6553391369051632, -0.8853015156700349, 0.5299295904813828]",28.57553119843154,1.2616133939625287
"[0.34869702376303796, 0.6553383285375939, -0.8853014348784017, 0.529930404309254]",28.575558054913778,1.2616762264439252
"[0.34868971521221537, 0.6553375201640725, -0.8853013541644688, 0.529931218117659]",28.57558490806443,1.2617390589253221
"[0.3486824074481278, 0.6553367119920149, -0.8853012735489522, 0.5299320316977817]",28.57561176536309,1.2618018914067186
"[0.3486750998197299, 0.6553359039493883, -0.8853011930246539, 0.5299328451221398]",28.575638621501522,1.261864723888115
"[0.3486677924186376, 0.6553350960463197, -0.8853011125925783, 0.5299336583805354]",28.575665481177,1.2619275563695118
"[0.34866048490353485, 0.6553342882450647, -0.8853010322489671, 0.5299344715109598]",28.575692341286093,1.2619903888509083
"[0.3486531779222354, 0.6553334806172233, -0.8853009520009365, 0.5299352844413409]",28.5757192045346,1.262053221332305
"[0.34864587106636535, 0.655332673117643, -0.8853008718439904, 0.5299360972171254]",28.575746069235425,1.2621160538137017
"[0.34863856423515316, 0.6553318657351693, -0.8853007917770219, 0.5299369098495398]",28.575772936899828,1.2621788862950982
"[0.34863125701390313, 0.655331058423996, -0.8853007117954942, 0.5299377223846814]",28.575799806825845,1.262241718776495
"[0.3486239503130721, 0.6553302512846921, -0.8853006319093719, 0.529938534721329]",28.575826672958684,1.2623045512578914
"[0.3486166440772589, 0.6553294443111402, -0.8853005521180326, 0.5299393468656366]",28.575853544922204,1.262367383739288
"[0.34860933721847986, 0.6553286373831245, -0.8853004724095976, 0.5299401589385931]",28.575880416415355,1.2624302162206846
"[0.3486020312861598, 0.6553278306717868, -0.8853003928009653, 0.5299409707679574]",28.575907290656858,1.2624930487020813
"[0.3485947256820234, 0.6553270241110197, -0.8853003132855944, 0.5299417824202608]",28.57593416667135,1.262555881183478
"[0.3485874198696265, 0.655326217641591, -0.8853002338576451, 0.5299425939551071]",28.575961044957968,1.2626187136648745
"[0.34858011372037406, 0.6553254112493205, -0.8853001545157305, 0.5299434053867579]",28.575987923724423,1.262681546146271
"[0.3485728080948701, 0.6553246050291732, -0.8853000752691939, 0.5299442166196543]",28.576014804249034,1.2627443786276678
"[0.34856550252721197, 0.6553237989297314, -0.8852999961129722, 0.5299450277055305]",28.576041686933404,1.2628072111090642
"[0.34855819731151155, 0.6553229929834257, -0.8852999170502455, 0.5299458386117559]",28.576068571296524,1.262870043590461
"[0.3485508923112066, 0.6553221871751818, -0.8852998380795267, 0.5299466493534949]",28.576095457399884,1.2629328760718577
"[0.34854358697225984, 0.6553213814438723, -0.8852997591948294, 0.5299474599922472]",28.57612234243977,1.2629957085532542
"[0.3485362818932318, 0.6553205758555221, -0.8852996804026202, 0.5299482704615798]",28.576149229815847,1.2630585410346507
"[0.34852897681086537, 0.6553197703810882, -0.8852996017000552, 0.5299490807907099]",28.57617612257276,1.2631213735160474
"[0.34852167261327444, 0.6553189651184715, -0.885299523096688, 0.5299498908811481]",28.57620301145338,1.2631842059974439
"[0.34851436760952775, 0.6553181598812474, -0.8852994445743217, 0.5299507009204326]",28.576229906279607,1.2632470384788406
"[0.34850706373508494, 0.6553173548827527, -0.8852993661537554, 0.529951510693953]",28.57625680200291,1.2633098709602373
"[0.3484997592793734, 0.6553165499344403, -0.8852992878166145, 0.5299523203913741]",28.576283696493928,1.2633727034416338
"[0.3484924552188751, 0.6553157451439198, -0.8852992095733753, 0.5299531299044465]",28.576310594432726,1.2634355359230305
"[0.3484851513290126, 0.6553149404864279, -0.8852991314216234, 0.5299539392580782]",28.57633749544224,1.263498368404427
"[0.348477847543221, 0.6553141359546238, -0.8852990533606422, 0.5299547484596505]",28.576364398988847,1.2635612008858235
"[0.3484705435757248, 0.6553133315170262, -0.8852989753873798, 0.5299555575408237]",28.57639129630293,1.2636240333672204
"[0.3484632400974036, 0.6553125272475108, -0.885298897508994, 0.5299563664272938]",28.5764182003698,1.263686865848617
"[0.34845593714336853, 0.6553117231499204, -0.8852988197258415, 0.5299571751151971]",28.576445110628615,1.2637496983300136
"[0.3484486337271037, 0.6553109191156281, -0.885298742027415, 0.5299579837137777]",28.576472015228937,1.26381253081141
"[0.3484413306160241, 0.6553101152291289, -0.8852986644218827, 0.5299587921380547]",28.576498928662545,1.2638753632928066
"[0.3484340277128523, 0.6553093114796702, -0.8852985869082027, 0.5299596003988453]",28.576525836936217,1.2639381957742033
"[0.3484267246694439, 0.6553085078289727, -0.8852985094826792, 0.5299604085346336]",28.576552751976468,1.2640010282556
"[0.34841942232449186, 0.6553077043692658, -0.8852984321541953, 0.5299612164526822]",28.57657966614066,1.2640638607369965
"[0.3484121195402565, 0.6553069009753941, -0.8852983549106986, 0.5299620242788333]",28.57660657995111,1.2641266932183932
"[0.34840481679338214, 0.6553060976997968, -0.8852982777572399, 0.5299628319603527]",28.576633497904815,1.2641895256997897
"[0.34839751476512004, 0.6553052946173623, -0.8852982007010034, 0.5299636394219456]",28.576660419670986,1.2642523581811864
"[0.34839021238373696, 0.6553044916102477, -0.8852981237306734, 0.5299644467820899]",28.576687338483403,1.264315190662583
"[0.34838291053129905, 0.6553036887753979, -0.8852980468555459, 0.5299652539433194]",28.576714259828748,1.2643780231439796
"[0.3483756089750937, 0.6553028860872281, -0.8852979700731565, 0.5299660609313538]",28.576741182995114,1.2644408556253763
"[0.34836830770160143, 0.6553020835442377, -0.8852978933833532, 0.5299668677477003]",28.576768113420293,1.2645036881067728
"[0.348361005764827, 0.6553012810424503, -0.8852978167762078, 0.5299676744968835]",28.57679503689856,1.2645665205881693
"[0.34835370477582167, 0.6553004787589028, -0.8852977402686187, 0.5299684810009294]",28.57682196522709,1.264629353069566
"[0.34834640307427583, 0.6552996765111514, -0.8852976638431838, 0.5299692874432376]",28.576848897653853,1.2646921855509625
"[0.3483391019972008, 0.6552988744460887, -0.8852975875139003, 0.5299700936761437]",28.576875826222853,1.2647550180323592
"[0.34833180081618254, 0.6552980724836793, -0.8852975112731439, 0.5299708997800986]",28.57690276111222,1.264817850513756
"[0.3483245001430408, 0.6552972706911137, -0.8852974351272979, 0.5299717056875627]",28.576929695663893,1.2648806829951524
"[0.3483171994352997, 0.6552964690088005, -0.885297359070696, 0.5299725114584318]",28.57695663440256,1.2649435154765492
"[0.3483098989401069, 0.6552956674638707, -0.8852972831059113, 0.5299733170654346]",28.576983572936708,1.2650063479579456
"[0.348302598565001, 0.655294866046162, -0.8852972072319761, 0.5299741225187826]",28.5770105133248,1.2650691804393421
"[0.34829529812090165, 0.6552940647349127, -0.8852971314469258, 0.5299749278393392]",28.577037454219038,1.2651320129207388
"[0.3482879975747761, 0.6552932635264982, -0.8852970557504216, 0.5299757330307422]",28.577064398082847,1.2651948454021356
"[0.3482806976776581, 0.6552924625033246, -0.8852969801502419, 0.5299765380101749]",28.577091343595356,1.265257677883532
"[0.34827339811642044, 0.6552916616310064, -0.8852969046431264, 0.5299773428121951]",28.577118286599273,1.2653205103649288
"[0.3482660990399062, 0.6552908609258526, -0.8852968292306014, 0.529978147420413]",28.57714523565035,1.2653833428463253
"[0.34825879833027307, 0.6552900601555594, -0.8852967538908081, 0.5299789520682562]",28.577172184524393,1.265446175327722
"[0.34825149936129696, 0.6552892596901709, -0.8852966786585601, 0.529979756383886]",28.577199137994857,1.2655090078091185
"[0.34824419969846737, 0.6552884592626687, -0.8852966035087473, 0.5299805606356061]",28.577226088861142,1.2655718402905152
"[0.3482369009108046, 0.6552876590450936, -0.8852965284575199, 0.5299813646505513]",28.577253046319363,1.2656346727719119
"[0.348229601783694, 0.6552868589042636, -0.8852964534923802, 0.5299821685625353]",28.577280001500082,1.2656975052533084
"[0.34822230307821667, 0.6552860589236043, -0.8852963786211437, 0.5299829722877357]",28.57730695875501,1.2657603377347049
"[0.34821500415100237, 0.6552852590325898, -0.8852963038372094, 0.5299837758970058]",28.577333916468994,1.2658231702161016
"[0.34820770585153343, 0.6552844593243056, -0.8852962291492729, 0.5299845792968261]",28.577360880345843,1.2658860026974983
"[0.34820040728557833, 0.6552836597007462, -0.8852961545481781, 0.5299853825856535]",28.577387842071758,1.265948835178895
"[0.34819310940817194, 0.6552828602665415, -0.8852960800436807, 0.5299861856583757]",28.577414805724153,1.2660116676602915
"[0.34818581063560866, 0.6552820608482008, -0.8852960056196164, 0.5299869886892701]",28.577441768110287,1.266074500141688
"[0.34817851260746346, 0.6552812616253085, -0.8852959312927081, 0.5299877914979348]",28.577468738764235,1.2661373326230847
"[0.34817121499242154, 0.655280462561549, -0.8852958570595613, 0.5299885941208515]",28.57749570863703,1.2662001651044812
"[0.3481639169112736, 0.6552796635606505, -0.8852957829112345, 0.5299893966547166]",28.577522676688908,1.266262997585878
"[0.3481566192866436, 0.6552788647236188, -0.8852957088571025, 0.5299901989980741]",28.577549648063957,1.2663258300672746
"[0.3481493221381393, 0.6552780660525758, -0.8852956348973487, 0.5299910011487945]",28.577576622999832,1.266388662548671
"[0.3481420248601335, 0.6552772674812247, -0.8852955610258292, 0.5299918031734612]",28.577603597680763,1.2664514950300678
"[0.34813472749542607, 0.6552764690142531, -0.8852954872429826, 0.5299926050673616]",28.577630573693675,1.2665143275114643
"[0.3481274306238989, 0.6552756707150905, -0.8852954135546652, 0.5299934067667932]",28.577657553949855,1.2665771599928608
"[0.34812013344069476, 0.6552748724956836, -0.8852953399527473, 0.5299942083601806]",28.577684534418236,1.2666399924742575
"[0.34811283677888144, 0.655274074447148, -0.8852952664456285, 0.5299950097560211]",28.57771151734485,1.2667028249556542
"[0.34810554041262154, 0.6552732765447637, -0.8852951930310197, 0.5299958109791391]",28.57773849917288,1.2667656574370507
"[0.348098243510153, 0.6552724786975693, -0.8852951197005574, 0.5299966121208701]",28.577765485293032,1.2668284899184474
"[0.3480909475693815, 0.6552716810693379, -0.8852950464692885, 0.529997413016763]",28.577792472329506,1.266891322399844
"[0.34808365116011664, 0.6552708835036982, -0.8852949733228495, 0.5299982138238278]",28.5778194578575,1.2669541548812404
"[0.3480763552105294, 0.6552700861021048, -0.8852949002705466, 0.5299990144401956]",28.577846450542808,1.2670169873626371
"[0.3480690596480611, 0.6552692888566045, -0.8852948273116386, 0.5299998148738513]",28.577873442474065,1.2670798198440338
"[0.348061763681363, 0.6552684916807169, -0.885294754438213, 0.5300006152116181]",28.577900437039784,1.2671426523254306
"[0.3480544680226586, 0.6552676946522611, -0.8852946816573873, 0.5300014153753637]",28.5779274283896,1.267205484806827
"[0.3480471723921071, 0.6552668977406539, -0.885294608966364, 0.5300022153957897]",28.577954425608077,1.2672683172882235
"[0.3480398766273447, 0.6552661009281587, -0.8852945363635285, 0.5300030152906983]",28.57798142575198,1.2673311497696202
"[0.3480325816122989, 0.655265304311297, -0.885294463857667, 0.5300038149631936]",28.578008423399208,1.2673939822510167
"[0.34802528675121397, 0.6552645078249881, -0.8852943914428427, 0.5300046144786077]",28.57803542370779,1.2674568147324135
"[0.34801799199905464, 0.6552637114643046, -0.8852943191186049, 0.5300054138418843]",28.578062427778317,1.2675196472138102
"[0.34801069753593894, 0.6552629152489117, -0.8852942468867324, 0.5300062130332807]",28.578089429881658,1.2675824796952067
"[0.3480034025109553, 0.6552621190858924, -0.8852941747388069, 0.5300070121460615]",28.57811643469612,1.2676453121766034
"[0.34799610780073575, 0.655261323070969, -0.8852941026835023, 0.5300078110841385]",28.578143443362748,1.2677081446579999
"[0.3479888134852365, 0.6552605272128138, -0.8852940307215973, 0.5300086098388124]",28.57817045290761,1.2677709771393963
"[0.3479815193533099, 0.6552597314883952, -0.8852939588509988, 0.5300094084331949]",28.57819746315191,1.2678338096207933
"[0.3479742250507202, 0.6552589358590496, -0.885293887068218, 0.5300102069060875]",28.57822447449781,1.2678966421021898
"[0.3479669311310347, 0.6552581403851595, -0.8852938153786991, 0.5300110051968882]",28.578251486964867,1.2679594745835863
"[0.3479596373039751, 0.655257345035049, -0.8852937437795818, 0.5300118033373847]",28.57827850424855,1.268022307064983
"[0.34795234413999865, 0.6552565498709017, -0.8852936722764527, 0.5300126012651754]",28.57830552135031,1.2680851395463795
"[0.34794505012929083, 0.6552557547281065, -0.8852936008545138, 0.530013399145439]",28.578332542269784,1.2681479720277762
"[0.34793775654189335, 0.6552549597451239, -0.8852935295262108, 0.5300141968392319]",28.578359560538633,1.268210804509173
"[0.34793046372079206, 0.6552541649592999, -0.8852934582948765, 0.5300149943090847]",28.578386584526793,1.2682736369905694
"[0.3479231707918851, 0.6552533702753629, -0.8852933871519625, 0.5300157916505895]",28.57841360783938,1.268336469471966
"[0.3479158771772386, 0.6552525756303453, -0.8852933160918461, 0.5300165889269179]",28.578440630395274,1.2683993019533626
"[0.3479085846818166, 0.6552517812208922, -0.8852932451321073, 0.5300173859407707]",28.578467655522015,1.268462134434759
"[0.34790129198707537, 0.6552509869033404, -0.8852931742598983, 0.5300181828362848]",28.578494685407886,1.2685249669161558
"[0.34789399946749466, 0.6552501927184757, -0.8852931034788608, 0.5300189795725374]",28.578521714124257,1.2685877993975525
"[0.347886707261369, 0.6552493986813435, -0.8852930327903296, 0.5300197761344344]",28.5785487459972,1.268650631878949
"[0.347879414870728, 0.6552486047377158, -0.8852929621894755, 0.5300205725763725]",28.57857578102506,1.2687134643603457
"[0.3478721228313344, 0.6552478109459232, -0.8852928916814838, 0.530021368839834]",28.578602815108756,1.2687762968417422
"[0.3478648304760279, 0.6552470172333106, -0.8852928212599044, 0.5300221649977012]",28.57862985060489,1.268839129323139
"[0.3478575385056799, 0.6552462236761821, -0.8852927509315048, 0.530022960973427]",28.578656890814393,1.2689019618045354
"[0.3478502470122805, 0.6552454302845183, -0.8852926806971576, 0.5300237567570032]",28.578683928483073,1.2689647942859321
"[0.3478429556850702, 0.6552446370244859, -0.8852926105538583, 0.5300245523823647]",28.57871097310376,1.2690276267673288
"[0.34783566459374093, 0.6552438439036558, -0.8852925405022718, 0.5300253478419162]",28.57873801211875,1.2690904592487253
"[0.34782837289745416, 0.6552430508305652, -0.8852924705343271, 0.5300261432273854]",28.578765056322663,1.2691532917301218
"[0.3478210818986926, 0.6552422579468745, -0.885292400662521, 0.5300269383966957]",28.57879210162894,1.2692161242115185
"[0.3478137909050973, 0.6552414651772669, -0.8852923308802078, 0.5300277334253805]",28.57881915077907,1.269278956692915
"[0.34780649974652944, 0.6552406725032474, -0.8852922611857623, 0.5300285283319832]",28.57884620028094,1.2693417891743117
"[0.3477992096601614, 0.6552398800592923, -0.8852921915909946, 0.5300293229816504]",28.57887325180797,1.2694046216557084
"[0.3477919187649587, 0.6552390876409201, -0.8852921220779439, 0.5300301175794305]",28.578900302409004,1.269467454137105
"[0.34778462826038115, 0.6552382953785023, -0.8852920526580552, 0.5300309119945869]",28.578927357544252,1.2695302866185016
"[0.34777733780083947, 0.6552375032344695, -0.8852919833280303, 0.530031706264791]",28.57895441255273,1.2695931190998981
"[0.34777004786785704, 0.655236711261126, -0.8852919140924393, 0.5300325003375965]",28.57898146656059,1.2696559515812946
"[0.3477627576448361, 0.6552359193697512, -0.8852918449435231, 0.5300332943019571]",28.57900852847378,1.2697187840626913
"[0.34775546835728594, 0.6552351276934357, -0.8852917758928958, 0.5300340880244347]",28.579035591120718,1.269781616544088
"[0.3477481782069243, 0.6552343360368792, -0.8852917069235211, 0.5300348817008292]",28.57906264958101,1.2698444490254848
"[0.34774088867323466, 0.6552335445607647, -0.8852916380494016, 0.5300356751700398]",28.57908971694412,1.2699072815068813
"[0.34773359930925074, 0.6552327532164594, -0.8852915692663018, 0.530036468480836]",28.579116779495006,1.2699701139882777
"[0.3477263099028623, 0.6552319619810174, -0.8852915005722183, 0.5300372616562028]",28.57914384639117,1.2700329464696745
"[0.3477190205133502, 0.6552311708608332, -0.8852914319677114, 0.5300380546897324]",28.579170914781336,1.2700957789510712
"[0.3477117314101934, 0.655230379885153, -0.8852913634553123, 0.5300388475521046]",28.579197983953414,1.2701586114324677
"[0.3477044427537661, 0.6552295890713543, -0.8852912950365168, 0.5300396402259016]",28.579225054887782,1.2702214439138644
"[0.3476971541914916, 0.6552287983811733, -0.8852912267080059, 0.5300404327494754]",28.57925212754017,1.2702842763952609
"[0.347689865680806, 0.6552280078099825, -0.8852911584693789, 0.5300412251274628]",28.579279204063745,1.2703471088766574
"[0.34768257698733435, 0.6552272173323405, -0.8852910903184458, 0.5300420173853599]",28.579306279200992,1.270409941358054
"[0.3476752886622204, 0.6552264270080406, -0.8852910222603565, 0.5300428094632336]",28.579333358062385,1.2704727738394508
"[0.347667999740358, 0.6552256367324215, -0.8852909542861045, 0.5300436014659738]",28.579360437926564,1.2705356063208475
"[0.3476607122314099, 0.6552248467233522, -0.8852908864144178, 0.5300443931752359]",28.579387519380063,1.270598438802244
"[0.34765342395171434, 0.6552240567440886, -0.8852908186249479, 0.530045184828274]",28.579414600851283,1.2706612712836405
"[0.34764613678576484, 0.6552232669988844, -0.8852907509352171, 0.5300459762203992]",28.579441685790883,1.2707241037650372
"[0.3476388492093737, 0.6552224773225354, -0.8852906833310565, 0.5300467675171603]",28.579468772451108,1.2707869362464337
"[0.34763156180194876, 0.6552216877778285, -0.885290615817846, 0.5300475586556374]",28.579495859780607,1.2708497687278304
"[0.34762427428845755, 0.6552208983349604, -0.8852905483930378, 0.53004834966569]",28.57952295102767,1.270912601209227
"[0.3476169868754751, 0.6552201090163056, -0.8852904810585439, 0.530049140524896]",28.57955003879355,1.2709754336906236
"[0.34760969978316364, 0.6552193198456977, -0.8852904138163921, 0.5300499312093736]",28.579577133566847,1.2710382661720203
"[0.3476024129561296, 0.655218530817121, -0.885290346666062, 0.5300507217251499]",28.57960422602875,1.2711010986534168
"[0.3475951258760945, 0.6552177418744513, -0.8852902796027773, 0.5300515121284515]",28.579631323214777,1.2711639311348133
"[0.34758783960902545, 0.6552169531330813, -0.8852902126363399, 0.5300523023036708]",28.579658416638573,1.27122676361621
"[0.34758055292455897, 0.6552161644598117, -0.8852901457554354, 0.5300530923842487]",28.579685517360968,1.2712895960976067
"[0.3475732665681264, 0.6552153759353209, -0.885290078966908, 0.5300538822893579]",28.579712619740267,1.2713524285790032
"[0.3475659801221065, 0.6552145875144181, -0.8852900122669267, 0.5300546720642646]",28.579739721517022,1.2714152610604
"[0.34755869422488433, 0.6552137992661323, -0.885289945661328, 0.5300554616398255]",28.579766825776975,1.2714780935417964
"[0.347551408121512, 0.6552130111088059, -0.885289879143205, 0.5300562510978287]",28.579793929941196,1.2715409260231931
"[0.34754412239527877, 0.6552122231055201, -0.885289812717881, 0.5300570403750882]",28.579821037398556,1.2716037585045896
"[0.34753683676350094, 0.6552114352256841, -0.8852897463827708, 0.5300578295022423]",28.579848145038923,1.2716665909859863
"[0.3475295513935739, 0.6552106474874169, -0.8852896801393925, 0.5300586184611387]",28.579875255150895,1.271729423467383
"[0.34752226595308, 0.6552098598546879, -0.8852896139847228, 0.5300594072878724]",28.579902368252426,1.2717922559487795
"[0.34751498058038754, 0.6552090723425322, -0.8852895479200174, 0.5300601959673709]",28.579929476861317,1.271855088430176
"[0.3475076956538586, 0.6552082849918074, -0.8852894819486998, 0.5300609844587184]",28.57995659619314,1.2719179209115727
"[0.34750041034571183, 0.6552074977130417, -0.8852894160632738, 0.5300617728515131]",28.57998371177247,1.2719807533929695
"[0.34749312586156533, 0.6552067106365067, -0.8852893502746351, 0.5300625610152981]",28.58001083005558,1.2720435858743662
"[0.3474858408045138, 0.6552059236112617, -0.8852892845701646, 0.53006334910122]",28.58003794840475,1.2721064183557627
"[0.3474785565168237, 0.6552051367822995, -0.8852892189619652, 0.5300641369640895]",28.580065070112703,1.2721692508371591
"[0.3474712719750602, 0.6552043500390651, -0.885289153440811, 0.5300649247146042]",28.580092191395394,1.2722320833185559
"[0.3474639873609005, 0.6552035634011835, -0.8852890880083428, 0.5300657123331093]",28.580119314819036,1.2722949157999524
"[0.3474567036246642, 0.6552027769712476, -0.8852890226730837, 0.5300664997168852]",28.58014644059721,1.272357748281349
"[0.3474494197027201, 0.6552019906344038, -0.8852889574254806, 0.5300672869809245]",28.58017356820973,1.2724205807627458
"[0.34744213553413367, 0.6552012043840945, -0.8852888922649962, 0.5300680741317841]",28.580200699577382,1.2724834132441423
"[0.347434851941199, 0.6552004183090177, -0.8852888271989829, 0.5300688610806706]",28.580227829427294,1.2725462457255388
"[0.3474275687003352, 0.6551996323850684, -0.8852887622254261, 0.5300696478517087]",28.58025496507426,1.2726090782069355
"[0.34742028522937257, 0.6551988465494031, -0.8852886973391311, 0.5300704345078106]",28.580282098035248,1.272671910688332
"[0.3474130013589406, 0.6551980607837593, -0.885288632538602, 0.5300712210672498]",28.580309231859697,1.2727347431697287
"[0.3474057187822967, 0.655197275270777, -0.8852885678388881, 0.5300720073472032]",28.58033637133064,1.2727975756511254
"[0.347398435592505, 0.6551964898047671, -0.8852885032230349, 0.5300727935535587]",28.58036350838949,1.2728604081325219
"[0.34739115292809114, 0.6551957045084664, -0.8852884387011474, 0.5300735795634671]",28.580390649703638,1.2729232406139186
"[0.34738387006630855, 0.6551949193039786, -0.8852883742668165, 0.5300743654548858]",28.580417790211204,1.272986073095315
"[0.3473765875916619, 0.6551941342542972, -0.8852883099252119, 0.5300751511647666]",28.580444933147515,1.2730489055767116
"[0.34736930472401056, 0.6551933492753225, -0.885288245669441, 0.5300759367772763]",28.58047207940334,1.2731117380581083
"[0.3473620225005189, 0.6551925644788321, -0.8852881815086517, 0.5300767221805447]",28.580499225247173,1.273174570539505
"[0.34735474031631763, 0.6551917797996224, -0.8852881174375031, 0.5300775074398258]",28.58052637445965,1.2732374030209017
"[0.34734745853694216, 0.6551909952770683, -0.8852880534592046, 0.5300782925157149]",28.580553526495333,1.2733002355022982
"[0.3473401764980113, 0.6551902108395853, -0.8852879895679164, 0.5300790774798433]",28.580580675421736,1.2733630679836947
"[0.3473328943710114, 0.655189426505646, -0.8852879257651513, 0.5300798623137218]",28.58060782746293,1.2734259004650914
"[0.34732561321380273, 0.6551886423891699, -0.8852878620601624, 0.5300806469033587]",28.580634986331827,1.273488732946488
"[0.3473183312251737, 0.6551878582961752, -0.8852877984371893, 0.5300814314428497]",28.580662138481603,1.2735515654278846
"[0.3473110499403841, 0.6551870743919719, -0.885287734909648, 0.5300822157667869]",28.58068929647161,1.2736143979092813
"[0.34730376930181167, 0.6551862906703202, -0.8852876714770131, 0.530082999881417]",28.580716458449466,1.2736772303906778
"[0.347296488183905, 0.6551855070100546, -0.8852876081294755, 0.5300837839079638]",28.58074362032284,1.2737400628720745
"[0.347289206899608, 0.6551847234448802, -0.8852875448697711, 0.5300845678126976]",28.58077077971421,1.273802895353471
"[0.3472819261173547, 0.6551839400466845, -0.8852874817037024, 0.5300853515237032]",28.580797944112224,1.2738657278348675
"[0.34727464513463674, 0.6551831567399046, -0.8852874186251696, 0.5300861351165658]",28.58082510998888,1.2739285603162644
"[0.34726736474789816, 0.6551823736101989, -0.8852873556410668, 0.5300869185055964]",28.580852281877075,1.273991392797661
"[0.34726008444382445, 0.6551815906023232, -0.8852872927469417, 0.5300877017460589]",28.580879448156658,1.2740542252790574
"[0.3472528043093452, 0.6551808077256317, -0.8852872299435418, 0.5300884848285927]",28.58090662012291,1.2741170577604541
"[0.34724552454267704, 0.6551800250014197, -0.8852871672325678, 0.5300892677318966]",28.580933791836713,1.2741798902418506
"[0.3472382442000005, 0.6551792423282077, -0.8852871046058949, 0.5300900505574683]",28.58096096406866,1.2742427227232473
"[0.34723096443951884, 0.6551784598305054, -0.8852870420734863, 0.530090833180771]",28.580988143355775,1.274305555204644
"[0.3472236846249626, 0.6551776774399052, -0.8852869796298686, 0.5300916156702216]",28.58101531798685,1.2743683876860405
"[0.34721640523306435, 0.6551768952076308, -0.8852869172791246, 0.5300923979745892]",28.581042498091843,1.2744312201674373
"[0.3472091260714959, 0.6551761131129982, -0.8852868550195965, 0.5300931801145593]",28.581069676203438,1.2744940526488338
"[0.34720184656392084, 0.6551753310940839, -0.8852867928463577, 0.5300939621520547]",28.581096861133823,1.2745568851302302
"[0.3471945674123412, 0.6551745492262936, -0.8852867307654051, 0.5300947440116652]",28.581124042390503,1.274619717611627
"[0.34718728869288, 0.6551737675177882, -0.8852866687773743, 0.5300955256852297]",28.58115122644989,1.2746825500930237
"[0.3471800095785637, 0.6551729858797471, -0.8852866068752225, 0.530096307261562]",28.581178414932648,1.2747453825744202
"[0.34717273109117575, 0.6551722044218825, -0.8852865450676368, 0.5300970886309558]",28.581205602814233,1.2748082150558169
"[0.34716545251513714, 0.6551714230673495, -0.8852864833485309, 0.5300978698702469]",28.581232792513994,1.2748710475372134
"[0.34715817399584226, 0.6551706418317544, -0.8852864217191395, 0.5300986509638282]",28.581259981441256,1.27493388001861
"[0.34715089582496345, 0.6551698607463918, -0.8852863601819262, 0.5300994318804081]",28.581287177298655,1.2749967125000066
"[0.347143617546878, 0.6551690797623526, -0.8852862987330352, 0.5301002126688839]",28.581314368632107,1.2750595449814033
"[0.3471363396702613, 0.6551682989342131, -0.8852862373767564, 0.5301009932746907]",28.581341570488828,1.2751223774628
"[0.3471290621260019, 0.6551675182545363, -0.8852861761124954, 0.5301017737052639]",28.58136876556101,1.2751852099441965
"[0.34712178379842906, 0.6551667376036493, -0.8852861149308687, 0.5301025540802317]",28.581395965170795,1.275248042425593
"[0.347114506111351, 0.6551659571342654, -0.8852860538438493, 0.5301033342469313]",28.58142316518266,1.2753108749069897
"[0.3471072290834301, 0.6551651768483527, -0.8852859928515706, 0.530104114203398]",28.58145036862558,1.2753737073883862
"[0.3470999519376357, 0.6551643966625788, -0.8852859319475112, 0.5301048940329285]",28.581477576617893,1.275436539869783
"[0.3470926746769385, 0.6551636165772675, -0.8852858711317012, 0.5301056737351939]",28.581504779533986,1.2754993723511796
"[0.3470853977558926, 0.6551628366411493, -0.885285810407936, 0.530106453261483]",28.58153198958307,1.275562204832576
"[0.34707812061760096, 0.6551620567944618, -0.8852857497715679, 0.5301072326715354]",28.581559199088964,1.2756250373139728
"[0.3470708439113064, 0.6551612771068575, -0.885285689228003, 0.5301080118957211]",28.58158640916187,1.2756878697953693
"[0.3470635670895994, 0.6551604975196211, -0.8852856287726828, 0.5301087909927266]",28.581613620343457,1.2757507022767658
"[0.34705629068411437, 0.6551597180897236, -0.885285568410019, 0.5301095699056109]",28.581640833011974,1.2758135347581625
"[0.34704901420465845, 0.6551589387646387, -0.8852855081359396, 0.5301103486868648]",28.581668046080242,1.2758763672395592
"[0.34704173781555775, 0.6551581595619567, -0.8852854479518074, 0.5301111273189082]",28.581695266996295,1.2759391997209557
"[0.34703446200376065, 0.6551573805338085, -0.8852853878616382, 0.530111905749647]",28.581722484504546,1.2760020322023524
"[0.3470271860055109, 0.6551566015984056, -0.8852853278591185, 0.5301126840608056]",28.58174970531865,1.276064864683749
"[0.34701990991814774, 0.6551558227661736, -0.8852852679450567, 0.5301134622419627]",28.58177692425885,1.2761276971651456
"[0.3470126347042965, 0.6551550441401314, -0.885285208127366, 0.5301142401901844]",28.581804147381213,1.2761905296465423
"[0.3470053593796258, 0.6551542656148948, -0.8852851483979409, 0.5301150180107674]",28.58183137376546,1.2762533621279388
"[0.3469980837753866, 0.6551534871724318, -0.8852850887554036, 0.5301157957217177]",28.58185860157685,1.2763161946093355
"[0.3469908086036421, 0.6551527088889142, -0.8852850292055892, 0.5301165732469347]",28.581885831624952,1.276379027090732
"[0.34698353393981274, 0.6551519307723863, -0.8852849697490998, 0.5301173505783823]",28.581913060324897,1.2764418595721285
"[0.34697625880055116, 0.6551511527176614, -0.885284910377898, 0.5301181278211383]",28.58194029152812,1.2765046920535252
"[0.3469689834935223, 0.6551503747576576, -0.8852848510945079, 0.5301189049423115]",28.581967523682092,1.276567524534922
"[0.34696170932541937, 0.6551495970320717, -0.8852847919095603, 0.5301196818023581]",28.581994758292804,1.2766303570163187
"[0.3469544346471043, 0.6551488193645694, -0.8852847328096267, 0.5301204585774154]",28.58202199441105,1.2766931894977152
"[0.34694716009466814, 0.6551480418231556, -0.885284673799883, 0.5301212351995511]",28.582049229115185,1.2767560219791116
"[0.34693988618735416, 0.6551472644633145, -0.8852846148845277, 0.530122011613346]",28.582076472447696,1.2768188544605084
"[0.3469326120958225, 0.6551464871963983, -0.8852845560568366, 0.5301227879073396]",28.582103710585585,1.2768816869419048
"[0.3469253378975021, 0.6551457100306474, -0.8852844973174425, 0.5301235640733025]",28.582130952814012,1.2769445194233016
"[0.3469180638413121, 0.6551449329927049, -0.8852844386683552, 0.530124340084614]",28.582158198730514,1.2770073519046983
"[0.3469107904686668, 0.655144156140363, -0.8852843801139257, 0.5301251158835624]",28.582185442472287,1.2770701843860948
"[0.3469035167756632, 0.6551433793663866, -0.8852843216460672, 0.5301258915772361]",28.582212692486642,1.2771330168674915
"[0.3468962434092734, 0.655142602739863, -0.8852842632699806, 0.5301266670966401]",28.58223994478311,1.277195849348888
"[0.34688896976655065, 0.6551418261964249, -0.8852842049808266, 0.5301274425060437]",28.582267192271154,1.2772586818302845
"[0.3468816966340535, 0.6551410498199854, -0.8852841467849061, 0.5301282177216633]",28.58229444637195,1.2773215143116812
"[0.34687442389335865, 0.6551402735979321, -0.8852840886812554, 0.5301289927560839]",28.58232169977487,1.2773843467930779
"[0.3468671512224192, 0.6551394974958621, -0.885284030667294, 0.5301297676436592]",28.58234895582055,1.2774471792744744
"[0.34685987818647834, 0.6551387214673778, -0.8852839727395605, 0.5301305424307085]",28.582376210028645,1.277510011755871
"[0.3468526056664787, 0.6551379456064771, -0.8852839149050697, 0.5301313170233809]",28.582403467846177,1.2775728442372676
"[0.3468453330209016, 0.6551371698447034, -0.8852838571587138, 0.5301320914900202]",28.582430730214533,1.277635676718664
"[0.3468380609299423, 0.6551363942546006, -0.8852837995058872, 0.5301328657582023]",28.582457988809526,1.2776985092000608
"[0.3468307884764263, 0.6551356187383418, -0.8852837419393155, 0.5301336399255845]",28.582485251774077,1.2777613416814575
"[0.34682351627029523, 0.655134843360992, -0.8852836844638297, 0.5301344139272076]",28.582512516937477,1.2778241741628542
"[0.3468162446153196, 0.6551340681548915, -0.8852836270818176, 0.530135187730793]",28.582539784241686,1.2778870066442507
"[0.3468089731326573, 0.6551332930795678, -0.8852835697902783, 0.5301359613767521]",28.582567051275117,1.2779498391256472
"[0.3468017018050453, 0.6551325181332855, -0.8852835125890693, 0.5301367348667961]",28.582594324617784,1.278012671607044
"[0.34679443003579424, 0.6551317432524102, -0.8852834554735035, 0.5301375082644421]",28.582621596014867,1.2780755040884404
"[0.3467871590221114, 0.6551309685645009, -0.8852833984529794, 0.530138281442374]",28.582648864521847,1.278138336569837
"[0.3467798873601715, 0.6551301939199864, -0.8852833415164872, 0.5301390545498673]",28.582676143515226,1.2782011690512338
"[0.3467726163909749, 0.6551294194617181, -0.8852832846745271, 0.5301398274443525]",28.58270341651556,1.2782640015326303
"[0.3467653455540151, 0.6551286451299699, -0.8852832279227032, 0.5301406001854343]",28.582730694293573,1.278326834014027
"[0.34675807446950496, 0.6551278708842961, -0.885283171258054, 0.5301413728134721]",28.582757973331642,1.2783896664954235
"[0.3467508036682968, 0.6551270967812225, -0.8852831146847167, 0.5301421452720546]",28.58278525559996,1.2784524989768202
"[0.3467435336524252, 0.6551263228741611, -0.8852830582065796, 0.530142917507886]",28.582812538908314,1.278515331458217
"[0.346736263147366, 0.6551255490274359, -0.8852830018137362, 0.5301436896563473]",28.582839822582585,1.2785781639396134
"[0.3467289929464786, 0.655124775325488, -0.8852829455123457, 0.5301444616331776]",28.58286710742549,1.27864099642101
"[0.34672172267176143, 0.6551240017280823, -0.8852828892994766, 0.5301452334785198]",28.58289439152635,1.2787038289024066
"[0.34671445288207636, 0.6551232282946674, -0.8852828331794437, 0.5301460051330597]",28.582921684401,1.2787666613838031
"[0.3467071827802198, 0.6551224549404275, -0.8852827771460908, 0.5301467766814149]",28.582948974544692,1.2788294938651998
"[0.3466999130879042, 0.655121681742126, -0.8852827212049795, 0.5301475480469977]",28.582976263106023,1.2788923263465966
"[0.3466926440430131, 0.6551209087250371, -0.8852826653579221, 0.530148319204597]",28.583003559530162,1.278955158827993
"[0.3466853742912945, 0.655120135745142, -0.8852826095945162, 0.530149090297881]",28.583030853430166,1.2790179913093898
"[0.3466781048431351, 0.6551193629098805, -0.8852825539225209, 0.5301498612196662]",28.583058151538356,1.2790808237907862
"[0.34667083599738074, 0.655118590250999, -0.8852824983442084, 0.5301506319382862]",28.5830854503284,1.2791436562721827
"[0.34666356695554323, 0.6551178176836078, -0.8852824428534676, 0.5301514025384161]",28.583112749324243,1.2792064887535795
"[0.34665629802387443, 0.6551170452402552, -0.885282387452639, 0.5301521729875865]",28.583140049181935,1.2792693212349762
"[0.3466490295220666, 0.6551162729548986, -0.8852823321441498, 0.5301529432519275]",28.583167352836657,1.2793321537163729
"[0.346641760678049, 0.6551155007454962, -0.885282276922125, 0.5301537134132631]",28.583194655544467,1.2793949861977694
"[0.3466344923375662, 0.6551147287018932, -0.8852822217929874, 0.5301544833819831]",28.583221964527198,1.2794578186791659
"[0.34662722431167037, 0.6551139568039955, -0.8852821667552904, 0.5301552531781292]",28.58324927228258,1.2795206511605626
"[0.34661995610234675, 0.6551131849989054, -0.8852821118052608, 0.5301560228544521]",28.583276581126306,1.279583483641959
"[0.3466126875444673, 0.6551124132690973, -0.8852820569416614, 0.5301567924284221]",28.583303895581643,1.2796463161233558
"[0.34660542005497447, 0.6551116417649941, -0.8852820021751753, 0.5301575617500375]",28.583331203162846,1.2797091486047525
"[0.3465981522410789, 0.6551108703387191, -0.8852819474952932, 0.5301583309667575]",28.583358521652002,1.279771981086149
"[0.34659088468824095, 0.6551100990524128, -0.8852818929064231, 0.5301591000166146]",28.583385838003764,1.2798348135675455
"[0.3465836169489748, 0.6551093278585791, -0.8852818384052025, 0.5301598689469648]",28.583413151385965,1.2798976460489422
"[0.34657634986541697, 0.6551085568465654, -0.88528178399794, 0.5301606376687219]",28.58344047275131,1.2799604785303387
"[0.3465690825884551, 0.6551077859262698, -0.8852817296782706, 0.5301614062717195]",28.58346779204401,1.2800233110117354
"[0.34656181560195365, 0.655107015149016, -0.8852816754498094, 0.5301621747047846]",28.583495116304924,1.280086143493132
"[0.3465545488059542, 0.6551062445041871, -0.8852816213118043, 0.530162942978501]",28.58352243960937,1.2801489759745286
"[0.34654728184807687, 0.6551054739544098, -0.8852815672616295, 0.5301637111301235]",28.583549763577846,1.2802118084559253
"[0.34654001514130706, 0.6551047035434693, -0.8852815133023564, 0.5301644791160008]",28.583577089820004,1.2802746409373218
"[0.3465327489343356, 0.6551039332977114, -0.885281459435818, 0.53016524690987]",28.583604419693927,1.2803374734187183
"[0.3465254822379935, 0.6551031631122763, -0.8852814056546836, 0.5301660146162539]",28.58363174912851,1.2804003059001152
"[0.34651821588737197, 0.6551023930756752, -0.8852813519651366, 0.5301667821469216]",28.58365908223747,1.2804631383815117
"[0.3465109502551314, 0.655101623227375, -0.8852812983699122, 0.5301675494625369]",28.583686415814455,1.2805259708629084
"[0.34650368406534954, 0.6551008534321702, -0.8852812448595961, 0.530168316697858]",28.583713747085604,1.280588803344305
"[0.34649641864630654, 0.6551000838307678, -0.8852811914439681, 0.5301690837126448]",28.583741086752628,1.2806516358257014
"[0.34648915223398324, 0.655099314236327, -0.8852811381100636, 0.5301698506931032]",28.583768424055904,1.2807144683070981
"[0.34648188680864606, 0.6550985448585681, -0.8852810848724184, 0.5301706174302228]",28.58379576399687,1.2807773007884948
"[0.3464746219551461, 0.6550977756535071, -0.885281031727963, 0.5301713839678386]",28.58382310764359,1.2808401332698913
"[0.34646735638575465, 0.6550970064847529, -0.8852809786672815, 0.530172150441873]",28.583850447490736,1.280902965751288
"[0.34646009130776645, 0.6550962374801651, -0.8852809256991957, 0.5301729167249009]",28.583877793589267,1.2809657982326845
"[0.3464528257858324, 0.655095468540717, -0.8852808728168855, 0.5301736829155981]",28.583905139208593,1.2810286307140812
"[0.3464455617126828, 0.6550946998666971, -0.8852808200341108, 0.530174448814394]",28.58393248572845,1.2810914631954777
"[0.3464382964159825, 0.6550939311753127, -0.8852807673314498, 0.5301752147030591]",28.58395983407808,1.2811542956768744
"[0.3464310321585113, 0.6550931627059772, -0.8852807147253221, 0.5301759803430466]",28.583987184593557,1.2812171281582712
"[0.34642376755260423, 0.6550923943118784, -0.8852806622056657, 0.5301767458806282]",28.584014539161316,1.2812799606396676
"[0.34641650339617913, 0.6550916260773886, -0.8852806097782493, 0.530177511231746]",28.584041892278016,1.2813427931210641
"[0.34640923907001187, 0.6550908579370307, -0.8852805574385992, 0.5301782764616255]",28.58406924909444,1.2814056256024609
"[0.34640197523133975, 0.6550900899602854, -0.8852805051914464, 0.5301790415010488]",28.584096606339145,1.2814684580838573
"[0.3463947112554366, 0.6550893220811117, -0.8852804530322913, 0.5301798064157991]",28.584123965623967,1.281531290565254
"[0.34638744737319577, 0.6550885543238538, -0.8852804009627943, 0.530180571181633]",28.584151323239883,1.2815941230466508
"[0.34638018407422794, 0.6550877867403095, -0.8852803489864534, 0.5301813357469435]",28.584178689580625,1.2816569555280473
"[0.3463729204011381, 0.6550870192292572, -0.8852802970964146, 0.5301821002125575]",28.58420604901169,1.281719788009444
"[0.3463656569048891, 0.655086251848939, -0.8852802452966183, 0.5301828645204558]",28.584233417412612,1.2817826204908405
"[0.3463583938952141, 0.6550854846320354, -0.885280193589263, 0.5301836286380925]",28.584260782030274,1.281845452972237
"[0.34635113082311814, 0.6550847175205579, -0.8852801419704323, 0.5301843926232186]",28.584288148787895,1.2819082854536337
"[0.3463438680553546, 0.6550839505532158, -0.8852800904427305, 0.5301851564372825]",28.58431552226986,1.2819711179350304
"[0.34633660551913026, 0.655083183722324, -0.8852800390056316, 0.5301859200879347]",28.58434289297515,1.2820339504164269
"[0.34632934240468394, 0.6550824169423918, -0.8852799876534079, 0.5301866836603053]",28.584370266175174,1.2820967828978236
"[0.3463220799522196, 0.6550816503443169, -0.8852799363948277, 0.5301874470240449]",28.584397636228715,1.28215961537922
"[0.3463148173396237, 0.6550808838413299, -0.8852798852240803, 0.5301882102655526]",28.584425017241372,1.2822224478606168
"[0.3463075553986643, 0.6550801175211936, -0.8852798341470175, 0.5301889732974392]",28.5844523934364,1.2822852803420135
"[0.3463002929984466, 0.6550793512645643, -0.8852797831556826, 0.530189736238534]",28.584479771297353,1.28234811282341
"[0.346293031586633, 0.6550785852241638, -0.8852797322602307, 0.5301904989367761]",28.58450715508924,1.2824109453048067
"[0.34628576950404627, 0.6550778192249496, -0.8852796814490285, 0.5301912615664424]",28.58453453821631,1.2824737777862032
"[0.3462785077728284, 0.6550770533747433, -0.8852796307292342, 0.5301920240201794]",28.584561920110666,1.2825366102675997
"[0.34627124602463816, 0.6550762876346858, -0.88527958009827, 0.5301927863366729]",28.58458930676058,1.2825994427489964
"[0.3462639849023683, 0.6550755220725519, -0.8852795295606084, 0.5301935484484508]",28.584616693505843,1.2826622752303931
"[0.3462567236933447, 0.6550747566131857, -0.8852794791112802, 0.5301943104303297]",28.58464408366726,1.2827251077117898
"[0.3462494626169846, 0.6550739912797139, -0.8852794287518096, 0.5301950722592851]",28.584671473962477,1.2827879401931863
"[0.34624220175762316, 0.6550732260810156, -0.8852793784827768, 0.5301958339264766]",28.584698864989146,1.2828507726745828
"[0.34623494059724524, 0.6550724609624982, -0.8852793283005974, 0.5301965954862403]",28.58472626218733,1.2829136051559795
"[0.3462276799634502, 0.6550716960113537, -0.8852792782109885, 0.5301973568517886]",28.584753655357456,1.282976437637376
"[0.3462204191857007, 0.6550709311569329, -0.8852792282093173, 0.5301981180934366]",28.584781050214314,1.2830392701187727
"[0.34621315889560533, 0.6550701664657473, -0.8852791782999289, 0.5301988791449881]",28.584808450195172,1.2831021026001694
"[0.3462058985725841, 0.655069401882961, -0.8852791284792368, 0.5301996400610148]",28.584835850939886,1.283164935081566
"[0.34619863845133914, 0.6550686374332846, -0.8852790787488501, 0.530200400816922]",28.58486325238118,1.2832277675629624
"[0.3461913784185072, 0.6550678731047779, -0.8852790291079872, 0.5302011614245896]",28.584890656931982,1.2832906000443591
"[0.346184119155031, 0.655067108969081, -0.8852789795612898, 0.5302019218127315]",28.584918062585697,1.2833534325257556
"[0.34617685869833453, 0.6550663448196384, -0.8852789300953715, 0.5302026821868804]",28.584945467484093,1.2834162650071523
"[0.3461695990685587, 0.6550655808690631, -0.8852788807240035, 0.5302034423354688]",28.58497287364436,1.283479097488549
"[0.3461623396943485, 0.6550648170572025, -0.8852788314432808, 0.530204202318353]",28.585000285710546,1.2835419299699455
"[0.3461550804502863, 0.6550640533708469, -0.8852787822523461, 0.530204962148675]",28.585027697828927,1.2836047624513423
"[0.34614782071495853, 0.6550632897446296, -0.8852787331469965, 0.5302057218914659]",28.585055109121313,1.2836675949327387
"[0.34614056198751664, 0.6550625263362618, -0.885278684137363, 0.5302064813898093]",28.58508252538663,1.2837304274141352
"[0.34613330287354754, 0.6550617629989612, -0.885278635214022, 0.5302072407897553]",28.585109939307642,1.283793259895532
"[0.3461260443595341, 0.6550609998365756, -0.8852785863836173, 0.530207999987969]",28.585137358348877,1.2838560923769287
"[0.3461187859390484, 0.6550602367957793, -0.8852785376427315, 0.5302087590375091]",28.585164776127854,1.2839189248583254
"[0.3461115273237073, 0.6550594738462775, -0.8852784889894304, 0.5302095179685045]",28.58519219797886,1.2839817573397219
"[0.34610426885736445, 0.6550587110242033, -0.8852784404260206, 0.5302102767450093]",28.58521961906284,1.2840445898211184
"[0.34609701082073757, 0.655057948359041, -0.8852783919543706, 0.5302110353376964]",28.585247041179752,1.284107422302515
"[0.3460897524418209, 0.6550571857696742, -0.8852783435693248, 0.530211793827243]",28.585274467789173,1.2841702547839116
"[0.34608249439327726, 0.6550564233267449, -0.8852782952753674, 0.5302125521433892]",28.58530189673479,1.2842330872653083
"[0.3460752369565009, 0.655055661059814, -0.8852782470743555, 0.5302133102567305]",28.585329323645407,1.284295919746705
"[0.3460679791971456, 0.6550548988707273, -0.8852781989600785, 0.5302140682648863]",28.585356754204795,1.2843587522281015
"[0.346060721447022, 0.6550541367943351, -0.8852781509347433, 0.5302148261331919]",28.58538418603543,1.2844215847094982
"[0.3460534637946663, 0.6550533748399268, -0.8852781029989343, 0.5302155838524066]",28.58541161900383,1.2844844171908947
"[0.34604620671906344, 0.6550526130577774, -0.8852780551558043, 0.5302163413725332]",28.585439055266033,1.2845472496722914
"[0.3460389497605464, 0.6550518513995991, -0.8852780074023108, 0.5302170987415936]",28.585466489013367,1.284610082153688
"[0.34603169296207564, 0.6550510898699037, -0.8852779597387329, 0.5302178559550971]",28.585493931820142,1.2846729146350846
"[0.34602443544751404, 0.6550503283767588, -0.8852779121593259, 0.5302186131044483]",28.585521367424487,1.284735747116481
"[0.3460171792105653, 0.6550495671293466, -0.8852778646771529, 0.5302193699816562]",28.58554881173872,1.2847985795978778
"[0.34600992209672987, 0.6550488059015956, -0.8852778172781082, 0.5302201268114983]",28.58557625461916,1.2848614120792743
"[0.34600266617012204, 0.6550480449100401, -0.8852777699756689, 0.5302208833786849]",28.585603698139465,1.284924244560671
"[0.34599540982535265, 0.6550472839862778, -0.8852777227593558, 0.530221639850641]",28.585631143423402,1.2849870770420677
"[0.3459881534776561, 0.6550465231738581, -0.8852776756318793, 0.5302223961840672]",28.585658589954164,1.2850499095234642
"[0.3459808967380551, 0.6550457624320031, -0.8852776285907226, 0.5302231524194941]",28.585686040537546,1.285112742004861
"[0.3459736415688279, 0.6550450019663933, -0.8852775816485842, 0.5302239083524641]",28.585713489376467,1.2851755744862574
"[0.34596638589000356, 0.6550442415589876, -0.8852775347919882, 0.5302246641997201]",28.58574094466644,1.285238406967654
"[0.3459591298195036, 0.6550434812221523, -0.8852774880217141, 0.5302254199489627]",28.585768397682884,1.2853012394490506
"[0.34595187498573055, 0.6550427211265105, -0.885277441348243, 0.5302261754305976]",28.5857958537059,1.2853640719304473
"[0.34594461890016465, 0.6550419610113283, -0.8852773947555665, 0.5302269309037744]",28.585823309410127,1.2854269044118438
"[0.34593736369936195, 0.6550412011004316, -0.8852773482574118, 0.5302276861460266]",28.585850770136002,1.2854897368932405
"[0.3459301088003622, 0.6550404413327239, -0.8852773018500221, 0.53022844121808]",28.58587823055372,1.285552569374637
"[0.3459228542137498, 0.655039681709302, -0.8852772555334545, 0.5302291961188437]",28.585905692554295,1.2856154018560337
"[0.3459155995156065, 0.655038922185768, -0.8852772093050001, 0.5302299508924379]",28.58593315623582,1.2856782343374302
"[0.34590834428557055, 0.6550381627181251, -0.8852771631619926, 0.5302307055825765]",28.58596062088049,1.285741066818827
"[0.34590109018733545, 0.6550374034805083, -0.8852771171150033, 0.5302314600162198]",28.585988090647845,1.2858038993002237
"[0.3458938353835426, 0.65503664428061, -0.8852770711523623, 0.530232214384456]",28.5860155551522,1.2858667317816201
"[0.3458865814681632, 0.6550358852852134, -0.8852770252841661, 0.5302329685215637]",28.58604302745839,1.2859295642630166
"[0.34587932723799697, 0.6550351263684019, -0.885276979502797, 0.5302337225526543]",28.586070498502334,1.2859923967444133
"[0.3458720729000338, 0.6550343675518597, -0.8852769338095702, 0.5302344764561727]",28.586097971090492,1.2860552292258098
"[0.34586481923599444, 0.6550336089173316, -0.8852768882093992, 0.5302352301509053]",28.58612544580929,1.2861180617072066
"[0.3458575652820418, 0.6550328503639972, -0.88527684269622, 0.5302359837370152]",28.586152923100876,1.2861808941886033
"[0.3458503120328662, 0.6550320919958629, -0.8852767972762663, 0.5302367371111751]",28.586180398184375,1.2862437266699998
"[0.3458430587392064, 0.6550313337345701, -0.885276751944835, 0.530237490351228]",28.58620788053901,1.2863065591513965
"[0.3458358053333792, 0.6550305755730436, -0.8852767067015073, 0.530238243464198]",28.586235360349352,1.286369391632793
"[0.3458285516856849, 0.6550298174977371, -0.8852766615454815, 0.5302389964635345]",28.58626284405201,1.2864322241141894
"[0.34582129859431315, 0.6550290595920485, -0.8852766164817217, 0.5302397492663983]",28.586290325694296,1.2864950565955864
"[0.34581404583657216, 0.6550283018326799, -0.8852765715088297, 0.5302405018959323]",28.586317814249266,1.2865578890769829
"[0.34580679315036883, 0.6550275441922522, -0.885276526625173, 0.5302412543793269]",28.586345301222646,1.2866207215583796
"[0.34579954094131976, 0.6550267867131133, -0.8852764818332529, 0.5302420066745225]",28.586372789652383,1.286683554039776
"[0.3457922882357734, 0.6550260292935657, -0.8852764371270573, 0.5302427588825177]",28.586400277769467,1.2867463865211726
"[0.34578503572919045, 0.6550252720062409, -0.8852763925108796, 0.530243510931175]",28.586427772278522,1.2868092190025693
"[0.345777783657575, 0.6550245148757646, -0.8852763479861608, 0.5302442627960395]",28.586455266936245,1.286872051483966
"[0.34577053152853787, 0.6550237578507194, -0.8852763035498723, 0.5302450145281695]",28.586482759406344,1.2869348839653625
"[0.3457632796060728, 0.655023000958659, -0.8852762592036293, 0.5302457661002007]",28.5865102559781,1.2869977164467592
"[0.34575602734416094, 0.6550222441425814, -0.8852762149440969, 0.530246517568732]",28.58653775520149,1.2870605489281557
"[0.34574877574362567, 0.6550214875069328, -0.8852761707773779, 0.5302472688300514]",28.586565253236724,1.2871233814095522
"[0.3457415245346257, 0.6550207310235244, -0.8852761267018103, 0.5302480199121509]",28.586592755500238,1.287186213890949
"[0.34573427311349814, 0.6550199746293793, -0.8852760827137224, 0.5302487708775544]",28.586620258078174,1.2872490463723456
"[0.34572702154901314, 0.6550192183316563, -0.8852760388135396, 0.5302495217191514]",28.586647764940416,1.2873118788537423
"[0.3457197703552574, 0.6550184621839845, -0.8852759950043697, 0.5302502723836945]",28.58667527090633,1.2873747113351388
"[0.345712519609697, 0.6550177061944072, -0.8852759512866679, 0.5302510228632017]",28.58670277589673,1.2874375438165353
"[0.34570526842815735, 0.6550169502707401, -0.8852759076551037, 0.5302517732491813]",28.58673028831112,1.287500376297932
"[0.34569801780028614, 0.6550161945161445, -0.8852758641156302, 0.5302525234392249]",28.586757798448204,1.2875632087793285
"[0.3456907677245327, 0.6550154389304303, -0.8852758206682194, 0.5302532734335237]",28.586785313105047,1.2876260412607252
"[0.3456835173271321, 0.655014683422527, -0.8852757773076313, 0.5302540233224731]",28.58681282819115,1.287688873742122
"[0.34567626718575833, 0.6550139280526289, -0.8852757340373233, 0.5302547730463214]",28.58684034214457,1.2877517062235184
"[0.3456690166841376, 0.6550131727565256, -0.8852756908536201, 0.530255522668796]",28.586867859074054,1.2878145387049151
"[0.3456617666407418, 0.6550124176194813, -0.8852756477613956, 0.5302562721052683]",28.58689537964483,1.2878773711863116
"[0.34565451667346164, 0.6550116626016624, -0.8852756047583702, 0.530257021395274]",28.586922898948856,1.2879402036677081
"[0.3456472671040158, 0.6550109077365772, -0.8852755618464442, 0.5302577705055554]",28.586950422730986,1.2880030361491048
"[0.3456400171129567, 0.6550101529388945, -0.8852755190207681, 0.5302585195207903]",28.58697794448618,1.2880658686305015
"[0.3456327677525429, 0.6550093983181501, -0.8852754762875553, 0.5302592683322805]",28.58700547276839,1.288128701111898
"[0.3456255184783784, 0.6550086438176604, -0.8852754336435846, 0.5302600169962729]",28.587032998806272,1.2881915335932947
"[0.3456182692592321, 0.6550078894341687, -0.8852753910886707, 0.5302607655159963]",28.587060527460366,1.2882543660746912
"[0.3456110205889178, 0.6550071352190594, -0.8852753486257016, 0.5302615138404636]",28.58708805396429,1.288317198556088
"[0.3456037715511419, 0.6550063810769459, -0.8852753062493083, 0.5302622620643211]",28.587115588582908,1.2883800310374844
"[0.34559652224420123, 0.6550056270181039, -0.8852752639600769, 0.5302630101773593]",28.58714312301649,1.2884428635188812
"[0.3455892742777911, 0.6550048732099326, -0.8852752217673805, 0.530263758013504]",28.587170655634264,1.2885056960002779
"[0.34558202521986026, 0.6550041193994817, -0.8852751796570567, 0.5302645058236994]",28.587198190989646,1.2885685284816744
"[0.3455747770106988, 0.6550033657885195, -0.8852751376403822, 0.5302652534077783]",28.58722573293176,1.2886313609630708
"[0.34556752815959263, 0.6550026122220447, -0.8852750957087134, 0.5302660009195002]",28.58725326827919,1.2886941934444676
"[0.34556028053275184, 0.6550018588940469, -0.8852750538728356, 0.5302667481664338]",28.587280811037324,1.2887570259258643
"[0.34555303277214583, 0.6550011056633422, -0.8852750121248905, 0.5302674952886263]",28.587308353303243,1.2888198584072608
"[0.3455457848887336, 0.6550003525310734, -0.8852749704649471, 0.5302682422849395]",28.58733589726366,1.2888826908886575
"[0.34553853709529975, 0.6549995995193458, -0.8852749288942302, 0.5302689891334431]",28.587363445435887,1.288945523370054
"[0.3455312891611212, 0.6549988466041955, -0.885274887411418, 0.5302697358579013]",28.587390990399342,1.2890083558514507
"[0.34552404183429014, 0.654998093863303, -0.8852748460207852, 0.5302704823812738]",28.58741854257152,1.2890711883328472
"[0.34551679496270027, 0.654997341280857, -0.8852748047214438, 0.5302712287192416]",28.587446092297842,1.2891340208142439
"[0.34550954757410735, 0.6549965887558826, -0.8852747635078556, 0.530271974971939]",28.58747364265846,1.2891968532956406
"[0.34550230070355226, 0.6549958363958464, -0.8852747223859079, 0.5302727210327918]",28.58750119795497,1.289259685777037
"[0.3454950532110885, 0.6549950840824087, -0.8852746813491337, 0.5302734670191435]",28.587528752957002,1.2893225182584336
"[0.3454878069120626, 0.6549943320039882, -0.885274640407804, 0.5302742127441603]",28.5875563094034,1.2893853507398303
"[0.34548056021973983, 0.6549935799958791, -0.8852745995529393, 0.5302749583711578]",28.587583868825632,1.2894481832212268
"[0.34547331369463785, 0.6549928281162498, -0.8852745587877044, 0.5302757038424567]",28.58761142818291,1.2895110157026235
"[0.3454660675257843, 0.6549920763846976, -0.8852745181131548, 0.530276449138626]",28.587638991610564,1.2895738481840202
"[0.345458821593522, 0.6549913247887931, -0.8852744775286087, 0.5302771942719885]",28.587666556889467,1.2896366806654167
"[0.34545157517116676, 0.6549905732531627, -0.8852744370300015, 0.5302779393172647]",28.587694119598954,1.2896995131468134
"[0.34544432932986086, 0.6549898218888891, -0.8852743966233189, 0.5302786841643283]",28.58772168322668,1.28976234562821
"[0.34543708308207743, 0.6549890705935647, -0.8852743563030515, 0.5302794289146963]",28.587749253366752,1.2898251781096064
"[0.3454298375089495, 0.6549883194793039, -0.885274316075211, 0.5302801734572232]",28.587776821713966,1.289888010591003
"[0.34542259203746395, 0.6549875684865908, -0.8852742759366039, 0.5302809178509215]",28.587804394882646,1.2899508430723998
"[0.34541534689029346, 0.65498681763858, -0.8852742358884558, 0.5302816620728237]",28.587831966026958,1.2900136755537965
"[0.3454081017641582, 0.6549860669038153, -0.8852741959290849, 0.5302824061541098]",28.587859541547434,1.290076508035193
"[0.3454008565168633, 0.6549853162675332, -0.8852741560577103, 0.5302831501094126]",28.58788711776272,1.2901393405165895
"[0.3453936115124343, 0.6549845657674687, -0.8852741162763337, 0.5302838939013266]",28.587914696207047,1.2902021729979862
"[0.3453863669871271, 0.6549838154280664, -0.8852740765862399, 0.5302846375056272]",28.587942272794603,1.2902650054793827
"[0.3453791219919516, 0.654983065151033, -0.8852740369822314, 0.5302853810197224]",28.58796985204717,1.2903278379607794
"[0.34537187722660767, 0.6549823150088336, -0.8852739974681372, 0.5302861243717942]",28.58799743664342,1.2903906704421761
"[0.34536463285393465, 0.6549815650183005, -0.8852739580448362, 0.5302868675451652]",28.588025022957282,1.2904535029235726
"[0.3453573885942603, 0.654980815150479, -0.8852739187107975, 0.5302876105685235]",28.58805260511884,1.2905163354049691
"[0.3453501446012031, 0.6549800654212492, -0.8852738794668494, 0.5302883534261346]",28.588080191563215,1.2905791678863658
"[0.3453429001783474, 0.6549793157585404, -0.8852738403092228, 0.5302890961894036]",28.588107780607658,1.2906420003677626
"[0.3453356564479323, 0.6549785662784723, -0.88527380124398, 0.5302898387432772]",28.588135369260794,1.2907048328491593
"[0.3453284129608432, 0.6549778169345525, -0.885273762268683, 0.5302905811338199]",28.588162966440557,1.2907676653305558
"[0.3453211692228831, 0.6549770676756532, -0.8852737233806732, 0.5302913234116824]",28.58819055483215,1.2908304978119522
"[0.34531392557089563, 0.6549763185366149, -0.8852736845817637, 0.5302920655423436]",28.588218151899678,1.290893330293349
"[0.3453066821468639, 0.6549755695321139, -0.8852736458727095, 0.530292807511263]",28.588245749722724,1.2909561627747455
"[0.3452994392431035, 0.6549748206923546, -0.8852736072550601, 0.530293549288521]",28.58827334693354,1.2910189952561422
"[0.34529219600763317, 0.6549740719292476, -0.8852735687242713, 0.5302942909613727]",28.58830094613645,1.2910818277375389
"[0.3452849527093005, 0.6549733232705813, -0.8852735302817801, 0.5302950325022895]",28.588328544404156,1.2911446602189354
"[0.34527771014520103, 0.6549725747987333, -0.8852734919318065, 0.530295773829675]",28.588356149240187,1.291207492700332
"[0.34527046757776375, 0.654971826437459, -0.8852734536704326, 0.5302965150190476]",28.588383753987852,1.2912703251817286
"[0.34526322522098674, 0.6549710782088596, -0.8852734154987856, 0.5302972560485156]",28.588411360993053,1.291333157663125
"[0.3452559828290605, 0.6549703300875349, -0.8852733774155679, 0.5302979969432323]",28.588438967406187,1.2913959901445218
"[0.3452487402753741, 0.6549695820604068, -0.8852733394201183, 0.5302987377161447]",28.588466577183492,1.2914588226259185
"[0.3452414985189859, 0.6549688342265111, -0.8852733015174576, 0.5302994782691778]",28.58849418518361,1.291521655107315
"[0.34523425647601597, 0.6549680864739055, -0.8852732637019044, 0.5303002187131836]",28.58852180027717,1.2915844875887117
"[0.3452270144466673, 0.654967338833588, -0.8852732259750324, 0.5303009590174613]",28.588549413005133,1.2916473200701082
"[0.34521977265804477, 0.6549665913290119, -0.8852731883380208, 0.5303016991587836]",28.58857702538461,1.291710152551505
"[0.34521253090908083, 0.6549658439393654, -0.8852731507898204, 0.5303024391577633]",28.588604646557595,1.2917729850329014
"[0.34520528953185436, 0.6549650966989661, -0.8852731133321464, 0.5303031789804115]",28.588632263286225,1.291835817514298
"[0.3451980484303189, 0.6549643495978376, -0.8852730759644916, 0.5303039186366137]",28.588659885387735,1.2918986499956948
"[0.34519080735183083, 0.6549636026099357, -0.885273038685547, 0.5303046581521473]",28.58868750850754,1.2919614824770913
"[0.3451835660911099, 0.6549628557140832, -0.8852730014942606, 0.5303053975479732]",28.58871513026095,1.2920243149584878
"[0.3451763247204418, 0.6549621089177096, -0.8852729643910086, 0.5303061368167371]",28.588742755196414,1.2920871474398845
"[0.3451690844346016, 0.6549613623440366, -0.885272927381897, 0.5303068758364553]",28.58877037783132,1.292149979921281
"[0.3451618436485773, 0.6549606158295985, -0.8852728904588139, 0.530307614768942]",28.588798008109013,1.2922128124026777
"[0.3451546026261471, 0.6549598694016211, -0.8852728536231186, 0.5303083535872374]",28.58882563806747,1.2922756448840744
"[0.34514736223672626, 0.6549591231496706, -0.8852728168792279, 0.5303090922026943]",28.588853268291643,1.292338477365471
"[0.34514012271899536, 0.6549583770983539, -0.8852727802283266, 0.5303098305909559]",28.58888090511115,1.2924013098468676
"[0.34513288250221474, 0.6549576310857756, -0.8852727436624598, 0.5303105689122551]",28.588908536247388,1.2924641423282641
"[0.3451256430393242, 0.6549568852616441, -0.8852727071889659, 0.5303113070184229]",28.58893617005453,1.2925269748096606
"[0.3451184026280165, 0.6549561394505842, -0.8852726707992725, 0.5303120450830155]",28.58896381079058,1.2925898072910575
"[0.34511116307865575, 0.6549553938390731, -0.8852726345024817, 0.5303127829214881]",28.58899144886399,1.292652639772454
"[0.3451039233880448, 0.6549546483237717, -0.8852725982935509, 0.5303135206361037]",28.589019090032686,1.2927154722538505
"[0.34509668385360964, 0.6549539029353039, -0.8852725621739687, 0.5303142581965552]",28.589046733558053,1.2927783047352472
"[0.3450894446351087, 0.6549531576901051, -0.8852725261445237, 0.5303149955865789]",28.58907437916238,1.2928411372166437
"[0.3450822053296238, 0.6549524125466873, -0.8852724902032083, 0.5303157328472239]",28.589102024012274,1.2929039696980404
"[0.34507496654214376, 0.6549516675673099, -0.8852724543530185, 0.530316469916888]",28.589129669739503,1.2929668021794372
"[0.34506772789786516, 0.654950922713389, -0.8852724185920877, 0.5303172068337446]",28.589157320553515,1.2930296346608336
"[0.34506048913508897, 0.6549501779579701, -0.8852723829191232, 0.5303179436244614]",28.589184967334877,1.2930924671422304
"[0.34505325044751445, 0.6549494333210019, -0.8852723473350805, 0.5303186802692955]",28.589212619546462,1.2931552996236269
"[0.3450460115123066, 0.6549486887692679, -0.8852723118383777, 0.5303194168011034]",28.58924027344126,1.2932181321050233
"[0.34503877338293437, 0.6549479444111059, -0.8852722764341712, 0.5303201531127147]",28.589267927925416,1.29328096458642
"[0.345031535448306, 0.6549472001836454, -0.8852722411194546, 0.5303208892663219]",28.58929558339799,1.2933437970678168
"[0.3450242971130116, 0.6549464560256698, -0.8852722058913269, 0.5303216253224728]",28.589323242102232,1.2934066295492135
"[0.3450170590540096, 0.6549457120067664, -0.8852721707530868, 0.5303223612123344]",28.589350903892925,1.29346946203061
"[0.34500982138917263, 0.6549449681390469, -0.8852721357052944, 0.5303230969239262]",28.589378561529102,1.2935322945120065
"[0.34500258378096804, 0.65494422438779, -0.8852721007463088, 0.5303238324915902]",28.589406226324506,1.2935951269934032
"[0.34499534650478036, 0.6549434807812962, -0.885272065877454, 0.5303245678873344]",28.58943388984768,1.2936579594747997
"[0.34498810932268853, 0.6549427372951032, -0.8852720310975758, 0.5303253031353499]",28.58946155535685,1.2937207919561964
"[0.3449808720861351, 0.6549419939139456, -0.8852719964059615, 0.5303260382507303]",28.58948922285308,1.293783624437593
"[0.3449736349892735, 0.6549412506577604, -0.885271961803541, 0.5303267732137569]",28.589516894970654,1.2938464569189896
"[0.3449663979949278, 0.6549405075227231, -0.8852719272901325, 0.5303275080282094]",28.589544564609813,1.2939092894003863
"[0.344959161287232, 0.6549397645277245, -0.8852718928666083, 0.5303282426754086]",28.589572235095957,1.2939721218817828
"[0.34495192423602405, 0.6549390216080674, -0.8852718585299734, 0.5303289772193195]",28.589599909701914,1.2940349543631793
"[0.34494468743688095, 0.6549382788248908, -0.8852718242830557, 0.5303297115994882]",28.589627583983205,1.294097786844576
"[0.34493745124533404, 0.6549375362146621, -0.8852717901275227, 0.5303304457798623]",28.589655264736724,1.2941606193259727
"[0.3449302149601939, 0.6549367937054068, -0.8852717560600565, 0.5303311798315982]",28.589682940268286,1.2942234518073692
"[0.34492297882612394, 0.6549360513222292, -0.885271722081809, 0.5303319137298744]",28.589710621107724,1.294286284288766
"[0.3449157426270839, 0.6549353090429508, -0.8852716881917649, 0.530332647496614]",28.589738303747268,1.2943491167701624
"[0.34490850691821384, 0.6549345669245128, -0.8852716543925173, 0.5303333810755266]",28.58976598559151,1.294411949251559
"[0.34490127123737996, 0.6549338249194996, -0.8852716206818992, 0.5303341145134821]",28.589793670004443,1.2944747817329556
"[0.34489403532591684, 0.6549330830013868, -0.8852715870587098, 0.530334847836694]",28.589821357227915,1.2945376142143523
"[0.3448868003189966, 0.6549323412865476, -0.885271553528213, 0.5303355809301376]",28.589849046237905,1.294600446695749
"[0.34487956473293235, 0.6549315996228692, -0.8852715200835274, 0.530336313944156]",28.589876736059285,1.2946632791771455
"[0.3448723294324054, 0.6549308580989883, -0.8852714867286557, 0.5303370467911409]",28.589904425340567,1.294726111658542
"[0.3448650943289117, 0.6549301167058128, -0.8852714534631827, 0.5303377794800784]",28.589932121193012,1.2947889441399387
"[0.3448578595914945, 0.6549293754606565, -0.885271420287876, 0.5303385119938564]",28.589959815819892,1.2948517766213354
"[0.3448506246487579, 0.6549286343049743, -0.8852713872001134, 0.5303392443903275]",28.589987508732936,1.294914609102732
"[0.3448433893903148, 0.6549278932274462, -0.8852713541994004, 0.5303399766806745]",28.590015208005045,1.2949774415841286
"[0.3448361549808384, 0.6549271523473724, -0.885271321291041, 0.530340708747007]",28.59004290542079,1.2950402740655251
"[0.34482892099307955, 0.6549264116209516, -0.8852712884730687, 0.530341440632613]",28.590070605839816,1.2951031065469218
"[0.344821686340717, 0.6549256709369609, -0.8852712557405608, 0.5303421724473802]",28.590098305478413,1.2951659390283183
"[0.34481445229988816, 0.6549249304260427, -0.8852712230992931, 0.5303429040622284]",28.590126013453535,1.295228771509715
"[0.34480721877878057, 0.6549241900787726, -0.8852711905488315, 0.5303436354864718]",28.590153717820836,1.2952916039911118
"[0.3447999845402707, 0.6549234497685356, -0.8852711580836138, 0.5303443668451937]",28.590181427049146,1.2953544364725083
"[0.344792751024182, 0.6549227096426662, -0.8852711257101022, 0.5303450979928388]",28.590209135202443,1.2954172689539047
"[0.344785517397082, 0.6549219696158753, -0.8852710934245565, 0.5303458290136612]",28.590236844478042,1.2954801014353015
"[0.3447782839414152, 0.6549212297170541, -0.8852710612282367, 0.5303465598791179]",28.59026455479001,1.295542933916698
"[0.34477105054741247, 0.6549204899349622, -0.8852710291206517, 0.530347290600311]",28.590292268785525,1.2956057663980947
"[0.34476381764572084, 0.6549197503136311, -0.8852709971037035, 0.5303480211337467]",28.59031998154852,1.2956685988794914
"[0.34475658379206187, 0.6549190107053778, -0.885270965171008, 0.5303487516252878]",28.59034770107897,1.2957314313608879
"[0.3447493510283707, 0.6549182713189687, -0.8852709333315779, 0.5303494818687388]",28.590375417715755,1.2957942638422846
"[0.34474211853085795, 0.6549175320701587, -0.8852709015817625, 0.5303502119473069]",28.590403136455773,1.295857096323681
"[0.3447348854386063, 0.6549167928709501, -0.8852708699177897, 0.530350941947894]",28.590430858819637,1.2959199288050776
"[0.344727653127444, 0.6549160538619463, -0.8852708383456795, 0.5303516717316425]",28.590458583172733,1.2959827612864743
"[0.34472042121038937, 0.6549153150035733, -0.8852708068637225, 0.530352401337637]",28.59048630711122,1.296045593767871
"[0.34471318865120776, 0.6549145761899673, -0.8852707754674134, 0.5303531308704096]",28.59051403248945,1.2961084262492675
"[0.3447059566083007, 0.6549138375394529, -0.8852707441617836, 0.5303538602131194]",28.590541758932247,1.2961712587306642
"[0.3446987244057399, 0.6549130989829903, -0.8852707129439016, 0.5303545894339334]",28.590569487441122,1.2962340912120607
"[0.34469149335464366, 0.6549123606544421, -0.8852706818194096, 0.530355318400684]",28.59059721634439,1.2962969236934574
"[0.34468426096528704, 0.6549116222996003, -0.8852706507775958, 0.5303560473643506]",28.590624950000844,1.2963597561748539
"[0.3446770292149741, 0.6549108841203303, -0.8852706198269606, 0.5303567761256298]",28.590652682739385,1.2964225886562506
"[0.3446697982492121, 0.6549101461314591, -0.8852705889681014, 0.5303575046698864]",28.59068042051872,1.2964854211376473
"[0.34466256655202276, 0.6549094081782678, -0.8852705581945486, 0.5303582331498555]",28.590708155544625,1.2965482536190438
"[0.34465533578325613, 0.6549086704300996, -0.8852705275133631, 0.5303589613983704]",28.590735894236524,1.2966110861004403
"[0.3446481045478572, 0.6549079327446329, -0.8852704969186179, 0.5303596895559141]",28.59076363447317,1.296673918581837
"[0.344640873611896, 0.6549071952000085, -0.8852704664135579, 0.5303604175453522]",28.590791377032588,1.2967367510632335
"[0.3446336426406823, 0.6549064577620801, -0.8852704359967672, 0.5303611454003867]",28.590819119541255,1.2967995835446304
"[0.3446264122848012, 0.6549057204971789, -0.8852704056709735, 0.5303618730555487]",28.59084686309077,1.296862416026027
"[0.3446191819644963, 0.6549049833461822, -0.8852703754337332, 0.5303626005691886]",28.59087460938515,1.2969252485074234
"[0.34461195147095275, 0.6549042462877689, -0.8852703452841775, 0.5303633279623495]",28.590902358208467,1.2969880809888201
"[0.3446047214933239, 0.6549035093922064, -0.8852703152251737, 0.53036405516568]",28.590930109160677,1.2970509134702166
"[0.34459749132834333, 0.6549027725878016, -0.8852702852537936, 0.5303647822499287]",28.590957858314894,1.2971137459516133
"[0.34459026095095985, 0.6549020358720037, -0.8852702553699413, 0.5303655092176079]",28.59098561163012,1.29717657843301
"[0.34458303115529365, 0.6549012993257174, -0.8852702255768934, 0.5303662359888813]",28.591013363151877,1.2972394109144065
"[0.3445758016966427, 0.6549005629240086, -0.8852701958736251, 0.5303669625883516]",28.591041119447706,1.2973022433958032
"[0.3445685723450485, 0.6548998266433791, -0.8852701662591854, 0.5303676890392133]",28.59106887798172,1.2973650758771997
"[0.34456134280086026, 0.654899090453369, -0.8852701367323482, 0.5303684153715054]",28.59109663671978,1.2974279083585962
"[0.3445541135934273, 0.6548983544078588, -0.8852701072952741, 0.5303691415320697]",28.59112439818687,1.297490740839993
"[0.3445468846044433, 0.654897618494786, -0.8852700779474727, 0.530369867532806]",28.59115215891835,1.2975535733213897
"[0.34453965516094515, 0.654896882645644, -0.8852700486862163, 0.5303705934412939]",28.591179923645207,1.2976164058027861
"[0.34453242589162614, 0.6548961469244298, -0.8852700195140565, 0.5303713191943957]",28.59120768861838,1.2976792382841829
"[0.3445251973661083, 0.6548954113890881, -0.8852699904332755, 0.5303720447349533]",28.591235452678347,1.2977420707655793
"[0.34451796877559115, 0.6548946759573013, -0.8852699614406082, 0.5303727701441667]",28.591263222150673,1.297804903246976
"[0.3445107404489088, 0.6548939406625198, -0.8852699325373704, 0.5303734953890389]",28.591290994095253,1.2978677357283726
"[0.3445035120468889, 0.6548932054702289, -0.8852699037222038, 0.5303742205036107]",28.591318763416727,1.2979305682097693
"[0.3444962841112226, 0.6548924704355185, -0.8852698749972614, 0.5303749454335459]",28.591346538120693,1.297993400691166
"[0.34448905620414305, 0.6548917355138457, -0.8852698463607955, 0.5303756702227752]",28.591374313453738,1.2980562331725625
"[0.3444818279549663, 0.6548910006675341, -0.8852698178113435, 0.5303763949084496]",28.59140208760854,1.298119065653959
"[0.34447460007378033, 0.6548902659687659, -0.8852697893517115, 0.5303771194193814]",28.59142986641934,1.2981818981353557
"[0.3444673726517386, 0.6548895314267913, -0.8852697609822436, 0.5303778437464496]",28.591457646521672,1.2982447306167522
"[0.34446014456252755, 0.6548887969271224, -0.8852697326985235, 0.530378568002548]",28.59148542720525,1.2983075630981489
"[0.34445291700195063, 0.6548880625912934, -0.8852697045052341, 0.5303792920678303]",28.59151320904892,1.2983703955795456
"[0.34444569018065174, 0.6548873284406702, -0.8852696764031746, 0.5303800159212335]",28.591540994723072,1.298433228060942
"[0.34443846307824405, 0.6548865943715747, -0.8852696483883696, 0.5303807396649829]",28.591568775141745,1.2984960605423388
"[0.3444312360444643, 0.654885860419536, -0.8852696204621802, 0.5303814632640427]",28.59159656630923,1.2985588930237353
"[0.34442400947970825, 0.6548851266252027, -0.8852695926261441, 0.5303821866783377]",28.591624355495814,1.2986217255051318
"[0.3444167825198606, 0.6548843929008258, -0.8852695648769324, 0.530382909994373]",28.591652145414393,1.2986845579865285
"[0.3444095560663658, 0.6548836593379233, -0.8852695372180055, 0.5303836331219248]",28.591679938132884,1.2987473904679252
"[0.34440232922251834, 0.6548829258454534, -0.8852695096459302, 0.5303843561507391]",28.591707727280205,1.2988102229493217
"[0.3443951028416476, 0.654882192510035, -0.8852694821639612, 0.5303850789954272]",28.59173552727396,1.2988730554307184
"[0.3443878767740778, 0.6548814593164519, -0.8852694547715169, 0.5303858016709894]",28.591763318861013,1.298935887912115
"[0.34438065076815627, 0.6548807262391408, -0.8852694274676368, 0.5303865242026253]",28.591791119191964,1.2989987203935116
"[0.3443734248978666, 0.6548799932856265, -0.8852694002525977, 0.5303872465829105]",28.591818918771025,1.2990615528749083
"[0.34436619910210603, 0.6548792604496937, -0.8852693731261669, 0.5303879688179698]",28.59184672089455,1.2991243853563048
"[0.34435897336405535, 0.6548785277296297, -0.8852693460882797, 0.5303886909094895]",28.591874526247608,1.2991872178377015
"[0.34435174793909296, 0.6548777951513228, -0.8852693191398854, 0.5303894128319544]",28.591902327494175,1.299250050319098
"[0.3443445228173286, 0.6548770627137438, -0.8852692922809378, 0.5303901345863806]",28.591930137228264,1.2993128828004945
"[0.34433729784495665, 0.6548763304012976, -0.8852692655108564, 0.5303908561881334]",28.591957941057487,1.2993757152818912
"[0.34433007237369345, 0.6548755981482727, -0.8852692388272475, 0.5303915777019584]",28.59198575087512,1.299438547763288
"[0.3443228472231319, 0.6548748660377358, -0.8852692122331417, 0.5303922990460026]",28.592013560130553,1.2995013802446846
"[0.34431562270427857, 0.6548741341011739, -0.8852691857296672, 0.530393020189244]",28.592041376981562,1.2995642127260811
"[0.3443083979843219, 0.6548734022542216, -0.8852691593137613, 0.530393741214799]",28.592069190495593,1.2996270452074776
"[0.3443011734441154, 0.6548726705353891, -0.88526913298682, 0.5303944620847352]",28.59209700482953,1.2996898776888743
"[0.3442939487826552, 0.6548719389142661, -0.8852691067477437, 0.5303951828289948]",28.592124820720162,1.2997527101702708
"[0.34428672418347217, 0.6548712074093722, -0.8852690805972027, 0.5303959034293411]",28.59215263833651,1.2998155426516675
"[0.3442795004576221, 0.6548704761028473, -0.8852690545381151, 0.5303966238048529]",28.592180459620035,1.2998783751330643
"[0.3442722764176965, 0.65486974487445, -0.8852690285661895, 0.5303973440739769]",28.592208279585183,1.2999412076144607
"[0.34426505250394807, 0.6548690137687542, -0.8852690026830118, 0.5303980641928016]",28.59223610654179,1.3000040400958572
"[0.34425782883843137, 0.6548682827980782, -0.8852689768890145, 0.5303987841491965]",28.592263928993884,1.300066872577254
"[0.34425060497502, 0.6548675519172964, -0.8852689511826042, 0.5303995039875997]",28.592291757013534,1.3001297050586504
"[0.34424338171503754, 0.6548668212074606, -0.8852689255666258, 0.5304002236281846]",28.59231958494323,1.3001925375400472
"[0.3442361579283863, 0.6548660905542484, -0.8852689000370709, 0.5304009431835385]",28.592347413945877,1.3002553700214439
"[0.3442289352442175, 0.6548653601224241, -0.8852688745996881, 0.5304016624914001]",28.59237524359929,1.3003182025028404
"[0.3442217116447903, 0.6548646297079245, -0.8852688492473682, 0.5304023817527219]",28.592403077114014,1.300381034984237
"[0.3442144890574411, 0.6548638995056274, -0.885268823986875, 0.5304031007755995]",28.59243091311139,1.3004438674656336
"[0.34420726613084907, 0.6548631693788964, -0.8852687988134704, 0.5304038196945781]",28.592458747920514,1.30050669994703
"[0.344200043377384, 0.6548624393795255, -0.8852687737289446, 0.5304045384586533]",28.59248658617658,1.3005695324284268
"[0.3441928206582231, 0.6548617094934763, -0.8852687487328127, 0.530405257081646]",28.592514424763056,1.3006323649098235
"[0.34418559826599815, 0.6548609797503085, -0.8852687238260812, 0.5304059755344509]",28.592542265688053,1.3006951973912202
"[0.3441783760248276, 0.6548602501322347, -0.8852686990081363, 0.5304066938345806]",28.592570106938922,1.3007580298726167
"[0.3441711535606739, 0.6548595206014693, -0.8852686742776947, 0.5304074120192299]",28.592597953535066,1.3008208623540132
"[0.34416393143516893, 0.6548587912147381, -0.8852686496366781, 0.5304081300325522]",28.592625798588717,1.3008836948354099
"[0.34415670985702734, 0.6548580619930942, -0.8852686250857831, 0.5304088478538251]",28.592653641513778,1.3009465273168066
"[0.3441494885693782, 0.6548573329105789, -0.8852686006241228, 0.5304095655086023]",28.59268149179387,1.301009359798203
"[0.3441422666656891, 0.6548566038756677, -0.8852685762486326, 0.5304102830869698]",28.592709340372924,1.3010721922795998
"[0.3441350450894041, 0.6548558749836044, -0.8852685519625038, 0.5304110004951738]",28.592737193768844,1.3011350247609963
"[0.34412782392866226, 0.6548551462432657, -0.8852685277660189, 0.5304117177244788]",28.59276504689373,1.301197857242393
"[0.3441206023025354, 0.6548544175657484, -0.8852685036562294, 0.5304124348623802]",28.592792902395978,1.3012606897237895
"[0.34411338131968056, 0.6548536890629092, -0.8852684796368332, 0.5304131517987902]",28.59282075662613,1.3013235222051862
"[0.34410616043220577, 0.6548529606794564, -0.8852684557059954, 0.5304138685881239]",28.592848614744014,1.301386354686583
"[0.3440989394254087, 0.6548522323937276, -0.885268431863006, 0.530414585251695]",28.592876474016027,1.3014491871679794
"[0.3440917189528456, 0.6548515042716267, -0.885268408110017, 0.5304153017246501]",28.592904335001183,1.301512019649376
"[0.3440844981419081, 0.6548507762251513, -0.8852683844441538, 0.5304160180935822]",28.59293219686373,1.3015748521307726
"[0.3440772777148354, 0.6548500483271205, -0.8852683608677843, 0.5304167342868356]",28.59296006315195,1.301637684612169
"[0.3440700572300192, 0.6548493205329965, -0.8852683373794615, 0.5304174503482323]",28.592987929402717,1.3017005170935658
"[0.34406283750619343, 0.6548485929252938, -0.8852683139818366, 0.5304181661965873]",28.59301579455773,1.3017633495749625
"[0.3440556176790051, 0.6548478654168808, -0.8852682906720978, 0.5304188819176249]",28.59304366819408,1.301826182056359
"[0.34404839744850313, 0.6548471379775423, -0.8852682674492865, 0.5304195975410643]",28.593071535416925,1.3018890145377557
"[0.3440411780020436, 0.6548464107268918, -0.8852682443172154, 0.5304203129492341]",28.593099406642523,1.3019518470191522
"[0.3440339581656928, 0.6548456835466623, -0.885268221272117, 0.5304210282584738]",28.59312727946566,1.3020146795005487
"[0.3440267385333094, 0.6548449564966694, -0.8852681983158911, 0.5304217434099393]",28.593155156685786,1.3020775119819454
"[0.3440195192928322, 0.6548442295958198, -0.8852681754491257, 0.5304224583850345]",28.59318303128047,1.3021403444633421
"[0.34401230004530775, 0.6548435028039307, -0.8852681526705505, 0.5304231732232818]",28.593210908134143,1.3022031769447386
"[0.3440050808852547, 0.6548427761305164, -0.8852681299804632, 0.5304238879153197]",28.593238789358672,1.3022660094261354
"[0.34399786231160845, 0.6548420496257797, -0.8852681073804208, 0.5304246024117738]",28.59326667408531,1.3023288419075318
"[0.3439906432582822, 0.6548413231824209, -0.8852680848670847, 0.5304253168181675]",28.593294553939472,1.3023916743889286
"[0.34398342479935595, 0.6548405969085137, -0.8852680624438029, 0.530426031028216]",28.593322438664206,1.302454506870325
"[0.3439762063225384, 0.6548398707424561, -0.8852680401086637, 0.5304267451024942]",28.593350322599793,1.3025173393517218
"[0.34396898812316196, 0.6548391447139021, -0.8852680178625776, 0.5304274590118486]",28.593378212804954,1.3025801718331185
"[0.3439617696850128, 0.654838418770973, -0.8852679957039539, 0.5304281728072802]",28.593406102292587,1.302643004314515
"[0.3439545513366476, 0.6548376929466923, -0.885267973633804, 0.5304288864563176]",28.593433993364126,1.3027058367959115
"[0.34394733336203365, 0.654836967269609, -0.8852679516529893, 0.5304295999308871]",28.593461887141792,1.3027686692773082
"[0.3439401153084871, 0.6548362416941835, -0.8852679297601268, 0.5304303132757656]",28.59348978187703,1.3028315017587047
"[0.34393289728399645, 0.6548355162312933, -0.8852679079555451, 0.5304310264802501]",28.593517677636974,1.3028943342401016
"[0.34392567980014804, 0.6548347909323141, -0.8852678862407811, 0.5304317394938377]",28.593545571953836,1.302957166721498
"[0.34391846270873433, 0.6548340657823488, -0.8852678646153723, 0.5304324523311721]",28.59357347109262,1.3030199992028946
"[0.34391124508048937, 0.65483334068802, -0.8852678430765376, 0.5304331650840418]",28.593601373495495,1.3030828316842913
"[0.3439040278997993, 0.654832615748224, -0.8852678216272173, 0.5304338776552293]",28.59362927183522,1.3031456641656878
"[0.34389681078865775, 0.6548318909249682, -0.8852678002662795, 0.5304345900820805]",28.593657177922832,1.3032084966470845
"[0.3438895935333609, 0.6548311661967956, -0.8852677789930945, 0.5304353023856792]",28.593685081988568,1.3032713291284812
"[0.3438823772986597, 0.6548304416806411, -0.8852677578110789, 0.5304360144510986]",28.59371298785093,1.3033341616098777
"[0.343875160585862, 0.6548297172260207, -0.8852677367158257, 0.5304367264262356]",28.593740896648832,1.3033969940912744
"[0.3438679440577396, 0.6548289928994675, -0.8852677157092785, 0.5304374382456986]",28.593768808962857,1.303459826572671
"[0.3438607273389744, 0.6548282686633102, -0.885267694790345, 0.5304381499465047]",28.593796717546873,1.3035226590540674
"[0.34385351098272227, 0.6548275445730554, -0.8852676739606273, 0.530438861474105]",28.59382462891297,1.303585491535464
"[0.3438462950493233, 0.6548268206347324, -0.8852676532202859, 0.5304395728225771]",28.59385254384216,1.3036483240168608
"[0.3438390788809212, 0.6548260967823367, -0.8852676325674272, 0.5304402840567752]",28.593880462282733,1.3037111564982573
"[0.3438318629167486, 0.6548253730599293, -0.8852676120033096, 0.5304409951334019]",28.5939083765895,1.303773988979654
"[0.34382464741504737, 0.6548246494933829, -0.8852675915286583, 0.5304417060270382]",28.593936296634627,1.3038368214610505
"[0.3438174318667261, 0.654823926031642, -0.8852675711420217, 0.530442416787844]",28.593964214078394,1.303899653942447
"[0.34381021607028295, 0.6548232026545043, -0.8852675508428367, 0.5304431274356615]",28.59399213974192,1.3039624864238437
"[0.34380300092309624, 0.6548224794519192, -0.8852675306336214, 0.5304438378821229]",28.59402006354648,1.3040253189052404
"[0.34379578598133054, 0.6548217563793789, -0.885267510513118, 0.5304445481709529]",28.594047986811113,1.3040881513866371
"[0.343788570923238, 0.6548210334046254, -0.8852674904804286, 0.5304452583338377]",28.594075918182263,1.3041509838680336
"[0.3437813556853449, 0.6548203105213103, -0.8852674705353833, 0.5304459683770059]",28.594103844730448,1.3042138163494301
"[0.3437741406795911, 0.6548195877706952, -0.8852674506791204, 0.5304466782599271]",28.594131774737857,1.3042766488308268
"[0.3437669260771157, 0.6548188651699111, -0.8852674309121003, 0.5304473879657745]",28.59415970757937,1.3043394813122233
"[0.34375971118772364, 0.654818142649822, -0.8852674112324311, 0.5304480975624486]",28.594187638780234,1.30440231379362
"[0.34375249738071423, 0.6548174203475318, -0.8852673916438341, 0.530448806915298]",28.594215572784783,1.3044651462750168
"[0.3437452826266871, 0.6548166980598382, -0.8852673721407963, 0.5304495162238805]",28.594243509026793,1.3045279787564132
"[0.34373806894984466, 0.6548159759893912, -0.8852673527287889, 0.5304502252891825]",28.594271446437688,1.30459081123781
"[0.3437308549091276, 0.6548152539918859, -0.8852673334039219, 0.5304509342529183]",28.594299386401243,1.3046536437192064
"[0.34372364112714787, 0.6548145321296783, -0.885267314167865, 0.5304516430538453]",28.594327328030026,1.304716476200603
"[0.34371642723936857, 0.6548138103662686, -0.8852672950196454, 0.5304523517278028]",28.59435527209054,1.3047793086819996
"[0.3437092135302738, 0.654813088730115, -0.8852672759600173, 0.530453060246846]",28.59438321379795,1.3048421411633964
"[0.3437020001864327, 0.6548123672398658, -0.8852672569894645, 0.5304537685926655]",28.5944111602964,1.3049049736447929
"[0.34369478717366597, 0.6548116458920833, -0.8852672381078851, 0.5304544767686372]",28.59443910881218,1.3049678061261896
"[0.34368757384948595, 0.6548109246225119, -0.8852672193135982, 0.5304551848378399]",28.59446705652966,1.305030638607586
"[0.3436803602442039, 0.6548102034341946, -0.8852672006066945, 0.530455892797279]",28.594495005208174,1.3050934710889828
"[0.34367314762409473, 0.6548094824537021, -0.8852671819904457, 0.5304566005227074]",28.59452295992663,1.3051563035703795
"[0.3436659350902382, 0.6548087615911582, -0.8852671634625129, 0.5304573081023509]",28.59455091328779,1.305219136051776
"[0.3436587220568026, 0.6548080407880168, -0.8852671450213999, 0.5304580155936708]",28.59457886984125,1.3052819685331727
"[0.34365150937831346, 0.6548073201296665, -0.8852671266692947, 0.5304587229128526]",28.594606824966114,1.3053448010145692
"[0.34364429690969606, 0.6548065996016099, -0.8852671084058189, 0.5304594300741218]",28.594634782841677,1.3054076334959657
"[0.34363708443316354, 0.6548058791820547, -0.8852670902304182, 0.5304601370988701]",28.594662743512874,1.3054704659773624
"[0.3436298723844781, 0.6548051589145502, -0.8852670721441838, 0.5304608439443507]",28.59469070481648,1.305533298458759
"[0.3436226609309436, 0.6548044388157409, -0.8852670541475175, 0.5304615505942379]",28.59471866860242,1.3055961309401556
"[0.34361544850892595, 0.6548037187295275, -0.8852670362365248, 0.5304622572017054]",28.594746630325346,1.3056589634215523
"[0.34360823716568817, 0.6548029988602849, -0.885267018416289, 0.5304629635662034]",28.59477459565748,1.3057217959029488
"[0.34360102531155573, 0.6548022790493172, -0.8852670006828723, 0.5304636698434495]",28.594802564751564,1.3057846283843455
"[0.34359381403933764, 0.6548015594056937, -0.8852669830389606, 0.5304643759264218]",28.594830533534388,1.305847460865742
"[0.3435866024007944, 0.6548008398347649, -0.8852669654822317, 0.5304650819079867]",28.59485850414034,1.3059102933471387
"[0.34357939114328456, 0.6548001204111108, -0.8852669480145059, 0.5304657877149663]",28.594886474502,1.3059731258285354
"[0.3435721803348094, 0.6547994011414889, -0.8852669306359328, 0.5304664933407343]",28.594914449209583,1.306035958309932
"[0.3435649691374207, 0.6547986819423129, -0.8852669133444926, 0.5304671988672873]",28.59494242411319,1.3060987907913284
"[0.34355775865065263, 0.6547979629232286, -0.8852668961428181, 0.5304679041870639]",28.594970399781705,1.3061616232727251
"[0.3435505478370969, 0.6547972439807813, -0.8852668790284269, 0.530468609401545]",28.594998379803744,1.3062244557541216
"[0.34354333742076637, 0.6547965251871454, -0.885266862003038, 0.5304693144399332]",28.595026361541063,1.3062872882355183
"[0.34353612697938063, 0.6547958065002202, -0.8852668450656475, 0.5304700193435208]",28.595054343649732,1.306350120716915
"[0.34352891653188344, 0.6547950879218869, -0.8852668282163021, 0.5304707241104595]",28.595082325043577,1.3064129531983115
"[0.34352170668441134, 0.6547943695125388, -0.885266811456408, 0.5304714286815172]",28.595110310481253,1.3064757856797082
"[0.3435144963407911, 0.6547936511629414, -0.885266794783416, 0.5304721331638214]",28.59513829390336,1.3065386181611047
"[0.3435072864552134, 0.6547929329681591, -0.8852667781995345, 0.5304728374641393]",28.5951662824481,1.3066014506425012
"[0.34350007668128535, 0.6547922148936695, -0.8852667617039567, 0.5304735416163247]",28.595194273858528,1.306664283123898
"[0.3434928676410731, 0.6547914970014086, -0.8852667452980912, 0.5304742455596451]",28.59522226698494,1.3067271156052946
"[0.3434856576189339, 0.6547907791205266, -0.8852667289780396, 0.5304749494616257]",28.59525025815764,1.3067899480866914
"[0.34347844853035936, 0.6547900614417465, -0.8852667127481396, 0.5304756531352529]",28.595278253044437,1.3068527805680878
"[0.34347123946647, 0.6547893438745606, -0.8852666966063273, 0.5304763566692714]",28.59530624668172,1.3069156130494843
"[0.34346403029482514, 0.6547886264057856, -0.8852666805523097, 0.530477060076602]",28.59533424506211,1.306978445530881
"[0.3434568213032893, 0.6547879090640648, -0.8852666645867274, 0.5304777633291599]",28.595362243605383,1.3070412780122775
"[0.34344961244580346, 0.6547871918448068, -0.8852666487094729, 0.5304784664314454]",28.595390245210158,1.3071041104936743
"[0.34344240380443825, 0.6547864747561637, -0.8852666329207217, 0.5304791693754649]",28.595418246526776,1.307166942975071
"[0.34343519515674426, 0.6547857577760008, -0.8852666172199838, 0.5304798721829147]",28.595446249122933,1.3072297754564675
"[0.34342798655014095, 0.65478504090903, -0.8852666016073623, 0.5304805748491727]",28.595474257170494,1.307292607937864
"[0.3434207779360113, 0.6547843241504131, -0.8852665860827527, 0.530481277378978]",28.595502263128502,1.3073554404192607
"[0.3434135698811275, 0.6547836075564887, -0.8852665706473665, 0.5304819797171105]",28.595530270208247,1.3074182729006574
"[0.3434063621565804, 0.6547828911044773, -0.8852665553006975, 0.5304826818858982]",28.59555828108066,1.307481105382054
"[0.34339915419134076, 0.6547821747376158, -0.8852665400415295, 0.5304833839409697]",28.595586291586923,1.3075439378634506
"[0.3433919466795811, 0.6547814585248806, -0.8852665248713292, 0.5304840858147255]",28.5956143040854,1.307606770344847
"[0.3433847392637656, 0.654780742430741, -0.8852665097893344, 0.530484787541982]",28.59564232072687,1.3076696028262438
"[0.34337753082783884, 0.654780026344297, -0.8852664947932284, 0.5304854892314115]",28.59567033273796,1.3077324353076403
"[0.34337032418126184, 0.654779310544656, -0.8852664798888418, 0.5304861906095129]",28.595698352953157,1.307795267789037
"[0.3433631171726752, 0.6547785948180875, -0.8852664650717001, 0.5304868918857176]",28.595726372380746,1.3078581002704337
"[0.3433559094853675, 0.6547778791331507, -0.8852664503411729, 0.5304875930908236]",28.595754391138204,1.3079209327518302
"[0.34334870295225195, 0.6547771636718402, -0.8852664357009977, 0.5304882940465161]",28.59578241483313,1.307983765233227
"[0.34334149634680816, 0.6547764483123582, -0.885266421148664, 0.5304889948721276]",28.595810439897438,1.3080465977146234
"[0.3433342893745747, 0.6547757330254808, -0.8852664066835864, 0.5304896955962816]",28.595838466910106,1.3081094301960199
"[0.3433270824859983, 0.654775017855917, -0.8852663923066745, 0.5304903961751745]",28.595866491696544,1.3081722626774166
"[0.34331987650105383, 0.6547743028850121, -0.8852663780195477, 0.530491096529123]",28.59589451906168,1.3082350951588133
"[0.3433126696895598, 0.6547735879410962, -0.8852663638187742, 0.5304917968262848]",28.595922552078754,1.3082979276402098
"[0.34330546333836, 0.6547728731518299, -0.8852663497068979, 0.5304924969416085]",28.59595057927236,1.3083607601216065
"[0.3432982573569162, 0.6547721585082152, -0.8852663356837273, 0.5304931968839093]",28.595978616273488,1.308423592603003
"[0.3432910517290554, 0.654771444008627, -0.8852663217492177, 0.5304938966547799]",28.596006651143117,1.3084864250843997
"[0.343283845737654, 0.6547707295819646, -0.8852663079019845, 0.5304945963238497]",28.596034688264858,1.3085492575657962
"[0.34327664031661337, 0.6547700153207786, -0.8852662941438189, 0.5304952958004839]",28.596062723962955,1.308612090047193
"[0.3432694349144349, 0.654769301170415, -0.8852662804736576, 0.5304959951381994]",28.596090762899493,1.3086749225285896
"[0.34326222943791745, 0.6547685871216251, -0.8852662668913263, 0.5304966943460516]",28.596118806465064,1.3087377550099861
"[0.3432550243849087, 0.6547678732237326, -0.8852662533977578, 0.5304973933757399]",28.59614684858232,1.3088005874913826
"[0.3432478192866681, 0.6547671594302822, -0.8852662399920681, 0.5304980922727516]",28.596174891991833,1.3088634199727793
"[0.3432406141638943, 0.6547664457433319, -0.8852662266742973, 0.5304987910350658]",28.596202937223563,1.3089262524541758
"[0.3432334094650099, 0.6547657322072603, -0.8852662134452696, 0.530499489619236]",28.596230984829578,1.3089890849355725
"[0.3432262049142038, 0.6547650187947621, -0.8852662003044672, 0.5305001880519911]",28.59625903721059,1.3090519174169692
"[0.3432190001629322, 0.6547643054713135, -0.8852661872512567, 0.530500886367127]",28.596287084477883,1.3091147498983657
"[0.3432117954389789, 0.6547635922594678, -0.8852661742860555, 0.5305015845425609]",28.596315135502483,1.3091775823797625
"[0.34320459135574233, 0.6547628792199282, -0.8852661614099551, 0.5305022825188699]",28.5963431894932,1.309240414861159
"[0.34319738704514713, 0.6547621662667646, -0.8852661486213984, 0.5305029803801677]",28.596371241730633,1.3093032473425557
"[0.3431901830221296, 0.6547614534509274, -0.8852661359212984, 0.5305036780765802]",28.596399299874452,1.3093660798239524
"[0.3431829783875938, 0.6547607406834617, -0.885266123308077, 0.530504375695169]",28.596427360605617,1.3094289123053489
"[0.3431757754236623, 0.6547600281901149, -0.8852661107857112, 0.5305050730149884]",28.596455420022977,1.3094917447867453
"[0.3431685720530189, 0.6547593157653726, -0.8852660983505674, 0.5305057702371808]",28.596483479736566,1.309554577268142
"[0.34316136801531943, 0.6547586033835088, -0.8852660860022166, 0.5305064673869125]",28.596511543207267,1.3096174097495386
"[0.3431541641462208, 0.6547578911271665, -0.8852660737421014, 0.5305071643833011]",28.596539606937764,1.3096802422309353
"[0.343146961298461, 0.6547571790806275, -0.885266061571652, 0.5305078611438749]",28.596567675130387,1.309743074712332
"[0.3431397585139914, 0.6547564671491549, -0.8852660494892308, 0.53050855776134]",28.596595741666928,1.3098059071937285
"[0.343132555358846, 0.6547557552898681, -0.8852660374941158, 0.5305092542776476]",28.59662381193154,1.3098687396751252
"[0.34312535245296, 0.6547550435640045, -0.8852660255873432, 0.5305099506328814]",28.596651885017117,1.3099315721565217
"[0.3431181494701403, 0.6547543319393548, -0.8852660137683714, 0.5305106468585471]",28.596679953833767,1.3099944046379182
"[0.3431109470771458, 0.6547536204817669, -0.8852660020382856, 0.5305113428902237]",28.59670802696815,1.3100572371193149
"[0.3431037448824119, 0.6547529091525415, -0.8852659903964346, 0.5305120387657728]",28.59673610411844,1.3101200696007116
"[0.3430965425151538, 0.6547521979150549, -0.8852659788422197, 0.5305127345210185]",28.596764181102493,1.3101829020821083
"[0.3430893401263149, 0.6547514867842149, -0.8852659673758875, 0.5305134301413734]",28.59679225832004,1.3102457345635048
"[0.34308213803478654, 0.6547507757914919, -0.8852659559979412, 0.5305141255960526]",28.596820338240295,1.3103085670449013
"[0.3430749363093895, 0.6547500649436695, -0.8852659447084785, 0.5305148208784203]",28.596848421015086,1.310371399526298
"[0.34306773440803096, 0.6547493541872306, -0.8852659335066471, 0.5305155160408195]",28.59687650383386,1.3104342320076945
"[0.34306053268476105, 0.6547486435571134, -0.8852659223929982, 0.5305162110490755]",28.59690458748595,1.3104970644890912
"[0.3430533310985166, 0.6547479330492528, -0.8852659113674641, 0.5305169059071628]",28.596932677254788,1.310559896970488
"[0.34304612965339154, 0.6547472226640485, -0.8852659004300464, 0.5305176006146883]",28.59696076233969,1.3106227294518844
"[0.3430389286645388, 0.6547465124325694, -0.8852658895812138, 0.5305182951412698]",28.596988854573972,1.3106855619332811
"[0.34303172696302103, 0.6547458022395267, -0.8852658788192109, 0.5305189895996408]",28.597016944680522,1.3107483944146776
"[0.34302452624097013, 0.6547450922517839, -0.8852658681465623, 0.5305196838266328]",28.59704503627304,1.310811226896074
"[0.3430173251855218, 0.6547443823398693, -0.885265857561311, 0.5305203779488458]",28.597073127831056,1.3108740593774708
"[0.3430101247284381, 0.6547436725956297, -0.8852658470648233, 0.530521071876473]",28.597101224056445,1.3109368918588675
"[0.3430029239950835, 0.6547429629328534, -0.8852658366558183, 0.5305217656938026]",28.597129323347833,1.310999724340264
"[0.34299572364753705, 0.6547422534167737, -0.8852658263352527, 0.5305224593370571]",28.5971574250579,1.3110625568216607
"[0.3429885236058695, 0.654741544039504, -0.8852658161030001, 0.5305231528139451]",28.59718552701343,1.3111253893030572
"[0.3429813230369436, 0.654740834718959, -0.8852658059578806, 0.5305238462047095]",28.597213625509923,1.3111882217844537
"[0.34297412307364594, 0.6547401255667346, -0.8852657959014909, 0.530524539400256]",28.59724172858781,1.3112510542658506
"[0.342966922932958, 0.6547394165056943, -0.8852657859327295, 0.5305252324759856]",28.597269834755,1.3113138867472471
"[0.34295972334696073, 0.6547387076079221, -0.8852657760526049, 0.5305259253614378]",28.59729793959045,1.3113767192286439
"[0.3429525234504623, 0.6547379987882194, -0.885265766259925, 0.5305266181398854]",28.59732605095715,1.3114395517100403
"[0.3429453239457719, 0.6547372901157239, -0.8852657565556457, 0.5305273107437515]",28.597354157211516,1.3115023841914368
"[0.34293812462587947, 0.6547365815700371, -0.8852657469394772, 0.5305280031929736]",28.59738226892317,1.3115652166728335
"[0.34293092502572703, 0.6547358731053948, -0.885265737410802, 0.530528695532271]",28.59741038199018,1.3116280491542303
"[0.3429237265882459, 0.65473516486376, -0.8852657279715134, 0.5305293876229152]",28.597438498535514,1.3116908816356267
"[0.34291652712208875, 0.654734456629526, -0.8852657186187373, 0.5305300796755923]",28.59746661483334,1.3117537141170235
"[0.3429093282458309, 0.6547337485619207, -0.8852657093545846, 0.5305307715347072]",28.59749473117738,1.31181654659842
"[0.342902129353859, 0.6547330406013651, -0.8852657001782667, 0.5305314632584748]",28.59752285020096,1.3118793790798167
"[0.34289493071257593, 0.654732332774049, -0.88526569109012, 0.5305321548213033]",28.597550968696883,1.3119422115612132
"[0.3428877325392663, 0.6547316251013118, -0.8852656820904057, 0.530532846202347]",28.59757909340674,1.3120050440426099
"[0.34288053401529567, 0.6547309175026743, -0.8852656731780995, 0.530533537480227]",28.597607217113584,1.3120678765240066
"[0.342873335385843, 0.6547302100022405, -0.8852656643535148, 0.5305342286313905]",28.597635342524864,1.312130709005403
"[0.3428661376935515, 0.6547295027024773, -0.8852656556179143, 0.530534919555737]",28.59766346879912,1.3121935414867996
"[0.34285894008872375, 0.6547287955198198, -0.8852656469702497, 0.5305356103349081]",28.5976915976877,1.3122563739681963
"[0.34285174157617204, 0.6547280883565478, -0.8852656384093407, 0.53053630106434]",28.597719725864927,1.3123192064495928
"[0.3428445437217144, 0.6547273813664582, -0.8852656299370553, 0.5305369915938096]",28.597747858277362,1.3123820389309895
"[0.34283734646637226, 0.6547266745437421, -0.8852656215533019, 0.5305376819289925]",28.59777599138919,1.3124448714123862
"[0.34283014893110025, 0.6547259678020648, -0.8852656132570511, 0.530538372154208]",28.597804124998444,1.3125077038937827
"[0.3428229513133358, 0.6547252611607998, -0.8852656050485386, 0.5305390622505325]",28.597832260551094,1.3125705363751794
"[0.3428157547195315, 0.654724554728554, -0.8852655969290095, 0.5305397521119039]",28.597860402500764,1.3126333688565759
"[0.34280855767591495, 0.6547238483606566, -0.8852655888967917, 0.5305404418795977]",28.59788854194037,1.3126962013379724
"[0.3428013603559191, 0.6547231420741357, -0.8852655809520926, 0.5305411315369782]",28.597916682156907,1.312759033819369
"[0.3427941634281561, 0.654722435934598, -0.885265573095649, 0.5305418210199818]",28.597944824544694,1.3128218663007658
"[0.3427869671153832, 0.6547217299638745, -0.8852655653276873, 0.5305425103072945]",28.597972968071446,1.3128846987821623
"[0.3427797708727172, 0.654721024108492, -0.8852655576476065, 0.5305431994511275]",28.598001113658103,1.312947531263559
"[0.3427725741400717, 0.6547203183135223, -0.8852655500548181, 0.5305438885051016]",28.59802926384276,1.3130103637449555
"[0.34276537808370433, 0.6547196126933289, -0.8852655425505499, 0.5305445773575649]",28.598057412739273,1.3130731962263522
"[0.3427581819073116, 0.6547189071698192, -0.8852655351339623, 0.5305452660847534]",28.598085561685252,1.3131360287077487
"[0.34275098590130804, 0.6547182017714601, -0.8852655278053544, 0.5305459546588752]",28.598113712917634,1.3131988611891454
"[0.34274378982837517, 0.6547174964749892, -0.8852655205644833, 0.5305466431026332]",28.59814186680597,1.3132616936705421
"[0.3427365942912277, 0.6547167913394477, -0.8852655134119481, 0.530547331358401]",28.59817002270529,1.3133245261519386
"[0.34272939818405973, 0.6547160862564857, -0.8852655063466509, 0.5305480195319274]",28.59819817782718,1.3133873586333351
"[0.3427222030405513, 0.6547153813763579, -0.8852654993700915, 0.530548707476561]",28.5982263332363,1.3134501911147318
"[0.342715008099065, 0.6547146766244272, -0.8852654924815107, 0.5305493952651487]",28.598254495075594,1.3135130235961285
"[0.342707812585544, 0.654713971924859, -0.8852654856801749, 0.5305500829716973]",28.598282657486415,1.3135758560775253
"[0.34270061748497055, 0.654713267374144, -0.8852654789670189, 0.5305507705020347]",28.598310817174198,1.3136386885589217
"[0.3426934223863068, 0.6547125629319974, -0.885265472341653, 0.5305514578954749]",28.598338983350406,1.3137015210403182
"[0.34268622764952866, 0.6547118586336701, -0.8852654658044024, 0.5305521451176166]",28.598367148832946,1.313764353521715
"[0.342679032666677, 0.6547111544196361, -0.8852654593547136, 0.5305528322265403]",28.59839531302818,1.3138271860031114
"[0.34267183792450695, 0.6547104503375343, -0.8852654529930237, 0.5305535191757612]",28.598423482614052,1.3138900184845081
"[0.3426646437185333, 0.654709746416263, -0.8852654467195809, 0.5305542059370858]",28.598451655812635,1.3139528509659049
"[0.3426574496110585, 0.6547090426129795, -0.885265440533993, 0.5305548925523129]",28.598479827687864,1.3140156834473014
"[0.34265025535654453, 0.6547083389036586, -0.8852654344360504, 0.5305555790448767]",28.598508000014586,1.314078515928698
"[0.34264306132006694, 0.6547076353240073, -0.8852654284260616, 0.5305562653799422]",28.598536176989107,1.3141413484100946
"[0.3426358672915459, 0.6547069318534718, -0.8852654225038488, 0.5305569515775558]",28.598564354403972,1.314204180891491
"[0.3426286737544645, 0.6547062285393148, -0.8852654166698012, 0.5305576375916161]",28.598592532469624,1.3142670133728878
"[0.3426214800875533, 0.6547055253207882, -0.8852654109234088, 0.5305583234813748]",28.598620710135364,1.3143298458542845
"[0.342614286804617, 0.654704822248103, -0.8852654052650796, 0.5305590091978574]",28.598648892070457,1.314392678335681
"[0.34260709313612936, 0.654704119246038, -0.8852653996942076, 0.5305596948144261]",28.598677077447316,1.3144555108170777
"[0.3425999003171792, 0.6547034164352967, -0.8852653942117424, 0.5305603802133583]",28.598705261424683,1.3145183432984742
"[0.3425927069665524, 0.6547027136808915, -0.8852653888166264, 0.5305610655262997]",28.598733446516178,1.3145811757798707
"[0.3425855138777959, 0.6547020110603642, -0.8852653835094606, 0.530561750677625]",28.598761631780913,1.3146440082612674
"[0.34257832110232234, 0.6547013085787169, -0.8852653782902727, 0.5305624356624579]",28.598789823631638,1.314706840742664
"[0.34257112859990957, 0.6547006062320048, -0.8852653731590239, 0.5305631204846455]",28.598818013521978,1.3147696732240608
"[0.34256393607576396, 0.6546999039914319, -0.8852653681155008, 0.5305638051722629]",28.598846205988323,1.3148325057054573
"[0.34255674356500676, 0.6546992018604252, -0.8852653631597284, 0.5305644897219657]",28.598874400773745,1.3148953381868538
"[0.3425495508237566, 0.6546984998151797, -0.8852653582915436, 0.5305651741569573]",28.598902599430215,1.3149581706682505
"[0.34254235890712176, 0.6546977979586611, -0.8852653535116507, 0.5305658583768565]",28.598930796099832,1.315021003149647
"[0.34253516691309677, 0.6546970962028245, -0.885265348819437, 0.5305665424674961]",28.598958990868354,1.3150838356310437
"[0.34252797486439096, 0.6546963945498849, -0.8852653442149209, 0.5305672264267128]",28.59898719154053,1.3151466681124404
"[0.34252078306470757, 0.6546956930294724, -0.8852653396982939, 0.5305679102256202]",28.599015395180906,1.315209500593837
"[0.3425135915816233, 0.6546949916481414, -0.88526533526959, 0.5305685938578334]",28.59904359848015,1.3152723330752336
"[0.3425064001121414, 0.6546942903763487, -0.885265330928616, 0.5305692773521438]",28.599071800525632,1.31533516555663
"[0.3424992086307712, 0.6546935892116025, -0.8852653266753581, 0.530569960710977]",28.599100007467154,1.3153979980380266
"[0.3424920177941115, 0.6546928882179013, -0.8852653225101937, 0.5305706438719603]",28.599128216272533,1.3154608305194235
"[0.34248482623315707, 0.6546921872617896, -0.8852653184323326, 0.5305713269651501]",28.59915642545921,1.31552366300082
"[0.342477635455797, 0.6546914864902326, -0.8852653144426286, 0.5305720098473244]",28.599184637357958,1.3155864954822165
"[0.3424704446100673, 0.6546907858201862, -0.8852653105405979, 0.5305726925994074]",28.59921285094799,1.3156493279636132
"[0.34246325365345326, 0.654690085247528, -0.8852653067262203, 0.5305733752254084]",28.599241064386764,1.3157121604450097
"[0.3424560629050711, 0.6546893848032839, -0.8852653029996661, 0.5305740576951045]",28.599269278023684,1.3157749929264064
"[0.34244887182932704, 0.6546886844353401, -0.8852652993606591, 0.5305747400592564]",28.599297496407004,1.3158378254078031
"[0.34244168228655025, 0.6546879843248321, -0.8852652958101199, 0.5305754221413939]",28.59932571572456,1.3159006578891996
"[0.34243449132465387, 0.6546872841842839, -0.88526529234659, 0.5305761042215863]",28.599353936013088,1.3159634903705963
"[0.34242730156702317, 0.6546865842691197, -0.8852652889713366, 0.5305767860509947]",28.599382157609412,1.3160263228519928
"[0.3424201117539239, 0.654685884456677, -0.8852652856837498, 0.5305774677491151]",28.59941037990314,1.3160891553333893
"[0.342412921830593, 0.6546851847416242, -0.885265282483807, 0.530578149321137]",28.599438607048995,1.316151987814786
"[0.34240573250706463, 0.6546844851930556, -0.8852652793718165, 0.5305788306997564]",28.59946683342217,1.3162148202961828
"[0.3423985428486417, 0.6546837857199967, -0.8852652763473698, 0.5305795119735858]",28.59949506080567,1.3162776527775795
"[0.3423913530147756, 0.6546830863379828, -0.8852652734105443, 0.5305801931274847]",28.5995232893793,1.316340485258976
"[0.3423841643396644, 0.6546823871767669, -0.8852652705618679, 0.5305808740350859]",28.599551523562088,1.3164033177403724
"[0.342376974547778, 0.6546816880150299, -0.8852652678004391, 0.5305815549119263]",28.599579753715908,1.3164661502217692
"[0.3423697857415639, 0.6546809890572212, -0.8852652651270679, 0.5305822355589003]",28.599607986797317,1.3165289827031657
"[0.3423625968659544, 0.6546802902007359, -0.8852652625413469, 0.5305829160759263]",28.599636224068984,1.3165918151845624
"[0.34235540786248075, 0.6546795914398891, -0.885265260043259, 0.5305835964685363]",28.59966446138332,1.316654647665959
"[0.3423482191487688, 0.6546788928152687, -0.8852652576329475, 0.5305842766972063]",28.599692701398137,1.3167174801473556
"[0.34234103087498485, 0.6546781943414479, -0.8852652553104501, 0.530584956747748]",28.599720942596672,1.316780312628752
"[0.3423338427543347, 0.6546774959905437, -0.885265253075664, 0.5305856366473103]",28.59974918544594,1.3168431451101488
"[0.3423266543126632, 0.6546767977164911, -0.8852652509284464, 0.5305863164407353]",28.599777427565623,1.3169059775915453
"[0.34231946611126096, 0.6546760995738116, -0.8852652488689662, 0.5305869960749413]",28.599805671467404,1.316968810072942
"[0.3423122780558524, 0.6546754015533389, -0.8852652468971913, 0.5305876755588501]",28.599833922528642,1.3170316425543387
"[0.34230509010552435, 0.654674703651087, -0.885265245013106, 0.5305883548963414]",28.5998621653904,1.3170944750357352
"[0.3422979025687951, 0.6546740058970014, -0.8852652432167829, 0.5305890340582647]",28.599890419890695,1.317157307517132
"[0.34229071481706397, 0.6546733082300472, -0.8852652415080621, 0.5305897131040271]",28.599918670768893,1.3172201399985284
"[0.34228352752480407, 0.6546726107156849, -0.8852652398871004, 0.5305903919699135]",28.599946922916995,1.3172829724799249
"[0.3422763398956533, 0.6546719132766234, -0.8852652383537162, 0.5305910707311456]",28.599975174959287,1.3173458049613216
"[0.34226915284565557, 0.6546712160017399, -0.885265236908102, 0.5305917493012249]",28.600003433766872,1.3174086374427183
"[0.3422619659465896, 0.6546705188494689, -0.8852652355501591, 0.5305924277206033]",28.600031690257484,1.317471469924115
"[0.3422547787585769, 0.6546698217771518, -0.8852652342798072, 0.5305931060307868]",28.600059949032794,1.3175343024055115
"[0.3422475918419359, 0.6546691248391119, -0.8852652330971472, 0.5305937841789142]",28.6000882109685,1.317597134886908
"[0.34224040527921307, 0.6546684280433368, -0.8852652320021824, 0.5305944621572136]",28.600116473185782,1.3176599673683047
"[0.3422332187388928, 0.6546677313576905, -0.8852652309948552, 0.5305951399969489]",28.600144733546173,1.3177227998497014
"[0.34222603265019913, 0.6546670348237587, -0.8852652300752187, 0.5305958176576612]",28.60017300237739,1.317785632331098
"[0.34221884540435327, 0.654666338285635, -0.8852652292430803, 0.530596495291021]",28.600201269807428,1.3178484648124946
"[0.34221165981977275, 0.6546656420164019, -0.8852652284987584, 0.5305971726313662]",28.600229536746575,1.3179112972938911
"[0.3422044736656635, 0.6546649457999169, -0.8852652278420026, 0.5305978498889586]",28.60025780648035,1.3179741297752878
"[0.34219728746267186, 0.6546642496866191, -0.8852652272728728, 0.5305985270147271]",28.600286078903693,1.3180369622566843
"[0.342190102085424, 0.6546635537612087, -0.8852652267914244, 0.5305992039262847]",28.60031435184706,1.318099794738081
"[0.342182916131832, 0.6546628578878793, -0.8852652263975604, 0.5305998807557253]",28.60034262951108,1.3181626272194777
"[0.3421757308810548, 0.654662162190501, -0.8852652260913494, 0.5306005573825653]",28.600370903353248,1.3182254597008742
"[0.3421685457498391, 0.6546614666125778, -0.8852652258727515, 0.5306012338617543]",28.60039918061347,1.3182882921822707
"[0.3421613602559635, 0.6546607711074313, -0.8852652257417585, 0.5306019102386845]",28.60042746147314,1.3183511246636674
"[0.3421541753157388, 0.6546600757637435, -0.8852652256983838, 0.5306025864271104]",28.60045574124783,1.318413957145064
"[0.3421469896857559, 0.6546593804611811, -0.8852652257426231, 0.5306032625440461]",28.600484023111854,1.3184767896264606
"[0.3421398051216126, 0.6546586853696107, -0.8852652258744602, 0.5306039384243109]",28.600512309001676,1.3185396221078574
"[0.3421326203412572, 0.6546579903649742, -0.8852652260939033, 0.5306046141885364]",28.600540594592353,1.3186024545892538
"[0.34212543617819385, 0.6546572955278858, -0.8852652264009209, 0.5306052897583398]",28.600568882236974,1.3186652870706506
"[0.34211825156959225, 0.6546566007555433, -0.885265226795556, 0.5306059652336701]",28.600597170934236,1.318728119552047
"[0.3421110671932509, 0.6546559061135022, -0.885265227277776, 0.5306066405507861]",28.60062545980433,1.3187909520334435
"[0.34210388252545726, 0.654655211551104, -0.8852652278476181, 0.5306073157589372]",28.600653751603428,1.3188537845148403
"[0.3420966988853579, 0.6546545171958746, -0.8852652285049654, 0.5306079907341483]",28.600682044600138,1.318916616996237
"[0.342089515550597, 0.6546538229779529, -0.8852652292498594, 0.5306086655443383]",28.600710341262673,1.3189794494776335
"[0.3420823312923562, 0.6546531287785899, -0.8852652300824406, 0.5306093403049285]",28.600738636230876,1.3190422819590302
"[0.3420751472004957, 0.6546524347031208, -0.8852652310025976, 0.5306100149135233]",28.60076693347956,1.3191051144404267
"[0.34206796350058066, 0.6546517407733066, -0.8852652320102913, 0.5306106893489758]",28.600795233947622,1.3191679469218234
"[0.3420607807280409, 0.6546510470408562, -0.8852652331054237, 0.5306113635610301]",28.60082353571171,1.3192307794032199
"[0.34205359710572264, 0.6546503533340995, -0.8852652342882654, 0.5306120377165285]",28.60085183802752,1.3192936118846166
"[0.34204641394546237, 0.6546496597797407, -0.8852652355586081, 0.5306127116923273]",28.600880142535615,1.3193564443660133
"[0.3420392310129206, 0.6546489663551297, -0.885265236916482, 0.53061338551044]",28.600908448396197,1.3194192768474098
"[0.34203204822670186, 0.6546482730523986, -0.8852652383618953, 0.5306140591785112]",28.600936755840518,1.3194821093288063
"[0.3420248654164588, 0.6546475798550986, -0.885265239894882, 0.5306147327125206]",28.600965063703683,1.319544941810203
"[0.342017682655375, 0.6546468867702865, -0.8852652415154264, 0.5306154061056092]",28.600993373044933,1.3196077742915997
"[0.34201050030923025, 0.6546461938332481, -0.8852652432234387, 0.5306160793234929]",28.601021689277996,1.3196706067729964
"[0.3420033178285455, 0.6546455009909585, -0.8852652450190447, 0.5306167524176859]",28.60105000313745,1.319733439254393
"[0.3419961357524008, 0.6546448082954122, -0.8852652469021061, 0.5306174253376743]",28.601078316839956,1.3197962717357894
"[0.34198895329637297, 0.6546441156709485, -0.8852652488728286, 0.5306180981569556]",28.601106633969504,1.319859104217186
"[0.34198177152399034, 0.6546434232201203, -0.8852652509309159, 0.530618770775907]",28.601134951544555,1.3199219366985826
"[0.3419745896576055, 0.6546427308679269, -0.8852652530765805, 0.530619443267383]",28.601163270107616,1.3199847691799793
"[0.3419674076487969, 0.654642038609699, -0.8852652553098428, 0.5306201156359143]",28.601191591943312,1.320047601661376
"[0.34196022648028845, 0.6546413465401509, -0.8852652576303847, 0.5306207877895072]",28.601219913371125,1.3201104341427725
"[0.34195304471734733, 0.654640654521007, -0.8852652600386662, 0.5306214598624562]",28.601248242050048,1.320173266624169
"[0.34194586378454395, 0.654639962689508, -0.8852652625342066, 0.5306221317214779]",28.601276565088174,1.3202360991055657
"[0.3419386823114954, 0.6546392709136374, -0.8852652651174768, 0.5306228034947728]",28.601304891870683,1.3202989315869622
"[0.34193150107656856, 0.6546385792683705, -0.8852652677882044, 0.5306234751095286]",28.601333220919642,1.320361764068359
"[0.3419243199963284, 0.6546378877456632, -0.8852652705464132, 0.5306241465735557]",28.601361552773646,1.3204245965497556
"[0.34191713940787855, 0.6546371963779525, -0.8852652733919629, 0.53062481785536]",28.601389883722206,1.3204874290311521
"[0.3419099584479914, 0.6546365050821259, -0.8852652763251941, 0.5306254890356356]",28.601418219630727,1.3205502615125488
"[0.34190277799833185, 0.6546358139430523, -0.8852652793457454, 0.5306261600319806]",28.601446551965264,1.3206130939939453
"[0.34189559729967306, 0.6546351228876414, -0.8852652824539319, 0.5306268309153542]",28.6014748879075,1.3206759264753418
"[0.34188841772270945, 0.6546344320477864, -0.8852652856491456, 0.5306275015577147]",28.60150322984678,1.3207387589567385
"[0.341881237256986, 0.6546337412300274, -0.8852652889322772, 0.5306281721468648]",28.60153156915413,1.3208015914381352
"[0.34187405730515086, 0.6546330505693154, -0.8852652923026935, 0.5306288425517987]",28.60155990927338,1.320864423919532
"[0.34186687745077543, 0.654632360025576, -0.8852652957605792, 0.5306295128114168]",28.601588252293627,1.3209272564009285
"[0.34185969744169176, 0.6546316695745551, -0.8852652993060586, 0.5306301829492559]",28.601616596952898,1.320990088882325
"[0.3418525176488019, 0.6546309792519142, -0.8852653029389471, 0.5306308529307017]",28.60164494589867,1.3210529213637217
"[0.3418453384215987, 0.6546302890912509, -0.885265306659055, 0.5306315227231452]",28.601673292503786,1.3211157538451181
"[0.34183815921759353, 0.6546295990403549, -0.8852653104666535, 0.5306321923772647]",28.60170164124153,1.3211785863265149
"[0.34183097998294976, 0.6546289090940987, -0.8852653143617721, 0.5306328618980227]",28.601729992713143,1.3212414188079116
"[0.34182380072066, 0.6546282192527337, -0.885265318344411, 0.5306335312851784]",28.601758347078285,1.321304251289308
"[0.34181662161565063, 0.6546275295340447, -0.8852653224144659, 0.530634200521468]",28.60178669948325,1.3213670837707048
"[0.3418094424234234, 0.6546268399145277, -0.8852653265720756, 0.5306348696296959]",28.601815053256225,1.3214299162521013
"[0.34180226382086504, 0.6546261504592042, -0.8852653308168387, 0.5306355385467714]",28.601843409812417,1.3214927487334978
"[0.34179508557285393, 0.6546254611454295, -0.885265335148879, 0.5306362072946758]",28.60187176960096,1.3215555812148947
"[0.3417879069479532, 0.6546247719030005, -0.8852653395686384, 0.5306368759415058]",28.60190012903576,1.3216184136962912
"[0.34178072872448695, 0.654624082806631, -0.885265344075638, 0.53063754441478]",28.6019284908361,1.3216812461776877
"[0.3417735503530829, 0.6546233938035733, -0.8852653486702199, 0.5306382127656651]",28.601956855687575,1.3217440786590844
"[0.34176637202195287, 0.654622704911892, -0.8852653533522655, 0.5306388809766341]",28.60198521877354,1.3218069111404809
"[0.34175919389727694, 0.6546220161475266, -0.8852653581216626, 0.5306395490322249]",28.602013585733154,1.3218697436218776
"[0.34175201673736133, 0.6546213275832095, -0.8852653629778875, 0.5306402168618957]",28.60204195456315,1.3219325761032743
"[0.34174483836002856, 0.6546206390095903, -0.8852653679224219, 0.5306408846686875]",28.602070321800806,1.3219954085846708
"[0.3417376613934189, 0.6546199506787603, -0.8852653729534528, 0.53064155220811]",28.60209869469746,1.3220582410660675
"[0.3417304839876528, 0.6546192624132772, -0.8852653780722599, 0.530642219652249]",28.602127066342803,1.322121073547464
"[0.3417233068426394, 0.6546185742802575, -0.885265383278348, 0.5306428869360132]",28.6021554388383,1.3221839060288605
"[0.34171612936975915, 0.654617886223264, -0.885265388572147, 0.5306435541141263]",28.602183813768896,1.3222467385102572
"[0.3417089525837826, 0.6546171983395663, -0.8852653939529016, 0.5306442210922697]",28.602212193387846,1.322309570991654
"[0.34170177540473357, 0.6546165105256398, -0.8852653994214175, 0.5306448879708195]",28.602240570056686,1.3223724034730504
"[0.34169459837082444, 0.6546158228330669, -0.8852654049772902, 0.5306455546997593]",28.602268949802085,1.3224352359544471
"[0.3416874217867374, 0.6546151352910243, -0.8852654106202734, 0.5306462212508011]",28.602297334355868,1.3224980684358436
"[0.341680245581008, 0.65461444789265, -0.8852654163504091, 0.5306468876305993]",28.602325716901348,1.3225609009172403
"[0.3416730692515471, 0.6546137605898236, -0.8852654221680949, 0.5306475538858044]",28.602354099812775,1.3226237333986368
"[0.3416658927994493, 0.6546130733826735, -0.8852654280733341, 0.5306482200162831]",28.602382488075452,1.3226865658800335
"[0.3416587162922744, 0.654612386277658, -0.885265434066076, 0.5306488860157726]",28.602410876594664,1.3227493983614302
"[0.34165154054742536, 0.6546116993530208, -0.8852654401456261, 0.5306495518084332]",28.602439266032057,1.3228122308428267
"[0.34164436455203895, 0.6546110125117912, -0.8852654463128339, 0.5306502174882529]",28.602467656179627,1.3228750633242232
"[0.34163718886477723, 0.654610325807435, -0.8852654525672186, 0.5306508830034095]",28.60249604968873,1.32293789580562
"[0.3416300130932093, 0.6546096392024121, -0.8852654589091189, 0.5306515483902783]",28.602524441901664,1.3230007282870164
"[0.3416228374252683, 0.6546089527146316, -0.8852654653383702, 0.5306522136315152]",28.6025528386182,1.3230635607684131
"[0.3416156627718581, 0.6546082664312811, -0.8852654718541357, 0.5306528786426195]",28.602581239189448,1.3231263932498099
"[0.3416084867505107, 0.6546075801244527, -0.8852654784585866, 0.5306535436444344]",28.60260963505516,1.3231892257312063
"[0.341601312120176, 0.6546068940579918, -0.8852654851491844, 0.5306542083813038]",28.602638036193415,1.323252058212603
"[0.34159413703535496, 0.6546062080554259, -0.8852654919276339, 0.5306548730242122]",28.602666436886878,1.3233148906939995
"[0.3415869620688972, 0.6546055221714983, -0.8852654987934007, 0.530655537520121]",28.602694843966926,1.323377723175396
"[0.3415797877612751, 0.6546048364578791, -0.885265505745954, 0.5306562018189684]",28.60272324973784,1.3234405556567927
"[0.34157261315141524, 0.6546041508226894, -0.8852655127862201, 0.530656866009764]",28.60275165314981,1.3235033881381895
"[0.3415654384308264, 0.6546034652842391, -0.8852655199140185, 0.530657530074765]",28.602780061006726,1.3235662206195862
"[0.34155826370617226, 0.6546027798527334, -0.8852655271292466, 0.5306581940040787]",28.602808468211737,1.3236290531009827
"[0.3415510895242559, 0.6546020945803516, -0.8852655344313464, 0.5306588577471713]",28.602836881641053,1.3236918855823792
"[0.3415439161518417, 0.6546014094925874, -0.8852655418200212, 0.5306595212793467]",28.602865298292866,1.3237547180637759
"[0.34153674192411726, 0.6546007244304222, -0.8852655492969879, 0.5306601847546202]",28.602893711040064,1.3238175505451726
"[0.341529568214634, 0.6546000395250253, -0.8852655568608218, 0.5306608480459499]",28.6029221253715,1.323880383026569
"[0.34152239457982814, 0.6545993547340286, -0.8852655645119816, 0.5306615111943668]",28.602950541895478,1.3239432155079658
"[0.34151522071221135, 0.6545986700280836, -0.8852655722507974, 0.5306621742282878]",28.602978960745876,1.3240060479893623
"[0.3415080472983939, 0.6545979854727116, -0.8852655800765266, 0.5306628370842635]",28.603007383594733,1.3240688804707588
"[0.34150087437326204, 0.6545973010712205, -0.8852655879891138, 0.5306634997590935]",28.60303580061012,1.3241317129521555
"[0.34149370068600426, 0.6545966167042706, -0.8852655959899453, 0.5306641623683237]",28.603064225678143,1.3241945454335522
"[0.3414865278861721, 0.6545959325292122, -0.8852656040771797, 0.530664824759605]",28.60309265174055,1.324257377914949
"[0.34147935503307547, 0.6545952484563057, -0.8852656122518628, 0.5306654870198207]",28.603121078919738,1.3243202103963454
"[0.3414721820970245, 0.6545945644827176, -0.8852656205140325, 0.5306661491517097]",28.603149507041486,1.324383042877742
"[0.3414650096958042, 0.6545938806673438, -0.885265628862969, 0.5306668110982569]",28.603177937659396,1.3244458753591386
"[0.3414578374731892, 0.6545931969762069, -0.8852656372990754, 0.5306674728923529]",28.60320636882991,1.324508707840535
"[0.3414506647877384, 0.6545925133481623, -0.8852656458231116, 0.5306681345931801]",28.603234799901266,1.3245715403219318
"[0.3414434925776467, 0.6545918298726072, -0.8852656544339639, 0.5306687961142088]",28.60326323700885,1.3246343728033285
"[0.34143632025272574, 0.6545911464933147, -0.8852656631323346, 0.5306694575098531]",28.603291671649593,1.324697205284725
"[0.34142914828665377, 0.6545904632554126, -0.8852656719176455, 0.5306701187364351]",28.603320107729065,1.3247600377661217
"[0.34142197641809147, 0.6545897801339557, -0.88526568079021, 0.5306707798181025]",28.603348549602067,1.3248228702475182
"[0.3414148046017231, 0.654589097124656, -0.8852656897500814, 0.5306714407589963]",28.60337699059725,1.3248857027289147
"[0.34140763286716536, 0.654588414230315, -0.8852656987972212, 0.5306721015564052]",28.603405431781155,1.3249485352103114
"[0.3414004620655837, 0.6545877315319573, -0.8852657079305386, 0.5306727621319293]",28.60343387791846,1.3250113676917081
"[0.341393290358445, 0.6545870488545403, -0.885265717152375, 0.5306734226549362]",28.603462323099713,1.3250742001731046
"[0.34138611951702463, 0.6545863663666702, -0.8852657264604544, 0.5306740829622878]",28.603490768466337,1.3251370326545013
"[0.341378948044555, 0.6545856839258863, -0.8852657358567163, 0.5306747431918118]",28.6035192169192,1.3251998651358978
"[0.34137177706016525, 0.6545850016386777, -0.8852657453396979, 0.5306754032404831]",28.60354766665499,1.3252626976172945
"[0.34136460661911694, 0.6545843195102847, -0.885265754909308, 0.5306760631032337]",28.60357611629756,1.325325530098691
"[0.34135743573865646, 0.6545836374472102, -0.8852657645668572, 0.5306767228705067]",28.603604569415875,1.3253883625800877
"[0.34135026494479875, 0.6545829554994879, -0.8852657743116441, 0.5306773824938983]",28.603633026431588,1.3254511950614845
"[0.3413430947664908, 0.6545822737174058, -0.885265784142938, 0.5306780419247675]",28.603661480983092,1.325514027542881
"[0.34133592423778375, 0.6545815920091067, -0.8852657940620593, 0.5306787012519594]",28.603689938326532,1.3255768600242774
"[0.34132875413713387, 0.6545809104485939, -0.8852658040679311, 0.5306793604038965]",28.60371839786522,1.3256396925056741
"[0.3413215840168416, 0.654580228993332, -0.88526581416117, 0.5306800194217087]",28.603746856331323,1.3257025249870706
"[0.34131441424463527, 0.6545795476781604, -0.8852658243412556, 0.5306806782717233]",28.603775320481205,1.3257653574684674
"[0.3413072440026659, 0.654578866425462, -0.8852658346093499, 0.5306813370289726]",28.603803785137877,1.325828189949864
"[0.3413000742951928, 0.6545781853306143, -0.8852658449640158, 0.5306819956012332]",28.603832249292594,1.3258910224312606
"[0.3412929047733866, 0.6545775043604622, -0.8852658554057437, 0.5306826540205648]",28.603860717751342,1.3259538549126573
"[0.3412857360441205, 0.6545768235726208, -0.8852658659336337, 0.5306833122312636]",28.603889188241503,1.3260166873940538
"[0.34127856642981813, 0.6545761428077768, -0.8852658765501512, 0.5306839703873557]",28.603917656102333,1.3260795198754505
"[0.3412713976580216, 0.6545754622299628, -0.8852658872527401, 0.5306846283302518]",28.603946126884146,1.3261423523568472
"[0.3412642283195152, 0.6545747817053785, -0.8852658980435001, 0.5306852861893019]",28.60397460240137,1.3262051848382437
"[0.3412570590632572, 0.6545741012956651, -0.8852659089214634, 0.5306859439049043]",28.60400307418415,1.3262680173196402
"[0.34124989071856404, 0.6545734210794191, -0.8852659198853555, 0.5306866014011052]",28.60403155271809,1.3263308498010369
"[0.34124272160002583, 0.6545727408967867, -0.8852659309377517, 0.5306872588323989]",28.604060028218605,1.3263936822824334
"[0.34123555360992636, 0.6545720609282131, -0.8852659420757143, 0.5306879160243806]",28.604088508905498,1.32645651476383
"[0.34122838510106845, 0.6545713810174237, -0.8852659533017916, 0.5306885731280916]",28.60411698884663,1.3265193472452268
"[0.34122121672846484, 0.654570701226552, -0.8852659646149662, 0.5306892300834762]",28.604145471020686,1.3265821797266233
"[0.34121404843616066, 0.6545700215502863, -0.8852659760153232, 0.5306898868956648]",28.60417395439885,1.32664501220802
"[0.34120688096329094, 0.6545693420586757, -0.8852659875016715, 0.5306905434969701]",28.604202442065727,1.3267078446894165
"[0.3411997127554886, 0.6545686626043703, -0.885265999076501, 0.5306912000297721]",28.604230929601293,1.326770677170813
"[0.34119254556498835, 0.6545679833534449, -0.8852660107369784, 0.5306918563335992]",28.60425941294503,1.3268335096522097
"[0.34118537774640884, 0.6545673041499567, -0.8852660224857741, 0.5306925125591239]",28.604287907626546,1.3268963421336064
"[0.3411782099332233, 0.6545666250539254, -0.885266034321862, 0.5306931686483521]",28.60431639780181,1.3269591746150031
"[0.3411710430408649, 0.6545659461520776, -0.8852660462437143, 0.5306938245174952]",28.604344893008406,1.3270220070963996
"[0.3411638756613262, 0.6545652673110174, -0.8852660582536661, 0.5306944802954241]",28.604373388034787,1.327084839577796
"[0.3411567084602488, 0.6545645885937911, -0.8852660703506087, 0.5306951359212289]",28.60440188289464,1.3271476720591928
"[0.3411495412144233, 0.654563909979258, -0.8852660825349168, 0.5306957914153286]",28.604430378577987,1.3272105045405893
"[0.3411423748284449, 0.654563231553046, -0.8852660948050388, 0.5306964466950146]",28.604458877980207,1.327273337021986
"[0.3411352078999125, 0.6545625531823821, -0.8852661071633708, 0.5306971018885289]",28.604487379915234,1.3273361695033827
"[0.3411280414824455, 0.6545618749669916, -0.8852661196080972, 0.5306977568995502]",28.604515884181517,1.3273990019847792
"[0.34112087492651333, 0.6545611968453952, -0.8852661321403402, 0.5306984117874528]",28.604544388138486,1.3274618344661757
"[0.34111370863765067, 0.6545605188559581, -0.8852661447593893, 0.5306990665151834]",28.604572891519837,1.3275246669475724
"[0.34110654203335306, 0.6545598409435696, -0.885266157466271, 0.5306997211359588]",28.60460139912863,1.327587499428969
"[0.34109937628528686, 0.6545591632190466, -0.8852661702589002, 0.5307003755427695]",28.604629907947153,1.3276503319103656
"[0.34109221041529897, 0.654558485589857, -0.8852661831390092, 0.5307010298249655]",28.604658417506148,1.3277131643917623
"[0.34108504496507575, 0.654557808107222, -0.8852661961056204, 0.5307016839330878]",28.60468693270307,1.3277759968731588
"[0.3410778791216571, 0.6545571306942582, -0.8852662091602049, 0.530702337941367]",28.60471544477433,1.3278388293545555
"[0.3410707131959146, 0.6545564533803715, -0.8852662223022064, 0.5307029918214047]",28.604743959553865,1.327901661835952
"[0.34106354780980663, 0.6545557762243412, -0.8852662355304766, 0.530703645516453]",28.60477247414136,1.3279644943173488
"[0.3410563826250901, 0.6545550991941711, -0.8852662488456268, 0.530704299057405]",28.604800993995042,1.3280273267987455
"[0.3410492172897716, 0.6545544222565983, -0.8852662622483114, 0.5307049524763647]",28.60482951056768,1.328090159280142
"[0.34104205251135067, 0.65455374547846, -0.8852662757372, 0.5307056057088161]",28.604858030756493,1.3281529917615387
"[0.341034887542149, 0.6545530687891149, -0.8852662893136946, 0.5307062588229421]",28.604886554876213,1.3282158242429352
"[0.3410277227892314, 0.6545523922270051, -0.8852663029770245, 0.5307069117816365]",28.604915080917973,1.3282786567243317
"[0.3410205582562545, 0.6545517157924651, -0.8852663167271748, 0.5307075645845765]",28.60494360484529,1.3283414892057284
"[0.3410133936341301, 0.6545510394563013, -0.8852663305647379, 0.5307082172599334]",28.60497213503793,1.328404321687125
"[0.341006228884875, 0.6545503632149349, -0.8852663444897918, 0.5307088698111556]",28.60500066022441,1.3284671541685216
"[0.3409990651383795, 0.6545496871749866, -0.885266358500125, 0.5307095221353598]",28.60502918981048,1.3285299866499183
"[0.34099190069441193, 0.6545490111759963, -0.885266372599058, 0.5307101743873764]",28.60505772424353,1.3285928191313148
"[0.3409847365244331, 0.6545483353096321, -0.8852663867846877, 0.5307108264787512]",28.605086255382332,1.3286556516127115
"[0.34097757306297116, 0.6545476596168625, -0.8852664010561364, 0.53071147836996]",28.605114791944533,1.328718484094108
"[0.3409704089773339, 0.6545469839719776, -0.8852664154160588, 0.530712130182281]",28.605143327070483,1.3287813165755047
"[0.34096324520412163, 0.6545463084633109, -0.8852664298625835, 0.5307127818304923]",28.605171864938097,1.3288441490569014
"[0.3409560819353556, 0.6545456331089494, -0.8852664443953099, 0.5307134332971472]",28.605200402393645,1.328906981538298
"[0.34094891881472306, 0.6545449578752807, -0.885266459014949, 0.5307140846146704]",28.605228945635734,1.3289698140196944
"[0.3409417557843978, 0.6545442827568475, -0.8852664737216158, 0.5307147357883238]",28.605257490476806,1.329032646501091
"[0.34093459202330884, 0.654543607676279, -0.885266488517008, 0.530715386892726]",28.605286034542974,1.3290954789824876
"[0.34092742932971465, 0.654542932803008, -0.8852665033974072, 0.5307160377644634]",28.60531457948173,1.3291583114638843
"[0.3409202663979517, 0.654542258014011, -0.885266518365511, 0.5307166885221831]",28.605343126027066,1.329221143945281
"[0.3409131039657509, 0.6545415833787775, -0.8852665334197736, 0.530717339098869]",28.60537167419676,1.3292839764266775
"[0.3409059410237605, 0.6545409088022125, -0.8852665485623178, 0.5307179895862252]",28.60540022614949,1.3293468089080742
"[0.3408987786957327, 0.6545402343901768, -0.8852665637907666, 0.5307186398821616]",28.605428776772115,1.3294096413894707
"[0.34089161625472925, 0.6545395600741571, -0.8852665791066581, 0.5307192900527516]",28.605457329978403,1.3294724738708672
"[0.34088445453477406, 0.6545388859327002, -0.8852665945081973, 0.5307199400222532]",28.605485882871793,1.329535306352264
"[0.3408772922197804, 0.6545382118419035, -0.8852666099982138, 0.5307205899101259]",28.60551444283949,1.3295981388336606
"[0.3408701301434044, 0.6545375378802254, -0.885266625574912, 0.5307212396407238]",28.605543001250048,1.3296609713150571
"[0.3408629686403214, 0.6545368640791515, -0.8852666412375495, 0.5307218891836935]",28.605571560440257,1.3297238037964538
"[0.3408558064490692, 0.6545361903199749, -0.8852666569888886, 0.5307225386534675]",28.605600119521103,1.3297866362778503
"[0.3408486451062672, 0.6545355167472593, -0.8852666728255473, 0.5307231879106885]",28.60562868442876,1.329849468759247
"[0.34084148390395, 0.6545348432943972, -0.8852666887490741, 0.5307238370195609]",28.60565724686588,1.3299123012406437
"[0.34083432236499084, 0.6545341699164827, -0.8852667047605347, 0.5307244860233706]",28.605685814178006,1.3299751337220402
"[0.3408271613702781, 0.6545334966963732, -0.8852667208579563, 0.5307251348422497]",28.605714380816153,1.330037966203437
"[0.34082000070678636, 0.6545328236140062, -0.8852667370418027, 0.5307257834955387]",28.60574294672085,1.3301007986848334
"[0.3408128392254165, 0.6545321505613788, -0.8852667533146807, 0.5307264320873137]",28.605771520082904,1.33016363116623
"[0.340805678635845, 0.6545314776991658, -0.8852667696727047, 0.5307270804627365]",28.605800092177354,1.3302264636476266
"[0.3407985179429784, 0.6545308049338382, -0.8852667861181346, 0.5307277287119347]",28.605828666409934,1.3302892961290234
"[0.340791357453658, 0.6545301322942236, -0.8852668026502643, 0.5307283768071281]",28.605857241596052,1.33035212861042
"[0.3407841970163767, 0.6545294597660768, -0.8852668192694398, 0.5307290247620408]",28.605885815320292,1.3304149610918166
"[0.3407770367431514, 0.6545287873599103, -0.8852668359753989, 0.5307296725665431]",28.605914392973812,1.330477793573213
"[0.34076987632948813, 0.654528115047139, -0.8852668527688509, 0.5307303202481682]",28.605942975514242,1.3305406260546098
"[0.34076271652810536, 0.6545274428983991, -0.8852668696480238, 0.5307309677388727]",28.60597155370704,1.3306034585360063
"[0.3407555567511797, 0.6545267708585126, -0.885266886614292, 0.530731615091807]",28.606000139099898,1.330666291017403
"[0.340748396786937, 0.6545260989075946, -0.885266903668161, 0.5307322623261227]",28.606028722580717,1.3307291234987997
"[0.3407412376790772, 0.6545254271435773, -0.8852669208071337, 0.5307329093474905]",28.606057308786255,1.3307919559801962
"[0.34073407767975544, 0.6545247554024527, -0.8852669380353957, 0.5307335563138746]",28.606085895991125,1.3308547884615929
"[0.34072691823456774, 0.654524083819849, -0.8852669553494764, 0.5307342030946426]",28.60611448636821,1.3309176209429894
"[0.3407197595539654, 0.6545234124154727, -0.8852669727488425, 0.5307348496708224]",28.606143078789295,1.3309804534243859
"[0.340712599671862, 0.6545227410049367, -0.8852669902382817, 0.5307354962199754]",28.60617166991022,1.3310432859057826
"[0.3407054409261935, 0.6545220698074842, -0.8852670078120856, 0.5307361425309715]",28.606200261639245,1.3311061183871793
"[0.3406982819821865, 0.654521398697924, -0.8852670254735143, 0.5307367887243665]",28.60622885410048,1.3311689508685758
"[0.34069112341328944, 0.65452072773002, -0.8852670432211502, 0.5307374347483892]",28.606257453223062,1.3312317833499725
"[0.3406839644274461, 0.654520056829534, -0.885267061056959, 0.5307380806745128]",28.60628605065195,1.331294615831369
"[0.3406768065921414, 0.6545193861433382, -0.8852670789770226, 0.5307387263613351]",28.606314651840627,1.3313574483127655
"[0.34066964800985994, 0.6545187154936261, -0.8852670969860854, 0.5307393719800343]",28.606343251924066,1.3314202807941622
"[0.3406624899816477, 0.6545180450023093, -0.885267115080878, 0.5307400174132391]",28.606371855712673,1.331483113275559
"[0.3406553315770591, 0.654517374582157, -0.8852671332637512, 0.530740662744933]",28.60640045814131,1.3315459457569556
"[0.340648173386029, 0.6545167042884913, -0.8852671515332092, 0.5307413079218449]",28.60642906299279,1.331608778238352
"[0.340641016170535, 0.6545160341926073, -0.8852671698872864, 0.5307419528753615]",28.606457671302945,1.3316716107197486
"[0.34063385790327383, 0.654515364104702, -0.8852671883311842, 0.53074259778816]",28.60648628245732,1.3317344432011453
"[0.34062670055597427, 0.6545146942093463, -0.8852672068598253, 0.530743242482599]",28.606514890193868,1.3317972756825418
"[0.34061954302632125, 0.6545140244033499, -0.8852672254760506, 0.5307438870579895]",28.606543501800775,1.3318601081639385
"[0.3406123856414788, 0.6545133547173284, -0.8852672441790108, 0.5307445314848648]",28.606572114455822,1.3319229406453352
"[0.34060522829366235, 0.6545126851411905, -0.8852672629689853, 0.5307451757729332]",28.60660073250037,1.3319857731267317
"[0.3405980717673464, 0.6545120157483018, -0.885267281843899, 0.5307458198516027]",28.606629349539503,1.3320486056081284
"[0.3405909147642189, 0.6545113464172048, -0.8852673008071714, 0.5307464638377386]",28.606657963323908,1.332111438089525
"[0.34058375773685867, 0.6545106771902487, -0.8852673198576128, 0.530747107690585]",28.60668658866394,1.3321742705709216
"[0.3405766009961075, 0.6545100080964766, -0.885267338994392, 0.5307477513822016]",28.606715208699004,1.3322371030523183
"[0.340569444447845, 0.6545093391270833, -0.8852673582177524, 0.5307483949210575]",28.606743832725176,1.3322999355337148
"[0.3405622878094231, 0.654508670255641, -0.8852673775284525, 0.5307490383325738]",28.606772455736508,1.3323627680151113
"[0.34055513181887903, 0.654508001551113, -0.8852673969244916, 0.5307496815504119]",28.606801080483777,1.332425600496508
"[0.3405479756054906, 0.6545073329321194, -0.8852674164082225, 0.5307503246528503]",28.60682970938574,1.3324884329779045
"[0.3405408197060637, 0.6545066644488114, -0.885267435978183, 0.5307509675916486]",28.60685833831943,1.3325512654593012
"[0.34053366344641256, 0.6545059960382106, -0.885267455636218, 0.5307516104273747]",28.60688696712257,1.332614097940698
"[0.34052650776801696, 0.654505327788236, -0.8852674753797387, 0.5307522530754731]",28.606915598393076,1.3326769304220945
"[0.3405193523315546, 0.6545046596671813, -0.8852674952096669, 0.530752895566437]",28.606944232707374,1.3327397629034912
"[0.3405121967184819, 0.6545039916359833, -0.8852675151271615, 0.5307535379378244]",28.606972868262677,1.3328025953848877
"[0.3405050409392232, 0.6545033236955686, -0.8852675351322017, 0.5307541801887481]",28.607001507419422,1.3328654278662841
"[0.34049788629462874, 0.6545026559673807, -0.8852675552211331, 0.5307548222024305]",28.607030141122955,1.3329282603476809
"[0.3404907307254869, 0.6545019882592269, -0.8852675753997343, 0.5307554641636616]",28.607058783529503,1.3329910928290776
"[0.3404835753569398, 0.654501320676095, -0.8852675956648471, 0.5307561059714969]",28.6070874220808,1.333053925310474
"[0.340476420910592, 0.6545006532852922, -0.885267616014408, 0.5307567475612299]",28.607116066676003,1.3331167577918708
"[0.3404692655906302, 0.6544999859192913, -0.8852676364535241, 0.5307573890939092]",28.607144713597204,1.3331795902732673
"[0.34046211159269457, 0.6544993187828657, -0.885267656975917, 0.5307580303726874]",28.607173360175228,1.333242422754664
"[0.3404549568936375, 0.6544986516873311, -0.8852676775873797, 0.5307586715789362]",28.607202007295452,1.3333052552360605
"[0.340447802374882, 0.6544979847148836, -0.8852676982853825, 0.5307593126336425]",28.607230654207346,1.3333680877174572
"[0.3404406483504388, 0.6544973178947743, -0.8852677190690067, 0.5307599535086933]",28.60725930353482,1.333430920198854
"[0.3404334938307012, 0.654496651134752, -0.8852677399411273, 0.5307605942927496]",28.607287958999017,1.3334937526802504
"[0.34042634017566126, 0.654495984561568, -0.8852677608977703, 0.5307612348639925]",28.60731661165205,1.3335565851616469
"[0.3404191859225036, 0.6544953180388886, -0.8852677819432183, 0.5307618753534404]",28.607345266833494,1.3336194176430436
"[0.3404120323771463, 0.6544946516883894, -0.8852678030736272, 0.530762515644165]",28.60737392197835,1.33368225012444
"[0.34040487846994844, 0.6544939854104176, -0.8852678242921518, 0.5307631558319215]",28.607402578826864,1.3337450826058368
"[0.3403977254205322, 0.6544933193185489, -0.885267845595166, 0.5307637958075815]",28.60743123973925,1.3338079150872335
"[0.3403905723957983, 0.6544926533351827, -0.8852678669851365, 0.5307644356457063]",28.60745990164963,1.33387074756863
"[0.3403834191881832, 0.654491987440998, -0.8852678884626861, 0.5307650753648524]",28.60748856487223,1.3339335800500267
"[0.34037626546377026, 0.6544913216049093, -0.8852679100288322, 0.5307657149948789]",28.607517228701816,1.3339964125314232
"[0.34036911267906733, 0.654490655962485, -0.8852679316791765, 0.530766354405549]",28.607545892252823,1.3340592450128197
"[0.34036195978765876, 0.6544899904163182, -0.8852679534168723, 0.5307669936904345]",28.607574560446555,1.3341220774942166
"[0.3403548072404711, 0.6544893250083601, -0.8852679752405446, 0.5307676328092377]",28.607603229815485,1.3341849099756131
"[0.3403476545733148, 0.6544886596954119, -0.8852679971516078, 0.5307682718034498]",28.60763190162084,1.3342477424570098
"[0.3403405021508246, 0.6544879945113901, -0.8852680191489424, 0.5307689106404926]",28.60766057580006,1.3343105749384063
"[0.34033334941924326, 0.6544873294047936, -0.8852680412342541, 0.5307695493698237]",28.60768924776359,1.3343734074198028
"[0.34032619746434783, 0.6544866644765698, -0.8852680634041822, 0.5307701878944989]",28.607717919512215,1.3344362399011995
"[0.3403190450735501, 0.6544859996139727, -0.88526808566248, 0.530770826322786]",28.607746601958528,1.3344990723825962
"[0.3403118933290973, 0.6544853349175974, -0.8852681080057772, 0.5307714645580884]",28.607775279040453,1.3345619048639927
"[0.340304741497697, 0.6544846703192737, -0.8852681304363546, 0.5307721026658624]",28.607803955782376,1.3346247373453894
"[0.3402975893915936, 0.654484005801564, -0.8852681529548084, 0.5307727406628442]",28.60783263624757,1.334687569826786
"[0.34029043800789194, 0.6544833414570883, -0.8852681755579923, 0.5307733784601116]",28.607861317856315,1.3347504023081824
"[0.3402832869185681, 0.654482677246068, -0.8852681982472411, 0.5307740160958557]",28.607890007429752,1.3348132347895791
"[0.3402761355179721, 0.6544820131122441, -0.8852682210244779, 0.530774653624082]",28.60791869119053,1.3348760672709759
"[0.3402689842941648, 0.6544813491009405, -0.8852682438881505, 0.5307752910012777]",28.607947378870545,1.3349388997523726
"[0.3402618329044516, 0.6544806851803355, -0.8852682668393563, 0.5307759282579848]",28.607976067910464,1.335001732233769
"[0.34025468225324557, 0.6544800214343791, -0.8852682898751822, 0.5307765653136248]",28.60800475999327,1.3350645647151655
"[0.34024753101822264, 0.654479357740316, -0.8852683129998867, 0.5307772022860165]",28.608033451465023,1.3351273971965623
"[0.3402403810057033, 0.6544786942657776, -0.8852683362076174, 0.5307778390142768]",28.608062142555877,1.3351902296779588
"[0.34023323024385976, 0.6544780308277787, -0.8852683595047665, 0.5307784756740141]",28.608090835595913,1.3352530621593555
"[0.34022607970487645, 0.6544773675165145, -0.8852683828881778, 0.5307791121786695]",28.608119535630884,1.3353158946407522
"[0.3402189290400914, 0.65447670429965, -0.8852684063589897, 0.5307797485592659]",28.60814823429189,1.3353787271221487
"[0.3402117794642279, 0.6544760412898194, -0.8852684299131987, 0.5307803847077306]",28.608176934189142,1.3354415596035454
"[0.34020462880757046, 0.6544753782858141, -0.8852684535579532, 0.5307810208171173]",28.608205639320772,1.3355043920849419
"[0.3401974791237762, 0.6544747154780474, -0.8852684772864657, 0.5307816567047328]",28.608234340645023,1.3355672245663384
"[0.34019032957848744, 0.6544740527891424, -0.8852685011014855, 0.5307822924448151]",28.60826304352313,1.335630057047735
"[0.34018317937773035, 0.6544733901455153, -0.8852685250056674, 0.5307829281079494]",28.608291748768647,1.3356928895291318
"[0.3401760302718027, 0.6544727277093616, -0.8852685489931529, 0.5307835635385434]",28.60832045502673,1.3357557220105283
"[0.3401688806882232, 0.6544720653349707, -0.8852685730692073, 0.5307841988763667]",28.60834916400021,1.335818554491925
"[0.34016173179412906, 0.6544714031304291, -0.885268597229898, 0.5307848340177498]",28.608377873861873,1.3358813869733215
"[0.3401545820045841, 0.6544707409489634, -0.8852686214805852, 0.5307854691034546]",28.60840658779241,1.3359442194547182
"[0.3401474333308137, 0.6544700789768174, -0.8852686458144442, 0.5307861039548609]",28.60843530137145,1.3360070519361147
"[0.340140284113339, 0.6544694170603135, -0.8852686702371144, 0.5307867387193492]",28.608464015125,1.3360698844175114
"[0.3401331356040053, 0.6544687553153462, -0.8852686947443174, 0.5307873732857771]",28.608492733384647,1.3361327168989081
"[0.34012598704665226, 0.6544680936719006, -0.8852687193386334, 0.5307880077212852]",28.608521450232086,1.3361955493803046
"[0.34011883806719906, 0.654467432095358, -0.8852687440213589, 0.5307886420590625]",28.60855016910404,1.336258381861701
"[0.3401116900122871, 0.6544667707103274, -0.8852687687878367, 0.53078927617963]",28.608578891083486,1.3363212143430978
"[0.340104542012401, 0.6544661094363311, -0.8852687936410617, 0.5307899101601515]",28.608607615422912,1.3363840468244945
"[0.3400973935512934, 0.6544654482256123, -0.8852688185828378, 0.530790544046407]",28.6086363392923,1.3364468793058912
"[0.340090245692666, 0.6544647871765599, -0.8852688436094512, 0.5307911777440703]",28.608665064663935,1.3365097117872877
"[0.3400830975346019, 0.6544641262057529, -0.8852688687240555, 0.530791811333109]",28.608693792951943,1.3365725442686842
"[0.34007595001331603, 0.6544634653997369, -0.8852688939233555, 0.5307924447305653]",28.608722520270902,1.336635376750081
"[0.34006880251251026, 0.654462804701533, -0.8852689192095132, 0.5307930779910522]",28.608751252262568,1.3366982092314774
"[0.3400616547737007, 0.6544621440872436, -0.8852689445834472, 0.5307937111374709]",28.60877998347656,1.3367610417128741
"[0.34005450715353913, 0.6544614835898305, -0.8852689700438948, 0.5307943441382269]",28.60880871635858,1.3368238741942708
"[0.34004736028472954, 0.6544608232677395, -0.8852689955885873, 0.5307949769373094]",28.608837451641225,1.3368867066756673
"[0.3400402127340285, 0.6544601629885449, -0.8852690212226467, 0.5307956096616216]",28.60886618885621,1.3369495391570638
"[0.3400330660259413, 0.654459502893068, -0.8852690469406037, 0.5307962421762176]",28.608894927195177,1.3370123716384605
"[0.34002591899749585, 0.6544588428738818, -0.8852690727466339, 0.5307968745840352]",28.608923666610472,1.337075204119857
"[0.3400187722811591, 0.6544581829893904, -0.8852690986384554, 0.5307975068291104]",28.608952410332428,1.3371380366012537
"[0.34001162542226593, 0.6544575231976058, -0.8852691246177122, 0.5307981389516707]",28.608981151845438,1.3372008690826505
"[0.3400044789942654, 0.6544568635514589, -0.885269150682316, 0.5307987709010029]",28.609009898187942,1.337263701564047
"[0.33999733318289027, 0.6544562040680678, -0.8852691768315708, 0.5307994026607125]",28.609038640307954,1.3373265340454437
"[0.3399901867269392, 0.6544555446310353, -0.8852692030700927, 0.5308000343422994]",28.609067387613667,1.3373893665268402
"[0.3399830406294918, 0.6544548853329225, -0.8852692293942057, 0.5308006658570928]",28.60909613709032,1.3374521990082366
"[0.33997589486926905, 0.6544542261717486, -0.8852692558039753, 0.5308012972069929]",28.609124887954923,1.3375150314896334
"[0.3399687487145744, 0.6544535670800163, -0.8852692823021084, 0.5308019284566436]",28.609153640413176,1.33757786397103
"[0.33996160306402207, 0.654452908140604, -0.8852693088852711, 0.530802559526666]",28.609182392608684,1.3376406964524268
"[0.3399544572327498, 0.6544522492903392, -0.8852693355560066, 0.5308031904775593]",28.609211149000714,1.3377035289338233
"[0.33994731172620457, 0.6544515905758197, -0.8852693623124259, 0.5308038212646977]",28.6092399065549,1.3377663614152198
"[0.3399401665533924, 0.6544509319978629, -0.885269389154485, 0.5308044518872981]",28.609268663784047,1.3378291938966165
"[0.339933021101376, 0.6544502734999743, -0.8852694160844848, 0.5308050823994535]",28.609297422865524,1.337892026378013
"[0.3399258763071645, 0.6544496151684761, -0.8852694430988891, 0.5308057127185132]",28.60932618322783,1.3379548588594097
"[0.3399187310245628, 0.654448956897772, -0.8852694702020285, 0.5308063429455734]",28.609354947233278,1.3380176913408064
"[0.3399115863914687, 0.6544482987926608, -0.8852694973895854, 0.5308069729803029]",28.609383708755377,1.3380805238222029
"[0.3399044419949609, 0.6544476408151063, -0.8852695246631149, 0.5308076028591143]",28.609412477532572,1.3381433563035996
"[0.33989729727446827, 0.6544469829134741, -0.8852695520247599, 0.5308082326314342]",28.60944124476147,1.338206188784996
"[0.339890152627722, 0.6544463251243907, -0.8852695794730018, 0.5308088622621971]",28.609470013593842,1.3382690212663928
"[0.33988300818275935, 0.654445667459635, -0.8852696070073452, 0.5308094917401267]",28.60949878226906,1.3383318537477895
"[0.3398758637868185, 0.6544450099051535, -0.8852696346283749, 0.5308101210786693]",28.609527553672077,1.338394686229186
"[0.3398687199859243, 0.654444352511133, -0.8852696623339686, 0.530810750229804]",28.60955632791285,1.3384575187105825
"[0.33986157577222553, 0.6544436951848714, -0.8852696901280328, 0.5308113792822368]",28.609585104657654,1.3385203511919792
"[0.33985443232138246, 0.6544430380345134, -0.8852697180059884, 0.5308120081324774]",28.609613881329253,1.3385831836733757
"[0.33984728817250465, 0.6544423809256619, -0.885269745973535, 0.5308126369091324]",28.609642658045942,1.3386460161547724
"[0.33984014480760594, 0.6544417239946229, -0.8852697740248712, 0.5308132654817705]",28.609671439806256,1.3387088486361691
"[0.3398330015071885, 0.6544410671752101, -0.8852698021628073, 0.5308138939137225]",28.6097002209992,1.3387716811175656
"[0.3398258578430898, 0.6544404104280575, -0.8852698303890362, 0.5308145222426488]",28.60972900152113,1.3388345135989623
"[0.3398187148564957, 0.654439753848876, -0.8852698586994389, 0.5308151503769779]",28.609757781553878,1.3388973460803588
"[0.33981157210875607, 0.654439097397322, -0.8852698870957376, 0.5308157783553089]",28.609786571678306,1.3389601785617553
"[0.3398044287062696, 0.6544384409912878, -0.8852699155814939, 0.5308164062561792]",28.60981535918661,1.339023011043152
"[0.3397972863195326, 0.6544377847842385, -0.88526994415004, 0.5308170339327934]",28.609844145982585,1.3390858435245487
"[0.3397901429555246, 0.6544371285930646, -0.8852699728093486, 0.5308176615602959]",28.609872938311977,1.3391486760059452
"[0.33978300072488166, 0.6544364726116656, -0.8852700015509485, 0.5308182889532199]",28.6099017296026,1.339211508487342
"[0.33977585835225843, 0.65443581672287, -0.8852700303799554, 0.5308189162236374]",28.609930523182598,1.3392743409687384
"[0.3397687158648385, 0.654435160929177, -0.8852700592962649, 0.5308195433691528]",28.609959317460362,1.3393371734501351
"[0.33976157397278917, 0.6544345052957785, -0.8852700882969936, 0.5308201703274217]",28.609988114459327,1.3394000059315316
"[0.33975443138904693, 0.6544338497045206, -0.8852701173873706, 0.5308207972114267]",28.610016914029732,1.3394628384129283
"[0.3397472899633531, 0.6544331943251682, -0.8852701465598545, 0.5308214238588371]",28.610045714960993,1.339525670894325
"[0.3397401481698874, 0.6544325390176845, -0.8852701758206641, 0.5308220504035502]",28.610074512100507,1.3395885033757216
"[0.33973300629821346, 0.6544318838086275, -0.8852702051686226, 0.5308226768201717]",28.610103317464404,1.339651335857118
"[0.3397258643793726, 0.6544312287008549, -0.8852702346036054, 0.5308233031059627]",28.61013212090709,1.3397141683385148
"[0.3397187234777554, 0.6544305737919741, -0.8852702641212086, 0.5308239291676139]",28.610160928090004,1.3397770008199112
"[0.33971158206490126, 0.6544299189417982, -0.8852702937277415, 0.5308245551391363]",28.610189735883974,1.339839833301308
"[0.3397044411598558, 0.6544292642437676, -0.8852703234189805, 0.5308251809312076]",28.61021854231555,1.3399026657827047
"[0.339697299292392, 0.6544286095630851, -0.8852703532010475, 0.5308258066726684]",28.610247353110037,1.3399654982641012
"[0.33969015901491584, 0.6544279551337178, -0.8852703830632888, 0.530826432139893]",28.610276164585287,1.3400283307454979
"[0.3396830180213324, 0.6544273007443052, -0.8852704130153322, 0.5308270575348861]",28.61030497907089,1.3400911632268944
"[0.33967587724389603, 0.6544266464802095, -0.8852704430532797, 0.5308276827760774]",28.610333791956517,1.3401539957082909
"[0.3396687368663398, 0.6544259923583304, -0.8852704731763462, 0.5308283078472998]",28.610362606727314,1.3402168281896878
"[0.33966159623828923, 0.6544253383190383, -0.8852705033872739, 0.5308289328055423]",28.610391429062734,1.3402796606710843
"[0.33965445619951856, 0.6544246844392613, -0.8852705336825045, 0.5308295575772914]",28.61042024832232,1.3403424931524808
"[0.3396473160150573, 0.6544240306516669, -0.8852705640651491, 0.530830182226885]",28.610449069172176,1.3404053256338775
"[0.33964017580824496, 0.6544233769675554, -0.8852705945346867, 0.5308308067435207]",28.61047789162771,1.340468158115274
"[0.339633035780451, 0.6544227234053565, -0.8852706250902558, 0.5308314311095884]",28.610506715626183,1.3405309905966707
"[0.3396258959893025, 0.6544220699703255, -0.8852706557316032, 0.530832055320069]",28.610535542258845,1.3405938230780674
"[0.33961875646803236, 0.6544214166654968, -0.8852706864585779, 0.5308326793720629]",28.610564368719572,1.340656655559464
"[0.339611616722488, 0.6544207634456475, -0.8852707172733059, 0.5308333033087652]",28.610593197133696,1.3407194880408606
"[0.33960447763023693, 0.6544201103910547, -0.8852707481719931, 0.530833927053497]",28.610622026678655,1.340782320522257
"[0.3395973386513389, 0.6544194574523072, -0.8852707791569633, 0.5308345506534539]",28.610650859181288,1.3408451530036536
"[0.33959019891383113, 0.6544188045496605, -0.8852708102320133, 0.5308351741847906]",28.610679692518225,1.3409079854850503
"[0.3395830604398074, 0.6544181518680208, -0.8852708413883339, 0.530835797470918]",28.61070852654881,1.340970817966447
"[0.3395759213943724, 0.6544174992395999, -0.8852708726339211, 0.5308364206720692]",28.61073736042961,1.3410336504478437
"[0.3395687824906166, 0.6544168467295937, -0.8852709039656634, 0.5308370437259818]",28.610766201476192,1.3410964829292402
"[0.3395616441303488, 0.6544161943747094, -0.8852709353817849, 0.5308376665976071]",28.610795039015155,1.3411593154106367
"[0.3395545049092148, 0.6544155420466111, -0.8852709668884734, 0.5308382894094755]",28.61082388115801,1.3412221478920334
"[0.33954736667043744, 0.6544148899137147, -0.8852709984775919, 0.530838912000789]",28.61085272227331,1.34128498037343
"[0.33954022855684096, 0.6544142378976802, -0.8852710301529153, 0.530839534446343]",28.610881569243563,1.3413478128548266
"[0.3395330902049473, 0.6544135859653099, -0.8852710619160589, 0.5308401567778257]",28.61091041537441,1.3414106453362233
"[0.33952595274731556, 0.6544129342200177, -0.8852710937619724, 0.5308407788965199]",28.610939258432744,1.3414734778176198
"[0.33951881434696835, 0.6544122824940631, -0.8852711256988524, 0.5308414009625378]",28.610968107349862,1.3415363102990165
"[0.339511676724335, 0.6544116309445197, -0.8852711577190071, 0.5308420228259497]",28.610996958189293,1.341599142780413
"[0.33950453882365994, 0.6544109794750043, -0.8852711898271638, 0.5308426445787457]",28.611025810096645,1.3416619752618095
"[0.3394974011566621, 0.6544103281322141, -0.8852712220210217, 0.530843266176357]",28.611054664804527,1.3417248077432062
"[0.3394902643231351, 0.6544096769708438, -0.8852712542978578, 0.5308438875665934]",28.611083517359845,1.341787640224603
"[0.3394831267506916, 0.6544090258474481, -0.8852712866647815, 0.5308445088863346]",28.611112376048116,1.3418504727059994
"[0.33947598988405026, 0.6544083748938078, -0.8852713191152428, 0.53084513000983]",28.611141233358325,1.3419133051873962
"[0.33946885291743434, 0.6544077240364131, -0.8852713516528957, 0.5308457510072218]",28.611170091709226,1.3419761376687926
"[0.33946171595729013, 0.6544070732849704, -0.8852713842772567, 0.5308463718692449]",28.61119895453797,1.3420389701501894
"[0.33945457947893953, 0.6544064226828075, -0.8852714169861454, 0.5308469925545616]",28.611227814207375,1.3421018026315858
"[0.3394474430265515, 0.6544057721883504, -0.8852714497816426, 0.5308476131028349]",28.611256678925894,1.3421646351129826
"[0.33944030604425685, 0.6544051217509448, -0.885271482666312, 0.5308482335623794]",28.61128554457987,1.3422274675943793
"[0.3394331695513722, 0.6544044714634838, -0.8852715156354595, 0.5308488538445799]",28.61131441058081,1.3422903000757758
"[0.3394260333979149, 0.6544038213122736, -0.8852715486897627, 0.5308494739625028]",28.611343282235183,1.3423531325571723
"[0.3394188968915781, 0.6544031712342542, -0.8852715818324292, 0.5308500939762874]",28.611372150552203,1.342415965038569
"[0.3394117615654863, 0.6544025213690278, -0.885271615056326, 0.5308507137527975]",28.611401022833352,1.3424787975199657
"[0.3394046252562492, 0.654401871519584, -0.8852716483715223, 0.5308513334799134]",28.611429897395954,1.3425416300013622
"[0.3393974894748345, 0.65440122182351, -0.8852716817709736, 0.5308519530264209]",28.61145876887878,1.3426044624827589
"[0.33939035397642753, 0.6544005722584977, -0.8852717152558122, 0.5308525724135952]",28.61148764799264,1.3426672949641554
"[0.33938321823603196, 0.6543999227767473, -0.8852717488285007, 0.5308531916870134]",28.61151652584469,1.342730127445552
"[0.33937608315191403, 0.6543992734600088, -0.8852717824848076, 0.5308538107687264]",28.611545402829655,1.3427929599269486
"[0.33936894736277357, 0.6543986241843969, -0.8852718162311547, 0.5308544297768469]",28.611574284598657,1.3428557924083453
"[0.3393618129077867, 0.6543979751354381, -0.8852718500578877, 0.5308550485344997]",28.611603167197448,1.342918624889742
"[0.33935467767414207, 0.6543973261209016, -0.8852718839750153, 0.5308556672249439]",28.611632054317983,1.3429814573711385
"[0.33934754294643404, 0.6543966772576438, -0.8852719179764369, 0.5308562857367768]",28.611660936005432,1.343044289852535
"[0.3393404079967405, 0.6543960284794466, -0.8852719520656162, 0.5308569041331208]",28.61168982137398,1.3431071223339317
"[0.3393332734420964, 0.654395379842417, -0.8852719862396037, 0.5308575223604912]",28.61171870859696,1.3431699548153282
"[0.3393261392683089, 0.6543947313452423, -0.8852720204984535, 0.5308581404201426]",28.611747600464028,1.343232787296725
"[0.33931900473743476, 0.6543940829208392, -0.8852720548457096, 0.5308587583760066]",28.611776492836977,1.3432956197781216
"[0.33931187032064486, 0.6543934346120356, -0.885272089279109, 0.530859376187262]",28.611805387205443,1.343358452259518
"[0.33930473588437027, 0.654392786406685, -0.8852721237992955, 0.5308599938654823]",28.61183428030146,1.3434212847409148
"[0.3392976019462733, 0.6543921383518094, -0.8852721584037557, 0.5308606113658594]",28.611863177194316,1.3434841172223113
"[0.33929046888243447, 0.6543914904815407, -0.8852721930906423, 0.5308612286558773]",28.6118920762298,1.3435469497037078
"[0.3392833347307968, 0.6543908426176702, -0.8852722278695, 0.5308618459053284]",28.611920971890815,1.3436097821851045
"[0.33927620103319905, 0.6543901949002289, -0.8852722627328252, 0.5308624629807908]",28.611949877744518,1.3436726146665012
"[0.339269067690794, 0.6543895473202201, -0.8852722976810866, 0.5308630798908376]",28.61197877606475,1.343735447147898
"[0.33926193420975154, 0.654388899832806, -0.8852723327167008, 0.5308636966781821]",28.6120076825004,1.3437982796292944
"[0.3392548010598291, 0.6543882524806174, -0.8852723678373573, 0.530864313302213]",28.612036583590324,1.343861112110691
"[0.3392476676908019, 0.654387605213716, -0.8852724030457645, 0.530864929810494]",28.61206549370877,1.3439239445920876
"[0.3392405349380026, 0.6543869581078854, -0.8852724383377929, 0.530865546130844]",28.61209440067073,1.3439867770734841
"[0.33923340164730975, 0.6543863110584143, -0.8852724737191519, 0.5308661623629896]",28.612123309807412,1.3440496095548808
"[0.3392262689814386, 0.6543856641707687, -0.8852725091840733, 0.5308667784064849]",28.61215221980256,1.3441124420362776
"[0.3392191366137102, 0.6543850174152968, -0.8852725447341661, 0.5308673942895711]",28.612181133852538,1.344175274517674
"[0.33921200411010616, 0.6543843707526348, -0.8852725803715911, 0.5308680100497313]",28.61221005053539,1.3442381069990705
"[0.3392048718335999, 0.6543837242156879, -0.8852726160945336, 0.5308686256556296]",28.612238965458566,1.3443009394804672
"[0.3391977395113421, 0.6543830777797156, -0.8852726519043573, 0.5308692411308213]",28.61226788252237,1.3443637719618637
"[0.33919060725797157, 0.6543824314551046, -0.8852726878004877, 0.530869856465414]",28.61229680441307,1.3444266044432607
"[0.3391834755329572, 0.6543817852834767, -0.8852727237806017, 0.5308704716197822]",28.612325721716697,1.3444894369246572
"[0.339176343471524, 0.6543811391864682, -0.8852727598490595, 0.5308710866685264]",28.6123546452169,1.3445522694060537
"[0.3391692122860983, 0.6543804932739024, -0.885272795999721, 0.5308717015071016]",28.612383567023393,1.3446151018874504
"[0.33916208003750387, 0.6543798473701375, -0.8852728322424197, 0.5308723163026946]",28.612412495359447,1.3446779343688469
"[0.33915494857740397, 0.6543792016428648, -0.8852728685677528, 0.5308729308956852]",28.61244142103021,1.3447407668502436
"[0.33914781789217047, 0.6543785560908141, -0.8852729049757619, 0.5308735452872907]",28.61247034863758,1.3448035993316403
"[0.33914068640135053, 0.6543779105709008, -0.8852729414745177, 0.5308741596136856]",28.61249927829273,1.3448664318130368
"[0.33913355482379076, 0.654377265148212, -0.885272978060358, 0.5308747738129174]",28.612528207682857,1.3449292642944335
"[0.33912642393444725, 0.6543766198928875, -0.885273014729297, 0.5308753878182362]",28.6125571437291,1.34499209677583
"[0.3391192931405584, 0.6543759747511998, -0.8852730514843702, 0.530876001680785]",28.61258607872136,1.3450549292572265
"[0.33911216272365735, 0.6543753297486785, -0.8852730883241171, 0.530876615376257]",28.61261501231896,1.3451177617386232
"[0.33910503223012656, 0.6543746848442569, -0.8852731252508776, 0.5308772289437284]",28.612643949999555,1.34518059422002
"[0.3390979010437304, 0.6543740399822147, -0.8852731622678577, 0.5308778424362043]",28.612672889446007,1.3452434267014164
"[0.33909077114103975, 0.6543733953412755, -0.885273199364787, 0.5308784556836554]",28.612701830504303,1.345306259182813
"[0.33908364086813614, 0.654372750771876, -0.8852732365502547, 0.5308790688283654]",28.612730773017628,1.3453690916642096
"[0.3390765108559084, 0.6543721063310532, -0.8852732738209735, 0.5308796818160729]",28.612759714191178,1.3454319241456063
"[0.33906938074013104, 0.6543714619858733, -0.8852733111788459, 0.5308802946781035]",28.61278866153885,1.3454947566270028
"[0.3390622508667768, 0.6543708177676012, -0.8852733486220568, 0.5308809073847167]",28.612817605919496,1.3455575891083995
"[0.33905512100457386, 0.6543701736553318, -0.8852733861518165, 0.5308815199557935]",28.612846555189726,1.3456204215897962
"[0.33904799202844743, 0.654369529728081, -0.885273423763504, 0.5308821323161907]",28.61287550602073,1.3456832540711927
"[0.33904086222742075, 0.6543688858313048, -0.8852734614661475, 0.5308827446128723]",28.61290445398466,1.3457460865525892
"[0.3390337325999118, 0.6543682420551737, -0.8852734992544775, 0.5308833567600878]",28.61293340915488,1.345808919033986
"[0.33902660336413387, 0.6543675984193835, -0.8852735371273295, 0.5308839687391075]",28.612962362569743,1.3458717515153824
"[0.3390194745219631, 0.6543669549241092, -0.8852735750846792, 0.5308845805497612]",28.612991318149227,1.3459345839967791
"[0.33901234551696496, 0.6543663115190347, -0.8852736131294869, 0.5308851922399049]",28.61302027408889,1.3459974164781758
"[0.33900521629298697, 0.6543656681991759, -0.8852736512620588, 0.5308858038142528]",28.613049235524212,1.3460602489595723
"[0.3389980879163997, 0.654365025060739, -0.8852736894766805, 0.5308864151813488]",28.613078196539316,1.346123081440969
"[0.33899095960076764, 0.6543643820326845, -0.885273727777553, 0.5308870264087393]",28.613107157628068,1.3461859139223655
"[0.3389838307390637, 0.6543637390603229, -0.8852737661679465, 0.5308876375483899]",28.613136118481158,1.346248746403762
"[0.33897670298205873, 0.654363096292507, -0.8852738046389627, 0.5308882484588214]",28.61316508678822,1.3463115788851587
"[0.33896957421307294, 0.6543624535383533, -0.8852738432020242, 0.5308888593214546]",28.613194052285024,1.3463744113665554
"[0.3389624462859681, 0.6543618109650139, -0.8852738818471073, 0.5308894699774259]",28.613223023454253,1.346437243847952
"[0.33895531828477155, 0.6543611684899074, -0.8852739205791639, 0.5308900805052148]",28.613251987825123,1.3465000763293486
"[0.3389481904237089, 0.6543605261323018, -0.8852739593970306, 0.5308906908865169]",28.61328095893152,1.3465629088107451
"[0.3389410627703833, 0.6543598838983259, -0.8852739983003323, 0.5308913011154965]",28.61330993386428,1.3466257412921419
"[0.3389339349927608, 0.6543592417580147, -0.8852740372908814, 0.5308919112206331]",28.613338908203612,1.3466885737735386
"[0.3389268077137245, 0.6543585997675021, -0.8852740763652641, 0.5308925211485854]",28.613367881363388,1.346751406254935
"[0.3389196804226725, 0.6543579578807772, -0.885274115526272, 0.5308931309430673]",28.613396859986302,1.3468142387363318
"[0.3389125530351203, 0.6543573160902192, -0.8852741547743715, 0.5308937406113182]",28.61342583941829,1.3468770712177283
"[0.33890542616749625, 0.6543566744513345, -0.8852741941061616, 0.5308943501006064]",28.613454819148338,1.3469399036991248
"[0.3388982992369674, 0.6543560329116278, -0.885274233524851, 0.5308949594607989]",28.61348380045203,1.3470027361805215
"[0.33889117237718913, 0.6543553914831357, -0.8852742730297011, 0.5308955686804582]",28.61351278579041,1.3470655686619182
"[0.33888404548537987, 0.6543547501565998, -0.8852743126212813, 0.5308961777683749]",28.61354176841908,1.347128401143315
"[0.3388769190709686, 0.6543541089778546, -0.8852743522967547, 0.5308967866810183]",28.613570752747865,1.3471912336247114
"[0.3388697919974023, 0.6543534678446349, -0.8852743920624528, 0.5308973955155037]",28.613599739559156,1.3472540661061079
"[0.33886266589416236, 0.654352826903519, -0.8852744319092786, 0.5308980041326354]",28.613628730725058,1.3473168985875046
"[0.3388555400127299, 0.6543521860871493, -0.8852744718413973, 0.530898612596381]",28.613657723533628,1.347379731068901
"[0.3388484136487408, 0.6543515453321984, -0.8852745118627608, 0.5308992209668626]",28.613686716719318,1.3474425635502978
"[0.3388412879293047, 0.6543509047399916, -0.8852745519670379, 0.5308998291478756]",28.61371570955902,1.3475053960316945
"[0.33883416179543646, 0.6543502642153257, -0.8852745921601842, 0.5309004372298043]",28.613744703782842,1.347568228513091
"[0.33882703587757784, 0.6543496238148626, -0.8852746324386488, 0.5309010451588523]",28.613773700333088,1.3476310609944875
"[0.3388199105977821, 0.6543489835765194, -0.8852746728000309, 0.5309016528990268]",28.61380270138249,1.3476938934758842
"[0.338812785045343, 0.6543483434184431, -0.885274713249484, 0.5309022605280279]",28.613831700204177,1.3477567259572807
"[0.33880565987570554, 0.6543477033995225, -0.8852747537832852, 0.530902867989954]",28.613860702310653,1.3478195584386774
"[0.33879853495791645, 0.6543470635079746, -0.8852747944021692, 0.5309034752959919]",28.613889705846766,1.3478823909200741
"[0.3387914099556989, 0.6543464237135926, -0.8852748351080506, 0.5309040824748067]",28.613918709050868,1.3479452234014706
"[0.33878428427820534, 0.6543457839633336, -0.8852748759043193, 0.5309046895767292]",28.613947713608137,1.3480080558828673
"[0.3387771594735818, 0.6543451443961861, -0.885274916782109, 0.5309052964698621]",28.613976721297,1.3480708883642638
"[0.3387700348725947, 0.6543445049520488, -0.8852749577452412, 0.5309059032112401]",28.614005734386875,1.3481337208456603
"[0.3387629104348388, 0.6543438656272822, -0.8852749987939414, 0.5309065098043168]",28.61403474080705,1.348196553327057
"[0.3387557857524547, 0.6543432263852882, -0.8852750399305624, 0.5309071162838117]",28.614063752859543,1.3482593858084537
"[0.338748661478807, 0.6543425872846819, -0.8852750811513286, 0.5309077225941126]",28.614092770677857,1.3483222182898504
"[0.33874153776216703, 0.6543419483387355, -0.8852751224553658, 0.5309083287226324]",28.6141217842252,1.348385050771247
"[0.338734412814963, 0.6543413093871353, -0.8852751638530517, 0.5309089348214412]",28.61415079820892,1.3484478832526434
"[0.3387272895936981, 0.6543406706949964, -0.8852752053271998, 0.5309095406390568]",28.61417982160663,1.3485107157340401
"[0.33872016546727624, 0.6543400320263856, -0.8852752468931148, 0.5309101463992708]",28.614208837686082,1.3485735482154368
"[0.33871304175196254, 0.6543393934993148, -0.8852752885431271, 0.5309107519901448]",28.614237862066293,1.3486363806968333
"[0.3387059181122876, 0.6543387550836995, -0.8852753302791901, 0.5309113574402119]",28.614266884916848,1.34869921317823
"[0.3386987941565294, 0.6543381167444376, -0.8852753721036032, 0.5309119627827569]",28.61429590860928,1.3487620456596265
"[0.3386916712768454, 0.6543374786062571, -0.8852754140081806, 0.5309125678995]",28.61432493429047,1.3488248781410233
"[0.3386845480436642, 0.6543368405410486, -0.8852754560013201, 0.5309131729119274]",28.614353962781166,1.3488877106224197
"[0.3386774249879605, 0.6543362025963967, -0.885275498079895, 0.5309137777749093]",28.614382989665177,1.3489505431038165
"[0.3386703017961968, 0.6543355647442073, -0.8852755402457576, 0.5309143825150826]",28.614412020497987,1.3490133755852132
"[0.33866317933504475, 0.6543349270620546, -0.8852755824937683, 0.5309149870589052]",28.61444105482695,1.3490762080666097
"[0.3386560564712925, 0.6543342894484971, -0.8852756248306424, 0.53091559150254]",28.614470088548114,1.3491390405480062
"[0.33864893388767153, 0.6543336519646411, -0.8852756672523254, 0.5309161957880574]",28.614499124392765,1.3492018730294029
"[0.3386418112322626, 0.6543330145789807, -0.8852757097609106, 0.5309167999453205]",28.614528158718016,1.3492647055107994
"[0.33863468893802795, 0.6543323773302528, -0.885275752353809, 0.5309174039376114]",28.61455719803629,1.349327537992196
"[0.33862756656962034, 0.6543317401794996, -0.8852757950336194, 0.5309180078018528]",28.61458623745592,1.3493903704735928
"[0.338620444864991, 0.6543311031927066, -0.8852758377959106, 0.5309186114755097]",28.614615281494434,1.3494532029549893
"[0.3386133224628003, 0.6543304662481259, -0.8852758806488573, 0.5309192150739566]",28.61464432132562,1.349516035436386
"[0.33860620078308074, 0.6543298294727381, -0.8852759235839159, 0.5309198184768585]",28.61467336648538,1.3495788679177825
"[0.338599079318327, 0.6543291928211438, -0.8852759666041304, 0.5309204217272394]",28.61470241227384,1.349641700399179
"[0.33859195759313293, 0.6543285562508399, -0.8852760097123732, 0.530921024865369]",28.614731460215495,1.3497045328805757
"[0.33858483588850785, 0.6543279197869455, -0.8852760529069496, 0.5309216278674415]",28.614760507109274,1.3497673653619724
"[0.33857771459172753, 0.6543272834640604, -0.8852760961855026, 0.5309222307006771]",28.61478956046676,1.3498301978433689
"[0.3385705929885917, 0.6543266472184036, -0.8852761395523713, 0.5309228334254874]",28.61481861103836,1.3498930303247656
"[0.3385634722307613, 0.6543260111527254, -0.8852761830005357, 0.5309234359445644]",28.614847665958155,1.349955862806162
"[0.338556351396609, 0.6543253751848113, -0.8852762265356037, 0.5309240383357601]",28.614876718495108,1.3500186952875588
"[0.33854923050793534, 0.6543247393165522, -0.8852762701574458, 0.5309246405972909]",28.614905778129994,1.3500815277689553
"[0.3385421098828802, 0.6543241035763608, -0.8852763138641099, 0.5309252427022425]",28.614934834641602,1.350144360250352
"[0.33853498945422267, 0.654323467958223, -0.8852763576560013, 0.5309258446563101]",28.61496389436461,1.3502071927317487
"[0.3385278685462058, 0.6543228324018173, -0.885276401537282, 0.5309264465166157]",28.614992952706416,1.3502700252131452
"[0.33852074833468526, 0.6543221970120826, -0.8852764455007021, 0.5309270481837828]",28.6150220184773,1.3503328576945417
"[0.3385136279798798, 0.6543215617140673, -0.8852764895514376, 0.530927649728785]",28.615051082906902,1.3503956901759384
"[0.33850650772378865, 0.6543209265293576, -0.885276533687993, 0.5309282511311801]",28.615080148023274,1.350458522657335
"[0.33849938805972485, 0.6543202915019437, -0.8852765779072992, 0.5309288523493195]",28.615109212555325,1.3505213551387318
"[0.33849226838812857, 0.6543196565783362, -0.885276622213069, 0.5309294534338448]",28.615138283445045,1.3505841876201283
"[0.3384851487193411, 0.6543190217594518, -0.8852766666052393, 0.5309300543838853]",28.615167356723504,1.3506470201015248
"[0.33847802852277814, 0.6543183869979912, -0.8852767110871286, 0.53093065524421]",28.615196426420674,1.3507098525829215
"[0.33847090909513533, 0.6543177524095465, -0.8852767556506326, 0.5309312559053985]",28.615225498834704,1.350772685064318
"[0.3384637897275419, 0.6543171179309115, -0.8852768003001739, 0.5309318564272804]",28.615254573399497,1.3508355175457147
"[0.3384566702799883, 0.654316483549606, -0.8852768450366313, 0.5309324568216643]",28.61528364837769,1.3508983500271114
"[0.33844955145178107, 0.654315849327944, -0.8852768898556018, 0.5309330570295724]",28.61531272884492,1.350961182508508
"[0.3384424325207886, 0.6543152152015386, -0.8852769347616233, 0.530933657111947]",28.61534180624105,1.3510240149899047
"[0.33843531404352073, 0.6543145812199619, -0.8852769797511794, 0.5309342570218746]",28.615370887812045,1.3510868474713011
"[0.3384281945637934, 0.6543139472535804, -0.8852770248334838, 0.5309348568820033]",28.615399970347372,1.3511496799526976
"[0.3384210766281674, 0.654313313529069, -0.8852770699924029, 0.5309354564778705]",28.615429052919215,1.3512125124340943
"[0.33841395771239247, 0.6543126798217261, -0.8852771152439406, 0.5309360560220657]",28.615458138665264,1.351275344915491
"[0.33840683941945815, 0.6543120462742193, -0.8852771605779161, 0.5309366553796139]",28.615487226144666,1.3513381773968876
"[0.338399720964948, 0.654311412816764, -0.8852772059993158, 0.5309372546165235]",28.61551631488128,1.3514010098782843
"[0.3383926030218175, 0.6543107795091746, -0.8852772515038413, 0.5309378536762247]",28.615545402048884,1.3514638423596808
"[0.33838548482307457, 0.6543101462832508, -0.8852772970963915, 0.5309384526232166]",28.615574494837286,1.3515266748410772
"[0.3383783672846259, 0.6543095132204361, -0.8852773427710935, 0.5309390513804698]",28.615603588920475,1.351589507322474
"[0.3383712496628039, 0.6543088802545769, -0.8852773885327094, 0.5309396500105524]",28.615632685585,1.3516523398038707
"[0.33836413164629264, 0.6543082473579943, -0.8852774343832504, 0.5309402485396356]",28.615661780242114,1.3517151722852674
"[0.3383570137410942, 0.6543076145756822, -0.8852774803194627, 0.530940846925163]",28.615690876833344,1.3517780047666639
"[0.3383498967534285, 0.6543069819792884, -0.885277526336126, 0.5309414450993857]",28.615719976815736,1.3518408372480604
"[0.3383427794774569, 0.6543063494616149, -0.8852775724410255, 0.5309420431636701]",28.615749079288022,1.351903669729457
"[0.33833566248292035, 0.6543057170732927, -0.8852776186304718, 0.5309426410701402]",28.61577817770899,1.3519665022108536
"[0.3383285455050047, 0.6543050847907862, -0.885277664906178, 0.530943238841046]",28.615807283302196,1.3520293346922503
"[0.3383214288728078, 0.6543044526433124, -0.8852777112659993, 0.5309438364487664]",28.615836391005512,1.352092167173647
"[0.3383143120586063, 0.6543038205839923, -0.8852777577133707, 0.5309444339376166]",28.61586549628947,1.3521549996550435
"[0.33830719539200593, 0.6543031886421027, -0.8852778042461424, 0.5309450312799163]",28.615894605472313,1.3522178321364402
"[0.33830007906818144, 0.6543025568349554, -0.8852778508630301, 0.5309456284593026]",28.615923715375537,1.3522806646178367
"[0.3382929624942346, 0.6543019251099104, -0.8852778975679171, 0.5309462255255284]",28.615952824776432,1.3523434970992332
"[0.3382858465710611, 0.6543012935469242, -0.8852779443548832, 0.5309468224030224]",28.61598193831275,1.35240632958063
"[0.3382787298693046, 0.6543006620191381, -0.8852779912333306, 0.5309474192116729]",28.616011051799315,1.3524691620620266
"[0.3382716140773801, 0.6543000306763903, -0.8852780381921352, 0.5309480158098726]",28.61604017073933,1.352531994543423
"[0.3382644975011098, 0.6542993993683126, -0.8852780852424766, 0.5309486123397235]",28.616069284698852,1.3525948270248198
"[0.3382573824854958, 0.6542987683029553, -0.8852781323688368, 0.5309492086046286]",28.61609840598954,1.3526576595062163
"[0.3382502667583178, 0.6542981372787482, -0.8852781795862512, 0.5309498047950484]",28.616127528880508,1.352720491987613
"[0.3382431514744025, 0.6542975063981061, -0.8852782268870623, 0.5309504008142168]",28.616156647884903,1.3527833244690097
"[0.33823603589709705, 0.6542968755957054, -0.8852782742761655, 0.5309509967238449]",28.616185773311507,1.3528461569504062
"[0.3382289198167787, 0.6542962448529793, -0.8852783217549725, 0.5309515925414635]",28.616214893826346,1.352908989431803
"[0.33822180548202113, 0.6542956143692072, -0.8852783693084575, 0.5309521880788325]",28.616244024686377,1.3529718219131994
"[0.33821469056393316, 0.6542949839379544, -0.885278416952168, 0.5309527835309539]",28.616273149795717,1.353034654394596
"[0.3382075757274403, 0.6542943536181604, -0.8852784646816606, 0.5309533788421477]",28.61630228232974,1.3530974868759926
"[0.3382004602075833, 0.6542937233420647, -0.8852785125020788, 0.5309539740764028]",28.616331411561152,1.3531603193573893
"[0.3381933458256588, 0.654293093271004, -0.8852785604011745, 0.5309545690813484]",28.61636054326106,1.3532231518387858
"[0.33818623161581945, 0.6542924633193344, -0.8852786083854287, 0.530955163937885]",28.616389678438605,1.3532859843201825
"[0.3381791172021439, 0.6542918334538398, -0.885278656457377, 0.5309557586773578]",28.616418813446412,1.353348816801579
"[0.3381720027715051, 0.6542912036910505, -0.8852787046157614, 0.530956353284157]",28.616447953653804,1.3534116492829757
"[0.3381648886826323, 0.6542905740626889, -0.8852787528581492, 0.5309569477283357]",28.61647709072253,1.3534744817643722
"[0.3381577746898721, 0.6542899445470222, -0.8852788011861981, 0.530957542030407]",28.616506232000816,1.353537314245769
"[0.33815066081576534, 0.6542893151460337, -0.8852788495997519, 0.5309581361884983]",28.616535371865236,1.3536001467271657
"[0.3381435469819041, 0.6542886858527743, -0.8852788980993425, 0.5309587302091684]",28.616564516975718,1.3536629792085622
"[0.33813643321607195, 0.6542880566697004, -0.8852789466847788, 0.530959324090095]",28.616593660903682,1.3537258116899586
"[0.3381293201258239, 0.6542874276505289, -0.8852789953518988, 0.5309599177805779]",28.616622807831693,1.3537886441713554
"[0.33812220668354254, 0.6542867987043754, -0.885279044107728, 0.5309605113663962]",28.616651958478908,1.3538514766527519
"[0.3381150929192351, 0.6542861698339055, -0.8852790929520737, 0.5309611048450259]",28.616681105801106,1.3539143091341486
"[0.3381079794260985, 0.6542855410915569, -0.8852791418808645, 0.5309616981669762]",28.61671025628809,1.3539771416155453
"[0.338100865994174, 0.6542849124587665, -0.8852791908955393, 0.5309622913497637]",28.616739408096706,1.3540399740969418
"[0.3380937540828266, 0.6542842840644519, -0.8852792399860141, 0.5309628842717511]",28.616768562324296,1.3541028065783385
"[0.3380866412436736, 0.6542836556922765, -0.8852792891691795, 0.5309634771370618]",28.616797718965604,1.354165639059735
"[0.338079528439917, 0.6542830274273455, -0.8852793384383916, 0.5309640698653905]",28.61682687245909,1.3542284715411315
"[0.33807241607072064, 0.654282399304904, -0.8852793877908777, 0.5309646624234857]",28.616856035844183,1.3542913040225282
"[0.3380653033862495, 0.6542817712587203, -0.8852794372318398, 0.5309652548738275]",28.61688519476256,1.3543541365039249
"[0.3380581914582895, 0.6542811433834267, -0.8852794867538202, 0.5309658471271461]",28.616914353542594,1.3544169689853216
"[0.33805107914505644, 0.6542805155782097, -0.8852795363647633, 0.530966439278535]",28.61694352111768,1.354479801466718
"[0.3380439667600891, 0.6542798878707727, -0.8852795860624905, 0.5309670313018524]",28.61697268617957,1.3545426339481146
"[0.3380368550828737, 0.6542792603298221, -0.8852796358415458, 0.5309676231323162]",28.617001850969018,1.3546054664295113
"[0.3380297433476232, 0.6542786328878406, -0.8852796857072771, 0.5309682148335857]",28.617031016387855,1.3546682989109078
"[0.3380226314968925, 0.6542780055397381, -0.8852797356600915, 0.530968806410462]",28.617060184914838,1.3547311313923045
"[0.3380155200181908, 0.6542773783285086, -0.8852797856965604, 0.5309693978224018]",28.617089356522342,1.3547939638737012
"[0.33800840818861366, 0.6542767511903904, -0.8852798358217707, 0.530969989129524]",28.617118528939812,1.3548567963550977
"[0.3380012970903274, 0.6542761242208018, -0.8852798860280888, 0.5309705802418615]",28.617147702828508,1.3549196288364944
"[0.33799418617805443, 0.6542754973716431, -0.8852799363193491, 0.530971171204767]",28.617176877318055,1.354982461317891
"[0.3379870749078956, 0.6542748705949702, -0.885279986699401, 0.5309717620634352]",28.61720605559641,1.3550452937992876
"[0.33797996422581705, 0.6542742439741497, -0.8852800371615404, 0.530972352739275]",28.617235235380114,1.3551081262806843
"[0.3379728535118776, 0.654273617454536, -0.8852800877101569, 0.5309729432837988]",28.617264416251775,1.3551709587620808
"[0.33796574279013886, 0.654272991038247, -0.8852801383450806, 0.5309735336950068]",28.617293596434155,1.3552337912434773
"[0.3379586322782273, 0.6542723647444476, -0.885280189064759, 0.5309741239548329]",28.617322776579922,1.355296623724874
"[0.33795152144727003, 0.6542717385265573, -0.8852802398729676, 0.5309747141071741]",28.61735196299365,1.3553594562062705
"[0.3379444109255416, 0.6542711124398937, -0.8852802907652179, 0.5309753040998962]",28.61738114709477,1.3554222886876672
"[0.33793730112654596, 0.6542704865208514, -0.8852803417385319, 0.5309758938987055]",28.617410334955924,1.355485121169064
"[0.3379301908175634, 0.6542698606608899, -0.8852803928017449, 0.5309764836058795]",28.617439524276882,1.3555479536504604
"[0.33792308121376524, 0.6542692349669708, -0.8852804439461266, 0.5309770731206312]",28.617468717310516,1.3556107861318571
"[0.3379159711652886, 0.6542686093378861, -0.8852804951799454, 0.530977662538316]",28.617497908608172,1.3556736186132536
"[0.33790886113626517, 0.6542679838144848, -0.8852805464998648, 0.5309782518204428]",28.61752710126141,1.3557364510946501
"[0.33790175156327984, 0.6542673584351626, -0.8852805979027258, 0.5309788409308406]",28.61755629571379,1.3557992835760468
"[0.33789464217704224, 0.6542667331762116, -0.8852806493904642, 0.5309794298918447]",28.617585491605407,1.3558621160574436
"[0.337887533080678, 0.6542661080466925, -0.8852807009623253, 0.53098001869492]",28.617614691363485,1.35592494853884
"[0.33788042366399795, 0.6542654829929467, -0.8852807526227368, 0.5309806073906033]",28.61764388954424,1.3559877810202368
"[0.337873315122928, 0.6542648581201025, -0.885280804362999, 0.5309811958798828]",28.61767309202874,1.3560506135016333
"[0.33786620581439636, 0.6542642332837224, -0.8852808561950702, 0.5309817842987831]",28.617702294929185,1.35611344598303
"[0.33785909714968987, 0.6542636086078435, -0.885280908108664, 0.5309823725304927]",28.61773149746812,1.3561762784644265
"[0.337851988089118, 0.6542629840010947, -0.885280960111369, 0.5309829606610508]",28.617760703843313,1.3562391109458232
"[0.3378448796425152, 0.6542623595521944, -0.8852810121957949, 0.5309835486069174]",28.61778990978322,1.3563019434272199
"[0.33783777089042666, 0.6542617351803636, -0.8852810643686746, 0.5309841364441488]",28.617819119763013,1.3563647759086164
"[0.33783066259417943, 0.6542611109524582, -0.8852811166244172, 0.5309847241098002]",28.61784833095962,1.3564276083900129
"[0.337823554702541, 0.6542604868639655, -0.8852811689633855, 0.5309853116081216]",28.617877543260512,1.3564904408714096
"[0.3378164462604388, 0.6542598628310248, -0.8852812213926151, 0.5309858990180535]",28.617906754120188,1.356553273352806
"[0.33780933825210513, 0.6542592389400493, -0.8852812739048488, 0.5309864862582472]",28.61793597298669,1.356616105834203
"[0.33780223062735276, 0.6542586151865821, -0.8852813265004446, 0.5309870733329083]",28.61796518658635,1.3566789383155995
"[0.3377951230290437, 0.6542579915393038, -0.8852813791820372, 0.5309876602715066]",28.61799440677081,1.356741770796996
"[0.3377880151024643, 0.6542573679670816, -0.8852814319522626, 0.530988247103339]",28.618023621492867,1.3568046032783927
"[0.33778090800579985, 0.6542567445715105, -0.8852814848025137, 0.5309888337327974]",28.61805284649352,1.3568674357597892
"[0.3377738004127633, 0.6542561212362384, -0.8852815377426474, 0.5309894202693722]",28.618082067898754,1.356930268241186
"[0.33776669315201635, 0.6542554980339493, -0.8852815907664958, 0.5309900066446639]",28.6181112919951,1.3569931007225826
"[0.33775958589757055, 0.654254874936044, -0.8852816438764852, 0.5309905928855816]",28.618140515456602,1.357055933203979
"[0.33775247916384094, 0.6542542519876123, -0.8852816970687626, 0.5309911789497023]",28.618169745294676,1.3571187656853756
"[0.33774537212572364, 0.6542536291163098, -0.8852817503495001, 0.5309917649050885]",28.618198973034094,1.3571815981667723
"[0.3377382652278357, 0.6542530063611149, -0.8852818037153685, 0.5309923507150643]",28.618228205603558,1.3572444306481688
"[0.33773115895111405, 0.6542523837641484, -0.8852818571627434, 0.5309929363400114]",28.61825743255416,1.3573072631295655
"[0.3377240518392851, 0.6542517611978245, -0.8852819107025823, 0.5309935218999341]",28.618286666847666,1.3573700956109622
"[0.337716945605112, 0.6542511388121762, -0.8852819643219821, 0.5309941072537137]",28.61831590097298,1.3574329280923587
"[0.3377098398397066, 0.6542505165713576, -0.8852820180240042, 0.5309946924350714]",28.618345139342658,1.3574957605737554
"[0.3377027333621045, 0.654249894371947, -0.8852820718175791, 0.5309952775412656]",28.618374373486734,1.357558593055152
"[0.3376956279140982, 0.6542492723664487, -0.8852821256895166, 0.5309958624288805]",28.618403614734667,1.3576214255365484
"[0.3376885221114603, 0.6542486504336665, -0.8852821796503004, 0.5309964472118824]",28.618432857181812,1.3576842580179451
"[0.337681415904564, 0.6542480285692707, -0.8852822337003219, 0.5309970318943333]",28.618462097730546,1.3577470904993418
"[0.3376743101706514, 0.6542474068500242, -0.8852822878329073, 0.5309976164040575]",28.618491340122088,1.3578099229807385
"[0.3376672046720359, 0.6542467852551123, -0.8852823420498565, 0.5309982007606263]",28.618520589162014,1.357872755462135
"[0.33766009932816005, 0.6542461637774935, -0.8852823963517765, 0.5309987849706547]",28.618549833495795,1.3579355879435315
"[0.3376529940564034, 0.6542455424099003, -0.8852824507392961, 0.5309993690409806]",28.618579080246707,1.3579984204249282
"[0.33764588883347313, 0.6542449211502889, -0.8852825052125919, 0.5309999529735236]",28.61860833279442,1.3580612529063247
"[0.33763878381505186, 0.654244300012299, -0.8852825597704664, 0.5310005367554536]",28.61863758129002,1.3581240853877214
"[0.3376316788973158, 0.6542436789868273, -0.885282614413712, 0.5310011203953293]",28.61866683570581,1.3581869178691182
"[0.33762457410239805, 0.6542430580758, -0.8852826691421546, 0.5310017038913397]",28.61869608889788,1.3582497503505147
"[0.33761746913678753, 0.6542424372535687, -0.8852827239580573, 0.5310022872675823]",28.618725344004595,1.3583125828319114
"[0.33761036548349255, 0.6542418166496791, -0.8852827788499582, 0.5310028704023333]",28.618754604055976,1.3583754153133079
"[0.33760326042985395, 0.6542411960271505, -0.8852828338388208, 0.5310034535182596]",28.6187838610589,1.3584382477947043
"[0.33759615682274785, 0.6542405756346499, -0.885282888902612, 0.5310040363817198]",28.61881312434995,1.358501080276101
"[0.33758905204572365, 0.6542399552436611, -0.8852829440616091, 0.5310046192074054]",28.61884238429977,1.3585639127574978
"[0.3375819479152598, 0.6542393350128076, -0.8852829993017196, 0.5310052018462903]",28.61887164674418,1.3586267452388943
"[0.3375748439828179, 0.6542387149029095, -0.8852830546264167, 0.5310057843351832]",28.618900914308337,1.358689577720291
"[0.33756774006145884, 0.6542380948976402, -0.8852831100371525, 0.5310063666894185]",28.618930179328615,1.3587524102016875
"[0.3375606366804878, 0.654237475043181, -0.8852831655297904, 0.5310069488656199]",28.618959447043153,1.358815242683084
"[0.3375535332718174, 0.6542368552899457, -0.8852832211087583, 0.5310075309103608]",28.61898871693454,1.358878075164481
"[0.3375464296703968, 0.6542362356235366, -0.8852832767753529, 0.5310081128371571]",28.619017987807087,1.3589409076458774
"[0.33753932645744356, 0.6542356160946556, -0.8852833325250169, 0.5310086945983917]",28.619047258448294,1.359003740127274
"[0.33753222313212045, 0.6542349966595888, -0.8852833883616767, 0.5310092762351177]",28.61907653324275,1.3590665726086706
"[0.33752512056635275, 0.6542343773943835, -0.885283444278467, 0.5310098576759235]",28.619105811598168,1.359129405090067
"[0.33751801736829157, 0.6542337581776521, -0.8852835002863441, 0.5310104390347861]",28.619135083064794,1.3591922375714638
"[0.3375109142689283, 0.6542331390731485, -0.8852835563795545, 0.5310110202518374]",28.619164364910628,1.3592550700528605
"[0.3375038117058744, 0.6542325201189914, -0.8852836125546316, 0.5310116012912944]",28.619193645513757,1.359317902534257
"[0.33749670909328583, 0.6542319012641153, -0.8852836688162005, 0.5310121822010953]",28.61922292614067,1.3593807350156537
"[0.3374896063512175, 0.6542312825015547, -0.8852837251648986, 0.5310127629877734]",28.61925220864232,1.3594435674970502
"[0.33748250463937124, 0.6542306639323099, -0.8852837815915099, 0.531013343556533]",28.619281497379525,1.359506399978447
"[0.3374754022597283, 0.6542300454085082, -0.8852838381095198, 0.5310139240461518]",28.619310780381802,1.3595692324598434
"[0.33746829985732224, 0.6542294269862465, -0.8852838947138092, 0.5310145044039968]",28.61934006664954,1.3596320649412401
"[0.3374611979973401, 0.6542288087148186, -0.8852839513998645, 0.5310150845837852]",28.61936935848753,1.3596948974226368
"[0.33745409617777355, 0.6542281905504457, -0.8852840081716828, 0.5310156646266136]",28.619398646926022,1.3597577299040333
"[0.337446994505389, 0.6542275725024486, -0.8852840650284077, 0.5310162445237268]",28.61942794059675,1.3598205623854298
"[0.33743989277109465, 0.6542269545526102, -0.885284121971712, 0.5310168242922185]",28.6194572354281,1.3598833948668265
"[0.33743279124756925, 0.6542263367246504, -0.8852841789994084, 0.5310174039098319]",28.619486529475907,1.359946227348223
"[0.3374256897829338, 0.6542257190053541, -0.8852842361127113, 0.5310179833889629]",28.619515826881955,1.3600090598296197
"[0.33741858887427234, 0.6542251014379395, -0.8852842933076132, 0.5310185626890697]",28.61954512650849,1.3600718923110164
"[0.3374114880936662, 0.6542244839851817, -0.8852843505875481, 0.531019141845072]",28.619574424704236,1.360134724792413
"[0.33740438689280605, 0.6542238665993824, -0.8852844079569459, 0.5310197209017092]",28.61960372622132,1.3601975572738096
"[0.3373972862537734, 0.6542232493659427, -0.8852844654078702, 0.5310202997788742]",28.619633028630805,1.3602603897552061
"[0.3373901854497135, 0.6542226322216601, -0.8852845229461954, 0.5310208785358438]",28.619662335900433,1.3603232222366026
"[0.33738308473300044, 0.6542220151884655, -0.8852845805698787, 0.5310214571520481]",28.619691639543753,1.3603860547179993
"[0.3373759839048288, 0.6542213982490849, -0.8852846382805343, 0.5310220356436807]",28.619720944234302,1.360448887199396
"[0.33736888370313006, 0.6542207814676169, -0.8852846960721565, 0.5310226139506391]",28.619750255236024,1.3605117196807925
"[0.33736178356734087, 0.6542201647953471, -0.8852847539492958, 0.531023192118601]",28.619779567386406,1.3605745521621893
"[0.3373546836119981, 0.654219548242217, -0.8852848119110147, 0.5310237701382444]",28.619808880999788,1.3606373846435857
"[0.33734758323884284, 0.6542189317562751, -0.8852848699622028, 0.5310243480582685]",28.61983818980819,1.3607002171249825
"[0.33734048314295884, 0.6542183153978742, -0.8852849280971794, 0.5310249258220916]",28.61986750775674,1.360763049606379
"[0.3373333837993349, 0.6542176992082235, -0.8852849863120377, 0.5310255033910899]",28.61989682312855,1.3608258820877757
"[0.337326284260879, 0.6542170831051041, -0.8852850446145348, 0.5310260808423294]",28.619926140949595,1.3608887145691724
"[0.33731918451115045, 0.6542164670870859, -0.8852851030048138, 0.5310266581771467]",28.61995546023139,1.3609515470505689
"[0.33731208486406433, 0.6542158511814202, -0.885285161480295, 0.5310272353699943]",28.619984782921193,1.3610143795319654
"[0.3373049857707828, 0.6542152354272383, -0.8852852200372512, 0.5310278123842006]",28.620014105533542,1.361077212013362
"[0.33729788639067887, 0.6542146197515729, -0.8852852786826132, 0.5310283892881505]",28.6200434284516,1.3611400444947588
"[0.337290787732383, 0.6542140042419287, -0.8852853374080405, 0.5310289659998405]",28.6200727562296,1.3612028769761555
"[0.3372836889501775, 0.6542133888249435, -0.8852853962205203, 0.5310295425880126]",28.62010208006633,1.361265709457552
"[0.33727659011027666, 0.6542127735063588, -0.8852854551195074, 0.5310301190472834]",28.620131408363967,1.3613285419389485
"[0.33726949159329855, 0.6542121583191582, -0.8852855141018395, 0.5310306953467506]",28.620160738491712,1.3613913744203452
"[0.33726239336327896, 0.6542115432602087, -0.8852855731678057, 0.5310312714893508]",28.620190070929272,1.3614542069017417
"[0.33725529422466377, 0.6542109282259287, -0.8852856323273661, 0.5310318475721039]",28.620219407031076,1.3615170393831384
"[0.337248196436345, 0.6542103134120028, -0.8852856915616892, 0.531032423411718]",28.62024873891952,1.361579871864535
"[0.3372410982758515, 0.6542096986692029, -0.8852857508851325, 0.531032999147967]",28.62027807869292,1.3616427043459316
"[0.33723400019268107, 0.6542090840364688, -0.8852858102939454, 0.5310335747443745]",28.620307412282987,1.3617055368273283
"[0.3372269016293111, 0.6542084694655246, -0.8852858697928031, 0.5310341502461453]",28.620336754300087,1.3617683693087248
"[0.337219804423724, 0.6542078551154779, -0.8852859293662833, 0.5310347255042897]",28.620366091917468,1.3618312017901213
"[0.33721270676077664, 0.6542072408291821, -0.8852859890296071, 0.5310353006659579]",28.620395433234286,1.361894034271518
"[0.33720560936596944, 0.6542066266694287, -0.8852860487766799, 0.5310358756723539]",28.62042477960945,1.3619568667529147
"[0.33719851183006117, 0.6542060126008038, -0.8852861086109451, 0.531036450556631]",28.6204541275684,1.3620196992343112
"[0.337191414360416, 0.6542053986412387, -0.885286168530657, 0.5310370253019989]",28.62048347159794,1.362082531715708
"[0.33718431700911417, 0.6542047847952382, -0.8852862285353728, 0.5310375999042382]",28.620512820478627,1.3621453641971044
"[0.33717722011231943, 0.654204171091867, -0.8852862886222409, 0.531038174336142]",28.620542169826503,1.3622081966785011
"[0.33717012305425476, 0.6542035574778466, -0.88528634879647, 0.531038748647583]",28.620571520924074,1.3622710291598976
"[0.33716302629634326, 0.6542029439930855, -0.885286409054146, 0.5310393228012024]",28.620600876186458,1.3623338616412943
"[0.3371559295000305, 0.654202330608304, -0.8852864693981393, 0.5310398968244028]",28.620630230246956,1.362396694122691
"[0.33714883301113135, 0.6542017173533815, -0.8852865298255054, 0.5310404706892212]",28.62065958518748,1.3624595266040875
"[0.3371417364939854, 0.6542011041993001, -0.885286590339098, 0.5310410444228109]",28.62068894121317,1.362522359085484
"[0.33713464042194274, 0.6542004911869499, -0.8852866509348737, 0.5310416179869097]",28.620718301218943,1.3625851915668807
"[0.33712754380388604, 0.6541998782307095, -0.8852867116212988, 0.5310421914616259]",28.62074765891554,1.3626480240482772
"[0.33712044782547107, 0.6541992654329839, -0.8852867723882325, 0.5310427647511475]",28.62077702521615,1.362710856529674
"[0.33711335183865365, 0.6541986527377883, -0.8852868332412148, 0.5310433379078522]",28.620806384180987,1.3627736890110707
"[0.3371062559862921, 0.654198040157456, -0.885286894179018, 0.5310439109201996]",28.62083575368094,1.3628365214924671
"[0.3370991605264199, 0.6541974277142549, -0.8852869551994172, 0.5310444837673598]",28.620865119417882,1.3628993539738639
"[0.3370920649493453, 0.6541968153641611, -0.8852870163067917, 0.5310450564905143]",28.620894488619918,1.3629621864552603
"[0.33708496940199933, 0.6541962031198754, -0.8852870774998782, 0.5310456290777746]",28.620923854812943,1.3630250189366568
"[0.3370778739474959, 0.6541955909868313, -0.8852871387781313, 0.5310462015240592]",28.62095322806683,1.3630878514180538
"[0.3370707792257955, 0.6541949790202168, -0.8852872001360091, 0.5310467737777611]",28.62098259737414,1.3631506838994503
"[0.33706368347346966, 0.6541943670679381, -0.8852872615887688, 0.5310473459810969]",28.621011972769995,1.3632135163808468
"[0.3370565885499, 0.6541937552903292, -0.8852873231203114, 0.5310479179841473]",28.621041348215243,1.3632763488622435
"[0.3370494938023008, 0.6541931436311011, -0.8852873847362812, 0.5310484898395413]",28.621070725990663,1.36333918134364
"[0.33704239873644365, 0.6541925320476383, -0.8852874464409731, 0.531049061587118]",28.621100107384667,1.3634020138250367
"[0.3370353046451888, 0.6541919206513651, -0.8852875082231323, 0.5310496331227129]",28.621129483111833,1.3634648463064334
"[0.3370282099481284, 0.654191309306066, -0.8852875700965162, 0.5310502045736608]",28.621158866468047,1.3635276787878299
"[0.3370211154240501, 0.6541906980788544, -0.8852876320543418, 0.5310507758772207]",28.621188249516234,1.3635905112692266
"[0.3370140211630547, 0.6541900869774818, -0.8852876940958144, 0.5310513470261479]",28.62121763642029,1.363653343750623
"[0.33700692713871305, 0.6541894759996585, -0.8852877562211572, 0.5310519180225827]",28.62124702252281,1.3637161762320196
"[0.3369998331325006, 0.6541888651265536, -0.8852878184322798, 0.531052488884123]",28.62127640804148,1.3637790087134163
"[0.3369927392254397, 0.6541882543651488, -0.8852878807284704, 0.5310530596042395]",28.621305797680563,1.363841841194813
"[0.33698564512184587, 0.654187643689966, -0.8852879431123276, 0.5310536302067418]",28.62133519063861,1.3639046736762097
"[0.3369785516545697, 0.6541870331726956, -0.8852880055765211, 0.5310542006246398]",28.621364580719703,1.3639675061576062
"[0.33697145817416574, 0.6541864227574338, -0.885288068126758, 0.5310547709101664]",28.62139397381161,1.3640303386390027
"[0.33696436455735324, 0.6541858124335875, -0.8852881307641288, 0.53105534107321]",28.621423370745298,1.3640931711203994
"[0.3369572716773162, 0.6541852022761995, -0.8852881934809143, 0.5310559110436842]",28.621452764875496,1.364156003601796
"[0.33695017877819816, 0.6541845922203017, -0.8852882562837842, 0.5310564808822626]",28.62148216402469,1.3642188360831926
"[0.3369430855045009, 0.6541839822353, -0.8852883191758947, 0.5310570506175221]",28.621511565997906,1.3642816685645893
"[0.3369359924233871, 0.6541833723699685, -0.8852883821522206, 0.531057620203902]",28.621540967960502,1.3643445010459858
"[0.3369288998065011, 0.6541827626476431, -0.8852884452103389, 0.5310581896196107]",28.621570367184237,1.3644073335273823
"[0.33692180720701853, 0.6541821530299033, -0.8852885083542145, 0.5310587589005281]",28.621599774042252,1.364470166008779
"[0.33691471462644107, 0.6541815435168734, -0.8852885715838333, 0.5310593280465354]",28.62162917999761,1.3645329984901755
"[0.33690762210124797, 0.6541809341116838, -0.8852886348988702, 0.5310598970547076]",28.621658587319143,1.3645958309715722
"[0.33690052958906436, 0.6541803248106894, -0.8852886982997022, 0.5310604659284445]",28.621687998331776,1.364658663452969
"[0.3368934375580937, 0.6541797156540995, -0.8852887617821361, 0.5310610346302055]",28.621717406345397,1.3647214959343654
"[0.33688634541054596, 0.6541791065905547, -0.8852888253515165, 0.5310616032079398]",28.62174681936797,1.3647843284157621
"[0.33687925356893395, 0.6541784976563372, -0.8852888890040538, 0.5310621716277738]",28.621776230338483,1.3648471608971586
"[0.3368721616911645, 0.6541778888220625, -0.8852889527428145, 0.5310627399171362]",28.62180564512245,1.3649099933785551
"[0.3368650701218126, 0.6541772801173055, -0.8852890165646966, 0.5310633080484207]",28.6218350614682,1.364972825859952
"[0.33685797846184506, 0.6541766715078111, -0.8852890804732886, 0.5310638760535961]",28.62186448173546,1.3650356583413485
"[0.3368508870370394, 0.6541760630215141, -0.8852891444656521, 0.5310644439065941]",28.62189390269051,1.3650984908227453
"[0.33684379557245614, 0.6541754546348366, -0.8852892085442658, 0.5310650116294111]",28.62192331992452,1.3651613233041417
"[0.3368367041422005, 0.6541748463541246, -0.8852892727084609, 0.5310655792161241]",28.62195274145118,1.3652241557855382
"[0.33682961295246705, 0.654174238197069, -0.8852893369563667, 0.5310661466502218]",28.621982167867852,1.365286988266935
"[0.33682252260382617, 0.6541736302151185, -0.8852894012825232, 0.5310667138837133]",28.622011594557655,1.3653498207483317
"[0.3368154314570214, 0.6541730222677377, -0.8852894657018028, 0.5310672810477044]",28.62204102064384,1.3654126532297282
"[0.33680834044283575, 0.6541724144347273, -0.8852895302057616, 0.5310678480677421]",28.62207045176614,1.3654754857111249
"[0.33680125014866663, 0.6541718067664155, -0.8852895947890425, 0.5310684148968808]",28.62209987928661,1.3655383181925214
"[0.3367941593191571, 0.6541711991552093, -0.8852896594630763, 0.5310689816354804]",28.62212931219994,1.365601150673918
"[0.3367870693118171, 0.6541705917174174, -0.8852897242154775, 0.5310695481750567]",28.622158744095813,1.3656639831553146
"[0.3367799788268229, 0.654169984341676, -0.8852897890581115, 0.5310701146194727]",28.622188176345905,1.3657268156367113
"[0.3367728889806148, 0.6541693771236127, -0.8852898539807663, 0.5310706808795435]",28.622217615329134,1.365789648118108
"[0.3367657990244492, 0.6541687699990767, -0.8852899189902893, 0.5310712470150964]",28.622247051041526,1.3658524805995045
"[0.3367587087210144, 0.6541681629477636, -0.8852899840888653, 0.5310718130450551]",28.62227649066171,1.365915313080901
"[0.3367516188706775, 0.654167556038201, -0.8852900492691446, 0.531072378905519]",28.622305932192155,1.3659781455622977
"[0.33674452926626014, 0.6541669492526067, -0.8852901145330198, 0.5310729446130765]",28.6223353740936,1.3660409780436942
"[0.3367374398954296, 0.6541663425899409, -0.8852901798805966, 0.5310735101686913]",28.622364819334333,1.366103810525091
"[0.336730350485945, 0.65416573602689, -0.885290245314381, 0.5310740755940974]",28.622394261723738,1.3661666430064876
"[0.3367232613597785, 0.6541651295909938, -0.8852903108313984, 0.5310746408636212]",28.62242371063756,1.366229475487884
"[0.33671617195177056, 0.6541645232339038, -0.8852903764368715, 0.5310752060223268]",28.62245315618591,1.3662923079692808
"[0.33670908331026755, 0.6541639170452718, -0.8852904421210913, 0.5310757709866535]",28.622482608365242,1.3663551404506773
"[0.3367019942919397, 0.6541633109273132, -0.8852905078946453, 0.5310763358477364]",28.622512056735122,1.3664179729320738
"[0.3366949054475837, 0.6541627049271248, -0.8852905737524279, 0.5310769005616791]",28.622541511602822,1.3664808054134705
"[0.3366878168755752, 0.6541620990531032, -0.8852906396935176, 0.5310774651206577]",28.622570963884684,1.3665436378948672
"[0.3366807279199244, 0.654161493249184, -0.8852907057240187, 0.5310780295769082]",28.622600422122076,1.3666064703762637
"[0.33667363978596665, 0.6541608876183471, -0.8852907718326977, 0.5310785938344823]",28.622629877003476,1.3666693028576604
"[0.3366665511868032, 0.6541602820506381, -0.8852908380315504, 0.5310791579958204]",28.622659335778437,1.366732135339057
"[0.3366594636139808, 0.654159676673465, -0.8852909043066383, 0.5310797219422257]",28.622688798077384,1.3667949678204536
"[0.336652374863442, 0.6541590712985521, -0.8852909706785752, 0.5310802858490897]",28.622718261523286,1.3668578003018501
"[0.33664528731537763, 0.6541584661291924, -0.8852910371250746, 0.5310808495270348]",28.622747723836262,1.3669206327832468
"[0.3366381997510444, 0.6541578610612605, -0.8852911036575426, 0.5310814130730613]",28.622777186276664,1.3669834652646435
"[0.33663111151341063, 0.654157256038705, -0.8852911702821592, 0.5310819765393593]",28.622806652754512,1.36704629774604
"[0.33662402435187505, 0.6541566512108238, -0.8852912369824746, 0.5310825397868881]",28.62283612210943,1.3671091302274365
"[0.3366169366949519, 0.654156046443494, -0.8852913037732691, 0.5310831029405504]",28.622865588959133,1.3671719627088332
"[0.33660984941944666, 0.654155441811535, -0.8852913706462827, 0.5310836659306695]",28.622895063822202,1.36723479519023
"[0.33660276233471154, 0.6541548372986474, -0.8852914376033051, 0.5310842287724288]",28.62292453586836,1.3672976276716267
"[0.33659567500804927, 0.6541542328679423, -0.8852915046484249, 0.5310847915001649]",28.622954008829815,1.3673604601530231
"[0.3365885877602597, 0.6541536285467687, -0.8852915717786116, 0.5310853540884147]",28.622983482608415,1.3674232926344196
"[0.3365815016544505, 0.6541530244257517, -0.8852916389837737, 0.5310859164528162]",28.62301296079171,1.3674861251158164
"[0.33657441472841026, 0.654152420337594, -0.885291706282516, 0.5310864787491031]",28.623042440992908,1.3675489575972128
"[0.33656732808655854, 0.6541518163764471, -0.8852917736643607, 0.5310870408896288]",28.62307191924752,1.3676117900786096
"[0.3365602419741801, 0.6541512125631876, -0.885291841126962, 0.531087602854968]",28.623101400530878,1.3676746225600063
"[0.33655315534847946, 0.6541506088089607, -0.8852919086802475, 0.5310881647278124]",28.62313088613495,1.3677374550414028
"[0.336546068713729, 0.6541500051567378, -0.8852919763194209, 0.5310887264681641]",28.62316036765687,1.3678002875227995
"[0.33653898319150616, 0.6541494017020287, -0.885292044033757, 0.5310892879871508]",28.62318985343792,1.367863120004196
"[0.3365318968971465, 0.6541487982843117, -0.8852921118412626, 0.5310898494341378]",28.623219341382253,1.3679259524855925
"[0.336524811021113, 0.6541481950049629, -0.8852921797305524, 0.531090410714795]",28.62324883106106,1.3679887849669892
"[0.33651772510645445, 0.6541475918250793, -0.8852922477059981, 0.5310909718653136]",28.623278322816773,1.3680516174483859
"[0.3365106393689744, 0.6541469887629917, -0.885292315765529, 0.5310915328686459]",28.623307813911364,1.3681144499297824
"[0.3365035539579825, 0.6541463858314263, -0.8852923839077008, 0.5310920937129464]",28.623337308547317,1.368177282411179
"[0.33649646813332795, 0.65414578296739, -0.8852924521396351, 0.5310926544568098]",28.623366803345025,1.3682401148925756
"[0.33648938324012795, 0.6541451802853481, -0.8852925204483689, 0.531093214993759]",28.623396295481122,1.368302947373972
"[0.33648229826014137, 0.6541445776985487, -0.8852925888437077, 0.5310937754045114]",28.623425796534047,1.3683657798553688
"[0.33647521287611215, 0.6541439751801383, -0.885292657328721, 0.5310943357140041]",28.623455297564462,1.3684286123367655
"[0.3364681283264214, 0.6541433728353594, -0.8852927258914329, 0.5310948958243805]",28.623484798215408,1.3684914448181622
"[0.33646104341008226, 0.6541427705620935, -0.8852927945434587, 0.5310954558305981]",28.623514299878345,1.3685542772995587
"[0.3364539586341591, 0.6541421684034554, -0.8852928632798892, 0.5310960156925608]",28.623543803926427,1.3686171097809552
"[0.3364468736410178, 0.6541415663290423, -0.8852929321041964, 0.5310965754385332]",28.623573310125142,1.368679942262352
"[0.3364397899572825, 0.6541409644685588, -0.8852930010015311, 0.5310971349479353]",28.623602815964,1.3687427747437484
"[0.3364327056846767, 0.6541403626607021, -0.8852930699903446, 0.5310976943707216]",28.62363232815466,1.368805607225145
"[0.3364256211611807, 0.6541397609341972, -0.8852931390673606, 0.53109825368018]",28.623661835001943,1.3688684397065418
"[0.3364185372153468, 0.6541391593594095, -0.8852932082244953, 0.5310988128109055]",28.623691348846652,1.3689312721879383
"[0.33641145332031547, 0.6541385578915789, -0.8852932774668818, 0.5310993718045013]",28.62372086100526,1.368994104669335
"[0.3364043693491283, 0.6541379565199263, -0.8852933467957618, 0.5310999306709819]",28.623750375241872,1.3690569371507315
"[0.33639728564534016, 0.6541373552736098, -0.8852934162077702, 0.5311004893832484]",28.62377989187631,1.369119769632128
"[0.33639020213626947, 0.6541367541464453, -0.8852934857036117, 0.5311010479470485]",28.623809408957797,1.369182602113525
"[0.33638311827452333, 0.6541361530919809, -0.8852935552886597, 0.5311016064055402]",28.623838928153784,1.3692454345949214
"[0.3363760351315119, 0.6541355522011164, -0.8852936249523841, 0.5311021646742643]",28.6238684492089,1.369308267076318
"[0.3363689525236996, 0.6541349514582481, -0.8852936946965677, 0.5311027227677261]",28.623897971481476,1.3693710995577146
"[0.3363618685866527, 0.6541343507052528, -0.8852937645395852, 0.5311032808328127]",28.623927494377792,1.3694339320391111
"[0.3363547857782324, 0.6541337501505706, -0.8852938344572083, 0.5311038386758896]",28.623957018876688,1.3694967645205078
"[0.3363477033023553, 0.6541331497266658, -0.8852939044572686, 0.5311043963596989]",28.623986544588654,1.3695595970019045
"[0.336340619822124, 0.6541325493202215, -0.8852939745529931, 0.5311049539894807]",28.624016074021302,1.369622429483301
"[0.3363335380011212, 0.6541319491569716, -0.8852940447180125, 0.5311055113555896]",28.624045602920123,1.3696852619646978
"[0.33632645514451226, 0.6541313490085338, -0.8852941149790158, 0.5311060686701214]",28.624075136640432,1.3697480944460942
"[0.3363193728726716, 0.6541307490122138, -0.8852941853199378, 0.5311066258055631]",28.624104670923067,1.3698109269274907
"[0.3363122902413713, 0.6541301490880211, -0.8852942557501534, 0.5311071828361867]",28.62413420279289,1.3698737594088874
"[0.33630520852934775, 0.6541295493442189, -0.8852943262569368, 0.5311077396614803]",28.62416373745309,1.3699365918902842
"[0.3362981264491723, 0.6541289496718012, -0.8852943968530964, 0.5311082963826403]",28.624193274823487,1.3699994243716807
"[0.33629104460084897, 0.6541283501215519, -0.8852944675326553, 0.5311088529525214]",28.624222812740065,1.3700622568530774
"[0.33628396290184587, 0.6541277506864749, -0.8852945382964297, 0.5311094093776172]",28.624252354521882,1.3701250893344739
"[0.33627688148713375, 0.6541271513779897, -0.8852946091430645, 0.5311099656473262]",28.62428189748876,1.3701879218158706
"[0.33626980007293467, 0.6541265521720675, -0.8852946800753936, 0.5311105217839516]",28.62431144239406,1.370250754297267
"[0.3362627184331145, 0.6541259530495861, -0.8852947510956872, 0.5311110778052338]",28.62434098490201,1.3703135867786638
"[0.3362556369513638, 0.6541253540429741, -0.8852948222000991, 0.5311116336810805]",28.624370532069427,1.3703764192600605
"[0.33624855595951275, 0.6541247551803152, -0.8852948933852866, 0.5311121893854245]",28.624400079795887,1.370439251741457
"[0.33624147471826055, 0.6541241563990656, -0.8852949646586779, 0.5311127449763039]",28.624429627348363,1.3705020842228535
"[0.33623439376251113, 0.6541235577444654, -0.8852950360148885, 0.5311133004117355]",28.624459178928003,1.3705649167042502
"[0.33622731256671223, 0.65412295917204, -0.8852951074592156, 0.53111385573299]",28.624488732196667,1.3706277491856467
"[0.3362202323887749, 0.6541223607881406, -0.8852951789789534, 0.5311144108413937]",28.624518284912753,1.3706905816670434
"[0.336213151747882, 0.6541217624675861, -0.8852952505890508, 0.5311149658530796]",28.624547841228274,1.37075341414844
"[0.3362060712571872, 0.6541211642621942, -0.8852953222833129, 0.5311155207199744]",28.624577400033004,1.3708162466298366
"[0.3361989910874113, 0.6541205661863746, -0.8852953940600037, 0.5311160754287133]",28.624606958095825,1.3708790791112333
"[0.33619191090617906, 0.654119968212059, -0.885295465922487, 0.5311166300053246]",28.62463651782369,1.3709419115926298
"[0.3361848308926431, 0.6541193703543208, -0.8852955378689432, 0.5311171844358392]",28.624666077987403,1.3710047440740263
"[0.3361777506271518, 0.6541187725777741, -0.8852956099036379, 0.5311177387530557]",28.62469564079462,1.371067576555423
"[0.3361706709921241, 0.6541181749568931, -0.8852956820175875, 0.5311182928879189]",28.624725205503914,1.3711304090368197
"[0.33616359095808124, 0.6541175774047655, -0.8852957542212748, 0.5311188469210155]",28.62475476778772,1.3711932415182164
"[0.336156511538648, 0.6541169800069346, -0.8852958265043598, 0.5311194007730304]",28.62478433837367,1.371256073999613
"[0.33614943237224404, 0.654116382732868, -0.8852958988705184, 0.5311199544722747]",28.62481391034817,1.3713189064810094
"[0.3361423525336255, 0.6541157855045074, -0.8852959713292177, 0.5311205080911046]",28.62484347791165,1.3713817389624061
"[0.33613527347519023, 0.6541151884443822, -0.8852960438655912, 0.5311210615159319]",28.624873049082826,1.3714445714438028
"[0.3361281942644345, 0.6541145914737805, -0.885296116489184, 0.5311216148197296]",28.624902621550184,1.3715074039251993
"[0.3361211154502786, 0.6541139946390313, -0.8852961891943604, 0.5311221679595444]",28.62493219735403,1.371570236406596
"[0.3361140362186064, 0.6541133978714752, -0.8852962619894832, 0.5311227209990094]",28.624961775055798,1.3716330688879925
"[0.3361069575728944, 0.6541128012556977, -0.8852963348642311, 0.5311232738597356]",28.62499135221833,1.371695901369389
"[0.33609987878674796, 0.6541122047304628, -0.8852964078260749, 0.5311238265984682]",28.62502093444568,1.3717587338507857
"[0.336092800565605, 0.6541116083552057, -0.8852964808677373, 0.5311243791601349]",28.625050516967402,1.3718215663321824
"[0.33608572191425007, 0.6541110120460708, -0.8852965539994851, 0.531124931622428]",28.625080096010286,1.3718843988135792
"[0.3360786435667855, 0.6541104158648947, -0.8852966272137381, 0.531125483928055]",28.62510968101227,1.3719472312949756
"[0.336071566062133, 0.6541098198570455, -0.8852967005049006, 0.5311260360349912]",28.625139266325515,1.3720100637763721
"[0.3360644873369181, 0.6541092238487667, -0.8852967738943488, 0.5311265881041891]",28.625168855647107,1.3720728962577688
"[0.3360574094407128, 0.6541086280126331, -0.8852968473608402, 0.5311271399757898]",28.625198440928678,1.3721357287391653
"[0.3360503319531114, 0.6541080323132245, -0.8852969209087169, 0.5311276916826069]",28.62522803392239,1.372198561220562
"[0.33604325416324016, 0.6541074366907027, -0.8852969945453649, 0.5311282432800566]",28.625257624135237,1.3722613937019588
"[0.3360361760406075, 0.6541068411425149, -0.8852970682711139, 0.5311287947704947]",28.625287215343498,1.3723242261833553
"[0.3360290992206778, 0.6541062458062391, -0.8852971420689112, 0.5311293460265266]",28.625316811120374,1.372387058664752
"[0.3360220216206431, 0.6541056505066518, -0.8852972159604683, 0.5311298972104015]",28.62534640720872,1.3724498911461485
"[0.3360149446441325, 0.6541050553618031, -0.8852972899311343, 0.5311304482128157]",28.625376006048956,1.372512723627545
"[0.336007867479317, 0.6541044603034208, -0.8852973639893874, 0.5311309990969747]",28.625405602039766,1.3725755561089417
"[0.33600079082352174, 0.6541038653901236, -0.8852974381279254, 0.5311315498086121]",28.625435207738235,1.3726383885903384
"[0.3359937137726082, 0.654103270545899, -0.8852975123562187, 0.5311321004180902]",28.625464808159858,1.3727012210717349
"[0.3359866371274608, 0.6541026758380698, -0.8852975866658678, 0.5311326508630869]",28.625494409028036,1.3727640535531316
"[0.3359795603602876, 0.6541020812222368, -0.8852976610624107, 0.5311332011847044]",28.62552401456928,1.372826886034528
"[0.3359724836493301, 0.6541014867134157, -0.8852977355439745, 0.5311337513690328]",28.625553623970937,1.3728897185159248
"[0.3359654074139439, 0.6541008923468065, -0.8852978101061377, 0.5311343013835008]",28.625583230938638,1.3729525509973213
"[0.33595833130403746, 0.6541002980929851, -0.8852978847525779, 0.5311348512553392]",28.625612839049783,1.373015383478718
"[0.33595125520371133, 0.6540997039422278, -0.8852979594845165, 0.5311354009935396]",28.625642450042612,1.3730782159601147
"[0.33594417898682977, 0.6540991098839116, -0.885298034303288, 0.531135950607935]",28.625672063671107,1.3731410484415112
"[0.3359371036829886, 0.6540985160044818, -0.8852981091979921, 0.5311365000185431]",28.62570168079285,1.3732038809229077
"[0.3359300273916197, 0.6540979221444001, -0.8852981841887496, 0.5311370493729545]",28.625731293249785,1.3732667134043044
"[0.3359229519540966, 0.6540973284582019, -0.885298259256049, 0.531137598528211]",28.625760909801503,1.373329545885701
"[0.33591587612517965, 0.654096734841381, -0.8852983344130945, 0.5311381475809815]",28.625790531576893,1.3733923783670976
"[0.335908800849669, 0.6540961413732019, -0.8852984096498481, 0.531138696457949]",28.625820149923104,1.3734552108484943
"[0.3359017256759908, 0.6540955480157682, -0.8852984849711002, 0.5311392451941649]",28.625849771460633,1.3735180433298908
"[0.335894650521326, 0.6540949547621273, -0.8852985603777316, 0.5311397937960569]",28.62587939645514,1.3735808758112875
"[0.3358875757544947, 0.6540943616431967, -0.885298635865804, 0.5311403422350341]",28.625909019612255,1.373643708292684
"[0.3358805002441098, 0.6540937685641256, -0.8852987114473971, 0.5311408905987971]",28.625938646415463,1.3737065407740807
"[0.33587342562062256, 0.6540931756615793, -0.8852987871050918, 0.5311414387609816]",28.62596827319118,1.3737693732554774
"[0.3358663511898831, 0.6540925828773552, -0.8852988628462926, 0.5311419867754039]",28.625997905243878,1.373832205736874
"[0.3358592763190404, 0.654091990158429, -0.8852989386777796, 0.5311425346910786]",28.626027532293836,1.3738950382182704
"[0.3358522018195832, 0.6540913975727846, -0.8852990145908579, 0.5311430824451567]",28.626057163683885,1.3739578706996671
"[0.3358451275655976, 0.6540908051098626, -0.8852990905868668, 0.5311436300473995]",28.62608679917596,1.3740207031810636
"[0.33583805336719014, 0.654090212753737, -0.8852991666678426, 0.5311441775125297]",28.62611643509463,1.3740835356624603
"[0.33583097968654363, 0.6540896205431103, -0.8852992428288041, 0.5311447248047754]",28.62614607174774,1.374146368143857
"[0.33582390533755463, 0.6540890283786686, -0.885299319082525, 0.5311452720159162]",28.62617570955053,1.3742092006252535
"[0.3358168314591575, 0.6540884363557661, -0.8852993954167336, 0.5311458190578275]",28.626205350627497,1.3742720331066502
"[0.3358097575475088, 0.6540878444321964, -0.8852994718368596, 0.5311463659695165]",28.62623499157055,1.3743348655880467
"[0.3358026842379905, 0.6540872526611393, -0.8852995483360289, 0.5311469127018413]",28.62626463506855,1.3743976980694432
"[0.33579561077030556, 0.6540866609789593, -0.8852996249224566, 0.5311474593135985]",28.62629427740868,1.37446053055084
"[0.33578853736131475, 0.6540860694037934, -0.8852997015937978, 0.5311480057880295]",28.626323922904806,1.3745233630322367
"[0.3357814639196027, 0.6540854779280079, -0.8852997783510429, 0.5311485521321786]",28.626353570928416,1.3745861955136334
"[0.33577439052625224, 0.6540848865583615, -0.8852998551933123, 0.5311490983398055]",28.626383219310398,1.3746490279950299
"[0.3357673180644148, 0.6540842953686804, -0.8852999321109949, 0.531149644342722]",28.62641286970479,1.3747118604764264
"[0.3357602453985776, 0.6540837042640227, -0.8853000091164279, 0.531150190228618]",28.626442518884677,1.374774692957823
"[0.33575317189795656, 0.6540831131916892, -0.8853000862164982, 0.5311507360461499]",28.626472173111686,1.3748375254392196
"[0.3357461002035036, 0.6540825223723399, -0.8853001633824031, 0.5311512815915559]",28.626501828735027,1.3749003579206163
"[0.33573902698346, 0.6540819315276102, -0.8853002406504937, 0.5311518271218688]",28.626531485091498,1.374963190402013
"[0.33573195483738416, 0.6540813408746455, -0.885300317992381, 0.5311523724365923]",28.626561142854086,1.3750260228834095
"[0.3357248825859694, 0.654080750314939, -0.8853003954209454, 0.5311529176266739]",28.62659080263756,1.3750888553648062
"[0.3357178108543095, 0.6540801599006708, -0.8853004729293367, 0.5311534626439441]",28.626620465021663,1.3751516878462027
"[0.33571073842363675, 0.6540795695300912, -0.8853005505309159, 0.5311540075823236]",28.626650124931306,1.3752145203275992
"[0.33570366619438285, 0.6540789792783704, -0.885300628215814, 0.5311545523724195]",28.62667979041997,1.375277352808996
"[0.335696594393534, 0.6540783891644375, -0.8853007059815254, 0.5311550969967631]",28.626709456041436,1.3753401852903926
"[0.33568952295982707, 0.6540777991831592, -0.885300783828711, 0.5311556414600951]",28.62673912289079,1.375403017771789
"[0.335682451325295, 0.6540772092871435, -0.8853008617636208, 0.5311561858061492]",28.626768791250882,1.3754658502531858
"[0.33567537985453744, 0.6540766195068023, -0.8853009397822372, 0.5311567300068586]",28.626798463200654,1.3755286827345823
"[0.3356683085254825, 0.6540760298402861, -0.8853010178847996, 0.5311572740639284]",28.626828133448797,1.375591515215979
"[0.33566123683951005, 0.6540754402460167, -0.8853010960768198, 0.531157818015717]",28.626857805024702,1.3756543476973757
"[0.3356541662403392, 0.6540748508443466, -0.8853011743423217, 0.5311583617511905]",28.626887480447895,1.3757171801787722
"[0.3356470949869463, 0.654074261490129, -0.885301252700569, 0.5311589054042508]",28.62691715432756,1.375780012660169
"[0.3356400244851083, 0.6540736723005277, -0.8853013311359835, 0.5311594488668168]",28.626946831032434,1.3758428451415654
"[0.33563295355954426, 0.6540730831775942, -0.8853014096615979, 0.5311599922292347]",28.626976510553952,1.375905677622962
"[0.3356258829807521, 0.6540724941855223, -0.8853014882688568, 0.5311605354322938]",28.627006193435896,1.3759685101043586
"[0.3356188128082618, 0.6540719053292554, -0.8853015669570857, 0.5311610784714365]",28.62703587418639,1.3760313425857553
"[0.33561174227656493, 0.654071316545025, -0.885301645734804, 0.531161621405469]",28.627065555428747,1.3760941750671518
"[0.3356046718872069, 0.6540707278746063, -0.8853017245964283, 0.5311621641958624]",28.627095243473256,1.3761570075485485
"[0.3355976019421864, 0.6540701393431259, -0.8853018035385798, 0.5311627068194503]",28.627124928813764,1.376219840029945
"[0.3355905315443978, 0.6540695508758977, -0.8853018825712772, 0.5311632493450908]",28.627154615844137,1.3762826725113417
"[0.3355834620100779, 0.654068962582467, -0.8853019616797997, 0.5311637916717898]",28.627184305977476,1.3763455049927382
"[0.33557639213721185, 0.6540683743627906, -0.8853020408775893, 0.531164333891775]",28.627213997225343,1.376408337474135
"[0.3355693224355456, 0.6540677862592807, -0.8853021201589399, 0.5311648759659467]",28.627243689568154,1.3764711699555316
"[0.33556225298781467, 0.6540671982788088, -0.8853021995229163, 0.531165417887971]",28.6272733843926,1.3765340024369281
"[0.33555518344270485, 0.6540666103921488, -0.8853022789734597, 0.5311659596847829]",28.627303078773544,1.3765968349183246
"[0.33554811414594105, 0.6540660226280447, -0.8853023585066833, 0.5311665013298896]",28.627332775141024,1.3766596673997213
"[0.3355410450708855, 0.6540654349842696, -0.8853024381228782, 0.5311670428253445]",28.62736247421617,1.3767224998811178
"[0.33553397576175753, 0.6540648474229419, -0.8853025178271785, 0.5311675842060484]",28.627392174461182,1.3767853323625145
"[0.33552690712010835, 0.6540642600189513, -0.8853025976094135, 0.5311681254030053]",28.627421876728754,1.3768481648439113
"[0.33551983825591863, 0.6540636726983555, -0.88530267747962, 0.5311686664843339]",28.627451577320524,1.3769109973253078
"[0.33551276941110003, 0.654063085481246, -0.885302757435069, 0.5311692074315222]",28.627481282565224,1.3769738298067045
"[0.33550570060164386, 0.6540624983689467, -0.8853028374755798, 0.5311697482433483]",28.62751099259841,1.377036662288101
"[0.3354986322783911, 0.6540619113988893, -0.8853029175960381, 0.5311702888853329]",28.627540695183754,1.3770994947694974
"[0.3354915640722913, 0.6540613245404119, -0.8853029978006169, 0.5311708293857199]",28.62757040558549,1.3771623272508942
"[0.335484495991174, 0.6540607377941567, -0.8853030780892236, 0.5311713697439162]",28.627600118333802,1.3772251597322909
"[0.3354774277389202, 0.6540601511355424, -0.885303158465224, 0.5311719099825555]",28.627629828452804,1.3772879922136874
"[0.33547035992709306, 0.6540595646153101, -0.8853032389216585, 0.5311724500549136]",28.627659542081553,1.377350824695084
"[0.3354632914399315, 0.6540589781408822, -0.8853033194712336, 0.5311729900462288]",28.627689255863547,1.3774136571764806
"[0.33545622430500444, 0.6540583918804659, -0.8853034000908321, 0.5311735298016286]",28.62771897259514,1.3774764896578773
"[0.3354491568617736, 0.6540578056962841, -0.8853034807993795, 0.5311740694479665]",28.627748689446292,1.377539322139274
"[0.3354420888152175, 0.6540572195638841, -0.8853035616002605, 0.5311746090077434]",28.627778410403646,1.3776021546206705
"[0.3354350214940041, 0.6540566335934436, -0.8853036424782854, 0.5311751483795338]",28.627808130961,1.3776649871020672
"[0.3354279547596331, 0.6540560477734484, -0.8853037234350158, 0.5311756875739437]",28.627837854116443,1.3777278195834637
"[0.3354208872289236, 0.6540554619892387, -0.8853038044863015, 0.5311762266965017]",28.62786757870285,1.3777906520648602
"[0.33541382017991567, 0.6540548763467525, -0.8853038856174923, 0.531176765649702]",28.627897300551023,1.377853484546257
"[0.3354067530864311, 0.65405429080235, -0.8853039668346219, 0.5311773044737108]",28.627927029412767,1.3779163170276536
"[0.3353996862194757, 0.6540537053785047, -0.8853040481345726, 0.53117784314784]",28.627956757702417,1.3779791495090503
"[0.33539261955308025, 0.6540531200730453, -0.8853041295176364, 0.5311783816740899]",28.627986489357898,1.3780419819904468
"[0.33538555282951177, 0.6540525348646266, -0.8853042109867791, 0.5311789200720956]",28.62801621953806,1.3781048144718433
"[0.3353784869825596, 0.6540519498305319, -0.8853042925312216, 0.5311794582707657]",28.628045955117067,1.37816764695324
"[0.3353714205178148, 0.654051364847046, -0.8853043741682061, 0.531179996383904]",28.628075684716272,1.3782304794346365
"[0.33536435480386745, 0.6540507800274493, -0.8853044558819192, 0.5311805343073063]",28.62810542357037,1.3782933119160332
"[0.33535728772144974, 0.6540501951963481, -0.8853045376968824, 0.5311810722022924]",28.628135161032763,1.37835614439743
"[0.33535022242736295, 0.6540496106149611, -0.8853046195765427, 0.5311816098286102]",28.628164900266803,1.3784189768788264
"[0.33534315629793493, 0.6540490260661916, -0.8853047015512885, 0.5311821473859212]",28.628194638020638,1.3784818093602231
"[0.33533609061592906, 0.654048441656168, -0.8853047836062463, 0.5311826847766208]",28.628224382437335,1.3785446418416196
"[0.3353290248831257, 0.654047857343638, -0.8853048657471959, 0.5311832220386509]",28.628254125894003,1.3786074743230161
"[0.33532196002782566, 0.6540472732053856, -0.8853049479633311, 0.5311837591014043]",28.628283870223076,1.3786703068044128
"[0.3353148943095094, 0.6540466890974835, -0.8853050302749066, 0.5311842960972097]",28.628313617019224,1.3787331392858095
"[0.335307829402734, 0.6540461051583635, -0.8853051126624163, 0.5311848328987976]",28.62834336569644,1.378795971767206
"[0.3353007636883695, 0.6540455212541962, -0.8853051951447432, 0.53118536962919]",28.628373114509703,1.3788588042486027
"[0.3352936988743141, 0.6540449375261156, -0.8853052777019478, 0.5311859061586537]",28.628402867690436,1.3789216367299992
"[0.335286633621029, 0.6540443538634314, -0.8853053603496762, 0.5311864425889286]",28.62843261667874,1.3789844692113957
"[0.33527956905072753, 0.6540437703588464, -0.8853054430747971, 0.531186978834812]",28.62846237275796,1.3790473016927924
"[0.335272504351922, 0.6540431869453034, -0.8853055258868039, 0.5311875149579354]",28.628492128032732,1.3791101341741892
"[0.3352654396610898, 0.6540426036340895, -0.885305608784099, 0.5311880509479187]",28.628521885792903,1.3791729666555859
"[0.33525837549142745, 0.6540420204675672, -0.8853056917606515, 0.5311885867658357]",28.62855164296112,1.3792357991369824
"[0.3352513113099129, 0.6540414374016976, -0.8853057748227148, 0.5311891224521569]",28.62858140275951,1.3792986316183788
"[0.3352442470111027, 0.6540408544278061, -0.88530585797153, 0.5311896580148412]",28.628611165399988,1.3793614640997756
"[0.33523718269208597, 0.6540402715538801, -0.8853059412059588, 0.5311901934465517]",28.628640926829213,1.379424296581172
"[0.33523011893805954, 0.6540396888282071, -0.8853060245190961, 0.5311907287029285]",28.62867069230258,1.3794871290625688
"[0.33522305488463633, 0.6540391061794645, -0.885306107921133, 0.5311912638494851]",28.62870045989008,1.3795499615439655
"[0.3352159911044825, 0.6540385236548878, -0.885306191405309, 0.5311917988428326]",28.62873022544452,1.379612794025362
"[0.3352089275373031, 0.6540379412494851, -0.8853062749723293, 0.5311923336875581]",28.628759995811524,1.3796756265067587
"[0.33520186462237594, 0.654037358999458, -0.8853063586169805, 0.5311928683504196]",28.628789765510806,1.3797384589881552
"[0.33519480095121557, 0.6540367767886966, -0.8853064423559469, 0.5311934029380319]",28.628819537380426,1.3798012914695519
"[0.3351877374520164, 0.6540361946937111, -0.8853065261782354, 0.5311939373801369]",28.6288493110099,1.3798641239509486
"[0.335180674466508, 0.6540356127426482, -0.8853066100797784, 0.5311944716508938]",28.628879088456493,1.379926956432345
"[0.3351736110945219, 0.6540350308613435, -0.8853066940712676, 0.5311950058183862]",28.628908863306243,1.3799897889137416
"[0.33516654858211276, 0.6540344491524055, -0.8853067781378794, 0.5311955397884268]",28.628938641420138,1.3800526213951383
"[0.3351594861891459, 0.6540338675548748, -0.8853068622884045, 0.5311960736169711]",28.62896841974166,1.3801154538765348
"[0.33515242288769226, 0.6540332859841075, -0.885306946535107, 0.5311966073817029]",28.628998202386946,1.3801782863579315
"[0.33514536049410376, 0.6540327045896539, -0.8853070308563229, 0.5311971409453621]",28.629027983684054,1.3802411188393282
"[0.3351382985290237, 0.65403212333202, -0.8853071152577522, 0.531197674344201]",28.629057768260346,1.3803039513207247
"[0.33513123628162816, 0.6540315421526947, -0.8853071997478879, 0.5311982076319115]",28.629087554865677,1.3803667838021214
"[0.33512417419282764, 0.6540309610879602, -0.885307284321458, 0.5311987407751975]",28.62911733801848,1.380429616283518
"[0.33511711204771966, 0.6540303801201306, -0.885307368981035, 0.5311992737902831]",28.62914712921521,1.3804924487649144
"[0.3351100495883558, 0.6540297992279936, -0.8853074537297181, 0.5311998066966231]",28.629176921169265,1.380555281246311
"[0.3351029879521597, 0.654029218505083, -0.88530753855385, 0.5312003394084136]",28.629206711228836,1.3806181137277078
"[0.33509592628267193, 0.6540286378809532, -0.8853076234637047, 0.5312008719902772]",28.629236504911866,1.3806809462091045
"[0.3350888652951205, 0.6540280574143935, -0.8853077084506711, 0.531201404388292]",28.629266297608325,1.380743778690501
"[0.33508180418765404, 0.6540274770394707, -0.8853077935243908, 0.5312019366629326]",28.629296095369817,1.3808066111718975
"[0.3350747422451373, 0.6540268966974231, -0.8853078786934979, 0.5312024688680795]",28.629325894826074,1.3808694436532942
"[0.3350676808753699, 0.6540263165039465, -0.8853079639410185, 0.5312030008976283]",28.62935569183088,1.3809322761346907
"[0.3350606198269246, 0.6540257364383589, -0.8853080492699733, 0.5312035327705483]",28.6293854910795,1.3809951086160874
"[0.3350535594258692, 0.6540251565274243, -0.8853081346764047, 0.5312040644623036]",28.629415291293757,1.3810579410974841
"[0.335046497877517, 0.6540245766237424, -0.8853082201820316, 0.5312045961080313]",28.629445097104078,1.3811207735788806
"[0.33503943717571044, 0.6540239968910545, -0.8853083057627177, 0.5312051275576105]",28.629474902278112,1.3811836060602771
"[0.3350323763354756, 0.6540234172484707, -0.8853083914303888, 0.5312056588851964]",28.629504709058345,1.3812464385416738
"[0.3350253163616024, 0.6540228377784559, -0.8853084771728418, 0.5312061900152014]",28.629534518755154,1.3813092710230703
"[0.3350182559314987, 0.6540222583724447, -0.8853085630061324, 0.5312067210471342]",28.629564328770275,1.381372103504467
"[0.33501119575032656, 0.6540216790883085, -0.8853086489216921, 0.5312072519279496]",28.62959413676532,1.3814349359858638
"[0.3350041355090625, 0.6540210999006804, -0.8853087349232794, 0.5312077826808946]",28.629623949163882,1.3814977684672602
"[0.3349970751845868, 0.6540205208076764, -0.8853088210111784, 0.5312083133076879]",28.629653764909264,1.381560600948657
"[0.3349900153897457, 0.6540199418595312, -0.8853089071779089, 0.5312088437623055]",28.62968358166296,1.3816234334300534
"[0.33498295577419723, 0.6540193630275072, -0.8853089934277356, 0.5312093740710769]",28.629713394124018,1.3816862659114502
"[0.33497589619902257, 0.6540187843002095, -0.8853090797623513, 0.5312099042444403]",28.62974321622864,1.3817490983928469
"[0.3349688365706044, 0.6540182056699592, -0.8853091661829018, 0.5312104342894277]",28.6297730362638,1.3818119308742434
"[0.3349617768970156, 0.6540176271374167, -0.8853092526892914, 0.5312109642054295]",28.62980285702471,1.38187476335564
"[0.33495471797308757, 0.6540170487677032, -0.8853093392717674, 0.5312114939328001]",28.629832681959062,1.3819375958370366
"[0.3349476587068743, 0.6540164704713298, -0.8853094259437173, 0.5312120235535037]",28.629862503980135,1.382000428318433
"[0.3349405996777097, 0.6540158922957651, -0.8853095126980304, 0.5312125530240609]",28.629892330783015,1.3820632607998298
"[0.3349335404725538, 0.6540153142071709, -0.8853095995397819, 0.5312130823754582]",28.629922158426826,1.3821260932812265
"[0.3349264816157931, 0.6540147362484836, -0.8853096864625193, 0.5312136115683764]",28.629951986899783,1.382188925762623
"[0.3349194224653017, 0.6540141583671253, -0.8853097734741482, 0.5312141406509552]",28.629981815648897,1.3822517582440197
"[0.3349123641739627, 0.6540135806574584, -0.8853098605604488, 0.5312146695368015]",28.630011651346276,1.3823145907254162
"[0.3349053055945005, 0.6540130030255653, -0.8853099477355671, 0.5312151983118971]",28.63004148043479,1.382377423206813
"[0.334898247228403, 0.6540124255125077, -0.8853100349933105, 0.5312157269386444]",28.630071316017904,1.3824402556882094
"[0.3348911890613918, 0.6540118481170362, -0.8853101223338502, 0.531216255418205]",28.630101156034172,1.382503088169606
"[0.3348841308795287, 0.6540112708217117, -0.8853102097598293, 0.5312167837665207]",28.630130993840023,1.3825659206510028
"[0.3348770725681342, 0.6540106936171327, -0.8853102972726721, 0.5312173119921975]",28.630160832006396,1.3826287531323993
"[0.33487001472566597, 0.6540101165522286, -0.885310384864953, 0.5312178400504581]",28.63019067237859,1.3826915856137958
"[0.3348629575773734, 0.6540095396453891, -0.8853104725338561, 0.53121836792448]",28.630220513706053,1.3827544180951925
"[0.3348558995446445, 0.6540089627675705, -0.8853105602989958, 0.5312188957323345]",28.6302503592274,1.382817250576589
"[0.33484884214159844, 0.6540083860425209, -0.8853106481415495, 0.5312194233607969]",28.630280205247114,1.3828800830579857
"[0.3348417846294981, 0.6540078094098662, -0.8853107360707034, 0.5312199508650999]",28.630310053251527,1.3829429155393824
"[0.33483472727556934, 0.6540072328914389, -0.8853108240831286, 0.5312204782252675]",28.63033990023611,1.383005748020779
"[0.3348276701961251, 0.6540066564967143, -0.8853109121773659, 0.5312210054326377]",28.630369750086157,1.3830685805021756
"[0.3348206125537221, 0.6540060801573108, -0.8853110003638761, 0.5312215325497462]",28.630399603313585,1.3831314129835721
"[0.334813556282497, 0.6540055040311481, -0.8853110886184775, 0.5312220594321662]",28.630429454354168,1.3831942454649686
"[0.33480649925233913, 0.6540049279442948, -0.8853111769678009, 0.5312225862389641]",28.630459310030517,1.3832570779463653
"[0.33479944260936895, 0.6540043519903164, -0.8853112653975056, 0.5312231128845712]",28.630489167347108,1.383319910427762
"[0.3347923858426265, 0.6540037761275, -0.8853113539139901, 0.5312236394071295]",28.630519025061385,1.3833827429091585
"[0.33478532959197926, 0.6540032004080484, -0.8853114425092218, 0.5312241657589094]",28.63054888356059,1.3834455753905552
"[0.3347782736158148, 0.654002624812233, -0.8853115311862206, 0.5312246919579499]",28.630578742000942,1.3835084078719517
"[0.33477121653215935, 0.6540020492273331, -0.8853116199623701, 0.5312252181072887]",28.630608606915747,1.3835712403533484
"[0.3347641607652649, 0.6540014738510654, -0.8853117088071704, 0.5312257440261888]",28.630638466098407,1.3836340728347452
"[0.3347571047308619, 0.6540008985542128, -0.885311797740553, 0.5312262698327662]",28.630668332166085,1.3836969053161416
"[0.33475004890396803, 0.6540003233755106, -0.8853118867565312, 0.5312267954916123]",28.630698201699712,1.3837597377975384
"[0.3347429932295317, 0.65399974831044, -0.8853119758557944, 0.5312273210068619]",28.630728068360273,1.3838225702789348
"[0.33473593723344686, 0.6539991733203819, -0.8853120650443331, 0.5312278464137967]",28.63075793757883,1.3838854027603313
"[0.33472888210876567, 0.6539985985025346, -0.8853121543070572, 0.5312283716236033]",28.63078780779762,1.383948235241728
"[0.3347218265136487, 0.6539980237475624, -0.8853122436609379, 0.5312288967361815]",28.630817680348482,1.3840110677231248
"[0.33471477106498854, 0.6539974491057201, -0.8853123330981686, 0.531229421705612]",28.630847555400262,1.3840739002045215
"[0.3347077158148764, 0.6539968745812422, -0.8853124226180832, 0.5312299465280249]",28.630877427471795,1.384136732685918
"[0.33470066061147014, 0.6539963001617575, -0.8853125122226051, 0.5312304712147203]",28.63090730501288,1.3841995651673145
"[0.33469360572908724, 0.6539957258695829, -0.8853126019082438, 0.5312309957453148]",28.630937183758974,1.3842623976487112
"[0.3346865509337636, 0.6539951516856686, -0.8853126916779671, 0.5312315201372066]",28.630967065657217,1.3843252301301077
"[0.33467949617581844, 0.653994577605964, -0.8853127815324048, 0.5312320443940928]",28.630996948894303,1.3843880626115044
"[0.3346724416696458, 0.6539940036479068, -0.8853128714688224, 0.531232568500048]",28.631026829243726,1.384450895092901
"[0.33466538710534627, 0.6539934297862743, -0.885312961491167, 0.5312330924781042]",28.631056713001932,1.3845137275742976
"[0.33465833316073307, 0.6539928560761924, -0.88531305159078, 0.5312336162779275]",28.631086600747008,1.384576560055694
"[0.33465127867759237, 0.6539922824234555, -0.8853131417824545, 0.5312341399855262]",28.631116485960323,1.3846393925370908
"[0.334644224686864, 0.6539917089118958, -0.8853132320530106, 0.5312346635243633]",28.631146376072614,1.3847022250184873
"[0.33463717046036995, 0.653991135482306, -0.8853133224117636, 0.531235186948485]",28.631176267327966,1.384765057499884
"[0.3346301165343737, 0.6539905621782641, -0.8853134128518435, 0.5312357102181136]",28.631206157254066,1.3848278899812807
"[0.3346230625202052, 0.6539899889681856, -0.8853135033782298, 0.5312362333620725]",28.63123605228284,1.3848907224626772
"[0.3346160091883944, 0.65398941591466, -0.8853135939810243, 0.5312367563232433]",28.631265947861774,1.384953554944074
"[0.33460895546106617, 0.6539888429301092, -0.8853136846740681, 0.531237279181547]",28.631295844599542,1.3850163874254704
"[0.3346019019461767, 0.6539882700639209, -0.8853137754495483, 0.531237801891911]",28.631325742001277,1.3850792199068669
"[0.33459484878305773, 0.6539876973273963, -0.885313866305662, 0.531238324444026]",28.631355638894675,1.3851420523882636
"[0.3345877958215274, 0.6539871247083443, -0.885313957244334, 0.5312388468490113]",28.63138554270185,1.3852048848696603
"[0.3345807429947885, 0.6539865522012702, -0.8853140482664217, 0.5312393691118948]",28.631415444329626,1.385267717351057
"[0.3345736895580748, 0.6539859797457909, -0.8853141393815438, 0.5312398912877373]",28.63144534782091,1.3853305498324535
"[0.33456663677460047, 0.6539854074444008, -0.8853142305733831, 0.531240413283049]",28.631475252683664,1.38539338231385
"[0.3345595837053125, 0.6539848352208915, -0.8853143218540753, 0.5312409351673401]",28.631505160581995,1.3854562147952467
"[0.3345525315744091, 0.6539842631745675, -0.8853144132077657, 0.5312414568500435]",28.63153506889036,1.3855190472766432
"[0.3345454791579795, 0.653983691206131, -0.8853145046502979, 0.5312419784217177]",28.63156497995291,1.38558187975804
"[0.33453842666738975, 0.6539831193327309, -0.8853145961789377, 0.5312424998667181]",28.631594889116663,1.3856447122394366
"[0.3345313747555, 0.6539825476072905, -0.885314687785204, 0.5312430211367901]",28.631624802779662,1.3857075447208331
"[0.33452432245439456, 0.653981975951343, -0.8853147794816674, 0.531243542303471]",28.63165471911694,1.3857703772022298
"[0.334517270246417, 0.6539814044039608, -0.8853148712620627, 0.5312440633311413]",28.6316846355195,1.3858332096836263
"[0.334510218896796, 0.6539808330271691, -0.885314963116413, 0.5312445841632555]",28.631714552363213,1.385896042165023
"[0.33450316684205916, 0.6539802616942587, -0.8853150550650838, 0.5312451049153155]",28.631744470749055,1.3859588746464198
"[0.33449611482989033, 0.6539796904658217, -0.8853151470983389, 0.5312456255320829]",28.631774391587044,1.3860217071278162
"[0.3344890635940137, 0.6539791194012663, -0.8853152392065872, 0.5312461459594192]",28.631804311178783,1.3860845396092127
"[0.33448201193426896, 0.6539785484033873, -0.8853153314055016, 0.5312466662859083]",28.631834234093176,1.3861473720906095
"[0.3344749605413539, 0.6539779775281166, -0.8853154236860543, 0.5312471864605772]",28.631864158378512,1.386210204572006
"[0.3344679096302675, 0.65397740679283, -0.8853155160454184, 0.5312477064675992]",28.63189408513679,1.3862730370534027
"[0.33446085819075505, 0.653976836115763, -0.8853156084968293, 0.5312482263814644]",28.63192401404192,1.3863358695347994
"[0.334453807539908, 0.6539762656034955, -0.8853157010230137, 0.5312487461050746]",28.631953944029064,1.3863987020161959
"[0.3344467567402614, 0.6539756951801561, -0.8853157936362631, 0.5312492657075483]",28.63198387569364,1.3864615344975926
"[0.3344397061253837, 0.6539751248727274, -0.8853158863321964, 0.5312497851643042]",28.6320138067196,1.386524366978989
"[0.33443265529785315, 0.6539745546490607, -0.8853159791160391, 0.5312503045046212]",28.632043741616283,1.3865871994603856
"[0.3344256044973895, 0.6539739845285605, -0.8853160719846407, 0.5312508237108177]",28.632073675310135,1.3866500319417823
"[0.3344185546452426, 0.6539734145856482, -0.8853161649258509, 0.5312513427151352]",28.632103611214674,1.386712864423179
"[0.33441150481388676, 0.6539728447453604, -0.8853162579518797, 0.5312518615858303]",28.632133551546207,1.3867756969045755
"[0.33440445384709405, 0.6539722749142456, -0.8853163510780044, 0.5312523804079881]",28.632163492091117,1.3868385293859722
"[0.3343974039099042, 0.6539717052672903, -0.8853164442756336, 0.531252899022276]",28.632193435106906,1.3869013618673687
"[0.33439035417303964, 0.6539711357374071, -0.8853165375557085, 0.5312534174897937]",28.63222337873333,1.3869641943487654
"[0.3343833045390964, 0.6539705663167686, -0.8853166309195117, 0.5312539358176517]",28.632253320250513,1.3870270268301619
"[0.334376255088886, 0.6539699970118796, -0.8853167243659694, 0.5312544539999324]",28.63228326602406,1.3870898593115586
"[0.33436920513189344, 0.6539694277669821, -0.885316817904241, 0.5312549720873803]",28.63231321430483,1.3871526917929553
"[0.33436215587998686, 0.653968858679913, -0.8853169115182447, 0.5312554899909511]",28.63234316026134,1.3872155242743518
"[0.33435510621916603, 0.6539682896607149, -0.8853170052227695, 0.5312560077925151]",28.632373111837666,1.3872783567557483
"[0.33434805731567746, 0.6539677208035517, -0.8853170990023076, 0.5312565254063736]",28.632403063794865,1.387341189237145
"[0.3343410081353361, 0.6539671520249113, -0.8853171928706104, 0.531257042908527]",28.632433017127482,1.3874040217185415
"[0.33433395921730547, 0.6539665833683215, -0.8853172868204982, 0.5312575602593613]",28.63246297355815,1.3874668541999382
"[0.3343269103877545, 0.6539660148197396, -0.885317380854283, 0.5312580774716545]",28.632492931280016,1.387529686681335
"[0.33431986175308664, 0.6539654463877395, -0.8853174749705401, 0.5312585945376064]",28.632522887516785,1.3875925191627314
"[0.3343128131180636, 0.6539648780565687, -0.8853175691718737, 0.5312591114715441]",28.63255284563621,1.3876553516441281
"[0.3343057650654954, 0.6539643098732058, -0.8853176634504849, 0.5312596282307396]",28.632582805269767,1.3877181841255246
"[0.3342987158593881, 0.6539637416977155, -0.885317757829606, 0.5312601449424538]",28.632612769957397,1.387781016606921
"[0.33429166802996796, 0.653963173734017, -0.8853178522753578, 0.5312606614212404]",28.632642730472515,1.387843849088318
"[0.33428462008662163, 0.6539626058619705, -0.8853179468076926, 0.5312611777763526]",28.632672698530726,1.3879066815697145
"[0.3342775717266798, 0.6539620380571929, -0.8853180414306804, 0.5312616940299553]",28.632702663935074,1.3879695140511112
"[0.3342705241427025, 0.6539614704157566, -0.8853181361283059, 0.5312622100946949]",28.63273263008651,1.3880323465325077
"[0.33426347605656753, 0.6539609028346709, -0.8853182309177381, 0.5312627260642132]",28.632762600337365,1.3880951790139042
"[0.33425642832419306, 0.6539603353829045, -0.8853183257874688, 0.5312632418757984]",28.63279257383591,1.388158011495301
"[0.3342493808120057, 0.6539597680496663, -0.8853184207392865, 0.5312637575392667]",28.632822545873825,1.3882208439766976
"[0.33424233388033425, 0.6539592008639554, -0.8853185157683228, 0.5312642730282602]",28.63285252036337,1.3882836764580941
"[0.33423528654748974, 0.6539586337467392, -0.885318610887813, 0.5312647884146103]",28.632882494645596,1.3883465089394909
"[0.33422823900873855, 0.6539580667137516, -0.8853187060951332, 0.5312653036840072]",28.632912473030757,1.3884093414208873
"[0.33422119196765326, 0.6539574998215896, -0.8853188013807735, 0.5312658187850204]",28.632942451078215,1.3884721739022838
"[0.334214144974685, 0.6539569330340742, -0.8853188967508038, 0.5312663337505256]",28.632972432145802,1.3885350063836805
"[0.33420709829321943, 0.65395636637238, -0.8853189922016529, 0.531266848561284]",28.63300241467725,1.3885978388650773
"[0.3342000513692059, 0.6539557997919533, -0.8853190877408251, 0.5312673632577688]",28.633032395541132,1.388660671346474
"[0.3341930044465641, 0.6539552333123951, -0.885319183365019, 0.5312678778221719]",28.633062381094476,1.3887235038278705
"[0.3341859582985214, 0.6539546669958557, -0.8853192790637282, 0.5312683921980392]",28.63309236769376,1.388786336309267
"[0.3341789120692849, 0.6539541007735317, -0.8853193748485637, 0.5312689064478676]",28.633122358020618,1.3888491687906637
"[0.33417186585290165, 0.65395353465298, -0.8853194707182489, 0.5312694205647901]",28.633152342695478,1.3889120012720602
"[0.33416481973060147, 0.6539529686407248, -0.8853195666716779, 0.531269934542878]",28.63318233494289,1.3889748337534569
"[0.33415777338013364, 0.6539524027108689, -0.8853196627132411, 0.5312704484056475]",28.63321232891706,1.3890376662348536
"[0.3341507274243078, 0.6539518369134395, -0.8853197588344477, 0.5312709621076684]",28.633242321112224,1.38910049871625
"[0.33414368197177813, 0.6539512712571363, -0.8853198550337998, 0.5312714756410475]",28.633272318837296,1.3891633311976468
"[0.33413663611856304, 0.6539507056693755, -0.8853199513236386, 0.5312719890716793]",28.63330231191509,1.3892261636790433
"[0.3341295904199191, 0.6539501401947345, -0.8853200476963813, 0.5312725023590902]",28.633332310765148,1.3892889961604398
"[0.33412254512219147, 0.6539495748529649, -0.8853201441486487, 0.5312730154853547]",28.633362309008536,1.3893518286418365
"[0.33411550001687734, 0.6539490096273239, -0.8853202406832852, 0.5312735284656706]",28.633392312123668,1.3894146611232332
"[0.33410845490855395, 0.6539484445021271, -0.8853203373029659, 0.53127404131427]",28.63342231468911,1.3894774936046297
"[0.3341014089683328, 0.6539478794109058, -0.8853204340190735, 0.5312745540914618]",28.63345231687557,1.3895403260860264
"[0.33409436475395726, 0.6539473145587497, -0.8853205307964845, 0.5312750666111531]",28.6334823236416,1.389603158567423
"[0.3340873197039657, 0.6539467497402656, -0.8853206276703731, 0.531275579059706]",28.63351233199762,1.3896659910488196
"[0.3340802748011162, 0.6539461850342466, -0.8853207246272393, 0.5312760913656267]",28.63354233895514,1.389728823530216
"[0.3340732302460597, 0.6539456204567651, -0.8853208216643131, 0.5312766035143346]",28.633572350845633,1.3897916560116128
"[0.33406618581140063, 0.653945055989583, -0.8853209187847191, 0.5312771155223748]",28.633602362825968,1.3898544884930095
"[0.33405914166723005, 0.6539444916463192, -0.8853210159861052, 0.5312776273773953]",28.633632372811757,1.389917320974406
"[0.3340520972953851, 0.6539439273854559, -0.8853211132756206, 0.5312781391170495]",28.63366238620398,1.3899801534558025
"[0.3340450529056168, 0.6539433632238015, -0.8853212106503741, 0.5312786507260867]",28.633692404946515,1.3900429859371992
"[0.334038009028548, 0.6539427992038297, -0.8853213081030222, 0.531279162165994]",28.63372242332591,1.390105818418596
"[0.33403096514564845, 0.6539422352840133, -0.8853214056407299, 0.5312796734744271]",28.63375244295566,1.3901686508999924
"[0.3340239209195927, 0.653941671437352, -0.8853215032681753, 0.5312801846758596]",28.633782462279513,1.3902314833813891
"[0.3340168778215545, 0.6539411077815834, -0.8853216009649552, 0.5312806956635523]",28.633812482764117,1.3902943158627856
"[0.33400983361589015, 0.6539405441377867, -0.8853216987620816, 0.5312812065997038]",28.633842507229136,1.3903571483441823
"[0.33400279051714166, 0.6539399806831575, -0.8853217966288095, 0.5312817173236855]",28.633872533304547,1.3904199808255788
"[0.33399574700190654, 0.6539394172958052, -0.8853218945862946, 0.5312822279459836]",28.63390256005906,1.3904828133069755
"[0.3339887037390316, 0.6539388540292266, -0.8853219926252394, 0.5312827384181077]",28.633932586399116,1.3905456457883723
"[0.3339816604275788, 0.653938290859352, -0.8853220907498294, 0.531283248761869]",28.633962614210077,1.3906084782697687
"[0.33397461753594043, 0.6539377278236189, -0.8853221889535327, 0.5312837589433428]",28.63399264662465,1.3906713107511652
"[0.33396757459691184, 0.6539371648846769, -0.8853222872428576, 0.5312842689963712]",28.634022677759642,1.390734143232562
"[0.3339605319816104, 0.6539366020721594, -0.885322385612621, 0.5312847788941087]",28.63405271368617,1.3907969757139584
"[0.3339534893740349, 0.6539360393608209, -0.8853224840672311, 0.531285288659423]",28.634082749258198,1.3908598081953552
"[0.33394644699836956, 0.6539354767685638, -0.8853225826035496, 0.5312857982760957]",28.634112788621874,1.3909226406767519
"[0.33393940469451017, 0.6539349142825871, -0.8853226812238117, 0.5312863077557223]",28.634142825107936,1.3909854731581484
"[0.33393236266996695, 0.6539343519194553, -0.8853227799251063, 0.5312868170832991]",28.634172865870788,1.391048305639545
"[0.33392532039877254, 0.6539337896371606, -0.8853228787148051, 0.5312873262968696]",28.634202906599146,1.3911111381209416
"[0.3339182779870102, 0.6539332274442204, -0.8853229775914265, 0.5312878353887026]",28.634232950327064,1.391173970602338
"[0.3339112358473888, 0.6539326653734616, -0.8853230765491764, 0.5312883443291011]",28.63426299330511,1.3912368030837348
"[0.33390419433170476, 0.6539321034530471, -0.8853231755830937, 0.5312888530925398]",28.634293037064527,1.3912996355651315
"[0.33389715239818, 0.6539315415998073, -0.8853232747078273, 0.5312893617543275]",28.634323084616433,1.3913624680465282
"[0.33389011082633496, 0.6539309798759454, -0.8853233739124063, 0.5312898702581426]",28.634353135653452,1.3914253005279247
"[0.3338830690286247, 0.6539304182345554, -0.8853234732051067, 0.5312903786464542]",28.634383185547033,1.3914881330093212
"[0.33387602808966416, 0.6539298567621377, -0.8853235725706236, 0.5312908868409628]",28.634413235153573,1.3915509654907179
"[0.3338689868790874, 0.6539292953685569, -0.8853236720248988, 0.5312913949232482]",28.634443290534193,1.3916137979721144
"[0.3338619457946371, 0.6539287340855175, -0.8853237715623185, 0.5312919028646139]",28.634473346651397,1.391676630453511
"[0.3338549046588722, 0.6539281728988606, -0.8853238711853897, 0.5312924106778738]",28.634503400906446,1.3917394629349078
"[0.3338478638218551, 0.6539276118364894, -0.8853239708891558, 0.5312929183377743]",28.634533460151054,1.3918022954163043
"[0.33384082296187867, 0.6539270508727525, -0.8853240706781678, 0.5312934258675264]",28.634563521751662,1.3918651278977008
"[0.33383378231575855, 0.6539264900265155, -0.8853241705490661, 0.5312939332500594]",28.634593578453465,1.3919279603790975
"[0.33382674187842953, 0.6539259292973617, -0.885324270501916, 0.5312944404857504]",28.634623640869727,1.3919907928604942
"[0.33381970114850534, 0.653925368645358, -0.8853243705438374, 0.5312949476107197]",28.634653705525032,1.392053625341891
"[0.3338126607553168, 0.6539248081206138, -0.8853244706658885, 0.531295454579639]",28.6346837722824,1.3921164578232874
"[0.3338056205260773, 0.6539242477093611, -0.8853245708705165, 0.5312959614049623]",28.634713834096893,1.392179290304684
"[0.3337985806166612, 0.6539236874239938, -0.8853246711554966, 0.5312964680754811]",28.63474390761859,1.3922421227860806
"[0.3337915405721621, 0.6539231272283033, -0.8853247715273045, 0.5312969746239377]",28.63477397530821,1.392304955267477
"[0.3337845012079901, 0.6539225671871504, -0.8853248719743065, 0.531297480991686]",28.63480404580389,1.3923677877488738
"[0.33377746106321976, 0.6539220071843166, -0.885324972517351, 0.5312979872838003]",28.634834120676548,1.3924306202302705
"[0.333770421695462, 0.6539214473436936, -0.8853250731341932, 0.5312984933882692]",28.634864194877284,1.392493452711667
"[0.33376338238194214, 0.6539208876077803, -0.8853251738351505, 0.5312989993570781]",28.63489426880622,1.3925562851930637
"[0.33375634264156023, 0.6539203279383259, -0.8853252746271121, 0.5312995052247981]",28.634924348746914,1.3926191176744602
"[0.3337493035729501, 0.6539197684226671, -0.8853253754943442, 0.5313000109124861]",28.63495442423467,1.3926819501558567
"[0.3337422643205091, 0.6539192089927808, -0.8853254764490993, 0.531300516481623]",28.634984505416025,1.3927447826372534
"[0.3337352253307754, 0.6539186496841481, -0.8853255774849722, 0.5313010219001416]",28.63501458694441,1.3928076151186501
"[0.333728186129731, 0.6539180904591059, -0.8853256786087661, 0.5313015272020721]",28.635044669542236,1.3928704476000466
"[0.3337211475774284, 0.6539175313859621, -0.8853257798081191, 0.5313020323256956]",28.635074755765196,1.3929332800814433
"[0.3337141088973949, 0.6539169724030329, -0.8853258810941858, 0.5313025373267437]",28.635104843865733,1.3929961125628398
"[0.3337070703113919, 0.6539164135279268, -0.8853259824637764, 0.5313030421893049]",28.635134930608473,1.3930589450442366
"[0.3337000323082579, 0.6539158547994406, -0.8853260839098382, 0.531303546878335]",28.63516501617031,1.393121777525633
"[0.33369299360331633, 0.6539152961155854, -0.8853261854508928, 0.5313040514859554]",28.63519510932104,1.3931846100070298
"[0.33368595492204717, 0.6539147375339593, -0.8853262870764861, 0.5313045559601327]",28.635225197857906,1.3932474424884265
"[0.3336789171237438, 0.6539141791227332, -0.8853263887741953, 0.5313050602393042]",28.635255294775725,1.393310274969823
"[0.3336718793677641, 0.6539136208151831, -0.8853264905561525, 0.5313055643837317]",28.635285388114614,1.3933731074512195
"[0.33366484075682923, 0.653913062540143, -0.8853265924353492, 0.5313060684576661]",28.635315487820634,1.3934359399326162
"[0.33365780370267467, 0.6539125044888858, -0.8853266943768648, 0.5313065722884076]",28.63534558343869,1.3934987724140127
"[0.33365076566748714, 0.6539119464601398, -0.8853267964174538, 0.5313070760576748]",28.635375682758553,1.3935616048954094
"[0.33364372826078204, 0.6539113885815286, -0.8853268985337872, 0.5313075796502467]",28.635405782579017,1.393624437376806
"[0.33363669132324625, 0.653910830840397, -0.8853270007281573, 0.5313080830775531]",28.635435887616033,1.3936872698582026
"[0.3336296532235462, 0.6539102731074552, -0.8853271030242685, 0.5313085864562851]",28.635465992578755,1.3937501023395993
"[0.3336226165073466, 0.6539097155844396, -0.8853272053851172, 0.5313090896043622]",28.63549610114065,1.3938129348209958
"[0.3336155794577051, 0.6539091581352612, -0.8853273078356605, 0.5313095926446152]",28.635526206298206,1.3938757673023923
"[0.33360854268300366, 0.6539086008081424, -0.8853274103670429, 0.5313100955335162]",28.63555631411066,1.3939385997837892
"[0.3336015057893613, 0.6539080435718697, -0.8853275129850011, 0.5313105982992309]",28.635586421454562,1.3940014322651857
"[0.33359446880479393, 0.6539074864286656, -0.8853276156891311, 0.5313111009397492]",28.635616534949687,1.3940642647465822
"[0.3335874322556522, 0.6539069294201921, -0.8853277184717449, 0.5313116034174843]",28.635646643722666,1.394127097227979
"[0.33358039570424897, 0.6539063725117898, -0.8853278213392282, 0.5313121057637036]",28.635676762413755,1.3941899297093754
"[0.3335733592382976, 0.653905815710397, -0.8853279242902987, 0.5313126079721462]",28.635706874371763,1.394252762190772
"[0.3335663233646883, 0.6539052590561086, -0.8853280273175277, 0.5313131100066506]",28.63573699746317,1.3943155946721688
"[0.3335592869510428, 0.6539047024593296, -0.8853281304374958, 0.5313136119480187]",28.635767114347487,1.3943784271535653
"[0.3335522508122132, 0.6539041459845204, -0.8853282336382678, 0.5313141137381134]",28.635797233978998,1.394441259634962
"[0.333545215335654, 0.6539035896623019, -0.8853283369141435, 0.531314615349329]",28.635827354033992,1.3945040921163585
"[0.33353817934425384, 0.6539030333995884, -0.8853284402824001, 0.5313151168655941]",28.635857479334057,1.394566924597755
"[0.3335311435888811, 0.6539024772557487, -0.8853285437320121, 0.5313156182333779]",28.635887604646733,1.3946297570791517
"[0.33352410770405877, 0.6539019212018873, -0.8853286472683514, 0.5313161194787271]",28.635917731786233,1.3946925895605484
"[0.33351707285687304, 0.653901365330221, -0.8853287508742285, 0.5313166205185192]",28.635947858984608,1.3947554220419451
"[0.33351003742453317, 0.6539008095125076, -0.8853288545735347, 0.5313171214683482]",28.635977988613096,1.3948182545233416
"[0.3335030022909707, 0.6539002538185755, -0.8853289583532477, 0.5313176222652746]",28.63600811820536,1.3948810870047381
"[0.3334959668211486, 0.6538996981982861, -0.8853290622227361, 0.5313181229544742]",28.63603824804044,1.3949439194861348
"[0.33348893204293817, 0.6538991427327694, -0.8853291661668191, 0.5313186234628476]",28.636068383825258,1.3950067519675313
"[0.333481897520071, 0.6538985873875839, -0.8853292701919262, 0.5313191238214258]",28.63609852119318,1.395069584448928
"[0.33347486225934336, 0.6538980320843193, -0.8853293743127537, 0.5313196241008505]",28.63612865721442,1.3951324169303247
"[0.3334678283909767, 0.6538974769911001, -0.8853294784977633, 0.5313201241496593]",28.636158795149704,1.3951952494117212
"[0.33346079346228763, 0.6538969219143573, -0.8853295827832789, 0.5313206241422259]",28.636188935727294,1.395258081893118
"[0.333453759205497, 0.6538963669907749, -0.8853296871436293, 0.5313211239554245]",28.63621907457645,1.3953209143745144
"[0.33344672508705425, 0.653895812178242, -0.8853297915867163, 0.531321623627187]",28.636249219887596,1.395383746855911
"[0.3334396901968317, 0.6538952574049831, -0.8853298961260655, 0.5313221232221474]",28.63627936529038,1.3954465793373076
"[0.3334326565288846, 0.6538947028282384, -0.8853300007320376, 0.531322622598705]",28.63630950893708,1.3955094118187044
"[0.33342562265721826, 0.653894148335549, -0.885330105425822, 0.5313231218581315]",28.636339658064905,1.3955722443001009
"[0.33341858854940704, 0.6538935939243663, -0.8853302102079096, 0.5313236210027141]",28.636369804231325,1.3956350767814976
"[0.33341155478203316, 0.6538930396401297, -0.8853303150697106, 0.5313241199915414]",28.636399955300213,1.395697909262894
"[0.33340452091608586, 0.6538924854482366, -0.885330420017766, 0.5313246188557623]",28.63643010714681,1.3957607417442905
"[0.3333974883395924, 0.6538919314580202, -0.8853305250313448, 0.5313251174969669]",28.63646025949872,1.3958235742256873
"[0.33339045440186527, 0.6538913774606748, -0.8853306301500298, 0.5313256161030943]",28.63649041385489,1.395886406707084
"[0.3333834218687515, 0.6538908236740331, -0.8853307353324872, 0.5313261144780901]",28.636520571262253,1.3959492391884807
"[0.3333763885626276, 0.6538902699265946, -0.885330840611275, 0.5313266127762982]",28.636550728758266,1.3960120716698772
"[0.33336935558411473, 0.6538897163050292, -0.8853309459699276, 0.531327110919718]",28.636580890488673,1.3960749041512737
"[0.33336232248725156, 0.6538891627742226, -0.8853310514151227, 0.5313276089399445]",28.636611048349167,1.3961377366326704
"[0.33335528931843045, 0.653888609337829, -0.885331156946168, 0.5313281068336848]",28.636641211011774,1.396200569114067
"[0.33334825703663673, 0.6538880560712861, -0.8853312625486606, 0.5313286045330765]",28.63667137714713,1.3962634015954636
"[0.3333412245360228, 0.6538875028875735, -0.8853313682391948, 0.5313291021164042]",28.636701541796267,1.3963262340768603
"[0.3333341923519816, 0.6538869498288068, -0.8853314740097233, 0.5313295995457809]",28.636731708207883,1.3963890665582568
"[0.3333271590952104, 0.6538863967857325, -0.8853315798811568, 0.5313300969194622]",28.63676187323655,1.3964518990396535
"[0.33332012765985747, 0.653885843985915, -0.885331685809916, 0.5313305940327916]",28.636792042453283,1.39651473152105
"[0.33331309512427515, 0.6538852911996169, -0.8853317918400043, 0.5313310910923732]",28.636822214858,1.3965775640024467
"[0.33330606316342654, 0.6538847385585304, -0.8853318979461772, 0.5313315879797768]",28.63685238623974,1.3966403964838434
"[0.33329903124047855, 0.6538841860204417, -0.8853320041365249, 0.5313320847329616]",28.636882561326903,1.39670322896524
"[0.33329199949595056, 0.6538836335963882, -0.8853321104089215, 0.5313325813420032]",28.63691273650721,1.3967660614466364
"[0.33328496818949627, 0.6538830813067439, -0.885332216759433, 0.5313330777885905]",28.636942913964383,1.396828893928033
"[0.33327793657863913, 0.6538825290931937, -0.8853323231992871, 0.5313335741251375]",28.636973092109145,1.3968917264094296
"[0.33327090495525485, 0.6538819769786721, -0.8853324297240716, 0.5313340703310224]",28.63700327324088,1.3969545588908263
"[0.33326387392382, 0.6538814250105905, -0.8853325363246197, 0.531334566363647]",28.637033451608,1.397017391372223
"[0.33325684300140523, 0.6538808731510559, -0.8853326430082413, 0.5313350622570567]",28.637063637305047,1.3970802238536195
"[0.3332498118156878, 0.6538803213708343, -0.8853327497805881, 0.5313355580375203]",28.637093821884463,1.3971430563350162
"[0.33324278056011064, 0.6538797696851093, -0.8853328566387303, 0.5313360536913886]",28.637124005414368,1.3972058888164127
"[0.3332357497771903, 0.6538792181364379, -0.8853329635744152, 0.5313365491804278]",28.63715419504471,1.3972687212978092
"[0.3332287192227604, 0.653878666705648, -0.8853330705913454, 0.531337044521864]",28.637184383383918,1.397331553779206
"[0.3332216890315759, 0.6538781154032939, -0.8853331776874582, 0.5313375397062188]",28.63721457503384,1.3973943862606026
"[0.33321465826746455, 0.653877564155963, -0.8853332848770206, 0.5313380347994265]",28.637244764512563,1.3974572187419991
"[0.33320762787764385, 0.6538770130379243, -0.8853333921455948, 0.5313385297347796]",28.63727495868065,1.3975200512233958
"[0.3332005977775375, 0.6538764620425377, -0.8853334994944598, 0.5313390245182422]",28.637305153695195,1.3975828837047923
"[0.33319356714142323, 0.6538759111050693, -0.8853336069362298, 0.5313395192079435]",28.637335351201248,1.397645716186189
"[0.33318653761221767, 0.6538753603542653, -0.8853337144457872, 0.5313400136882791]",28.63736554780465,1.3977085486675855
"[0.3331795074853784, 0.6538748096565615, -0.8853338220491938, 0.5313405080791688]",28.637395745407247,1.3977713811489823
"[0.3331724780148117, 0.653874259110173, -0.8853339297272557, 0.5313410022924383]",28.637425948964324,1.397834213630379
"[0.3331654483652811, 0.6538737086496739, -0.8853340374927592, 0.53134149638682]",28.63745615230391,1.3978970461117755
"[0.33315841874381186, 0.6538731582912771, -0.8853341453425344, 0.5313419903477561]",28.637486355354763,1.397959878593172
"[0.3331513893775959, 0.6538726080527598, -0.88533425327309, 0.5313424841592908]",28.637516560597895,1.3980227110745687
"[0.33314436007818565, 0.6538720579193624, -0.8853343612873151, 0.5313429778346695]",28.637546765923062,1.3980855435559651
"[0.33313733072474494, 0.6538715078816245, -0.8853344693870664, 0.5313434713823795]",28.637576974220867,1.398148376037362
"[0.3331303013971923, 0.6538709579457993, -0.8853345775711161, 0.5313439647968052]",28.637607182531145,1.3982112085187586
"[0.3331232724789103, 0.6538704081418649, -0.8853346858335566, 0.5313444580510519]",28.637637395767186,1.398274041000155
"[0.33311624342030355, 0.6538698584268281, -0.8853347941828477, 0.5313449511836889]",28.63766760656116,1.3983368734815518
"[0.33310921467418203, 0.6538693088360927, -0.8853349026120081, 0.5313454441629553]",28.637697822218072,1.3983997059629483
"[0.3331021861322595, 0.6538687593611873, -0.8853350111226982, 0.5313459369964495]",28.63772803597823,1.398462538444345
"[0.3330951574649924, 0.6538682099763194, -0.8853351197200069, 0.5313464297073084]",28.637758255752374,1.3985253709257417
"[0.3330881296292981, 0.6538676607562921, -0.885335228389135, 0.5313469222284436]",28.637788474290925,1.3985882034071382
"[0.3330811008178283, 0.653867111559857, -0.8853353371580328, 0.5313474146865179]",28.637818698295895,1.398651035888535
"[0.33307407314362997, 0.6538665625521073, -0.8853354459939992, 0.5313479069334937]",28.637848914235306,1.3987138683699314
"[0.3330670447867953, 0.6538660135908603, -0.8853355549252103, 0.5313483990968542]",28.637879139652078,1.3987767008513279
"[0.3330600167011039, 0.653865464750627, -0.8853356639368926, 0.5313488911097886]",28.637909362247978,1.3988395333327246
"[0.3330529893470437, 0.6538649160673206, -0.8853357730218849, 0.5313493829401146]",28.637939589498412,1.3989023658141213
"[0.3330459611312295, 0.6538643674165551, -0.885335882204925, 0.5313498746993193]",28.63796981663126,1.3989651982955178
"[0.33303893361721343, 0.6538638189203819, -0.885335991461726, 0.5313503662780038]",28.638000044879995,1.3990280307769145
"[0.3330319065745342, 0.6538632705607853, -0.8853361007958503, 0.5313508576923226]",28.63803028029251,1.399090863258311
"[0.33302487916609413, 0.653862722272438, -0.8853362102203208, 0.5313513490008166]",28.638060506577055,1.3991536957397075
"[0.33301785210664653, 0.6538621741111029, -0.8853363197240095, 0.5313518401535148]",28.63809074368014,1.3992165282211042
"[0.3330108247399404, 0.6538616260255851, -0.8853364293171418, 0.5313523311962849]",28.638120973612587,1.399279360702501
"[0.33300379769152105, 0.65386107806467, -0.8853365389899631, 0.5313528220854155]",28.638151214158697,1.3993421931838976
"[0.3329967707686827, 0.6538605302133177, -0.8853366487454729, 0.5313533128343819]",28.63818145218009,1.3994050256652941
"[0.33298974450841223, 0.6538599825133786, -0.8853367585752705, 0.5313538034056978]",28.638211691402727,1.3994678581466906
"[0.33298271719575856, 0.6538594348311683, -0.8853368685061708, 0.5313542939191007]",28.638241931356056,1.3995306906280873
"[0.33297569039121405, 0.6538588872883416, -0.8853369785137712, 0.5313547842656178]",28.63827217612693,1.3995935231094838
"[0.3329686645088684, 0.6538583399170851, -0.8853370885915657, 0.5313552744164484]",28.638302417170525,1.3996563555908805
"[0.33296163775676063, 0.6538577925778254, -0.8853371987676281, 0.5313557644965611]",28.638332663637424,1.3997191880722772
"[0.3329546115187944, 0.6538572453783407, -0.8853373090202672, 0.5313562544094541]",28.638362911354314,1.3997820205536737
"[0.3329475858456917, 0.6538566983225886, -0.8853374193486672, 0.5313567441515815]",28.638393158131517,1.3998448530350704
"[0.3329405593425686, 0.653856151301919, -0.8853375297747388, 0.531357233820216]",28.638423411930543,1.399907685516467
"[0.3329335336194402, 0.653855604441702, -0.8853376402731805, 0.5313577233031194]",28.63845365956593,1.3999705179978634
"[0.3329265080289175, 0.653855057691515, -0.8853377508541583, 0.5313582126454321]",28.63848391210194,1.4000333504792601
"[0.33291948227692164, 0.6538545110284698, -0.8853378615223025, 0.5313587018676362]",28.638514166927752,1.4000961829606569
"[0.3329124573438191, 0.6538539645288313, -0.8853379722621587, 0.5313591909014828]",28.638544419736235,1.4001590154420533
"[0.3329054310948567, 0.6538534180265363, -0.8853380831073884, 0.5313596798955648]",28.638574679900106,1.40022184792345
"[0.33289840580874047, 0.6538528716988274, -0.8853381940220496, 0.5313601686912853]",28.638604941182315,1.4002846804048465
"[0.33289138112114, 0.6538523255173337, -0.8853383050118675, 0.531360657314039]",28.638635199843126,1.4003475128862433
"[0.332884356089197, 0.6538517794087426, -0.8853384160917339, 0.531361145829411]",28.638665461405328,1.40041034536764
"[0.33287733137271136, 0.6538512334243448, -0.8853385272512181, 0.5313616341915154]",28.638695725774696,1.4004731778490365
"[0.33287030627841346, 0.6538506875102471, -0.8853386385012917, 0.5313621224485565]",28.638725991541722,1.4005360103304332
"[0.33286328148242567, 0.6538501417189978, -0.885338749831249, 0.5313626105535303]",28.6387562557453,1.4005988428118297
"[0.3328562566840534, 0.6538495960272239, -0.8853388612458517, 0.5313630985273389]",28.638786523208022,1.4006616752932262
"[0.3328492324423678, 0.6538490504783396, -0.8853389727362226, 0.5313635863311622]",28.638816792083553,1.4007245077746229
"[0.33284220777632895, 0.6538485049961452, -0.8853390843179312, 0.5313640740331327]",28.63884706320733,1.4007873402560196
"[0.332835183784586, 0.6538479596659469, -0.8853391959735222, 0.5313645615569793]",28.638877333921496,1.4008501727374163
"[0.33282815929193543, 0.6538474143964963, -0.8853393077216744, 0.5313650489842763]",28.63890761011414,1.4009130052188128
"[0.3328211360587509, 0.6538468693244232, -0.8853394195343702, 0.5313655361928908]",28.63893788335007,1.4009758377002093
"[0.33281411168901415, 0.6538463242637668, -0.8853395314497533, 0.5313660233490413]",28.638968159980667,1.401038670181606
"[0.33280708778983636, 0.653845779339245, -0.8853396434422308, 0.5313665103412494]",28.638998438006418,1.4011015026630025
"[0.332800064451077, 0.6538452345578117, -0.885339755510352, 0.5313669971633052]",28.639028716973783,1.4011643351443992
"[0.33279304085033634, 0.6538446898556435, -0.8853398676672347, 0.531367483872248]",28.639058997042387,1.401227167625796
"[0.33278601719615675, 0.6538441452489414, -0.885339979909555, 0.5313679704535884]",28.63908928145535,1.4012900001071924
"[0.3327789935260605, 0.6538436007406057, -0.8853400922367152, 0.5313684569047344]",28.639119565695125,1.401352832588589
"[0.332771970880117, 0.6538430564112444, -0.8853402046320633, 0.5313689431536781]",28.63914984960826,1.4014156650699856
"[0.3327649473519955, 0.6538425121130949, -0.8853403171261083, 0.531369429332413]",28.63918013603227,1.401478497551382
"[0.3327579244152671, 0.6538419679603434, -0.8853404296952543, 0.5313699153389437]",28.639210428942533,1.4015413300327788
"[0.3327509014521976, 0.653841423905129, -0.8853405423493925, 0.5313704012160139]",28.63924071612616,1.4016041625141755
"[0.3327438785034862, 0.6538408799505907, -0.885340655087871, 0.5313708869608206]",28.639271009994175,1.401666994995572
"[0.3327368560637997, 0.6538403361350353, -0.8853407679027397, 0.5313713725391561]",28.639301299253734,1.4017298274769687
"[0.3327298338590969, 0.653839792437221, -0.8853408807983888, 0.5313718579699912]",28.639331596444613,1.4017926599583652
"[0.3327228107554217, 0.6538392487693602, -0.8853409937930613, 0.5313723433316971]",28.639361889680142,1.4018554924397617
"[0.3327157886086098, 0.6538387052751149, -0.8853411068568974, 0.5313728284960157]",28.639392190352975,1.4019183249211584
"[0.3327087664083045, 0.6538381618762662, -0.8853412200061497, 0.5313733135327755]",28.6394224902999,1.4019811574025551
"[0.3327017447980286, 0.6538376186225924, -0.8853413332304394, 0.5313737983975483]",28.63945278832064,1.4020439898839518
"[0.33269472277890505, 0.6538370754368094, -0.8853414465458714, 0.5313742831593088]",28.63948309080716,1.4021068223653483
"[0.3326877006971747, 0.6538365323457018, -0.8853415599468667, 0.5313747677941476]",28.63951339315155,1.4021696548467448
"[0.332680679040301, 0.6538359893869693, -0.8853416734255474, 0.5313752522684203]",28.63954369580734,1.4022324873281415
"[0.33267365696218776, 0.653835446495193, -0.8853417869955879, 0.531375736640494]",28.63957400498354,1.4022953198095383
"[0.3326666357223649, 0.6538349037676969, -0.8853419006366104, 0.5313762208235479]",28.63960431156742,1.4023581522909347
"[0.33265961459194726, 0.6538343611481627, -0.8853420143603957, 0.5313767048678169]",28.639634622099646,1.4024209847723315
"[0.3326525930755016, 0.6538338185982814, -0.885342128174974, 0.531377188807477]",28.639664932942637,1.402483817253728
"[0.3326455718735031, 0.6538332761721859, -0.8853422420689926, 0.5313776725942361]",28.63969524311645,1.4025466497351247
"[0.3326385511086881, 0.653832733879338, -0.8853423560404474, 0.5313781562196594]",28.63972555896854,1.4026094822165212
"[0.33263152953153113, 0.6538321916232273, -0.88534247010963, 0.5313786397698109]",28.63975587441934,1.4026723146979179
"[0.3326245090010237, 0.6538316495474115, -0.8853425842463364, 0.5313791231166733]",28.639786189447797,1.4027351471793146
"[0.33261748849804573, 0.6538311075731773, -0.8853426984671161, 0.5313796063304379]",28.63981650706761,1.402797979660711
"[0.3326104678021568, 0.6538305656835038, -0.8853428127755587, 0.5313800894262775]",28.639846826975862,1.4028608121421076
"[0.33260344747589105, 0.6538300239218078, -0.8853429271625032, 0.5313805723654826]",28.639877150482455,1.4029236446235043
"[0.33259642752433466, 0.6538294822884627, -0.8853430416278532, 0.531381055147725]",28.639907467184457,1.4029864771049008
"[0.33258940669947945, 0.6538289406871891, -0.8853431561919678, 0.5313815378588134]",28.63993779477435,1.4030493095862975
"[0.3325823868243577, 0.6538283992586008, -0.8853432708250992, 0.5313820203734256]",28.639968122366202,1.4031121420676942
"[0.33257536642001856, 0.6538278578886497, -0.8853433855513899, 0.5313825027931914]",28.639998446942545,1.4031749745490907
"[0.3325683466701348, 0.6538273166685534, -0.8853435003514963, 0.5313829850368397]",28.64002877564775,1.4032378070304874
"[0.33256132651867626, 0.6538267755169408, -0.8853436152426832, 0.5313834671768577]",28.640059109148616,1.4033006395118839
"[0.33255430721759527, 0.6538262345302707, -0.8853437302044549, 0.5313839491273162]",28.640089438459547,1.4033634719932804
"[0.3325472873608822, 0.6538256936001913, -0.8853438452598329, 0.5313844309847379]",28.640119770955906,1.403426304474677
"[0.3325402679029919, 0.6538251528002446, -0.8853439603931773, 0.5313849126836084]",28.64015010570037,1.4034891369560738
"[0.33253324877762, 0.6538246121253044, -0.8853440756055634, 0.5313853942284976]",28.640180439986537,1.4035519694374703
"[0.3325262291207997, 0.6538240715088213, -0.8853441909111766, 0.5313858756786719]",28.640210779556835,1.403614801918867
"[0.33251921076400753, 0.6538235310918415, -0.8853443062799183, 0.5313863569085217]",28.640241118492547,1.4036776344002635
"[0.33251219161938766, 0.6538229907135452, -0.8853444217461015, 0.5313868380612669]",28.640271458362918,1.4037404668816602
"[0.3325051724233248, 0.6538224504306793, -0.8853445372976277, 0.531387319086357]",28.64030179929962,1.4038032993630567
"[0.3324981536342157, 0.6538219102785044, -0.8853446529269451, 0.531387799952403]",28.640332141903993,1.4038661318444534
"[0.33249113522256557, 0.6538213702547313, -0.8853447686345252, 0.5313882806614474]",28.640362487307574,1.4039289643258501
"[0.33248411673748335, 0.653820830324658, -0.885344884427797, 0.53138876124438]",28.640392834927706,1.4039917968072466
"[0.3324770986158268, 0.6538202905218833, -0.8853450002995487, 0.5313892416712946]",28.640423180729265,1.404054629288643
"[0.3324700796049798, 0.65381975075007, -0.8853451162704705, 0.5313897220279239]",28.64045353121296,1.4041174617700398
"[0.33246306166126444, 0.6538192111596559, -0.885345232308237, 0.5313902021803879]",28.64048388294968,1.4041802942514363
"[0.33245604375822413, 0.6538186716716936, -0.8853453484298012, 0.5313906821989447]",28.640514234601195,1.4042431267328332
"[0.3324490254505667, 0.6538181322519626, -0.8853454646425369, 0.5313911621140346]",28.64054459047222,1.4043059592142297
"[0.33244200776153954, 0.653817592979085, -0.8853455809294987, 0.5313916418557126]",28.640574942847884,1.4043687916956262
"[0.3324349898181536, 0.653817053785983, -0.8853456973051453, 0.5313921214836462]",28.64060530011516,1.404431624177023
"[0.33242797231008836, 0.6538165147256342, -0.8853458137580376, 0.531392600950711]",28.64063565942884,1.4044944566584194
"[0.3324209549032496, 0.6538159757723588, -0.8853459302937104, 0.5313930802797495]",28.64066601795858,1.4045572891398161
"[0.3324139374468939, 0.6538154369145754, -0.8853460469146671, 0.5313935594810597]",28.640696379418387,1.4046201216212129
"[0.33240692004549066, 0.6538148981603064, -0.8853461636191718, 0.5313940385475038]",28.64072674416469,1.4046829541026093
"[0.33239990240205636, 0.6538143594867526, -0.885346280412167, 0.5313945174993498]",28.640757106778725,1.4047457865840058
"[0.3323928855136146, 0.6538138209704292, -0.8853463972770512, 0.5313949962685681]",28.640787471308766,1.4048086190654026
"[0.3323858688735978, 0.6538132825724343, -0.8853465142222434, 0.5313954748897509]",28.64081783924148,1.404871451546799
"[0.3323788518015734, 0.6538127442405655, -0.8853466312590879, 0.5313959534092983]",28.640848209116466,1.4049342840281958
"[0.33237183521810043, 0.6538122060454339, -0.8853467483722306, 0.5313964317644443]",28.64087857839351,1.4049971165095925
"[0.3323648189534928, 0.6538116679740111, -0.8853468655644889, 0.5313969099667709]",28.640908948362068,1.405059948990989
"[0.3323578020148347, 0.6538111299501508, -0.8853469828524551, 0.5313973880839475]",28.640939321023804,1.4051227814723857
"[0.3323507856738668, 0.6538105920713676, -0.8853471002148736, 0.5313978660293116]",28.64096969619715,1.4051856139537822
"[0.33234376956502504, 0.653810054309619, -0.8853472176578451, 0.5313983438277853]",28.64100007259825,1.4052484464351787
"[0.3323367533006065, 0.6538095166351728, -0.885347335187858, 0.5313988215057865]",28.64103044953619,1.4053112789165754
"[0.3323297371324326, 0.6538089790673371, -0.8853474528006958, 0.531399299046155]",28.641060828322374,1.405374111397972
"[0.3323227211737072, 0.6538084416147736, -0.8853475704944556, 0.5313997764411965]",28.641091209905056,1.4054369438793688
"[0.3323157058938194, 0.6538079043134174, -0.885347688261248, 0.5314002536589967]",28.64112159194163,1.4054997763607653
"[0.3323086899690988, 0.6538073670618852, -0.8853478061232936, 0.5314007307895992]",28.64115197501429,1.4055626088421618
"[0.332301674681189, 0.6538068299583206, -0.885347924059062, 0.531401207745839]",28.64118235818211,1.4056254413235585
"[0.3322946587740898, 0.653806292906551, -0.885348042089669, 0.5314016846131182]",28.641212743438896,1.405688273804955
"[0.33228764366869945, 0.6538057560153451, -0.885348160191207, 0.5314021612948537]",28.641243134749143,1.4057511062863517
"[0.3322806281083792, 0.6538052191885149, -0.8853482783848265, 0.5314026378764469]",28.64127352243882,1.4058139387677484
"[0.3322736132293675, 0.6538046825130022, -0.8853483966513814, 0.5314031142807111]",28.64130391512156,1.405876771249145
"[0.3322665980442334, 0.6538041459132392, -0.8853485150075124, 0.5314035905747317]",28.64133430363049,1.4059396037305416
"[0.3322595834355919, 0.6538036094567438, -0.8853486334383245, 0.5314040666985743]",28.641364699611223,1.406002436211938
"[0.3322525688441985, 0.6538030731007289, -0.8853487519532491, 0.531404542690217]",28.641395094237165,1.4060652686933346
"[0.33224555386755544, 0.6538025368144276, -0.8853488705590943, 0.5314050185769564]",28.641425491155992,1.4061281011747313
"[0.33223853974689316, 0.6538020006926933, -0.8853489892348657, 0.5314054942746304]",28.64145588891023,1.406190933656128
"[0.33223152479846474, 0.653801464606859, -0.8853491080090511, 0.5314059698973921]",28.64148628898904,1.4062537661375245
"[0.33222451011356086, 0.6538009286403101, -0.8853492268631847, 0.5314064453712587]",28.64151669200667,1.4063165986189212
"[0.33221749622652574, 0.6538003928338604, -0.8853493457881934, 0.5314069206600268]",28.641547094174555,1.4063794311003177
"[0.3322104819500708, 0.6537998570967951, -0.8853494648042017, 0.5314073958441664]",28.64157749821653,1.4064422635817144
"[0.3322034682146344, 0.6537993215001728, -0.8853495838954202, 0.5314078708606489]",28.641607903323198,1.4065050960631111
"[0.33219645445922824, 0.6537987860011418, -0.8853497030713652, 0.5314083457474815]",28.641638308575796,1.4065679285445076
"[0.33218944050136606, 0.6537982505857729, -0.8853498223351421, 0.5314088205170104]",28.641668717135126,1.4066307610259043
"[0.3321824268922068, 0.6537977152961281, -0.885349941677377, 0.531409295131938]",28.64169912959704,1.4066935935073008
"[0.33217541356985664, 0.6537971801274773, -0.8853500610991115, 0.5314097695964584]",28.64172954129292,1.4067564259886973
"[0.33216840002042447, 0.6537966450405901, -0.8853501806090965, 0.5314102439453532]",28.64175995163372,1.406819258470094
"[0.3321613868103187, 0.6537961100786854, -0.8853503001976782, 0.5314107181403037]",28.641790366485345,1.4068820909514907
"[0.3321543738986349, 0.6537955752386235, -0.8853504198655432, 0.5314111921840979]",28.641820785440938,1.4069449234328872
"[0.33214736073967505, 0.6537950404787835, -0.8853505396220027, 0.5314116661136221]",28.641851203516858,1.407007755914284
"[0.3321403472741444, 0.6537945057946616, -0.8853506594680799, 0.531412139932857]",28.641881620863494,1.4070705883956804
"[0.33213333452806265, 0.6537939712644437, -0.8853507793862352, 0.5314126135725251]",28.641912041358026,1.4071334208770772
"[0.33212632165845485, 0.6537934368238821, -0.8853508993908734, 0.531413087089551]",28.64194246420466,1.4071962533584736
"[0.33211930890867625, 0.6537929024915149, -0.8853510194778299, 0.531413560467509]",28.641972885815182,1.4072590858398704
"[0.33211229639851525, 0.6537923682764589, -0.885351139645049, 0.5314140336983216]",28.6420033124318,1.407321918321267
"[0.33210528402097383, 0.6537918341705518, -0.885351259894356, 0.5314145067892209]",28.642033737892504,1.4073847508026636
"[0.3320982721851176, 0.6537913002049397, -0.885351380218726, 0.5314149797126199]",28.64206416564703,1.40744758328406
"[0.33209125951784874, 0.6537907662750458, -0.8853515006417266, 0.5314154525611391]",28.64209459399282,1.4075104157654568
"[0.33208424723473295, 0.6537902324734434, -0.8853516211424927, 0.5314159252527839]",28.642125024886155,1.4075732482468533
"[0.33207723572251624, 0.6537896988295416, -0.8853517417143579, 0.531416397761521]",28.64215545602889,1.40763608072825
"[0.33207022386319296, 0.6537891652582387, -0.885351862376541, 0.5314168701627037]",28.64218589059027,1.4076989132096467
"[0.3320632122259532, 0.6537886318028452, -0.8853519831192491, 0.5314173424179828]",28.64221632631189,1.4077617456910432
"[0.33205620052817447, 0.6537880984418557, -0.8853521039473471, 0.5314178145463939]",28.64224676056061,1.4078245781724399
"[0.3320491891165427, 0.653787565201638, -0.885352224854857, 0.5314182865245944]",28.64227720015578,1.4078874106538364
"[0.3320421773054427, 0.6537870320300331, -0.8853523458536048, 0.5314187583987521]",28.642307642980015,1.4079502431352329
"[0.332035166100488, 0.6537864990035168, -0.8853524669262332, 0.5314192301011766]",28.64233808053007,1.4080130756166296
"[0.33202815520284346, 0.6537859660993495, -0.8853525880778874, 0.5314197016519967]",28.642368522510033,1.4080759080980263
"[0.3320211438031919, 0.6537854332559965, -0.8853527093225562, 0.5314201731056631]",28.64239896955375,1.408138740579423
"[0.33201413307190386, 0.653784900562424, -0.8853528306399989, 0.5314206443834505]",28.642429414383564,1.4082015730608195
"[0.33200712226609036, 0.6537843679621331, -0.8853529520430604, 0.5314211155353568]",28.642459860060622,1.408264405542216
"[0.3320001120121555, 0.6537838355027338, -0.8853530735208849, 0.5314215865192561]",28.642490310698413,1.4083272380236127
"[0.33199310148212546, 0.6537833031213252, -0.8853531950878163, 0.5314220573907874]",28.6425207586839,1.4083900705050092
"[0.33198609048494876, 0.6537827708033809, -0.8853533167471813, 0.5314225281627983]",28.642551210329728,1.408452902986406
"[0.33197908008249893, 0.6537822386295572, -0.8853534384805511, 0.531422998763945]",28.642581664683828,1.4085157354678026
"[0.33197207014382557, 0.6537817065898713, -0.8853535602901815, 0.5314234692030667]",28.642612119690597,1.4085785679491991
"[0.33196505981886054, 0.6537811746197946, -0.8853536821908435, 0.5314239395372206]",28.642642573830347,1.4086414004305956
"[0.3319580497411491, 0.6537806427674177, -0.8853538041715224, 0.5314244097238795]",28.6426730303742,1.4087042329119923
"[0.3319510399074512, 0.6537801110324755, -0.8853539262322669, 0.531424879763281]",28.642703492735546,1.408767065393389
"[0.33194403023620883, 0.6537795794087699, -0.8853540483744903, 0.5314253496609045]",28.642733950097316,1.4088298978747857
"[0.33193702010137455, 0.653779047848825, -0.8853541706091068, 0.531425819458708]",28.642764414061837,1.4088927303561822
"[0.33193001081195395, 0.6537785164518921, -0.8853542929132855, 0.5314262890689718]",28.642794876771735,1.4089555628375787
"[0.33192300162035226, 0.653777985161262, -0.8853544153000544, 0.5314267585418196]",28.642825340780412,1.4090183953189754
"[0.33191599208069134, 0.6537774539431502, -0.8853545377772041, 0.5314272279070964]",28.64285580635191,1.409081227800372
"[0.3319089826852545, 0.6537769228348597, -0.8853546603361365, 0.5314276971318401]",28.642886278622246,1.4091440602817686
"[0.3319019735100969, 0.6537763918421471, -0.8853547829755165, 0.5314281662109637]",28.6429167436404,1.4092068927631654
"[0.33189496494960496, 0.65377586099487, -0.8853549056884281, 0.5314286351180955]",28.64294721358455,1.4092697252445618
"[0.33188795593158427, 0.6537753302118079, -0.8853550284936429, 0.5314291039249787]",28.64297768824167,1.4093325577259586
"[0.33188094714417266, 0.6537747995450844, -0.8853551513791079, 0.5314295725855677]",28.643008160080925,1.409395390207355
"[0.3318739383426116, 0.6537742689761435, -0.8853552743491111, 0.5314300411162549]",28.64303863569856,1.4094582226887515
"[0.33186692950569346, 0.6537737385034127, -0.8853553974040261, 0.5314305095184144]",28.643069112142626,1.4095210551701483
"[0.3318599214139102, 0.6537732081858785, -0.8853555205301383, 0.5314309777399865]",28.643099589530927,1.409583887651545
"[0.33185291306810494, 0.6537726779479922, -0.8853556437449919, 0.5314314458476527]",28.643130070563338,1.4096467201329415
"[0.33184590430288746, 0.6537721477772135, -0.8853557670515085, 0.5314319138524868]",28.643160550643348,1.4097095526143382
"[0.3318388967001279, 0.653771617793199, -0.8853558904218443, 0.5314323816488621]",28.64319103505067,1.4097723850957347
"[0.33183188854852663, 0.6537710878665033, -0.8853560138861171, 0.5314328493510383]",28.643221517228667,1.4098352175771314
"[0.33182488087527034, 0.6537705580747976, -0.8853561374262319, 0.5314333168904611]",28.643252001812144,1.4098980500585279
"[0.33181787300184096, 0.6537700283667817, -0.8853562610541463, 0.5314337843124004]",28.643282490758512,1.4099608825399246
"[0.3318108652947049, 0.6537694987701332, -0.8853563847633967, 0.5314342515924363]",28.643312979439298,1.4100237150213213
"[0.33180385776115184, 0.6537689692854153, -0.8853565085538477, 0.531434718730065]",28.643343467795432,1.4100865475027178
"[0.33179685050786906, 0.653768439920682, -0.885356632423608, 0.5314351857181814]",28.64337395945383,1.4101493799841143
"[0.3317898430740933, 0.6537679106410861, -0.8853567563808211, 0.5314356525875334]",28.643404451050703,1.410212212465511
"[0.3317828355933009, 0.6537673814567441, -0.8853568804231301, 0.5314361193291834]",28.643434948737205,1.4102750449469075
"[0.33177582906222647, 0.6537668524428945, -0.8853570045328759, 0.5314365858767788]",28.643465443825008,1.4103378774283042
"[0.33176882235938226, 0.6537663235148439, -0.88535712872991, 0.5314370523050171]",28.64349594081587,1.410400709909701
"[0.33176181518270476, 0.6537657946497984, -0.8853572530195993, 0.5314375186339897]",28.643526440262526,1.4104635423910974
"[0.3317548083463032, 0.6537652659092063, -0.8853573773875059, 0.5314379848095094]",28.643556940196564,1.410526374872494
"[0.3317478017481739, 0.6537647372853536, -0.8853575018354306, 0.5314384508383799]",28.643587442437592,1.4105892073538906
"[0.33174079473446255, 0.6537642087289111, -0.8853576263749904, 0.5314389167640847]",28.64361794391485,1.4106520398352873
"[0.331733789137004, 0.6537636803780351, -0.8853577509736094, 0.5314393824648446]",28.643648449228166,1.410714872316684
"[0.3317267822035485, 0.6537631520251567, -0.885357875680237, 0.5314398481236119]",28.64367895583413,1.4107777047980805
"[0.3317197765246815, 0.6537626238656016, -0.8853580004487693, 0.5314403135682377]",28.643709463188216,1.410840537279477
"[0.33171276995861526, 0.6537620957379031, -0.8853581253173445, 0.5314407789410137]",28.643739972408444,1.4109033697608737
"[0.33170576406642127, 0.6537615677597256, -0.8853582502581459, 0.5314412441382526]",28.643770481801806,1.4109662022422702
"[0.33169875830125384, 0.6537610398898539, -0.8853583752809113, 0.531441709196268]",28.64380099550781,1.411029034723667
"[0.33169175244074445, 0.6537605121114904, -0.88535850038961, 0.5314421741298692]",28.643831511070452,1.4110918672050636
"[0.3316847469149925, 0.6537599844570666, -0.8853586255765563, 0.5314426389104732]",28.643862025652872,1.4111546996864601
"[0.33167774113884246, 0.6537594568824907, -0.8853587508522066, 0.5314431035769202]",28.643892541139103,1.4112175321678568
"[0.3316707357715067, 0.6537589294374015, -0.8853588762047708, 0.531443568085488]",28.643923059807985,1.4112803646492533
"[0.33166373095276386, 0.6537584021322991, -0.8853590016317296, 0.5314440324269359]",28.64395357806991,1.4113431971306498
"[0.3316567256140774, 0.6537578748867449, -0.8853591271522177, 0.5314444966720941]",28.64398410111357,1.4114060296120465
"[0.3316497204169264, 0.6537573477505293, -0.8853592527543886, 0.5314449607771159]",28.644014624641343,1.4114688620934432
"[0.3316427157706792, 0.6537568207544363, -0.8853593784308911, 0.5314454247149014]",28.644045148825978,1.41153169457484
"[0.3316357109558188, 0.6537562938443313, -0.8853595041946285, 0.5314458885331068]",28.644075671576353,1.4115945270562364
"[0.3316287058431516, 0.6537557670104903, -0.8853596300479288, 0.5314463522402879]",28.64410619747366,1.411657359537633
"[0.33162170169425886, 0.6537552403477883, -0.8853597559681153, 0.5314468157529375]",28.644136727976658,1.4117201920190297
"[0.3316146966868443, 0.6537547137191927, -0.885359881987947, 0.531447279191656]",28.64416725296432,1.4117830245004261
"[0.33160769243233446, 0.6537541872458479, -0.8853600080784378, 0.5314477424498317]",28.644197789981494,1.4118458569818229
"[0.33160068813786264, 0.653753660868142, -0.8853601342538475, 0.5314482055799219]",28.644228320496378,1.4119086894632196
"[0.33159368444421455, 0.6537531346342275, -0.8853602605026234, 0.5314486685395591]",28.644258854244622,1.411971521944616
"[0.3315866797675506, 0.6537526084250692, -0.8853603868533245, 0.531449131433469]",28.64428938817294,1.4120343544260126
"[0.3315796761176701, 0.6537520823916824, -0.8853605132696963, 0.5314495941287936]",28.644319927843505,1.4120971869074093
"[0.33157267238673466, 0.6537515564508269, -0.885360639771719, 0.5314500566987591]",28.644350467578164,1.4121600193888058
"[0.3315656685430173, 0.6537510306001297, -0.885360766359969, 0.5314505191454462]",28.64438100366425,1.4122228518702025
"[0.33155866514762333, 0.6537505048816669, -0.8853608930243012, 0.5314509814318635]",28.644411550574784,1.4122856843515992
"[0.3315516617652041, 0.6537499792627947, -0.8853610197725799, 0.5314514435867035]",28.644442089800037,1.4123485168329957
"[0.331544657891556, 0.6537494537056633, -0.8853611466139394, 0.5314519056432435]",28.64447263558124,1.4124113493143924
"[0.3315376549932212, 0.653748928320305, -0.8853612735218127, 0.5314523675047474]",28.644503182309737,1.4124741817957889
"[0.3315306518562849, 0.6537484030156296, -0.8853614005181856, 0.5314528292512954]",28.64453372951161,1.4125370142771854
"[0.3315236487461216, 0.6537478778115456, -0.8853615275982497, 0.5314532908653832]",28.644564278929412,1.4125998467585823
"[0.33151664555208654, 0.653747352699753, -0.8853616547640143, 0.531453752354302]",28.64459483132186,1.4126626792399788
"[0.33150964300940544, 0.6537468277353665, -0.8853617820021199, 0.5314542136696168]",28.644625382120303,1.4127255117213755
"[0.331502640214264, 0.6537463028506176, -0.8853619093289816, 0.5314546748708807]",28.644655935702453,1.412788344202772
"[0.33149563779370156, 0.6537457780925009, -0.8853620367331968, 0.5314551359167986]",28.64468648777271,1.4128511766841685
"[0.3314886349085045, 0.6537452533981255, -0.8853621642300364, 0.5314555968626223]",28.644717044445592,1.4129140091655652
"[0.33148163256992996, 0.6537447288432565, -0.8853622918010882, 0.5314560576417892]",28.644747602452902,1.412976841646962
"[0.3314746306725583, 0.6537442044200105, -0.885362419448255, 0.531456518261219]",28.6447781633411,1.4130396741283584
"[0.33146762846422867, 0.6537436800719464, -0.8853625471852488, 0.5314569787705149]",28.64480872609604,1.4131025066097551
"[0.331460626111564, 0.6537431558116323, -0.8853626750090372, 0.5314574391586061]",28.644839285723027,1.4131653390911516
"[0.33145362433086, 0.6537426316926641, -0.8853628029065369, 0.5314578993784345]",28.644869851467465,1.4132281715725483
"[0.331446622733036, 0.6537421076859156, -0.8853629308848429, 0.5314583594555735]",28.644900414156744,1.4132910040539448
"[0.3314396209702283, 0.6537415837653189, -0.8853630589503136, 0.5314588194129174]",28.64493098230319,1.4133538365353415
"[0.3314326193733111, 0.6537410599556485, -0.8853631870968973, 0.5314592792287077]",28.644961548884883,1.4134166690167382
"[0.3314256180444054, 0.6537405362645317, -0.8853633153227175, 0.5314597388962502]",28.644992118406442,1.4134795014981347
"[0.33141861666263256, 0.6537400126679583, -0.8853634436336479, 0.5314601984366193]",28.6450226922554,1.4135423339795312
"[0.33141161527825663, 0.6537394891696842, -0.8853635720287683, 0.5314606578465157]",28.645053264110082,1.413605166460928
"[0.3314046139789299, 0.6537389657762703, -0.885363700506471, 0.5314611171201755]",28.64508383864836,1.4136679989423244
"[0.3313976134042816, 0.6537384425354847, -0.8853638290550033, 0.5314615762156967]",28.645114418098785,1.4137308314237211
"[0.3313906120821818, 0.653737919337323, -0.8853639577013989, 0.5314620352295857]",28.645144991349518,1.4137936639051178
"[0.33138361134390515, 0.653737396281261, -0.8853640864211997, 0.5314624940745685]",28.6451755708402,1.4138564963865143
"[0.33137661085933784, 0.6537368733426183, -0.8853642152204598, 0.5314629527722993]",28.64520615239051,1.413919328867911
"[0.3313696103827755, 0.6537363505030216, -0.8853643441036965, 0.5314634113388973]",28.6452367321134,1.4139821613493075
"[0.3313626100320427, 0.6537358277712748, -0.8853644730687383, 0.5314638697666358]",28.645267313884123,1.414044993830704
"[0.33135560963687893, 0.6537353051346596, -0.8853646021187208, 0.531464328066667]",28.64529789833464,1.4141078263121007
"[0.33134860958357665, 0.6537347826220049, -0.8853647312465178, 0.5314647862137108]",28.645328482457188,1.4141706587934975
"[0.33134160904439, 0.653734260171531, -0.8853648604674019, 0.5314652442619304]",28.6453590724554,1.414233491274894
"[0.3313346093216404, 0.6537337378804124, -0.8853649897573276, 0.5314657021261332]",28.645389662230745,1.4142963237562907
"[0.3313276091892194, 0.6537332156571454, -0.8853651191389363, 0.5314661598865372]",28.64542025242182,1.4143591562376872
"[0.3313206092658976, 0.6537326935479084, -0.8853652486007945, 0.5314666175026553]",28.645450844046582,1.4144219887190839
"[0.3313136097145543, 0.653732171564829, -0.8853653781398803, 0.5314670749638618]",28.645481438564754,1.4144848212004804
"[0.3313066105487841, 0.6537316497089027, -0.885365507755929, 0.5314675322692886]",28.645512033004486,1.414547653681877
"[0.33129961042797035, 0.6537311278801833, -0.8853656374737776, 0.531467989506511]",28.64554262863311,1.4146104861632738
"[0.33129261121632264, 0.6537306062176378, -0.8853657672588818, 0.5314684465537591]",28.64557322502319,1.4146733186446703
"[0.3312856123597859, 0.6537300846799419, -0.8853658971214937, 0.5314689034472485]",28.645603824097087,1.4147361511260668
"[0.3312786132086124, 0.6537295632186748, -0.8853660270736682, 0.5314693602293951]",28.645634426867684,1.4147989836074635
"[0.3312716139858231, 0.6537290418504582, -0.8853661571112716, 0.5314698168856324]",28.645665027475072,1.4148618160888602
"[0.33126461526348644, 0.6537285206178938, -0.8853662872236683, 0.5314702733786479]",28.645695631655848,1.414924648570257
"[0.33125761631005274, 0.6537279994664895, -0.885366417424454, 0.5314707297561643]",28.645726233151656,1.4149874810516534
"[0.33125061788331545, 0.6537274784526658, -0.8853665476995266, 0.5314711859687736]",28.64575684210858,1.4150503135330499
"[0.33124361924233875, 0.6537269575212494, -0.8853666780626738, 0.5314716420647873]",28.645787451069705,1.4151131460144466
"[0.33123662038825025, 0.6537264366723339, -0.885366808513882, 0.5314720980441158]",28.645818059815365,1.415175978495843
"[0.3312296224545417, 0.6537259159902536, -0.8853669390320125, 0.5314725538329323]",28.64584866977503,1.4152388109772398
"[0.33122262379188017, 0.6537253953522864, -0.8853670696478234, 0.5314730095386622]",28.645879286495166,1.4153016434586365
"[0.3312156255695964, 0.6537248748454223, -0.8853672003394978, 0.531473465085158]",28.645909898940317,1.415364475940033
"[0.33120862833649634, 0.6537243545104381, -0.8853673310967606, 0.5314739204367465]",28.64594051379919,1.4154273084214297
"[0.3312016301766622, 0.6537238342048715, -0.8853674619554147, 0.5314743757180911]",28.645971127690967,1.4154901409028262
"[0.33119463248043635, 0.6537233140320942, -0.8853675928894703, 0.5314748308387329]",28.64600174813833,1.4155529733842227
"[0.33118763431474574, 0.653722793922739, -0.8853677239163872, 0.5314752858593624]",28.646032366816993,1.4156158058656194
"[0.33118063705097756, 0.6537222739787345, -0.8853678550104808, 0.5314757406908037]",28.64606299003923,1.4156786383470161
"[0.3311736394528403, 0.6537217541081695, -0.885367986194904, 0.5314761954134682]",28.6460936115184,1.4157414708284126
"[0.3311666425394719, 0.6537212343867776, -0.885368117450545, 0.5314766499611056]",28.646124236107987,1.4158043033098093
"[0.33115964527768516, 0.6537207147377964, -0.8853682487967794, 0.5314771044008549]",28.646154861138754,1.4158671357912058
"[0.33115264795530885, 0.6537201951826049, -0.8853683802282124, 0.5314775587140138]",28.646185489827783,1.4159299682726023
"[0.33114565099178833, 0.6537196757523444, -0.8853685117369605, 0.53147801287335]",28.646216118195504,1.415992800753999
"[0.3311386542425374, 0.6537191564362622, -0.8853686433257316, 0.5314784668882676]",28.646246748312297,1.4160556332353957
"[0.3311316577778035, 0.6537186372395555, -0.885368774993196, 0.531478920754227]",28.64627738319275,1.4161184657167925
"[0.33112466116493766, 0.6537181181301206, -0.8853689067474932, 0.5314793744992876]",28.646308012489374,1.416181298198189
"[0.3311176648581937, 0.6537175991416521, -0.8853690385800673, 0.5314798280939969]",28.646338648282413,1.4162441306795854
"[0.3311106680666262, 0.653717080215487, -0.8853691705058256, 0.531480281589619]",28.64636928470867,1.4163069631609821
"[0.3311036715973963, 0.6537165614114928, -0.8853693025095521, 0.53148073493383]",28.64639992201536,1.4163697956423786
"[0.3310966753053111, 0.6537160427188329, -0.8853694345939787, 0.5314811881361176]",28.646430561005936,1.4164326281237754
"[0.3310896789583712, 0.6537155241203773, -0.8853695667634821, 0.5314816412114254]",28.64646120224572,1.416495460605172
"[0.33108268337433844, 0.6537150056767028, -0.8853696990026022, 0.5314820941068393]",28.646491845664904,1.4165582930865686
"[0.33107568763404144, 0.6537144873196493, -0.8853698313287041, 0.5314825468819127]",28.646522485432225,1.4166211255679653
"[0.331068691762789, 0.6537139690511277, -0.8853699637413142, 0.5314829995349614]",28.646553131679433,1.4166839580493618
"[0.33106169598091845, 0.653713450887439, -0.8853700962362635, 0.5314834520517504]",28.646583777755133,1.4167467905307582
"[0.3310547005712867, 0.6537129328495322, -0.8853702288081868, 0.5314839044139833]",28.64661442439428,1.4168096230121552
"[0.33104770461447725, 0.6537124148693184, -0.8853703614745124, 0.5314843566811129]",28.646645074075252,1.4168724554935517
"[0.33104070987530987, 0.6537118970774478, -0.8853704942017613, 0.5314848087390673]",28.64667572534799,1.4169352879749482
"[0.3310337145540224, 0.6537113793406765, -0.8853706270240737, 0.5314852607041787]",28.646706378750753,1.4169981204563449
"[0.33102671916269183, 0.6537108616969154, -0.8853707599317385, 0.5314857125433421]",28.64673703306331,1.4170609529377414
"[0.3310197247770319, 0.6537103442257429, -0.8853708929043023, 0.5314861641871015]",28.64676768800888,1.417123785419138
"[0.33101272947788785, 0.6537098267851703, -0.885371025978249, 0.5314866157593806]",28.646798343089703,1.4171866179005348
"[0.33100573466098354, 0.6537093094784423, -0.8853711591270353, 0.5314870671700712]",28.646829000888943,1.4172494503819313
"[0.3309987401897877, 0.6537087922954389, -0.8853712923532462, 0.5314875184280102]",28.64685966370124,1.417312282863328
"[0.33099174581501783, 0.6537082752177233, -0.8853714256616219, 0.5314879695492825]",28.646890323690812,1.4173751153447245
"[0.33098475115912823, 0.6537077582173834, -0.8853715590593622, 0.5314884205582368]",28.646920984541257,1.417437947826121
"[0.33097775720905603, 0.6537072413673748, -0.8853716925276367, 0.5314888713912247]",28.646951648528127,1.4175007803075177
"[0.3309707630146379, 0.6537067245974091, -0.885371826084572, 0.5314893221095754]",28.646982314291844,1.4175636127889144
"[0.330963768585724, 0.6537062079082835, -0.8853719597299872, 0.5314897727125684]",28.647012986186677,1.417626445270311
"[0.3309567744881476, 0.6537056913417777, -0.8853720934530693, 0.5314902231637696]",28.647043649515634,1.4176892777517076
"[0.33094978081445425, 0.6537051749046843, -0.8853722272520372, 0.5314906734572673]",28.647074321985624,1.417752110233104
"[0.3309427872723194, 0.6537046585754304, -0.8853723611324731, 0.5314911236118655]",28.647104992098388,1.4178149427145008
"[0.3309357935225682, 0.6537041423289633, -0.8853724951008715, 0.5314915736494055]",28.64713566501506,1.4178777751958973
"[0.33092879998226443, 0.6537036261960683, -0.8853726291492442, 0.5314920235430468]",28.647166342316176,1.417940607677294
"[0.3309218065711034, 0.6537031101708078, -0.8853727632791242, 0.5314924732979656]",28.647197014988834,1.4180034401586907
"[0.3309148128888787, 0.6537025942236524, -0.8853728974981908, 0.5314929229398945]",28.647227693034594,1.4180662726400872
"[0.33090781969472544, 0.6537020784105996, -0.8853730317918719, 0.5314933724200309]",28.647258371349807,1.4181291051214837
"[0.3309008268966145, 0.6537015627248405, -0.8853731661619182, 0.5314938217443144]",28.647289052602815,1.4181919376028804
"[0.330893833868292, 0.6537010471201853, -0.8853733006203619, 0.5314942709529885]",28.64731973218726,1.418254770084277
"[0.33088684102560717, 0.6537005316273041, -0.8853734351592077, 0.5314947200193264]",28.647350417819933,1.4183176025656736
"[0.33087984864182773, 0.6537000162662994, -0.885373569773188, 0.5314951689258276]",28.64738110236629,1.4183804350470703
"[0.33087285603655225, 0.6536995009870339, -0.885373704475397, 0.5314956177161574]",28.647411788494722,1.4184432675284668
"[0.3308658632922493, 0.6536989857955959, -0.8853738392642526, 0.531496066385005]",28.64744247692074,1.4185061000098635
"[0.33085887087620114, 0.6536984707263906, -0.8853739741307457, 0.5314965149024113]",28.647473163071535,1.41856893249126
"[0.3308518783173031, 0.6536979557447231, -0.8853741090839592, 0.5314969632985829]",28.647503855103544,1.4186317649726565
"[0.330844886396384, 0.6536974409080752, -0.885374244108815, 0.5314974115234755]",28.647534549917044,1.4186945974540532
"[0.3308378942024145, 0.6536969261493634, -0.8853743792229005, 0.5314978596354907]",28.647565241306264,1.41875742993545
"[0.33083090163007517, 0.6536964114608421, -0.8853745144282629, 0.5314983076413631]",28.647595932894003,1.4188202624168467
"[0.33082391026403946, 0.6536958969591314, -0.8853746496942474, 0.5314987554395866]",28.64762663336307,1.4188830948982432
"[0.3308169183705751, 0.6536953825166278, -0.8853747850543853, 0.531499203141225]",28.64765733126413,1.4189459273796396
"[0.3308099270791338, 0.6536948682164314, -0.8853749204868104, 0.5314996506739559]",28.64768802704432,1.4190087598610364
"[0.3308029353914695, 0.6536943539850941, -0.8853750560108568, 0.5315000981016937]",28.647718733672622,1.419071592342433
"[0.33079594432149223, 0.6536938398971889, -0.8853751916068683, 0.5315005453595496]",28.64774943184328,1.4191344248238296
"[0.33078895285381665, 0.6536933258780474, -0.8853753272945339, 0.531500992512483]",28.647780136027226,1.4191972573052263
"[0.33078196155477724, 0.6536928119692871, -0.8853754630628689, 0.531501439524292]",28.64781084203121,1.4192600897866228
"[0.330774970255731, 0.6536922981585405, -0.8853755989151436, 0.5315018864057216]",28.647841548847737,1.4193229222680195
"[0.3307679794549377, 0.6536917844823621, -0.8853757348416696, 0.5315023331249965]",28.64787225820895,1.419385754749416
"[0.330760988349792, 0.653691270881821, -0.8853758708580485, 0.5315027797333498]",28.647902969088257,1.4194485872308127
"[0.3307539975752006, 0.6536907574035334, -0.8853760069519269, 0.5315032261902505]",28.64793367743408,1.4195114197122094
"[0.3307470074114382, 0.6536902440680723, -0.8853761431178331, 0.531503672477814]",28.647964392641935,1.419574252193606
"[0.33074001638921185, 0.6536897307675338, -0.8853762793843928, 0.5315041186898471]",28.64799510410402,1.4196370846750024
"[0.33073302629785606, 0.6536892176332945, -0.8853764157167279, 0.5315045647121416]",28.648025822415423,1.419699917156399
"[0.3307260364271614, 0.6536887046131978, -0.8853765521286707, 0.5315050105900383]",28.648056536068225,1.4197627496377956
"[0.33071904556159204, 0.6536881916180294, -0.8853766886439566, 0.5315054564010695]",28.648087257264383,1.4198255821191923
"[0.33071205573918216, 0.6536876787973512, -0.8853768252227874, 0.5315059020152544]",28.64811797655348,1.419888414600589
"[0.3307050658804112, 0.6536871660719353, -0.8853769618862386, 0.5315063475014457]",28.648148701606516,1.4199512470819855
"[0.33069807546865176, 0.6536866534038943, -0.8853770986444226, 0.5315067928925536]",28.648179419491377,1.4200140795633822
"[0.33069108601128067, 0.6536861409037675, -0.8853772354678427, 0.5315072380925451]",28.648210145666187,1.4200769120447787
"[0.3306840963181014, 0.6536856284842667, -0.8853773723797854, 0.5315076831772503]",28.648240871863404,1.4201397445261752
"[0.33067710667528666, 0.653685116166372, -0.8853775093746483, 0.5315081281284416]",28.648271601205373,1.420202577007572
"[0.33067011749256453, 0.6536846039801159, -0.8853776464443932, 0.5315085729200325]",28.6483023292937,1.4202654094889686
"[0.3306631282804265, 0.6536840918895751, -0.8853777835986126, 0.5315090175832337]",28.64833306021475,1.4203282419703651
"[0.3306561390338938, 0.653683579894423, -0.8853779208374046, 0.5315094621183121]",28.648363791222767,1.4203910744517618
"[0.3306491500009908, 0.6536830680128094, -0.8853780581558973, 0.5315099065095127]",28.648394526490822,1.4204539069331583
"[0.3306421612207723, 0.6536825562475811, -0.8853781955533158, 0.5315103507543656]",28.648425259950905,1.420516739414555
"[0.330635172417169, 0.6536820445785176, -0.8853783330350827, 0.5315107948704224]",28.648455992939684,1.4205795718959515
"[0.330628183244277, 0.6536815329802989, -0.8853784706080107, 0.5315112388796532]",28.648486732616583,1.4206424043773482
"[0.33062119471832685, 0.6536810215273038, -0.8853786082520922, 0.5315116827175055]",28.648517469085604,1.420705236858745
"[0.33061420603269315, 0.6536805101604873, -0.8853787459832057, 0.5315121264352201]",28.648548213300856,1.4207680693401414
"[0.3306072176842283, 0.6536799989161989, -0.8853788837915562, 0.5315125700012548]",28.648578951515216,1.420830901821538
"[0.3306002293606928, 0.6536794877715835, -0.8853790216832955, 0.5315130134354406]",28.648609698779165,1.4208937343029346
"[0.3305932414986038, 0.6536789767585585, -0.8853791596498016, 0.5315134567100892]",28.648640439963508,1.4209565667843314
"[0.33058625323487023, 0.6536784658140039, -0.8853792977081147, 0.5315138998799502]",28.648671186966567,1.421019399265728
"[0.33057926506097185, 0.6536779549738584, -0.8853794358485315, 0.5315143429138472]",28.64870193901953,1.4210822317471246
"[0.3305722769512233, 0.6536774442362376, -0.8853795740715571, 0.5315147858134123]",28.64873268805091,1.421145064228521
"[0.33056528962762344, 0.6536769336539009, -0.8853797123628953, 0.5315152285328965]",28.648763437469796,1.4212078967099178
"[0.33055830207839354, 0.6536764231528702, -0.8853798507425622, 0.5315156711364565]",28.648794191122672,1.4212707291913143
"[0.33055131431945045, 0.6536759127343459, -0.88537998921025, 0.5315161136230351]",28.648824943441337,1.421333561672711
"[0.3305443269185114, 0.6536754024397781, -0.8853801277547075, 0.5315165559567012]",28.64885569692127,1.4213963941541077
"[0.33053733966915577, 0.6536748922540976, -0.8853802663800174, 0.5315169981505132]",28.648886455619063,1.4214592266355042
"[0.3305303523681542, 0.653674382162416, -0.8853804050902122, 0.5315174402173869]",28.648917214631233,1.4215220591169007
"[0.33052336543157745, 0.6536738721951386, -0.8853805438770262, 0.5315178821309597]",28.64894797270974,1.4215848915982974
"[0.33051637831089276, 0.653673362312213, -0.8853806827513521, 0.531518323925941]",28.648978733850967,1.4216477240796939
"[0.33050939125718826, 0.6536728525319601, -0.8853808217082022, 0.5315187655864525]",28.649009496576664,1.4217105565610906
"[0.33050240411677695, 0.6536723428431692, -0.8853809607506333, 0.5315192071222027]",28.649040260724036,1.4217733890424873
"[0.3304954181344802, 0.6536718333366073, -0.8853810998538563, 0.5315196484545732]",28.649071025159,1.4218362215238838
"[0.3304884317585396, 0.6536713238990962, -0.8853812390487545, 0.5315200896815979]",28.649101794164796,1.4218990540052805
"[0.3304814452745642, 0.6536708145514667, -0.8853813783296477, 0.531520530785229]",28.649132563214472,1.421961886486677
"[0.3304744586135043, 0.6536703052886874, -0.8853815176979177, 0.5315209717698182]",28.649163333061512,1.4220247189680735
"[0.33046747205618643, 0.653669796131226, -0.8853816571479647, 0.5315214126176382]",28.649194103010025,1.4220875514494702
"[0.33046048657282, 0.6536692871497624, -0.8853817966604026, 0.5315218532675002]",28.649224876210365,1.422150383930867
"[0.33045350031862075, 0.6536687782098717, -0.8853819362720702, 0.5315222938357818]",28.649255650658553,1.4222132164122636
"[0.33044651463197533, 0.6536682694090568, -0.8853820759562251, 0.531522734238074]",28.649286427024613,1.42227604889366
"[0.3304395287629186, 0.6536677606926803, -0.8853822157278575, 0.5315231745216705]",28.649317204019265,1.4223388813750566
"[0.33043254334729466, 0.6536672521070404, -0.8853823555742405, 0.5315236146464997]",28.64934798291726,1.4224017138564533
"[0.3304255576718532, 0.6536667436001989, -0.8853824955096503, 0.5315240546575084]",28.649378764651928,1.4224645463378498
"[0.33041857171169964, 0.6536662351703553, -0.8853826355345965, 0.5315244945562452]",28.64940954751705,1.4225273788192465
"[0.3304115867363947, 0.6536657269098857, -0.885382775623619, 0.5315249342627905]",28.64944032842043,1.4225902113006432
"[0.3304046016961453, 0.6536652187423836, -0.8853829157977573, 0.5315253738432498]",28.649471114693508,1.4226530437820397
"[0.33039761668889156, 0.6536647106749713, -0.8853830560550456, 0.5315258132914595]",28.64950190131517,1.4227158762634364
"[0.33039063169088345, 0.6536642027059182, -0.8853831963959617, 0.5315262526089136]",28.649532686668515,1.422778708744833
"[0.33038364689876, 0.6536636948495183, -0.8853833368165508, 0.5315266917832487]",28.649563477163188,1.4228415412262294
"[0.33037666165891433, 0.6536631870582502, -0.8853834773299574, 0.5315271308555551]",28.649594267487004,1.4229043737076263
"[0.3303696769504664, 0.6536626794032879, -0.885383617916485, 0.5315275697642873]",28.649625060383737,1.4229672061890228
"[0.3303626931429907, 0.6536621719114585, -0.8853837585686695, 0.531528008486263]",28.649655854027472,1.4230300386704193
"[0.3303557084258298, 0.6536616644511913, -0.8853838993229773, 0.5315284471352186]",28.64968664823087,1.423092871151816
"[0.3303487236020901, 0.6536611570808405, -0.8853840401632438, 0.5315288856607042]",28.64971744495452,1.4231557036332125
"[0.3303417400216927, 0.6536606498984433, -0.8853841810622288, 0.5315293239779906]",28.649748241787922,1.4232185361146092
"[0.33033475565809234, 0.6536601427568134, -0.8853843220608122, 0.53152976221428]",28.649779044323257,1.423281368596006
"[0.3303277716224651, 0.6536596357366398, -0.8853844631365696, 0.5315302002998397]",28.64980984363329,1.4233442010774024
"[0.33032078742561194, 0.6536591288024058, -0.8853846042993806, 0.5315306382653545]",28.649840643384344,1.4234070335587992
"[0.330313803889097, 0.653658622013726, -0.8853847455326314, 0.5315310760593249]",28.649871448948083,1.4234698660401957
"[0.3303068203561616, 0.653658115322906, -0.8853848868495928, 0.5315315137229596]",28.649902257434523,1.4235326985215921
"[0.33029983641212507, 0.6536576086998968, -0.8853850282586636, 0.5315319512821982]",28.649933060721963,1.4235955310029889
"[0.33029285263054403, 0.6536571021862868, -0.8853851697482357, 0.5315323887011218]",28.64996386981757,1.4236583634843856
"[0.3302858697543008, 0.6536565958359397, -0.8853853113032394, 0.5315328259332197]",28.64999468071007,1.423721195965782
"[0.33027888653386916, 0.6536560895582321, -0.8853854529489951, 0.531533263056748]",28.65002549399511,1.4237840284471788
"[0.3302719038573784, 0.6536555834175444, -0.8853855946674853, 0.5315337000161195]",28.65005630419478,1.4238468609285753
"[0.330264920372913, 0.6536550773158869, -0.8853857364861533, 0.5315341368959243]",28.65008711717103,1.423909693409972
"[0.3302579376973896, 0.6536545713704371, -0.885385878372163, 0.5315345735950092]",28.650117932640512,1.4239725258913685
"[0.3302509546300004, 0.6536540654941769, -0.8853860203499082, 0.5315350101884833]",28.650148753055884,1.4240353583727652
"[0.3302439724373217, 0.6536535597788473, -0.8853861623936286, 0.5315354465971721]",28.65017956935202,1.424098190854162
"[0.3302369897659346, 0.6536530541264123, -0.8853863045308511, 0.5315358829056768]",28.650210390167853,1.4241610233355584
"[0.3302300068303486, 0.6536525485524192, -0.8853864467572226, 0.5315363191005715]",28.650241210718935,1.4242238558169549
"[0.33022302486883265, 0.6536520431465, -0.8853865890475108, 0.5315367551045291]",28.650272033175675,1.4242866882983516
"[0.3302160423877542, 0.6536515378005263, -0.8853867314321469, 0.5315371910108309]",28.650302855104005,1.424349520779748
"[0.33020906049686094, 0.653651032594808, -0.8853868738885009, 0.5315376267502002]",28.650333682705877,1.4244123532611448
"[0.3302020784631618, 0.6536505274763016, -0.8853870164315207, 0.5315380623683865]",28.650364510414548,1.4244751857425415
"[0.33019509612681663, 0.653650022433437, -0.8853871590644783, 0.5315384978753641]",28.65039533831012,1.424538018223938
"[0.3301881145507479, 0.6536495175430909, -0.8853873017656526, 0.5315389332048412]",28.650426171477452,1.4246008507053347
"[0.33018113271481325, 0.6536490127314781, -0.8853874445558866, 0.5315393684204385]",28.65045700118381,1.4246636831867312
"[0.3301741514051716, 0.6536485080554371, -0.8853875874190968, 0.531539803473152]",28.650487836526914,1.4247265156681277
"[0.3301671693986573, 0.6536480034265375, -0.8853877303803185, 0.5315402384392107]",28.650518672656407,1.4247893481495244
"[0.33016018894441473, 0.6536474990073241, -0.8853878733934827, 0.5315406731785118]",28.65054950628155,1.4248521806309211
"[0.33015320749253174, 0.6536469946135196, -0.8853880165108223, 0.5315411078498803]",28.650580342810805,1.4249150131123176
"[0.3301462262141643, 0.6536464903297553, -0.8853881597083442, 0.5315415423803715]",28.650611184313586,1.4249778455937143
"[0.3301392448295553, 0.6536459861358122, -0.885388302991786, 0.5315419767874072]",28.650642023674564,1.4250406780751108
"[0.3301322642611171, 0.6536454820982959, -0.8853884463422037, 0.5315424110136028]",28.65067286261628,1.4251035105565075
"[0.33012528336015423, 0.6536449781342505, -0.8853885897831779, 0.5315428451304273]",28.650703708462665,1.4251663430379042
"[0.3301183028535165, 0.6536444742961435, -0.8853887332997739, 0.5315432790926822]",28.650734551597985,1.4252291755193007
"[0.3301113221651911, 0.653643970542393, -0.8853888769038298, 0.5315437129361822]",28.65076539922757,1.4252920080006974
"[0.3301043414977244, 0.6536434668876234, -0.8853890205911829, 0.5315441466483248]",28.650796248388225,1.425354840482094
"[0.330097361083113, 0.6536429633485472, -0.8853891643570535, 0.5315445802147247]",28.65082709665645,1.4254176729634904
"[0.330090381301235, 0.6536424599525624, -0.8853893081936017, 0.5315450136117912]",28.650857947438787,1.4254805054448871
"[0.33008340053215607, 0.6536419565828365, -0.8853894521342174, 0.5315454469401063]",28.650888801139892,1.4255433379262838
"[0.3300764207104235, 0.6536414533788657, -0.8853895961390119, 0.5315458800795801]",28.65091965414367,1.4256061704076806
"[0.3300694410193688, 0.6536409502817462, -0.885389740224816, 0.5315463130809228]",28.650950508881444,1.425669002889077
"[0.33006246110699916, 0.6536404472661065, -0.8853898843988979, 0.5315467459659672]",28.650981368038916,1.4257318353704735
"[0.33005548174520977, 0.6536399443875648, -0.8853900286453076, 0.5315471786868492]",28.651012223049445,1.4257946678518703
"[0.33004850176183115, 0.6536394415616779, -0.8853901729882732, 0.5315476113162232]",28.651043085242456,1.4258575003332667
"[0.3300415223500485, 0.6536389388743834, -0.8853903174031216, 0.5315480437801497]",28.65107394352856,1.4259203328146635
"[0.33003454287837997, 0.6536384362801502, -0.8853904619029106, 0.5315484761178138]",28.651104806912155,1.4259831652960602
"[0.3300275632510943, 0.6536379337721421, -0.8853906064896255, 0.5315489083350727]",28.65113567142952,1.4260459977774567
"[0.330020584159583, 0.6536374314001137, -0.8853907511489382, 0.5315493403891364]",28.651166539841117,1.4261088302588534
"[0.3300136057010439, 0.653636929171031, -0.8853908958788126, 0.531549772274024]",28.651197404889494,1.4261716627402499
"[0.33000662683175885, 0.6536364270097718, -0.8853910407008918, 0.5315502040543346]",28.651228273761387,1.4262344952216464
"[0.32999964817091393, 0.6536359249608813, -0.885391185602331, 0.531550635691765]",28.65125914190477,1.426297327703043
"[0.3299926687492743, 0.6536354229546566, -0.8853913306032648, 0.5315510672462286]",28.651290010240285,1.4263601601844398
"[0.3299856900335553, 0.6536349210965832, -0.8853914756732232, 0.5315514986270432]",28.65132088611299,1.4264229926658363
"[0.32997871154951536, 0.6536344193525394, -0.8853916208220479, 0.5315519298635439]",28.651351760912267,1.426485825147233
"[0.3299717333806872, 0.6536339177285245, -0.8853917660479917, 0.5315523609505748]",28.651382637750984,1.4265486576286295
"[0.3299647552016054, 0.6536334162011178, -0.8853919113578235, 0.531552791908268]",28.65141351469587,1.4266114901100262
"[0.3299577772284041, 0.6536329147858487, -0.8853920567470396, 0.5315532227232771]",28.651444391098085,1.4266743225914227
"[0.3299507986010162, 0.6536324134209227, -0.8853922022335675, 0.531553653448689]",28.651475274077843,1.4267371550728194
"[0.3299438205763905, 0.6536319121966597, -0.8853923477912053, 0.5315540840068999]",28.651506155332562,1.426799987554216
"[0.3299368428174061, 0.6536314110888011, -0.8853924934269695, 0.5315545144187612]",28.65153703690228,1.4268628200356126
"[0.32992986543902836, 0.6536309101055998, -0.8853926391384493, 0.5315549446771833]",28.651567922935534,1.426925652517009
"[0.32992288756668076, 0.653630409184259, -0.8853927849439114, 0.5315553748360953]",28.651598809511217,1.4269884849984058
"[0.3299159100333407, 0.653629908384575, -0.8853929308259537, 0.5315558048441424]",28.651629696413856,1.4270513174798023
"[0.3299089326590908, 0.6536294076936201, -0.8853930767883292, 0.5315562347124285]",28.651660582953173,1.427114149961199
"[0.32990195571667585, 0.6536289071309549, -0.8853932228253216, 0.5315566644241613]",28.651691477805706,1.4271769824425957
"[0.3298949783753003, 0.6536284066369684, -0.8853933689543212, 0.5315570940305125]",28.651722368628935,1.4272398149239922
"[0.32988800111488525, 0.6536279062460906, -0.8853935151652824, 0.5315575235019221]",28.651753262917918,1.427302647405389
"[0.3298810240326487, 0.6536274059652927, -0.8853936614561636, 0.5315579528324046]",28.651784156882172,1.4273654798867854
"[0.32987404723570174, 0.6536269058022246, -0.885393807824712, 0.5315583820154022]",28.65181505361541,1.4274283123681821
"[0.32986707049207326, 0.6536264057402654, -0.885393954275787, 0.5315588110651721]",28.65184594949171,1.4274911448495788
"[0.3298600940450839, 0.653625905796838, -0.8853941008042763, 0.5315592399667679]",28.65187685091682,1.4275539773309753
"[0.3298531175028588, 0.6536254059438782, -0.8853942474184062, 0.5315596687442573]",28.65190774991849,1.4276168098123718
"[0.3298461406478829, 0.6536249061657382, -0.8853943941227574, 0.531560097411078]",28.651938649271685,1.4276796422937685
"[0.32983916474916997, 0.6536244065533766, -0.8853945408906329, 0.531560525889195]",28.651969557654084,1.427742474775165
"[0.32983218850825125, 0.6536239070137568, -0.8853946877493422, 0.531560954258409]",28.65200045977788,1.4278053072565617
"[0.32982521201924486, 0.6536234075536245, -0.885394834696914, 0.5315613825129285]",28.65203136518618,1.4278681397379585
"[0.32981823645898917, 0.6536229082572238, -0.8853949817085497, 0.5315618105805199]",28.652062276678915,1.427930972219355
"[0.3298112603100089, 0.6536224090159253, -0.8853951288162233, 0.5315622385543175]",28.652093184415357,1.4279938047007517
"[0.3298042845987121, 0.6536219099031779, -0.8853952759982948, 0.5315626663713541]",28.65212409494172,1.4280566371821481
"[0.3297973093335196, 0.6536214109195697, -0.8853954232545707, 0.5315630940311298]",28.652155008489316,1.4281194696635446
"[0.32979033350998865, 0.6536209119932446, -0.8853955706062583, 0.5315635215952264]",28.652185921998896,1.4281823021449414
"[0.3297833582400862, 0.6536204132037301, -0.8853957180298699, 0.5315639489954879]",28.652216835446215,1.428245134626338
"[0.3297763828986316, 0.6536199145063091, -0.8853958655386108, 0.5315643762702336]",28.65224775376564,1.4283079671077348
"[0.32976940739377175, 0.6536194158944161, -0.8853960131344278, 0.5315648034250829]",28.65227867190568,1.4283707995891313
"[0.3297624327862158, 0.6536189174438546, -0.8853961607948646, 0.5315652303951003]",28.652309593186562,1.4284336320705278
"[0.32975545739981293, 0.6536184190348301, -0.885396308555405, 0.5315656572828996]",28.65234051625535,1.4284964645519245
"[0.32974848281606073, 0.6536179207803425, -0.8853964563825484, 0.531566083991693]",28.65237143732479,1.428559297033321
"[0.3297415074663906, 0.6536174225683319, -0.88539660430954, 0.5315665106174474]",28.652402361607084,1.4286221295147177
"[0.3297345334611501, 0.6536169245495146, -0.8853967522916163, 0.5315669370311049]",28.652433287185346,1.4286849619961144
"[0.3297275588135779, 0.6536164265819981, -0.8853969003709212, 0.5315673633541608]",28.65246421352099,1.4287477944775109
"[0.3297205839808274, 0.6536159286984364, -0.8853970485377652, 0.5315677895586476]",28.6524951434068,1.4288106269589074
"[0.3297136098312972, 0.653615430960805, -0.8853971967736918, 0.5315682155915146]",28.6525260688407,1.428873459440304
"[0.3297066348418852, 0.6536149332604042, -0.8853973451110778, 0.5315686415457972]",28.65255700345184,1.4289362919217006
"[0.3296996619238493, 0.6536144358049372, -0.8853974934879878, 0.5315690672437435]",28.652587935712322,1.4289991244030973
"[0.3296926875242825, 0.653613938340929, -0.8853976419800135, 0.5315694929022652]",28.65261886959525,1.429061956884494
"[0.3296857135869346, 0.653613441007018, -0.88539779054579, 0.5315699184027292]",28.652649804517893,1.4291247893658905
"[0.329678739855212, 0.6536129437849152, -0.8853979391907711, 0.5315703437607789]",28.652680742220827,1.4291876218472872
"[0.3296717663109256, 0.653612446673298, -0.8853980879153387, 0.5315707689775514]",28.6527116828995,1.4292504543286837
"[0.32966479217048233, 0.6536119496163203, -0.8853982367362111, 0.5315711941008067]",28.652742625067468,1.4293132868100804
"[0.32965781843255487, 0.6536114526851596, -0.8853983856320827, 0.5315716190696633]",28.652773563804367,1.4293761192914771
"[0.3296508455326961, 0.653610955910838, -0.8853985345936313, 0.5315720438575973]",28.652804506575816,1.4294389517728736
"[0.32964387243584603, 0.6536104592195541, -0.8853986836429585, 0.5315724685277327]",28.65283545280165,1.4295017842542703
"[0.32963689924885964, 0.6536099626189673, -0.885398832777785, 0.5315728930735002]",28.6528663990539,1.4295646167356668
"[0.32962992637219696, 0.6536094661375771, -0.8853989819895425, 0.5315733174705402]",28.652897345343113,1.4296274492170633
"[0.32962295300001154, 0.6536089697180039, -0.88539913129548, 0.5315737417678963]",28.65292829578974,1.42969028169846
"[0.3296159810710651, 0.6536084734982395, -0.8853992806540694, 0.5315741658476322]",28.652959247412667,1.4297531141798567
"[0.3296090078849846, 0.6536079772860885, -0.8853994301231578, 0.5315745898739994]",28.652990197140575,1.4298159466612532
"[0.32960203528639315, 0.653607481212822, -0.8853995796632187, 0.5315750137348141]",28.65302114995693,1.42987877914265
"[0.32959506272070405, 0.6536069852389682, -0.8853997292861346, 0.5315754374638062]",28.653052105148227,1.4299416116240464
"[0.32958809006674256, 0.6536064893559126, -0.8853998789945078, 0.5315758610683297]",28.653083063903775,1.4300044441054431
"[0.3295811177299061, 0.6536059935924635, -0.8854000287796303, 0.531576284523779]",28.653114021464017,1.4300672765868396
"[0.3295741455947509, 0.6536054979404311, -0.8854001786439727, 0.5315767078371418]",28.65314497888463,1.4301301090682363
"[0.32956717400950786, 0.6536050024244998, -0.8854003285800379, 0.5315771309873588]",28.65317594219607,1.430192941549633
"[0.32956020178025014, 0.653604506959854, -0.8854004786135046, 0.5315775540468397]",28.65320690097066,1.4302557740310295
"[0.3295532300735206, 0.6536040116293814, -0.8854006287192732, 0.5315779769448092]",28.65323786625426,1.430318606512426
"[0.3295462582802047, 0.6536035163897856, -0.8854007789104502, 0.5315783997182358]",28.65326883359349,1.4303814389938228
"[0.32953928625540824, 0.6536030212307864, -0.8854009291901642, 0.5315788223758874]",28.653299799706993,1.4304442714752192
"[0.3295323154830925, 0.653602526257751, -0.88540107952641, 0.5315792448278328]",28.65333076583381,1.430507103956616
"[0.3295253434747011, 0.6536020312939671, -0.885401229972858, 0.5315796672248907]",28.653361735825857,1.4305699364380127
"[0.3295183723809702, 0.6536015364921314, -0.8854013804831047, 0.5315800894367446]",28.65339270468726,1.4306327689194092
"[0.32951140112372024, 0.653601041775695, -0.8854015310804149, 0.5315805115287181]",28.6534236811337,1.4306956014008059
"[0.329504429807995, 0.653600547152119, -0.8854016817625238, 0.5315809334944394]",28.653454653654524,1.4307584338822024
"[0.32949745910708467, 0.6536000526691512, -0.8854018325148696, 0.5315813552931792]",28.653485629218903,1.4308212663635989
"[0.3294904882344383, 0.6535995582709936, -0.8854019833544544, 0.5315817769725331]",28.653516605122903,1.4308840988449956
"[0.3294835174488346, 0.6535990639759904, -0.885402134275681, 0.5315821985168534]",28.653547584050912,1.4309469313263923
"[0.3294765472399348, 0.653598569818855, -0.8854022852679361, 0.5315826198965379]",28.653578563588972,1.4310097638077888
"[0.3294695763299947, 0.6535980757090049, -0.8854024363589016, 0.5315830411888219]",28.653609546118197,1.4310725962891855
"[0.3294626058274152, 0.6535975817249886, -0.8854025875245595, 0.5315834623267341]",28.653640529004615,1.431135428770582
"[0.32945563566055486, 0.6535970878617315, -0.8854027387664498, 0.5315838833145986]",28.65367151027102,1.4311982612519787
"[0.3294486653036467, 0.6535965940819695, -0.8854028900959788, 0.5315843041841813]",28.653702498539147,1.4312610937333754
"[0.3294416951183456, 0.6535961004113195, -0.8854030415052961, 0.5315847249136446]",28.653733485519247,1.431323926214772
"[0.3294347250515457, 0.6535956068460128, -0.8854031929955498, 0.5315851455062006]",28.653764475014338,1.4313867586961686
"[0.3294277555397847, 0.6535951134169437, -0.8854033445572403, 0.5315855659355266]",28.653795464244133,1.431449591177565
"[0.32942078588595897, 0.6535946200747491, -0.8854034962055204, 0.5315859862436831]",28.65382645544253,1.4315124236589616
"[0.32941381668507574, 0.6535941268615371, -0.8854036479274384, 0.5315864063947966]",28.653857448989648,1.4315752561403583
"[0.32940684675170273, 0.6535936336934262, -0.8854037997488069, 0.531586826460314]",28.653888441204693,1.431638088621755
"[0.3293998769026555, 0.6535931406281946, -0.8854039516518456, 0.5315872463910211]",28.653919438288487,1.4317009211031517
"[0.3293929079205448, 0.6535926477212135, -0.8854041036194822, 0.5315876661397565]",28.65395043927319,1.4317637535845482
"[0.3293859385846111, 0.6535921548861162, -0.885404255678327, 0.5315880857800742]",28.65398143492974,1.4318265860659447
"[0.3293789691485928, 0.6535916621408535, -0.8854044078228535, 0.5315885052966817]",28.654012436338668,1.4318894185473414
"[0.3293720001300054, 0.6535911695220057, -0.8854045600417575, 0.5315889246584355]",28.654043436397412,1.431952251028738
"[0.32936503178188264, 0.653590677047433, -0.8854047123294944, 0.5315893438501388]",28.65407444156221,1.4320150835101346
"[0.32935806282176844, 0.6535901846265171, -0.8854048647140889, 0.5315897629489172]",28.654105448502722,1.4320779159915313
"[0.32935109376889593, 0.6535896922959002, -0.8854050171842027, 0.5315901819235936]",28.654136453695735,1.4321407484729278
"[0.3293441256243486, 0.6535892001263449, -0.8854051697179182, 0.531590600713934]",28.654167458872596,1.4322035809543245
"[0.3293371570968434, 0.6535887080266088, -0.8854053223434925, 0.5315910193975881]",28.65419847026069,1.432266413435721
"[0.32933018857885044, 0.6535882160244163, -0.8854054750523378, 0.531591437950959]",28.65422947687217,1.4323292459171175
"[0.32932322024885, 0.6535877241323619, -0.8854056278405386, 0.5315918563633316]",28.654260492743987,1.4323920783985142
"[0.3293162522693137, 0.6535872323619011, -0.8854057807045241, 0.5315922746249646]",28.654291504804053,1.432454910879911
"[0.329309283571974, 0.6535867406376433, -0.8854059336677367, 0.5315926927999728]",28.65432251728374,1.4325177433613074
"[0.3293023161850205, 0.6535862491026895, -0.8854060866856469, 0.5315931107666622]",28.65435353480715,1.4325805758427042
"[0.32929534840519076, 0.6535857576368551, -0.8854062397956464, 0.5315935286272352]",28.654384556521414,1.4326434083241006
"[0.3292883804688925, 0.6535852662568244, -0.8854063929925501, 0.5315939463674985]",28.654415573013797,1.4327062408054971
"[0.3292814130298191, 0.6535847750086855, -0.8854065462619803, 0.5315943639482713]",28.654446592481907,1.4327690732868938
"[0.3292744454950387, 0.6535842838506248, -0.8854066996169736, 0.5315947814050971]",28.65447761545602,1.4328319057682906
"[0.3292674784414739, 0.6535837928232966, -0.8854068530448255, 0.5315951987034246]",28.65450864225704,1.4328947382496873
"[0.32926051136271456, 0.6535833018910008, -0.8854070065566796, 0.5315956158735937]",28.65453966341617,1.4329575707310838
"[0.3292535436869046, 0.6535828110134533, -0.8854071601651486, 0.5315960329498268]",28.654570693228262,1.4330204032124803
"[0.32924657638840943, 0.6535823202593047, -0.8854073138487554, 0.531596449873788]",28.654601719709333,1.433083235693877
"[0.32923960946963, 0.6535818296286885, -0.8854074676074347, 0.531596866645374]",28.65463274914692,1.4331460681752735
"[0.3292326427036727, 0.6535813391056329, -0.8854076214461839, 0.5315972832781488]",28.65466377921247,1.4332089006566702
"[0.3292256758697297, 0.6535808486745799, -0.8854077753698778, 0.5315976997853266]",28.654694811553373,1.4332717331380669
"[0.32921870950719956, 0.6535803583734873, -0.8854079293665924, 0.531598116134673]",28.654725845551436,1.4333345656194634
"[0.32921174314168156, 0.6535798681689574, -0.8854080834468071, 0.5315985323545491]",28.654756882641674,1.43339739810086
"[0.32920477675980814, 0.6535793780600462, -0.8854082376108173, 0.531598948445754]",28.654787919333508,1.4334602305822566
"[0.32919781038487905, 0.653578888048392, -0.8854083918581089, 0.5315993644068929]",28.65481895688831,1.4335230630636533
"[0.329190844148685, 0.6535783981432579, -0.8854085461857609, 0.5315997802301022]",28.654849995677917,1.43358589554505
"[0.3291838783655849, 0.6535779083667355, -0.8854087005867993, 0.531600195896634]",28.65488103732247,1.4336487280264465
"[0.3291769122862086, 0.6535774186661364, -0.8854088550778314, 0.531600611451201]",28.654912081386662,1.433711560507843
"[0.3291699464978415, 0.6535769290827325, -0.885409009645834, 0.53160102685878]",28.65494312677044,1.4337743929892397
"[0.3291629800134295, 0.6535764395471647, -0.885409164312716, 0.5316014421782124]",28.654974170743134,1.4338372254706362
"[0.32915601457678273, 0.6535759501819589, -0.8854093190397571, 0.531601857305549]",28.65500521831726,1.433900057952033
"[0.32914904923871174, 0.6535754609204018, -0.8854094738480207, 0.5316022722973919]",28.655036266132992,1.4339628904334296
"[0.32914208386682303, 0.6535749717531879, -0.8854096287404501, 0.5316026871616313]",28.655067315130566,1.434025722914826
"[0.3291351184656339, 0.6535744826806374, -0.885409783716945, 0.5316031018979919]",28.655098368932897,1.4340885553962228
"[0.3291281535136262, 0.6535739937363337, -0.8854099387668533, 0.5316035164779962]",28.65512942120909,1.4341513878776193
"[0.3291211884404895, 0.653573504880231, -0.8854100939028647, 0.5316039309355999]",28.655160475460818,1.4342142203590158
"[0.32911422308003496, 0.6535730161006725, -0.885410249128689, 0.5316043452806783]",28.65519153451683,1.4342770528404125
"[0.32910725858522194, 0.6535725274785498, -0.8854104044186217, 0.5316047594446621]",28.655222591162996,1.4343398853218092
"[0.32910029282410946, 0.6535720388642938, -0.8854105598202069, 0.5316051735543208]",28.655253648075007,1.4344027178032057
"[0.3290933287524434, 0.6535715504652245, -0.8854107152674972, 0.5316055874339484]",28.655284706826812,1.4344655502846024
"[0.32908636403651836, 0.6535710621176521, -0.8854108708125651, 0.5316060012222669]",28.65531577189684,1.434528382765999
"[0.32907939953575743, 0.65357057388185, -0.8854110264362249, 0.5316064148681958]",28.655346835868308,1.4345912152473956
"[0.32907243526248964, 0.6535700857586537, -0.885411182138194, 0.5316068283710348]",28.655377896117507,1.4346540477287921
"[0.32906547141309483, 0.6535695977618288, -0.8854113379140701, 0.5316072417191203]",28.655408967366057,1.4347168802101888
"[0.32905850687734545, 0.6535691098135723, -0.8854114937886935, 0.5316076549783503]",28.655440033837415,1.4347797126915856
"[0.32905154298155975, 0.6535686220068133, -0.8854116497323807, 0.5316080680700147]",28.655471096492978,1.434842545172982
"[0.3290445791746748, 0.6535681343029164, -0.8854118057574589, 0.5316084810268414]",28.655502173000404,1.4349053776543785
"[0.32903761501468454, 0.6535676466709442, -0.8854119618738368, 0.5316088938750153]",28.65553324302126,1.4349682101357752
"[0.32903065180092056, 0.6535671592018585, -0.8854121180523765, 0.5316093065375294]",28.655564316409315,1.4350310426171717
"[0.3290236880006992, 0.6535666717883518, -0.8854122743274484, 0.5316097191052245]",28.655595392985873,1.4350938750985684
"[0.3290167244746124, 0.6535661844906617, -0.8854124306797466, 0.5316101315271071]",28.655626470162026,1.4351567075799652
"[0.32900976069419363, 0.6535656972718064, -0.8854125871211364, 0.5316105438344725]",28.655657544980368,1.4352195400613617
"[0.3290027977975005, 0.6535652102113918, -0.8854127436260402, 0.5316109559599598]",28.655688623834227,1.4352823725427584
"[0.32899583454038756, 0.6535647232223774, -0.8854129002224143, 0.5316113679772195]",28.655719706302072,1.4353452050241549
"[0.32898887146489975, 0.6535642363426724, -0.8854130568980711, 0.5316117798541744]",28.65575078777267,1.4354080375055513
"[0.32898190813645733, 0.6535637495418897, -0.8854132136627919, 0.531612191616526]",28.655781871415513,1.4354708699869483
"[0.32897494553763085, 0.6535632628887091, -0.8854133704944471, 0.5316126032061833]",28.65581295705784,1.4355337024683448
"[0.3289679831636227, 0.6535627763478219, -0.8854135274043906, 0.5316130146530168]",28.65584404164588,1.4355965349497415
"[0.3289610214067315, 0.6535622899466258, -0.8854136843837672, 0.5316134259338618]",28.655875132492017,1.435659367431138
"[0.32895405804978417, 0.6535618035302355, -0.8854138414825885, 0.5316138371796684]",28.655906219980785,1.4357221999125345
"[0.3289470955421618, 0.6535613172697432, -0.8854139986456095, 0.5316142482457806]",28.655937312406664,1.4357850323939312
"[0.3289401337711943, 0.6535608311572649, -0.8854141558753444, 0.5316146591388696]",28.65596840338589,1.435847864875328
"[0.32893317078271633, 0.6535603450563501, -0.8854143132159369, 0.5316150699742672]",28.655999497442295,1.4359106973567244
"[0.3289262089019958, 0.6535598591293305, -0.8854144706148462, 0.5316154806147717]",28.65603059204525,1.435973529838121
"[0.3289192471008961, 0.6535593733044164, -0.8854146280952955, 0.5316158911210594]",28.656061691143027,1.4360363623195176
"[0.328912284640003, 0.6535588875300187, -0.8854147856740222, 0.531616301536713]",28.6560927891339,1.436099194800914
"[0.32890532305137093, 0.653558401913024, -0.8854149433163483, 0.5316167117714251]",28.65612389033796,1.4361620272823108
"[0.32889836218798857, 0.6535579164431389, -0.8854151010255743, 0.5316171218339071]",28.656154989958637,1.4362248597637075
"[0.3288913999819594, 0.653557430976155, -0.8854152588485634, 0.5316175318459567]",28.65618608939109,1.4362876922451042
"[0.32888443888220387, 0.6535569456828354, -0.8854154167298064, 0.5316179416633469]",28.656217196400018,1.4363505247265007
"[0.3288774775046451, 0.6535564604666695, -0.8854155747006809, 0.5316183513675844]",28.65624830371017,1.4364133572078972
"[0.32887051609373985, 0.6535559753447, -0.8854157327556449, 0.5316187609442722]",28.656279410272372,1.436476189689294
"[0.32886355510160964, 0.6535554903484238, -0.8854158908844272, 0.5316191703668195]",28.656310517990903,1.4365390221706904
"[0.32885659393657957, 0.6535550054366105, -0.8854160491004636, 0.5316195796700315]",28.656341626133386,1.4366018546520871
"[0.32884963298636255, 0.6535545206362631, -0.8854162073949429, 0.5316199888311132]",28.65637273881554,1.4366646871334838
"[0.3288426720790939, 0.6535540359354197, -0.8854163657717682, 0.5316203978601547]",28.656403852288804,1.4367275196148803
"[0.3288357116728362, 0.6535535513659224, -0.8854165242205083, 0.5316208067303019]",28.656434967473142,1.436790352096277
"[0.32882875070467776, 0.6535530668538062, -0.8854166827653616, 0.5316212155039491]",28.656466080251636,1.4368531845776735
"[0.32882179068330486, 0.6535525825040666, -0.8854168413719583, 0.5316216240925172]",28.656497199553126,1.43691601705907
"[0.3288148305376619, 0.6535520982421452, -0.8854170000646926, 0.5316220325589084]",28.656528316660573,1.4369788495404667
"[0.32880786992791927, 0.6535516140444129, -0.8854171588513228, 0.5316224409230433]",28.656559436621844,1.4370416820218634
"[0.3288009096027137, 0.6535511299629351, -0.8854173177147747, 0.5316228491410102]",28.656590561090027,1.43710451450326
"[0.32879394988490135, 0.6535506460201621, -0.885417476647664, 0.5316232571938775]",28.656621681384642,1.4371673469846566
"[0.32878698964628655, 0.6535501621376253, -0.8854176356757528, 0.5316236651478123]",28.65665280737088,1.4372301794660531
"[0.3287800301612633, 0.6535496784039254, -0.88541779476992, 0.5316240729281122]",28.656683933152088,1.4372930119474499
"[0.32877306997200506, 0.6535491947177264, -0.8854179539634905, 0.5316244806202008]",28.65671506019304,1.4373558444288463
"[0.32876611092936625, 0.6535487112076408, -0.8854181132141249, 0.5316248881156735]",28.656746190189345,1.437418676910243
"[0.32875915111812765, 0.6535482277405863, -0.8854182725656439, 0.5316252955266922]",28.656777319470784,1.4374815093916398
"[0.32875219174038556, 0.6535477444000718, -0.885418431990531, 0.5316257027828786]",28.656808452881926,1.4375443418730363
"[0.32874523243525333, 0.6535472611610245, -0.8854185914970446, 0.5316261099053603]",28.656839586340315,1.4376071743544327
"[0.32873827318053284, 0.6535467780218946, -0.8854187510856919, 0.5316265168954414]",28.656870719956572,1.4376700068358295
"[0.3287313140815963, 0.6535462949899923, -0.8854189107540529, 0.5316269237469635]",28.656901855056013,1.4377328393172262
"[0.32872435510736747, 0.6535458120631524, -0.8854190705028356, 0.5316273304617501]",28.65693299291871,1.4377956717986227
"[0.3287173963323806, 0.653545329246543, -0.8854192303303243, 0.5316277370354473]",28.656964134277914,1.4378585042800194
"[0.3287104377370038, 0.6535448465387776, -0.8854193902369629, 0.5316281434692287]",28.65699527466048,1.4379213367614159
"[0.328703479033234, 0.6535443639198874, -0.8854195502293692, 0.5316285497799006]",28.657026417677415,1.4379841692428126
"[0.32869652049216463, 0.6535438814086668, -0.8854197103013093, 0.5316289559516396]",28.657057561019588,1.438047001724209
"[0.32868956204281047, 0.6535433990001865, -0.8854198704544117, 0.5316293619885947]",28.657088704854342,1.4381098342056058
"[0.32868260377222647, 0.6535429167004719, -0.8854200306866689, 0.5316297678856944]",28.657119852736134,1.4381726666870025
"[0.3286756454278853, 0.653542434492021, -0.8854201910038938, 0.5316301736576651]",28.657150997533183,1.438235499168399
"[0.3286686873538472, 0.653541952398659, -0.8854203513981569, 0.5316305792844606]",28.657182149094922,1.4382983316497955
"[0.32866172949421646, 0.6535414704165103, -0.8854205118707382, 0.5316309847693406]",28.657213297865923,1.4383611641311922
"[0.32865477192063497, 0.6535409885505222, -0.8854206724199764, 0.5316313901081463]",28.657244452436732,1.4384239966125887
"[0.3286478138904849, 0.6535405067492651, -0.8854208330630112, 0.5316317953441345]",28.657275605444706,1.4384868290939854
"[0.3286408562184832, 0.6535400250691508, -0.8854209937810353, 0.531632200429855]",28.657306759766065,1.438549661575382
"[0.3286338988064223, 0.6535395435033664, -0.8854211545763068, 0.5316326053710401]",28.657337918955125,1.4386124940567786
"[0.3286269413131406, 0.6535390620282925, -0.8854213154567065, 0.5316330101875499]",28.657369074388953,1.4386753265381753
"[0.3286199833756369, 0.6535385806188214, -0.8854214764306393, 0.5316334149004844]",28.65740023439192,1.4387381590195718
"[0.3286130264169497, 0.653538099373383, -0.8854216374651723, 0.5316338194271036]",28.657431396599083,1.4388009915009683
"[0.3286060691192748, 0.653537618200817, -0.8854217985907991, 0.5316342238440336]",28.657462559577894,1.438863823982365
"[0.32859911224206456, 0.6535371371536406, -0.8854219597899291, 0.5316346281071339]",28.657493724073802,1.4389266564637617
"[0.3285921552695015, 0.653536656196176, -0.8854221210745097, 0.5316350322463882]",28.657524887591553,1.4389894889451584
"[0.3285851985349957, 0.6535361753514689, -0.8854222824368089, 0.5316354362424298]",28.65755605406735,1.439052321426555
"[0.3285782417761139, 0.6535356946013723, -0.8854224438829108, 0.5316358401105051]",28.65758722174359,1.4391151539079514
"[0.32857128477157, 0.6535352139305977, -0.8854226054179555, 0.5316362438634522]",28.65761839498795,1.4391779863893481
"[0.32856432879148995, 0.6535347334268813, -0.8854227670124387, 0.5316366474275788]",28.657649564365688,1.4392408188707446
"[0.32855737244836253, 0.6535342529943625, -0.8854229286985813, 0.531637050883401]",28.65768073669045,1.4393036513521413
"[0.3285504159213773, 0.6535337726454238, -0.88542309047223, 0.5316374542205112]",28.657711910135454,1.439366483833538
"[0.32854345984374556, 0.653533292423782, -0.8854232523186539, 0.5316378574022009]",28.657743087193488,1.4394293163149345
"[0.3285365035850091, 0.6535328122859051, -0.8854234142525182, 0.5316382604650192]",28.657774266003084,1.4394921487963313
"[0.32852954803335094, 0.653532332293083, -0.8854235762531373, 0.5316386633575165]",28.657805442588863,1.4395549812777277
"[0.32852259201089934, 0.6535318523640272, -0.8854237383479411, 0.5316390661479243]",28.657836621336276,1.4396178137591245
"[0.32851563629774794, 0.6535313725525591, -0.8854239005187542, 0.5316394687910673]",28.65786780468768,1.4396806462405212
"[0.32850868044256964, 0.6535308928275406, -0.8854240627760971, 0.5316398713130739]",28.657898988161097,1.4397434787219177
"[0.32850172487037904, 0.6535304132182846, -0.8854242251100531, 0.5316402736893457]",28.65793016899363,1.4398063112033141
"[0.3284947697931809, 0.6535299337393747, -0.8854243875156612, 0.5316406759076576]",28.657961356395617,1.4398691436847109
"[0.3284878144720155, 0.6535294543398759, -0.8854245500101713, 0.5316410780107323]",28.65799254604056,1.4399319761661074
"[0.32848085901615026, 0.6535289750273198, -0.885424712591039, 0.5316414799922469]",28.65802373092837,1.439994808647504
"[0.3284739039609937, 0.6535284958385938, -0.8854248752457444, 0.5316418818212655]",28.65805492461786,1.4400576411289008
"[0.32846694882762145, 0.6535280167406932, -0.8854250379854824, 0.5316422835254648]",28.658086116747146,1.4401204736102973
"[0.32845999405512616, 0.6535275377638565, -0.885425200799974, 0.5316426850794909]",28.658117307400065,1.440183306091694
"[0.3284530395139693, 0.6535270588991461, -0.885425363692242, 0.5316430864908402]",28.658148502241964,1.4402461385730905
"[0.32844608474577264, 0.6535265801149983, -0.8854255266730227, 0.5316434877859686]",28.658179699357454,1.440308971054487
"[0.3284391297919108, 0.6535261014142686, -0.885425689741354, 0.5316438889624748]",28.658210895549573,1.4403718035358837
"[0.32843217535593333, 0.6535256228453707, -0.8854258528807354, 0.5316442899797864]",28.658242095484518,1.4404346360172804
"[0.32842522116560297, 0.6535251443895533, -0.885426016097539, 0.5316446908536212]",28.658273296221445,1.4404974684986769
"[0.32841826669090324, 0.6535246660103584, -0.8854261794042058, 0.5316450916145194]",28.658304497317193,1.4405603009800736
"[0.3284113124815051, 0.6535241877455714, -0.885426342787829, 0.5316454922308302]",28.658335700103503,1.44062313346147
"[0.3284043591384103, 0.6535237096365143, -0.8854265062342687, 0.531645892667945]",28.658366906329523,1.4406859659428668
"[0.3283974044350494, 0.6535232315301002, -0.8854266697958717, 0.5316462930540716]",28.658398111357705,1.4407487984242633
"[0.3283904508691201, 0.6535227535980326, -0.8854268334139022, 0.531646693245414]",28.658429318376896,1.44081163090566
"[0.3283834971296233, 0.6535222757501837, -0.88542699711919, 0.531647093317447]",28.65846052746849,1.4408744633870567
"[0.32837654369094993, 0.6535217980191459, -0.8854271609005656, 0.5316474932428821]",28.65849173923399,1.4409372958684532
"[0.32836959001881066, 0.6535213203682082, -0.885427324770613, 0.5316478930524483]",28.658522949148338,1.4410001283498497
"[0.32836263678794114, 0.6535208428437135, -0.8854274887134278, 0.5316482927073547]",28.658554164877128,1.4410629608312464
"[0.3283556835692853, 0.6535203654161806, -0.8854276527391183, 0.5316486922322768]",28.65858538159325,1.441125793312643
"[0.32834872967992507, 0.6535198880387353, -0.8854278168638067, 0.5316490916664298]",28.658616596728756,1.4411886257940396
"[0.3283417771766853, 0.6535194108525537, -0.885427981038936, 0.5316494908916937]",28.65864781378909,1.4412514582754363
"[0.32833482423211524, 0.6535189337321855, -0.8854281453076424, 0.5316498900130306]",28.658679033373765,1.4413142907568328
"[0.3283278711892442, 0.6535184567011846, -0.8854283096618315, 0.5316502890107269]",28.658710257416605,1.4413771232382295
"[0.32832091887441184, 0.6535179798162345, -0.8854284740819595, 0.5316506878373731]",28.65874147758401,1.441439955719626
"[0.32831396571996346, 0.6535175029697831, -0.8854286386051036, 0.5316510865829197]",28.658772698364295,1.4415027882010225
"[0.3283070130729867, 0.6535170262542327, -0.8854288031993959, 0.531651485170087]",28.658803925707673,1.4415656206824194
"[0.3283000612597979, 0.6535165496919296, -0.8854289678570872, 0.5316518835802019]",28.658835153604336,1.441628453163816
"[0.32829310874555956, 0.6535160731776433, -0.8854291326145294, 0.5316522819012395]",28.658866380396642,1.4416912856452124
"[0.3282861564616062, 0.6535155967752205, -0.88542929744966, 0.5316526800798193]",28.658897607609113,1.4417541181266091
"[0.32827920475232086, 0.6535151205082396, -0.885429462354301, 0.5316530780962407]",28.658928841051473,1.4418169506080056
"[0.32827225228430557, 0.6535146442853494, -0.8854296273600853, 0.5316534760268411]",28.65896007372401,1.4418797830894023
"[0.32826530045250735, 0.6535141682020986, -0.8854297924339091, 0.5316538737917764]",28.658991306627737,1.441942615570799
"[0.3282583487096022, 0.6535136922209883, -0.8854299575887561, 0.5316542714223815]",28.6590225432898,1.4420054480521955
"[0.3282513970454561, 0.6535132163413229, -0.885430122824864, 0.5316546689192346]",28.659053778850346,1.4420682805335923
"[0.32824444523499796, 0.6535127405476854, -0.8854302881475845, 0.5316550662952128]",28.659085018916873,1.4421311130149888
"[0.3282374942241506, 0.6535122649048035, -0.8854304535344112, 0.5316554634962596]",28.659116256587257,1.4421939454963852
"[0.3282305424784866, 0.6535117893076807, -0.8854306190218515, 0.5316558606100514]",28.659147497495983,1.442256777977782
"[0.3282235915073286, 0.6535113138595695, -0.8854307845739762, 0.5316562575503736]",28.65917874203635,1.4423196104591787
"[0.3282166400322075, 0.6535108384730152, -0.8854309502212295, 0.5316566543902396]",28.65920998696617,1.4423824429405754
"[0.3282096892464442, 0.653510363229621, -0.8854311159351733, 0.5316570510615272]",28.659241230049464,1.4424452754219719
"[0.32820273809731176, 0.6535098880573921, -0.8854312817409, 0.5316574476243316]",28.65927247799155,1.4425081079033684
"[0.3281957869808866, 0.6535094129834166, -0.8854314476289684, 0.5316578440560371]",28.659303728918427,1.442570940384765
"[0.3281888362586285, 0.6535089380323827, -0.8854316135907438, 0.5316582403360454]",28.659334975665615,1.4426337728661616
"[0.3281818861064393, 0.653508463216291, -0.8854317796220116, 0.5316586364543496]",28.659366228417994,1.4426966053475583
"[0.32817493521585894, 0.6535079884457567, -0.8854319457540301, 0.5316590324855133]",28.659397478910172,1.442759437828955
"[0.3281679849515742, 0.6535075138139754, -0.8854321119541865, 0.5316594283517995]",28.659428735835935,1.4428222703103515
"[0.3281610344849291, 0.6535070392643646, -0.8854322782422884, 0.5316598241003955]",28.659459992459755,1.4428851027917482
"[0.3281540841347823, 0.6535065648186847, -0.8854324446107087, 0.5316602197131545]",28.659491246819577,1.4429479352731447
"[0.3281471341934909, 0.6535060904968862, -0.8854326110524409, 0.531660615173441]",28.659522508245193,1.4430107677545412
"[0.3281401841223252, 0.6535056162621897, -0.8854327775803817, 0.5316610105119206]",28.6595537659439,1.443073600235938
"[0.32813323482719586, 0.6535051421763951, -0.8854329441728138, 0.5316614056770784]",28.65958502723945,1.4431364327173346
"[0.32812628488168416, 0.653504668142186, -0.8854331108639305, 0.5316618007500294]",28.65961629362196,1.443199265198731
"[0.32811933492295287, 0.6535041942030385, -0.8854332776384616, 0.5316621956945272]",28.65964755894012,1.4432620976801278
"[0.32811238555705236, 0.6535037204002487, -0.8854334444818538, 0.5316625904761684]",28.659678823311932,1.4433249301615243
"[0.32810543616495713, 0.6535032466916166, -0.8854336114089598, 0.5316629851301115]",28.659710086381143,1.4433877626429208
"[0.3280984868533816, 0.6535027730844054, -0.8854337784172153, 0.5316633796503051]",28.659741359930845,1.4434505951243175
"[0.32809153711351374, 0.6535022995439459, -0.8854339455188547, 0.5316637740656226]",28.65977263127043,1.4435134276057142
"[0.3280845882146216, 0.6535018261567124, -0.8854341126833526, 0.5316641683040398]",28.659803900179345,1.443576260087111
"[0.32807763924631456, 0.6535013528606636, -0.8854342799325954, 0.5316645624172316]",28.65983517363523,1.4436390925685074
"[0.3280706902942217, 0.6535008796616353, -0.8854344472645246, 0.5316649564003334]",28.659866449233416,1.443701925049904
"[0.3280637419257442, 0.653500406598246, -0.8854346146654655, 0.5316653502211964]",28.659897726005386,1.4437647575313006
"[0.3280567929591511, 0.6534999335900424, -0.8854347821638899, 0.5316657439467932]",28.659929001597394,1.4438275900126973
"[0.32804984414668537, 0.6534994606882343, -0.8854349497416736, 0.5316661375344905]",28.659960282876387,1.4438904224940938
"[0.3280428958094795, 0.6534989879146611, -0.8854351173910612, 0.531666530966115]",28.659991560407597,1.4439532549754905
"[0.3280359476530516, 0.653498515249271, -0.8854352851191468, 0.5316669242583575]",28.660022844290033,1.444016087456887
"[0.3280289988767014, 0.6534980426375994, -0.8854354529452668, 0.5316673174565293]",28.660054125025816,1.4440789199382837
"[0.32802205063722695, 0.6534975701583239, -0.8854356208414852, 0.5316677104951689]",28.660085411647152,1.4441417524196802
"[0.32801510288874475, 0.6534970978083025, -0.8854357888088923, 0.5316681033768978]",28.660116696780367,1.444204584901077
"[0.32800815454363813, 0.6534966255135918, -0.8854359568737836, 0.531668496163216]",28.660147986521785,1.4442674173824737
"[0.32800120698879043, 0.6534961533684542, -0.8854361250026113, 0.531668888775728]",28.66017927607178,1.4443302498638702
"[0.32799425968131124, 0.6534956813359766, -0.8854362932084939, 0.5316692812451365]",28.660210569164406,1.4443930823452666
"[0.32798731134904163, 0.6534952093297256, -0.8854364615222484, 0.5316696736432976]",28.660241858831466,1.4444559148266634
"[0.3279803642208991, 0.6534947375011164, -0.8854366298898774, 0.5316700658443304]",28.66027315076191,1.4445187473080598
"[0.327973416322113, 0.6534942657160164, -0.8854367983592348, 0.5316704579597323]",28.660304449489068,1.4445815797894566
"[0.32796647002164603, 0.6534937941352646, -0.8854369668728642, 0.5316708498558319]",28.660335744906618,1.4446444122708533
"[0.3279595221594192, 0.6534933225443232, -0.885437135507427, 0.5316712417109125]",28.660367039686356,1.4447072447522498
"[0.327952574642026, 0.6534928510726252, -0.885437304216669, 0.53167163341741]",28.660398341554597,1.4447700772336465
"[0.3279456280537145, 0.6534923797597904, -0.8854374729863813, 0.5316720249424186]",28.660429643156917,1.444832909715043
"[0.32793868089763206, 0.6534919085042512, -0.8854376418529236, 0.5316724163703116]",28.66046094539223,1.4448957421964395
"[0.32793173450453367, 0.6534914373962722, -0.8854378107839456, 0.5316728076261147]",28.66049224873711,1.4449585746778362
"[0.32792478739725306, 0.6534909663356673, -0.8854379798153709, 0.5316731987930294]",28.660523553933473,1.4450214071592329
"[0.3279178410266446, 0.6534904954208102, -0.885438148911898, 0.5316735897893649]",28.6605548611715,1.4450842396406296
"[0.3279108947804124, 0.6534900246101736, -0.8854383180884171, 0.5316739806496067]",28.660586168101066,1.445147072122026
"[0.32790394813445545, 0.6534895538682376, -0.8854384873576983, 0.5316743714032365]",28.66061747966157,1.4452099046034226
"[0.3278970014785189, 0.6534890832214189, -0.8854386567102517, 0.5316747620283199]",28.660648791019263,1.4452727370848193
"[0.3278900552249766, 0.6534886126976461, -0.8854388261360175, 0.5316751525016777]",28.660680101199652,1.4453355695662158
"[0.3278831095703187, 0.6534881423102168, -0.8854389956301859, 0.5316755428122788]",28.66071141604419,1.4453984020476125
"[0.32787616347900245, 0.6534876719889637, -0.8854391652180246, 0.5316759330183553]",28.660742729479036,1.4454612345290092
"[0.32786921763895616, 0.6534872017804968, -0.8854393348827412, 0.5316763230812214]",28.66077404861509,1.4455240670104057
"[0.3278622718162577, 0.6534867316689654, -0.8854395046300451, 0.531676713014029]",28.660805366809548,1.4455868994918022
"[0.327855326666922, 0.6534862616987523, -0.8854396744438927, 0.5316771027799694]",28.66083668403178,1.445649731973199
"[0.32784838050831744, 0.6534857917560005, -0.8854398443654311, 0.531677492473463]",28.6608680077686,1.4457125644545954
"[0.3278414354205222, 0.6534853219814336, -0.8854400143437758, 0.5316778819778143]",28.660899331055635,1.4457753969359923
"[0.3278344899905477, 0.6534848522794593, -0.8854401844134963, 0.5316782713722864]",28.660930653098617,1.4458382294173888
"[0.32782754470698694, 0.6534843826831471, -0.8854403545626319, 0.5316786606294498]",28.66096198018161,1.4459010618987853
"[0.3278206002653031, 0.6534839132394191, -0.8854405247741294, 0.5316790497104449]",28.660993309884116,1.445963894380182
"[0.3278136550128543, 0.6534834438366349, -0.885440695088493, 0.5316794387077705]",28.661024637891575,1.4460267268615785
"[0.32780670994696376, 0.6534829745421752, -0.8854408654812792, 0.531679827565589]",28.661055964657315,1.4460895593429752
"[0.327799764723859, 0.6534825053328167, -0.8854410359609212, 0.5316802163031386]",28.6610872950409,1.446152391824372
"[0.3277928206148063, 0.6534820362944205, -0.8854412064961974, 0.5316806048492915]",28.66111863083117,1.4462152243057684
"[0.3277858758279063, 0.6534815673059398, -0.8854413771311064, 0.5316809933043242]",28.661149965651678,1.4462780567871651
"[0.3277789313663336, 0.6534810984351257, -0.8854415478410069, 0.531681381612112]",28.661181300176725,1.4463408892685616
"[0.3277719871223882, 0.6534806296747112, -0.8854417186285362, 0.5316817697786704]",28.661212638055595,1.4464037217499581
"[0.3277650429289271, 0.6534801610133552, -0.8854418894978017, 0.5316821578134086]",28.661243978510303,1.4464665542313548
"[0.327758098485321, 0.6534796924308252, -0.8854420604562034, 0.5316825457330536]",28.66127531633767,1.4465293867127516
"[0.3277511547257599, 0.6534792239901089, -0.8854422314807372, 0.5316829334854747]",28.661306660524573,1.446592219194148
"[0.3277442106709367, 0.6534787556251538, -0.8854424025955154, 0.5316833211253409]",28.661338001068312,1.4466550516755448
"[0.3277372665116759, 0.6534782873488417, -0.885442573795844, 0.5316837086419806]",28.66136934677933,1.4467178841569412
"[0.32773032324354046, 0.6534778192282388, -0.8854427450571654, 0.5316840959799182]",28.661400693518342,1.446780716638338
"[0.32772337981213984, 0.6534773511922946, -0.885442916405473, 0.5316844831979278]",28.661432038900376,1.4468435491197345
"[0.32771643598229155, 0.6534768832251476, -0.8854430878465817, 0.5316848703091307]",28.661463388303176,1.4469063816011312
"[0.32770949235621644, 0.6534764153673845, -0.8854432593656264, 0.5316852572799466]",28.661494738671642,1.4469692140825279
"[0.3277025489090682, 0.6534759476173198, -0.8854434309632143, 0.5316856441117722]",28.661526090714517,1.4470320465639244
"[0.3276956060043288, 0.6534754799994242, -0.88544360263035, 0.5316860307843743]",28.66155744386264,1.4470948790453209
"[0.32768866302635813, 0.6534750124722218, -0.8854437743822473, 0.5316864173320508]",28.66158879741541,1.4471577115267176
"[0.32768171989883926, 0.6534745450305802, -0.8854439462207987, 0.5316868037590387]",28.66162015258318,1.447220544008114
"[0.32767477704542813, 0.6534740777030018, -0.8854441181355166, 0.531687190041779]",28.661651510827223,1.4472833764895108
"[0.32766783417734086, 0.653473610470051, -0.885444290133548, 0.5316875761963332]",28.66168287204282,1.4473462089709075
"[0.32766089191299563, 0.6534731433733317, -0.885444462199562, 0.5316879621883196]",28.661714231898845,1.447409041452304
"[0.32765394888958355, 0.6534726763211512, -0.885444634367339, 0.531688348093506]",28.66174559479611,1.4474718739337007
"[0.32764700677081665, 0.6534722094254194, -0.8854448065956221, 0.5316887338194243]",28.66177695762478,1.4475347064150972
"[0.3276400645125055, 0.6534717426158907, -0.8854449789103024, 0.5316891194241141]",28.661808321719192,1.4475975388964937
"[0.327633121692479, 0.6534712758641905, -0.8854451513218723, 0.5316895049310029]",28.661839689201347,1.4476603713778906
"[0.32762617960621987, 0.6534708092574047, -0.8854453237981579, 0.5316898902681624]",28.66187105636446,1.447723203859287
"[0.32761923807814075, 0.6534703427837021, -0.8854454963434992, 0.5316902754453743]",28.66190242466963,1.4477860363406836
"[0.3276122954916497, 0.6534698763344563, -0.8854456689980883, 0.5316906605523258]",28.66193379428848,1.4478488688220803
"[0.3276053543347666, 0.6534694100768191, -0.8854458417000451, 0.5316910454510142]",28.66196516966112,1.4479117013034768
"[0.327598412214737, 0.6534689438500498, -0.8854460145088955, 0.531691430274135]",28.661996542339104,1.4479745337848735
"[0.32759147054136545, 0.6534684777488385, -0.885446187389555, 0.5316918149435219]",28.662027916753765,1.4480373662662702
"[0.32758452929744875, 0.653468011772008, -0.885446360342436, 0.5316921994601542]",28.662059292771936,1.4481001987476667
"[0.32757758784593455, 0.6534675458767872, -0.8854465333834092, 0.5316925838593242]",28.662090671622227,1.4481630312290634
"[0.32757064709588224, 0.6534670801241773, -0.8854467064898033, 0.531692968090704]",28.662122051794494,1.44822586371046
"[0.3275637055371152, 0.6534666144128403, -0.8854468796992861, 0.5316933522378899]",28.66215343306131,1.4482886961918564
"[0.32755676391998423, 0.6534661487931294, -0.8854470529931501, 0.5316937362593367]",28.662184813697202,1.4483515286732531
"[0.3275498229752985, 0.6534656833140532, -0.8854472263531399, 0.5316941201146265]",28.66221619794327,1.4484143611546498
"[0.32754288241354634, 0.6534652179561719, -0.8854473997864684, 0.5316945038197992]",28.66224758452531,1.4484771936360465
"[0.32753594130888264, 0.6534647526574086, -0.8854475733162742, 0.5316948874260353]",28.662278971235047,1.448540026117443
"[0.3275290008097888, 0.6534642874947495, -0.8854477469138436, 0.5316952708698626]",28.662310357132732,1.4486028585988395
"[0.3275220599649266, 0.6534638224044257, -0.8854479206029677, 0.5316956542038467]",28.66234174667287,1.4486656910802362
"[0.32751512008862393, 0.6534633574744925, -0.8854480943507459, 0.531696037355416]",28.66237313639308,1.4487285235616327
"[0.3275081790046296, 0.6534628925591575, -0.8854482682116673, 0.5316964204447123]",28.662404532113126,1.4487913560430294
"[0.3275012391599621, 0.6534624278223206, -0.8854484421244389, 0.5316968033366807]",28.662435924440985,1.4488541885244262
"[0.3274942990861795, 0.6534619631656189, -0.8854486161258418, 0.5316971861123692]",28.662467320704632,1.4489170210058226
"[0.32748735880662994, 0.6534614985906262, -0.8854487902152985, 0.5316975687704735]",28.662498718339236,1.4489798534872191
"[0.3274804188811578, 0.6534610341348102, -0.8854489643787643, 0.5316979512801313]",28.66253011606517,1.4490426859686159
"[0.3274734787920798, 0.6534605697635193, -0.8854491386292276, 0.5316983336698796]",28.662561516635613,1.4491055184500123
"[0.32746653953097815, 0.6534601055430858, -0.8854493129417802, 0.5316987158851014]",28.66259291718523,1.449168350931409
"[0.3274595997832954, 0.6534596413855597, -0.8854494873494371, 0.5316990979982105]",28.662624318573897,1.4492311834128058
"[0.32745266049618504, 0.6534591773542885, -0.8854496618283964, 0.5316994799570532]",28.66265572168627,1.4492940158942023
"[0.3274457212502178, 0.6534587134212164, -0.8854498363891948, 0.5316998617847251]",28.6626871303003,1.449356848375599
"[0.32743878165012374, 0.6534582495599097, -0.8854500110417826, 0.5317002435029785]",28.66271853678233,1.4494196808569955
"[0.3274318424879702, 0.6534577858233233, -0.8854501857662227, 0.5317006250682297]",28.662749945352076,1.449482513338392
"[0.3274249031466092, 0.6534573221701923, -0.8854503605780509, 0.5317010065144365]",28.662781353196774,1.4495453458197887
"[0.32741796444589916, 0.6534568586552916, -0.8854505354566062, 0.5317013877965343]",28.66281276347233,1.4496081783011854
"[0.3274110256100198, 0.6534563952267834, -0.8854507104214328, 0.5317017689571674]",28.662844178724892,1.449671010782582
"[0.3274040868127891, 0.6534559318962739, -0.8854508854681499, 0.5317021499867863]",28.66287559407782,1.4497338432639786
"[0.327397148129448, 0.6534554686687823, -0.8854510605948571, 0.5317025308812624]",28.662907006228853,1.449796675745375
"[0.32739020967378557, 0.6534550055518967, -0.8854512357986761, 0.5317029116343569]",28.662938425699764,1.4498595082267718
"[0.32738327091790287, 0.6534545425103796, -0.8854514110929393, 0.5317032922750368]",28.662969843599637,1.4499223407081685
"[0.32737633264692556, 0.6534540795966197, -0.885451586457809, 0.5317036727602352]",28.663001266898114,1.449985173189565
"[0.32736939454917086, 0.65345361678981, -0.8854517619011505, 0.531704053107057]",28.663032685446947,1.4500480056709617
"[0.3273624563023687, 0.6534531540684368, -0.8854519374311142, 0.5317044333331851]",28.66306410903417,1.4501108381523582
"[0.3273555182960515, 0.653452691458488, -0.8854521130378435, 0.5317048134172576]",28.66309553370975,1.450173670633755
"[0.32734858005657763, 0.6534522289283756, -0.8854522887333268, 0.5317051933852267]",28.663126959031178,1.4502365031151514
"[0.3273416427056098, 0.65345176655286, -0.885452464489149, 0.5317055731756802]",28.66315838690312,1.4502993355965481
"[0.3273347048572593, 0.653451304239568, -0.8854526403404145, 0.5317059528644916]",28.663189814878653,1.4503621680779448
"[0.32732776645082906, 0.6534508419844481, -0.8854528162886816, 0.5317063324549832]",28.66322124697411,1.4504250005593413
"[0.32732082928510015, 0.6534503799073489, -0.8854529922883224, 0.5317067118487342]",28.663252677416132,1.4504878330407378
"[0.3273138918254172, 0.6534499179060215, -0.885453168378257, 0.531707091129707]",28.663284109748314,1.4505506655221345
"[0.3273069551897783, 0.6534494560549022, -0.8854533445300975, 0.5317074702367967]",28.663315544352926,1.450613498003531
"[0.3273000177145258, 0.6534489942432237, -0.8854535207860927, 0.531707849260922]",28.663346980713797,1.4506763304849277
"[0.32729308088953557, 0.6534485325701637, -0.8854536971083938, 0.5317082281206801]",28.66337841944248,1.4507391629663244
"[0.3272861435489145, 0.653448070958123, -0.8854538735266337, 0.5317086068797484]",28.66340985538869,1.450801995447721
"[0.3272792065754114, 0.6534476094658391, -0.8854540500183664, 0.5317089854899288]",28.663441299474627,1.4508648279291176
"[0.3272722699099522, 0.6534471480893681, -0.885454226585084, 0.5317093639544606]",28.663472738917104,1.4509276604105141
"[0.3272653329883039, 0.6534466867911766, -0.8854544032411474, 0.5317097423041299]",28.663504182544372,1.4509904928919106
"[0.32725839701492565, 0.6534462256513436, -0.8854545799558715, 0.5317101204732622]",28.663535625799213,1.4510533253733073
"[0.32725146068766925, 0.6534457645832814, -0.8854547567624227, 0.531710498532869]",28.663567076124234,1.451116157854704
"[0.32724452385352376, 0.6534453035768341, -0.8854549336647166, 0.5317108764912655]",28.663598522640715,1.4511789903361005
"[0.3272375877404806, 0.6534448427136047, -0.8854551106314338, 0.531711254281549]",28.663629969956272,1.4512418228174973
"[0.32723065175554483, 0.653444381954178, -0.8854552876776882, 0.5317116319360342]",28.663661422835272,1.4513046552988937
"[0.32722371486630747, 0.6534439212299695, -0.8854554648298484, 0.5317120095109291]",28.66369287458283,1.4513674877802905
"[0.3272167795755345, 0.6534434607072046, -0.8854556420239862, 0.5317123868700073]",28.663724325532595,1.451430320261687
"[0.32720984354683913, 0.6534430002307089, -0.8854558193197806, 0.5317127641404308]",28.663755782750847,1.4514931527430837
"[0.3272029077692853, 0.6534425398661597, -0.8854559966919593, 0.5317131412683797]",28.663787237427478,1.4515559852244804
"[0.327195972052709, 0.6534420796009249, -0.885456174145379, 0.5317135182642029]",28.66381869639086,1.4516188177058769
"[0.3271890363594828, 0.653441619432505, -0.8854563516810021, 0.5317138951299458]",28.663850157238876,1.4516816501872734
"[0.32718210098898515, 0.6534411593807467, -0.8854565292911596, 0.5317142718493575]",28.663881614581,1.45174448266867
"[0.3271751660419188, 0.6534406994523201, -0.8854567069732588, 0.5317146484169786]",28.663913079633485,1.4518073151500666
"[0.32716823048319776, 0.6534402395785952, -0.8854568847538232, 0.5317150248889898]",28.663944541616754,1.4518701476314635
"[0.3271612956136868, 0.6534397798457703, -0.8854570625995082, 0.5317154011948425]",28.663976008466793,1.45193298011286
"[0.32715436095605854, 0.6534393202222348, -0.8854572405225376, 0.5317157773603991]",28.66400747289932,1.4519958125942565
"[0.3271474256673525, 0.6534388606521182, -0.8854574185445473, 0.5317161534313796]",28.664038940914352,1.4520586450756532
"[0.32714049102003345, 0.6534384012197002, -0.885457596632875, 0.531716529338828]",28.664070410714377,1.4521214775570497
"[0.32713355630154767, 0.6534379418777997, -0.8854577748058092, 0.531716905121337]",28.66410188224208,1.4521843100384464
"[0.3271266216312894, 0.6534374826343127, -0.8854579530602836, 0.5317172807724471]",28.66413335296021,1.452247142519843
"[0.32711968697262506, 0.6534370234867993, -0.8854581313972391, 0.5317176562941561]",28.664164827620684,1.4523099750012396
"[0.327112752803806, 0.653436564466919, -0.8854583098043673, 0.5317180316605706]",28.66419630304896,1.4523728074826363
"[0.327105818383427, 0.6534361055255942, -0.8854584883007399, 0.5317184069118215]",28.66422777944903,1.4524356399640328
"[0.3270988844342469, 0.6534356467106317, -0.8854586668677501, 0.5317187820088256]",28.664259259560826,1.4524984724454293
"[0.32709194998652946, 0.6534351879578824, -0.8854588455303707, 0.5317191570040178]",28.66429073656293,1.452561304926826
"[0.32708501572419885, 0.6534347293125888, -0.8854590242709865, 0.5317195318604124]",28.664322217992357,1.4526241374082227
"[0.3270780823699298, 0.6534342708225287, -0.8854592030709507, 0.531719906538967]",28.6643537002382,1.4526869698896192
"[0.3270711487777973, 0.6534338124119006, -0.8854593819598036, 0.5317202811016343]",28.664385183145868,1.452749802371016
"[0.32706421492627946, 0.653433354079295, -0.8854595609381092, 0.5317206555495552]",28.664416669348935,1.4528126348524124
"[0.32705728129681494, 0.6534328958565422, -0.8854597399934406, 0.5317210298567198]",28.66444815819387,1.452875467333809
"[0.32705034805527616, 0.6534324377545626, -0.8854599191215057, 0.53172140401422]",28.664479647374908,1.4529382998152056
"[0.3270434147658316, 0.6534319797445773, -0.885460098333557, 0.5317217780455531]",28.664511135658103,1.4530011322966023
"[0.32703648139752733, 0.653431521824531, -0.8854602776303985, 0.5317221519523966]",28.664542624778793,1.453063964777999
"[0.32702954871065465, 0.6534310640446256, -0.8854604569923573, 0.5317225256937621]",28.66457411916127,1.4531267972593955
"[0.3270226155312147, 0.6534306063273345, -0.8854606364498051, 0.5317228993329428]",28.664605614607193,1.453189629740792
"[0.32701568281309995, 0.6534301487356229, -0.885460815978052, 0.5317232728185389]",28.66463710713192,1.4532524622221887
"[0.32700874972784305, 0.6534296912148172, -0.8854609955985497, 0.5317236461951687]",28.66466860309785,1.4533152947035852
"[0.3270018171189687, 0.6534292338205595, -0.8854611752894442, 0.5317240194174276]",28.664700104156683,1.453378127184982
"[0.3269948839526165, 0.6534287764846559, -0.8854613550775333, 0.5317243925409506]",28.664731602467242,1.4534409596663787
"[0.326987951930445, 0.6534283193193671, -0.8854615349186796, 0.5317247654741418]",28.66476310569009,1.4535037921477751
"[0.3269810192907699, 0.6534278622083869, -0.8854617148585814, 0.5317251383119209]",28.6647946087638,1.4535666246291719
"[0.3269740873418345, 0.6534274052380858, -0.8854618948632784, 0.5317255109837975]",28.66482611201016,1.4536294571105683
"[0.326967155085131, 0.6534269483425921, -0.8854620749586933, 0.5317258835435068]",28.664857617566526,1.4536922895919648
"[0.32696022300308714, 0.6534264915537016, -0.8854622551322964, 0.5317262559651181]",28.664889123081537,1.4537551220733615
"[0.32695329104859, 0.6534260348683005, -0.885462435385307, 0.5317266282511703]",28.664920632832438,1.4538179545547583
"[0.32694635950691, 0.6534255783051706, -0.8854626157102974, 0.5317270003863561]",28.664952144223953,1.4538807870361548
"[0.3269394272958265, 0.6534251217930328, -0.8854627961354268, 0.531727372428767]",28.66498365506451,1.4539436195175515
"[0.32693249546796327, 0.6534246654012084, -0.8854629766333041, 0.5317277443219033]",28.665015166449656,1.454006451998948
"[0.3269255634822076, 0.6534242090940637, -0.8854631572180153, 0.5317281160948002]",28.66504668348063,1.4540692844803447
"[0.3269186322841443, 0.6534237529338279, -0.8854633378649158, 0.5317284876967618]",28.665078198325208,1.4541321169617414
"[0.3269117009636069, 0.6534232968605891, -0.8854635185977162, 0.5317288591765968]",28.665109713280433,1.4541949494431379
"[0.32690477020487774, 0.6534228409193523, -0.885463699398566, 0.5317292304976527]",28.665141232779746,1.4542577819245346
"[0.3268978387440821, 0.6534223850269777, -0.8854638803004389, 0.531729601727634]",28.66517275595869,1.454320614405931
"[0.3268909079974335, 0.653421929276611, -0.8854640612663733, 0.531729972790688]",28.665204274913012,1.4543834468873276
"[0.326883976683014, 0.6534214735839515, -0.885464242329838, 0.5317303437554506]",28.66523579955536,1.4544462793687243
"[0.32687704595023204, 0.6534210180245648, -0.8854644234608082, 0.5317307145604029]",28.665267324970046,1.454509111850121
"[0.3268701152294999, 0.6534205625609893, -0.8854646046741599, 0.5317310852360428]",28.665298850198486,1.4545719443315175
"[0.32686318477426884, 0.6534201072098816, -0.8854647859632608, 0.5317314557688121]",28.665330374026272,1.4546347768129142
"[0.326856254290845, 0.6534196519519336, -0.8854649673357897, 0.5317318261744237]",28.66536190500466,1.4546976092943107
"[0.3268493237903262, 0.6534191967878744, -0.8854651487914574, 0.5317321964522802]",28.665393436960258,1.4547604417757074
"[0.3268423933332184, 0.6534187417216877, -0.885465330328679, 0.5317325665991345]",28.66542496349056,1.454823274257104
"[0.32683546325852847, 0.6534182867755843, -0.8854655119385685, 0.5317329365969349]",28.665456500080158,1.4548861067385006
"[0.32682853331029, 0.6534178319327855, -0.8854656936278238, 0.5317333064593173]",28.665488035394674,1.4549489392198973
"[0.32682160294976387, 0.6534173771579231, -0.8854658754105754, 0.5317336762150396]",28.665519573045863,1.4550117717012938
"[0.32681467357722266, 0.6534169225428688, -0.8854660572500839, 0.5317340457894097]",28.66555110899366,1.4550746041826903
"[0.326807743361275, 0.6534164679674662, -0.8854662391944064, 0.5317344152801058]",28.665582649103694,1.455137436664087
"[0.326800813753302, 0.6534160135269221, -0.8854664212054434, 0.5317347846097342]",28.665614189041175,1.4552002691454835
"[0.32679388444414537, 0.65341555920093, -0.885466603291299, 0.53173515379481]",28.665645727949848,1.4552631016268802
"[0.32678695470570845, 0.6534151049417638, -0.8854667854711081, 0.5317355228741064]",28.665677274348923,1.455325934108277
"[0.32678002563743697, 0.653414650821483, -0.8854669677159634, 0.5317358917890781]",28.665708820471515,1.4553887665896734
"[0.3267730963166779, 0.6534141967796082, -0.8854671500501246, 0.5317362605888579]",28.665740364860596,1.4554515990710701
"[0.32676616644921197, 0.6534137427968781, -0.885467332481348, 0.5317366292890778]",28.66577191325702,1.4555144315524666
"[0.32675923780128907, 0.6534132889889741, -0.885467514963125, 0.5317369977957976]",28.66580346060741,1.4555772640338631
"[0.326752309432257, 0.653412835294265, -0.8854676975202032, 0.5317373661590719]",28.6658350119688,1.4556400965152598
"[0.3267453798536157, 0.6534123816152967, -0.8854678801918202, 0.5317377344580125]",28.66586656462693,1.4557029289966565
"[0.32673845144249375, 0.6534119281076854, -0.8854680629153139, 0.5317381025662906]",28.66589811693575,1.4557657614780533
"[0.32673152254259014, 0.6534114746630054, -0.8854682457343532, 0.5317384705719171]",28.665929673436725,1.4558285939594497
"[0.3267245942693504, 0.6534110213542549, -0.8854684286195057, 0.5317388384156447]",28.665961228728115,1.4558914264408462
"[0.32671766571056354, 0.6534105681217349, -0.8854686115948447, 0.5317392061459201]",28.665992786059956,1.455954258922243
"[0.3267107377593438, 0.653410115023864, -0.8854687946367786, 0.5317395737153441]",28.666024345339885,1.4560170914036397
"[0.32670380944500244, 0.6534096619971419, -0.8854689777709502, 0.5317399411754333]",28.66605590573928,1.4560799238850362
"[0.32669688162911037, 0.6534092090979079, -0.8854691609745831, 0.5317403084804861]",28.666087468043116,1.4561427563664329
"[0.32668995314317134, 0.6534087562497707, -0.8854693442785813, 0.5317406756924521]",28.66611902998848,1.4562055888478294
"[0.32668302524926934, 0.6534083035352346, -0.8854695276495561, 0.53174104274442]",28.666150600395166,1.4562684213292258
"[0.3266760972849801, 0.6534078509109621, -0.8854697111050321, 0.5317414096715447]",28.66618216488728,1.4563312538106226
"[0.32666916961199155, 0.6534073984006055, -0.8854698946354279, 0.5317417764546397]",28.666213729785852,1.4563940862920193
"[0.326662241907436, 0.653406945983065, -0.8854700782492925, 0.5317421431108091]",28.666245299161535,1.456456918773416
"[0.326655313955087, 0.653406493644222, -0.8854702619523619, 0.5317425096514902]",28.666276874016738,1.4565197512548125
"[0.32664838703909677, 0.6534060414678999, -0.885470445710572, 0.5317428760087648]",28.666308445321313,1.456582583736209
"[0.32664145990227256, 0.6534055893720144, -0.8854706295572589, 0.5317432422491448]",28.66634001909212,1.4566454162176057
"[0.32663453266427794, 0.6534051373643797, -0.8854708134892532, 0.5317436083662931]",28.666371592491494,1.4567082486990022
"[0.3266276056055075, 0.6534046854632906, -0.8854709974991085, 0.5317439743453887]",28.66640316957687,1.4567710811803989
"[0.3266206785041971, 0.6534042336542641, -0.885471181592714, 0.5317443401981626]",28.666434749268987,1.4568339136617956
"[0.326613751563532, 0.6534037819505588, -0.885471365764668, 0.5317447059138739]",28.666466326893143,1.456896746143192
"[0.3266068248386195, 0.6534033303557549, -0.8854715500134979, 0.5317450714896268]",28.66649790826761,1.4569595786245888
"[0.32659989797104777, 0.6534028788464822, -0.8854717343487374, 0.531745436944337]",28.666529488714122,1.4570224111059853
"[0.3265929713599954, 0.6534024274487549, -0.8854719187597616, 0.5317458022569472]",28.66656107316004,1.4570852435873818
"[0.32658604496713245, 0.6534019761600656, -0.885472103247583, 0.5317461674294884]",28.666592660261742,1.4571480760687785
"[0.3265791190519022, 0.6534015249973026, -0.8854722878052783, 0.5317465324482995]",28.66662424822449,1.4572109085501752
"[0.32657219255455705, 0.653401073891417, -0.8854724724610904, 0.5317468973692475]",28.666655835695362,1.4572737410315717
"[0.32656526666511515, 0.6534006229199326, -0.8854726571832929, 0.5317472621296079]",28.666687428430926,1.4573365735129684
"[0.3265583399687679, 0.6534001719907097, -0.8854728420096252, 0.5317476268039077]",28.6667190149695,1.457399405994365
"[0.3265514144876746, 0.6533997212353908, -0.8854730268861221, 0.5317479912856843]",28.66675060695773,1.4574622384757616
"[0.32654448843727113, 0.6533992705378072, -0.8854732118604118, 0.5317483556688757]",28.66678220254055,1.457525070957158
"[0.326537562903158, 0.6533988199685975, -0.8854733969035019, 0.5317487198963705]",28.666813796627125,1.4575879034385548
"[0.32653063695440654, 0.6533983694671964, -0.8854735820402648, 0.5317490840171237]",28.666845394391952,1.4576507359199515
"[0.3265237115968006, 0.6533979190990159, -0.8854737672438119, 0.531749447978267]",28.666876994259184,1.457713568401348
"[0.3265167861218183, 0.6533974688179698, -0.8854739525330836, 0.5317498118170456]",28.666908592140434,1.4577764008827445
"[0.32650986054084125, 0.6533970186248004, -0.885474137907778, 0.5317501755328548]",28.666940195491925,1.4578392333641412
"[0.3265029358013103, 0.653396568581078, -0.8854743233425242, 0.5317505390759567]",28.666971797153224,1.4579020658455377
"[0.32649601038980475, 0.6533961185884385, -0.8854745088778456, 0.5317509025258081]",28.667003400383425,1.4579648983269347
"[0.32648908545794825, 0.6533956687217243, -0.8854746944828935, 0.5317512658219516]",28.667035006941955,1.4580277308083311
"[0.3264821605927526, 0.6533952189540583, -0.8854748801687283, 0.5317516289861078]",28.667066613344186,1.4580905632897276
"[0.3264752359334625, 0.6533947692945109, -0.8854750659316106, 0.5317519920109404]",28.667098223524665,1.4581533957711243
"[0.3264683112362033, 0.6533943197272294, -0.8854752517780806, 0.5317523549092509]",28.66712983156891,1.4582162282525208
"[0.3264613863263711, 0.6533938702408815, -0.885475437712829, 0.5317527176901811]",28.66716144380231,1.4582790607339176
"[0.3264544617578409, 0.6533934208714143, -0.8854756237209822, 0.5317530803247165]",28.667193056598645,1.4583418932153143
"[0.3264475374175464, 0.653392971611469, -0.8854758098055668, 0.5317534428188015]",28.66722467155036,1.4584047256967108
"[0.3264406132948108, 0.6533925224603503, -0.8854759959668631, 0.5317538051729963]",28.66725628810051,1.4584675581781072
"[0.326433689462902, 0.6533920734227958, -0.8854761822028918, 0.5317541673834828]",28.6672879022413,1.458530390659504
"[0.3264267648623309, 0.6533916244301077, -0.8854763685421595, 0.5317545295056642]",28.667319522185103,1.4585932231409005
"[0.32641984085666687, 0.6533911755706806, -0.8854765549479773, 0.5317548914682514]",28.667351139528467,1.4586560556222972
"[0.3264129171385798, 0.6533907268245948, -0.8854767414286023, 0.5317552532873062]",28.667382764045534,1.4587188881036939
"[0.32640599359443406, 0.6533902781844599, -0.885476927987088, 0.5317556149687946]",28.667414385577466,1.4587817205850904
"[0.3263990696490384, 0.6533898296130104, -0.8854771146389373, 0.531755976542752]",28.66744601223238,1.458844553066487
"[0.32639214577435577, 0.6533893811408663, -0.8854773013714325, 0.5317563379844759]",28.66747763527018,1.4589073855478836
"[0.3263852230617206, 0.6533889328385792, -0.8854774881551215, 0.5317566992371583]",28.667509261470773,1.45897021802928
"[0.32637829928888856, 0.6533884845623311, -0.8854776750499602, 0.5317570604166533]",28.667540892251196,1.4590330505106768
"[0.3263713758023209, 0.6533880363992923, -0.8854778620196175, 0.5317574214527226]",28.667572523614083,1.4590958829920735
"[0.3263644527596433, 0.6533875883596436, -0.8854780490598244, 0.5317577823371723]",28.667604152813357,1.4591587154734702
"[0.3263575298394343, 0.6533871404225676, -0.8854782361792541, 0.5317581430867749]",28.667635787889996,1.4592215479548667
"[0.32635060674263944, 0.653386692568717, -0.8854784233859917, 0.5317585037171066]",28.66766742098654,1.4592843804362632
"[0.3263436838081353, 0.6533862448200076, -0.8854786106708742, 0.5317588642105185]",28.667699057078348,1.45934721291766
"[0.32633676153613794, 0.6533857972087757, -0.8854787980203548, 0.5317592245409817]",28.667730695381895,1.4594100453990564
"[0.3263298386858926, 0.6533853496547846, -0.8854789854680125, 0.5317595847730855]",28.667762332818636,1.459472877880453
"[0.3263229162823048, 0.6533849022242957, -0.8854791729860997, 0.5317599448534921]",28.667793974774767,1.4595357103618498
"[0.326315993594918, 0.653384454870089, -0.8854793605944002, 0.5317603048202022]",28.667825614786413,1.4595985428432463
"[0.32630907140402254, 0.6533840076425821, -0.8854795482717642, 0.5317606646326466]",28.667857259984764,1.459661375324643
"[0.32630214881352676, 0.6533835604838824, -0.8854797360424862, 0.5317610243373977]",28.667888906754627,1.4597242078060395
"[0.32629522716196074, 0.653383113480431, -0.8854799238702491, 0.5317613838649264]",28.66792055111014,1.459787040287436
"[0.32628830473773257, 0.6533826665216694, -0.8854801118014972, 0.5317617433041613]",28.6679521969358,1.4598498727688327
"[0.32628138278743424, 0.6533822196881206, -0.885480299802393, 0.5317621025903285]",28.66798384852921,1.4599127052502294
"[0.32627446163097457, 0.6533817730003947, -0.8854804878642254, 0.531762461706873]",28.66801549804154,1.459975537731626
"[0.32626753973648004, 0.653381326359622, -0.885480676028618, 0.5317628207332786]",28.668047149003975,1.4600383702130226
"[0.32626061792702094, 0.6533808798189291, -0.885480864273208, 0.5317631796268281]",28.66807880155567,1.4601012026944191
"[0.32625369652647673, 0.6533804333991846, -0.8854810525891793, 0.5317635383707567]",28.668110457838704,1.4601640351758156
"[0.32624677496276167, 0.6533799870634883, -0.8854812409920928, 0.5317638969947148]",28.668142114984402,1.4602268676572125
"[0.32623985351761675, 0.6533795408300135, -0.8854814294742801, 0.5317642554840956]",28.66817376759387,1.460289700138609
"[0.3262329323105972, 0.6533790947064517, -0.8854816180324802, 0.5317646138327224]",28.668205428788472,1.4603525326200057
"[0.3262260115743245, 0.653378648707792, -0.8854818066603424, 0.5317649720285574]",28.668237089678865,1.4604153651014022
"[0.3262190905121746, 0.6533782027826676, -0.885481995379578, 0.531765330112862]",28.668268750613432,1.4604781975827987
"[0.3262121696518347, 0.6533777569650963, -0.8854821841757995, 0.5317656880583083]",28.668300416293988,1.4605410300641954
"[0.3262052485517556, 0.653377311226631, -0.8854823730610536, 0.5317660458877344]",28.668332078658555,1.4606038625455922
"[0.3261983281476981, 0.6533768656275255, -0.8854825620097948, 0.5317664035527718]",28.668363747658738,1.4606666950269886
"[0.3261914073392769, 0.6533764200969172, -0.8854827510520612, 0.5317667611103007]",28.668395413874787,1.4607295275083854
"[0.32618448665650707, 0.6533759746689305, -0.8854829401733816, 0.5317671185329282]",28.668427083636086,1.4607923599897819
"[0.32617756635172857, 0.6533755293597935, -0.8854831293668514, 0.5317674758076355]",28.668458753767467,1.4608551924711786
"[0.3261706463635019, 0.6533750841655421, -0.8854833186341371, 0.5317678329376059]",28.668490427912943,1.460918024952575
"[0.3261637260895378, 0.6533746390474091, -0.8854835079917129, 0.5317681899539414]",28.668522098972073,1.4609808574339718
"[0.3261568064231279, 0.6533741940628582, -0.8854836974151299, 0.531768546810548]",28.66855377372774,1.4610436899153685
"[0.3261498857809133, 0.6533737491100698, -0.8854838869477387, 0.5317689035890736]",28.668585451690838,1.461106522396765
"[0.3261429660445618, 0.6533733043100212, -0.8854840765380086, 0.5317692601925115]",28.668617129125487,1.4611693548781615
"[0.326136046447536, 0.6533728596134322, -0.8854842662069227, 0.5317696166603735]",28.668648809775387,1.4612321873595582
"[0.3261291267152269, 0.6533724150026049, -0.8854844559620093, 0.5317699730068615]",28.668680488483936,1.4612950198409547
"[0.3261222073052808, 0.6533719705069826, -0.8854846457907151, 0.5317703292083591]",28.668712173557793,1.4613578523223514
"[0.3261152876182749, 0.6533715260880442, -0.885484835709484, 0.5317706852957383]",28.66874385535364,1.461420684803748
"[0.3261083682155631, 0.6533710817818582, -0.8854850257029087, 0.5317710412400897]",28.66877554132592,1.4614835172851446
"[0.3261014486681262, 0.6533706375608155, -0.8854852157827687, 0.5317713970635521]",28.668807227922965,1.4615463497665413
"[0.32609452988222665, 0.6533701934831517, -0.8854854059241565, 0.5317717527194553]",28.668838915487978,1.4616091822479378
"[0.3260876113623005, 0.6533697495169731, -0.8854855961406742, 0.5317721082333761]",28.6688706053213,1.4616720147293343
"[0.32608069205570717, 0.6533693055947843, -0.885485786461272, 0.5317724636593365]",28.668902292997497,1.461734847210731
"[0.3260737731509411, 0.6533688617928262, -0.8854859768532666, 0.5317728189362925]",28.668933987683335,1.4617976796921277
"[0.3260668544600619, 0.6533684180990289, -0.8854861673218192, 0.5317731740739111]",28.66896567935457,1.4618605121735242
"[0.32605993597485095, 0.6533679745128548, -0.8854863578671482, 0.5317735290726242]",28.668997377036018,1.461923344654921
"[0.3260530176983813, 0.6533675310344904, -0.8854865484891625, 0.5317738839322845]",28.66902907221037,1.4619861771363174
"[0.3260460989065676, 0.6533670876175234, -0.8854867392078187, 0.5317742386900236]",28.66906077006215,1.4620490096177141
"[0.3260391804818002, 0.6533666443185228, -0.885486929998796, 0.5317745933005724]",28.66909247010985,1.4621118420991106
"[0.3260322624245621, 0.6533662011374533, -0.8854871208620693, 0.5317749477639835]",28.669124168351345,1.4621746745805073
"[0.3260253441808972, 0.6533657580388903, -0.8854873118129172, 0.531775302108563]",28.66915587422797,1.462237507061904
"[0.3260184261409913, 0.6533653150477488, -0.8854875028405718, 0.5317756563144119]",28.669187578510975,1.4623003395433005
"[0.32601150806293244, 0.6533648721485859, -0.885487693951709, 0.5317760103938568]",28.669219280459863,1.462363172024697
"[0.32600459029774576, 0.6533644293638521, -0.8854878851366276, 0.5317763643289545]",28.669250989149244,1.4624260045060937
"[0.3259976726365649, 0.6533639866801669, -0.8854880764010927, 0.5317767181304038]",28.66928269771405,1.4624888369874904
"[0.32599075510512404, 0.6533635440991724, -0.8854882677443894, 0.5317770717968907]",28.6693144052036,1.4625516694688871
"[0.325983837582586, 0.6533631016131222, -0.8854884591698574, 0.5317774253346081]",28.669346119626848,1.4626145019502836
"[0.32597692063253736, 0.6533626592580619, -0.8854886506618909, 0.5317777787147567]",28.669377831254398,1.4626773344316801
"[0.3259700030964819, 0.6533622169599, -0.8854888422525625, 0.5317781319965229]",28.669409543766104,1.4627401669130768
"[0.32596308597501966, 0.6533617747826149, -0.885489033914163, 0.5317784851287991]",28.669441260750187,1.4628029993944733
"[0.32595616836533814, 0.6533613326684921, -0.8854892256717093, 0.5317788381576749]",28.669472975742835,1.46286583187587
"[0.32594925204742925, 0.6533608907312799, -0.8854894174758448, 0.5317791909923258]",28.669504694499075,1.4629286643572668
"[0.32594233519093513, 0.6533604488539901, -0.8854896093773167, 0.5317795437261653]",28.669536415187757,1.4629914968386633
"[0.32593541803961407, 0.6533600070522256, -0.8854898013693776, 0.5317798963467192]",28.669568139189863,1.46305432932006
"[0.3259285016390562, 0.6533595653927586, -0.8854899934229977, 0.5317802488006956]",28.669599859170447,1.4631171618014565
"[0.3259215852097997, 0.6533591238257769, -0.8854901855598084, 0.53178060112786]",28.669631585092514,1.463179994282853
"[0.3259146682972925, 0.6533586823222957, -0.8854903777924468, 0.53178095335132]",28.66966330597787,1.4632428267642497
"[0.32590775183888665, 0.6533582409421212, -0.885490570094863, 0.5317813054233689]",28.669695036976865,1.4633056592456464
"[0.32590083558054705, 0.6533577996690421, -0.8854907624741085, 0.5317816573569364]",28.669726765181096,1.4633684917270429
"[0.3258939197794626, 0.6533573585194505, -0.885490954923018, 0.5317820091389545]",28.669758494939337,1.4634313242084396
"[0.3258870037829229, 0.6533569174516907, -0.8854911474597505, 0.5317823608026452]",28.669790225760014,1.463494156689836
"[0.3258800872578645, 0.6533564764445479, -0.8854913400935917, 0.5317827123649073]",28.669821959488328,1.4635569891712328
"[0.32587317197183074, 0.6533560356107017, -0.8854915327753002, 0.5317830637359211]",28.669853690833207,1.4636198216526293
"[0.32586625576568734, 0.653355594812507, -0.8854917255650313, 0.5317834150253978]",28.669885428572677,1.463682654134026
"[0.3258593401112229, 0.6533551541437618, -0.8854919184217656, 0.5317837661585834]",28.669917165588586,1.4637454866154227
"[0.32585242481331367, 0.6533547135920191, -0.8854921113509283, 0.5317841171454003]",28.669948902471468,1.4638083190968192
"[0.32584550907589394, 0.6533542731065657, -0.885492304374731, 0.5317844680262476]",28.6699806433956,1.4638711515782157
"[0.3258385936366565, 0.6533538327343861, -0.8854924974725865, 0.5317848187636942]",28.670012382230915,1.4639339840596124
"[0.3258316783310309, 0.6533533924649889, -0.8854926906490828, 0.5317851693660988]",28.670044129219875,1.4639968165410089
"[0.32582476373556724, 0.6533529523350619, -0.8854928838880993, 0.5317855198042526]",28.67007587165813,1.4640596490224056
"[0.32581784831244454, 0.6533525122467183, -0.8854930772326153, 0.5317858701560897]",28.670107617615006,1.4641224815038023
"[0.32581093308949416, 0.6533520722653803, -0.8854932706539053, 0.5317862203695182]",28.670139365349396,1.4641853139851988
"[0.3258040184319269, 0.6533516324142659, -0.885493464141741, 0.5317865704260631]",28.67017111249506,1.4642481464665955
"[0.32579710386902583, 0.6533511926634163, -0.8854936577092829, 0.531786920349572]",28.67020286123808,1.464310978947992
"[0.32579018952212924, 0.653350753020541, -0.8854938513531282, 0.5317872701339107]",28.670234617034417,1.4643738114293885
"[0.3257832749448034, 0.6533503134572486, -0.8854940450857816, 0.5317876198016657]",28.670266368338215,1.4644366439107854
"[0.32577636004380933, 0.6533498739676246, -0.8854942389098643, 0.5317879693575311]",28.67029812308977,1.464499476392182
"[0.325769446102552, 0.6533494346332227, -0.885494432789392, 0.5317883187366472]",28.670329877835346,1.4645623088735784
"[0.3257625317100104, 0.6533489953643663, -0.8854946267639238, 0.5317886680103326]",28.67036163658474,1.4646251413549751
"[0.3257556179359598, 0.6533485562290403, -0.8854948208034447, 0.5317890171245191]",28.670393395703243,1.4646879738363716
"[0.3257487036431849, 0.6533481171549403, -0.8854950149398713, 0.5317893661367145]",28.670425152318657,1.4647508063177683
"[0.32574178983453156, 0.6533476782058034, -0.8854952091450463, 0.53178971499623]",28.6704569160819,1.464813638799165
"[0.3257348760395125, 0.6533472393517405, -0.8854954034321768, 0.5317900637268257]",28.67048867868604,1.4648764712805615
"[0.3257279620782174, 0.6533468005813264, -0.8854955978063215, 0.5317904123375783]",28.670520443569934,1.4649393037619582
"[0.32572104833508847, 0.6533463619189636, -0.8854957922566719, 0.5317907608090944]",28.670552208160544,1.4650021362433547
"[0.32571413477240424, 0.6533459233622229, -0.8854959867842822, 0.5317911091433147]",28.670583973010263,1.4650649687247512
"[0.32570722137013974, 0.6533454849098494, -0.8854961813897096, 0.5317914573412282]",28.670615744723257,1.465127801206148
"[0.32570030815827505, 0.6533450465637282, -0.8854963760721044, 0.5317918054013421]",28.670647515567676,1.4651906336875447
"[0.32569339475282183, 0.6533446082995096, -0.885496570842281, 0.5317921533429872]",28.670679288245356,1.4652534661689414
"[0.3256864819126333, 0.6533441701652911, -0.8854967656788528, 0.5317925011279795]",28.670711060804944,1.4653162986503379
"[0.3256795690230932, 0.6533437321221014, -0.8854969605991346, 0.5317928487872595]",28.67074283514374,1.4653791311317343
"[0.3256726561543028, 0.6533432941743845, -0.88549715560115, 0.531793196317295]",28.6707746118938,1.465441963613131
"[0.32566574315012714, 0.6533428563122491, -0.8854973506893059, 0.5317935437259315]",28.670806388490778,1.4655047960945276
"[0.3256588306143056, 0.6533424185739268, -0.8854975458465586, 0.5317938909828356]",28.67083816803247,1.4655676285759243
"[0.32565191800664667, 0.6533419809251958, -0.8854977410881524, 0.5317942381151589]",28.670869949063853,1.465630461057321
"[0.3256450050989526, 0.653341543351618, -0.8854979364205398, 0.5317945851343445]",28.670901728636014,1.4656932935387175
"[0.32563809329228316, 0.6533411059418655, -0.8854981318041172, 0.5317949319700752]",28.67093351262944,1.465756126020114
"[0.3256311809778939, 0.6533406685940928, -0.8854983272843512, 0.5317952787031198]",28.670965298693545,1.4658189585015107
"[0.3256242682881349, 0.6533402313167141, -0.8854985228575145, 0.5317956253267849]",28.670997085615113,1.4658817909829072
"[0.3256173568960924, 0.6533397942155323, -0.8854987184762565, 0.5317959717572145]",28.671028871863836,1.4659446234643039
"[0.32561044445281095, 0.653339357141982, -0.8854989142070576, 0.5317963181121566]",28.67106066060611,1.4660074559457006
"[0.3256035328676027, 0.6533389202167974, -0.8854991099958571, 0.5317966642959289]",28.671092448429842,1.466070288427097
"[0.32559662080384266, 0.6533384833554677, -0.8854993058805126, 0.5317970103754941]",28.671124242390352,1.4661331209084938
"[0.32558970980495017, 0.6533380466555281, -0.8854995018172742, 0.5317973562735886]",28.67115603760235,1.4661959533898903
"[0.3255827976551117, 0.653337609976963, -0.8854996978689645, 0.5317977021011115]",28.67118782983998,1.4662587858712868
"[0.32557588619116634, 0.6533371734358246, -0.8854998939834937, 0.5317980477661461]",28.67121962626386,1.4663216183526837
"[0.3255689745735667, 0.6533367369790675, -0.8855000901846748, 0.5317983933107008]",28.67125142544939,1.4663844508340802
"[0.3255620633133069, 0.6533363006389583, -0.885500286457999, 0.5317987387092273]",28.671283223932043,1.466447283315477
"[0.3255551521715282, 0.6533358644004059, -0.8855004828102409, 0.5317990839736745]",28.6713150228155,1.4665101157968734
"[0.32554824092475754, 0.6533354282492959, -0.8855006792477497, 0.5317994291152124]",28.67134682503389,1.46657294827827
"[0.3255413303745186, 0.653334992236201, -0.8855008757477343, 0.5317997740938235]",28.671378628919356,1.4666357807596666
"[0.32553441946720585, 0.6533345562946361, -0.8855010723401466, 0.5318001189621121]",28.671410435608337,1.4666986132410633
"[0.3255275087591054, 0.6533341204596924, -0.8855012690091665, 0.5318004636923147]",28.671442240095395,1.4667614457224598
"[0.3255205980138991, 0.6533336847164575, -0.8855014657615153, 0.5318008082962258]",28.671474050431577,1.4668242782038565
"[0.32551368700178235, 0.6533332490504482, -0.8855016626037426, 0.5318011527852924]",28.671505857001332,1.466887110685253
"[0.32550677684914026, 0.6533328135326578, -0.8855018595037554, 0.5318014971033822]",28.671537667277764,1.4669499431666497
"[0.32549986678363574, 0.6533323781143869, -0.8855020564835441, 0.5318018412890055]",28.671569480510616,1.4670127756480462
"[0.3254929567853222, 0.653331942794373, -0.8855022535436748, 0.5318021853431597]",28.67160129497507,1.467075608129443
"[0.3254860460190263, 0.6533315075200131, -0.8855024507079782, 0.5318025293074077]",28.671633108159252,1.4671384406108396
"[0.3254791361344606, 0.6533310723952104, -0.8855026479293858, 0.5318028730996419]",28.671664923784913,1.4672012730922361
"[0.3254722262348774, 0.653330637363476, -0.8855028452334774, 0.5318032167645005]",28.67169674264644,1.4672641055736326
"[0.3254653160684947, 0.6533302024089626, -0.8855030426274477, 0.5318035603144972]",28.671728562222963,1.4673269380550293
"[0.3254584069190529, 0.6533297676124556, -0.8855032400746127, 0.5318039036858282]",28.671760383329307,1.4673897705364258
"[0.32545149750684277, 0.6533293328933991, -0.8855034376115302, 0.5318042469421206]",28.671792207557903,1.4674526030178225
"[0.3254445873471761, 0.6533288982213256, -0.8855036352520752, 0.5318045901074125]",28.671824028836458,1.4675154354992193
"[0.3254376785704735, 0.6533284637302269, -0.8855038329353039, 0.5318049330759262]",28.67185585480224,1.4675782679806157
"[0.32543076844549096, 0.6533280292483329, -0.8855040307393653, 0.5318052759832476]",28.671887681799063,1.4676411004620125
"[0.3254238594744996, 0.6533275949329936, -0.8855042285926357, 0.5318056187051795]",28.671919508693147,1.467703932943409
"[0.32541695009827776, 0.6533271606861287, -0.8855044265397538, 0.5318059613191422]",28.671951337337557,1.4677667654248054
"[0.32541004111619726, 0.653326726558023, -0.885504624557818, 0.5318063037854399]",28.671983168718377,1.4678295979062022
"[0.3254031324529762, 0.6533262925439131, -0.8855048226489742, 0.5318066461078428]",28.672015001218824,1.4678924303875989
"[0.3253962235541261, 0.6533258586089614, -0.8855050208291192, 0.5318069883138266]",28.672046835263938,1.4679552628689954
"[0.32538931461388465, 0.6533254247653733, -0.8855052190926871, 0.5318073303937587]",28.672078672853534,1.468018095350392
"[0.32538240601166335, 0.6533249910369606, -0.8855054174287852, 0.5318076723288666]",28.672110501754492,1.4680809278317886
"[0.3253754976229343, 0.6533245574158957, -0.8855056158409783, 0.5318080141253232]",28.67214234212357,1.4681437603131853
"[0.32536858951062936, 0.6533241239061163, -0.885505814327451, 0.5318083557800283]",28.67217418403588,1.4682065927945818
"[0.3253616807882076, 0.6533236904519922, -0.8855060129136814, 0.5318086973368178]",28.6722060233702,1.4682694252759785
"[0.32535477257789214, 0.6533232571239331, -0.8855062115674143, 0.5318090387402057]",28.672237865923613,1.4683322577573752
"[0.32534786417023775, 0.6533228238774271, -0.8855064103090453, 0.531809380025263]",28.67226971073259,1.4683950902387717
"[0.3253409566127103, 0.6533223907781508, -0.8855066091084298, 0.5318097211402569]",28.672301555375356,1.4684579227201682
"[0.3253340490295997, 0.6533219577711771, -0.8855068079907554, 0.531810062128457]",28.67233340199928,1.4685207552015649
"[0.3253271409225042, 0.6533215248252731, -0.8855070069703826, 0.5318104030144493]",28.672365251565367,1.4685835876829616
"[0.32532023274137345, 0.6533210919686482, -0.8855072060343623, 0.5318107437760126]",28.67239709886305,1.4686464201643583
"[0.3253133251751665, 0.6533206592444581, -0.8855074051628313, 0.5318110843791768]",28.672428951295167,1.4687092526457548
"[0.3253064176843216, 0.6533202266188967, -0.8855076043713327, 0.5318114248505522]",28.672460801513985,1.4687720851271513
"[0.32529951032293464, 0.6533197940953197, -0.8855078036583026, 0.5318117651875076]",28.672492657803456,1.468834917608548
"[0.32529260330893967, 0.6533193616873757, -0.8855080030174458, 0.5318121053793011]",28.672524511496594,1.4688977500899445
"[0.3252856952120142, 0.6533189293055441, -0.8855082024900587, 0.5318124454963457]",28.672556368821486,1.4689605825713412
"[0.32527878841788227, 0.6533184970991258, -0.8855084020072493, 0.531812785421206]",28.672588227952556,1.469023415052738
"[0.32527188198814433, 0.6533180650093742, -0.885508601596096, 0.5318131252000978]",28.672620087114975,1.4690862475341344
"[0.3252649750084212, 0.6533176329790754, -0.885508801283027, 0.5318134648780102]",28.672651946732202,1.469149080015531
"[0.325258068375466, 0.6533172010643388, -0.8855090010421202, 0.5318138044108163]",28.672683808896235,1.4692119124969276
"[0.3252511611332562, 0.653316769205351, -0.8855092009010318, 0.5318141438455425]",28.67271567509779,1.469274744978324
"[0.3252442551352396, 0.6533163375180081, -0.8855094008061208, 0.5318144830910894]",28.672747539957395,1.4693375774597208
"[0.3252373478038763, 0.653315905841193, -0.8855096008320007, 0.5318148222740676]",28.672779408975142,1.4694004099411175
"[0.32523044207742485, 0.6533154743584874, -0.8855098008935797, 0.5318151612502466]",28.672811274800022,1.469463242422514
"[0.3252235355390194, 0.6533150429189019, -0.8855100010608605, 0.5318155001382352]",28.6728431414041,1.4695260749039107
"[0.32521662950103175, 0.6533146116044085, -0.8855102012958143, 0.5318158388736449]",28.672875012691836,1.4695889073853072
"[0.32520972339376086, 0.6533141803794164, -0.8855104016149509, 0.5318161774844303]",28.67290688834067,1.4696517398667037
"[0.3252028176490508, 0.6533137492708826, -0.8855106020057393, 0.5318165159494234]",28.67293876320348,1.4697145723481004
"[0.3251959114129792, 0.6533133182254964, -0.8855108024929618, 0.5318168543104754]",28.67297063551406,1.4697774048294971
"[0.3251890054822975, 0.6533128872929919, -0.8855110030534918, 0.5318171925285403]",28.673002511625675,1.4698402373108939
"[0.3251820997043981, 0.6533124564638667, -0.8855112036917527, 0.5318175306110655]",28.673034393411466,1.4699030697922904
"[0.3251751947099327, 0.6533120257773445, -0.885511404389408, 0.5318178685273187]",28.673066273886498,1.4699659022736868
"[0.3251682884237924, 0.6533115951041001, -0.8855116052067782, 0.5318182063787212]",28.6730981528479,1.4700287347550836
"[0.3251613837791986, 0.6533111646270068, -0.885511806058568, 0.5318185440218277]",28.673130035779486,1.47009156723648
"[0.3251544777853434, 0.653310734159591, -0.8855120070317729, 0.531818881602899]",28.67316192114032,1.4701543997178768
"[0.32514757262401095, 0.6533103038378681, -0.8855122080629095, 0.5318192190152554]",28.673193803685542,1.4702172321992735
"[0.32514066797766317, 0.6533098736419898, -0.885512409161199, 0.5318195562744857]",28.67322569168141,1.47028006468067
"[0.3251337626828873, 0.6533094434995002, -0.8855126103605282, 0.5318198934373759]",28.67325758185119,1.4703428971620667
"[0.32512685787218065, 0.6533090134809334, -0.8855128116279027, 0.5318202304486387]",28.673289469275538,1.4704057296434632
"[0.3251199534188927, 0.6533085835783926, -0.8855130129669992, 0.5318205673144661]",28.673321360604433,1.4704685621248597
"[0.3251130487052422, 0.6533081537533836, -0.8855132143958322, 0.5318209040650299]",28.673353256483164,1.4705313946062566
"[0.3251061437993772, 0.6533077240101798, -0.8855134159124208, 0.5318212406969642]",28.673385149448876,1.470594227087653
"[0.3250992393855831, 0.6533072943913517, -0.8855136174967901, 0.5318215771769262]",28.673417042050158,1.4706570595690496
"[0.3250923352204728, 0.6533068648817397, -0.8855138191560329, 0.5318219135167949]",28.673448940529745,1.4707198920504463
"[0.3250854304872065, 0.6533064354305312, -0.8855140209140133, 0.531822249756354]",28.673480840357886,1.4707827245318428
"[0.3250785261612431, 0.6533060060983977, -0.8855142227422318, 0.5318225858480958]",28.673512740647904,1.4708455570132395
"[0.3250716221600762, 0.6533055768801912, -0.8855144246430872, 0.5318229217960564]",28.673544640000262,1.4709083894946362
"[0.3250647187720219, 0.6533051477938159, -0.8855146266081314, 0.5318232575862304]",28.673576544792194,1.4709712219760327
"[0.32505781438423254, 0.6533047187390295, -0.8855148286845573, 0.5318235932970569]",28.673608446287314,1.4710340544574294
"[0.325050910795448, 0.6533042898276117, -0.8855150308197226, 0.5318239288410694]",28.67364035201512,1.471096886938826
"[0.3250440071766947, 0.6533038610080394, -0.8855152330378872, 0.5318242642585826]",28.673672260202366,1.4711597194202224
"[0.3250371038499238, 0.653303432300306, -0.8855154353296155, 0.531824599533957]",28.673704168834835,1.471222551901619
"[0.32503020032166424, 0.6533030036737607, -0.8855156377093663, 0.5318249346911622]",28.67373607967956,1.4712853843830158
"[0.32502329701057586, 0.6533025751543959, -0.8855158401648666, 0.5318252697098711]",28.673767992781038,1.4713482168644123
"[0.32501639333077154, 0.6533021467058434, -0.8855160427133025, 0.5318256046185117]",28.673799903437924,1.471411049345809
"[0.32500949020626096, 0.6533017183854426, -0.88551624532756, 0.5318259393722624]",28.673831819784365,1.4714738818272055
"[0.3250025870616271, 0.6533012901574758, -0.8855164480245197, 0.5318262739990434]",28.673863733123483,1.4715367143086022
"[0.32499568405259066, 0.6533008620315998, -0.8855166507996075, 0.5318266084913057]",28.673895650320606,1.4715995467899987
"[0.3249887815536867, 0.6533004340310278, -0.8855168536418094, 0.5318269428309184]",28.673927569134985,1.4716623792713954
"[0.32498187835873654, 0.6533000060809705, -0.8855170565865754, 0.5318272770762991]",28.67395948909399,1.4717252117527921
"[0.32497497574937545, 0.6532995782608796, -0.885517259596229, 0.5318276111653889]",28.673991412385195,1.4717880442341886
"[0.32496807344017353, 0.6532991505530453, -0.8855174626791495, 0.5318279451120255]",28.67402333407977,1.4718508767155851
"[0.3249611705001049, 0.6532987228997824, -0.8855176658627357, 0.531828278961241]",28.674055256951235,1.4719137091969818
"[0.3249542683362249, 0.653298295388251, -0.8855178691055704, 0.5318286126449934]",28.674087182617868,1.4719765416783783
"[0.32494736613590425, 0.6532978679681013, -0.8855180724315684, 0.5318289462025894]",28.674119112955918,1.472039374159775
"[0.3249404639516347, 0.6532974406425868, -0.8855182758391841, 0.5318292796314839]",28.674151039328677,1.4721022066411718
"[0.3249335620597617, 0.6532970134288041, -0.8855184793202693, 0.5318296129183396]",28.674182969681183,1.4721650391225682
"[0.3249266599566252, 0.6532965862955801, -0.8855186828896706, 0.5318299460874721]",28.674214899429785,1.472227871603965
"[0.3249197581781014, 0.6532961592760609, -0.885518886531582, 0.5318302791130295]",28.674246833867972,1.4722907040853614
"[0.3249128563129772, 0.6532957323448109, -0.8855190902581318, 0.5318306120148443]",28.6742787708921,1.472353536566758
"[0.3249059547781342, 0.6532953055275952, -0.8855192940570114, 0.5318309447728312]",28.674310703719016,1.4724163690481546
"[0.3248990528387326, 0.6532948787789806, -0.8855194979499214, 0.5318312774224027]",28.67434264290752,1.4724792015295514
"[0.3248921517228886, 0.6532944521748869, -0.8855197019005742, 0.5318316099043832]",28.67437457889431,1.472542034010948
"[0.32488525026948173, 0.6532940256435256, -0.8855199059432763, 0.5318319422747257]",28.67440652201053,1.4726048664923446
"[0.32487834910708163, 0.6532935992237426, -0.8855201100594452, 0.531832274503157]",28.674438462237905,1.472667698973741
"[0.32487144830304504, 0.653293172919685, -0.8855203142470772, 0.53183260658645]",28.674470406462834,1.4727305314551378
"[0.32486454723931496, 0.6532927466931674, -0.8855205185244587, 0.5318329385543497]",28.67450235240489,1.4727933639365345
"[0.3248576455052063, 0.653292320518842, -0.8855207229037624, 0.5318332704265841]",28.67453429788423,1.472856196417931
"[0.32485074527211744, 0.6532918945307725, -0.8855209273206732, 0.5318336020987606]",28.674566243533636,1.4729190288993277
"[0.32484384447268233, 0.6532914686013034, -0.8855211318364199, 0.5318339336702822]",28.674598191097694,1.4729818613807242
"[0.32483694395239143, 0.6532910427826272, -0.8855213364259502, 0.5318342651005106]",28.67463014388961,1.4730446938621207
"[0.3248300427067217, 0.6532906170127644, -0.8855215411190545, 0.5318345964376784]",28.674662094614487,1.4731075263435174
"[0.3248231428474138, 0.6532901914220148, -0.8855217458530861, 0.5318349275803774]",28.674694048884326,1.473170358824914
"[0.32481624254541736, 0.6532897658974366, -0.8855219506823024, 0.5318352586165355]",28.674726003816968,1.4732331913063108
"[0.32480934213824386, 0.6532893404599553, -0.8855221555966922, 0.5318355895298221]",28.67475795751874,1.4732960237877073
"[0.3248024422475826, 0.6532889151478568, -0.8855223605777878, 0.5318359202904739]",28.67478991572954,1.4733588562691038
"[0.3247955416417887, 0.6532884898852241, -0.8855225656621823, 0.5318362509575251]",28.674821875066055,1.4734216887505005
"[0.32478864193554063, 0.6532880647715568, -0.885522770801885, 0.5318365814536091]",28.674853834102702,1.473484521231897
"[0.3247817418805729, 0.6532876397299329, -0.885522976033999, 0.5318369118385309]",28.6748857948715,1.4735473537132937
"[0.3247748421623609, 0.6532872148025766, -0.8855231813381367, 0.5318372420794659]",28.67491776024783,1.4736101861946904
"[0.32476794280941207, 0.6532867899912264, -0.8855233867134371, 0.5318375721750697]",28.674949723791652,1.473673018676087
"[0.3247610430082079, 0.6532863652457889, -0.8855235921841187, 0.5318379021642634]",28.674981690737845,1.4737358511574836
"[0.32475414371211425, 0.6532859406249523, -0.8855237977217897, 0.5318382320014481]",28.67501365921187,1.4737986836388801
"[0.3247472440667337, 0.6532855160761295, -0.8855240033519013, 0.5318385617274713]",28.67504562683552,1.4738615161202766
"[0.3247403448931566, 0.653285091649831, -0.8855242090499804, 0.5318388913031051]",28.675077596006346,1.4739243486016733
"[0.32473344592955045, 0.6532846673299398, -0.8855244148238218, 0.5318392207408681]",28.67510957076472,1.47398718108307
"[0.324726546862806, 0.6532842430972065, -0.8855246206827626, 0.5318395500556984]",28.67514154207255,1.4740500135644665
"[0.324719647690181, 0.6532838189514215, -0.8855248266268892, 0.5318398792477705]",28.67517351510222,1.4741128460458632
"[0.32471274869636857, 0.6532833949101277, -0.8855250326477014, 0.5318402083034498]",28.6752054908642,1.4741756785272597
"[0.3247058502840638, 0.6532829709980419, -0.8855252387331611, 0.5318405372035688]",28.67523747014293,1.4742385110086564
"[0.3246989518166834, 0.6532825471760353, -0.8855254449022762, 0.531840865978489]",28.675269452045768,1.474301343490053
"[0.3246920532695147, 0.6532821234425892, -0.8855256511557883, 0.5318411946293842]",28.675301429696862,1.4743641759714496
"[0.32468515419245136, 0.6532816997700656, -0.8855258575071654, 0.5318415231776815]",28.67533341190969,1.4744270084528464
"[0.32467825601634903, 0.6532812762463346, -0.8855260639136042, 0.5318418515552368]",28.675365397439844,1.4744898409342428
"[0.3246713578549025, 0.6532808528169322, -0.8855262704016094, 0.5318421798042974]",28.67539737957714,1.4745526734156393
"[0.32466445971371616, 0.6532804294822258, -0.8855264769710117, 0.5318425079245661]",28.67542936586472,1.474615505897036
"[0.3246575618018799, 0.6532800062550317, -0.8855266836155461, 0.5318428359061123]",28.675461355581753,1.4746783383784328
"[0.3246506629271428, 0.6532795830622197, -0.8855268903709427, 0.5318431638055936]",28.675493343064126,1.4747411708598293
"[0.3246437658522541, 0.6532791600732144, -0.8855270971543895, 0.5318434914917552]",28.675525332977333,1.474804003341226
"[0.3246368681746813, 0.653278737140676, -0.8855273040378949, 0.5318438190787393]",28.6755573237412,1.4748668358226225
"[0.32462997046793923, 0.6532783142997702, -0.8855275110042704, 0.5318441465393011]",28.67558931810584,1.4749296683040192
"[0.32462307338434604, 0.6532778915904724, -0.8855277180339317, 0.5318444738424875]",28.67562131253275,1.4749925007854157
"[0.32461617581563534, 0.6532774689448546, -0.8855279251601441, 0.5318448010408924]",28.675653308811384,1.4750553332668124
"[0.32460927783464144, 0.6532770463673855, -0.8855281323807365, 0.5318451281310472]",28.67568530492056,1.475118165748209
"[0.32460238063340047, 0.6532766239311042, -0.8855283396598923, 0.5318454550564099]",28.675717304153313,1.4751809982296056
"[0.32459548403399496, 0.6532762016250608, -0.8855285470029347, 0.5318457818254773]",28.675749304366796,1.475243830711002
"[0.3245885864157639, 0.6532757793500132, -0.8855287544585959, 0.5318461085150358]",28.675781310014784,1.4753066631923988
"[0.3245816897804428, 0.6532753572285385, -0.885528961966671, 0.531846435030239]",28.67581331183647,1.4753694956737953
"[0.3245747925259039, 0.6532749351625484, -0.8855291695753599, 0.5318467614469676]",28.675845318524015,1.475432328155192
"[0.32456789620871307, 0.6532745132472922, -0.8855293772378035, 0.5318470876915569]",28.675877321678264,1.4754951606365887
"[0.32456099962036394, 0.6532740914088089, -0.8855295849903809, 0.5318474138212054]",28.675909330939017,1.4755579931179852
"[0.3245541032147154, 0.6532736696748677, -0.8855297928194221, 0.5318477398144379]",28.675941337951798,1.475620825599382
"[0.3245472065660784, 0.6532732480194323, -0.885530000737757, 0.5318480656913765]",28.675973350042472,1.4756836580807784
"[0.3245403100215736, 0.6532728264637255, -0.8855302087349228, 0.5318483914356159]",28.676005362094553,1.4757464905621749
"[0.32453341393302604, 0.6532724050292424, -0.8855304168002996, 0.5318487170305488]",28.67603737732711,1.4758093230435716
"[0.3245265175635263, 0.6532719836709378, -0.8855306249561177, 0.5318490425109786]",28.676069391935936,1.4758721555249683
"[0.3245196220133314, 0.6532715624560264, -0.8855308331691586, 0.5318493678249859]",28.676101409388764,1.475934988006365
"[0.32451272586367513, 0.6532711412978384, -0.8855310414822581, 0.5318496930395085]",28.676133425222115,1.4759978204877615
"[0.3245058300908389, 0.6532707202559923, -0.8855312498659301, 0.5318500181085055]",28.67616544407871,1.476060652969158
"[0.3244989339087066, 0.6532702992824938, -0.8855314583439309, 0.5318503430690266]",28.676197465155585,1.4761234854505547
"[0.32449203824862405, 0.6532698784341909, -0.8855316668881036, 0.5318506678771878]",28.67622948495847,1.4761863179319512
"[0.32448514232077214, 0.6532694576628716, -0.8855318755223295, 0.5318509925702005]",28.676261509309512,1.476249150413348
"[0.3244782478145103, 0.6532690370715919, -0.8855320841954782, 0.5318513170685502]",28.67629353728041,1.4763119828947446
"[0.32447135192380355, 0.6532686164891692, -0.8855322929924775, 0.5318516415043073]",28.676325564290412,1.4763748153761411
"[0.3244644569876216, 0.6532681960582651, -0.8855325018425155, 0.5318519657674151]",28.676357591313945,1.4764376478575378
"[0.32445756158883104, 0.653267775692455, -0.8855327107885086, 0.5318522899245338]",28.67638961882579,1.4765004803389343
"[0.3244506667318366, 0.653267355452967, -0.88553291980002, 0.5318526139284456]",28.67642165222114,1.4765633128203308
"[0.32444377204661445, 0.6532669353172341, -0.8855331288882544, 0.5318529377965552]",28.676453682201917,1.4766261453017278
"[0.32443687702967483, 0.6532665152545688, -0.8855333380684833, 0.5318532615525169]",28.676485715652223,1.4766889777831242
"[0.32442998194205885, 0.6532660952808923, -0.8855335473327952, 0.5318535851840467]",28.676517749601217,1.4767518102645207
"[0.3244230878448148, 0.6532656754607977, -0.8855337566489712, 0.5318539086413836]",28.676549786537404,1.4768146427459174
"[0.32441619238292957, 0.653265255650891, -0.8855339660885202, 0.5318542320349962]",28.67658182316664,1.476877475227314
"[0.32440929786170575, 0.6532648359915271, -0.8855341755814294, 0.5318545552567584]",28.676613861666695,1.4769403077087107
"[0.3244024042495981, 0.6532644164807466, -0.885534385128625, 0.5318548783081979]",28.67664590475899,1.4770031401901074
"[0.3243955093168685, 0.6532639969828647, -0.8855345947978928, 0.5318552012937939]",28.676677945571335,1.4770659726715039
"[0.32438861528889723, 0.6532635776332841, -0.8855348045215677, 0.5318555241092868]",28.67670999123146,1.4771288051529006
"[0.3243817212168696, 0.6532631583742751, -0.8855350143284989, 0.5318558467991237]",28.67674203474233,1.477191637634297
"[0.32437482717883614, 0.6532627392105621, -0.8855352242163121, 0.531856169359673]",28.676774082726315,1.4772544701156936
"[0.32436793377919443, 0.6532623201789023, -0.8855354341665939, 0.5318564917626438]",28.676806131032492,1.4773173025970903
"[0.32436103959931933, 0.6532619011930475, -0.8855356442225539, 0.5318568140743978]",28.676838179597027,1.477380135078487
"[0.3243541464071692, 0.6532614823604465, -0.8855358543303214, 0.5318571362122732]",28.676870231311565,1.4774429675598835
"[0.32434725322691954, 0.6532610636217746, -0.885536064519623, 0.5318574582219133]",28.676902282929234,1.4775058000412802
"[0.3243403594787381, 0.6532606449418318, -0.8855362748081482, 0.5318577801303707]",28.67693433564216,1.4775686325226767
"[0.3243334655208102, 0.653260226342366, -0.885536485184986, 0.5318581019209203]",28.6769663899838,1.4776314650040734
"[0.3243265727978094, 0.653259807911092, -0.8855366956060317, 0.5318584235261361]",28.676998447830417,1.4776942974854699
"[0.32431967953313656, 0.6532593895401373, -0.8855369061255097, 0.531858745028936]",28.677030506523383,1.4777571299668666
"[0.32431278674811537, 0.6532589712914875, -0.8855371167122297, 0.5318590663816837]",28.67706256379154,1.4778199624482633
"[0.32430589325067855, 0.6532585530928203, -0.8855373274026163, 0.5318593876399362]",28.677094624328866,1.4778827949296598
"[0.3242990008197586, 0.6532581350520201, -0.8855375381422927, 0.5318597087208308]",28.677126690086876,1.4779456274110563
"[0.324292107915273, 0.6532577170756907, -0.8855377489783374, 0.5318600296960937]",28.677158752508205,1.478008459892453
"[0.3242852156575155, 0.6532572992317484, -0.88553795987648, 0.5318603505135752]",28.677190816190542,1.4780712923738495
"[0.3242783223746327, 0.653256881418845, -0.8855381708878856, 0.5318606712510806]",28.677222885819717,1.4781341248552462
"[0.3242714303634741, 0.6532564637761904, -0.8855383819422408, 0.531860991801744]",28.677254948346867,1.478196957336643
"[0.32426453781908715, 0.6532560461943936, -0.8855385930948055, 0.5318613122495305]",28.677287020394992,1.4782597898180394
"[0.32425764534191215, 0.6532556287098186, -0.8855388043271945, 0.5318616325665354]",28.67731909286355,1.4783226222994361
"[0.32425075359049366, 0.6532552113623604, -0.8855390156192104, 0.5318619527221455]",28.677351164923984,1.4783854547808326
"[0.32424386146150536, 0.6532547940851882, -0.8855392270046748, 0.531862272767633]",28.677383237043934,1.478448287262229
"[0.32423696894259885, 0.6532543768775635, -0.8855394384839798, 0.531862592703553]",28.677415314143946,1.4785111197436258
"[0.32423007714043794, 0.6532539598064678, -0.8855396500231648, 0.5318629124785413]",28.67744738831716,1.4785739522250225
"[0.3242231857901912, 0.6532535428558481, -0.8855398616303377, 0.5318632321049175]",28.6774794672196,1.478636784706419
"[0.3242162938486417, 0.6532531259626154, -0.885540073337534, 0.531863551631028]",28.67751154672661,1.4786996171878157
"[0.32420940239912477, 0.6532527091922139, -0.8855402851114798, 0.531863871006745]",28.677543628006234,1.4787624496692122
"[0.3242025107829289, 0.6532522925048853, -0.8855404969724098, 0.5318641902625016]",28.67757571007786,1.478825282150609
"[0.32419561996316354, 0.653251875958818, -0.8855407088907055, 0.5318645093537322]",28.67760779309174,1.4788881146320056
"[0.3241887281143239, 0.6532514594436637, -0.8855409209225126, 0.531864828364962]",28.677639878886517,1.4789509471134021
"[0.3241818369246751, 0.6532510430614685, -0.8855411330158973, 0.5318651472180225]",28.677671966854856,1.4790137795947988
"[0.324174945721823, 0.6532506267715658, -0.8855413451915431, 0.5318654659440707]",28.677704055344776,1.4790766120761953
"[0.3241680549213699, 0.6532502105990707, -0.8855415574366469, 0.5318657845238706]",28.677736145223683,1.4791394445575918
"[0.32416116442051335, 0.6532497945377678, -0.8855417697543626, 0.5318661029621825]",28.67776823442948,1.4792022770389885
"[0.32415427328203295, 0.6532493785310365, -0.8855419821735759, 0.5318664213023493]",28.677800325236902,1.4792651095203853
"[0.32414738258445075, 0.6532489626440149, -0.8855421946610447, 0.5318667394945085]",28.67783242115935,1.479327942001782
"[0.32414049208816986, 0.6532485468622216, -0.8855424072241457, 0.531867057549747]",28.67786451548127,1.4793907744831785
"[0.32413360170393357, 0.6532481311802613, -0.8855426198656278, 0.5318673754721936]",28.67789661191726,1.479453606964575
"[0.3241267110763404, 0.6532477155766944, -0.8855428325964608, 0.5318676932782415]",28.6779287113669,1.4795164394459717
"[0.32411982036287207, 0.6532473000610202, -0.8855430454117894, 0.5318680109606209]",28.677960812090195,1.4795792719273682
"[0.32411293032661626, 0.6532468846792487, -0.8855432582880353, 0.5318683284841558]",28.677992911803862,1.4796421044087649
"[0.3241060405863236, 0.6532464694083584, -0.8855434712369612, 0.5318686458664595]",28.678025011898868,1.4797049368901616
"[0.32409915071366147, 0.6532460542225346, -0.8855436842718032, 0.5318689631272577]",28.678057118955618,1.479767769371558
"[0.3240922604314973, 0.65324563910509, -0.885543897401139, 0.5318692802792911]",28.67808922082564,1.4798306018529548
"[0.32408537092601036, 0.6532452241274752, -0.885544110588273, 0.5318695972679737]",28.678121327625917,1.4798934343343513
"[0.32407848145538265, 0.6532448092450195, -0.8855443238561441, 0.5318699141274229]",28.678153437567698,1.4799562668157478
"[0.3240715909903118, 0.6532443943956653, -0.8855445372366347, 0.531870230905058]",28.678185548344125,1.4800190992971445
"[0.32406470251339786, 0.6532439797590593, -0.8855447506373612, 0.5318705474636691]",28.678217661796456,1.4800819317785412
"[0.3240578128378644, 0.6532435651433118, -0.8855449641570354, 0.5318708639497848]",28.678249770124427,1.4801447642599377
"[0.32405092372637656, 0.6532431506545291, -0.8855451777410409, 0.5318711802823932]",28.678281886164598,1.4802075967413344
"[0.32404403416168204, 0.6532427362314978, -0.8855453914209147, 0.5318714965082119]",28.6783140012832,1.4802704292227309
"[0.3240371453342046, 0.653242321945815, -0.8855456051597299, 0.5318718125726107]",28.678346115601148,1.4803332617041274
"[0.324030256118634, 0.6532419077297985, -0.8855458189923964, 0.531872128527226]",28.678378236551822,1.480396094185524
"[0.3240233674209075, 0.6532414936379135, -0.8855460328907925, 0.5318724443305115]",28.67841035481819,1.4804589266669208
"[0.32401647844767084, 0.6532410796224595, -0.885546246879548, 0.5318727600188473]",28.678442477435443,1.4805217591483175
"[0.32400958959826376, 0.6532406657074402, -0.8855464609462613, 0.5318730755739244]",28.678474597419452,1.480584591629714
"[0.3240027013809403, 0.6532402519233766, -0.8855466750751265, 0.5318733909724818]",28.678506723510264,1.4806474241111105
"[0.32399581254659077, 0.6532398381952305, -0.885546889304972, 0.5318737062717126]",28.678538847370532,1.4807102565925072
"[0.3239889241485044, 0.6532394245862603, -0.8855471036030478, 0.531874021423404]",28.67857097282803,1.4807730890739037
"[0.32398203560226235, 0.653239011061368, -0.8855473179875283, 0.5318743364543]",28.678603101716014,1.4808359215553004
"[0.32397514795678906, 0.653238597683505, -0.8855475324257572, 0.5318746513164477]",28.67863523038568,1.4808987540366971
"[0.32396825974619975, 0.6532381843646812, -0.8855477469633666, 0.5318749660768717]",28.67866736423077,1.4809615865180936
"[0.32396137173603407, 0.6532377711508396, -0.8855479615765205, 0.5318752807005749]",28.678699494985764,1.4810244189994903
"[0.3239544832826613, 0.6532373580033712, -0.8855481762852768, 0.5318755952169498]",28.678731629127274,1.4810872514808868
"[0.3239475959092143, 0.6532369450136124, -0.8855483910421492, 0.5318759095564699]",28.678763764086288,1.4811500839622835
"[0.32394070794809326, 0.6532365320815738, -0.8855486058991274, 0.5318762237952362]",28.678795900692016,1.4812129164436802
"[0.3239338208548709, 0.6532361192944612, -0.8855488208108032, 0.5318765378669066]",28.678828041467824,1.4812757489250767
"[0.32392693282271184, 0.6532357065440232, -0.8855490358335593, 0.5318768518538228]",28.678860180635912,1.4813385814064732
"[0.32392004556879644, 0.6532352939331467, -0.8855492509137944, 0.5318771656777166]",28.6788923220778,1.48140141388787
"[0.32391315852561287, 0.6532348814278107, -0.8855494660692131, 0.5318774793644739]",28.678924463543854,1.4814642463692664
"[0.3239062707297331, 0.653234468970317, -0.8855496813299242, 0.5318777929579622]",28.678956606339458,1.4815270788506631
"[0.3238993839660016, 0.6532340566675453, -0.8855498966401417, 0.5318781063769176]",28.678988754234304,1.4815899113320599
"[0.3238924969546041, 0.6532336444428392, -0.8855501120398648, 0.531878419679626]",28.679020898261914,1.4816527438134564
"[0.3238856101997947, 0.653233232326397, -0.8855503275133217, 0.531878732843126]",28.67905304957221,1.481715576294853
"[0.3238787235269843, 0.6532328203077512, -0.8855505430659696, 0.5318790458753774]",28.679085199028002,1.4817784087762496
"[0.32387183681673126, 0.6532324083797588, -0.8855507587015463, 0.5318793587818028]",28.6791173513817,1.481841241257646
"[0.32386494959356965, 0.653231996513988, -0.8855509744349492, 0.5318796715839897]",28.67914950163051,1.4819040737390428
"[0.3238580631170581, 0.6532315847857522, -0.8855511902267209, 0.5318799842247411]",28.679181657987055,1.4819669062204395
"[0.32385117657958246, 0.6532311731467547, -0.885551406102156, 0.5318802967407342]",28.679213811502322,1.482029738701836
"[0.3238442908100716, 0.6532307616465198, -0.8855516220352576, 0.5318806090943797]",28.67924596843349,1.4820925711832327
"[0.323837404508409, 0.6532303502073517, -0.8855518380667923, 0.5318809213446505]",28.679278125439655,1.4821554036646292
"[0.3238305181236073, 0.6532299388560887, -0.8855520541826853, 0.5318812334711677]",28.679310286324185,1.4822182361460259
"[0.32382363231805167, 0.6532295276322803, -0.88555227036214, 0.5318815454439279]",28.679342450076184,1.4822810686274224
"[0.3238167465307091, 0.6532291165024087, -0.8855524866227598, 0.5318818572883627]",28.67937461018059,1.482343901108819
"[0.3238098602748642, 0.6532287054374227, -0.8855527029798395, 0.5318821690264975]",28.679406772176797,1.4824067335902158
"[0.32380297511205025, 0.6532282945305279, -0.8855529193843057, 0.5318824805876526]",28.67943893975232,1.4824695660716123
"[0.32379608888037403, 0.6532278836526789, -0.885553135904109, 0.5318827920696784]",28.679471108068988,1.4825323985530088
"[0.3237892037879371, 0.6532274729356397, -0.8855533524698194, 0.5318831033726774]",28.67950327601106,1.4825952310344055
"[0.3237823182750624, 0.6532270622863465, -0.8855535691304831, 0.5318834145671967]",28.67953544311595,1.482658063515802
"[0.32377543252540836, 0.6532266517157699, -0.8855537858803334, 0.531883725644909]",28.679567616209603,1.4827208959971987
"[0.3237685471148459, 0.6532262412582392, -0.8855540027012404, 0.531884036579804]",28.67959978871772,1.4827837284785954
"[0.32376166207496115, 0.6532258309156216, -0.8855542195921977, 0.5318843473704735]",28.679631961506463,1.482846560959992
"[0.3237547775134251, 0.6532254206943234, -0.8855544365497987, 0.5318846580120687]",28.67966413627428,1.4829093934413886
"[0.3237478920654685, 0.6532250105130021, -0.8855546536170597, 0.5318849685661913]",28.67969631403377,1.482972225922785
"[0.32374100737072264, 0.6532246004693636, -0.8855548707422923, 0.5318852789588503]",28.679728491947508,1.4830350584041818
"[0.32373412305674804, 0.6532241905411913, -0.8855550879372233, 0.5318855892068776]",28.679760674226095,1.4830978908855785
"[0.323727237791155, 0.6532237806491565, -0.8855553052438981, 0.5318858993703032]",28.67979285170518,1.483160723366975
"[0.3237203534358549, 0.6532233709041005, -0.8855555226035542, 0.5318862093652503]",28.67982503817783,1.4832235558483717
"[0.32371346910687504, 0.6532229612533914, -0.8855557400440843, 0.5318865192315471]",28.67985721935155,1.4832863883297682
"[0.3237065845424284, 0.653222551681453, -0.8855559575737613, 0.5318868289809696]",28.679889406915624,1.4833492208111647
"[0.3236997006021532, 0.6532221422394222, -0.8855561751654163, 0.531887138574844]",28.679921593033086,1.4834120532925614
"[0.3236928163571513, 0.6532217328720225, -0.8855563928484054, 0.5318874480549767]",28.679953782066395,1.4834748857739581
"[0.32368593167180676, 0.6532213235712229, -0.8855566106270302, 0.5318877574274177]",28.679985971385474,1.4835377182553546
"[0.3236790481939687, 0.6532209144349636, -0.8855568284491516, 0.5318880666181497]",28.680018162868244,1.4836005507367513
"[0.3236721644617381, 0.6532205053763338, -0.8855570463610137, 0.5318883756928598]",28.680050356746037,1.4836633832181478
"[0.32366528005079465, 0.6532200963701342, -0.8855572643760657, 0.5318886846705746]",28.68008254883229,1.4837262156995445
"[0.3236583967624393, 0.6532196875233691, -0.8855574824372563, 0.5318889934704624]",28.680114745506458,1.483789048180941
"[0.32365151300165923, 0.6532192787412879, -0.8855577005951039, 0.5318893021640918]",28.680146940610417,1.4838518806623378
"[0.3236446296279291, 0.6532188700749232, -0.8855579188223716, 0.5318896107129241]",28.680179141520483,1.4839147131437345
"[0.3236377460119452, 0.6532184614869129, -0.8855581371390091, 0.5318899191451645]",28.68021134191188,1.483977545625131
"[0.3236308630688001, 0.6532180530315611, -0.8855583555159853, 0.5318902274198246]",28.6802435412448,1.4840403781065274
"[0.32362398025196343, 0.6532176446764167, -0.8855585739706267, 0.531890535561403]",28.680275742569485,1.4841032105879242
"[0.3236170973199782, 0.6532172364071528, -0.885558792510597, 0.5318908435807079]",28.680307946486472,1.4841660430693207
"[0.32361021360525827, 0.6532168281841862, -0.8855590111571083, 0.5318911515075893]",28.680340153116177,1.4842288755507174
"[0.3236033314561442, 0.6532164201467621, -0.8855592298355577, 0.5318914592370199]",28.680372360571997,1.484291708032114
"[0.3235964481755934, 0.6532160121349725, -0.8855594486316349, 0.5318917668895965]",28.680404568607038,1.4843545405135106
"[0.3235895651898875, 0.6532156042333493, -0.8855596675000187, 0.5318920744015778]",28.680436778637375,1.4844173729949073
"[0.3235826824026367, 0.6532151964361953, -0.8855598864437652, 0.5318923817772513]",28.6804689893235,1.4844802054763038
"[0.3235758007050452, 0.6532147887962771, -0.885560105434502, 0.5318926889768603]",28.680501203715007,1.4845430379577003
"[0.32356891797973136, 0.6532143811881663, -0.8855603245396085, 0.5318929960949276]",28.680533417045705,1.484605870439097
"[0.3235620356726659, 0.6532139736975069, -0.8855605437130644, 0.5318933030669126]",28.680565633952167,1.4846687029204937
"[0.32355515351853226, 0.6532135663085753, -0.8855607629633088, 0.5318936099046652]",28.680597850252177,1.4847315354018902
"[0.3235482711643566, 0.6532131590004767, -0.8855609823015879, 0.5318939166239192]",28.680630068804195,1.484794367883287
"[0.323541389246378, 0.653212751810859, -0.8855612017076209, 0.5318942231963242]",28.68066228827197,1.4848572003646834
"[0.3235345071866567, 0.6532123447055173, -0.8855614211998284, 0.5318945296476346]",28.680694509838585,1.48492003284608
"[0.3235276257338835, 0.6532119377287282, -0.8855616407543236, 0.5318948359445236]",28.680726733100652,1.4849828653274768
"[0.323520743522216, 0.6532115307997161, -0.885561860414688, 0.5318951421477796]",28.680758955797675,1.4850456978088733
"[0.3235138622974351, 0.6532111240217015, -0.8855620801251961, 0.5318954481797304]",28.680791180459227,1.48510853029027
"[0.3235069810015717, 0.6532107173321132, -0.8855622999196127, 0.5318957540874638]",28.680823409748058,1.4851713627716665
"[0.3235000994302523, 0.6532103107188872, -0.8855625198044714, 0.5318960598800425]",28.68085563977301,1.485234195253063
"[0.32349321840375667, 0.6532099042304798, -0.8855627397535579, 0.5318963655210276]",28.68088786725673,1.4852970277344597
"[0.3234863371531028, 0.6532094978214577, -0.8855629597914466, 0.5318966710445808]",28.680920098822863,1.4853598602158564
"[0.3234794552763621, 0.6532090914680985, -0.8855631799310048, 0.5318969764685229]",28.680952332417906,1.4854226926972531
"[0.3234725743531219, 0.6532086852636557, -0.8855634001216993, 0.531897281722766]",28.680984563393118,1.4854855251786496
"[0.3234656936419255, 0.6532082791643422, -0.8855636203872356, 0.5318975868402241]",28.68101680007041,1.4855483576600461
"[0.3234588132426022, 0.6532078731760331, -0.885563840724409, 0.5318978918164886]",28.68104903738243,1.4856111901414428
"[0.3234519322173059, 0.6532074672433955, -0.8855640611632588, 0.5318981966931177]",28.681081274725024,1.4856740226228393
"[0.3234450518650221, 0.6532070614430554, -0.8855642816621706, 0.5318985014125595]",28.681113514013383,1.485736855104236
"[0.3234381711079602, 0.6532066557114388, -0.8855645022556802, 0.5318988060225531]",28.681145756793374,1.4857996875856327
"[0.3234312904769497, 0.6532062500798497, -0.8855647229267747, 0.5318991104995904]",28.681178000799868,1.4858625200670292
"[0.32342441018659646, 0.6532058445609289, -0.8855649436685629, 0.5318994148341853]",28.681210245857304,1.4859253525484257
"[0.32341753010094854, 0.6532054391466526, -0.8855651644853976, 0.5318997190323635]",28.68124249126716,1.4859881850298224
"[0.32341064967081495, 0.6532050338046523, -0.8855653853949078, 0.5319000231184106]",28.681274736831416,1.486051017511219
"[0.32340377006728926, 0.6532046286039177, -0.8855656063594843, 0.5319003270405704]",28.681306988122866,1.4861138499926156
"[0.3233968894593635, 0.6532042234365971, -0.8855658274379407, 0.5319006308797357]",28.681339237309878,1.4861766824740124
"[0.32339001011555496, 0.6532038184362923, -0.8855660485573833, 0.5319009345357065]",28.681371486455152,1.4862395149554088
"[0.3233831302095471, 0.6532034134954067, -0.8855662697765029, 0.5319012380891885]",28.681403739929443,1.4863023474368056
"[0.3233762505993479, 0.653203008664509, -0.8855664910677152, 0.5319015415022393]",28.681435994215118,1.486365179918202
"[0.32336937027397206, 0.653202603884078, -0.8855667124635473, 0.531901844819477]",28.681468249315092,1.4864280123995985
"[0.32336249140829476, 0.653202199282071, -0.8855669338940031, 0.5319021479450153]",28.681500507816946,1.4864908448809953
"[0.3233556124145395, 0.6532017947650469, -0.8855671554101693, 0.5319024509488831]",28.68153276715596,1.486553677362392
"[0.32334873305138717, 0.6532013903188354, -0.8855673770198264, 0.5319027538416802]",28.68156502681325,1.4866165098437887
"[0.32334185365005996, 0.6532009859629152, -0.8855675987123109, 0.5319030566088118]",28.68159728822392,1.4866793423251852
"[0.32333497469828787, 0.6532005817259618, -0.8855678204718987, 0.5319033592288003]",28.681629547886335,1.4867421748065817
"[0.3233280957797131, 0.6532001775834364, -0.885568042312005, 0.5319036617200461]",28.68166181298563,1.4868050072879784
"[0.32332121669840336, 0.6531997735238887, -0.8855682642389494, 0.5319039640910885]",28.681694078167272,1.4868678397693749
"[0.3233143378398785, 0.6531993695699393, -0.885568486240294, 0.5319042663250074]",28.681726345846,1.4869306722507716
"[0.32330745943975703, 0.653198965735409, -0.8855687083084233, 0.5319045684114673]",28.68175861737351,1.4869935047321683
"[0.32330058077123797, 0.6531985619776206, -0.8855689304667982, 0.5319048703823928]",28.68179088428803,1.4870563372135648
"[0.32329370247253425, 0.6531981583340326, -0.8855691526948047, 0.5319051722097666]",28.681823155450775,1.4871191696949615
"[0.32328682369625894, 0.653197754754916, -0.8855693750198236, 0.5319054739307708]",28.681855426681192,1.487182002176358
"[0.3232799452844044, 0.6531973512896713, -0.8855695974146431, 0.531905775508468]",28.681887704512917,1.4872448346577547
"[0.3232730676904331, 0.653196947964871, -0.8855698198645808, 0.5319060769230087]",28.68191997610668,1.4873076671391514
"[0.3232661895132167, 0.6531965446983419, -0.8855700424149511, 0.5319063782358031]",28.681952254046212,1.487370499620548
"[0.3232593112780131, 0.6531961415208902, -0.8855702650487703, 0.5319066794238227]",28.681984534321998,1.4874333321019444
"[0.32325243322737457, 0.6531957384467348, -0.8855704877581857, 0.5319069804764417]",28.682016810937572,1.487496164583341
"[0.32324555581307585, 0.6531953355023169, -0.8855707105285542, 0.531907281373926]",28.682049093675303,1.4875589970647376
"[0.323238677800641, 0.6531949326153226, -0.8855709333998621, 0.5319075821702663]",28.68208137656897,1.4876218295461343
"[0.3232318001060453, 0.6531945298393987, -0.8855711563424334, 0.5319078828254085]",28.682113661068502,1.487684662027531
"[0.3232249226499868, 0.6531941271698931, -0.8855713793588297, 0.5319081833428269]",28.68214594957658,1.4877474945089275
"[0.3232180449670368, 0.6531937245795543, -0.8855716024641428, 0.5319084837428565]",28.682178235435213,1.4878103269903242
"[0.32321116765446856, 0.6531933221033368, -0.885571825638996, 0.5319087839994161]",28.682210521741066,1.4878731594717207
"[0.32320429082526975, 0.653192919747833, -0.8855720488797075, 0.5319090841075954]",28.682242814338327,1.4879359919531172
"[0.32319741368839316, 0.653192517466756, -0.8855722722119536, 0.5319093841019177]",28.682275103352296,1.487998824434514
"[0.3231905368578072, 0.6531921152960161, -0.8855724956157967, 0.5319096839556015]",28.68230739669579,1.4880616569159106
"[0.3231836597740336, 0.6531917132028927, -0.885572719109411, 0.5319099836930402]",28.6823396912117,1.4881244893973071
"[0.32317678311959286, 0.6531913112272868, -0.8855729426706129, 0.5319102832844892]",28.682371987355925,1.4881873218787038
"[0.3231699064607768, 0.6531909093438295, -0.8855731663134954, 0.5319105827488607]",28.682404285187186,1.4882501543601003
"[0.3231630295181321, 0.6531905075361994, -0.8855733900471513, 0.531910882098308]",28.682436583586497,1.488312986841497
"[0.32315615318340274, 0.6531901058564877, -0.885573613842564, 0.5319111812940247]",28.682468884455922,1.4883758193228935
"[0.3231492768382039, 0.6531897042685597, -0.8855738377198482, 0.5319114803629311]",28.68250118456101,1.4884386518042902
"[0.32314239965312586, 0.6531893027239881, -0.8855740617060233, 0.531911779341079]",28.682533486920605,1.488501484285687
"[0.32313552430838066, 0.6531889013792507, -0.8855742857137784, 0.5319120781119666]",28.682565789814316,1.4885643167670835
"[0.323128647940422, 0.6531885000671567, -0.8855745098363972, 0.5319123768000688]",28.682598096783693,1.48862714924848
"[0.32312177147805043, 0.6531880988419443, -0.8855747340436272, 0.531912675364995]",28.682630406327732,1.4886899817298767
"[0.32311489569951946, 0.6531876977490131, -0.8855749583100833, 0.5319129737729649]",28.682662711088287,1.4887528142112731
"[0.3231080200226879, 0.6531872967543648, -0.8855751826547392, 0.5319132720492891]",28.682695020595435,1.4888156466926699
"[0.3231011445995341, 0.653186895866874, -0.8855754070726299, 0.5319135701873597]",28.682727332660615,1.4888784791740666
"[0.32309426831928284, 0.6531864950217805, -0.8855756316000227, 0.53191386823533]",28.682759644984277,1.488941311655463
"[0.32308739287130556, 0.6531860943175556, -0.8855758561817562, 0.5319141661199813]",28.682791960886718,1.4890041441368598
"[0.32308051739253313, 0.6531856937038882, -0.8855760808460074, 0.5319144638787197]",28.682824276221286,1.4890669766182563
"[0.3230736416685129, 0.6531852931682847, -0.8855763055997894, 0.5319147615208262]",28.682856593840857,1.4891298090996528
"[0.3230667669914989, 0.6531848927860026, -0.8855765304008469, 0.5319150589903838]",28.68288891023155,1.4891926415810497
"[0.32305989155009246, 0.6531844924515401, -0.8855767553084074, 0.531915356365777]",28.682921232109567,1.4892554740624462
"[0.3230530164793933, 0.653184092230997, -0.8855769802853469, 0.5319156535978978]",28.68295355096511,1.489318306543843
"[0.3230461416170979, 0.6531836921149097, -0.8855772053369664, 0.5319159506937798]",28.68298587757023,1.4893811390252394
"[0.3230392665904869, 0.6531832920815834, -0.8855774304754668, 0.5319162476695294]",28.683018197997534,1.4894439715066359
"[0.3230323919854669, 0.6531828921651026, -0.8855776556816566, 0.5319165444998442]",28.683050525405964,1.4895068039880326
"[0.32302551714689215, 0.6531824923273506, -0.8855778809769943, 0.5319168412130146]",28.68308285330181,1.4895696364694293
"[0.32301864296675126, 0.6531820926201934, -0.8855781063322415, 0.5319171377705542]",28.683115179580906,1.4896324689508258
"[0.3230117684052139, 0.6531816929831621, -0.8855783317814825, 0.5319174342173291]",28.683147510201028,1.4896953014322225
"[0.3230048938752803, 0.6531812934402692, -0.8855785573111787, 0.531917730535519]",28.683179843054177,1.489758133913619
"[0.32299801946654105, 0.6531808939967418, -0.8855787829183883, 0.5319180267212357]",28.68321217657945,1.4898209663950155
"[0.3229911451735913, 0.653180494652188, -0.8855790086032859, 0.5319183227748021]",28.683244508318822,1.4898837988764122
"[0.32298427103538696, 0.6531800954089315, -0.885579234364587, 0.5319186186944653]",28.683276844391646,1.489946631357809
"[0.3229773970343669, 0.6531796962659224, -0.8855794602028629, 0.5319189144810151]",28.68330918437665,1.4900094638392056
"[0.3229705232807626, 0.6531792972295565, -0.8855796861144863, 0.5319192101297113]",28.68334151974578,1.4900722963206021
"[0.32296364956988477, 0.653178898287932, -0.8855799121061788, 0.5319195056493782]",28.683373860923762,1.4901351288019986
"[0.32295677576438847, 0.6531784994330867, -0.8855801381824576, 0.5319198010459057]",28.683406202103182,1.4901979612833953
"[0.32294990163088916, 0.6531781006514852, -0.8855803643510063, 0.5319200963293106]",28.68343854600702,1.4902607937647918
"[0.32294302898303584, 0.6531777020483153, -0.8855805905521326, 0.5319203914217171]",28.683470886861823,1.4903236262461885
"[0.3229361553790228, 0.6531773034819214, -0.8855808168661947, 0.5319206864280089]",28.68350323449212,1.4903864587275852
"[0.32292928225154177, 0.6531769050354125, -0.8855810432460307, 0.5319209812866506]",28.683535580982923,1.4904492912089817
"[0.3229224087062368, 0.6531765066569309, -0.8855812697210961, 0.5319212760360187]",28.68356793213564,1.4905121236903784
"[0.3229155353635175, 0.6531761083824356, -0.8855814962709541, 0.531921570649504]",28.683600278161148,1.490574956171775
"[0.32290866243962646, 0.6531757102244417, -0.8855817228884656, 0.5319218651178538]",28.68363263283759,1.4906377886531714
"[0.3229017895356551, 0.6531753121598306, -0.8855819495867763, 0.5319221594581682]",28.683664983377195,1.4907006211345681
"[0.3228949165163644, 0.6531749141807657, -0.8855821763703486, 0.5319224536762401]",28.683697338748498,1.4907634536159649
"[0.3228880439594737, 0.6531745163206933, -0.8855824032201144, 0.531922747747343]",28.683729695979036,1.4908262860973613
"[0.32288117121570054, 0.6531741185420361, -0.8855826301574998, 0.5319230416992446]",28.68376205290927,1.490889118578758
"[0.32287429844640786, 0.6531737208540807, -0.8855828571771819, 0.5319233355251021]",28.683794410077386,1.4909519510601545
"[0.322867426316472, 0.6531733232953397, -0.8855830842571862, 0.531923629196441]",28.683826771347913,1.4910147835415513
"[0.32286055318374435, 0.6531729257708004, -0.8855833114517828, 0.5319239227834469]",28.683859129382178,1.4910776160229477
"[0.3228536815905928, 0.6531725284274957, -0.8855835386769235, 0.531924216177534]",28.6838914917415,1.4911404485043445
"[0.3228468094522471, 0.6531721311448505, -0.8855837660015276, 0.5319245094677453]",28.683923855948148,1.4912032809857412
"[0.32283993782841525, 0.6531717339841276, -0.8855839933905422, 0.5319248026088499]",28.68395622213745,1.4912661134671377
"[0.32283306500707887, 0.6531713368463895, -0.8855842209006319, 0.5319250956738615]",28.683988589985276,1.4913289459485342
"[0.32282619331731005, 0.6531709398662171, -0.8855844484546992, 0.5319253885634633]",28.68402095855415,1.4913917784299309
"[0.3228193215276523, 0.6531705429724456, -0.8855846760935052, 0.531925681330171]",28.684053329721266,1.4914546109113276
"[0.32281245000553793, 0.6531701461862954, -0.8855849038048752, 0.5319259739583296]",28.68408569844582,1.491517443392724
"[0.32280557796769666, 0.6531697494625307, -0.8855851316147699, 0.5319262664812989]",28.68411807231603,1.4915802758741208
"[0.3227987067237695, 0.6531693528767595, -0.8855853594797701, 0.5319265588433257]",28.68415044617911,1.4916431083555173
"[0.32279183520207344, 0.6531689563671103, -0.8855855874354062, 0.5319268510900277]",28.684182821597343,1.491705940836914
"[0.3227849642292578, 0.6531685599812782, -0.885585815454249, 0.5319271431862513]",28.684215199662187,1.4917687733183105
"[0.32277809298252974, 0.6531681636717898, -0.8855860435636006, 0.53192743516698]",28.684247578671584,1.4918316057997072
"[0.3227712219646247, 0.653167767467636, -0.8855862717467711, 0.5319277270108532]",28.684279957247526,1.491894438281104
"[0.32276435080715105, 0.6531673713475722, -0.8855865000159937, 0.5319280187335172]",28.684312341558165,1.4919572707625004
"[0.32275747995754667, 0.6531669753374254, -0.8855867283564, 0.5319283103159347]",28.684344719619343,1.492020103243897
"[0.3227506087427327, 0.6531665793982908, -0.8855869567903624, 0.5319286017867967]",28.68437710711002,1.4920829357252936
"[0.32274373805184703, 0.6531661835815079, -0.8855871852883165, 0.53192889310826]",28.684409491236295,1.49214576820669
"[0.3227368682165695, 0.6531657879061163, -0.8855874138392079, 0.5319291842663434]",28.684441878971075,1.4922086006880868
"[0.3227299965792985, 0.6531653922190662, -0.8855876425314685, 0.531929475373654]",28.684474269608188,1.4922714331694835
"[0.3227231266530081, 0.6531649967226565, -0.8855878712481863, 0.5319297662813508]",28.68450665594118,1.49233426565088
"[0.3227162568367103, 0.6531646013246463, -0.8855881000426302, 0.5319300570573177]",28.684539047543392,1.4923970981322767
"[0.322709386232285, 0.6531642059733871, -0.8855883289447238, 0.5319303477395106]",28.6845714386742,1.4924599306136732
"[0.32270251587280885, 0.6531638107283257, -0.885588557920058, 0.5319306382842164]",28.684603834325344,1.4925227630950697
"[0.3226956459889224, 0.6531634156027114, -0.8855887869609339, 0.5319309286817024]",28.68463622980167,1.4925855955764664
"[0.3226887758446771, 0.6531630205542103, -0.8855890160918841, 0.531931218963082]",28.684668626392423,1.4926484280578631
"[0.32268190638993066, 0.6531626256374331, -0.8855892452812221, 0.531931509088229]",28.684701026640077,1.4927112605392598
"[0.32267503638677003, 0.6531622307812016, -0.8855894745702463, 0.5319317991094367]",28.684733426018106,1.4927740930206563
"[0.32266816735315257, 0.6531618360727574, -0.8855897039082873, 0.5319320889626254]",28.684765826805346,1.4928369255020528
"[0.3226612971128252, 0.6531614413870482, -0.8855899333680084, 0.5319323787396237]",28.68479823080353,1.4928997579834495
"[0.32265442759673374, 0.6531610468350134, -0.8855901628849264, 0.5319326683589692]",28.684830634974972,1.492962590464846
"[0.322647558323691, 0.6531606523889942, -0.8855903924751015, 0.531932957840976]",28.684863041064997,1.4930254229462427
"[0.322640689301099, 0.6531602580494015, -0.8855906221382771, 0.5319332471853466]",28.684895445706566,1.4930882554276395
"[0.32263381993494306, 0.653159863782142, -0.8855908518943161, 0.5319335364170894]",28.68492785552932,1.493151087909036
"[0.32262695086923965, 0.6531594696241658, -0.8855910817216796, 0.5319338255091]",28.68496026414742,1.4932139203904324
"[0.32262008186310126, 0.6531590755616402, -0.8855913116284211, 0.531934114471526]",28.684992676132733,1.4932767528718291
"[0.3226132131623848, 0.6531586816086818, -0.8855915416063043, 0.5319344032940088]",28.685025092274206,1.4933395853532259
"[0.3226063443849668, 0.6531582877433356, -0.885591771668121, 0.5319346919926587]",28.685057503667675,1.4934024178346226
"[0.3225994754547939, 0.6531578939612638, -0.8855920018164218, 0.5319349805706401]",28.6850899204488,1.493465250316019
"[0.32259260646738963, 0.653157500267943, -0.8855922320480103, 0.5319352690239356]",28.685122334067064,1.4935280827974156
"[0.3225857383461426, 0.653157106716276, -0.8855924623319228, 0.5319355573137922]",28.685154754390506,1.4935909152788123
"[0.3225788697206355, 0.6531567132277359, -0.8855926927141013, 0.5319358454977321]",28.68518717352231,1.4936537477602088
"[0.3225720014114153, 0.6531563198493219, -0.8855929231670285, 0.531936133541333]",28.685219596128064,1.4937165802416055
"[0.32256513337850984, 0.6531559265787175, -0.8855931536920347, 0.5319364214463023]",28.685252017790425,1.4937794127230022
"[0.3225582653658672, 0.653155533401276, -0.8855933842977093, 0.5319367092233528]",28.685284442921375,1.4938422452043987
"[0.3225513970420767, 0.6531551402980041, -0.885593614995185, 0.5319369968863913]",28.68531686900229,1.4939050776857954
"[0.3225445291764736, 0.6531547473129579, -0.8855938457586184, 0.5319372844031646]",28.685349295013776,1.4939679101671919
"[0.32253766123955235, 0.6531543544158156, -0.8855940766057944, 0.5319375717958656]",28.685381723306673,1.4940307426485884
"[0.32253079311477434, 0.6531539615999133, -0.8855943075406352, 0.5319378590693623]",28.685414152610054,1.494093575129985
"[0.32252392623067233, 0.6531535689469308, -0.8855945385150892, 0.531938146163932]",28.685446582944788,1.4941564076113818
"[0.3225170586667373, 0.6531531763470408, -0.8855947695937441, 0.5319384331598811]",28.68547901542797,1.4942192400927783
"[0.3225101911781474, 0.6531527838434237, -0.8855950007512012, 0.5319387200256336]",28.685511449133262,1.494282072574175
"[0.3225033237762477, 0.6531523914367215, -0.8855952319870759, 0.5319390067607198]",28.68554388544959,1.4943449050555715
"[0.32249645644731956, 0.6531519991261476, -0.8855954633018277, 0.5319392933657136]",28.68557632443752,1.4944077375369682
"[0.3224895891834317, 0.6531516069112424, -0.8855956946957206, 0.5319395798409503]",28.68560876058023,1.4944705700183647
"[0.3224827224001976, 0.6531512148157297, -0.8855959261547416, 0.5319398661691067]",28.685641199098374,1.4945334024997614
"[0.3224758553086314, 0.6531508227945538, -0.8855961577054821, 0.5319401523830833]",28.685673640779886,1.4945962349811581
"[0.3224689881500075, 0.653150430861494, -0.8855963893398131, 0.5319404384728129]",28.685706087215745,1.4946590674625546
"[0.3224621215289312, 0.653150039051045, -0.8855966210373333, 0.5319407244131193]",28.68573853065412,1.494721899943951
"[0.32245525472693926, 0.6531496473222002, -0.8855968528222787, 0.5319410102339324]",28.685770976696762,1.4947847324253478
"[0.32244838836893197, 0.6531492557106044, -0.8855970846735518, 0.5319412959092429]",28.685803420266236,1.4948475649067443
"[0.3224415219257147, 0.6531488641860701, -0.8855973166090151, 0.5319415814610732]",28.685835868688343,1.494910397388141
"[0.3224346557653267, 0.6531484727695615, -0.8855975486162337, 0.5319418668741396]",28.685868319458432,1.4949732298695377
"[0.3224277890055844, 0.6531480814108072, -0.8855977807250229, 0.5319421521850858]",28.6859007736216,1.4950360623509342
"[0.32242092355514707, 0.6531476902185674, -0.8855980128708532, 0.5319424373146311]",28.68593322105167,1.495098894832331
"[0.3224140566085767, 0.6531472990329908, -0.8855982451485912, 0.5319427223792821]",28.685965677058853,1.4951617273137274
"[0.3224071907205589, 0.6531469079996148, -0.88559847747183, 0.5319430072729738]",28.68599813178208,1.495224559795124
"[0.32240032498643045, 0.65314651706689, -0.8855987098711606, 0.5319432920332777]",28.68603059034359,1.4952873922765209
"[0.3223934591956274, 0.6531461262228221, -0.8855989423537087, 0.5319435766689284]",28.686063047068497,1.4953502247579173
"[0.3223865933686858, 0.6531457354685811, -0.8855991749187803, 0.5319438611790701]",28.686095507483223,1.4954130572393138
"[0.3223797273077193, 0.6531453447929144, -0.8855994075730836, 0.5319441455718866]",28.68612797069406,1.4954758897207105
"[0.3223728624046834, 0.6531449542749829, -0.885599640269437, 0.531944429789771]",28.686160432878662,1.495538722202107
"[0.3223659967810023, 0.6531445638079305, -0.8855998730715092, 0.5319447139104871]",28.686192894139733,1.4956015546835038
"[0.3223591313407756, 0.6531441734431784, -0.8856001059486537, 0.5319449978966118]",28.686225362243327,1.4956643871649005
"[0.3223522662132067, 0.6531437831880612, -0.8856003388964789, 0.5319452817428131]",28.686257829799715,1.495727219646297
"[0.3223454010300993, 0.6531433930216406, -0.8856005719274744, 0.5319455654643211]",28.6862902970652,1.4957900521276937
"[0.3223385359788297, 0.6531430029545631, -0.8856008050352789, 0.5319458490533917]",28.686322765665214,1.4958528846090902
"[0.3223316712353069, 0.6531426129968113, -0.8856010382139112, 0.531946132502771]",28.686355234886275,1.4959157170904867
"[0.32232480641467043, 0.6531422231265184, -0.8856012714764402, 0.5319464158283528]",28.686387710284233,1.4959785495718834
"[0.32231794153301646, 0.6531418333445974, -0.8856015048223224, 0.5319466990294698]",28.68642018151255,1.49604138205328
"[0.32231107681184684, 0.6531414436636248, -0.8856017382440254, 0.5319469820969814]",28.686452660011508,1.4961042145346768
"[0.32230421226682404, 0.6531410540844703, -0.8856019717410117, 0.5319472650302631]",28.686485134118435,1.4961670470160733
"[0.3222973478170954, 0.6531406646025493, -0.8856022053160274, 0.5319475478326391]",28.686517613284707,1.4962298794974698
"[0.32229048373701324, 0.6531402752334292, -0.885602438959728, 0.5319478304928039]",28.686550092425804,1.4962927119788665
"[0.3222836195092572, 0.653139885947708, -0.8856026726897199, 0.5319481130321256]",28.68658257437233,1.496355544460263
"[0.3222767549952197, 0.6531394967375831, -0.8856029065107293, 0.5319483954562345]",28.686615056116544,1.4964183769416597
"[0.32226989060531663, 0.6531391076263069, -0.8856031404087802, 0.5319486777482624]",28.686647541384808,1.4964812094230564
"[0.3222630266298461, 0.6531387186303248, -0.8856033743739709, 0.5319489598962819]",28.686680026846453,1.496544041904453
"[0.3222561629187179, 0.6531383297411247, -0.8856036084114063, 0.5319492419064675]",28.686712511092775,1.4966068743858496
"[0.3222492990947933, 0.6531379409372999, -0.8856038425339434, 0.531949523794359]",28.68674499869638,1.496669706867246
"[0.3222424360515555, 0.6531375522694813, -0.8856040767110933, 0.5319498055232379]",28.686777489964864,1.4967325393486426
"[0.3222355718711082, 0.6531371636290467, -0.8856043110083047, 0.5319500871718384]",28.686809979398653,1.4967953718300393
"[0.3222287083607659, 0.6531367751183323, -0.885604545363896, 0.5319503686659879]",28.68684247411428,1.496858204311436
"[0.3222218448225799, 0.6531363866978156, -0.8856047798016876, 0.5319506500343282]",28.68687496892554,1.4969210367928325
"[0.32221498148317046, 0.6531359983803158, -0.8856050143139363, 0.5319509312675726]",28.686907464415693,1.4969838692742292
"[0.32220811821889084, 0.65313561015883, -0.8856052489048616, 0.5319512123707941]",28.686939960379394,1.4970467017556257
"[0.3222012549520729, 0.653135222028971, -0.8856054835771173, 0.5319514933471626]",28.686972454559623,1.4971095342370222
"[0.32219439124214144, 0.6531348339657995, -0.8856057183457767, 0.5319517742147382]",28.687004958293215,1.497172366718419
"[0.3221875291687682, 0.6531344460869029, -0.8856059531396839, 0.531952054888414]",28.687037460138182,1.4972351991998156
"[0.32218066639058507, 0.6531340582599129, -0.8856061880389351, 0.5319523354639826]",28.687069961038752,1.4972980316812123
"[0.3221738037036074, 0.6531336705297953, -0.8856064230162963, 0.5319526159089158]",28.687102464121576,1.4973608641626088
"[0.3221669409087219, 0.653133282885328, -0.8856066580785849, 0.5319528962313149]",28.68713497062956,1.4974236966440053
"[0.3221600780349129, 0.6531328953281401, -0.8856068932248116, 0.5319531764300007]",28.687167478833647,1.497486529125402
"[0.3221532162588625, 0.653132507924657, -0.885607128414641, 0.5319534564569601]",28.687199985200476,1.4975493616067987
"[0.32214635334055625, 0.6531321205484194, -0.8856073637248515, 0.5319537364035941]",28.68723249336253,1.4976121940881952
"[0.32213949104798767, 0.6531317332992074, -0.8856075990948338, 0.5319540161977949]",28.68726500721957,1.497675026569592
"[0.3221326286959555, 0.6531313461383628, -0.8856078345480782, 0.531954295867489]",28.68729751985768,1.4977378590509884
"[0.32212576692126477, 0.6531309591017919, -0.8856080700627273, 0.5319545753867466]",28.68733003127885,1.4978006915323852
"[0.32211890486115974, 0.653130572140824, -0.8856083056683881, 0.5319548547907187]",28.687362546481165,1.4978635240137816
"[0.32211204325567094, 0.6531301852971911, -0.8856085413396485, 0.5319551340492703]",28.687395064212325,1.4979263564951784
"[0.3221051809794871, 0.6531297985074365, -0.885608777115164, 0.5319554132082119]",28.687427582531367,1.497989188976575
"[0.32209831982115916, 0.6531294118723756, -0.8856090129334739, 0.5319556921947771]",28.687460101572324,1.4980520214579716
"[0.32209145819408147, 0.6531290253025812, -0.8856092488490996, 0.5319559710735038]",28.687492622504468,1.498114853939368
"[0.32208459609336015, 0.6531286387977941, -0.885609484862226, 0.5319562498445628]",28.68752514459113,1.4981776864207648
"[0.3220777348408428, 0.6531282524324808, -0.885609720927383, 0.5319565284542365]",28.687557670338364,1.4982405189021613
"[0.32207087401445467, 0.6531278661827769, -0.8856099570590709, 0.5319568069197801]",28.687590193787685,1.498303351383558
"[0.322064012316209, 0.6531274799756849, -0.8856101933019696, 0.5319570852937795]",28.687622721997815,1.4983661838649547
"[0.3220571516249671, 0.6531270939169422, -0.8856104295913898, 0.5319573635000233]",28.68765525049369,1.4984290163463512
"[0.32205029022163684, 0.6531267079097604, -0.8856106659865343, 0.5319576416082837]",28.687687781958154,1.4984918488277479
"[0.3220434292746943, 0.6531263220199236, -0.8856109024471499, 0.5319579195711368]",28.687720306740818,1.4985546813091444
"[0.3220365685853012, 0.6531259362362166, -0.8856111389800764, 0.5319581973966758]",28.687752841012838,1.4986175137905409
"[0.32202970776245693, 0.6531255505366504, -0.8856113755987929, 0.5319584751007334]",28.687785374576467,1.4986803462719376
"[0.3220228468546205, 0.6531251649239496, -0.885611612301632, 0.5319587526813441]",28.687817908993438,1.4987431787533343
"[0.32201598617197524, 0.6531247794155438, -0.8856118490778899, 0.5319590301259605]",28.687850447013794,1.4988060112347308
"[0.32200912602528925, 0.6531243940288785, -0.8856120859168277, 0.5319593074220337]",28.68788298459784,1.4988688437161275
"[0.3220022652863082, 0.65312400870057, -0.8856123228573985, 0.5319595846151668]",28.68791552674857,1.498931676197524
"[0.3219954050951298, 0.6531236234946471, -0.8856125598602292, 0.5319598616592978]",28.68794806733501,1.4989945086789207
"[0.3219885451765319, 0.6531232383956415, -0.8856127969348137, 0.5319601385655579]",28.687980607654335,1.4990573411603172
"[0.321981685189713, 0.6531228533844129, -0.8856130340929264, 0.531960415347711]",28.688013150964796,1.499120173641714
"[0.3219748251231406, 0.6531224684603169, -0.8856132713349684, 0.5319606920062157]",28.688045694523392,1.4991830061231106
"[0.3219679647757702, 0.6531220836120756, -0.8856135086678993, 0.5319609685491701]",28.688078244682046,1.499245838604507
"[0.32196110548434914, 0.6531216989146611, -0.885613746045461, 0.5319612449227089]",28.688110796012047,1.4993086710859036
"[0.3219542452684136, 0.6531213142569966, -0.8856139835361881, 0.5319615212066306]",28.68814333984028,1.4993715035673003
"[0.3219473854097532, 0.6531209297109609, -0.8856142210957173, 0.5319617973492974]",28.688175892155623,1.4994343360486968
"[0.3219405267646091, 0.6531205453245198, -0.8856144586943694, 0.5319620733162836]",28.688208445525007,1.4994971685300937
"[0.3219336672346913, 0.6531201609800688, -0.885614696404828, 0.5319623491920235]",28.688240997130677,1.4995600010114902
"[0.3219268078870613, 0.6531197767374068, -0.8856149341901267, 0.5319626249335833]",28.688273553091005,1.4996228334928867
"[0.32191994857310774, 0.6531193925882045, -0.8856151720554152, 0.5319629005469393]",28.688306108287502,1.4996856659742834
"[0.32191308912505884, 0.653119008523062, -0.885615410006512, 0.5319631760388335]",28.688338666822553,1.49974849845568
"[0.32190623031921256, 0.6531186245854415, -0.8856156480164792, 0.5319634513780909]",28.688371229239994,1.4998113309370766
"[0.3218993711847511, 0.6531182407209761, -0.8856158861190004, 0.5319637266037079]",28.68840378696893,1.4998741634184733
"[0.3218925124328162, 0.6531178569694744, -0.8856161242893885, 0.5319640016871349]",28.68843634981576,1.4999369958998698
"[0.32188565399062363, 0.6531174733268427, -0.8856163625301591, 0.5319642766313148]",28.68846891163498,1.4999998283812666
"[0.3218787949448946, 0.6531170897420041, -0.8856166008730414, 0.5319645514728445]",28.688501478954787,1.500062660862663
"[0.3218719369723761, 0.653116706308703, -0.8856168392597629, 0.5319648261445651]",28.688534045386866,1.5001254933440595
"[0.32186507762528804, 0.6531163228901075, -0.8856170777754151, 0.5319651007444798]",28.688566613550762,1.5001883258254562
"[0.3218582197647462, 0.6531159396461189, -0.8856173163205084, 0.5319653751580785]",28.688599185121852,1.500251158306853
"[0.32185136138496695, 0.6531155564646424, -0.8856175549647951, 0.5319656494656261]",28.68863175316232,1.5003139907882495
"[0.3218445030765261, 0.653115173378674, -0.885617793687734, 0.5319659236434966]",28.688664325864416,1.5003768232696462
"[0.3218376449506892, 0.6531147903944239, -0.8856180324854477, 0.531966197687245]",28.6886968984209,1.5004396557510427
"[0.32183078676526217, 0.6531144074983587, -0.885618271366367, 0.5319664716065559]",28.68872947410813,1.5005024882324391
"[0.32182392916158614, 0.653114024726276, -0.8856185103081443, 0.5319667453758226]",28.688762051718527,1.5005653207138359
"[0.3218170713925411, 0.6531136420364618, -0.8856187493368044, 0.5319670190248839]",28.68879462631552,1.5006281531952326
"[0.3218102140654622, 0.6531132594628006, -0.8856189884311733, 0.5319672925295111]",28.68882720586272,1.5006909856766293
"[0.3218033560632628, 0.6531128769429728, -0.8856192276302052, 0.5319675659342508]",28.68885978818422,1.5007538181580258
"[0.3217964986308951, 0.6531124945464164, -0.8856194668904794, 0.5319678391894688]",28.68889237066597,1.5008166506394223
"[0.3217896410383954, 0.6531121122324177, -0.885619706237458, 0.5319681123242612]",28.688924953592114,1.500879483120819
"[0.3217827839414068, 0.6531117300375194, -0.8856199456482517, 0.5319683853125227]",28.688957538190575,1.5009423156022155
"[0.32177592639862523, 0.6531113479092558, -0.8856201851557239, 0.5319686581917247]",28.688990125408942,1.5010051480836122
"[0.3217690697448331, 0.6531109659219873, -0.8856204247132493, 0.5319689309087733]",28.689022712569543,1.501067980565009
"[0.3217622122770979, 0.6531105839808451, -0.8856206643803225, 0.5319692035313938]",28.689055302016254,1.5011308130464054
"[0.3217553555118266, 0.6531102021702956, -0.8856209041039479, 0.5319694759992899]",28.689087893706517,1.501193645527802
"[0.32174849862026883, 0.6531098204441579, -0.8856211439130904, 0.5319697483454305]",28.689120484525883,1.5012564780091986
"[0.32174164155380686, 0.6531094387997551, -0.885621383809455, 0.5319700205717075]",28.689153076035428,1.501319310490595
"[0.32173478503174646, 0.6531090572770902, -0.8856216237678709, 0.5319702926495985]",28.689185675296798,1.5013821429719918
"[0.3217279285151232, 0.6531086758461623, -0.8856218638071904, 0.5319705646005027]",28.689218267000477,1.5014449754533885
"[0.3217210722024438, 0.6531082945180215, -0.8856221039204604, 0.5319708364165353]",28.689250867210124,1.501507807934785
"[0.32171421566756353, 0.6531079132689581, -0.8856223441226051, 0.5319711081145978]",28.689283465089073,1.5015706404161817
"[0.32170735946884527, 0.6531075321300145, -0.8856225843940618, 0.5319713796725662]",28.689316065914294,1.5016334728975782
"[0.32170050307623205, 0.6531071510717259, -0.8856228247534036, 0.5319716511114309]",28.689348670225915,1.501696305378975
"[0.3216936472315113, 0.6531067701352928, -0.8856230651746201, 0.5319719224018529]",28.689381271632904,1.5017591378603716
"[0.32168679075269246, 0.6531063892550835, -0.8856233056991629, 0.531972193590549]",28.68941387586968,1.5018219703417681
"[0.3216799347928836, 0.6531060084950654, -0.8856235462865844, 0.5319724646320109]",28.689446483684083,1.5018848028231648
"[0.32167307954591196, 0.6531056278660596, -0.88562378693006, 0.5319727355185108]",28.689479091650256,1.5019476353045613
"[0.3216662236400186, 0.6531052472918696, -0.8856240276777422, 0.5319730063042879]",28.689511700041493,1.5020104677859578
"[0.3216593676083677, 0.6531048668021052, -0.8856242685109237, 0.5319732769682604]",28.689544311284855,1.5020733002673545
"[0.3216525120888451, 0.6531044864321582, -0.8856245094071901, 0.5319735474852548]",28.68957692237231,1.5021361327487512
"[0.3216456569994046, 0.6531041061774795, -0.8856247503694077, 0.5319738178585054]",28.68960953681794,1.502198965230148
"[0.3216388014981826, 0.6531037259912947, -0.8856249914271696, 0.5319740881213021]",28.68964215099505,1.5022617977115444
"[0.3216319465167042, 0.6531033459253589, -0.8856252325477171, 0.5319743582368056]",28.68967476810139,1.502324630192941
"[0.321625091074809, 0.6531029659252288, -0.8856254737655286, 0.5319746282437533]",28.689707384728194,1.5023874626743376
"[0.3216182364934136, 0.6531025860641732, -0.8856257150341172, 0.5319748980900582]",28.689740003972112,1.5024502951557341
"[0.3216113811190116, 0.6531022062505529, -0.8856259564116822, 0.5319751678408194]",28.689772624523847,1.5025131276371309
"[0.32160452599188744, 0.6531018265419928, -0.8856261978616053, 0.5319754374551104]",28.689805246895002,1.5025759601185276
"[0.32159767160376346, 0.6531014469657201, -0.8856264393665498, 0.5319757069136019]",28.689837871628153,1.502638792599924
"[0.3215908168357463, 0.6531010674597625, -0.8856266809659322, 0.531975976260292]",28.689870492806083,1.5027016250813205
"[0.32158396244150117, 0.653100688065844, -0.8856269226331894, 0.5319762454655644]",28.68990312119136,1.5027644575627173
"[0.3215771078338974, 0.6531003087514574, -0.8856271643890195, 0.5319765145524873]",28.689935747518795,1.5028272900441138
"[0.32157025336332895, 0.6530999295359958, -0.8856274062210653, 0.5319767835072976]",28.68996837981764,1.5028901225255105
"[0.3215633991085209, 0.6530995504238041, -0.8856276481265437, 0.5319770523269157]",28.690001009485666,1.5029529550069072
"[0.3215565450808126, 0.6530991714155002, -0.8856278901050467, 0.5319773210109072]",28.690033638967368,1.5030157874883037
"[0.3215496908182896, 0.6530987924855395, -0.8856281321728824, 0.531977589577377]",28.690066275260484,1.5030786199697004
"[0.3215428367885804, 0.6530984136597676, -0.8856283743135356, 0.5319778580080079]",28.690098906429736,1.5031414524510969
"[0.3215359828058591, 0.6530980349279114, -0.8856286165335668, 0.5319781263100772]",28.690131544542876,1.5032042849324934
"[0.32152912910330417, 0.653097656302851, -0.8856288588247295, 0.5319783944744607]",28.690164182554135,1.50326711741389
"[0.321522275125559, 0.6530972777538913, -0.8856291012066568, 0.5319786625229019]",28.690196818905978,1.5033299498952868
"[0.32151542170674274, 0.6530968993271028, -0.8856293436498461, 0.5319789304227757]",28.69022946009351,1.5033927823766835
"[0.32150856795822996, 0.6530965209734098, -0.8856295861857291, 0.5319791982088247]",28.69026210409586,1.50345561485808
"[0.3215017144196274, 0.6530961427226016, -0.8856298287952131, 0.5319794658599611]",28.6902947476072,1.5035184473394765
"[0.32149486095011487, 0.653095764566898, -0.8856300714832773, 0.5319797333816919]",28.690327389918405,1.5035812798208732
"[0.321488007583837, 0.6530953865081778, -0.885630314248711, 0.5319800007726868]",28.690360037413694,1.50364411230227
"[0.32148115438066976, 0.6530950085497428, -0.8856305570893876, 0.5319802680306093]",28.690392683348048,1.5037069447836664
"[0.3214743015015974, 0.6530946307004412, -0.8856307999995947, 0.5319805351492154]",28.690425335280178,1.5037697772650631
"[0.32146744847962394, 0.6530942529345375, -0.8856310429958819, 0.5319808021466893]",28.690457982767672,1.5038326097464596
"[0.32146059541389427, 0.6530938752574909, -0.8856312860747377, 0.5319810690191707]",28.69049063589146,1.5038954422278563
"[0.3214537432042676, 0.6530934977188759, -0.8856315292042303, 0.531981335731638]",28.690523288422433,1.5039582747092528
"[0.3214468906779372, 0.653093120254062, -0.8856317724259624, 0.531981602329754]",28.690555943827334,1.5040211071906495
"[0.3214400373169548, 0.6530927428345386, -0.8856320157583392, 0.5319818688336371]",28.690588601615023,1.5040839396720462
"[0.32143318554682493, 0.6530923655938624, -0.8856322591152282, 0.5319821351489876]",28.690621257487383,1.5041467721534427
"[0.3214263327433431, 0.65309198838754, -0.885632502589825, 0.5319824013778163]",28.690653912419126,1.5042096046348392
"[0.32141948018971916, 0.6530916112862163, -0.8856327461365515, 0.5319826674702501]",28.69068657489294,1.504272437116236
"[0.32141262778892093, 0.653091234284543, -0.8856329897588501, 0.531982933430065]",28.690719235828176,1.5043352695976324
"[0.32140577613886523, 0.6530908574153941, -0.885633233435447, 0.5319831992340799]",28.690751899677306,1.5043981020790291
"[0.3213989240068397, 0.6530904806109601, -0.8856334772101778, 0.5319834649301212]",28.690784566513557,1.5044609345604258
"[0.3213920721185707, 0.653090103911151, -0.8856337210572292, 0.5319837304900412]",28.690817231989744,1.5045237670418223
"[0.3213852203121639, 0.6530897273070577, -0.8856339649823565, 0.5319839959201227]",28.690849900019312,1.504586599523219
"[0.321378368106708, 0.6530893507722534, -0.8856342090026855, 0.5319842612389833]",28.69088256553368,1.5046494320046155
"[0.32137151633865424, 0.6530889743526971, -0.885634453088429, 0.5319845264142377]",28.69091523768347,1.504712264486012
"[0.321364664940189, 0.6530885980446419, -0.885634697241988, 0.5319847914485353]",28.690947910141052,1.5047750969674087
"[0.32135781346717085, 0.6530882218236914, -0.8856349414791846, 0.5319850563590574]",28.690980585350413,1.5048379294488055
"[0.32135096193937196, 0.6530878456909301, -0.8856351857993165, 0.5319853211450362]",28.691013256340224,1.504900761930202
"[0.32134411100197646, 0.6530874696817637, -0.8856354301793679, 0.5319855857815529]",28.691045932839963,1.5049635944115987
"[0.32133725943800057, 0.6530870937293993, -0.8856356746627502, 0.5319858503156126]",28.69107860873564,1.5050264268929952
"[0.32133040807604735, 0.6530867178793073, -0.8856359192199041, 0.5319861147152133]",28.69111129050915,1.5050892593743919
"[0.32132355748640634, 0.6530863421627559, -0.8856361638304561, 0.5319863789583669]",28.691143968821976,1.5051520918557884
"[0.32131670660619877, 0.65308596652143, -0.8856364085323497, 0.5319866430860956]",28.691176651024094,1.505214924337185
"[0.321309855814846, 0.6530855909761456, -0.8856366533120366, 0.531986907083753]",28.691209332938175,1.5052777568185818
"[0.32130300518565197, 0.6530852155309207, -0.8856368981668922, 0.5319871709485121]",28.69124201685765,1.5053405892999783
"[0.32129615419264806, 0.6530848401569034, -0.8856371431157212, 0.5319874347006583]",28.691274705691058,1.5054034217813748
"[0.32128930360119895, 0.653084464896057, -0.8856373881311564, 0.5319876983106897]",28.691307392333435,1.5054662542627715
"[0.32128245339331296, 0.6530840897473603, -0.8856376332138287, 0.5319879617793406]",28.691340079208697,1.505529086744168
"[0.321275602762619, 0.6530837146666605, -0.8856378783925885, 0.5319882251376122]",28.691372768806563,1.505591919225565
"[0.3212687521493784, 0.6530833396780661, -0.8856381236516861, 0.53198848836857]",28.691405461541414,1.5056547517069614
"[0.32126190236355223, 0.6530829648258928, -0.88563836896211, 0.5319887514411151]",28.691438154043233,1.5057175841883579
"[0.32125505266651816, 0.6530825900696995, -0.8856386143502954, 0.5319890143836394]",28.691470846986356,1.5057804166697546
"[0.32124820300243634, 0.6530822154064272, -0.8856388598182412, 0.5319892771982873]",28.691503544578346,1.505843249151151
"[0.32124135233948947, 0.6530818407796546, -0.8856391054029412, 0.5319895399246215]",28.691536241483796,1.5059060816325478
"[0.3212345025129836, 0.6530814662897473, -0.8856393510386058, 0.5319898024922498]",28.691568938599488,1.5059689141139445
"[0.32122765330631914, 0.6530810919248308, -0.8856395967329763, 0.5319900649095162]",28.69160164311011,1.506031746595341
"[0.321220803721212, 0.6530807176303349, -0.8856398425218597, 0.5319903272146722]",28.69163434062299,1.5060945790767375
"[0.3212139538974361, 0.6530803434139061, -0.8856400884002508, 0.5319905894023496]",28.691667046303248,1.5061574115581342
"[0.32120710473903924, 0.6530799693249257, -0.8856403343356911, 0.5319908514379521]",28.691699750237063,1.5062202440395307
"[0.3212002551354109, 0.6530795953027272, -0.885640580368056, 0.5319911133639748]",28.691732457310525,1.5062830765209274
"[0.3211934061407147, 0.6530792214048668, -0.8856408264594773, 0.5319913751401122]",28.69176516018413,1.5063459090023241
"[0.3211865567078823, 0.6530788475741797, -0.8856410726475754, 0.5319916368063852]",28.691797872625756,1.5064087414837206
"[0.3211797077638309, 0.6530784738612508, -0.8856413188990325, 0.5319918983273856]",28.691830580195333,1.5064715739651173
"[0.32117285802600337, 0.6530781001961021, -0.885641565259969, 0.531992159752076]",28.69186329230774,1.5065344064465138
"[0.32116601021969093, 0.6530777267273778, -0.885641811632345, 0.5319924209764749]",28.69189600191254,1.5065972389279103
"[0.3211591611405696, 0.6530773532803048, -0.8856420581314353, 0.5319926821228345]",28.691928719959325,1.506660071409307
"[0.32115231207189854, 0.6530769799248762, -0.8856423047110776, 0.5319929431421889]",28.691961432498953,1.5067229038907037
"[0.32114546398218896, 0.6530766067138645, -0.8856425513363865, 0.531993203997656]",28.691994151803286,1.5067857363721004
"[0.32113861568791163, 0.6530762335827524, -0.885642798049971, 0.5319934647343382]",28.69202686937812,1.506848568853497
"[0.32113176694526513, 0.6530758605182675, -0.885643044860627, 0.5319937253614971]",28.692059588941163,1.5069114013348934
"[0.3211249185944768, 0.6530754875661784, -0.8856432917380752, 0.5319939858471551]",28.692092309088874,1.5069742338162901
"[0.3211180703399554, 0.6530751147103956, -0.8856435386929629, 0.5319942462025444]",28.69212503365503,1.5070370662976866
"[0.3211112224975348, 0.6530747419680377, -0.8856437857138927, 0.5319945064157477]",28.69215775660872,1.5070998987790833
"[0.3211043738679566, 0.6530743692738994, -0.8856440328441307, 0.5319947665322446]",28.692190483321884,1.50716273126048
"[0.32109752579954487, 0.6530739967013351, -0.8856442800350284, 0.531995026500843]",28.692223208794903,1.5072255637418766
"[0.3210906790073846, 0.6530736242892109, -0.8856445272607407, 0.5319952862944465]",28.692255938898562,1.5072883962232733
"[0.3210838307443116, 0.6530732518881018, -0.8856447746204666, 0.5319955460172896]",28.6922886689307,1.5073512287046698
"[0.32107698320808525, 0.6530728796175354, -0.8856450220348364, 0.5319958055859959]",28.692321401210677,1.5074140611860662
"[0.32107013558854347, 0.6530725074334466, -0.8856452695331114, 0.5319960650312989]",28.69235413171096,1.507476893667463
"[0.32106328804005385, 0.6530721353442294, -0.8856455171097126, 0.5319963243473418]",28.692386866363307,1.5075397261488597
"[0.32105644057937527, 0.6530717633507908, -0.8856457647640309, 0.5319965835334916]",28.692419603667865,1.5076025586302562
"[0.32104959361031854, 0.6530713914750481, -0.8856460124814519, 0.5319968425744857]",28.69245233984959,1.5076653911116529
"[0.32104274623147167, 0.653071019668045, -0.8856462602945866, 0.5319971015044221]",28.692485077654297,1.5077282235930494
"[0.3210358987559133, 0.6530706479467886, -0.8856465081921128, 0.5319973603114484]",28.692517816477274,1.5077910560744459
"[0.3210290523244955, 0.6530702763731979, -0.8856467561327123, 0.5319976189524598]",28.69255055683373,1.5078538885558428
"[0.32102220541829324, 0.653069904864796, -0.8856470041713823, 0.5319978774848854]",28.692583299584204,1.5079167210372393
"[0.32101535835116884, 0.6530695334386529, -0.8856472522967643, 0.5319981358968197]",28.692616043383683,1.507979553518636
"[0.32100851192086133, 0.6530691621380196, -0.8856475004799413, 0.5319983941581824]",28.692648790544247,1.5080423860000325
"[0.32100166527310214, 0.6530687909165591, -0.8856477487518729, 0.5319986523012048]",28.692681535850543,1.508105218481429
"[0.32099481886481945, 0.6530684197990444, -0.8856479970959898, 0.5319989103086575]",28.692714284495107,1.5081680509628257
"[0.32098797226644377, 0.6530680487621887, -0.8856482455278735, 0.5319991681967272]",28.69274703379768,1.5082308834442224
"[0.32098112595484873, 0.653067677831818, -0.8856484940302185, 0.5319994259474687]",28.692779784964937,1.508293715925619
"[0.3209742797122844, 0.6530673069961381, -0.8856487426109233, 0.5319996835690738]",28.69281253822174,1.5083565484070156
"[0.3209674332137131, 0.6530669362375359, -0.8856489912817921, 0.5319999410737779]",28.692845291450325,1.508419380888412
"[0.3209605874262205, 0.6530665656083833, -0.8856492400076921, 0.5320001984252037]",28.692878045180905,1.5084822133698088
"[0.32095374162907037, 0.6530661950696369, -0.8856494888147961, 0.532000455650473]",28.69291080270743,1.5085450458512053
"[0.3209468953660237, 0.6530658245966077, -0.8856497377196962, 0.5320007127667156]",28.692943563909942,1.508607878332602
"[0.32094005003974474, 0.6530654542651908, -0.8856499866713875, 0.5320009697212613]",28.692976320852324,1.5086707108139987
"[0.3209332041161956, 0.653065083992385, -0.8856502357256543, 0.5320012265717029]",28.693009083591427,1.5087335432953952
"[0.3209263588508071, 0.6530647138460923, -0.8856504848368227, 0.5320014832709354]",28.693041846141956,1.5087963757767917
"[0.32091951278601905, 0.6530643437474909, -0.8856507340579395, 0.5320017398736205]",28.69307460787888,1.5088592082581884
"[0.3209126672656263, 0.6530639737692328, -0.8856509833400895, 0.5320019963293788]",28.69310737626447,1.508922040739585
"[0.32090582202659174, 0.653063603897085, -0.8856512326928372, 0.5320022526480841]",28.69314014029278,1.5089848732209816
"[0.32089897695829256, 0.6530632341250534, -0.8856514821202043, 0.5320025088338967]",28.693172909216536,1.5090477057023783
"[0.32089213164840386, 0.653062864430872, -0.8856517316372168, 0.5320027649022347]",28.693205680356442,1.5091105381837748
"[0.320885286245679, 0.6530624948225763, -0.8856519812384581, 0.5320030208475279]",28.693238450382033,1.5091733706651715
"[0.3208784418861678, 0.6530621253614828, -0.885652230882489, 0.5320032766273262]",28.69327122320926,1.509236203146568
"[0.3208715967820832, 0.6530617559510796, -0.8856524806345126, 0.5320035323084464]",28.693303995965834,1.5092990356279645
"[0.32086475210970494, 0.6530613866548673, -0.8856527304516157, 0.5320037878469235]",28.693336771032516,1.5093618681093612
"[0.3208579073168132, 0.6530610174429953, -0.8856529803539497, 0.5320040432634379]",28.69336954554262,1.509424700590758
"[0.3208510623808159, 0.6530606483142979, -0.8856532303423423, 0.5320042985587652]",28.693402324238132,1.5094875330721547
"[0.3208442182233354, 0.6530602793184385, -0.8856534803831236, 0.532004553698575]",28.693435101429106,1.5095503655535512
"[0.32083737417738317, 0.6530599104194443, -0.8856537305006459, 0.5320048087077465]",28.69346788480155,1.5096131980349476
"[0.32083052993628547, 0.6530595416007832, -0.885653980706118, 0.5320050635977054]",28.693500665758567,1.5096760305163444
"[0.32082368588640053, 0.6530591728832726, -0.8856542309854161, 0.5320053183540622]",28.693533451546354,1.5097388629977408
"[0.32081684189365206, 0.6530588042596827, -0.8856544813434385, 0.532005572981813]",28.69356623720666,1.5098016954791376
"[0.3208099976983613, 0.6530584357160277, -0.8856547317896873, 0.5320058274906139]",28.693599022636594,1.5098645279605343
"[0.3208031533959776, 0.6530580672574534, -0.8856549823206754, 0.5320060818769032]",28.693631810005588,1.5099273604419308
"[0.3207963103939298, 0.6530576989596955, -0.8856552328848639, 0.5320063360884105]",28.693664599528034,1.5099901929233273
"[0.3207894659825518, 0.653057330676933, -0.8856554835814724, 0.5320065902257736]",28.69369739208382,1.510053025404724
"[0.3207826222453226, 0.6530569625212577, -0.8856557343342, 0.5320068442116437]",28.693730185585373,1.5101158578861207
"[0.32077577910934185, 0.6530565944887461, -0.8856559851456962, 0.5320070980487301]",28.693762975655797,1.5101786903675174
"[0.3207689352734073, 0.6530562265094096, -0.8856562360636525, 0.5320073517853054]",28.693795771513685,1.5102415228489139
"[0.32076209155276986, 0.6530558586270984, -0.8856564870581907, 0.5320076053911194]",28.69382857119088,1.5103043553303104
"[0.3207552484112279, 0.6530554908667076, -0.8856567381122887, 0.5320078588490266]",28.693861366073712,1.510367187811707
"[0.3207484054115131, 0.6530551232047545, -0.8856569892419748, 0.5320081121752032]",28.69389416562308,1.5104300202931036
"[0.3207415628484754, 0.6530547556570246, -0.8856572404364198, 0.5320083653587986]",28.693926965085538,1.5104928527745003
"[0.32073471954426663, 0.6530543881602913, -0.8856574917388675, 0.5320086184433415]",28.69395976897572,1.510555685255897
"[0.3207278767089291, 0.6530540207795233, -0.8856577431048874, 0.5320088713840907]",28.693992571803033,1.5106185177372935
"[0.32072103341898134, 0.6530536534651428, -0.8856579945684032, 0.5320091242151762]",28.694025375798926,1.5106813502186902
"[0.3207141914516102, 0.653053286312517, -0.8856582460640944, 0.5320093768709658]",28.694058184598678,1.5107441827000867
"[0.32070734827142383, 0.6530529191855972, -0.8856584976851549, 0.5320096294450761]",28.694090992788723,1.5108070151814832
"[0.32070050575044057, 0.6530525521848043, -0.8856587493627616, 0.5320098818684188]",28.69412380001716,1.51086984766288
"[0.32069366324160387, 0.6530521852754353, -0.8856590011207021, 0.5320101341648608]",28.694156610454822,1.5109326801442766
"[0.3206868212939919, 0.6530518184869152, -0.8856592529387636, 0.5320103863141767]",28.694189422693242,1.510995512625673
"[0.3206799792381467, 0.6530514517833419, -0.8856595048415781, 0.5320106383410517]",28.694222236823446,1.5110583451070698
"[0.3206731366669396, 0.6530510851429076, -0.8856597568441457, 0.5320108902604626]",28.694255051997015,1.5111211775884663
"[0.32066629472192737, 0.6530507186267743, -0.8856600089044229, 0.5320111420303828]",28.694287866099543,1.511184010069863
"[0.32065945258919537, 0.6530503521913318, -0.8856602610523866, 0.5320113936807737]",28.694320685848645,1.5112468425512595
"[0.3206526105302515, 0.6530499858505835, -0.8856605132784017, 0.5320116452020143]",28.694353504447555,1.5113096750326562
"[0.32064576882918966, 0.6530496196197316, -0.885660765571988, 0.5320118965836702]",28.69438632335651,1.511372507514053
"[0.32063892723192594, 0.6530492534851637, -0.8856610179425073, 0.5320121478350892]",28.694419146890763,1.5114353399954494
"[0.32063208568765617, 0.6530488874441579, -0.8856612703918302, 0.5320123989581378]",28.694451969428385,1.511498172476846
"[0.32062524428106304, 0.6530485215012336, -0.8856615229168294, 0.5320126499497178]",28.694484794104184,1.5115610049582426
"[0.32061840281434345, 0.6530481556458113, -0.8856617755248049, 0.5320129008170819]",28.69451762125987,1.5116238374396391
"[0.32061156140179864, 0.6530477898840015, -0.8856620282115355, 0.5320131515560378]",28.694550447455832,1.5116866699210358
"[0.32060472045927507, 0.653047424238025, -0.8856622809616538, 0.5320134021513568]",28.69458327662667,1.5117495024024326
"[0.32059787872310297, 0.6530470586403381, -0.8856625338218536, 0.5320136526493255]",28.694616106523863,1.511812334883829
"[0.3205910377156429, 0.6530466931722949, -0.8856627867358721, 0.5320139029941962]",28.694648939695984,1.5118751673652258
"[0.3205841969603398, 0.6530463278084164, -0.8856630397213106, 0.5320141532034317]",28.69468177172593,1.5119379998466222
"[0.32057735591514847, 0.6530459625197426, -0.8856632927982155, 0.5320144032968662]",28.694714604941655,1.512000832328019
"[0.3205705150154753, 0.6530455973295308, -0.8856635459504824, 0.5320146532585683]",28.694747444397457,1.5120636648094157
"[0.32056367502479466, 0.6530452322785127, -0.8856637991498393, 0.5320149030606716]",28.694780282716227,1.5121264972908122
"[0.3205568338754425, 0.6530448672563399, -0.8856640524728311, 0.5320151527786806]",28.69481312002036,1.5121893297722087
"[0.32054999382172095, 0.6530445023832951, -0.8856643058359832, 0.5320154023303041]",28.694845960863574,1.5122521622536054
"[0.3205431527925095, 0.6530441375488918, -0.8856645593160105, 0.5320156517911082]",28.69487879948907,1.5123149947350019
"[0.32053631286295725, 0.6530437728637937, -0.8856648128360206, 0.5320159010854241]",28.694911645166872,1.5123778272163986
"[0.320529472044006, 0.6530434082219452, -0.8856650664697334, 0.5320161502857496]",28.694944487114952,1.5124406596977953
"[0.3205226323478778, 0.6530430437305976, -0.8856653201425395, 0.5320163993187894]",28.694977336644545,1.5125034921791918
"[0.3205157928197279, 0.653042679338839, -0.8856655738898288, 0.5320166482193438]",28.695010182687415,1.5125663246605885
"[0.32050895219248016, 0.6530423149791803, -0.8856658277586271, 0.5320168970334959]",28.69504303014985,1.512629157141985
"[0.3205021129685678, 0.6530419507849028, -0.8856660816560588, 0.5320171456702324]",28.695075883872125,1.5126919896233815
"[0.3204952728324806, 0.6530415866326928, -0.8856663356680758, 0.5320173942137436]",28.695108732945798,1.5127548221047782
"[0.32048843302635843, 0.6530412225886876, -0.8856665897485607, 0.5320176426188793]",28.69514158740116,1.512817654586175
"[0.32048159353908756, 0.6530408586522861, -0.8856668438979152, 0.5320178908860531]",28.695174439832435,1.5128804870675716
"[0.3204747546522516, 0.6530404948384346, -0.8856670981056598, 0.5320181390050875]",28.69520729466312,1.512943319548968
"[0.3204679149477891, 0.6530401310717174, -0.8856673524245087, 0.532018387027401]",28.69524015380293,1.5130061520303646
"[0.32046107560472126, 0.6530397674148526, -0.8856676068106312, 0.5320186349102188]",28.69527301255709,1.5130689845117613
"[0.32045423611356494, 0.653039403840699, -0.8856678612829738, 0.5320188826720652]",28.69530587478699,1.5131318169931578
"[0.32044739747812606, 0.6530390404026498, -0.8856681158041758, 0.5320191302765374]",28.69533873444542,1.5131946494745545
"[0.3204405585658699, 0.6530386770404847, -0.8856683704163779, 0.5320193777646772]",28.695371595786952,1.5132574819559512
"[0.32043371892849115, 0.6530383137304396, -0.8856686251362873, 0.5320196251526351]",28.69540446408654,1.5133203144373477
"[0.32042688044558415, 0.6530379505722402, -0.8856688798938998, 0.5320198723725615]",28.69543732793475,1.5133831469187442
"[0.3204200418457409, 0.6530375874984484, -0.8856691347365591, 0.5320201194703253]",28.695470194905273,1.513445979400141
"[0.3204132026400165, 0.653037224483085, -0.8856693896824999, 0.5320203664636107]",28.695503062459572,1.5135088118815374
"[0.32040636470850214, 0.6530368616259254, -0.8856696446616257, 0.5320206132845388]",28.695535935571208,1.5135716443629341
"[0.3203995258649034, 0.6530364988109574, -0.8856698997554543, 0.532020860012019]",28.695568806969778,1.5136344768443308
"[0.3203926875827418, 0.6530361361163238, -0.8856701549090297, 0.5320211065929215]",28.695601679809503,1.5136973093257273
"[0.32038584957775595, 0.6530357735269611, -0.885670410132943, 0.5320213530374808]",28.69563455377324,1.513760141807124
"[0.32037901109358435, 0.65303541100277, -0.8856706654554283, 0.5320215993729429]",28.69566743014731,1.5138229742885205
"[0.32037217290898423, 0.6530350485849975, -0.8856709208474137, 0.5320218455712957]",28.695700307271416,1.513885806769917
"[0.3203653350129004, 0.6530346862730982, -0.885671176309301, 0.532022091632887]",28.69573318275801,1.513948639251314
"[0.32035849747787387, 0.6530343240708403, -0.8856714318383699, 0.5320223375551959]",28.695766066151503,1.5140114717327104
"[0.3203516590515134, 0.6530339619119271, -0.8856716874814327, 0.5320225833832057]",28.69579894448529,1.5140743042141072
"[0.32034482173848583, 0.6530335999025177, -0.8856719431635444, 0.5320228290448586]",28.69583182755878,1.5141371366955036
"[0.32033798399734503, 0.6530332379609793, -0.8856721989423357, 0.5320230745955598]",28.695864714347174,1.5141999691769001
"[0.3203311462471973, 0.6530328761094973, -0.8856724548021374, 0.5320233200202524]",28.69589759706687,1.5142628016582969
"[0.32032430858237365, 0.6530325143530625, -0.885672710739418, 0.5320235653155487]",28.695930484892997,1.5143256341396936
"[0.3203174717526111, 0.6530321527313304, -0.8856729667260982, 0.532023810454565]",28.695963372729935,1.51438846662109
"[0.32031063406545607, 0.6530317911547574, -0.8856732228255486, 0.5320240554980108]",28.695996265521362,1.5144512991024868
"[0.32030379730295494, 0.6530314297175966, -0.8856734789710218, 0.5320243003819971]",28.696029155006705,1.5145141315838833
"[0.3202969599469341, 0.6530310683395729, -0.8856737352193931, 0.532024545160918]",28.696062046519028,1.51457696406528
"[0.32029012313991057, 0.6530307070810624, -0.8856739915278435, 0.5320247897938786]",28.69609494120707,1.5146397965466765
"[0.3202832853724052, 0.6530303458623309, -0.8856742479529703, 0.5320250343348532]",28.69612783787367,1.5147026290280732
"[0.3202764490659427, 0.6530299848112613, -0.8856745044039551, 0.5320252786972856]",28.696160734760596,1.51476546150947
"[0.3202696127951166, 0.6530296238525487, -0.8856747609342424, 0.5320255229321567]",28.696193629936968,1.5148282939908664
"[0.32026277632285327, 0.6530292629736896, -0.885675017552731, 0.5320257670479159]",28.6962265360446,1.5148911264722629
"[0.32025593967086835, 0.6530289021758281, -0.8856752742586129, 0.5320260110437852]",28.696259433546146,1.5149539589536596
"[0.32024910273294815, 0.6530285414533659, -0.8856755310558849, 0.5320262549235413]",28.696292334860175,1.515016791435056
"[0.3202422664154197, 0.6530281808541148, -0.8856757879104987, 0.5320264986548605]",28.69632524255173,1.5150796239164528
"[0.3202354301957608, 0.653027820350493, -0.8856760448420746, 0.5320267422563952]",28.696358145073237,1.5151424563978495
"[0.32022859413277077, 0.653027459945598, -0.8856763018483972, 0.5320269857260518]",28.69639105156101,1.515205288879246
"[0.32022175825482857, 0.6530270996409158, -0.8856765589283946, 0.5320272290628291]",28.696423960412087,1.5152681213606427
"[0.3202149226511028, 0.6530267394411355, -0.8856768160787052, 0.532027472263564]",28.696456870262303,1.5153309538420392
"[0.32020808608195006, 0.6530263792809455, -0.8856770733459757, 0.532027715372342]",28.69648978243673,1.5153937863234357
"[0.3202012503932814, 0.6530260192575913, -0.8856773306607437, 0.5320279583235178]",28.696522693957046,1.5154566188048324
"[0.3201944148473469, 0.6530256593321951, -0.8856775880507627, 0.5320282011433393]",28.696555609277787,1.5155194512862291
"[0.3201875790818964, 0.6530252994856811, -0.8856778455296745, 0.5320284438446725]",28.696588523164866,1.5155822837676256
"[0.32018074331882984, 0.6530249397297344, -0.8856781030891248, 0.5320286864196295]",28.696621437689657,1.5156451162490223
"[0.3201739082554898, 0.6530245801010373, -0.885678360702826, 0.5320289288434852]",28.696654357162352,1.5157079487304188
"[0.32016707264677235, 0.6530242205340744, -0.8856786184177045, 0.5320291711604016]",28.696687276250646,1.5157707812118155
"[0.32016023756251344, 0.6530238610851197, -0.8856788761934253, 0.5320294133324529]",28.696720200494354,1.515833613693212
"[0.320153402166329, 0.6530235017101834, -0.8856791340615281, 0.5320296553892759]",28.696753121823086,1.5158964461746087
"[0.3201465672122844, 0.6530231424489047, -0.8856793919935629, 0.5320298973041722]",28.696786044403332,1.5159592786560054
"[0.32013973182482336, 0.6530227832552603, -0.8856796500225711, 0.5320301391081295]",28.696818969874435,1.516022111137402
"[0.32013289735376527, 0.6530224242001728, -0.8856799080975898, 0.5320303807534073]",28.69685189525222,1.5160849436187984
"[0.32012606286754397, 0.6530220652346787, -0.8856801662537798, 0.5320306222729697]",28.696884823924194,1.5161477761001951
"[0.32011922783845576, 0.6530217063310724, -0.8856804245110832, 0.5320308636854464]",28.696917753800033,1.5162106085815918
"[0.32011239332613656, 0.6530213475449939, -0.8856806828294641, 0.5320311049534082]",28.696950684960278,1.5162734410629886
"[0.32010555884564096, 0.6530209888510052, -0.8856809412272397, 0.5320313460939499]",28.69698361508163,1.516336273544385
"[0.3200987246499404, 0.6530206302622727, -0.8856811996948442, 0.5320315870982749]",28.697016552940884,1.5163991060257815
"[0.3200918896659463, 0.6530202717226021, -0.8856814582728667, 0.5320318280040879]",28.697049486355166,1.5164619385071783
"[0.3200850555723686, 0.6530199133200206, -0.8856817168977986, 0.5320320687522562]",28.697082419740763,1.5165247709885747
"[0.3200782214940627, 0.6530195550085972, -0.8856819756027424, 0.5320323093736518]",28.697115362337495,1.5165876034699715
"[0.32007138766244475, 0.6530191968004723, -0.885682234378933, 0.5320325498601146]",28.697148301928483,1.5166504359513682
"[0.3200645537673231, 0.6530188386793824, -0.8856824932381138, 0.5320327902225633]",28.697181238914133,1.5167132684327647
"[0.3200577193849604, 0.6530184806231161, -0.8856827521963452, 0.5320330304759031]",28.69721418106786,1.5167761009141614
"[0.3200508856804997, 0.6530181226927213, -0.8856830112094751, 0.5320332705791654]",28.697247125982546,1.5168389333955579
"[0.32004405225203186, 0.653017764867126, -0.8856832702927209, 0.5320335105464967]",28.697280072235305,1.5169017658769544
"[0.3200372187275537, 0.6530174071268781, -0.8856835294601826, 0.5320337503909252]",28.697313018260466,1.516964598358351
"[0.32003038527638084, 0.653017049480734, -0.8856837887054421, 0.532033990106632]",28.697345963628266,1.5170274308397478
"[0.32002355169001306, 0.6530166919178899, -0.8856840480364072, 0.5320342297007988]",28.697378916363864,1.5170902633211443
"[0.3200167182327858, 0.6530163344521367, -0.8856843074430482, 0.5320344691642014]",28.697411864246835,1.517153095802541
"[0.32000988476242864, 0.6530159770760214, -0.8856845669307636, 0.5320347085018352]",28.697444819205824,1.5172159282839375
"[0.3200030516867452, 0.6530156198108729, -0.8856848264840618, 0.5320349476994131]",28.697477770549845,1.517278760765334
"[0.319996218695085, 0.653015262640436, -0.8856850861147334, 0.5320351867678236]",28.69751072668809,1.5173415932467307
"[0.3199893854470741, 0.653014905546911, -0.8856853458357152, 0.532035425718981]",28.697543680672638,1.5174044257281274
"[0.319982552761542, 0.6530145485730965, -0.8856856056158794, 0.532035664524239]",28.697576640566478,1.517467258209524
"[0.31997572039681005, 0.6530141917063235, -0.8856858654643993, 0.5320359031920951]",28.69760960205735,1.5175300906909206
"[0.31996888767158366, 0.6530138349110258, -0.8856861254071864, 0.5320361417463227]",28.697642561045022,1.517592923172317
"[0.319962054687824, 0.6530134781925313, -0.8856863854403727, 0.5320363801833511]",28.697675519882615,1.5176557556537138
"[0.31995522236474433, 0.653013121598818, -0.8856866455289703, 0.5320366184711135]",28.697708486506336,1.5177185881351103
"[0.3199483900704869, 0.6530127650968908, -0.8856869056970199, 0.5320368566316673]",28.697741448370188,1.517781420616507
"[0.3199415579499558, 0.653012408694312, -0.8856871659390002, 0.5320370946599569]",28.697774415402975,1.5178442530979037
"[0.319934725738611, 0.6530120523772602, -0.8856874262649869, 0.5320373325652205]",28.697807384601703,1.5179070855793002
"[0.3199278929275041, 0.6530116961192272, -0.8856876866943836, 0.5320375703651339]",28.69784035382783,1.517969918060697
"[0.3199210609464506, 0.6530113399947357, -0.8856879471726904, 0.5320378080099635]",28.697873323387643,1.5180327505420934
"[0.3199142293649442, 0.6530109839813324, -0.8856882077162996, 0.5320380455147018]",28.697906291517587,1.51809558302349
"[0.3199073973189565, 0.653010628033986, -0.8856884683581635, 0.5320382829093879]",28.697939265304523,1.5181584155048868
"[0.31990056515036674, 0.6530102721705163, -0.8856887290852506, 0.5320385201821276]",28.697972242047307,1.5182212479862833
"[0.3198937340066814, 0.6530099164506714, -0.8856889898537549, 0.5320387572930946]",28.698005217643683,1.5182840804676798
"[0.3198869023299321, 0.6530095607933172, -0.88568925072314, 0.5320389942963716]",28.698038194089662,1.5183469129490765
"[0.3198800705804708, 0.6530092052224238, -0.8856895116758383, 0.5320392311759772]",28.698071174254927,1.518409745430473
"[0.3198732396074901, 0.6530088497821763, -0.8856897726794007, 0.5320394679024815]",28.698104155055333,1.5184725779118697
"[0.3198664081874764, 0.6530084944089013, -0.8856900337805704, 0.5320397045182949]",28.69813713734887,1.5185354103932664
"[0.31985957642638047, 0.6530081391081246, -0.8856902949753124, 0.5320399410197229]",28.698170120583534,1.518598242874663
"[0.3198527458276362, 0.6530077839580182, -0.8856905562061318, 0.5320401773547411]",28.698203106812045,1.5186610753560597
"[0.3198459145324035, 0.6530074288619199, -0.8856908175441103, 0.5320404135876785]",28.69823609050893,1.5187239078374561
"[0.3198390836777761, 0.6530070738789393, -0.8856910789457524, 0.5320406496792054]",28.698269077033142,1.5187867403188526
"[0.31983225280745325, 0.6530067189853574, -0.8856913404285115, 0.5320408856450991]",28.698302067516853,1.5188495728002493
"[0.31982542234313116, 0.6530063642030709, -0.885691601976239, 0.5320411214708043]",28.69833505756699,1.518912405281646
"[0.3198185910212867, 0.6530060094664626, -0.8856918636373247, 0.5320413571999263]",28.698368048142648,1.5189752377630426
"[0.319811760913813, 0.6530056548830999, -0.8856921253324026, 0.5320415927609928]",28.698401039117304,1.5190380702444393
"[0.31980492979740643, 0.6530053003375664, -0.8856923871466547, 0.5320418282306736]",28.698434035301233,1.5191009027258358
"[0.31979809984873847, 0.6530049459428314, -0.8856926489966536, 0.5320420635339391]",28.698467031580353,1.5191637352072325
"[0.3197912693877874, 0.6530045916116951, -0.8856929109467971, 0.5320422987286999]",28.698500030966287,1.519226567688629
"[0.31978443885679975, 0.6530042373671263, -0.8856931729801357, 0.5320425337996891]",28.698533027421462,1.5192894001700257
"[0.3197776091787512, 0.6530038832569423, -0.8856934350612483, 0.5320427687152021]",28.698566029297442,1.5193522326514224
"[0.3197707793217304, 0.6530035292276525, -0.8856936972297214, 0.5320430035107169]",28.69859903070488,1.5194150651328189
"[0.31976394896708477, 0.6530031752627489, -0.8856939594977981, 0.5320432381971705]",28.698632031993466,1.5194778976142154
"[0.31975711948781266, 0.6530028214333669, -0.8856942218127533, 0.5320434727274049]",28.698665036233308,1.519540730095612
"[0.319750289323551, 0.6530024676586644, -0.885694484234515, 0.5320437071550032]",28.69869804253616,1.5196035625770086
"[0.31974345972860885, 0.6530021140036243, -0.8856947467148939, 0.5320439414368928]",28.69873104853779,1.5196663950584053
"[0.3197366303693236, 0.6530017604508982, -0.8856950092667002, 0.5320441755846032]",28.698764059820384,1.519729227539802
"[0.3197298004111282, 0.6530014069573425, -0.8856952719220238, 0.5320444096266691]",28.69879706950304,1.5197920600211985
"[0.31972297121558985, 0.6530010535933936, -0.8856955346285017, 0.5320446435164715]",28.698830081721052,1.5198548925025952
"[0.3197161417089259, 0.6530007003034959, -0.8856957974274319, 0.5320448772907768]",28.698863092449134,1.5199177249839917
"[0.31970931218404125, 0.6530003471027862, -0.8856960603075498, 0.5320451109395724]",28.698896106469117,1.5199805574653882
"[0.31970248388576605, 0.652999994055633, -0.8856963232209178, 0.5320453444202843]",28.69892912206502,1.520043389946785
"[0.3196956540735816, 0.652999641020342, -0.8856965862730617, 0.532045577826614]",28.698962139320987,1.5201062224281816
"[0.31968882533009135, 0.652999288130424, -0.8856968493645182, 0.5320458110702788]",28.698995159037008,1.5201690549095783
"[0.31968199643755113, 0.6529989353229015, -0.8856971125421889, 0.5320460441929292]",28.699028175670662,1.5202318873909748
"[0.3196751678911845, 0.6529985826233803, -0.885697375786984, 0.5320462771776324]",28.699061198597818,1.5202947198723713
"[0.3196683388927219, 0.6529982299906252, -0.8856976391296794, 0.5320465100516253]",28.69909422307308,1.520357552353768
"[0.3196615107902907, 0.6529978774942286, -0.8856979025182804, 0.5320467427689597]",28.699127244840692,1.5204203848351647
"[0.31965468164381294, 0.652997525034047, -0.8856981660276266, 0.53204697539574]",28.69916027168509,1.5204832173165612
"[0.3196478536527802, 0.6529971727235901, -0.8856984295728466, 0.5320472078570497]",28.69919329769292,1.520546049797958
"[0.31964102503284486, 0.6529968204707777, -0.8856986932228029, 0.5320474402136504]",28.699226327708153,1.5206088822793544
"[0.3196341973944337, 0.6529964683586738, -0.8856989569153114, 0.5320476724107531]",28.699259354913067,1.520671714760751
"[0.31962736920034784, 0.6529961163079936, -0.8856992207097335, 0.5320479045006447]",28.69929238684171,1.5207345472421476
"[0.31962054086109193, 0.6529957643399129, -0.8856994845902225, 0.5320481364693525]",28.69932541895928,1.5207973797235443
"[0.31961371282618756, 0.652995412477595, -0.8856997485394045, 0.5320483683016115]",28.699358456122212,1.520860212204941
"[0.3196068848830019, 0.6529950607100764, -0.885700012565491, 0.5320486000046472]",28.69939148964074,1.5209230446863375
"[0.31960005708664585, 0.6529947090401887, -0.885700276666348, 0.532048831576595]",28.699424526184202,1.520985877167734
"[0.31959322975947646, 0.652994357484521, -0.8857005408294948, 0.5320490630065385]",28.69945756308571,1.5210487096491307
"[0.3195864021541735, 0.652994006004585, -0.8857008050838442, 0.532049294319815]",28.699490603295068,1.5211115421305272
"[0.31957957420317706, 0.6529936545969187, -0.8857010694320219, 0.5320495255186881]",28.699523645390624,1.521174374611924
"[0.3195727467106817, 0.6529933033028945, -0.8857013338428908, 0.5320497565759439]",28.69955668411441,1.5212372070933207
"[0.3195659194046934, 0.6529929521085195, -0.8857015983269738, 0.5320499875007838]",28.699589731729304,1.5213000395747172
"[0.3195590919150363, 0.6529926009947766, -0.8857018628986099, 0.5320502183056959]",28.699622777171953,1.5213628720561139
"[0.3195522649123116, 0.6529922499960272, -0.88570212753181, 0.5320504489681576]",28.699655821189808,1.5214257045375104
"[0.3195454383743982, 0.6529918991112277, -0.8857023922274125, 0.5320506794888044]",28.699688868741774,1.5214885370189069
"[0.31953861138184325, 0.6529915482930903, -0.8857026570210692, 0.5320509098987141]",28.699721919863034,1.5215513695003036
"[0.31953178442599467, 0.6529911975668622, -0.88570292189373, 0.5320511401813012]",28.69975497053694,1.5216142019817003
"[0.31952495719550916, 0.652990846916553, -0.8857031868574787, 0.5320513703470573]",28.699788022662712,1.5216770344630968
"[0.31951813056808137, 0.6529904963872322, -0.8857034518782467, 0.5320516003664016]",28.699821079327915,1.5217398669444935
"[0.319511304482651, 0.6529901459757402, -0.8857037169583839, 0.5320518302414223]",28.699854130593074,1.52180269942589
"[0.3195044774102676, 0.6529897956035955, -0.8857039821572728, 0.5320520600235953]",28.69988718905904,1.5218655319072867
"[0.31949765113664835, 0.6529894453624453, -0.8857042474055501, 0.5320522896528109]",28.69992024567537,1.5219283643886832
"[0.3194908251522408, 0.652989095226129, -0.8857045127229963, 0.5320525191462303]",28.69995330563577,1.5219911968700799
"[0.3194839988016535, 0.6529887451610125, -0.885704778135087, 0.5320527485259038]",28.69998636515518,1.5220540293514766
"[0.31947717240412077, 0.6529883951834807, -0.8857050436294178, 0.5320529777810817]",28.700019427540198,1.522116861832873
"[0.3194703462881342, 0.6529880453103734, -0.885705309193209, 0.5320532069007321]",28.700052491624785,1.5221796943142696
"[0.31946351993854355, 0.6529876955152895, -0.8857055748465003, 0.5320534359021384]",28.700085557157035,1.5222425267956663
"[0.3194566947336831, 0.6529873458688064, -0.885705840535638, 0.5320536647391231]",28.70011862384039,1.522305359277063
"[0.31944986869307296, 0.6529869962694899, -0.8857061063377112, 0.5320538934780586]",28.700151693028847,1.5223681917584597
"[0.3194430434087508, 0.652986646798867, -0.8857063721907285, 0.532054122065604]",28.70018476435709,1.5224310242398562
"[0.3194362174810091, 0.6529862973852649, -0.8857066381492085, 0.5320543505486393]",28.700217830530494,1.5224938567212527
"[0.31942939184886254, 0.6529859480767554, -0.8857069041765702, 0.5320545788957237]",28.70025090707543,1.5225566892026494
"[0.31942256644479183, 0.6529855988698853, -0.8857071702754357, 0.5320548071091111]",28.700283978870697,1.522619521684046
"[0.31941574126854577, 0.6529852497645895, -0.8857074364458078, 0.5320550351888704]",28.700317052075846,1.5226823541654426
"[0.31940891621090467, 0.6529849007553131, -0.8857077026919394, 0.5320552631386122]",28.70035012611171,1.5227451866468393
"[0.3194020907402801, 0.6529845518148634, -0.8857079690345727, 0.5320554909760966]",28.700383206420405,1.5228080191282358
"[0.3193952658458707, 0.6529842029938064, -0.8857082354351044, 0.5320557186683071]",28.700416283208696,1.5228708516096323
"[0.31938844050633114, 0.6529838542399361, -0.8857085019334001, 0.5320559462493208]",28.700449366814457,1.522933684091029
"[0.31938161582964614, 0.6529835056098708, -0.8857087684861928, 0.5320561736821864]",28.70048244688223,1.5229965165724255
"[0.3193747906976902, 0.652983157046469, -0.8857090351371513, 0.5320564010041905]",28.700515531933565,1.5230593490538222
"[0.31936796660654565, 0.6529828086261209, -0.8857093018278139, 0.5320566281655215]",28.70054861431563,1.523122181535219
"[0.3193611420613507, 0.6529824602725037, -0.8857095686165908, 0.5320568552159383]",28.700581701136066,1.5231850140166154
"[0.31935431698506556, 0.6529821119817014, -0.8857098355065117, 0.5320570821579762]",28.700614787772157,1.5232478464980121
"[0.31934749293080755, 0.6529817638329555, -0.8857101024368332, 0.53205730894001]",28.700647877577985,1.5233106789794086
"[0.3193406682122978, 0.6529814157402278, -0.8857103694735106, 0.5320575356180862]",28.700680966065605,1.5233735114608051
"[0.31933384402605186, 0.6529810677645457, -0.8857106365697294, 0.53205776215246]",28.700714058666023,1.5234363439422018
"[0.31932702011086356, 0.6529807198925724, -0.8857109037356982, 0.5320579885518231]",28.700747153088496,1.5234991764235986
"[0.3193201954668071, 0.652980372073342, -0.885711171010574, 0.5320582148493346]",28.700780247178656,1.5235620089049953
"[0.3193133716760847, 0.6529800243874876, -0.8857114383323906, 0.5320584409925322]",28.700813344346273,1.5236248413863918
"[0.3193065475036959, 0.6529796767720663, -0.8857117057495211, 0.5320586670223634]",28.70084644179811,1.5236876738677883
"[0.3192997243423549, 0.652979329298013, -0.8857119732073779, 0.5320588928927072]",28.700879540582342,1.523750506349185
"[0.319292900233012, 0.6529789818655571, -0.8857122407827521, 0.5320591186684176]",28.700912638885143,1.5238133388305815
"[0.3192860765525054, 0.6529786345448058, -0.8857125084216673, 0.5320593443039258]",28.700945741700778,1.5238761713119782
"[0.31927925336196544, 0.6529782873388545, -0.8857127761217083, 0.5320595697972293]",28.700978844991226,1.5239390037933749
"[0.3192724294639543, 0.6529779401867639, -0.8857130439298603, 0.5320597951879044]",28.701011950142984,1.5240018362747714
"[0.3192656060245286, 0.6529775931478544, -0.8857133118003648, 0.5320600204374332]",28.701045054836413,1.524064668756168
"[0.319258783077618, 0.6529772462238447, -0.8857135797318733, 0.5320602455447031]",28.701078162928145,1.5241275012375646
"[0.3192519604281889, 0.6529768994047979, -0.8857138477320294, 0.532060470516173]",28.701111271729385,1.524190333718961
"[0.3192451367392881, 0.6529765526227524, -0.8857141158533652, 0.5320606953959213]",28.70114438161569,1.524253166200358
"[0.3192383139200812, 0.6529762059747484, -0.8857143840208657, 0.5320609201210063]",28.701177493170885,1.5243159986817545
"[0.31923149046231, 0.6529758593841711, -0.8857146522938076, 0.5320611447410846]",28.701210605492765,1.524378831163151
"[0.3192246681962558, 0.6529755129438876, -0.8857149206002248, 0.5320613691960245]",28.701243721615235,1.5244416636445477
"[0.3192178449120275, 0.6529751665417645, -0.8857151890270213, 0.5320615935584255]",28.701276837924954,1.5245044961259442
"[0.3192110229326771, 0.6529748202956925, -0.8857154574828054, 0.5320618177519524]",28.701309956173173,1.524567328607341
"[0.31920420002889865, 0.6529744740925228, -0.8857157260552968, 0.5320620418498686]",28.70134307293203,1.5246301610887376
"[0.31919737785962743, 0.652974128016431, -0.8857159946791978, 0.5320622657976826]",28.701376192684904,1.524692993570134
"[0.3191905552240222, 0.6529737820064974, -0.8857162634017868, 0.532062489634815]",28.70140931392264,1.5247558260515308
"[0.31918373299759234, 0.6529734361071117, -0.8857165321885815, 0.5320627133325531]",28.701442436230252,1.5248186585329273
"[0.31917691077825505, 0.6529730902978864, -0.8857168010554156, 0.5320629369040798]",28.701475561520216,1.5248814910143238
"[0.31917008910537636, 0.6529727446061472, -0.8857170699810235, 0.5320631603317355]",28.701508686945356,1.5249443234957205
"[0.31916326636166586, 0.6529723989499444, -0.885717339029171, 0.5320633836684755]",28.70154181330318,1.5250071559771172
"[0.31915644455192343, 0.6529720534308475, -0.8857176081208039, 0.5320636068486693]",28.701574939314302,1.5250699884585137
"[0.3191496230677584, 0.6529717080180147, -0.8857178772798977, 0.5320638298922544]",28.70160807124278,1.5251328209399104
"[0.31914280119857336, 0.652971362675463, -0.8857181465344929, 0.5320640528224629]",28.701641200464284,1.525195653421307
"[0.31913597955839823, 0.6529710174342783, -0.8857184158603557, 0.5320642756192231]",28.701674337913687,1.5252584859027036
"[0.31912915803228414, 0.6529706722886339, -0.8857186852620198, 0.5320644982862972]",28.701707471387802,1.5253213183841001
"[0.3191223362868494, 0.6529703272216624, -0.8857189547526525, 0.5320647208345634]",28.7017406056008,1.5253841508654968
"[0.3191155152601133, 0.6529699822807994, -0.8857192242951889, 0.5320649432334336]",28.7017737428552,1.5254469833468935
"[0.3191086935133764, 0.6529696373932878, -0.8857194939464815, 0.5320651655298151]",28.701806882487904,1.52550981582829
"[0.3191018724323599, 0.6529692926292022, -0.8857197636517558, 0.5320653876785287]",28.70184002039892,1.5255726483096865
"[0.3190950510171673, 0.6529689479379459, -0.8857200334505432, 0.5320656097122053]",28.701873160811807,1.5256354807910832
"[0.3190882307700867, 0.6529686033954603, -0.8857203032834098, 0.5320658315819117]",28.70190630069128,1.5256983132724797
"[0.31908140919876055, 0.6529682588758234, -0.8857205732489649, 0.5320660533687388]",28.70193944442309,1.5257611457538764
"[0.31907458902298047, 0.6529679145164115, -0.8857208432395703, 0.5320662749842389]",28.701972592530502,1.5258239782352732
"[0.31906776757170485, 0.6529675701823019, -0.8857211133609644, 0.5320664965152709]",28.702005741855785,1.5258868107166697
"[0.31906094676267505, 0.6529672259703638, -0.8857213835372162, 0.5320667178994714]",28.702038887377423,1.5259496431980664
"[0.31905412639700637, 0.6529668818705162, -0.8857216537761856, 0.5320669391433492]",28.702072034978837,1.5260124756794629
"[0.31904730654161745, 0.6529665378861168, -0.8857219240752038, 0.5320671602447566]",28.702105188943285,1.5260753081608593
"[0.31904048548738667, 0.6529661939309721, -0.8857221945020228, 0.532067381259082]",28.70213834187203,1.526138140642256
"[0.31903366490963325, 0.6529658500895724, -0.885722464990236, 0.532067602132022]",28.702171495774188,1.5262009731236528
"[0.31902684505844575, 0.6529655063744989, -0.8857227355299041, 0.5320678228555105]",28.702204648743983,1.5262638056050493
"[0.3190200248717245, 0.6529651627322139, -0.885723006163153, 0.532068043463931]",28.702237805440326,1.526326638086446
"[0.31901320465363975, 0.6529648191780493, -0.8857232768779195, 0.5320682639474327]",28.702270965244185,1.5263894705678425
"[0.31900638564383454, 0.652964475774424, -0.8857235476249778, 0.532068484265972]",28.70230412470145,1.5264523030492392
"[0.3189995654129203, 0.6529641323989909, -0.8857238185007865, 0.5320687044980417]",28.702337285874517,1.526515135530636
"[0.318992745065839, 0.6529637891074074, -0.8857240894614843, 0.5320689246079209]",28.70237044668045,1.5265779680120324
"[0.3189859258374909, 0.6529634459618069, -0.8857243604579941, 0.5320691445557844]",28.70240360994646,1.526640800493429
"[0.3189791061184861, 0.6529631028811912, -0.8857246315542614, 0.5320693643935565]",28.702436775422406,1.5267036329748256
"[0.3189722862027198, 0.6529627598803623, -0.8857249027386154, 0.5320695841117364]",28.70246994013514,1.526766465456222
"[0.31896546620482036, 0.6529624169650696, -0.8857251740065036, 0.5320698037066455]",28.702503109181315,1.5268292979376188
"[0.3189586478421894, 0.6529620742216535, -0.8857254452895877, 0.5320700231230026]",28.702536279724804,1.5268921304190155
"[0.3189518286738261, 0.6529617315273849, -0.8857257166849739, 0.5320702424393908]",28.702569448108054,1.5269549629004122
"[0.3189450094305705, 0.6529613889190082, -0.8857259881635908, 0.5320704616322777]",28.702602621508625,1.5270177953818087
"[0.3189381902472655, 0.6529610464032948, -0.8857262597200715, 0.5320706806973289]",28.702635794226715,1.5270806278632052
"[0.31893137151339157, 0.6529607039997971, -0.8857265313388961, 0.5320708996220441]",28.702668970777676,1.527143460344602
"[0.3189245525153904, 0.6529603616726771, -0.8857268030484854, 0.5320711184293379]",28.70270214796107,1.5272062928259984
"[0.3189177340359887, 0.6529600194612245, -0.8857270748176467, 0.5320713370940977]",28.702735324694846,1.5272691253073951
"[0.31891091522848053, 0.6529596773229341, -0.8857273466801244, 0.532071555643486]",28.702768503803753,1.5273319577887918
"[0.3189040962771757, 0.6529593352670654, -0.8857276186285788, 0.5320717740715757]",28.702801683302066,1.5273947902701883
"[0.3188972777600534, 0.6529589933226031, -0.8857278906399536, 0.5320719923598605]",28.70283486638599,1.527457622751585
"[0.3188904595188964, 0.6529586514815946, -0.8857281627205492, 0.5320722105134263]",28.702868048105667,1.5275204552329815
"[0.3188836410599539, 0.6529583097193044, -0.8857284348900659, 0.532072428548045]",28.70290123290555,1.527583287714378
"[0.31887682241879983, 0.6529579680374583, -0.8857287071470932, 0.5320726464626415]",28.70293441735007,1.5276461201957747
"[0.3188700045267143, 0.6529576264827905, -0.8857289794544342, 0.5320728642273717]",28.70296761040774,1.5277089526771714
"[0.31886318641071554, 0.652957285006476, -0.8857292518509428, 0.5320730818734091]",28.703000796174067,1.527771785158568
"[0.31885636854212734, 0.652956943632158, -0.8857295243177871, 0.5320732993856592]",28.70303398684601,1.5278346176399646
"[0.3188495506627506, 0.652956602346896, -0.8857297968652813, 0.5320735167723728]",28.703067179436307,1.5278974501213611
"[0.31884273229777627, 0.6529562611269313, -0.885730069512416, 0.5320737340486714]",28.703100373185077,1.5279602826027578
"[0.31883591534090866, 0.6529559200670002, -0.8857303421834503, 0.5320739511542495]",28.70313356499344,1.5280231150841543
"[0.31882909729347164, 0.6529555790420947, -0.8857306149783227, 0.5320741681686784]",28.70316676238789,1.528085947565551
"[0.31882227992985923, 0.6529552381409691, -0.885730887826047, 0.5320743850354712]",28.703199959897574,1.5281487800469478
"[0.3188154623199416, 0.6529548973171015, -0.8857311607638405, 0.5320746017842276]",28.703233159389665,1.5282116125283443
"[0.3188086455027739, 0.6529545566224323, -0.8857314337500961, 0.532074818381917]",28.703266355967486,1.5282744450097407
"[0.3188018278194362, 0.6529542159740244, -0.8857317068512481, 0.5320750348812776]",28.703299561894465,1.5283372774911375
"[0.31879501062528204, 0.6529538754396305, -0.8857319800130113, 0.5320752512392262]",28.70333276442225,1.528400109972534
"[0.3187881931219813, 0.6529535349794099, -0.8857322532673694, 0.5320754674810516]",28.70336596828006,1.5284629424539307
"[0.3187813762321891, 0.652953194639274, -0.88573252657734, 0.5320756835776838]",28.70339917413207,1.5285257749353274
"[0.318774559399152, 0.6529528543915689, -0.8857327999652297, 0.5320758995466004]",28.703432381803772,1.5285886074167239
"[0.3187677424989498, 0.6529525142300554, -0.8857330734360088, 0.5320761153917885]",28.703465588148397,1.5286514398981206
"[0.3187609261348171, 0.6529521741848289, -0.8857333469654703, 0.5320763310941535]",28.703498800046496,1.528714272379517
"[0.3187541090373429, 0.6529518341925666, -0.8857336206045563, 0.5320765466938562]",28.703532009614147,1.5287771048609138
"[0.3187472925781979, 0.6529514943216399, -0.8857338942982111, 0.5320767621475576]",28.703565224818657,1.5288399373423105
"[0.31874047585760606, 0.6529511545272291, -0.885734168082554, 0.5320769774836446]",28.703598438743757,1.528902769823707
"[0.318733659584842, 0.6529508148446553, -0.8857344419290959, 0.532077192679749]",28.703631655787838,1.5289656023051035
"[0.31872684355985154, 0.6529504752639436, -0.8857347158458606, 0.5320774077421929]",28.70366487311977,1.5290284347865002
"[0.31872002728821397, 0.6529501357604718, -0.885734989852718, 0.5320776226865608]",28.70369809174659,1.5290912672678967
"[0.3187132107880247, 0.6529497963351039, -0.8857352639489502, 0.5320778375123209]",28.703731308449562,1.5291540997492934
"[0.31870639513844623, 0.6529494570416072, -0.8857355380911512, 0.5320780521854249]",28.70376453065202,1.52921693223069
"[0.3186995792067545, 0.6529491178235634, -0.885735812324872, 0.5320782667415845]",28.70379775459071,1.5292797647120866
"[0.31869276358163035, 0.6529487787102686, -0.8857360866264274, 0.5320784811622673]",28.703830978585437,1.5293425971934833
"[0.3186859473610698, 0.6529484396568476, -0.8857363610321247, 0.532078695475841]",28.703864203161803,1.5294054296748798
"[0.31867913153598076, 0.652948100712592, -0.8857366355020754, 0.5320789096511426]",28.703897433731616,1.5294682621562763
"[0.3186723163566763, 0.6529477618899279, -0.8857369100261815, 0.5320791236803339]",28.703930660298376,1.529531094637673
"[0.31866550077410793, 0.6529474231366926, -0.8857371846466952, 0.5320793375963669]",28.703963890121198,1.5295939271190697
"[0.3186586851776645, 0.6529470844722473, -0.8857374593479354, 0.5320795513870061]",28.70399712200165,1.5296567596004664
"[0.3186518696497583, 0.652946745900684, -0.8857377341265784, 0.5320797650496667]",28.70403035471452,1.529719592081863
"[0.3186450548023167, 0.652946407452385, -0.8857380089579402, 0.5320799785651841]",28.70406358706243,1.5297824245632594
"[0.3186382391386859, 0.6529460690530212, -0.8857382839023817, 0.5320801919804455]",28.704096821241723,1.5298452570446561
"[0.31863142473135136, 0.6529457308054817, -0.8857385588762902, 0.5320804052305677]",28.704130058355627,1.5299080895260526
"[0.31862460895966327, 0.6529453925796851, -0.8857388339854162, 0.532080618397556]",28.704163300068885,1.5299709220074493
"[0.31861779440247595, 0.6529450545036052, -0.8857391091256702, 0.5320808314007517]",28.70419653742747,1.530033754488846
"[0.31861097960062995, 0.6529447165048322, -0.8857393843559489, 0.5320810442857865]",28.70422977758042,1.5300965869702425
"[0.3186041650549747, 0.6529443786082035, -0.885739659656025, 0.5320812570370158]",28.704263023126085,1.530159419451639
"[0.31859735043046666, 0.6529440407971022, -0.8857399350394302, 0.5320814696649018]",28.70429626593646,1.5302222519330357
"[0.3185905352165387, 0.6529437030462288, -0.8857402105268091, 0.5320816821853567]",28.70432951054611,1.5302850844144322
"[0.3185837213748244, 0.6529433654527871, -0.8857404860388536, 0.5320818945372238]",28.704362755580703,1.5303479168958292
"[0.31857690717981635, 0.6529430279312474, -0.8857407616453155, 0.5320821067743252]",28.704396004487425,1.5304107493772257
"[0.3185700925255532, 0.6529426904763959, -0.8857410373504947, 0.5320823188999128]",28.704429253567913,1.5304735818586221
"[0.3185632784584277, 0.6529423531400309, -0.8857413131120545, 0.5320825308814338]",28.70446250402677,1.5305364143400189
"[0.31855646477486244, 0.6529420159120594, -0.8857415889382164, 0.5320827427252384]",28.704495759458023,1.5305992468214153
"[0.3185496503422335, 0.6529416787364282, -0.8857418648748369, 0.5320829544665326]",28.70452901124167,1.530662079302812
"[0.31854283658982024, 0.6529413416838626, -0.8857421408640411, 0.532083166060895]",28.7045622651042,1.5307249117842088
"[0.31853602303567047, 0.6529410047304922, -0.8857424169253355, 0.5320833775233277]",28.704595523669806,1.5307877442656053
"[0.31852920896116926, 0.6529406678407831, -0.8857426930878415, 0.5320835888761241]",28.704628782336503,1.530850576747002
"[0.3185223955687424, 0.6529403310741907, -0.8857429693028237, 0.5320838000819764]",28.70466203984858,1.5309134092283985
"[0.31851558143957936, 0.6529399943605789, -0.8857432456278017, 0.5320840111848724]",28.7046953021062,1.530976241709795
"[0.31850876839120795, 0.6529396577897527, -0.8857435219890658, 0.5320842221285103]",28.704728562465647,1.5310390741911917
"[0.31850195521040847, 0.6529393213017546, -0.8857437984358114, 0.5320844329504815]",28.70476182535134,1.5311019066725884
"[0.31849514165489945, 0.652938984884631, -0.8857440749778787, 0.5320846436582628]",28.70479509070463,1.5311647391539849
"[0.31848832884516826, 0.6529386485936888, -0.8857443515697835, 0.5320848542172216]",28.704828358750035,1.5312275716353816
"[0.3184815158657099, 0.6529383123837349, -0.8857446282486836, 0.5320850646556546]",28.704861625481907,1.531290404116778
"[0.31847470248871756, 0.6529379762435253, -0.8857449050238416, 0.5320852749805942]",28.70489489439353,1.5313532365981748
"[0.3184678896289351, 0.6529376402181927, -0.8857451818580954, 0.5320854851637961]",28.704928165487914,1.5314160690795713
"[0.3184610761667467, 0.6529373042525162, -0.8857454587969414, 0.5320856952397963]",28.704961435651786,1.531478901560968
"[0.318454264158121, 0.6529369684478581, -0.8857457357567982, 0.5320859051452227]",28.704994711114338,1.5315417340423647
"[0.31844745134866764, 0.6529366326930456, -0.8857460128293124, 0.5320861149495897]",28.70502798394346,1.5316045665237612
"[0.31844063821196056, 0.6529362970114637, -0.8857462899952437, 0.5320863246382501]",28.705061262696052,1.5316673990051577
"[0.3184338262976572, 0.6529359614794434, -0.8857465671915349, 0.5320865341635346]",28.705094538852507,1.5317302314865544
"[0.31842701357486314, 0.6529356259969283, -0.8857468445008215, 0.5320867435879341]",28.70512781735592,1.531793063967951
"[0.318420201388769, 0.6529352906301727, -0.8857471218683527, 0.5320869528700781]",28.705161100207327,1.5318558964493476
"[0.3184133890777471, 0.6529349553465915, -0.8857473993210603, 0.532087162030306]",28.705194382080105,1.5319187289307443
"[0.31840657750143786, 0.6529346201884787, -0.8857476768239225, 0.5320873710422418]",28.705227661685274,1.5319815614121408
"[0.3183997651835151, 0.6529342850831926, -0.8857479544370842, 0.5320875799511822]",28.705260950048203,1.5320443938935375
"[0.31839295263058015, 0.6529339500556713, -0.8857482321399186, 0.5320877887415633]",28.705294235872675,1.532107226374934
"[0.31838614123522113, 0.6529336151743884, -0.8857485098756417, 0.5320879973707185]",28.70532752137614,1.5321700588563305
"[0.31837932965398896, 0.6529332803732391, -0.8857487876990174, 0.5320882058798627]",28.705360808850504,1.5322328913377272
"[0.3183725180856018, 0.6529329456620471, -0.8857490656019413, 0.5320884142628407]",28.705394098879538,1.532295723819124
"[0.3183657061899764, 0.6529326110240344, -0.8857493435982967, 0.5320886225301313]",28.70542739210261,1.5323585563005204
"[0.3183588940537583, 0.652932276463526, -0.8857496216845557, 0.5320888306789984]",28.705460684543787,1.5324213887819171
"[0.318352082830535, 0.6529319420371431, -0.8857498998136148, 0.5320890386742334]",28.70549397840286,1.5324842212633136
"[0.3183452715559333, 0.6529316076975157, -0.8857501780248385, 0.5320892465453089]",28.70552727580919,1.5325470537447103
"[0.3183384601668114, 0.6529312734415469, -0.8857504563208082, 0.5320894542941453]",28.70556057195024,1.532609886226107
"[0.3183316494775685, 0.6529309393091879, -0.8857507346682401, 0.5320896618959184]",28.705593867575573,1.5326727187075035
"[0.31832483833241, 0.6529306052437284, -0.8857510131143657, 0.5320898693858644]",28.705627170274774,1.5327355511889003
"[0.3183180273045964, 0.6529302712732898, -0.8857512916357556, 0.5320900767465098]",28.70566047320417,1.5327983836702967
"[0.3183112160935008, 0.6529299373831355, -0.8857515702447046, 0.5320902839869981]",28.705693773964008,1.5328612161516932
"[0.3183044052105242, 0.6529296035983171, -0.8857518489202916, 0.5320904910917873]",28.705727079595672,1.53292404863309
"[0.3182975950299231, 0.6529292699371655, -0.8857521276471855, 0.5320906980495099]",28.705760385872587,1.5329868811144867
"[0.31829078421196894, 0.6529289363340356, -0.8857524064802172, 0.5320909049008837]",28.705793694666607,1.5330497135958834
"[0.3182839731495139, 0.6529286028081847, -0.8857526854033192, 0.5320911116339525]",28.705826999436198,1.5331125460772799
"[0.3182771629250399, 0.6529282694126081, -0.8857529643721517, 0.5320913182158734]",28.70586031027563,1.5331753785586764
"[0.3182703529810735, 0.6529279361199859, -0.8857532434095311, 0.5320915246635914]",28.70589362335128,1.533238211040073
"[0.31826354285999126, 0.6529276029079271, -0.8857535225342064, 0.5320917309909704]",28.705926938365188,1.5333010435214696
"[0.31825673191465254, 0.6529272697447684, -0.88575380177272, 0.532091937217608]",28.705960251154387,1.5333638760028663
"[0.3182499220573764, 0.6529269367240599, -0.8857540810466648, 0.5320921432855904]",28.70599356523833,1.533426708484263
"[0.31824311212242956, 0.6529266037887689, -0.8857543604038294, 0.5320923492302239]",28.70602688306909,1.5334895409656595
"[0.31823630194112557, 0.6529262709306533, -0.8857546398511401, 0.5320925550565987]",28.706060200031917,1.533552373447056
"[0.31822949173907994, 0.6529259381607501, -0.8857549193793439, 0.5320927607578797]",28.70609352354875,1.5336152059284527
"[0.31822268254558894, 0.6529256055293083, -0.885755198946175, 0.5320929663030333]",28.70612684326022,1.5336780384098492
"[0.3182158725787498, 0.6529252729493026, -0.8857554786247896, 0.5320931717458202]",28.706160165588454,1.5337408708912459
"[0.3182090629866732, 0.6529249404767952, -0.8857557583680432, 0.5320933770516088]",28.706193488097675,1.5338037033726426
"[0.318202253843442, 0.6529246081153924, -0.885756038172877, 0.5320935822181792]",28.706226814166754,1.533866535854039
"[0.3181954444534369, 0.6529242758311278, -0.8857563180678732, 0.5320937872665019]",28.706260140221996,1.5339293683354358
"[0.31818863503219763, 0.652923943634533, -0.8857565980441763, 0.5320939921900671]",28.70629347034982,1.5339922008168323
"[0.318181825944232, 0.6529236115433655, -0.8857568780867949, 0.5320941969779313]",28.706326796165232,1.5340550332982288
"[0.31817501677266785, 0.6529232795373009, -0.8857571582128688, 0.5320944016426221]",28.70636012940333,1.5341178657796255
"[0.31816820749168, 0.6529229476150795, -0.8857574384234639, 0.5320946061849113]",28.706393461803003,1.5341806982610222
"[0.31816139817442446, 0.6529226157802659, -0.8857577187155726, 0.5320948106025997]",28.70642679771081,1.534243530742419
"[0.318154589726153, 0.6529222840769585, -0.8857579990519177, 0.5320950148685305]",28.706460129115804,1.5343063632238154
"[0.31814778087385204, 0.6529219524431245, -0.8857582794849062, 0.5320952190209102]",28.706493466237575,1.534369195705212
"[0.3181409719281793, 0.652921620893904, -0.8857585600017525, 0.5320954230504074]",28.706526805448473,1.5344320281866086
"[0.31813416331283645, 0.6529212894499222, -0.8857588405849968, 0.532095626944331]",28.706560145395304,1.5344948606680051
"[0.3181273546650131, 0.6529209580935074, -0.885759121249585, 0.5320958307135553]",28.706593484669813,1.5345576931494018
"[0.318120546626711, 0.6529206268558929, -0.8857594019690425, 0.5320960343388788]",28.706626829620195,1.5346205256307985
"[0.31811373845685625, 0.6529202957010211, -0.8857596827739179, 0.5320962378424668]",28.706660171622097,1.534683358112195
"[0.31810693008713187, 0.6529199646255427, -0.8857599636670356, 0.5320964412263876]",28.706693515107617,1.5347461905935917
"[0.31810012179502045, 0.6529196336429829, -0.8857602446369488, 0.5320966444823103]",28.706726863526203,1.5348090230749882
"[0.3180933134910212, 0.6529193027489757, -0.8857605256873501, 0.5320968476129214]",28.706760210291563,1.534871855556385
"[0.31808650599164445, 0.6529189719831887, -0.8857608067845197, 0.5320970505938784]",28.706793557582895,1.5349346880377817
"[0.31807969719292656, 0.6529186412434008, -0.8857610880153441, 0.5320972534879014]",28.70682690940794,1.5349975205191781
"[0.3180728897842453, 0.6529183106602457, -0.8857613692687389, 0.5320974562148524]",28.706860261034365,1.5350603530005746
"[0.31806608189541963, 0.6529179801428837, -0.8857616506219566, 0.5320976588304488]",28.706893617166926,1.5351231854819714
"[0.31805927430012665, 0.6529176497288784, -0.8857619320430259, 0.5320978613116577]",28.70692697261808,1.5351860179633678
"[0.31805246682785226, 0.6529173194099451, -0.8857622135389892, 0.5320980636635592]",28.706960328633624,1.5352488504447646
"[0.31804565899048254, 0.6529169891623964, -0.885762495130034, 0.5320982659006614]",28.70699368444258,1.5353116829261613
"[0.318038851681592, 0.6529166590295794, -0.8857627767791971, 0.5320984679964159]",28.707027042841744,1.5353745154075578
"[0.31803204447606687, 0.6529163289908623, -0.8857630585040558, 0.5320986699634618]",28.707060405035545,1.5354373478889545
"[0.318025237238442, 0.6529159990396735, -0.8857633403102161, 0.5320988718058183]",28.70709376592205,1.535500180370351
"[0.3180184304288651, 0.6529156691983066, -0.8857636221786209, 0.5320990735098524]",28.707127125731937,1.5355630128517475
"[0.31801162294122604, 0.6529153394131794, -0.8857639041550793, 0.532099275108316]",28.707160493581828,1.5356258453331442
"[0.31800481603854847, 0.6529150097454377, -0.8857641861872759, 0.5320994765638497]",28.7071938615637,1.5356886778145409
"[0.3179980093531917, 0.6529146801773009, -0.8857644682904297, 0.5320996778873053]",28.707227226487262,1.5357515102959374
"[0.3179912028230387, 0.6529143507057408, -0.8857647504671079, 0.5320998790805419]",28.70726059738427,1.535814342777334
"[0.31798439578019505, 0.6529140212984151, -0.8857650327450061, 0.532100080163312]",28.70729396521653,1.5358771752587306
"[0.31797758924706576, 0.6529136920048197, -0.8857653150817268, 0.5321002811053869]",28.707327338333133,1.5359400077401273
"[0.31797078197760564, 0.6529133627646674, -0.8857655975289599, 0.5321004819435526]",28.707360711748905,1.5360028402215238
"[0.3179639761708204, 0.6529130336843086, -0.8857658799954513, 0.5321006826129392]",28.707394085174652,1.5360656727029205
"[0.31795716990371214, 0.6529127046707104, -0.8857661625609958, 0.5321008831703065]",28.707427462090187,1.5361285051843172
"[0.3179503637188121, 0.6529123757501332, -0.8857664452030761, 0.5321010835996217]",28.70746083593227,1.5361913376657137
"[0.3179435573521851, 0.6529120469098145, -0.8857667279326544, 0.5321012839086625]",28.707494217023456,1.5362541701471102
"[0.3179367517408584, 0.6529117181950037, -0.8857670107107978, 0.5321014840698766]",28.707527596295705,1.536317002628507
"[0.3179299457993694, 0.6529113895532722, -0.8857672935825998, 0.5321016841151879]",28.707560980055252,1.5363798351099034
"[0.3179231396264012, 0.6529110609893898, -0.8857675765439696, 0.5321018840416841]",28.707594362763075,1.5364426675913
"[0.31791633378447176, 0.652910732530509, -0.8857678595715192, 0.5321020838328419]",28.707627745270013,1.5365055000726968
"[0.31790952751780566, 0.6529104041401683, -0.8857681426966791, 0.5321022835108278]",28.707661132514367,1.5365683325540933
"[0.31790272236276695, 0.6529100758924393, -0.8857684258555296, 0.5321024830306343]",28.707694519554195,1.53663116503549
"[0.3178959164173053, 0.6529097476956051, -0.8857687091272066, 0.5321026824479912]",28.707727909244024,1.5366939975168865
"[0.31788911107404566, 0.6529094196168143, -0.8857689924537514, 0.5321028817220969]",28.70776130064397,1.536756829998283
"[0.31788230576158283, 0.652909091628505, -0.8857692758589423, 0.5321030808697012]",28.70779468780089,1.53681966247968
"[0.31787550069409815, 0.6529087637409869, -0.8857695593338549, 0.5321032798845486]",28.707828084501493,1.5368824949610764
"[0.3178686954145876, 0.6529084359322456, -0.8857698428975257, 0.5321034787799953]",28.70786147506237,1.5369453274424731
"[0.3178618904322036, 0.6529081082267961, -0.8857701265287374, 0.5321036775411695]",28.707894873238853,1.5370081599238696
"[0.31785508539927254, 0.6529077806078948, -0.8857704102419772, 0.532103876178225]",28.7079282707266,1.5370709924052661
"[0.31784828036371465, 0.6529074530778466, -0.8857706940352479, 0.5321040746897616]",28.707961668944066,1.5371338248866628
"[0.3178414750650787, 0.6529071256241149, -0.885770977919416, 0.5321042730833734]",28.707995068615617,1.5371966573680595
"[0.3178346704594684, 0.6529067982927055, -0.8857712618545898, 0.5321044713311853]",28.708028469107557,1.537259489849456
"[0.31782786581336286, 0.6529064710483056, -0.8857715458713658, 0.5321046694545991]",28.708061872267567,1.5373223223308528
"[0.31782106129919185, 0.6529061438992053, -0.8857718299625451, 0.5321048674485945]",28.708095272535886,1.5373851548122492
"[0.3178142567385859, 0.6529058168368348, -0.8857721141355731, 0.5321050653183513]",28.708128681681675,1.5374479872936457
"[0.31780745220148815, 0.6529054898645412, -0.8857723983875294, 0.532105263061849]",28.708162086038758,1.5375108197750424
"[0.31780064792915297, 0.6529051629939192, -0.8857726827083309, 0.5321054606720728]",28.708195494820544,1.5375736522564392
"[0.31779384361290286, 0.6529048362101368, -0.8857729671108714, 0.5321056581579884]",28.70822890496878,1.5376364847378359
"[0.3177870396666088, 0.6529045095330528, -0.8857732515778474, 0.5321058555076026]",28.708262315354645,1.5376993172192324
"[0.31778023557167884, 0.6529041829377686, -0.8857735361309359, 0.5321060527359546]",28.708295728440824,1.5377621497006289
"[0.3177734317023883, 0.6529038564422455, -0.8857738207544837, 0.5321062498321962]",28.708329142570104,1.5378249821820256
"[0.3177666269847128, 0.6529035299949515, -0.8857741054934308, 0.5321064468274262]",28.708362555381715,1.537887814663422
"[0.31775982352839455, 0.6529032036971006, -0.8857743902594889, 0.5321066436605633]",28.708395974518684,1.5379506471448188
"[0.3177530198305071, 0.6529028774765628, -0.8857746751155477, 0.5321068403751484]",28.708429392586627,1.5380134796262155
"[0.3177462160462118, 0.6529025513408053, -0.8857749600551158, 0.5321070369666576]",28.70846281106945,1.538076312107612
"[0.3177394130886028, 0.6529022253335792, -0.88577524503994, 0.532107233408728]",28.708496233317007,1.5381391445890087
"[0.3177326093718063, 0.652901899378872, -0.8857755301364539, 0.5321074297471684]",28.70852965241443,1.5382019770704052
"[0.31772580607524786, 0.6529015735332039, -0.8857758152952419, 0.5321076259479192]",28.708563076033045,1.5382648095518017
"[0.31771900287031457, 0.6529012477808201, -0.8857761005300686, 0.5321078220204749]",28.70859650355885,1.5383276420331984
"[0.317712199483987, 0.6529009221086473, -0.8857763858523825, 0.5321080179727011]",28.708629928689984,1.538390474514595
"[0.31770539603238523, 0.6529005965222479, -0.8857766712573184, 0.5321082138012434]",28.708663356088856,1.5384533069959916
"[0.3176985929048744, 0.6529002710402464, -0.8857769567285372, 0.5321084094949036]",28.708696786722275,1.5385161394773883
"[0.31769179021857347, 0.6528999456682318, -0.8857772422611111, 0.5321086050503289]",28.70873021624766,1.5385789719587848
"[0.3176849870131919, 0.6528996203602733, -0.8857775278953482, 0.5321088004951213]",28.70876364891875,1.5386418044401815
"[0.31767818439354056, 0.6528992951692002, -0.8857778135848615, 0.5321089957975373]",28.70879708384972,1.538704636921578
"[0.3176713816244757, 0.6528989700598398, -0.8857780993605181, 0.5321091909787166]",28.708830519360642,1.5387674694029747
"[0.3176645794761076, 0.6528986450690095, -0.8857783851899573, 0.5321093860165467]",28.708863952327597,1.5388303018843714
"[0.31765777687327695, 0.6528983201453216, -0.8857786711183553, 0.5321095809418754]",28.708897389119322,1.538893134365768
"[0.3176509740300163, 0.6528979952990178, -0.8857789571367278, 0.5321097757485408]",28.708930828933298,1.5389559668471644
"[0.3176441714986417, 0.6528976705564661, -0.8857792432218525, 0.5321099704207315]",28.70896426932322,1.5390187993285611
"[0.31763736938869613, 0.6528973459228808, -0.8857795293691089, 0.5321101649553294]",28.708997711248056,1.5390816318099578
"[0.31763056723218097, 0.6528970213759165, -0.8857798155981783, 0.532110359365729]",28.70903115502553,1.5391444642913543
"[0.31762376521292496, 0.6528966969243356, -0.8857801019013238, 0.5321105536466835]",28.70906459909173,1.539207296772751
"[0.31761696345309415, 0.6528963725739628, -0.8857803882733964, 0.5321107477947049]",28.709098045439237,1.5392701292541475
"[0.317610161177589, 0.6528960482878372, -0.8857806747470341, 0.5321109418319113]",28.70913149406678,1.5393329617355442
"[0.31760335891393476, 0.6528957240911194, -0.8857809613000294, 0.5321111357432365]",28.70916494464188,1.5393957942169407
"[0.3175965575852101, 0.6528954000277827, -0.8857812478934798, 0.5321113295023902]",28.70919839242329,1.5394586266983374
"[0.317589756024636, 0.6528950760421973, -0.8857815345765394, 0.5321115231426555]",28.70923184364541,1.5395214591797342
"[0.3175829541637784, 0.6528947521311387, -0.8857818213521009, 0.5321117166659329]",28.70926529745423,1.5395842916611306
"[0.3175761533111187, 0.6528944283568937, -0.8857821081649849, 0.5321119100350221]",28.70929875126428,1.5396471241425271
"[0.31756935172955225, 0.6528941046367581, -0.8857823950884456, 0.5321121032993181]",28.709332207459813,1.5397099566239238
"[0.317562550485227, 0.6528937810214668, -0.8857826820775151, 0.5321122964285299]",28.709365664675104,1.5397727891053203
"[0.31755574932701025, 0.6528934574990758, -0.8857829691427819, 0.5321124894297817]",28.70939912197899,1.539835621586717
"[0.31754894804448097, 0.6528931340595685, -0.8857832562931287, 0.5321126823090493]",28.709432585048546,1.5398984540681138
"[0.31754214710991174, 0.6528928107253985, -0.8857835435086123, 0.5321128750529437]",28.709466043666048,1.5399612865495103
"[0.3175353463524093, 0.6528924874884303, -0.8857838307964407, 0.5321130676663196]",28.709499509299196,1.540024119030907
"[0.31752854518641266, 0.6528921643208305, -0.8857841181813538, 0.5321132601657588]",28.709532972314367,1.5400869515123035
"[0.31752174458295973, 0.6528918412687508, -0.8857844056223172, 0.5321134525237616]",28.709566438214633,1.5401497839937
"[0.317514943109566, 0.6528915182641197, -0.8857846931798838, 0.5321136447808689]",28.709599905078605,1.5402126164750967
"[0.31750814307089964, 0.652891195416384, -0.8857849807566052, 0.5321138368719377]",28.70963337221913,1.5402754489564934
"[0.3175013427445186, 0.6528908726437553, -0.8857852684253037, 0.5321140288456387]",28.70966684133013,1.54033828143789
"[0.317494541929549, 0.6528905499367034, -0.8857855561944904, 0.5321142207076311]",28.709700316849037,1.5404011139192866
"[0.317487741786331, 0.6528902273502831, -0.8857858440150636, 0.5321144124251826]",28.70973378735076,1.540463946400683
"[0.31748094134103794, 0.6528899048382899, -0.8857861319282343, 0.5321146040257567]",28.709767263233385,1.5405267788820798
"[0.31747414170199906, 0.6528895824532776, -0.8857864198870704, 0.5321147954781352]",28.709800737660295,1.5405896113634763
"[0.3174673415074786, 0.6528892601306655, -0.8857867079492356, 0.5321149868206783]",28.709834211995773,1.540652443844873
"[0.31746054094180803, 0.6528889378792152, -0.8857869961069379, 0.5321151780481627]",28.709867689787863,1.5407152763262697
"[0.31745374104762786, 0.6528886157483272, -0.8857872843159924, 0.5321153691312749]",28.709901171122052,1.5407781088076662
"[0.3174469414226901, 0.6528882937189222, -0.8857875725934315, 0.5321155600813476]",28.7099346531162,1.540840941289063
"[0.31744014175345836, 0.652887971776146, -0.8857878609525446, 0.5321157509071892]",28.709968135730744,1.5409037737704594
"[0.31743334224850916, 0.65288764992987, -0.8857881493844836, 0.5321159416029474]",28.710001620385786,1.540966606251856
"[0.317426542300397, 0.6528873281513443, -0.8857884379150207, 0.532116132185651]",28.710035103199857,1.5410294387332528
"[0.31741974281441904, 0.6528870064834063, -0.8857887265057437, 0.5321163226299256]",28.7100685899804,1.5410922712146493
"[0.3174129435107107, 0.6528866849128013, -0.8857890151685189, 0.5321165129436268]",28.71010207973754,1.5411551036960458
"[0.31740614413523466, 0.6528863634275124, -0.8857893039141299, 0.5321167031338652]",28.710135568591674,1.5412179361774425
"[0.31739934462042474, 0.6528860420243476, -0.8857895927454486, 0.5321168932025231]",28.710169061121043,1.541280768658839
"[0.3173925458114754, 0.6528857207432464, -0.8857898816265637, 0.5321170831259873]",28.710202551473134,1.5413436011402357
"[0.3173857464953147, 0.6528853995268634, -0.885790170609015, 0.5321172729381667]",28.710236045515884,1.5414064336216324
"[0.3173789477691266, 0.6528850784270493, -0.8857904596461684, 0.532117462608409]",28.710269540866612,1.541469266103029
"[0.31737214882792814, 0.6528847574057669, -0.8857907487722402, 0.532117652159191]",28.710303040273207,1.5415320985844256
"[0.31736535061552407, 0.6528844365075743, -0.8857910379470859, 0.5321178415642055]",28.710336534232685,1.5415949310658221
"[0.3173585518744287, 0.6528841156730923, -0.8857913272241914, 0.5321180308585095]",28.71037003210525,1.5416577635472186
"[0.3173517529563709, 0.6528837949189459, -0.8857916165886038, 0.5321182200322716]",28.710403534494358,1.5417205960286153
"[0.3173449539945399, 0.6528834742514357, -0.8857919060346577, 0.5321184090817616]",28.71043703785427,1.541783428510012
"[0.31733815567281287, 0.6528831537027452, -0.88579219553323, 0.5321185979880468]",28.710470540864968,1.5418462609914085
"[0.31733135708773114, 0.6528828332303214, -0.8857924851227853, 0.5321187867761757]",28.7105040454404,1.5419090934728052
"[0.31732455909196056, 0.6528825128743337, -0.8857927747669984, 0.5321189754224964]",28.710537551927988,1.5419719259542017
"[0.31731776057477057, 0.6528821925824327, -0.8857930645131938, 0.5321191639578361]",28.710571059627075,1.5420347584355985
"[0.31731096259882313, 0.6528818724046827, -0.8857933543160813, 0.5321193523527219]",28.710604565814364,1.542097590916995
"[0.3173041642873342, 0.6528815522997805, -0.8857936442130346, 0.5321195406314587]",28.71063807712136,1.5421604233983917
"[0.31729736693864086, 0.6528812323288453, -0.8857939341486796, 0.5321197287581052]",28.71067158961712,1.5422232558797884
"[0.3172905688361267, 0.6528809124110672, -0.8857942241962325, 0.5321199167801733]",28.71070510262936,1.5422860883611849
"[0.3172837710693958, 0.6528805925977252, -0.8857945143092124, 0.5321201046675181]",28.71073861895016,1.5423489208425814
"[0.3172769732814655, 0.6528802728720209, -0.8857948045028482, 0.5321202924300096]",28.710772135760042,1.542411753323978
"[0.31727017609792624, 0.6528799532633691, -0.8857950947504238, 0.5321204800503768]",28.71080565120186,1.5424745858053746
"[0.31726337827472806, 0.6528796337132547, -0.8857953851050627, 0.5321206675629786]",28.71083917189813,1.5425374182867713
"[0.3172565806779403, 0.6528793142624072, -0.8857956755297796, 0.5321208549438982]",28.710872691952652,1.542600250768168
"[0.3172497837327923, 0.6528789949307948, -0.8857959660063909, 0.5321210421814329]",28.710906213211622,1.5426630832495645
"[0.31724298613558427, 0.652878675657162, -0.8857962565906125, 0.5321212293114987]",28.71093973572743,1.5427259157309612
"[0.31723618900049494, 0.6528783564938435, -0.8857965472348179, 0.5321214163034163]",28.71097326213886,1.5427887482123577
"[0.317229391805848, 0.6528780374163319, -0.8857968379613076, 0.5321216031715483]",28.71100678435214,1.5428515806937542
"[0.31722259546603926, 0.6528777184675345, -0.8857971287309573, 0.5321217898907769]",28.711040312309493,1.542914413175151
"[0.3172157977312634, 0.6528773995418778, -0.8857974196400303, 0.5321219765228951]",28.711073842145343,1.5429772456565476
"[0.3172090016058715, 0.6528770807803098, -0.8857977105599517, 0.5321221629854234]",28.71110737391341,1.543040078137944
"[0.31720220458767023, 0.6528767620654525, -0.8857980015978199, 0.5321223493470314]",28.711140903890303,1.5431029106193408
"[0.31719540804730034, 0.6528764434615839, -0.885798292694953, 0.5321225355701248]",28.711174434742098,1.5431657431007373
"[0.31718861107224017, 0.6528761249259208, -0.8857985838904341, 0.5321227216797104]",28.711207972060514,1.543228575582134
"[0.31718181495907816, 0.6528758065192198, -0.8857988751287071, 0.532122907640293]",28.711241508314345,1.5432914080635307
"[0.31717501884540583, 0.6528754882010576, -0.8857991664467143, 0.5321230934754928]",28.711275042810566,1.5433542405449272
"[0.3171682219355352, 0.6528751699341764, -0.8857994578785772, 0.532123279207047]",28.711308582589464,1.543417073026324
"[0.3171614255092568, 0.6528748517785097, -0.8857997493694275, 0.5321234647999709]",28.71134211887237,1.5434799055077204
"[0.3171546298264682, 0.6528745337462006, -0.8858000409080968, 0.5321236502471977]",28.71137566223352,1.543542737989117
"[0.317147833656358, 0.6528742157796373, -0.8858003325473831, 0.5321238355823246]",28.711409207815706,1.5436055704705136
"[0.3171410377276105, 0.6528738979129073, -0.8858006242560215, 0.5321240207854817]",28.711442748307455,1.5436684029519103
"[0.31713424186668543, 0.6528735801378989, -0.8858009160414553, 0.5321242058613898]",28.711476295686907,1.543731235433307
"[0.3171274461449984, 0.6528732624579417, -0.8858012079006149, 0.5321243908081125]",28.71150984292529,1.5437940679147035
"[0.3171206503427911, 0.6528729448627583, -0.8858014998429373, 0.5321245756316332]",28.711543390834663,1.5438569003961
"[0.31711385439760004, 0.6528726273494325, -0.8858017918711089, 0.5321247603336424]",28.71157694052389,1.5439197328774967
"[0.31710705922958793, 0.6528723099609411, -0.8858020839455794, 0.5321249448891474]",28.711610491754097,1.5439825653588932
"[0.3171002637227018, 0.6528719926451454, -0.885802376114311, 0.5321251293284713]",28.711644041665362,1.54404539784029
"[0.3170934682125993, 0.6528716754177218, -0.8858026683628796, 0.5321253136424944]",28.711677597476186,1.5441082303216866
"[0.3170866732083387, 0.652871358302424, -0.8858029606693827, 0.5321254978174207]",28.711711152394077,1.5441710628030831
"[0.3170798778947245, 0.6528710412612034, -0.8858032530688856, 0.5321256818753483]",28.71174470769252,1.5442338952844799
"[0.31707308276800256, 0.6528707243172112, -0.8858035455400363, 0.5321258658028339]",28.711778266172654,1.5442967277658763
"[0.3170662875431853, 0.652870407457153, -0.8858038380951, 0.5321260496075898]",28.711811828708385,1.5443595602472728
"[0.31705949299362424, 0.6528700907170752, -0.8858041307007709, 0.5321262332687146]",28.711845390546106,1.5444223927286695
"[0.31705269773556133, 0.6528697740324705, -0.8858044234166415, 0.5321264168236097]",28.71187895020003,1.5444852252100663
"[0.3170459028756304, 0.6528694574549148, -0.885804716195047, 0.5321266002423742]",28.71191251520159,1.5445480576914628
"[0.31703910822683246, 0.652869140975697, -0.8858050090440335, 0.5321267835300537]",28.711946081497256,1.5446108901728595
"[0.3170323135623637, 0.6528688245842126, -0.8858053019733744, 0.5321269666928118]",28.71197964624416,1.544673722654256
"[0.3170255191761153, 0.652868508294172, -0.8858055949703932, 0.5321271497226937]",28.712013213233742,1.5447365551356524
"[0.31701872486231125, 0.6528681920959764, -0.8858058880439589, 0.5321273326252635]",28.712046784183734,1.5447993876170492
"[0.3170119306274063, 0.6528678759899224, -0.8858061811937893, 0.5321275154003492]",28.712080354426757,1.5448622200984459
"[0.3170051362190901, 0.6528675599642696, -0.885806474430773, 0.5321276980547365]",28.71211392680425,1.5449250525798426
"[0.31699834234877194, 0.6528672440520995, -0.8858067677241999, 0.5321278805693082]",28.712147496567436,1.544987885061239
"[0.3169915480053584, 0.6528669282064009, -0.8858070611177181, 0.5321280629712181]",28.712181073813777,1.5450507175426356
"[0.31698475422456923, 0.6528666124752953, -0.8858073545666019, 0.5321282452326893]",28.712214650463515,1.5451135500240323
"[0.31697796020785457, 0.6528662968216842, -0.8858076481053376, 0.5321284273751269]",28.71224822994589,1.545176382505429
"[0.3169711658110794, 0.6528659812388746, -0.8858079417401631, 0.5321286094023844]",28.712281807902254,1.5452392149868255
"[0.31696437278125045, 0.6528656658080012, -0.8858082353955609, 0.5321287912676707]",28.712315387712774,1.5453020474682222
"[0.3169575787050166, 0.6528653504169585, -0.8858085291758516, 0.5321289730356454]",28.712348969930712,1.5453648799496187
"[0.3169507852168821, 0.6528650351416635, -0.8858088230103666, 0.5321291546625248]",28.71238255355496,1.5454277124310154
"[0.31694399182678873, 0.6528647199593474, -0.8858091169202893, 0.5321293361614413]",28.712416137821187,1.545490544912412
"[0.31693719830451816, 0.6528644048593282, -0.8858094109155811, 0.5321295175385433]",28.71244972443821,1.5455533773938086
"[0.31693040547829804, 0.6528640898800073, -0.8858097049603897, 0.5321296987717331]",28.712483311911537,1.5456162098752053
"[0.3169236114498589, 0.652863774933386, -0.8858099991368946, 0.5321298799116244]",28.71251690019164,1.5456790423566018
"[0.31691681875789746, 0.6528634601371012, -0.8858102933351711, 0.5321300608905853]",28.712550491013527,1.5457418748379983
"[0.31691002589673817, 0.652863145421394, -0.8858105876204104, 0.5321302417487106]",28.712584082616058,1.545804707319395
"[0.3169032326428275, 0.6528628307759011, -0.8858108820023072, 0.5321304224919529]",28.712617676585406,1.5458675398007915
"[0.31689643967610814, 0.6528625162321171, -0.8858111764513977, 0.5321306031022166]",28.712651269160904,1.5459303722821882
"[0.3168896469093641, 0.6528622017860036, -0.8858114709714547, 0.5321307835818188]",28.71268486746681,1.545993204763585
"[0.3168828545026891, 0.652861887444923, -0.8858117655555278, 0.532130963926562]",28.71271846362714,1.5460560372449814
"[0.3168760618004644, 0.6528615731785662, -0.8858120602320476, 0.5321311441538136]",28.712752061170658,1.5461188697263781
"[0.3168692691137693, 0.6528612590013154, -0.8858123549875259, 0.5321313242553258]",28.712785660981158,1.5461817022077746
"[0.31686247648619026, 0.652860944915188, -0.8858126498200688, 0.5321315042299393]",28.71281926326083,1.5462445346891711
"[0.31685568430465577, 0.6528606309380577, -0.8858129447128738, 0.5321316840674206]",28.71285286511365,1.5463073671705678
"[0.3168488916505849, 0.6528603170274648, -0.885813239705822, 0.532131863792085]",28.712886470070686,1.5463701996519645
"[0.3168420995747951, 0.6528600032319679, -0.885813534753277, 0.5321320433761292]",28.712920075263586,1.546433032133361
"[0.3168353074102131, 0.6528596895207346, -0.8858138298842075, 0.5321322228372061]",28.712953682729772,1.5464958646147577
"[0.3168285156437729, 0.6528593759162481, -0.8858141250774504, 0.5321324021624556]",28.712987291522577,1.5465586970961542
"[0.31682172352675697, 0.6528590623839331, -0.8858144203655463, 0.5321325813716475]",28.713020901889777,1.546621529577551
"[0.31681493164556235, 0.6528587489508597, -0.8858147157230031, 0.5321327604493051]",28.713054511084067,1.5466843620589474
"[0.31680814034800747, 0.6528584356330603, -0.8858150111346818, 0.5321329393862793]",28.713088123412543,1.5467471945403442
"[0.3168013481597366, 0.6528581223625204, -0.8858153066647193, 0.5321331182214056]",28.713121738403753,1.5468100270217409
"[0.31679455619107183, 0.6528578091904617, -0.8858156022648176, 0.5321332969254299]",28.71315535356822,1.5468728595031374
"[0.3167877653760851, 0.6528574961599247, -0.885815897894299, 0.5321334754738128]",28.71318897043467,1.5469356919845338
"[0.31678097381050646, 0.6528571831831194, -0.8858161936360575, 0.5321336539166329]",28.7132225883733,1.5469985244659306
"[0.3167741825708439, 0.6528568703096678, -0.8858164894432224, 0.5321338322255854]",28.713256207967884,1.547061356947327
"[0.3167673907867517, 0.652856557499458, -0.8858167853537082, 0.5321340104235341]",28.713289829560107,1.547124189428724
"[0.3167605996655653, 0.6528562448081084, -0.8858170813149102, 0.5321341884787857]",28.713323450327323,1.5471870219101205
"[0.31675380863420355, 0.6528559322092113, -0.8858173773517904, 0.5321343664063894]",28.713357077281053,1.547249854391517
"[0.316747017674178, 0.6528556197019102, -0.8858176734651515, 0.5321345442068341]",28.713390700900856,1.5473126868729137
"[0.31674022668242574, 0.6528553072814665, -0.8858179696594871, 0.5321347218828091]",28.71342432831371,1.5473755193543102
"[0.3167334356782998, 0.6528549949487483, -0.8858182659339542, 0.5321348994338309]",28.713457955324955,1.5474383518357069
"[0.3167266452455754, 0.6528546827306134, -0.8858185622630738, 0.5321350768446258]",28.713491586524967,1.5475011843171036
"[0.31671985460177565, 0.6528543705910753, -0.885818858680986, 0.5321352541356453]",28.713525214100358,1.5475640167985
"[0.31671306367866114, 0.6528540585269867, -0.8858191551906792, 0.532135431308678]",28.713558847708256,1.5476268492798968
"[0.3167062735798088, 0.6528537465890609, -0.8858194517439576, 0.532135608334931]",28.713592482322145,1.5476896817612933
"[0.3166994823722159, 0.6528534346884998, -0.8858197484252492, 0.5321357852647892]",28.713626118956988,1.5477525142426898
"[0.31669269221469437, 0.6528531229244477, -0.8858200451402453, 0.5321359620420102]",28.71365975556837,1.5478153467240865
"[0.3166859022749653, 0.6528528112586718, -0.8858203419252912, 0.5321361386882886]",28.713693391651272,1.5478781792054832
"[0.31667911224735873, 0.65285249967712, -0.8858206387937472, 0.5321363152115974]",28.71372703026462,1.5479410116868797
"[0.31667232140838386, 0.6528521881466312, -0.885820935777259, 0.5321364916306934]",28.71376067051303,1.5480038441682764
"[0.3166655316757441, 0.6528518767551472, -0.8858212327919561, 0.5321366678957932]",28.713794313939413,1.548066676649673
"[0.3166587425313255, 0.6528515654788919, -0.8858215298604728, 0.5321368440203684]",28.713827953054448,1.5481295091310696
"[0.3166519521240037, 0.6528512542329962, -0.8858218270638191, 0.5321370200524308]",28.71386159935257,1.548192341612466
"[0.3166451624315108, 0.6528509431081223, -0.8858221243154436, 0.5321371959406916]",28.71389524495495,1.5482551740938628
"[0.3166383731830723, 0.652850632091837, -0.88582242162718, 0.532137371692197]",28.713928894699325,1.5483180065752595
"[0.31663158304854516, 0.6528503211232121, -0.8858227190572852, 0.5321375473413683]",28.713962544182294,1.548380839056656
"[0.31662479381359865, 0.6528500102840259, -0.885823016527541, 0.5321377228420096]",28.71399619402275,1.5484436715380525
"[0.3166180043401846, 0.6528496995221598, -0.885823314087799, 0.5321378982235555]",28.714029844198073,1.5485065040194492
"[0.3166112146744108, 0.6528493888397274, -0.8858236117360461, 0.5321380734848058]",28.714063499809345,1.5485693365008457
"[0.316604425661342, 0.6528490782753888, -0.8858239094352279, 0.5321382486039553]",28.714097154392558,1.5486321689822424
"[0.31659763630002186, 0.6528487677833601, -0.8858242072292308, 0.5321384236068158]",28.714130810739366,1.5486950014636391
"[0.31659084771853857, 0.6528484574151827, -0.8858245050685679, 0.5321385984643648]",28.714164466401996,1.5487578339450356
"[0.3165840589858105, 0.652848147128311, -0.8858248029940775, 0.5321387732005576]",28.714198124164074,1.5488206664264323
"[0.31657726936166797, 0.6528478368889226, -0.8858251010382603, 0.532138947834428]",28.714231784832464,1.5488834989078288
"[0.316570480517462, 0.6528475267733863, -0.8858253991277512, 0.5321391223229838]",28.714265447827678,1.5489463313892253
"[0.3165636922268588, 0.6528472167713347, -0.8858256972724646, 0.532139296672079]",28.714299109116908,1.5490091638706223
"[0.3165569032788266, 0.6528469068274646, -0.8858259955255918, 0.5321394709128124]",28.714332772826847,1.5490719963520188
"[0.3165501148328211, 0.6528465969947097, -0.8858262938361973, 0.5321396450154214]",28.714366439822626,1.5491348288334152
"[0.31654332639057337, 0.6528462872503299, -0.8858265922261683, 0.5321398189926828]",28.714400107208686,1.549197661314812
"[0.3165365381543668, 0.6528459776035156, -0.8858268906866105, 0.5321399928394568]",28.714433775397136,1.5492604937962084
"[0.31652974988881327, 0.652845668043554, -0.8858271892278691, 0.5321401665617393]",28.71446744546866,1.5493233262776052
"[0.31652296158951765, 0.6528453585702376, -0.8858274878501387, 0.5321403401596476]",28.71450111416989,1.5493861587590019
"[0.3165161726446548, 0.6528450491556826, -0.8858277865803459, 0.5321405136488108]",28.71453479139969,1.5494489912403984
"[0.31650938549839064, 0.6528447399112622, -0.8858280853109214, 0.5321406869667978]",28.714568461482184,1.549511823721795
"[0.31650259753308824, 0.652844430717685, -0.8858283841570611, 0.5321408601804821]",28.714602139972197,1.5495746562031916
"[0.3164958091520354, 0.6528441215933549, -0.8858286831010307, 0.5321410332795226]",28.714635816225613,1.549637488684588
"[0.31648902164757176, 0.6528438125970811, -0.8858289820859117, 0.5321412062310127]",28.71466949600107,1.5497003211659848
"[0.31648223415169796, 0.6528435036893616, -0.8858292811499227, 0.5321413790570548]",28.7147031739423,1.5497631536473815
"[0.31647544596619215, 0.6528431948384124, -0.8858295803238397, 0.5321415517754282]",28.71473685704781,1.5498259861287782
"[0.3164686585035031, 0.65284288610851, -0.8858298795454123, 0.5321417243501771]",28.71477053792104,1.5498888186101747
"[0.3164618710923867, 0.6528425774690837, -0.8858301788442179, 0.5321418967984145]",28.71480422166524,1.5499516510915712
"[0.31645508405816214, 0.6528422689349347, -0.8858304782059038, 0.5321420691118636]",28.714837906536275,1.550014483572968
"[0.3164482966726126, 0.6528419604729517, -0.8858307776625894, 0.5321422413090175]",28.714871592862654,1.5500773160543644
"[0.31644150917489877, 0.6528416520940101, -0.885831077203731, 0.5321424133837963]",28.714905281325404,1.550140148535761
"[0.3164347218635608, 0.6528413438116747, -0.8858313768161526, 0.5321425853286262]",28.71493896962012,1.5502029810171578
"[0.3164279345932576, 0.6528410356193243, -0.8858316765062665, 0.5321427571472102]",28.714972659957333,1.5502658134985543
"[0.3164211486189946, 0.6528407275739305, -0.8858319762186333, 0.5321429288077987]",28.715006353222826,1.5503286459799508
"[0.3164143614430252, 0.6528404195621068, -0.8858322760635693, 0.5321431003735752]",28.715040049135297,1.5503914784613475
"[0.31640757416794185, 0.6528401116339008, -0.8858325759923859, 0.5321432718166476]",28.715073743097435,1.550454310942744
"[0.3164007877497601, 0.6528398038326819, -0.8858328759628242, 0.5321434431128708]",28.715107440278544,1.5505171434241407
"[0.3163940011281541, 0.6528394961103465, -0.88583317602174, 0.5321436142890229]",28.715141138027686,1.5505799759055374
"[0.3163872147635681, 0.6528391884877468, -0.8858334761487758, 0.5321437853335167]",28.7151748370291,1.550642808386934
"[0.3163804279121201, 0.6528388809311886, -0.8858337763768328, 0.5321439562650668]",28.715208538020576,1.5507056408683306
"[0.31637364171871596, 0.6528385734925432, -0.8858340766552614, 0.5321441270548487]",28.715242239782498,1.5507684733497271
"[0.316366855678357, 0.6528382661489136, -0.8858343770063922, 0.5321442977155948]",28.715275943206674,1.5508313058311236
"[0.31636006921119436, 0.6528379588740416, -0.8858346774558948, 0.5321444682618783]",28.715309648780924,1.5508941383125203
"[0.3163532829470321, 0.6528376516964459, -0.8858349779758908, 0.5321446386778644]",28.715343352513187,1.550956970793917
"[0.31634649712413576, 0.6528373446268987, -0.8858352785558166, 0.5321448089575845]",28.715377059728805,1.5510198032753137
"[0.3163397112936269, 0.6528370376450753, -0.8858355792155487, 0.5321449791123157]",28.715410770410493,1.5510826357567102
"[0.3163329253679124, 0.6528367307470131, -0.885835879958969, 0.53214514914425]",28.7154444818183,1.5511454682381067
"[0.31632613956629624, 0.6528364239426425, -0.8858361807763581, 0.5321453190478744]",28.715478191769684,1.5512083007195034
"[0.3163193535319634, 0.6528361172157942, -0.8858364816835362, 0.5321454888321634]",28.715511906893447,1.5512711332009002
"[0.316312568115275, 0.6528358106049257, -0.885836782642789, 0.5321456584758131]",28.71554562128721,1.5513339656822966
"[0.3163057824454757, 0.6528355040706766, -0.8858370836927311, 0.5321458280006084]",28.715579338630405,1.5513967981636934
"[0.31629899747925433, 0.6528351976562524, -0.8858373847909115, 0.5321459973826604]",28.71561305238023,1.5514596306450898
"[0.3162922121284573, 0.6528348913125002, -0.8858376859856127, 0.5321461666491467]",28.715646771933553,1.5515224631264866
"[0.31628542661067666, 0.6528345850492812, -0.885837987267186, 0.5321463357945875]",28.7156804926375,1.551585295607883
"[0.3162786414619601, 0.6528342788907036, -0.8858382886118286, 0.5321465048057206]",28.7157142149347,1.5516481280892798
"[0.3162718562947295, 0.6528339728193505, -0.8858385900367453, 0.5321466736921139]",28.7157479349108,1.5517109605706765
"[0.31626507120222574, 0.652833666839405, -0.8858388915377937, 0.53214684245147]",28.715781660795315,1.551773793052073
"[0.31625828620452295, 0.6528333609517496, -0.8858391931140792, 0.5321470110833142]",28.715815386654274,1.5518366255334695
"[0.3162515010229668, 0.6528330551438378, -0.8858394947779888, 0.5321471795945487]",28.715849111082836,1.5518994580148662
"[0.31624471678407684, 0.652832749466423, -0.8858397964794239, 0.5321473479572199]",28.715882843299298,1.5519622904962627
"[0.31623793191977173, 0.6528324438488371, -0.8858400982881139, 0.5321475162102565]",28.715916571838495,1.5520251229776594
"[0.3162311470436012, 0.6528321383187337, -0.8858404001767778, 0.5321476843384181]",28.71595030268005,1.552087955459056
"[0.31622436281983285, 0.6528318329060119, -0.8858407021158476, 0.5321478523252594]",28.715984038264306,1.5521507879404526
"[0.31621757797237815, 0.6528315275532154, -0.885841004162117, 0.5321480202023859]",28.716017771639013,1.5522136204218493
"[0.316210793779706, 0.6528312223178856, -0.88584130625867, 0.5321481879381564]",28.716051508623327,1.5522764529032458
"[0.3162040104119445, 0.6528309172076442, -0.8858416083979056, 0.5321483555284071]",28.71608524136487,1.5523392853846423
"[0.3161972259572573, 0.6528306121365053, -0.8858419106649833, 0.532148523020359]",28.716118980890034,1.552402117866039
"[0.31619044195703216, 0.6528303071737824, -0.8858422129912411, 0.5321486903759481]",28.71615272255238,1.5524649503474357
"[0.31618365736293536, 0.6528300022723782, -0.8858425154233993, 0.5321488576209985]",28.716186464286913,1.5525277828288322
"[0.31617687327835076, 0.6528296974818111, -0.8858428179122773, 0.532149024728388]",28.716220206571958,1.552590615310229
"[0.31617008954774206, 0.6528293927951424, -0.8858431204647915, 0.5321491917018891]",28.716253948476396,1.5526534477916254
"[0.3161633055080209, 0.6528290881825556, -0.8858434231105164, 0.5321493585578607]",28.71628769409961,1.552716280273022
"[0.3161565221543644, 0.6528287836887382, -0.8858437258050486, 0.5321495252718212]",28.716321442413957,1.5527791127544186
"[0.31614973870866153, 0.6528284792787459, -0.8858440285830996, 0.5321496918629127]",28.716355188062444,1.5528419452358153
"[0.31614295500207085, 0.6528281749450056, -0.8858443314522116, 0.5321498583352717]",28.716388938303393,1.552904777717212
"[0.31613617128403565, 0.6528278706987113, -0.8858446344012529, 0.5321500246827684]",28.716422690362997,1.5529676101986085
"[0.31612938854215883, 0.6528275665841372, -0.8858449373861013, 0.5321501908812091]",28.716456442568095,1.553030442680005
"[0.31612260510992607, 0.652827262526553, -0.8858452404811953, 0.5321503569714376]",28.716490197068453,1.5530932751614017
"[0.3161158219202438, 0.6528269585677916, -0.885845543644859, 0.5321505229305867]",28.71652395359872,1.5531561076427982
"[0.31610903863456474, 0.6528266546926559, -0.8858458468922205, 0.5321506887669679]",28.716557708047006,1.5532189401241951
"[0.31610225588757296, 0.6528263509295871, -0.8858461501948981, 0.5321508544650533]",28.716591465450584,1.5532817726055916
"[0.31609547275003363, 0.6528260472369557, -0.8858464535944419, 0.5321510200475564]",28.716625226228516,1.5533446050869881
"[0.316088689771751, 0.6528257436393865, -0.8858467570662636, 0.5321511855010412]",28.71665898638908,1.5534074375683848
"[0.3160819072082153, 0.6528254401482992, -0.885847060598923, 0.5321513508192932]",28.71669274792139,1.5534702700497813
"[0.31607512457534453, 0.6528251367420238, -0.8858473642140772, 0.5321515160141208]",28.716726508049465,1.553533102531178
"[0.31606834185519533, 0.6528248334197585, -0.8858476679125318, 0.5321516810859556]",28.71676027775411,1.5535959350125748
"[0.31606155956769705, 0.652824530204748, -0.8858479716710015, 0.5321518460221502]",28.716794042634202,1.5536587674939712
"[0.3160547766594417, 0.6528242270499012, -0.885848275536668, 0.5321520108483129]",28.71682781239893,1.553721599975368
"[0.3160479947692387, 0.6528239240284455, -0.8858485794361078, 0.5321521755246396]",28.716861577366167,1.5537844324567645
"[0.3160412125568879, 0.6528236210804903, -0.8858488834293636, 0.5321523400836834]",28.7168953475741,1.553847264938161
"[0.31603442978151935, 0.6528233181952919, -0.8858491875272473, 0.5321525045312625]",28.716929119128643,1.5539100974195577
"[0.3160276478918116, 0.6528230154375324, -0.8858494916648033, 0.5321526688322625]",28.71696289242164,1.5539729299009544
"[0.31602086645340594, 0.6528227127877934, -0.885849795861487, 0.5321528329972414]",28.71699666764529,1.5540357623823509
"[0.31601408377992807, 0.6528224101708243, -0.8858501001929585, 0.5321529970670036]",28.717030445233164,1.5540985948637476
"[0.3160073024341384, 0.6528221077009647, -0.8858504045442278, 0.5321531609795542]",28.717064220320914,1.554161427345144
"[0.31600052065169176, 0.6528218052995001, -0.8858507089944637, 0.5321533247775642]",28.71709799984279,1.5542242598265406
"[0.3159937382691356, 0.6528215029591599, -0.8858510135510228, 0.53215348846495]",28.717131779930522,1.5542870923079373
"[0.3159869572056186, 0.6528212007654791, -0.885851318127714, 0.532153651995414]",28.71716555973454,1.554349924789334
"[0.31598017566910314, 0.6528208986385791, -0.8858516228050142, 0.5321538154121938]",28.71719934606431,1.5544127572707307
"[0.3159733943180503, 0.6528205966077937, -0.8858519275533442, 0.5321539786994185]",28.717233130551108,1.5544755897521272
"[0.3159666133303397, 0.6528202946810391, -0.8858522323647016, 0.5321541418528123]",28.717266917002046,1.5545384222335237
"[0.3159598313254041, 0.6528199927968596, -0.8858525373011552, 0.5321543049055677]",28.717300702256548,1.5546012547149204
"[0.31595305010757874, 0.6528196910355576, -0.8858528422815815, 0.5321544678143161]",28.71733448975674,1.5546640871963169
"[0.3159462693078087, 0.6528193893806996, -0.885853147322557, 0.5321546305879381]",28.717368278414593,1.5547269196777136
"[0.31593948801303545, 0.6528190877916625, -0.8858534524651577, 0.5321547932483534]",28.717402074134462,1.5547897521591103
"[0.3159327070375087, 0.6528187863046662, -0.8858537576727478, 0.5321549557760178]",28.717435863342146,1.5548525846405068
"[0.3159259265246341, 0.6528184849260524, -0.8858540629388588, 0.5321551181675342]",28.71746965881036,1.5549154171219035
"[0.31591914572850277, 0.6528181836226765, -0.8858543682970693, 0.5321552804407538]",28.717503454792542,1.5549782496033
"[0.31591236526425476, 0.6528178824218689, -0.8858546737196762, 0.532155442580956]",28.71753725145181,1.5550410820846965
"[0.31590558446735073, 0.6528175812941013, -0.8858549792366143, 0.5321556046040378]",28.717571049635886,1.5551039145660932
"[0.3158988037111731, 0.6528172802559636, -0.8858552848310646, 0.532155766501063]",28.717604846959393,1.55516674704749
"[0.3158920236630982, 0.6528169793370666, -0.8858555904729369, 0.5321559282561185]",28.717638652081988,1.5552295795288864
"[0.3158852433515254, 0.6528166784942792, -0.8858558962060232, 0.532156089892393]",28.717672452541596,1.5552924120102831
"[0.31587846285688564, 0.6528163777311744, -0.885856202026704, 0.532156251407958]",28.717706259702407,1.5553552444916796
"[0.3158716826358903, 0.6528160770680081, -0.885856507914379, 0.5321564127919352]",28.71774006237986,1.5554180769730763
"[0.31586490265418987, 0.6528157765032566, -0.885856813870588, 0.532156574045141]",28.717773868554907,1.555480909454473
"[0.3158581228110799, 0.6528154760324144, -0.8858571198998704, 0.5321567351700176]",28.717807680233644,1.5555437419358695
"[0.3158513430803001, 0.6528151756543421, -0.8858574260034057, 0.5321568961671582]",28.71784148681263,1.5556065744172662
"[0.3158445628183336, 0.6528148753405245, -0.885857732210256, 0.5321570570518435]",28.717875298433366,1.5556694068986627
"[0.31583778321303996, 0.6528145751435712, -0.8858580384667737, 0.5321572177958878]",28.71790911089946,1.5557322393800592
"[0.31583100316676854, 0.6528142750148711, -0.8858583448225398, 0.5321573784253244]",28.717942922676357,1.555795071861456
"[0.3158242237861522, 0.6528139750034059, -0.8858586512275466, 0.5321575389139381]",28.717976741049497,1.5558579043428526
"[0.3158174445292656, 0.6528136750851776, -0.8858589577062738, 0.5321576992745777]",28.718010554271395,1.5559207368242491
"[0.3158106646152888, 0.6528133752256484, -0.8858592642940297, 0.5321578595256993]",28.718044372643956,1.5559835693056459
"[0.31580388528340864, 0.6528130754796259, -0.8858595709347802, 0.5321580196380081]",28.71807819132452,1.5560464017870423
"[0.3157971062060472, 0.6528127758326084, -0.885859877643327, 0.5321581796192625]",28.71811201173079,1.556109234268439
"[0.3157903270426997, 0.6528124762695395, -0.8858601844350729, 0.5321583394775019]",28.718145835198822,1.5561720667498355
"[0.31578354798351604, 0.6528121767988182, -0.8858604913014122, 0.5321584992082433]",28.718179658648424,1.5562348992312323
"[0.3157767690725395, 0.6528118774223851, -0.8858607982403469, 0.5321586588104522]",28.718213482435228,1.556297731712629
"[0.3157699900484343, 0.6528115781286967, -0.8858611052637093, 0.5321588182902811]",28.71824730929107,1.5563605641940255
"[0.31576321072256275, 0.652811278909432, -0.8858614123800495, 0.5321589776521533]",28.718281138471255,1.556423396675422
"[0.3157564326488292, 0.6528109798331485, -0.8858617195189563, 0.5321591368595747]",28.71831496574866,1.5564862291568187
"[0.3157496537579426, 0.6528106808085421, -0.8858620267741892, 0.5321592959611466]",28.718348795460813,1.5565490616382152
"[0.31574287488245767, 0.652810381872338, -0.8858623341080262, 0.5321594549373214]",28.71838262749311,1.5566118941196119
"[0.31573609650224455, 0.6528100830456955, -0.8858626414987028, 0.5321596137768467]",28.71841645954497,1.5566747266010086
"[0.31572931815540733, 0.6528097843082377, -0.8858629489671552, 0.5321597724905618]",28.71845029787908,1.556737559082405
"[0.3157225395381065, 0.6528094856465766, -0.8858632565271709, 0.5321599310855728]",28.71848413158843,1.5568003915638018
"[0.315715761597711, 0.6528091871024406, -0.8858635641357576, 0.5321600895397279]",28.718517967117556,1.5568632240451983
"[0.3157089836435792, 0.6528088886453975, -0.8858638718242483, 0.5321602478691865]",28.71855180711965,1.5569260565265948
"[0.31570220542832683, 0.6528085902645565, -0.8858641796038772, 0.5321604060797193]",28.71858564597927,1.5569888890079915
"[0.3156954270586519, 0.6528082919646206, -0.8858644874698075, 0.5321605641688235]",28.718619488682087,1.5570517214893882
"[0.3156886495534348, 0.6528079937904135, -0.8858647953757497, 0.5321607221127537]",28.718653332433128,1.557114553970785
"[0.315681870801898, 0.6528076956490776, -0.8858651034176043, 0.5321608799606881]",28.71868717594355,1.5571773864521814
"[0.3156750936795769, 0.6528073976670732, -0.8858654114646938, 0.5321610376456788]",28.718721022522885,1.557240218933578
"[0.3156683162744723, 0.6528070997603058, -0.885865719603903, 0.532161195212246]",28.71875486870754,1.5573030514149746
"[0.315661538121192, 0.6528068019083374, -0.8858660278564081, 0.5321613526711799]",28.7187887157103,1.5573658838963713
"[0.3156547604922098, 0.6528065041670834, -0.885866336164345, 0.5321615099929164]",28.718822565788727,1.5574287163777678
"[0.3156479831014174, 0.6528062065239629, -0.8858666445407152, 0.5321616671841118]",28.718856418312175,1.5574915488591645
"[0.3156412058901188, 0.6528059089763854, -0.8858669529881817, 0.5321618242461402]",28.71889027285831,1.557554381340561
"[0.3156344285180143, 0.6528056115094082, -0.8858672615222322, 0.5321619811868874]",28.71892412510568,1.5576172138219575
"[0.3156276516462835, 0.6528053141520447, -0.885867570112761, 0.5321621379910488]",28.718957979403676,1.5576800463033542
"[0.31562087467476707, 0.65280501687795, -0.8858678787870896, 0.5321622946725222]",28.71899183655381,1.557742878784751
"[0.31561409775756155, 0.6528047196938848, -0.8858681875382, 0.5321624512277401]",28.719025698351132,1.5578057112661476
"[0.315607320494881, 0.6528044225823159, -0.8858684963843113, 0.5321626076659349]",28.719059556198946,1.5578685437475441
"[0.315600543209068, 0.6528041255573855, -0.8858688053107406, 0.5321627639796475]",28.719093417390898,1.5579313762289406
"[0.31559376706543923, 0.6528038286701408, -0.8858691142643502, 0.5321629201420323]",28.7191272796229,1.5579942087103373
"[0.3155869900092833, 0.6528035318305505, -0.8858694233388184, 0.5321630762004474]",28.719161142010943,1.5580570411917338
"[0.31558021397778635, 0.6528032351234595, -0.8858697324457969, 0.5321632321102876]",28.71919500765069,1.5581198736731305
"[0.31557343712171804, 0.6528029384678923, -0.8858700416696388, 0.5321633879141016]",28.71922887514535,1.5581827061545273
"[0.31556666058245825, 0.6528026419138149, -0.885870350958273, 0.5321635435856396]",28.71926274359896,1.5582455386359237
"[0.31555988444240923, 0.652802345464826, -0.8858706603079256, 0.5321636991230173]",28.719296611970258,1.5583083711173205
"[0.3155531079933315, 0.652802049089925, -0.8858709697509287, 0.5321638545425071]",28.719330483318824,1.558371203598717
"[0.31554633129834914, 0.652801752791896, -0.885871279284409, 0.5321640098426279]",28.719364356421906,1.5584340360801134
"[0.3155395553307233, 0.6528014566132669, -0.8858715888639032, 0.5321641650011051]",28.719398228434724,1.5584968685615102
"[0.3155327794109025, 0.6528011605243301, -0.8858718985204449, 0.5321643200335046]",28.719432103684433,1.5585597010429069
"[0.31552600294010846, 0.652800864498923, -0.8858722082814067, 0.5321644749535176]",28.71946598208244,1.5586225335243034
"[0.3155192272289616, 0.6528005685942952, -0.8858725180868748, 0.5321646297311836]",28.719499858283154,1.5586853660057
"[0.3155124514165701, 0.6528002727728345, -0.8858728279762, 0.5321647843861866]",28.719533738851236,1.5587481984870966
"[0.3155056759372578, 0.6527999770535006, -0.885873137929515, 0.5321649389086132]",28.719567618420484,1.5588110309684933
"[0.3154989003285226, 0.6527996814160927, -0.885873447967974, 0.5321650933090263]",28.7196014977762,1.5588738634498898
"[0.31549212496319556, 0.6527993858768781, -0.8858737580745141, 0.5321652475789272]",28.719635381163897,1.5589366959312865
"[0.3154853494218722, 0.6527990904175636, -0.8858740682683307, 0.5321654017278618]",28.719669266021775,1.5589995284126832
"[0.31547857394823997, 0.6527987950487735, -0.8858743785382691, 0.5321655557502833]",28.719703151450094,1.5590623608940797
"[0.31547179896485256, 0.6527984997889302, -0.8858746888649691, 0.5321657096365834]",28.71973704148759,1.5591251933754762
"[0.3154650232737728, 0.6527982045857849, -0.8858749993033069, 0.5321658634140175]",28.71977093012771,1.5591880258568729
"[0.31545824838098857, 0.6527979095049938, -0.8858753097842804, 0.5321660170483519]",28.719804818960633,1.5592508583382694
"[0.31545147311788296, 0.6527976144956256, -0.8858756203614381, 0.5321661705661237]",28.719838711547826,1.559313690819666
"[0.3154446982800515, 0.6527973195923253, -0.8858759309983095, 0.5321663239492982]",28.719872605904566,1.5593765233010628
"[0.3154379234602336, 0.6527970247773546, -0.8858762417135594, 0.5321664772071085]",28.719906498132165,1.5594393557824593
"[0.3154311488359789, 0.6527967300584328, -0.8858765524990417, 0.5321666303355428]",28.719940394701283,1.559502188263856
"[0.31542437460210004, 0.6527964354440211, -0.8858768633458087, 0.5321667833302138]",28.719974291665732,1.5595650207452525
"[0.31541759908240224, 0.652796140861238, -0.8858771743307912, 0.5321669362289501]",28.720008188024142,1.5596278532266492
"[0.31541082482919275, 0.6527958464210494, -0.8858774853368425, 0.5321670889741547]",28.720042089152777,1.559690685708046
"[0.3154040498908359, 0.6527955520386284, -0.8858777964535519, 0.5321672416098308]",28.720075993490525,1.5597535181894424
"[0.31539727638140896, 0.6527952578057783, -0.8858781075838252, 0.5321673940884183]",28.720109893465125,1.559816350670839
"[0.3153905014529016, 0.6527949635988244, -0.88587841885848, 0.5321675464739779]",28.72014379970876,1.5598791831522356
"[0.3153837276535844, 0.6527946695284251, -0.8858787301604409, 0.5321676987091906]",28.72017770437697,1.559942015633632
"[0.315376953620067, 0.652794375535349, -0.8858790415523499, 0.5321678508247487]",28.72021161153248,1.5600048481150288
"[0.3153701793346183, 0.6527940816188588, -0.8858793530350296, 0.5321680028210065]",28.720245521240546,1.5600676805964255
"[0.31536340525500167, 0.6527937877988054, -0.8858796645874336, 0.532168154687701]",28.720279430472573,1.560130513077822
"[0.31535663123553753, 0.6527934940688639, -0.8858799762162561, 0.5321683064281038]",28.720313339147303,1.5601933455592187
"[0.31534985758898965, 0.6527932004425973, -0.8858802879071017, 0.5321684580352053]",28.720347252912116,1.5602561780406152
"[0.3153430835759044, 0.6527929068879141, -0.8858805996939975, 0.5321686095255975]",28.720381167139575,1.5603190105220117
"[0.3153363102015952, 0.6527926134484096, -0.8858809115306655, 0.5321687608767603]",28.720415081475643,1.5603818430034084
"[0.3153295361362677, 0.6527923200664599, -0.8858812234783296, 0.5321689121184208]",28.720448999855375,1.5604446754848051
"[0.31532276232699136, 0.6527920267830879, -0.8858815354933837, 0.5321690632294219]",28.720482916945834,1.5605075079662019
"[0.31531598972761976, 0.6527917336395644, -0.8858818475318662, 0.5321692141885217]",28.720516836690507,1.5605703404475983
"[0.31530921657992983, 0.6527914405597832, -0.8858821596747727, 0.5321693650349141]",28.720550756006137,1.5606331729289948
"[0.31530244286280207, 0.6527911475428155, -0.885882471923097, 0.5321695157690787]",28.72058467718087,1.5606960054103916
"[0.3152956694195056, 0.6527908546251783, -0.885882784237971, 0.532169666372199]",28.720618605021425,1.560758837891788
"[0.3152888971490843, 0.6527905618457167, -0.885883096577916, 0.5321698168243288]",28.720652526222693,1.5608216703731848
"[0.31528212363540203, 0.6527902690999484, -0.8858834090543661, 0.5321699671791749]",28.72068645612691,1.5608845028545815
"[0.31527535092977854, 0.6527899764765666, -0.8858837215726978, 0.5321701173911528]",28.72072038496466,1.560947335335978
"[0.31526857814650566, 0.6527896839372769, -0.8858840341737672, 0.5321702674799386]",28.72075431105652,1.5610101678173747
"[0.3152618049864165, 0.6527893914691688, -0.8858843468713907, 0.5321704174521419]",28.720788240887465,1.5610730002987712
"[0.31525503284836914, 0.652789099132615, -0.8858846596009763, 0.5321705672768258]",28.720822172305347,1.5611358327801677
"[0.31524825981646193, 0.6527888068449241, -0.885884972450995, 0.5321707169963572]",28.720856106880067,1.5611986652615644
"[0.31524148762413584, 0.6527885146808948, -0.8858852853413797, 0.5321708665724239]",28.720890042379125,1.561261497742961
"[0.31523471527970204, 0.6527882225977296, -0.8858855983179359, 0.5321710160269458]",28.720923978604162,1.5613243302243576
"[0.3152279426413702, 0.6527879305893197, -0.8858859113872246, 0.532171165363038]",28.720957915631168,1.5613871627057543
"[0.31522117040555003, 0.652787638685687, -0.8858862245170518, 0.5321713145653476]",28.7209918524888,1.5614499951871508
"[0.31521439779361266, 0.6527873468532688, -0.8858865377434183, 0.5321714636510273]",28.72102579377911,1.5615128276685473
"[0.3152076264398523, 0.6527870551624696, -0.8858868509907241, 0.5321716125841228]",28.72105973635013,1.5615756601499442
"[0.3152008541469335, 0.6527867635186251, -0.8858871643606145, 0.5321717614129718]",28.72109367886927,1.5616384926313407
"[0.3151940823416599, 0.6527864719831814, -0.8858874777870748, 0.5321719101062119]",28.72112762572578,1.5617013251127374
"[0.31518731021780216, 0.6527861805214313, -0.8858877913074186, 0.5321720586815398]",28.721161572744002,1.561764157594134
"[0.31518053921507, 0.652785889195319, -0.8858881048549782, 0.532172207107393]",28.721195517820494,1.5618269900755304
"[0.31517376707115297, 0.6527855979075045, -0.8858884185345162, 0.5321723554333619]",28.721229464600313,1.561889822556927
"[0.31516699584904406, 0.6527853067467253, -0.8858887322504808, 0.532172503614255]",28.721263416455884,1.5619526550383238
"[0.3151602235170468, 0.6527850156256244, -0.8858890460970045, 0.5321726516945227]",28.72129736966302,1.5620154875197203
"[0.31515345217016366, 0.6527847246342506, -0.8858893599770024, 0.5321727996283632]",28.721331319095935,1.562078320001117
"[0.31514668112799343, 0.6527844337433458, -0.885889673921991, 0.5321729474306659]",28.721365277094137,1.5621411524825135
"[0.31513991011175657, 0.6527841429409236, -0.8858899879448904, 0.5321730951075255]",28.72139923066624,1.5622039849639102
"[0.31513313877941324, 0.6527838522122982, -0.8858903020615685, 0.5321732426663928]",28.721433187618974,1.5622668174453067
"[0.31512636704940045, 0.6527835615539775, -0.8858906162758214, 0.5321733901090256]",28.721467146436552,1.5623296499267034
"[0.3151195963534843, 0.6527832710274057, -0.8858909305212025, 0.5321735374042627]",28.721501105673468,1.5623924824081001
"[0.31511282538726465, 0.6527829805765921, -0.8858912448582393, 0.5321736845805041]",28.72153506673025,1.5624553148894966
"[0.3151060541036465, 0.6527826901995238, -0.8858915592891283, 0.5321738316387586]",28.721569031969775,1.5625181473708931
"[0.31509928364216666, 0.6527823999450626, -0.8858918737609446, 0.5321739785542835]",28.721602992946387,1.5625809798522898
"[0.3150925130874673, 0.6527821097739473, -0.8858921883161924, 0.5321741253469642]",28.72163695870446,1.5626438123336863
"[0.3150857421451167, 0.6527818196735665, -0.8858925029685587, 0.5321742720231697]",28.721670928184565,1.562706644815083
"[0.31507897133541896, 0.6527815296662177, -0.8858928176938681, 0.5321744185716182]",28.721704896017258,1.5627694772964797
"[0.31507220130425473, 0.6527812397795444, -0.8858931324620837, 0.5321745649783559]",28.721738865491194,1.5628323097778762
"[0.31506543119241137, 0.6527809499767409, -0.8858934473131408, 0.5321747112619815]",28.721772833850135,1.562895142259273
"[0.3150586606461672, 0.6527806602426748, -0.8858937622634987, 0.5321748574301208]",28.72180680621787,1.5629579747406694
"[0.3150518905820276, 0.6527803706165797, -0.8858940772705226, 0.5321750034629691]",28.72184077876782,1.563020807222066
"[0.3150451206184965, 0.652780081082068, -0.885894392351954, 0.5321751493688339]",28.72187475450442,1.5630836397034626
"[0.31503835059829594, 0.6527797916324908, -0.8858947075151102, 0.5321752951510095]",28.72190873212708,1.5631464721848594
"[0.31503158033268774, 0.6527795022596948, -0.8858950227687852, 0.5321754408136551]",28.72194271042344,1.5632093046662558
"[0.3150248103267593, 0.6527792129853301, -0.8858953380894574, 0.5321755863458266]",28.72197668951847,1.5632721371476526
"[0.3150180403828529, 0.6527789238009255, -0.8858956534863277, 0.5321757317518012]",28.72201067123438,1.563334969629049
"[0.3150112705349957, 0.6527786347079374, -0.885895968957808, 0.5321758770308426]",28.722044653108483,1.5633978021104458
"[0.3150045014294977, 0.6527783457339216, -0.8858962844737667, 0.5321760221691325]",28.722078636086557,1.5634606345918423
"[0.31499773190617864, 0.6527780568293662, -0.8858966000882744, 0.532176167191526]",28.72211262388476,1.563523467073239
"[0.3149909620135636, 0.6527777679963475, -0.8858969157990827, 0.5321763120969693]",28.72214660751641,1.5635862995546357
"[0.31498419258128846, 0.6527774792702588, -0.8858972315675003, 0.5321764568677051]",28.722180594939964,1.5636491320360322
"[0.31497742323194317, 0.652777190634989, -0.8858975474111223, 0.5321766015118199]",28.722214584284057,1.5637119645174287
"[0.31497065400414426, 0.6527769020921809, -0.8858978633281432, 0.5321767460284911]",28.722248573087395,1.5637747969988254
"[0.3149638847632212, 0.6527766136360899, -0.8858981793248465, 0.532176890420595]",28.722282567985506,1.563837629480222
"[0.31495711563880835, 0.652776325272233, -0.8858984953951785, 0.5321770346853729]",28.72231655668671,1.5639004619616188
"[0.31495034659790444, 0.6527760369992018, -0.8858988115406768, 0.5321771788235274]",28.722350551382934,1.5639632944430153
"[0.31494357771417225, 0.6527757488201282, -0.8858991277578959, 0.5321773228334944]",28.722384551730364,1.5640261269244118
"[0.31493680915181543, 0.6527754607419884, -0.8858994440391573, 0.5321774667117969]",28.722418549052477,1.5640889594058085
"[0.3149300402428198, 0.6527751727363537, -0.8858997604156758, 0.5321776104726273]",28.722452546826272,1.564151791887205
"[0.314923271943358, 0.6527748848438961, -0.8859000768427555, 0.5321777540956896]",28.72248654608782,1.5642146243686017
"[0.31491650302621005, 0.6527745970124174, -0.8859003933777713, 0.5321778976070191]",28.72252054647978,1.5642774568499984
"[0.31490973454973, 0.6527743092869215, -0.8859007099712335, 0.5321780409841732]",28.72255454842239,1.564340289331395
"[0.31490296564130027, 0.6527740216303126, -0.8859010266639589, 0.5321781842456342]",28.722588553897342,1.5644031218127916
"[0.314896198129584, 0.6527737341202816, -0.8859013433703737, 0.5321783273527256]",28.72262255997409,1.564465954294188
"[0.3148894301803443, 0.6527734466789006, -0.8859016601762995, 0.5321784703442387]",28.722656565689004,1.5645287867755846
"[0.3148826608607314, 0.6527731592665322, -0.8859019771254357, 0.5321786132398919]",28.722690575563576,1.5645916192569813
"[0.31487589313797876, 0.6527728720092072, -0.8859022940788465, 0.5321787559769903]",28.722724585921014,1.564654451738378
"[0.3148691255432733, 0.6527725848445218, -0.8859026111052914, 0.5321788985865874]",28.72275859801453,1.5647172842197745
"[0.3148623574539906, 0.6527722977460899, -0.8859029282339428, 0.5321790410817595]",28.722792610796535,1.5647801167011712
"[0.3148555894280596, 0.6527720107375209, -0.8859032454386674, 0.5321791834508225]",28.72282662376733,1.5648429491825677
"[0.31484882158699257, 0.6527717238240281, -0.885903562713764, 0.5321793256911458]",28.72286063929163,1.5649057816639642
"[0.31484205385928177, 0.6527714370025357, -0.8859038800625799, 0.5321794678042834]",28.722894654525742,1.564968614145361
"[0.3148352866140978, 0.6527711502886935, -0.885904197467794, 0.5321796097824777]",28.722928673978085,1.5650314466267576
"[0.31482851912316606, 0.6527708636516318, -0.8859045149635606, 0.5321797516410224]",28.722962693105213,1.5650942791081544
"[0.31482175152970304, 0.6527705770974241, -0.8859048325431658, 0.5321798933769019]",28.722996712594234,1.5651571115895508
"[0.3148149838488225, 0.6527702906267112, -0.8859051502059041, 0.5321800349897935]",28.72303073663999,1.5652199440709473
"[0.31480821677897336, 0.6527700042690459, -0.8859054679189828, 0.5321801764650954]",28.723064760020787,1.565282776552344
"[0.31480144929258447, 0.6527697179809397, -0.8859057857306427, 0.5321803178242952]",28.7230987862264,1.5653456090337405
"[0.3147946823682425, 0.6527694318038072, -0.8859061035949235, 0.5321804590469286]",28.723132810072435,1.5654084415151373
"[0.3147879156188855, 0.6527691457211987, -0.8859064215299969, 0.5321806001411695]",28.723166840986693,1.565471273996534
"[0.3147811483305102, 0.6527688597029976, -0.8859067395694145, 0.5321807411218171]",28.723200869912116,1.5655341064779305
"[0.31477438081210174, 0.6527685737622553, -0.8859070576986685, 0.5321808819824368]",28.723234900787205,1.5655969389593272
"[0.314767614905446, 0.6527682879767602, -0.8859073758311553, 0.5321810226847329]",28.723268931501476,1.5656597714407237
"[0.31476084768689583, 0.6527680022230298, -0.8859076941043398, 0.5321811632894914]",28.72330296636895,1.5657226039221204
"[0.31475408109944175, 0.6527677165830768, -0.8859080124268528, 0.5321813037563735]",28.72333699959792,1.565785436403517
"[0.31474731464271394, 0.652767431035804, -0.8859083308222183, 0.5321814440957368]",28.72337103949548,1.5658482688849136
"[0.3147405480012205, 0.652767145567884, -0.885908649305283, 0.5321815843141371]",28.72340507584447,1.56591110136631
"[0.31473378160143356, 0.6527668601973057, -0.8859089678559736, 0.5321817244027377]",28.72343911333754,1.5659739338477068
"[0.31472701557571553, 0.6527665749296371, -0.8859092864680478, 0.5321818643588142]",28.723473153014105,1.5660367663291033
"[0.3147202491056672, 0.6527662897303719, -0.8859096051800449, 0.5321820041992931]",28.723507196002984,1.5660995988105
"[0.3147134833824081, 0.6527660046497087, -0.885909923935856, 0.5321821438995621]",28.72354123804151,1.5661624312918967
"[0.3147067171148688, 0.6527657196332507, -0.8859102427963039, 0.532182283486273]",28.723575283783735,1.5662252637732932
"[0.31469995126199285, 0.652765434721361, -0.8859105617162008, 0.532182422939676]",28.72360933068775,1.56628809625469
"[0.3146931848726468, 0.6527651498740193, -0.8859108807403819, 0.5321825622793317]",28.72364337606442,1.5663509287360864
"[0.3146864192635886, 0.6527648651466404, -0.8859111998067596, 0.5321827014781431]",28.72367742787784,1.5664137612174829
"[0.3146796535402473, 0.6527645805015629, -0.8859115189575109, 0.5321828405545314]",28.723711476439306,1.5664765936988796
"[0.31467288755992406, 0.6527642959327888, -0.885911838199373, 0.5321829795114185]",28.723745526871156,1.5665394261802763
"[0.31466612214101986, 0.6527640114747295, -0.8859121574937254, 0.532183118332005]",28.723779580409484,1.566602258661673
"[0.31465935637446174, 0.6527637270891573, -0.8859124768834686, 0.532183257034948]",28.72381363412121,1.5666650911430695
"[0.3146525912306752, 0.6527634428168555, -0.8859127963227863, 0.5321833956003592]",28.72384769055977,1.566727923624466
"[0.31464582553851334, 0.6527631586086092, -0.8859131158669775, 0.5321835340522261]",28.723881748401634,1.5667907561058627
"[0.3146390603170763, 0.6527628745072269, -0.8859134354679109, 0.532183672369692]",28.723915805754306,1.5668535885872592
"[0.31463229552593247, 0.6527625905109931, -0.885913755127481, 0.5321838105536053]",28.723949867073955,1.566916421068656
"[0.31462553045177033, 0.6527623065899556, -0.8859140748793914, 0.532183948618541]",28.723983925789472,1.5669792535500526
"[0.3146187648024957, 0.6527620227318711, -0.885914394737463, 0.5321840865704347]",28.724017990498698,1.5670420860314491
"[0.31461200032367825, 0.6527617390099676, -0.8859147146191599, 0.5321842243737044]",28.724052054407036,1.5671049185128456
"[0.3146052350922696, 0.6527614553435644, -0.8859150346154133, 0.5321843620675496]",28.72408611953612,1.5671677509942423
"[0.31459847057652124, 0.6527611717942374, -0.8859153546567753, 0.5321844996220696]",28.72412018271248,1.5672305834756388
"[0.31459170570639594, 0.6527608883171182, -0.8859156747938642, 0.5321846370590401]",28.7241542526992,1.5672934159570355
"[0.31458494116724806, 0.6527606049409275, -0.8859159949942474, 0.5321847743645314]",28.72418832485514,1.5673562484384322
"[0.31457817712310226, 0.6527603216725175, -0.8859163152501465, 0.5321849115352376]",28.72422239448787,1.5674190809198287
"[0.31457141231546093, 0.6527600384591955, -0.8859166356211514, 0.5321850485966618]",28.724256468582507,1.5674819134012254
"[0.3145646479669446, 0.6527597553521294, -0.8859169560493664, 0.5321851855240489]",28.724290539405843,1.567544745882622
"[0.31455788351916675, 0.6527594723279623, -0.8859172765612355, 0.5321853223286848]",28.724324614651135,1.5676075783640184
"[0.31455111932641805, 0.6527591894015098, -0.8859175971399692, 0.5321854590034111]",28.7243586915511,1.5676704108454154
"[0.31454435498207184, 0.6527589065557475, -0.8859179178048375, 0.5321855955564598]",28.72439277116445,1.5677332433268119
"[0.31453759115205226, 0.6527586238185253, -0.8859182385242648, 0.5321857319743815]",28.724426849061633,1.5677960758082086
"[0.3145308272620583, 0.6527583411658195, -0.8859185593254753, 0.5321858682687768]",28.724460930080845,1.567858908289605
"[0.3145240628044666, 0.6527580585764293, -0.8859188802325554, 0.5321860044498546]",28.724495012870094,1.5679217407710015
"[0.3145172994736791, 0.6527577761211273, -0.8859192011651125, 0.5321861404835168]",28.72452909368126,1.5679845732523983
"[0.31451053524027583, 0.6527574937151532, -0.8859195222194421, 0.5321862764105865]",28.72456317875467,1.568047405733795
"[0.31450377217608205, 0.6527572114449982, -0.8859198432972039, 0.5321864121894374]",28.7245972659284,1.5681102382151915
"[0.3144970085872214, 0.6527569292399488, -0.8859201644788036, 0.5321865478540951]",28.724631353698964,1.5681730706965882
"[0.31449024460267455, 0.6527566471054059, -0.8859204857581318, 0.5321866834019418]",28.724665443012302,1.5682359031779847
"[0.31448348090363726, 0.6527563650697807, -0.8859208071028347, 0.532186818819325]",28.724699532654032,1.5682987356593814
"[0.3144767174516279, 0.652756083131466, -0.8859211285147311, 0.5321869541070183]",28.724733626986687,1.5683615681407779
"[0.3144699547349592, 0.652755801310774, -0.8859214499705991, 0.5321870892553057]",28.724767718208753,1.5684244006221746
"[0.3144631915682626, 0.6527555195583287, -0.885921771526777, 0.5321872242878488]",28.724801812187163,1.5684872331035713
"[0.31445642838208326, 0.6527552378920456, -0.8859220931628033, 0.5321873591960704]",28.724835909830993,1.5685500655849678
"[0.31444966499605637, 0.6527549563044358, -0.8859224148872593, 0.5321874939835373]",28.724870004690676,1.5686128980663643
"[0.3144429022847099, 0.6527546748318942, -0.8859227366585366, 0.5321876286328373]",28.72490410513419,1.568675730547761
"[0.31443613931505976, 0.6527543934355742, -0.8859230585210194, 0.5321877631625628]",28.724938207649558,1.5687385630291575
"[0.3144293769079794, 0.6527541121496321, -0.8859233804356349, 0.5321878975563819]",28.724972306841913,1.5688013955105542
"[0.31442261391991433, 0.6527538309264853, -0.8859237024568212, 0.5321880318370358]",28.725006411216764,1.568864227991951
"[0.3144158510530562, 0.6527535497953553, -0.8859240245511512, 0.5321881659905502]",28.7250405144449,1.5689270604733474
"[0.3144090893291419, 0.6527532687986782, -0.8859243466699401, 0.5321882999967045]",28.72507462007724,1.5689898929547441
"[0.31440232644750354, 0.6527529878408505, -0.8859246689227891, 0.5321884339010836]",28.725108727932145,1.5690527254361406
"[0.3143955641463082, 0.65275270699409, -0.8859249912268836, 0.5321885676692579]",28.725142832611738,1.569115557917537
"[0.3143888022739832, 0.6527524262520911, -0.8859253135894298, 0.5321887013042393]",28.725176946463186,1.5691783903989338
"[0.31438203949531923, 0.6527521455594318, -0.8859256360740905, 0.5321888348323925]",28.72521105874945,1.5692412228803305
"[0.31437527730114057, 0.6527518649779122, -0.8859259586097835, 0.5321889682243708]",28.725245169868693,1.569304055361727
"[0.31436851570415814, 0.6527515845081359, -0.8859262811958776, 0.5321891014798336]",28.725279285277434,1.5693668878431237
"[0.3143617531930797, 0.652751304087384, -0.8859266039044821, 0.5321892346285965]",28.725313399666266,1.5694297203245202
"[0.3143549914070386, 0.6527510237836297, -0.8859269266573796, 0.5321893676383789]",28.725347516804835,1.569492552805917
"[0.314348229653932, 0.6527507435681603, -0.8859272494875929, 0.5321895005228201]",28.725381634490283,1.5695553852873134
"[0.3143414677393645, 0.6527504634329274, -0.8859275724044046, 0.5321896332857288]",28.725415753541654,1.5696182177687101
"[0.31433470595750446, 0.652750183390112, -0.885927895393767, 0.5321897659213319]",28.725449875599185,1.5696810502501068
"[0.31432794436814404, 0.652749903442184, -0.8859282184528188, 0.5321898984284623]",28.725483997342163,1.5697438827315033
"[0.3143211833867, 0.6527496236063283, -0.8859285415616979, 0.5321900307989968]",28.725518120182723,1.5698067152128998
"[0.31431442148626976, 0.6527493438193424, -0.8859288647933802, 0.5321901630628297]",28.725552245781177,1.5698695476942965
"[0.31430766081778694, 0.652749064170227, -0.8859291880450412, 0.5321902951778854]",28.725586372736814,1.5699323801756933
"[0.3143008994955255, 0.652748784580964, -0.8859295114068344, 0.5321904271810326]",28.725620501207906,1.56999521265709
"[0.31429413797578476, 0.652748505070436, -0.8859298348569522, 0.5321905590633387]",28.72565462877874,1.5700580451384865
"[0.31428737690328923, 0.6527482256652906, -0.8859301583645482, 0.5321906908122318]",28.725688760422646,1.570120877619883
"[0.31428061593824175, 0.65274794635147, -0.8859304819458715, 0.5321908224343502]",28.725722892477147,1.5701837101012797
"[0.3142738550141154, 0.6527476671262243, -0.8859308056041032, 0.5321909539309886]",28.72575702572235,1.5702465425826762
"[0.3142670940903486, 0.6527473879878731, -0.8859311293411847, 0.5321910853029383]",28.725791160709818,1.5703093750640729
"[0.3142603331483154, 0.652747108935648, -0.8859314531580074, 0.5321912165505572]",28.72582529501478,1.5703722075454696
"[0.31425357227419193, 0.6527468299731017, -0.8859317770504437, 0.5321913476721744]",28.725859435485223,1.570435040026866
"[0.3142468120044949, 0.6527465511223578, -0.8859321009927782, 0.5321914786574002]",28.725893572948763,1.5704978725082626
"[0.3142400518054703, 0.6527462723613847, -0.8859324250105761, 0.5321916095165945]",28.725927713512363,1.5705607049896593
"[0.31423329100016617, 0.6527459936622791, -0.885932749136293, 0.5321917402628418]",28.72596185306042,1.5706235374710558
"[0.31422653043729026, 0.652745715060024, -0.8859330733292464, 0.5321918708797275]",28.725995999162,1.5706863699524525
"[0.31421977052037287, 0.6527454365712388, -0.8859333975700706, 0.5321920013594673]",28.726030138777453,1.5707492024338492
"[0.31421300989712614, 0.6527451581402095, -0.8859337219236286, 0.5321921317281647]",28.726064287340673,1.5708120349152457
"[0.3142062503663263, 0.6527448798410076, -0.8859340463036139, 0.5321922619511426]",28.7260984353171,1.5708748673966424
"[0.314199489419192, 0.652744601570348, -0.8859343708304253, 0.5321923920767215]",28.726132584867614,1.570937699878039
"[0.3141927298521369, 0.6527443234433277, -0.8859346953698348, 0.5321925220510758]",28.72616673613058,1.5710005323594354
"[0.31418596915593866, 0.6527440453566932, -0.8859350200423097, 0.5321926519224625]",28.726200883572215,1.571063364840832
"[0.31417920976889196, 0.6527437674107389, -0.8859353447307524, 0.5321927816440397]",28.726235036049133,1.5711261973222288
"[0.3141724504592958, 0.652743489554777, -0.8859356694943025, 0.5321929112394961]",28.72626919275484,1.5711890298036253
"[0.3141656905156013, 0.6527432117595787, -0.8859359943671578, 0.532193040722443]",28.726303349119444,1.571251862285022
"[0.31415893145428464, 0.6527429340874519, -0.8859363192764345, 0.5321931700638438]",28.726337505984613,1.5713146947664187
"[0.314152171670723, 0.6527426564724715, -0.8859366442992633, 0.5321932992944082]",28.726371662823222,1.571377527247815
"[0.3141454123417965, 0.6527423789629743, -0.8859369693790631, 0.5321934283916265]",28.72640582376174,1.5714403597292117
"[0.3141386527347983, 0.6527421015288739, -0.8859372945510691, 0.5321935573694958]",28.726439982837597,1.5715031922106084
"[0.3141318929304358, 0.6527418241734847, -0.8859376198114065, 0.5321936862264687]",28.726474147746227,1.571566024692005
"[0.3141251347938082, 0.6527415469733091, -0.8859379450703073, 0.5321938149270223]",28.726508312614047,1.5716288571734016
"[0.3141183753999168, 0.6527412698083582, -0.8859382704685399, 0.5321939435268745]",28.726542475991582,1.5716916896547983
"[0.3141116160205598, 0.6527409927308053, -0.8859385959449011, 0.5321940720017913]",28.726576644928205,1.5717545221361946
"[0.3141048572948682, 0.6527407157668337, -0.8859389214686042, 0.5321942003396424]",28.726610812163518,1.5718173546175913
"[0.3140980986027844, 0.652740438891019, -0.8859392470695009, 0.5321943285522202]",28.72664497525279,1.5718801870989882
"[0.3140913398920557, 0.6527401621012191, -0.8859395727501083, 0.5321944566405137]",28.726679150182623,1.571943019580385
"[0.31408458076241796, 0.6527398853810488, -0.8859398985297214, 0.5321945846120958]",28.72671332120483,1.5720058520617812
"[0.31407782208078994, 0.6527396087659969, -0.8859402243665554, 0.5321947124505527]",28.726747496895523,1.572068684543178
"[0.3140710640310352, 0.6527393322635677, -0.8859405502517272, 0.5321948401524336]",28.726781671485938,1.5721315170245747
"[0.3140643056970794, 0.652739055836272, -0.8859408762294055, 0.5321949677350559]",28.726815848159337,1.5721943495059711
"[0.31405754709610456, 0.6527387794848154, -0.8859412022987708, 0.5321950951980868]",28.72685002705862,1.5722571819873679
"[0.3140507885788997, 0.652738503223551, -0.8859415284429022, 0.5321952225348946]",28.7268842056149,1.5723200144687646
"[0.31404403015726134, 0.6527382270529521, -0.8859418546612281, 0.5321953497452648]",28.726918385101886,1.5723828469501608
"[0.31403727200402143, 0.6527379509800736, -0.8859421809453988, 0.5321954768259517]",28.726952568172432,1.5724456794315576
"[0.31403051432098705, 0.6527376750131422, -0.8859425072856582, 0.5321956037731806]",28.726986752187273,1.5725085119129543
"[0.31402375580123154, 0.6527373990987926, -0.8859428337451268, 0.5321957306114906]",28.727020936709007,1.5725713443943508
"[0.3140169982808228, 0.6527371233119778, -0.8859431602351129, 0.5321958573064255]",28.727055124012864,1.5726341768757475
"[0.31401024050755716, 0.6527368476015725, -0.8859434868161036, 0.5321959838814875]",28.727089308901448,1.5726970093571442
"[0.3140034826104389, 0.6527365719728504, -0.8859438134818717, 0.5321961103342422]",28.727123497826323,1.5727598418385405
"[0.3139967247580093, 0.6527362964326857, -0.8859441402242705, 0.5321962366615323]",28.72715768943773,1.5728226743199372
"[0.31398996727467926, 0.6527360209942882, -0.8859444670276082, 0.5321963628573124]",28.727191880972313,1.5728855068013339
"[0.31398320944307195, 0.6527357456284242, -0.8859447939265771, 0.5321964889349681]",28.727226072927877,1.5729483392827304
"[0.3139764522988458, 0.6527354703772826, -0.8859451208710735, 0.5321966148751898]",28.727260265063233,1.573011171764127
"[0.31396969483237286, 0.6527351951997274, -0.8859454479099419, 0.5321967406968037]",28.7272944640121,1.5730740042455238
"[0.3139629378167466, 0.652734920127237, -0.8859457750057641, 0.532196866385417]",28.7273286594573,1.5731368367269205
"[0.31395618073594866, 0.6527346451387951, -0.8859461021835133, 0.5321969919506373]",28.72736285957968,1.5731996692083168
"[0.3139494232415527, 0.6527343702202294, -0.8859464294600687, 0.5321971173989252]",28.727397060709677,1.5732625016897135
"[0.3139426660476563, 0.652734095400599, -0.8859467568008469, 0.5321972427170116]",28.727431261827668,1.5733253341711102
"[0.31393590932471693, 0.6527338206868015, -0.8859470841975772, 0.532197367901777]",28.727465462426316,1.5733881666525067
"[0.3139291527074167, 0.6527335460639891, -0.8859474116679505, 0.5321974929599825]",28.727499667958366,1.5734509991339034
"[0.31392239548768613, 0.6527332715033832, -0.8859477392462928, 0.5321976179047277]",28.727533873437597,1.5735138316153001
"[0.3139156392182682, 0.6527329970680674, -0.8859480668573246, 0.5321977427073079]",28.727568080776948,1.5735766640966964
"[0.3139088825163322, 0.6527327227018652, -0.8859483945680892, 0.5321978673932747]",28.727602287517453,1.573639496578093
"[0.3139021255488657, 0.6527324484115562, -0.8859487223705, 0.532197991959541]",28.7276364987363,1.5737023290594898
"[0.3138953694158683, 0.6527321742418014, -0.8859490502111822, 0.5321981163858177]",28.72767070862819,1.5737651615408863
"[0.31388861290762293, 0.6527319001434689, -0.8859493781488296, 0.532198240694431]",28.727704919900095,1.573827994022283
"[0.31388185648829847, 0.6527316261354223, -0.885949706160917, 0.5321983648767965]",28.727739134876707,1.5738908265036797
"[0.3138751004044667, 0.6527313522276337, -0.8859500342354667, 0.532198488928414]",28.727773350328242,1.573953658985076
"[0.3138683445156616, 0.6527310784144049, -0.8859503623792907, 0.5321986128518653]",28.72780756751948,1.5740164914664727
"[0.3138615882636297, 0.6527308046731094, -0.8859506906195066, 0.5321987366573873]",28.727841784486266,1.5740793239478694
"[0.31385483233699646, 0.6527305310316471, -0.8859510189226593, 0.5321988603323591]",28.727876001139208,1.574142156429266
"[0.3138480760613676, 0.6527302574626993, -0.8859513473215211, 0.5321989838891258]",28.727910225595764,1.5742049889106626
"[0.3138413203333524, 0.6527299840025661, -0.8859516757725083, 0.5321991073112935]",28.727944448455606,1.5742678213920593
"[0.31383456399734444, 0.6527297106044777, -0.8859520043318041, 0.5321992306199621]",28.727978669348047,1.574330653873456
"[0.3138278087809352, 0.6527294373383098, -0.8859523329153878, 0.5321993537836386]",28.72801289470461,1.5743934863548523
"[0.3138210527941052, 0.6527291641276185, -0.8859526616151859, 0.5321994768367666]",28.728047122349732,1.574456318836249
"[0.3138142967548347, 0.6527288910014427, -0.8859529903962817, 0.5321995997662562]",28.728081348813205,1.5745191513176457
"[0.31380754212989986, 0.6527286180190554, -0.8859533191872696, 0.5321997225454509]",28.728115578683457,1.5745819837990422
"[0.31380078665169264, 0.6527283450887994, -0.8859536480985195, 0.5321998452155848]",28.72814980827589,1.574644816280439
"[0.31379403100716374, 0.652728072238447, -0.885953977096603, 0.532199967764153]",28.728184040471184,1.5747076487618357
"[0.31378727561450354, 0.6527277994848836, -0.8859543061611526, 0.5322000901835722]",28.728218274107565,1.574770481243232
"[0.31378052096974957, 0.6527275268481166, -0.8859546352679872, 0.5322002124648791]",28.728252507926683,1.5748333137246286
"[0.3137737662887105, 0.6527272542964807, -0.8859549644553038, 0.5322003346222857]",28.728286745222057,1.5748961462060254
"[0.3137670108376166, 0.6527269818003775, -0.8859552937588753, 0.5322004566690437]",28.728320982899465,1.5749589786874219
"[0.31376025542398833, 0.6527267093923963, -0.8859556231393514, 0.5322005785905376]",28.72835521946287,1.5750218111688186
"[0.31375350100706745, 0.6527264371111937, -0.8859559525499431, 0.532200700369486]",28.728389458853393,1.5750846436502153
"[0.31374674601054725, 0.6527261648932182, -0.8859562820675188, 0.5322008220343161]",28.72842370268456,1.5751474761316115
"[0.31373999139548986, 0.6527258927772016, -0.8859566116451997, 0.5322009435677125]",28.728457942861326,1.5752103086130083
"[0.31373323657721125, 0.6527256207395834, -0.8859569413115116, 0.5322010649801985]",28.728492188434043,1.575273141094405
"[0.3137264824212797, 0.6527253488152122, -0.8859572710242021, 0.532201186256228]",28.728526434177603,1.5753359735758017
"[0.3137197282371739, 0.652725076976274, -0.8859576008169692, 0.5322013074082153]",28.728560681702774,1.5753988060571982
"[0.313712973397741, 0.6527248051975398, -0.8859579307204467, 0.5322014284473883]",28.72859492985045,1.5754616385385949
"[0.3137062194244429, 0.6527245335402202, -0.8859582606603242, 0.5322015493464878]",28.728629180214377,1.5755244710199916
"[0.3136994651305643, 0.6527242619565661, -0.8859585906945634, 0.5322016701267757]",28.728663429932837,1.5755873035013879
"[0.3136927107898969, 0.6527239904575909, -0.8859589208097932, 0.5322017907833454]",28.728697685171944,1.5756501359827846
"[0.31368595672700794, 0.6527237190563419, -0.885959250990146, 0.5322019113103963]",28.72873193670483,1.5757129684641813
"[0.3136792031985142, 0.6527234477631109, -0.8859595812230625, 0.5322020317033728]",28.728766195495556,1.5757758009455778
"[0.3136724492093645, 0.652723176537922, -0.8859599115571973, 0.5322021519800146]",28.728800451142803,1.5758386334269745
"[0.3136656954845398, 0.6527229054098909, -0.8859602419570952, 0.5322022721274052]",28.728834708853455,1.5759014659083712
"[0.31365894195435073, 0.65272263437621, -0.8859605724261574, 0.5322023921467937]",28.7288689674367,1.5759642983897675
"[0.3136521881601073, 0.6527223634184703, -0.8859609029868298, 0.5322025120463296]",28.728903228987534,1.5760271308711644
"[0.31364543454412, 0.6527220925544167, -0.8859612336174654, 0.5322026318181574]",28.7289374909424,1.5760899633525611
"[0.3136386807890719, 0.6527218217713208, -0.8859615643335979, 0.5322027514679026]",28.728971757214502,1.5761527958339574
"[0.3136319274585105, 0.6527215510917702, -0.8859618951076259, 0.5322028709855883]",28.729006019547324,1.5762156283153541
"[0.3136251738479241, 0.6527212804875219, -0.8859622259740544, 0.5322029903836863]",28.72904028819513,1.5762784607967508
"[0.3136184210848527, 0.6527210100037423, -0.8859625568776334, 0.5322031096422765]",28.729074553945374,1.5763412932781473
"[0.31361166774845367, 0.6527207395835164, -0.8859628878879832, 0.5322032287864522]",28.729108825603863,1.576404125759544
"[0.31360491471153595, 0.6527204692617845, -0.8859632189623284, 0.5322033478008227]",28.72914309271399,1.5764669582409407
"[0.3135981617612404, 0.6527201990300322, -0.8859635501110977, 0.5322034666891288]",28.729177366727978,1.5765297907223375
"[0.3135914087822304, 0.6527199288836283, -0.8859638813399463, 0.5322035854534172]",28.72921164127189,1.5765926232037337
"[0.31358465529360263, 0.6527196588033536, -0.8859642126724703, 0.5322037041021174]",28.729245914682462,1.5766554556851304
"[0.3135779028529104, 0.6527193888514781, -0.8859645440322461, 0.532203822607886]",28.72928019032113,1.5767182881665271
"[0.3135711503186738, 0.6527191189823544, -0.8859648754752718, 0.5322039409907732]",28.729314469688454,1.5767811206479236
"[0.31356439708297673, 0.6527188491716873, -0.8859652070314009, 0.5322040592614276]",28.7293487472562,1.5768439531293204
"[0.313557645261899, 0.6527185795040359, -0.8859655385967288, 0.5322041773827721]",28.729383026561575,1.576906785610717
"[0.3135508925043696, 0.6527183098854252, -0.8859658702867043, 0.5322042953960241]",28.729417309512307,1.5769696180921133
"[0.31354414037325545, 0.6527180403783189, -0.8859662020245642, 0.5322044132737902]",28.72945159063053,1.57703245057351
"[0.3135373875094343, 0.6527177709284513, -0.8859665338770855, 0.5322045310398147]",28.729485877517423,1.5770952830549068
"[0.3135306353344647, 0.6527175015925405, -0.8859668657744102, 0.5322046486693076]",28.729520161970218,1.5771581155363033
"[0.313523883313024, 0.6527172323492124, -0.8859671977428366, 0.5322047661716197]",28.729554449582437,1.5772209480177
"[0.313517131257604, 0.6527169631909937, -0.8859675297915816, 0.5322048835500077]",28.729588737207745,1.5772837804990967
"[0.3135103794941967, 0.652716694130877, -0.8859678619046084, 0.5322050007988045]",28.729623027179176,1.577346612980493
"[0.3135036276161455, 0.6527164251526308, -0.8859681941019183, 0.5322051179251006]",28.729657318702817,1.5774094454618897
"[0.3134968755489798, 0.6527161562533084, -0.8859685263871795, 0.5322052349301591]",28.72969161307683,1.5774722779432864
"[0.31349012377105934, 0.6527158874519661, -0.8859688587368488, 0.5322053518056806]",28.729725908143024,1.577535110424683
"[0.3134833719101382, 0.6527156187337473, -0.8859691911692466, 0.5322054685581502]",28.729760202642172,1.5775979429060796
"[0.3134766206469002, 0.6527153501257684, -0.8859695236508489, 0.5322055851757664]",28.72979449862956,1.5776607753874763
"[0.3134698687872745, 0.6527150815804845, -0.8859698562404615, 0.5322057016791952]",28.72982879618617,1.577723607868873
"[0.31346311746228983, 0.6527148131429049, -0.8859701888823717, 0.5322058180488881]",28.729863095912386,1.5777864403502693
"[0.3134563660714564, 0.652714544789135, -0.8859705216061572, 0.5322059342952165]",28.72989739833398,1.577849272831666
"[0.3134496145684005, 0.652714276517335, -0.8859708544141061, 0.5322060504189707]",28.72993169953721,1.5779121053130627
"[0.31344286359452245, 0.652714008352986, -0.8859711872745947, 0.5322061664091231]",28.72996600286461,1.5779749377944592
"[0.31343611260380844, 0.6527137402743701, -0.8859715202145356, 0.5322062822750884]",28.730000308409352,1.578037770275856
"[0.3134293611029354, 0.6527134722619202, -0.8859718532582664, 0.5322063980253003]",28.730034615432928,1.5781006027572526
"[0.31342261089044515, 0.6527132043870107, -0.8859721863170541, 0.5322065136289509]",28.730068921102948,1.5781634352386489
"[0.3134158591599561, 0.6527129365382816, -0.8859725195293701, 0.5322066291340872]",28.730103233776497,1.5782262677200456
"[0.31340910839491437, 0.6527126688142595, -0.8859728527726615, 0.5322067444982109]",28.73013754379838,1.5782891002014423
"[0.31340235754831863, 0.6527124011734201, -0.8859731860985954, 0.5322068597392173]",28.730171856089783,1.5783519326828388
"[0.31339560720370846, 0.6527121336388384, -0.8859735194783533, 0.5322069748472158]",28.73020617104622,1.5784147651642355
"[0.3133888573583618, 0.6527118662104348, -0.8859738529120507, 0.5322070898222194]",28.73024048544169,1.5784775976456322
"[0.31338210572336234, 0.65271159879753, -0.8859741865127806, 0.5322072047031988]",28.730274801453678,1.5785404301270285
"[0.3133753552167595, 0.6527113315157106, -0.8859745201363717, 0.5322073194404827]",28.730309117451334,1.5786032626084252
"[0.3133686051747955, 0.6527110643386635, -0.8859748538156008, 0.5322074340453952]",28.730343436534785,1.578666095089822
"[0.3133618548331502, 0.65271079723613, -0.885975187588248, 0.5322075485309173]",28.730377758060737,1.5787289275712186
"[0.31335510472838823, 0.6527105302293403, -0.8859755214277836, 0.5322076628879465]",28.730412077705445,1.5787917600526151
"[0.31334835442356873, 0.65271026330101, -0.8859758553558162, 0.532207777123883]",28.730446401663382,1.5788545925340118
"[0.31334160509033027, 0.6527099964974504, -0.8859761893143735, 0.5322078912189214]",28.730480725137284,1.5789174250154085
"[0.31333485468624434, 0.6527097297379294, -0.8859765234045168, 0.5322080052075779]",28.73051505137405,1.5789802574968048
"[0.31332810493837854, 0.6527094630906933, -0.8859768575407776, 0.5322081190606869]",28.7305493784006,1.5790430899782015
"[0.31332135508615744, 0.6527091965256914, -0.8859771917607967, 0.5322082327910821]",28.7305837068377,1.5791059224595982
"[0.3133146045990087, 0.6527089300220297, -0.885977526090857, 0.5322083464076258]",28.73061803664738,1.5791687549409947
"[0.3133078559140827, 0.6527086636757518, -0.8859778604102385, 0.5322084598695067]",28.73065236992602,1.5792315874223914
"[0.3133011058646022, 0.6527083973620156, -0.8859781948758059, 0.5322085732297986]",28.730686703395882,1.5792944199037882
"[0.3132943566571973, 0.6527081311678424, -0.8859785293782307, 0.5322086864514837]",28.730721036231493,1.5793572523851844
"[0.31328760729561295, 0.6527078650539169, -0.8859788639668779, 0.5322087995513003]",28.73075537450595,1.5794200848665811
"[0.31328085776663955, 0.6527075990197267, -0.8859791986424065, 0.532208912529455]",28.73078970962424,1.5794829173479779
"[0.31327410849109627, 0.6527073330818565, -0.8859795333839497, 0.532209025378903]",28.73082404668357,1.5795457498293743
"[0.313267359294443, 0.6527070672334193, -0.8859798682001575, 0.5322091381025725]",28.730858388268484,1.579608582310771
"[0.3132606103686192, 0.6527068014819678, -0.8859802030815019, 0.5322092506972651]",28.730892726688623,1.5796714147921678
"[0.31325386096950186, 0.6527065357982025, -0.8859805380649101, 0.5322093631753892]",28.730927074145605,1.579734247273564
"[0.31324711191019855, 0.6527062702141317, -0.8859808731100282, 0.5322094755233882]",28.73096141488477,1.5797970797549608
"[0.31324036333581995, 0.6527060047354478, -0.8859812082096379, 0.532209587738869]",28.73099576032938,1.5798599122363575
"[0.3132336142433653, 0.6527057393226936, -0.8859815434135432, 0.5322096998385065]",28.731030109227223,1.5799227447177544
"[0.3132268658158867, 0.6527054740223882, -0.8859818786629841, 0.5322098118026543]",28.73106445890092,1.5799855771991507
"[0.31322011670689737, 0.6527052087816305, -0.8859822140248502, 0.5322099236536089]",28.73109880590879,1.5800484096805474
"[0.31321336865109994, 0.6527049436684843, -0.8859825494129407, 0.5322100353627511]",28.73113315562572,1.580111242161944
"[0.31320661967153374, 0.65270467860538, -0.8859828849255084, 0.5322101469626864]",28.731167507972998,1.5801740746433404
"[0.31319987099523294, 0.6527044136404759, -0.8859832205015655, 0.5322102584331574]",28.731201862754215,1.5802369071247373
"[0.31319312280817724, 0.6527041487810714, -0.8859835561318495, 0.5322103697710954]",28.731236216049794,1.580299739606134
"[0.31318637551863476, 0.6527038840431444, -0.8859838917960313, 0.5322104809698232]",28.73127057340749,1.5803625720875303
"[0.3131796269118569, 0.6527036193398172, -0.8859842276042965, 0.5322105920658106]",28.731304930639034,1.580425404568927
"[0.3131728788445036, 0.6527033547439238, -0.8859845634642728, 0.5322107030284745]",28.731339289324033,1.5804882370503237
"[0.31316613045530467, 0.6527030902216924, -0.8859848994188212, 0.5322108138719766]",28.73137364956069,1.5805510695317202
"[0.31315938266072324, 0.6527028258090217, -0.8859852354223147, 0.5322109245812898]",28.73140801303264,1.580613902013117
"[0.31315263480208216, 0.6527025614801072, -0.8859855715075402, 0.5322110351672145]",28.73144237532229,1.5806767344945136
"[0.3131458870239443, 0.6527022972406037, -0.8859859076672991, 0.5322111456273865]",28.731476739902476,1.58073956697591
"[0.3131391396862481, 0.6527020331046084, -0.8859862438836494, 0.5322112559559108]",28.731511106213492,1.5808023994573066
"[0.31313239207552834, 0.652701769044162, -0.8859865801921408, 0.532211366164486]",28.731545473326715,1.5808652319387033
"[0.31312564415803124, 0.652701505057949, -0.8859869165944653, 0.5322114762536506]",28.73157984251939,1.5809280644201
"[0.31311889642401397, 0.6527012411651752, -0.8859872530661838, 0.5322115862153705]",28.73161421102775,1.5809908969014965
"[0.31311214906324, 0.6527009773732423, -0.8859875895978239, 0.5322116960465765]",28.731648585240833,1.5810537293828932
"[0.31310540174172413, 0.6527007136690783, -0.8859879262060371, 0.5322118057527209]",28.73168295731088,1.58111656186429
"[0.3130986548849739, 0.6527004500693024, -0.8859882628695859, 0.5322119153268966]",28.731717329036048,1.5811793943456862
"[0.3130919072463172, 0.6527001865252144, -0.8859885996506843, 0.5322120247893374]",28.731751708675056,1.581242226827083
"[0.31308516048146195, 0.6526999231014766, -0.8859889364666923, 0.5322121341131871]",28.731786084404543,1.5813050593084796
"[0.3130784133507946, 0.6526996597496765, -0.8859892733794857, 0.5322122433185458]",28.731820460540735,1.5813678917898761
"[0.3130716662269567, 0.6526993964843635, -0.8859896103704635, 0.5322123523993711]",28.731854840505267,1.5814307242712728
"[0.31306491956433025, 0.6526991333232596, -0.885989947416922, 0.5322124613483253]",28.731889224005503,1.5814935567526696
"[0.3130581726971324, 0.6526988702403858, -0.8859902845521184, 0.5322125701761686]",28.73192360609497,1.5815563892340658
"[0.31305142572579453, 0.6526986072396637, -0.8859906217710389, 0.5322126788812694]",28.7319579874559,1.5816192217154625
"[0.3130446791679891, 0.652698344341265, -0.8859909590478044, 0.5322127874552944]",28.731992376489025,1.5816820541968593
"[0.3130379324809093, 0.6526980815240292, -0.8859912964095462, 0.532212895906987]",28.732026764535277,1.5817448866782557
"[0.313031186295147, 0.652697818812514, -0.8859916338247253, 0.532213004226217]",28.73206114985833,1.5818077191596525
"[0.3130244397467728, 0.6526975561730698, -0.8859919713365496, 0.5322131124268612]",28.732095541579394,1.5818705516410492
"[0.3130176931139243, 0.652697293616533, -0.8859923089311119, 0.5322132205044423]",28.73212993260473,1.5819333841224454
"[0.3130109470049315, 0.652697031166566, -0.8859926465779638, 0.5322133284492284]",28.732164320569595,1.5819962166038422
"[0.31300420042841887, 0.6526967687845989, -0.8859929843267242, 0.5322134362770811]",28.73219871743319,1.5820590490852389
"[0.31299745544062557, 0.6526965065505776, -0.8859933220744326, 0.5322135439551661]",28.732233111383,1.5821218815666356
"[0.3129907085223903, 0.652696244327691, -0.885993659997313, 0.5322136515396493]",28.73226750885664,1.582184714048032
"[0.31298396276178375, 0.6526959822359627, -0.8859939979407117, 0.532213758981277]",28.73230190507239,1.5822475465294288
"[0.3129772169076223, 0.6526957202267668, -0.8859943359672898, 0.5322138662999961]",28.73233630501319,1.5823103790108255
"[0.3129704715448106, 0.6526954583228096, -0.885994674047732, 0.5322139734865129]",28.732370705079823,1.5823732114922218
"[0.31296372585231536, 0.652695196492208, -0.885995012223186, 0.5322140805538768]",28.7324051080203,1.5824360439736185
"[0.3129569801947261, 0.6526949347491162, -0.8859953504753787, 0.5322141874962931]",28.73243951078175,1.5824988764550152
"[0.31295023492278956, 0.6526946731071352, -0.8859956887867152, 0.5322142943082094]",28.73247391672166,1.5825617089364117
"[0.31294348901464714, 0.6526944115266307, -0.8859960272084515, 0.5322144010058003]",28.732508322238772,1.5826245414178084
"[0.3129367434273311, 0.6526941500447183, -0.8859963656925808, 0.5322145075739163]",28.732542729872065,1.582687373899205
"[0.31292999837633206, 0.6526938886697301, -0.8859967042282763, 0.5322146140091789]",28.732577138159535,1.5827502063806014
"[0.3129232533119619, 0.6526936273803559, -0.8859970428431163, 0.5322147203202731]",28.73261154641426,1.582813038861998
"[0.3129165080534264, 0.6526933661696, -0.8859973815461817, 0.5322148265100335]",28.732645957613627,1.5828758713433948
"[0.3129097624564317, 0.652693105031865, -0.8859977203447265, 0.532214932580738]",28.732680371744177,1.5829387038247913
"[0.3129030177867642, 0.6526928440161573, -0.8859980591751665, 0.5322150385124752]",28.73271478704295,1.583001536306188
"[0.312896272729293, 0.6526925830715647, -0.8859983981035592, 0.532215144325922]",28.732749203044037,1.5830643687875847
"[0.31288952831756756, 0.6526923222380655, -0.8859987370779664, 0.532215250004869]",28.73278361924438,1.5831272012689814
"[0.31288278323346086, 0.6526920614646785, -0.8859990761646371, 0.5322153555699709]",28.732818036831056,1.5831900337503777
"[0.3128760384575088, 0.6526918007893211, -0.885999415314285, 0.5322154610058667]",28.73285245761455,1.5832528662317744
"[0.3128692939644645, 0.6526915402110021, -0.8859997545281687, 0.5322155663129686]",28.732886880269195,1.5833156987131711
"[0.3128625496332302, 0.6526912797250342, -0.8860000938123711, 0.5322156714931761]",28.732921300751183,1.5833785311945676
"[0.3128558049541699, 0.6526910193117391, -0.8860004331925331, 0.5322157765544268]",28.73295572532717,1.5834413636759643
"[0.3128490601818376, 0.6526907589809388, -0.8860007726558539, 0.5322158814927574]",28.732990154315537,1.583504196157361
"[0.3128423155245807, 0.6526904987406862, -0.8860011121918466, 0.5322159863049098]",28.733024578650788,1.5835670286387573
"[0.3128355715459938, 0.652690238612706, -0.886001451772125, 0.5322160909821513]",28.733059008437632,1.583629861120154
"[0.3128288278707784, 0.6526899785825029, -0.8860017914155696, 0.5322161955303318]",28.733093435773263,1.5836926936015507
"[0.31282208381573223, 0.6526897186237333, -0.8860021311565902, 0.5322162999600388]",28.733127867744688,1.5837555260829472
"[0.3128153395190943, 0.6526894587417315, -0.8860024709882344, 0.5322164042691185]",28.733162299175795,1.583818358564344
"[0.31280859513265363, 0.6526891989423542, -0.8860028109028593, 0.5322165084552094]",28.73319673321207,1.5838811910457407
"[0.31280185158595497, 0.6526889392613933, -0.8860031508536026, 0.5322166125039701]",28.73323116883597,1.583944023527137
"[0.31279510753828305, 0.6526886796472151, -0.8860034909080452, 0.5322167164360908]",28.73326560372048,1.5840068560085336
"[0.3127883640803215, 0.652688420141792, -0.886003831011191, 0.5322168202347769]",28.73330004368215,1.5840696884899303
"[0.31278162044164853, 0.6526881607154759, -0.8860041712018873, 0.5322169239118865]",28.733334482318046,1.5841325209713268
"[0.3127748771739899, 0.6526879013894837, -0.8860045114522995, 0.5322170274589432]",28.733368923848015,1.5841953534527236
"[0.31276813357898736, 0.6526876421369561, -0.8860048517976633, 0.5322171308866712]",28.73340336622593,1.5842581859341203
"[0.31276139020672766, 0.652687382979041, -0.8860051922102182, 0.5322172341866293]",28.733437809301602,1.584321018415517
"[0.31275464679473586, 0.652687123905646, -0.886005532703211, 0.5322173373628419]",28.73347225324808,1.5843838508969135
"[0.31274790335151875, 0.6526868649170969, -0.8860058732762125, 0.5322174404151762]",28.733506699442174,1.5844466833783102
"[0.31274115997959595, 0.6526866060173308, -0.8860062139240458, 0.5322175433420623]",28.733541146312426,1.584509515859707
"[0.31273441747368996, 0.652686347236837, -0.8860065546065464, 0.5322176461313984]",28.73357559495694,1.5845723483411032
"[0.3127276739320189, 0.6526860885026252, -0.8860068954198111, 0.5322177488121714]",28.733610045103894,1.5846351808224999
"[0.31272093092322784, 0.6526858298748928, -0.8860072362845693, 0.5322178513604767]",28.73364449747089,1.5846980133038966
"[0.31271418829832404, 0.6526855713479037, -0.8860075772083369, 0.532217953778606]",28.73367895120746,1.584760845785293
"[0.312707445755839, 0.6526853129100879, -0.8860079182063488, 0.532218056071151]",28.73371340322198,1.5848236782666898
"[0.3127007029428707, 0.6526850545479221, -0.8860082592964558, 0.5322181582434572]",28.733747863316292,1.5848865107480865
"[0.31269395998533633, 0.6526847962662353, -0.8860086004722955, 0.5322182602936057]",28.733782318172107,1.5849493432294828
"[0.3126872177189368, 0.6526845380970281, -0.8860089416915738, 0.5322183622089605]",28.73381677780409,1.5850121757108795
"[0.31268047526421205, 0.652684280006613, -0.8860092829987906, 0.532218464002828]",28.733851237333454,1.5850750081922762
"[0.3126737325702988, 0.6526840219930472, -0.8860096243965275, 0.5322185656759663]",28.73388569797055,1.5851378406736727
"[0.31266699073958554, 0.6526837640985078, -0.886009965828957, 0.5322186672117597]",28.7339201628013,1.5852006731550694
"[0.3126602476540793, 0.6526835062419675, -0.8860103074033501, 0.5322187686421098]",28.733954624482745,1.5852635056364661
"[0.31265350600540154, 0.6526832485263648, -0.8860106489833574, 0.5322188699265143]",28.733989088736802,1.5853263381178624
"[0.31264676417324133, 0.6526829908897279, -0.8860109906510526, 0.5322189710893568]",28.73402355832562,1.585389170599259
"[0.3126400218985587, 0.6526827333221561, -0.8860113324195757, 0.532219072134519]",28.734058022741674,1.5854520030806558
"[0.31263327945773056, 0.652682475834235, -0.8860116742749269, 0.5322191730578201]",28.734092494640294,1.5855148355620525
"[0.31262653824622794, 0.6526822184792276, -0.8860120161463344, 0.5322192738384083]",28.734126965761945,1.585577668043449
"[0.3126197960830251, 0.6526819611738627, -0.8860123581444008, 0.5322193745088963]",28.73416143806413,1.5856405005248457
"[0.31261305442793463, 0.652681703973859, -0.8860127001950842, 0.5322194750474734]",28.734195911042903,1.5857033330062424
"[0.3126063132341883, 0.652681446877413, -0.886013042300741, 0.532219575454861]",28.734230387601915,1.5857661654876387
"[0.3125995710739724, 0.6526811898300772, -0.8860133845338388, 0.5322196757523121]",28.734264864417458,1.5858289979690354
"[0.31259283026324297, 0.6526809329201401, -0.8860137267768128, 0.5322197759053825]",28.734299341641645,1.5858918304504321
"[0.31258608827960704, 0.6526806760514647, -0.8860140691577255, 0.5322198759515486]",28.7343338200709,1.5859546629318286
"[0.3125793474056807, 0.6526804193110087, -0.88601441156066, 0.532219975856946]",28.734368303142904,1.5860174954132253
"[0.31257260611064097, 0.652680162640461, -0.8860147540633613, 0.5322200756442705]",28.734402782467846,1.586080327894622
"[0.3125658648258097, 0.6526799060562475, -0.886015096643923, 0.5322201753071281]",28.734437267181892,1.5861431603760183
"[0.31255912329047764, 0.6526796495484509, -0.8860154393155972, 0.532220274849361]",28.73447175111823,1.586205992857415
"[0.31255238254865036, 0.6526793931567749, -0.8860157820253088, 0.5322203742555761]",28.734506237780657,1.5862688253388117
"[0.31254564146566854, 0.652679136838059, -0.8860161248307364, 0.5322204735425095]",28.734540726306232,1.5863316578202082
"[0.3125389003925388, 0.6526788806056502, -0.8860164677140365, 0.5322205727049841]",28.734575215019508,1.586394490301605
"[0.3125321603820264, 0.6526786244995434, -0.8860168106216412, 0.5322206717275416]",28.7346097034475,1.5864573227830017
"[0.3125254188031899, 0.6526783684197769, -0.8860171536874125, 0.5322207706488185]",28.734644196411807,1.5865201552643984
"[0.3125186784215008, 0.6526781124714032, -0.8860174967706268, 0.5322208694282247]",28.734678688951888,1.5865829877457946
"[0.31251193783507186, 0.6526778566011678, -0.8860178399426226, 0.5322209680863313]",28.734713184124217,1.5866458202271914
"[0.312505197540917, 0.6526776008279549, -0.8860181831780937, 0.5322210666158397]",28.734747680325828,1.586708652708588
"[0.3124984569016573, 0.6526773451275126, -0.8860185265094999, 0.5322211650261419]",28.734782176652427,1.5867714851899846
"[0.3124917167711459, 0.6526770895322931, -0.8860188698933463, 0.5322212633046948]",28.73481667503929,1.5868343176713813
"[0.3124849766488661, 0.6526768340232805, -0.8860192133551235, 0.5322213614588378]",28.734851174030712,1.586897150152778
"[0.3124782362164117, 0.6526765785884175, -0.886019556911061, 0.5322214594931874]",28.734885676850897,1.5869599826341743
"[0.3124714962257737, 0.6526763232561736, -0.8860199005228292, 0.5322215573968373]",28.73492018056505,1.587022815115571
"[0.3124647560979487, 0.6526760680046313, -0.8860202442199402, 0.5322216551781759]",28.734954682685625,1.5870856475969677
"[0.3124580160881156, 0.6526758128434428, -0.8860205879893815, 0.5322217528335109]",28.73498918830654,1.5871484800783642
"[0.3124512762740142, 0.6526755577755458, -0.8860209318271831, 0.5322218503617208]",28.735023694135645,1.587211312559761
"[0.3124445363214801, 0.6526753027882941, -0.8860212757503914, 0.5322219477676371]",28.73505820493951,1.5872741450411576
"[0.31243779664892085, 0.6526750478975004, -0.8860216197376535, 0.5322220450452302]",28.735092713868394,1.5873369775225539
"[0.3124310570179773, 0.6526747930941544, -0.8860219638011287, 0.5322221421979341]",28.735127226552482,1.5873998100039506
"[0.31242431748658245, 0.6526745383804385, -0.8860223079378577, 0.5322222392249194]",28.73516173638782,1.5874626424853473
"[0.3124175779200584, 0.6526742837512594, -0.8860226521547155, 0.5322223361281264]",28.735196251982764,1.5875254749667438
"[0.3124108382651195, 0.6526740292046105, -0.8860229964544261, 0.5322224329083091]",28.735230765961806,1.5875883074481405
"[0.31240409929157514, 0.6526737747695355, -0.8860233407976528, 0.5322225295544494]",28.73526528147646,1.5876511399295372
"[0.31239736004557356, 0.65267352041003, -0.8860236852331272, 0.5322226260802144]",28.735299799580023,1.587713972410934
"[0.31239062057611966, 0.6526732661279434, -0.8860240297583537, 0.532222722484897]",28.735334322375447,1.5877768048923302
"[0.3123838815276053, 0.6526730119475859, -0.8860243743403867, 0.5322228187592803]",28.735368842758117,1.587839637373727
"[0.31237714266271094, 0.652672757859991, -0.8860247189913502, 0.5322229149067723]",28.735403361860296,1.5879024698551236
"[0.3123704031091921, 0.6526725038322837, -0.8860250637558622, 0.5322230109397974]",28.73543788714008,1.5879653023365201
"[0.31236366497233004, 0.6526722499437894, -0.8860254085262147, 0.5322231068283884]",28.735472410458154,1.5880281348179168
"[0.312356925797094, 0.6526719961020071, -0.8860257534280161, 0.5322232026074778]",28.735506941295423,1.5880909672993135
"[0.312350187186981, 0.6526717423673384, -0.886026098379211, 0.5322232982542662]",28.735541463609312,1.5881537997807098
"[0.3123434482799172, 0.6526714887073148, -0.8860264434239236, 0.5322233937809973]",28.735575992806947,1.5882166322621065
"[0.31233670974563155, 0.6526712351471609, -0.8860267885278601, 0.5322234891781559]",28.735610522212255,1.5882794647435035
"[0.3123299715726985, 0.6526709816863804, -0.8860271336915952, 0.5322235844459838]",28.7356450568667,1.5883422972248997
"[0.3123232328896718, 0.6526707282922446, -0.8860274789597693, 0.5322236795967357]",28.735679588713843,1.5884051297062964
"[0.31231649427237473, 0.6526704749864032, -0.886027824302887, 0.5322237746222794]",28.735714124772684,1.5884679621876931
"[0.31230975579156084, 0.6526702217714885, -0.886028169717319, 0.5322238695216472]",28.73574865969174,1.5885307946690894
"[0.31230301760730117, 0.6526699686535272, -0.8860285151948526, 0.5322239642925692]",28.73578319712259,1.5885936271504864
"[0.3122962797712398, 0.6526697156344445, -0.8860288607328276, 0.5322240589343367]",28.735817735058003,1.588656459631883
"[0.3122895413064428, 0.6526694626775417, -0.8860292063813497, 0.5322241534606831]",28.73585227347863,1.5887192921132798
"[0.31228280386916374, 0.6526692098449997, -0.8860295520554545, 0.5322242478483645]",28.735886814571025,1.588782124594676
"[0.31227606563769267, 0.6526689570684439, -0.8860298978486034, 0.5322243421229149]",28.73592135873297,1.5888449570760728
"[0.3122693275459216, 0.6526687043829206, -0.8860302437128814, 0.5322244362712465]",28.73595590307114,1.5889077895574695
"[0.31226259020408403, 0.6526684518112948, -0.8860305896169507, 0.5322245302848567]",28.735990448945216,1.588970622038866
"[0.31225585228069014, 0.6526681993036633, -0.8860309356291677, 0.5322246241823084]",28.736024995166144,1.5890334545202627
"[0.3122491153040342, 0.6526679469172396, -0.8860312816710445, 0.5322247179423742]",28.736059541406842,1.5890962870016594
"[0.31224237749657746, 0.6526676945854795, -0.8860316278338808, 0.5322248115897327]",28.736094091307358,1.5891591194830557
"[0.3122356397084667, 0.6526674423402347, -0.8860319740740127, 0.532224905112544]",28.736128645057363,1.5892219519644524
"[0.31222890239957707, 0.6526671901986613, -0.886032320367801, 0.5322249985044963]",28.73616319668255,1.589284784445849
"[0.3122221652708392, 0.652666938149601, -0.8860326667306047, 0.5322250917696943]",28.736197749495744,1.5893476169272456
"[0.3122154280889762, 0.6526666861843067, -0.8860330131744146, 0.5322251849113876]",28.736232305363128,1.5894104494086423
"[0.31220869090296643, 0.6526664343046095, -0.8860333596967138, 0.5322252779288964]",28.736266862563944,1.589473281890039
"[0.3122019534586706, 0.652666182501011, -0.8860337063105768, 0.5322253708257212]",28.736301421105594,1.5895361143714353
"[0.31219521623368685, 0.6526659307913595, -0.8860340529914347, 0.5322254635952752]",28.73633597992933,1.589598946852832
"[0.3121884791134238, 0.6526656791713686, -0.8860343997451781, 0.5322255562391396]",28.73637053887743,1.5896617793342287
"[0.31218174293169226, 0.6526654276721525, -0.8860347465288733, 0.5322256487458833]",28.7364051018252,1.5897246118156252
"[0.3121750061323128, 0.6526651762356078, -0.886035093422627, 0.5322257411368781]",28.736439665403534,1.589787444297022
"[0.31216826882509674, 0.6526649248658508, -0.8860354404208054, 0.5322258334105877]",28.736474231225294,1.5898502767784186
"[0.3121615326933355, 0.6526646736256729, -0.8860357874366995, 0.5322259255439724]",28.736508796071092,1.5899131092598153
"[0.3121547963483008, 0.6526644224632846, -0.8860361345418329, 0.5322260175560205]",28.736543361285115,1.5899759417412116
"[0.3121480596258037, 0.6526641713724838, -0.8860364817446793, 0.5322261094490636]",28.73657793104363,1.5900387742226083
"[0.3121413237141983, 0.6526639203976542, -0.8860368289839811, 0.5322262012067813]",28.736612503240316,1.590101606704005
"[0.3121345868229375, 0.6526636694720265, -0.8860371763520457, 0.5322262928536271]",28.736647073423597,1.5901644391854015
"[0.3121278509223916, 0.6526634186690154, -0.8860375237472766, 0.5322263843627617]",28.736681647787975,1.5902272716667982
"[0.3121211143131761, 0.6526631679253281, -0.886037871257312, 0.5322264757572924]",28.73671622226591,1.590290104148195
"[0.3121143784170834, 0.6526629172938802, -0.8860382188088084, 0.5322265670179321]",28.736750796429405,1.5903529366295912
"[0.3121076420794592, 0.6526626667317107, -0.8860385664613368, 0.5322266581603206]",28.73678537476711,1.590415769110988
"[0.31210090646693234, 0.6526624162821982, -0.8860389141546849, 0.5322267491686887]",28.736819952777715,1.5904786015923846
"[0.312094170353298, 0.6526621658997478, -0.8860392619521452, 0.5322268400596037]",28.73685453447866,1.5905414340737811
"[0.3120874347683791, 0.6526619156226338, -0.8860396098005454, 0.5322269308191714]",28.73688911389692,1.5906042665551778
"[0.3120806990596065, 0.6526616654266019, -0.8860399577335792, 0.532227021456192]",28.73692369571024,1.5906670990365745
"[0.31207396332590503, 0.6526614153153214, -0.886040305746139, 0.532227111969336]",28.736958278483897,1.5907299315179708
"[0.31206722795335523, 0.6526611653031263, -0.8860406538182716, 0.5322272023534157]",28.736992863760307,1.5907927639993675
"[0.31206049187696944, 0.6526609153504879, -0.8860410020050197, 0.5322272926227145]",28.737027451396525,1.5908555964807642
"[0.3120537566855111, 0.6526606655163543, -0.8860413502242558, 0.532227382755945]",28.7370620401838,1.5909184289621607
"[0.31204702136632595, 0.6526604157631458, -0.8860416985283236, 0.5322274727666788]",28.73709663203552,1.5909812614435574
"[0.3120402861226654, 0.6526601660983996, -0.8860420469067125, 0.5322275626521962]",28.737131220471976,1.5910440939249542
"[0.3120335512791751, 0.652659916534145, -0.8860423953426219, 0.5322276524081684]",28.73716581318063,1.5911069264063509
"[0.3120268158718452, 0.6526596670346415, -0.8860427438859291, 0.5322277420474608]",28.737200408197914,1.5911697588877471
"[0.31202008120629293, 0.6526594176482682, -0.8860430924690671, 0.5322278315526773]",28.737235003410696,1.5912325913691439
"[0.31201334560931415, 0.6526591683130691, -0.886043441178644, 0.5322279209460469]",28.73726960100431,1.5912954238505406
"[0.3120066108784332, 0.6526589190955607, -0.886043789921601, 0.5322280102037366]",28.737304198318807,1.591358256331937
"[0.31199987594400336, 0.6526586699561686, -0.8860441387533148, 0.5322280993399142]",28.737338794746424,1.5914210888133338
"[0.3119931414069516, 0.652658420917109, -0.8860444876426583, 0.5322281883466395]",28.737373396281416,1.5914839212947305
"[0.3119864065962772, 0.6526581719535709, -0.8860448366243902, 0.5322282772327759]",28.737407998761434,1.5915467537761268
"[0.31197967189945575, 0.6526579230798641, -0.8860451856784357, 0.5322283659932204]",28.73744260202136,1.5916095862575235
"[0.3119729376833693, 0.6526576743095494, -0.8860455347857684, 0.5322284546231356]",28.737477206757333,1.5916724187389202
"[0.31196620320383583, 0.6526574256151234, -0.8860458839849635, 0.5322285431323268]",28.737511814449068,1.5917352512203167
"[0.31195946858063583, 0.652657177001018, -0.8860462332698177, 0.5322286315192041]",28.73754642018891,1.5917980837017134
"[0.3119527347475009, 0.6526569285016821, -0.886046582591892, 0.5322287197715374]",28.737581029998854,1.59186091618311
"[0.31194600018611096, 0.6526566800610916, -0.8860469320299489, 0.532228807909215]",28.737615639017736,1.5919237486645064
"[0.31193926587270454, 0.6526564317152578, -0.886047281533342, 0.5322288959194568]",28.737650251230626,1.591986581145903
"[0.31193253220933265, 0.6526561834789971, -0.8860476310811899, 0.5322289837970224]",28.737684864426612,1.5920494136272998
"[0.3119257981528839, 0.6526559353138445, -0.8860479807276368, 0.5322290715555357]",28.73771948039874,1.5921122461086965
"[0.3119190643702775, 0.6526556872443788, -0.8860483304380559, 0.5322291591862989]",28.737754095324394,1.592175078590093
"[0.3119123305115408, 0.6526554392577025, -0.8860486802306197, 0.5322292466938701]",28.73778871054988,1.5922379110714897
"[0.31190559621342473, 0.6526551913404448, -0.8860490301242057, 0.5322293340829558]",28.737823331665293,1.5923007435528864
"[0.3118988626690201, 0.6526549435365423, -0.8860493800568181, 0.5322294213380552]",28.737857948999924,1.5923635760342827
"[0.31189212934255206, 0.6526546958261973, -0.8860497300562856, 0.5322295084662084]",28.73789256976953,1.5924264085156794
"[0.31188539550837546, 0.6526544481827884, -0.8860500801603297, 0.5322295954767113]",28.737927195573295,1.5924892409970763
"[0.31187866205527026, 0.6526542006389482, -0.8860504303227452, 0.5322296823581394]",28.73796181772034,1.5925520734784726
"[0.31187192823760584, 0.6526539531672979, -0.8860507805823055, 0.5322297691200705]",28.737996443541597,1.5926149059598693
"[0.31186519532235063, 0.6526537058143755, -0.8860511308730998, 0.5322298557462084]",28.73803107051007,1.592677738441266
"[0.3118584617601849, 0.652653458523256, -0.8860514812757304, 0.5322299422564918]",28.73806569768348,1.5927405709226625
"[0.3118517284715515, 0.6526532113277479, -0.8860518317423047, 0.5322300286390839]",28.738100328163892,1.5928034034040592
"[0.31184499568195295, 0.6526529642361144, -0.8860521822610716, 0.5322301148911102]",28.738134956863398,1.592866235885456
"[0.3118382628541371, 0.6526527172286262, -0.8860525328599935, 0.532230201019467]",28.7381695920579,1.5929290683668522
"[0.311831529681183, 0.652652470294031, -0.8860528835550585, 0.5322302870280669]",28.738204223785036,1.592991900848249
"[0.3118247968832345, 0.6526522234587617, -0.8860532343087575, 0.5322303729076795]",28.738238860864254,1.5930547333296456
"[0.31181806377093063, 0.6526519766974661, -0.8860535851570045, 0.5322304586671907]",28.738273493924666,1.5931175658110421
"[0.31181133142542233, 0.6526517300498409, -0.886053936043452, 0.5322305442927394]",28.738308133969205,1.5931803982924388
"[0.31180459919244125, 0.6526514834918496, -0.8860542870021866, 0.5322306297927287]",28.73834277279602,1.5932432307738356
"[0.31179786610368343, 0.6526512369880652, -0.8860546380836987, 0.5322307151794057]",28.73837741335887,1.5933060632552323
"[0.31179113383601836, 0.652650990599871, -0.8860549892005528, 0.532230800431511]",28.738412056325846,1.5933688957366285
"[0.3117844011360866, 0.6526507442813855, -0.8860553404181101, 0.5322308855649278]",28.73844669698669,1.5934317282180253
"[0.3117776686751297, 0.6526504980571701, -0.8860556917013579, 0.5322309705711598]",28.738481342887336,1.593494560699422
"[0.3117709363009476, 0.6526502519216542, -0.886056043058231, 0.5322310554521316]",28.73851598979211,1.5935573931808185
"[0.31176420411100914, 0.6526500058783811, -0.8860563944836387, 0.5322311402066362]",28.738550636718227,1.5936202256622152
"[0.31175747248380187, 0.6526497599411817, -0.8860567459578098, 0.5322312248299115]",28.738585286685797,1.5936830581436119
"[0.31175074015397997, 0.6526495140638293, -0.8860570975468137, 0.5322313093378572]",28.738619938339863,1.5937458906250082
"[0.31174400775569955, 0.6526492682694782, -0.8860574492175457, 0.5322313937225128]",28.738654587948893,1.5938087231064049
"[0.3117372763204818, 0.6526490225957897, -0.8860578009161073, 0.5322314779709497]",28.738689242288423,1.5938715555878016
"[0.31173054487908347, 0.6526487770073752, -0.8860581526931219, 0.5322315620953161]",28.738723894729155,1.593934388069198
"[0.3117238128110613, 0.6526485314815721, -0.8860585045810249, 0.5322316461033915]",28.738758552178236,1.5939972205505948
"[0.31171708054229313, 0.6526482860339672, -0.8860588565575687, 0.5322317299897886]",28.73879320606907,1.5940600530319915
"[0.3117103491273327, 0.6526480407029712, -0.8860592085676079, 0.532231813741411]",28.738827866247824,1.5941228855133878
"[0.31170361842499994, 0.6526477954834181, -0.8860595606184981, 0.5322318973600436]",28.738862523752744,1.5941857179947845
"[0.3116968866239348, 0.6526475503093161, -0.8860599128049892, 0.5322319808681836]",28.7388971868818,1.5942485504761812
"[0.311690155271377, 0.6526473052370356, -0.8860602650461454, 0.5322320642466066]",28.73893184877852,1.5943113829575777
"[0.31168342404728716, 0.6526470602548845, -0.8860606173587047, 0.5322321474993249]",28.738966512051206,1.5943742154389744
"[0.3116766928190341, 0.652646815358063, -0.8860609697496056, 0.532232230627943]",28.739001179191934,1.594437047920371
"[0.3116699611064052, 0.6526465705290906, -0.8860613222439967, 0.5322323136383972]",28.73903584388664,1.5944998804017678
"[0.31166322978800426, 0.6526463257999283, -0.886061674795873, 0.5322323965198411]",28.73907051433245,1.594562712883164
"[0.3116564993120939, 0.6526460811868465, -0.8860620273817347, 0.53223247926679]",28.739105182790805,1.5946255453645608
"[0.31164976796846117, 0.652645836627688, -0.8860623800911746, 0.5322325619002677]",28.739139850898965,1.5946883778459575
"[0.311643037575405, 0.6526455921885104, -0.8860627328289153, 0.5322326443979547]",28.7391745262993,1.594751210327354
"[0.3116363067005648, 0.6526453478172815, -0.8860630856700185, 0.5322327267774192]",28.739209196964755,1.5948140428087507
"[0.3116295764403697, 0.6526451035538046, -0.8860634385570051, 0.532232809025244]",28.739243872165872,1.5948768752901474
"[0.31162284511197624, 0.6526448593370154, -0.8860637915781185, 0.5322328911619747]",28.73927854878349,1.5949397077715437
"[0.31161611501710407, 0.6526446152504028, -0.8860641446126454, 0.5322329731595452]",28.739313229173636,1.5950025402529404
"[0.31160938426252777, 0.652644371225309, -0.8860644977598839, 0.5322330550410154]",28.739347906760287,1.5950653727343371
"[0.3116026536734164, 0.6526441272916432, -0.88606485097655, 0.5322331367963493]",28.739382591594904,1.5951282052157336
"[0.31159592399741587, 0.6526438834764855, -0.8860652042233876, 0.5322332184164869]",28.739417267034625,1.5951910376971303
"[0.3115891934491445, 0.6526436397151526, -0.8860655575941129, 0.532233299923078]",28.73945195378537,1.595253870178527
"[0.31158246279918017, 0.652643396035573, -0.8860659110482844, 0.5322333813067586]",28.739486635585425,1.5953167026599233
"[0.3115757328199682, 0.652643152465682, -0.8860662645453288, 0.532233462558224]",28.739521322282823,1.59537953514132
"[0.3115690026853293, 0.6526429089755861, -0.8860666181286315, 0.5322335436874405]",28.739556013660277,1.5954423676227167
"[0.31156227312342877, 0.652642665591612, -0.8860669717599304, 0.5322336246856482]",28.739590699991993,1.5955052001041135
"[0.31155554331402674, 0.6526424222840891, -0.8860673254823216, 0.5322337055627253]",28.739625387670245,1.59556803258551
"[0.31154881332894885, 0.652642179055619, -0.8860676792920376, 0.5322337863177972]",28.739660080545196,1.5956308650669067
"[0.3115420834409575, 0.6526419359160598, -0.8860680331747396, 0.5322338669475865]",28.73969477329194,1.5956936975483034
"[0.3115353537166962, 0.6526416928678141, -0.8860683871269182, 0.5322339474512996]",28.73972946741116,1.5957565300296996
"[0.31152862401600195, 0.6526414499058113, -0.8860687411559423, 0.5322340278306201]",28.739764163548465,1.5958193625110964
"[0.3115218944543083, 0.6526412070342184, -0.886069095255736, 0.5322341080841676]",28.73979885938577,1.595882194992493
"[0.3115151647880999, 0.6526409642442664, -0.8860694494391119, 0.5322341882148194]",28.739833560297466,1.5959450274738896
"[0.31150843585975163, 0.6526407215662562, -0.886069803661726, 0.532234268212652]",28.73986825872059,1.5960078599552863
"[0.31150170628377694, 0.6526404789502979, -0.8860701579965089, 0.5322343480940422]",28.73990295957805,1.596070692436683
"[0.3114949770324448, 0.6526402364314147, -0.8860705123922739, 0.5322344278474781]",28.73993766148278,1.5961335249180792
"[0.3114882486930951, 0.6526399940307581, -0.8860708668180666, 0.532234507466021]",28.739972365177508,1.596196357399476
"[0.3114815193669458, 0.6526397516799141, -0.8860712213739096, 0.5322345869721438]",28.740007071078654,1.5962591898808727
"[0.3114747897556891, 0.6526395094041791, -0.8860715760228542, 0.5322346663575158]",28.74004177964011,1.5963220223622692
"[0.311468060798483, 0.6526392672373577, -0.8860719307154001, 0.5322347456110649]",28.740076483595633,1.5963848548436659
"[0.3114613321598268, 0.6526390251673532, -0.8860722854692149, 0.5322348247367702]",28.740111196198264,1.5964476873250626
"[0.3114546031478887, 0.6526387831692663, -0.8860726403207754, 0.5322349037427759]",28.740145905373026,1.5965105198064589
"[0.311447874642797, 0.6526385412747594, -0.886072995223665, 0.5322349826187333]",28.74018061659256,1.5965733522878556
"[0.31144114566903286, 0.6526382994487543, -0.8860733502293385, 0.532235061376084]",28.74021533108437,1.5966361847692525
"[0.3114344174659362, 0.6526380577357824, -0.8860737052724051, 0.53223514000033]",28.740250044614935,1.5966990172506492
"[0.31142768884716165, 0.6526378160932186, -0.8860740604154612, 0.5322352185053401]",28.740284762577918,1.5967618497320455
"[0.31142096033209116, 0.6526375745397124, -0.886074415631099, 0.5322352968850517]",28.740319479177487,1.5968246822134422
"[0.3114142322832826, 0.6526373330882729, -0.8860747709001678, 0.5322353751352492]",28.740354199000773,1.596887514694839
"[0.311407503666323, 0.6526370917017782, -0.8860751262772902, 0.5322354532679596]",28.74038891847233,1.5969503471762354
"[0.3114007755327248, 0.6526368504179475, -0.8860754817069317, 0.5322355312709718]",28.740423640510024,1.5970131796576321
"[0.3113940474436299, 0.6526366092210354, -0.8860758372122661, 0.5322356091493823]",28.740458363348004,1.5970760121390288
"[0.31138732025336724, 0.6526363681416436, -0.8860761927481351, 0.5322356868933333]",28.74049308778635,1.597138844620425
"[0.311380591630614, 0.6526361270962437, -0.8860765484377594, 0.5322357645297394]",28.74052781342941,1.5972016771018218
"[0.3113738634404285, 0.6526358861516497, -0.8860769041825657, 0.5322358420370723]",28.740562541235292,1.5972645095832185
"[0.3113671358792773, 0.6526356453148914, -0.8860772599721471, 0.5322359194130776]",28.7405972697191,1.597327342064615
"[0.3113604086472411, 0.6526354045752064, -0.886077615822348, 0.5322359966612367]",28.740631999989837,1.5973901745460117
"[0.31135368033865124, 0.6526351638823042, -0.8860779718075368, 0.5322360737976685]",28.740666730294315,1.5974530070274084
"[0.3113469526029636, 0.6526349232952035, -0.8860783278404519, 0.5322361508034426]",28.740701464996437,1.5975158395088047
"[0.31134022453808546, 0.6526346827816268, -0.8860786839688277, 0.5322362276889037]",28.74073619647896,1.5975786719902014
"[0.31133349774980357, 0.6526344423989701, -0.8860790401076505, 0.5322363044357111]",28.740770932479162,1.5976415044715981
"[0.3113267700665359, 0.652634202069636, -0.8860793963718837, 0.5322363810686346]",28.740805670555527,1.5977043369529949
"[0.31132004306857425, 0.6526339618500234, -0.8860797526778483, 0.5322364575697321]",28.740840408866855,1.5977671694343913
"[0.3113133157507689, 0.6526337217042883, -0.8860801090787751, 0.5322365339503735]",28.74087514868918,1.597830001915788
"[0.31130658855050947, 0.6526334816480223, -0.8860804655514959, 0.5322366102056144]",28.740909890612453,1.5978928343971848
"[0.3112998610763414, 0.652633241667263, -0.8860808221167569, 0.5322366863398806]",28.74094462959163,1.597955666878581
"[0.3112931340932263, 0.6526330017892906, -0.8860811787340095, 0.5322367623445212]",28.740979377008024,1.5980184993599778
"[0.31128640765673055, 0.6526327620160681, -0.8860815354002897, 0.5322368382189316]",28.74101412083393,1.5980813318413745
"[0.3112796808166054, 0.6526325223137198, -0.8860818921659813, 0.5322369139738322]",28.74104886592569,1.598144164322771
"[0.3112729538016804, 0.6526322826903852, -0.8860822490189593, 0.5322369896066566]",28.74108361462069,1.5982069968041677
"[0.3112662271035745, 0.6526320431636028, -0.8860826059331399, 0.5322370651118428]",28.741118361476808,1.5982698292855644
"[0.3112595002586412, 0.6526318037168458, -0.8860829629331217, 0.5322371404946132]",28.74115311339563,1.5983326617669606
"[0.3112527734225379, 0.6526315643556571, -0.8860833200106458, 0.5322372157532168]",28.741187865628397,1.5983954942483574
"[0.31124604753809015, 0.6526313251135635, -0.886083677115648, 0.5322372908771326]",28.741222621762056,1.598458326729754
"[0.31123932110251196, 0.6526310859371046, -0.8860840343279098, 0.5322373658831515]",28.741257372477936,1.5985211592111506
"[0.3112325944051012, 0.6526308468365764, -0.8860843916320822, 0.5322374407680289]",28.741292129285235,1.5985839916925473
"[0.31122586831796933, 0.6526306078429742, -0.8860847489818342, 0.5322375155220588]",28.741326887710386,1.598646824173944
"[0.3112191423727595, 0.6526303689396357, -0.8860851064020367, 0.5322375901504718]",28.74136164712056,1.5987096566553403
"[0.3112124157938204, 0.6526301300990323, -0.8860854639339156, 0.5322376646618412]",28.741396406384144,1.598772489136737
"[0.3112056901495814, 0.6526298913768135, -0.8860858214941011, 0.5322377390388402]",28.741431168246976,1.5988353216181337
"[0.3111989642654789, 0.6526296527313061, -0.8860861791450245, 0.5322378132944375]",28.741465928775394,1.5988981540995304
"[0.31119223844847926, 0.6526294141733927, -0.8860865368703656, 0.5322378874252508]",28.741500696099887,1.598960986580927
"[0.3111855121587243, 0.652629175683932, -0.8860868946988448, 0.5322379614372167]",28.741535462708626,1.5990238190623236
"[0.3111787862467041, 0.6526289372930777, -0.8860872525852187, 0.5322380353209738]",28.741570230009724,1.5990866515437203
"[0.3111720607091912, 0.6526286990007001, -0.8860876105296456, 0.5322381090765776]",28.741604996068226,1.5991494840251166
"[0.3111653350310687, 0.6526284607885547, -0.8860879685595366, 0.5322381827096663]",28.74163976650663,1.5992123165065133
"[0.3111586097185734, 0.652628222674529, -0.8860883266479398, 0.5322382562147463]",28.74167453870484,1.59927514898791
"[0.3111518848627648, 0.652627984661867, -0.8860886847899914, 0.5322383295907986]",28.741709307453466,1.5993379814693065
"[0.3111451590004472, 0.6526277466987768, -0.8860890430636255, 0.5322384028537887]",28.74174408437833,1.5994008139507032
"[0.3111384330385929, 0.6526275088173765, -0.8860894014205483, 0.5322384759937934]",28.741778859352806,1.5994636464321
"[0.3111317081671716, 0.6526272710597045, -0.8860897597973425, 0.5322385489979313]",28.741813636591626,1.5995264789134962
"[0.3111249829738661, 0.652627033375848, -0.8860901182692568, 0.5322386218815119]",28.741848413821078,1.599589311394893
"[0.31111825801110254, 0.6526267957852986, -0.8860904768068483, 0.5322386946385823]",28.741883195406942,1.5996521438762896
"[0.31111153247604995, 0.6526265582597202, -0.886090835452924, 0.5322387672777908]",28.74191797424357,1.5997149763576861
"[0.3111048072504489, 0.6526263208302492, -0.8860911941604693, 0.5322388397896137]",28.741952755389523,1.5997778088390828
"[0.311098082450155, 0.6526260835009731, -0.8860915529232914, 0.5322389121728054]",28.741987540740737,1.5998406413204795
"[0.31109135802387233, 0.6526258462700283, -0.8860919117441138, 0.5322389844279826]",28.742022325100965,1.5999034738018758
"[0.3110846332086675, 0.6526256091105282, -0.886092270663646, 0.5322390565633044]",28.74205711235731,1.5999663062832725
"[0.3110779086938346, 0.6526253720467776, -0.8860926296451006, 0.532239128571379]",28.742091898185407,1.6000291387646692
"[0.3110711836579379, 0.6526251350498188, -0.8860929887323328, 0.5322392004609959]",28.742126687900537,1.600091971246066
"[0.31106445956970913, 0.6526248981713997, -0.8860933478469109, 0.5322392722164677]",28.742161477804807,1.6001548037274624
"[0.31105773460858815, 0.652624661347383, -0.8860937070860649, 0.5322393438572216]",28.742196270365238,1.6002176362088592
"[0.31105101043649713, 0.6526244246362933, -0.8860940663610176, 0.5322394153655503]",28.742231062130628,1.6002804686902559
"[0.3110442864135074, 0.6526241880155853, -0.8860944257059451, 0.5322394867482826]",28.742265857172583,1.6003433011716521
"[0.3110375619850848, 0.6526239514657474, -0.8860947851504862, 0.5322395580112972]",28.74230065411875,1.6004061336530488
"[0.31103083809267784, 0.6526237150198931, -0.8860951446443148, 0.532239629144619]",28.742335450061613,1.6004689661344456
"[0.31102411380010325, 0.6526234786451042, -0.8860955042374816, 0.5322397001581463]",28.742370249541207,1.600531798615842
"[0.31101738991178746, 0.6526232423696413, -0.8860958638869688, 0.5322397710434013]",28.742405047080176,1.6005946310972388
"[0.3110106658843413, 0.6526230061744074, -0.8860962236218357, 0.5322398418061124]",28.742439850515165,1.6006574635786355
"[0.31100394177253904, 0.6526227700613394, -0.886096583439156, 0.5322399124456837]",28.742474654622125,1.6007202960600317
"[0.3109972179650038, 0.652622534044071, -0.8860969433181295, 0.5322399829580456]",28.74250945690652,1.6007831285414285
"[0.31099049494787145, 0.6526222981396462, -0.8860973032327177, 0.5322400533381254]",28.74254426559191,1.6008459610228254
"[0.3109837708523563, 0.6526220622824928, -0.8860976632829708, 0.5322401236054808]",28.74257907213422,1.6009087935042217
"[0.3109770472515261, 0.6526218265277964, -0.8860980233846661, 0.5322401937436555]",28.742613878970733,1.6009716259856184
"[0.3109703237551306, 0.6526215908618811, -0.886098383558694, 0.5322402637567119]",28.742648687526906,1.601034458467015
"[0.3109636003467691, 0.6526213552841171, -0.8860987438059308, 0.5322403336448837]",28.742683499681412,1.6010972909484118
"[0.3109568768430134, 0.6526211197881173, -0.8860991041362026, 0.532240403410026]",28.742718311383257,1.6011601234298083
"[0.3109501538275754, 0.652620884394311, -0.8860994645182217, 0.5322404730461001]",28.74275312562328,1.601222955911205
"[0.3109434297335857, 0.6526206490478408, -0.8860998250359876, 0.532240542569324]",28.74278794151084,1.6012857883926017
"[0.31093670728121503, 0.6526204138439052, -0.8861001855436467, 0.5322406119515831]",28.742822758767424,1.601348620873998
"[0.31092998440351977, 0.6526201787101609, -0.8861005461520222, 0.5322406812142433]",28.742857574726255,1.6014114533553947
"[0.3109232611203125, 0.6526199436473119, -0.886100906860066, 0.532240750357079]",28.7428923945759,1.6014742858367914
"[0.310916538512513, 0.6526197086931512, -0.8861012676097809, 0.5322408193689707]",28.742927215307276,1.601537118318188
"[0.3109098160078622, 0.6526194738276471, -0.8861016284318626, 0.5322408882558313]",28.742962035025382,1.6015999507995846
"[0.31090309255226134, 0.6526192390140004, -0.8861019893829023, 0.5322409570284203]",28.74299686074069,1.6016627832809813
"[0.31089637051457014, 0.6526190043349273, -0.8861023503357187, 0.5322410256625251]",28.743031683456536,1.6017256157623776
"[0.3108896474306986, 0.6526187697043931, -0.8861027114226194, 0.5322410941833131]",28.743066511496675,1.6017884482437743
"[0.31088292529006123, 0.6526185351918277, -0.8861030725367574, 0.5322411625705037]",28.743101337920848,1.601851280725171
"[0.3108762016832885, 0.6526183007131912, -0.8861034338075732, 0.5322412308485848]",28.743136169083925,1.6019141132065675
"[0.3108694803173227, 0.6526180663977222, -0.8861037950358732, 0.5322412989799563]",28.743170998324057,1.6019769456879642
"[0.3108627573635887, 0.6526178321119582, -0.8861041564274055, 0.5322413670034198]",28.743205827891916,1.602039778169361
"[0.3108560357143468, 0.6526175979566877, -0.886104517826702, 0.5322414348897091]",28.74324066231524,1.6021026106507572
"[0.310849313170225, 0.6526173638552866, -0.8861048793520075, 0.5322415026610445]",28.743275496467614,1.602165443132154
"[0.31084259110091306, 0.6526171298554496, -0.8861052409296708, 0.5322415703036145]",28.74331033266447,1.6022282756135506
"[0.3108358694084218, 0.6526168959537579, -0.8861056025649465, 0.5322416378184157]",28.743345168590608,1.6022911080949473
"[0.3108291463927232, 0.6526166620910651, -0.8861059643493153, 0.5322417052225022]",28.74338000795249,1.6023539405763438
"[0.3108224254121663, 0.6526164283841785, -0.8861063261020421, 0.5322417724822197]",28.74341484823872,1.6024167730577406
"[0.31081570342150644, 0.6526161947271856, -0.8861066879870171, 0.5322418396280713]",28.743449688741368,1.6024796055391373
"[0.3108089816887822, 0.6526159611641794, -0.8861070499359872, 0.5322419066473639]",28.743484532842256,1.6025424380205335
"[0.31080226030062963, 0.6526157276981607, -0.886107411944277, 0.532241973539245]",28.743519376002382,1.6026052705019302
"[0.31079553852757175, 0.652615494303762, -0.8861077740511764, 0.5322420403110054]",28.743554220735476,1.602668102983327
"[0.31078881656861207, 0.6526152609879369, -0.8861081362459735, 0.5322421069606094]",28.74358906884105,1.6027309354647234
"[0.3107820953043869, 0.6526150277812267, -0.8861084984812089, 0.5322421734793554]",28.743623916198914,1.6027937679461202
"[0.31077537341382905, 0.6526147946377931, -0.886108860828079, 0.5322422398803156]",28.74365876542073,1.6028566004275169
"[0.31076865215155913, 0.6526145616011492, -0.8861092232189521, 0.5322423061510961]",28.743693615598147,1.6029194329089131
"[0.3107619310549284, 0.6526143286552378, -0.8861095856787596, 0.5322423722962789]",28.743728470469136,1.6029822653903099
"[0.31075520985677885, 0.6526140957907984, -0.8861099482219074, 0.532242438318491]",28.74376332593873,1.6030450978717066
"[0.31074848903761476, 0.6526138630244676, -0.8861103108224716, 0.5322425042130243]",28.74379817304003,1.603107930353103
"[0.3107417677139491, 0.6526136303256511, -0.8861106735281201, 0.5322425699885315]",28.743833034740586,1.6031707628344998
"[0.31073504701843185, 0.6526133977335575, -0.886111036277729, 0.5322426356339315]",28.743867892036263,1.6032335953158965
"[0.3107283261654221, 0.6526131652209879, -0.8861113991136953, 0.5322427011569081]",28.743902752665754,1.6032964277972932
"[0.3107216052512673, 0.6526129327912751, -0.8861117620308202, 0.532242766556518]",28.74393760964099,1.6033592602786895
"[0.3107148846076383, 0.6526127004558856, -0.8861121250111906, 0.5322428318295357]",28.743972471637342,1.6034220927600862
"[0.31070816396894946, 0.6526124682056306, -0.8861124880691461, 0.5322428969785477]",28.74400733497051,1.603484925241483
"[0.3107014431063365, 0.6526122360326044, -0.8861128512170535, 0.5322429620057639]",28.744042200901884,1.6035477577228794
"[0.3106947231045739, 0.6526120039742663, -0.8861132143962883, 0.5322430269007054]",28.74407706615084,1.603610590204276
"[0.3106880024506061, 0.6526117719783604, -0.8861135776886184, 0.5322430916779893]",28.744111936076507,1.6036734226856728
"[0.31068128182208316, 0.6526115400682915, -0.886113941057424, 0.5322431563310627]",28.74414680267223,1.603736255167069
"[0.31067456181926073, 0.6526113082647562, -0.8861143044702391, 0.5322432208541696]",28.744181671478568,1.6037990876484658
"[0.31066784180396373, 0.65261107654573, -0.8861146679615646, 0.5322432852534517]",28.744216541981565,1.6038619201298625
"[0.31066112111677646, 0.6526108448884864, -0.8861150315670808, 0.5322433495352069]",28.744251416328133,1.603924752611259
"[0.31065440119642984, 0.6526106133426096, -0.8861153952089468, 0.5322434136856811]",28.74428629132356,1.6039875850926557
"[0.31064768076220134, 0.652610381863969, -0.8861157589564632, 0.5322434777170991]",28.744321167609623,1.6040504175740524
"[0.3106409610071561, 0.6526101504936506, -0.8861161227450511, 0.5322435416181007]",28.74435604169074,1.6041132500554487
"[0.3106342412453256, 0.6526099192080231, -0.8861164866118357, 0.5322436053952241]",28.744390919643447,1.6041760825368454
"[0.31062752138823085, 0.6526096880040413, -0.8861168505616096, 0.5322436690493048]",28.74442579921249,1.6042389150182421
"[0.3106208012386429, 0.6526094568749244, -0.8861172146050604, 0.5322437325821996]",28.74446068433517,1.6043017474996386
"[0.3106140820633357, 0.6526092258642257, -0.8861175786735536, 0.5322437959819506]",28.744495566579737,1.6043645799810353
"[0.3106073624182885, 0.6526089949222894, -0.8861179428453212, 0.5322438592621934]",28.744530449226918,1.604427412462432
"[0.31060064315111235, 0.6526087640782448, -0.8861183070744295, 0.5322439224149438]",28.74456533341801,1.6044902449438287
"[0.3105939231619962, 0.6526085332943139, -0.8861186714205004, 0.5322439854505256]",28.7446002175121,1.604553077425225
"[0.3105872036945061, 0.6526083026132069, -0.8861190358161136, 0.5322440483572662]",28.744635108244367,1.6046159099066217
"[0.31058048462293325, 0.6526080720305909, -0.88611940026807, 0.5322441111363644]",28.744669996327467,1.6046787423880187
"[0.3105737659316824, 0.6526078415458983, -0.886119764777202, 0.5322441737880048]",28.744704887725447,1.604741574869415
"[0.3105670463846863, 0.6526076111167619, -0.8861201294105773, 0.5322442363236655]",28.74473977982827,1.6048044073508116
"[0.31056032672026357, 0.6526073807684853, -0.8861204941281494, 0.5322442987364842]",28.74477467425458,1.6048672398322084
"[0.310553608337464, 0.6526071505490342, -0.8861208588539619, 0.5322443610134616]",28.744809568436718,1.6049300723136046
"[0.3105468892086713, 0.6526069203888907, -0.8861212236980799, 0.5322444231734362]",28.744844463552912,1.6049929047950016
"[0.3105401704313966, 0.6526066903256734, -0.8861215886009164, 0.5322444852062211]",28.744879363577045,1.6050557372763983
"[0.31053345189554693, 0.6526064603555906, -0.8861219535684396, 0.5322445471128592]",28.74491425794029,1.6051185697577945
"[0.3105267332483124, 0.6526062304665657, -0.8861223186198129, 0.532244608896597]",28.74494916104126,1.6051814022391913
"[0.3105200145038691, 0.6526060006590835, -0.8861226837542694, 0.532244670557302]",28.744984060529525,1.605244234720588
"[0.3105132955016837, 0.6526057709276605, -0.88612304898054, 0.5322447320964319]",28.74501896308791,1.6053070672019845
"[0.31050657717995095, 0.6526055413043638, -0.8861234142476182, 0.5322447935054067]",28.74505386798568,1.6053698996833812
"[0.310499859008423, 0.6526053117710574, -0.8861237795843191, 0.5322448547890887]",28.74508877564363,1.6054327321647779
"[0.31049314078546913, 0.6526050823208351, -0.886124145001606, 0.5322449159493349]",28.745123683012487,1.6054955646461742
"[0.3104864218735479, 0.6526048529319497, -0.8861245105341674, 0.53224497699191]",28.745158591518088,1.6055583971275709
"[0.3104797039403036, 0.652604623661336, -0.886124876091273, 0.5322450379016617]",28.745193501823152,1.6056212296089676
"[0.3104729859198339, 0.6526043944725617, -0.8861252417309086, 0.5322450986883194]",28.7452284135525,1.6056840620903643
"[0.310466267908115, 0.6526041653689357, -0.8861256074478515, 0.5322451593509707]",28.74526332308018,1.6057468945717608
"[0.3104595493133548, 0.6526039363302762, -0.8861259732743273, 0.5322452198949529]",28.7452982399655,1.6058097270531575
"[0.31045283169273064, 0.6526037074096578, -0.8861263391255414, 0.5322452803062442]",28.745333153674324,1.6058725595345542
"[0.3104461139604518, 0.652603478570059, -0.8861267050606115, 0.5322453405946337]",28.745368069903595,1.6059353920159505
"[0.3104393959333151, 0.6526032498052485, -0.8861270710895252, 0.5322454007617493]",28.745402988197082,1.6059982244973472
"[0.310432678106385, 0.6526030211320877, -0.8861274371853097, 0.5322454608031495]",28.745437908121808,1.606061056978744
"[0.31042596095785263, 0.6526027925668214, -0.88612780332189, 0.5322455207145999]",28.745472828811504,1.6061238894601404
"[0.31041924317989755, 0.6526025640649604, -0.8861281695705522, 0.5322455805077476]",28.74550774969217,1.606186721941537
"[0.3104125254879342, 0.6526023356508431, -0.8861285358923009, 0.5322456401762141]",28.745542672922696,1.6062495544229338
"[0.3104058075921524, 0.6526021073146167, -0.8861289023029415, 0.5322456997225684]",28.74557760048647,1.60631238690433
"[0.3103990908254596, 0.6526018791015676, -0.8861292687297581, 0.532245759135018]",28.745612521904132,1.6063752193857268
"[0.3103923737351512, 0.6526016509623145, -0.8861296352519868, 0.5322458184264418]",28.745647452091372,1.6064380518671235
"[0.310385656386617, 0.6526014228990936, -0.8861300018660699, 0.5322458775962376]",28.745682382058323,1.60650088434852
"[0.31037893931635085, 0.6526011949301167, -0.8861303685427268, 0.5322459366396796]",28.745717313929916,1.6065637168299167
"[0.3103722219288716, 0.6526009670351783, -0.8861307353144637, 0.5322459955619939]",28.74575224550128,1.6066265493113134
"[0.31036550471963, 0.6526007392310773, -0.8861311021542319, 0.532246054358842]",28.745787177711495,1.6066893817927101
"[0.3103587878572271, 0.6526005115235198, -0.8861314690528138, 0.5322461130287609]",28.745822111791956,1.6067522142741064
"[0.3103520711069621, 0.6526002839045505, -0.8861318360230215, 0.5322461715737986]",28.745857048014773,1.6068150467555031
"[0.31034535414516085, 0.652600056363219, -0.88613220308254, 0.5322462299967502]",28.745891985239155,1.6068778792368998
"[0.31033863780993676, 0.6525998289278325, -0.8861325701855642, 0.5322462882904255]",28.74592692221845,1.6069407117182963
"[0.31033192099919377, 0.6525996015611432, -0.8861329373923271, 0.532246346464301]",28.7459618640524,1.607003544199693
"[0.31032520489548965, 0.6525993743031482, -0.8861333046381751, 0.5322464045081716]",28.745996805025833,1.6070663766810898
"[0.3103184876465363, 0.6525991470911771, -0.8861336720244016, 0.5322464624380314]",28.746031747242064,1.607129209162486
"[0.3103117715190391, 0.6525989200019018, -0.8861340394270337, 0.532246520234329]",28.74606669386412,1.6071920416438827
"[0.3103050553659955, 0.6525986929965153, -0.8861344069087989, 0.5322465779069654]",28.74610163629665,1.6072548741252795
"[0.3102983391581729, 0.6525984660740312, -0.886134774471297, 0.5322466354561858]",28.746136584806443,1.607317706606676
"[0.31029162279364664, 0.6525982392310057, -0.88613514212011, 0.5322466928828594]",28.746171531349162,1.6073805390880727
"[0.3102849067846628, 0.6525980124847351, -0.8861355098271951, 0.5322467501826089]",28.7462064828353,1.6074433715694694
"[0.3102781903197677, 0.6525977858078253, -0.88613587763698, 0.5322468073623521]",28.74624143426555,1.6075062040508656
"[0.3102714744646033, 0.6525975592362447, -0.8861362454911053, 0.5322468644130085]",28.746276384636523,1.6075690365322624
"[0.31026475893672295, 0.6525973327604156, -0.8861366134050261, 0.5322469213370378]",28.746311337368496,1.607631869013659
"[0.3102580426150867, 0.6525971063425701, -0.8861369814401664, 0.5322469781438909]",28.746346295974934,1.6076947014950556
"[0.3102513269167576, 0.6525968800304685, -0.8861373495188776, 0.5322470348215914]",28.746381252498313,1.6077575339764523
"[0.31024461099343936, 0.6525966537955173, -0.8861377176876469, 0.5322470913773049]",28.746416207346595,1.607820366457849
"[0.31023789580041694, 0.6525964276698853, -0.8861380858940968, 0.5322471478029998]",28.74645116734119,1.6078831989392457
"[0.3102311797791124, 0.6525962016010881, -0.886138454223688, 0.5322472041117694]",28.74648612723032,1.607946031420642
"[0.3102244645725182, 0.652595975644433, -0.886138822586313, 0.5322472602898328]",28.746521090237067,1.6080088639020387
"[0.31021774934151536, 0.6525957497716608, -0.8861391910279883, 0.5322473163442388]",28.746556052978384,1.6080716963834354
"[0.310211033825543, 0.6525955239740191, -0.8861395595630149, 0.5322473722771438]",28.746591016620666,1.6081345288648319
"[0.3102043185020421, 0.6525952982675581, -0.8861399281651929, 0.5322474280845702]",28.74662598403196,1.6081973613462286
"[0.31019760340192126, 0.6525950726533076, -0.8861402968328186, 0.5322474837662714]",28.7466609514353,1.6082601938276253
"[0.31019088795238475, 0.6525948471120315, -0.8861406655973406, 0.5322475393269821]",28.74669592402929,1.6083230263090216
"[0.3101841733177313, 0.652594621682798, -0.8861410343948167, 0.5322475947571101]",28.746730890187948,1.6083858587904183
"[0.31017745778322936, 0.6525943963080645, -0.886141403319428, 0.5322476500707769]",28.746765861399837,1.608448691271815
"[0.31017074252902077, 0.6525941710274404, -0.886141772306353, 0.532247705258251]",28.746800835076694,1.6085115237532115
"[0.31016402813865696, 0.6525939458604739, -0.8861421413235067, 0.5322477603147728]",28.746835809196735,1.6085743562346082
"[0.31015731279104974, 0.6525937207460947, -0.8861425104709765, 0.5322478152552711]",28.74687078325791,1.608637188716005
"[0.31015059885936025, 0.6525934957638527, -0.8861428796182993, 0.5322478700603344]",28.74690576156168,1.6087000211974012
"[0.31014388392568815, 0.6525932708327117, -0.8861432488984095, 0.5322479247497133]",28.746940741244504,1.608762853678798
"[0.31013716950780773, 0.6525930460035211, -0.8861436182278472, 0.5322479793110314]",28.7469757199748,1.6088256861601946
"[0.31013045461797617, 0.6525928212432043, -0.8861439876609422, 0.5322480337523146]",28.747010701691757,1.6088885186415915
"[0.31012374035593404, 0.6525925965885676, -0.886144357137188, 0.5322480880646484]",28.74704568526374,1.6089513511229878
"[0.3101170261491685, 0.6525923720204388, -0.8861447266880761, 0.532248142252684]",28.74708066691348,1.6090141836043845
"[0.31011031198146644, 0.6525921475382738, -0.8861450963144978, 0.5322481963165522]",28.747115653793035,1.6090770160857812
"[0.3101035980154942, 0.6525919231475046, -0.8861454660074933, 0.5322482502549474]",28.747150638443415,1.6091398485671775
"[0.31009688365131377, 0.6525916988280985, -0.8861458358001002, 0.5322483040726639]",28.747185627355233,1.6092026810485744
"[0.3100901691324229, 0.6525914745881521, -0.8861462056789181, 0.5322483577677898]",28.747220616493248,1.6092655135299712
"[0.3100834553981562, 0.6525912504590673, -0.8861465755921906, 0.5322484113327755]",28.747255607171763,1.6093283460113674
"[0.31007674166061494, 0.6525910264145126, -0.8861469455833149, 0.5322484647739412]",28.747290598886234,1.6093911784927641
"[0.3100700276727887, 0.6525908024462491, -0.8861473156659088, 0.5322485180932441]",28.747325592226872,1.6094540109741609
"[0.31006331363567974, 0.6525905785609768, -0.8861476858288977, 0.532248571289089]",28.74736058832328,1.6095168434555573
"[0.31005660007031827, 0.6525903547760808, -0.8861480560435475, 0.5322486243573334]",28.747395583497113,1.609579675936954
"[0.3100498863528671, 0.6525901310707334, -0.8861484263442548, 0.5322486773029463]",28.747430580649386,1.6096425084183508
"[0.31004317318989666, 0.6525899074684713, -0.88614879669204, 0.5322487301203619]",28.747465579317,1.609705340899747
"[0.3100364594012906, 0.6525896839300073, -0.8861491671520083, 0.5322487828188383]",28.747500580382187,1.6097681733811438
"[0.31002974599246075, 0.6525894604888063, -0.886149537668686, 0.5322488353904902]",28.747535583084854,1.6098310058625405
"[0.3100230324981968, 0.6525892371293817, -0.8861499082677431, 0.5322488878389635]",28.74757058503753,1.609893838343937
"[0.31001631880786673, 0.6525890138480612, -0.8861502789552909, 0.5322489401651069]",28.747605587568255,1.6099566708253337
"[0.3100096059891149, 0.6525887906803164, -0.8861506496723701, 0.532248992360643]",28.74764059767965,1.6100195033067304
"[0.3100028925790245, 0.652588567577529, -0.8861510204997645, 0.5322490444369236]",28.74767560096895,1.610082335788127
"[0.30999617940998464, 0.6525883445673569, -0.8861513913915016, 0.5322490963874932]",28.7477106113803,1.6101451682695234
"[0.30998946705417096, 0.6525881216688001, -0.8861517623159509, 0.5322491482079342]",28.747745619474333,1.61020800075092
"[0.3099827536755438, 0.6525878988208526, -0.8861521333745763, 0.5322491999124601]",28.747780631159355,1.6102708332323168
"[0.30997604101392573, 0.6525876760813103, -0.8861525044712192, 0.5322492514876149]",28.747815644870496,1.6103336657137133
"[0.3099693282723104, 0.6525874534236992, -0.8861528756499297, 0.5322493029395552]",28.74785065874614,1.61039649819511
"[0.309962615313573, 0.6525872308434768, -0.886153246918295, 0.5322493542693197]",28.74788567447243,1.6104593306765067
"[0.3099559027608537, 0.652587008361297, -0.886153618241848, 0.5322494054721507]",28.74792069007093,1.610522163157903
"[0.3099491901310905, 0.6525867859611434, -0.886153989647305, 0.5322494565517375]",28.747955708081406,1.6105849956392997
"[0.30994247746021997, 0.6525865636442084, -0.8861543611326783, 0.5322495075078006]",28.747990730364265,1.6106478281206964
"[0.3099357649815942, 0.6525863414182087, -0.886154732685053, 0.53224955833858]",28.74802574785464,1.610710660602093
"[0.3099290527588633, 0.6525861192852487, -0.8861551043008968, 0.5322496090435961]",28.748060770450795,1.6107734930834896
"[0.30992234008210456, 0.6525858972218379, -0.8861554760195168, 0.5322496596282028]",28.74809579607146,1.6108363255648863
"[0.3099156284556336, 0.6525856752777188, -0.8861558477576009, 0.5322497100810905]",28.748130818399087,1.6108991580462826
"[0.30990891602305665, 0.6525854533915051, -0.8861562196179643, 0.5322497604162092]",28.748165844776924,1.6109619905276793
"[0.309902204210714, 0.6525852316103453, -0.8861565915215933, 0.532249810622859]",28.748200873145674,1.611024823009076
"[0.3098954915253439, 0.6525850098849039, -0.8861569635512334, 0.5322498607121979]",28.748235903240612,1.6110876554904725
"[0.3098887797562021, 0.6525847882742681, -0.8861573356077205, 0.5322499106708868]",28.748270933571657,1.6111504879718692
"[0.3098820678013064, 0.6525845667420477, -0.8861577077521274, 0.5322499605071348]",28.74830596449837,1.611213320453266
"[0.3098753564406522, 0.6525843453139829, -0.8861580799412005, 0.5322500102151531]",28.748340997315154,1.6112761529346626
"[0.309868644527711, 0.6525841239522161, -0.8861584522385214, 0.5322500598034673]",28.748376031775436,1.611338985416059
"[0.3098619322191141, 0.6525839026619588, -0.8861588246354184, 0.5322501092708563]",28.748411068740907,1.6114018178974556
"[0.30985522074187466, 0.6525836814836418, -0.8861591970638093, 0.5322501586083019]",28.748446105665277,1.6114646503788523
"[0.3098485094119382, 0.6525834603947279, -0.8861595695616347, 0.5322502078208274]",28.74848114381446,1.6115274828602488
"[0.30984179789371674, 0.6525832393840963, -0.8861599421475239, 0.5322502569109686]",28.748516183504083,1.6115903153416455
"[0.309835086325124, 0.6525830184563346, -0.8861603148138227, 0.5322503058776565]",28.74855122839865,1.6116531478230423
"[0.30982837559097937, 0.6525827976405594, -0.8861606875113871, 0.5322503547144476]",28.748586267897664,1.6117159803044385
"[0.30982166406468414, 0.6525825768832354, -0.8861610603305532, 0.5322504034331905]",28.748621312661044,1.6117788127858352
"[0.3098149530705264, 0.6525823562279232, -0.8861614331977626, 0.5322504520242666]",28.74865635808164,1.611841645267232
"[0.30980824212182684, 0.6525821356586359, -0.886161806140045, 0.5322505004911797]",28.74869140473059,1.6119044777486284
"[0.3098015308308276, 0.6525819151625565, -0.8861621791789547, 0.5322505488368132]",28.748726453182922,1.6119673102300252
"[0.30979481985100366, 0.6525816947612256, -0.8861625522781684, 0.5322505970563708]",28.74876149961358,1.6120301427114219
"[0.3097881093343666, 0.6525814744595979, -0.8861629254292223, 0.5322506451488055]",28.748796553635373,1.6120929751928181
"[0.30978139783647507, 0.6525812542102626, -0.886163298712445, 0.532250693124453]",28.748831605921847,1.6121558076742148
"[0.30977468697554394, 0.6525810340663254, -0.8861636720378399, 0.5322507409717383]",28.748866658817143,1.6122186401556116
"[0.3097679767636313, 0.6525808140281645, -0.8861640454047142, 0.5322507886906002]",28.748901713706914,1.6122814726370083
"[0.30976126599376674, 0.6525805940561823, -0.8861644188802236, 0.5322508362896409]",28.748936771869378,1.6123443051184048
"[0.309754555280524, 0.6525803741705445, -0.8861647924301733, 0.5322508837644718]",28.74897182694078,1.6124071375998015
"[0.3097478450292567, 0.652580154384518, -0.8861651660319904, 0.5322509311122415]",28.749006886888136,1.6124699700811982
"[0.30974113530643266, 0.6525799347002607, -0.8861655396819574, 0.5322509783325058]",28.74904194814783,1.6125328025625945
"[0.30973442431410786, 0.6525797150589322, -0.8861659134802092, 0.5322510254378799]",28.74907701020919,1.6125956350439912
"[0.3097277140636153, 0.6525794955263241, -0.8861662873147261, 0.5322510724142822]",28.74911207528167,1.6126584675253879
"[0.3097210035334694, 0.6525792760690535, -0.8861666612424068, 0.5322511192688204]",28.74914713909508,1.6127213000067844
"[0.30971429400651956, 0.6525790567290428, -0.8861670351917552, 0.5322511659925754]",28.749182205591016,1.612784132488181
"[0.30970758328854264, 0.6525788374345582, -0.8861674092850678, 0.5322512126008252]",28.74921727397048,1.6128469649695778
"[0.30970087343416736, 0.6525786182527518, -0.8861677834078127, 0.532251259079283]",28.749252339298483,1.612909797450974
"[0.3096941633929208, 0.6525783991492958, -0.8861681576185498, 0.5322513054352407]",28.74928741156354,1.6129726299323708
"[0.30968745408421794, 0.652578180154195, -0.8861685318659946, 0.5322513516623666]",28.749322481330363,1.6130354624137675
"[0.30968074386958594, 0.6525779612139736, -0.886168906241545, 0.5322513977719397]",28.74935755426882,1.613098294895164
"[0.3096740342893151, 0.6525777423788912, -0.8861692806592687, 0.5322514437533675]",28.749392628881346,1.6131611273765607
"[0.3096673246712835, 0.6525775236270143, -0.8861696551566627, 0.5322514896112697]",28.749427702500114,1.6132239598579574
"[0.3096606152555244, 0.6525773049661616, -0.8861700297203264, 0.5322515353440116]",28.749462780653303,1.6132867923393537
"[0.3096539054077028, 0.6525770863756652, -0.886170404385676, 0.5322515809559067]",28.749497862685573,1.6133496248207506
"[0.3096471965268765, 0.6525768679010903, -0.8861707790745809, 0.532251626437459]",28.749532940856284,1.6134124573021473
"[0.30964048672956523, 0.6525766494810972, -0.8861711538922326, 0.5322516718014383]",28.74956801891523,1.613475289783544
"[0.3096337775494125, 0.6525764311656169, -0.8861715287529641, 0.5322517170374628]",28.749603102574774,1.6135381222649403
"[0.30962706808182106, 0.6525762129252034, -0.8861719037073124, 0.5322517621516427]",28.749638187488415,1.613600954746337
"[0.30962035927610204, 0.6525759947907283, -0.886172278702219, 0.5322518071376016]",28.74967327202792,1.6136637872277337
"[0.3096136502624641, 0.6525757767339008, -0.8861726537862933, 0.532251852001182]",28.74970835790653,1.6137266197091302
"[0.30960694058983684, 0.6525755587400724, -0.8861730289847685, 0.5322518967453781]",28.74974344617243,1.613789452190527
"[0.30960023219575616, 0.6525753408721819, -0.8861734041892886, 0.5322519413572822]",28.749778538166037,1.6138522846719237
"[0.3095935233764213, 0.6525751230748754, -0.8861737794951328, 0.532251985848249]",28.749813624465077,1.61391511715332
"[0.3095868143611262, 0.6525749053556091, -0.8861741548894844, 0.5322520302167365]",28.74984871683348,1.6139779496347166
"[0.30958010600709485, 0.6525746877421896, -0.8861745303243709, 0.532252074457089]",28.749883810938833,1.6140407821161133
"[0.30957339688317986, 0.6525744701881925, -0.8861749058798882, 0.5322521185787397]",28.74991890849631,1.6141036145975098
"[0.309566688720233, 0.6525742527497435, -0.8861752814591447, 0.532252162570303]",28.749954002954595,1.6141664470789066
"[0.3095599797775282, 0.6525740353703972, -0.886175657159598, 0.5322522064432181]",28.749989100831318,1.6142292795603033
"[0.30955327193031823, 0.6525738181109271, -0.886176032876228, 0.5322522501852044]",28.750024198438332,1.6142921120416995
"[0.30954656301191946, 0.6525736009011405, -0.8861764087303938, 0.5322522938104078]",28.750059297357605,1.6143549445230962
"[0.3095398547205932, 0.6525733837960341, -0.8861767846269606, 0.5322523373077627]",28.75009440064847,1.614417777004493
"[0.3095331466898357, 0.6525731667837273, -0.8861771605864494, 0.5322523806796705]",28.75012950445687,1.6144806094858897
"[0.30952643854586753, 0.6525729498521297, -0.8861775366298068, 0.5322524239285429]",28.75016460907315,1.6145434419672862
"[0.3095197303417996, 0.6525727330029419, -0.8861779127540583, 0.5322524670540534]",28.750199714763212,1.6146062744486829
"[0.30951302194428165, 0.652572516231874, -0.8861782889666849, 0.5322525100570292]",28.75023482035067,1.6146691069300796
"[0.30950631413306445, 0.6525722995641117, -0.8861786652239498, 0.5322525529324844]",28.750269930022654,1.6147319394114759
"[0.3094996065817468, 0.6525720829890834, -0.8861790415441481, 0.5322525956825388]",28.750305039612055,1.6147947718928726
"[0.309492898729396, 0.6525718664886874, -0.8861794179587495, 0.5322526383107535]",28.750340150335674,1.6148576043742693
"[0.30948619073527706, 0.6525716500680682, -0.8861797944588247, 0.5322526808161054]",28.750375263342033,1.6149204368556658
"[0.3094794830594938, 0.6525714337420649, -0.886180171018546, 0.5322527231956823]",28.750410375434047,1.6149832693370625
"[0.3094727750482606, 0.6525712174895868, -0.8861805476746163, 0.5322527654536189]",28.750445489650485,1.6150461018184592
"[0.30946606775904245, 0.6525710013447221, -0.8861809243676524, 0.5322528075832546]",28.750480610605706,1.6151089342998555
"[0.30945936041959904, 0.6525707852825701, -0.886181301141011, 0.5322528495894581]",28.750515726052786,1.6151717667812522
"[0.30945265268509736, 0.6525705692920302, -0.8861816780140713, 0.532252891474374]",28.750550845328227,1.615234599262649
"[0.30944594593658725, 0.6525703534175474, -0.8861820549092289, 0.532252933229409]",28.750585964825937,1.6152974317440454
"[0.30943923856690253, 0.6525701376073996, -0.8861824319167936, 0.5322529748645561]",28.75062108654432,1.615360264225442
"[0.3094325314269503, 0.65256992188896, -0.8861828089889444, 0.5322530163745343]",28.750656210958628,1.6154230967068388
"[0.309425823302597, 0.6525697062232104, -0.8861831861939521, 0.5322530577668126]",28.750691335381376,1.615485929188235
"[0.30941911691536356, 0.652569490697596, -0.8861835633787697, 0.5322530990246608]",28.750726463926217,1.6155487616696318
"[0.3094124098836673, 0.6525692752355763, -0.8861839406773244, 0.532253140162735]",28.750761589041844,1.6156115941510285
"[0.30940570320684485, 0.6525690598692663, -0.8861843180334038, 0.5322531811748872]",28.75079671810895,1.6156744266324252
"[0.30939899644007135, 0.6525688445843719, -0.8861846954720314, 0.5322532220638477]",28.750831848117315,1.6157372591138217
"[0.30939228936367225, 0.6525686293738374, -0.8861850730055768, 0.5322532628309544]",28.7508669817996,1.6158000915952184
"[0.30938558285391043, 0.6525684142657829, -0.8861854505847114, 0.5322533034708762]",28.75090211298669,1.6158629240766151
"[0.30937887621888643, 0.6525681992380059, -0.8861858282483818, 0.5322533439878165]",28.75093724813347,1.6159257565580114
"[0.3093721695188775, 0.6525679842924311, -0.8861862059931964, 0.5322533843814156]",28.750972383085276,1.6159885890394081
"[0.30936546312331203, 0.6525677694409033, -0.8861865837983437, 0.532253424649441]",28.751007520725743,1.6160514215208048
"[0.30935875667197493, 0.6525675546718711, -0.8861869616841112, 0.5322534647940672]",28.75104266021834,1.6161142540022013
"[0.3093520504970491, 0.6525673399959786, -0.8861873396317779, 0.5322535048132953]",28.75107779947313,1.616177086483598
"[0.309345344069086, 0.652567125396243, -0.8861877176711825, 0.5322535447103234]",28.751112939468545,1.6162399189649947
"[0.30933863794048666, 0.6525669108903701, -0.8861880957711838, 0.5322535844818259]",28.751148081503715,1.616302751446391
"[0.3093319316862114, 0.6525666964647584, -0.8861884739557441, 0.5322536241303287]",28.7511832288426,1.6163655839277877
"[0.30932522571434456, 0.6525664821324231, -0.8861888522018472, 0.5322536636534559]",28.75121837267701,1.6164284164091844
"[0.3093185197153599, 0.6525662678834918, -0.8861892305269465, 0.5322537030530048]",28.751253518785507,1.616491248890581
"[0.309311813519536, 0.652566053712539, -0.8861896089406213, 0.5322537423299722]",28.751288665461395,1.6165540813719776
"[0.30930510756775503, 0.652565839633637, -0.886189987417992, 0.5322537814817817]",28.751323817094367,1.6166169138533744
"[0.30929840141035064, 0.6525656256324325, -0.8861903659844369, 0.5322538205110535]",28.751358967671163,1.6166797463347706
"[0.3092916960276841, 0.6525654117401964, -0.8861907445846039, 0.5322538594120975]",28.751394120588817,1.6167425788161673
"[0.3092849910713629, 0.6525651979457942, -0.8861911232381426, 0.5322538981869637]",28.7514292731178,1.616805411297564
"[0.30927828485612163, 0.6525649841954968, -0.8861915020402408, 0.5322539368453811]",28.751464425506366,1.6168682437789608
"[0.30927157984314574, 0.6525647705677553, -0.8861918808518782, 0.5322539753731522]",28.75149958503202,1.6169310762603573
"[0.3092648736775956, 0.6525645569875782, -0.8861922598060935, 0.5322540137837636]",28.751534740713634,1.616993908741754
"[0.30925816883475843, 0.6525643435336874, -0.8861926387630129, 0.5322540520631683]",28.75156989840516,1.6170567412231507
"[0.30925146338049037, 0.6525641301445794, -0.8861930178319378, 0.5322540902223236]",28.751605061951082,1.617119573704547
"[0.30924475812792207, 0.6525639168461278, -0.886193396966909, 0.5322541282565993]",28.75164022219097,1.6171824061859437
"[0.3092380529141067, 0.6525637036331444, -0.8861937761771342, 0.5322541661669243]",28.751675386903756,1.6172452386673406
"[0.30923134724502904, 0.652563490489895, -0.8861941554905616, 0.5322542039561162]",28.751710548238517,1.6173080711487369
"[0.30922464195598526, 0.652563277442958, -0.8861945348599412, 0.53225424161943]",28.751745715040858,1.6173709036301336
"[0.30921793749065135, 0.6525630645064003, -0.8861949142601497, 0.5322542791544129]",28.751780885930387,1.6174337361115303
"[0.30921123268688666, 0.6525628516432997, -0.8861952937569436, 0.5322543165675838]",28.751816050609456,1.6174965685929266
"[0.3092045280144958, 0.6525626388685719, -0.886195673323735, 0.5322543538563176]",28.75185122089961,1.6175594010743235
"[0.30919782301217547, 0.6525624261675818, -0.8861960529866417, 0.5322543910231691]",28.751886394790226,1.6176222335557202
"[0.3091911181349772, 0.652562213554766, -0.8861964327199012, 0.5322544280656102]",28.751921563522636,1.6176850660371165
"[0.3091844133954034, 0.6525620010305142, -0.8861968125228004, 0.5322544649835778]",28.751956738880818,1.6177478985185132
"[0.30917770843836373, 0.6525617885835727, -0.8861971924154548, 0.5322545017790214]",28.75199191519386,1.61781073099991
"[0.3091710048799733, 0.6525615762651212, -0.8861975723062776, 0.5322545384431069]",28.752027090612817,1.6178735634813066
"[0.30916430026936637, 0.6525613639975303, -0.8861979523341527, 0.5322545749892427]",28.75206227099555,1.6179363959627031
"[0.3091575961585935, 0.652561151829942, -0.8861983324111171, 0.5322546114089572]",28.75209744791118,1.6179992284440998
"[0.30915089189671197, 0.652560939741751, -0.8861987125740687, 0.5322546477057906]",28.75213262949663,1.6180620609254965
"[0.3091441870873629, 0.6525607277204307, -0.8861990928454936, 0.5322546838818676]",28.752167811997126,1.6181248934068928
"[0.30913748335134444, 0.6525605158172197, -0.8861994731334585, 0.5322547199284596]",28.75220299582474,1.6181877258882895
"[0.30913077975412645, 0.6525603040025567, -0.8861998534909546, 0.5322547558506202]",28.75223818287565,1.6182505583696862
"[0.30912407533491093, 0.6525600922460915, -0.8862002339725094, 0.5322547916534808]",28.75227336706769,1.6183133908510827
"[0.30911737069085915, 0.6525598805667058, -0.8862006145442513, 0.5322548273338188]",28.75230855494785,1.6183762233324794
"[0.3091106670177486, 0.6525596690021362, -0.8862009951382912, 0.532254862885291]",28.752343742245618,1.6184390558138761
"[0.3091039636414317, 0.6525594575310814, -0.8862013757928819, 0.5322548983115065]",28.752378934692917,1.6185018882952724
"[0.30909725926315534, 0.6525592461125929, -0.8862017565817847, 0.5322549336192941]",28.752414125478673,1.6185647207766691
"[0.3090905560825485, 0.6525590348159953, -0.8862021373800646, 0.5322549687971145]",28.75244931945103,1.6186275532580658
"[0.30908385258102583, 0.6525588235934423, -0.8862025182739739, 0.5322550038529111]",28.752484515040283,1.6186903857394623
"[0.30907714885407234, 0.6525586124479225, -0.886202899258097, 0.5322550387862026]",28.752519710991738,1.618753218220859
"[0.3090704455288017, 0.6525584013992011, -0.8862032802967904, 0.5322550735937032]",28.752554904086693,1.6188160507022558
"[0.30906374211731047, 0.6525581904318942, -0.8862036614177824, 0.5322551082779711]",28.75259010618461,1.618878883183652
"[0.3090570389975195, 0.6525579795579038, -0.8862040425995825, 0.5322551428370392]",28.752625305243782,1.6189417156650487
"[0.3090503358247692, 0.6525577687663758, -0.8862044238617859, 0.5322551772726957]",28.752660507272097,1.6190045481464455
"[0.30904363202226803, 0.6525575580391826, -0.886204805237211, 0.5322552115878842]",28.752695709504582,1.6190673806278422
"[0.3090369290310734, 0.6525573474216189, -0.8862051866438737, 0.5322552457752302]",28.752730915105833,1.6191302131092387
"[0.30903022635708555, 0.6525571368981388, -0.8862055681098681, 0.5322552798372809]",28.75276611928375,1.6191930455906354
"[0.3090235233509044, 0.6525569264483454, -0.8862059496721537, 0.5322553137773322]",28.752801326627175,1.619255878072032
"[0.3090168201271888, 0.6525567160758223, -0.8862063313242137, 0.5322553475948173]",28.752836535779984,1.6193187105534284
"[0.30901011795877065, 0.6525565058205318, -0.886206712993563, 0.5322553812832966]",28.752871741277012,1.619381543034825
"[0.30900341421178223, 0.6525562955998415, -0.8862070948302015, 0.5322554148560086]",28.752906953946813,1.6194443755162218
"[0.30899671173993076, 0.6525560855032437, -0.886207476671591, 0.5322554482986528]",28.752942165072174,1.6195072079976183
"[0.3089900093311098, 0.65255587549272, -0.8862078585867621, 0.5322554816173081]",28.752977381208087,1.619570040479015
"[0.3089833065944084, 0.6525556655560218, -0.8862082405979942, 0.5322555148139132]",28.75301259641532,1.6196328729604117
"[0.30897660404611793, 0.6525554557093167, -0.8862086226758641, 0.5322555478859108]",28.753047812148367,1.619695705441808
"[0.3089699015084955, 0.6525552459470431, -0.8862090048305007, 0.5322555808341715]",28.753083029114347,1.6197585379232047
"[0.3089631996098075, 0.6525550362888524, -0.8862093870260698, 0.5322556136556202]",28.753118248560554,1.6198213704046014
"[0.30895649709835243, 0.6525548266955649, -0.8862097693339543, 0.5322556463564098]",28.75315346932142,1.6198842028859979
"[0.3089497942877189, 0.6525546171770223, -0.8862101517362819, 0.5322556789349592]",28.753188690113586,1.6199470353673946
"[0.3089430921878004, 0.6525544077647781, -0.8862105341754295, 0.5322557113863766]",28.753223912832215,1.6200098678487913
"[0.30893639102206916, 0.6525541984657784, -0.8862109166386167, 0.5322557437096281]",28.753259135539235,1.6200727003301876
"[0.3089296884008335, 0.6525539892053964, -0.8862112992622422, 0.5322557759162211]",28.753294364549834,1.6201355328115843
"[0.30892298665663315, 0.652553780056468, -0.886211681913161, 0.5322558079949264]",28.75332959130484,1.620198365292981
"[0.30891628457610376, 0.6525535709811201, -0.8862120646606425, 0.5322558399515591]",28.753364820852727,1.6202611977743777
"[0.3089095830233456, 0.6525533620062673, -0.886212447455337, 0.5322558717820457]",28.753400052478117,1.6203240302557742
"[0.30890288068479366, 0.6525531530910139, -0.8862128303722779, 0.5322559034925433]",28.753435280701556,1.620386862737171
"[0.30889617975171696, 0.6525529443035816, -0.8862132132862656, 0.5322559350727805]",28.753470514299934,1.6204496952185676
"[0.30888947786685483, 0.6525527355705566, -0.8862135963319914, 0.5322559665338258]",28.753505750665965,1.620512527699964
"[0.3088827767791363, 0.6525525269464026, -0.8862139794094986, 0.5322559978674738]",28.753540980448008,1.6205753601813606
"[0.3088760745641463, 0.6525523183712162, -0.8862143626288052, 0.5322560290827065]",28.753576218720784,1.6206381926627573
"[0.30886937356073757, 0.6525521099177659, -0.886214745856178, 0.5322560601686491]",28.75361145695739,1.6207010251441538
"[0.3088626722958957, 0.6525519015402224, -0.8862151291758416, 0.5322560911321448]",28.75364669483039,1.6207638576255505
"[0.30885597068243553, 0.6525516932358794, -0.8862155125927932, 0.5322561219735839]",28.753681938732353,1.6208266901069472
"[0.3088492694877198, 0.6525514850285868, -0.8862158960631286, 0.5322561526894338]",28.753717182687595,1.6208895225883435
"[0.3088425679271605, 0.6525512768939652, -0.8862162796317439, 0.532256183283291]",28.75375242451539,1.6209523550697402
"[0.3088358674447224, 0.6525510688768447, -0.88621666321598, 0.5322562137485825]",28.753787669941115,1.621015187551137
"[0.30882916624066753, 0.6525508609213444, -0.8862170469188612, 0.5322562440934993]",28.75382291594974,1.6210780200325334
"[0.3088224657988004, 0.6525506530735079, -0.886217430655425, 0.532256274311322]",28.75385816467309,1.6211408525139301
"[0.30881576486014456, 0.6525504452942759, -0.8862178144977689, 0.5322563044077336]",28.75389341271333,1.6212036849953269
"[0.30880906405383407, 0.6525502376031609, -0.8862181984098613, 0.5322563343798972]",28.753928663868525,1.6212665174767236
"[0.3088023629581728, 0.6525500299870948, -0.8862185824158643, 0.5322563642296926]",28.75396391552973,1.6213293499581198
"[0.30879566215082216, 0.6525498224639721, -0.8862189664826753, 0.5322563939545457]",28.75399917027165,1.6213921824395165
"[0.30878896167726533, 0.6525496150352065, -0.8862193506076756, 0.5322564235542497]",28.754034425324598,1.6214550149209135
"[0.3087822608898554, 0.6525494076806932, -0.8862197348279945, 0.5322564530317271]",28.754069681615114,1.6215178474023098
"[0.30877556104410103, 0.6525492004393237, -0.8862201190716296, 0.532256482381408]",28.754104936841024,1.6215806798837065
"[0.3087688602372706, 0.6525489932522235, -0.8862205034477039, 0.5322565116116462]",28.754140193909922,1.6216435123651032
"[0.30876216036778714, 0.6525487861781017, -0.8862208878473198, 0.5322565407141441]",28.75417545455772,1.6217063448464997
"[0.30875546020613226, 0.6525485791789084, -0.8862212723410094, 0.5322565696943009]",28.754210716924554,1.6217691773278964
"[0.30874875957360215, 0.6525483722491705, -0.8862216569390391, 0.5322565985528253]",28.754245979831563,1.621832009809293
"[0.3087420596017955, 0.652548165423818, -0.8862220415764559, 0.5322566272848602]",28.754281240503317,1.6218948422906894
"[0.30873535985840506, 0.6525479586894853, -0.8862224262780614, 0.5322566558922854]",28.754316508794073,1.621957674772086
"[0.3087286593774207, 0.652547752016375, -0.8862228110993339, 0.5322566843792067]",28.75435177448977,1.6220205072534828
"[0.30872195960478493, 0.6525475454490848, -0.8862231959572291, 0.5322567127394755]",28.754387044668334,1.6220833397348793
"[0.3087152597394676, 0.6525473389629157, -0.8862235808977504, 0.5322567409764839]",28.754422311798848,1.622146172216276
"[0.30870856011603376, 0.6525471325681372, -0.8862239659016738, 0.5322567690888689]",28.754457584059203,1.6222090046976727
"[0.30870185987012283, 0.6525469262381649, -0.8862243510186765, 0.5322567970801997]",28.754492859985017,1.622271837179069
"[0.3086951605966466, 0.6525467200220905, -0.8862247361570792, 0.5322568249438392]",28.75452813176372,1.6223346696604657
"[0.3086884605548209, 0.6525465138663261, -0.8862251214169556, 0.5322568526870289]",28.754563408816104,1.6223975021418624
"[0.308681761655261, 0.652546307829652, -0.8862255066884365, 0.532256880301866]",28.75459868215476,1.6224603346232591
"[0.30867506185367394, 0.6525461018491838, -0.8862258920890904, 0.5322569077967848]",28.754633959910777,1.6225231671046556
"[0.3086683629623523, 0.6525458959806536, -0.8862262775146653, 0.5322569351643281]",28.75466923955193,1.6225859995860523
"[0.30866166368375897, 0.6525456901841309, -0.8862266630398082, 0.5322569624098621]",28.754704518663043,1.622648832067449
"[0.3086549644700702, 0.6525454844735521, -0.8862270486385018, 0.5322569895314866]",28.75473980085001,1.6227116645488453
"[0.30864826512332066, 0.6525452788428263, -0.8862274343221417, 0.5322570165300148]",28.754775085202606,1.622774497030242
"[0.30864156572720175, 0.6525450732945228, -0.8862278200859127, 0.5322570434051043]",28.75481036685931,1.6228373295116387
"[0.3086348670523557, 0.652544867852273, -0.8862282058854286, 0.5322570701536793]",28.75484565546508,1.6229001619930352
"[0.3086281681436066, 0.6525446624867708, -0.8862285917756914, 0.5322570967795671]",28.754880940248107,1.622962994474432
"[0.3086214690725702, 0.6525444572002195, -0.8862289777525829, 0.5322571232824683]",28.754916231417166,1.6230258269558286
"[0.3086147704791845, 0.6525442520122167, -0.8862293637792263, 0.5322571496598646]",28.754951521143273,1.623088659437225
"[0.3086080711450595, 0.6525440468854491, -0.8862297499258401, 0.5322571759165392]",28.754986811902427,1.6231514919186216
"[0.3086013725440539, 0.652543841865045, -0.8862301361074703, 0.5322572020467125]",28.755022105128678,1.6232143244000183
"[0.30859467436585775, 0.6525436369414797, -0.8862305223419866, 0.5322572280516302]",28.755057399839774,1.6232771568814148
"[0.3085879755747074, 0.6525434320830663, -0.8862309086891176, 0.532257253935307]",28.755092694260483,1.6233399893628115
"[0.30858127771743693, 0.6525432273371063, -0.8862312950596444, 0.5322572796917681]",28.75512799016139,1.6234028218442083
"[0.30857457877284433, 0.6525430226418193, -0.8862316815701644, 0.5322573053287754]",28.75516328828634,1.623465654325605
"[0.30856788043374783, 0.6525428180489204, -0.8862320681230145, 0.5322573308398577]",28.755198591809602,1.6235284868070012
"[0.308561181761178, 0.6525426135297372, -0.8862324547723764, 0.5322573562285807]",28.75523389166873,1.623591319288398
"[0.3085544835697428, 0.6525424091091392, -0.886232841471228, 0.5322573814918562]",28.755269194135753,1.6236541517697947
"[0.3085477853179989, 0.6525422047705859, -0.88623322825082, 0.5322574066317444]",28.755304493446477,1.6237169842511912
"[0.3085410874017606, 0.652542000526147, -0.8862336150882922, 0.5322574316467636]",28.755339801642144,1.6237798167325879
"[0.30853438899421265, 0.6525417963506132, -0.8862340020313992, 0.5322574565399943]",28.755375107827142,1.6238426492139846
"[0.3085276916435357, 0.6525415922911658, -0.8862343889906985, 0.5322574813056925]",28.75541041524416,1.6239054816953808
"[0.30852099397482535, 0.6525413883058835, -0.8862347760456162, 0.5322575059489792]",28.755445723918108,1.6239683141767776
"[0.3085142956829032, 0.6525411843855011, -0.8862351632138039, 0.5322575304709339]",28.755481035717786,1.6240311466581743
"[0.30850759836463654, 0.6525409805786564, -0.8862355504029541, 0.5322575548656804]",28.755516347761496,1.6240939791395708
"[0.3085009008323937, 0.65254077684909, -0.8862359376817167, 0.5322575791376873]",28.75555165890366,1.6241568116209675
"[0.308494202711723, 0.6525405731855263, -0.8862363250717541, 0.532257603288167]",28.755586973951218,1.6242196441023642
"[0.3084875049982827, 0.652540369618213, -0.8862367125154856, 0.5322576273135562]",28.755622291609438,1.6242824765837605
"[0.30848080827981683, 0.6525401661649709, -0.886237099978888, 0.532257651211802]",28.755657609037176,1.6243453090651572
"[0.3084741105992623, 0.6525399627663546, -0.8862374875751929, 0.5322576749898714]",28.755692927543265,1.6244081415465539
"[0.30846741284126045, 0.6525397594492424, -0.886237875253224, 0.5322576986445979]",28.7557282491047,1.6244709740279504
"[0.30846071613054576, 0.6525395562477576, -0.8862382629478627, 0.5322577221720352]",28.75576356832262,1.624533806509347
"[0.3084540190833776, 0.652539353119905, -0.8862386507392054, 0.5322577455770532]",28.755798892621414,1.6245966389907438
"[0.30844732135360337, 0.652539150055181, -0.8862390386473141, 0.5322577688608588]",28.755834214395854,1.6246594714721405
"[0.30844062418587603, 0.6525389470913411, -0.8862394266001039, 0.532257792019098]",28.755869539950297,1.6247223039535368
"[0.3084339276020992, 0.6525387442290241, -0.8862398145962862, 0.5322578150517268]",28.755904867756847,1.6247851364349335
"[0.308427230925569, 0.6525385414477156, -0.8862402026750603, 0.5322578379610899]",28.755940194997986,1.6248479689163302
"[0.3084205336068528, 0.6525383387307933, -0.8862405908682786, 0.5322578607490419]",28.755975524920746,1.6249108013977267
"[0.3084138369923257, 0.6525381361190078, -0.8862409790979008, 0.5322578834110006]",28.756010856125865,1.6249736338791234
"[0.3084071401584813, 0.6525379335843993, -0.8862413674174575, 0.5322579059501125]",28.756046188618793,1.6250364663605201
"[0.30840044352832696, 0.6525377311397721, -0.8862417558024195, 0.5322579283649369]",28.756081521267024,1.6250992988419164
"[0.30839374670019565, 0.6525375287729676, -0.8862421442760832, 0.5322579506568347]",28.756116858193142,1.625162131323313
"[0.30838705027466506, 0.652537326502147, -0.8862425328036058, 0.5322579728237877]",28.756152192534323,1.6252249638047098
"[0.30838035446714557, 0.6525371243337788, -0.8862429213724708, 0.5322579948651318]",28.756187532425702,1.6252877962861063
"[0.3083736574126097, 0.6525369222115783, -0.8862433100909196, 0.5322580167869669]",28.756222871371765,1.625350628767503
"[0.30836696058650437, 0.6525367201800553, -0.886243698873331, 0.5322580385844795]",28.75625821376674,1.6254134612488997
"[0.30836026508311914, 0.6525365182722384, -0.8862440876561477, 0.5322580602540933]",28.756293554863042,1.625476293730296
"[0.30835356872801, 0.6525363164225294, -0.8862444765656237, 0.532258081802876]",28.756328899635538,1.6255391262116927
"[0.3083468727591093, 0.6525361146682426, -0.8862448655298705, 0.5322581032268399]",28.75636424338043,1.6256019586930897
"[0.3083401761062013, 0.6525359129771497, -0.8862452546110605, 0.5322581245293821]",28.756399587673084,1.625664791174486
"[0.3083334810127106, 0.6525357114167826, -0.8862456436788345, 0.5322581457034106]",28.75643493556922,1.6257276236558826
"[0.3083267843273706, 0.6525355098922875, -0.8862460329163192, 0.5322581667588675]",28.75647028161777,1.6257904561372793
"[0.3083200887418545, 0.6525353084846562, -0.8862464221670732, 0.5322581876872947]",28.756505632440675,1.625853288618676
"[0.30831339279914144, 0.6525351071500587, -0.8862468115157875, 0.532258208493249]",28.75654098625908,1.6259161211000726
"[0.3083066971944067, 0.6525349059093905, -0.88624720092204, 0.5322582291745758]",28.75657633787319,1.6259789535814693
"[0.30830000160688104, 0.6525347047530029, -0.8862475904044794, 0.5322582497322728]",28.756611692964526,1.626041786062866
"[0.30829330590815407, 0.6525345036770398, -0.8862479799705771, 0.532258270166729]",28.75664704670208,1.6261046185442622
"[0.3082866108043186, 0.6525343027026924, -0.886248369579243, 0.5322582904758045]",28.75668240692432,1.626167451025659
"[0.3082799147925314, 0.6525341017848545, -0.8862487593179369, 0.5322583106640449]",28.756717761669506,1.6262302835070557
"[0.3082732194192812, 0.6525339009699329, -0.8862491490966501, 0.532258330726779]",28.7567531222547,1.6262931159884522
"[0.30826652405205224, 0.6525337002389403, -0.8862495389521945, 0.5322583506659215]",28.756788483622508,1.6263559484698489
"[0.30825982921047435, 0.6525334996074477, -0.8862499288543036, 0.5322583704799337]",28.756823845902726,1.6264187809512456
"[0.30825313392831283, 0.6525332990464935, -0.8862503188592485, 0.5322583901716784]",28.756859208232378,1.6264816134326419
"[0.3082464384972642, 0.6525330985648341, -0.8862507089500473, 0.5322584097402696]",28.75689457449239,1.6265444459140386
"[0.30823974406904514, 0.6525328981969118, -0.8862510990595838, 0.5322584291823941]",28.75692993997411,1.6266072783954353
"[0.30823304840312776, 0.6525326978756956, -0.8862514893184253, 0.5322584485045194]",28.756965309154346,1.6266701108768318
"[0.30822635370082585, 0.6525324976670401, -0.8862518795982726, 0.5322584677002934]",28.757000678709893,1.6267329433582285
"[0.30821965896674525, 0.6525322975411598, -0.8862522699571367, 0.5322584867725932]",28.7570360477901,1.6267957758396252
"[0.3082129639579929, 0.65253209749079, -0.8862526604091862, 0.5322585057221102]",28.757071419044966,1.626858608321022
"[0.3082062686582421, 0.6525318975154609, -0.8862530509553825, 0.5322585245488625]",28.757106792120602,1.6269214408024182
"[0.3081995744641784, 0.652531697656873, -0.8862534415142406, 0.5322585432489427]",28.757142168313973,1.626984273283815
"[0.3081928799550734, 0.6525314978725816, -0.886253832168636, 0.5322585618263537]",28.757177544046897,1.6270471057652116
"[0.30818618573261, 0.6525312981805531, -0.8862542228834579, 0.5322585802794102]",28.757212919466337,1.627109938246608
"[0.308179490994944, 0.6525310985568764, -0.8862546137055103, 0.5322585986103074]",28.757248299916697,1.6271727707280048
"[0.3081727964743693, 0.6525308990233643, -0.8862550045920493, 0.532258616817063]",28.757283678928058,1.6272356032094015
"[0.30816610207326434, 0.6525306995771242, -0.8862553955487681, 0.5322586348999202]",28.757319060083976,1.6272984356907978
"[0.3081594078111462, 0.6525305002187234, -0.8862557865745226, 0.5322586528588417]",28.75735444537974,1.6273612681721945
"[0.3081527135331117, 0.6525303009435526, -0.8862561776783582, 0.5322586706942348]",28.757389828320857,1.6274241006535912
"[0.3081460193783035, 0.6525301017557353, -0.8862565688521441, 0.532258688405749]",28.757425212959557,1.6274869331349877
"[0.30813932606678, 0.6525299026766817, -0.886256960053786, 0.5322587059914989]",28.75746060062635,1.6275497656163844
"[0.30813263187847784, 0.6525297036552387, -0.8862573513838167, 0.5322587234559928]",28.75749598570522,1.6276125980977811
"[0.30812593798317056, 0.6525295047261891, -0.8862577427738629, 0.5322587407961652]",28.75753137449525,1.6276754305791774
"[0.3081192436780923, 0.6525293058686512, -0.8862581342650168, 0.5322587580138303]",28.75756676820286,1.6277382630605741
"[0.30811255019896855, 0.6525291071193217, -0.8862585257850042, 0.5322587751058211]",28.757602159609256,1.6278010955419708
"[0.3081058564249552, 0.6525289084449114, -0.8862589173993765, 0.532258792075009]",28.757637555939823,1.6278639280233673
"[0.3080991628044907, 0.6525287098587131, -0.8862593090819016, 0.5322588089202734]",28.757672948982837,1.627926760504764
"[0.30809246870878765, 0.6525285113420992, -0.8862597008693779, 0.5322588256431592]",28.757708346104195,1.6279895929861607
"[0.3080857759644016, 0.6525283129492111, -0.8862600926548864, 0.5322588422391352]",28.757743745762866,1.6280524254675575
"[0.3080790821464832, 0.6525281146081615, -0.88626048458037, 0.5322588587142221]",28.75777914463784,1.6281152579489537
"[0.30807238889622784, 0.6525279163676074, -0.8862608765497441, 0.5322588750643404]",28.757814543944004,1.6281780904303504
"[0.30806569539380635, 0.6525277182032017, -0.8862612686110154, 0.5322588912915704]",28.757849943909903,1.6282409229117472
"[0.3080590020056989, 0.652527520125853, -0.8862616607427185, 0.5322589073949489]",28.757885348079895,1.6283037553931436
"[0.3080523090601955, 0.6525273221452461, -0.8862620529256111, 0.5322589233737215]",28.757920752554007,1.6283665878745404
"[0.30804561635333105, 0.6525271242553328, -0.8862624451716328, 0.5322589392283932]",28.757956158750947,1.628429420355937
"[0.3080389228941324, 0.6525269264268178, -0.8862628375388708, 0.5322589549612986]",28.757991567418998,1.6284922528373333
"[0.3080322299021537, 0.652526728695753, -0.8862632299558406, 0.5322589705695574]",28.758026977088456,1.62855508531873
"[0.30802553683313233, 0.6525265310460487, -0.8862636224544458, 0.5322589860544501]",28.758062382821105,1.6286179178001268
"[0.3080188445429613, 0.6525263335029763, -0.8862640149844815, 0.5322590014140014]",28.758097795695832,1.6286807502815233
"[0.3080121515411552, 0.6525261360225034, -0.8862644076333707, 0.532259016651672]",28.75813320736015,1.62874358276292
"[0.3080054582900947, 0.6525259386183234, -0.8862648003740029, 0.5322590317663404]",28.7581686225657,1.6288064152443167
"[0.307998765317902, 0.6525257413059976, -0.8862651931753885, 0.5322590467568284]",28.75820403746013,1.628869247725713
"[0.3079920731983674, 0.6525255441024205, -0.8862655860038327, 0.5322590616218787]",28.758239453872143,1.6289320802071097
"[0.307985380435365, 0.6525253469635, -0.8862659789471551, 0.5322590763648168]",28.758274872640875,1.6289949126885064
"[0.3079786886646691, 0.6525251499374043, -0.88626637190931, 0.5322590909820558]",28.758310294067837,1.629057745169903
"[0.3079719961478628, 0.6525249529729482, -0.8862667649923781, 0.5322591054773917]",28.758345713158555,1.6291205776512996
"[0.3079653031956699, 0.6525247560793058, -0.8862671581781291, 0.5322591198501069]",28.758381135887028,1.6291834101326963
"[0.3079586109739304, 0.6525245592907393, -0.8862675513980696, 0.5322591340977372]",28.758416559104397,1.629246242614093
"[0.30795191910323483, 0.6525243625960997, -0.8862679446744732, 0.5322591482210834]",28.7584519826734,1.6293090750954893
"[0.30794522675158154, 0.6525241659709158, -0.8862683380562382, 0.5322591622219172]",28.758487408575874,1.629371907576886
"[0.3079385347918139, 0.6525239694408398, -0.8862687314920594, 0.5322591760983986]",28.758522837055494,1.6294347400582827
"[0.3079318428896849, 0.6525237729960456, -0.8862691250015805, 0.5322591898512324]",28.75855826797023,1.6294975725396792
"[0.30792515030050704, 0.6525235766146771, -0.8862695186286017, 0.5322592034819366]",28.75859369969709,1.629560405021076
"[0.3079184589116984, 0.6525233803521103, -0.8862699122621053, 0.5322592169866739]",28.75862912993696,1.6296232375024726
"[0.3079117670355244, 0.6525231841588277, -0.8862703060013627, 0.5322592303688697]",28.758664562516547,1.629686069983869
"[0.30790507555464214, 0.652522988060706, -0.8862706997944403, 0.5322592436267568]",28.758699995546507,1.6297489024652656
"[0.30789838430992866, 0.6525227920530833, -0.8862710936506921, 0.5322592567606477]",28.758735432993443,1.6298117349466625
"[0.30789169229054036, 0.6525225961063156, -0.8862714876296277, 0.532259269772561]",28.758770868353412,1.6298745674280588
"[0.3078850007518976, 0.6525224002572079, -0.8862718816573395, 0.532259282659996]",28.75880630896131,1.6299373999094555
"[0.30787830895599866, 0.6525222044841413, -0.8862722757772818, 0.5322592954243943]",28.758841746814998,1.6300002323908522
"[0.3078716177145978, 0.6525220088108554, -0.8862726699416393, 0.5322593080642164]",28.758877188547682,1.6300630648722487
"[0.3078649263735159, 0.6525218132182119, -0.8862730641889405, 0.5322593205807067]",28.75891263197717,1.6301258973536454
"[0.3078582350054843, 0.6525216177083459, -0.8862734585149012, 0.532259332973714]",28.758948076752375,1.6301887298350421
"[0.3078515439022223, 0.6525214222897546, -0.886273852902327, 0.5322593452427277]",28.758983522992054,1.6302515623164389
"[0.30784485343161166, 0.6525212269731692, -0.886274247329518, 0.5322593573870902]",28.75901896857072,1.6303143947978351
"[0.3078381614607642, 0.6525210316963507, -0.8862746419222294, 0.5322593694106326]",28.759054418619847,1.6303772272792318
"[0.30783147076765227, 0.6525208365403597, -0.8862750365166624, 0.5322593813083624]",28.75908986460412,1.6304400597606286
"[0.3078247796399369, 0.6525206414552321, -0.8862754312137897, 0.5322593930833474]",28.759125315552136,1.630502892242025
"[0.30781808940653543, 0.6525204464797019, -0.8862758259352129, 0.5322594047332623]",28.759160769895903,1.6305657247234218
"[0.30781139790751033, 0.6525202515508289, -0.8862762208083731, 0.5322594162618532]",28.75919622460928,1.6306285572048185
"[0.30780470726548403, 0.6525200567304528, -0.8862766157080194, 0.5322594276654511]",28.75923167901499,1.6306913896862147
"[0.30779801648589594, 0.6525198619895975, -0.8862770106928404, 0.5322594389457704]",28.75926713543766,1.6307542221676115
"[0.30779132629154793, 0.6525196673492912, -0.886277405720158, 0.5322594501016032]",28.759302591559816,1.6308170546490082
"[0.3077846358667584, 0.6525194727857961, -0.8862778008381283, 0.5322594611343167]",28.759338050050864,1.6308798871304047
"[0.3077779450028592, 0.6525192782930584, -0.8862781960590859, 0.5322594720442297]",28.759373512400767,1.6309427196118014
"[0.30777125446975295, 0.6525190838934423, -0.8862785913375558, 0.5322594828301027]",28.759408973999058,1.631005552093198
"[0.30776456492484133, 0.65251888960604, -0.8862789866346746, 0.5322594934908896]",28.75944443638758,1.6310683845745944
"[0.30775787416782524, 0.6525186953669435, -0.886279382080466, 0.5322595040300974]",28.759479900374483,1.631131217055991
"[0.3077511838796618, 0.6525185012249671, -0.886279777575592, 0.5322595144450536]",28.759515363984875,1.6311940495373878
"[0.3077444937552032, 0.652518307171241, -0.8862801731380808, 0.5322595247362508]",28.759550831517213,1.6312568820187843
"[0.30773780349956137, 0.6525181131972103, -0.8862805687853669, 0.5322595349041409]",28.759586303480173,1.631319714500181
"[0.30773111393855584, 0.6525179193268056, -0.8862809644686025, 0.532259544947484]",28.759621771214476,1.6313825469815777
"[0.3077244236895088, 0.6525177255199537, -0.8862813602695724, 0.5322595548683549]",28.759657242581287,1.6314453794629744
"[0.307717733939603, 0.6525175318110489, -0.886281756118045, 0.5322595646649839]",28.75969271575067,1.6315082119443707
"[0.3077110436646753, 0.6525173381704322, -0.8862821520746218, 0.5322595743388723]",28.75972818832196,1.6315710444257674
"[0.3077043538631281, 0.6525171446270018, -0.8862825480802143, 0.5322595838885715]",28.75976366476346,1.631633876907164
"[0.30769766439262425, 0.6525169511766237, -0.886282944143235, 0.5322595933143042]",28.759799142755565,1.6316967093885606
"[0.30769097442085946, 0.6525167577952287, -0.8862833403129636, 0.5322596026172394]",28.759834623041595,1.6317595418699573
"[0.3076842853169232, 0.6525165645223969, -0.8862837365083184, 0.5322596117954653]",28.75987009920527,1.631822374351354
"[0.30767759592679145, 0.6525163713247357, -0.8862841327976425, 0.5322596208506243]",28.75990557904824,1.6318852068327503
"[0.3076709063248426, 0.6525161782044393, -0.8862845291765369, 0.5322596297825537]",28.75994105812789,1.631948039314147
"[0.30766421658435356, 0.652515985163609, -0.8862849256406659, 0.5322596385911678]",28.759976546659555,1.6320108717955437
"[0.3076575271054388, 0.6525157922137933, -0.8862853221663148, 0.5322596472759331]",28.76001202925771,1.6320737042769402
"[0.30765083816144984, 0.6525155993628583, -0.8862857187372665, 0.5322596558365185]",28.760047515914472,1.632136536758337
"[0.3076441493761256, 0.6525154065999421, -0.8862861153758154, 0.5322596642734214]",28.760083005624676,1.6321993692397336
"[0.3076374603720762, 0.6525152139141673, -0.886286512104342, 0.5322596725871168]",28.760118493434348,1.63226220172113
"[0.3076307706638142, 0.6525150212915654, -0.8862869089516562, 0.5322596807781792]",28.76015398466329,1.6323250342025266
"[0.3076240817361499, 0.6525148287748964, -0.8862873058296741, 0.5322596888447798]",28.76018947724205,1.6323878666839233
"[0.3076173925875443, 0.6525146363352918, -0.8862877027978108, 0.5322596967881777]",28.760224966764085,1.63245069916532
"[0.30761070445200656, 0.65251444400827, -0.8862880997828204, 0.5322597046068874]",28.76026046325684,1.6325135316467165
"[0.3076040155978571, 0.6525142517440105, -0.8862884968874836, 0.5322597123029595]",28.76029595924609,1.6325763641281132
"[0.30759732728103417, 0.6525140595786215, -0.8862888940372405, 0.5322597198749358]",28.760331455452967,1.63263919660951
"[0.3075906383231068, 0.6525138674782426, -0.886289291302068, 0.5322597273241488]",28.760366954217712,1.6327020290909062
"[0.30758395028280594, 0.6525136754876383, -0.8862896885893852, 0.5322597346488627]",28.760402454545055,1.632764861572303
"[0.3075772611452691, 0.6525134835489558, -0.8862900860188843, 0.5322597418512941]",28.760437954283674,1.6328276940536997
"[0.30757057286323575, 0.6525132917182471, -0.886290483474548, 0.5322597489293127]",28.76047345675738,1.6328905265350961
"[0.3075638845383028, 0.652513099969717, -0.8862908810097502, 0.5322597558839028]",28.760508959129876,1.6329533590164929
"[0.3075571959091857, 0.652512908295883, -0.8862912786400272, 0.5322597627153208]",28.760544467263543,1.6330161914978896
"[0.30755050779968796, 0.6525127167203485, -0.8862916763164006, 0.5322597694227283]",28.760579972175822,1.6330790239792858
"[0.3075438191256814, 0.6525125252120582, -0.8862920741033331, 0.5322597760072104]",28.76061548065653,1.6331418564606826
"[0.3075371312916545, 0.652512333811219, -0.8862924719172921, 0.5322597824673901]",28.760650988330422,1.6332046889420793
"[0.3075304431148105, 0.6525121424839642, -0.8862928698286269, 0.5322597888044273]",28.760686501552534,1.6332675214234758
"[0.30752375508609736, 0.6525119512443482, -0.8862932678081293, 0.5322597950178416]",28.760722014614064,1.6333303539048725
"[0.30751706717590244, 0.6525117600915125, -0.8862936658575586, 0.532259801107672]",28.76075752669881,1.6333931863862692
"[0.30751037990170826, 0.6525115690402297, -0.886294063946101, 0.5322598070734696]",28.76079303947211,1.6334560188676654
"[0.3075036917726565, 0.6525113780479159, -0.8862944621625103, 0.5322598129165489]",28.760828556733195,1.6335188513490622
"[0.3074970037063879, 0.6525111871407867, -0.8862948604521623, 0.5322598186360883]",28.760864075711172,1.6335816838304589
"[0.30749031599450893, 0.6525109963271634, -0.8862952587976834, 0.53225982423184]",28.76089959470871,1.6336445163118558
"[0.30748362884000446, 0.6525108056128033, -0.8862956571869681, 0.5322598297036764]",28.760935111305233,1.633707348793252
"[0.30747694163055483, 0.6525106149802357, -0.8862960556564863, 0.5322598350521074]",28.76097063482514,1.6337701812746488
"[0.3074702535020628, 0.652510424404857, -0.8862964542577426, 0.5322598402777801]",28.761006157840537,1.6338330137560455
"[0.3074635661587669, 0.652510233935223, -0.8862968528891697, 0.532259845379366]",28.76104168219387,1.6338958462374418
"[0.3074568791099039, 0.6525100435573319, -0.8862972515800028, 0.5322598503572704]",28.761077207221394,1.6339586787188387
"[0.30745019154466885, 0.6525098532481045, -0.8862976503785868, 0.5322598552120871]",28.761112736178777,1.6340215112002354
"[0.307443504846419, 0.6525096630469015, -0.886298049202422, 0.5322598599428173]",28.761148264251347,1.6340843436816317
"[0.3074368170010485, 0.6525094728964305, -0.886298448171643, 0.5322598645508833]",28.761183794235052,1.6341471761630284
"[0.30743013039773526, 0.6525092828646232, -0.8862988471437191, 0.5322598690346336]",28.7612193256262,1.6342100086444251
"[0.3074234428961119, 0.6525090928906411, -0.8862992462463544, 0.5322598733955133]",28.761254856003927,1.6342728411258216
"[0.30741675638503574, 0.6525089030281406, -0.8862996453668218, 0.5322598776322893]",28.76129039320423,1.6343356736072183
"[0.307410069825831, 0.6525087132475998, -0.886300044567104, 0.5322598817456555]",28.761325926091466,1.634398506088615
"[0.3074033830275733, 0.6525085235436151, -0.8863004438586043, 0.5322598857357066]",28.76136146114411,1.6344613385700113
"[0.3073966960200426, 0.6525083339170353, -0.8863008432395516, 0.5322598896024142]",28.761397000611623,1.634524171051408
"[0.30739000938095723, 0.6525081443842334, -0.8863012426754389, 0.5322598933454527]",28.761432539769967,1.6345870035328047
"[0.30738332226134785, 0.6525079549211521, -0.8863016422169818, 0.5322598969652861]",28.761468080918352,1.6346498360142014
"[0.30737663624708955, 0.6525077655727309, -0.8863020417694165, 0.5322599004610459]",28.76150362122537,1.634712668495598
"[0.3073699499560147, 0.6525075762997398, -0.8863024414153275, 0.532259903833561]",28.76153916488353,1.6347755009769946
"[0.3073632633101177, 0.6525073871000505, -0.886302841159386, 0.5322599070827672]",28.76157470929638,1.6348383334583914
"[0.3073565764992185, 0.6525071979790196, -0.8863032409902534, 0.5322599102085841]",28.76161025559614,1.6349011659397876
"[0.30734989069971713, 0.6525070089699011, -0.8863036408375727, 0.5322599132104838]",28.761645804808893,1.6349639984211843
"[0.3073432042399264, 0.6525068200254273, -0.8863040408013149, 0.532259916089226]",28.761681351546482,1.635026830902581
"[0.30733651798478867, 0.6525066311700557, -0.8863044408297474, 0.5322599188444128]",28.761716902800092,1.6350896633839775
"[0.30732983195170677, 0.6525064424042445, -0.8863048409218233, 0.5322599214760765]",28.76175245540557,1.6351524958653743
"[0.30732314606935424, 0.6525062537259948, -0.8863052410818029, 0.5322599239842254]",28.761788007512486,1.635215328346771
"[0.30731645939996677, 0.6525060651088486, -0.8863056413658237, 0.5322599263691973]",28.76182356180739,1.6352781608281672
"[0.3073097740983181, 0.6525058766135632, -0.8863060416448842, 0.5322599286302532]",28.76185911538839,1.635340993309564
"[0.30730308832484, 0.6525056881882655, -0.8863064420291124, 0.5322599307680222]",28.761894675250193,1.6354038257909607
"[0.30729640250182083, 0.6525054998448612, -0.8863068424932264, 0.5322599327823594]",28.761930232590053,1.6354666582723572
"[0.3072897168396522, 0.6525053115892727, -0.8863072430246233, 0.5322599346732029]",28.76196579133571,1.6355294907537539
"[0.30728303097104664, 0.6525051234111595, -0.8863076436453075, 0.532259936440651]",28.76200135254674,1.6355923232351506
"[0.3072763452674432, 0.6525049353209736, -0.8863080443330217, 0.5322599380846054]",28.762036913633896,1.6356551557165468
"[0.3072696598418741, 0.6525047473218797, -0.8863084450809844, 0.5322599396050551]",28.762072477606132,1.6357179881979436
"[0.30726297420218773, 0.6525045594000454, -0.8863088459186952, 0.5322599410021005]",28.762108044292106,1.6357808206793403
"[0.30725628893837204, 0.6525043715720439, -0.8863092468107786, 0.5322599422756277]",28.76214360950968,1.635843653160737
"[0.30724960356207187, 0.652504183824148, -0.886309647786514, 0.5322599434257363]",28.762179179055874,1.6359064856421335
"[0.3072429178793327, 0.6525039961509195, -0.8863100488575423, 0.532259944452443]",28.76221474775605,1.6359693181235302
"[0.3072362330473117, 0.6525038085848279, -0.8863104499544355, 0.5322599453555853]",28.762250319492384,1.636032150604927
"[0.3072295481170714, 0.6525036210992347, -0.8863108511341181, 0.5322599461353076]",28.76228588946786,1.6360949830863232
"[0.3072228631175782, 0.6525034336949459, -0.8863112523948544, 0.5322599467916098]",28.7623214631988,1.6361578155677199
"[0.30721617780915256, 0.6525032463652555, -0.8863116537510373, 0.5322599473244938]",28.762357039274217,1.6362206480491166
"[0.30720949287611493, 0.6525030591293339, -0.8863120551615812, 0.5322599477339085]",28.762392610450945,1.636283480530513
"[0.30720280815528017, 0.6525028719825986, -0.8863124566362748, 0.5322599480198785]",28.76242819262049,1.6363463130119098
"[0.30719612268644186, 0.6525026848981899, -0.8863128582327953, 0.5322599481824107]",28.762463769668454,1.6364091454933065
"[0.3071894384068149, 0.6525024979302639, -0.8863132598347669, 0.5322599482215228]",28.762499346724937,1.6364719779747028
"[0.30718275378552284, 0.6525023110360297, -0.8863136615341517, 0.5322599481371892]",28.762534929097598,1.6365348104560995
"[0.3071760694975911, 0.6525021242343382, -0.8863140632903851, 0.5322599479294414]",28.762570513896836,1.6365976429374962
"[0.3071693843125621, 0.6525019374908174, -0.8863144651774328, 0.5322599475982165]",28.762606098236134,1.6366604754188927
"[0.30716270038818577, 0.6525017508657316, -0.8863148670655727, 0.532259947143633]",28.76264168493418,1.6367233079002894
"[0.30715601588430014, 0.6525015643076857, -0.8863152690654376, 0.5322599465655834]",28.762677267055153,1.6367861403816861
"[0.3071493315171239, 0.6525013778366762, -0.886315671133961, 0.5322599458641151]",28.762712857214485,1.6368489728630824
"[0.307142647231466, 0.6525011914511577, -0.8863160732744597, 0.5322599450392269]",28.762748446822034,1.636911805344479
"[0.3071359630199866, 0.6525010051509205, -0.8863164754873722, 0.5322599440909214]",28.762784036628158,1.6369746378258758
"[0.3071292787167278, 0.6525008189313576, -0.8863168777826838, 0.5322599430191491]",28.762819631528632,1.6370374703072725
"[0.3071225951783025, 0.6525006328162635, -0.8863172801088293, 0.5322599418241322]",28.762855224314876,1.637100302788669
"[0.3071159100932661, 0.6525004467413394, -0.886317682604961, 0.5322599405053683]",28.762890819490828,1.6371631352700657
"[0.3071092262315827, 0.6525002607836735, -0.8863180851043105, 0.5322599390634135]",28.76292641471004,1.6372259677514625
"[0.3071025425754083, 0.6525000749149177, -0.8863184876681471, 0.532259937498088]",28.76296201389346,1.6372888002328587
"[0.30709585942216777, 0.6524998891433296, -0.8863188902785438, 0.5322599358094778]",28.762997611662918,1.6373516327142554
"[0.3070891754716094, 0.6524997034327682, -0.8863192930138366, 0.5322599339972472]",28.763033211448132,1.6374144651956521
"[0.3070824916823702, 0.6524995178098816, -0.8863196958162736, 0.5322599320616344]",28.763068813915158,1.6374772976770486
"[0.3070758079581434, 0.6524993322719868, -0.8863200986916545, 0.5322599300026186]",28.76310441721503,1.6375401301584454
"[0.30706912431279526, 0.6524991468194669, -0.8863205016391417, 0.532259927820204]",28.76314002213608,1.637602962639842
"[0.3070624405033194, 0.6524989614455796, -0.8863209046733856, 0.5322599255143069]",28.763175628190833,1.6376657951212383
"[0.30705575709566907, 0.6524987761660108, -0.8863213077602559, 0.5322599230851331]",28.763211234931834,1.637728627602635
"[0.3070490738940351, 0.652498590975324, -0.8863217109115508, 0.5322599205326212]",28.763246842919404,1.6377914600840318
"[0.30704239049286686, 0.6524984058623052, -0.8863221141517331, 0.5322599178565854]",28.763282452390232,1.6378542925654282
"[0.30703570691962223, 0.6524982208276425, -0.8863225174791547, 0.5322599150571162]",28.763318063029192,1.637917125046825
"[0.3070290237198066, 0.6524980358865087, -0.8863229208608905, 0.5322599121343565]",28.763353676105123,1.6379799575282217
"[0.3070223411699336, 0.6524978510465108, -0.8863233242802334, 0.5322599090884832]",28.763389291163577,1.6380427900096184
"[0.3070156578183453, 0.6524976662674967, -0.886323727824821, 0.5322599059188289]",28.76342490513802,1.6381056224910147
"[0.3070089744499919, 0.6524974815711923, -0.8863241314472714, 0.5322599026257298]",28.763460523143564,1.6381684549724116
"[0.30700229177709853, 0.6524972969772379, -0.8863245351045603, 0.5322598992095874]",28.76349613988285,1.6382312874538083
"[0.3069956091065944, 0.652497112466499, -0.8863249388385386, 0.5322598956700358]",28.763531761492036,1.6382941199352046
"[0.3069889259216426, 0.6524969280247085, -0.8863253426804396, 0.5322598920067919]",28.763567381689683,1.6383569524166013
"[0.3069822434751039, 0.6524967436864473, -0.8863257465545534, 0.5322598882205344]",28.763603001502773,1.638419784897998
"[0.3069755608128268, 0.6524965594253502, -0.8863261505185381, 0.5322598843107753]",28.763638627923758,1.6384826173793945
"[0.30696887813765256, 0.6524963752470425, -0.8863265545601348, 0.5322598802775901]",28.763674251312725,1.6385454498607912
"[0.30696219520223134, 0.652496191144704, -0.8863269586943036, 0.5322598761208287]",28.763709878279816,1.638608282342188
"[0.30695551323454123, 0.6524960071521496, -0.8863273628467723, 0.5322598718412715]",28.76374550460265,1.6386711148235842
"[0.30694883064849365, 0.652495823225691, -0.8863277671134681, 0.5322598674379179]",28.76378113522102,1.638733947304981
"[0.30694214798528996, 0.6524956393802509, -0.8863281714616624, 0.5322598629110852]",28.763816763663858,1.6387967797863776
"[0.30693546571073255, 0.652495455628608, -0.8863285758631654, 0.5322598582611301]",28.763852397968645,1.638859612267774
"[0.3069287830030028, 0.6524952719481818, -0.8863289803677129, 0.5322598534874556]",28.76388803007291,1.6389224447491708
"[0.3069221015882103, 0.6524950883863999, -0.8863293848708077, 0.5322598485913146]",28.763923662148386,1.6389852772305675
"[0.30691541918752013, 0.6524949048806445, -0.8863297895104085, 0.5322598435710485]",28.763959300456555,1.6390481097119638
"[0.30690873698515625, 0.6524947214634478, -0.8863301942148204, 0.5322598384275244]",28.763994936934715,1.6391109421933605
"[0.30690205577067503, 0.6524945381564615, -0.8863305989362036, 0.5322598331613779]",28.764030574225405,1.6391737746747572
"[0.30689537352978846, 0.6524943549044125, -0.886331003796576, 0.5322598277710279]",28.764066214590667,1.639236607156154
"[0.3068886909540141, 0.6524941717262969, -0.8863314087540634, 0.5322598222569832]",28.764101857081556,1.6392994396375504
"[0.30688200965326584, 0.6524939886662388, -0.886331813711089, 0.5322598166205809]",28.76413749767989,1.6393622721189471
"[0.30687532772571446, 0.6524938056720674, -0.8863322187829147, 0.5322598108602915]",28.764173140509236,1.6394251046003439
"[0.3068686461067518, 0.652493622769454, -0.886332623912838, 0.532259804976852]",28.764208788572304,1.6394879370817401
"[0.3068619644628693, 0.6524934399492459, -0.8863330291210763, 0.5322597989699942]",28.764244433183922,1.6395507695631368
"[0.3068552833120534, 0.6524932572256044, -0.8863334343762082, 0.5322597928401969]",28.764280079608977,1.6396136020445335
"[0.30684860210476783, 0.6524930745834918, -0.8863338397115583, 0.5322597865869652]",28.764315730144006,1.63967643452593
"[0.3068419194311439, 0.6524928919843938, -0.8863342452126864, 0.5322597802089354]",28.76435137997609,1.6397392670073268
"[0.3068352387717322, 0.6524927095234031, -0.8863346506683853, 0.5322597737094421]",28.764387034080322,1.6398020994887235
"[0.3068285576640913, 0.6524925271332304, -0.8863350562280756, 0.5322597670861371]",28.764422685829846,1.6398649319701197
"[0.30682187658905963, 0.652492344827015, -0.8863354618625757, 0.5322597603394764]",28.764458341484513,1.6399277644515164
"[0.3068151949671881, 0.6524921625889575, -0.8863358676070745, 0.5322597534688539]",28.764493996390023,1.6399905969329132
"[0.30680851437706097, 0.6524919804620847, -0.886336273365704, 0.5322597464759272]",28.76452965395746,1.6400534294143096
"[0.3068018328828504, 0.6524917983936332, -0.8863366792560373, 0.5322597393586523]",28.76456531240607,1.6401162618957064
"[0.30679515244628713, 0.6524916164370456, -0.8863370851588998, 0.5322597321191336]",28.764600974344585,1.640179094377103
"[0.3067884711654552, 0.6524914345405228, -0.8863374911898473, 0.5322597247553033]",28.76463663501947,1.6402419268584998
"[0.30678179046405524, 0.6524912527428262, -0.8863378972623637, 0.5322597172687242]",28.764672298646094,1.640304759339896
"[0.30677510961333215, 0.652491071024111, -0.8863383034207378, 0.532259709658594]",28.764707963537216,1.6403675918212928
"[0.3067684290596098, 0.6524908893965167, -0.8863387096378321, 0.5322597019254202]",28.76474362772953,1.6404304243026895
"[0.3067617481438457, 0.6524907078421226, -0.8863391159537214, 0.5322596940684388]",28.764779294501626,1.640493256784086
"[0.3067550675392331, 0.6524905263792259, -0.8863395223274644, 0.532259686088435]",28.764814964936843,1.6405560892654827
"[0.3067483869433672, 0.6524903449995979, -0.8863399287774498, 0.5322596779850631]",28.764850633691136,1.6406189217468794
"[0.3067417063691527, 0.6524901637035944, -0.8863403353028924, 0.5322596697583285]",28.764886302200832,1.6406817542282757
"[0.3067350260795492, 0.6524899824983397, -0.8863407418877842, 0.5322596614085682]",28.764921974080764,1.6407445867096724
"[0.30672834567920165, 0.6524898013731191, -0.886341148556185, 0.5322596529352737]",28.76495764957637,1.640807419191069
"[0.3067216652662914, 0.6524896203305659, -0.88634155530212, 0.5322596443386001]",28.764993324687318,1.6408702516724656
"[0.3067149853370671, 0.6524894393841344, -0.8863419620953655, 0.5322596356191786]",28.765029000373225,1.6409330841538623
"[0.30670830483046585, 0.6524892585050905, -0.8863423690005398, 0.5322596267756101]",28.765064679094948,1.640995916635259
"[0.3067016252203558, 0.6524890777333263, -0.8863427759278641, 0.5322596178098612]",28.76510035803721,1.6410587491166553
"[0.3066949452040239, 0.6524888970335724, -0.8863431829566921, 0.5322596087201985]",28.76513603918741,1.641121581598052
"[0.30668826507801306, 0.6524887164138632, -0.8863435900689639, 0.5322595995070049]",28.76517172019161,1.6411844140794487
"[0.3066815859472916, 0.6524885359040548, -0.8863439971973229, 0.5322595901718294]",28.76520740405257,1.6412472465608452
"[0.3066749054601003, 0.6524883554405954, -0.8863444044851262, 0.5322595807113725]",28.76524308897694,1.641310079042242
"[0.3066682252973782, 0.6524881750689091, -0.8863448118299105, 0.5322595711279856]",28.765278775222708,1.6413729115236386
"[0.30666154569599213, 0.6524879947953739, -0.8863452192172173, 0.5322595614220318]",28.765314460780196,1.6414357440050353
"[0.30665486622916727, 0.6524878146084581, -0.8863456266730616, 0.5322595515929073]",28.765350149741163,1.6414985764864316
"[0.3066481865284074, 0.6524876344982349, -0.8863460342199243, 0.5322595416400496]",28.76538584151695,1.6415614089678283
"[0.3066415074251806, 0.6524874544870737, -0.8863464418070691, 0.5322595315647561]",28.765421531563813,1.641624241449225
"[0.3066348283162849, 0.652487274558748, -0.8863468494712949, 0.53225952136608]",28.765457224481825,1.6416870739306215
"[0.30662814793510096, 0.6524870946791425, -0.8863472572899322, 0.5322595110420698]",28.765492919867004,1.6417499064120182
"[0.30662146886003755, 0.6524869149176838, -0.8863476651055758, 0.5322595005967081]",28.76552861127365,1.641812738893415
"[0.30661478979141166, 0.6524867352393654, -0.8863480729975598, 0.532259490027998]",28.765564310917593,1.6418755713748112
"[0.30660811101377594, 0.6524865556518357, -0.8863484809485012, 0.5322594793363958]",28.765600007842504,1.641938403856208
"[0.3066014313072651, 0.6524863761223038, -0.8863488890329215, 0.5322594685199296]",28.765635705809064,1.6420012363376049
"[0.30659475208284687, 0.6524861966886999, -0.886349297164628, 0.5322594575808688]",28.765671409250544,1.6420640688190011
"[0.3065880732312012, 0.652486017348069, -0.886349705350285, 0.5322594465190577]",28.765707111232526,1.6421269013003978
"[0.30658139415169783, 0.6524858380842777, -0.8863501136265991, 0.532259435333505]",28.7657428142733,1.6421897337817946
"[0.30657471521160123, 0.6524856589071895, -0.8863505219711203, 0.5322594240248144]",28.76577851804844,1.6422525662631908
"[0.30656803700912866, 0.6524854798328213, -0.8863509303472598, 0.5322594125940382]",28.765814227430447,1.6423153987445878
"[0.30656135814589097, 0.6524853008236853, -0.8863513388405272, 0.532259401038768]",28.765849932282826,1.6423782312259845
"[0.30655467914275936, 0.6524851218937516, -0.8863517474190791, 0.5322593893598859]",28.765885642114245,1.6424410637073807
"[0.3065480008596606, 0.6524849430660454, -0.8863521560302999, 0.5322593775589102]",28.765921353861092,1.6425038961887775
"[0.30654132207323453, 0.6524847643078032, -0.8863525647490373, 0.5322593656336826]",28.76595706286251,1.6425667286701742
"[0.30653464391162727, 0.6524845856492122, -0.8863529735062504, 0.5322593535862239]",28.765992776901996,1.6426295611515709
"[0.3065279651918647, 0.6524844070586265, -0.8863533823743449, 0.532259341414395]",28.766028492235137,1.6426923936329674
"[0.30652128624932584, 0.6524842285450261, -0.8863537913328023, 0.5322593291187854]",28.766064207201406,1.642755226114364
"[0.3065146085060671, 0.6524840501463999, -0.8863542002945309, 0.5322593167020385]",28.76609992651599,1.6428180585957608
"[0.30650792975280006, 0.6524838718037207, -0.8863546093948309, 0.5322593041600494]",28.766135642702046,1.642880891077157
"[0.3065012520416228, 0.6524836935717824, -0.886355018508001, 0.5322592914966735]",28.766171362236992,1.6429437235585538
"[0.3064945739467702, 0.6524835154125184, -0.88635542772138, 0.5322592787092207]",28.766207082469062,1.6430065560399505
"[0.3064878958368278, 0.6524833373357675, -0.886355837012389, 0.5322592657983853]",28.7662428079786,1.643069388521347
"[0.3064812175821002, 0.6524831593380714, -0.8863562463889784, 0.5322592527639118]",28.76627853059179,1.6431322210027437
"[0.3064745399411459, 0.652482981439641, -0.8863566558046411, 0.5322592396072883]",28.766314254210155,1.6431950534841404
"[0.3064678618431737, 0.6524828036119397, -0.8863570653250258, 0.5322592263264149]",28.766349982372375,1.6432578859655367
"[0.3064611839642713, 0.6524826258729786, -0.886357474908676, 0.5322592129226215]",28.766385710724123,1.6433207184469334
"[0.30645450614147784, 0.6524824482184122, -0.8863578845655818, 0.5322591993955889]",28.766421439268143,1.64338355092833
"[0.3064478286289945, 0.652482270654995, -0.8863582942801429, 0.5322591857458403]",28.766457169290096,1.6434463834097266
"[0.306441150803232, 0.6524820931661429, -0.8863587040906209, 0.5322591719721007]",28.76649290281073,1.6435092158911233
"[0.30643447393246614, 0.6524819157855531, -0.8863591139191709, 0.5322591580770002]",28.766528634264358,1.64357204837252
"[0.306427796239617, 0.6524817384660073, -0.886359523874869, 0.5322591440568472]",28.76656437047518,1.6436348808539167
"[0.3064211187587999, 0.6524815612349798, -0.8863599338942385, 0.5322591299137887]",28.76660010444387,1.643697713335313
"[0.30641444118255023, 0.6524813840843038, -0.8863603439961567, 0.5322591156471784]",28.766635842024776,1.6437605458167097
"[0.30640776338396436, 0.6524812070106177, -0.8863607541884223, 0.5322591012567341]",28.76667158095261,1.6438233782981064
"[0.3064010869443113, 0.6524810300558301, -0.8863611643738843, 0.5322590867458921]",28.766707320697602,1.643886210779503
"[0.30639440922584293, 0.6524808531500239, -0.8863615747145979, 0.5322590721089224]",28.766743065609877,1.6439490432608996
"[0.30638773226855737, 0.6524806763472526, -0.8863619850852157, 0.5322590573502783]",28.76677880956062,1.6440118757422963
"[0.3063810547384099, 0.6524804996121859, -0.8863623955677256, 0.5322590424670156]",28.76681455210814,1.6440747082236926
"[0.3063743779832334, 0.6524803229804913, -0.8863628060792689, 0.532259027462143]",28.766850294772578,1.6441375407050893
"[0.30636770141957953, 0.6524801464367146, -0.8863632166557016, 0.532259012334374]",28.766886044818378,1.644200373186486
"[0.30636102427523515, 0.6524799699604433, -0.886363627344518, 0.5322589970819455]",28.766921791021346,1.6442632056678825
"[0.3063543473536999, 0.6524797935729177, -0.8863640380963022, 0.5322589817066832]",28.76695754246783,1.6443260381492792
"[0.30634767092288834, 0.6524796172812054, -0.8863644488945606, 0.5322589662092166]",28.766993293909678,1.644388870630676
"[0.3063409943792965, 0.6524794410693645, -0.8863648597764193, 0.5322589505881509]",28.767029046146384,1.6444517031120722
"[0.3063343174850301, 0.652479264931106, -0.8863652707565274, 0.5322589348429357]",28.767064797229377,1.644514535593469
"[0.3063276409917864, 0.6524790888862546, -0.8863656817886141, 0.5322589189753477]",28.767100553954812,1.6445773680748657
"[0.30632096459085567, 0.6524789129266877, -0.8863660928916755, 0.5322589029846309]",28.767136310998715,1.6446402005562621
"[0.3063142887998474, 0.6524787370660187, -0.8863665040338279, 0.5322588868720594]",28.76717206833045,1.6447030330376589
"[0.30630761174342763, 0.652478561254856, -0.8863669153305774, 0.5322588706330881]",28.767207829296147,1.6447658655190556
"[0.3063009355157442, 0.6524783855483466, -0.886367326652936, 0.5322588542727964]",28.76724358745632,1.6448286980004523
"[0.3062942589493005, 0.6524782099157547, -0.8863677380728241, 0.5322588377883332]",28.767279350756237,1.6448915304818486
"[0.3062875832786154, 0.6524780343895388, -0.8863681495141584, 0.5322588211827664]",28.767315111900313,1.6449543629632453
"[0.3062809068853543, 0.6524778589271475, -0.8863685610766789, 0.5322588044520672]",28.767350877617606,1.645017195444642
"[0.3062742307689844, 0.6524776835548536, -0.8863689726987809, 0.5322587875987285]",28.767386644317245,1.6450800279260385
"[0.3062675546439411, 0.6524775082651492, -0.8863693843980667, 0.5322587706220345]",28.76742241207038,1.6451428604074352
"[0.30626087936146273, 0.6524773330803652, -0.8863697961220275, 0.5322587535241744]",28.76745817903897,1.645205692888832
"[0.30625420325202146, 0.6524771579566878, -0.8863702079736373, 0.5322587363008677]",28.767493949805854,1.6452685253702282
"[0.3062475270477513, 0.6524769829133372, -0.8863706199077463, 0.5322587189539763]",28.767529719478773,1.6453313578516249
"[0.30624085099029863, 0.652476807956646, -0.8863710319094431, 0.5322587014841291]",28.767565493665384,1.6453941903330216
"[0.30623417602342107, 0.6524766331113385, -0.8863714439204634, 0.5322586838938083]",28.767601266387743,1.645457022814418
"[0.3062275001774022, 0.6524764583257661, -0.886371856062385, 0.5322586661778854]",28.76763704352559,1.6455198552958148
"[0.3062208243968658, 0.6524762836247231, -0.8863722682769021, 0.5322586483387852]",28.767672818928098,1.6455826877772115
"[0.3062141491285812, 0.6524761090198714, -0.8863726805364183, 0.5322586303777365]",28.767708598182153,1.6456455202586078
"[0.3062074733613633, 0.6524759344847645, -0.886373092903383, 0.5322586122920118]",28.767744377579405,1.6457083527400045
"[0.30620079824987445, 0.6524757600495824, -0.8863735053064689, 0.532258594084746]",28.76778015888612,1.6457711852214012
"[0.30619412296815723, 0.6524755856927277, -0.8863739177966964, 0.5322585757537017]",28.76781593990523,1.6458340177027977
"[0.3061874475495754, 0.652475411415071, -0.8863743303720097, 0.532258557298967]",28.767851723090466,1.6458968501841944
"[0.3061807722766857, 0.6524752372240027, -0.8863747430149438, 0.5322585387213029]",28.7678875060856,1.6459596826655911
"[0.3061740975836495, 0.6524750631308323, -0.8863751556986476, 0.5322585200219426]",28.767923295374644,1.6460225151469878
"[0.3061674228630341, 0.652474889119697, -0.8863755684606686, 0.5322585011992069]",28.767959082296063,1.646085347628384
"[0.30616074765024187, 0.6524747151785, -0.8863759813297453, 0.5322584822517608]",28.767994871966046,1.6461481801097808
"[0.30615407240174053, 0.6524745413191506, -0.8863763942776531, 0.5322584631808761]",28.768030660373814,1.6462110125911777
"[0.30614739778589817, 0.6524743675590203, -0.886376807263035, 0.5322584439885066]",28.76806645428192,1.646273845072574
"[0.3061407231888402, 0.652474193882142, -0.8863772203238623, 0.5322584246728699]",28.7681022468715,1.6463366775539707
"[0.3061340479469851, 0.6524740202712368, -0.8863776335012116, 0.5322584052320539]",28.768138041246363,1.6463995100353674
"[0.3061273731398017, 0.6524738467543989, -0.8863780467282695, 0.5322583856691745]",28.768173834755142,1.6464623425167637
"[0.30612069866488745, 0.6524736733289422, -0.8863784600113631, 0.5322583659839609]",28.7682096357519,1.6465251749981606
"[0.30611402404045307, 0.6524734999823453, -0.8863788733803205, 0.5322583461749946]",28.76824543107021,1.6465880074795574
"[0.30610734978157167, 0.6524733267279811, -0.886379286803239, 0.5322583262438054]",28.768281232337404,1.6466508399609536
"[0.3061006749902771, 0.6524731535425371, -0.8863797003357434, 0.5322583061877113]",28.768317033333194,1.6467136724423503
"[0.3060940008768345, 0.6524729804574163, -0.8863801139028495, 0.532258286010345]",28.768352835260455,1.646776504923747
"[0.3060873264023962, 0.6524728074456639, -0.8863805275689257, 0.5322582657085794]",28.768388638978397,1.6468393374051435
"[0.30608065224356945, 0.6524726345248227, -0.8863809412920367, 0.5322582452844646]",28.768424443767557,1.6469021698865403
"[0.30607397810315495, 0.6524724616871864, -0.8863813550906002, 0.5322582247370972]",28.768460251581967,1.646965002367937
"[0.306067303818311, 0.6524722889285294, -0.8863817689747141, 0.5322582040659819]",28.768496059371348,1.6470278348493337
"[0.30606063017463175, 0.6524721162691852, -0.8863821828956535, 0.5322581832735513]",28.768531868511005,1.64709066733073
"[0.306053955880226, 0.6524719436757253, -0.8863825969335453, 0.5322581623557849]",28.768567677860602,1.6471534998121267
"[0.30604728200026843, 0.6524717711757007, -0.8863830110223158, 0.532258141316007]",28.76860349014852,1.6472163322935234
"[0.30604060778781417, 0.6524715987497925, -0.886383425208308, 0.5322581201518759]",28.768639306089554,1.6472791647749199
"[0.3060339339829562, 0.6524714264171276, -0.886383839445592, 0.5322580988657272]",28.768675118148238,1.6473419972563166
"[0.30602726004775715, 0.6524712541638058, -0.8863842537675517, 0.5322580774558546]",28.768710933356626,1.6474048297377133
"[0.30602058683360317, 0.6524710820117909, -0.8863846681213225, 0.5322580559250017]",28.76874675164582,1.6474676622191096
"[0.30601391310631576, 0.6524709099292302, -0.8863850825835332, 0.5322580342692004]",28.768782569494338,1.6475304947005063
"[0.30600723901559285, 0.6524707379200094, -0.8863854971449011, 0.5322580124888987]",28.76881839175337,1.647593327181903
"[0.3060005652212234, 0.6524705660011257, -0.8863859117644447, 0.5322579905862534]",28.76885421293217,1.6476561596632995
"[0.3059938923741886, 0.6524703941893433, -0.8863863264016987, 0.5322579685634119]",28.76889003671928,1.6477189921446962
"[0.305987219588981, 0.6524702224618006, -0.8863867411116697, 0.5322579464175268]",28.768925860829352,1.647781824626093
"[0.305980545447433, 0.6524700507820478, -0.8863871559825185, 0.5322579241438247]",28.768961684292044,1.6478446571074892
"[0.3059738724308988, 0.6524698792139333, -0.8863875708600034, 0.5322579017505574]",28.768997511727168,1.6479074895888859
"[0.3059671992908219, 0.6524697077252969, -0.8863879858217348, 0.5322578792336079]",28.769033337628045,1.6479703220702826
"[0.305960526168032, 0.6524695363197895, -0.8863884008589554, 0.5322578565934092]",28.769069169644563,1.648033154551679
"[0.30595385296334376, 0.6524693649948533, -0.8863888159778348, 0.5322578338296335]",28.769105000577287,1.6480959870330758
"[0.3059471795074195, 0.6524691937461472, -0.8863892311889138, 0.5322578109416903]",28.769140834359657,1.6481588195144725
"[0.30594050667751227, 0.6524690225961676, -0.8863896464376023, 0.5322577879326045]",28.769176667086494,1.6482216519958692
"[0.3059338336740158, 0.6524688515244025, -0.8863900617736534, 0.5322577647996218]",28.769212503944043,1.6482844844772655
"[0.3059271611833382, 0.6524686805484369, -0.8863904771543372, 0.532257741545135]",28.769248339021253,1.6483473169586622
"[0.30592048892084966, 0.6524685096609649, -0.8863908925973595, 0.5322577181681674]",28.769284175680088,1.648410149440059
"[0.305913815435825, 0.6524683388248467, -0.8863913081930654, 0.5322576946636092]",28.769320016636982,1.6484729819214554
"[0.30590714314322154, 0.6524681681019032, -0.8863917237910623, 0.532257671039962]",28.76935585622359,1.6485358144028521
"[0.3059004707726457, 0.6524679974596065, -0.8863921394704598, 0.532257647292758]",28.76939169576491,1.6485986468842488
"[0.30589379826722535, 0.6524678268965047, -0.8863925552348039, 0.5322576234217876]",28.769427537771808,1.648661479365645
"[0.30588712512567495, 0.6524676563997968, -0.8863929711153431, 0.5322575994252339]",28.76946338397211,1.6487243118470418
"[0.30588045301969563, 0.6524674860121843, -0.8863933870078866, 0.5322575753091191]",28.769499228551584,1.6487871443284385
"[0.30587378081962774, 0.652467315704801, -0.886393802982833, 0.5322575510693837]",28.769535076806868,1.648849976809835
"[0.30586710876329265, 0.6524671454837149, -0.8863942190253554, 0.5322575267068905]",28.769570926863295,1.6489128092912317
"[0.30586043620953357, 0.6524669753325744, -0.8863946351754382, 0.5322575022192865]",28.769606776220847,1.6489756417726285
"[0.3058537640992511, 0.6524668052753679, -0.8863950513744009, 0.5322574776100267]",28.76964262678973,1.6490384742540247
"[0.30584709241173785, 0.6524666353115547, -0.88639546762352, 0.5322574528790515]",28.769678482377913,1.6491013067354214
"[0.30584041976432275, 0.652466465405917, -0.8863958840090698, 0.5322574280212217]",28.769714336755904,1.6491641392168181
"[0.3058337478773239, 0.6524662956022628, -0.8863963004237023, 0.5322574030429373]",28.769750189836188,1.6492269716982149
"[0.30582707636305423, 0.6524661258907029, -0.8863967168915945, 0.5322573779427766]",28.769786046024258,1.6492898041796114
"[0.3058204046125589, 0.6524659562557407, -0.8863971334507574, 0.5322573527184528]",28.769821902715236,1.649352636661008
"[0.3058137324430665, 0.6524657866927388, -0.8863975501126138, 0.5322573273692562]",28.7698577638093,1.6494154691424048
"[0.3058070611478844, 0.6524656172345579, -0.8863979667963912, 0.532257301900108]",28.76989362509054,1.649478301623801
"[0.30580038921223907, 0.6524654478427147, -0.8863983835966969, 0.5322572763052305]",28.769929487502512,1.6495411341051978
"[0.30579371720819587, 0.6524652785317442, -0.8863988004778053, 0.5322572505867977]",28.76996534924829,1.6496039665865945
"[0.30578704588938854, 0.6524651093207569, -0.8863992173926171, 0.532257224747732]",28.770001215281894,1.649666799067991
"[0.30578037412167575, 0.6524649401809852, -0.8863996344120039, 0.5322571987836391]",28.770037079532557,1.6497296315493877
"[0.30577370265558673, 0.6524647711314474, -0.8864000514890569, 0.532257172697447]",28.770072948521218,1.6497924640307844
"[0.30576703123914983, 0.6524646021657665, -0.8864004686395209, 0.5322571464881595]",28.770108815756277,1.6498552965121807
"[0.30576036056211214, 0.6524644333013752, -0.8864008858202547, 0.5322571201585309]",28.770144686890397,1.6499181289935774
"[0.3057536888867397, 0.6524642644943106, -0.8864013031399385, 0.5322570937016653]",28.770180558116127,1.649980961474974
"[0.30574701784809677, 0.6524640957859285, -0.886401720496304, 0.532257067124059]",28.77021643259764,1.6500437939563706
"[0.3057403464930566, 0.6524639271521178, -0.8864021379489749, 0.5322570404219209]",28.770252306133315,1.6501066264377673
"[0.30573367576051946, 0.652463758616635, -0.8864025554391947, 0.5322570135989791]",28.770288181458625,1.650169458919164
"[0.30572700534444197, 0.6524635901716723, -0.8864029729861015, 0.5322569866540958]",28.77032405773814,1.6502322914005603
"[0.30572033382345004, 0.6524634217813974, -0.8864033906786815, 0.5322569595814484]",28.770359937131637,1.650295123881957
"[0.30571366287675017, 0.6524632534881898, -0.8864038084118112, 0.5322569323878492]",28.7703958160012,1.650357956363354
"[0.3057069920428401, 0.6524630852803857, -0.8864042262143775, 0.5322569050714429]",28.770431697662634,1.6504207888447506
"[0.3057003211503995, 0.6524629171536694, -0.8864046440971095, 0.5322568776315196]",28.770467579499684,1.650483621326147
"[0.30569365062292647, 0.6524627491187047, -0.8864050620334724, 0.5322568500698318]",28.770503463063186,1.6505464538075436
"[0.3056869803356377, 0.6524625811723354, -0.8864054800312733, 0.5322568223858787]",28.770539346793658,1.6506092862889403
"[0.30568030941025437, 0.6524624132924548, -0.8864058981455573, 0.5322567945760013]",28.77057523429443,1.6506721187703368
"[0.3056736393270609, 0.6524622455163064, -0.8864063162835398, 0.53225676664638]",28.77061112416731,1.6507349512517335
"[0.3056669683729541, 0.6524620778008473, -0.886406734552612, 0.53225673858978]",28.770647011565593,1.6507977837331302
"[0.3056602982541156, 0.6524619101888487, -0.8864071528458003, 0.5322567104135235]",28.770682901586877,1.6508606162145265
"[0.3056536277213432, 0.65246174264903, -0.8864075712414329, 0.5322566821121991]",28.770718793400274,1.6509234486959232
"[0.3056469573219136, 0.6524615751950747, -0.8864079897051891, 0.5322566536881986]",28.770754687012108,1.65098628117732
"[0.3056402872041494, 0.6524614078307377, -0.8864084082277554, 0.5322566251421166]",28.770790578898396,1.6510491136587164
"[0.3056336172365183, 0.6524612405526993, -0.8864088268173775, 0.5322565964734106]",28.77082647760814,1.6511119461401131
"[0.305626947060128, 0.652461073351938, -0.8864092454965797, 0.5322565676805597]",28.770862374635332,1.6511747786215099
"[0.3056202768984786, 0.6524609062340795, -0.8864096642513356, 0.532256538764497]",28.770898275931778,1.6512376111029061
"[0.305613606994782, 0.6524607392052032, -0.8864100830663714, 0.5322565097262916]",28.77093417448684,1.6513004435843028
"[0.30560693679204126, 0.6524605722513598, -0.8864105019766624, 0.5322564805635158]",28.77097007441384,1.6513632760656995
"[0.3056002675757069, 0.6524604054047105, -0.8864109209014659, 0.5322564512818062]",28.771005975921064,1.651426108547096
"[0.30559359814242304, 0.6524602386351341, -0.8864113399163569, 0.5322564218759003]",28.771041882438116,1.6514889410284928
"[0.3055869279365916, 0.6524600719287682, -0.8864117590562574, 0.5322563923433028]",28.77107778839193,1.6515517735098895
"[0.305580258503646, 0.6524599053241958, -0.8864121782240572, 0.5322563626909027]",28.77111369515596,1.6516146059912862
"[0.3055735882916948, 0.6524597387826888, -0.88641259751729, 0.5322563329117503]",28.771149601275727,1.6516774384726824
"[0.3055669189194508, 0.6524595723446477, -0.8864130168342006, 0.5322563030130885]",28.77118551089333,1.6517402709540792
"[0.3055602496648106, 0.652459405992032, -0.8864134362201738, 0.5322562729917053]",28.77122142221776,1.6518031034354759
"[0.3055535800725631, 0.6524592397134897, -0.8864138557038371, 0.5322562428455441]",28.771257332702213,1.6518659359168724
"[0.3055469107475019, 0.6524590735241022, -0.8864142752471533, 0.5322562125773312]",28.771293245776608,1.651928768398269
"[0.3055402415166192, 0.652458907419542, -0.8864146948609997, 0.5322561821862992]",28.771329162744742,1.6519916008796658
"[0.3055335717059238, 0.6524587413830387, -0.8864151145877894, 0.5322561516693521]",28.771365078653503,1.652054433361062
"[0.30552690295993185, 0.652458575455516, -0.886415534324026, 0.5322561210340305]",28.771400996591986,1.6521172658424588
"[0.30552023409039264, 0.65245840960739, -0.8864159541444824, 0.5322560902748994]",28.771436916146765,1.6521800983238555
"[0.30551356480351755, 0.6524582438313644, -0.8864163740676618, 0.5322560593905862]",28.771472833522253,1.652242930805252
"[0.3055068957329824, 0.652458078143191, -0.886416794053669, 0.5322560283840199]",28.77150875788343,1.6523057632866487
"[0.3055002270991723, 0.6524579125483345, -0.8864172140886137, 0.5322559972562374]",28.771544681715465,1.6523685957680454
"[0.3054935576625745, 0.6524577470160187, -0.8864176342505746, 0.5322559660014445]",28.77158060349492,1.6524314282494417
"[0.3054868890573192, 0.6524575815867946, -0.8864180544366037, 0.5322559346273043]",28.771616531506048,1.6524942607308384
"[0.305480220637446, 0.6524574162446203, -0.8864184746873847, 0.5322559031308008]",28.771652456068548,1.652557093212235
"[0.3054735519752009, 0.6524572509789014, -0.8864188950298756, 0.5322558715098964]",28.771688383947833,1.6526199256936318
"[0.30546688335520755, 0.652457085796687, -0.8864193154461392, 0.5322558397659413]",28.771724316261626,1.6526827581750283
"[0.30546021466738726, 0.6524569206952217, -0.8864197359431163, 0.5322558078984427]",28.7717602464431,1.652745590656425
"[0.3054535464795784, 0.6524567556885944, -0.886420156484992, 0.5322557759100763]",28.771796179003793,1.6528084231378217
"[0.3054468777846111, 0.6524565907518656, -0.8864205771352867, 0.5322557437960272]",28.771832110474623,1.652871255619218
"[0.30544020943952904, 0.6524564259062423, -0.8864209978399404, 0.532255711560407]",28.771868048782814,1.6529340881006147
"[0.30543354070606493, 0.6524562611334481, -0.8864214186455321, 0.5322556791996741]",28.7719039824988,1.6529969205820114
"[0.30542687291290094, 0.6524560964663267, -0.8864218394682091, 0.5322556467202587]",28.77193992265325,1.653059753063408
"[0.305420204650095, 0.6524559318700397, -0.8864222603969489, 0.5322556141153151]",28.771975863326116,1.6531225855448046
"[0.30541353652972647, 0.6524557673597023, -0.8864226813931196, 0.5322555813878213]",28.77201180256159,1.6531854180262013
"[0.30540686831128633, 0.652455602929387, -0.8864231024719046, 0.5322555485365871]",28.77204774074524,1.6532482505075976
"[0.30540020031744325, 0.6524554385869975, -0.8864235236129274, 0.5322555155632632]",28.772083687711614,1.6533110829889943
"[0.3053935326494965, 0.6524552743350785, -0.8864239448097775, 0.5322554824682927]",28.77211963176102,1.653373915470391
"[0.305386864144153, 0.652455110144959, -0.8864243661359509, 0.5322554492459118]",28.772155577898314,1.6534367479517875
"[0.3053801965529967, 0.6524549460597645, -0.8864247874807768, 0.5322554159048464]",28.77219152239585,1.6534995804331842
"[0.30537352891815644, 0.6524547820559026, -0.8864252089047715, 0.5322553824403313]",28.77222747232526,1.653562412914581
"[0.3053668617956621, 0.6524546181470489, -0.8864256303727819, 0.5322553488551587]",28.77226342452675,1.6536252453959772
"[0.3053601933563213, 0.6524544542882242, -0.8864260520004571, 0.5322553151401158]",28.772299375631217,1.653688077877374
"[0.3053535258736779, 0.6524542905353226, -0.8864264736440517, 0.5322552813066603]",28.772335327682573,1.6537509103587706
"[0.30534685827589925, 0.6524541268619944, -0.8864268953713323, 0.5322552473493843]",28.772371281190797,1.6538137428401674
"[0.30534019054958444, 0.6524539632679142, -0.8864273171831505, 0.5322552132682107]",28.77240723691322,1.6538765753215638
"[0.30533352365364197, 0.6524537997765948, -0.886427739018832, 0.5322551790680583]",28.772443193106085,1.6539394078029606
"[0.3053268563067671, 0.652453636356606, -0.8864281609594417, 0.5322551447423638]",28.772479151299727,1.6540022402843573
"[0.30532018849855463, 0.6524534730077093, -0.886428583005654, 0.5322551102910454]",28.772515112729256,1.6540650727657535
"[0.3053135212367856, 0.6524533097545911, -0.8864290050936776, 0.5322550757193102]",28.77255107105659,1.6541279052471503
"[0.30530685404506885, 0.6524531465855751, -0.8864294272536614, 0.5322550410247018]",28.77258703314032,1.654190737728547
"[0.3053001872307902, 0.6524529835081583, -0.8864298494661341, 0.5322550062088495]",28.77262299717417,1.6542535702099435
"[0.30529351994536597, 0.652452820501605, -0.8864302717848374, 0.5322549712672923]",28.77265896246025,1.6543164026913402
"[0.30528685304017555, 0.6524526575867292, -0.8864306941558451, 0.5322549362044889]",28.77269492790459,1.6543792351727369
"[0.30528018617719377, 0.6524524947552404, -0.8864311166005647, 0.532254901018698]",28.772730898858534,1.6544420676541332
"[0.30527351928169344, 0.6524523320053351, -0.8864315391237301, 0.5322548657094955]",28.772766864304796,1.6545049001355299
"[0.30526685270515014, 0.6524521693455742, -0.8864319617030614, 0.5322548302787642]",28.772802835123127,1.6545677326169268
"[0.30526018587421244, 0.6524520067619731, -0.8864323843749005, 0.5322547947234476]",28.772838807757108,1.654630565098323
"[0.30525351954101654, 0.6524518442728626, -0.8864328070915576, 0.5322547590475698]",28.772874778383635,1.6546933975797198
"[0.3052468526274524, 0.652451681851962, -0.8864332299213981, 0.532254723245359]",28.77291075672936,1.6547562300611165
"[0.30524018544551884, 0.6524515195068938, -0.886433652844648, 0.5322546873184575]",28.772946729444755,1.6548190625425132
"[0.3052335192190462, 0.6524513572674435, -0.8864340757836636, 0.532254651273478]",28.77298270800055,1.6548818950239097
"[0.30522685257777743, 0.6524511951002419, -0.8864344988253711, 0.532254615103035]",28.77301868323507,1.6549447275053064
"[0.30522018640764303, 0.6524510330268456, -0.8864349219135509, 0.5322545788119253]",28.773054664513825,1.6550075599867031
"[0.3052135200414718, 0.652450871031026, -0.8864353450905421, 0.5322545423965241]",28.773090645975948,1.6550703924680994
"[0.3052068539959512, 0.652450709125332, -0.8864357683235436, 0.5322545058596595]",28.773126628241993,1.655133224949496
"[0.3052001878599458, 0.6524505472997795, -0.8864361916386536, 0.5322544691990735]",28.773162610701277,1.6551960574308928
"[0.3051935213030019, 0.6524503855463387, -0.8864366150568659, 0.5322544324129526]",28.773198596314234,1.6552588899122893
"[0.3051868548982331, 0.6524502238789368, -0.8864370385417839, 0.5322543955044288]",28.773234582822685,1.655321722393686
"[0.30518018919047735, 0.652450062310757, -0.8864374620587813, 0.5322543584765546]",28.773270572894074,1.6553845548750827
"[0.3051735230949512, 0.6524499008155066, -0.8864378856767762, 0.5322543213233017]",28.773306562023492,1.655447387356479
"[0.30516685726796594, 0.6524497394090815, -0.8864383093540633, 0.5322542840483289]",28.773342551772807,1.6555102198378757
"[0.3051601914041532, 0.6524495780840844, -0.8864387331100468, 0.53225424664993]",28.773378542670127,1.6555730523192724
"[0.3051535258334968, 0.6524494168484937, -0.8864391569237449, 0.5322542091299646]",28.77341453475763,1.655635884800669
"[0.3051468598767758, 0.6524492556858765, -0.8864395808383452, 0.532254171484608]",28.773450530858177,1.6556987172820656
"[0.30514019439136364, 0.6524490946169652, -0.8864400047993221, 0.5322541337186952]",28.77348652813821,1.6557615497634623
"[0.30513352910921643, 0.6524489336352652, -0.8864404288237128, 0.5322540958307292]",28.773522523575828,1.6558243822448586
"[0.3051268634089393, 0.6524487727257714, -0.8864408529510518, 0.5322540578171691]",28.773558522298117,1.6558872147262553
"[0.3051201974148299, 0.6524486118914955, -0.8864412771734418, 0.5322540196787036]",28.773594520771027,1.655950047207652
"[0.30511353241780587, 0.6524484511635703, -0.8864417014087174, 0.5322539814227352]",28.773630525040478,1.6560128796890488
"[0.3051068663498806, 0.6524482904921259, -0.8864421257885088, 0.5322539430373903]",28.773666528416467,1.6560757121704452
"[0.3051002015517347, 0.6524481299335764, -0.8864425501637981, 0.5322539045361484]",28.773702531532585,1.656138544651842
"[0.30509353652237736, 0.6524479694517337, -0.8864429746301419, 0.5322538659103762]",28.773738536334232,1.6562013771332387
"[0.30508687054677575, 0.6524478090294098, -0.8864433992330968, 0.5322538271558842]",28.773774542215378,1.656264209614635
"[0.30508020608890435, 0.6524476487258876, -0.8864438238157053, 0.532253788287015]",28.773810552153233,1.6563270420960317
"[0.3050735406881455, 0.6524474884819667, -0.8864442485347189, 0.5322537492894351]",28.773846560570707,1.6563898745774284
"[0.3050668757959118, 0.6524473283325536, -0.8864446732976611, 0.5322537101716145]",28.77388257309555,1.6564527070588249
"[0.30506021067090805, 0.65244716825982, -0.8864450981517705, 0.5322536709292198]",28.773918581501132,1.6565155395402216
"[0.30505354651302313, 0.6524470082925706, -0.8864455230205499, 0.532253631569331]",28.77395459696871,1.6565783720216183
"[0.30504688095864907, 0.6524468483740876, -0.886445948054696, 0.5322535920779606]",28.773990612394936,1.6566412045030146
"[0.305040216281082, 0.6524466885588942, -0.8864463731092598, 0.5322535524685907]",28.774026629804645,1.6567040369844113
"[0.30503355147528627, 0.65244652882291, -0.8864467982483251, 0.5322535127352264]",28.77406264626355,1.656766869465808
"[0.30502688710626735, 0.6524463691796282, -0.8864472234358468, 0.5322534728812914]",28.774098665973984,1.6568297019472045
"[0.30502022226044107, 0.6524462096071915, -0.8864476487301113, 0.5322534329012867]",28.774134686237463,1.6568925344286012
"[0.3050135571862928, 0.6524460501115569, -0.8864480741152737, 0.5322533927966856]",28.774170709199854,1.656955366909998
"[0.3050068931322764, 0.6524458907225923, -0.8864484995116401, 0.5322533525750112]",28.77420672845021,1.6570181993913942
"[0.3050002282666854, 0.6524457313964493, -0.8864489250361336, 0.5322533122252507]",28.774242752629675,1.6570810318727909
"[0.304993564388737, 0.6524455721761652, -0.8864493505738767, 0.5322532717582644]",28.774278780693415,1.6571438643541876
"[0.30498690029838366, 0.6524454130330417, -0.8864497762014887, 0.5322532311667946]",28.7743148081314,1.6572066968355843
"[0.3049802361062391, 0.6524452539697257, -0.8864502019119088, 0.5322531904515047]",28.774350835956128,1.6572695293169808
"[0.30497357179308365, 0.6524450949857654, -0.8864506277063692, 0.5322531496122638]",28.774386862873996,1.6573323617983775
"[0.3049669076342056, 0.6524449360877116, -0.8864510535672799, 0.5322531086507759]",28.774422894558633,1.6573951942797742
"[0.30496024367559577, 0.6524447772766668, -0.8864514794916958, 0.532253067567315]",28.77445892818733,1.6574580267611705
"[0.30495357911904514, 0.6524446185336181, -0.8864519055306394, 0.5322530263569432]",28.774494961908022,1.6575208592425672
"[0.3049469147476641, 0.6524444598772009, -0.8864523316340581, 0.532252985024518]",28.77453099609108,1.657583691723964
"[0.3049402510609245, 0.6524443013193184, -0.8864527577700001, 0.5322529435731241]",28.774567034256812,1.6576465242053604
"[0.30493358714242574, 0.6524441428381282, -0.8864531839970613, 0.5322529019971044]",28.77460307355426,1.6577093566867571
"[0.30492692377435493, 0.6524439844522442, -0.8864536102652059, 0.5322528603013235]",28.77463911192185,1.6577721891681538
"[0.3049202603864167, 0.6524438261480938, -0.8864540366109073, 0.5322528184822324]",28.774675154200896,1.65783502164955
"[0.3049135966381823, 0.6524436679175983, -0.8864544630559539, 0.5322527765376787]",28.77471119494611,1.6578978541309468
"[0.3049069330044165, 0.652443509772026, -0.886454889569967, 0.5322527344706511]",28.774747236699874,1.6579606866123435
"[0.3049002692128872, 0.652443351704919, -0.8864553161703714, 0.532252692279425]",28.774783280060724,1.65802351909374
"[0.30489360591772835, 0.6524431937317837, -0.8864557428152848, 0.532252649968152]",28.77481932785002,1.6580863515751367
"[0.304886942276246, 0.6524430358326447, -0.8864561695586617, 0.5322526075314745]",28.77485537627124,1.6581491840565334
"[0.30488027930351336, 0.6524428780315386, -0.8864565963354893, 0.5322525649758753]",28.77489142465297,1.6582120165379302
"[0.304873615913097, 0.6524427203027358, -0.8864570232153522, 0.5322525222944119]",28.77492747456912,1.6582748490193264
"[0.30486695261006874, 0.6524425626581998, -0.8864574501658983, 0.5322524794903054]",28.77496352653341,1.6583376815007231
"[0.3048602891810836, 0.6524424050928639, -0.886457877200798, 0.5322524365622043]",28.774999576474322,1.6584005139821199
"[0.30485362632773194, 0.6524422476233273, -0.886458304275082, 0.5322523935146168]",28.775035630219126,1.6584633464635163
"[0.3048469630529096, 0.6524420902260142, -0.8864587314526575, 0.5322523503411114]",28.77507168590174,1.658526178944913
"[0.30484030003218177, 0.6524419329168831, -0.8864591586902189, 0.5322523070460587]",28.77510774278315,1.6585890114263098
"[0.30483363703840627, 0.6524417756905658, -0.886459586002324, 0.5322522636279892]",28.775143798079107,1.658651843907706
"[0.3048269744102255, 0.6524416185550436, -0.8864600133672491, 0.5322522200891192]",28.7751798594922,1.658714676389103
"[0.3048203115213737, 0.652441461495544, -0.886460440825162, 0.532252176425356]",28.775215921756114,1.6587775088704997
"[0.3048136488277483, 0.6524413045228122, -0.8864608683468158, 0.5322521326396858]",28.77525198220927,1.658840341351896
"[0.3048069856392646, 0.6524411476205974, -0.8864612959764955, 0.532252088727559]",28.775288047251358,1.6589031738332927
"[0.3048003231504422, 0.6524409908170131, -0.8864617236375356, 0.5322520446968625]",28.775324111859113,1.6589660063146894
"[0.3047936606361173, 0.6524408340949889, -0.8864621513764718, 0.5322520005428096]",28.77536017879789,1.6590288387960859
"[0.3047869981481845, 0.6524406774557393, -0.8864625791899716, 0.5322519562657476]",28.775396244833157,1.6590916712774826
"[0.3047803356945258, 0.6524405208994599, -0.886463007077528, 0.5322519118657133]",28.77543231358294,1.6591545037588793
"[0.30477367321210114, 0.652440364424631, -0.8864634350431895, 0.5322518673423304]",28.775468384036984,1.6592173362402756
"[0.30476701049128063, 0.6524402080263696, -0.8864638631004252, 0.5322518226941437]",28.77550445483906,1.6592801687216723
"[0.3047603487234467, 0.6524400517326151, -0.8864642911726808, 0.5322517779291696]",28.775540528181914,1.659343001203069
"[0.30475368635161737, 0.652439895506831, -0.8864647193599979, 0.5322517330369541]",28.775576604161234,1.6594058336844657
"[0.304747024057386, 0.6524397393650142, -0.8864651476185798, 0.5322516880220657]",28.775612678864462,1.6594686661658622
"[0.3047403619750698, 0.6524395833102854, -0.8864655759397875, 0.5322516428854436]",28.775648756357466,1.659531498647259
"[0.3047337006523732, 0.6524394273554764, -0.8864660042883904, 0.5322515976307974]",28.775684833799925,1.6595943311286556
"[0.3047270380274463, 0.652439271452316, -0.886466432796982, 0.5322515522441129]",28.775720913559425,1.6596571636100519
"[0.3047203761148052, 0.6524391156479531, -0.8864668613360084, 0.5322515067390944]",28.77575699399713,1.6597199960914486
"[0.3047137144632488, 0.6524389599318148, -0.8864672899344765, 0.5322514611126863]",28.77579307549361,1.6597828285728453
"[0.3047070525852306, 0.6524388042925044, -0.8864677186237534, 0.532251415361547]",28.775829160433485,1.6598456610542418
"[0.30470039070088545, 0.6524386487351668, -0.8864681473896768, 0.532251369487181]",28.775865248169808,1.6599084935356385
"[0.3046937285278428, 0.6524384932532132, -0.8864685762504254, 0.5322513234876337]",28.77590133326105,1.6599713260170352
"[0.3046870671342457, 0.6524383378715625, -0.886469005137231, 0.5322512773702903]",28.775937422705734,1.6600341584984315
"[0.30468040563074217, 0.6524381825694481, -0.8864694341073419, 0.5322512311290212]",28.775973509857682,1.6600969909798282
"[0.30467374394284313, 0.6524380273451469, -0.8864698631655603, 0.5322511847632871]",28.776009601619872,1.660159823461225
"[0.3046670825186176, 0.6524378722090948, -0.8864702922830244, 0.5322511382762103]",28.776045690778563,1.6602226559426214
"[0.3046604209889338, 0.6524377171526993, -0.8864707214835104, 0.5322510916652062]",28.77608178466395,1.6602854884240181
"[0.3046537597955255, 0.6524375621862037, -0.886471150738554, 0.5322510449334107]",28.7761178782743,1.6603483209054148
"[0.30464709831309944, 0.6524374072950948, -0.8864715800884474, 0.5322509980763935]",28.77615397765858,1.6604111533868116
"[0.30464043761474907, 0.6524372525042993, -0.8864720094640189, 0.5322509511017317]",28.776190073449456,1.6604739858682078
"[0.3046337761863232, 0.6524370977786279, -0.8864724389628751, 0.532250903998745]",28.776226170131135,1.6605368183496045
"[0.3046271149636605, 0.6524369431398255, -0.8864728685246867, 0.5322508567740349]",28.77626227041766,1.6605996508310013
"[0.3046204538883937, 0.6524367885865284, -0.8864732981532101, 0.5322508094271963]",28.776298372079953,1.6606624833123977
"[0.3046137925862752, 0.652436634110058, -0.8864737278725847, 0.5322507619555601]",28.776334476838812,1.6607253157937945
"[0.3046071319375919, 0.6524364797308124, -0.8864741576260167, 0.5322507143654176]",28.776370579124844,1.6607881482751912
"[0.30460047105176336, 0.6524363254281395, -0.8864745874709595, 0.5322506666504166]",28.77640668217327,1.6608509807565874
"[0.3045938100248904, 0.6524361712042777, -0.886475017401217, 0.5322506188112259]",28.77644279091506,1.6609138132379841
"[0.30458714939397097, 0.6524360170716514, -0.8864754473821251, 0.5322505708517103]",28.776478899559443,1.6609766457193809
"[0.3045804889513686, 0.6524358630254439, -0.8864758774270771, 0.5322505227703894]",28.776515004333184,1.6610394782007774
"[0.30457382780820974, 0.6524357090451034, -0.8864763075934737, 0.5322504745608322]",28.77655112033091,1.661102310682174
"[0.3045671672820334, 0.6524355551610884, -0.8864767377962305, 0.5322504262325681]",28.776587230231986,1.6611651431635708
"[0.30456050683643326, 0.6524354013609891, -0.8864771680699823, 0.5322503777817253]",28.776623343747662,1.661227975644967
"[0.30455384613140923, 0.6524352476369643, -0.886477598436696, 0.5322503292058148]",28.776659458562065,1.6612908081263638
"[0.30454718555335275, 0.6524350939979209, -0.8864780288714081, 0.532250280507663]",28.77669557464267,1.6613536406077605
"[0.30454052544867044, 0.6524349404518351, -0.8864784593517213, 0.5322502316898192]",28.776731690473884,1.661416473089157
"[0.304533864799382, 0.6524347869752509, -0.8864788899434342, 0.5322501827448033]",28.776767811357153,1.6614793055705537
"[0.30452720490574325, 0.6524346335981223, -0.8864793205624846, 0.5322501336821758]",28.776803932202515,1.6615421380519504
"[0.30452054495112424, 0.652434480301614, -0.8864797512616635, 0.5322500844959547]",28.776840052592487,1.661604970533347
"[0.3045138847323088, 0.6524343270810656, -0.8864801820541169, 0.5322500351846139]",28.776876175105954,1.6616678030147434
"[0.304507224493418, 0.6524341739421172, -0.8864806129240592, 0.5322499857499269]",28.7769123007614,1.66173063549614
"[0.3045005646896007, 0.6524340208951551, -0.8864810438420401, 0.532249936195366]",28.776948425483244,1.6617934679775368
"[0.3044939046736306, 0.6524338679253701, -0.8864814748499311, 0.5322498865160356]",28.77698455327275,1.6618563004589333
"[0.3044872443268339, 0.6524337150300265, -0.8864819059554223, 0.5322498367110557]",28.777020682153726,1.66191913294033
"[0.30448058515540904, 0.6524335622436673, -0.8864823370610068, 0.5322497867917311]",28.777056810692674,1.6619819654217267
"[0.30447392488221436, 0.6524334095140603, -0.8864827683141022, 0.5322497367409718]",28.777092940849528,1.662044797903123
"[0.3044672656919144, 0.6524332568912958, -0.8864831995732508, 0.5322496865752007]",28.777129073299662,1.6621076303845197
"[0.3044606056839309, 0.6524331043318092, -0.886483630961532, 0.5322496362801038]",28.777165205338495,1.6621704628659164
"[0.3044539459603453, 0.6524329518608523, -0.88648406240757, 0.5322495858639898]",28.777201341631727,1.662233295347313
"[0.3044472866377028, 0.6524327994810809, -0.8864844939038021, 0.5322495353277565]",28.777237479376303,1.6622961278287096
"[0.3044406270685681, 0.6524326471776775, -0.8864849254921762, 0.5322494846664911]",28.777273616310094,1.6623589603101063
"[0.30443396772142006, 0.6524324949613503, -0.8864853571423316, 0.5322494338837616]",28.77730975522865,1.6624217927915026
"[0.30442730825341413, 0.6524323428242605, -0.886485788876489, 0.5322493829769526]",28.77734589624607,1.6624846252728993
"[0.30442064903816424, 0.6524321907749424, -0.8864862206704244, 0.5322493319489194]",28.777382037999846,1.662547457754296
"[0.30441398927655605, 0.6524320387951537, -0.8864866525759583, 0.5322492807935286]",28.777418179559444,1.6626102902356925
"[0.3044073301917618, 0.6524318869128023, -0.886487084513761, 0.5322492295201802]",28.777454325044403,1.6626731227170892
"[0.30440067113496266, 0.6524317351130807, -0.8864875165259057, 0.5322491781238895]",28.77749046798936,1.662735955198486
"[0.30439401242196673, 0.6524315834031652, -0.8864879485918984, 0.5322491266071203]",28.77752661531244,1.6627987876798827
"[0.30438735273819023, 0.6524314317531607, -0.8864883807970465, 0.5322490749596279]",28.777562765070734,1.662861620161279
"[0.3043806941359443, 0.6524312802097, -0.8864888130081593, 0.5322490231974478]",28.777598915952108,1.6629244526426759
"[0.3043740350082757, 0.6524311287362927, -0.8864892453295314, 0.5322489713079879]",28.777635067342057,1.6629872851240726
"[0.3043673763855864, 0.6524309773563406, -0.8864896776942687, 0.5322489192993182]",28.777671217898614,1.6630501176054688
"[0.30436071740147125, 0.6524308260501464, -0.8864901101586259, 0.532248867164669]",28.77770737363454,1.6631129500868655
"[0.304354059071813, 0.6524306748407864, -0.886490542656622, 0.532248814912]",28.777743527809015,1.6631757825682623
"[0.3043473999632033, 0.6524305236957073, -0.8864909752813673, 0.5322487625300595]",28.777779685102672,1.6632386150496588
"[0.30434074162030217, 0.6524303726499721, -0.8864914079325088, 0.5322487100309908]",28.777815842084117,1.6633014475310555
"[0.3043340831810102, 0.6524302216840052, -0.8864918406660531, 0.532248657408019]",28.77785200192457,1.6633642800124522
"[0.30432742473299007, 0.6524300707997879, -0.8864922734763044, 0.5322486046618412]",28.777888162323748,1.6634271124938484
"[0.30432076618722465, 0.6524299199953193, -0.8864927063690502, 0.5322485517917285]",28.77792432523285,1.6634899449752452
"[0.304314107357536, 0.6524297692663769, -0.886493139356401, 0.5322484987962041]",28.77796048760859,1.6635527774566419
"[0.30430744948243865, 0.6524296186409884, -0.8864935723578106, 0.532248445685134]",28.777996651439278,1.6636156099380384
"[0.30430079047542863, 0.6524294680719481, -0.8864940055089797, 0.5322483924418714]",28.77803281743861,1.663678442419435
"[0.30429413300553737, 0.6524293176195978, -0.8864944386362874, 0.532248339087766]",28.77806898659238,1.6637412749008318
"[0.3042874738857162, 0.6524291672119137, -0.8864948719470814, 0.5322482855972716]",28.778105156593977,1.6638041073822285
"[0.3042808164335431, 0.6524290169238293, -0.8864953052254844, 0.5322482319970339]",28.778141326261515,1.6638669398636248
"[0.30427415775943084, 0.6524288666901013, -0.8864957386595481, 0.5322481782638026]",28.778177498795152,1.6639297723450215
"[0.30426749968551603, 0.6524287165518521, -0.886496172130674, 0.5322481244122612]",28.77821366892948,1.6639926048264182
"[0.30426084282109916, 0.6524285665227968, -0.886496605599163, 0.5322480704473741]",28.77824984328848,1.6640554373078147
"[0.3042541843535632, 0.6524284165395221, -0.8864970392481674, 0.532248016346364]",28.778286017313548,1.6641182697892114
"[0.3042475264937493, 0.6524282666518741, -0.8864974729337177, 0.532247962127129]",28.77832219467786,1.6641811022706081
"[0.3042408687705794, 0.6524281168492257, -0.8864979066864856, 0.5322479077858606]",28.778358371948283,1.6642439347520044
"[0.30423421112834204, 0.6524279671303086, -0.8864983405100976, 0.5322478533221187]",28.778394552900178,1.664306767233401
"[0.30422755358953674, 0.6524278174956326, -0.8864987744030831, 0.532247798736081]",28.778430732765482,1.6643695997147978
"[0.3042208957963433, 0.6524276679371546, -0.8864992083887652, 0.5322477440248105]",28.778466915172523,1.6644324321961943
"[0.3042142385537807, 0.652427518472951, -0.8864996424146627, 0.532247689194929]",28.778503098776884,1.664495264677591
"[0.30420758095799044, 0.652427369082723, -0.8865000765397013, 0.5322476342389975]",28.77853928700722,1.6645580971589877
"[0.3042009235480902, 0.6524272197785739, -0.8865005107287282, 0.5322475791614549]",28.778575472625047,1.664620929640384
"[0.3041942657626136, 0.6524270705479035, -0.886500945018364, 0.5322475239576611]",28.778611658056892,1.6646837621217807
"[0.30418760881860174, 0.6524269214179922, -0.8865013793292127, 0.5322474686377061]",28.778647848042315,1.6647465946031774
"[0.3041809518156175, 0.6524267723686467, -0.8865018137200069, 0.5322474131941336]",28.778684035199987,1.664809427084574
"[0.3041742941701727, 0.6524266233868169, -0.8865022482288326, 0.53224735762206]",28.778720226957542,1.6648722595659706
"[0.30416763723175105, 0.6524264745026964, -0.8865026827676143, 0.5322473019327516]",28.77875642038492,1.6649350920473673
"[0.3041609803829989, 0.652426325702463, -0.8865031173766371, 0.5322472461210636]",28.778792616677737,1.664997924528764
"[0.304154323202408, 0.6524261769766971, -0.8865035520834235, 0.5322471901834537]",28.778828813305395,1.6650607570101603
"[0.3041476663622925, 0.652426028340417, -0.8865039868440714, 0.5322471341255705]",28.77886500802471,1.665123589491557
"[0.3041410096422363, 0.6524258797886925, -0.8865044216729685, 0.5322470779455666]",28.778901205553176,1.6651864219729537
"[0.3041343523775832, 0.6524257313066951, -0.8865048566135377, 0.5322470216378229]",28.778937405478057,1.6652492544543502
"[0.3041276960618315, 0.6524255829277291, -0.886505291568197, 0.5322469652149779]",28.778973608148387,1.665312086935747
"[0.30412103902692644, 0.6524254346146039, -0.8865057266459403, 0.5322469086628986]",28.77900981121358,1.6653749194171437
"[0.30411438192197265, 0.6524252863818089, -0.8865061618043575, 0.5322468519870583]",28.779046012886198,1.66543775189854
"[0.3041077253129182, 0.6524251382419011, -0.8865065970064472, 0.5322467951923273]",28.77908221876985,1.6655005843799366
"[0.3041010693311151, 0.6524249901978032, -0.8865070322436018, 0.5322467382798307]",28.779118424002448,1.6655634168613334
"[0.30409441274649546, 0.6524248422221606, -0.8865074675962544, 0.5322466812390413]",28.77915463064089,1.6656262493427298
"[0.30408775637956004, 0.652424694333212, -0.8865079030107497, 0.5322466240769856]",28.779190841654852,1.6656890818241266
"[0.3040810997596869, 0.6524245465204987, -0.8865083385178725, 0.5322465667896222]",28.779227050947842,1.6657519143055233
"[0.30407444336893424, 0.6524243987947498, -0.8865087740860834, 0.5322465093810659]",28.779263267082143,1.6658147467869195
"[0.30406778755145103, 0.6524242511635144, -0.8865092096928514, 0.5322464518543926]",28.779299476471692,1.6658775792683163
"[0.30406113129307705, 0.6524241036043652, -0.8865096454045451, 0.532246394200753]",28.77933569189792,1.665940411749713
"[0.3040544746614408, 0.6524239561187923, -0.8865100812167523, 0.532246336420736]",28.779371909823162,1.6660032442311097
"[0.30404781870031966, 0.6524238087299145, -0.886510517061131, 0.532246278523409]",28.779408125449958,1.6660660767125062
"[0.3040411629820603, 0.6524236614282423, -0.886510952965669, 0.5322462205050771]",28.779444342055033,1.6661289091939029
"[0.30403450637303076, 0.6524235141886993, -0.8865113890046212, 0.5322461623558358]",28.77948056548405,1.6661917416752996
"[0.3040278510958035, 0.6524233670604355, -0.8865118250323918, 0.5322461040951146]",28.779516783396172,1.6662545741566959
"[0.3040211943920397, 0.6524232199824835, -0.8865122612296972, 0.5322460456987487]",28.77955300580266,1.6663174066380926
"[0.30401453870510986, 0.6524230730088064, -0.8865126974364362, 0.5322459871881946]",28.779589232680262,1.6663802391194893
"[0.3040078831978342, 0.6524229261209226, -0.8865131337074557, 0.5322459285560893]",28.77962545605325,1.6664430716008858
"[0.30400122785138245, 0.6524227793183973, -0.8865135700439836, 0.5322458698022883]",28.77966168268543,1.6665059040822825
"[0.3039945723174751, 0.6524226325935499, -0.8865140064688541, 0.5322458109237121]",28.779697911063508,1.6665687365636792
"[0.30398791578690904, 0.6524224859285596, -0.8865144430351486, 0.5322457519131694]",28.77973413954217,1.6666315690450755
"[0.303981260516647, 0.6524223393731501, -0.886514879594841, 0.5322456927906717]",28.77977037113948,1.6666944015264722
"[0.3039746058564115, 0.6524221929129624, -0.8865153161905537, 0.5322456335504967]",28.77980660234834,1.666757234007869
"[0.30396794990375015, 0.6524220465061433, -0.8865157529471135, 0.532245574175681]",28.779842835255202,1.6668200664892654
"[0.3039612947951289, 0.6524219001996909, -0.8865161897243347, 0.5322455146852726]",28.779879070297127,1.666882898970662
"[0.30395463898105, 0.652421753959529, -0.8865166266239096, 0.5322454550654324]",28.779915307967666,1.6669457314520588
"[0.30394798408423984, 0.6524216078213184, -0.8865170635393148, 0.5322453953306853]",28.779951543003293,1.667008563933455
"[0.30394132889644526, 0.6524214617585175, -0.8865175005498641, 0.5322453354701984]",28.779987782918916,1.667071396414852
"[0.3039346735483472, 0.6524213157739774, -0.8865179376469852, 0.5322452754851601]",28.780024023954688,1.6671342288962487
"[0.30392801858292856, 0.6524211698796265, -0.8865183747950123, 0.5322452153804413]",28.78006026515927,1.6671970613776455
"[0.30392136304797246, 0.6524210240545801, -0.8865188120564966, 0.532245155147449]",28.78009650925069,1.6672598938590417
"[0.30391470864033127, 0.6524208783360106, -0.8865192493199473, 0.532245094801547]",28.780132754029488,1.6673227263404384
"[0.3039080540517567, 0.6524207326952489, -0.886519686671313, 0.5322450343308982]",28.780168996893636,1.6673855588218351
"[0.303901399129725, 0.6524205871289654, -0.8865201241206262, 0.5322449737341011]",28.780205244421882,1.6674483913032316
"[0.30389474411015555, 0.6524204416423265, -0.8865205616523864, 0.5322449130132901]",28.78024149304218,1.6675112237846283
"[0.30388808890501884, 0.6524202962334116, -0.8865209992723849, 0.5322448521676527]",28.780277744685062,1.667574056266025
"[0.3038814347244807, 0.6524201509286451, -0.8865214369010319, 0.5322447912082741]",28.78031399258212,1.6676368887474213
"[0.303874780335208, 0.6524200057010776, -0.8865218746194259, 0.5322447301238779]",28.780350245071673,1.667699721228818
"[0.3038681257008365, 0.6524198605499236, -0.8865223124299664, 0.5322446689141145]",28.780386498300285,1.6677625537102148
"[0.30386147111783685, 0.6524197154816513, -0.8865227503131513, 0.5322446075817047]",28.780422755133092,1.6678253861916112
"[0.3038548161902964, 0.652419570487634, -0.8865231882950372, 0.5322445461229898]",28.78045901108885,1.667888218673008
"[0.30384816184130375, 0.6524194255879974, -0.8865236263148671, 0.5322444845464754]",28.780495268117694,1.6679510511544047
"[0.30384150815224237, 0.6524192807844323, -0.8865240643672649, 0.5322444228530164]",28.780531524748508,1.668013883635801
"[0.3038348536779797, 0.6524191360455438, -0.8865245025473723, 0.5322443610291425]",28.78056778514731,1.6680767161171977
"[0.3038281991853747, 0.6524189913880195, -0.8865249408047068, 0.5322442990819609]",28.780604047298343,1.6681395485985944
"[0.30382154503924946, 0.6524188468197497, -0.8865253791152365, 0.532244237014915]",28.78064031051612,1.6682023810799909
"[0.3038148908972795, 0.6524187023333463, -0.8865258175015026, 0.5322441748247507]",28.780676574800477,1.6682652135613876
"[0.3038082369802488, 0.652418557933534, -0.8865262559489566, 0.5322441125136134]",28.780712841587754,1.6683280460427843
"[0.303801582816011, 0.6524184136100732, -0.8865266944887105, 0.5322440500770693]",28.780749108002883,1.668390878524181
"[0.3037949291166926, 0.652418269378447, -0.8865271330738254, 0.5322439875217537]",28.780785376841404,1.6684537110055773
"[0.3037882749197003, 0.6524181252177724, -0.886527571767753, 0.5322439248386331]",28.78082164602167,1.668516543486974
"[0.30378162151786503, 0.6524179811560316, -0.8865280104852546, 0.5322438620399168]",28.780857916730557,1.6685793759683707
"[0.3037749672408254, 0.6524178371570766, -0.886528449336473, 0.5322437991098113]",28.780894188475077,1.6686422084497672
"[0.3037683135009785, 0.6524176932514698, -0.8865288882282654, 0.5322437360616717]",28.780930463439834,1.668705040931164
"[0.3037616600218794, 0.6524175494332174, -0.8865293271788526, 0.5322436728928968]",28.780966740352664,1.6687678734125606
"[0.30375500708868874, 0.6524174057084657, -0.8865297661694077, 0.5322436096062167]",28.781003015692708,1.6688307058939569
"[0.3037483532211966, 0.6524172620452474, -0.8865302052976075, 0.5322435461875329]",28.781039292042266,1.6688935383753536
"[0.30374169931678224, 0.6524171184629449, -0.8865306445042453, 0.5322434826453815]",28.78107557255621,1.6689563708567503
"[0.30373504598331885, 0.6524169749746711, -0.886531083749187, 0.5322434189855718]",28.78111185176378,1.6690192033381468
"[0.3037283925209555, 0.6524168315653264, -0.886531523078628, 0.5322433552014149]",28.781148136684827,1.6690820358195435
"[0.3037217387979769, 0.6524166882320656, -0.8865319625012723, 0.532243291291649]",28.781184417443303,1.6691448683009402
"[0.303715085927315, 0.6524165449988673, -0.8865324019436085, 0.5322432272669599]",28.78122070166393,1.6692077007823365
"[0.30370843273908316, 0.6524164018405268, -0.8865328414829021, 0.5322431631161094]",28.78125698651605,1.6692705332637332
"[0.3037017803599578, 0.6524162587812526, -0.886533281044712, 0.5322430988500022]",28.781293277167002,1.66933336574513
"[0.3036951262371865, 0.6524161157661986, -0.886533720797728, 0.5322430344439071]",28.78132956403923,1.6693961982265266
"[0.3036884742278569, 0.6524159728782499, -0.8865341604870387, 0.5322429699351741]",28.78136585333672,1.6694590307079231
"[0.30368182026491725, 0.6524158300300165, -0.8865346003814687, 0.5322429052843922]",28.78140214673548,1.6695218631893198
"[0.3036751675188477, 0.6524156872895989, -0.8865350402714292, 0.532242840522316]",28.781438437665084,1.6695846956707165
"[0.30366851486223817, 0.652415544632783, -0.8865354802314426, 0.5322427756380045]",28.781474732679154,1.6696475281521128
"[0.3036618620710636, 0.6524154020547374, -0.8865359202763258, 0.5322427106293013]",28.781511028403134,1.6697103606335095
"[0.30365520950420943, 0.6524152595631775, -0.8865363603823377, 0.5322426454996825]",28.781547321477,1.6697731931149062
"[0.3036485567045684, 0.6524151171483017, -0.8865368005797195, 0.5322425802446817]",28.781583621307618,1.6698360255963027
"[0.3036419041012351, 0.6524149748192958, -0.8865372408400785, 0.5322425148685044]",28.78161992093224,1.6698988580776994
"[0.30363525158727456, 0.6524148325738643, -0.8865376811704863, 0.532242449370107]",28.781656221749603,1.6699616905590962
"[0.30362859911710766, 0.6524146904110324, -0.8865381215739573, 0.5322423837490387]",28.781692525717308,1.6700245230404924
"[0.3036219463920613, 0.6524145483244101, -0.8865385620702675, 0.5322423180023573]",28.78172882713727,1.6700873555218891
"[0.3036152936522546, 0.652414406319139, -0.8865390026435217, 0.5322422521324153]",28.78176513208203,1.6701501880032859
"[0.3036086416710763, 0.652414264411711, -0.8865394432424897, 0.5322421861468908]",28.78180143766895,1.6702130204846823
"[0.3036019893942122, 0.6524141225796204, -0.8865398839369968, 0.5322421200353411]",28.781837745392643,1.670275852966079
"[0.3035953365976263, 0.6524139808181091, -0.886540324741898, 0.5322420537955094]",28.781874053194315,1.6703386854474758
"[0.3035886845862491, 0.6524138391549703, -0.8865407655707259, 0.5322419874404023]",28.781910362833376,1.670401517928872
"[0.30358203290628105, 0.6524136975805235, -0.8865412064535334, 0.5322419209655161]",28.781946677097817,1.6704643504102688
"[0.30357538053866345, 0.6524135560730853, -0.8865416474578716, 0.532241854360653]",28.781982987997,1.6705271828916655
"[0.30356872832388465, 0.6524134146505359, -0.8865420885280305, 0.5322417876342203]",28.782019302445587,1.6705900153730622
"[0.3035620768532784, 0.6524132733254331, -0.8865425296247866, 0.5322417207921675]",28.782055619955067,1.6706528478544587
"[0.30355542500631677, 0.6524131320739617, -0.8865429708224423, 0.5322416538232413]",28.782091936654755,1.6707156803358554
"[0.3035487729732124, 0.6524129909001679, -0.8865434121083894, 0.5322415867293423]",28.782128253020794,1.670778512817252
"[0.30354212091091975, 0.6524128498073867, -0.8865438534722196, 0.5322415195120438]",28.78216457232966,1.6708413452986484
"[0.30353546885887017, 0.6524127087964577, -0.8865442949113168, 0.5322414521717372]",28.782200893843576,1.670904177780045
"[0.3035288173799705, 0.652412567879285, -0.8865447363883158, 0.5322413847141542]",28.78223721577141,1.670967010261442
"[0.303522166223079, 0.6524124270505474, -0.8865451779198683, 0.5322413171367513]",28.782273539395664,1.6710298427428383
"[0.3035155141453772, 0.652412286283932, -0.886545619588489, 0.5322412494268912]",28.78230986386752,1.671092675224235
"[0.30350886290102963, 0.6524121456165625, -0.8865460612777094, 0.5322411816024222]",28.782346191455108,1.6711555077056317
"[0.30350221099602814, 0.6524120050168348, -0.8865465030867392, 0.5322411136481149]",28.782382517599203,1.671218340187028
"[0.3034955596974965, 0.6524118645115351, -0.8865469449314185, 0.5322410455769068]",28.782418845512126,1.671281172668425
"[0.30348890852172195, 0.6524117240904242, -0.8865473868438674, 0.5322409773838733]",28.782455176029657,1.6713440051498216
"[0.30348225756862834, 0.6524115837556071, -0.8865478288174402, 0.5322409090700433]",28.782491507558344,1.671406837631218
"[0.3034756060398595, 0.6524114434902453, -0.8865482709051954, 0.5322408406272034]",28.782527841591854,1.6714696701126146
"[0.3034689546768412, 0.6524113033099789, -0.8865487130578621, 0.5322407720629704]",28.782564173546486,1.6715325025940113
"[0.3034623035515102, 0.6524111632163218, -0.88654915527065, 0.5322407033780874]",28.782600511058718,1.6715953350754078
"[0.30345565225106425, 0.6524110232005557, -0.8865495975710045, 0.5322406345683169]",28.782636848839662,1.6716581675568045
"[0.30344900149369397, 0.6524108832778287, -0.8865500399111591, 0.5322405656410517]",28.782673187755965,1.6717210000382012
"[0.3034423506614061, 0.6524107434350707, -0.8865504823322101, 0.5322404965899689]",28.78270952680952,1.671783832519598
"[0.3034357003089105, 0.6524106036839922, -0.8865509247972484, 0.5322404274207703]",28.78274586904088,1.6718466650009942
"[0.3034290491485227, 0.6524104639975106, -0.8865513673919527, 0.5322403581200849]",28.782782207195858,1.671909497482391
"[0.30342239809619115, 0.6524103243948816, -0.8865518100553837, 0.5322402886974262]",28.782818553150843,1.6719723299637876
"[0.3034157471541015, 0.652410184876147, -0.8865522527873917, 0.5322402191528198]",28.782854897499423,1.6720351624451841
"[0.30340909699971097, 0.6524100454555003, -0.886552695542865, 0.5322401494933727]",28.782891245660338,1.6720979949265808
"[0.30340244616336653, 0.6524099061021154, -0.8865531384196481, 0.5322400797037052]",28.7829275942365,1.6721608274079776
"[0.30339579528400196, 0.6524097668294035, -0.8865535813752067, 0.5322400097904862]",28.782963940742842,1.6722236598893738
"[0.3033891451490631, 0.6524096276538379, -0.8865540243570835, 0.532239939762013]",28.783000291902844,1.6722864923707705
"[0.3033824942958414, 0.6524094885448035, -0.8865544674627124, 0.5322398696028837]",28.783036644742005,1.6723493248521673
"[0.30337584399046313, 0.6524093495287844, -0.8865549106077417, 0.5322397993264479]",28.783072996683444,1.6724121573335637
"[0.30336919393146367, 0.6524092105994639, -0.8865553538122455, 0.5322397289295389]",28.783109351034838,1.6724749898149605
"[0.30336254267120294, 0.6524090717266112, -0.8865557971727203, 0.5322396583968083]",28.783145705828726,1.6725378222963572
"[0.303355892892759, 0.6524089329662445, -0.8865562405103116, 0.53223958775671]",28.783182065320673,1.6726006547777534
"[0.30334924246445566, 0.6524087942738634, -0.8865566839671231, 0.5322395169866229]",28.78321842242256,1.6726634872591502
"[0.30334259303312494, 0.6524086556838095, -0.8865571274333354, 0.5322394461040737]",28.783254782650385,1.6727263197405469
"[0.3033359427091558, 0.6524085171566825, -0.8865575710349698, 0.5322393750889363]",28.783291145370956,1.6727891522219436
"[0.30332929248089113, 0.6524083787130923, -0.8865580147061128, 0.5322393039517288]",28.783327508144975,1.67285198470334
"[0.30332264198344067, 0.6524082403454454, -0.8865584584711109, 0.5322392326885412]",28.78336387121312,1.6729148171847368
"[0.30331599230362655, 0.6524081020763448, -0.8865589022574338, 0.5322391613110291]",28.78340023398299,1.6729776496661335
"[0.3033093427232869, 0.6524079638908254, -0.8865593461129949, 0.5322390898115251]",28.783436604017826,1.6730404821475298
"[0.30330269290439293, 0.6524078257818776, -0.886559790060359, 0.5322390181863722]",28.783472971787504,1.6731033146289265
"[0.3032960435815521, 0.6524076877647532, -0.8865602340504782, 0.5322389464434865]",28.78350933828804,1.6731661471103232
"[0.3032893939160013, 0.6524075498220215, -0.8865606781393558, 0.5322388745738418]",28.7835457125743,1.6732289795917197
"[0.3032827438569667, 0.6524074119526672, -0.8865611223303943, 0.532238802576835]",28.783582080415695,1.6732918120731164
"[0.3032760943973926, 0.6524072741772575, -0.8865615665572665, 0.5322387304632371]",28.783618456496857,1.673354644554513
"[0.30326944491377866, 0.6524071364828288, -0.8865620108616166, 0.5322386582263401]",28.783654829381028,1.6734174770359094
"[0.303262795195271, 0.6524069988650697, -0.8865624552575359, 0.5322385858637823]",28.78369120613955,1.673480309517306
"[0.3032561458335637, 0.6524068613362036, -0.8865628997054807, 0.5322385133820264]",28.783727583089597,1.6735431419987028
"[0.3032494965025011, 0.6524067238894713, -0.8865633442272434, 0.5322384407775318]",28.78376396204429,1.6736059744800993
"[0.30324284686187386, 0.6524065865178488, -0.8865637888455727, 0.5322383680465689]",28.783800343505415,1.673668806961496
"[0.30323619850137423, 0.6524064492541674, -0.8865642334541586, 0.5322382952065382]",28.78383672258679,1.6737316394428927
"[0.30322954882011877, 0.6524063120446919, -0.8865646782269369, 0.5322382222289849]",28.783873105722794,1.673794471924289
"[0.3032228996959438, 0.6524061749282188, -0.886565123038317, 0.5322381491344512]",28.78390949070411,1.6738573044056857
"[0.30321625103363115, 0.6524060379027531, -0.8865655678946512, 0.5322380759219298]",28.78394587317972,1.6739201368870824
"[0.303209601929674, 0.6524059009496801, -0.8865660128563918, 0.5322380025814617]",28.783982259761327,1.6739829693684791
"[0.3032029524504772, 0.6524057640703581, -0.8865664579191088, 0.5322379291137823]",28.784018651504564,1.6740458018498756
"[0.3031963038480906, 0.6524056272905645, -0.8865669029989907, 0.5322378555327196]",28.784055040394104,1.6741086343312723
"[0.30318965453145535, 0.6524054905775741, -0.8865673482025448, 0.532237781820655]",28.784091427549548,1.674171466812669
"[0.3031830057545336, 0.6524053539571452, -0.886567793445816, 0.5322377079915123]",28.7841278210823,1.6742342992940653
"[0.3031763574505443, 0.6524052174279061, -0.8865682387332575, 0.5322376340445528]",28.78416421709016,1.674297131775462
"[0.30316970842605245, 0.6524050809653468, -0.8865686841448072, 0.5322375599664994]",28.784200612205197,1.6743599642568587
"[0.3031630596274313, 0.6524049445888935, -0.886569129617076, 0.5322374857678859]",28.7842370063928,1.6744227967382552
"[0.30315641152099004, 0.6524048083080957, -0.8865695751188054, 0.5322374114539359]",28.78427340615139,1.674485629219652
"[0.3031497628968135, 0.6524046720981438, -0.8865700207310706, 0.5322373370111316]",28.784309803261436,1.6745484617010487
"[0.3031431147733842, 0.6524045359799072, -0.886570466385609, 0.5322372624508682]",28.784346203590424,1.674611294182445
"[0.3031364654380065, 0.6524043999183271, -0.8865709121972428, 0.5322371877539208]",28.784382605477468,1.6746741266638416
"[0.30312981787607785, 0.6524042639744824, -0.8865713579658028, 0.5322371129538379]",28.784419007022027,1.6747369591452383
"[0.3031231688609745, 0.6524041280823777, -0.8865718039076513, 0.5322370380143238]",28.784455411728494,1.6747997916266348
"[0.3031165209480593, 0.6524039922942475, -0.8865722498514104, 0.5322369629641633]",28.784491818351093,1.6748626241080316
"[0.3031098726257628, 0.6524038565792037, -0.8865726958984629, 0.5322368877863096]",28.78452822614776,1.6749254565894283
"[0.3031032245797013, 0.6524037209512379, -0.8865731420028118, 0.5322368124885158]",28.784564630571555,1.674988289070825
"[0.30309657652441313, 0.6524035854045218, -0.886573588183608, 0.5322367370675524]",28.784601044277007,1.6750511215522212
"[0.3030899287169498, 0.6524034499442942, -0.8865740344235944, 0.5322366615263364]",28.784637453970852,1.675113954033618
"[0.30308328010346636, 0.6524033145490872, -0.886574480793521, 0.5322365858528787]",28.784673865462636,1.675176786515015
"[0.3030766324698068, 0.652403179255279, -0.8865749271734871, 0.532236510067491]",28.78471028069512,1.6752396189964112
"[0.30306998458570117, 0.6524030440377796, -0.8865753736460913, 0.5322364341562096]",28.784746695825337,1.6753024514778079
"[0.3030633369786668, 0.6524029089073414, -0.886575820175905, 0.5322363581250283]",28.78478311143977,1.6753652839592046
"[0.3030566888710219, 0.6524027738481613, -0.8865762668151684, 0.5322362819650411]",28.78481952820872,1.675428116440601
"[0.30305004130139995, 0.652402638881333, -0.8865767134941033, 0.5322362056881516]",28.78485594995872,1.6754909489219978
"[0.3030433939813544, 0.6524025040009838, -0.8865771602320766, 0.5322361292910702]",28.784892368925984,1.6755537814033945
"[0.30303674602084285, 0.6524023691890587, -0.8865776070889113, 0.5322360527635566]",28.784928789695744,1.6756166138847908
"[0.30303009890062693, 0.652402234475582, -0.8865780539650711, 0.5322359761226586]",28.784965210120433,1.6756794463661875
"[0.30302345123543245, 0.6524020998324718, -0.8865785009536801, 0.5322358993524119]",28.785001636797464,1.6757422788475842
"[0.3030168035264497, 0.6524019652698887, -0.8865789480210479, 0.5322358224585856]",28.78503806154721,1.6758051113289807
"[0.3030101555812579, 0.6524018307839409, -0.8865793951801196, 0.5322357454389458]",28.78507449014649,1.6758679438103774
"[0.3030035083359136, 0.6524016963935547, -0.8865798423679253, 0.5322356683043479]",28.78511091772664,1.6759307762917741
"[0.30299686121649017, 0.6524015620871108, -0.8865802896230607, 0.532235591048153]",28.785147347959118,1.6759936087731704
"[0.30299021436892026, 0.6524014278675495, -0.8865807369356992, 0.5322355136720658]",28.785183778764047,1.676056441254567
"[0.3029835671328121, 0.6524012937215349, -0.8865811843502849, 0.5322354361683954]",28.7852202104741,1.6761192737359638
"[0.30297691960004425, 0.6524011596509413, -0.8865816318606446, 0.532235358538182]",28.78525664465896,1.6761821062173605
"[0.30297027296858736, 0.6524010256798937, -0.8865820793861215, 0.5322352807954588]",28.785293083003427,1.676244938698757
"[0.3029636256594833, 0.6524008917765851, -0.8865825270330231, 0.5322352029217332]",28.785329517052435,1.6763077711801537
"[0.3029569787206219, 0.6524007579621187, -0.8865829747307875, 0.5322351249292823]",28.78536595500026,1.6763706036615504
"[0.3029503320558704, 0.6524006242345468, -0.886583422485878, 0.5322350468169939]",28.785402394569637,1.6764334361429467
"[0.30294368539967215, 0.6524004905885205, -0.8865838703161779, 0.5322349685817521]",28.785438834131636,1.6764962686243434
"[0.30293703866867344, 0.6524003570223634, -0.8865843182273054, 0.5322348902225728]",28.785475278306656,1.6765591011057401
"[0.30293039243230946, 0.6524002235475089, -0.8865847661808787, 0.5322348117461797]",28.785511717700622,1.6766219335871366
"[0.302923745279618, 0.6524000901356275, -0.8865852142720032, 0.5322347331358985]",28.785548162549336,1.6766847660685333
"[0.3029170985758301, 0.6523999568141277, -0.8865856624086546, 0.5322346544078604]",28.785584608262234,1.67674759854993
"[0.30291045228390645, 0.6523998235822481, -0.8865861105933158, 0.5322345755616495]",28.785621059277688,1.6768104310313263
"[0.30290380553989626, 0.6523996904226704, -0.8865865588842453, 0.5322344965870132]",28.785657506860048,1.676873263512723
"[0.30289715900077424, 0.6523995573485637, -0.886587007237138, 0.5322344174917436]",28.7856939563818,1.6769360959941197
"[0.302890512917616, 0.6523994243649278, -0.8865874556350456, 0.5322343382788608]",28.78573040662,1.6769989284755162
"[0.3028838659717039, 0.6523992914453954, -0.8865879041669457, 0.5322342589326199]",28.78576686064887,1.677061760956913
"[0.30287721960359937, 0.6523991586187767, -0.8865883527356335, 0.5322341794702075]",28.78580331340909,1.6771245934383097
"[0.30287057345745305, 0.6523990258779486, -0.8865888013651128, 0.5322340998873846]",28.785839767680187,1.677187425919706
"[0.3028639272124639, 0.6523988932164676, -0.8865892500770358, 0.5322340201803507]",28.785876226102516,1.6772502584011026
"[0.3028572817121898, 0.6523987606511982, -0.8865896988144384, 0.5322339403591901]",28.785912682847147,1.6773130908824994
"[0.3028506354415291, 0.6523986281518976, -0.8865901476796293, 0.5322338604057247]",28.785949142609834,1.677375923363896
"[0.30284398944654617, 0.6523984957394291, -0.8865905966019674, 0.5322337803325219]",28.78598560367182,1.6774387558452926
"[0.3028373430143077, 0.6523983633995936, -0.8865910456296131, 0.5322337001309809]",28.786022061504028,1.6775015883266893
"[0.30283069737626783, 0.6523982311569113, -0.886591494679363, 0.5322336198159601]",28.78605852852193,1.677564420808086
"[0.302824051292577, 0.6523980989866729, -0.8865919438349901, 0.5322335393725188]",28.786094992873153,1.6776272532894823
"[0.3028174056873289, 0.6523979669072816, -0.8865923930340395, 0.5322334588118084]",28.786131457510102,1.677690085770879
"[0.3028107600692321, 0.652397834908964, -0.8865928423097107, 0.5322333781278831]",28.78616792592184,1.6777529182522757
"[0.30280411400738394, 0.6523977029831429, -0.8865932916911435, 0.5322332973155284]",28.78620439441327,1.6778157507336722
"[0.3027974679495867, 0.6523975711387383, -0.8865937411480653, 0.5322332163801451]",28.786240865786674,1.6778785832150689
"[0.3027908225467887, 0.6523974393886418, -0.8865941906364427, 0.5322331353296877]",28.78627733831571,1.6779414156964656
"[0.3027841775496173, 0.6523973077278893, -0.8865946401731245, 0.5322330541611413]",28.786313807309096,1.6780042481778619
"[0.3027775318966098, 0.6523971761354559, -0.8865950898299225, 0.5322329728615284]",28.786350285047764,1.6780670806592586
"[0.3027708859898134, 0.652397044619306, -0.886595539579649, 0.5322328914357546]",28.78638675787751,1.6781299131406553
"[0.3027642406524561, 0.6523969131957361, -0.8865959893665877, 0.5322328098938973]",28.78642323458727,1.6781927456220518
"[0.3027575957937859, 0.6523967818629258, -0.8865964391968625, 0.532232728234877]",28.78645971284322,1.6782555781034485
"[0.3027509507242692, 0.6523966506072421, -0.8865968891171475, 0.5322326464502235]",28.786496193051384,1.6783184105848452
"[0.30274430546928366, 0.6523965194291911, -0.8865973391257299, 0.5322325645402377]",28.786532672902823,1.678381243066242
"[0.3027376603719676, 0.6523963883355434, -0.8865977891993742, 0.5322324825091496]",28.786569155786662,1.6784440755476382
"[0.30273101534090835, 0.6523962573244934, -0.8865982393442665, 0.5322324003558309]",28.78660563810452,1.678506908029035
"[0.30272436999239327, 0.6523961263884782, -0.8865986895864039, 0.5322323180755306]",28.786642125634696,1.6785697405104316
"[0.3027177251985964, 0.6523959955446761, -0.8865991398666904, 0.5322322356790534]",28.786678610528494,1.678632572991828
"[0.3027110798405093, 0.6523958647710574, -0.8865995902609536, 0.5322321531525138]",28.78671509778651,1.6786954054732248
"[0.30270443476701403, 0.6523957340843153, -0.886600040711665, 0.532232070506464]",28.78675158732335,1.6787582379546215
"[0.30269778994312774, 0.6523956034837652, -0.8866004912211859, 0.532231987740464]",28.78678807566352,1.6788210704360178
"[0.3026911455002532, 0.6523954729719735, -0.8866009417805967, 0.5322319048561699]",28.78682456835677,1.6788839029174145
"[0.3026845009557374, 0.6523953425394529, -0.8866013924226203, 0.5322318218475687]",28.786861061701156,1.6789467353988112
"[0.3026778563045086, 0.6523952121861013, -0.8866018431476046, 0.5322317387145944]",28.786897556221152,1.6790095678802077
"[0.30267121207298026, 0.6523950819222528, -0.8866022939198345, 0.5322316554638239]",28.786934050799406,1.6790724003616044
"[0.3026645667904882, 0.6523949517190595, -0.8866027448390973, 0.5322315720768406]",28.786970550119946,1.6791352328430011
"[0.3026579228750131, 0.652394821623913, -0.886603195741314, 0.5322314885839657]",28.7870070462167,1.6791980653243974
"[0.3026512777109697, 0.6523946915855859, -0.8866036468039927, 0.5322314049523412]",28.78704354570066,1.6792608978057941
"[0.3026446336576294, 0.6523945616502587, -0.8866040978669928, 0.5322313212116406]",28.787080045568214,1.679323730287191
"[0.30263798934404673, 0.6523944317910721, -0.886604549023373, 0.5322312373446437]",28.78711654866332,1.6793865627685873
"[0.302631344595183, 0.6523943020046462, -0.8866050002850286, 0.5322311533490848]",28.787153056154903,1.679449395249984
"[0.30262470060979696, 0.6523941723143791, -0.8866054515705437, 0.5322310692401347]",28.787189555258134,1.6795122277313808
"[0.3026180564597858, 0.6523940427021414, -0.8866059029429479, 0.5322309850060604]",28.787226063496618,1.6795750602127775
"[0.3026114123718896, 0.6523939131723578, -0.8866063543868388, 0.5322309006497307]",28.787262570010046,1.679637892694174
"[0.30260476794644614, 0.6523937837172387, -0.8866068059293768, 0.5322308161660638]",28.787299080326807,1.6797007251755707
"[0.30259812451226237, 0.6523936543626605, -0.8866072574802465, 0.5322307315719718]",28.787335589980742,1.6797635576569674
"[0.3025914801532377, 0.6523935250713127, -0.8866077091696831, 0.5322306468430551]",28.787372100723612,1.6798263901383637
"[0.3025848365257473, 0.652393395875429, -0.8866081608850873, 0.532230562000429]",28.78740861707481,1.6798892226197604
"[0.3025781923139937, 0.6523932667494166, -0.8866086127159206, 0.5322304770272926]",28.787445131322716,1.679952055101157
"[0.30257154872501396, 0.6523931377167312, -0.886609064580099, 0.5322303919390833]",28.787481646224137,1.6800148875825536
"[0.30256490467546326, 0.652393008756329, -0.8866095165513022, 0.532230306721927]",28.787518159173164,1.6800777200639503
"[0.3025582607348905, 0.6523928798792686, -0.8866099685907924, 0.5322302213831187]",28.787554681152326,1.680140552545347
"[0.30255161762790667, 0.6523927510995888, -0.8866104206492517, 0.5322301359319888]",28.787591201060263,1.6802033850267433
"[0.30254497425823595, 0.6523926223960449, -0.8866108728012697, 0.5322300503544262]",28.78762772025419,1.68026621750814
"[0.30253833033224076, 0.6523924937628993, -0.8866113250668477, 0.5322299646467004]",28.787664244244194,1.6803290499895367
"[0.3025316872272098, 0.6523923652268871, -0.8866117773522232, 0.5322298788264921]",28.787700769708085,1.6803918824709332
"[0.3025250430383562, 0.6523922367510997, -0.8866122297870862, 0.532229792869254]",28.787737292715814,1.68045471495233
"[0.3025184001483449, 0.6523921083816511, -0.8866126822091844, 0.5322297068057591]",28.787773818633557,1.6805175474337266
"[0.3025117566922517, 0.6523919800824427, -0.8866131347455192, 0.5322296206119188]",28.787810348186486,1.6805803799151233
"[0.30250511321285395, 0.6523918518639992, -0.886613587359126, 0.532229534294718]",28.787846874514983,1.6806432123965196
"[0.3024984701314079, 0.6523917237344464, -0.8866140400212988, 0.5322294478596339]",28.78788340738487,1.6807060448779163
"[0.3024918272133115, 0.6523915956892055, -0.8866144927480138, 0.5322293613036782]",28.78791993766734,1.680768877359313
"[0.30248518425161985, 0.6523914677243208, -0.886614945553372, 0.5322292746241123]",28.78795647133014,1.6808317098407095
"[0.302478540564043, 0.6523913398266544, -0.886615398483893, 0.5322291878120191]",28.787993003841986,1.6808945423221062
"[0.3024718976633854, 0.6523912120253264, -0.8866158514364407, 0.5322291008871674]",28.788029543792177,1.680957374803503
"[0.30246525461253265, 0.6523910843022926, -0.8866163044749015, 0.5322290138373124]",28.788066078641005,1.6810202072848992
"[0.3024586119827626, 0.6523909566685313, -0.8866167575603109, 0.5322289266699456]",28.78810261660461,1.681083039766296
"[0.30245196944296837, 0.6523908291176697, -0.8866172107152444, 0.5322288393807345]",28.78813915462766,1.6811458722476926
"[0.30244532589789513, 0.6523907016286908, -0.8866176640144353, 0.5322287519552608]",28.788175697340396,1.6812087047290891
"[0.3024386834006313, 0.6523905742409931, -0.8866181173177968, 0.5322286644205384]",28.78821224100511,1.6812715372104858
"[0.3024320406279877, 0.6523904469291842, -0.8866185707156141, 0.5322285767591525]",28.78824878376065,1.6813343696918825
"[0.3024253982951639, 0.6523903197069668, -0.8866190241590685, 0.5322284889805435]",28.788285329480352,1.6813972021732788
"[0.3024187555138656, 0.6523901925573254, -0.8866194777087993, 0.5322284010729712]",28.78832187674513,1.6814600346546755
"[0.30241211324923695, 0.6523900654987421, -0.8866199312989075, 0.5322283130491959]",28.788358424493122,1.6815228671360722
"[0.30240547107089105, 0.6523899385229447, -0.886620384958774, 0.5322282249035607]",28.788394972760393,1.6815856996174687
"[0.30239882780809735, 0.6523898116075935, -0.886620838768375, 0.5322281366204721]",28.788431522958216,1.6816485320988654
"[0.30239218517702654, 0.6523896847855029, -0.8866212926104835, 0.5322280482226962]",28.78846807641887,1.6817113645802622
"[0.30238554378656124, 0.6523895580681774, -0.8866217464434692, 0.5322279597184878]",28.788504629292955,1.6817741970616589
"[0.3023789011695001, 0.6523894314086275, -0.8866222004359231, 0.5322278710748645]",28.788541184371017,1.6818370295430551
"[0.3023722589037629, 0.6523893048369267, -0.8866226544800161, 0.5322277823128911]",28.788577740632036,1.6818998620244519
"[0.3023656167150759, 0.6523891783478389, -0.8866231085944895, 0.5322276934289129]",28.788614296372106,1.6819626945058486
"[0.302358974597663, 0.6523890519412431, -0.8866235627797353, 0.5322276044228639]",28.788650853934897,1.682025526987245
"[0.30235233243516446, 0.6523889256149362, -0.8866240170437085, 0.5322275152931675]",28.78868741747905,1.6820883594686418
"[0.30234569046410475, 0.6523887993734061, -0.8866244713702309, 0.5322274260430078]",28.788723978814698,1.6821511919500385
"[0.30233904905804715, 0.6523886732237291, -0.8866249257337364, 0.5322273366774346]",28.788760537959774,1.6822140244314348
"[0.3023324068268601, 0.6523885471395181, -0.8866253802293328, 0.5322272471777164]",28.788797104069033,1.6822768569128315
"[0.30232576485268137, 0.652388421141316, -0.886625834782984, 0.5322271575584255]",28.788833668937343,1.6823396893942282
"[0.3023191237584718, 0.6523882952409213, -0.8866262893520369, 0.5322270678279938]",28.788870232642324,1.6824025218756247
"[0.30231248136671496, 0.652388169397056, -0.8866267440855446, 0.5322269779569906]",28.78890680229024,1.6824653543570214
"[0.3023058396877804, 0.6523880436478199, -0.886627198845888, 0.5322268879725951]",28.788943372014074,1.682528186838418
"[0.3022991982093929, 0.652387917983494, -0.8866276536681275, 0.5322267978678927]",28.788979939861555,1.6825910193198144
"[0.3022925564248135, 0.6523877923944952, -0.8866281085869662, 0.5322267076359984]",28.78901651418032,1.682653851801211
"[0.3022859150265193, 0.6523876668939167, -0.8866285635549725, 0.5322266172863171]",28.789053088117214,1.6827166842826078
"[0.3022792735010391, 0.6523875414720333, -0.8866290186073172, 0.53222652681189]",28.78908966368039,1.6827795167640043
"[0.302272631655462, 0.6523874161252105, -0.8866294737572247, 0.5322264362100718]",28.78912623837111,1.682842349245401
"[0.30226599090971235, 0.6523872908802503, -0.8866299289073767, 0.5322263455002283]",28.789162815436686,1.6829051817267977
"[0.302259349234729, 0.6523871656988657, -0.8866303841968405, 0.5322262546546622]",28.78919939569949,1.6829680142081944
"[0.3022527078788707, 0.6523870406045998, -0.8866308395400497, 0.5322261636904257]",28.789235974634366,1.6830308466895907
"[0.30224606733416187, 0.6523869156066954, -0.8866312949032519, 0.5322260726142902]",28.789272554843116,1.6830936791709874
"[0.3022394259289211, 0.6523867906736999, -0.886631750401078, 0.5322259814033091]",28.78930913764543,1.6831565116523841
"[0.30223278447917934, 0.6523866658209382, -0.8866322059775779, 0.5322258900687106]",28.789345720566015,1.6832193441337806
"[0.3022261433680981, 0.6523865410556469, -0.8866326616064613, 0.532225798615722]",28.78938230700825,1.6832821766151773
"[0.30221950286703275, 0.6523864163828925, -0.8866331172690957, 0.5322257070481202]",28.789418894006054,1.683345009096574
"[0.3022128624133683, 0.6523862917920984, -0.8866335730040743, 0.5322256153581644]",28.789455483031663,1.6834078415779703
"[0.3022062209970389, 0.652386167264328, -0.8866340288807338, 0.532225523531881]",28.78949207403308,1.683470674059367
"[0.3021995800371255, 0.652386042826198, -0.8866344848016747, 0.532225431588875]",28.78952866315952,1.683533506540764
"[0.3021929385199749, 0.6523859184587146, -0.8866349408364882, 0.5322253395151079]",28.78956525701577,1.6835963390221602
"[0.30218629831035115, 0.652385794196784, -0.8866353968571187, 0.5322252473364479]",28.789601849651568,1.683659171503557
"[0.30217965800871427, 0.6523856700141863, -0.8866358529596587, 0.5322251550335066]",28.789638444107393,1.6837220039849536
"[0.3021730168879566, 0.6523855458973474, -0.8866363091940669, 0.5322250625961392]",28.789675040606227,1.6837848364663501
"[0.3021663763172029, 0.6523854218718491, -0.8866367654662903, 0.5322249700434054]",28.78971163654109,1.6838476689477468
"[0.30215973587045236, 0.652385297929729, -0.8866372218055872, 0.5322248773693751]",28.78974823784252,1.6839105014291436
"[0.3021530955801685, 0.6523851740715843, -0.8866376782097222, 0.5322247845745101]",28.78978483477639,1.6839733339105403
"[0.3021464545566981, 0.6523850502808282, -0.8866381347398521, 0.5322246916463624]",28.789821437938574,1.6840361663919365
"[0.30213981470469725, 0.6523849265929573, -0.8866385912650354, 0.5322245986115914]",28.789858040921555,1.6840989988733333
"[0.30213317394214134, 0.6523848029691788, -0.8866390479284181, 0.5322245054410334]",28.789894646440455,1.68416183135473
"[0.3021265341898027, 0.6523846794452479, -0.8866395045979124, 0.5322244121616356]",28.789931252162933,1.6842246638361265
"[0.30211989376876996, 0.6523845559899234, -0.8866399613889844, 0.5322243187498197]",28.789967858844594,1.6842874963175232
"[0.3021132534995732, 0.652384432618469, -0.8866404182451989, 0.5322242252171111]",28.790004465769883,1.6843503287989199
"[0.30210661304509157, 0.6523843093246142, -0.8866408751897497, 0.5322241315587664]",28.790041075964933,1.6844131612803162
"[0.3020999735974217, 0.6523841861304845, -0.8866413321405919, 0.5322240377916101]",28.790077688549463,1.6844759937617129
"[0.30209333349621764, 0.65238406300526, -0.8866417892119901, 0.5322239438922071]",28.790114299493418,1.6845388262431096
"[0.3020866940512649, 0.6523839399732319, -0.8866422463137843, 0.5322238498790713]",28.79015091314984,1.684601658724506
"[0.30208005375216723, 0.6523838170064314, -0.886642703549962, 0.5322237557307876]",28.7901875269377,1.6846644912059028
"[0.30207341385930164, 0.6523836941281359, -0.8866431608337464, 0.5322236614652963]",28.790224143221113,1.6847273236872995
"[0.3020667738561151, 0.6523835713288448, -0.8866436182007046, 0.5322235670751901]",28.790260761656643,1.6847901561686958
"[0.3020601344080355, 0.652383448620839, -0.8866440756049934, 0.5322234725699596]",28.7902973789779,1.6848529886500925
"[0.3020534945818408, 0.6523833259868662, -0.886644533110901, 0.5322233779363237]",28.790334000504735,1.6849158211314892
"[0.3020468550027589, 0.6523832034384744, -0.8866449906753491, 0.5322232831831898]",28.79037062209191,1.6849786536128857
"[0.30204021506305173, 0.6523830809644448, -0.8866454483402214, 0.5322231883018824]",28.790407244826046,1.6850414860942824
"[0.30203357593051167, 0.6523829585863103, -0.886645906025018, 0.5322230933090968]",28.790443868720498,1.685104318575679
"[0.30202693604520386, 0.652382836275313, -0.8866463638372759, 0.5322229981825145]",28.790480495196768,1.6851671510570758
"[0.3020202968261087, 0.6523827140575921, -0.886646821679159, 0.5322229029424603]",28.790517122105495,1.685229983538472
"[0.3020136572055154, 0.6523825919134872, -0.8866472796242917, 0.5322228075736228]",28.790553751594448,1.6852928160198688
"[0.30200701827538, 0.6523824698630764, -0.8866477375973547, 0.5322227120916967]",28.790590380153095,1.6853556485012655
"[0.30200037852939815, 0.6523823478786742, -0.8866481957022594, 0.5322226164750055]",28.790627011762478,1.685418480982662
"[0.3019937399769528, 0.652382225997181, -0.886648653800363, 0.532222520752504]",28.79066364434617,1.6854813134640587
"[0.30198710062565065, 0.6523821041820149, -0.886649112029144, 0.5322224248954649]",28.79070027726868,1.6855441459454554
"[0.30198046137757684, 0.6523819824497371, -0.8866495703263545, 0.5322223289168934]",28.790736911233303,1.6856069784268517
"[0.30197382262232264, 0.6523818608074816, -0.886650028665092, 0.5322222328224312]",28.790773547099732,1.6856698109082484
"[0.30196718317582905, 0.6523817392335426, -0.8866504871271059, 0.5322221365949482]",28.790810184398893,1.6857326433896451
"[0.3019605441928734, 0.652381617749078, -0.8866509456326614, 0.5322220402511609]",28.790846825209858,1.6857954758710416
"[0.3019539057858025, 0.6523814963561309, -0.8866514041739806, 0.5322219437927173]",28.7908834652579,1.6858583083524383
"[0.3019472668112022, 0.652381375033767, -0.8866518628300436, 0.5322218472030302]",28.79092010721372,1.685921140833835
"[0.3019406277865939, 0.6523812537914762, -0.8866523215651073, 0.5322217504895833]",28.79095675014343,1.6859839733152313
"[0.30193398903763213, 0.6523811326351977, -0.8866527803566655, 0.5322216536571274]",28.790993393772478,1.686046805796628
"[0.3019273504512007, 0.6523810115628366, -0.8866532392125279, 0.5322215567040492]",28.791030038558212,1.6861096382780247
"[0.3019207116192919, 0.6523808905669756, -0.8866536981608967, 0.5322214596243572]",28.79106668589764,1.6861724707594214
"[0.3019140727107733, 0.6523807696506968, -0.886654157190102, 0.5322213624205107]",28.79110333560872,1.686235303240818
"[0.30190743454367797, 0.6523806488288623, -0.8866546162435729, 0.5322212651045312]",28.79113998490592,1.6862981357222147
"[0.301900795918166, 0.6523805280796504, -0.8866550754042765, 0.5322211676588072]",28.791176635178438,1.6863609682036114
"[0.301894157731603, 0.6523804074193739, -0.8866555346101466, 0.5322210700965198]",28.79121328857724,1.6864238006850076
"[0.30188751929570007, 0.6523802868355231, -0.8866559939087921, 0.5322209724075483]",28.791249941553847,1.6864866331664043
"[0.30188088089426945, 0.6523801663332393, -0.8866564532805814, 0.5322208745960815]",28.79128659682713,1.686549465647801
"[0.3018742428900813, 0.652380045919114, -0.8866569127004021, 0.5322207766674567]",28.79132325379528,1.6866122981291976
"[0.3018676044744153, 0.6523799255784724, -0.8866573722242265, 0.5322206786097446]",28.79135991182917,1.6866751306105943
"[0.30186096627541575, 0.6523798053227023, -0.8866578318085755, 0.5322205804322186]",28.791396570794912,1.686737963091991
"[0.3018543280497919, 0.6523796851473914, -0.8866582914702901, 0.5322204821312839]",28.791433232685257,1.6868007955733872
"[0.3018476900994407, 0.6523795650579993, -0.88665875118846, 0.532220383711416]",28.791469893201157,1.686863628054784
"[0.3018410521906989, 0.6523794450502922, -0.8866592109792625, 0.5322202851691573]",28.79150655832237,1.6869264605361807
"[0.3018344140659071, 0.6523793251196129, -0.8866596708605473, 0.5322201865006768]",28.791543223162396,1.6869892930175772
"[0.30182777553251294, 0.6523792052624929, -0.8866601308456644, 0.532220087703093]",28.79157988837767,1.6870521254989739
"[0.3018211381491974, 0.6523790855070662, -0.8866605908265989, 0.5322199887996129]",28.791616554327923,1.6871149579803706
"[0.3018145005718326, 0.6523789658290406, -0.8866610508964858, 0.5322198897702595]",28.791653221669453,1.6871777904617669
"[0.3018078621070281, 0.6523788462159549, -0.8866615111034024, 0.5322197906046284]",28.79168989424137,1.6872406229431636
"[0.30180122477207827, 0.6523787267041415, -0.8866619713074974, 0.5322196913328708]",28.791726562797116,1.6873034554245603
"[0.30179458773953666, 0.6523786072786769, -0.886662431566117, 0.5322195919426459]",28.7917632354718,1.687366287905957
"[0.3017879496351045, 0.6523784879148445, -0.8866628919745771, 0.5322194924133504]",28.791799908862117,1.6874291203873535
"[0.3017813125186182, 0.6523783686496818, -0.8866633523900131, 0.5322193927758669]",28.79183658296841,1.6874919528687502
"[0.3017746744575574, 0.6523782494484625, -0.886663812946481, 0.5322192930011819]",28.791873260673555,1.687554785350147
"[0.30176803686072196, 0.6523781303364904, -0.8866642735462449, 0.5322191931104567]",28.791909939716803,1.6876176178315432
"[0.3017613998485274, 0.6523780113159073, -0.8866647341809302, 0.5322190931055295]",28.791946619112835,1.6876804503129401
"[0.30175476274479174, 0.6523778923745759, -0.8866651948974579, 0.5322189929762254]",28.791983297565952,1.6877432827943368
"[0.3017481249955209, 0.6523777735025811, -0.8866656557342958, 0.5322188927141634]",28.792019978577223,1.687806115275733
"[0.301741487043314, 0.6523776547078618, -0.8866661166607303, 0.5322187923260052]",28.792056662355552,1.6878689477571298
"[0.3017348501932247, 0.6523775360137577, -0.8866665775861243, 0.5322186918315089]",28.79209334637842,1.6879317802385265
"[0.3017282136924089, 0.6523774174067771, -0.886667038562737, 0.5322185912193137]",28.792130034185842,1.687994612719923
"[0.3017215763838451, 0.6523772988662472, -0.8866674996709444, 0.5322184904718658]",28.79216672167449,1.6880574452013197
"[0.30171493916581416, 0.6523771804082242, -0.8866679608483522, 0.532218389602777]",28.792203411374555,1.6881202776827164
"[0.3017083021320512, 0.6523770620343737, -0.8866684220884421, 0.5322182886134795]",28.792240100797088,1.6881831101641127
"[0.3017016653230674, 0.6523769437454102, -0.8866688833883918, 0.5322181875045976]",28.79227678992279,1.6882459426455094
"[0.3016950282697379, 0.6523768255329703, -0.886669344780808, 0.5322180862689834]",28.79231348368334,1.6883087751269061
"[0.30168839171893114, 0.6523767074103525, -0.8866698062137649, 0.532217984918033]",28.792350180519428,1.6883716076083026
"[0.3016817543478497, 0.6523765893540138, -0.8866702677792414, 0.5322178834315376]",28.792386871953063,1.6884344400896993
"[0.3016751181842103, 0.6523764714000148, -0.8866707293362208, 0.5322177818405074]",28.79242356866055,1.688497272571096
"[0.301668481188207, 0.6523763535120898, -0.8866711910265692, 0.5322176801137254]",28.792460268521953,1.6885601050524928
"[0.3016618448263146, 0.6523762357163041, -0.8866716527482765, 0.5322175782736432]",28.79249696802827,1.688622937533889
"[0.3016552083445796, 0.6523761179992207, -0.8866721145537905, 0.5322174763087562]",28.792533666613316,1.6886857700152857
"[0.3016485722522907, 0.6523760003699082, -0.8866725764076655, 0.532217374226845]",28.79257036950882,1.6887486024966825
"[0.3016419349553432, 0.6523758828001122, -0.8866730384208609, 0.5322172720033775]",28.792607071007264,1.688811434978079
"[0.3016352985304992, 0.6523757653266227, -0.8866735004488211, 0.5322171696703291]",28.792643779312343,1.6888742674594757
"[0.3016286620806665, 0.652375647933543, -0.8866739625539867, 0.5322170672138892]",28.792680484001384,1.6889370999408724
"[0.3016220263631417, 0.6523755306342551, -0.886674424683614, 0.5322169646457665]",28.792717190580273,1.6889999324222686
"[0.30161538952709993, 0.652375413396054, -0.8866748869666057, 0.5322168619373329]",28.792753899272114,1.6890627649036654
"[0.3016087533271477, 0.6523752962499234, -0.8866753492807535, 0.5322167591157488]",28.792790611553794,1.689125597385062
"[0.3016021170604206, 0.6523751791834657, -0.8866758116750121, 0.532216656170113]",28.79282732208141,1.6891884298664586
"[0.30159548116694895, 0.6523750622044215, -0.8866762741187174, 0.532216553107275]",28.792864034517756,1.6892512623478553
"[0.30158884503863204, 0.6523749453020795, -0.8866767366542432, 0.5322164499177787]",28.792900747593546,1.689314094829252
"[0.3015822085122542, 0.652374828473558, -0.8866771992929756, 0.5322163465990863]",28.792937461912416,1.6893769273106483
"[0.3015755729637734, 0.6523747117430829, -0.8866776619389853, 0.5322162431726148]",28.79297417857995,1.689439759792045
"[0.3015689375918537, 0.6523745950965284, -0.8866781246481235, 0.5322161396259122]",28.79301089804142,1.6895025922734417
"[0.3015623013158482, 0.6523744785149416, -0.8866785874957577, 0.5322160359420538]",28.79304761738667,1.6895654247548384
"[0.3015556656147785, 0.652374362024215, -0.8866790503787424, 0.5322159321442506]",28.793084335218627,1.6896282572362349
"[0.3015490300227905, 0.6523742456162506, -0.886679513329558, 0.5322158282251196]",28.793121059810847,1.6896910897176316
"[0.30154239397715316, 0.6523741292811502, -0.8866799763874724, 0.5322157241758739]",28.79315778272041,1.6897539221990283
"[0.30153575861788356, 0.652374013038901, -0.886680439472931, 0.5322156200143853]",28.793194509572984,1.6898167546804246
"[0.30152912256445363, 0.6523738968653046, -0.8866809026822818, 0.5322155157189942]",28.793231233276032,1.6898795871618213
"[0.3015224873270635, 0.6523737807867901, -0.8866813659101072, 0.5322154113134442]",28.793267959878072,1.689942419643218
"[0.30151585184006, 0.6523736647847219, -0.8866818292307933, 0.5322153067809585]",28.793304690205712,1.6900052521246145
"[0.3015092160042823, 0.6523735488573686, -0.8866822926512744, 0.5322152021199658]",28.793341421756438,1.6900680846060112
"[0.30150258094156973, 0.6523734330243206, -0.8866827560931978, 0.5322150973481684]",28.793378150627998,1.690130917087408
"[0.30149594566243876, 0.6523733172682843, -0.8866832196256661, 0.5322149924499657]",28.793414884245752,1.6901937495688042
"[0.3014893104949988, 0.6523732015949957, -0.8866836832257597, 0.5322148874305257]",28.793451617366415,1.690256582050201
"[0.3014826747134535, 0.6523730859917984, -0.8866841469441983, 0.5322147822783585]",28.79348835412986,1.6903194145315976
"[0.30147603963228226, 0.6523729704816004, -0.8866846106891212, 0.532214677014282]",28.79352509180431,1.690382247012994
"[0.30146940458861204, 0.6523728550528382, -0.8866850745068465, 0.5322145716278082]",28.793561828564275,1.6904450794943908
"[0.3014627690332194, 0.6523727396959675, -0.8866855384357749, 0.5322144661101949]",28.793598567514533,1.6905079119757875
"[0.3014561338231417, 0.6523726244258921, -0.8866860024159878, 0.5322143604750618]",28.79363530739493,1.6905707444571838
"[0.30144949946098115, 0.6523725092513164, -0.8866864664123189, 0.5322142547304458]",28.79367204795123,1.6906335769385805
"[0.3014428648516857, 0.6523723941532171, -0.8866869305013445, 0.5322141488589088]",28.793708795179946,1.6906964094199772
"[0.30143622939844567, 0.6523722791212629, -0.8866873947248283, 0.5322140428508912]",28.793745537984766,1.690759241901374
"[0.3014295946777886, 0.6523721641827834, -0.8866878589724771, 0.5322139367315765]",28.793782284375997,1.6908220743827704
"[0.3014229596895385, 0.6523720493204409, -0.8866883233142667, 0.53221383048498]",28.793819032048223,1.6908849068641671
"[0.30141632470109103, 0.6523719345388694, -0.8866887877314882, 0.5322137241153724]",28.7938557829971,1.6909477393455639
"[0.30140968991402417, 0.6523718198415505, -0.8866892522100278, 0.5322136176259901]",28.793892532024778,1.6910105718269601
"[0.3014030557333718, 0.6523717052354702, -0.8866897167215166, 0.5322135110233549]",28.79392928216246,1.6910734043083568
"[0.3013964210484166, 0.652371590701457, -0.8866901813437214, 0.5322134042895961]",28.79396603672406,1.6911362367897536
"[0.30138978641413133, 0.6523714762490389, -0.8866906460377878, 0.5322132974336992]",28.794002788430873,1.69119906927115
"[0.30138315248088704, 0.6523713618894977, -0.886691110758147, 0.5322131904660644]",28.794039544601432,1.6912619017525468
"[0.30137651782437747, 0.652371247598207, -0.8866915756045769, 0.5322130833638119]",28.79407630075584,1.6913247342339435
"[0.3013698832672465, 0.6523711333894001, -0.8866920405194487, 0.5322129761401384]",28.794113059715563,1.6913875667153397
"[0.3013632492654331, 0.6523710192709027, -0.8866925054708015, 0.5322128688024413]",28.79414982113842,1.6914503991967365
"[0.301356614148692, 0.6523709052139691, -0.8866929705757062, 0.5322127613237062]",28.79418658143233,1.6915132316781332
"[0.3013499804407651, 0.6523707912620053, -0.8866934356572478, 0.5322126537447851]",28.79422334155108,1.6915760641595297
"[0.3013433458933231, 0.6523706773763498, -0.8866939008730454, 0.5322125460292643]",28.794260109318557,1.6916388966409264
"[0.30133671182822874, 0.6523705635797188, -0.8866943661304145, 0.5322124381985691]",28.79429687134344,1.691701729122323
"[0.301330078236916, 0.6523704498719405, -0.8866948314299395, 0.5322123302525923]",28.794333637573057,1.6917645616037198
"[0.30132344386950755, 0.6523703362315946, -0.8866952968592948, 0.5322122221709856]",28.794370403465255,1.691827394085116
"[0.3013168101647467, 0.6523702226833249, -0.8866957623175478, 0.5322121139771844]",28.794407172924092,1.691890226566513
"[0.30131017580333036, 0.6523701092045767, -0.8866962278972667, 0.5322120056496337]",28.79444394529986,1.6919530590479097
"[0.3013035420362506, 0.6523699958166638, -0.8866966935106644, 0.5322118972088589]",28.794480716405488,1.692015891529306
"[0.301296908015057, 0.6523698825051643, -0.8866971592172832, 0.5322117886408917]",28.7945174902596,1.6920787240107027
"[0.3012902743309496, 0.6523697692801327, -0.8866976249756199, 0.532211679955457]",28.794554262614746,1.6921415564920994
"[0.30128364052704426, 0.6523696561337866, -0.8866980908177481, 0.5322115711450478]",28.794591041268284,1.692204388973496
"[0.30127700694321097, 0.6523695430718889, -0.8866985567198004, 0.5322114622152776]",28.794627814833134,1.6922672214548926
"[0.3012703730626234, 0.6523694300856577, -0.8866990227180752, 0.5322113531576231]",28.794664593292847,1.6923300539362893
"[0.30126373980913745, 0.6523693171908154, -0.8866994887476704, 0.5322112439872856]",28.794701371259773,1.6923928864176856
"[0.3012571063069886, 0.6523692043724414, -0.8866999548701067, 0.5322111346898697]",28.794738155307893,1.6924557188990823
"[0.30125047225301016, 0.6523690916253939, -0.8867004211067013, 0.5322110252603546]",28.794774936626634,1.692518551380479
"[0.3012438394173536, 0.6523689789797525, -0.8867008873330368, 0.5322109157279453]",28.794811719026843,1.6925813838618755
"[0.30123720620724737, 0.6523688664084366, -0.8867013536610551, 0.5322108060663782]",28.79484850393457,1.6926442163432722
"[0.30123057287154026, 0.6523687539156889, -0.8867018200732697, 0.5322106962797366]",28.794885290825224,1.692707048824669
"[0.30122393952996784, 0.6523686415035369, -0.8867022865612636, 0.5322105863700025]",28.794922077405506,1.6927698813060652
"[0.30121730649962847, 0.6523685291773449, -0.8867027531027313, 0.5322104763424392]",28.79495886622832,1.692832713787462
"[0.3012106731159091, 0.652368416925861, -0.8867032197444188, 0.5322103661860161]",28.794995658659772,1.6928955462688586
"[0.3012040400563822, 0.6523683047605477, -0.8867036864386612, 0.5322102559119851]",28.795032449444626,1.6929583787502553
"[0.30119740711693693, 0.6523681926779479, -0.8867041531998113, 0.5322101455169597]",28.79506924264543,1.6930212112316518
"[0.30119077370286745, 0.6523680806680126, -0.8867046200697238, 0.5322100349910353]",28.795106037517936,1.6930840437130485
"[0.3011841406819004, 0.6523679687453989, -0.8867050869873285, 0.5322099243486608]",28.79514283077744,1.6931468761944453
"[0.30117750773486346, 0.6523678569047072, -0.8867055539750839, 0.5322098135845285]",28.795179629583505,1.6932097086758415
"[0.3011708748947239, 0.6523677451464909, -0.8867060210306654, 0.5322097026991894]",28.795216427653212,1.6932725411572382
"[0.30116424221228233, 0.6523676334716006, -0.886706488150491, 0.5322095916934977]",28.795253228941387,1.693335373638635
"[0.30115760921618745, 0.6523675218721002, -0.8867069553677587, 0.5322094805595605]",28.7952900271001,1.6933982061200314
"[0.301150976731336, 0.6523674103618626, -0.8867074226243602, 0.5322093693112037]",28.795326829351712,1.6934610386014282
"[0.30114434366167525, 0.6523672989224621, -0.8867078899975133, 0.5322092579300363]",28.795363632793123,1.6935238710828249
"[0.301137711197794, 0.6523671875738987, -0.8867083574033261, 0.5322091464360511]",28.795400440270463,1.6935867035642211
"[0.3011310787094721, 0.6523670763055814, -0.8867088248862024, 0.5322090348186661]",28.795437245911735,1.6936495360456179
"[0.3011244460915983, 0.6523669651157462, -0.8867092924535526, 0.5322089230761095]",28.795474053388567,1.6937123685270146
"[0.3011178136632697, 0.6523668540097401, -0.8867097600828797, 0.5322088112137564]",28.79551086320884,1.693775201008411
"[0.30111118201469267, 0.6523667429974344, -0.8867102277325544, 0.5322086992415836]",28.79554767306836,1.6938380334898078
"[0.3011045490427534, 0.6523666320436273, -0.8867106955508921, 0.532208587124069]",28.795584483819404,1.6939008659712045
"[0.3010979166403576, 0.6523665211799988, -0.8867111634043996, 0.5322084748931821]",28.795621295647553,1.6939636984526008
"[0.3010912838734359, 0.6523664103909282, -0.8867116313589636, 0.5322083625331228]",28.79565811138035,1.6940265309339975
"[0.3010846514900769, 0.6523662996889106, -0.8867120993618037, 0.5322082500565615]",28.795694925831274,1.6940893634153942
"[0.3010780198997703, 0.6523661890807577, -0.8867125673840044, 0.5322081374704741]",28.79573174494772,1.694152195896791
"[0.30107138753194773, 0.6523660785402725, -0.8867130355364072, 0.5322080247481957]",28.795768561722834,1.6942150283781874
"[0.30106475520770976, 0.6523659680811524, -0.8867135037610663, 0.5322079119036582]",28.795805384838886,1.694277860859584
"[0.3010581238568416, 0.6523658577188615, -0.8867139719923229, 0.5322077989527105]",28.79584220065537,1.6943406933409808
"[0.3010514914031786, 0.6523657474188497, -0.8867144403767748, 0.5322076858599818]",28.795879027178415,1.694403525822377
"[0.30104485953807403, 0.6523656372092519, -0.8867149087949859, 0.5322075726542972]",28.795915848092367,1.6944663583037738
"[0.30103822730770985, 0.6523655270742129, -0.8867153773143225, 0.5322074593193787]",28.795952673083534,1.6945291907851705
"[0.3010315954169589, 0.652365417025436, -0.8867158458849898, 0.53220734586727]",28.79598949984788,1.694592023266567
"[0.30102496443643767, 0.6523653070723751, -0.8867163144666494, 0.532207232307755]",28.796026329184738,1.6946548557479637
"[0.3010183322332013, 0.6523651971796411, -0.8867167832100323, 0.5322071186043255]",28.796063157461376,1.6947176882293604
"[0.3010117001419382, 0.6523650873694131, -0.8867172520208241, 0.5322070047797778]",28.796099988364684,1.6947805207107567
"[0.30100506940614297, 0.6523649776622071, -0.8867177208111003, 0.5322068908555455]",28.79613681939401,1.6948433531921534
"[0.30099843730346915, 0.6523648680129808, -0.88671818977333, 0.5322067767848535]",28.796173651255707,1.6949061856735501
"[0.30099180602937353, 0.6523647584580581, -0.8867186587522776, 0.532206662605425]",28.796210488282153,1.6949690181549466
"[0.3009851745948786, 0.6523646489810951, -0.8867191278178743, 0.5322065483002377]",28.796247323279715,1.6950318506363433
"[0.30097854333562607, 0.6523645395876218, -0.8867195969463778, 0.5322064338750876]",28.79628415843041,1.69509468311774
"[0.300971911193189, 0.6523644302601881, -0.8867200662126788, 0.5322063193116907]",28.79632099787018,1.6951575155991367
"[0.30096528020668417, 0.6523643210324019, -0.8867205354724921, 0.5322062046452761]",28.796357837383916,1.695220348080533
"[0.30095864859470084, 0.6523642118749089, -0.8867210048518733, 0.5322060898450514]",28.79639467978252,1.6952831805619297
"[0.3009520168693304, 0.6523641027961514, -0.8867214743145897, 0.5322059749198575]",28.796431521736046,1.6953460130433264
"[0.3009453865262893, 0.6523639938207051, -0.8867219437547373, 0.53220585989565]",28.796468366030144,1.695408845524723
"[0.3009387552829411, 0.6523638849110357, -0.8867224133339215, 0.5322057447328495]",28.79650520724915,1.6954716780061196
"[0.3009321238946082, 0.6523637760795765, -0.8867228829986736, 0.5322056294445299]",28.796542056596163,1.6955345104875164
"[0.30092549322219153, 0.6523636673404424, -0.8867233526880094, 0.5322055140456755]",28.796578905379434,1.6955973429689126
"[0.300918862525143, 0.6523635586814726, -0.886723822454375, 0.532205398523418]",28.79661575468311,1.6956601754503093
"[0.30091223112692816, 0.6523634500915935, -0.8867242923457123, 0.5322052828659474]",28.7966526028157,1.695723007931706
"[0.30090560049495535, 0.6523633415948309, -0.8867247622580415, 0.5322051670988575]",28.796689457697077,1.6957858404131025
"[0.30089896951513023, 0.6523632331729463, -0.8867252322703107, 0.5322050512027058]",28.796726308776655,1.6958486728944993
"[0.30089233894596457, 0.652363124838355, -0.8867257023287537, 0.5322049351907322]",28.796763161311404,1.695911505375896
"[0.30088570758214817, 0.6523630165713241, -0.8867261725188255, 0.5322048190418892]",28.796800020158507,1.6959743378572922
"[0.30087907698314426, 0.6523629083973609, -0.8867266427299525, 0.5322047027834315]",28.796836873900148,1.6960371703386892
"[0.3008724470229682, 0.6523628003143599, -0.8867271129710453, 0.5322045864132154]",28.796873733369093,1.6961000028200859
"[0.30086581576937693, 0.6523626922908399, -0.8867275833791615, 0.5322044698972966]",28.796910592725606,1.6961628353014822
"[0.3008591853343749, 0.6523625843612114, -0.8867280538044883, 0.532204353272771]",28.796947453770898,1.6962256677828789
"[0.30085255488258145, 0.6523624765118594, -0.88672852430628, 0.5322042365249665]",28.796984317361648,1.6962885002642756
"[0.30084592446526104, 0.6523623687436166, -0.8867289948808993, 0.5322041196547841]",28.797021181448837,1.6963513327456723
"[0.3008392941573633, 0.6523622610576989, -0.8867294655230229, 0.5322040026635454]",28.79705804679655,1.6964141652270688
"[0.3008326634250388, 0.6523621534454319, -0.8867299362705514, 0.5322038855418295]",28.79709491255738,1.6964769977084655
"[0.300826033536492, 0.6523620459273988, -0.8867304070334394, 0.5322037683120358]",28.797131779753453,1.6965398301898622
"[0.30081940298428567, 0.6523619384791587, -0.8867308779187221, 0.5322036509475006]",28.79716865027442,1.6966026626712585
"[0.30081277291859065, 0.652361831119309, -0.88673134884472, 0.5322035334686277]",28.797205522149284,1.6966654951526552
"[0.3008061426953944, 0.6523617238374579, -0.8867318198571694, 0.5322034158639607]",28.797242393388316,1.696728327634052
"[0.30079951242567143, 0.6523616166353884, -0.8867322909481904, 0.5322032981354783]",28.797279265180592,1.6967911601154484
"[0.3007928826733342, 0.6523615095222339, -0.8867327620777062, 0.5322031802931746]",28.79731614039515,1.696853992596845
"[0.30078625263852093, 0.6523614024849907, -0.8867332333025559, 0.5322030623229267]",28.797353014030435,1.6969168250782418
"[0.30077962249641493, 0.6523612955265655, -0.8867337046102922, 0.532202944227752]",28.797389893878844,1.696979657559638
"[0.3007729931386116, 0.6523611886613063, -0.8867341759375237, 0.532202826023575]",28.79742677282901,1.6970424900410348
"[0.3007663627613225, 0.6523610818601379, -0.8867346474124979, 0.5322027076782263]",28.797463652147357,1.6971053225224315
"[0.3007597331930082, 0.6523609751525238, -0.8867351189051992, 0.5322025892243243]",28.797500533249323,1.697168155003828
"[0.3007531032899352, 0.6523608685200293, -0.8867355904969616, 0.5322024706414632]",28.79753741536311,1.6972309874852247
"[0.30074647390172343, 0.6523607619763152, -0.8867360621273467, 0.5322023519448421]",28.797574297829662,1.6972938199666214
"[0.30073984408249954, 0.652360655506185, -0.8867365338636444, 0.5322022331175172]",28.79761118265031,1.6973566524480181
"[0.30073321464591163, 0.6523605491227032, -0.886737005647961, 0.5322021141740703]",28.79764806876799,1.6974194849294144
"[0.3007265846955946, 0.6523604428114895, -0.8867374775440875, 0.5322019950984104]",28.79768495678225,1.6974823174108111
"[0.3007199549972708, 0.6523603365848234, -0.8867379494975273, 0.5322018759042836]",28.797721849036947,1.6975451498922078
"[0.3007133255394485, 0.6523602304425141, -0.886738421509089, 0.5322017565914912]",28.79775873792998,1.6976079823736043
"[0.30070669638137915, 0.652360124385488, -0.886738893574545, 0.5322016371611262]",28.797795629623433,1.697670814855001
"[0.300700066664231, 0.6523600184000187, -0.8867393657550565, 0.5322015175976944]",28.79783252366557,1.6977336473363978
"[0.30069343745122906, 0.6523599125031009, -0.8867398379748987, 0.5322013979203706]",28.797869416560857,1.697796479817794
"[0.30068680790862523, 0.65235980668141, -0.8867403102934597, 0.5322012781141071]",28.79790631460262,1.6978593122991907
"[0.3006801788636423, 0.6523597009481469, -0.8867407826518, 0.5322011581938558]",28.79794320968234,1.6979221447805875
"[0.30067354946292696, 0.6523595952896964, -0.886741255110724, 0.5322010381441811]",28.797980109234683,1.697984977261984
"[0.30066692105467246, 0.6523594897275323, -0.886741727574138, 0.5322009179895146]",28.798017007773826,1.6980478097433807
"[0.3006602916659466, 0.6523593842302333, -0.886742200182669, 0.5322007976940898]",28.79805390925166,1.6981106422247774
"[0.30065366268986643, 0.6523592788199856, -0.8867426728370111, 0.5322006772831597]",28.79809081096719,1.6981734747061736
"[0.30064703338869114, 0.6523591734850379, -0.8867431455897644, 0.5322005567433445]",28.798127716009326,1.6982363071875703
"[0.3006404045842189, 0.6523590682384572, -0.8867436183823204, 0.5322004360895736]",28.798164617943176,1.698299139668967
"[0.30063377598943897, 0.6523589630756573, -0.8867440912351383, 0.5322003153166598]",28.798201527662712,1.6983619721503636
"[0.3006271471047599, 0.6523588579887324, -0.8867445641838562, 0.5322001944154716]",28.798238436923008,1.6984248046317603
"[0.30062051829629943, 0.6523587529834797, -0.8867450372023565, 0.5322000733926905]",28.798275346015025,1.698487637113157
"[0.3006138892352214, 0.6523586480546912, -0.8867455103141076, 0.5321999522423074]",28.79831225551118,1.6985504695945537
"[0.3006072611265689, 0.6523585432214304, -0.8867459834330926, 0.5321998309863587]",28.79834916442124,1.69861330207595
"[0.30060063209580123, 0.6523584384540417, -0.8867464566931172, 0.5321997095905566]",28.798386080809188,1.6986761345573467
"[0.3005940037897131, 0.6523583337785583, -0.8867469299766163, 0.5321995880850459]",28.798422993413578,1.6987389670387434
"[0.3005873752836812, 0.6523582291803635, -0.8867474033496016, 0.5321994664528946]",28.798459909520872,1.6988017995201399
"[0.30058074658247524, 0.6523581246595429, -0.8867478768117386, 0.5321993446941722]",28.798496827737697,1.6988646320015366
"[0.30057411799780026, 0.6523580202210109, -0.8867483503407648, 0.532199222814601]",28.798533745401457,1.6989274644829333
"[0.3005674895401661, 0.6523579158649265, -0.8867488239359236, 0.5321991008143808]",28.79857066358388,1.6989902969643296
"[0.30056086100237767, 0.6523578115880182, -0.8867492976120189, 0.5321989786897058]",28.79860758710151,1.6990531294457263
"[0.3005542328900027, 0.6523577073982424, -0.8867497713329155, 0.532198856449886]",28.798644508254238,1.699115961927123
"[0.3005476048299875, 0.6523576032897324, -0.8867502451252678, 0.5321987340880439]",28.79868143195452,1.6991787944085195
"[0.3005409765083025, 0.652357499257524, -0.8867507190115266, 0.5321986115984159]",28.79871835820103,1.6992416268899162
"[0.3005343486032452, 0.6523573953122923, -0.8867511929431947, 0.5321984889934983]",28.798755282895282,1.699304459371313
"[0.3005277203137053, 0.6523572914414626, -0.8867516669775543, 0.5321983662584834]",28.7987922138262,1.6993672918527092
"[0.30052109228344986, 0.6523571876551217, -0.886752141068567, 0.5321982434052885]",28.798829144115757,1.699430124334106
"[0.3005144640548225, 0.6523570839461026, -0.8867526152489669, 0.5321981204254295]",28.79886607114102,1.6994929568155026
"[0.30050783664721986, 0.65235698033034, -0.8867530894458157, 0.5321979973378382]",28.798903001855596,1.699555789296899
"[0.3005012081441451, 0.6523568767778785, -0.8867535637962438, 0.5321978741069067]",28.798939938710667,1.6996186217782958
"[0.3004945800636519, 0.6523567733124401, -0.8867540381916281, 0.5321977507608413]",28.798976870634412,1.6996814542596925
"[0.30048795277843615, 0.6523566699398424, -0.8867545126052708, 0.5321976273065828]",28.799013805566027,1.6997442867410892
"[0.300481325342858, 0.6523565666452612, -0.8867549871048563, 0.532197503726605]",28.799050744174924,1.6998071192224855
"[0.3004746973066832, 0.6523564634217504, -0.8867554617226298, 0.532197380012419]",28.799087683452257,1.6998699517038822
"[0.3004680697334777, 0.6523563602858674, -0.886755936382434, 0.5321972561838798]",28.799124624808012,1.6999327841852792
"[0.30046144180767415, 0.6523562572248848, -0.8867564111426774, 0.5321971322257906]",28.79916156413951,1.6999956166666754
"[0.30045481410723773, 0.6523561542478212, -0.8867568859619619, 0.5321970081489178]",28.799198507436348,1.7000584491480721
"[0.30044818653696476, 0.6523560513531822, -0.8867573608471008, 0.5321968839514971]",28.799235450359074,1.7001212816294689
"[0.3004415595212846, 0.6523559485475522, -0.8867578357676696, 0.5321967596414885]",28.799272396886966,1.7001841141108651
"[0.3004349318012442, 0.652355845811364, -0.8867583108138949, 0.5321966351953165]",28.799309342644854,1.700246946592262
"[0.3004283043461109, 0.6523557431596988, -0.8867587859163084, 0.5321965106311072]",28.799346292129233,1.7003097790736588
"[0.3004216768538996, 0.6523556405878363, -0.8867592610965553, 0.5321963859432334]",28.79938323968311,1.700372611555055
"[0.3004150497062764, 0.6523555381016989, -0.8867597363272652, 0.5321962611388564]",28.79942019239464,1.7004354440364517
"[0.30040842263447526, 0.6523554356971372, -0.8867602116277015, 0.5321961362129056]",28.79945714400426,1.7004982765178485
"[0.3004017954781606, 0.6523553333716012, -0.8867606870093668, 0.5321960111624419]",28.799494092214218,1.700561108999245
"[0.3003951684386121, 0.652355231128271, -0.8867611624578192, 0.5321958859911735]",28.79953105100931,1.7006239414806417
"[0.3003885416650731, 0.6523551289694176, -0.8867616379623449, 0.5321957607019561]",28.79956800553279,1.7006867739620384
"[0.30038191423740307, 0.6523550268808472, -0.8867621135889752, 0.5321956352773979]",28.799604963476067,1.700749606443435
"[0.3003752874884385, 0.6523549248831069, -0.8867625892420562, 0.5321955097427008]",28.79964192150246,1.7008124389248314
"[0.30036866031800014, 0.6523548229592514, -0.8867630650005512, 0.5321953840770355]",28.799678881053367,1.700875271406228
"[0.3003620334492608, 0.6523547211204026, -0.8867635408125458, 0.532195258294111]",28.799715841132752,1.7009381038876248
"[0.3003554063115107, 0.6523546193577896, -0.8867640167190167, 0.532195132383092]",28.79975280306959,1.7010009363690213
"[0.30034877989913383, 0.6523545176866676, -0.8867644926485457, 0.5321950063628882]",28.79978976918132,1.701063768850418
"[0.3003421528696186, 0.6523544160864398, -0.8867649686975558, 0.5321948802079619]",28.79982673448212,1.7011266013318147
"[0.30033552604698144, 0.6523543145697441, -0.8867654448068595, 0.5321947539339892]",28.799863701158518,1.701189433813211
"[0.3003288994436032, 0.6523542131367632, -0.8867659209755597, 0.5321946275412129]",28.799900668786226,1.7012522662946077
"[0.3003222727992117, 0.6523541117835007, -0.8867663972223558, 0.5321945010246815]",28.79993763811961,1.7013150987760044
"[0.30031564638598757, 0.6523540105141229, -0.8867668735276816, 0.5321943743895855]",28.799974609940396,1.7013779312574009
"[0.30030901976634644, 0.6523539093219384, -0.8867673499229912, 0.532194247627564]",28.8000115805631,1.7014407637387976
"[0.3003023930655425, 0.652353808208863, -0.8867678263992834, 0.5321941207410039]",28.80004855639716,1.7015035962201943
"[0.3002957667673941, 0.6523537071822867, -0.8867683029217643, 0.5321939937391587]",28.80008552906236,1.7015664287015906
"[0.3002891402302854, 0.6523536062323779, -0.8867687795365726, 0.5321938666097884]",28.80012250516641,1.7016292611829873
"[0.30028251457207733, 0.6523535053762041, -0.8867692561632942, 0.5321937393742936]",28.800159480741925,1.701692093664384
"[0.30027588763966406, 0.6523534045809674, -0.8867697329568219, 0.5321936119913501]",28.80019645855962,1.7017549261457805
"[0.30026926141941745, 0.6523533038769023, -0.8867702097742497, 0.5321934844991059]",28.800233440284064,1.7018177586271772
"[0.30026263567194805, 0.6523532032603441, -0.8867706866327835, 0.5321933568929915]",28.80027042118349,1.701880591108574
"[0.30025600941547725, 0.6523531027163854, -0.8867711636030817, 0.532193229154093]",28.80030740327297,1.7019434235899706
"[0.3002493831842638, 0.6523530022531299, -0.8867716406466964, 0.5321931012927072]",28.800344386709448,1.702006256071367
"[0.3002427568423978, 0.652352901868537, -0.8867721177734122, 0.5321929733061836]",28.8003813744217,1.7020690885527636
"[0.30023613160158985, 0.6523528015809161, -0.8867725948959635, 0.5321928452179853]",28.800418358682776,1.7021319210341603
"[0.30022950506748936, 0.6523527013540494, -0.8867730721867841, 0.5321927169817859]",28.800455345493877,1.7021947535155568
"[0.30022287946718446, 0.6523526012216186, -0.8867735494854686, 0.5321925886406824]",28.800492336266146,1.7022575859969535
"[0.3002162535399065, 0.6523525011645579, -0.8867740268828305, 0.5321924601702674]",28.80052932757474,1.7023204184783503
"[0.30020962755729996, 0.6523524011869737, -0.8867745043593035, 0.5321923315757975]",28.800566319529572,1.7023832509597465
"[0.3002030017173169, 0.6523523012918521, -0.8867749819006208, 0.5321922028611121]",28.80060331171594,1.7024460834411432
"[0.30019637613847655, 0.6523522014809708, -0.8867754594982337, 0.532192074028524]",28.800640309383326,1.70250891592254
"[0.30018975079255084, 0.6523521017538929, -0.8867759371541674, 0.5321919450774973]",28.800677304018958,1.7025717484039364
"[0.3001831249122311, 0.6523520020990747, -0.8867764149237458, 0.5321918159930866]",28.80071430099849,1.7026345808853331
"[0.3001764996250388, 0.6523519025334729, -0.8867768927256665, 0.5321916867972553]",28.80075129998274,1.7026974133667299
"[0.30016987360925135, 0.652351803037218, -0.8867773706552504, 0.5321915574642341]",28.80078829738643,1.7027602458481261
"[0.30016324834547403, 0.6523517036325568, -0.8867778486057021, 0.5321914280229029]",28.800825300891272,1.7028230783295228
"[0.3001566233173253, 0.6523516043116983, -0.8867783266142563, 0.5321912984632265]",28.80086229993647,1.7028859108109196
"[0.3001499977574447, 0.652351505063164, -0.8867788047362839, 0.5321911687701634]",28.800899309931822,1.702948743292316
"[0.30014337300519006, 0.6523514059070206, -0.8867792828751265, 0.5321910389699247]",28.80093631075476,1.7030115757737128
"[0.3001367467853347, 0.6523513068091704, -0.8867797611950102, 0.5321909090179765]",28.800973317043784,1.7030744082551095
"[0.3001301214158986, 0.6523512078043454, -0.8867802395286151, 0.5321907789596938]",28.801010327495863,1.7031372407365062
"[0.300123496387978, 0.6523511088849094, -0.8867807179126624, 0.5321906487851282]",28.801047336193918,1.7032000732179025
"[0.30011687170625034, 0.6523510100508864, -0.8867811963468026, 0.5321905184944278]",28.801084346546872,1.7032629056992992
"[0.3001102461853109, 0.6523509112846319, -0.8867816749166525, 0.5321903880642234]",28.801121357392507,1.7033257381806959
"[0.3001036214291825, 0.6523508126100461, -0.8867821535063525, 0.5321902575261014]",28.80115837071066,1.7033885706620924
"[0.30009699705265946, 0.6523507140213737, -0.8867826321437113, 0.532190126872496]",28.801195386808395,1.703451403143489
"[0.3000903714863391, 0.6523506154952603, -0.8867831109421375, 0.5321899960724427]",28.801232401767038,1.7035142356248858
"[0.3000837464146481, 0.6523505170567705, -0.8867835897799167, 0.5321898651591681]",28.801269418292716,1.703577068106282
"[0.30007712159249234, 0.6523504187022515, -0.8867840686747507, 0.5321897341278431]",28.80130643790223,1.7036399005876788
"[0.3000704969384062, 0.652350320430483, -0.8867845476325205, 0.5321896029768691]",28.801343459470136,1.7037027330690755
"[0.3000638720197435, 0.6523502222350535, -0.886785026684507, 0.5321894716976694]",28.80138047951299,1.703765565550472
"[0.3000572469982268, 0.6523501241183461, -0.8867855058190227, 0.5321893402934587]",28.801417501450054,1.7038283980318687
"[0.3000506223403643, 0.6523500260872855, -0.8867859850023229, 0.532189208773471]",28.80145452481816,1.7038912305132654
"[0.3000439979430533, 0.6523499281403198, -0.8867864642418546, 0.5321890771356903]",28.801491551617783,1.7039540629946617
"[0.30003737332333863, 0.6523498302703129, -0.8867869435725559, 0.532188945370511]",28.80152857848628,1.7040168954760584
"[0.30003074891549386, 0.6523497324836774, -0.8867874229630038, 0.5321888134865713]",28.801565604485265,1.704079727957455
"[0.3000241250233269, 0.6523496347848835, -0.8867879023912004, 0.5321886814899381]",28.801602634019048,1.704142560438852
"[0.30001750002913874, 0.652349537150104, -0.8867883819742408, 0.5321885493483285]",28.801639663090906,1.7042053929202483
"[0.30001087556525213, 0.6523494396033339, -0.8867888615939724, 0.5321884170943678]",28.801676696106078,1.704268225401645
"[0.3000042512048482, 0.6523493421383474, -0.8867893412812845, 0.5321882847194636]",28.801713732400202,1.7043310578830417
"[0.2999976272910714, 0.6523492447601511, -0.8867898210113195, 0.532188152230524]",28.801750764741136,1.7043938903644382
"[0.2999910030999133, 0.6523491474581046, -0.8867903008365098, 0.532188019613061]",28.801787802523165,1.704456722845835
"[0.2999843784976568, 0.6523490502302544, -0.8867907807665523, 0.5321878868643776]",28.801824837840442,1.7045195553272317
"[0.2999777544295872, 0.6523489530904661, -0.886791260732962, 0.5321877540034233]",28.801861878379338,1.704582387808628
"[0.29997113019856125, 0.6523488560285168, -0.8867917407862452, 0.5321876210162138]",28.80189891804171,1.7046452202900246
"[0.2999645058314369, 0.6523487590447912, -0.8867922209244606, 0.5321874879032935]",28.801935958528823,1.7047080527714213
"[0.2999578830751388, 0.6523486621648461, -0.8867927010209642, 0.5321873546997947]",28.80197299767438,1.7047708852528178
"[0.29995125910841386, 0.652348565347402, -0.886793181280267, 0.5321872213489831]",28.8020100421342,1.7048337177342145
"[0.2999446346372192, 0.6523484686028105, -0.8867936616512123, 0.5321870878650181]",28.802047090229333,1.7048965502156113
"[0.29993801061634795, 0.6523483719450032, -0.8867941420645661, 0.5321869542671497]",28.802084134004325,1.7049593826970075
"[0.29993138696609833, 0.6523482753728106, -0.8867946225260923, 0.5321868205537799]",28.802121183415924,1.7050222151784042
"[0.29992476314870903, 0.6523481788783877, -0.8867951030747967, 0.5321866867140557]",28.80215823482761,1.705085047659801
"[0.29991813908212017, 0.6523480824605673, -0.886795583716636, 0.5321865527462791]",28.802195284060918,1.7051478801411974
"[0.29991151578184244, 0.6523479861340462, -0.8867960643779206, 0.5321864186710908]",28.80223233446798,1.7052107126225942
"[0.2999048920193303, 0.6523478898810161, -0.8867965451477978, 0.5321862844635481]",28.80226938891533,1.7052735451039909
"[0.2998982682523368, 0.6523477937081276, -0.8867970259930505, 0.5321861501329215]",28.80230644441459,1.7053363775853876
"[0.2998916447397505, 0.6523476976191357, -0.8867975068948816, 0.532186015684464]",28.802343499899422,1.7053992100667839
"[0.2998850215157764, 0.6523476016144879, -0.8867979878507977, 0.5321858811189282]",28.802380556699568,1.7054620425481806
"[0.2998783981351736, 0.6523475056877683, -0.8867984688931271, 0.5321857464272206]",28.802417617955868,1.7055248750295773
"[0.2998717748744027, 0.6523474098429691, -0.8867989500017917, 0.5321856116149731]",28.80245467660597,1.7055877075109738
"[0.29986515119251617, 0.6523473140722579, -0.8867994312160897, 0.5321854766711758]",28.802491734731454,1.7056505399923705
"[0.29985852762665766, 0.6523472183834133, -0.8867999124970026, 0.5321853416067518]",28.802528800224174,1.7057133724737672
"[0.299851904700382, 0.6523471227839815, -0.8868003938064739, 0.5321852064323997]",28.802565862847455,1.7057762049551635
"[0.29984528164380736, 0.6523470272628418, -0.8868008752004446, 0.5321850711324152]",28.80260292793184,1.7058390374365602
"[0.29983865792535086, 0.6523469318123343, -0.8868013567175657, 0.5321849356959223]",28.802639993325343,1.705901869917957
"[0.2998320353541269, 0.652346836458523, -0.886801838226313, 0.5321848001599192]",28.80267706051586,1.7059647023993534
"[0.29982541214855835, 0.6523467411757425, -0.8868023198562108, 0.5321846644879612]",28.802714131214337,1.70602753488075
"[0.29981878919900556, 0.6523466459768115, -0.8868028015425192, 0.5321845286982692]",28.802751202754404,1.7060903673621468
"[0.2998121662809212, 0.6523465508584947, -0.8868032833015645, 0.5321843927862469]",28.80278827309589,1.706153199843543
"[0.29980554351765293, 0.6523464558225576, -0.8868037651243701, 0.5321842567544305]",28.802825348418377,1.7062160323249398
"[0.2997989203763423, 0.6523463608613581, -0.8868042470497065, 0.5321841205918655]",28.80286242123905,1.7062788648063365
"[0.29979229734123347, 0.6523462659818406, -0.8868047290423418, 0.5321839843085002]",28.802899499290973,1.7063416972877332
"[0.2997856747641027, 0.6523461711890348, -0.8868052110766659, 0.5321838479115856]",28.802936575997077,1.7064045297691297
"[0.29977905178614117, 0.6523460764706466, -0.8868056932151861, 0.5321837113834327]",28.802973653646326,1.7064673622505264
"[0.2997724294204595, 0.6523459818411576, -0.8868061753841475, 0.5321835747449322]",28.803010732948856,1.7065301947319231
"[0.299765806711422, 0.6523458872869046, -0.8868066576531229, 0.5321834379763744]",28.803047814067078,1.7065930272133194
"[0.2997591840809349, 0.6523457928139191, -0.8868071399913932, 0.5321833010864587]",28.803084895418674,1.7066558596947161
"[0.29975256173500525, 0.6523456984251302, -0.8868076223839476, 0.5321831640794531]",28.80312198112246,1.7067186921761128
"[0.29974593906444785, 0.6523456041118543, -0.8868081048751617, 0.5321830269427521]",28.803159066547952,1.7067815246575093
"[0.29973931609063886, 0.6523455098744062, -0.886808587463488, 0.5321828896767783]",28.803196154081135,1.706844357138906
"[0.2997326937906367, 0.6523454157266828, -0.8868090700777258, 0.5321827523017884]",28.80323324204127,1.7069071896203027
"[0.29972607152608405, 0.6523453216595861, -0.8868095527643839, 0.532182614804568]",28.803270330447116,1.706970022101699
"[0.29971944950103824, 0.6523452276760171, -0.8868100355085838, 0.5321824771893486]",28.80330742134211,1.7070328545830957
"[0.29971282784590175, 0.6523451337778107, -0.8868105183008079, 0.5321823394588608]",28.803344510814842,1.7070956870644924
"[0.2997062048471341, 0.6523450399406873, -0.886811001266009, 0.5321822015774302]",28.80338160388042,1.707158519545889
"[0.29969958316564066, 0.6523449462023411, -0.8868114842101473, 0.5321820636004568]",28.803418697401348,1.7072213520272856
"[0.29969296060846057, 0.6523448525317245, -0.8868119672931554, 0.5321819254822499]",28.80345579621833,1.7072841845086824
"[0.2996863387776485, 0.6523447589515007, -0.8868124503981732, 0.5321817872562126]",28.80349289164705,1.7073470169900786
"[0.2996797161985756, 0.6523446654408137, -0.8868129336327845, 0.5321816488915799]",28.80352999209285,1.7074098494714753
"[0.2996730948026014, 0.6523445720269406, -0.8868134168560544, 0.5321815104286948]",28.8035670911803,1.707472681952872
"[0.29966647253300954, 0.6523444786808552, -0.886813900218074, 0.5321813718245593]",28.803604189887277,1.7075355144342688
"[0.29965985116021465, 0.6523443854275106, -0.8868143835896193, 0.532181233116228]",28.803641292948907,1.7075983469156653
"[0.29965322830835883, 0.6523442922334554, -0.886814867144142, 0.5321810942539118]",28.803678400545547,1.707661179397062
"[0.29964660676867505, 0.6523441991379645, -0.8868153506778471, 0.532180955296133]",28.803715503401925,1.7077240118784587
"[0.29963998515252743, 0.652344106121496, -0.8868158342921177, 0.5321808162137769]",28.803752609646338,1.707786844359855
"[0.29963336337874974, 0.652344013182912, -0.8868163179928855, 0.5321806770051305]",28.803789718180052,1.7078496768412517
"[0.29962674185590077, 0.6523439203279391, -0.886816801750304, 0.5321805376787904]",28.803826827974923,1.7079125093226484
"[0.299620119968339, 0.6523438275479494, -0.8868172856093532, 0.5321803982217909]",28.803863937557697,1.7079753418040449
"[0.299613498259596, 0.6523437348505586, -0.8868177695303187, 0.5321802586455746]",28.803901049324715,1.7080381742854416
"[0.29960687682194087, 0.6523436422370501, -0.8868182535064503, 0.5321801189520964]",28.803938163017808,1.7081010067668383
"[0.29960025515756195, 0.652343549700458, -0.8868187375741327, 0.5321799791308535]",28.803975278073853,1.7081638392482346
"[0.2995936340784411, 0.6523434572521228, -0.886819221674, 0.5321798391989992]",28.80401239510495,1.7082266717296313
"[0.2995870128112645, 0.6523433648812383, -0.8868197058625861, 0.5321796991401997]",28.80404951083444,1.7082895042110282
"[0.2995803914551208, 0.6523432725891904, -0.8868201901326496, 0.5321795589565416]",28.804086628223597,1.7083523366924245
"[0.2995737695769413, 0.6523431803699467, -0.8868206745158735, 0.5321794186388439]",28.804123748781244,1.7084151691738212
"[0.2995671482766626, 0.6523430882388315, -0.8868211589317972, 0.5321792782104042]",28.804160869009927,1.708478001655218
"[0.29956052743850387, 0.6523429961942125, -0.8868216433888727, 0.5321791376687965]",28.804197993408984,1.7085408341366142
"[0.2995539063310224, 0.6523429042259142, -0.8868221279406178, 0.5321789969984995]",28.804235116448083,1.708603666618011
"[0.29954728508165823, 0.6523428123357102, -0.8868226125777118, 0.5321788562022106]",28.804272241784634,1.7086664990994078
"[0.2995406638151195, 0.6523427205253373, -0.8868230972910298, 0.5321787152825708]",28.804309368415783,1.7087293315808045
"[0.299534043202347, 0.6523426288040841, -0.8868235820314431, 0.5321785742538773]",28.804346496041944,1.7087921640622008
"[0.299527422208079, 0.6523425371576033, -0.8868240668747454, 0.5321784330940821]",28.804383624141508,1.7088549965435975
"[0.299520801297462, 0.6523424455923461, -0.8868245517868792, 0.5321782918130814]",28.80442075302607,1.7089178290249942
"[0.2995141803902597, 0.652342354107168, -0.88682503677372, 0.5321781504092026]",28.80445788688462,1.7089806615063907
"[0.29950755955944064, 0.6523422627031077, -0.8868255218299198, 0.5321780088839645]",28.804495018691934,1.7090434939877874
"[0.29950093874656647, 0.6523421713793446, -0.886826006959758, 0.5321778672361317]",28.80453215418756,1.7091063264691841
"[0.29949431733641724, 0.6523420801274021, -0.8868264922083234, 0.5321777254525241]",28.80456929051546,1.7091691589505804
"[0.2994876969598409, 0.652341988969747, -0.8868269774560916, 0.5321775835680723]",28.80460642677112,1.7092319914319771
"[0.2994810766355887, 0.6523418978928451, -0.8868274627749654, 0.5321774415617778]",28.80464356511072,1.7092948239133738
"[0.29947445601331724, 0.65234180689188, -0.8868279481906312, 0.5321772994261172]",28.80468070640557,1.7093576563947703
"[0.29946783521343207, 0.6523417159685162, -0.8868284336942687, 0.5321771571636574]",28.804717847692167,1.709420488876167
"[0.2994612149632244, 0.652341625132732, -0.8868289192325391, 0.5321770147900363]",28.804754989758504,1.7094833213575638
"[0.29945459419765774, 0.6523415343699125, -0.8868294048835518, 0.5321768722823488]",28.804792133933198,1.70954615383896
"[0.29944797391468414, 0.6523414436937379, -0.8868298905741046, 0.5321767296620721]",28.80482927910229,1.7096089863203567
"[0.2994413537226471, 0.6523413530988319, -0.8868303763329205, 0.5321765869207835]",28.804866426130012,1.7096718188017535
"[0.29943473304192525, 0.6523412625772682, -0.8868308622025365, 0.5321764440459725]",28.80490357271327,1.7097346512831502
"[0.299428112600679, 0.6523411721390067, -0.8868313481295184, 0.5321763010533431]",28.80494072177472,1.7097974837645467
"[0.29942149279140484, 0.652341081789391, -0.8868318340850422, 0.5321761579513973]",28.804977872063148,1.7098603162459434
"[0.2994148723097964, 0.6523409915106241, -0.8868323201648565, 0.5321760147119299]",28.80501502423791,1.70992314872734
"[0.2994082520006799, 0.6523409013142206, -0.8868328063069421, 0.5321758713532196]",28.805052177164942,1.7099859812087363
"[0.2994016319716425, 0.65234081120165, -0.8868332925033898, 0.532175727877592]",28.805089333816046,1.710048813690133
"[0.2993950120246531, 0.6523407211702046, -0.8868337787687371, 0.5321755842807679]",28.805126486811716,1.7101116461715298
"[0.2993883922363222, 0.6523406312209198, -0.8868342650973525, 0.5321754405644152]",28.805163644527497,1.7101744786529263
"[0.299381772467468, 0.6523405413519016, -0.886834751499457, 0.5321752967255134]",28.805200803621826,1.710237311134323
"[0.2993751517270979, 0.6523404515497137, -0.8868352380478817, 0.5321751527424997]",28.805237962968278,1.7103001436157197
"[0.29936853213053594, 0.6523403618430396, -0.8868357245871714, 0.5321750086613848]",28.805275122253473,1.710362976097116
"[0.29936191217719166, 0.6523402722115231, -0.8868362112276051, 0.5321748644495328]",28.805312285423998,1.7104258085785127
"[0.2993552924086489, 0.6523401826625104, -0.8868366979293726, 0.5321747201187215]",28.805349448852834,1.7104886410599094
"[0.2993486730553024, 0.6523400931991019, -0.8868371846755243, 0.5321745756739943]",28.8053866144759,1.7105514735413059
"[0.29934205302372313, 0.6523400038065201, -0.8868376715464681, 0.532174431091485]",28.80542378224353,1.7106143060227026
"[0.2993354326279344, 0.6523399144890345, -0.886838158519126, 0.5321742863780073]",28.805460949727006,1.7106771385040993
"[0.2993288140619323, 0.6523398252761927, -0.8868386454320907, 0.5321741415815876]",28.80549811618151,1.7107399709854956
"[0.2993221938702428, 0.652339736121432, -0.8868391325395688, 0.5321739966266102]",28.805535289069947,1.7108028034668923
"[0.29931557523318214, 0.6523396470675795, -0.8868396196075571, 0.5321738515827102]",28.805572459887316,1.710865635948289
"[0.29930895521282136, 0.6523395580750996, -0.8868401068522549, 0.5321737063855098]",28.805609632630514,1.7109284684296857
"[0.299302336006884, 0.6523394691735442, -0.8868405941119153, 0.5321735610831937]",28.805646809609055,1.7109913009110822
"[0.299295716882455, 0.6523393803530517, -0.886841081440475, 0.5321734156596982]",28.805683982669677,1.711054133392479
"[0.29928909692039585, 0.6523392916013027, -0.8868415689056167, 0.5321732700948046]",28.80572115876129,1.7111169658738756
"[0.2992824778883414, 0.6523392029419908, -0.8868420563771776, 0.5321731244273833]",28.805758338407404,1.711179798355272
"[0.2992758585449031, 0.652339114358477, -0.8868425439465714, 0.5321729786301285]",28.80579551911518,1.7112426308366686
"[0.2992692393651581, 0.6523390258571176, -0.8868430315788062, 0.5321728327135017]",28.805832701681467,1.7113054633180653
"[0.2992626203265004, 0.6523389374376093, -0.8868435192755421, 0.5321726866770047]",28.805869881786254,1.7113682957994618
"[0.29925600131474694, 0.6523388490984214, -0.8868440070451885, 0.5321725405181219]",28.805907067712198,1.7114311282808585
"[0.29924938228505743, 0.6523387608389466, -0.8868444948910494, 0.5321723942358713]",28.805944250897074,1.7114939607622552
"[0.2992427626433755, 0.6523386726512702, -0.8868449828569194, 0.5321722478171084]",28.805981435339323,1.7115567932436515
"[0.29923614410794225, 0.6523385845582897, -0.8868454708161287, 0.5321721012998306]",28.806018625589637,1.7116196257250482
"[0.29922952477345766, 0.6523384965346236, -0.8868459589091426, 0.5321719546418844]",28.806055813261466,1.711682458206445
"[0.299222905530074, 0.652338408592131, -0.8868464470703353, 0.5321718078629577]",28.806093002519958,1.7117452906878414
"[0.29921628737901274, 0.6523383207440869, -0.8868469352258468, 0.5321716609852889]",28.806130198863375,1.7118081231692381
"[0.2992096681992312, 0.6523382329623354, -0.8868474235321236, 0.5321715139618042]",28.80616738909514,1.7118709556506349
"[0.2992030501809507, 0.6523381452759173, -0.886847911827588, 0.5321713668411567]",28.806204583113416,1.7119337881320316
"[0.2991964305147724, 0.6523380576476182, -0.8868484003195319, 0.5321712195608747]",28.806241779915585,1.7119966206134278
"[0.2991898128197626, 0.6523379701253373, -0.8868488887408849, 0.5321710722014875]",28.80627897643809,1.7120594530948245
"[0.29918319419456496, 0.652337882670683, -0.8868493773057635, 0.5321709246984159]",28.806316174574533,1.7121222855762213
"[0.2991765750687131, 0.6523377952893562, -0.8868498659824849, 0.5321707770611902]",28.806353374637897,1.7121851180576177
"[0.2991699568819202, 0.6523377080003535, -0.88685035466475, 0.5321706293219333]",28.806390574162762,1.7122479505390145
"[0.29916333849925303, 0.6523376207886912, -0.8868508434363486, 0.5321704814553293]",28.80642777747553,1.7123107830204112
"[0.299156719850593, 0.6523375336534516, -0.8868513323024662, 0.5321703334597977]",28.80646498225109,1.7123736155018074
"[0.29915010145969456, 0.6523374466015375, -0.8868518212244163, 0.5321701853470374]",28.806502184161634,1.7124364479832042
"[0.2991434827811312, 0.6523373596257558, -0.8868523102424926, 0.5321700371048619]",28.80653939231607,1.712499280464601
"[0.29913686472079337, 0.6523372727380119, -0.8868527992897565, 0.5321698887535586]",28.806576601000913,1.7125621129459974
"[0.2991302462623181, 0.6523371859249634, -0.8868532884413092, 0.5321697402703403]",28.80661381030353,1.712624945427394
"[0.29912362822276817, 0.6523370991973233, -0.8868537776367629, 0.53216959167354]",28.806651018382944,1.7126877779087908
"[0.2991170099026509, 0.652337012545922, -0.8868542669278202, 0.5321694429474529]",28.806688230697677,1.7127506103901873
"[0.2991103920160317, 0.6523369259800991, -0.8868547562616867, 0.5321692941081346]",28.806725445338316,1.712813442871584
"[0.29910377402165084, 0.6523368394927599, -0.886855245678379, 0.5321691451434276]",28.806762657837655,1.7128762753529807
"[0.2990971557706339, 0.6523367530819825, -0.8868557351889117, 0.5321689960499474]",28.806799875218413,1.712939107834377
"[0.29909053734724994, 0.6523366667488657, -0.8868562247870584, 0.5321688468295883]",28.806837090813772,1.7130019403157737
"[0.2990839196926158, 0.652336580505672, -0.8868567144031896, 0.5321686975035851]",28.806874310108327,1.7130647727971704
"[0.2990773023429611, 0.6523364943463412, -0.8868572040715985, 0.532168548061497]",28.806911530337356,1.7131276052785671
"[0.29907068418172456, 0.6523364082563355, -0.8868576938749173, 0.5321683984781004]",28.80694874920801,1.7131904377599636
"[0.2990640657061422, 0.6523363222421495, -0.886858183776364, 0.5321682487645926]",28.80698597171682,1.7132532702413603
"[0.29905744874435514, 0.6523362363275235, -0.8868586736405979, 0.5321680989623533]",28.807023195198422,1.713316102722757
"[0.2990508309681146, 0.6523361504821904, -0.8868591636399711, 0.5321679490187181]",28.807060420087446,1.7133789352041533
"[0.2990442126645416, 0.6523360647099216, -0.8868596537532465, 0.5321677989401252]",28.807097647703085,1.71344176768555
"[0.29903759523485357, 0.6523359790288609, -0.8868601438766515, 0.5321676487583663]",28.80713487473373,1.7135046001669467
"[0.29903097759007563, 0.6523358934248964, -0.8868606340908298, 0.5321674984487428]",28.807172104920397,1.7135674326483432
"[0.29902436053356723, 0.6523358079084183, -0.8868611243362639, 0.5321673480295029]",28.80720933357,1.71363026512974
"[0.29901774246685037, 0.6523357224587514, -0.8868616147313898, 0.5321671974643245]",28.80724656694215,1.7136930976111366
"[0.29901112550253317, 0.6523356371031946, -0.8868621051196611, 0.5321670468012422]",28.807283800461832,1.713755930092533
"[0.2990045077310937, 0.6523355518171035, -0.8868625956425888, 0.5321668959967907]",28.807321032127565,1.7138187625739296
"[0.29899789034920465, 0.6523354666158983, -0.8868630862114799, 0.5321667450782361]",28.807358266722677,1.7138815950553263
"[0.29899127283988675, 0.6523353814929254, -0.8868635768646539, 0.5321665940337833]",28.807395504604006,1.7139444275367228
"[0.2989846563655108, 0.6523352964631153, -0.8868640675159131, 0.532166442889991]",28.80743274501474,1.7140072600181195
"[0.29897803849032817, 0.6523352114951756, -0.8868645583458862, 0.5321662915912009]",28.807469984201276,1.7140700924995163
"[0.29897142174074876, 0.6523351266215349, -0.8868650491672021, 0.5321661401951769]",28.80750722450453,1.7141329249809125
"[0.2989648046086197, 0.6523350418228473, -0.8868655400917199, 0.532165988667414]",28.807544465584144,1.7141957574623092
"[0.2989581871167205, 0.6523349570994073, -0.8868660311177611, 0.532165837008422]",28.80758170979403,1.714258589943706
"[0.29895157020778634, 0.6523348724632854, -0.8868665221753695, 0.5321656852398045]",28.80761895660087,1.7143214224251027
"[0.298944953028013, 0.6523347879035493, -0.8868670133279026, 0.5321655333419901]",28.807656203461395,1.7143842549064991
"[0.2989383362876201, 0.6523347034292741, -0.8868675045226415, 0.5321653813312809]",28.807693450041683,1.7144470873878959
"[0.2989317197794734, 0.6523346190377989, -0.8868679957749511, 0.532165229202938]",28.807730695897934,1.7145099198692926
"[0.2989251025547691, 0.6523345347170321, -0.8868684871552841, 0.532165076935129]",28.807767947379517,1.7145727523506888
"[0.29891848553718625, 0.6523344504787495, -0.8868689785950585, 0.5321649245490943]",28.807805198690758,1.7146355848320856
"[0.2989118688236862, 0.652334366324177, -0.8868694700870636, 0.5321647720470777]",28.80784245452902,1.7146984173134823
"[0.2989052519026453, 0.6523342822468061, -0.8868699616693011, 0.5321646194172855]",28.80787970801127,1.7147612497948788
"[0.2988986352350393, 0.6523341982524828, -0.886870453307523, 0.5321644666703623]",28.80791696334785,1.7148240822762755
"[0.2988920185210785, 0.6523341143374084, -0.8868709450240003, 0.5321643137993768]",28.80795421910324,1.7148869147576722
"[0.29888540253881357, 0.6523340305114276, -0.8868714367609005, 0.532164160822333]",28.807991475326286,1.7149497472390685
"[0.2988787855825524, 0.6523339467529372, -0.8868719286450042, 0.5321640076997762]",28.808028738372307,1.7150125797204652
"[0.298872169045429, 0.6523338630795799, -0.8868724205727587, 0.532163854463929]",28.808065998854143,1.7150754122018619
"[0.29886555212044363, 0.6523337794811466, -0.8868729126041621, 0.5321637010961027]",28.808103260380307,1.7151382446832584
"[0.2988589358891945, 0.6523336959712966, -0.8868734046587814, 0.5321635476213715]",28.80814052148317,1.715201077164655
"[0.298852319345117, 0.6523336125373173, -0.8868738968114682, 0.5321633940163963]",28.808177788662164,1.7152639096460518
"[0.29884570320161147, 0.6523335291882014, -0.8868743890091574, 0.5321632402977386]",28.808215052660195,1.7153267421274485
"[0.2988390870882449, 0.6523334459192714, -0.8868748812793977, 0.5321630864568047]",28.80825232151676,1.7153895746088448
"[0.2988324708469482, 0.6523333627285631, -0.8868753736339512, 0.5321629324898851]",28.808289592976923,1.7154524070902415
"[0.29882585439663617, 0.6523332796149951, -0.8868758660788594, 0.5321627783951616]",28.808326858136382,1.7155152395716382
"[0.29881923804472293, 0.6523331965824937, -0.8868763585912409, 0.5321626241797122]",28.808364132436996,1.7155780720530347
"[0.2988126225706392, 0.6523331136408125, -0.8868768511130596, 0.53216246986174]",28.80840140213599,1.7156409045344314
"[0.29880600598127305, 0.6523330307649343, -0.8868773437927072, 0.5321623153947822]",28.808438676020316,1.7157037370158281
"[0.29879939042295933, 0.6523329479817751, -0.8868778364703644, 0.5321621608289026]",28.80847595525013,1.7157665694972244
"[0.2987927741446578, 0.6523328652694063, -0.8868783292764303, 0.5321620061232099]",28.808513231277132,1.715829401978621
"[0.298786158024172, 0.6523327826387978, -0.8868788221455322, 0.532161851298227]",28.80855050991883,1.7158922344600178
"[0.29877954244561555, 0.6523327000947509, -0.8868793150490425, 0.5321616963629384]",28.808587789483454,1.7159550669414143
"[0.2987729265706315, 0.6523326176267932, -0.8868798080494199, 0.532161541297723]",28.808625068927473,1.716017899422811
"[0.29876631095217815, 0.6523325352418177, -0.8868803011054588, 0.5321613861155378]",28.80866235009666,1.7160807319042077
"[0.29875969476250797, 0.6523324529295171, -0.8868807942788556, 0.5321612307969595]",28.80869963522617,1.716143564385604
"[0.298753078777945, 0.6523323706995715, -0.886881287511748, 0.5321610753601814]",28.808736920999458,1.7162063968670007
"[0.2987464633713919, 0.6523322885565624, -0.8868817807763226, 0.5321609198140302]",28.80877420593723,1.7162692293483974
"[0.2987398477629154, 0.6523322064908302, -0.886882274130726, 0.5321607641401362]",28.808811491860297,1.716332061829794
"[0.29873323232692117, 0.6523321245070113, -0.8868827675470373, 0.532160608347317]",28.80884878168801,1.7163948943111906
"[0.2987266162705237, 0.6523320425952853, -0.886883261084401, 0.532160452416886]",28.808886072383824,1.7164577267925873
"[0.29872000074159183, 0.6523319607698626, -0.8868837546571913, 0.5321602963758951]",28.80892336541674,1.716520559273984
"[0.2987133853849015, 0.6523318790263413, -0.8868842482918976, 0.5321601402159766]",28.808960656751093,1.7165833917553803
"[0.2987067703896942, 0.652331797367036, -0.8868847419743906, 0.5321599839416256]",28.80899795018714,1.7166462242367773
"[0.29870015492139185, 0.6523317157816568, -0.8868852357669552, 0.5321598275331068]",28.809035246787463,1.716709056718174
"[0.29869353960941075, 0.6523316342779661, -0.8868857296226166, 0.5321596710052964]",28.809072545167826,1.7167718891995702
"[0.29868692380103007, 0.6523315528479331, -0.8868862235901068, 0.5321595143427311]",28.809109840763444,1.716834721680967
"[0.2986803090703217, 0.6523314715109059, -0.8868867175518886, 0.5321593575827176]",28.809147138513563,1.7168975541623637
"[0.29867369331976606, 0.6523313902411032, -0.8868872116645945, 0.5321592006755309]",28.809184438965552,1.7169603866437602
"[0.29866707864366565, 0.6523313090642455, -0.8868877057718049, 0.5321590436708477]",28.80922174286232,1.7170232191251569
"[0.2986604629723082, 0.6523312279549337, -0.8868882000281235, 0.532158886519537]",28.809259045851945,1.7170860516065536
"[0.29865384843711346, 0.6523311469392862, -0.8868886942743084, 0.5321587292722435]",28.809296350135398,1.7171488840879499
"[0.2986472330426613, 0.6523310659928664, -0.8868891886594545, 0.5321585718815244]",28.809333655955765,1.7172117165693466
"[0.29864061864072877, 0.6523309851383242, -0.8868896830451714, 0.5321584143914437]",28.809370965500584,1.7172745490507433
"[0.2986340037197579, 0.6523309043571742, -0.8868901775444303, 0.5321582567660205]",28.809408272984992,1.7173373815321398
"[0.2986273883024683, 0.6523308236497105, -0.886890672155549, 0.5321580990057667]",28.809445581269543,1.7174002140135365
"[0.2986207734343224, 0.6523307430286851, -0.8868911668003607, 0.5321579411356139]",28.809482893993863,1.7174630464949332
"[0.29861415904841965, 0.6523306624932635, -0.8868916614838501, 0.5321577831539916]",28.809520205900267,1.71752587897633
"[0.2986075445466103, 0.6523305820361536, -0.8868921562507457, 0.5321576250466231]",28.809557521899364,1.7175887114577262
"[0.2986009290923194, 0.6523305016471986, -0.8868926511636408, 0.5321574667934786]",28.80959483556829,1.717651543939123
"[0.2985943148695001, 0.6523304213529387, -0.8868931460591446, 0.5321573084467995]",28.809632153731556,1.7177143764205196
"[0.2985876994052832, 0.6523303411233291, -0.8868936411222855, 0.5321571499474104]",28.809669470779564,1.717777208901916
"[0.2985810856381024, 0.6523302609940198, -0.8868941361331585, 0.532156991365696]",28.80970679055105,1.7178400413833128
"[0.2985744700121534, 0.6523301809219244, -0.8868946313579026, 0.5321568326164003]",28.8097441101072,1.7179028738647095
"[0.29856785617866827, 0.6523301009512523, -0.8868951265231974, 0.5321566737871142]",28.80978143051553,1.7179657063461058
"[0.29856124148113744, 0.6523300210498134, -0.8868956218279167, 0.5321565148141288]",28.809818754628836,1.7180285388275025
"[0.2985546272829834, 0.6523299412341328, -0.8868961171699719, 0.5321563557301379]",28.8098560793625,1.7180913713088992
"[0.29854801297406763, 0.652329861496824, -0.8868966125950505, 0.5321561965204947]",28.809893405761194,1.7181542037902957
"[0.2985413987288401, 0.6523297818399892, -0.886897108090086, 0.5321560371893962]",28.809930734338487,1.7182170362716924
"[0.29853478500409014, 0.6523297022691225, -0.8868976036208479, 0.532155877747854]",28.809968062948002,1.7182798687530891
"[0.2985281703244331, 0.6523296227664647, -0.8868980992978862, 0.5321557181603052]",28.81000539202676,1.7183427012344854
"[0.2985215561283459, 0.6523295433493274, -0.8868985950134146, 0.532155558461421]",28.81004272373322,1.7184055337158821
"[0.29851494203531753, 0.6523294640131251, -0.8868990907959405, 0.5321553986420353]",28.81008005463018,1.7184683661972788
"[0.2985083270123495, 0.6523293847454805, -0.8868995867229098, 0.5321552386771617]",28.810117387653513,1.7185311986786753
"[0.29850171375110535, 0.6523293055786309, -0.8869000825925145, 0.5321550786319131]",28.81015472352968,1.718594031160072
"[0.29849509975765415, 0.6523292264827032, -0.8869005785917339, 0.5321549184459592]",28.810192063556375,1.7186568636414687
"[0.29848848548011153, 0.6523291474630746, -0.8869010746869793, 0.532154758130122]",28.810229399940543,1.7187196961228655
"[0.29848187168602486, 0.6523290685289024, -0.8869015708206784, 0.5321545977030181]",28.81026673829839,1.7187825286042617
"[0.29847525733150615, 0.6523289896677389, -0.8869020670711385, 0.53215443713931]",28.81030407764173,1.7188453610856584
"[0.2984686438723262, 0.6523289108969236, -0.886902563329133, 0.5321542764743553]",28.810341419789744,1.7189081935670552
"[0.29846202966664903, 0.6523288321969164, -0.8869030597178573, 0.5321541156682476]",28.810378764975162,1.7189710260484516
"[0.29845541629174754, 0.6523287535864427, -0.8869035561189387, 0.5321539547593814]",28.810416108779314,1.7190338585298484
"[0.29844880250909295, 0.6523286750508093, -0.886904052625332, 0.5321537937175878]",28.810453454236555,1.719096691011245
"[0.29844218881458806, 0.6523285965958961, -0.886904549199814, 0.5321536325549461]",28.810490801696844,1.7191595234926413
"[0.2984355758708377, 0.6523285182295474, -0.8869050457926206, 0.5321534712876239]",28.810528148748087,1.719222355974038
"[0.29842896116796863, 0.6523284399220373, -0.8869055425922437, 0.5321533098543841]",28.810565499831487,1.7192851884554348
"[0.29842234760012454, 0.6523283617076364, -0.8869060393813291, 0.5321531483258409]",28.810602851069774,1.7193480209368313
"[0.29841573450101744, 0.652328283578436, -0.8869065362098973, 0.5321529866857625]",28.810640203622942,1.719410853418228
"[0.29840912105884787, 0.6523282055248409, -0.8869070331389347, 0.5321528249143098]",28.810677556922418,1.7194736858996247
"[0.298402507255903, 0.6523281275466546, -0.8869075301697836, 0.5321526630110262]",28.810714912411555,1.719536518381021
"[0.2983958943760119, 0.6523280496590022, -0.8869080272059537, 0.5321525010073536]",28.81075226978469,1.7195993508624177
"[0.29838928093958106, 0.6523279718444501, -0.8869085243586472, 0.5321523388670518]",28.810789625929246,1.7196621833438144
"[0.29838266761841137, 0.6523278941109065, -0.8869090215773693, 0.5321521766065805]",28.810826986451282,1.7197250158252109
"[0.2983760540146298, 0.6523278164537084, -0.8869095188920357, 0.5321520142161573]",28.81086434652174,1.7197878483066076
"[0.298369440799111, 0.6523277388806934, -0.8869100162521992, 0.5321518517122996]",28.810901708742925,1.7198506807880043
"[0.2983628278973067, 0.6523276613910135, -0.8869105136634515, 0.5321516890931456]",28.810939072334886,1.719913513269401
"[0.2983562150065612, 0.6523275839811012, -0.8869110111485531, 0.5321515263512756]",28.81097643560846,1.7199763457507973
"[0.2983496019548551, 0.6523275066489443, -0.8869115087204462, 0.5321513634824517]",28.811013799566943,1.720039178232194
"[0.2983429884018488, 0.6523274293905861, -0.8869120064047493, 0.5321512004782555]",28.811051166795732,1.7201020107135907
"[0.2983363754532734, 0.6523273522189014, -0.8869125041182523, 0.5321510373659881]",28.81108853817378,1.7201648431949872
"[0.29832976268342976, 0.6523272751289498, -0.8869130018929796, 0.5321508741351179]",28.811125906701275,1.720227675676384
"[0.2983231499324628, 0.6523271981188378, -0.8869134997409611, 0.5321507107817337]",28.811163279217908,1.7202905081577806
"[0.29831653653737106, 0.6523271211808672, -0.886913997712121, 0.532150547289422]",28.811200648621277,1.7203533406391769
"[0.29830992357375485, 0.6523270443275502, -0.8869144957254732, 0.53215038368477]",28.811238026667716,1.7204161731205736
"[0.2983033105402889, 0.6523269675530509, -0.8869149938187645, 0.5321502199553861]",28.81127539928283,1.7204790056019703
"[0.29829669849006357, 0.6523268908695785, -0.886915491912661, 0.5321500561273645]",28.811312776944057,1.7205418380833668
"[0.298290086280483, 0.6523268142638662, -0.8869159900932201, 0.5321498921724169]",28.811350152664996,1.7206046705647635
"[0.29828347273643463, 0.652326737722325, -0.8869164884490036, 0.5321497280613612]",28.81138753491898,1.7206675030461602
"[0.2982768600434812, 0.6523266612702563, -0.8869169868153282, 0.5321495638484169]",28.81142491344229,1.7207303355275565
"[0.298270247599431, 0.6523265849006767, -0.8869174852375593, 0.532149399518659]",28.811462294999625,1.7207931680089532
"[0.298263635096166, 0.6523265086100243, -0.8869179837389173, 0.5321492350644319]",28.811499678295792,1.7208560004903501
"[0.2982570230447519, 0.6523264324041865, -0.8869184822808672, 0.5321490704984558]",28.811537062760358,1.7209188329717469
"[0.29825041090562865, 0.6523263562769354, -0.886918980904085, 0.5321489058073118]",28.811574447977954,1.7209816654531431
"[0.29824379776777893, 0.652326280217803, -0.8869194796772879, 0.5321487409682742]",28.811611835279685,1.7210444979345398
"[0.2982371860258275, 0.6523262042543211, -0.886919978419863, 0.5321485760410409]",28.811649222190418,1.7211073304159366
"[0.2982305734303621, 0.6523261283606379, -0.8869204773014794, 0.5321484109695123]",28.811686613263607,1.721170162897333
"[0.29822396077270763, 0.6523260525458386, -0.8869209762624518, 0.5321482457734281]",28.81172400339249,1.7212329953787298
"[0.2982173490164823, 0.6523259768209679, -0.8869214752300549, 0.5321480804768679]",28.811761397087437,1.7212958278601265
"[0.2982107364883444, 0.6523259011668531, -0.8869219743305677, 0.532147915038005]",28.81179878902758,1.7213586603415227
"[0.2982041240409225, 0.6523258255932607, -0.8869224734996466, 0.5321477494781486]",28.81183618467391,1.7214214928229195
"[0.2981975121683333, 0.6523257501058236, -0.8869229726999794, 0.532147583809689]",28.8118735817821,1.7214843253043162
"[0.2981909007328835, 0.6523256747029511, -0.8869234719419447, 0.5321474180292014]",28.811910979624976,1.7215471577857127
"[0.29818428844889155, 0.6523255993700096, -0.8869239713226309, 0.5321472521044064]",28.81194837817537,1.7216099902671094
"[0.2981776761526978, 0.6523255241164726, -0.8869244707788932, 0.5321470860563481]",28.811985777333796,1.721672822748506
"[0.29817106392110115, 0.6523254489432821, -0.886924970304926, 0.5321469198868697]",28.812023176838796,1.7217356552299024
"[0.29816445198936337, 0.6523253738530772, -0.8869254698829504, 0.5321467536019261]",28.812060582596132,1.721798487711299
"[0.29815784045396687, 0.6523252988469461, -0.8869259695056636, 0.5321465872039532]",28.81209798617459,1.7218613201926958
"[0.29815122871123056, 0.6523252239180306, -0.8869264692186817, 0.5321464206777673]",28.812135389706956,1.7219241526740923
"[0.2981446174545003, 0.6523251490741837, -0.8869269689695964, 0.532146254040835]",28.812172798877317,1.721986985155489
"[0.2981380054240361, 0.6523250743011488, -0.8869274688536369, 0.5321460872613943]",28.81221020706872,1.7220498176368857
"[0.29813139357106283, 0.6523249996097014, -0.8869279687988979, 0.5321459203634094]",28.81224761801064,1.7221126501182824
"[0.29812478180166807, 0.6523249249987485, -0.8869284688124758, 0.5321457533445464]",28.812285027462774,1.7221754825996787
"[0.2981181702750642, 0.6523248504701158, -0.8869289688823236, 0.532145586208791]",28.81232244155817,1.7222383150810754
"[0.2981115591288487, 0.652324776025297, -0.8869294689980235, 0.5321454189596911]",28.812359853626795,1.722301147562472
"[0.2981049472297764, 0.6523247016515815, -0.8869299692453075, 0.5321452515685126]",28.812397270773836,1.7223639800438686
"[0.29809833581790884, 0.6523246273628934, -0.8869304695303591, 0.5321450840666734]",28.812434685687972,1.7224268125252653
"[0.2980917242615434, 0.6523245531521359, -0.8869309699009721, 0.5321449164381665]",28.812472102337505,1.722489645006662
"[0.2980851130178673, 0.6523244790244443, -0.8869314703225424, 0.5321447486945772]",28.81250952145735,1.7225524774880583
"[0.29807850193114493, 0.6523244049780461, -0.8869319708068502, 0.5321445808319857]",28.812546940863932,1.722615309969455
"[0.2980718902679486, 0.6523243310047524, -0.8869324714094247, 0.532144412831732]",28.81258436161255,1.7226781424508517
"[0.29806527881149153, 0.6523242571133074, -0.8869329720709713, 0.5321442447137341]",28.812621785883852,1.7227409749322482
"[0.29805866778863815, 0.6523241833062544, -0.8869334727742981, 0.5321440764837526]",28.812659208488096,1.722803807413645
"[0.29805205653722244, 0.652324109576188, -0.8869339735695525, 0.5321439081249504]",28.812696634607047,1.7228666398950416
"[0.2980454451469197, 0.652324035924115, -0.8869344744499473, 0.5321437396395977]",28.812734060536343,1.722929472376438
"[0.298038834610544, 0.6523239623610803, -0.886934975340254, 0.5321435710530149]",28.812771489444565,1.7229923048578346
"[0.29803222327829726, 0.6523238888687231, -0.8869354763654785, 0.532143402323127]",28.812808917616433,1.7230551373392313
"[0.2980256122712801, 0.6523238154595128, -0.8869359774406684, 0.5321432334785304]",28.812846350121855,1.723117969820628
"[0.2980190016645531, 0.6523237421342726, -0.8869364785601214, 0.5321430645211565]",28.81288378234612,1.7231808023020245
"[0.2980123902436178, 0.6523236688795245, -0.8869369798159097, 0.5321428954199665]",28.812921215537468,1.7232436347834212
"[0.29800577961726926, 0.652323595713106, -0.8869374810860595, 0.5321427262160909]",28.812958650217535,1.723306467264818
"[0.29799916866143344, 0.6523235226225623, -0.8869379824557986, 0.532142556880774]",28.81299608554584,1.7233692997462142
"[0.29799255779963196, 0.6523234496125785, -0.8869384838930108, 0.5321423874248562]",28.81303352372814,1.723432132227611
"[0.29798594735570527, 0.6523233766867318, -0.886938985373123, 0.5321422178566376]",28.813070962692304,1.7234949647090076
"[0.2979793366173454, 0.6523233038371266, -0.8869394869501708, 0.5321420481578889]",28.813108402029343,1.7235577971904041
"[0.297972725779829, 0.652323231065955, -0.8869399886093428, 0.5321418783335686]",28.813145844272253,1.7236206296718009
"[0.29796611527624955, 0.652323158377968, -0.8869404903177699, 0.5321417083948207]",28.813183285991844,1.7236834621531976
"[0.2979595040956502, 0.6523230857620548, -0.8869409921521845, 0.5321415383156439]",28.813220729527917,1.7237462946345938
"[0.2979528941451078, 0.6523230132391473, -0.8869414939678163, 0.5321413681451176]",28.813258174778127,1.7238091271159905
"[0.2979462835979869, 0.6523229407891957, -0.8869419959033291, 0.5321411978362274]",28.8132956242588,1.7238719595973873
"[0.297939673443128, 0.6523228684230379, -0.8869424978836433, 0.5321410274144429]",28.813333070003807,1.7239347920787838
"[0.2979330633794821, 0.6523227961373693, -0.8869429999316125, 0.5321408568720133]",28.813370518910453,1.7239976245601805
"[0.2979264520297337, 0.6523227239171469, -0.8869435021518657, 0.5321406861733701]",28.813407970103423,1.7240604570415772
"[0.29791984200140703, 0.652322651790853, -0.8869440043463261, 0.532140515385835]",28.813445422776027,1.7241232895229734
"[0.29791323130843583, 0.652322579736804, -0.8869445066658722, 0.5321403444581092]",28.81348287614063,1.7241861220043702
"[0.2979066217528297, 0.6523225077746332, -0.886945008973568, 0.5321401734367943]",28.81352033209219,1.7242489544857669
"[0.2979000114317535, 0.6523224358836085, -0.8869455114140176, 0.5321400022726721]",28.813557786281986,1.7243117869671636
"[0.2978934012619196, 0.6523223640737184, -0.8869460139175519, 0.5321398309894502]",28.813595244581542,1.72437461944856
"[0.2978867907093452, 0.6523222923391556, -0.8869465165247684, 0.5321396595732938]",28.81363270196834,1.7244374519299568
"[0.2978801805609285, 0.6523222206884648, -0.8869470191758367, 0.5321394880445984]",28.81367016353045,1.7245002844113535
"[0.29787357029392747, 0.6523221491159706, -0.8869475219105023, 0.5321393163898088]",28.813707622621383,1.7245631168927498
"[0.2978669605698792, 0.6523220776288277, -0.8869480246784449, 0.5321391446261132]",28.813745085622678,1.7246259493741465
"[0.2978603500465172, 0.6523220062125383, -0.8869485275817676, 0.5321389727186013]",28.813782550617667,1.7246887818555434
"[0.29785374069804454, 0.6523219348883738, -0.8869490304702748, 0.5321388007186811]",28.81382001774461,1.7247516143369397
"[0.29784713098770027, 0.6523218636397906, -0.8869495334608788, 0.5321386285863128]",28.813857482646434,1.7248144468183364
"[0.29784052102289665, 0.652321792467914, -0.8869500365454166, 0.5321384563243265]",28.813894951048844,1.7248772792997331
"[0.29783391111284857, 0.6523217213761041, -0.8869505397003563, 0.5321382839407387]",28.81393241940299,1.7249401117811294
"[0.29782730165347704, 0.6523216503686069, -0.8869510428955498, 0.5321381114458895]",28.813969888691428,1.7250029442625263
"[0.2978206918520331, 0.6523215794368804, -0.886951546191351, 0.5321379388191174]",28.814007361111678,1.725065776743923
"[0.29781408192373215, 0.6523215085832611, -0.8869520495713779, 0.532137766066005]",28.814044833524118,1.7251286092253193
"[0.29780747220261655, 0.652321437811322, -0.8869525530101899, 0.5321375931952887]",28.81408231118276,1.725191441706716
"[0.2978008628907199, 0.652321367123213, -0.8869530564923885, 0.532137420212269]",28.814119786501898,1.7252542741881127
"[0.2977942536500652, 0.6523212965153102, -0.886953560043711, 0.5321372471081105]",28.81415726350976,1.7253171066695092
"[0.2977876433608378, 0.652321225975673, -0.8869540637494907, 0.5321370738534483]",28.81419474149791,1.725379939150906
"[0.2977810345814792, 0.6523211555315745, -0.8869545674147653, 0.5321369005153718]",28.814232220079152,1.7254427716323026
"[0.29777442512502433, 0.6523210851597125, -0.8869550712061923, 0.5321367270365117]",28.814269701388806,1.7255056041136994
"[0.29776781515510403, 0.6523210148618214, -0.8869555751113194, 0.5321365534211617]",28.814307184149254,1.7255684365950956
"[0.29776120583027815, 0.6523209446502414, -0.8869560790418209, 0.5321363796997268]",28.814344668387072,1.7256312690764923
"[0.29775459732528053, 0.6523208745267972, -0.8869565829843493, 0.5321362058768436]",28.81438215317786,1.725694101557889
"[0.29774798786382134, 0.6523208044726322, -0.8869570870743606, 0.5321360319057965]",28.81441964018947,1.7257569340392855
"[0.29774137810088824, 0.6523207344947273, -0.8869575912619205, 0.5321358578037678]",28.81445712737471,1.7258197665206823
"[0.29773476963706996, 0.6523206646099812, -0.8869580954249205, 0.5321356836129768]",28.81449461470442,1.725882599002079
"[0.29772815980332656, 0.652320594790194, -0.8869585997669829, 0.5321355092630367]",28.81453210845415,1.7259454314834752
"[0.2977215507783463, 0.6523205250583776, -0.8869591041218791, 0.5321353348114106]",28.814569600351394,1.726008263964872
"[0.29771494197439374, 0.6523204554083147, -0.8869596085344427, 0.5321351602426073]",28.814607090514485,1.7260710964462687
"[0.2977083324413835, 0.6523203858300042, -0.8869601130771969, 0.5321349855315095]",28.81464458825907,1.7261339289276652
"[0.29770172377066334, 0.6523203163401727, -0.8869606176286622, 0.5321348107202112]",28.814682082219832,1.7261967614090619
"[0.297695115281102, 0.6523202469316622, -0.8869611222408228, 0.5321346357906921]",28.81471958021348,1.7262595938904586
"[0.2976885059627579, 0.6523201775938678, -0.8869616269908059, 0.5321344607162092]",28.814757078598298,1.7263224263718548
"[0.29768189701829906, 0.6523201083394128, -0.886962131786772, 0.5321342855286062]",28.81479457742926,1.7263852588532516
"[0.29767528837063434, 0.6523200391674777, -0.8869626366345968, 0.5321341102258543]",28.814832078501617,1.7264480913346483
"[0.2976686795235662, 0.6523199700728626, -0.8869631415721841, 0.5321339347947963]",28.814869580743835,1.726510923816045
"[0.2976620708229629, 0.6523199010591862, -0.8869636465731086, 0.5321337592446063]",28.814907085677834,1.7265737562974415
"[0.2976554623579912, 0.6523198321273713, -0.8869641516305501, 0.5321335835776626]",28.814944590616953,1.7266365887788382
"[0.2976488531143807, 0.652319763266848, -0.8869646568220328, 0.5321334077669845]",28.81498209788133,1.726699421260235
"[0.2976422450173972, 0.6523196944976626, -0.8869651620003887, 0.5321332318638003]",28.81501960548655,1.7267622537416312
"[0.297635636079869, 0.652319625799129, -0.8869656673175285, 0.5321330558152181]",28.815057114871323,1.7268250862230279
"[0.2976290279851962, 0.6523195571887495, -0.8869661726447386, 0.5321328796660733]",28.815094622284377,1.7268879187044246
"[0.29762241940437667, 0.6523194886527262, -0.886966678083642, 0.5321327033809367]",28.815132135283818,1.726950751185821
"[0.2976158106529368, 0.6523194201943124, -0.886967183610119, 0.5321325269682403]",28.8151696488776,1.7270135836672178
"[0.29760920237141925, 0.6523193518201553, -0.886967689175165, 0.5321323504450675]",28.815207163514785,1.7270764161486145
"[0.297602594256957, 0.6523192835271142, -0.8869681948019399, 0.5321321738033361]",28.815244677055826,1.7271392486300108
"[0.2975959856578669, 0.6523192153084523, -0.8869687005403127, 0.532131997025624]",28.815282193285924,1.7272020811114075
"[0.29758937743674696, 0.6523191471730807, -0.8869692063242716, 0.5321318201349923]",28.81531971285987,1.7272649135928042
"[0.29758276932940353, 0.6523190791182476, -0.8869697121740302, 0.5321316431244031]",28.815357233686473,1.7273277460742007
"[0.2975761608993467, 0.6523190111394817, -0.8869702181230035, 0.5321314659821303]",28.815394752485712,1.7273905785555974
"[0.29756955353106546, 0.6523189432509934, -0.886970724065181, 0.5321312887453249]",28.815432274912002,1.7274534110369941
"[0.2975629447600228, 0.6523188754274777, -0.886971230189283, 0.5321311113478517]",28.81546980058842,1.7275162435183904
"[0.2975563368902193, 0.6523188076925922, -0.8869717363188684, 0.5321309338515349]",28.815507323483192,1.727579075999787
"[0.29754972886414954, 0.6523187400354473, -0.8869722425349246, 0.5321307562280301]",28.815544848898224,1.7276419084811838
"[0.2975431204438309, 0.6523186724536536, -0.8869727488556908, 0.5321305784708756]",28.815582376766216,1.7277047409625805
"[0.297536512599156, 0.6523186049571122, -0.8869732552068518, 0.5321304006061807]",28.815619905346807,1.727767573443977
"[0.2975299050132184, 0.652318537542591, -0.8869737616126772, 0.53213022262541]",28.815657435090106,1.7278304059253737
"[0.2975232972077824, 0.652318470205143, -0.8869742681098198, 0.5321300445157603]",28.81569496820584,1.7278932384067704
"[0.29751668920941665, 0.6523184029451119, -0.8869747746962471, 0.5321298662778547]",28.815732499294768,1.7279560708881667
"[0.29751008177804666, 0.6523183357702008, -0.8869752813136952, 0.5321296879322277]",28.815770034224403,1.7280189033695634
"[0.29750347350731604, 0.652318268666116, -0.886975788069999, 0.53212950944091]",28.815807570431577,1.7280817358509601
"[0.2974968657218041, 0.6523182016463157, -0.8869762948635881, 0.5321293308396632]",28.815845107712235,1.7281445683323566
"[0.29749025791990147, 0.6523181347057003, -0.8869768017329258, 0.5321291521149443]",28.815882645323363,1.7282074008137533
"[0.297483650744368, 0.652318067850771, -0.8869773086286964, 0.5321289732841513]",28.815920182784357,1.72827023329515
"[0.2974770432541167, 0.6523180010719951, -0.8869778156230939, 0.5321287943218228]",28.815957725759635,1.7283330657765463
"[0.2974704356517394, 0.6523179343714297, -0.8869783227005791, 0.5321286152334294]",28.81599526616216,1.728395898257943
"[0.2974638283395033, 0.6523178677531304, -0.8869788298302784, 0.5321284360298772]",28.816032810196663,1.7284587307393398
"[0.2974572205374251, 0.6523178012092357, -0.8869793370720602, 0.5321282566900045]",28.81607035407429,1.7285215632207362
"[0.2974506131309609, 0.6523177347486645, -0.8869798443579546, 0.532128077237836]",28.816107902656924,1.728584395702133
"[0.2974440052980549, 0.6523176683631399, -0.8869803517510749, 0.5321278976510524]",28.81614544756448,1.7286472281835297
"[0.29743739861546703, 0.6523176020684948, -0.8869808591303346, 0.5321277179725175]",28.816182999564788,1.728710060664926
"[0.2974307908537339, 0.6523175358423556, -0.8869813666669497, 0.532127538141597]",28.816220546902365,1.7287728931463227
"[0.297424183738104, 0.6523174697020225, -0.8869818742284118, 0.5321273582052275]",28.816258099019088,1.7288357256277194
"[0.2974175766706762, 0.652317403641487, -0.88698238186064, 0.5321271781471547]",28.816295651717056,1.7288985581091163
"[0.29741096899827557, 0.6523173376542348, -0.8869828896138277, 0.5321269979495514]",28.8163332067606,1.7289613905905126
"[0.2974043622117214, 0.6523172717551465, -0.8869833973734103, 0.5321268176530812]",28.8163707617375,1.7290242230719093
"[0.29739775537321456, 0.6523172059348793, -0.8869839052114458, 0.5321266372321409]",28.816408318269183,1.729087055553306
"[0.2973911480179521, 0.6523171401887276, -0.8869844131636742, 0.5321264566741202]",28.816445876652573,1.7291498880347023
"[0.29738454072340537, 0.6523170745225281, -0.886984921185705, 0.5321262759946846]",28.81648343437619,1.7292127205160992
"[0.29737793410903074, 0.6523170089423944, -0.8869854292298975, 0.5321260952108265]",28.816520998275784,1.729275552997496
"[0.297371326705561, 0.6523169434337434, -0.8869859374092386, 0.5321259142823352]",28.816558558345886,1.7293383854788922
"[0.2973647206478403, 0.6523168780177299, -0.8869864455595261, 0.5321257332676813]",28.816596119499437,1.729401217960289
"[0.2973581130249016, 0.6523168126655303, -0.8869869539046801, 0.5321255520870941]",28.81663368572005,1.7294640504416856
"[0.29735150650711173, 0.6523167474035676, -0.8869874622392679, 0.5321253708137739]",28.816671251026026,1.729526882923082
"[0.29734489974520645, 0.6523166822184816, -0.8869879706670935, 0.5321251894107388]",28.816708819408024,1.7295897154044788
"[0.29733829270696116, 0.6523166171099785, -0.8869884791906439, 0.5321250078770688]",28.816746386984615,1.7296525478858755
"[0.2973316862185107, 0.6523165520861866, -0.8869889877463296, 0.5321248262354766]",28.81678395743751,1.7297153803672718
"[0.29732508018369197, 0.6523164871461405, -0.8869894963415355, 0.5321246444833435]",28.816821529196705,1.7297782128486685
"[0.2973184727824175, 0.652316422271964, -0.8869900051164034, 0.5321244625705654]",28.816859104411346,1.7298410453300652
"[0.2973118666556305, 0.6523163574895875, -0.8869905138675801, 0.5321242805698473]",28.816896676959292,1.729903877811462
"[0.2973052598852418, 0.6523162927801878, -0.8869910227427704, 0.5321240984283625]",28.816934251190325,1.7299667102928584
"[0.2972986532901956, 0.6523162281517989, -0.8869915316789033, 0.5321239161686669]",28.816971827244505,1.7300295427742551
"[0.29729204670540793, 0.6523161636027857, -0.8869920406886932, 0.5321237337862276]",28.817009404749946,1.7300923752556518
"[0.29728544062258055, 0.6523160991379569, -0.8869925497342466, 0.5321235512946136]",28.81704698529233,1.7301552077370481
"[0.2972788344463803, 0.6523160347514902, -0.8869930588614308, 0.5321233686773931]",28.817084563723274,1.7302180402184448
"[0.2972722275929865, 0.6523159704377077, -0.8869935681152522, 0.5321231859184055]",28.81712214491674,1.7302808726998415
"[0.297265621084556, 0.6523159062065644, -0.8869940774169285, 0.5321230030459138]",28.81715972878596,1.730343705181238
"[0.29725901563941426, 0.6523158420650214, -0.8869945867110587, 0.5321228200798349]",28.817197315414575,1.7304065376626347
"[0.29725240892703303, 0.6523157779904386, -0.886995096177335, 0.5321226369556217]",28.817234901407478,1.7304693701440315
"[0.29724580257443234, 0.6523157139986295, -0.8869956056903062, 0.5321224537183218]",28.817272485555375,1.7305322026254277
"[0.29723919650237823, 0.6523156500887896, -0.8869961152560729, 0.5321222703657835]",28.817310075613637,1.7305950351068244
"[0.29723259060622204, 0.6523155862599465, -0.886996624882697, 0.5321220868950527]",28.81734766705158,1.7306578675882212
"[0.29722598503683517, 0.6523155225134539, -0.8869971345585339, 0.5321219033104457]",28.817385258019794,1.7307207000696176
"[0.29721937846451707, 0.6523154588365764, -0.8869976443861886, 0.5321217195748824]",28.817422850227448,1.7307835325510144
"[0.2972127728494964, 0.6523153952481818, -0.8869981542143918, 0.5321215357429068]",28.81746044079154,1.730846365032411
"[0.2972061663991056, 0.6523153317310033, -0.8869986641815012, 0.532121351764638]",28.817498037605187,1.7309091975138073
"[0.2971995612480193, 0.6523152683055918, -0.8869991741227262, 0.5321211676994902]",28.81753563384373,1.730972029995204
"[0.2971929542746514, 0.6523152049418849, -0.8869996842790769, 0.5321209834605741]",28.81757323251211,1.7310348624766008
"[0.2971863492974857, 0.6523151416766014, -0.8870001943557023, 0.5321207991542495]",28.817610831268553,1.7310976949579975
"[0.29717974327964886, 0.6523150784805787, -0.8870007045871127, 0.5321206146958667]",28.81764843001897,1.731160527439394
"[0.29717313748722723, 0.6523150153659667, -0.8870012148755319, 0.5321204301207244]",28.81768603422684,1.7312233599207907
"[0.29716653170208523, 0.6523149523306672, -0.8870017252378064, 0.5321202454227433]",28.817723636177696,1.7312861924021874
"[0.29715992622156145, 0.652314889377511, -0.8870022356509579, 0.5321200606102423]",28.81776124093373,1.7313490248835837
"[0.29715332052406457, 0.652314826501524, -0.8870027461552881, 0.5321198756686305]",28.817798844856373,1.7314118573649804
"[0.29714671465747994, 0.6523147637031684, -0.8870032567471021, 0.5321196905992343]",28.81783645488884,1.731474689846377
"[0.29714010972538246, 0.6523147009929198, -0.8870037673410878, 0.5321195054329914]",28.81787406235303,1.7315375223277736
"[0.2971335044614946, 0.6523146383587425, -0.8870042780351235, 0.5321193201344188]",28.81791167277604,1.7316003548091703
"[0.29712689814738574, 0.6523145757938588, -0.8870047888847777, 0.5321191346833083]",28.8179492813603,1.731663187290567
"[0.297120293160516, 0.6523145133207517, -0.887005299706203, 0.5321189491464375]",28.817986893722228,1.7317260197719633
"[0.2971136874369587, 0.65231445091991, -0.8870058106590099, 0.5321187634658179]",28.818024507537725,1.73178885225336
"[0.2971070821345176, 0.6523143886022742, -0.8870063216536472, 0.5321185776739845]",28.818062122635737,1.7318516847347567
"[0.29710047672783146, 0.6523143263628697, -0.8870068327307519, 0.5321183917561806]",28.81809974082401,1.7319145172161532
"[0.29709387151294553, 0.6523142642044983, -0.8870073438674149, 0.5321182057207214]",28.818137356783183,1.73197734969755
"[0.29708726611345104, 0.6523142021235949, -0.8870078550927649, 0.5321180195570299]",28.81817497455305,1.7320401821789466
"[0.2970806613820367, 0.6523141401281856, -0.8870083663407982, 0.5321178332891234]",28.8182125971871,1.7321030146603433
"[0.29707405620388977, 0.652314078207788, -0.8870088776978046, 0.5321176468855809]",28.818250217880816,1.7321658471417396
"[0.29706745114367417, 0.6523140163677059, -0.8870093891200741, 0.5321174603623204]",28.818287838532964,1.7322286796231363
"[0.29706084635964725, 0.6523139546094106, -0.8870099005953453, 0.5321172737238228]",28.818325464175413,1.732291512104533
"[0.2970542413524073, 0.6523138929282302, -0.8870104121622913, 0.5321170869559753]",28.818363090211246,1.7323543445859295
"[0.2970476358681291, 0.652313831321806, -0.8870109238405816, 0.5321169000515791]",28.818400715952198,1.7324171770673262
"[0.2970410308593776, 0.6523137697990216, -0.8870114355564276, 0.5321167130375851]",28.818438343950575,1.732480009548723
"[0.29703442529361873, 0.6523137083502584, -0.8870119473898251, 0.5321165258847549]",28.818475973630274,1.7325428420301192
"[0.2970278211353414, 0.6523136469937757, -0.8870124591885398, 0.5321163386487688]",28.81851360364623,1.732605674511516
"[0.2970212166394745, 0.65231358571334, -0.88701297108779, 0.5321161512801802]",28.818551236151325,1.7326685069929126
"[0.2970146114922708, 0.6523135245060563, -0.8870134831119095, 0.532115963770059]",28.818588869577518,1.7327313394743091
"[0.29700800647085623, 0.6523134633791542, -0.8870139952006643, 0.5321157761404263]",28.8186265063127,1.7327941719557058
"[0.29700140224641103, 0.6523134023387688, -0.8870145073020029, 0.5321155884104433]",28.818664141030347,1.7328570044371026
"[0.2969947973960857, 0.6523133413718032, -0.8870150195262503, 0.5321154005395964]",28.818701776809778,1.7329198369184988
"[0.29698819311633773, 0.6523132804892866, -0.8870155317806183, 0.5321152125619326]",28.81873941779362,1.7329826693998955
"[0.2969815883301911, 0.6523132196812732, -0.8870160441486405, 0.5321150244468168]",28.818777057084763,1.7330455018812925
"[0.2969749828590349, 0.6523131589461566, -0.887016556644192, 0.5321148361891045]",28.818814698192043,1.7331083343626887
"[0.29696837927615743, 0.6523130983075625, -0.887017069067599, 0.5321146478621819]",28.818852341417276,1.7331711668440855
"[0.29696177467454216, 0.652313037738791, -0.8870175816444246, 0.5321144593831532]",28.818889985098348,1.7332339993254822
"[0.2969551704106919, 0.6523129772522797, -0.8870180942694026, 0.5321142707907246]",28.81892762706844,1.7332968318068789
"[0.2969485657181341, 0.6523129168410192, -0.8870186070020278, 0.5321140820629926]",28.818965278338954,1.7333596642882754
"[0.29694196155356134, 0.6523128565137528, -0.8870191197680288, 0.5321138932273]",28.819002923080955,1.733422496769672
"[0.29693535675133775, 0.652312796259835, -0.8870196326579098, 0.5321137042503117]",28.81904057350653,1.7334853292510688
"[0.2969287523304555, 0.6523127360885719, -0.8870201455925452, 0.5321135151611648]",28.819078224395454,1.733548161732465
"[0.2969221482224154, 0.6523126759993051, -0.8870206585772438, 0.5321133259579413]",28.81911587728237,1.7336109942138618
"[0.2969155447381645, 0.652312615994866, -0.8870211715878347, 0.5321131366495495]",28.819153530653654,1.7336738266952585
"[0.2969089403078446, 0.6523125560609878, -0.8870216847462822, 0.532112947190982]",28.819191182023115,1.733736659176655
"[0.2969023361619196, 0.6523124962088472, -0.887022197956991, 0.5321127576175161]",28.819228841287323,1.7337994916580517
"[0.2968957320067423, 0.6523124364357763, -0.8870227112427752, 0.5321125679207288]",28.819266498426202,1.7338623241394484
"[0.29688912845620147, 0.6523123767473208, -0.8870232245559115, 0.5321123781182675]",28.819304155770674,1.7339251566208447
"[0.2968825236381578, 0.6523123171265724, -0.8870237380419378, 0.5321121881562971]",28.819341816640403,1.7339879891022414
"[0.2968759204168646, 0.6523122575993638, -0.8870242514781684, 0.5321119981172238]",28.819379477530987,1.734050821583638
"[0.29686931580203146, 0.6523121981387504, -0.887024765097111, 0.5321118079149698]",28.819417139917803,1.7341136540650346
"[0.29686271163233996, 0.6523121387612961, -0.8870252787557927, 0.5321116176024651]",28.81945480478291,1.7341764865464313
"[0.29685610828902737, 0.6523120794704343, -0.8870257924245383, 0.5321114271906926]",28.819492469545093,1.734239319027828
"[0.29684950474279415, 0.6523120202568179, -0.8870263061834092, 0.5321112366501006]",28.81953013392837,1.7343021515092243
"[0.29684290043766176, 0.6523119611155714, -0.8870268200756718, 0.5321110459645036]",28.819567803896263,1.734364983990621
"[0.2968362971210203, 0.6523119020623118, -0.887027333965356, 0.5321108551843898]",28.819605472670215,1.7344278164720177
"[0.2968296931599081, 0.6523118430824084, -0.8870278479795376, 0.5321106642626122]",28.81964314170305,1.7344906489534144
"[0.29682308993759815, 0.6523117841882337, -0.887028362010548, 0.5321104732391356]",28.81968081482374,1.734553481434811
"[0.2968164857577944, 0.6523117253646521, -0.887028876190439, 0.5321102820648923]",28.819718486876862,1.7346163139162076
"[0.2968098820786648, 0.6523116666246603, -0.8870293904056903, 0.532110090782075]",28.819756161940102,1.7346791463976043
"[0.29680327865705725, 0.6523116079660825, -0.8870299046752216, 0.5321098993836578]",28.819793838912016,1.7347419788790006
"[0.29679667448992414, 0.6523115493800087, -0.8870304190771577, 0.5321097078405614]",28.819831516902866,1.7348048113603973
"[0.29679007181621186, 0.6523114908862933, -0.8870309334370923, 0.5321095162177333]",28.81986919375225,1.734867643841794
"[0.29678346836475056, 0.6523114324647994, -0.8870314479319411, 0.5321093244492798]",28.819906872124015,1.7349304763231905
"[0.29677686537235604, 0.6523113741264744, -0.8870319624653443, 0.5321091325711083]",28.819944553481573,1.7349933088045872
"[0.29677026103789095, 0.6523113158554191, -0.8870324771776693, 0.5321089405308529]",28.819982236896568,1.735056141285984
"[0.2967636581756604, 0.6523112576764606, -0.8870329918495782, 0.5321087484103497]",28.82001992112076,1.7351189737673802
"[0.2967570547089788, 0.6523111995712846, -0.8870335066429275, 0.5321085561491966]",28.820057605907287,1.735181806248777
"[0.2967504509876461, 0.6523111415429835, -0.8870340215304607, 0.5321083637575519]",28.8200952913127,1.7352446387301736
"[0.29674384899558215, 0.6523110836089616, -0.8870345363574678, 0.532108171293255]",28.8201329785811,1.7353074712115701
"[0.29673724540542246, 0.6523110257400194, -0.8870350513834157, 0.5321079786593049]",28.82017066962298,1.7353703036929669
"[0.2967306420532427, 0.6523109679522664, -0.8870355664651277, 0.5321077859092257]",28.820208360084507,1.7354331361743636
"[0.2967240396177716, 0.6523109102516229, -0.887036081549641, 0.5321075930628572]",28.820246050231894,1.7354959686557603
"[0.29671743647035526, 0.6523108526238509, -0.8870365967640097, 0.5321074000726325]",28.82028374309864,1.7355588011371565
"[0.2967108330820358, 0.652310795073076, -0.8870371120714959, 0.5321072069522921]",28.820321439870465,1.7356216336185533
"[0.2967042302374651, 0.6523107376061308, -0.8870376274108626, 0.5321070137247896]",28.820359132838707,1.73568446609995
"[0.29669762690510615, 0.6523106802140346, -0.8870381428626172, 0.5321068203599373]",28.82039683055878,1.7357472985813465
"[0.29669102428109684, 0.6523106229071794, -0.887038658333386, 0.5321066268927659]",28.820434529573586,1.7358101310627432
"[0.2966844215101518, 0.6523105656781295, -0.8870391738899311, 0.5321064332982289]",28.820472228239428,1.73587296354414
"[0.29667781897747886, 0.6523105085302214, -0.8870396895021732, 0.5321062395876205]",28.820509931644178,1.7359357960255362
"[0.29667121560477777, 0.6523104514541319, -0.8870402052543295, 0.5321060457292855]",28.82054763035981,1.7359986285069329
"[0.29666461319672194, 0.6523103944654546, -0.8870407210054437, 0.5321058517762088]",28.820585332670383,1.7360614609883296
"[0.29665801036544687, 0.6523103375522011, -0.8870412368639213, 0.5321056576876302]",28.820623039353944,1.736124293469726
"[0.29665140788128225, 0.6523102807210108, -0.8870417527695788, 0.5321054634861914]",28.820660745895893,1.7361871259511228
"[0.2966448051929036, 0.6523102239671328, -0.8870422687654921, 0.5321052691556796]",28.82069845321878,1.7362499584325195
"[0.29663820313677175, 0.6523101672977499, -0.8870427847862855, 0.5321050747207214]",28.820736160665803,1.7363127909139158
"[0.2966316001158735, 0.6523101106991588, -0.8870433009567866, 0.5321048801342729]",28.820773871367457,1.7363756233953125
"[0.2966249977834105, 0.6523100541855325, -0.8870438171477665, 0.5321046854450445]",28.820811583943986,1.7364384558767092
"[0.2966183958806395, 0.6523099977546359, -0.8870443333794346, 0.5321044906454345]",28.820849294865425,1.7365012883581057
"[0.2966117928628009, 0.6523099413932777, -0.8870448497725933, 0.5321042956898403]",28.820887010097707,1.7365641208395024
"[0.2966051897676973, 0.6523098851103316, -0.8870453662461004, 0.5321041006088734]",28.820924725519625,1.7366269533208991
"[0.2965985877848577, 0.652309828915922, -0.8870458827068963, 0.5321039054376977]",28.82096244197955,1.7366897858022958
"[0.2965919856876976, 0.6523097727995864, -0.8870463992509171, 0.5321037101400828]",28.821000161052797,1.736752618283692
"[0.2965853835230211, 0.6523097167617434, -0.8870469158745027, 0.532103514717383]",28.821037878055243,1.7368154507650888
"[0.2965787810553134, 0.6523096608003471, -0.8870474325960902, 0.5321033191626788]",28.821075600178155,1.7368782832464855
"[0.29657217908136707, 0.652309604922199, -0.8870479493533142, 0.5321031234995098]",28.82111332085789,1.736941115727882
"[0.29656557681396845, 0.6523095491206129, -0.8870484662077905, 0.5321029277045713]",28.821151044204303,1.7370039482092787
"[0.29655897498144124, 0.6523094934017428, -0.8870489831024989, 0.5321027317994614]",28.82118877198607,1.7370667806906754
"[0.2965523726161874, 0.6523094377574189, -0.8870495001131993, 0.5321025357554682]",28.82122649511274,1.7371296131720717
"[0.2965457708865707, 0.6523093821974879, -0.8870500171483985, 0.5321023396072815]",28.82126422273055,1.7371924456534684
"[0.2965391688143599, 0.6523093267137112, -0.8870505342847043, 0.5321021433258417]",28.82130195068523,1.7372552781348654
"[0.2965325668927787, 0.6523092713102356, -0.8870510514834847, 0.5321019469258059]",28.821339681752338,1.7373181106162616
"[0.2965259646671465, 0.652309215983244, -0.8870515687803628, 0.5321017503936457]",28.82137741361122,1.7373809430976583
"[0.2965193623413509, 0.6523091607344547, -0.887052086159369, 0.5321015537354122]",28.821415145401353,1.737443775579055
"[0.2965127608220667, 0.6523091055714392, -0.8870526035494412, 0.5321013569781324]",28.821452877342313,1.7375066080604513
"[0.2965061590597697, 0.6523090504854173, -0.8870531210328252, 0.5321011600905379]",28.82149061594337,1.7375694405418483
"[0.29649955784783516, 0.652308995483001, -0.8870536385473257, 0.5321009630962978]",28.821528350767,1.737632273023245
"[0.2964929556075594, 0.6523089405510448, -0.8870541562167157, 0.5321007659482848]",28.82156608866329,1.7376951055046417
"[0.2964863535035554, 0.6523088856992524, -0.8870546739496944, 0.5321005686812484]",28.821603828184163,1.737757937986038
"[0.29647975204680854, 0.652308830931857, -0.8870551917061771, 0.5321003713104732]",28.821641569909758,1.7378207704674347
"[0.2964731508187508, 0.6523087762453618, -0.8870557095189768, 0.5321001738234764]",28.821679311110646,1.7378836029488314
"[0.2964665493538924, 0.6523087216359383, -0.8870562274246061, 0.5320999762062951]",28.821717054578905,1.7379464354302279
"[0.29645994714273605, 0.6523086670993223, -0.8870567454630555, 0.532099778443728]",28.82175479943749,1.7380092679116246
"[0.29645334616798497, 0.6523086126519424, -0.8870572634787411, 0.532099580595104]",28.821792544818692,1.7380721003930213
"[0.29644674436647417, 0.6523085582767533, -0.8870577816335654, 0.5320993825986154]",28.821830291831215,1.7381349328744176
"[0.29644014276014, 0.6523085039821832, -0.8870582998473291, 0.5320991844848921]",28.821868039137737,1.7381977653558143
"[0.29643354229761854, 0.6523084497760077, -0.8870588180455434, 0.5320989862824392]",28.821905788320134,1.738260597837211
"[0.29642694006511844, 0.6523083956343086, -0.8870593364569781, 0.5320987879037391]",28.821943539190595,1.7383234303186075
"[0.2964203390232124, 0.6523083415813707, -0.887059854849176, 0.5320985894377337]",28.82198129264358,1.7383862628000042
"[0.29641373757259143, 0.6523082876040848, -0.8870603733477203, 0.5320983908363562]",28.822019048165483,1.738449095281401
"[0.29640713659934537, 0.6523082337096929, -0.8870608918830127, 0.5320981921262651]",28.82205680177477,1.7385119277627972
"[0.2964005351771218, 0.6523081798906303, -0.8870614105278217, 0.5320979932795727]",28.822094558612587,1.7385747602441939
"[0.29639393391231605, 0.6523081261518451, -0.8870619292345091, 0.5320977943145346]",28.82213231499092,1.7386375927255906
"[0.29638733262010675, 0.6523080724918278, -0.8870624480175957, 0.5320975952255834]",28.82217007542169,1.738700425206987
"[0.2963807319338359, 0.652308018915717, -0.8870629668272967, 0.5320973960318323]",28.822207834189467,1.7387632576883838
"[0.29637413078448205, 0.6523079654148302, -0.8870634857476345, 0.5320971967010248]",28.822245596648848,1.7388260901697805
"[0.29636753010053035, 0.6523079119966927, -0.8870640047056194, 0.5320969972611949]",28.822283358124572,1.7388889226511772
"[0.296360928599653, 0.6523078586509313, -0.8870645238020757, 0.5320967976735856]",28.822321123750488,1.7389517551325735
"[0.2963543276378357, 0.6523078053885069, -0.8870650429303818, 0.5320965979791846]",28.822358888179487,1.7390145876139702
"[0.29634772652560576, 0.6523077522038485, -0.8870655621447541, 0.5320963981571419]",28.822396655382303,1.739077420095367
"[0.2963411260742746, 0.6523076991034843, -0.8870660813813688, 0.5320961982320271]",28.82243442513727,1.7391402525767634
"[0.2963345248449116, 0.6523076460758348, -0.8870666007534236, 0.5320959981602559]",28.822472194258246,1.7392030850581601
"[0.2963279246757939, 0.6523075931356631, -0.8870671201162812, 0.5320957979975457]",28.822509964572216,1.7392659175395568
"[0.2963213236194111, 0.6523075402673446, -0.8870676396231865, 0.5320955976848369]",28.822547738674086,1.739328750020953
"[0.2963147226824652, 0.6523074874789536, -0.8870681591949228, 0.532095397252657]",28.822585511592642,1.7393915825023498
"[0.2963081219612545, 0.6523074347712531, -0.8870686788239049, 0.5320951967039365]",28.822623287353494,1.7394544149837465
"[0.2963015215143398, 0.6523073821447125, -0.8870691985055135, 0.5320949960404524]",28.822661061751614,1.739517247465143
"[0.29629492074973696, 0.6523073295945759, -0.8870697182863586, 0.532094795244248]",28.822698838630256,1.7395800799465397
"[0.2962883201783458, 0.6523072771249471, -0.8870702381262104, 0.5320945943308163]",28.822736619347875,1.7396429124279364
"[0.2962817194043009, 0.6523072247326672, -0.8870707580562451, 0.5320943932881195]",28.82277439979099,1.7397057449093327
"[0.2962751191307521, 0.6523071724233096, -0.887071278021072, 0.5320941921375809]",28.822812181213955,1.7397685773907294
"[0.29626851834203066, 0.6523071201888244, -0.8870717981007038, 0.5320939908482446]",28.822849962094843,1.7398314098721261
"[0.29626191847568933, 0.6523070680405796, -0.8870723181818677, 0.5320937894639569]",28.822887745294754,1.7398942423535226
"[0.2962553181354098, 0.6523070159675481, -0.8870728383745875, 0.5320935879421039]",28.822925531088234,1.7399570748349193
"[0.2962487173390267, 0.6523069639698393, -0.887073358677474, 0.5320933862832593]",28.822963317094008,1.740019907316316
"[0.2962421171910268, 0.6523069120562084, -0.8870738790034614, 0.5320931845210974]",28.82300110709829,1.7400827397977128
"[0.29623551696448486, 0.652306860220871, -0.8870743994098486, 0.5320929826334773]",28.82303889570059,1.740145572279109
"[0.29622891646073984, 0.6523068084623131, -0.887074919912303, 0.5320927806142622]",28.823076687913304,1.7402084047605058
"[0.29622231644260866, 0.6523067567865075, -0.8870754404506672, 0.532092578486807]",28.823114477393652,1.7402712372419025
"[0.2962157161751486, 0.6523067051876655, -0.8870759610829011, 0.5320923762286442]",28.823152271251775,1.740334069723299
"[0.29620911610290346, 0.6523066536693072, -0.887076481773938, 0.5320921738533382]",28.823190068216807,1.7403969022046957
"[0.2962025157624011, 0.6523066022277646, -0.8870770025603446, 0.5320919713467352]",28.823227863103487,1.7404597346860924
"[0.29619591560696407, 0.6523065508665947, -0.8870775234063522, 0.5320917687227107]",28.823265662714864,1.7405225671674887
"[0.29618931602632187, 0.6523064995888255, -0.8870780442811919, 0.5320915659932369]",28.823303459158037,1.7405853996488854
"[0.2961827156269693, 0.6523064483836231, -0.8870785652948502, 0.5320913631155104]",28.823341260549327,1.740648232130282
"[0.29617611636620345, 0.6523063972661655, -0.8870790862928187, 0.5320911601496998]",28.823379059675332,1.7407110646116786
"[0.29616951586443296, 0.652306346218024, -0.8870796074629624, 0.5320909570226103]",28.823416862881174,1.7407738970930753
"[0.2961629159489596, 0.6523062952533333, -0.8870801286610098, 0.5320907537904658]",28.82345466567023,1.740836729574472
"[0.29615631594402486, 0.6523062443668743, -0.8870806499403162, 0.5320905504324592]",28.823492472446848,1.7408995620558683
"[0.2961497167595828, 0.6523061935656433, -0.8870811712289998, 0.5320903469766518]",28.823530278908258,1.740962394537265
"[0.2961431167778302, 0.6523061428371865, -0.8870816926548533, 0.5320901433731637]",28.823568086420984,1.7410252270186617
"[0.29613651711505357, 0.6523060921900956, -0.8870822141296939, 0.53208993965641]",28.82360589547561,1.7410880595000584
"[0.29612991706329805, 0.6523060416189229, -0.8870827357094618, 0.5320897358045522]",28.82364370604192,1.741150891981455
"[0.2961233172126327, 0.6523059911282061, -0.8870832573475272, 0.5320895318357907]",28.823681517290428,1.7412137244628516
"[0.29611671816682517, 0.6523059407225517, -0.8870837789961523, 0.5320893277688035]",28.823719331687904,1.7412765569442483
"[0.29611011843716667, 0.6523058903905533, -0.887084300773017, 0.5320891235575943]",28.82375714446076,1.7413393894256446
"[0.29610351905418447, 0.6523058401401167, -0.8870848225966504, 0.532088919233988]",28.823794960565497,1.7414022219070415
"[0.29609691919077114, 0.6523057899649063, -0.8870853445324565, 0.5320887147724179]",28.823832778486757,1.7414650543884382
"[0.2960903199321092, 0.6523057398731902, -0.8870858664946122, 0.5320885102064786]",28.82387059612361,1.7415278868698345
"[0.29608372132305744, 0.652305689865285, -0.8870863884795481, 0.5320883055375937]",28.823908415118535,1.7415907193512312
"[0.29607712102396244, 0.652305639923475, -0.8870869106723599, 0.5320881006931665]",28.8239462355616,1.741653551832628
"[0.29607052177330434, 0.6523055900684867, -0.8870874328563998, 0.5320878957581725]",28.82398405802474,1.7417163843140244
"[0.29606392211923993, 0.6523055402893446, -0.8870879551465354, 0.5320876906875359]",28.82402188437588,1.7417792167954211
"[0.2960573227195402, 0.652305490591009, -0.8870884774907147, 0.5320874855016928]",28.824059709524573,1.7418420492768178
"[0.29605072414782085, 0.652305440977789, -0.8870889998435169, 0.5320872802184942]",28.824097535356085,1.7419048817582141
"[0.2960441249061665, 0.6523053914383894, -0.8870895223235158, 0.5320870747913764]",28.824135363382723,1.7419677142396108
"[0.296037525701226, 0.6523053419781558, -0.8870900448747739, 0.5320868692422803]",28.82417318988112,1.7420305467210075
"[0.29603092687792615, 0.6523052925996536, -0.887090567469971, 0.5320866635819728]",28.824211022828926,1.742093379202404
"[0.29602432734416106, 0.652305243294708, -0.8870910901956016, 0.5320864577764152]",28.82424885262028,1.7421562116838007
"[0.2960177281198151, 0.6523051940709558, -0.8870916129708905, 0.532086251857385]",28.82428668611941,1.7422190441651975
"[0.29601112932193263, 0.6523051449292523, -0.8870921357865523, 0.5320860458285581]",28.82432451923335,1.7422818766465942
"[0.29600453053411896, 0.6523050958664846, -0.8870926586755701, 0.5320858396769472]",28.82436235470217,1.7423447091279904
"[0.2959979315304551, 0.6523050468809785, -0.887093181655848, 0.5320856333954831]",28.824400192034915,1.7424075416093872
"[0.2959913323943831, 0.6523049979733562, -0.8870937047207789, 0.5320854269867658]",28.824438030656765,1.7424703740907839
"[0.2959847338462296, 0.6523049491489586, -0.887094227813259, 0.5320852204733215]",28.824475869586482,1.7425332065721804
"[0.29597813446124493, 0.6523049003972196, -0.887094751046238, 0.5320850138105859]",28.824513711064856,1.742596039053577
"[0.29597153561208717, 0.6523048517283034, -0.8870952743108887, 0.5320848070415085]",28.824551551483193,1.7426588715349738
"[0.29596493701538795, 0.6523048031401066, -0.8870957976296665, 0.5320846001572292]",28.82458939821895,1.74272170401637
"[0.2959583380747913, 0.6523047546282298, -0.8870963210498692, 0.5320843931390569]",28.824627243070704,1.7427845364977668
"[0.2959517399566962, 0.652304706201244, -0.8870968444789694, 0.5320841860235868]",28.824665086655457,1.7428473689791635
"[0.2959451406654379, 0.6523046578445044, -0.8870973680752897, 0.5320839787481665]",28.82470293397694,1.74291020146056
"[0.29593854227792055, 0.652304609573233, -0.887097891674049, 0.5320837713780203]",28.824740784102843,1.7429730339419567
"[0.29593194344648077, 0.6523045613775619, -0.8870984153821797, 0.5320835638708045]",28.82477863402046,1.7430358664233534
"[0.2959253454050442, 0.6523045132664969, -0.8870989391017462, 0.5320833562653287]",28.82481648355517,1.7430986989047497
"[0.29591874733712464, 0.6523044652340685, -0.8870994628975444, 0.5320831485359222]",28.824854338930916,1.7431615313861464
"[0.29591214819832584, 0.6523044172726954, -0.8870999868525012, 0.5320829406496681]",28.82489219174402,1.743224363867543
"[0.29590554985101175, 0.6523043693959056, -0.8871005108187553, 0.5320827326652384]",28.824930047889207,1.7432871963489398
"[0.2958989514868574, 0.652304321597831, -0.8871010348604805, 0.5320825245571597]",28.82496790494509,1.7433500288303363
"[0.29589235299401, 0.6523042738776592, -0.8871015589865618, 0.5320823163219017]",28.82500576234222,1.743412861311733
"[0.29588575512043125, 0.6523042262407889, -0.8871020831375793, 0.5320821079830818]",28.825043622200283,1.7434756937931297
"[0.295879156830135, 0.6523041786797348, -0.887102607395829, 0.5320818995079915]",28.825081483786544,1.743538526274526
"[0.29587255869950413, 0.6523041311986674, -0.8871031317155201, 0.532081690914818]",28.82511934355994,1.7436013587559227
"[0.295865959384843, 0.6523040837879256, -0.8871036562034454, 0.5320814821610619]",28.825157207789616,1.7436641912373194
"[0.2958593615889533, 0.6523040364668767, -0.8871041806447918, 0.5320812733322786]",28.82519507050126,1.743727023718716
"[0.2958527636139045, 0.6523039892233956, -0.8871047051744971, 0.5320810643746685]",28.8252329372543,1.7437898562001126
"[0.29584616539809877, 0.6523039420569847, -0.8871052297974675, 0.5320808552863435]",28.825270803271422,1.7438526886815093
"[0.29583956759485963, 0.6523038949723475, -0.8871057544617525, 0.5320806460879631]",28.825308673985067,1.7439155211629056
"[0.29583296888521843, 0.6523038479600657, -0.8871062792722461, 0.5320804367377074]",28.825346542099055,1.7439783536443023
"[0.29582637146549773, 0.6523038010357797, -0.887106804054262, 0.5320802273052647]",28.825384415396147,1.744041186125699
"[0.29581977354952954, 0.6523037541867703, -0.8871073289498651, 0.5320800177339537]",28.825422289042052,1.7441040186070955
"[0.29581317553085323, 0.6523037074158388, -0.887107853927756, 0.5320798080362589]",28.825460161801118,1.7441668510884922
"[0.2958065773643053, 0.6523036607226715, -0.8871083789915325, 0.532079598210732]",28.82549803757442,1.744229683569889
"[0.29579997933948726, 0.6523036141093163, -0.8871089041181482, 0.5320793882665817]",28.825535913015077,1.7442925160512852
"[0.2957933818589298, 0.6523035675786006, -0.8871094292755544, 0.5320791782166369]",28.825573791156273,1.744355348532682
"[0.2957867843248391, 0.6523035211263047, -0.8871099545113259, 0.5320789680418687]",28.825611668911087,1.7444181810140786
"[0.2957801860823117, 0.6523034747478187, -0.8871104798776125, 0.5320787577214053]",28.825649549132724,1.7444810134954754
"[0.29577358855746816, 0.6523034284531763, -0.8871110052608625, 0.5320785473006897]",28.825687432064033,1.7445438459768718
"[0.2957669913516218, 0.6523033822395555, -0.8871115306928071, 0.5320783367670385]",28.825725314931024,1.7446066784582686
"[0.2957603929230972, 0.6523033360961876, -0.8871120562962462, 0.5320781260712073]",28.825763200818987,1.7446695109396653
"[0.29575379556605225, 0.6523032900390723, -0.8871125818884404, 0.5320779152864997]",28.8258010847136,1.7447323434210615
"[0.2957471977707562, 0.6523032440577029, -0.8871131075896522, 0.5320777043646404]",28.825838972809876,1.7447951759024583
"[0.29574060006257225, 0.6523031981557293, -0.887113633358028, 0.5320774933224333]",28.825876862193876,1.744858008383855
"[0.295734002902448, 0.6523031523363478, -0.8871141591568227, 0.5320772821746365]",28.825914750198635,1.7449208408652515
"[0.29572740557522886, 0.6523031065945821, -0.887114685043029, 0.532077070898371]",28.82595264182958,1.7449836733466482
"[0.2957208083035249, 0.6523030609319763, -0.8871152109989023, 0.5320768595007613]",28.825990531996812,1.7450465058280449
"[0.295714210912621, 0.6523030153473229, -0.8871157370383727, 0.5320766479762031]",28.826028426642736,1.7451093383094411
"[0.2957076126493278, 0.6523029698354319, -0.887116263221511, 0.5320764363005208]",28.826066323533503,1.7451721707908379
"[0.29570101580727604, 0.6523029244121146, -0.8871167893654002, 0.5320762245473067]",28.826104216373842,1.7452350032722346
"[0.2956944186721492, 0.6523028790655441, -0.8871173156067493, 0.5320760126615645]",28.8261421160501,1.745297835753631
"[0.2956878216486573, 0.6523028337985055, -0.8871178419132779, 0.5320758006562832]",28.82618001467441,1.7453606682350278
"[0.2956812240587093, 0.6523027886063525, -0.8871183683390905, 0.5320755885096585]",28.826217913603806,1.7454235007164245
"[0.2956746264962219, 0.6523027434931612, -0.8871188948368071, 0.5320753762407704]",28.82625581550662,1.7454863331978208
"[0.2956680298346221, 0.6523026984648878, -0.8871194213367094, 0.532075163877744]",28.826293718634275,1.7455491656792175
"[0.2956614329804084, 0.652302653514055, -0.8871199479260606, 0.5320749513853926]",28.826331623680375,1.7456119981606144
"[0.2956548359716807, 0.6523026086409185, -0.8871204746018261, 0.5320747387649433]",28.826369527087678,1.7456748306420111
"[0.2956482391156338, 0.6523025638475779, -0.8871210013394787, 0.5320745260262812]",28.826407435308376,1.7457376631234074
"[0.29564164200432813, 0.6523025191312587, -0.8871215281715926, 0.532074313156253]",28.826445341572594,1.745800495604804
"[0.29563504460569906, 0.6523024744917538, -0.8871220551007373, 0.5320741001538044]",28.826483253230982,1.7458633280862008
"[0.29562844746596006, 0.6523024299327601, -0.8871225820832863, 0.5320738870365662]",28.826521163528593,1.7459261605675973
"[0.29562185081734155, 0.6523023854558243, -0.8871231091006764, 0.5320736738120677]",28.82655907646573,1.745988993048994
"[0.2956152544716671, 0.652302341059669, -0.887123636167927, 0.5320734604742389]",28.8265969900783,1.7460518255303907
"[0.2956086569115425, 0.652302296734095, -0.8871241634062965, 0.5320732469739795]",28.82663490429687,1.746114658011787
"[0.29560206047489423, 0.6523022524948096, -0.887124690628954, 0.5320730333869418]",28.826672819773076,1.7461774904931837
"[0.29559546413537646, 0.6523022083349073, -0.8871252179179074, 0.5320728196799251]",28.826710737899408,1.7462403229745804
"[0.2955888663691821, 0.6523021642442075, -0.8871257453949875, 0.5320726058035246]",28.826748653508286,1.746303155455977
"[0.29558226970001367, 0.6523021202395873, -0.8871262728584347, 0.53207239183953]",28.826786576622972,1.7463659879373736
"[0.29557567361843784, 0.6523020763176004, -0.8871268003489533, 0.5320721777714831]",28.826824497643493,1.7464288204187703
"[0.2955690769881285, 0.6523020324706952, -0.8871273279574149, 0.5320719635624849]",28.826862419835855,1.7464916529001666
"[0.2955624807301805, 0.6523019887049885, -0.8871278556101506, 0.5320717492424482]",28.826900344410422,1.7465544853815633
"[0.29555588406931643, 0.6523019450153376, -0.8871283833691775, 0.5320715347861775]",28.826938265958365,1.74661731786296
"[0.29554928695519295, 0.6523019014014243, -0.8871289112385369, 0.53207132019201]",28.82697619548455,1.7466801503443568
"[0.2955426910530145, 0.6523018578742364, -0.8871294390849739, 0.5320711055141385]",28.82701412415472,1.7467429828257532
"[0.29553609443744133, 0.6523018144210888, -0.8871299670625558, 0.5320708906898748]",28.82705205249355,1.74680581530715
"[0.2955294978064798, 0.6523017710465203, -0.8871304951154311, 0.5320706757420128]",28.82708998181234,1.7468686477885467
"[0.2955229012379139, 0.6523017277511064, -0.8871310232373686, 0.5320704606730067]",28.8271279135647,1.746931480269943
"[0.29551630474727886, 0.6523016845349265, -0.8871315514271227, 0.5320702454833882]",28.8271658475546,1.7469943127513397
"[0.29550970882710764, 0.6523016414011927, -0.8871320796452438, 0.532070030189243]",28.827203780588018,1.7470571452327364
"[0.2955031120832196, 0.652301598340786, -0.8871326080033854, 0.5320698147450619]",28.827241718492914,1.7471199777141329
"[0.29549651696671203, 0.6523015553697248, -0.8871331363052143, 0.5320695992308744]",28.82727965428397,1.7471828101955296
"[0.29548992045427047, 0.6523015124682296, -0.8871336647929119, 0.5320693835479814]",28.827317591002473,1.7472456426769263
"[0.2954833241226321, 0.6523014696466352, -0.8871341933401731, 0.5320691677478291]",28.827355534822907,1.7473084751583225
"[0.2954767276838137, 0.6523014269030711, -0.8871347219700711, 0.5320689518209935]",28.827393474793073,1.7473713076397193
"[0.2954701324622198, 0.6523013842460669, -0.8871352505764527, 0.5320687358108951]",28.82743141605911,1.747434140121116
"[0.2954635353891942, 0.6523013416558106, -0.8871357794052784, 0.5320685196169773]",28.827469359070875,1.7474969726025125
"[0.2954569400894723, 0.6523012991556894, -0.8871363081659872, 0.5320683033580398]",28.827507303424586,1.7475598050839092
"[0.295450343931511, 0.6523012567287326, -0.8871368370695392, 0.5320680869478124]",28.827545250096353,1.747622637565306
"[0.2954437480976034, 0.652301214382555, -0.8871373660211428, 0.5320678704250668]",28.827583199459024,1.7476854700467022
"[0.29543715224895867, 0.6523011721149736, -0.8871378950479614, 0.5320676537786884]",28.82762114798315,1.7477483025280989
"[0.29543055613030894, 0.652301129924356, -0.8871384241704728, 0.5320674370002844]",28.827659098921337,1.7478111350094956
"[0.2954239603457553, 0.6523010878145639, -0.8871389533402171, 0.5320672201097073]",28.8276970484122,1.7478739674908923
"[0.29541736439619243, 0.6523010457824069, -0.8871394825972315, 0.5320670030905486]",28.827735006161216,1.7479367999722888
"[0.2954107685081127, 0.6523010038293283, -0.8871400119233447, 0.5320667859502556]",28.827772958959557,1.7479996324536855
"[0.29540417273202146, 0.6523009619556581, -0.8871405413144996, 0.5320665686904784]",28.82781091204633,1.7480624649350822
"[0.2953975773528939, 0.6523009201631813, -0.8871410707478135, 0.5320663513206334]",28.827848870821445,1.7481252974164785
"[0.2953909818999803, 0.6523008784488731, -0.8871416002610717, 0.5320661338252546]",28.82788682908653,1.7481881298978752
"[0.2953843861972558, 0.6523008368116857, -0.8871421298684082, 0.5320659161984531]",28.827924784914746,1.748250962379272
"[0.29537779030464123, 0.6523007952519794, -0.8871426595650195, 0.5320656984422214]",28.827962748847767,1.7483137948606684
"[0.295371194846086, 0.6523007537736794, -0.8871431893007934, 0.5320654805771649]",28.828000709438122,1.7483766273420651
"[0.2953645993982345, 0.6523007123741147, -0.8871437191097247, 0.5320652625893082]",28.82803867407182,1.7484394598234618
"[0.2953580043724396, 0.652300671055859, -0.8871442489587616, 0.5320650444922571]",28.828076636172614,1.748502292304858
"[0.29535140829827405, 0.6523006298097084, -0.8871447789660495, 0.5320648262373672]",28.828114602927922,1.7485651247862548
"[0.29534481273639307, 0.6523005886454327, -0.887145309006195, 0.5320646078762581]",28.828152571975494,1.7486279572676515
"[0.295338217698872, 0.6523005475630842, -0.8871458390782092, 0.5320643894093618]",28.828190540611804,1.748690789749048
"[0.29533162166783045, 0.6523005065532184, -0.8871463693040987, 0.532064170786377]",28.828228510902065,1.7487536222304447
"[0.29532502634641833, 0.6523004656264255, -0.8871468995469589, 0.5320639520637479]",28.828266480346933,1.7488164547118414
"[0.2953184313991266, 0.6523004247806108, -0.8871474298337441, 0.5320637332303669]",28.82830445503089,1.7488792871932382
"[0.295311836342625, 0.6523003840127561, -0.8871479602033137, 0.5320635142702241]",28.82834242988428,1.7489421196746344
"[0.2953052413538982, 0.652300343323976, -0.8871484906414339, 0.532063295189168]",28.82838040329047,1.7490049521560311
"[0.2952986457546412, 0.65230030271008, -0.8871490212026703, 0.5320630759646648]",28.828418381907404,1.7490677846374278
"[0.2952920506758988, 0.6523002621780395, -0.8871495517960402, 0.5320628566342965]",28.82845635919596,1.7491306171188243
"[0.2952854556870727, 0.6523002217251959, -0.8871500824561757, 0.5320626371837586]",28.82849433750476,1.749193449600221
"[0.2952788611228007, 0.6523001813535962, -0.8871506131561409, 0.5320624176241929]",28.828532316799947,1.7492562820816178
"[0.2952722660219326, 0.6523001410573402, -0.8871511439732868, 0.5320621979236142]",28.82857029859301,1.749319114563014
"[0.2952656705479439, 0.6523001008374588, -0.8871516748944694, 0.5320619780874205]",28.828608285002588,1.7493819470444107
"[0.2952590753714271, 0.6523000606980357, -0.8871522058657086, 0.5320617581379667]",28.82864626583526,1.7494447795258075
"[0.2952524803027811, 0.6523000206379089, -0.8871527369022618, 0.5320615380689387]",28.828684254149074,1.749507612007204
"[0.29524588607609853, 0.6522999806615248, -0.8871532679450024, 0.5320613179048503]",28.82872223969149,1.7495704444886007
"[0.29523929077780936, 0.6522999407572673, -0.8871537991480372, 0.5320610975818267]",28.828760227104972,1.7496332769699974
"[0.29523269633334037, 0.6522999009368078, -0.8871543303562891, 0.5320608771641571]",28.82879822038121,1.7496961094513936
"[0.2952261017919026, 0.6522998611943838, -0.887154861646335, 0.5320606566200892]",28.82883620910909,1.7497589419327906
"[0.2952195071261711, 0.6522998215298369, -0.8871553930203795, 0.5320604359486967]",28.828874201515262,1.7498217744141873
"[0.2952129119521151, 0.6522997819408556, -0.8871559245093762, 0.5320602151371244]",28.828912198054212,1.7498846068955836
"[0.29520631678198134, 0.6522997424305359, -0.8871564560720524, 0.5320599942024898]",28.82895019162367,1.7499474393769803
"[0.29519972232042235, 0.6522997030030795, -0.8871569876516011, 0.5320597731684246]",28.828988185953914,1.750010271858377
"[0.29519312759888844, 0.6522996636526871, -0.8871575193260891, 0.5320595520024737]",28.829026185107878,1.7500731043397737
"[0.2951865328835273, 0.6522996243809525, -0.8871580510740625, 0.5320593307135516]",28.82906418439954,1.7501359368211702
"[0.29517993880373583, 0.6522995851916186, -0.8871585828447602, 0.5320591093227852]",28.829102184782293,1.750198769302567
"[0.2951733435567958, 0.6522995460739587, -0.8871591147835689, 0.5320588877696582]",28.829140186488058,1.7502616017839636
"[0.29516674959435507, 0.6522995070425089, -0.8871596466927487, 0.5320586661365327]",28.829178187745615,1.7503244342653599
"[0.2951601552655832, 0.6522994680875086, -0.8871601787054487, 0.5320584443679105]",28.829216193488758,1.7503872667467566
"[0.2951535606128402, 0.6522994292092003, -0.8871607108182625, 0.5320582224652181]",28.829254199309144,1.7504500992281533
"[0.295146966444087, 0.6522993904123493, -0.8871612429659934, 0.5320580004556374]",28.829292206382423,1.7505129317095498
"[0.29514037191550874, 0.6522993516919844, -0.887161775216735, 0.5320577783107656]",28.829330215963775,1.7505757641909465
"[0.295133778066678, 0.6522993130542027, -0.8871623074865762, 0.5320575560656278]",28.82936822449008,1.7506385966723432
"[0.29512718336208216, 0.6522992744900091, -0.8871628398994689, 0.5320573336684634]",28.82940623408025,1.7507014291537395
"[0.29512058897798515, 0.6522992360062917, -0.8871633723604577, 0.5320571111589216]",28.82944424483153,1.7507642616351362
"[0.29511399480895284, 0.6522991976024223, -0.8871639048780467, 0.5320568885334603]",28.829482259370877,1.750827094116533
"[0.29510740050035933, 0.6522991592763356, -0.8871644374808714, 0.5320566657801044]",28.829520274316174,1.7508899265979294
"[0.2951008063456281, 0.6522991210297335, -0.8871649701452324, 0.5320564429087666]",28.829558290916136,1.7509527590793261
"[0.2950942121914011, 0.6522990828617297, -0.887165502883514, 0.5320562199142581]",28.829596308382865,1.7510155915607228
"[0.29508761823774976, 0.6522990447734618, -0.8871660356795494, 0.5320559968033665]",28.829634328697434,1.751078424042119
"[0.29508102392579744, 0.6522990067617164, -0.8871665685784972, 0.5320557735571604]",28.829672348352034,1.7511412565235158
"[0.29507443029247454, 0.6522989688324542, -0.8871671014965561, 0.5320555502107627]",28.829710367926385,1.7512040890049125
"[0.29506783627652305, 0.6522989309795737, -0.8871676345194938, 0.5320553267282204]",28.82974839066635,1.7512669214863092
"[0.2950612425114977, 0.652298893206714, -0.887168167596099, 0.5320551031309989]",28.829786416062458,1.7513297539677057
"[0.29505464851695096, 0.6522988555111061, -0.8871687007652131, 0.5320548794028226]",28.829824441620787,1.7513925864491025
"[0.2950480543006405, 0.6522988178928171, -0.8871692340262154, 0.532054655543922]",28.82986246550492,1.7514554189304992
"[0.29504146065095005, 0.6522987803563359, -0.8871697673153447, 0.5320544315810697]",28.829900495075876,1.7515182514118954
"[0.2950348666836966, 0.6522987428966106, -0.8871703007041083, 0.5320542074842541]",28.829938525248444,1.7515810838932921
"[0.29502827261730785, 0.6522987055148981, -0.8871708341748432, 0.5320539832608726]",28.8299765553589,1.7516439163746889
"[0.2950216787280162, 0.6522986682127893, -0.8871713677051997, 0.5320537589202857]",28.83001458675897,1.7517067488560853
"[0.29501508521277464, 0.6522986309913045, -0.8871719012792338, 0.5320535344693081]",28.830052620991157,1.751769581337482
"[0.2950084921002051, 0.6522985938506712, -0.8871724348946136, 0.5320533099088359]",28.830090655080514,1.7518324138188788
"[0.29500189858556264, 0.6522985567863275, -0.8871729686164713, 0.532053085211491]",28.830128690371232,1.751895246300275
"[0.29499530452002687, 0.6522985197974535, -0.8871735024568685, 0.5320528603721725]",28.830166726970415,1.7519580787816718
"[0.29498871127221016, 0.652298482891719, -0.8871740363050006, 0.5320526354375533]",28.830204766927665,1.7520209112630685
"[0.2949821174079647, 0.6522984460610929, -0.8871745702769851, 0.5320524103587079]",28.830242808173242,1.752083743744465
"[0.29497552374868924, 0.6522984093101696, -0.8871751043063109, 0.5320521851636614]",28.830280845501587,1.7521465762258617
"[0.29496893064300833, 0.6522983726408763, -0.8871756383647293, 0.5320519598643417]",28.830318892790615,1.7522094087072584
"[0.2949623373999402, 0.652298336049362, -0.8871761725082041, 0.5320517344371444]",28.83035693441084,1.752272241188655
"[0.2949557436615499, 0.6522982995336504, -0.8871767067657423, 0.5320515088698131]",28.83039497879575,1.7523350736700514
"[0.29494915031686875, 0.652298263098666, -0.8871772410653119, 0.532051283192755]",28.830433027266114,1.752397906151448
"[0.2949425573961749, 0.6522982267445578, -0.8871777754044448, 0.5320510574070307]",28.830471073340444,1.7524607386328448
"[0.2949359637983413, 0.6522981904652602, -0.8871783098723877, 0.5320508314749182]",28.83050912484537,1.7525235711142413
"[0.29492937046361295, 0.6522981542659527, -0.887178844392932, 0.5320506054286216]",28.8305471718456,1.752586403595638
"[0.2949227772464707, 0.6522981181458267, -0.8871793789778681, 0.5320503792631629]",28.83058522383354,1.7526492360770347
"[0.29491618343948633, 0.6522980821010157, -0.8871799136845624, 0.5320501529542586]",28.830623276972076,1.752712068558431
"[0.2949095910038986, 0.652298046142227, -0.8871804483539594, 0.5320499265692393]",28.830661331677156,1.7527749010398277
"[0.29490299767868755, 0.6522980102571112, -0.8871809831694272, 0.5320497000304812]",28.830699388074716,1.7528377335212244
"[0.2948964046392559, 0.6522979744520814, -0.887181518035633, 0.5320494733783432]",28.83073744378715,1.752900566002621
"[0.2948898114080381, 0.6522979387245407, -0.887182052991317, 0.5320492465964094]",28.830775502837117,1.7529633984840176
"[0.2948832185520091, 0.6522979030775553, -0.8871825879904733, 0.5320490197041869]",28.83081356160364,1.7530262309654143
"[0.2948766255906877, 0.6522978675085223, -0.8871831230720866, 0.5320487926851448]",28.830851624061786,1.7530890634468106
"[0.29487003216448826, 0.6522978320155185, -0.8871836582653496, 0.5320485655268741]",28.83088968552477,1.7531518959282073
"[0.29486343982065844, 0.6522977966068821, -0.8871841934446587, 0.5320483382826695]",28.83092774829454,1.753214728409604
"[0.2948568463910364, 0.6522977612708525, -0.8871847287860344, 0.5320481108779297]",28.830965813496544,1.7532775608910005
"[0.29485025406632903, 0.6522977260192997, -0.8871852641115987, 0.532047883388051]",28.83100388110185,1.7533403933723972
"[0.29484366148192703, 0.6522976908448639, -0.8871857995321519, 0.5320476557660205]",28.831041948296733,1.753403225853794
"[0.2948370685298754, 0.6522976557469798, -0.8871863350564712, 0.5320474280080915]",28.83108001514853,1.7534660583351906
"[0.29483047561454917, 0.6522976207278022, -0.8871868706517156, 0.5320472001282254]",28.831118085540382,1.753528890816587
"[0.2948238824570435, 0.652297585785856, -0.887187406340545, 0.5320469721167695]",28.831156155751238,1.7535917232979836
"[0.2948172901879476, 0.6522975509271174, -0.8871879420310892, 0.5320467440128429]",28.831194231504526,1.7536545557793806
"[0.29481069771367163, 0.6522975161457961, -0.8871884778122007, 0.532046515778616]",28.83123230522549,1.7537173882607768
"[0.2948041044157443, 0.6522974814386322, -0.8871890137341613, 0.532046287392663]",28.831270380365133,1.7537802207421735
"[0.2947975118379573, 0.6522974468137676, -0.8871895496714876, 0.5320460589084375]",28.831308456584605,1.7538430532235703
"[0.29479091940457747, 0.6522974122681561, -0.8871900856709684, 0.5320458303060148]",28.83134653513052,1.7539058857049665
"[0.2947843273758051, 0.6522973778031805, -0.8871906217114369, 0.5320456015943948]",28.83138461076789,1.7539687181863635
"[0.29477773384838085, 0.6522973434088195, -0.8871911579476807, 0.5320453727076188]",28.831422693634327,1.7540315506677602
"[0.29477114246815483, 0.6522973091041667, -0.8871916940831762, 0.5320451437721577]",28.83146077645441,1.7540943831491564
"[0.2947645493266174, 0.6522972748688435, -0.8871922304358308, 0.5320449146523033]",28.831498859960764,1.7541572156305532
"[0.29475795678637623, 0.6522972407151374, -0.887192766813466, 0.5320446854301241]",28.831536945610285,1.7542200481119499
"[0.2947513642867833, 0.6522972066401299, -0.8871933032616844, 0.5320444560861445]",28.83157502995414,1.7542828805933464
"[0.29474477241377467, 0.6522971726468415, -0.8871938397327956, 0.532044226640759]",28.83161311590515,1.754345713074743
"[0.2947381804809895, 0.6522971387317122, -0.8871943762826484, 0.532043997070103]",28.83165120594307,1.7544085455561398
"[0.2947315879258762, 0.6522971048918654, -0.8871949129570412, 0.5320437673545557]",28.83168929397756,1.754471378037536
"[0.29472499523815676, 0.6522970711298276, -0.8871954497161209, 0.5320435375111576]",28.83172738643274,1.7545342105189328
"[0.29471840393523735, 0.6522970374533429, -0.8871959864363217, 0.5320433075928482]",28.831765477495985,1.7545970430003295
"[0.29471181152635734, 0.6522970038496816, -0.8871965233204577, 0.5320430775127475]",28.831803570041927,1.7546598754817262
"[0.2947052191573036, 0.6522969703247015, -0.8871970602752337, 0.5320428473108133]",28.831841665581663,1.7547227079631227
"[0.294698627037066, 0.6522969368794592, -0.8871975972836218, 0.5320426169943491]",28.831879764028255,1.7547855404445194
"[0.294692035308282, 0.6522969035146676, -0.8871981343339904, 0.5320423865683533]",28.83191786193471,1.7548483729259161
"[0.29468544252503376, 0.652296870223009, -0.8871986715441545, 0.5320421559822716]",28.831955960950356,1.7549112054073124
"[0.29467885119303894, 0.65229683701714, -0.887199208709929, 0.532041925323738]",28.831994061650477,1.754974037888709
"[0.29467225890050386, 0.6522968038848965, -0.8871997460278561, 0.5320416945083704]",28.83203216103917,1.7550368703701058
"[0.29466566726955873, 0.6522967708344407, -0.887200283365725, 0.5320414635929485]",28.832070264003132,1.7550997028515023
"[0.294659074653918, 0.6522967378575057, -0.8872008208577435, 0.5320412325198091]",28.832108368196447,1.755162535332899
"[0.2946524833533823, 0.6522967049656058, -0.8872013583164032, 0.532041001369547]",28.832146475337606,1.7552253678142957
"[0.29464589117582585, 0.6522966721477862, -0.8872018959204434, 0.5320407700653056]",28.832184583065466,1.755288200295692
"[0.29463929908625247, 0.6522966394088648, -0.8872024335911795, 0.5320405386409188]",28.832222691398403,1.7553510327770887
"[0.29463270763686744, 0.6522966067515695, -0.8872029712835584, 0.5320403071157929]",28.832260801444736,1.7554138652584854
"[0.29462611648115694, 0.652296574174168, -0.8872035090258308, 0.5320400754777768]",28.832298909982015,1.755476697739882
"[0.2946195241104896, 0.6522965416692137, -0.8872040469410933, 0.532039843673831]",28.832337023099573,1.7555395302212786
"[0.2946129322015009, 0.6522965092449908, -0.8872045848925509, 0.5320396117628807]",28.832375135493095,1.7556023627026753
"[0.2946063411394632, 0.6522964769033702, -0.8872051228487388, 0.5320393797585153]",28.83241325048576,1.755665195184072
"[0.2945997489009647, 0.6522964446344228, -0.8872056609748113, 0.5320391475895059]",28.832451367223804,1.7557280276654683
"[0.29459315741963554, 0.6522964124476203, -0.8872061991129324, 0.5320389153239378]",28.83248948359416,1.755790860146865
"[0.29458656614974305, 0.6522963803402858, -0.8872067373076393, 0.5320386829425987]",28.832527602769783,1.7558536926282617
"[0.29457997486789, 0.652296348311322, -0.8872072755771683, 0.5320384504376218]",28.832565724998958,1.7559165251096582
"[0.2945733833152124, 0.652296316359476, -0.8872078139426646, 0.5320382177998639]",28.83260384352007,1.755979357591055
"[0.2945667917327399, 0.65229628448592, -0.8872083523844453, 0.5320379850378228]",28.832641965856283,1.7560421900724517
"[0.29456019968373315, 0.6522962526885492, -0.8872088909381938, 0.5320377521360609]",28.83268009254033,1.756105022553848
"[0.2945536093134435, 0.6522962209776904, -0.8872094294286283, 0.5320375191704017]",28.83271821635012,1.7561678550352446
"[0.2945470174595391, 0.6522961893381212, -0.8872099681141342, 0.5320372860290642]",28.832756341500076,1.7562306875166414
"[0.29454042647939294, 0.652296157781166, -0.8872105068020772, 0.5320370527954049]",28.832794469628787,1.7562935199980378
"[0.2945338349420123, 0.6522961262999691, -0.8872110456094073, 0.5320368194187899]",28.832832600764732,1.7563563524794346
"[0.294527243760366, 0.6522960948988892, -0.8872115844614995, 0.5320365859315415]",28.832870731790916,1.7564191849608313
"[0.2945206527766215, 0.6522960635771671, -0.8872121233712472, 0.5320363523280764]",28.832908860464347,1.7564820174422275
"[0.29451406159024895, 0.6522960323329222, -0.8872126623713975, 0.5320361185941687]",28.83294699532821,1.7565448499236243
"[0.29450747057069676, 0.6522960011678282, -0.8872132014317423, 0.5320358847430096]",28.832985130087415,1.756607682405021
"[0.2945008789632663, 0.6522959700784, -0.8872137406140087, 0.5320356507477155]",28.83302326811383,1.7566705148864175
"[0.29449428776036873, 0.6522959390692986, -0.8872142798370235, 0.532035416643535]",28.83306140466253,1.7567333473678142
"[0.2944876971864812, 0.6522959081415509, -0.8872148190824036, 0.5320351824384805]",28.833099540981845,1.7567961798492109
"[0.294481106274598, 0.6522958772906234, -0.8872153584292646, 0.5320349480981804]",28.83313768074258,1.7568590123306076
"[0.29447451497775873, 0.6522958465163009, -0.8872158978814608, 0.5320347136209526]",28.833175823519586,1.7569218448120039
"[0.2944679235699515, 0.6522958158198843, -0.8872164374165756, 0.5320344790165105]",28.833213964627376,1.7569846772934006
"[0.29446133280247444, 0.6522957852048318, -0.887216976973104, 0.5320342443116441]",28.833252108243485,1.7570475097747973
"[0.29445474246926384, 0.6522957546701906, -0.8872175165678946, 0.532034009499014]",28.8332902543193,1.7571103422561938
"[0.2944481511915816, 0.652295724209573, -0.8872180563138435, 0.5320337745294885]",28.83332839888467,1.7571731747375905
"[0.2944415603461506, 0.6522956938293538, -0.887218596098221, 0.5320335394521243]",28.83336654876201,1.7572360072189872
"[0.29443496992998486, 0.6522956635294991, -0.8872191359212566, 0.5320333042668413]",28.833404695825177,1.7572988397003835
"[0.2944283788424104, 0.6522956333049539, -0.8872196758731096, 0.5320330689343502]",28.833442847933085,1.7573616721817802
"[0.29442178864916313, 0.6522956031628913, -0.887220215825509, 0.5320328335105611]",28.833480998551398,1.757424504663177
"[0.29441519738076355, 0.652295573094322, -0.887220755939821, 0.5320325979250902]",28.833519150314547,1.7574873371445734
"[0.2944086068980974, 0.6522955431076835, -0.887221296063564, 0.5320323622445077]",28.833557304297663,1.75755016962597
"[0.2944020162235176, 0.6522955131985781, -0.8872218362768476, 0.5320321264337907]",28.83359546149732,1.7576130021073668
"[0.29439542475845937, 0.6522954833642797, -0.8872223766287513, 0.5320318904715257]",28.83363361728539,1.757675834588763
"[0.29438883489780837, 0.6522954536156177, -0.8872229169229332, 0.5320316544434592]",28.83367177562197,1.7577386670701598
"[0.29438224408759084, 0.6522954239410428, -0.8872234573687798, 0.5320314182581413]",28.833709937094582,1.7578014995515565
"[0.2943756539081248, 0.6522953943476814, -0.8872239978367085, 0.5320311819721842]",28.833748096874984,1.7578643320329534
"[0.2943690629274739, 0.652295364829104, -0.8872245384441569, 0.5320309455342426]",28.833786259038394,1.7579271645143497
"[0.29436247258289555, 0.6522953353917474, -0.88722507907324, 0.5320307089958703]",28.83382442167243,1.7579899969957464
"[0.2943558825321746, 0.652295306034077, -0.8872256197520141, 0.5320304723447953]",28.83386258759896,1.7580528294771431
"[0.29434929207858, 0.6522952767529608, -0.8872261605376446, 0.5320302355560272]",28.833900751777126,1.7581156619585396
"[0.2943427017282185, 0.6522952475506781, -0.8872267013886058, 0.5320299986477081]",28.83393891777064,1.7581784944399363
"[0.2943361113783153, 0.6522952184267707, -0.8872272423133293, 0.5320297616161438]",28.83397708747863,1.758241326921333
"[0.29432952107203947, 0.6522951893814033, -0.8872277833082718, 0.5320295244629161]",28.834015258856788,1.7583041594027293
"[0.2943229309594024, 0.6522951604152551, -0.8872283243611137, 0.5320292871933994]",28.834053428634622,1.758366991884126
"[0.2943163413069954, 0.6522951315294787, -0.8872288654499555, 0.5320290498172161]",28.83409160311875,1.7584298243655228
"[0.29430974994294545, 0.652295102714572, -0.8872294067531549, 0.5320288122560964]",28.834129777484304,1.7584926568469192
"[0.29430316065079076, 0.6522950739870714, -0.8872299479599884, 0.5320285746464073]",28.834167950433084,1.758555489328316
"[0.2942965700495232, 0.6522950453322167, -0.8872304893481403, 0.5320283368662555]",28.834206129355636,1.7586183218097127
"[0.2942899799025001, 0.6522950167576933, -0.8872310307727718, 0.5320280989792295]",28.834244306042407,1.758681154291109
"[0.2942833903746326, 0.6522949882641944, -0.887231572220316, 0.5320278609913123]",28.83428248688595,1.7587439867725057
"[0.29427679998643874, 0.6522949598453257, -0.8872321138123412, 0.5320276228490619]",28.834320666876376,1.7588068192539024
"[0.29427021026216305, 0.6522949315076765, -0.8872326554235904, 0.5320273846075322]",28.834358847829787,1.7588696517352989
"[0.2942636201301416, 0.6522949032465905, -0.8872331971421387, 0.5320271462280357]",28.83439703318802,1.7589324842166956
"[0.29425702991340247, 0.6522948750635028, -0.8872337389414395, 0.5320269077221894]",28.834435219128604,1.7589953166980923
"[0.294250440052112, 0.6522948469602755, -0.8872342807853011, 0.5320266691059469]",28.834473403775444,1.759058149179489
"[0.2942438507954395, 0.6522948189379532, -0.8872348226532185, 0.5320264303883555]",28.834511590472143,1.7591209816608853
"[0.29423726076864926, 0.6522947909906927, -0.8872353646582456, 0.5320261915196018]",28.834549778442543,1.759183814142282
"[0.2942306713279705, 0.652294763124243, -0.88723590668884, 0.5320259525488445]",28.83458796492074,1.7592466466236787
"[0.2942240811873958, 0.6522947353331712, -0.8872364488507866, 0.5320257134294343]",28.83462615831669,1.7593094791050752
"[0.29421749075248343, 0.6522947076192034, -0.8872369911107364, 0.5320254741760588]",28.834664351153503,1.759372311586472
"[0.29421090130481853, 0.6522946799877156, -0.8872375333632292, 0.5320252348352595]",28.83470254504305,1.7594351440678686
"[0.2942043119290933, 0.6522946524348467, -0.8872380756835673, 0.5320249953738236]",28.834740739536908,1.7594979765492649
"[0.2941977219657306, 0.6522946249578493, -0.887238618126044, 0.5320247557677612]",28.83477893512113,1.7595608090306616
"[0.2941911327430574, 0.6522945975622575, -0.8872391605813168, 0.5320245160653724]",28.834817133222998,1.7596236415120583
"[0.29418454306384606, 0.6522945702430882, -0.8872397031479413, 0.5320242762231105]",28.83485533208293,1.7596864739934548
"[0.29417795328815594, 0.6522945430018419, -0.8872402457962808, 0.5320240362540632]",28.83489353311105,1.7597493064748515
"[0.29417136379442, 0.652294515840078, -0.8872407884951682, 0.5320237961720161]",28.834931734395344,1.7598121389562482
"[0.2941647742985607, 0.6522944887566423, -0.8872413312679934, 0.532023555966597]",28.834969936028518,1.7598749714376445
"[0.29415818552126277, 0.6522944617544179, -0.8872418740553842, 0.532023315664174]",28.83500813984716,1.7599378039190412
"[0.2941515953590065, 0.652294434824858, -0.8872424170306378, 0.5320230751879308]",28.835046342977208,1.760000636400438
"[0.2941450060098983, 0.6522944079769346, -0.887242960012657, 0.5320228346180839]",28.835084552259218,1.7600634688818344
"[0.2941384165054742, 0.6522943812066883, -0.8872435030812366, 0.5320225939192915]",28.83512276002278,1.7601263013632311
"[0.2941318269633089, 0.6522943545145977, -0.8872440462266873, 0.5320223530958422]",28.835160968400764,1.7601891338446278
"[0.2941252381148229, 0.6522943279036142, -0.8872445893887106, 0.5320221121744836]",28.835199179235875,1.7602519663260245
"[0.29411864891002176, 0.6522943013694958, -0.8872451326538577, 0.5320218711168212]",28.835237392893966,1.7603147988074208
"[0.29411205966127246, 0.6522942749134862, -0.8872456759963815, 0.532021629934295]",28.83527560635955,1.7603776312888175
"[0.29410547077753874, 0.6522942485372417, -0.8872462193825524, 0.5320213886418549]",28.835313818637676,1.7604404637702142
"[0.29409888126714767, 0.6522942222367893, -0.8872467628941577, 0.532021147203184]",28.835352036320806,1.7605032962516107
"[0.2940922917179037, 0.6522941960144831, -0.8872473064827257, 0.532020905639802]",28.835390254633754,1.7605661287330074
"[0.2940857031060542, 0.6522941698741938, -0.8872478500677068, 0.5320206639875164]",28.835428472400658,1.7606289612144042
"[0.29407911378280266, 0.6522941438093742, -0.8872483937851281, 0.5320204221858587]",28.835466691326655,1.7606917936958004
"[0.294072524301228, 0.6522941178222245, -0.8872489375893671, 0.532020180255101]",28.83550491677726,1.7607546261771971
"[0.2940659354917337, 0.6522940919160115, -0.8872494814118839, 0.5320199382257408]",28.835543136771744,1.7608174586585938
"[0.29405934625538005, 0.6522940660864075, -0.8872500253433776, 0.5320196960574173]",28.83558135998471,1.7608802911399903
"[0.29405275790554525, 0.6522940403385528, -0.8872505692754223, 0.5320194537984098]",28.83561958487756,1.760943123621387
"[0.29404616914078924, 0.6522940146673497, -0.887251113315456, 0.5320192114008758]",28.8356578087348,1.7610059561027838
"[0.29403958007527126, 0.652293989073257, -0.8872516574540634, 0.5320189688689917]",28.835696039541123,1.76106878858418
"[0.2940329913991896, 0.6522939635589522, -0.8872522016342445, 0.532018726228163]",28.835734269937284,1.7611316210655767
"[0.2940264020898508, 0.6522939381204761, -0.8872527459404705, 0.5320184834407217]",28.83577249860628,1.7611944535469735
"[0.2940198135824085, 0.6522939127633671, -0.8872532902541876, 0.5320182405595467]",28.835810727614863,1.7612572860283702
"[0.29401322492401377, 0.6522938874839453, -0.8872538346541047, 0.5320179975495282]",28.83584896299681,1.7613201185097667
"[0.2940066357322088, 0.6522938622807558, -0.8872543791718333, 0.5320177543965375]",28.835887196933506,1.7613829509911634
"[0.29400004656454903, 0.6522938371559346, -0.887254923761307, 0.5320175111211384]",28.83592543440518,1.76144578347256
"[0.29399345821282685, 0.6522938121124908, -0.8872554683570691, 0.5320172677525788]",28.83596366880976,1.7615086159539564
"[0.2939868704305409, 0.6522937871494509, -0.887256012979472, 0.5320170242818032]",28.836001907446175,1.761571448435353
"[0.29398028104104157, 0.6522937622585978, -0.887256557808479, 0.5320167806283195]",28.836040148975066,1.7616342809167498
"[0.2939736924637672, 0.6522937374490769, -0.8872571026440578, 0.5320165368815746]",28.83607838844042,1.7616971133981463
"[0.2939671041371513, 0.6522937127187683, -0.8872576475326266, 0.5320162930208031]",28.836116633136815,1.761759945879543
"[0.29396051523354255, 0.6522936880645213, -0.8872581925426434, 0.5320160490154188]",28.836154878299915,1.7618227783609397
"[0.29395392704281276, 0.6522936634912178, -0.8872587375674097, 0.5320158049131188]",28.83619312093941,1.761885610842336
"[0.29394733852897614, 0.6522936389949505, -0.8872592826926238, 0.5320155606755702]",28.8362313658139,1.7619484433237327
"[0.2939407504694892, 0.6522936145786218, -0.887259827853957, 0.5320153163315768]",28.836269614323097,1.7620112758051296
"[0.29393416182968607, 0.6522935902383918, -0.887260373137029, 0.5320150718427663]",28.83630786292858,1.7620741082865259
"[0.2939275736222192, 0.6522935659780066, -0.8872609184580336, 0.5320148272467056]",28.836346113192555,1.7621369407679226
"[0.2939209849490775, 0.6522935417941564, -0.8872614638913007, 0.5320145825100545]",28.836384363073698,1.7621997732493193
"[0.29391439667860597, 0.6522935176900293, -0.8872620093649465, 0.5320143376650638]",28.83642261777343,1.7622626057307156
"[0.2939078083062858, 0.6522934936637762, -0.8872625549207365, 0.5320140926929857]",28.836460870687368,1.7623254382121125
"[0.29390122005508956, 0.6522934697161965, -0.8872631005402066, 0.5320138476021246]",28.836499126144545,1.7623882706935092
"[0.293894632275685, 0.6522934458485663, -0.8872636461943044, 0.5320136024055244]",28.836537382683492,1.762451103174906
"[0.2938880438487963, 0.6522934220568308, -0.8872641919757401, 0.5320133570615211]",28.836575640611184,1.7625139356563022
"[0.2938814554309842, 0.6522933983433624, -0.8872647378301348, 0.5320131115945551]",28.836613900496303,1.762576768137699
"[0.2938748670196495, 0.6522933747081585, -0.8872652837577024, 0.5320128660045179]",28.836652161670123,1.7626396006190956
"[0.29386827916893077, 0.6522933511531936, -0.8872658297125164, 0.5320126203120822]",28.83669042386311,1.7627024331004921
"[0.29386169109201254, 0.6522933276756484, -0.8872663757597753, 0.5320123744879109]",28.836728685200487,1.7627652655818888
"[0.29385510273188187, 0.6522933042753252, -0.8872669219042135, 0.5320121285298628]",28.836766950031976,1.7628280980632856
"[0.2938485150875167, 0.652293280955765, -0.887267468063012, 0.53201188247524]",28.836805216231987,1.7628909305446818
"[0.29384192727612035, 0.6522932577138324, -0.8872680143093503, 0.5320116362910827]",28.83684348238901,1.7629537630260785
"[0.29383533927816563, 0.6522932345494602, -0.8872685606448534, 0.532011389976653]",28.83688175353872,1.7630165955074752
"[0.29382875117005813, 0.6522932114629255, -0.8872691070631882, 0.5320111435347927]",28.836920022055143,1.7630794279888717
"[0.29382216328652455, 0.6522931884553961, -0.887269653536591, 0.5320108969780264]",28.836958292633,1.7631422604702685
"[0.29381557579577855, 0.6522931655274462, -0.8872702000510968, 0.5320106503126663]",28.836996566008224,1.7632050929516652
"[0.29380898803381367, 0.6522931426767722, -0.8872707466617903, 0.5320104035138384]",28.837034837107534,1.7632679254330614
"[0.29380240032269095, 0.6522931199044678, -0.8872712933419525, 0.53201015659363]",28.83707311399126,1.7633307579144581
"[0.2937958126289692, 0.6522930972104426, -0.8872718400943561, 0.5320099095507562]",28.837111391447184,1.7633935903958549
"[0.2937892244406039, 0.6522930745929241, -0.8872723869615061, 0.5320096623660182]",28.83714966742268,1.7634564228772516
"[0.2937826370306791, 0.6522930520562841, -0.8872729338377221, 0.5320094150871783]",28.8371879485131,1.763519255358648
"[0.2937760497515675, 0.6522930295982872, -0.8872734807767534, 0.5320091676899525]",28.83722622917839,1.7635820878400448
"[0.293769461560322, 0.6522930072153909, -0.8872740278652077, 0.5320089201351472]",28.837264509986184,1.7636449203214415
"[0.29376287371765225, 0.6522929849118868, -0.8872745749984031, 0.5320086724701159]",28.83730279407115,1.7637077528028378
"[0.29375628574185975, 0.6522929626861397, -0.8872751222163413, 0.5320084246767544]",28.83734107503209,1.7637705852842345
"[0.2937496990008721, 0.6522929405427431, -0.8872756694053794, 0.5320081768065437]",28.83737936022593,1.7638334177656312
"[0.2937431115606192, 0.6522929184751883, -0.8872762167261785, 0.5320079287867093]",28.837417648306577,1.7638962502470277
"[0.29373652384946425, 0.6522928964849196, -0.8872767641431645, 0.5320076806333593]",28.83745593593298,1.7639590827284244
"[0.29372993638398226, 0.6522928745736615, -0.8872773116134107, 0.5320074323659489]",28.837494223841123,1.764021915209821
"[0.293723348727008, 0.6522928527399681, -0.887277859173247, 0.5320071839679892]",28.837532517007983,1.7640847476912174
"[0.29371676155572024, 0.6522928309860531, -0.8872784067663823, 0.5320069354650503]",28.837570809210646,1.764147580172614
"[0.29371017439382335, 0.6522928093103598, -0.8872789544324016, 0.532006686839144]",28.837609102371957,1.7642104126540108
"[0.29370358695162985, 0.6522927877119283, -0.8872795021953939, 0.5320064380793391]",28.837647395099022,1.7642732451354073
"[0.2936969991045522, 0.652292766190362, -0.8872800500657294, 0.5320061891809096]",28.837685693644566,1.764336077616804
"[0.2936904120511414, 0.6522927447495714, -0.8872805979437254, 0.532005940189143]",28.837723990900308,1.7643989100982007
"[0.29368382493136513, 0.6522927233867326, -0.887281145900902, 0.5320056910715615]",28.837762287299753,1.764461742579597
"[0.2936772377192003, 0.652292702101774, -0.8872816939394259, 0.5320054418271608]",28.837800589773266,1.7645245750609937
"[0.29367065108825136, 0.6522926808968581, -0.887282242003246, 0.5320051924814463]",28.837838890771092,1.7645874075423904
"[0.2936640632951588, 0.6522926597663815, -0.8872827902374341, 0.5320049429684013]",28.83787719338042,1.7646502400237871
"[0.2936574762626768, 0.6522926387165175, -0.8872833384819848, 0.5320046933608381]",28.8379154962325,1.7647130725051836
"[0.2936508892138216, 0.6522926177447701, -0.887283886801554, 0.5320044436293313]",28.837953802607892,1.7647759049865803
"[0.29364430249704637, 0.652292596852256, -0.8872844351671292, 0.532004193787081]",28.837992109142544,1.764838737467977
"[0.29363771451854775, 0.6522925760338861, -0.887284983711417, 0.532003943773664]",28.83803041788882,1.7649015699493733
"[0.2936311283628294, 0.6522925552994486, -0.8872855321775753, 0.532003693706088]",28.83806872514449,1.76496440243077
"[0.2936245412274937, 0.6522925346400857, -0.8872860807989613, 0.5320034434779948]",28.838107036303853,1.7650272349121667
"[0.2936179544544842, 0.6522925140600175, -0.8872866294638189, 0.5320031931403398]",28.838145349957312,1.7650900673935632
"[0.2936113668053436, 0.6522924935553824, -0.8872871782753167, 0.5320029426460382]",28.838183660524372,1.76515289987496
"[0.29360478027713066, 0.6522924731323902, -0.8872877270670767, 0.5320026920710338]",28.83822197496904,1.7652157323563566
"[0.29359819392619846, 0.6522924527880912, -0.8872882759177012, 0.5320024413794608]",28.838260290562577,1.765278564837753
"[0.29359160668246154, 0.6522924325191908, -0.8872888249163741, 0.5320021905305682]",28.838298608897258,1.7653413973191496
"[0.2935850196559626, 0.6522924123291166, -0.8872893739705912, 0.5320019395666058]",28.838336925782876,1.7654042298005463
"[0.29357843276917234, 0.6522923922176236, -0.8872899230868085, 0.5320016884846273]",28.83837524619664,1.7654670622819428
"[0.2935718466625495, 0.6522923721866496, -0.887290472211618, 0.5320014373090703]",28.838413566017568,1.7655298947633395
"[0.29356525935498723, 0.6522923522301729, -0.8872910215102038, 0.5320011859643705]",28.83845188996096,1.7655927272447363
"[0.2935586731415627, 0.6522923323551508, -0.8872915707911856, 0.5320009345380895]",28.838490212299273,1.7656555597261325
"[0.2935520865891709, 0.6522923125572435, -0.8872921201740697, 0.5320006829755394]",28.838528537278904,1.7657183922075292
"[0.2935454997102097, 0.6522922928364984, -0.887292669657832, 0.5320004312771737]",28.838566865742603,1.765781224688926
"[0.2935389132076157, 0.6522922731950191, -0.8872932191838314, 0.5320001794698511]",28.83860519288926,1.7658440571703227
"[0.2935323265209692, 0.6522922536311304, -0.887293768798821, 0.5319999275321494]",28.838643519037063,1.7659068896517192
"[0.2935257398834097, 0.6522922341455175, -0.8872943184833486, 0.5319996754729907]",28.838681850702205,1.7659697221331159
"[0.2935191533031947, 0.6522922147382129, -0.887294868236723, 0.5319994232926784]",28.83872018322236,1.7660325546145126
"[0.29351256650826285, 0.6522921954084149, -0.887295418081653, 0.5319991709807922]",28.83875851511445,1.7660953870959089
"[0.29350598053744503, 0.6522921761591531, -0.8872959679314094, 0.5319989185771486]",28.83879684933037,1.7661582195773056
"[0.29349939470433184, 0.6522921569884095, -0.8872965178432834, 0.5319986660554592]",28.838835183864973,1.7662210520587025
"[0.2934928077815888, 0.6522921378926254, -0.8872970679197708, 0.5319984133686378]",28.838873519067285,1.7662838845400988
"[0.2934862211825596, 0.6522921188759123, -0.887297618042855, 0.5319981605708771]",28.83891185776688,1.7663467170214955
"[0.2934796349310526, 0.6522920999383213, -0.887298168210536, 0.5319979076631135]",28.83895019808238,1.7664095495028922
"[0.2934730492177367, 0.6522920810803919, -0.8872987184068707, 0.5319976546526815]",28.838988538001857,1.7664723819842885
"[0.29346646302093693, 0.6522920622991843, -0.8872992687172121, 0.5319974015003449]",28.83902687925189,1.7665352144656854
"[0.2934598762880167, 0.6522920435945813, -0.8872998191459749, 0.5319971482040312]",28.839065224684752,1.7665980469470821
"[0.2934532903003549, 0.6522920249701964, -0.8873003695860754, 0.5319968948130442]",28.839103569072122,1.7666608794284784
"[0.2934467042491693, 0.6522920064237459, -0.8873009201050964, 0.5319966412962648]",28.83914191423337,1.766723711909875
"[0.29344011816640914, 0.6522919879553157, -0.8873014707003689, 0.5319963876549231]",28.839180260659322,1.7667865443912718
"[0.2934335322136345, 0.6522919695653554, -0.8873020213583838, 0.5319961338952428]",28.83921860950957,1.7668493768726685
"[0.293426945614902, 0.652291951251707, -0.8873025721440269, 0.5319958799873096]",28.83925695968804,1.766912209354065
"[0.2934203600907708, 0.6522919330191445, -0.8873031229134125, 0.531995625997461]",28.83929531122221,1.7669750418354617
"[0.2934137733836333, 0.6522919148614186, -0.8873036738553542, 0.5319953718386206]",28.83933366368022,1.7670378743168584
"[0.2934071879793861, 0.6522918967853835, -0.8873042247619166, 0.5319951176067069]",28.8393720175057,1.7671007067982547
"[0.2934006018258721, 0.6522918787853859, -0.8873047758047651, 0.5319948632225203]",28.83941036950934,1.7671635392796514
"[0.2933940151316658, 0.6522918608620207, -0.8873053269664697, 0.531994608694075]",28.83944873046856,1.7672263717610481
"[0.2933874299149118, 0.652291843020767, -0.8873058780781394, 0.5319943540993763]",28.839487084975655,1.7672892042424446
"[0.2933808441602499, 0.6522918252561472, -0.8873064293084217, 0.5319940993605315]",28.839525446935927,1.7673520367238413
"[0.2933742581702373, 0.6522918075689851, -0.8873069806320046, 0.5319938444892254]",28.839563804949133,1.767414869205238
"[0.2933676724542882, 0.6522917899606432, -0.8873075320062436, 0.5319935895051756]",28.839602165601733,1.7674777016866343
"[0.2933610863727234, 0.6522917724294185, -0.887308083484694, 0.531993334383603]",28.839640529877624,1.767540534168031
"[0.2933545008320115, 0.6522917549777204, -0.8873086349914513, 0.5319930791596224]",28.83967889432662,1.7676033666494277
"[0.2933479149612688, 0.6522917376032363, -0.8873091865994426, 0.5319928237994868]",28.83971726002896,1.7676661991308242
"[0.2933413287425435, 0.6522917203059213, -0.8873097383101824, 0.5319925683024898]",28.8397556267432,1.767729031612221
"[0.2933347437388352, 0.6522917030898724, -0.8873102899927273, 0.5319923127292754]",28.839793994445785,1.7677918640936177
"[0.2933281580720251, 0.6522916859501656, -0.8873108418044131, 0.5319920570069692]",28.839832362578477,1.767854696575014
"[0.29332157218325794, 0.6522916688879646, -0.8873113937082906, 0.5319918011526726]",28.839870733342988,1.7679175290564106
"[0.2933149870400306, 0.6522916519057634, -0.8873119456232732, 0.531991545203987]",28.83990910727247,1.7679803615378074
"[0.2933084012515792, 0.6522916349999767, -0.8873124976659215, 0.5319912891068528]",28.8399474796399,1.768043194019204
"[0.29330181587121656, 0.6522916181733109, -0.8873130497479464, 0.5319910329022212]",28.839985855065095,1.7681060265006006
"[0.29329523007835745, 0.6522916014236553, -0.8873136019381415, 0.5319907765581813]",28.84002423143342,1.7681688589819973
"[0.2932886443884777, 0.652291584752343, -0.8873141541932893, 0.5319905200947657]",28.840062607428827,1.768231691463394
"[0.2932820592655634, 0.6522915681605269, -0.887314706474471, 0.5319902635300694]",28.84010098792941,1.7682945239447903
"[0.29327547374506235, 0.6522915516457747, -0.887315258862577, 0.5319900068265137]",28.84013936425131,1.768357356426187
"[0.2932688883800229, 0.6522915352094761, -0.8873158113112215, 0.5319897500056476]",28.840177747706345,1.7684201889075837
"[0.2932623031387747, 0.6522915188515457, -0.8873163638230568, 0.5319894930662428]",28.84021612976367,1.7684830213889802
"[0.2932557178171019, 0.652291502571475, -0.8873169164152149, 0.5319892360003291]",28.84025451314037,1.7685458538703769
"[0.29324913240451206, 0.6522914863692375, -0.8873174690885787, 0.531988978807494]",28.84029290008,1.7686086863517736
"[0.2932425476063506, 0.6522914702465612, -0.8873180217839429, 0.5319887215152931]",28.840331287531235,1.7686715188331699
"[0.29323596140906255, 0.6522914541985274, -0.8873185746703284, 0.5319884640450275]",28.840369673676513,1.7687343513145666
"[0.2932293769518004, 0.6522914382327778, -0.8873191274842084, 0.5319882065194221]",28.84040806511361,1.7687971837959633
"[0.29322279102553594, 0.6522914223415299, -0.8873196804949995, 0.5319879488129684]",28.840446454304562,1.7688600162773598
"[0.29321620635521745, 0.6522914065313534, -0.8873202334738943, 0.5319876910322946]",28.840484845876375,1.7689228487587565
"[0.29320962125457817, 0.6522913907981827, -0.8873207865624907, 0.5319874331114088]",28.840523237572214,1.7689856812401532
"[0.2932030361239669, 0.6522913751430179, -0.887321339727169, 0.5319871750659323]",28.840561633020844,1.76904851372155
"[0.2931964507804453, 0.6522913595653457, -0.8873218929833031, 0.5319869168887864]",28.840600029168378,1.7691113462029462
"[0.29318986591443175, 0.6522913440668598, -0.88732244627288, 0.5319866586069641]",28.840638424644485,1.769174178684343
"[0.29318328102143915, 0.652291328646353, -0.8873229996382821, 0.5319864002007016]",28.840676824213826,1.7692370111657396
"[0.2931766957664038, 0.65229131330304, -0.8873235531076723, 0.5319861416568449]",28.840715223734872,1.769299843647136
"[0.2931701109124667, 0.6522912980387219, -0.8873241066169086, 0.5319858830053249]",28.840753624358534,1.7693626761285328
"[0.2931635261880722, 0.6522912828526883, -0.8873246601888112, 0.5319856242355735]",28.840792026531147,1.7694255086099295
"[0.293156941247694, 0.6522912677442079, -0.8873252138524256, 0.5319853653339285]",28.840830429854506,1.7694883410913258
"[0.2931503564305252, 0.6522912527140433, -0.8873257675792343, 0.5319851063137411]",28.840868835887974,1.7695511735727225
"[0.2931437709444437, 0.6522912377603943, -0.887326321435856, 0.5319848471438362]",28.84090724080951,1.7696140060541192
"[0.2931371871870928, 0.6522912228886786, -0.8873268752206253, 0.5319845879186083]",28.840945648839728,1.7696768385355157
"[0.29313060210895914, 0.652291208092006, -0.88732742919004, 0.5319843285179888]",28.840984058686384,1.7697396710169124
"[0.2931240172506907, 0.6522911933738544, -0.8873279832145103, 0.531984069002638]",28.841022464848102,1.7698025034983091
"[0.29311743215842, 0.652291178733209, -0.8873285373322236, 0.531983809354665]",28.841060879659214,1.7698653359797054
"[0.29311084781028124, 0.6522911641722358, -0.8873290914608629, 0.5319835496126483]",28.84109929192155,1.7699281684611021
"[0.29310426315533944, 0.6522911496885967, -0.8873296456888647, 0.5319832897351463]",28.841137706865435,1.7699910009424988
"[0.2930976787091009, 0.652291135283432, -0.8873301999728401, 0.5319830297424935]",28.841176121709392,1.7700538334238953
"[0.2930910938035543, 0.6522911209552804, -0.887330754369027, 0.5319827696083079]",28.84121453601135,1.770116665905292
"[0.29308450898081223, 0.6522911067053294, -0.8873313088317888, 0.5319825093539898]",28.841252957249324,1.7701794983866888
"[0.29307792468540284, 0.6522910925345329, -0.8873318633236841, 0.5319822489971189]",28.841291373500194,1.7702423308680855
"[0.2930713395444441, 0.6522910784399201, -0.8873324179603347, 0.5319819884834224]",28.84132979456034,1.7703051633494817
"[0.2930647553998506, 0.6522910644254533, -0.8873329725865998, 0.5319817278857425]",28.8413682184468,1.7703679958308787
"[0.293058171902399, 0.6522910504903497, -0.8873335272318689, 0.5319814671903123]",28.841406639786634,1.7704308283122754
"[0.29305158675924875, 0.6522910366297766, -0.8873340820893256, 0.5319812063063037]",28.841445064818526,1.7704936607936717
"[0.29304500270695966, 0.6522910228494938, -0.8873346369283981, 0.5319809453421251]",28.841483488712637,1.7705564932750684
"[0.2930384176182268, 0.6522910091450719, -0.8873351919283525, 0.5319806842134284]",28.841521916064575,1.770619325756465
"[0.2930318335783989, 0.6522909955207977, -0.887335746913434, 0.5319804230029678]",28.84156034576859,1.7706821582378616
"[0.29302524967382265, 0.6522909819748082, -0.8873363019606344, 0.5319801616744676]",28.84159877746285,1.7707449907192583
"[0.2930186647229461, 0.652290968504667, -0.8873368571695776, 0.531979900181026]",28.841637205825997,1.770807823200655
"[0.29301208120999084, 0.652290955115452, -0.8873374123307995, 0.531979638621298]",28.841675639489583,1.7708706556820513
"[0.29300549640476165, 0.6522909418016064, -0.8873379676745243, 0.531979376886817]",28.84171407085543,1.770933488163448
"[0.29299891249748744, 0.6522909285675635, -0.8873385230160397, 0.5319791150646284]",28.841752508348783,1.7709963206448447
"[0.29299232845460077, 0.6522909154112425, -0.8873390784425111, 0.5319788531136368]",28.84179094209458,1.7710591531262412
"[0.2929857435812766, 0.6522909023312383, -0.8873396340125708, 0.531978591006209]",28.841829380699608,1.771121985607638
"[0.2929791594315854, 0.652290889330677, -0.8873401895951004, 0.5319783288041515]",28.841867820754103,1.7711848180890346
"[0.292972575521242, 0.6522908764085557, -0.8873407452309489, 0.5319780664882391]",28.84190626187597,1.7712476505704309
"[0.29296599171913684, 0.6522908635646304, -0.8873413009311737, 0.5319778040532304]",28.84194470114108,1.7713104830518276
"[0.29295940754603966, 0.6522908507979561, -0.8873418567362281, 0.5319775414800305]",28.84198314339653,1.7713733155332243
"[0.29295282303720926, 0.6522908381086199, -0.8873424126431463, 0.5319772787700149]",28.84202158985762,1.771436148014621
"[0.29294623935881936, 0.6522908254988561, -0.8873429685534642, 0.5319770159697277]",28.842060032432187,1.7714989804960175
"[0.2929396556029506, 0.6522908129669163, -0.8873435245438298, 0.5319767530429407]",28.842098480693387,1.7715618129774142
"[0.2929330719751574, 0.6522908005131784, -0.8873440805968839, 0.5319764899978762]",28.842136928270637,1.771624645458811
"[0.29292648789146897, 0.652290788136553, -0.8873446367619532, 0.5319762268111782]",28.84217537861217,1.7716874779402072
"[0.29291990401287854, 0.6522907758382827, -0.887345192983206, 0.5319759635092629]",28.842213828130728,1.771750310421604
"[0.29291331974882995, 0.6522907636172661, -0.8873457493105364, 0.5319757000685073]",28.842252279795222,1.7718131429030006
"[0.29290673626696495, 0.6522907514756691, -0.887346305645278, 0.5319754365356304]",28.842290734718173,1.7718759753843971
"[0.2929001521507459, 0.6522907394108557, -0.8873468621071335, 0.5319751728539547]",28.84232918931749,1.7719388078657938
"[0.29289356859239407, 0.65229072742503, -0.8873474185953407, 0.5319749090711997]",28.842367645530352,1.7720016403471905
"[0.29288698499241705, 0.6522907155170848, -0.8873479751605634, 0.5319746451633647]",28.842406101037643,1.7720644728285868
"[0.292880401190101, 0.6522907036867321, -0.8873485318163917, 0.5319743811239991]",28.842444561623324,1.7721273053099835
"[0.29287381779066324, 0.6522906919350556, -0.887349088511651, 0.5319741169773777]",28.842483018303852,1.7721901377913802
"[0.2928672343038378, 0.6522906802611713, -0.8873496452877923, 0.5319738527038389]",28.842521482278556,1.7722529702727767
"[0.29286065038839726, 0.652290668664484, -0.8873502021736813, 0.5319735882896668]",28.842559943489995,1.7723158027541734
"[0.2928540669363273, 0.6522906571465624, -0.8873507590938708, 0.5319733237706841]",28.84259840627689,1.7723786352355702
"[0.2928474825090025, 0.6522906457049004, -0.8873513161700668, 0.5319730590890676]",28.842636871811713,1.7724414677169669
"[0.29284089929524953, 0.6522906343432886, -0.88735187321708, 0.5319727943328175]",28.842675340680422,1.7725043001983631
"[0.29283431661314974, 0.6522906230605272, -0.88735243029258, 0.5319725294745464]",28.842713807145174,1.7725671326797598
"[0.29282773275079077, 0.6522906118536842, -0.8873529875414535, 0.5319722644453639]",28.842752276789128,1.7726299651611566
"[0.2928211489310296, 0.6522906007248653, -0.887353544860217, 0.5319719992944549]",28.842790747488912,1.772692797642553
"[0.2928145656829273, 0.6522905896749526, -0.8873541022040748, 0.5319717340431421]",28.842829218642112,1.7727556301239498
"[0.29280798252319945, 0.6522905787031205, -0.8873546596139303, 0.5319714686719715]",28.84286768974999,1.7728184626053465
"[0.29280139892564266, 0.6522905678084977, -0.8873552171343435, 0.5319712031597192]",28.84290616450393,1.7728812950867427
"[0.292794815095133, 0.6522905569914345, -0.8873557747479752, 0.5319709375146268]",28.842944641019727,1.7729441275681395
"[0.29278823219889155, 0.6522905462538375, -0.8873563323559562, 0.5319706717838032]",28.842983117058974,1.7730069600495362
"[0.2927816488845102, 0.6522905355934839, -0.8873568900728332, 0.5319704059126775]",28.84302159565237,1.7730697925309327
"[0.29277506591230945, 0.652290525011612, -0.8873574478341951, 0.5319701399319429]",28.84306007323786,1.7731326250123294
"[0.2927684820691687, 0.6522905145062672, -0.8873580057428357, 0.5319698737925832]",28.8430985581963,1.773195457493726
"[0.2927618990868106, 0.6522905040802259, -0.8873585636520094, 0.5319696075645801]",28.843137038652216,1.7732582899751224
"[0.2927553152122893, 0.6522904937307089, -0.8873591217102779, 0.5319693411770423]",28.843175519809172,1.773321122456519
"[0.2927487324076168, 0.652290483460793, -0.887359679751336, 0.5319690747093597]",28.84321400608219,1.7733839549379158
"[0.2927421497903648, 0.6522904732690794, -0.8873602378499664, 0.5319688081258445]",28.843252491782888,1.7734467874193123
"[0.2927355666607638, 0.6522904631544887, -0.8873607960655038, 0.531968541398147]",28.8432909799773,1.773509619900709
"[0.29272898359241767, 0.6522904531179085, -0.887361354349316, 0.5319682745494945]",28.843329468233794,1.7735724523821057
"[0.29272240017915585, 0.6522904431587325, -0.8873619127358523, 0.5319680075634012]",28.843367956877596,1.7736352848635024
"[0.2927158176266791, 0.6522904332787515, -0.8873624711228401, 0.5319677404888041]",28.843406447084657,1.7736981173448987
"[0.29270923471346266, 0.6522904234761442, -0.88736302961389, 0.5319674732761275]",28.843444942421474,1.7737609498262954
"[0.2927026519033936, 0.6522904137516053, -0.8873635881696486, 0.5319672059441917]",28.843483434781575,1.773823782307692
"[0.2926960681136743, 0.6522904041035255, -0.8873641468820075, 0.5319669384490266]",28.843521930879557,1.7738866147890886
"[0.29268948506698306, 0.6522903945344588, -0.8873647056047794, 0.531966670860582]",28.843560426491873,1.7739494472704853
"[0.29268290268229974, 0.652290385044269, -0.8873652643448158, 0.5319664031755943]",28.843598923711276,1.774012279751882
"[0.29267631939428673, 0.6522903756306409, -0.887365823234995, 0.5319661353304711]",28.843637422207102,1.7740751122332783
"[0.29266973754756653, 0.6522903662969832, -0.8873663820762572, 0.5319658674205379]",28.84367592383151,1.774137944714675
"[0.2926631543260586, 0.652290357039278, -0.8873669411077048, 0.5319655993311937]",28.8437144257223,1.7742007771960717
"[0.29265657174267135, 0.6522903478603715, -0.8873675001584183, 0.5319653311443844]",28.843752930503904,1.7742636096774682
"[0.29264998850426105, 0.6522903387584456, -0.8873680593382222, 0.5319650628074398]",28.843791435884867,1.774326442158865
"[0.292643406339624, 0.6522903297358967, -0.8873686185002648, 0.5319647943908171]",28.84382993913181,1.7743892746402616
"[0.29263682296563404, 0.6522903207895916, -0.8873691778385019, 0.531964525801414]",28.843868445775257,1.774452107121658
"[0.29263024074447147, 0.6522903119227395, -0.8873697371522373, 0.5319642571355994]",28.843906956172987,1.7745149396030546
"[0.29262365844296867, 0.6522903031336603, -0.8873702965462392, 0.5319639883430661]",28.84394546278192,1.7745777720844516
"[0.292617075358021, 0.6522902944214294, -0.8873708560802741, 0.5319637193950766]",28.843983975323226,1.7746406045658483
"[0.29261049238927134, 0.652290285787245, -0.8873714156778867, 0.5319634503283679]",28.844022486787033,1.7747034370472445
"[0.29260391088352183, 0.6522902772328487, -0.8873719752245625, 0.5319631811980255]",28.844061001914405,1.7747662695286412
"[0.2925973281755475, 0.6522902687547681, -0.8873725349468884, 0.5319629118950723]",28.84409951600294,1.774829102010038
"[0.29259074507231686, 0.652290260354075, -0.8873730947762747, 0.5319626424524676]",28.844138031187182,1.7748919344914345
"[0.2925841630040162, 0.65229025203257, -0.8873736545910866, 0.53196237292878]",28.84417654648815,1.7749547669728312
"[0.29257757973896714, 0.6522902437874435, -0.8873742145811334, 0.5319621032326066]",28.844215066707427,1.7750175994542279
"[0.29257099814729937, 0.6522902356222795, -0.8873747745022655, 0.5319618334815414]",28.84425358762531,1.7750804319356241
"[0.29256441566727254, 0.652290227533883, -0.8873753345724062, 0.5319615635706115]",28.844292109553763,1.7751432644170209
"[0.2925578329318922, 0.6522902195230511, -0.8873758947377147, 0.5319612935257398]",28.844330632779897,1.7752060968984176
"[0.29255125040360846, 0.6522902115903465, -0.8873764549588384, 0.5319610233658929]",28.844369155407087,1.775268929379814
"[0.2925446682439236, 0.6522902037359528, -0.8873770152220218, 0.5319607530977135]",28.844407680257483,1.7753317618612108
"[0.29253808575613166, 0.6522901959590361, -0.8873775755865658, 0.5319604826925947]",28.84444620584206,1.7753945943426075
"[0.2925315040149254, 0.6522901882608588, -0.8873781359609753, 0.5319602121946921]",28.844484735584764,1.7754574268240038
"[0.2925249217888277, 0.6522901806399739, -0.887378696450093, 0.5319599415534016]",28.844523266039573,1.7755202593054005
"[0.29251833966454177, 0.652290173097067, -0.8873792570039667, 0.5319596707928324]",28.84456179496739,1.7755830917867972
"[0.2925117572516872, 0.6522901656317002, -0.8873798176558438, 0.5319593998969107]",28.844600326933296,1.7756459242681937
"[0.29250517549075855, 0.6522901582449085, -0.8873803783256129, 0.5319591289043786]",28.84463885924797,1.7757087567495904
"[0.29249859334530764, 0.6522901509355519, -0.887380939101558, 0.5319588577725332]",28.844677393984533,1.775771589230987
"[0.29249201091307475, 0.6522901437037287, -0.8873814999753631, 0.5319585865054054]",28.844715929939476,1.7758344217123838
"[0.29248542812984407, 0.6522901365494375, -0.8873820609525068, 0.531958315100257]",28.844754468104558,1.77589725419378
"[0.2924788465710981, 0.6522901294742653, -0.8873826218987184, 0.5319580436221999]",28.844793006180208,1.7759600866751768
"[0.2924722652581824, 0.6522901224771682, -0.8873831828973819, 0.531957772030862]",28.844831544577676,1.7760229191565735
"[0.2924656823028714, 0.6522901155562201, -0.8873837441094712, 0.5319575002482109]",28.84487008576615,1.77608575163797
"[0.2924591010550043, 0.6522901087149131, -0.8873843052494047, 0.5319572284125803]",28.844908626175915,1.7761485841193667
"[0.2924525189850442, 0.6522901019505812, -0.8873848665328449, 0.5319569564195359]",28.844947172062973,1.7762114166007634
"[0.2924459374186765, 0.6522900952646107, -0.8873854278467479, 0.5319566843238256]",28.844985716423867,1.7762742490821597
"[0.29243935536377724, 0.6522900886559765, -0.8873859892757274, 0.5319564120844498]",28.845024262748588,1.7763370815635564
"[0.2924327738117446, 0.6522900821256945, -0.8873865507352187, 0.5319561397423861]",28.845062812214284,1.7763999140449531
"[0.29242619149592153, 0.6522900756724853, -0.8873871123332819, 0.531955867245243]",28.845101360192896,1.7764627465263496
"[0.2924196099242219, 0.6522900692978453, -0.8873876739412625, 0.5319555946554209]",28.845139908870028,1.7765255790077463
"[0.29241302785049555, 0.6522900630005584, -0.8873882356654902, 0.531955321921316]",28.845178459589786,1.776588411489143
"[0.29240644605862015, 0.6522900567813766, -0.8873887974390704, 0.5319550490754035]",28.84521701256484,1.7766512439705393
"[0.2923998649357474, 0.6522900506406402, -0.8873893592289427, 0.5319547761337652]",28.845255567037302,1.776714076451936
"[0.29239328277245663, 0.6522900445767686, -0.8873899211810345, 0.5319545030254832]",28.845294123784036,1.7767769089333327
"[0.2923867011348684, 0.6522900385912107, -0.8873904831616467, 0.5319542298155244]",28.845332681002184,1.7768397414147292
"[0.2923801193132028, 0.6522900326833134, -0.8873910452313776, 0.5319539564744347]",28.845371237197824,1.776902573896126
"[0.2923735376483761, 0.6522900268533819, -0.8873916073611143, 0.5319536830163688]",28.845409797150445,1.7769654063775226
"[0.2923669561797498, 0.6522900211014433, -0.8873921695474885, 0.531953409442971]",28.8454483566097,1.7770282388589194
"[0.29236037440767076, 0.652290015427063, -0.8873927318331802, 0.5319531357334655]",28.845486918833704,1.7770910713403156
"[0.29235379368985087, 0.6522900098313952, -0.8873932941021873, 0.5319528619443358]",28.84552548197075,1.7771539038217123
"[0.2923472114682106, 0.6522900043122724, -0.8873938565730826, 0.5319525879691379]",28.845564047613788,1.777216736303109
"[0.2923406302263222, 0.6522899988717863, -0.8873944190336462, 0.5319523139112287]",28.845602612828788,1.7772795687845055
"[0.2923340484694509, 0.6522899935086911, -0.8873949816116148, 0.5319520397083768]",28.845641179074264,1.7773424012659023
"[0.29232746704886337, 0.6522899882236812, -0.8873955442342296, 0.5319517653960412]",28.845679748567548,1.777405233747299
"[0.2923208859082948, 0.6522899830167018, -0.8873961069062882, 0.5319514909718893]",28.845718315140722,1.7774680662286952
"[0.2923143042713831, 0.6522899778871397, -0.8873966696941723, 0.5319512164035418]",28.84575688978083,1.777530898710092
"[0.29230772283238615, 0.6522899728355409, -0.8873972325385194, 0.5319509417199502]",28.845795460908814,1.7775937311914887
"[0.2923011421183666, 0.6522899678622927, -0.8873977953942397, 0.531950666943136]",28.845834036223934,1.7776565636728852
"[0.2922945596759119, 0.6522899629655571, -0.8873983584711922, 0.5319503919706275]",28.84587260965564,1.7777193961542819
"[0.292287978881539, 0.6522899581478461, -0.8873989214805423, 0.5319501169434705]",28.845911185010355,1.7777822286356786
"[0.2922813978576372, 0.6522899534077603, -0.8873994845829027, 0.5319498417832312]",28.84594976430976,1.7778450611170749
"[0.29227481702617675, 0.6522899487456028, -0.887400047742166, 0.5319495665075504]",28.845988341752182,1.7779078935984716
"[0.2922682352471722, 0.6522899441605735, -0.8874006110559004, 0.531949291068725]",28.84602692281941,1.7779707260798683
"[0.2922616543335043, 0.6522899396539424, -0.8874011743689466, 0.5319490155426092]",28.846065504913504,1.778033558561265
"[0.29225507274441426, 0.6522899352246474, -0.8874017378131881, 0.5319487398647021]",28.84610408695867,1.7780963910426615
"[0.29224849182729395, 0.6522899308735948, -0.8874023012732736, 0.531948464091438]",28.846142670491005,1.7781592235240582
"[0.29224191074312583, 0.6522899266002171, -0.8874028648210323, 0.5319481881876734]",28.846181254181847,1.778222056005455
"[0.2922353294815221, 0.6522899224045162, -0.8874034284573576, 0.5319479121529573]",28.846219844111936,1.7782848884868512
"[0.2922287486067157, 0.652289918286845, -0.8874039921339234, 0.5319476360109608]",28.84625843059771,1.778347720968248
"[0.292222167648281, 0.6522899142469027, -0.8874045558910175, 0.5319473597419514]",28.84629702027731,1.7784105534496446
"[0.2922155868407329, 0.6522899102848398, -0.8874051197085484, 0.5319470833557628]",28.84633561135677,1.778473385931041
"[0.29220900582546433, 0.6522899064004171, -0.8874056836172404, 0.531946806837359]",28.846374202720117,1.7785362184124378
"[0.2922024249812588, 0.6522899025938792, -0.8874062475846365, 0.5319465302026262]",28.846412797678084,1.7785990508938345
"[0.2921958437111486, 0.6522898988648768, -0.8874068116618993, 0.5319462534264702]",28.846451391935965,1.7786618833752308
"[0.292189263038896, 0.652289895213987, -0.8874073757612794, 0.5319459765519469]",28.84648998728718,1.7787247158566277
"[0.2921826825632212, 0.6522898916409724, -0.8874079399171597, 0.5319456995621928]",28.84652858368641,1.7787875483380244
"[0.29217610148943973, 0.6522898881454218, -0.8874085041976767, 0.5319454224237274]",28.846567182842882,1.7788503808194207
"[0.29216952043655403, 0.6522898847276374, -0.8874090685497643, 0.5319451451626424]",28.846605782024497,1.7789132133008174
"[0.2921629398923814, 0.6522898813878766, -0.8874096329315811, 0.531944867799485]",28.846644382147193,1.7789760457822141
"[0.29215635830914893, 0.6522898781253814, -0.887410197475879, 0.5319445902689788]",28.84668298651327,1.7790388782636106
"[0.29214977825244237, 0.6522898749413965, -0.8874107619625832, 0.5319443126793404]",28.846721587787744,1.7791017107450073
"[0.2921431972708709, 0.6522898718347311, -0.8874113266019816, 0.5319440349271618]",28.846760194500007,1.779164543226404
"[0.2921366165984588, 0.6522898688059731, -0.8874118912882061, 0.5319437570645106]",28.846798800749287,1.7792273757078008
"[0.29213003569515217, 0.6522898658548866, -0.8874124560675961, 0.5319434790685655]",28.846837408154876,1.779290208189197
"[0.2921234554825437, 0.6522898629818397, -0.8874130208610523, 0.531943200978312]",28.846876017471416,1.7793530406705937
"[0.29211687434491224, 0.6522898601861588, -0.8874135858072583, 0.5319429227254242]",28.84691462636791,1.7794158731519905
"[0.29211029409993494, 0.6522898574686118, -0.8874141507501778, 0.5319426443867549]",28.846953240434317,1.779478705633387
"[0.29210371405943514, 0.6522898548288913, -0.887414715748875, 0.5319423659332279]",28.84699185132363,1.7795415381147837
"[0.29209713330942216, 0.652289852266639, -0.887415280881839, 0.5319420873261475]",28.847030466398717,1.7796043705961804
"[0.29209055282511925, 0.6522898497822396, -0.8874158460653258, 0.5319418086067897]",28.847069081427378,1.7796672030775766
"[0.2920839720058256, 0.6522898473754695, -0.8874164113509302, 0.5319415297497038]",28.84710769837405,1.7797300355589734
"[0.29207739192314675, 0.6522898450467267, -0.8874169766465931, 0.5319412508002902]",28.847146315235165,1.77979286804037
"[0.2920708109905948, 0.6522898427954166, -0.8874175420886129, 0.5319409716913291]",28.847184935701648,1.7798557005217666
"[0.292064231235129, 0.6522898406222258, -0.8874181075028253, 0.5319406925087954]",28.84722355609487,1.7799185330031633
"[0.2920576504815582, 0.6522898385264682, -0.8874186730761433, 0.531940413160352]",28.84726217875223,1.77998136548456
"[0.29205107051762325, 0.652289836508697, -0.8874192386549261, 0.5319401337219034]",28.84730080153466,1.7800441979659563
"[0.292044489781685, 0.6522898345684304, -0.8874198043734031, 0.5319398541271294]",28.847339425723582,1.780107030447353
"[0.29203790943500846, 0.6522898327060374, -0.8874203701317495, 0.5319395744253309]",28.84737805286935,1.7801698629287497
"[0.29203132934235565, 0.6522898309214118, -0.887420935941584, 0.5319392946108428]",28.847416680258007,1.7802326954101462
"[0.29202474857036914, 0.6522898292143622, -0.887421501883168, 0.5319390146438931]",28.847455310392778,1.7802955278915429
"[0.2920181687313647, 0.652289827585278, -0.8874220678178397, 0.5319387345931094]",28.84749393921104,1.7803583603729396
"[0.2920115883509661, 0.6522898260337915, -0.8874226338724033, 0.5319384543957412]",28.847532567846457,1.7804211928543363
"[0.292005008295233, 0.6522898245601098, -0.8874231999723615, 0.5319381740886582]",28.847571201067176,1.7804840253357326
"[0.2919984284209735, 0.6522898231641883, -0.887423766130025, 0.5319378936657748]",28.84760983597482,1.7805468578171293
"[0.2919918477981222, 0.6522898218458432, -0.8874243324254285, 0.5319376130874315]",28.847648472145284,1.780609690298526
"[0.2919852681045193, 0.6522898206053948, -0.8874248987141815, 0.531937332425182]",28.847687107045434,1.7806725227799225
"[0.2919786884108232, 0.6522898194426626, -0.8874254650762534, 0.5319370516393948]",28.847725742771427,1.7807353552613192
"[0.2919721083410034, 0.6522898183575839, -0.8874260315440163, 0.5319367707140125]",28.847764381348362,1.780798187742716
"[0.2919655276739553, 0.6522898173501315, -0.8874265981365212, 0.5319364896395741]",28.847803023642083,1.7808610202241122
"[0.291958947877192, 0.6522898164205297, -0.8874271647274106, 0.5319362084787593]",28.84784166311799,1.780923852705509
"[0.2919523677085563, 0.6522898155685926, -0.8874277314236373, 0.5319359271785031]",28.84788030639372,1.7809866851869056
"[0.2919457874546453, 0.6522898147943778, -0.8874282982005268, 0.5319356457510255]",28.847918952891042,1.781049517668302
"[0.2919392079728554, 0.6522898140979302, -0.8874288649842177, 0.5319353642330651]",28.847957596940205,1.7811123501496988
"[0.29193262845312806, 0.6522898134791997, -0.8874294318444764, 0.5319350825899207]",28.847996243583083,1.7811751826310955
"[0.2919260481511923, 0.6522898129381218, -0.88742999884544, 0.5319348007897177]",28.848034893756655,1.7812380151124918
"[0.2919194684634584, 0.6522898124747537, -0.8874305658667891, 0.5319345188923217]",28.848073540155035,1.7813008475938885
"[0.29191288853503883, 0.6522898120891406, -0.887431132982184, 0.531934236860979]",28.848112191488216,1.7813636800752852
"[0.2919063090785005, 0.6522898117811695, -0.8874317001302109, 0.5319339547264168]",28.848150845561282,1.781426512556682
"[0.2918997292049726, 0.6522898115509213, -0.8874322673874838, 0.5319336724503687]",28.84818949903485,1.7814893450380784
"[0.29189314916199083, 0.6522898113983896, -0.8874328347326723, 0.5319333900434644]",28.848228155166073,1.7815521775194751
"[0.2918865689594085, 0.6522898113235275, -0.8874334021649336, 0.5319331075061794]",28.848266808281227,1.7816150100008719
"[0.29187998969024453, 0.652289811326384, -0.8874339695899977, 0.5319328248854016]",28.84830546503819,1.7816778424822681
"[0.2918734099031997, 0.6522898114069343, -0.8874345371330237, 0.5319325421188197]",28.84834412523098,1.7817406749636648
"[0.29186683039859784, 0.6522898115651861, -0.8874351047249819, 0.5319322592408016]",28.848382785181133,1.7818035074450616
"[0.2918602511335198, 0.6522898118010876, -0.8874356723695674, 0.531931976249566]",28.848421444493866,1.781866339926458
"[0.29185367143944146, 0.6522898121147067, -0.887436240124459, 0.5319316931163006]",28.84846010809762,1.7819291724078548
"[0.2918470920512021, 0.6522898125060009, -0.8874368079262509, 0.5319314098726312]",28.848498771392972,1.7819920048892515
"[0.2918405117601526, 0.6522898129750375, -0.8874373758792585, 0.5319311264665239]",28.848537437087966,1.7820548373706477
"[0.29183393278853637, 0.6522898135216773, -0.8874379437916687, 0.5319308429936647]",28.848576103905245,1.7821176698520445
"[0.2918273529742998, 0.6522898141460444, -0.8874385118501088, 0.5319305593609623]",28.84861477051008,1.7821805023334412
"[0.2918207739620353, 0.6522898148480237, -0.8874390799125924, 0.5319302756392569]",28.848653438146936,1.7822433348148377
"[0.29181419440866674, 0.6522898156277386, -0.8874396480950839, 0.5319299917706504]",28.848692108795657,1.7823061672962344
"[0.29180761454112825, 0.6522898164851763, -0.8874402163779986, 0.5319297077649071]",28.848730783833204,1.782368999777631
"[0.29180103475108865, 0.6522898174202897, -0.8874407847275131, 0.5319294236389236]",28.848769454921754,1.7824318322590273
"[0.2917944557750604, 0.6522898184329564, -0.8874413530799927, 0.5319291394245272]",28.84880813086546,1.782494664740424
"[0.2917878761508213, 0.6522898195233979, -0.8874419215617545, 0.5319288550585527]",28.848846807015065,1.7825574972218208
"[0.2917812967556592, 0.6522898206914753, -0.8874424900970069, 0.5319285705789004]",28.84888548130215,1.7826203297032177
"[0.29177471750298933, 0.6522898219371996, -0.8874430586932244, 0.5319282859818321]",28.84892416039128,1.782683162184614
"[0.2917681383502299, 0.6522898232605624, -0.8874436273540831, 0.5319280012655242]",28.848962838159782,1.7827459946660107
"[0.2917615597680921, 0.6522898246614671, -0.8874441960388844, 0.5319277164503501]",28.849001519680186,1.7828088271474074
"[0.29175498030352703, 0.6522898261402248, -0.8874447648732424, 0.5319274314733938]",28.849040203819445,1.7828716596288037
"[0.2917484010367699, 0.6522898276966024, -0.8874453337637748, 0.5319271463814242]",28.849078886911425,1.7829344921102006
"[0.29174182186412223, 0.6522898293306191, -0.8874459027194422, 0.5319268611699532]",28.84911757055433,1.7829973245915973
"[0.2917352428078892, 0.6522898310422638, -0.887446471738312, 0.5319265758399522]",28.849156255949072,1.7830601570729936
"[0.2917286640842137, 0.6522898328314717, -0.8874470408016811, 0.5319262904008055]",28.84919494474841,1.7831229895543903
"[0.29172208423381213, 0.6522898346986528, -0.8874476100357914, 0.5319260047891733]",28.849233630718043,1.783185822035787
"[0.2917155052008825, 0.6522898366432602, -0.8874481792724512, 0.5319257190894354]",28.849272321099644,1.7832486545171835
"[0.291708926315841, 0.6522898386654725, -0.8874487485695782, 0.5319254332725425]",28.84931101395178,1.7833114869985802
"[0.291702347793446, 0.6522898407652152, -0.8874493179085792, 0.5319251473478341]",28.849349707297,1.783374319479977
"[0.29169576814259224, 0.6522898429429739, -0.8874498874185138, 0.5319248612504822]",28.84938839936888,1.7834371519613732
"[0.2916891890561579, 0.6522898451981995, -0.8874504569528614, 0.5319245750540761]",28.849427096012107,1.78349998444277
"[0.2916826103980699, 0.652289847530938, -0.8874510265233838, 0.5319242887527005]",28.849465790829957,1.7835628169241666
"[0.2916760314007169, 0.6522898499414033, -0.8874515961965397, 0.5319240023130175]",28.84950448860355,1.7836256494055633
"[0.29166945268807404, 0.6522898524294227, -0.8874521659182969, 0.531923715762122]",28.84954318888797,1.7836884818869598
"[0.29166287319248324, 0.6522898549953887, -0.8874527357811242, 0.5319234290535177]",28.849581886889,1.7837513143683565
"[0.29165629506423174, 0.6522898576384509, -0.8874533055987701, 0.5319231422809199]",28.849620589685802,1.7838141468497533
"[0.2916497167015752, 0.6522898603592329, -0.887453875509963, 0.5319228553745299]",28.849659292490866,1.7838769793311495
"[0.29164313722920326, 0.652289863158117, -0.8874544455905569, 0.5319225682961353]",28.849697996705437,1.7839398118125462
"[0.2916365582980735, 0.6522898660344133, -0.8874550156975122, 0.5319222811177488]",28.84973670360713,1.784002644293943
"[0.29162997981428046, 0.6522898689881412, -0.8874555858389491, 0.5319219938353018]",28.849775408843293,1.7840654767753394
"[0.2916234012198248, 0.652289872019546, -0.8874561560632228, 0.5319217064244309]",28.849814119369526,1.7841283092567362
"[0.29161682237094244, 0.6522898751286996, -0.8874567263827978, 0.5319214188788435]",28.849852828076912,1.7841911417381329
"[0.2916102435695505, 0.6522898783154601, -0.8874572967715059, 0.5319211312117295]",28.849891537266508,1.7842539742195291
"[0.291603664786592, 0.652289881579842, -0.8874578672318636, 0.5319208434218152]",28.849930249559538,1.7843168067009259
"[0.29159708645601096, 0.6522898849216172, -0.8874584377262336, 0.5319205555280998]",28.84996896441184,1.7843796391823226
"[0.2915905074422286, 0.6522898883413687, -0.8874590083531005, 0.5319202674808723]",28.85000767934586,1.784442471663719
"[0.29158392897222135, 0.6522898918384574, -0.8874595790060453, 0.5319199793338509]",28.850046394430166,1.7845053041451158
"[0.29157735051130956, 0.6522898954131597, -0.8874601497314388, 0.5319196910636267]",28.850085111052497,1.7845681366265125
"[0.291570771635772, 0.6522898990657088, -0.887460720566047, 0.5319194026516216]",28.850123831785385,1.7846309691079087
"[0.2915641936905557, 0.6522899027953495, -0.887461291393163, 0.5319191141568078]",28.850162549398345,1.7846938015893055
"[0.29155761463865204, 0.6522899066032393, -0.8874618623895583, 0.5319188254898389]",28.85020127069782,1.7847566340707022
"[0.29155103616343725, 0.6522899104884111, -0.8874624334091413, 0.5319185367245599]",28.850239994739972,1.7848194665520989
"[0.29154445769932974, 0.6522899144511879, -0.8874630045009934, 0.531918247836159]",28.850278720418782,1.7848822990334954
"[0.291537879426101, 0.6522899184914566, -0.8874635756495054, 0.5319179588325342]",28.850317441506593,1.784945131514892
"[0.29153130061972615, 0.6522899226096659, -0.8874641469175435, 0.5319176696818672]",28.85035616895934,1.7850079639962888
"[0.2915247224815911, 0.6522899268050624, -0.8874647182007833, 0.5319173804369595]",28.850394897664344,1.785070796477685
"[0.2915181439658265, 0.652289931078306, -0.887465289590049, 0.5319170910518313]",28.850433624846684,1.7851336289590818
"[0.29151156661528377, 0.6522899354283792, -0.887465860951318, 0.5319168015943728]",28.850472356011675,1.7851964614404785
"[0.2915049880084561, 0.6522899398568841, -0.8874664324949441, 0.5319165119580124]",28.850511086858024,1.785259293921875
"[0.2914984094414556, 0.6522899443629698, -0.887467004108341, 0.5319162221997771]",28.850549819268284,1.7853221264032717
"[0.29149183138462453, 0.6522899489463009, -0.8874675757506306, 0.5319159323404002]",28.850588556685185,1.7853849588846684
"[0.2914852527840091, 0.652289953607611, -0.887468147513403, 0.5319156423334362]",28.850627289793398,1.7854477913660647
"[0.29147867415275164, 0.6522899583465548, -0.8874687193520682, 0.5319153522014778]",28.850666028181767,1.7855106238474614
"[0.2914720965205782, 0.6522899631623581, -0.887469291177102, 0.5319150619899798]",28.85070476424664,1.785573456328858
"[0.2914655178454614, 0.6522899680565182, -0.8874698631660278, 0.531914771608841]",28.850743502139995,1.7856362888102546
"[0.2914589399646373, 0.6522899730276805, -0.8874704351591085, 0.5319144811391359]",28.85078224765403,1.7856991212916513
"[0.2914523620386606, 0.652289978076463, -0.8874710072293263, 0.5319141905438176]",28.850820987087904,1.785761953773048
"[0.2914457838144848, 0.6522899832030573, -0.8874715793986937, 0.5319138998117049]",28.850859731945423,1.7858247862544443
"[0.2914392057895589, 0.6522899884070833, -0.8874721516239437, 0.5319136089647706]",28.85089847620522,1.785887618735841
"[0.29143262779176665, 0.6522899936886726, -0.8874727239200437, 0.5319133179954075]",28.85093722210602,1.7859504512172377
"[0.2914260501489091, 0.6522899990475497, -0.8874732962584678, 0.5319130269181302]",28.850975969244075,1.7860132836986344
"[0.29141947151213865, 0.6522900044848279, -0.8874738687565933, 0.531912735673224]",28.851014717550502,1.786076116180031
"[0.2914128939363203, 0.6522900099987977, -0.8874744412355954, 0.5319124443516706]",28.851053468845592,1.7861389486614276
"[0.29140631601696027, 0.6522900155906342, -0.8874750138177013, 0.5319121528912699]",28.851092216058653,1.7862017811428244
"[0.2913997376560127, 0.6522900212604287, -0.8874755865114583, 0.5319118612876593]",28.851130970837406,1.7862646136242206
"[0.2913931601008494, 0.652290027007098, -0.8874761592082667, 0.5319115695961405]",28.85116972466652,1.7863274461056173
"[0.2913865821542668, 0.6522900328316883, -0.887476732012357, 0.5319112777636211]",28.851208480409092,1.786390278587014
"[0.29138000476343795, 0.652290038733335, -0.8874773048412473, 0.5319109858321525]",28.851247238940093,1.7864531110684105
"[0.291373426954804, 0.6522900447129275, -0.8874778777797214, 0.5319106937585021]",28.851285994679255,1.7865159435498073
"[0.2913668490849974, 0.652290050770145, -0.887478450796724, 0.5319104015584949]",28.851324751694246,1.786578776031204
"[0.2913602710426561, 0.652290056905092, -0.8874790239019585, 0.5319101092271774]",28.85136351321174,1.7866416085126002
"[0.2913536936104089, 0.6522900631170288, -0.8874795970272321, 0.5319098167993407]",28.85140227620194,1.786704440993997
"[0.2913471154453686, 0.6522900694072266, -0.887480170289558, 0.5319095242152743]",28.8514410386625,1.7867672734753937
"[0.29134053784115505, 0.6522900757744491, -0.8874807435762038, 0.5319092315325099]",28.85147980140892,1.7868301059567901
"[0.2913339602464206, 0.652290082219223, -0.8874813169352146, 0.5319089387265237]",28.85151856789835,1.7868929384381869
"[0.2913273821458043, 0.6522900887420485, -0.8874818904115197, 0.5319086457743732]",28.851557335728085,1.7869557709195836
"[0.291320804990921, 0.6522900953414867, -0.8874824638785608, 0.5319083527407046]",28.85159610451871,1.7870186034009803
"[0.2913142266308272, 0.6522901020197011, -0.8874830375238836, 0.5319080595296748]",28.85163487448831,1.7870814358823768
"[0.29130764927893027, 0.652290108774444, -0.887483611154477, 0.5319077662399361]",28.85167364563607,1.7871442683637735
"[0.29130107242062503, 0.6522901156062223, -0.8874841848151956, 0.5319074728485752]",28.85171241514816,1.7872071008451702
"[0.2912944936372711, 0.6522901225175584, -0.8874847587170265, 0.5319071792476721]",28.851751190570276,1.7872699333265665
"[0.2912879168072481, 0.6522901295043876, -0.8874853325216371, 0.5319068856102983]",28.851789964249118,1.7873327658079632
"[0.29128133881502194, 0.652290136570003, -0.8874859065008321, 0.5319065917973754]",28.85182874067173,1.78739559828936
"[0.29127476197423635, 0.6522901437119186, -0.8874864804527286, 0.5319062979122432]",28.85186751948211,1.7874584307707564
"[0.29126818418717204, 0.6522901509324058, -0.8874870545603873, 0.5319060038611713]",28.851906294298672,1.787521263252153
"[0.2912616070437396, 0.652290158229724, -0.8874876286850453, 0.5319057097152234]",28.85194507605422,1.7875840957335498
"[0.2912550291043517, 0.6522901656054727, -0.8874882029523674, 0.531905415410011]",28.851983858866227,1.787646928214946
"[0.2912484517864779, 0.6522901730580616, -0.8874887772386084, 0.5319051210089495]",28.852022641955624,1.7877097606963428
"[0.291241874432593, 0.6522901805882295, -0.8874893516011673, 0.531904826482617]",28.852061425622793,1.7877725931777395
"[0.29123529708794677, 0.6522901881959312, -0.8874899260360926, 0.5319045318330275]",28.852100208013344,1.787835425659136
"[0.2912287204100197, 0.6522901958803634, -0.887490500485952, 0.5319042370896889]",28.852138995047248,1.7878982581405327
"[0.2912221430420421, 0.6522902036431408, -0.887491075069253, 0.5319039421917554]",28.85217778110118,1.7879610906219294
"[0.29121556588289665, 0.6522902114832003, -0.8874916497074792, 0.5319036471795259]",28.852216570251855,1.7880239231033257
"[0.29120898827250624, 0.6522902194013324, -0.8874922244583036, 0.5319033520233837]",28.85225536196956,1.7880867555847224
"[0.2912024111257641, 0.6522902273964348, -0.887492799241782, 0.5319030567643802]",28.852294153355412,1.7881495880661191
"[0.2911958335619167, 0.6522902354695698, -0.8874933741348837, 0.5319027613629841]",28.852332948528748,1.7882124205475158
"[0.2911892568590188, 0.6522902436191746, -0.8874939490258943, 0.5319024658765868]",28.852371742198375,1.7882752530289123
"[0.29118267979719054, 0.6522902518467286, -0.8874945240214397, 0.5319021702504184]",28.852410536712018,1.788338085510309
"[0.291176102297177, 0.6522902601523635, -0.887495099128461, 0.5319018744808692]",28.852449334063653,1.7884009179917058
"[0.2911695252673848, 0.652290268534924, -0.8874956742675293, 0.5319015786087935]",28.852488129765923,1.788463750473102
"[0.2911629484721615, 0.6522902769946987, -0.8874962494592393, 0.5319012826236068]",28.852526929455546,1.7885265829544987
"[0.2911563710239741, 0.6522902855328305, -0.8874968247812193, 0.5319009864853582]",28.852565730189344,1.7885894154358954
"[0.2911497937649917, 0.6522902941482358, -0.8874974001598122, 0.5319006902319474]",28.852604533703712,1.788652247917292
"[0.29114321711150226, 0.652290302840356, -0.8874979755585872, 0.5319003938821426]",28.85264333566218,1.7887150803986887
"[0.2911366402354868, 0.6522903116102803, -0.8874985510499817, 0.5319000973986381]",28.852682141542186,1.7887779128800854
"[0.291130062495022, 0.652290320458873, -0.8874991266901824, 0.5318998007524761]",28.852720948190683,1.7888407453614816
"[0.29112348579394637, 0.6522903293835919, -0.887499702312574, 0.531899504029491]",28.85275975593912,1.7889035778428783
"[0.2911169091378967, 0.65229033838572, -0.8875002780041709, 0.5318992071849055]",28.852798564970268,1.788966410324275
"[0.2911103322022405, 0.6522903474657489, -0.8875008537933906, 0.5318989102040039]",28.85283737304613,1.7890292428056715
"[0.2911037553977416, 0.6522903566230979, -0.8875014296442749, 0.5318986131053471]",28.852876184325865,1.7890920752870683
"[0.29109717844371713, 0.6522903658581598, -0.8875020055813994, 0.5318983158762494]",28.852914997384683,1.789154907768465
"[0.29109060139492665, 0.652290375170858, -0.8875025815999715, 0.5318980185191802]",28.85295381037017,1.7892177402498617
"[0.2910840247444442, 0.6522903845604803, -0.8875031576568027, 0.5318977210564486]",28.852992625761953,1.789280572731258
"[0.29107744773514493, 0.6522903940281192, -0.8875037338182082, 0.5318974234537922]",28.85303144307978,1.7893434052126547
"[0.2910708712622837, 0.6522904035724919, -0.8875043100057585, 0.5318971257517112]",28.853070261258043,1.7894062376940514
"[0.29106429519701627, 0.6522904131937248, -0.8875048862307261, 0.5318968279444499]",28.853109081390564,1.7894690701754479
"[0.29105771801176866, 0.6522904228941033, -0.8875054626269743, 0.53189652996276]",28.853147902400217,1.7895319026568446
"[0.2910511415474971, 0.652290432670905, -0.8875060390331755, 0.5318962318900503]",28.85318672063034,1.7895947351382413
"[0.2910445642693535, 0.6522904425264199, -0.8875066155838552, 0.5318959336567409]",28.853225543097782,1.7896575676196376
"[0.291037987858196, 0.6522904524581138, -0.8875071921316715, 0.5318956353390629]",28.853264368829798,1.7897204001010343
"[0.2910314111872156, 0.652290462467688, -0.8875077687753994, 0.5318953368859036]",28.853303195471657,1.789783232582431
"[0.29102483436469134, 0.6522904725549797, -0.8875083455055511, 0.5318950383021681]",28.853342022300264,1.7898460650638275
"[0.2910182579283271, 0.6522904827191653, -0.8875089222749698, 0.5318947396122653]",28.853380849504543,1.7899088975452242
"[0.29101168114623127, 0.6522904929613572, -0.8875094991478435, 0.5318944407829737]",28.85341967779212,1.789971730026621
"[0.2910051043039354, 0.6522905032811334, -0.8875100760991324, 0.5318941418272334]",28.85345851007368,1.7900345625080172
"[0.2909985277814259, 0.6522905136778869, -0.8875106530954973, 0.5318938427623283]",28.853497340685298,1.790097394989414
"[0.2909919511487091, 0.6522905241522918, -0.8875112301746605, 0.5318935435687101]",28.853536172653993,1.7901602274708106
"[0.29098537551947223, 0.6522905347025597, -0.8875118072388828, 0.531893244297065]",28.853575009497167,1.790223059952207
"[0.2909787992310376, 0.6522905453313471, -0.8875123844340717, 0.5318929448717328]",28.853613845378373,1.7902858924336038
"[0.2909722224374115, 0.6522905560384273, -0.8875129617467288, 0.5318926452996882]",28.853652683993882,1.7903487249150005
"[0.29096564603421143, 0.6522905668223439, -0.8875135390982367, 0.5318923456217196]",28.853691521323203,1.7904115573963972
"[0.2909590697534156, 0.6522905776835252, -0.8875141165121174, 0.5318920458256288]",28.853730360783853,1.7904743898777935
"[0.2909524930040716, 0.6522905886229519, -0.8875146940402623, 0.5318917458844631]",28.853769202516357,1.7905372223591902
"[0.2909459169317241, 0.6522905996387303, -0.8875152715820723, 0.5318914458504512]",28.853808043903474,1.790600054840587
"[0.2909393403875796, 0.652290610732733, -0.8875158492384373, 0.5318911456712401]",28.853846887829622,1.7906628873219834
"[0.2909327641322157, 0.6522906219037247, -0.8875164269425524, 0.5318908453814827]",28.85388573145756,1.7907257198033801
"[0.29092618802585696, 0.6522906331519222, -0.8875170047066885, 0.531890544974822]",28.85392457877339,1.7907885522847768
"[0.2909196114027072, 0.6522906444784633, -0.8875175825893465, 0.5318902444208385]",28.853963428242682,1.7908513847661731
"[0.2909130346251388, 0.652290655882744, -0.8875181605586956, 0.5318899437360607]",28.85400227758857,1.7909142172475698
"[0.29090645941311816, 0.6522906673617423, -0.8875187384635601, 0.5318896429991782]",28.854041127976483,1.7909770497289668
"[0.29089988352799534, 0.6522906789193631, -0.8875193165006832, 0.5318893421078069]",28.854079977469247,1.791039882210363
"[0.2908933067882597, 0.6522906905559432, -0.8875198946860436, 0.5318890410536059]",28.854118829997827,1.7911027146917597
"[0.2908867304533544, 0.6522907022692654, -0.8875204729089267, 0.5318887398942076]",28.85415768584775,1.7911655471731565
"[0.29088015423109775, 0.6522907140598385, -0.8875210511950132, 0.5318884386162454]",28.854196539500975,1.7912283796545527
"[0.2908735783621976, 0.6522907259272213, -0.8875216295231273, 0.5318881372307591]",28.85423539840948,1.7912912121359497
"[0.29086700280949923, 0.6522907378714681, -0.8875222078965247, 0.5318878357360621]",28.854274255150692,1.7913540446173464
"[0.29086042635294923, 0.6522907498948034, -0.8875227864225282, 0.5318875340761967]",28.854313116472476,1.7914168770987426
"[0.29085385074280196, 0.652290761994032, -0.8875233649471694, 0.5318872323314378]",28.854351975597318,1.7914797095801394
"[0.2908472744501872, 0.6522907741719535, -0.8875239436049553, 0.5318869304316415]",28.854390838615952,1.791542542061536
"[0.29084069785630984, 0.6522907864278872, -0.8875245223623586, 0.5318866283942676]",28.854429701076302,1.7916053745429328
"[0.290834122676364, 0.6522907987586128, -0.8875251010684189, 0.5318863262981215]",28.85446856597196,1.7916682070243293
"[0.2908275462086749, 0.6522908111691932, -0.8875256799609176, 0.5318860240190775]",28.854507432333342,1.791731039505726
"[0.29082097039628874, 0.6522908236559803, -0.8875262588688277, 0.5318857216464146]",28.85454629954524,1.7917938719871227
"[0.2908143945922237, 0.6522908362201673, -0.8875268378490957, 0.5318854191504272]",28.854585168319822,1.791856704468519
"[0.2908078187480479, 0.6522908488618678, -0.8875274169059849, 0.5318851165288585]",28.85462403669544,1.7919195369499157
"[0.290801243436326, 0.6522908615799644, -0.8875279959890682, 0.5318848138080783]",28.854662907635635,1.7919823694313124
"[0.2907946670304967, 0.6522908743776152, -0.887528575241603, 0.53188451091318]",28.854701780407733,1.7920452019127089
"[0.2907880912792492, 0.6522908872514146, -0.887529154509572, 0.5318842079247009]",28.854740654505434,1.7921080343941056
"[0.2907815156742265, 0.6522909002023521, -0.8875297338377424, 0.5318839048192273]",28.85477952898646,1.7921708668755023
"[0.2907749397300181, 0.6522909132313924, -0.8875303132688821, 0.5318836015743685]",28.85481840567702,1.7922336993568986
"[0.29076836349208945, 0.6522909263384264, -0.8875308927989962, 0.531883298192237]",28.854857283560467,1.7922965318382953
"[0.29076178843083295, 0.6522909395205679, -0.8875314722984882, 0.5318829947406152]",28.854896162305483,1.792359364319692
"[0.29075521226733014, 0.6522909527822934, -0.8875320519682152, 0.5318826911144366]",28.854935044102895,1.7924221968010885
"[0.2907486364790608, 0.6522909661206854, -0.8875326316779502, 0.5318823873818334]",28.854973925702136,1.7924850292824852
"[0.29074206142958714, 0.6522909795350074, -0.8875332113956224, 0.5318820835596016]",28.85501280821186,1.792547861763882
"[0.29073548511756375, 0.6522909930293145, -0.8875337912976979, 0.5318817795552904]",28.855051691597236,1.7926106942452786
"[0.2907289097872004, 0.6522910065990185, -0.887534371186285, 0.5318814754726162]",28.855090574049253,1.792673526726675
"[0.2907223339721333, 0.65229102024714, -0.8875349511906959, 0.5318811712437737]",28.855129463498447,1.7927363592080716
"[0.29071575805065586, 0.6522910339729003, -0.8875355312775728, 0.5318808668862488]",28.85516835205074,1.7927991916894683
"[0.2907091832808616, 0.6522910477736502, -0.8875361113359169, 0.5318805624583031]",28.855207241881903,1.7928620241708648
"[0.2907026080171087, 0.6522910616528339, -0.8875366915109018, 0.531880257883753]",28.855246131423957,1.7929248566522615
"[0.2906960318688458, 0.6522910756113028, -0.8875372718370117, 0.5318799531444621]",28.855285023073602,1.7929876891336582
"[0.2906894563913498, 0.6522910896457479, -0.887537852177, 0.531879648312506]",28.855323917770445,1.7930505216150545
"[0.2906828810248237, 0.652291103757365, -0.8875384325802598, 0.5318793433619351]",28.855362811148176,1.7931133540964512
"[0.29067630538387834, 0.6522911179469606, -0.8875390130808114, 0.5318790382748962]",28.85540170835301,1.793176186577848
"[0.29066972960587456, 0.6522911322142679, -0.8875395936665337, 0.5318787330577203]",28.85544060375992,1.7932390190592444
"[0.290663154504166, 0.6522911465574934, -0.8875401742656055, 0.5318784277481952]",28.855479501575225,1.7933018515406411
"[0.2906565793361254, 0.6522911609782694, -0.8875407549435911, 0.5318781223118232]",28.855518401730897,1.7933646840220379
"[0.29065000359213783, 0.652291175477683, -0.887541335745508, 0.531877816724961]",28.85555730491141,1.7934275165034341
"[0.2906434287866916, 0.652291190052424, -0.8875419165375809, 0.5318775110579531]",28.855596205167203,1.7934903489848308
"[0.29063685317351917, 0.652291204706348, -0.8875424974740649, 0.5318772052296313]",28.855635110041547,1.7935531814662276
"[0.2906302784104501, 0.6522912194357587, -0.8875430784084954, 0.5318768993170988]",28.85567401435784,1.793616013947624
"[0.2906237026368721, 0.6522912342448272, -0.8875436595052736, 0.5318765932337776]",28.855712922845306,1.7936788464290208
"[0.29061712746841334, 0.6522912491299201, -0.8875442406216338, 0.5318762870548582]",28.855751828393142,1.7937416789104175
"[0.2906105520804527, 0.6522912640928942, -0.887544821830449, 0.5318759807419523]",28.855790736851837,1.7938045113918142
"[0.2906039764158836, 0.6522912791338908, -0.8875454031367754, 0.5318756742923797]",28.855829648187086,1.7938673438732105
"[0.29059740139681883, 0.6522912942507926, -0.8875459844590876, 0.5318753677491231]",28.855868558930293,1.7939301763546072
"[0.29059082656930724, 0.652291309444631, -0.8875465658375071, 0.531875061091036]",28.85590747272293,1.7939930088360039
"[0.290584251362856, 0.6522913247167114, -0.8875471473224811, 0.5318747542915208]",28.855946385630457,1.7940558413174004
"[0.29057767657401035, 0.6522913400651957, -0.8875477288435668, 0.5318744473877265]",28.855985300737615,1.794118673798797
"[0.2905711014007044, 0.6522913554919535, -0.8875483104717019, 0.5318741403422143]",28.856024216640122,1.7941815062801938
"[0.2905645254753821, 0.652291370997874, -0.8875488922394168, 0.5318738331377768]",28.856063134334132,1.79424433876159
"[0.2905579504439542, 0.6522913865790432, -0.8875494740010984, 0.5318735258513423]",28.85610205469457,1.7943071712429868
"[0.29055137614818277, 0.6522914022358367, -0.887550055770718, 0.5318732184755235]",28.856140977210504,1.7943700037243835
"[0.290544800915212, 0.6522914179722292, -0.8875506376963123, 0.5318729109321133]",28.856179897840303,1.79443283620578
"[0.2905382258733258, 0.6522914337855339, -0.8875512196780364, 0.531872603273861]",28.856218820245132,1.7944956686871767
"[0.2905316507487301, 0.6522914496764055, -0.8875518017401227, 0.5318722954879561]",28.85625774553866,1.7945585011685734
"[0.29052507606835426, 0.6522914656435633, -0.8875523838359181, 0.5318719875990737]",28.856296670634716,1.7946213336499697
"[0.2905185007561131, 0.6522914816896239, -0.8875529660606963, 0.5318716795568126]",28.856335598761312,1.7946841661313664
"[0.29051192601132086, 0.6522914978116594, -0.8875535483082629, 0.5318713714173561]",28.856374524972036,1.794746998612763
"[0.2905053510345171, 0.6522915140116465, -0.8875541306494089, 0.5318710631432148]",28.85641345726375,1.7948098310941598
"[0.29049877625244347, 0.6522915302884651, -0.8875547130463411, 0.5318707547544775]",28.85645238832425,1.7948726635755563
"[0.29049220103726076, 0.6522915466437408, -0.8875552955546737, 0.5318704462216036]",28.856491321343082,1.794935496056953
"[0.29048562647428217, 0.6522915630747466, -0.8875558780782535, 0.5318701375955516]",28.8565302534676,1.7949983285383497
"[0.2904790517697098, 0.6522915795834595, -0.8875564606874042, 0.531869828839067]",28.856569188357437,1.795061161019746
"[0.2904724771487187, 0.6522915961693031, -0.8875570433621728, 0.5318695199627342]",28.856608123380177,1.7951239935011427
"[0.2904659022828333, 0.6522916128331193, -0.8875576261316712, 0.5318692109511011]",28.856647062814126,1.7951868259825396
"[0.29045932748019554, 0.6522916295741257, -0.8875582089685897, 0.5318689018186471]",28.856686000862794,1.795249658463936
"[0.2904527520672527, 0.6522916463940452, -0.8875587919326452, 0.5318685925336869]",28.85672494198901,1.7953124909453326
"[0.29044617756432234, 0.6522916632889834, -0.8875593748890436, 0.5318682831677362]",28.856763882135972,1.7953753234267293
"[0.29043960251061374, 0.652291680262685, -0.8875599579673048, 0.5318679736520677]",28.856802824576892,1.7954381559081258
"[0.29043302862641096, 0.6522916973107363, -0.8875605410148608, 0.5318676640676295]",28.856841768424204,1.7955009883895225
"[0.29042645369652975, 0.6522917144387655, -0.8875611242281823, 0.5318673543102417]",28.856880716353636,1.7955638208709193
"[0.2904198797062723, 0.6522917316417144, -0.8875617074311631, 0.5318670444732935]",28.85691966200255,1.7956266533523155
"[0.2904133049520393, 0.6522917489240029, -0.887562290774934, 0.5318667344765373]",28.856958608231217,1.7956894858337122
"[0.2904067303706652, 0.6522917662831684, -0.8875628741763835, 0.5318664243641363]",28.85699755965203,1.795752318315109
"[0.2904001554640473, 0.6522917837205364, -0.8875634576797132, 0.5318661141125806]",28.85703650845396,1.7958151507965054
"[0.2903935807269532, 0.6522918012347935, -0.8875640412410158, 0.5318658037452128]",28.85707545811414,1.7958779832779022
"[0.29038700612706847, 0.6522918188260184, -0.8875646248631531, 0.5318654932605159]",28.857114414791535,1.7959408157592989
"[0.2903804315827642, 0.6522918364944403, -0.8875652085533671, 0.5318651826546196]",28.857153369005168,1.7960036482406956
"[0.29037385711582847, 0.6522918542399552, -0.8875657923097224, 0.5318648719286062]",28.85719232524125,1.7960664807220919
"[0.29036728278400037, 0.6522918720624448, -0.8875663761270852, 0.5318645610851577]",28.857231279233503,1.7961293132034886
"[0.2903607085635104, 0.6522918899619555, -0.8875669600075627, 0.5318642501231704]",28.85727024083769,1.7961921456848853
"[0.2903541342782346, 0.6522919079389589, -0.8875675439667959, 0.5318639390343198]",28.857309198795893,1.7962549781662818
"[0.2903475597593803, 0.6522919259939262, -0.8875681280197815, 0.531863627810602]",28.857348159618763,1.7963178106476785
"[0.290340985789744, 0.6522919441247005, -0.8875687120969725, 0.5318633164890811]",28.857387125061447,1.7963806431290752
"[0.2903344108622148, 0.6522919623354435, -0.8875692963322783, 0.5318630049983728]",28.857426084358234,1.7964434756104715
"[0.29032783648587, 0.6522919806219823, -0.8875698805916107, 0.5318626934099555]",28.857465049487324,1.7965063080918682
"[0.2903212620693045, 0.6522919989859518, -0.8875704649275179, 0.5318623816958131]",28.85750401469345,1.7965691405732649
"[0.2903146875742795, 0.6522920174274582, -0.8875710493433996, 0.5318620698541292]",28.857542984617222,1.7966319730546614
"[0.29030811317115085, 0.6522920359460247, -0.8875716338241121, 0.5318617578929796]",28.8575819514638,1.796694805536058
"[0.2903015391493087, 0.6522920545408251, -0.8875722183439191, 0.5318614458261101]",28.857620922699397,1.7967576380174548
"[0.2902949648513413, 0.6522920732137165, -0.8875728029612706, 0.5318611336223127]",28.857659894679987,1.796820470498851
"[0.29028839098918735, 0.6522920919626868, -0.887573387612854, 0.5318608213153837]",28.857698865048686,1.7968833029802478
"[0.29028181662856184, 0.6522921107903737, -0.887573972381762, 0.5318605088609645]",28.85773783921729,1.7969461354616445
"[0.29027524292770623, 0.6522921296934563, -0.8875745571649692, 0.5318601963141067]",28.857776815948235,1.797008967943041
"[0.29026866809471025, 0.6522921486771227, -0.8875751421218858, 0.5318598835895637]",28.85781579246076,1.7970718004244377
"[0.2902620946233742, 0.6522921677341504, -0.8875757270306374, 0.5318595708059751]",28.85785477015207,1.7971346329058344
"[0.2902555197854035, 0.6522921868724519, -0.887576312133987, 0.5318592578335147]",28.857893750448202,1.7971974653872311
"[0.2902489457248663, 0.6522922060857907, -0.8875768972411401, 0.5318589447742309]",28.857932729892692,1.7972602978686274
"[0.2902423720578905, 0.6522922253752723, -0.8875774823862421, 0.5318586316098678]",28.857971711983502,1.7973231303500241
"[0.2902357978256937, 0.6522922447437098, -0.88757806765464, 0.5318583182947464]",28.858010695792764,1.7973859628314208
"[0.2902292243937731, 0.6522922641870759, -0.8875786529247657, 0.5318580048939463]",28.85804967876813,1.7974487953128173
"[0.29022264951228516, 0.6522922837120345, -0.8875792383969461, 0.5318576913001845]",28.858088664855426,1.797511627794214
"[0.2902160756031927, 0.6522923033114216, -0.8875798238555188, 0.5318573776289366]",28.858127652639784,1.7975744602756107
"[0.2902095017115756, 0.6522923229880128, -0.8875804093855124, 0.5318570638347292]",28.858166640106496,1.797637292757007
"[0.2902029274989717, 0.6522923427428615, -0.8875809950170759, 0.5318567499013522]",28.858205629864607,1.7977001252384037
"[0.2901963532359419, 0.652292362575165, -0.8875815807261134, 0.531856435841707]",28.85824461990751,1.7977629577198004
"[0.2901897801467509, 0.6522923824812011, -0.8875821664035343, 0.5318561217143178]",28.858283610913546,1.797825790201197
"[0.2901832056150783, 0.6522924024688977, -0.8875827522824622, 0.5318558073941407]",28.858322606283323,1.7978886226825936
"[0.2901766317577822, 0.6522924225318291, -0.8875833381742688, 0.5318554929823592]",28.858361600650557,1.7979514551639904
"[0.29017005843822535, 0.6522924426703922, -0.8875839240911111, 0.5318551784724674]",28.858400598325414,1.7980142876453866
"[0.2901634846384129, 0.6522924628877025, -0.8875845101237266, 0.5318548638157597]",28.85843959551361,1.7980771201267833
"[0.2901569107030824, 0.6522924831827103, -0.8875850962413927, 0.5318545490287164]",28.85847859385531,1.79813995260818
"[0.2901503369241545, 0.652292503554513, -0.8875856824180811, 0.5318542341253149]",28.85851759246055,1.7982027850895768
"[0.2901437627977734, 0.6522925240046739, -0.8875862686987227, 0.5318539190814113]",28.858556592266115,1.7982656175709733
"[0.29013718869493654, 0.6522925445320445, -0.8875868550502363, 0.5318536039147731]",28.858595596085756,1.79832845005237
"[0.29013061568066706, 0.6522925651332766, -0.8875874413776124, 0.5318532886764901]",28.858634598716122,1.7983912825337667
"[0.2901240420093193, 0.652292585813835, -0.8875880278365581, 0.531852973282849]",28.858673606437048,1.798454115015163
"[0.2901174678170156, 0.6522926065733228, -0.8875886144149477, 0.5318526577403322]",28.858712611494976,1.7985169474965597
"[0.29011089418834113, 0.6522926274082784, -0.8875892010160101, 0.5318523421010377]",28.858751620968608,1.7985797799779564
"[0.2901043212269257, 0.6522926483183804, -0.8875897876304748, 0.5318520263699384]",28.858790629721046,1.7986426124593529
"[0.2900977472165926, 0.6522926693090944, -0.8875903744115108, 0.531851710464585]",28.85882963674695,1.7987054449407496
"[0.2900911732087139, 0.6522926903770646, -0.887590961265292, 0.5318513944354871]",28.858868649732862,1.7987682774221463
"[0.2900845996281777, 0.6522927115209369, -0.8875915481538807, 0.5318510783030617]",28.858907663710266,1.7988311099035426
"[0.2900780264140793, 0.6522927327408916, -0.8875921350827003, 0.5318507620644005]",28.858946677097563,1.7988939423849393
"[0.2900714531422097, 0.6522927540382577, -0.8875927220896243, 0.5318504456991429]",28.858985693077916,1.798956774866336
"[0.2900648794583858, 0.6522927754142356, -0.8875933092062877, 0.5318501291901715]",28.85902470944347,1.7990196073477325
"[0.29005830574760827, 0.6522927968675558, -0.8875938963983119, 0.5318498125560382]",28.859063727983123,1.7990824398291292
"[0.290051732173408, 0.6522928183976903, -0.8875944836510866, 0.531849495804611]",28.859102746672953,1.799145272310526
"[0.29004515828976796, 0.6522928400060983, -0.8875950710044588, 0.5318491789143956]",28.859141767287777,1.7992081047919222
"[0.29003858518471753, 0.6522928616892005, -0.8875956583612093, 0.5318488619378432]",28.85918079282036,1.7992709372733189
"[0.29003201204821155, 0.65229288344964, -0.8875962457937077, 0.5318485448359284]",28.85921981145751,1.7993337697547158
"[0.29002543830345984, 0.6522929052893481, -0.8875968333535107, 0.5318482275807908]",28.859258837485076,1.7993966022361125
"[0.29001886513263225, 0.6522929272043951, -0.887597420934957, 0.5318479102294827]",28.859297863960695,1.7994594347175088
"[0.29001229099781894, 0.6522929491999142, -0.8875980086755266, 0.5318475927077415]",28.859336891139712,1.7995222671989055
"[0.29000571824163845, 0.6522929712680581, -0.8875985963657771, 0.531847275128723]",28.859375920435607,1.7995850996803022
"[0.28999914452368464, 0.6522929934166798, -0.8875991842149638, 0.5318469573793505]",28.859414947820344,1.7996479321616987
"[0.2899925718990736, 0.652293015638843, -0.8875997720393068, 0.5318466395589732]",28.859453981247118,1.7997107646430954
"[0.28998599836359606, 0.6522930379413282, -0.887600360018049, 0.5318463215706701]",28.85949301493372,1.7997735971244921
"[0.2899794248285491, 0.6522930603210572, -0.8876009480696928, 0.5318460034584983]",28.859532047980206,1.7998364296058884
"[0.2899728519399088, 0.6522930827758161, -0.887601536136439, 0.5318456852537372]",28.85957108210029,1.7998992620872851
"[0.2899662780717862, 0.652293105311166, -0.8876021243637587, 0.5318453668776613]",28.85961011812461,1.7999620945686818
"[0.2899597052499882, 0.6522931279201617, -0.8876027125703808, 0.53184504842838]",28.85964915644623,1.8000249270500783
"[0.2899531313284449, 0.6522931506101709, -0.8876033009483598, 0.5318447298019306]",28.859688193968022,1.800087759531475
"[0.28994655851948925, 0.6522931733735757, -0.887603889299686, 0.5318444111055165]",28.859727234418177,1.8001505920128718
"[0.28993998605616417, 0.6522931962130009, -0.8876044776929869, 0.5318440923019949]",28.859766274613,1.800213424494268
"[0.2899334123454186, 0.6522932191339882, -0.8876050662708935, 0.531843773314077]",28.859805319756497,1.8002762569756647
"[0.28992683934204905, 0.6522932421297405, -0.8876056548583907, 0.5318434542365889]",28.859844364253757,1.8003390894570614
"[0.28992026575130486, 0.6522932652047887, -0.8876062435714159, 0.5318431350066746]",28.859883410117437,1.8004019219384582
"[0.2899136928879121, 0.6522932883544857, -0.8876068322922226, 0.5318428156882178]",28.859922455279094,1.8004647544198547
"[0.28990711940891956, 0.6522933115835892, -0.8876074211410946, 0.5318424962159395]",28.85996150487141,1.8005275869012514
"[0.2899005467207627, 0.6522933348871128, -0.8876080099920397, 0.5318421766582103]",28.860000554894512,1.800590419382648
"[0.28989397411708673, 0.6522933582675468, -0.8876085989083251, 0.5318418569807087]",28.86003960577957,1.8006532518640443
"[0.289887400548472, 0.6522933817286459, -0.8876091879839947, 0.5318415371323569]",28.86007865454196,1.800716084345441
"[0.2898808280826306, 0.6522934052630038, -0.8876097770337532, 0.5318412172137933]",28.860117709663076,1.8007789168268378
"[0.28987425464272365, 0.6522934288780748, -0.8876103662437305, 0.5318408971239026]",28.860156764959658,1.8008417493082343
"[0.28986768193153, 0.6522934525677404, -0.8876109554613015, 0.5318405769455972]",28.860195820464128,1.800904581789631
"[0.28986110888735755, 0.6522934763358175, -0.8876115447816358, 0.5318402566271703]",28.860234877408484,1.8009674142710277
"[0.2898545360850397, 0.6522935001802285, -0.8876121341531957, 0.5318399361966295]",28.86027393544243,1.801030246752424
"[0.28984796267652585, 0.6522935241040551, -0.8876127236520304, 0.5318396156126189]",28.860312995431507,1.8010930792338207
"[0.28984138999852455, 0.6522935481024298, -0.8876133131582614, 0.531839294940331]",28.860352056340847,1.8011559117152174
"[0.2898348173569598, 0.6522935721778709, -0.887613902734127, 0.5318389741459244]",28.860391119581166,1.8012187441966139
"[0.2898282440123078, 0.6522935963331001, -0.887614492445974, 0.5318386531932807]",28.860430183368162,1.8012815766780106
"[0.289821671770821, 0.6522936205614746, -0.8876150821317514, 0.531838332170599]",28.86046924427603,1.8013444091594073
"[0.28981509884974993, 0.6522936448695434, -0.887615671951407, 0.5318380109908276]",28.860508314628444,1.8014072416408036
"[0.289808525569035, 0.6522936692561575, -0.8876162618762459, 0.5318376896695489]",28.86054737971358,1.8014700741222003
"[0.2898019531512839, 0.6522936937167638, -0.8876168517965362, 0.5318373682665485]",28.860586448931937,1.801532906603597
"[0.28979538039811537, 0.652293718255813, -0.8876174418198304, 0.5318370467232353]",28.860625519951906,1.8015957390849937
"[0.2897888079308057, 0.6522937428709861, -0.8876180318903586, 0.531836725069998]",28.86066459132739,1.8016585715663902
"[0.289782234340773, 0.652293767567571, -0.8876186221345951, 0.5318364032378773]",28.860703663535237,1.801721404047787
"[0.2897756623257488, 0.6522937923354235, -0.8876192123103012, 0.5318360813589604]",28.86074273729977,1.8017842365291836
"[0.2897690898029261, 0.6522938171823751, -0.8876198026044975, 0.5318357593312634]",28.860781812432055,1.80184706901058
"[0.2897625173115188, 0.6522938421063922, -0.8876203929687628, 0.5318354371811935]",28.860820888341404,1.8019099014919766
"[0.2897559438524154, 0.6522938671112808, -0.8876209834928559, 0.5318351148597479]",28.860859969318227,1.8019727339733733
"[0.28974937146554447, 0.6522938921892796, -0.8876215739935174, 0.5318347924669522]",28.860899047263402,1.8020355664547698
"[0.28974279841901407, 0.6522939173469826, -0.887622164626344, 0.531834469917869]",28.860938128033062,1.8020983989361665
"[0.28973622650592845, 0.6522939425775233, -0.8876227552302027, 0.5318341473004933]",28.860977210226526,1.8021612314175632
"[0.28972965364755765, 0.6522939678888863, -0.8876233459919016, 0.5318338245127726]",28.86101629213188,1.8022240638989595
"[0.28972308131071645, 0.6522939932753999, -0.8876239367796115, 0.5318335016267633]",28.86105537553541,1.8022868963803562
"[0.28971650886409395, 0.6522940187395235, -0.8876245276500729, 0.5318331786114237]",28.86109446358507,1.802349728861753
"[0.28970993621775465, 0.6522940442816004, -0.8876251186113749, 0.5318328554623356]",28.86113355050545,1.8024125613431494
"[0.28970336421735127, 0.652294069898335, -0.8876257095874753, 0.5318325322210866]",28.8611726367543,1.8024753938245461
"[0.2896967912698732, 0.6522940955959428, -0.8876263007216272, 0.5318322088093127]",28.86121172827974,1.8025382263059428
"[0.2896902188984517, 0.65229412136847, -0.8876268918768543, 0.5318318853019501]",28.86125081688691,1.8026010587873391
"[0.28968364582706874, 0.6522941472209267, -0.887627483167929, 0.5318315616361785]",28.861289908698446,1.8026638912687358
"[0.289677073988105, 0.6522941731456987, -0.887628074421012, 0.5318312379071678]",28.86132900299015,1.8027267237501325
"[0.28967050093561103, 0.6522941991524364, -0.8876286658561579, 0.5318309139944256]",28.861368100114444,1.8027895562315293
"[0.28966392943017333, 0.6522942252302061, -0.8876292572249677, 0.5318305900340029]",28.86140719538576,1.8028523887129257
"[0.28965735635396866, 0.6522942513913839, -0.8876298488080117, 0.5318302658721912]",28.86144629296629,1.8029152211943225
"[0.2896507846062209, 0.6522942776244401, -0.8876304403443608, 0.5318299416519529]",28.86148539010374,1.8029780536757192
"[0.28964421213709113, 0.6522943039375216, -0.8876310320185148, 0.5318296172722031]",28.861524490580795,1.8030408861571154
"[0.28963763950372634, 0.6522943303284379, -0.8876316237803312, 0.5318292927603819]",28.86156359240159,1.8031037186385122
"[0.2896310676774793, 0.6522943567932658, -0.8876322155423433, 0.5318289681644764]",28.86160269613417,1.8031665511199089
"[0.2896244948848075, 0.6522943833391625, -0.8876328074642515, 0.5318286433968655]",28.861641798894656,1.8032293836013054
"[0.28961792325879526, 0.6522944099574761, -0.8876333993539557, 0.5318283185629894]",28.861680903522835,1.803292216082702
"[0.28961135121143694, 0.6522944366546509, -0.887633991354469, 0.531827993584341]",28.861720010534086,1.8033550485640988
"[0.2896047783745508, 0.6522944634321995, -0.8876345834989757, 0.5318276684426815]",28.861759117247644,1.803417881045495
"[0.2895982062745803, 0.6522944902839006, -0.88763517564996, 0.5318273432135204]",28.861798226731043,1.8034807135268918
"[0.2895916341452574, 0.6522945172128716, -0.88763576787645, 0.5318270178589555]",28.861837335648644,1.8035435460082887
"[0.2895850618435709, 0.6522945442197009, -0.8876363601913357, 0.5318266923718994]",28.86187644938846,1.803606378489685
"[0.28957848984555934, 0.6522945713024297, -0.8876369525517122, 0.5318263667759283]",28.86191556492763,1.8036692109710817
"[0.2895719174676251, 0.6522945984638739, -0.8876375450191943, 0.5318260410371727]",28.861954676036206,1.8037320434524784
"[0.2895653450803609, 0.6522946257025082, -0.8876381375603819, 0.5318257151739862]",28.861993793533625,1.803794875933875
"[0.28955877347709363, 0.65229465301503, -0.8876387301037373, 0.5318253892257225]",28.862032907606842,1.8038577084152716
"[0.2895522011706262, 0.6522946804076196, -0.8876393227833548, 0.5318250631186155]",28.86207202701026,1.8039205408966683
"[0.2895456292641836, 0.6522947078756806, -0.8876399154997522, 0.5318247369073981]",28.86211114451862,1.803983373378065
"[0.28953905667795693, 0.6522947354237318, -0.8876405083503197, 0.5318244105384596]",28.86215026687514,1.8040462058594613
"[0.28953248513154195, 0.6522947630445579, -0.8876411011799429, 0.5318240840971973]",28.862189387857224,1.804109038340858
"[0.2895259130303699, 0.6522947907448513, -0.8876416941324617, 0.5318237575044126]",28.86222851351183,1.8041718708222547
"[0.289519341107925, 0.6522948185215292, -0.8876422871417037, 0.5318234307965388]",28.862267637522493,1.8042347033036512
"[0.2895127688941711, 0.6522948463765716, -0.8876428802500836, 0.5318231039502139]",28.862306762525822,1.804297535785048
"[0.2895061972107032, 0.6522948743064976, -0.8876434733834522, 0.5318227770062937]",28.86234589035497,1.8043603682664446
"[0.28949962586200245, 0.6522949023121201, -0.8876440665594406, 0.531822449955075]",28.86238501830713,1.804423200747841
"[0.28949305328142605, 0.65229493040013, -0.887644659919479, 0.5318221227185609]",28.862424149832904,1.8044860332292376
"[0.28948648143931294, 0.6522949585621155, -0.8876452532856968, 0.5318217953948344]",28.862463280327272,1.8045488657106343
"[0.28947990953266334, 0.6522949868015139, -0.8876458467305837, 0.5318214679439063]",28.862502413071663,1.8046116981920308
"[0.2894733374454871, 0.6522950151187993, -0.8876464402646175, 0.5318211403600214]",28.862541546679708,1.8046745306734275
"[0.28946676626581647, 0.6522950435092969, -0.8876470337895231, 0.5318208126973986]",28.86258068255615,1.8047373631548242
"[0.2894601938531666, 0.6522950719822505, -0.8876476274986393, 0.5318204848493047]",28.86261981712982,1.8048001956362205
"[0.2894536223516353, 0.6522951005283761, -0.8876482211982859, 0.5318201569226818]",28.862658955320455,1.8048630281176172
"[0.2894470502085826, 0.652295129154412, -0.8876488150287314, 0.5318198288400572]",28.862698093302416,1.804925860599014
"[0.28944047875821505, 0.6522951578545463, -0.8876494088694202, 0.5318195006680332]",28.86273723325493,1.8049886930804107
"[0.28943390672618796, 0.6522951866343402, -0.8876500028355084, 0.531819172342972]",28.86277637738713,1.8050515255618071
"[0.28942733523514863, 0.6522952154888779, -0.8876505968255333, 0.5318188439209551]",28.86281551764578,1.8051143580432039
"[0.2894207634712212, 0.6522952444217383, -0.8876511909130544, 0.5318185153613004]",28.862854663233858,1.8051771905246006
"[0.2894141920186953, 0.6522952734303108, -0.887651785045252, 0.5318181866932625]",28.86289380844376,1.8052400230059968
"[0.2894076197699754, 0.6522953025195305, -0.8876523793222711, 0.5318178578613837]",28.86293295580377,1.8053028554873936
"[0.2894010482707011, 0.6522953316825433, -0.8876529736043517, 0.5318175289430096]",28.862972103685575,1.8053656879687903
"[0.28939447686796005, 0.6522953609222304, -0.8876535679505239, 0.5318171999054835]",28.863011251554514,1.8054285204501868
"[0.2893879052801768, 0.6522953902398453, -0.8876541623862558, 0.5318168707347011]",28.863050403826005,1.8054913529315835
"[0.28938133368282637, 0.6522954196346072, -0.8876547568956765, 0.5318165414394453]",28.863089554583684,1.8055541854129802
"[0.2893747617309973, 0.6522954491080644, -0.8876553515099942, 0.531816212002421]",28.86312870816816,1.8056170178943765
"[0.28936819086520804, 0.6522954786537433, -0.8876559460988614, 0.5318158824958554]",28.863167860964708,1.8056798503757732
"[0.2893616188727144, 0.6522955082815987, -0.8876565408625066, 0.5318155528087771]",28.86320701884308,1.8057426828571699
"[0.28935504695076775, 0.6522955379862333, -0.8876571356925952, 0.5318152230012367]",28.86324617571486,1.8058055153385664
"[0.2893484751603152, 0.652295567767383, -0.887657730583607, 0.5318148930762765]",28.86328533429249,1.805868347819963
"[0.289341904118811, 0.6522955976222317, -0.8876583254796331, 0.5318145630649194]",28.863324493271573,1.8059311803013598
"[0.2893353325346792, 0.6522956275566346, -0.8876589204975996, 0.5318142329023138]",28.863363654852623,1.805994012782756
"[0.2893287610973042, 0.6522956575674881, -0.8876595155750915, 0.531813902623045]",28.863402818220653,1.8060568452641528
"[0.2893221896505246, 0.6522956876554357, -0.8876601107262497, 0.5318135722193462]",28.863441980542067,1.8061196777455495
"[0.28931561849665666, 0.6522957178191423, -0.8876607059236868, 0.5318132417063566]",28.863481145200705,1.8061825102269462
"[0.28930904656072814, 0.6522957480635396, -0.8876613012647783, 0.531812911030005]",28.863520312062146,1.8062453427083427
"[0.28930247534513814, 0.6522957783817092, -0.8876618966134255, 0.5318125802658875]",28.86355947941332,1.8063081751897394
"[0.28929590413359707, 0.652295808776943, -0.88766249203451, 0.5318122493779674]",28.863598647577216,1.8063710076711361
"[0.289289332948701, 0.6522958392491346, -0.8876630875259832, 0.5318119183673822]",28.86363781837395,1.8064338401525324
"[0.28928276115373835, 0.652295869801245, -0.8876636831455549, 0.5318115872020402]",28.863676989446844,1.806496672633929
"[0.28927619020789996, 0.6522959004264866, -0.8876642787609682, 0.5318112559554768]",28.863716163757505,1.8065595051153258
"[0.2892696189104582, 0.6522959311304447, -0.8876648744810537, 0.5318109245671758]",28.86375533588702,1.8066223375967223
"[0.2892630468038976, 0.6522959619152785, -0.8876654703473054, 0.5318105930140271]",28.863794512791106,1.806685170078119
"[0.2892564756512944, 0.652295992772722, -0.8876660661998697, 0.5318102613849827]",28.863833686317935,1.8067480025595157
"[0.2892499045705725, 0.652296023706905, -0.8876666621187118, 0.5318099296355449]",28.863872864790135,1.806810835040912
"[0.28924333405016217, 0.6522960547155037, -0.8876672580595262, 0.5318095977904038]",28.863912045200767,1.8068736675223087
"[0.28923676239044327, 0.6522960858065614, -0.887667854176476, 0.5318092657636855]",28.863951226014148,1.8069365000037054
"[0.2892301911865384, 0.6522961169725356, -0.8876684503248773, 0.5318089336359691]",28.863990405477615,1.806999332485102
"[0.2892236198124684, 0.6522961482163921, -0.8876690465615141, 0.5318086013756186]",28.86402959041005,1.8070621649664986
"[0.28921704874427895, 0.6522961795358629, -0.8876696428431915, 0.5318082690067064]",28.864068774401932,1.8071249974478953
"[0.28921047730692406, 0.6522962109341651, -0.8876702392311648, 0.5318079364950856]",28.86410795892043,1.807187829929292
"[0.28920390599575396, 0.6522962424089427, -0.8876708356804818, 0.5318076038658022]",28.864147145140777,1.8072506624106883
"[0.2891973348877374, 0.6522962739597985, -0.8876714321841511, 0.5318072711227867]",28.864186336653162,1.807313494892085
"[0.2891907640680807, 0.6522963055863363, -0.8876720287344282, 0.5318069382703374]",28.864225524212497,1.807376327373482
"[0.28918419290938246, 0.6522963372915712, -0.8876726253882734, 0.531806605276675]",28.86426471688099,1.8074391598548782
"[0.2891776225981122, 0.6522963690697573, -0.887673222037948, 0.5318062722019502]",28.864303908415582,1.807501992336275
"[0.28917105080410244, 0.6522964009321933, -0.8876738188950634, 0.5318059389279952]",28.864343099875402,1.8075648248176717
"[0.2891644796233742, 0.6522964328687086, -0.8876744157692712, 0.5318056055611058]",28.86438229603095,1.807627657299068
"[0.2891579090019843, 0.6522964648795657, -0.8876750126654505, 0.5318052720985506]",28.864421493120545,1.8076904897804649
"[0.28915133779055513, 0.6522964969703469, -0.8876756096880136, 0.5318049384820149]",28.864460689885227,1.8077533222618616
"[0.28914476734933425, 0.652296529134428, -0.8876762067133728, 0.531804604780533]",28.864499887624195,1.8078161547432579
"[0.28913819620729436, 0.6522965613789669, -0.8876768038751924, 0.5318042709194444]",28.86453908962746,1.8078789872246546
"[0.2891316251106067, 0.6522965937003496, -0.8876774011056721, 0.5318039369365938]",28.86457828738639,1.8079418197060513
"[0.2891250535188679, 0.6522966261012305, -0.8876779984539341, 0.5318036028045127]",28.864617492817995,1.8080046521874478
"[0.28911848288376113, 0.652296658574442, -0.8876785957880148, 0.5318032685970251]",28.864656695019818,1.8080674846688445
"[0.289111911903744, 0.6522966911264035, -0.8876791932262258, 0.5318029342479452]",28.864695899928446,1.8081303171502412
"[0.28910534145673195, 0.6522967237527624, -0.887679790688742, 0.531802599801947]",28.864735107418987,1.8081931496316375
"[0.2890987707060723, 0.6522967564576696, -0.8876803882516378, 0.5318022652164456]",28.864774316996712,1.8082559821130342
"[0.28909219926481317, 0.6522967892430821, -0.8876809859501182, 0.5318019304716902]",28.864813521410916,1.808318814594431
"[0.28908562838459484, 0.6522968221027216, -0.8876815836703448, 0.531801595631475]",28.86485273256694,1.8083816470758276
"[0.2890790578758955, 0.6522968550375274, -0.8876821814295404, 0.5318012606861557]",28.864891945252943,1.808444479557224
"[0.28907248675021435, 0.6522968880524813, -0.8876827793176375, 0.5318009255853041]",28.8649311556173,1.8085073120386208
"[0.28906591614424454, 0.6522969211418784, -0.8876833772312115, 0.5318005903868754]",28.86497037341916,1.8085701445200175
"[0.2890593453026298, 0.6522969543094607, -0.8876839752389963, 0.5318002550524094]",28.865009587918017,1.8086329770014138
"[0.2890527744716299, 0.652296987554044, -0.88768457331858, 0.5317999195943971]",28.865048803434128,1.8086958094828105
"[0.2890462038712396, 0.6522970208744912, -0.8876851714499343, 0.5317995840240979]",28.86508802288614,1.8087586419642072
"[0.2890396333098005, 0.6522970542717688, -0.8876857696505015, 0.5317992483317286]",28.865127241548965,1.8088214744456037
"[0.2890330623840764, 0.6522970877479312, -0.8876863679569975, 0.531798912496676]",28.865166462579268,1.8088843069270004
"[0.2890264917636783, 0.6522971212995736, -0.8876869663084513, 0.5317985765531522]",28.86520568379107,1.8089471394083971
"[0.2890199211609214, 0.652297154928137, -0.8876875647310559, 0.5317982404864814]",28.865244909216976,1.8090099718897934
"[0.28901335052033944, 0.652297188633926, -0.8876881632298615, 0.5317979042937984]",28.86528413317377,1.8090728043711901
"[0.2890067795814955, 0.6522972224182753, -0.8876887618285957, 0.531797567961773]",28.865323356741747,1.8091356368525868
"[0.28900020931188886, 0.652297256276202, -0.8876893604391142, 0.5317972315399364]",28.865362583655774,1.8091984693339833
"[0.2889936389165379, 0.652297290211792, -0.8876899591338365, 0.5317968949875969]",28.865401812563,1.80926130181538
"[0.28898706854774436, 0.6522973242242605, -0.887690557898887, 0.5317965583125492]",28.865441041560427,1.8093241342967767
"[0.28898049773163764, 0.6522973583160658, -0.8876911567774552, 0.5317962214904985]",28.865480274807613,1.8093869667781735
"[0.28897392625080937, 0.6522973924883555, -0.887691755789374, 0.5317958845102668]",28.86551950882277,1.8094497992595697
"[0.2889673565559302, 0.652297426728366, -0.8876923547112375, 0.53179554749755]",28.865558738923426,1.8095126317409664
"[0.2889607857015213, 0.652297461051433, -0.8876929538115572, 0.5317952103012715]",28.865597975116554,1.8095754642223632
"[0.2889542155104568, 0.6522974954480447, -0.8876935529241389, 0.5317948730149568]",28.86563720997065,1.8096382967037596
"[0.2889476445239983, 0.6522975299258408, -0.8876941521820015, 0.5317945355637123]",28.86567645034675,1.8097011291851564
"[0.28894107399294894, 0.6522975644782594, -0.887694751471079, 0.5317941980117663]",28.865715686332123,1.809763961666553
"[0.2889345036164799, 0.6522975991068741, -0.8876953508187996, 0.5317938603436747]",28.865754926584454,1.8098267941479493
"[0.28892793354355994, 0.6522976338108899, -0.8876959502115651, 0.531793522567106]",28.865794169005746,1.809889626629346
"[0.2889213626102509, 0.6522976685964632, -0.887696549755571, 0.5317931846222033]",28.865833409816567,1.8099524591107428
"[0.2889147925724158, 0.6522977034542976, -0.8876971492906084, 0.531792846599269]",28.865872655842388,1.8100152915921393
"[0.2889082218320214, 0.6522977383928806, -0.8876977489624976, 0.5317925084160732]",28.865911900567134,1.810078124073536
"[0.2889016517348933, 0.6522977734050139, -0.8876983486484145, 0.53179217014193]",28.865951147335487,1.8101409565549327
"[0.28889508168694455, 0.6522978084938938, -0.8876989484025712, 0.5317918317462169]",28.865990394495878,1.810203789036329
"[0.28888851028822876, 0.6522978436670103, -0.8876995483527839, 0.5317914931568001]",28.86602964563212,1.8102666215177257
"[0.28888194049662935, 0.6522978789085048, -0.8877001482290016, 0.531791154526114]",28.86606889370643,1.8103294539991224
"[0.28887536985378687, 0.6522979142315724, -0.8877007482556796, 0.5317908157274389]",28.866108147341293,1.8103922864805189
"[0.2888687997225426, 0.6522979496288857, -0.8877013483083681, 0.5317904768310416]",28.86614740020827,1.8104551189619156
"[0.28886223004856343, 0.6522979851007216, -0.8877019483920134, 0.5317901378341421]",28.866186653831218,1.8105179514433123
"[0.2888556590819023, 0.6522980206565249, -0.8877025486664714, 0.5317897986464385]",28.866225908846292,1.810580783924709
"[0.28884908918914853, 0.6522980562835117, -0.8877031489155498, 0.5317894593900605]",28.866265166759725,1.8106436164061053
"[0.28884251866529226, 0.6522980919909148, -0.8877037492950174, 0.5317891199769803]",28.866304424841346,1.810706448887502
"[0.28883594879846675, 0.6522981277717335, -0.8877043496871694, 0.5317887804737372]",28.866343683750685,1.8107692813688987
"[0.28882937863234937, 0.652298163631162, -0.8877049501793939, 0.5317884408309281]",28.86638294375806,1.8108321138502952
"[0.2888228079066332, 0.6522981995706415, -0.887705550795495, 0.5317881010350627]",28.866422206994805,1.810894946331692
"[0.28881623827471337, 0.6522982355811399, -0.887706151384329, 0.5317877611716305]",28.866461471224213,1.8109577788130886
"[0.288809667914561, 0.6522982716725662, -0.8877067521124598, 0.5317874211464683]",28.866500736613016,1.8110206112944849
"[0.28880309807724397, 0.6522983078381207, -0.8877073528655021, 0.5317870810242271]",28.866540000945555,1.8110834437758816
"[0.28879652747160256, 0.6522983440848918, -0.8877079537615249, 0.5317867407380815]",28.866579269536306,1.8111462762572783
"[0.28878995724292233, 0.652298380406567, -0.8877085546957949, 0.5317864003473334]",28.866618537500578,1.8112091087386748
"[0.28878338719530794, 0.6522984168042187, -0.8877091556862196, 0.5317860598418466]",28.866657808394493,1.8112719412200715
"[0.2887768174676836, 0.652298453277067, -0.8877097567200817, 0.5317857192288334]",28.866697077808887,1.8113347737014682
"[0.28877024695504694, 0.6522984898312535, -0.8877103578984795, 0.5317853784509902]",28.86673635072959,1.8113976061828645
"[0.2887636775132813, 0.6522985264564474, -0.8877109590516012, 0.5317850376045765]",28.86677562479769,1.8114604386642612
"[0.28875710696072826, 0.6522985631648197, -0.8877115603790838, 0.5317846965763872]",28.86681490051897,1.811523271145658
"[0.28875053741810597, 0.6522985999445438, -0.8877121616868421, 0.5317843554764633]",28.86685417619929,1.8115861036270544
"[0.2887439671146819, 0.6522986368054171, -0.8877127631369517, 0.5317840142130047]",28.86689345421692,1.8116489361084511
"[0.28873739728460657, 0.6522986737406467, -0.887713364616434, 0.5317836728499501]",28.866932733306907,1.8117117685898478
"[0.2887308268756925, 0.6522987107561038, -0.887713966221623, 0.5317833313326775]",28.86697201368264,1.8117746010712446
"[0.28872425679978225, 0.652298747846654, -0.8877145678690306, 0.5317829897085752]",28.8670112964745,1.8118374335526408
"[0.28871768680593773, 0.6522987850137059, -0.8877151695816285, 0.5317826479646043]",28.867050580386326,1.8119002660340378
"[0.2887111173705558, 0.6522988222545526, -0.8877157713157743, 0.5317823061255605]",28.867089860507686,1.8119630985154345
"[0.28870454768037584, 0.6522988595737991, -0.8877163731459534, 0.5317819641491325]",28.867129149097238,1.8120259309968307
"[0.28869797724196894, 0.6522988969742625, -0.8877169751173839, 0.5317816220096061]",28.867168434552394,1.8120887634782274
"[0.2886914074215752, 0.6522989344481687, -0.8877175771048942, 0.5317812797781186]",28.867207720697316,1.8121515959596242
"[0.2886848374498269, 0.6522989719999014, -0.8877181791789718, 0.5317809374145979]",28.867247012771553,1.8122144284410207
"[0.2886782673788164, 0.6522990096291575, -0.8877187813348476, 0.5317805949217601]",28.867286300008054,1.8122772609224174
"[0.28867169781141044, 0.6522990473324733, -0.8877193835172599, 0.5317802523310453]",28.86732559512905,1.812340093403814
"[0.288665127591108, 0.6522990851165006, -0.8877199858322173, 0.5317799095821221]",28.867364887949275,1.8124029258852103
"[0.28865855829024767, 0.6522991229721846, -0.8877205881355735, 0.5317795667570282]",28.867404184596257,1.812465758366607
"[0.28865198868996744, 0.652299160906557, -0.8877211905390672, 0.531779223792148]",28.867443478182686,1.8125285908480038
"[0.2886454187482855, 0.6522991989198131, -0.8877217930465605, 0.5317788806853395]",28.86748277588137,1.8125914233294003
"[0.2886388488966388, 0.6522992370095295, -0.8877223956184875, 0.53177853745904]",28.867522073013852,1.812654255810797
"[0.2886322788925665, 0.6522992751770677, -0.8877229982770886, 0.531778194100633]",28.86756137514005,1.8127170882921937
"[0.28862570942277227, 0.6522993134184343, -0.8877236009593661, 0.5317778506460111]",28.867600672237934,1.8127799207735904
"[0.2886191400600514, 0.6522993517361232, -0.8877242037044996, 0.5317775070728324]",28.86763997489501,1.8128427532549867
"[0.28861256996968887, 0.6522993901350033, -0.8877248065890839, 0.5317771633374343]",28.86767927911023,1.8129055857363834
"[0.2886060001815328, 0.652299428609062, -0.8877254095186252, 0.5317768194936829]",28.867718583194538,1.81296841821778
"[0.28859943042067154, 0.6522994671599058, -0.8877260125183463, 0.5317764755271923]",28.86775789035705,1.8130312506991766
"[0.28859286063834755, 0.6522995057878096, -0.8877266155927216, 0.5317761314354215]",28.867797197605917,1.8130940831805733
"[0.2885862915107376, 0.6522995444887952, -0.8877272186796699, 0.5317757872537887]",28.86783650769579,1.81315691566197
"[0.28857972171737195, 0.6522995832706378, -0.887727821900418, 0.5317754429131114]",28.867875818089836,1.8132197481433663
"[0.28857315254166616, 0.6522996221257629, -0.8877284251371257, 0.5317750984806516]",28.86791512949654,1.813282580624763
"[0.28856658306472377, 0.6522996610595958, -0.8877290284741683, 0.5317747539082407]",28.86795443902791,1.8133454131061597
"[0.28856001260910497, 0.6522997000761753, -0.8877296319737816, 0.5317744091603052]",28.867993754205674,1.8134082455875562
"[0.28855344365722935, 0.6522997391607502, -0.8877302354079444, 0.5317740643671092]",28.868033068605975,1.813471078068953
"[0.28854687397678874, 0.6522997783265864, -0.8877308389817065, 0.5317737194115046]",28.868072385369377,1.8135339105503496
"[0.28854030422722743, 0.6522998175697665, -0.8877314426344955, 0.5317733743280909]",28.868111704271602,1.813596743031746
"[0.2885337351226926, 0.6522998568860158, -0.8877320463006823, 0.5317730291543912]",28.86815102376595,1.8136595755131426
"[0.2885271649206011, 0.6522998962857625, -0.887732650140408, 0.5317726837988365]",28.868190343676677,1.8137224079945393
"[0.2885205958668792, 0.6522999357555457, -0.8877332539472573, 0.5317723383794692]",28.86822966683676,1.8137852404759358
"[0.2885140261397042, 0.6522999753062986, -0.8877338578886773, 0.5317719928005095]",28.868268990079407,1.8138480729573325
"[0.28850745691033625, 0.6523000149309723, -0.8877344618569989, 0.5317716471235604]",28.868308311614243,1.8139109054387292
"[0.288500887358438, 0.6523000546345141, -0.8877350659276394, 0.531771301305454]",28.868347639208306,1.813973737920126
"[0.2884943174965488, 0.6523000944168486, -0.8877356700994554, 0.5317709553468424]",28.868386966358525,1.8140365704015222
"[0.2884877485677303, 0.6523001342704476, -0.8877362742581225, 0.5317706093131856]",28.86842629326721,1.814099402882919
"[0.2884811791142314, 0.652300174204141, -0.8877368785377049, 0.5317702631277106]",28.868465621846966,1.8141622353643156
"[0.2884746099220817, 0.6523002142131571, -0.8877374828659056, 0.5317699168318254]",28.868504954192655,1.8142250678457121
"[0.2884680404560439, 0.6523002543007538, -0.8877380872919622, 0.5317695703973132]",28.868544283881814,1.8142879003271088
"[0.28846147124705557, 0.6523002944637055, -0.8877386917670245, 0.5317692238521521]",28.868583618368316,1.8143507328085056
"[0.28845490187501127, 0.6523003347045359, -0.8877392963297484, 0.5317688771742326]",28.868622952442003,1.8144135652899018
"[0.2884483320178309, 0.6523003750252679, -0.8877399010097824, 0.5317685303464891]",28.868662291349686,1.8144763977712985
"[0.28844176327978827, 0.6523004154160321, -0.8877405056594607, 0.5317681834536423]",28.868701628973934,1.8145392302526953
"[0.28843519372549886, 0.6523004558887242, -0.8877411104569288, 0.53176783639349]",28.868740966998335,1.8146020627340917
"[0.2884286248144444, 0.6523004964343526, -0.8877417152678277, 0.5317674892431307]",28.868780305766116,1.8146648952154885
"[0.2884220549645473, 0.6523005370626817, -0.8877423202378264, 0.5317671419189509]",28.868819647335066,1.8147277276968852
"[0.2884154855527602, 0.6523005777652233, -0.8877429252401381, 0.5317667944937056]",28.868858988352063,1.8147905601782814
"[0.2884089167555554, 0.6523006185408287, -0.8877435302584935, 0.5317664469767991]",28.86889833040856,1.8148533926596782
"[0.2884023472468909, 0.6523006593977638, -0.8877441354150275, 0.5317660992980322]",28.868937679095644,1.8149162251410749
"[0.288395778321733, 0.6523007003279708, -0.8877447405904544, 0.5317657515259394]",28.86897702284907,1.8149790576224716
"[0.2883892088589906, 0.6523007413384097, -0.8877453458880562, 0.5317654036011967]",28.869016371899743,1.815041890103868
"[0.2883826398996323, 0.6523007824226074, -0.8877459512119186, 0.5317650555788993]",28.869055719891787,1.8151047225852648
"[0.28837607051710695, 0.6523008235863478, -0.887746556647421, 0.5317647074099703]",28.869095072068944,1.8151675550666615
"[0.2883695014464649, 0.6523008648250261, -0.8877471621268216, 0.5317643591333615]",28.86913442344297,1.8152303875480578
"[0.28836293281194597, 0.6523009061378484, -0.8877477676386566, 0.5317640107556773]",28.86917377367333,1.8152932200294545
"[0.2883563630842738, 0.6523009475344476, -0.8877483733239072, 0.5317636621957862]",28.8692131282152,1.8153560525108512
"[0.2883497943521534, 0.6523009890016539, -0.88774897899001, 0.5317633135645112]",28.869252485380393,1.8154188849922477
"[0.2883432254903288, 0.6523010305465551, -0.8877495847407034, 0.5317629648021522]",28.869291839738572,1.8154817174736444
"[0.2883366563100434, 0.6523010721703612, -0.8877501905934005, 0.531762615898661]",28.86933120043615,1.815544549955041
"[0.2883300866351852, 0.6523011138741961, -0.8877507965643555, 0.5317622668446659]",28.869370559465242,1.8156073824364374
"[0.28832351842321385, 0.6523011556456165, -0.8877514024730007, 0.5317619177441931]",28.869409917734238,1.815670214917834
"[0.2883169489437716, 0.652301197501982, -0.8877520085712037, 0.531761568452128]",28.869449281776102,1.815733047399231
"[0.28831037980772206, 0.6523012394330472, -0.8877526147103607, 0.5317612190540872]",28.869488642752316,1.8157958798806273
"[0.2883038113378899, 0.6523012814367242, -0.8877532208606674, 0.5317608695672776]",28.869528006830024,1.815858712362024
"[0.28829724186666733, 0.6523013235236977, -0.8877538271760177, 0.5317605199029406]",28.86956737423621,1.8159215448434207
"[0.2882906726243099, 0.6523013656860861, -0.8877544335428807, 0.5317601701265489]",28.869606740292543,1.815984377324817
"[0.2882841043822294, 0.652301407918901, -0.8877550398900311, 0.5317598202792262]",28.869646107977214,1.816047209806214
"[0.28827753507694587, 0.6523014502354406, -0.8877556464079578, 0.5317594702510248]",28.869685478087256,1.8161100422876106
"[0.28827096577862443, 0.6523014926288148, -0.8877562529978739, 0.5317591200989502]",28.86972485040139,1.8161728747690074
"[0.2882643969183448, 0.6523015350962351, -0.887756859619967, 0.5317587698459878]",28.869764224278605,1.8162357072504036
"[0.2882578285228822, 0.6523015776375259, -0.8877574662717475, 0.5317584194935707]",28.86980359475963,1.8162985397318003
"[0.28825125946281954, 0.652301620259975, -0.8877580730575312, 0.5317580689814864]",28.869842969710863,1.816361372213197
"[0.28824469027437305, 0.652301662960114, -0.8877586799278007, 0.5317577183383229]",28.869882347474714,1.8164242046945935
"[0.2882381220686766, 0.6523017057307342, -0.8877592867798907, 0.5317573676233764]",28.869921725059697,1.8164870371759902
"[0.2882315529259339, 0.652301748584323, -0.8877598937911751, 0.5317570167341513]",28.869961101951816,1.816549869657387
"[0.2882249839342259, 0.6523017915137942, -0.8877605008611241, 0.5317566657287436]",28.8700004826906,1.8166127021387832
"[0.28821841460982794, 0.6523018345223119, -0.8877611080344425, 0.5317563145812991]",28.87003986554858,1.81667553462018
"[0.2882118465341373, 0.6523018775995033, -0.8877617151649534, 0.5317559633763737]",28.870079247703302,1.8167383671015767
"[0.2882052772256095, 0.6523019207616444, -0.8877623224820402, 0.5317556119812721]",28.870118630102407,1.8168011995829731
"[0.2881987080817159, 0.6523019639995707, -0.8877629298565279, 0.5317552604707136]",28.870158014694212,1.8168640320643699
"[0.2881921402082611, 0.6523020073059781, -0.8877635371861498, 0.5317549089039079]",28.870197401271568,1.8169268645457666
"[0.28818557119798044, 0.6523020506967357, -0.887764144693502, 0.5317545571519992]",28.870236788448437,1.8169896970271628
"[0.2881790028073908, 0.6523020941602488, -0.8877647522161493, 0.5317542053090293]",28.87027617967115,1.8170525295085596
"[0.2881724338891962, 0.6523021377041112, -0.8877653598602032, 0.5317538533135356]",28.870315566901184,1.8171153619899563
"[0.2881658651911598, 0.6523021813233594, -0.887765967556499, 0.5317535012055904]",28.8703549619379,1.8171781944713528
"[0.28815929635483095, 0.6523022250204003, -0.8877665753381945, 0.5317531489659445]",28.870394352394165,1.8172410269527495
"[0.288152727751968, 0.6523022687926974, -0.8877671831708934, 0.5317527966146067]",28.870433747420567,1.8173038594341462
"[0.28814615900559376, 0.6523023126428179, -0.8877677910894742, 0.5317524441312866]",28.870473144163263,1.817366691915543
"[0.2881395898613632, 0.6523023565724471, -0.8877683991174857, 0.5317520915023436]",28.870512537732147,1.8174295243969392
"[0.2881330218912305, 0.6523024005710623, -0.887769007109416, 0.5317517388121746]",28.870551936909287,1.8174923568783359
"[0.28812645220910216, 0.6523024446580035, -0.8877696153324374, 0.5317513859057863]",28.87059133554174,1.8175551893597326
"[0.28811988431130436, 0.6523024888098067, -0.8877702234628562, 0.5317510329709918]",28.87063073703809,1.817618021841129
"[0.2881133159262586, 0.6523025330417171, -0.8877708317109791, 0.5317506798857605]",28.870670139769885,1.8176808543225258
"[0.28810674682024245, 0.6523025773553301, -0.8877714400984686, 0.5317503266374912]",28.87070954337682,1.8177436868039225
"[0.2881001783738932, 0.6523026217413317, -0.8877720484974588, 0.5317499733004234]",28.870748945636084,1.8178065192853188
"[0.28809360987651783, 0.6523026662045134, -0.8877726569737664, 0.5317496198363414]",28.870788352846265,1.8178693517667155
"[0.2880870413053115, 0.6523027107450297, -0.887773265529506, 0.5317492662440131]",28.870827758851128,1.8179321842481122
"[0.2880804726234025, 0.6523027553631336, -0.8877738741680948, 0.5317489125214461]",28.870867167415224,1.8179950167295087
"[0.2880739041361904, 0.6523028000567483, -0.8877744828612336, 0.5317485586850862]",28.870906579071992,1.8180578492109054
"[0.28806733590833383, 0.6523028448254372, -0.8877750916029212, 0.5317482047384127]",28.87094598941349,1.8181206816923021
"[0.28806076709237016, 0.6523028896749432, -0.8877757004717067, 0.5317478506357922]",28.870985402462335,1.8181835141736984
"[0.28805419919049574, 0.652302934595042, -0.8877763093283423, 0.5317474964581635]",28.871024812530923,1.818246346655095
"[0.28804763046512444, 0.6523029795976006, -0.8877769183339037, 0.5317471421118439]",28.871064227280698,1.8183091791364918
"[0.2880410615473395, 0.6523030246783142, -0.8877775274298977, 0.5317467876308442]",28.871103646972617,1.8183720116178885
"[0.288034493801439, 0.6523030698278002, -0.8877781364898034, 0.5317464330888141]",28.87114306342903,1.818434844099285
"[0.2880279254367151, 0.652303115058362, -0.8877787456796725, 0.5317460783890954]",28.871182482205647,1.8184976765806817
"[0.2880213566162251, 0.6523031603688856, -0.8877793549843991, 0.5317457235404726]",28.871221902419666,1.8185605090620784
"[0.2880147884348114, 0.652303205751824, -0.8877799643024246, 0.5317453686020807]",28.87126132231158,1.8186233415434747
"[0.28800822001066073, 0.6523032512132579, -0.887780573715546, 0.5317450135262817]",28.871300746157242,1.8186861740248714
"[0.28800165137578876, 0.6523032967529736, -0.8877811832207994, 0.5317446583147909]",28.87134017112135,1.8187490065062681
"[0.28799508330840057, 0.6523033423655691, -0.8877817927459684, 0.5317443030096979]",28.8713795947135,1.8188118389876646
"[0.2879885147820691, 0.6523033880581702, -0.8877824023863039, 0.5317439475554785]",28.871419023255452,1.8188746714690613
"[0.28798194642421454, 0.6523034338264124, -0.8877830120835775, 0.5317435919860797]",28.871458449510367,1.818937503950458
"[0.28797537845922616, 0.652303479668725, -0.8877836218169505, 0.5317432363136575]",28.871497878802845,1.8190003364318543
"[0.28796881016716985, 0.6523035255901308, -0.8877842316532559, 0.5317428804992264]",28.871537309880907,1.819063168913251
"[0.28796224209863996, 0.6523035715867808, -0.8877848415413743, 0.5317425245726077]",28.871576739928408,1.8191260013946478
"[0.287955672829387, 0.6523036176686637, -0.8877854516135718, 0.5317421684565933]",28.87161617508402,1.8191888338760442
"[0.2879491052989163, 0.6523036638151519, -0.8877860615968536, 0.5317418123105414]",28.87165560766304,1.819251666357441
"[0.28794253677100634, 0.6523037100454548, -0.8877866717453433, 0.531741455986094]",28.871695044188638,1.8193144988388377
"[0.28793596874444244, 0.6523037563490326, -0.8877872819198266, 0.531741099564538]",28.871734478960455,1.819377331320234
"[0.28792940021555696, 0.6523038027329613, -0.8877878922135444, 0.5317407429914051]",28.871773917069714,1.8194401638016306
"[0.2879228324922827, 0.6523038491879943, -0.8877885025049677, 0.5317403863377079]",28.87181335640134,1.8195029962830274
"[0.2879162640174929, 0.6523038957251484, -0.8877891129387881, 0.5317400295188826]",28.871852800375798,1.819565828764424
"[0.2879096957221374, 0.6523039423378376, -0.8877897234284969, 0.5317396725854809]",28.871892240789993,1.8196286612458206
"[0.2879031274914381, 0.6523039890268655, -0.8877903339847578, 0.5317393155312783]",28.871931682289443,1.8196914937272173
"[0.28789655927946334, 0.6523040357925578, -0.8877909446118377, 0.531738958353776]",28.871971128600496,1.819754326208614
"[0.2878899910940301, 0.6523040826348591, -0.887791555309009, 0.5317386010533953]",28.87201057558939,1.8198171586900103
"[0.28788342321505617, 0.6523041295517678, -0.887792166050238, 0.5317382436453701]",28.87205002117842,1.819879991171407
"[0.2878768549380629, 0.6523041765483126, -0.8877927769010348, 0.5317378860913639]",28.872089470999622,1.819942823652804
"[0.28787028636144135, 0.6523042236238044, -0.8877933878522598, 0.531737528396707]",28.872128920420217,1.8200056561342002
"[0.28786371874829486, 0.6523042707691759, -0.8877939987864181, 0.531737170630202]",28.872168369724537,1.820068488615597
"[0.2878571503045597, 0.6523043179973348, -0.887794609870393, 0.5317368126940805]",28.87220782242044,1.8201313210969936
"[0.2878505824512247, 0.6523043652979733, -0.8877952209719935, 0.531736454665882]",28.872247278689215,1.8201941535783899
"[0.2878440143009136, 0.6523044126775697, -0.887795832173774, 0.5317360964971267]",28.872286730221973,1.8202569860597868
"[0.28783744666337, 0.6523044601302472, -0.8877964434003806, 0.5317357382320117]",28.87232618833413,1.8203198185411835
"[0.2878308780675044, 0.6523045076666554, -0.8877970547887282, 0.5317353797902585]",28.872365646157007,1.8203826510225798
"[0.28782430987142815, 0.6523045552769297, -0.887797666212418, 0.5317350212460139]",28.872405105908236,1.8204454835039765
"[0.287817742707837, 0.652304602956505, -0.8877982776125267, 0.5317346626337967]",28.87244456424055,1.8205083159853732
"[0.2878111745148893, 0.6523046507203316, -0.8877988891810099, 0.5317343038410364]",28.87248402619176,1.82057114846677
"[0.28780460664196467, 0.6523046985586117, -0.8877995007922376, 0.5317339449414183]",28.872523488032183,1.8206339809481664
"[0.28779803812579446, 0.6523047464783635, -0.8878001125359156, 0.5317335858822964]",28.872562951939468,1.8206968134295631
"[0.28779147021899537, 0.6523047944704493, -0.8878007242953838, 0.5317332267321385]",28.87260241705013,1.8207596459109598
"[0.2877849021068214, 0.6523048425408143, -0.8878013361465229, 0.5317328674464031]",28.872641884653046,1.8208224783923561
"[0.28777833467594577, 0.6523048906829605, -0.8878019480067261, 0.5317325080736017]",28.872681351816215,1.8208853108737528
"[0.287771766868926, 0.652304938904633, -0.8878025599745054, 0.5317321485558787]",28.872720822825347,1.8209481433551495
"[0.2877651988428105, 0.6523049872046854, -0.8878031720352366, 0.5317317889018146]",28.872760292151437,1.821010975836546
"[0.2877586307810976, 0.6523050355817754, -0.8878037841718233, 0.531731429121444]",28.87279976278081,1.8210738083179427
"[0.2877520628095243, 0.6523050840349741, -0.887804396372545, 0.5317310692216549]",28.872839239215796,1.8211366407993395
"[0.28774549452138537, 0.6523051325672837, -0.887805008675313, 0.5317307091801545]",28.872878712288152,1.8211994732807357
"[0.2877389272254093, 0.6523051811690221, -0.8878056209581151, 0.5317303490686967]",28.872918185849137,1.8212623057621324
"[0.28773235940930125, 0.6523052298513778, -0.8878062333619366, 0.531729988804361]",28.872957664373843,1.8213251382435292
"[0.2877257915763595, 0.6523052786106113, -0.8878068458398567, 0.5317296284147581]",28.872997143503355,1.8213879707249256
"[0.28771922345935125, 0.6523053274487266, -0.8878074584167998, 0.5317292678851953]",28.873036621549648,1.8214508032063224
"[0.2877126559037633, 0.6523053763594284, -0.8878080710139058, 0.5317289072620903]",28.873076100999693,1.821513635687719
"[0.2877060877740996, 0.6523054253511688, -0.8878086837370893, 0.5317285464830964]",28.8731155857302,1.8215764681691153
"[0.287699520221105, 0.6523054744153662, -0.8878092964789994, 0.5317281856114161]",28.873155069599623,1.821639300650512
"[0.2876929525228847, 0.652305523557404, -0.8878099093069791, 0.5317278246073952]",28.873194552246947,1.8217021331319088
"[0.28768638502640614, 0.6523055727746861, -0.887810522188652, 0.5317274634901021]",28.873234040765542,1.8217649656133055
"[0.2876798166342412, 0.6523056220754441, -0.8878111352264414, 0.531727102199177]",28.87327352546785,1.821827798094702
"[0.2876732490962649, 0.6523056714465425, -0.8878117482570278, 0.5317267408308692]",28.87331301451345,1.8218906305760987
"[0.28766668106298526, 0.6523057208981287, -0.8878123614063698, 0.5317263793109211]",28.873352506231434,1.8219534630574954
"[0.2876601137463868, 0.6523057704210574, -0.8878129745613199, 0.5317260177060658]",28.87339199705161,1.8220162955388917
"[0.2876535458746528, 0.6523058200249277, -0.8878135878406173, 0.5317256559462633]",28.87343148694005,1.8220791280202884
"[0.2876469785169263, 0.6523058697016613, -0.8878142011444294, 0.5317252940904026]",28.873470982949755,1.822141960501685
"[0.2876404107385009, 0.6523059194583246, -0.8878148145600439, 0.531724932086985]",28.873510476184663,1.8222047929830816
"[0.28763384308524226, 0.6523059692907858, -0.8878154280364807, 0.531724569966087]",28.8735499729135,1.8222676254644783
"[0.2876272751948878, 0.652306019201803, -0.8878160416075805, 0.5317242077077198]",28.87358947109623,1.822330457945875
"[0.2876207081954947, 0.6523060691827883, -0.8878166551679484, 0.5317238453741225]",28.873628969831913,1.8223932904272713
"[0.28761414044430245, 0.6523061192462093, -0.8878172688710667, 0.5317234828746967]",28.87366847244823,1.822456122908668
"[0.28760757173085055, 0.6523061693937494, -0.8878178827366267, 0.5317231201977147]",28.873707972246137,1.8225189553900647
"[0.2876010050369758, 0.6523062196025915, -0.8878184964859499, 0.5317227575078803]",28.873747473508658,1.8225817878714612
"[0.2875944373508627, 0.6523062698957627, -0.8878191104005144, 0.531722394638852]",28.87378697745567,1.822644620352858
"[0.28758786995522734, 0.6523063202634429, -0.887819724360429, 0.5317220316614885]",28.87382648254459,1.8227074528342546
"[0.287581302118028, 0.652306370711254, -0.8878203384341313, 0.5317216685353177]",28.873865991202095,1.8227702853156509
"[0.28757473485754487, 0.6523064212313648, -0.8878209525264119, 0.5317213053166472]",28.873905497500385,1.8228331177970476
"[0.2875681668712191, 0.652306471833795, -0.8878215667590724, 0.531720941933433]",28.87394500749276,1.8228959502784443
"[0.2875615994991446, 0.6523065225082298, -0.8878221810067882, 0.5317205784598014]",28.87398451816368,1.822958782759841
"[0.28755503222874634, 0.652306573258606, -0.8878227953174894, 0.5317202148674078]",28.87402403061769,1.8230216152412375
"[0.28754846443643384, 0.6523066240897498, -0.8878234097495123, 0.5317198511217127]",28.87406354232831,1.8230844477226342
"[0.28754189723252294, 0.6523066749930657, -0.8878240241989834, 0.5317194872842089]",28.87410305826984,1.823147280204031
"[0.2875353292134052, 0.6523067259794357, -0.8878246387972308, 0.5317191232771257]",28.874142571659256,1.8232101126854272
"[0.2875287617642175, 0.652306777038111, -0.8878252534146452, 0.5317187591772197]",28.874182090234363,1.823272945166824
"[0.2875221948366132, 0.6523068281694477, -0.8878258680557317, 0.5317183949818384]",28.874221608160536,1.8233357776482206
"[0.28751562707743716, 0.652306879383985, -0.8878264828471452, 0.5317180306159283]",28.87426112678121,1.8233986101296171
"[0.28750906007240484, 0.6523069306693594, -0.8878270976404513, 0.5317176661674559]",28.874300649340462,1.8234614426110138
"[0.287502492520516, 0.652306982035729, -0.8878277125574434, 0.5317173015642204]",28.874340168521506,1.8235242750924106
"[0.28749592518167294, 0.6523070334771476, -0.8878283275269774, 0.5317169368484058]",28.87437969288633,1.8235871075738068
"[0.2874893571388436, 0.6523070850008164, -0.8878289426349305, 0.5317165719690569]",28.8744192168648,1.8236499400552035
"[0.2874827897642656, 0.6523071365959536, -0.8878295577527923, 0.5317162070024233]",28.87445874409849,1.8237127725366002
"[0.2874762222876522, 0.6523071882686388, -0.887830172952697, 0.5317158419056657]",28.87449827210477,1.8237756050179967
"[0.2874696552314325, 0.6523072400146844, -0.8878307881857039, 0.5317154767079184]",28.87453780171686,1.8238384374993935
"[0.28746308833561446, 0.6523072918361937, -0.8878314034761564, 0.5317151113946591]",28.874577330962943,1.8239012699807902
"[0.2874565209433942, 0.6523073437383273, -0.8878320188856015, 0.5317147459293704]",28.874616860927354,1.8239641024621869
"[0.28744995300375503, 0.6523073957215121, -0.8878326344188345, 0.5317143803091748]",28.874656394774632,1.8240269349435831
"[0.28744338631968164, 0.6523074477714624, -0.887833249906872, 0.5317140146344598]",28.87469592780346,1.82408976742498
"[0.28743681853970326, 0.6523074999068138, -0.887833865570111, 0.5317136487742832]",28.874735462827246,1.8241525999063768
"[0.28743025188919763, 0.6523075521099035, -0.8878344811999422, 0.5317132828526037]",28.874774999106997,1.824215432387773
"[0.2874236841528388, 0.6523076043983481, -0.8878350970040543, 0.5317129167459642]",28.87481453447027,1.8242782648691698
"[0.287417116909564, 0.6523076567595347, -0.8878357128344131, 0.5317125505424246]",28.874854075985137,1.8243410973505665
"[0.28741054994006443, 0.6523077091952681, -0.8878363287115675, 0.5317121842296895]",28.87489361551656,1.824403929831963
"[0.28740398241138665, 0.6523077617121577, -0.8878369447136409, 0.5317118177613411]",28.874933159118264,1.8244667623133597
"[0.2873974155245396, 0.6523078143006199, -0.8878375607279815, 0.5317114512043678]",28.87497270079711,1.8245295947947564
"[0.2873908478421558, 0.6523078669721583, -0.8878381768894251, 0.5317110844785423]",28.87501224276505,1.8245924272761527
"[0.2873842809112471, 0.6523079197143736, -0.8878387930528355, 0.5317107176702336]",28.875051789437876,1.8246552597575494
"[0.2873777132210156, 0.6523079725393807, -0.8878394093599673, 0.5317103506950731]",28.87509133639882,1.824718092238946
"[0.28737114600466696, 0.6523080254373005, -0.8878400256951, 0.5317099836219139]",28.875130884558143,1.8247809247203426
"[0.28736457912874497, 0.6523080784091325, -0.8878406420707473, 0.5317096164433905]",28.87517043174051,1.8248437572017393
"[0.28735801221724266, 0.6523081314579601, -0.8878412585221926, 0.531709249138417]",28.875209982755496,1.824906589683136
"[0.2873514446619024, 0.6523081845886828, -0.8878418751065467, 0.5317088816729806]",28.87524953659667,1.8249694221645323
"[0.287344877715293, 0.6523082377911754, -0.8878424917062127, 0.5317085141171519]",28.87528908923301,1.825032254645929
"[0.2873383103638672, 0.652308291073641, -0.887843108416354, 0.5317081464142102]",28.875328643761367,1.8250950871273257
"[0.2873317432990187, 0.6523083444304656, -0.8878437251720451, 0.5317077786028673]",28.875368198877638,1.8251579196087224
"[0.2873251764202169, 0.6523083978624666, -0.8878443419827189, 0.5317074106774929]",28.875407755451064,1.825220752090119
"[0.2873186090229353, 0.6523084513753769, -0.887844958914555, 0.5317070425986076]",28.875447314031444,1.8252835845715156
"[0.28731204196599835, 0.6523085049622095, -0.8878455758868777, 0.5317066744143278]",28.875486872903522,1.8253464170529123
"[0.28730547558141384, 0.6523085586202099, -0.8878461928684789, 0.5317063061433263]",28.875526434257623,1.8254092495343086
"[0.28729890793021207, 0.6523086123652608, -0.8878468100415534, 0.5317059376768034]",28.875565996227515,1.8254720820157053
"[0.28729234083393235, 0.6523086661824812, -0.8878474272349374, 0.5317055691169159]",28.875605560170033,1.825534914497102
"[0.28728577391966403, 0.6523087200748358, -0.8878480444836697, 0.5317052004428466]",28.875645124650013,1.8255977469784985
"[0.28727920706718063, 0.6523087740433863, -0.8878486617990414, 0.5317048316477537]",28.87568469089234,1.8256605794598952
"[0.2872726396177402, 0.6523088280935275, -0.8878492792429874, 0.5317044626946583]",28.875724257509095,1.825723411941292
"[0.2872660729260296, 0.6523088822141071, -0.8878498966881412, 0.5317040936596676]",28.87576382910051,1.8257862444226882
"[0.287259505757737, 0.6523089364152905, -0.8878505142505559, 0.5317037244734231]",28.87580339701054,1.825849076904085
"[0.2872529392973536, 0.6523089906873055, -0.8878511318188407, 0.5317033552025068]",28.875842968011476,1.8259119093854816
"[0.2872463716325519, 0.6523090450459434, -0.8878517495728546, 0.5317029857393879]",28.875882540624882,1.8259747418668781
"[0.28723980501023294, 0.6523090994726288, -0.8878523673012559, 0.5317026162104357]",28.875922113112733,1.8260375743482749
"[0.2872332379430968, 0.6523091539796732, -0.8878529851439458, 0.5317022465319732]",28.87596169064036,1.8261004068296716
"[0.28722667111877, 0.6523092085613703, -0.8878536030362332, 0.5317018767427037]",28.876001268013376,1.8261632393110683
"[0.2872201037454202, 0.6523092632243062, -0.8878542210526288, 0.5317015067980263]",28.87604084479022,1.8262260717924645
"[0.2872135368757652, 0.6523093179597191, -0.8878548390940665, 0.5317011367572375]",28.876080420818102,1.8262889042738613
"[0.2872069699637894, 0.6523093727721538, -0.8878554572119269, 0.5317007665895773]",28.87612000331525,1.826351736755258
"[0.2872004033155986, 0.6523094276590399, -0.8878560753773928, 0.5317003963123178]",28.876159583779227,1.8264145692366545
"[0.28719383676033133, 0.6523094826218094, -0.8878566936065414, 0.5317000259158186]",28.876199166589682,1.8264774017180512
"[0.2871872693423481, 0.6523095376684702, -0.8878573119893568, 0.531699655346156]",28.876238750533098,1.8265402341994479
"[0.28718070284800346, 0.6523095927840463, -0.8878579303576352, 0.5316992847041269]",28.87627833539211,1.8266030666808442
"[0.2871741360244494, 0.6523096479790439, -0.8878585488293465, 0.5316989139190277]",28.876317922043143,1.8266658991622409
"[0.2871675688825338, 0.6523097032533803, -0.8878591674034794, 0.5316985429914525]",28.8763575098503,1.8267287316436376
"[0.28716100186334165, 0.6523097586033467, -0.887859786038489, 0.5316981719463058]",28.876397099010656,1.826791564125034
"[0.28715443525507645, 0.6523098140265029, -0.8878604047072164, 0.5316978007998857]",28.876436690207495,1.8268543966064308
"[0.28714786849684154, 0.6523098695275786, -0.8878610234625002, 0.531697429520494]",28.876476281188474,1.8269172290878275
"[0.287141301250479, 0.6523099251094399, -0.8878616423362137, 0.5316970580889944]",28.876515875097457,1.8269800615692238
"[0.28713473483008045, 0.6523099807609751, -0.8878622612045147, 0.531696686579695]",28.876555470436696,1.8270428940506205
"[0.28712816826122334, 0.6523100364903927, -0.8878628801592289, 0.5316963149375301]",28.876595064273847,1.8271057265320172
"[0.2871216004888301, 0.6523100923066889, -0.8878634992998273, 0.5316959431027203]",28.87663466191944,1.8271685590134137
"[0.2871150344352153, 0.6523101481850327, -0.8878641183508141, 0.53169557124071]",28.876674258589073,1.8272313914948104
"[0.28710846736031564, 0.6523102041487092, -0.8878647375705135, 0.5316951991963594]",28.876713860383518,1.827294223976207
"[0.28710190063445956, 0.6523102601860649, -0.887865356829724, 0.5316948270472648]",28.876753460344084,1.8273570564576038
"[0.2870953342526536, 0.6523103162971253, -0.8878659761289046, 0.5316944547931653]",28.876793064015413,1.827419888939
"[0.2870887674187677, 0.6523103724886877, -0.8878665955431423, 0.531694082388931]",28.876832665593813,1.8274827214203968
"[0.2870822008343499, 0.6523104287547596, -0.8878672150062658, 0.5316937098743285]",28.87687227139605,1.8275455539017935
"[0.2870756344487383, 0.6523104850957644, -0.8878678345230465, 0.5316933372464979]",28.87691187819436,1.82760838638319
"[0.28706906700909834, 0.6523105415224859, -0.8878684542116971, 0.5316929644342916]",28.876951485832404,1.8276712188645867
"[0.2870625001301144, 0.6523105980209952, -0.88786907391987, 0.5316925915294317]",28.87699109212595,1.8277340513459834
"[0.2870559335498572, 0.6523106545935927, -0.8878696936722651, 0.5316922185169898]",28.877030703145326,1.8277968838273797
"[0.2870493674515815, 0.6523107112386652, -0.8878703134515743, 0.5316918454074199]",28.87707031410252,1.8278597163087764
"[0.28704280091759055, 0.6523107679641323, -0.8878709333444174, 0.5316914721485693]",28.87710992951473,1.8279225487901731
"[0.28703623434343134, 0.6523108247665687, -0.8878715533134623, 0.5316910987629254]",28.877149540188334,1.8279853812715696
"[0.2870296680946905, 0.6523108816428252, -0.8878721733241858, 0.531690725271258]",28.877189154730786,1.8280482137529663
"[0.28702310099805634, 0.6523109386030583, -0.8878727934873855, 0.5316903516068311]",28.877228771033444,1.828111046234363
"[0.28701653464474003, 0.6523109956334762, -0.8878734136527956, 0.531689977860167]",28.877268391055612,1.8281738787157593
"[0.2870099677082895, 0.6523110527455951, -0.8878740339456909, 0.5316896039557693]",28.877308007170807,1.828236711197156
"[0.2870034000498526, 0.6523111099406391, -0.8878746543792079, 0.5316892298856993]",28.87734763024924,1.828299543678553
"[0.28699683445201424, 0.6523111671943698, -0.8878752746904568, 0.5316888558084574]",28.877387251552875,1.8283623761599492
"[0.286990267277051, 0.6523112245384577, -0.8878758952231203, 0.5316884815168453]",28.8774268721567,1.828425208641346
"[0.2869837016263295, 0.6523112819458695, -0.8878765156841474, 0.5316881071875621]",28.877466498022073,1.8284880411227427
"[0.2869771346549741, 0.6523113394414393, -0.8878771363423787, 0.5316877326584595]",28.877506122169116,1.8285508736041394
"[0.2869705686732842, 0.6523113970049806, -0.8878777569794674, 0.5316873580612432]",28.877545752452825,1.8286137060855359
"[0.28696400142741973, 0.6523114546562115, -0.8878783778084576, 0.5316869832673745]",28.87758537759784,1.8286765385669326
"[0.2869574352649555, 0.6523115123745595, -0.8878789986074248, 0.5316866084107814]",28.877625006664875,1.8287393710483293
"[0.28695086859749586, 0.6523115701739678, -0.8878796195265338, 0.5316862334008078]",28.87766463581193,1.8288022035297256
"[0.2869443021543964, 0.6523116280480195, -0.8878802404968233, 0.5316858582790975]",28.87770427132551,1.8288650360111223
"[0.2869377357681972, 0.6523116859981839, -0.887880861534124, 0.5316854830360908]",28.877743904681143,1.828927868492519
"[0.28693116889985615, 0.6523117440292248, -0.8878814826894238, 0.5316851076409693]",28.87778353711357,1.8289907009739155
"[0.2869246027533927, 0.6523118021305043, -0.8878821038488306, 0.5316847321625567]",28.877823173093258,1.8290535334553122
"[0.28691803621076645, 0.6523118603118899, -0.8878827251181045, 0.5316843565369499]",28.877862809901796,1.829116365936709
"[0.28691147018515384, 0.6523119185653063, -0.8878833464108468, 0.5316839808163628]",28.877902446516714,1.8291791984181052
"[0.286904903623763, 0.6523119769000842, -0.8878839678266739, 0.5316836049405617]",28.877942086680022,1.8292420308995019
"[0.2868983372269445, 0.6523120353100114, -0.8878845892993141, 0.531683228949618]",28.877981728648443,1.8293048633808986
"[0.28689177109714903, 0.6523120937941665, -0.8878852108190639, 0.5316828528494095]",28.878021369249822,1.829367695862295
"[0.2868852037069029, 0.6523121523661711, -0.8878858325305222, 0.531682476552415]",28.87806101414451,1.8294305283436918
"[0.28687863823206955, 0.6523122109976893, -0.8878864541330288, 0.5316821002406189]",28.87810065826444,1.8294933608250885
"[0.286872071231745, 0.6523122697194391, -0.8878870759523536, 0.5316817237168124]",28.878140301793,1.8295561933064852
"[0.286865505150926, 0.6523123285095692, -0.8878876977569922, 0.5316813471211592]",28.87817995095978,1.8296190257878815
"[0.28685893821938785, 0.6523123873839272, -0.8878883197145818, 0.531680970352129]",28.87821960161997,1.8296818582692782
"[0.2868523720645851, 0.6523124463279222, -0.8878889416709862, 0.5316805935030907]",28.8782592502501,1.829744690750675
"[0.28684580577269836, 0.6523125053497464, -0.8878895637127513, 0.5316802165216138]",28.87829890202401,1.8298075232320714
"[0.2868392397637856, 0.6523125644456194, -0.8878901858000818, 0.5316798394318166]",28.878338552477423,1.8298703557134681
"[0.28683267326384315, 0.6523126236225102, -0.8878908080063114, 0.531679462189241]",28.878378207408062,1.8299331881948648
"[0.2868261061809087, 0.6523126828812654, -0.8878914303401712, 0.5316790847885701]",28.878417860766376,1.829996020676261
"[0.2868195407985463, 0.6523127422012598, -0.887892052585238, 0.5316787073610658]",28.878457517774958,1.8300588531576578
"[0.2868129745595841, 0.6523128016055809, -0.8878926749838578, 0.5316783297597457]",28.87849717793588,1.8301216856390545
"[0.28680640759691306, 0.6523128610930541, -0.8878932975234587, 0.5316779519922048]",28.878536834879384,1.830184518120451
"[0.28679984199504777, 0.6523129206447835, -0.8878939200064202, 0.5316775741783726]",28.87857649381121,1.8302473506018477
"[0.2867932751301889, 0.6523129802845657, -0.8878945426815018, 0.5316771961672634]",28.878616155265863,1.8303101830832444
"[0.2867867088054058, 0.652313039996037, -0.887895165377746, 0.5316768180626463]",28.878655819509312,1.8303730155646407
"[0.2867801429851215, 0.6523130997795017, -0.8878957880985087, 0.5316764398624995]",28.878695481975836,1.8304358480460374
"[0.2867735760497357, 0.6523131596497168, -0.8878964109974057, 0.5316760614735128]",28.87873514740472,1.8304986805274341
"[0.2867670105104514, 0.6523132195837834, -0.8878970338362352, 0.531675683040386]",28.878774814667697,1.8305615130088306
"[0.28676044400489575, 0.6523132796032524, -0.8878976568390947, 0.5316753044269713]",28.87881448490294,1.8306243454902273
"[0.2867538781750604, 0.6523133396931425, -0.887898279850203, 0.531674925727905]",28.878854152712655,1.830687177971624
"[0.28674731157623307, 0.6523133998666225, -0.8878989030066458, 0.5316745468599201]",28.878893822151053,1.8307500104530208
"[0.28674074529748783, 0.6523134601137716, -0.8878995262050771, 0.5316741678857747]",28.878933494145194,1.830812842934417
"[0.2867341795264494, 0.6523135204328359, -0.887900149427676, 0.5316737888163393]",28.878973166231546,1.8308756754158138
"[0.28672761309115874, 0.6523135808345879, -0.8879007727856867, 0.5316734095839405]",28.87901284294607,1.8309385078972105
"[0.2867210470881524, 0.6523136413089322, -0.8879013961750165, 0.5316730302519125]",28.879052518542114,1.831001340378607
"[0.2867144807933122, 0.6523137018625457, -0.8879020196644117, 0.5316726507784103]",28.879092194626246,1.8310641728600037
"[0.2867079146786913, 0.6523137624910713, -0.8879026432090497, 0.5316722711907147]",28.879131874771087,1.8311270053414004
"[0.2867013486423151, 0.6523138231954482, -0.8879032668186101, 0.5316718914829323]",28.87917155218382,1.8311898378227967
"[0.28669478253189384, 0.6523138839770809, -0.8879038905075549, 0.5316715116462574]",28.879211232687236,1.8312526703041934
"[0.2866882163422836, 0.6523139448360203, -0.887904514276375, 0.5316711316803837]",28.879250916400796,1.83131550278559
"[0.28668165018888075, 0.6523140057711954, -0.8879051381141077, 0.5316707515919875]",28.87929059956233,1.8313783352669866
"[0.28667508433748184, 0.6523140667801335, -0.8879057619954933, 0.5316703713964612]",28.879330284104107,1.8314411677483833
"[0.28666851800920995, 0.6523141278700756, -0.8879063859945423, 0.5316699910486948]",28.879369969064946,1.83150400022978
"[0.2866619515510959, 0.6523141890377958, -0.8879070100782859, 0.5316696105687791]",28.87940965722386,1.8315668327111763
"[0.2866553859748069, 0.6523142502738638, -0.88790763415056, 0.5316692300153429]",28.879449345764684,1.831629665192573
"[0.2866488198442745, 0.6523143115916642, -0.8879082583478601, 0.531668849305159]",28.879489035618956,1.8316924976739697
"[0.28664225355983114, 0.6523143729874897, -0.8879088826321386, 0.5316684684613937]",28.879528728450428,1.8317553301553662
"[0.28663568746536544, 0.6523144344580635, -0.8879095069707029, 0.5316680875040638]",28.879568417922286,1.831818162636763
"[0.2866291217616497, 0.6523144960015553, -0.8879101313444486, 0.5316677064447586]",28.879608113502314,1.8318809951181596
"[0.2866225558683749, 0.6523145576233794, -0.8879107558085579, 0.5316673252498273]",28.879647807347784,1.8319438275995563
"[0.286615989943106, 0.65231461932206, -0.8879113803480476, 0.5316669439284092]",28.879687503050896,1.8320066600809526
"[0.28660942391011096, 0.6523146810983113, -0.8879120049701229, 0.5316665624760992]",28.879727200993997,1.8320694925623493
"[0.28660285718215966, 0.65231474295767, -0.8879126297306588, 0.5316661808587583]",28.879766900212793,1.832132325043746
"[0.2865962915869527, 0.6523148048829107, -0.8879132544557591, 0.5316657991826113]",28.879806601850394,1.8321951575251425
"[0.2865897252432489, 0.652314866891774, -0.8879138793244192, 0.5316654173382998]",28.87984630221246,1.8322579900065392
"[0.28658316044216264, 0.6523149289625956, -0.8879145041185977, 0.5316650354590924]",28.879886003605634,1.832320822487936
"[0.2865765936657966, 0.6523149911286574, -0.8879151291731107, 0.5316646533403203]",28.879925708869642,1.8323836549693322
"[0.28657002775426516, 0.6523150533630911, -0.8879157542176408, 0.5316642711472158]",28.879965417628334,1.8324464874507291
"[0.2865634615969522, 0.6523151156763992, -0.8879163793579027, 0.5316638888151619]",28.880005118787533,1.8325093199321258
"[0.28655689585523286, 0.6523151780623275, -0.887917004530925, 0.5316635063826394]",28.88004483140792,1.8325721524135221
"[0.2865503298293752, 0.6523152405274776, -0.887917629803333, 0.5316631238089473]",28.880084538615428,1.8326349848949188
"[0.2865437645634596, 0.6523153030619444, -0.88791825507569, 0.5316627411548852]",28.88012424854768,1.8326978173763155
"[0.2865371982068441, 0.652315365683349, -0.8879188805242553, 0.5316623583125916]",28.880163956637737,1.832760649857712
"[0.28653063206487944, 0.6523154283792585, -0.8879195060247068, 0.5316619753581446]",28.880203673013373,1.8328234823391087
"[0.2865240662524141, 0.6523154911485641, -0.887920131566095, 0.5316615922982577]",28.880243386384162,1.8328863148205055
"[0.2865174996351796, 0.652315554002117, -0.8879207572564906, 0.53166120906674]",28.88028310066263,1.8329491473019022
"[0.286510934493136, 0.652315616918082, -0.8879213828786391, 0.5316608257966681]",28.88032281961376,1.8330119797832984
"[0.2865043681632994, 0.6523156799219734, -0.8879220086863026, 0.5316604423325841]",28.88036253875864,1.8330748122646952
"[0.28649780337395975, 0.6523157429876056, -0.887922634419454, 0.5316600588338244]",28.8804022555763,1.8331376447460919
"[0.2864912366427131, 0.6523158061484391, -0.8879232604100288, 0.5316596750969422]",28.88044197855979,1.8332004772274884
"[0.28648467033403574, 0.6523158693817585, -0.8879238864326514, 0.5316592912600625]",28.880481699492897,1.833263309708885
"[0.2864781052036384, 0.652315932680254, -0.8879245124152468, 0.5316589073674082]",28.88052142273984,1.8333261421902818
"[0.2864715393722422, 0.6523159960620392, -0.8879251385369947, 0.5316585233090968]",28.880561147769644,1.833388974671678
"[0.2864649735997537, 0.652316059519787, -0.8879257647254388, 0.5316581391295597]",28.88060087529355,1.8334518071530748
"[0.28645840775648823, 0.6523161230547501, -0.8879263909929473, 0.531657754821206]",28.880640602911217,1.8335146396344715
"[0.2864518418878822, 0.6523161866664907, -0.8879270173351869, 0.5316573703866893]",28.880680329667182,1.833577472115868
"[0.2864452760621154, 0.6523162503543457, -0.8879276437456525, 0.5316569858300012]",28.880720058981026,1.8336403045972647
"[0.28643871028392853, 0.6523163141182668, -0.8879282702238895, 0.53165660115142]",28.880759790449257,1.8337031370786614
"[0.2864321446226359, 0.6523163779575848, -0.88792889676328, 0.5316562163549999]",28.88079952068596,1.8337659695600577
"[0.2864255789605464, 0.6523164418734193, -0.8879295233750532, 0.5316558314338707]",28.880839255838527,1.8338288020414544
"[0.2864190126839628, 0.6523165058717755, -0.8879301501177873, 0.5316554463520083]",28.880878993497966,1.833891634522851
"[0.2864124469485129, 0.6523165699413841, -0.8879307768811797, 0.5316550611771889]",28.880918725871926,1.8339544670042476
"[0.28640588170078785, 0.652316634082747, -0.8879314036703106, 0.5316546759063064]",28.880958463432766,1.8340172994856443
"[0.2863993152789106, 0.6523166983121353, -0.8879320306438504, 0.5316542904417861]",28.88099820445798,1.834080131967041
"[0.28639275037042194, 0.652316762603182, -0.8879326575451849, 0.5316539049414877]",28.881037942581756,1.8341429644484377
"[0.2863861840709154, 0.6523168269843977, -0.8879332846516571, 0.5316535192347771]",28.881077684209618,1.834205796929834
"[0.2863796186469189, 0.6523168914335502, -0.887933911746814, 0.5316531334547947]",28.881117428709764,1.8342686294112307
"[0.2863730523200672, 0.6523169559680834, -0.8879345390005156, 0.5316527474970579]",28.881157172250546,1.8343314618926274
"[0.2863664878123302, 0.6523170205612405, -0.8879351661527272, 0.5316523615215689]",28.881196916634007,1.834394294374024
"[0.2863599214036508, 0.6523170852496215, -0.8879357935588519, 0.5316519753095997]",28.88123666306086,1.8344571268554206
"[0.2863533558452796, 0.6523171500061419, -0.8879364209560295, 0.5316515890229355]",28.881276409258568,1.8345199593368173
"[0.28634679026229487, 0.6523172148394142, -0.8879370484278527, 0.5316512026101227]",28.881316160689565,1.8345827918182136
"[0.2863402238665277, 0.6523172797572355, -0.8879376760496593, 0.5316508160247474]",28.881355908881787,1.8346456242996103
"[0.28633365878589423, 0.6523173447385591, -0.8879383036180521, 0.5316504293920996]",28.881395661170462,1.834708456781007
"[0.28632709296884784, 0.6523174098036798, -0.8879389313291317, 0.5316500425913732]",28.881435416256515,1.8347712892624035
"[0.28632052723150614, 0.6523174749445211, -0.887939559104885, 0.5316496556706258]",28.88147516842872,1.8348341217438002
"[0.2863139617164238, 0.6523175401596616, -0.8879401869316759, 0.5316492686382658]",28.881514923403298,1.834896954225197
"[0.2863073959390867, 0.6523176054539145, -0.8879408148558354, 0.5316488814657271]",28.88155468271295,1.8349597867065932
"[0.28630083079426943, 0.6523176708183747, -0.8879414427917843, 0.5316484942057808]",28.881594440471364,1.83502261918799
"[0.2862942650016449, 0.6523177362657866, -0.8879420708619814, 0.5316481067829042]",28.881634198910334,1.8350854516693866
"[0.2862876997219741, 0.6523178017845832, -0.8879426989553915, 0.5316477192655815]",28.88167395806453,1.8351482841507833
"[0.2862811341336973, 0.6523178673829584, -0.8879433271506085, 0.5316473316053237]",28.88171371953782,1.8352111166321798
"[0.2862745683274128, 0.6523179330600325, -0.8879439554389709, 0.5316469438074424]",28.881753484532247,1.8352739491135766
"[0.286268002688335, 0.6523179988119009, -0.8879445837836191, 0.5316465558947485]",28.881793248846105,1.8353367815949733
"[0.2862614367397334, 0.65231806464339, -0.8879452122301771, 0.5316461678390076]",28.881833015908196,1.8353996140763695
"[0.286254871260944, 0.6523181305466672, -0.8879458407040484, 0.5316457796863008]",28.88187278182879,1.8354624465577662
"[0.28624830546035157, 0.65231819652967, -0.887946469281007, 0.5316453913898357]",28.881912552114752,1.835525279039163
"[0.28624174029618227, 0.652318262582777, -0.8879470978693105, 0.5316450030062697]",28.881952321283727,1.8355881115205595
"[0.2862351745519204, 0.6523183287182155, -0.8879477265854334, 0.5316446144636486]",28.881992091404953,1.8356509440019562
"[0.2862286094771676, 0.6523183949233649, -0.8879483553097176, 0.5316442258359587]",28.882031864459808,1.8357137764833529
"[0.2862220441858715, 0.6523184612072019, -0.8879489841270068, 0.531643837070698]",28.88207163750548,1.8357766089647491
"[0.28621547817030535, 0.6523185275748482, -0.8879496130859474, 0.5316434481377973]",28.88211141233505,1.8358394414461459
"[0.28620891214426625, 0.6523185940190996, -0.8879502421181751, 0.5316430590795158]",28.88215119024655,1.8359022739275426
"[0.28620234764221686, 0.6523186605244049, -0.8879508710766607, 0.5316426699868125]",28.882190965315424,1.835965106408939
"[0.2861957817146054, 0.6523187271206365, -0.8879515002440046, 0.5316422806848694]",28.88223074406893,1.8360279388903358
"[0.28618921586518337, 0.652318793792571, -0.8879521294761342, 0.5316418912627979]",28.882270524451023,1.8360907713717325
"[0.28618265093998757, 0.6523188605315966, -0.8879527586919528, 0.531641501770806]",28.88231030341499,1.8361536038531288
"[0.2861760855306026, 0.6523189273520227, -0.8879533880264415, 0.5316411121253445]",28.88235008707398,1.8362164363345255
"[0.28616951967680426, 0.6523189942534601, -0.8879540174758029, 0.531640722328744]",28.882389870634967,1.8362792688159222
"[0.2861629549439013, 0.6523190612199471, -0.8879546468899625, 0.53164033247395]",28.882429657608757,1.8363421012973191
"[0.28615638953957184, 0.6523191282697572, -0.8879552764407564, 0.5316399424545352]",28.88246944369254,1.8364049337787154
"[0.2861498235101979, 0.6523191954024427, -0.8879559061237576, 0.5316395522732107]",28.882509230223516,1.836467766260112
"[0.2861432581105406, 0.6523192626051634, -0.8879565358186341, 0.5316391620045499]",28.882549018574885,1.8365305987415088
"[0.2861366929311235, 0.6523193298821157, -0.8879571655646431, 0.5316387716242095]",28.882588810097374,1.836593431222905
"[0.28613012753646694, 0.6523193972377229, -0.8879577954035576, 0.5316383811063392]",28.882628601459803,1.836656263704302
"[0.28612356192979455, 0.6523194646719978, -0.8879584253350725, 0.5316379904510686]",28.882668393193747,1.8367190961856987
"[0.28611699669384927, 0.6523195321789295, -0.8879590553032746, 0.5316375996931005]",28.882708189667536,1.836781928667095
"[0.2861104308835692, 0.6523195997682536, -0.887959685398849, 0.5316372087761586]",28.882747983387297,1.8368447611484917
"[0.28610386554462913, 0.6523196674291867, -0.887960315521448, 0.5316368177625201]",28.882787779814063,1.8369075936298884
"[0.2860973002300265, 0.6523197351663466, -0.8879609457139644, 0.5316364266255498]",28.882827582131952,1.836970426111285
"[0.28609073482337055, 0.6523198029809157, -0.8879615759875705, 0.531636035358331]",28.88286737775937,1.8370332585926816
"[0.2860841691959015, 0.6523198708742438, -0.8879622063546309, 0.5316356439531623]",28.88290717762644,1.8370960910740783
"[0.2860776039327715, 0.652319938840275, -0.887962836758962, 0.5316352524449302]",28.882946980389875,1.8371589235554746
"[0.28607103872270856, 0.6523200068822052, -0.8879634672304454, 0.5316348608151048]",28.88298678389633,1.8372217560368713
"[0.28606447392796897, 0.6523200749962919, -0.8879640977342833, 0.5316344690852812]",28.883026587118785,1.837284588518268
"[0.2860579077454389, 0.6523201432012512, -0.8879647284436679, 0.5316340771478456]",28.883066393142812,1.8373474209996645
"[0.28605134307321023, 0.6523202114669789, -0.8879653590802227, 0.5316336851757846]",28.883106201371184,1.8374102534810612
"[0.28604477731017613, 0.6523202798205135, -0.8879659898938149, 0.5316332930138006]",28.883146008421058,1.837473085962458
"[0.2860382126767914, 0.6523203482387419, -0.8879666206711105, 0.5316329007945111]",28.883185817468323,1.8375359184438547
"[0.2860316472480753, 0.6523204167417079, -0.8879672515970699, 0.5316325084029243]",28.88322562655899,1.837598750925251
"[0.28602508169008173, 0.652320485322489, -0.8879678826077001, 0.531632115878807]",28.883265440658054,1.8376615834066476
"[0.28601851628906605, 0.65232055397809, -0.8879685136754877, 0.5316317232392749]",28.88330525747835,1.8377244158880444
"[0.2860119508098619, 0.6523206227109678, -0.8879691448230349, 0.5316313304702647]",28.88334507003385,1.8377872483694409
"[0.2860053852413735, 0.6523206915212405, -0.8879697760514107, 0.5316309375711054]",28.883384883825876,1.8378500808508376
"[0.28599882057522524, 0.6523207603984997, -0.8879704072652633, 0.5316305446011604]",28.883424702125303,1.8379129133322343
"[0.28599225515188265, 0.652320829360155, -0.8879710386241588, 0.5316301514610885]",28.883464521446875,1.8379757458136305
"[0.2859856898706328, 0.6523208983967689, -0.8879716700416281, 0.5316297582047209]",28.883504342145468,1.8380385782950273
"[0.28597912470154313, 0.6523209675086517, -0.8879723015205437, 0.5316293648302696]",28.88354416282297,1.838101410776424
"[0.2859725586875394, 0.6523210367058914, -0.8879729331529749, 0.5316289712803633]",28.883583985248855,1.8381642432578205
"[0.28596599391472377, 0.6523211059664931, -0.8879735647382369, 0.5316285776800498]",28.88362380771703,1.8382270757392172
"[0.28595942861874246, 0.6523211753090589, -0.887974196446062, 0.5316281839235617]",28.88366363363208,1.8382899082206139
"[0.2859528630680099, 0.6523212447307712, -0.8879748282506355, 0.531627790026968]",28.88370345863685,1.8383527407020102
"[0.2859462981928756, 0.6523213142217718, -0.8879754600624223, 0.5316273960461092]",28.88374328802632,1.8384155731834069
"[0.28593973329064937, 0.6523213837895057, -0.8879760919490379, 0.5316270019388075]",28.88378311713685,1.8384784056648036
"[0.2859331677167805, 0.6523214534407893, -0.887976723972533, 0.5316266076663781]",28.88382294826314,1.8385412381462003
"[0.285926602884449, 0.6523215231606501, -0.8879773559968676, 0.5316262133136581]",28.883862778466394,1.8386040706275968
"[0.2859200380170777, 0.6523215929573158, -0.8879779880967938, 0.5316258188340238]",28.88390261090209,1.8386669031089935
"[0.28591347227341907, 0.6523216628397424, -0.8879786203533259, 0.5316254241769012]",28.88394244480994,1.8387297355903902
"[0.2859069072167035, 0.6523217327912971, -0.8879792526159316, 0.531625029436242]",28.883982279099293,1.8387925680717865
"[0.2859003419879826, 0.652321802821125, -0.8879798849673258, 0.5316246345604094]",28.88402211556234,1.8388554005531832
"[0.2858937774473581, 0.6523218729200321, -0.8879805173246552, 0.5316242396011592]",28.884061951522654,1.83891823303458
"[0.2858872121641143, 0.6523219431033082, -0.8879811498257391, 0.5316238444723937]",28.884101794142364,1.8389810655159764
"[0.28588064660917434, 0.6523220133659202, -0.8879817824252252, 0.5316234492024438]",28.884141634043985,1.8390438979973731
"[0.2858740812293328, 0.6523220837031104, -0.8879824150800636, 0.5316230538181742]",28.88418147621969,1.8391067304787698
"[0.28586751642013647, 0.6523221541106011, -0.887983047752127, 0.5316226583434578]",28.884221319504558,1.839169562960166
"[0.2858609509528005, 0.6523222246015845, -0.8879836805598372, 0.5316222627042497]",28.884261163382416,1.8392323954415628
"[0.28585438677212477, 0.6523222951551721, -0.8879843133157342, 0.531621867017756]",28.884301007507695,1.8392952279229595
"[0.28584782088683425, 0.6523223658035162, -0.8879849463081696, 0.5316214711036554]",28.884340854633976,1.839358060404356
"[0.2858412555808335, 0.6523224365220713, -0.8879855793169774, 0.5316210750996186]",28.884380703281696,1.8394208928857527
"[0.2858346908334324, 0.652322507311012, -0.8879862123441343, 0.5316206790044603]",28.884420553491708,1.8394837253671494
"[0.28582812567839977, 0.652322578180786, -0.8879868454828076, 0.5316202827598452]",28.884460404069667,1.8395465578485457
"[0.28582156074634996, 0.6523226491245623, -0.8879874786721835, 0.5316198864038582]",28.884500255341813,1.8396093903299424
"[0.28581499550909034, 0.6523227201480666, -0.8879881119632077, 0.5316194899045839]",28.884540112699383,1.8396722228113391
"[0.2858084304938944, 0.65232279124559, -0.8879887453050179, 0.5316190932938692]",28.884579964189065,1.8397350552927358
"[0.2858018651557107, 0.6523228624230355, -0.8879893787501983, 0.5316186965387815]",28.884619820967767,1.8397978877741323
"[0.28579530017627186, 0.6523229336730101, -0.887990012232971, 0.5316182996805183]",28.88465967805751,1.839860720255529
"[0.28578873440755853, 0.6523230050079819, -0.8879906458641197, 0.5316179026496646]",28.88469953623785,1.8399235527369258
"[0.28578217009003637, 0.6523230764035994, -0.8879912794274153, 0.5316175055817141]",28.884739394879766,1.839986385218322
"[0.285775605634679, 0.6523231478771064, -0.8879919130762031, 0.5316171083806016]",28.884779254501254,1.8400492176997187
"[0.28576903994742336, 0.6523232194404764, -0.8879925469161096, 0.5316167109800412]",28.884819117739422,1.8401120501811155
"[0.28576247533632354, 0.6523232910684833, -0.8879931807243246, 0.5316163135198104]",28.88485898271965,1.840174882662512
"[0.2857559100291778, 0.6523233627805292, -0.887993814671942, 0.5316159158925314]",28.884898846963182,1.8402377151439087
"[0.2857493449502694, 0.6523234345664807, -0.8879944486697222, 0.5316155181542214]",28.884938711407163,1.8403005476253054
"[0.2857427796582383, 0.6523235064311862, -0.8879950827602852, 0.5316151202781113]",28.88497858042377,1.8403633801067016
"[0.28573621495375306, 0.6523235783658656, -0.8879957168662933, 0.5316147223127425]",28.88501844840759,1.8404262125880984
"[0.2857296499898372, 0.6523236503797939, -0.8879963510695534, 0.5316143242067766]",28.885058316717405,1.840489045069495
"[0.2857230850005235, 0.6523237224704074, -0.8879969853474607, 0.5316139259743953]",28.88509819013571,1.8405518775508916
"[0.28571652035151723, 0.6523237946336861, -0.887997619664675, 0.5316135276377869]",28.885138062329418,1.8406147100322883
"[0.2857099549176039, 0.652323866882, -0.8879982541299299, 0.531613129128667]",28.885177936274648,1.840677542513685
"[0.2857033904323572, 0.6523239391962742, -0.8879988885756925, 0.5316127305522556]",28.88521780849527,1.8407403749950817
"[0.28569682481898245, 0.652324011599387, -0.8879995232026842, 0.5316123317824507]",28.885257689746087,1.840803207476478
"[0.2856902597912311, 0.6523240840724485, -0.8880001578452625, 0.5316119329233218]",28.885297566505752,1.840866039957875
"[0.28568369535101146, 0.652324156615424, -0.8880007925032228, 0.531611533975006]",28.885337444825637,1.8409288724392716
"[0.28567712990991384, 0.6523242292458494, -0.8880014273301411, 0.5316111348409844]",28.885377324597016,1.8409917049206679
"[0.28567056532582463, 0.6523243019431992, -0.8880020621463748, 0.5316107356341663]",28.885417207614736,1.8410545374020646
"[0.285664000430355, 0.6523243747203902, -0.8880026970649015, 0.5316103362835269]",28.88545709060009,1.8411173698834613
"[0.2856574353185628, 0.6523244475763764, -0.8880033320765351, 0.531609936794832]",28.885496973023155,1.8411802023648578
"[0.28565087051707627, 0.6523245205053152, -0.8880039671303352, 0.5316095372001229]",28.885536859392264,1.8412430348462545
"[0.28564430509286104, 0.6523245935175902, -0.8880046023165635, 0.5316091374425788]",28.885576746199003,1.8413058673276512
"[0.28563774061595376, 0.6523246665956872, -0.888005237483319, 0.5316087376178606]",28.88561663308483,1.8413686998090475
"[0.28563117551452955, 0.6523247397571461, -0.8880058727826805, 0.5316083376301826]",28.885656522091736,1.8414315322904442
"[0.28562461053052207, 0.6523248129936936, -0.8880065081428594, 0.531607937524746]",28.88569641274231,1.841494364771841
"[0.28561804634649735, 0.6523248862976856, -0.8880071434977815, 0.5316075373431903]",28.885736305525608,1.8415571972532374
"[0.2856114815196346, 0.6523249596852471, -0.8880077789870952, 0.5316071369975375]",28.885776199962976,1.8416200297346341
"[0.2856049158877635, 0.6523250331582041, -0.8880084146265215, 0.5316067364778677]",28.88581609355654,1.8416828622160308
"[0.28559835187482063, 0.6523251066894228, -0.8880090501813777, 0.5316063359320604]",28.885855989013525,1.841745694697427
"[0.28559178693289217, 0.6523251803074482, -0.8880096858983504, 0.5316059352046373]",28.8858958855674,1.8418085271788238
"[0.2855852214423174, 0.6523252540079854, -0.8880103217406341, 0.5316055343188353]",28.88593578458401,1.8418713596602205
"[0.28557865638619917, 0.652325327780054, -0.8880109576130187, 0.5316051333346118]",28.885975684517245,1.8419341921416172
"[0.2855720916744699, 0.6523254016246363, -0.8880115935242148, 0.5316047322465044]",28.886015584951526,1.8419970246230137
"[0.28556552695599335, 0.6523254755456694, -0.8880122295082296, 0.5316043310330736]",28.886055486777625,1.8420598571044104
"[0.2855589622573262, 0.65232554954287, -0.8880128655624889, 0.5316039296959212]",28.886095390915465,1.8421226895858072
"[0.28555239731277543, 0.6523256236191981, -0.8880135017127396, 0.5316035282188404]",28.886135293018167,1.8421855220672034
"[0.28554583303064296, 0.6523256977644339, -0.8880141378709572, 0.5316031266573431]",28.886175201469744,1.8422483545486001
"[0.2855392668846962, 0.6523257720071189, -0.8880147742819834, 0.5316027248568697]",28.886215109345912,1.8423111870299969
"[0.2855327032491908, 0.652325846297781, -0.8880154105218406, 0.5316023230851101]",28.886255017771948,1.8423740195113933
"[0.2855261379796744, 0.6523259206833159, -0.8880160469922517, 0.5316019210883945]",28.886294927006972,1.84243685199279
"[0.2855195730104417, 0.6523259951418253, -0.888016683505718, 0.5316015189851264]",28.88633483823149,1.8424996844741868
"[0.28551300853695943, 0.6523260696710815, -0.8880173200432732, 0.5316011167872944]",28.886374750563025,1.842562516955583
"[0.285506443920384, 0.6523261442783296, -0.8880179566668577, 0.5316007144557665]",28.886414661261565,1.8426253494369798
"[0.2854998786546865, 0.6523262189693328, -0.8880185934255566, 0.5316003119595047]",28.886454578086557,1.8426881819183765
"[0.2854933143497022, 0.6523262937257706, -0.8880192301632284, 0.5315999093972099]",28.886494495387293,1.842751014399773
"[0.28548674893510756, 0.6523263685712216, -0.8880198670806955, 0.531599506641912]",28.88653441422682,1.8428138468811697
"[0.28548018447419066, 0.6523264434821674, -0.8880205039777981, 0.5315991038201752]",28.88657433107821,1.8428766793625664
"[0.28547362007503757, 0.652326518468766, -0.8880211409410536, 0.5315987008772965]",28.886614250079496,1.8429395118439627
"[0.28546705447150406, 0.6523265935455052, -0.8880217780933377, 0.5315982977355154]",28.886654171719673,1.8430023443253594
"[0.2854604896381057, 0.6523266686898007, -0.8880224152430426, 0.5315978945160718]",28.88669409622214,1.843065176806756
"[0.2854539256000239, 0.6523267439013481, -0.8880230523876959, 0.5315974912205408]",28.88673401897719,1.8431280092881528
"[0.2854473607553642, 0.6523268191984969, -0.8880236896827876, 0.5315970877505042]",28.886773945589873,1.8431908417695493
"[0.28544079583956133, 0.6523268945728309, -0.888024327056937, 0.5315966841511289]",28.886813871151983,1.843253674250946
"[0.28543423161609943, 0.6523269700155632, -0.888024964436008, 0.5315962804693789]",28.886853798911826,1.8433165067323427
"[0.28542766619190985, 0.6523270455484624, -0.8880256020038235, 0.5315958765888148]",28.88689372887966,1.843379339213739
"[0.2854211013445867, 0.6523271211510921, -0.8880262395877697, 0.5315954726187635]",28.886933658924075,1.8434421716951357
"[0.28541453674491785, 0.6523271968272344, -0.8880268772198052, 0.5315950685389798]",28.886973589377654,1.8435050041765324
"[0.2854079721305451, 0.652327272579884, -0.8880275149254107, 0.5315946643333495]",28.887013521904173,1.843567836657929
"[0.2854014075658374, 0.6523273484083185, -0.8880281526983298, 0.5315942600058084]",28.887053458357787,1.8436306691393256
"[0.2853948424381259, 0.6523274243196184, -0.8880287905980937, 0.5315938555186093]",28.88709339395314,1.8436935016207223
"[0.2853882780780961, 0.6523275002983914, -0.8880294284954022, 0.5315934509537434]",28.887133331996928,1.8437563341021186
"[0.2853817133981168, 0.6523275763572175, -0.8880300664959386, 0.5315930462441896]",28.887173267824302,1.8438191665835153
"[0.2853751486718415, 0.6523276524929312, -0.8880307045731127, 0.5315926414068066]",28.88721320904831,1.843881999064912
"[0.28536858345746463, 0.6523277287106654, -0.8880313427698746, 0.5315922364143312]",28.887253149960124,1.8439448315463085
"[0.2853620187289651, 0.652327804999111, -0.8880319809915437, 0.5315918313268445]",28.88729308966871,1.8440076640277052
"[0.2853554541995123, 0.6523278813615907, -0.8880326192659941, 0.531591426126662]",28.887333032899317,1.844070496509102
"[0.2853488895509049, 0.6523279578018005, -0.888033257624162, 0.5315910207941466]",28.8873729784349,1.8441333289904986
"[0.28534232523522146, 0.6523280343144742, -0.8880338960220825, 0.5315906153572129]",28.887412922297717,1.844196161471895
"[0.2853357604045006, 0.6523281109094962, -0.8880345345422239, 0.5315902097634813]",28.887452870901146,1.8442589939532916
"[0.285329195289386, 0.6523281875841896, -0.8880351731621652, 0.5315898040271761]",28.88749281908029,1.8443218264346883
"[0.2853226307858091, 0.6523282643280854, -0.8880358117947483, 0.5315893982036732]",28.8875327704525,1.8443846589160848
"[0.2853160662137815, 0.6523283411491174, -0.8880364505061175, 0.5315889922509551]",28.887572721000232,1.8444474913974815
"[0.2853095012540268, 0.6523284180510356, -0.8880370893273427, 0.5315885861492541]",28.887612671236788,1.8445103238788783
"[0.2853029370414933, 0.6523284950205327, -0.8880377281479785, 0.531588179968792]",28.887652624211714,1.8445731563602745
"[0.2852963725345088, 0.6523285720698162, -0.8880383670693905, 0.5315877736451203]",28.88769257866223,1.8446359888416712
"[0.28528980763328426, 0.6523286492000694, -0.8880390061013017, 0.5315873671720396]",28.88773253593865,1.8446988213230682
"[0.2852832432186036, 0.6523287264009464, -0.8880396451579735, 0.5315869606040792]",28.887772496240146,1.8447616538044644
"[0.2852766781123616, 0.6523288036862895, -0.8880402843540983, 0.5315865538682838]",28.887812452404205,1.8448244862858612
"[0.2852701134919822, 0.6523288810422566, -0.888040923575042, 0.5315861470375723]",28.88785241439677,1.8448873187672579
"[0.2852635489121115, 0.6523289584740752, -0.888041562864161, 0.5315857400843699]",28.88789237417538,1.8449501512486541
"[0.28525698488992585, 0.6523290359756424, -0.8880422021710787, 0.5315853330407426]",28.887932336035977,1.845012983730051
"[0.2852504203579508, 0.652329113559561, -0.8880428415997609, 0.5315849258404929]",28.8879723003553,1.8450758162114478
"[0.2852438551471594, 0.6523291912278261, -0.8880434811666916, 0.5315845184731268]",28.88801226514149,1.845138648692844
"[0.2852372912237805, 0.6523292689572091, -0.8880441206803126, 0.5315841110606094]",28.88805223118446,1.8452014811742408
"[0.28523072611907047, 0.6523293467768795, -0.8880447603811501, 0.5315837034497871]",28.88809219807083,1.8452643136556375
"[0.2852241615955665, 0.6523294246660077, -0.8880454000974696, 0.5315832957500068]",28.88813216835844,1.8453271461370342
"[0.2852175973332687, 0.652329502628357, -0.8880460398604417, 0.5315828879414388]",28.888172139176945,1.8453899786184307
"[0.2852110324472616, 0.652329580674445, -0.8880466797563159, 0.5315824799690917]",28.888212109694653,1.8454528110998274
"[0.2852044679059305, 0.652329658792757, -0.8880473196907063, 0.5315820718931428]",28.888252083967128,1.845515643581224
"[0.2851979027849028, 0.6523297369943027, -0.8880479597537252, 0.5315816636561129]",28.888292056464714,1.8455784760626204
"[0.2851913388770959, 0.6523298152577172, -0.8880485997705625, 0.5315812553695026]",28.888332033430718,1.845641308544017
"[0.28518477396237896, 0.6523298936094474, -0.8880492399576894, 0.5315808468952428]",28.888372008501978,1.8457041410254138
"[0.2851782094232993, 0.6523299720330237, -0.8880498801802933, 0.5315804383193121]",28.88841198713227,1.8457669735068103
"[0.28517164509717835, 0.6523300505303757, -0.8880505204542293, 0.5315800296316031]",28.888451965044016,1.845829805988207
"[0.2851650804769545, 0.6523301291075534, -0.8880511608289563, 0.5315796208005591]",28.888491946677583,1.8458926384696037
"[0.2851585161268439, 0.6523302077578171, -0.8880518012494344, 0.5315792118612984]",28.888531928649627,1.845955470951
"[0.2851519516096178, 0.6523302864863972, -0.8880524417583171, 0.5315788027865903]",28.888571911746006,1.8460183034323967
"[0.28514538713289844, 0.6523303652908071, -0.8880530823353477, 0.5315783935893649]",28.88861189525921,1.8460811359137934
"[0.28513882213473574, 0.6523304441777981, -0.8880537230353697, 0.5315779842345797]",28.888651880561433,1.84614396839519
"[0.28513225761793787, 0.6523305231353199, -0.8880543637605148, 0.5315775747847606]",28.888691867778885,1.8462068008765866
"[0.28512569363175433, 0.6523306021627625, -0.8880550045059596, 0.5315771652430055]",28.88873185297615,1.8462696333579833
"[0.28511912868266903, 0.6523306812781142, -0.8880556454174995, 0.5315767555161154]",28.88877184466726,1.84633246583938
"[0.28511256421786857, 0.6523307604639412, -0.888056286353858, 0.5315763456943963]",28.888811835237398,1.8463952983207763
"[0.28510599929597896, 0.6523308397316081, -0.8880569274069466, 0.531575935719064]",28.888851828873896,1.846458130802173
"[0.2850994347868588, 0.6523309190705867, -0.8880575684918259, 0.5315755256444682]",28.888891821211885,1.8465209632835697
"[0.28509287059665317, 0.6523309984820157, -0.888058209617648, 0.5315751154647422]",28.888931814282827,1.8465837957649662
"[0.2850863061885367, 0.6523310779723832, -0.8880588508368422, 0.531574705146347]",28.888971811093764,1.846646628246363
"[0.28507974212041537, 0.6523311575349453, -0.8880594920949086, 0.5315742947241375]",28.889011809790066,1.8467094607277597
"[0.2850731769321163, 0.6523312371873852, -0.8880601335345066, 0.531573884106826]",28.889051807404165,1.846772293209156
"[0.2850666129433158, 0.6523313169015621, -0.8880607749289953, 0.5315734734394895]",28.88909180669077,1.8468351256905526
"[0.28506004821652087, 0.6523313967010166, -0.8880614164676847, 0.5315730626008982]",28.889131807125043,1.8468979581719493
"[0.2850534833843995, 0.6523314765780576, -0.8880620580887613, 0.5315726516306372]",28.88917180941576,1.8469607906533458
"[0.2850469193152301, 0.6523315565221143, -0.8880626997073507, 0.5315722405830708]",28.88921181392607,1.8470236231347426
"[0.28504035454655635, 0.6523316365509906, -0.8880633414664024, 0.5315718293666258]",28.889251818547216,1.8470864556161393
"[0.28503379036586785, 0.6523317166489887, -0.8880639832400548, 0.5315714180619487]",28.88929182550669,1.8471492880975355
"[0.2850272264365545, 0.6523317968202098, -0.888064625061202, 0.531571006647959]",28.889331832217565,1.8472121205789322
"[0.2850206614070199, 0.6523318770811718, -0.8880652670620177, 0.5315705950399194]",28.889371839840763,1.847274953060329
"[0.28501409632759817, 0.6523319574190569, -0.8880659091398052, 0.5315701833036441]",28.889411851292216,1.8473377855417255
"[0.285007532723198, 0.6523320378151698, -0.8880665511454022, 0.5315697715348179]",28.889451862053978,1.8474006180231222
"[0.2850009681220022, 0.652332118299782, -0.8880671933205754, 0.5315693595783783]",28.889491874065932,1.8474634505045189
"[0.2849944034145094, 0.6523321988619979, -0.8880678355782292, 0.5315689474901693]",28.889531888078412,1.8475262829859156
"[0.28498783875433314, 0.6523322794999294, -0.8880684779033359, 0.5315685352798335]",28.889571903311936,1.8475891154673119
"[0.2849812739578232, 0.652332360215833, -0.8880691203138645, 0.5315681229358344]",28.88961191973502,1.8476519479487086
"[0.28497471004868946, 0.6523324409971107, -0.8880697627096252, 0.531567710522489]",28.889651938452854,1.8477147804301053
"[0.2849681457408013, 0.6523325218595736, -0.8880704052164797, 0.5315672979590103]",28.889691956723702,1.8477776129115018
"[0.284961580581329, 0.6523326028088287, -0.8880710478787701, 0.5315668852168904]",28.889731977536343,1.8478404453928985
"[0.28495501684902685, 0.652332683816765, -0.8880716904734192, 0.5315664724394089]",28.889771997161702,1.8479032778742952
"[0.28494845275285174, 0.6523327649054682, -0.888072333175753, 0.53156605951396]",28.88981202045528,1.8479661103556915
"[0.2849418877246327, 0.6523328460819781, -0.8880729760414223, 0.5315656464047624]",28.88985204601334,1.8480289428370882
"[0.28493532385382925, 0.6523329273204533, -0.8880736188658173, 0.5315652332433023]",28.88989207260647,1.848091775318485
"[0.28492875925085986, 0.6523330086442732, -0.8880742618339831, 0.5315648199106494]",28.889932098447897,1.8481546077998814
"[0.28492219531528784, 0.6523330900360994, -0.8880749048088404, 0.5315644064949218]",28.889972124911797,1.848217440281278
"[0.28491563057539004, 0.6523331715141822, -0.8880755479345548, 0.5315639929034203]",28.890012153657032,1.8482802727626748
"[0.28490906616476047, 0.6523332530644657, -0.8880761911000777, 0.5315635792075408]",28.890052186104825,1.848343105244071
"[0.28490250166398423, 0.652333334692144, -0.8880768343464982, 0.5315631653808692]",28.890092217081634,1.8484059377254678
"[0.28489593702676663, 0.6523334163977942, -0.8880774776783554, 0.5315627514204811]",28.890132248602416,1.8484687702068645
"[0.2848893723829653, 0.6523334981798389, -0.8880781210829229, 0.5315623373345129]",28.89017228508552,1.848531602688261
"[0.2848828084189483, 0.6523335800296362, -0.8880787644929216, 0.5315619231663727]",28.890212320622343,1.8485944351696577
"[0.28487624378791393, 0.6523336619640543, -0.8880794080403618, 0.5315615088309877]",28.890252358354097,1.8486572676510544
"[0.2848696799257013, 0.6523337439651421, -0.8880800515844836, 0.5315610944190166]",28.890292395604998,1.8487201001324511
"[0.2848631152248742, 0.6523338260529722, -0.8880806952828856, 0.5315606798289801]",28.89033243479392,1.8487829326138474
"[0.2848565508299701, 0.6523339082132574, -0.8880813390233485, 0.5315602651331246]",28.89037247673988,1.8488457650952441
"[0.2848499857371611, 0.6523339904585609, -0.8880819829043188, 0.531559850268029]",28.890412516875422,1.848908597576641
"[0.2848434227658196, 0.6523340727535355, -0.8880826266492587, 0.5315594354118968]",28.890452559449198,1.8489714300580373
"[0.28483685764988304, 0.652334155151676, -0.8880832706766134, 0.5315590202950583]",28.890492604373105,1.849034262539434
"[0.284830293656657, 0.6523342376119903, -0.8880839146658824, 0.5315586051240783]",28.89053265115827,1.8490970950208307
"[0.28482372906862846, 0.6523343201560456, -0.88808455878556, 0.5315581897903353]",28.89057269834103,1.849159927502227
"[0.2848171648774218, 0.6523344027713752, -0.8880852029383492, 0.531557774356562]",28.890612748347703,1.849222759983624
"[0.28481060004480235, 0.6523344854710499, -0.8880858472261375, 0.5315573587570404]",28.89065279712121,1.8492855924650207
"[0.2848040359057031, 0.6523345682382504, -0.888086491517909, 0.5315569430762812]",28.890692848904404,1.849348424946417
"[0.2847974716032475, 0.6523346510837814, -0.8880871358977592, 0.5315565272600228]",28.89073290040301,1.8494112574278136
"[0.2847909073369072, 0.6523347340050961, -0.8880877803461094, 0.5315561113209318]",28.890772954439857,1.8494740899092104
"[0.2847843431222992, 0.6523348170020252, -0.8880884248614224, 0.5315556952599618]",28.89081300958491,1.8495369223906069
"[0.28477777879963306, 0.6523349000765798, -0.8880890694593881, 0.5315552790669915]",28.890853064855893,1.8495997548720036
"[0.2847712139228321, 0.6523349832344152, -0.8880897141838203, 0.5315548627137194]",28.890893123062924,1.8496625873534003
"[0.2847646500898455, 0.6523350664552835, -0.8880903588777778, 0.5315544463014967]",28.89093318060753,1.849725419834797
"[0.28475808508552014, 0.6523351497672643, -0.8880910037588324, 0.5315540296897974]",28.890973242729753,1.8497882523161933
"[0.28475152112697716, 0.6523352331422267, -0.8880916486091968, 0.5315536130193069]",28.891013301723145,1.84985108479759
"[0.28474495740390404, 0.6523353165904422, -0.888092293508456, 0.531553196238621]",28.891053363356942,1.8499139172789867
"[0.2847383920912496, 0.6523354001351346, -0.8880929386359449, 0.5315527792318139]",28.891093428920275,1.8499767497603832
"[0.28473182817633763, 0.6523354837382921, -0.8880935836981231, 0.5315523621886233]",28.89113349395776,1.85003958224178
"[0.2847252637617819, 0.6523355674240865, -0.8880942288814375, 0.5315519449884942]",28.89117356088313,1.8501024147231766
"[0.2847186997516199, 0.6523356511809281, -0.8880948740970381, 0.5315515276889575]",28.891213628636866,1.8501652472045729
"[0.2847121346637219, 0.6523357350278053, -0.88809551949062, 0.5315511101956872]",28.891253697143156,1.8502280796859696
"[0.2847055709600017, 0.6523358189332483, -0.8880961648201543, 0.5315506926652759]",28.89129376753291,1.8502909121673663
"[0.2846990066969384, 0.6523359029220838, -0.8880968102767096, 0.5315502749741167]",28.891333838320456,1.8503537446487628
"[0.2846924425692261, 0.6523359869854309, -0.888097455791984, 0.5315498571663976]",28.891373911860374,1.8504165771301595
"[0.28468587761108594, 0.6523360711356704, -0.8880981014609615, 0.5315494391806245]",28.891413986364643,1.8504794096115562
"[0.2846793136583423, 0.6523361553492654, -0.8880987471030846, 0.5315490211336855]",28.89145406380775,1.8505422420929525
"[0.28467274958212774, 0.6523362396406865, -0.8880993928293739, 0.5315486029537048]",28.891494140262814,1.8506050745743492
"[0.2846661852047626, 0.6523363240122106, -0.8881000386573156, 0.5315481846293614]",28.891534215498464,1.850667907055746
"[0.2846596210161806, 0.6523364084575574, -0.8881006845387083, 0.531547766191853]",28.891574295465883,1.8507307395371424
"[0.28465305697612464, 0.6523364929772224, -0.8881013304775068, 0.5315473476386399]",28.891614374320152,1.8507935720185391
"[0.2846464930894371, 0.6523365775711621, -0.888101976473228, 0.5315469289700069]",28.891654458235998,1.8508564044999358
"[0.2846399279435636, 0.6523366622575535, -0.8881026226649097, 0.5315465100958785]",28.89169454325995,1.8509192369813325
"[0.28463336375135867, 0.6523367470078999, -0.8881032688347484, 0.5315460911573768]",28.891734624414347,1.8509820694627288
"[0.28462680000103235, 0.6523368318287699, -0.8881039150331008, 0.531545672121894]",28.891774710564537,1.8510449019441255
"[0.2846202354699231, 0.6523369167359646, -0.8881045613803416, 0.5315452529113668]",28.89181479572911,1.8511077344255222
"[0.28461367111091124, 0.6523370017171736, -0.8881052077826588, 0.5315448335866205]",28.891854886805053,1.8511705669069187
"[0.2846071067298502, 0.6523370867749052, -0.8881058542591671, 0.5315444141352579]",28.891894976298534,1.8512333993883154
"[0.28460054338399926, 0.6523371718954492, -0.8881065007057268, 0.5315439946248528]",28.891935066460743,1.8512962318697121
"[0.2845939786691765, 0.6523372571099666, -0.8881071473591398, 0.5315435749017549]",28.89197515708592,1.8513590643511084
"[0.2845874142763811, 0.6523373423965582, -0.8881077940528499, 0.5315431550740064]",28.892015250841368,1.8514218968325051
"[0.2845808495744233, 0.652337427763389, -0.8881084408490398, 0.5315427351012798]",28.892055346209613,1.8514847293139018
"[0.2845742858092338, 0.6523375131942781, -0.8881090876249387, 0.5315423150632587]",28.892095442952677,1.8515475617952983
"[0.28456772146466847, 0.6523375987089154, -0.8881097345299392, 0.5315418948629722]",28.892135539994534,1.851610394276695
"[0.2845611571969556, 0.6523376842987908, -0.8881103814993766, 0.5315414745423729]",28.8921756366563,1.8516732267580918
"[0.28455459310525455, 0.6523377699625958, -0.8881110285234733, 0.5315410541078279]",28.89221573862278,1.851736059239488
"[0.28454802904063986, 0.6523378557022693, -0.8881116756169044, 0.5315406335498029]",28.892255839582667,1.8517988917208847
"[0.2845414643284065, 0.6523379415266346, -0.8881123228461927, 0.5315402128250483]",28.892295940472014,1.8518617242022815
"[0.2845348999184348, 0.6523380274232791, -0.8881129701176917, 0.5315397919944286]",28.892336043422617,1.8519245566836782
"[0.2845283363800348, 0.6523381133847433, -0.8881136173752451, 0.5315393710944589]",28.892376148748948,1.8519873891650747
"[0.28452177141065466, 0.652338199441149, -0.8881142648459274, 0.5315389499775175]",28.89241625619617,1.8520502216464714
"[0.28451520746102577, 0.6523382855604261, -0.8881149122880386, 0.531538528800736]",28.89245636240394,1.852113054127868
"[0.2845086435129898, 0.6523383717558937, -0.8881155598019886, 0.5315381074988363]",28.892496470994924,1.8521758866092644
"[0.2845020789331625, 0.652338458035882, -0.8881162074502682, 0.5315376860311413]",28.892536581303098,1.852238719090661
"[0.28449551482705304, 0.6523385443858608, -0.8881168551238118, 0.5315372644686241]",28.892576692161462,1.8523015515720578
"[0.2844889505206162, 0.6523386308146941, -0.8881175028891215, 0.5315368427679992]",28.892616804766313,1.8523643840534543
"[0.28448238678090226, 0.6523387173122742, -0.8881181506704979, 0.5315364209785519]",28.89265691940122,1.852427216534851
"[0.2844758217511816, 0.6523388039030805, -0.888118798651194, 0.5315359989809456]",28.89269703393707,1.8524900490162477
"[0.2844692585393274, 0.6523388905461114, -0.8881194465244471, 0.5315355769749665]",28.892737148311173,1.852552881497644
"[0.2844626940994222, 0.6523389772815661, -0.8881200945909179, 0.531535154764779]",28.892777269863,1.8526157139790407
"[0.28445612931652375, 0.6523390640977769, -0.888120742763255, 0.5315347324072625]",28.892817387919855,1.8526785464604374
"[0.2844495655230289, 0.6523391509771104, -0.8881213909098935, 0.5315343099881558]",28.892857508059844,1.8527413789418339
"[0.2844430009690268, 0.6523392379427259, -0.8881220392036235, 0.5315338873948438]",28.892897627658783,1.8528042114232306
"[0.284436437311351, 0.6523393249726668, -0.8881226874808197, 0.531533464733992]",28.89293775128371,1.8528670439046273
"[0.2844298728981412, 0.652339412088837, -0.8881233359046289, 0.5315330418992262]",28.892977875425895,1.8529298763860236
"[0.28442330880377215, 0.6523394992769802, -0.8881239843689315, 0.531532618959742]",28.893018001740092,1.8529927088674203
"[0.2844167441607072, 0.652339586548631, -0.8881246329594341, 0.531532195859624]",28.893058128003684,1.8530555413488172
"[0.28441018064535706, 0.6523396738814788, -0.8881252815104963, 0.5315317727069482]",28.89309825450569,1.853118373830214
"[0.284403615391419, 0.6523397613136832, -0.888125930305351, 0.5315313493168901]",28.893138386140937,1.8531812063116102
"[0.28439705164871965, 0.6523398488019656, -0.8881265790228444, 0.5315309258990235]",28.89317851545701,1.853244038793007
"[0.284390487520902, 0.6523399363715772, -0.888127227850381, 0.5315305023310534]",28.89321864912564,1.8533068712744036
"[0.2843839231102505, 0.65234002402117, -0.8881278767778603, 0.5315300786195513]",28.893258779844384,1.8533697037558001
"[0.28437735892769145, 0.6523401117439193, -0.8881285257547745, 0.5315296547974955]",28.893298917796784,1.8534325362371968
"[0.28437079451900216, 0.6523401995458941, -0.88812917482603, 0.5315292308355573]",28.893339051325942,1.8534953687185936
"[0.28436423104089686, 0.652340287411611, -0.8881298238772418, 0.5315288068084592]",28.893379188247504,1.8535582011999898
"[0.28435766651312355, 0.6523403753675794, -0.888130473104234, 0.5315283825882652]",28.893419325191434,1.8536210336813865
"[0.2843511026612452, 0.6523404633906881, -0.8881311223363548, 0.5315279582864703]",28.893459465018253,1.8536838661627832
"[0.2843445379253336, 0.652340551501852, -0.8881317717279001, 0.5315275338022362]",28.893499607323236,1.8537466986441797
"[0.28433797456332854, 0.6523406396707622, -0.8881324210555025, 0.53152710928157]",28.893539746901173,1.8538095311255764
"[0.28433140995136924, 0.652340727932661, -0.8881330705787431, 0.5315266845547622]",28.89357989181203,1.8538723636069732
"[0.2843248462271007, 0.652340816258814, -0.8881337200861221, 0.5315262597601043]",28.893620036192555,1.8539351960883694
"[0.2843182814544102, 0.6523409046752747, -0.8881343697692267, 0.5315258347722898]",28.893660181652045,1.8539980285697661
"[0.28431171766929403, 0.6523409931546235, -0.888135019426565, 0.5315254097231176]",28.893700327865677,1.8540608610511629
"[0.2843051534225031, 0.6523410817163854, -0.8881356692015683, 0.5315249845187541]",28.89374047761623,1.8541236935325593
"[0.28429858908570904, 0.6523411703555554, -0.8881363190574537, 0.5315245591832548]",28.893780626796016,1.854186526013956
"[0.2842920248148841, 0.6523412590700293, -0.8881369689787799, 0.531524133726721]",28.89382077704761,1.8542493584953528
"[0.2842854605142365, 0.6523413478610921, -0.8881376189750293, 0.5315237081429522]",28.89386093175569,1.8543121909767495
"[0.28427889655625405, 0.6523414367237073, -0.8881382690093127, 0.5315232824560948]",28.893901083510535,1.8543750234581458
"[0.2842723323746136, 0.6523415256655347, -0.8881389191377098, 0.531522856629428]",28.89394123971561,1.8544378559395425
"[0.28426576792806857, 0.6523416146871422, -0.8881395693643136, 0.5315224306602585]",28.8939813942347,1.8545006884209392
"[0.2842592037469936, 0.6523417037813359, -0.8881402196365877, 0.5315220045830005]",28.894021553188026,1.8545635209023357
"[0.2842526396841093, 0.6523417929501084, -0.8881408699691148, 0.5315215783881015]",28.89406171072104,1.8546263533837324
"[0.2842460759923646, 0.6523418821900124, -0.8881415203368254, 0.5315211520919996]",28.89410186934951,1.854689185865129
"[0.28423951142611115, 0.6523419715179924, -0.8881421708631521, 0.5315207256137751]",28.894142032090826,1.8547520183465254
"[0.2842329468629308, 0.6523420609221213, -0.8881428214611431, 0.5315202990104143]",28.894182194147024,1.854814850827922
"[0.28422638285955193, 0.652342150394806, -0.8881434720756125, 0.5315198723181107]",28.89422235889892,1.8548776833093188
"[0.28421981913923805, 0.6523422399398131, -0.888144122733974, 0.5315194455188849]",28.894262522552133,1.8549405157907153
"[0.2842132546436768, 0.6523423295715554, -0.8881447735411472, 0.5315190185439451]",28.894302687144673,1.855003348272112
"[0.28420669061695103, 0.6523424192730849, -0.8881454243737947, 0.5315185914741575]",28.894342858166688,1.8550661807535087
"[0.2842001266705199, 0.6523425090496886, -0.8881460752704321, 0.5315181642842712]",28.89438302635971,1.855129013234905
"[0.2841935627225113, 0.6523425989024899, -0.8881467262391752, 0.5315177369689508]",28.894423196899375,1.8551918457163017
"[0.2841869990148695, 0.6523426888281566, -0.8881473772560255, 0.5315173095439701]",28.894463366001208,1.8552546781976984
"[0.284180434099647, 0.6523427788465579, -0.8881480284646107, 0.5315168819149914]",28.894503540013137,1.8553175106790951
"[0.28417386995666705, 0.6523428689305445, -0.8881486796685487, 0.5315164542109723]",28.894543713979164,1.8553803431604916
"[0.28416730607024143, 0.6523429590871787, -0.8881493309189797, 0.5315160263983344]",28.89458389097739,1.8554431756418883
"[0.2841607414086325, 0.6523430493306387, -0.8881499823182794, 0.5315155984098173]",28.894624065234883,1.855506008123285
"[0.2841541774511666, 0.6523431396405883, -0.8881506337196555, 0.5315151703418631]",28.89466424471468,1.8555688406046813
"[0.28414761261228666, 0.6523432300388444, -0.8881512852804603, 0.5315147420910626]",28.894704425398594,1.855631673086078
"[0.2841410501815778, 0.6523433204800827, -0.8881519366741749, 0.5315143138720496]",28.894744604467956,1.8556945055674747
"[0.2841344853365329, 0.6523434110307648, -0.8881525883794866, 0.5315138853701377]",28.894784785242887,1.8557573380488712
"[0.28412792176422885, 0.6523435016400506, -0.8881532400303893, 0.5315134568259581]",28.894824968974124,1.855820170530268
"[0.28412135694633084, 0.6523435923427049, -0.8881538918769099, 0.5315130280750833]",28.89486515398986,1.8558830030116646
"[0.28411479257597616, 0.6523436831153486, -0.8881545437509412, 0.5315125992280663]",28.894905338783335,1.855945835493061
"[0.28410822918622397, 0.6523437739505841, -0.8881551955995239, 0.5315121703197716]",28.89494552673053,1.8560086679744576
"[0.28410166440808926, 0.6523438648812043, -0.8881558476579419, 0.5315117411953744]",28.894985714355894,1.8560715004558543
"[0.28409510059755433, 0.6523439558745819, -0.8881564996921882, 0.531511312008866]",28.89502590396795,1.8561343329372508
"[0.28408853638254605, 0.652344046949726, -0.8881571518385522, 0.5315108826705465]",28.895066093471232,1.8561971654186475
"[0.2840819726453254, 0.652344138094417, -0.8881578040093779, 0.5315104532380925]",28.89510628508486,1.8562599979000443
"[0.28407540779582574, 0.6523442293306784, -0.8881584563626673, 0.5315100236075341]",28.895146479800733,1.8563228303814405
"[0.28406884391962794, 0.6523443206295918, -0.8881591086911731, 0.5315095939152753]",28.89518667309266,1.8563856628628372
"[0.28406227961132585, 0.652344412010675, -0.8881597611345577, 0.5315091640693519]",28.895226870426487,1.856448495344234
"[0.2840557158333622, 0.6523445034605266, -0.8881604135971587, 0.531508734132788]",28.89526706644798,1.8565113278256307
"[0.28404915138470455, 0.6523445949958806, -0.8881610661983647, 0.5315083040269102]",28.895307266030954,1.8565741603070272
"[0.2840425874829832, 0.6523446865997659, -0.888161718817126, 0.5315078738314833]",28.89534746319553,1.8566369927884239
"[0.28403602301019687, 0.6523447782877686, -0.8881623715646011, 0.5315074434732516]",28.895387665192782,1.8566998252698206
"[0.28402945918868633, 0.6523448700428289, -0.8881630243192412, 0.5315070130323314]",28.895427869213112,1.8567626577512168
"[0.28402289470153536, 0.6523449618833511, -0.8881636772120098, 0.5315065824223651]",28.89546807132565,1.8568254902326136
"[0.2840163306837623, 0.652345053793459, -0.888164330130022, 0.5315061517177974]",28.895508274314334,1.8568883227140103
"[0.28400976709763737, 0.6523451457736581, -0.8881649830770156, 0.5315057209161834]",28.895548481405623,1.8569511551954068
"[0.2840032028594418, 0.6523452378391453, -0.8881656361608015, 0.5315052899463769]",28.895588688687543,1.8570139876768035
"[0.283996638224562, 0.652345329986354, -0.888166289355987, 0.5315048588251152]",28.895628899072666,1.8570768201582002
"[0.2839900745197363, 0.6523454221966503, -0.8881669425305495, 0.5315044276395433]",28.895669106611503,1.8571396526395965
"[0.2839835100003496, 0.6523455144945398, -0.8881675958580976, 0.5315039962750553]",28.895709319207807,1.8572024851209932
"[0.2839769467571162, 0.6523456068506195, -0.8881682491305469, 0.5315035648690438]",28.895749531379987,1.85726531760239
"[0.2839703822067552, 0.6523456993012401, -0.8881689026050233, 0.5315031332517063]",28.895789744646788,1.8573281500837864
"[0.2839638178422495, 0.652345791825396, -0.8881695561329244, 0.5315027015211687]",28.89582995847102,1.857390982565183
"[0.28395725422653856, 0.6523458844151261, -0.888170209658189, 0.5315022697144911]",28.89587017610959,1.8574538150465798
"[0.2839506895895825, 0.6523459770954138, -0.88817086335706, 0.5315018377152042]",28.895910393750032,1.8575166475279765
"[0.2839441258066349, 0.6523460698397823, -0.8881715170428032, 0.5315014056467094]",28.89595061272958,1.857579480009373
"[0.28393756123472086, 0.6523461626714445, -0.8881721708790402, 0.5315009734008564]",28.895990833804174,1.8576423124907697
"[0.28393099704303437, 0.6523462555738871, -0.8881728247493236, 0.5315005410545993]",28.896031052505776,1.8577051449721664
"[0.2839244331856483, 0.6523463485477043, -0.8881734786582176, 0.5315001086049836]",28.89607127827552,1.8577679774535627
"[0.2839178685239025, 0.6523464416090742, -0.8881741327191632, 0.531499675976923]",28.896111500439083,1.8578308099349594
"[0.2839113046082706, 0.6523465347360043, -0.8881747867776816, 0.5314992432726099]",28.896151727715857,1.8578936424163561
"[0.2839047405948606, 0.6523466279404514, -0.8881754409178508, 0.5314988104364345]",28.89619195225136,1.8579564748977526
"[0.2838981767332041, 0.652346721218874, -0.8881760951148011, 0.5314983774848465]",28.896232180882738,1.8580193073791493
"[0.28389161243833966, 0.6523468145795891, -0.8881767494268377, 0.5314979443792515]",28.8962724078929,1.858082139860546
"[0.2838850483603536, 0.6523469080133527, -0.8881774037891644, 0.5314975111625345]",28.896312638772585,1.8581449723419423
"[0.28387848451922554, 0.6523470015198706, -0.8881780581997808, 0.5314970778360258]",28.896352870969906,1.858207804823339
"[0.28387191991606664, 0.6523470951133861, -0.8881787127582828, 0.5314966443337588]",28.896393104085302,1.8582706373047357
"[0.2838653562666788, 0.6523471887694219, -0.8881793672935836, 0.5314962107690544]",28.896433338211676,1.8583334697861322
"[0.2838587918469626, 0.6523472825125847, -0.8881800219776083, 0.5314957770280175]",28.896473575441746,1.858396302267529
"[0.283852228199422, 0.6523473763208423, -0.8881806766565188, 0.531495343212571]",28.89651381141858,1.8584591347489257
"[0.2838456635937514, 0.6523474702189267, -0.8881813315029026, 0.5314949092083452]",28.896554047695908,1.858521967230322
"[0.28383909945291064, 0.6523475641864915, -0.8881819863748217, 0.5314944751093997]",28.896594288005534,1.8585847997117186
"[0.2838325352747718, 0.6523476582307176, -0.8881826413223629, 0.531494040882537]",28.89663452795952,1.8586476321931154
"[0.28382597168853585, 0.6523477523425802, -0.888183296282736, 0.5314936065693933]",28.896674771676448,1.858710464674512
"[0.2838194070018662, 0.6523478465463515, -0.888183951424822, 0.531493172057971]",28.89671501125657,1.8587732971559086
"[0.2838128434110985, 0.6523479408105138, -0.8881846065294304, 0.5314927374936405]",28.89675525802362,1.8588361296373053
"[0.28380627915591944, 0.6523480351603405, -0.8881852617722478, 0.5314923027598638]",28.896795503370974,1.858898962118702
"[0.2837997150416041, 0.6523481295842647, -0.8881859170728994, 0.5314918679099567]",28.896835748639013,1.8589617946000982
"[0.2837931504886834, 0.6523482240906244, -0.8881865724892387, 0.5314914329055216]",28.896875997847733,1.859024627081495
"[0.2837865863627034, 0.6523483186669605, -0.8881872279348462, 0.5314909978039105]",28.896916250194764,1.8590874595628917
"[0.28378002253658857, 0.6523484133150904, -0.8881878834223984, 0.5314905625967179]",28.89695649960981,1.8591502920442882
"[0.2837734579607866, 0.6523485080501626, -0.8881885390567134, 0.531490127214331]",28.89699675190577,1.8592131245256849
"[0.283766894045657, 0.6523486028518265, -0.888189194696932, 0.5314896917502819]",28.897037004674022,1.8592759570070816
"[0.28376033049757626, 0.6523486977242496, -0.8881898503723686, 0.5314892561851842]",28.89707725936136,1.8593387894884779
"[0.2837537659715901, 0.6523487926869556, -0.8881905062173844, 0.5314888204296768]",28.897117516938554,1.8594016219698746
"[0.28374720232572825, 0.652348887713033, -0.8881911620463505, 0.5314883846071322]",28.897157771434603,1.8594644544512713
"[0.2837406385692776, 0.6523489828168227, -0.8881918179582431, 0.5314879486517734]",28.897198029804684,1.8595272869326678
"[0.28373407395077976, 0.6523490780092185, -0.8881924740281711, 0.5314875125136719]",28.897238288146212,1.8595901194140645
"[0.28372751015877645, 0.652349173265764, -0.8881931300873787, 0.5314870763049712]",28.89727855268418,1.8596529518954612
"[0.2837209451492213, 0.6523492686160526, -0.8881937863401806, 0.531486639889912]",28.897318815156115,1.8597157843768575
"[0.28371438148931577, 0.6523493640228629, -0.8881944425299467, 0.531486203439069]",28.897359078314025,1.8597786168582542
"[0.2837078171728634, 0.652349459515334, -0.8881950988572309, 0.5314857668190702]",28.897399343623032,1.859841449339651
"[0.28370125270696894, 0.6523495550860946, -0.8881957552713436, 0.5314853300636279]",28.897439608091148,1.8599042818210476
"[0.28369468952764315, 0.6523496507142164, -0.8881964116286714, 0.5314848932683175]",28.89747987664669,1.859967114302444
"[0.2836881247732767, 0.6523497464414003, -0.8881970682153953, 0.5314844562426785]",28.897520145480907,1.8600299467838408
"[0.2836815603680238, 0.6523498422396062, -0.8881977248390879, 0.5314840191147704]",28.897560414340724,1.8600927792652375
"[0.283674996363521, 0.6523499381080693, -0.8881983814945691, 0.5314835818880489]",28.897600686745584,1.8601556117466338
"[0.28366843231007105, 0.6523500340533481, -0.8881990382268207, 0.5314831445325695]",28.89764095848608,1.8602184442280305
"[0.2836618681971426, 0.6523501300755996, -0.8881996950368963, 0.5314827070476232]",28.897681232072582,1.8602812767094272
"[0.28365530479596035, 0.6523502261635291, -0.888200351847615, 0.5314822694846285]",28.89772150492331,1.8603441091908237
"[0.2836487403842562, 0.6523503223423534, -0.8882010088313316, 0.5314818317287571]",28.89776178397644,1.8604069416722204
"[0.28364217562033245, 0.6523504186024522, -0.888201665922182, 0.5314813938238651]",28.897802061093515,1.8604697741536171
"[0.2836356120061951, 0.6523505149217853, -0.8882023229698115, 0.5314809558701673]",28.89784234008996,1.8605326066350134
"[0.28362904811353645, 0.652350611321298, -0.8882029801171849, 0.531480517772381]",28.89788262113807,1.8605954391164101
"[0.28362248334533047, 0.6523507078097766, -0.8882036374240915, 0.5314800794906254]",28.897922903178966,1.8606582715978068
"[0.2836159194178561, 0.6523508043619947, -0.888204294718686, 0.5314796411394805]",28.897963184651196,1.8607211040792033
"[0.2836093548660458, 0.6523509009994996, -0.8882049521476718, 0.5314792026211098]",28.89800346895994,1.8607839365606
"[0.28360279103323627, 0.652350997702516, -0.8882056095765137, 0.5314787640252453]",28.898043753539124,1.8608467690419968
"[0.2835962270283648, 0.6523510944841554, -0.8882062670944495, 0.5314783252923679]",28.89808403886645,1.8609096015233935
"[0.28358966298688454, 0.6523511913424361, -0.8882069246879136, 0.5314778864315071]",28.89812432907385,1.8609724340047897
"[0.283583098971106, 0.6523512882763998, -0.8882075823506637, 0.5314774474468736]",28.8981646171516,1.8610352664861864
"[0.28357653478597195, 0.6523513852889724, -0.8882082401022426, 0.531477008325362]",28.898204911253778,1.8610980989675832
"[0.2835699703267146, 0.6523514823816938, -0.8882088979531562, 0.5314765690599681]",28.89824520129747,1.8611609314489796
"[0.28356340658242685, 0.652351579539925, -0.8882095558042743, 0.5314761297168893]",28.898285492401204,1.8612237639303764
"[0.2835568423801617, 0.6523516767810248, -0.88821021377315, 0.5314756902176176]",28.898325786891338,1.861286596411773
"[0.283550278685597, 0.6523517740906817, -0.8882108717629871, 0.5314752506268137]",28.898366081597157,1.8613494288931693
"[0.28354371380720395, 0.6523518714939891, -0.8882115299433654, 0.5314748108311631]",28.89840637873494,1.8614122613745663
"[0.28353714963750676, 0.6523519689628734, -0.8882121881245514, 0.5314743709574363]",28.89844667754823,1.861475093855963
"[0.28353058500734163, 0.6523520665146886, -0.8882128464237707, 0.5314739309272924]",28.898486977398598,1.8615379263373593
"[0.28352402203791166, 0.6523521641178935, -0.8882135046282887, 0.5314734908829469]",28.898527279925364,1.861600758818756
"[0.283517457466906, 0.652352261821001, -0.8882141630652838, 0.5314730506056644]",28.898567580226587,1.8616635913001527
"[0.2835108933979745, 0.6523523595927191, -0.8882148215237725, 0.5314726102365014]",28.898607886573952,1.8617264237815492
"[0.2835043292270578, 0.652352457442075, -0.8882154800643403, 0.5314721697348962]",28.898648188537393,1.861789256262946
"[0.2834977654528164, 0.6523525553615227, -0.8882161386369598, 0.531471729134449]",28.898688493042723,1.8618520887443426
"[0.28349120038864994, 0.6523526533763431, -0.8882167974108633, 0.5314712883217892]",28.898728801004943,1.8619149212257389
"[0.28348463658502354, 0.6523527514484233, -0.8882174561301244, 0.5314708474682066]",28.898769111539835,1.8619777537071356
"[0.2834780729174502, 0.6523528495945397, -0.888218114907569, 0.5314704064982144]",28.898809419200415,1.8620405861885323
"[0.28347150802520954, 0.6523529478350567, -0.8882187738797854, 0.5314699653203611]",28.89884973204816,1.862103418669929
"[0.2834649441414405, 0.6523530461365589, -0.8882194328226176, 0.5314695240847123]",28.898890042921522,1.8621662511513255
"[0.2834583794664712, 0.6523531445259949, -0.888220091916729, 0.5314690826702931]",28.898930355632594,1.8622290836327222
"[0.28345181627124694, 0.6523532429693147, -0.8882207509341038, 0.531468641229823]",28.898970672315166,1.862291916114119
"[0.2834452513018312, 0.6523533415153289, -0.8882214102014775, 0.5314681995444314]",28.899010985852204,1.8623547485955152
"[0.2834386874042585, 0.6523534401213288, -0.8882220694330552, 0.531467757805574]",28.899051302891305,1.862417581076912
"[0.283432123409442, 0.6523535388048575, -0.8882227287462355, 0.5314673159346003]",28.89909162274829,1.8624804135583086
"[0.2834255589926083, 0.6523536375708081, -0.8882233881736472, 0.5314668739096279]",28.899131941488886,1.8625432460397051
"[0.2834189954775973, 0.6523537363992519, -0.8882240475822956, 0.531466431819813]",28.899172264297878,1.8626060785211018
"[0.28341243108941805, 0.6523538353169115, -0.888224707150505, 0.5314659895456016]",28.899212585431716,1.8626689110024985
"[0.2834058663515207, 0.6523539343159234, -0.8882253668256996, 0.5314655471222188]",28.89925290800033,1.8627317434838948
"[0.28339930248378314, 0.6523540333778801, -0.8882260264852874, 0.5314651046318917]",28.899293232394733,1.8627945759652915
"[0.2833927387895213, 0.6523541325132767, -0.8882266861992657, 0.5314646620276828]",28.899333559258,1.8628574084466882
"[0.28338617368399444, 0.6523542317460698, -0.8882273461269359, 0.531464219202691]",28.899373886733255,1.8629202409280847
"[0.2833796102456683, 0.652354331029729, -0.8882280059588434, 0.53146377636456]",28.899414214361435,1.8629830734094814
"[0.2833730458035931, 0.6523544304046226, -0.8882286659634919, 0.5314633333331236]",28.899454545066224,1.8630459058908782
"[0.28336648199893955, 0.6523545298459344, -0.888229325975878, 0.5314628902191028]",28.899494876711366,1.8631087383722744
"[0.2833599172834501, 0.6523546293771375, -0.8882299861516868, 0.5314624469179521]",28.899535208678422,1.8631715708536711
"[0.28335335344111073, 0.6523547289711218, -0.8882306463115159, 0.5314620035502104]",28.899575545215402,1.8632344033350678
"[0.2833467893568584, 0.6523548286448563, -0.8882313065674985, 0.5314615600405005]",28.899615877788772,1.8632972358164646
"[0.2833402252122693, 0.652354928395564, -0.888231966901376, 0.5314611164011092]",28.899656215495234,1.863360068297861
"[0.2833336612948944, 0.652355028218877, -0.888232627284217, 0.5314606726514659]",28.89969655348173,1.8634229007792578
"[0.28332709657415367, 0.6523551281304752, -0.8882332878197154, 0.5314602287218838]",28.89973689256743,1.8634857332606545
"[0.2833205326538137, 0.6523552281059486, -0.8882339483465003, 0.5314597847208136]",28.89977723141005,1.8635485657420507
"[0.283313968238594, 0.6523553281650212, -0.8882346089949102, 0.531459340560643]",28.899817575776545,1.8636113982234475
"[0.2833074038258891, 0.6523554283001163, -0.8882352697148937, 0.5314588962750147]",28.899857916359366,1.8636742307048442
"[0.2833008399112681, 0.6523555285036673, -0.8882359304565617, 0.5314584518974776]",28.89989826147039,1.8637370631862407
"[0.2832942752891692, 0.6523556287940944, -0.8882365913412712, 0.531458007346391]",28.89993860922656,1.8637998956676374
"[0.2832877114060455, 0.6523557291492547, -0.8882372522234024, 0.5314575627197591]",28.899978954289253,1.863862728149034
"[0.2832811471393423, 0.6523558295863584, -0.8882379132159708, 0.5314571179414834]",28.900019302020194,1.8639255606304304
"[0.28327458311854337, 0.6523559300957287, -0.8882385742555926, 0.5314566730542676]",28.900059650838553,1.863988393111827
"[0.2832680186711119, 0.6523560306876978, -0.8882392354099979, 0.5314562280124825]",28.900100001790367,1.8640512255932238
"[0.2832614545459169, 0.6523561313507807, -0.8882398966037637, 0.5314557828669061]",28.900140352287597,1.8641140580746203
"[0.28325489026575196, 0.6523562320922925, -0.8882405578849546, 0.5314553375851784]",28.900180705139746,1.864176890556017
"[0.2832483258398934, 0.6523563329120922, -0.8882412192526393, 0.5314548921679219]",28.90022106158444,1.8642397230374137
"[0.2832417618022231, 0.6523564338019787, -0.8882418806530245, 0.5314544466513623]",28.900261417347085,1.8643025555188104
"[0.28323519836637495, 0.6523565347586485, -0.8882425420645671, 0.5314540010500278]",28.900301773388392,1.8643653880002067
"[0.2832286338930732, 0.6523566358073237, -0.888243203652466, 0.5314535552526105]",28.900342131133815,1.8644282204816034
"[0.28322206926758686, 0.6523567369343986, -0.8882438653275209, 0.531453109319191]",28.90038248962367,1.864491052963
"[0.28321550533120055, 0.6523568381269013, -0.8882445270049237, 0.5314526633069331]",28.900422850237405,1.8645538854443966
"[0.28320894056770674, 0.6523569394082024, -0.8882451888375187, 0.5314522171128131]",28.9004632146844,1.8646167179257933
"[0.2832023774600103, 0.6523570407399983, -0.8882458505749735, 0.5314517709055884]",28.90050357528149,1.86467955040719
"[0.28319581280471945, 0.652357142171715, -0.8882465125402741, 0.5314513244675074]",28.900543942558436,1.8647423828885863
"[0.283189248535742, 0.6523572436735243, -0.8882471745384272, 0.5314508779300117]",28.900584305997874,1.864805215369983
"[0.28318268387374906, 0.652357345257446, -0.8882478366480268, 0.5314504312401215]",28.900624671379113,1.8648680478513797
"[0.2831761205190565, 0.6523574468971735, -0.8882484986975631, 0.5314499845135318]",28.900665041385558,1.8649308803327762
"[0.2831695555986628, 0.6523575486371936, -0.8882491609768404, 0.5314495375546957]",28.900705412293252,1.864993712814173
"[0.28316299125852523, 0.6523576504442671, -0.8882498232693872, 0.5314490905096837]",28.900745783964698,1.8650565452955696
"[0.2831564271103542, 0.6523577523244002, -0.8882504856143645, 0.5314486433520745]",28.900786154379514,1.865119377776966
"[0.2831498633901168, 0.6523578542739201, -0.8882511479879521, 0.5314481960979563]",28.90082652789667,1.8651822102583626
"[0.2831432983990428, 0.652357956319226, -0.8882518105615919, 0.5314477486315491]",28.900866901395528,1.8652450427397593
"[0.2831367346762929, 0.6523580584208484, -0.8882524730790192, 0.5314473011259183]",28.900907279116833,1.8653078752211558
"[0.28313017021498615, 0.652358160609997, -0.8882531357427894, 0.5314468534442486]",28.90094765766212,1.8653707077025525
"[0.2831236058656945, 0.6523582628734399, -0.88825379846705, 0.5314464056445282]",28.90098803458758,1.8654335401839492
"[0.2831170419581661, 0.6523583652060205, -0.8882544612185003, 0.531445957749276]",28.901028414748474,1.865496372665346
"[0.2831104769721154, 0.6523584676314673, -0.8882551241506516, 0.5314455096547134]",28.90106879724695,1.8655592051467422
"[0.28310391356976605, 0.6523585701082227, -0.888255786994662, 0.5314450615425783]",28.90110917834252,1.8656220376281392
"[0.2830973487309848, 0.6523586726834426, -0.8882564500555359, 0.5314446132066694]",28.90114956296587,1.8656848701095359
"[0.28309078453208575, 0.652358775324698, -0.888257113123572, 0.5314441647887602]",28.901189944815112,1.8657477025909321
"[0.2830842201696033, 0.6523588780445422, -0.8882577762799232, 0.5314437162339761]",28.90123033333019,1.8658105350723289
"[0.2830776561822045, 0.6523589808345419, -0.8882584394701663, 0.5314432675791282]",28.90127072095704,1.8658733675537256
"[0.28307109194993085, 0.6523590837043999, -0.8882591027569359, 0.5314428187818475]",28.90131111121355,1.865936200035122
"[0.2830645276570879, 0.6523591866512436, -0.8882597661216113, 0.5314423698547102]",28.901351501107726,1.8659990325165188
"[0.2830579626966853, 0.6523592896845802, -0.888260429625546, 0.53144192075621]",28.90139189364607,1.8660618649979155
"[0.28305139868331225, 0.6523593927790935, -0.88826109310555, 0.5314414715967688]",28.901432284737528,1.8661246974793118
"[0.28304483495897803, 0.6523594959450641, -0.8882617566281119, 0.531441022331433]",28.901472681643558,1.8661875299607085
"[0.28303827075857896, 0.6523595991945451, -0.8882624202705774, 0.5314405729077962]",28.901513072795087,1.8662503624421052
"[0.2830317066210236, 0.652359702519058, -0.8882630839784674, 0.5314401233627514]",28.901553470678554,1.8663131949235017
"[0.28302514177515037, 0.6523598059307586, -0.8882637478297658, 0.5314396736434557]",28.901593868922248,1.8663760274048984
"[0.2830185776323463, 0.6523599094074082, -0.8882644116817481, 0.5314392238466001]",28.901634265828065,1.866438859886295
"[0.2830120131301915, 0.6523600129657202, -0.8882650756418556, 0.5314387738994252]",28.901674666325473,1.8665016923676918
"[0.28300544886404294, 0.6523601165963459, -0.8882657396498703, 0.5314383238426813]",28.901715067427492,1.866564524849088
"[0.2829988845392894, 0.6523602203039233, -0.8882664037355903, 0.5314378736561828]",28.901755472735044,1.8666273573304848
"[0.2829923207124102, 0.6523603240796323, -0.8882670678427109, 0.5314374233781293]",28.901795874586433,1.8666901898118815
"[0.2829857561844294, 0.6523604279424527, -0.8882677320925426, 0.5314369729262367]",28.901836281599184,1.866753022293278
"[0.28297919165553764, 0.652360531881305, -0.8882683964142459, 0.5314365223485445]",28.90187668686586,1.8668158547746747
"[0.2829726278299777, 0.6523606358850345, -0.888269060736539, 0.5314360716933988]",28.90191709467562,1.8668786872560714
"[0.28296606290107185, 0.6523607399822653, -0.8882697252422814, 0.5314356208367536]",28.901957505271692,1.8669415197374677
"[0.2829594988781288, 0.6523608441411455, -0.8882703897280914, 0.5314351699165866]",28.90199791531594,1.8670043522188644
"[0.2829529349237926, 0.6523609483749426, -0.8882710542787186, 0.5314347188754028]",28.90203832474841,1.8670671847002611
"[0.28294636963036063, 0.6523610527060316, -0.8882717190367027, 0.5314342676164341]",28.902078740654755,1.8671300171816576
"[0.28293980558754045, 0.6523611570932594, -0.8882723837398272, 0.5314338163176764]",28.90211915215953,1.8671928496630543
"[0.2829332414882127, 0.6523612615573912, -0.8882730485204364, 0.5314333648892936]",28.902159567671077,1.867255682144451
"[0.28292667731473997, 0.6523613660987131, -0.8882737133803167, 0.5314329133300619]",28.90219998610947,1.8673185146258473
"[0.28292011266467415, 0.6523614707236324, -0.8882743783602398, 0.5314324616122916]",28.902240403800633,1.867381347107244
"[0.28291354826506704, 0.6523615754205752, -0.8882750433865596, 0.53143200978599]",28.902280825273035,1.8674441795886407
"[0.2829069844239035, 0.6523616801846105, -0.8882757084280603, 0.5314315578723816]",28.902321242556013,1.8675070120700372
"[0.28290041999324983, 0.6523617850340611, -0.888276373601049, 0.5314311057924281]",28.9023616671122,1.867569844551434
"[0.28289385525534444, 0.6523618899644328, -0.8882770388769403, 0.5314306535655393]",28.90240208865192,1.8676326770328306
"[0.2828872904361441, 0.65236199497212, -0.8882777042328405, 0.5314302012072679]",28.9024425134769,1.8676955095142274
"[0.2828807272037273, 0.6523621000304205, -0.8882783694996614, 0.5314297488325878]",28.902482939071003,1.8677583419956236
"[0.2828741622025137, 0.6523622051930288, -0.8882790350175364, 0.5314292962102319]",28.90252336637493,1.8678211744770203
"[0.2828675984139267, 0.6523623104122179, -0.8882797004842352, 0.5314288435457081]",28.902563795966646,1.867884006958417
"[0.2828610335375607, 0.6523624157248514, -0.88828036613298, 0.5314283906803843]",28.902604228466227,1.8679468394398135
"[0.28285446918182655, 0.6523625211051376, -0.8882810318006937, 0.5314279377251937]",28.902644657964935,1.8680096719212103
"[0.2828479048243815, 0.6523626265614523, -0.8882816975403367, 0.5314274846441057]",28.90268508855113,1.868072504402607
"[0.2828413406186443, 0.652362732091327, -0.8882823633363445, 0.5314270314477125]",28.90272552024153,1.8681353368840032
"[0.28283477638209575, 0.652362837697693, -0.8882830292072279, 0.5314265781234138]",28.902765957347075,1.8681981693654
"[0.28282821170832395, 0.6523629433870971, -0.8882836951942196, 0.5314261246431262]",28.902806392444827,1.8682610018467967
"[0.2828216474725698, 0.6523630491454435, -0.888284361208525, 0.531425671067313]",28.902846829314335,1.8683238343281932
"[0.28281508335041083, 0.6523631549779528, -0.8882850272830501, 0.5314252173735653]",28.902887268884037,1.8683866668095899
"[0.2828085186310707, 0.6523632608960915, -0.888285693489926, 0.5314247635127414]",28.902927708811134,1.8684494992909866
"[0.282801953944087, 0.6523633668897098, -0.8882863597652734, 0.5314243095283493]",28.90296814891246,1.8685123317723829
"[0.282795389776799, 0.6523634729509313, -0.8882870260596205, 0.5314238554541005]",28.903008592587497,1.8685751642537796
"[0.2827888255874451, 0.6523635790884954, -0.8882876924279495, 0.5314234012525376]",28.903049035191998,1.8686379967351763
"[0.282782261068481, 0.6523636853073838, -0.8882883589014856, 0.5314229469023634]",28.903089479789767,1.8687008292165728
"[0.28277569659540047, 0.6523637916015248, -0.8882890254421101, 0.5314224924295563]",28.90312992741251,1.8687636616979695
"[0.2827691321435259, 0.6523638979713152, -0.888289692052326, 0.5314220378324093]",28.903170373986434,1.8688264941793662
"[0.2827625678964038, 0.6523640044137756, -0.8882903587134906, 0.5314215831236372]",28.903210822610248,1.868889326660763
"[0.2827560035484835, 0.6523641109338584, -0.8882910254566317, 0.5314211282820752]",28.903251272235195,1.8689521591421592
"[0.2827494385472509, 0.6523642175405413, -0.8882916923378807, 0.5314206732694161]",28.903291725511842,1.8690149916235559
"[0.28274287459420133, 0.6523643242061881, -0.888292359184389, 0.5314202182035964]",28.903332178530384,1.8690778241049526
"[0.28273630995687077, 0.6523644309589417, -0.8882930261721554, 0.5314197629645185]",28.903372632160817,1.869140656586349
"[0.28272974606393475, 0.6523645377755686, -0.8882936931560197, 0.5314193076512559]",28.903413084944592,1.8692034890677458
"[0.2827231812061006, 0.6523646446838887, -0.8882943603096726, 0.5314188521452314]",28.903453541817846,1.8692663215491425
"[0.28271661655870567, 0.6523647516647739, -0.8882950275136815, 0.5314183965279727]",28.903493999465365,1.8693291540305388
"[0.2827100520992328, 0.6523648587185829, -0.8882956947703273, 0.5314179407979266]",28.903534457245417,1.8693919865119355
"[0.28270348778459214, 0.6523649658460103, -0.8882963620839845, 0.531417484952111]",28.90357492055293,1.8694548189933322
"[0.2826969238006557, 0.6523650730440155, -0.888297029435748, 0.5314170290034427]",28.903615381210027,1.8695176514747287
"[0.28269035864521885, 0.6523651803371476, -0.8882976969783583, 0.5314165728475455]",28.903655844286178,1.8695804839561254
"[0.2826837945030157, 0.6523652876896965, -0.8882983644896735, 0.5314161166362205]",28.903696309208645,1.8696433164375221
"[0.28267722969905934, 0.6523653951290527, -0.8882990321400175, 0.5314156602530579]",28.903736770219837,1.8697061489189184
"[0.28267066572946875, 0.6523655026307297, -0.888299699777229, 0.5314152038020667]",28.90377723976113,1.8697689814003153
"[0.28266410092203653, 0.6523656102221095, -0.8883003675713913, 0.531414747166966]",28.903817706355536,1.869831813881712
"[0.28265753677265804, 0.6523657178786789, -0.8883010353703382, 0.5314142904517988]",28.90385817661236,1.8698946463631088
"[0.28265097162063124, 0.6523658256276808, -0.8883017033430256, 0.5314138335410051]",28.90389864735773,1.869957478844505
"[0.28264440725000084, 0.6523659334398377, -0.8883023713079374, 0.5314133765587392]",28.903939120098894,1.8700203113259017
"[0.2826378430707416, 0.6523660413248207, -0.8883030393250956, 0.5314129194639547]",28.90397959145315,1.8700831438072985
"[0.28263127871466204, 0.652366149288682, -0.8883037074319691, 0.5314124622310078]",28.9040200668594,1.870145976288695
"[0.2826247141638429, 0.6523662573317206, -0.8883043756303862, 0.5314120048586394]",28.904060543591182,1.8702088087700917
"[0.2826181502044323, 0.6523663654409917, -0.888305043840318, 0.5314115474016299]",28.90410101819729,1.8702716412514884
"[0.2826115850242432, 0.652366473646349, -0.8883057122462545, 0.5314110897336681]",28.904141497550775,1.8703344737328846
"[0.2826050207434425, 0.6523665819128571, -0.8883063806323448, 0.5314106320025369]",28.90418197642766,1.8703973062142814
"[0.2825984568139059, 0.6523666902495356, -0.8883070490543772, 0.5314101741700475]",28.904222455820495,1.870460138695678
"[0.28259189202661555, 0.6523667986763505, -0.8883077176354766, 0.5314097161518504]",28.90426293994261,1.8705229711770746
"[0.28258532699392275, 0.6523669071831714, -0.8883083863132973, 0.531409257990677]",28.90430342218045,1.8705858036584713
"[0.2825787629561729, 0.6523670157495283, -0.8883090549614896, 0.5314087997730542]",28.904343904442168,1.870648636139868
"[0.28257219809308537, 0.6523671244055085, -0.8883097237654741, 0.5314083413719346]",28.90438439177422,1.8707114686212643
"[0.2825656338354381, 0.6523672331274318, -0.888310392579491, 0.531407882887219]",28.904424879225925,1.870774301102661
"[0.282559068960004, 0.652367341935571, -0.8883110615281695, 0.5314074242334506]",28.904465366059863,1.8708371335840577
"[0.2825525040090379, 0.6523674508209161, -0.8883117305562679, 0.5314069654485339]",28.904505857690403,1.8708999660654542
"[0.28254594036007363, 0.6523675597606258, -0.8883123995233798, 0.531406506628734]",28.90454634595172,1.8709627985468509
"[0.28253937594085937, 0.6523676687890834, -0.8883130686406994, 0.5314060476292086]",28.904586839578354,1.8710256310282476
"[0.28253281099017585, 0.6523677779023331, -0.8883137378839089, 0.5314055884666274]",28.90462733068951,1.8710884635096443
"[0.28252624616032673, 0.6523678870895457, -0.8883144071865159, 0.5314051291865932]",28.904667827755638,1.8711512959910406
"[0.2825196819626989, 0.6523679963422027, -0.8883150764963703, 0.5314046698249008]",28.904708323525977,1.8712141284724373
"[0.2825131172739242, 0.652368105678995, -0.8883157459280112, 0.5314042103029427]",28.904748822734415,1.871276960953834
"[0.2825065526082059, 0.6523682150913678, -0.88831641542901, 0.5314037506566937]",28.904789316300523,1.8713397934352305
"[0.28249998797197984, 0.6523683245792108, -0.8883170849987082, 0.5314032908866059]",28.904829817775795,1.8714026259166272
"[0.2824934236806173, 0.6523684341372574, -0.8883177546049321, 0.5314028310147746]",28.904870321117915,1.871465458398024
"[0.28248685871062074, 0.6523685437825939, -0.8883184243520899, 0.5314023709694865]",28.904910823597813,1.8715282908794202
"[0.28248029407226066, 0.6523686534983526, -0.8883190941371204, 0.531401910821525]",28.904951328060072,1.871591123360817
"[0.2824737294139578, 0.6523687632904311, -0.8883197639958883, 0.5314014505462179]",28.90499183089661,1.8716539558422136
"[0.28246716495425156, 0.6523688731550883, -0.8883204339060923, 0.5314009901589924]",28.905032338656213,1.87171678832361
"[0.28246059972162446, 0.6523689831086742, -0.8883211039668828, 0.5314005295915942]",28.905072845001804,1.8717796208050068
"[0.2824540360805143, 0.6523690931115496, -0.8883217739369265, 0.5314000690099457]",28.905113353757454,1.8718424532864035
"[0.28244747128995523, 0.6523692032096391, -0.8883224440959935, 0.5313996082217253]",28.90515386487683,1.8719052857677998
"[0.2824409066830697, 0.6523693133806032, -0.8883231143080089, 0.5313991473204718]",28.905194374155272,1.8719681182491965
"[0.28243434214190327, 0.6523694236264161, -0.8883237845850096, 0.5313986862979101]",28.905234885195807,1.8720309507305932
"[0.2824277777523617, 0.6523695339456429, -0.8883244549182191, 0.5313982251600614]",28.90527540068878,1.87209378321199
"[0.282421213175759, 0.6523696443439662, -0.8883251253422229, 0.531397763883142]",28.905315916251432,1.8721566156933864
"[0.28241464813228145, 0.6523697548260523, -0.8883257958856097, 0.531397302447529]",28.90535643321463,1.8722194481747831
"[0.2824080834213089, 0.6523698653785268, -0.8883264664667297, 0.5313968409093094]",28.905396949245173,1.8722822806561799
"[0.2824015186015329, 0.6523699760087862, -0.8883271371306589, 0.5313963792374984]",28.905437468641633,1.8723451131375761
"[0.2823949540343827, 0.6523700867107385, -0.8883278078404703, 0.5313959174575118]",28.905477991277962,1.8724079456189728
"[0.28238838946984385, 0.6523701974885873, -0.888328478621703, 0.5313954555517773]",28.905518508888576,1.8724707781003695
"[0.28238182483110835, 0.6523703083436379, -0.8883291494822053, 0.5313949935148758]",28.905559031788716,1.872533610581766
"[0.28237525993500623, 0.6523704192789869, -0.8883298204407009, 0.5313945313339042]",28.905599557444212,1.8725964430631628
"[0.2823686955191436, 0.6523705302821582, -0.888330491421798, 0.5313940690608054]",28.90564008102554,1.8726592755445595
"[0.2823621308970321, 0.6523706413647655, -0.8883311624956609, 0.531393606647228]",28.905680608223555,1.8727221080259557
"[0.28235556642676707, 0.6523707525207367, -0.888331833625683, 0.5313931441184085]",28.905721137048683,1.8727849405073524
"[0.28234900113346895, 0.6523708637666006, -0.8883325049115426, 0.531392681405623]",28.905761665228763,1.8728477729887492
"[0.2823424368143102, 0.6523709750718973, -0.8883331761694794, 0.5313922186355409]",28.905802196930676,1.8729106054701457
"[0.28233587198210275, 0.6523710864618367, -0.8883338475515624, 0.5313917557033282]",28.905842728223146,1.8729734379515424
"[0.28232930766861986, 0.6523711979189096, -0.888334518952272, 0.5313912926817413]",28.90588325926292,1.873036270432939
"[0.28232274272260566, 0.6523713094626663, -0.8883351904893596, 0.5313908294895682]",28.905923795109164,1.8730991029143353
"[0.2823161776253613, 0.6523714210849364, -0.8883358621136049, 0.5313903661607488]",28.90596432994723,1.873161935395732
"[0.2823096135004481, 0.6523715327666108, -0.8883365337100493, 0.5313899027745883]",28.906004869021363,1.8732247678771288
"[0.2823030488992535, 0.6523716445323157, -0.8883372054268966, 0.5313894392288492]",28.906045404920203,1.8732876003585255
"[0.2822964839356032, 0.6523717563801364, -0.888337877252512, 0.5313889755315311]",28.90608594340083,1.873350432839922
"[0.2822899188166396, 0.6523718683065469, -0.8883385491657052, 0.5313885116972542]",28.906126484508317,1.8734132653213187
"[0.28228335421332007, 0.6523719803001087, -0.8883392210977997, 0.5313880477734214]",28.90616702691811,1.8734760978027154
"[0.28227678885340973, 0.6523720923825145, -0.8883398931790203, 0.5313875836701325]",28.906207569800966,1.8735389302841117
"[0.282270224932058, 0.6523722045162869, -0.8883405651846422, 0.5313871195425666]",28.906248111449084,1.8736017627655084
"[0.28226366012393, 0.6523723167411404, -0.8883412373527199, 0.5313866552263159]",28.906288660076747,1.8736645952469053
"[0.2822570955194855, 0.652372429038447, -0.8883419095716116, 0.5313861907984808]",28.906329205086642,1.8737274277283016
"[0.28225053016654117, 0.652372541424495, -0.8883425819388295, 0.5313857261916907]",28.9063697544431,1.8737902602096983
"[0.28224396647904904, 0.6523726538579482, -0.8883432542071417, 0.531385261576793]",28.90641030428151,1.873853092691095
"[0.28223740102535855, 0.6523727663975953, -0.8883439267280265, 0.5313847967108646]",28.906450853869835,1.8739159251724913
"[0.2822308356732537, 0.652372879011445, -0.888344599310186, 0.5313843317261081]",28.906491407973053,1.8739787576538882
"[0.2822242712906219, 0.6523729916845925, -0.8883452718646923, 0.5313838666840182]",28.90653196038697,1.874041590135285
"[0.28221770690817244, 0.6523731044336555, -0.8883459444908373, 0.5313834015159543]",28.906572515979004,1.8741044226166812
"[0.2822111417865545, 0.6523732172713462, -0.8883466172643901, 0.5313829361695]",28.906613071135297,1.874167255098078
"[0.28220457727837955, 0.6523733301744187, -0.8883472900467405, 0.5313824707405236]",28.90665362862523,1.8742300875794746
"[0.2821980121905674, 0.6523734431633892, -0.8883479629601628, 0.5313820051444366]",28.906694185246277,1.8742929200608711
"[0.28219144757005327, 0.6523735562202418, -0.8883486358973489, 0.5313815394554798]",28.906734745330603,1.8743557525422678
"[0.28218488248223517, 0.6523736693610721, -0.8883493089541025, 0.5313810736073514]",28.90677530927046,1.8744185850236645
"[0.2821783176918038, 0.6523737825727028, -0.8883499820520299, 0.5313806076543055]",28.906815867599878,1.8744814175050613
"[0.28217175319245724, 0.652373895855233, -0.8883506551917659, 0.5313801415959087]",28.90685643082265,1.8745442499864575
"[0.28216518885093556, 0.6523740092109482, -0.888351328386967, 0.5313796754227172]",28.906896995043358,1.8746070824678542
"[0.28215862376162965, 0.6523741226555035, -0.8883520017305152, 0.5313792090703908]",28.906937561830365,1.874669914949251
"[0.282152058491028, 0.6523742361791222, -0.8883526751643231, 0.5313787425791436]",28.906978130557956,1.8747327474306474
"[0.2821454938439208, 0.6523743497678797, -0.8883533486058312, 0.5313782760061713]",28.907018697446222,1.8747955799120442
"[0.28213892902427884, 0.6523744634355406, -0.8883540221366922, 0.531377809294908]",28.907059268456972,1.8748584123934409
"[0.2821323639447878, 0.6523745771836243, -0.8883546957658705, 0.5313773424391306]",28.907099838854332,1.8749212448748371
"[0.28212579898137463, 0.6523746910056332, -0.8883553694547935, 0.531376875465549]",28.90714041193798,1.8749840773562338
"[0.28211923387533255, 0.6523748049060091, -0.8883560432300113, 0.53137640835581]",28.907180984632834,1.8750469098376306
"[0.28211266885049857, 0.6523749188809137, -0.8883567170685494, 0.5313759411257818]",28.907221560620908,1.875109742319027
"[0.2821061044395035, 0.6523750329210682, -0.8883573909157252, 0.5313754738134115]",28.907262136424226,1.8751725748004238
"[0.2820995396505031, 0.6523751470437008, -0.8883580648733503, 0.5313750063480935]",28.907302713665434,1.8752354072818205
"[0.28209297416865875, 0.6523752612543051, -0.8883587389737619, 0.5313745387073724]",28.907343293785832,1.8752982397632167
"[0.28208640990573686, 0.6523753755196107, -0.8883594130206631, 0.5313740710274358]",28.90738387157528,1.8753610722446135
"[0.28207984498038735, 0.652375489872359, -0.8883600872072289, 0.5313736031742541]",28.90742445222791,1.8754239047260102
"[0.28207328016012506, 0.6523756042991966, -0.888360761454647, 0.5313731352024987]",28.907465035432903,1.8754867372074069
"[0.2820667155461494, 0.6523757187983292, -0.8883614357525188, 0.5313726671194197]",28.907505620738686,1.8755495696888034
"[0.28206014974261917, 0.6523758333941495, -0.8883621102442337, 0.5313721988254203]",28.90754620464545,1.8756124021702
"[0.28205358448925033, 0.6523759480562765, -0.8883627847510858, 0.5313717304445952]",28.907586792403436,1.8756752346515968
"[0.28204701925804904, 0.6523760627939411, -0.8883634593273093, 0.5313712619392656]",28.90762737854486,1.875738067132993
"[0.2820404551568517, 0.652376177587753, -0.8883641338590544, 0.5313707933885298]",28.90766796998251,1.8758008996143898
"[0.2820338909748474, 0.6523762924588705, -0.8883648084707265, 0.5313703247059839]",28.907708558624535,1.8758637320957865
"[0.2820273254940985, 0.652376407428639, -0.8883654832875162, 0.5313698558046146]",28.907749150559845,1.875926564577183
"[0.28202076020635225, 0.6523765224709304, -0.8883661581561162, 0.531369386790957]",28.907789744174284,1.8759893970585797
"[0.2820141954722754, 0.6523766375794172, -0.8883668330394389, 0.5313689176907875]",28.907830336077833,1.8760522295399764
"[0.28200763039055865, 0.652376752769918, -0.8883675080301371, 0.5313684484396823]",28.907870932006134,1.8761150620213727
"[0.2820010651247159, 0.6523768680395584, -0.8883681831114076, 0.5313679790493271]",28.9079115291655,1.8761778945027694
"[0.2819945007281999, 0.6523769833698333, -0.8883688581749156, 0.5313675095950534]",28.90795212647562,1.876240726984166
"[0.2819879348930526, 0.6523770988012983, -0.8883695334580135, 0.5313670399117905]",28.907992725997516,1.8763035594655626
"[0.2819813700593431, 0.652377214291069, -0.8883702087097501, 0.5313665701740646]",28.908033325371964,1.8763663919469593
"[0.28197480577799994, 0.6523773298469997, -0.8883708839762908, 0.5313661003498077]",28.90807392696325,1.876429224428356
"[0.28196824087546307, 0.6523774454897684, -0.8883715593783593, 0.531365630354998]",28.90811453146344,1.8764920569097523
"[0.281961675619125, 0.6523775612146764, -0.8883722348884607, 0.5313651602087538]",28.908155134502,1.876554889391149
"[0.2819551106594362, 0.6523776770102521, -0.8883729104396699, 0.5313646899576583]",28.908195741581217,1.8766177218725457
"[0.28194854486247045, 0.6523777928965123, -0.8883735861486777, 0.531364219520461]",28.908236345825404,1.8766805543539424
"[0.281941980336853, 0.6523779088362331, -0.88837426179847, 0.5313637490482527]",28.90827695654238,1.876743386835339
"[0.2819354150896797, 0.6523780248645841, -0.8883749375941562, 0.5313632783982398]",28.908317564116,1.8768062193167356
"[0.28192885019098113, 0.6523781409626802, -0.8883756134255965, 0.5313628076470925]",28.90835817450889,1.8768690517981323
"[0.2819222849022139, 0.6523782571435743, -0.8883762893688211, 0.531362336741859]",28.908398787450412,1.8769318842795286
"[0.28191571981464103, 0.6523783733968066, -0.8883769653629566, 0.53136186572494]",28.908439400892735,1.8769947167609253
"[0.28190915458316623, 0.6523784897284863, -0.8883776414435363, 0.5313613945715743]",28.908480015222903,1.877057549242322
"[0.28190258970755316, 0.6523786061297553, -0.8883783175590892, 0.5313609233176301]",28.90852063032774,1.8771203817237185
"[0.2818960251106662, 0.6523787226019631, -0.8883789937175489, 0.5313604519575937]",28.90856124601791,1.8771832142051152
"[0.2818894597050205, 0.6523788391644191, -0.8883796700309345, 0.531359980413355]",28.90860186623503,1.877246046686512
"[0.2818828943846435, 0.6523789558012608, -0.8883803464071618, 0.5313595087491039]",28.908642485574866,1.8773088791679082
"[0.28187632953638003, 0.6523790725056027, -0.8883810228063665, 0.5313590369926496]",28.908683105026157,1.877371711649305
"[0.28186976469614183, 0.6523791892856897, -0.8883816992763567, 0.5313585651106485]",28.908723728122553,1.8774345441307017
"[0.2818631992249085, 0.6523793061528954, -0.8883823758829885, 0.5313580930571526]",28.908764352536597,1.8774973766120981
"[0.2818566338324226, 0.6523794230945973, -0.8883830525531278, 0.5313576208831706]",28.908804974812433,1.8775602090934949
"[0.28185006905551974, 0.6523795401012201, -0.8883837292314323, 0.5313571486273296]",28.90884560174254,1.8776230415748916
"[0.28184350377904377, 0.6523796571926368, -0.888384406032846, 0.5313566762094085]",28.908886228603432,1.8776858740562883
"[0.28183693868668835, 0.652379774356659, -0.8883850828868921, 0.5313562036785924]",28.908926855905317,1.8777487065376846
"[0.2818303738233162, 0.6523798915924742, -0.8883857597889383, 0.531355731038124]",28.908967484707972,1.8778115390190813
"[0.28182380857300915, 0.6523800089110895, -0.8883864368024927, 0.5313552582436467]",28.909008118046135,1.8778743715004782
"[0.2818172435228676, 0.6523801263020115, -0.8883871138670153, 0.5313547853374376]",28.90904874967465,1.8779372039818745
"[0.28181067827412365, 0.6523802437723735, -0.8883877910236307, 0.5313543122907656]",28.909089382416887,1.8780000364632712
"[0.28180411329909333, 0.652380361313716, -0.8883884682236208, 0.53135383913767]",28.909130016024186,1.878062868944668
"[0.281797547458771, 0.6523804789464667, -0.8883891455844853, 0.5313533657960104]",28.909170653657704,1.8781257014260644
"[0.2817909830788654, 0.6523805966288876, -0.8883898228662866, 0.5313528924335383]",28.909211290451363,1.878188533907461
"[0.2817844172077307, 0.652380714413959, -0.8883905003735576, 0.531352418837326]",28.909251929141295,1.8782513663888578
"[0.2817778523037824, 0.6523808322575473, -0.8883911778526324, 0.5313519451847303]",28.909292570465055,1.878314198870254
"[0.2817712865897773, 0.6523809501915749, -0.888391855486914, 0.5313514713474992]",28.909333209708766,1.8783770313516508
"[0.2817647217682156, 0.6523810681854637, -0.8883925331006868, 0.531350997448493]",28.90937385215154,1.8784398638330475
"[0.28175815633738094, 0.6523811862661487, -0.8883932108489546, 0.5313505233793743]",28.909414496680757,1.878502696314444
"[0.281751590987324, 0.6523813044212835, -0.8883938886604866, 0.5313500491898845]",28.909455142693243,1.8785655287958407
"[0.2817450265299086, 0.65238142263622, -0.888394566451451, 0.5313495749387102]",28.909495786227748,1.8786283612772374
"[0.28173846064055186, 0.6523815409528279, -0.888395244461872, 0.5313491004578941]",28.90953643519758,1.8786911937586337
"[0.2817318956902578, 0.6523816593283904, -0.8883959224469207, 0.5313486259187591]",28.909577085282905,1.8787540262400304
"[0.2817253302323089, 0.6523817777889848, -0.888396600555996, 0.5313481512167423]",28.909617734048023,1.8788168587214271
"[0.28171876500198484, 0.6523818963213515, -0.8883972787131593, 0.5313476764049917]",28.909658387437446,1.8788796912028238
"[0.2817121996639603, 0.6523820149315356, -0.888397956953045, 0.5313472014592654]",28.909699039147476,1.8789425236842203
"[0.2817056346413953, 0.652382133611893, -0.8883986352319333, 0.5313467264101729]",28.909739691630293,1.879005356165617
"[0.2816990694664439, 0.6523822523708769, -0.888399313598157, 0.5313462512238634]",28.90978034639322,1.8790681886470137
"[0.2816925039296603, 0.6523823712122828, -0.8883999920733648, 0.5313457758851622]",28.90982100331421,1.87913102112841
"[0.28168593909104295, 0.6523824901169183, -0.8884006705480118, 0.5313453004708185]",28.909861660971146,1.8791938536098067
"[0.28167937323549935, 0.6523826091158508, -0.8884013491993563, 0.5313448248566186]",28.90990231947084,1.8792566860912034
"[0.2816728081073981, 0.6523827281774711, -0.8884020278471025, 0.531344349168908]",28.90994297945984,1.8793195185726
"[0.2816662423502165, 0.6523828473263776, -0.8884027066314746, 0.5313438733093986]",28.90998364026398,1.8793823510539966
"[0.28165967731350056, 0.652382966538078, -0.8884033854129494, 0.5313433973758998]",28.91002430195431,1.8794451835353934
"[0.28165311164911133, 0.6523830858370558, -0.8884040643309133, 0.531342921270672]",28.910064968159034,1.8795080160167896
"[0.2816465468340224, 0.6523832051964524, -0.8884047432326371, 0.5313424451008419]",28.910105632350984,1.8795708484981863
"[0.28163998164236487, 0.6523833246385616, -0.8884054222448845, 0.5313419687774865]",28.910146297545307,1.879633680979583
"[0.28163341598203157, 0.6523834441650926, -0.8884061013771938, 0.5313414922938728]",28.910186966005433,1.8796965134609795
"[0.2816268503220789, 0.652383563767447, -0.888406780581057, 0.5313410156841067]",28.910227635452244,1.8797593459423763
"[0.28162028488962026, 0.6523836834415564, -0.8884074598329715, 0.5313405389645895]",28.910268307972927,1.879822178423773
"[0.2816137190963727, 0.6523838031981003, -0.8884081391938038, 0.5313400620926542]",28.910308978638177,1.8798850109051692
"[0.28160715401252023, 0.6523839230175738, -0.888408818552814, 0.5313395851460101]",28.91034965116217,1.879947843386566
"[0.281600588971558, 0.6523840429121206, -0.8884094979789594, 0.5313391080762636]",28.91039032615985,1.8800106758679627
"[0.28159402395275523, 0.6523841628821261, -0.8884101774743837, 0.5313386308818979]",28.910430999885914,1.8800735083493594
"[0.28158745760706366, 0.6523842829522427, -0.8884108571787371, 0.5313381534648405]",28.91047167917807,1.8801363408307559
"[0.2815808926549533, 0.6523844030727421, -0.8884115368104119, 0.5313376760228647]",28.91051235633311,1.8801991733121526
"[0.2815743280078944, 0.652384523263507, -0.8884122164820688, 0.5313371984768572]",28.910553031748965,1.8802620057935493
"[0.28156776195501826, 0.6523846435558798, -0.8884128963708595, 0.531336720702327]",28.910593714077024,1.8803248382749456
"[0.28156119573059923, 0.6523847639272684, -0.8884135763490056, 0.5313362427890448]",28.91063439508291,1.8803876707563423
"[0.28155463136991277, 0.6523848843403401, -0.8884142562057102, 0.5313357648851825]",28.91067507968744,1.880450503237739
"[0.2815480646930395, 0.6523850048717798, -0.8884149363738847, 0.5313352866864106]",28.910715764656874,1.8805133357191355
"[0.2815414994972149, 0.6523851254518779, -0.8884156164602312, 0.5313348084692552]",28.91075644953148,1.8805761682005322
"[0.28153493430713417, 0.6523852461077316, -0.8884162966175477, 0.5313343301262609]",28.910797135138143,1.880639000681929
"[0.28152836864174746, 0.65238536684818, -0.8884169768956792, 0.5313338516223726]",28.91083782436688,1.8807018331633252
"[0.281521803424566, 0.6523854876562383, -0.888417657198939, 0.5313333730248955]",28.91087851348067,1.880764665644722
"[0.28151523802878337, 0.6523856085434422, -0.8884183375922714, 0.5313328942881315]",28.910919205529318,1.8808274981261186
"[0.28150867244723027, 0.6523857295099106, -0.8884190180764265, 0.5313324154115688]",28.91095989746269,1.880890330607515
"[0.2815021068591008, 0.6523858505523621, -0.8884196986328324, 0.5313319364082473]",28.911000588841333,1.8809531630889118
"[0.2814955418428165, 0.652385971660117, -0.8884203792015226, 0.5313314573203881]",28.9110412844177,1.8810159955703085
"[0.2814889758027193, 0.6523860928626192, -0.8884210599479192, 0.53133097803153]",28.91108198055085,1.8810788280517052
"[0.2814824106916006, 0.652386214123821, -0.8884217406695633, 0.5313304986842143]",28.911122675883927,1.8811416605331015
"[0.2814758450940826, 0.6523863354698578, -0.8884224215132039, 0.5313300191751076]",28.911163375572087,1.8812044930144982
"[0.2814692792117558, 0.652386456897016, -0.8884231024579479, 0.5313295395189086]",28.91120407453525,1.881267325495895
"[0.28146271363307585, 0.6523865783944106, -0.8884237834427654, 0.5313290597586056]",28.911244776165816,1.8813301579772914
"[0.2814561482869369, 0.6523866999633539, -0.8884244644750221, 0.5313285798890077]",28.91128547843661,1.8813929904586881
"[0.2814495819003976, 0.6523868216274148, -0.8884251456867739, 0.5313280998170667]",28.911326181760007,1.8814558229400848
"[0.2814430171319188, 0.6523869433373405, -0.8884258268022152, 0.5313276197371412]",28.911366885355566,1.8815186554214811
"[0.28143645128538053, 0.6523870651431006, -0.8884265081010672, 0.5313271394520845]",28.911407592776403,1.8815814879028778
"[0.2814298862469946, 0.6523871870097081, -0.8884271893876124, 0.5313266590998599]",28.91144829986805,1.8816443203842745
"[0.2814233202171318, 0.6523873089705717, -0.8884278708486096, 0.5313261785487845]",28.911489007228038,1.881707152865671
"[0.2814167545090429, 0.6523874310013081, -0.8884285523477714, 0.5313256978949514]",28.911529716761574,1.8817699853470677
"[0.28141018834541753, 0.652387553116368, -0.8884292339657809, 0.5313252170814483]",28.911570428994306,1.8818328178284645
"[0.28140362361011206, 0.6523876752806967, -0.8884299155070626, 0.5313247362462499]",28.911611141731665,1.8818956503098607
"[0.28139705753527233, 0.6523877975457997, -0.8884305972589689, 0.5313242551866244]",28.911651855079185,1.8819584827912574
"[0.2813904918154724, 0.6523879198801391, -0.8884312790455686, 0.5313237740266924]",28.91169256993577,1.8820213152726544
"[0.28138392655765915, 0.6523880422817078, -0.8884319608557406, 0.5313232927743129]",28.911733285486733,1.8820841477540506
"[0.2813773606637931, 0.6523881647709786, -0.8884326428035205, 0.5313228113489897]",28.911774004164506,1.8821469802354474
"[0.2813707952715493, 0.6523882873267295, -0.8884333247707473, 0.5313223298341343]",28.911814722166035,1.882209812716844
"[0.2813642296113351, 0.652388409963325, -0.8884340068373568, 0.5313218481733029]",28.9118554383361,1.8822726451982408
"[0.2813576628781589, 0.6523885326958161, -0.8884346890869952, 0.5313213663074098]",28.91189616301765,1.8823354776796373
"[0.28135109811735104, 0.6523886554672751, -0.8884353712032523, 0.5313208844599367]",28.91193688461756,1.882398310161034
"[0.2813445318627385, 0.652388778342514, -0.8884360535462753, 0.5313204023764838]",28.91197760774458,1.8824611426424307
"[0.2813379673410327, 0.6523889012611461, -0.8884367357807498, 0.5313199202939553]",28.9120183324977,1.882523975123827
"[0.2813314011656691, 0.6523890242865947, -0.8884374182586295, 0.5313194379636346]",28.912059060764967,1.8825868076052237
"[0.28132483508069517, 0.652389147386173, -0.8884381007986679, 0.53131895551363]",28.912099787407897,1.8826496400866204
"[0.2813182694936543, 0.6523892705522598, -0.8884387833584889, 0.531318472973864]",28.912140515570904,1.8827124725680169
"[0.28131170320088916, 0.6523893938074367, -0.8884394660632273, 0.5313179902558672]",28.912181245413503,1.8827753050494136
"[0.28130513786704453, 0.6523895171204378, -0.8884401487398029, 0.5313175074820363]",28.91222197891177,1.8828381375308103
"[0.28129857159570115, 0.6523896405268929, -0.8884408315854083, 0.5313170245129053]",28.912262711835016,1.8829009700122066
"[0.2812920059120675, 0.6523897639981379, -0.8884415144414369, 0.5313165414606509]",28.91230344447762,1.8829638024936033
"[0.2812854404004715, 0.652389887541977, -0.8884421973511069, 0.5313160582947093]",28.91234417725471,1.883026634975
"[0.2812788748882766, 0.6523900111616537, -0.8884428803323708, 0.5313155750023804]",28.912384916014368,1.8830894674563965
"[0.2812723086647435, 0.6523901348705616, -0.8884435634591746, 0.5313150915313233]",28.9124256530201,1.8831522999377932
"[0.2812657424901628, 0.6523902586543884, -0.8884442466524303, 0.5313146079374961]",28.912466390179855,1.88321513241919
"[0.281259176927758, 0.6523903825025057, -0.8884449298535233, 0.5313141242623938]",28.912507132136422,1.8832779649005866
"[0.2812526110816175, 0.6523905064318032, -0.8884456131556752, 0.5313136404400286]",28.9125478731512,1.883340797381983
"[0.28124604557874044, 0.652390630430445, -0.8884462964936318, 0.5313131565166012]",28.912588617097256,1.8834036298633796
"[0.281239479809735, 0.6523907545099377, -0.8884469799308171, 0.5313126724471955]",28.912629360062304,1.8834664623447763
"[0.28123291401017186, 0.6523908786658373, -0.8884476634427129, 0.5313121882491646]",28.91267010482222,1.8835292948261728
"[0.28122634771151844, 0.6523910029070107, -0.8884483470781034, 0.5313117038879404]",28.91271085469985,1.8835921273075695
"[0.2812197817734034, 0.6523911272171932, -0.8884490307474906, 0.5313112194269278]",28.912751602644338,1.8836549597889662
"[0.281213215894925, 0.6523912516020739, -0.8884497144821977, 0.5313107348439351]",28.91279235032476,1.8837177922703625
"[0.281206650376224, 0.6523913760559592, -0.888450398250962, 0.5313102501611229]",28.912833100479244,1.8837806247517592
"[0.2812000840408354, 0.6523915006011559, -0.888451082176313, 0.5313097652916273]",28.912873851187467,1.883843457233156
"[0.28119351851382723, 0.6523916252068414, -0.8884517660889887, 0.5313092803554432]",28.912914604065058,1.8839062897145524
"[0.2811869526181426, 0.652391749895346, -0.8884524501115919, 0.5313087952656417]",28.912955358096575,1.8839691221959491
"[0.2811803858707555, 0.6523918746758629, -0.8884531342944619, 0.5313083099864999]",28.91299611483662,1.8840319546773459
"[0.28117382021132514, 0.6523919995115306, -0.8884538184355028, 0.5313078246613618]",28.91303687129959,1.8840947871587421
"[0.28116725442222146, 0.6523921244254807, -0.8884545026615746, 0.5313073392002498]",28.913077630268077,1.8841576196401388
"[0.2811606877031284, 0.6523922494329588, -0.8884551870560954, 0.5313068535439538]",28.913118387705506,1.8842204521215355
"[0.2811541225243794, 0.6523923744869364, -0.8884558713615909, 0.5313063678751782]",28.91315914861374,1.884283284602932
"[0.28114755650297985, 0.6523924996327636, -0.8884565558264365, 0.5313058820176894]",28.913199911552233,1.8843461170843288
"[0.28114099032169443, 0.6523926248574715, -0.8884572403794715, 0.5313053960219438]",28.91324067468659,1.8844089495657255
"[0.2811344242463531, 0.6523927501559813, -0.8884579249929829, 0.531304909907625]",28.913281438295893,1.8844717820471222
"[0.2811278587109044, 0.6523928755199994, -0.888458609621713, 0.5313044237068768]",28.913322204524018,1.8845346145285184
"[0.28112129304531913, 0.6523930009623196, -0.888459294335522, 0.5313039373700811]",28.913362971264867,1.8845974470099152
"[0.28111472640342217, 0.6523931264991063, -0.8884599792226723, 0.5313034508345506]",28.913403739323467,1.8846602794913119
"[0.28110816035551284, 0.6523932521003682, -0.8884606641193897, 0.531302964216591]",28.91344450870159,1.8847231119727084
"[0.28110159417941116, 0.6523933777798963, -0.8884613491009961, 0.5313024774627094]",28.91348527795985,1.884785944454105
"[0.2810950278001133, 0.6523935035391393, -0.8884620341753187, 0.5313019905673246]",28.913526049543872,1.8848487769355018
"[0.28108846228052237, 0.652393629357726, -0.888462719231454, 0.5313015036092691]",28.91356682189433,1.884911609416898
"[0.28108189669086514, 0.6523937552534681, -0.8884634043664007, 0.5313010165195938]",28.913607599313682,1.8849744418982948
"[0.2810753300713473, 0.6523938812447582, -0.8884640896803341, 0.5313005292270957]",28.913648373800743,1.8850372743796915
"[0.28106876439207606, 0.6523940072938316, -0.8884647749676461, 0.531300041877924]",28.91368915141476,1.885100106861088
"[0.2810621981843337, 0.6523941334288578, -0.8884654603816259, 0.5312995543630942]",28.913729931432652,1.8851629393424847
"[0.28105563227407304, 0.6523942596339821, -0.8884661458360592, 0.5312990667439108]",28.913770709537417,1.8852257718238814
"[0.2810490661772799, 0.6523943859185024, -0.8884668313814713, 0.5312985789844329]",28.9138114913149,1.8852886043052777
"[0.2810424998598221, 0.6523945122830829, -0.8884675170214325, 0.5312980910821091]",28.913852273037886,1.8853514367866744
"[0.2810359333755971, 0.6523946387266883, -0.8884682027503197, 0.531297603040935]",28.913893055975613,1.885414269268071
"[0.2810293670512893, 0.6523947652430309, -0.8884688885340167, 0.5312971148851853]",28.913933841772764,1.8854771017494676
"[0.2810228013191773, 0.6523948918237669, -0.8884695743273634, 0.5312966266470164]",28.913974626374657,1.8855399342308643
"[0.28101623522105673, 0.6523950184873651, -0.8884702602304398, 0.5312961382551786]",28.914015413677934,1.885602766712261
"[0.2810096687270574, 0.6523951452344123, -0.8884709462463775, 0.5312956497074282]",28.91405620373349,1.8856655991936577
"[0.28100310293050457, 0.6523952720438048, -0.8884716322609482, 0.5312951610851088]",28.914096992201507,1.885728431675054
"[0.2809965362685778, 0.6523953989457179, -0.8884723184374421, 0.5312946722719217]",28.914137784917173,1.8857912641564507
"[0.28098997069812354, 0.6523955259023481, -0.8884730045713757, 0.5312941834135141]",28.914178576438864,1.8858540966378474
"[0.2809834036974167, 0.6523956529624401, -0.8884736909262866, 0.5312936943221394]",28.914219368908693,1.885916929119244
"[0.2809768377967072, 0.6523957800770467, -0.8884743772377275, 0.5312932051862269]",28.914260161586455,1.8859797616006406
"[0.2809702718622023, 0.6523959072681135, -0.8884750636241916, 0.5312927159213237]",28.914300959918286,1.8860425940820373
"[0.28096370509542606, 0.6523960345511163, -0.8884757501691621, 0.5312922264679107]",28.914341758063696,1.8861054265634336
"[0.28095713971289465, 0.6523961618830777, -0.8884764366408968, 0.5312917369912149]",28.91438255686885,1.8861682590448303
"[0.28095057234063725, 0.6523962893294475, -0.8884771233921834, 0.5312912472396685]",28.914423357270937,1.8862310915262273
"[0.2809440061991984, 0.6523964168277382, -0.8884778100862611, 0.5312907574534165]",28.914464157464884,1.8862939240076235
"[0.28093744016864214, 0.6523965443996746, -0.8884784968402306, 0.5312902675489536]",28.914504961691932,1.8863567564890202
"[0.28093087420326096, 0.6523966720461372, -0.8884791836588689, 0.5312897775228774]",28.914545764934402,1.886419588970417
"[0.2809243073991974, 0.6523967997847111, -0.8884798706367333, 0.5312892873077054]",28.914586569927486,1.8864824214518134
"[0.28091774138197634, 0.6523969275837792, -0.8884805576037715, 0.531288797024777]",28.91462737590804,1.8865452539332102
"[0.2809111755463639, 0.6523970554551048, -0.8884812446232888, 0.5312883066289243]",28.91466818323302,1.8866080864146069
"[0.28090460857544763, 0.6523971834243452, -0.8884819318330959, 0.5312878160217658]",28.91470899324098,1.8866709188960036
"[0.28089804208092223, 0.6523973114601026, -0.8884826190645442, 0.5312873253236884]",28.914749801629608,1.8867337513773998
"[0.2808914762970007, 0.6523974395577984, -0.888483306293101, 0.5312868345522158]",28.914790610674604,1.8867965838587966
"[0.28088490975713054, 0.652397567746039, -0.8884839936722676, 0.5312863435977306]",28.914831425580164,1.8868594163401933
"[0.2808783435614643, 0.6523976960033556, -0.8884846810868865, 0.5312858525424714]",28.914872237790863,1.8869222488215898
"[0.2808717765883238, 0.6523978243516637, -0.8884853686543922, 0.5312853613025392]",28.914913054714546,1.8869850813029865
"[0.28086521069277015, 0.6523979527547012, -0.8884860561805525, 0.5312848700167077]",28.914953869546313,1.8870479137843832
"[0.28085864418699535, 0.6523980812454662, -0.8884867438420915, 0.5312843785586996]",28.914994688844324,1.8871107462657795
"[0.28085207833298514, 0.6523982097992633, -0.8884874315068497, 0.5312838870229646]",28.91503550835246,1.8871735787471762
"[0.28084551099162325, 0.6523983384579888, -0.8884881193988758, 0.5312833952493365]",28.91507632740766,1.8872364112285729
"[0.28083894506130386, 0.6523984671648639, -0.8884888072145803, 0.5312829034548444]",28.915117149041414,1.8872992437099694
"[0.2808323785100152, 0.6523985959596967, -0.8884894951668129, 0.531282411487321]",28.915157970766966,1.887362076191366
"[0.2808258115173194, 0.6523987248389913, -0.8884901832367775, 0.5312819193601757]",28.915198798022715,1.8874249086727628
"[0.28081924561745314, 0.6523988537726252, -0.8884908712637102, 0.531281427188401]",28.915239620610404,1.887487741154159
"[0.2808126792332399, 0.6523989827915555, -0.8884915594128686, 0.531280934853792]",28.91528044642052,1.8875505736355558
"[0.28080611277964684, 0.6523991118876415, -0.8884922476407732, 0.5312804423874384]",28.915321274296797,1.8876134061169525
"[0.28079954630036513, 0.6523992410600177, -0.8884929359428443, 0.5312799497926219]",28.915362103238408,1.887676238598349
"[0.2807929795863201, 0.6523993703128245, -0.8884936243410003, 0.5312794570536188]",28.915402934410377,1.8877390710797457
"[0.28078641285375977, 0.6523994996417543, -0.8884943128125766, 0.5312789641867129]",28.915443766811027,1.8878019035611424
"[0.2807798466807529, 0.6523996290354679, -0.8884950012969552, 0.5312784712352365]",28.915484599859855,1.8878647360425391
"[0.2807732799975828, 0.6523997585150164, -0.8884956899062985, 0.5312779781189142]",28.915525434026616,1.8879275685239354
"[0.2807667138776072, 0.6523998880592455, -0.8884963785280467, 0.531277484918333]",28.915566268182964,1.887990401005332
"[0.28076014704075664, 0.6524000176934045, -0.8884970672964497, 0.5312769915373458]",28.915607106545508,1.8880532334867288
"[0.2807535801651351, 0.6524001474041223, -0.8884977561403944, 0.531276498026872]",28.91564794310834,1.8881160659681253
"[0.2807470140932517, 0.6524002771747438, -0.8884984449714919, 0.5312760044502473]",28.915688783757048,1.888178898449522
"[0.28074044720530367, 0.6524004070372804, -0.8884991339596697, 0.5312755106857086]",28.915729624449025,1.8882417309309187
"[0.2807338811453387, 0.65240053695922, -0.888499822932436, 0.5312750168568698]",28.91577046514845,1.888304563412315
"[0.2807273140971232, 0.6524006669765045, -0.8885005120803685, 0.5312745228271237]",28.915811306957362,1.8883673958937117
"[0.2807207472112568, 0.6524007970663687, -0.8885012012827355, 0.5312740286829998]",28.91585215566778,1.8884302283751084
"[0.28071418059116965, 0.6524009272267387, -0.8885018905286743, 0.5312735344323121]",28.91589299889451,1.888493060856505
"[0.2807076141781068, 0.6524010574587904, -0.8885025798243422, 0.5312730400706251]",28.915933845483742,1.8885558933379016
"[0.2807010474554319, 0.6524011877727682, -0.8885032692239733, 0.5312725455590414]",28.915974695621856,1.8886187258192983
"[0.28069448078161824, 0.6524013181615487, -0.8885039586899367, 0.5312720509245622]",28.91601554307264,1.8886815583006946
"[0.28068791419404726, 0.6524014486244011, -0.888504648218304, 0.5312715561699881]",28.916056393490745,1.8887443907820913
"[0.28068134784688503, 0.6524015791582498, -0.8885053377928811, 0.5312710613069485]",28.91609724582726,1.888807223263488
"[0.28067478047994315, 0.6524017097881813, -0.8885060275460182, 0.5312705662404197]",28.91613809947536,1.8888700557448845
"[0.2806682143442678, 0.6524018404693539, -0.888506717241293, 0.5312700711401719]",28.916178953822754,1.8889328882262812
"[0.28066164724392334, 0.6524019712455257, -0.8885074071093544, 0.5312695758405596]",28.916219807371547,1.888995720707678
"[0.28065508038510983, 0.6524021020926708, -0.8885080970235038, 0.5312690804325546]",28.91626066462152,1.8890585531890747
"[0.28064851425765264, 0.6524022330010111, -0.8885087869322628, 0.5312685849531359]",28.91630152262605,1.889121385670471
"[0.2806419473174357, 0.6524023640013304, -0.8885094769978734, 0.5312680892857823]",28.916342382197765,1.8891842181518677
"[0.28063537975228253, 0.6524024950899081, -0.8885101672006216, 0.5312675934446245]",28.916383244296807,1.8892470506332644
"[0.2806288138644217, 0.652402626220772, -0.8885108572985413, 0.5312670976035059]",28.916424105634114,1.8893098831146609
"[0.2806222472779512, 0.6524027574413542, -0.8885115475413313, 0.5312666015830305]",28.91646496990322,1.8893727155960576
"[0.2806156797548818, 0.6524028887564374, -0.8885122379540334, 0.5312661053651728]",28.91650583465131,1.8894355480774543
"[0.28060911254504417, 0.6524030201410435, -0.888512928405268, 0.5312656090443427]",28.916546699560453,1.8894983805588506
"[0.28060254625626335, 0.6524031515829892, -0.8885136188311094, 0.5312651126665116]",28.916587568077354,1.8895612130402473
"[0.28059598024039695, 0.6524032830952284, -0.8885143092996864, 0.5312646161827144]",28.916628436725155,1.889624045521644
"[0.2805894128193509, 0.6524034147113872, -0.8885149999874827, 0.5312641194660321]",28.916669305815095,1.8896868780030405
"[0.28058284622556495, 0.6524035463867386, -0.8885156906597232, 0.5312636226852894]",28.91671017563558,1.8897497104844372
"[0.2805762792635364, 0.6524036781452465, -0.8885163814421413, 0.5312631257500541]",28.91675104681842,1.889812542965834
"[0.2805697126228526, 0.6524038099730738, -0.888517072262199, 0.5312626287125065]",28.916791922125014,1.8898753754472302
"[0.2805631451151386, 0.6524039418940841, -0.888517763244923, 0.5312621314826814]",28.916832797250407,1.8899382079286269
"[0.2805565787321852, 0.6524040738682769, -0.8885184541807464, 0.5312616342113673]",28.916873672825645,1.8900010404100236
"[0.28055001116352213, 0.6524042059420614, -0.8885191453127855, 0.5312611367236227]",28.91691454840061,1.8900638728914205
"[0.2805434445961031, 0.6524043380714816, -0.8885198364108996, 0.5312606391850732]",28.916955428963817,1.8901267053728168
"[0.2805368776519853, 0.6524044702842493, -0.888520527620098, 0.5312601414913348]",28.916996309327224,1.8901895378542135
"[0.2805303104767487, 0.6524046025774428, -0.8885212189250674, 0.5312596436534209]",28.917037188348313,1.8902523703356102
"[0.2805237439239528, 0.6524047349338575, -0.8885219102359488, 0.531259145736049]",28.917078070062413,1.8903152028170065
"[0.28051717698155, 0.6524048673738885, -0.8885226016592832, 0.5312586476624832]",28.91711895529384,1.8903780352984034
"[0.28051061010131706, 0.6524049998884301, -0.8885232931475078, 0.5312581494669756]",28.917159841571507,1.8904408677798001
"[0.2805040426151913, 0.6524051324909713, -0.8885239847709768, 0.5312576510988273]",28.917200725613558,1.8905037002611964
"[0.28049747569237726, 0.6524052651579066, -0.8885246764065609, 0.5312571526467561]",28.91724161559886,1.8905665327425931
"[0.28049090916546104, 0.6524053978925952, -0.8885253680718754, 0.5312566540980873]",28.9172825015219,1.8906293652239898
"[0.2804843420117029, 0.6524055307157202, -0.8885260598746508, 0.531256155375155]",28.917323391164203,1.8906921977053863
"[0.2804777746000248, 0.6524056636198378, -0.8885267517760358, 0.5312556565059439]",28.91736428539408,1.890755030186783
"[0.28047120754599175, 0.6524057965924848, -0.8885274437111768, 0.5312551575372183]",28.917405177833736,1.8908178626681797
"[0.28046464056728065, 0.6524059296393495, -0.8885281357098129, 0.5312546584475616]",28.917446068436654,1.890880695149576
"[0.2804580732219116, 0.652406062769418, -0.8885288278185203, 0.5312541592033394]",28.9174869657737,1.8909435276309727
"[0.28045150624467086, 0.6524061959677778, -0.888529519959862, 0.5312536598604283]",28.917527861582865,1.8910063601123694
"[0.28044493983558305, 0.6524063292303764, -0.8885302121127394, 0.5312531604340349]",28.91756875937054,1.891069192593766
"[0.28043837189672643, 0.6524064625997769, -0.888530904498306, 0.5312526607646025]",28.917609656792283,1.8911320250751626
"[0.28043180500470316, 0.652406596023684, -0.8885315968449446, 0.5312521610481128]",28.9176505575243,1.8911948575565594
"[0.28042523797020075, 0.6524067295262442, -0.8885322892780287, 0.5312516611940893]",28.91769145985926,1.891257690037956
"[0.2804186710899408, 0.652406863101422, -0.8885329817662706, 0.5312511612251178]",28.91773236259859,1.8913205225193523
"[0.2804121040964148, 0.6524069967546564, -0.8885336743378784, 0.5312506611208315]",28.917773264928012,1.891383355000749
"[0.2804055367273233, 0.6524071304912958, -0.8885343670205205, 0.5312501608612359]",28.917814171214665,1.8914461874821458
"[0.28039897042792644, 0.6524072642818929, -0.888535059661749, 0.531249660556444]",28.9178550773653,1.8915090199635423
"[0.2803924024174029, 0.6524073981831212, -0.8885357525549058, 0.5312491599945525]",28.917895984812326,1.891571852444939
"[0.28038583556331614, 0.6524075321365287, -0.8885364453974846, 0.5312486593940862]",28.9179368936764,1.8916346849263357
"[0.2803792679536707, 0.652407666181106, -0.8885371383912051, 0.531248158609305]",28.917977805718543,1.891697517407732
"[0.2803727005465255, 0.6524078002973135, -0.8885378314349838, 0.5312476577132358]",28.91801871595133,1.8917603498891287
"[0.28036613352783946, 0.652407934481336, -0.8885385245091861, 0.531247156720085]",28.918059629138046,1.8918231823705254
"[0.28035956604435985, 0.652408068750618, -0.8885392177038628, 0.5312466555647432]",28.918100542343776,1.8918860148519219
"[0.2803529990456305, 0.6524082030857296, -0.8885399109187898, 0.5312461543196848]",28.918141457697477,1.8919488473333186
"[0.28034643141772286, 0.6524083375094812, -0.8885406042715545, 0.5312456528998539]",28.91818237408939,1.8920116798147153
"[0.2803398644832127, 0.6524084719947746, -0.8885412976225283, 0.5312451514062569]",28.918223292349406,1.8920745122961116
"[0.2803332975480216, 0.6524086065558362, -0.8885419910449812, 0.5312446497858766]",28.918264210729912,1.8921373447775083
"[0.2803267301384766, 0.6524087412023695, -0.8885426845889361, 0.5312441480025275]",28.91830513209205,1.892200177258905
"[0.28032016287168104, 0.6524088759217144, -0.8885433781892307, 0.5312436461033628]",28.91834605275992,1.8922630097403017
"[0.2803135954761575, 0.6524090107194536, -0.8885440718745335, 0.5312431440676157]",28.918386976377477,1.8923258422216982
"[0.28030702787834666, 0.6524091455971014, -0.8885447656526196, 0.531242641889652]",28.918427900438918,1.892388674703095
"[0.2803004605373574, 0.6524092805452247, -0.8885454594749884, 0.5312421396045782]",28.918468828646898,1.8924515071844916
"[0.2802938928934397, 0.652409415575327, -0.8885461534007748, 0.5312416371695794]",28.91850975435594,1.892514339665888
"[0.28028732576840537, 0.6524095506705057, -0.888546847343144, 0.5312411346475304]",28.918550680599957,1.8925771721472846
"[0.28028075885825116, 0.6524096858370199, -0.8885475413342052, 0.5312406320151649]",28.918591609819845,1.8926400046286813
"[0.2802741917045372, 0.6524098210842495, -0.888548235422409, 0.5312401292374592]",28.9186325389727,1.8927028371100778
"[0.28026762337293276, 0.652409956431517, -0.8885489297065243, 0.5312396262427692]",28.918673472772966,1.8927656695914745
"[0.2802610564359317, 0.6524100918257898, -0.8885496239146305, 0.5312391232281202]",28.918714404822435,1.8928285020728712
"[0.280254489391695, 0.6524102272980081, -0.8885503182054691, 0.5312386200785104]",28.918755338901427,1.8928913345542675
"[0.28024792261893766, 0.6524103628403579, -0.888551012538997, 0.5312381168229562]",28.91879627347571,1.8929541670356642
"[0.2802413541091446, 0.6524104984943186, -0.8885517071276059, 0.5312376133074896]",28.918837212626105,1.893016999517061
"[0.2802347868539942, 0.6524106341981314, -0.8885524016549465, 0.5312371097614024]",28.918878150398136,1.8930798319984574
"[0.28022821890513455, 0.6524107699920071, -0.8885530963270603, 0.5312366060353649]",28.918919089971478,1.8931426644798541
"[0.2802216516575591, 0.6524109058471214, -0.8885537909964007, 0.5312361022363414]",28.918960030980987,1.8932054969612508
"[0.28021508469173606, 0.6524110417721409, -0.8885544857073281, 0.5312355983321674]",28.919000971796144,1.8932683294426471
"[0.28020851676425296, 0.6524111777928158, -0.888555180591391, 0.5312350942274067]",28.919041915733757,1.8933311619240438
"[0.28020194885543953, 0.6524113138888539, -0.8885558755448852, 0.5312345899972787]",28.91908285926548,1.8933939944054405
"[0.28019538166726554, 0.6524114500457022, -0.8885565704935214, 0.5312340856956862]",28.91912380463249,1.8934568268868373
"[0.28018881403910784, 0.6524115862874009, -0.888557265560114, 0.5312335812335311]",28.91916475281862,1.8935196593682337
"[0.28018224677190656, 0.6524117225973487, -0.8885579606598975, 0.5312330766723129]",28.919205701216324,1.8935824918496305
"[0.28017567885290445, 0.6524118589965695, -0.8885586559000678, 0.5312325719342125]",28.919246649456785,1.8936453243310272
"[0.28016911139080924, 0.6524119954620407, -0.8885593511632669, 0.5312320671044255]",28.91928760039669,1.8937081568124234
"[0.2801625433620147, 0.6524121320150308, -0.8885600465578593, 0.5312315621042659]",28.919328553149054,1.8937709892938202
"[0.28015597648835433, 0.6524122686197463, -0.8885607419015328, 0.5312310570661175]",28.919369506753476,1.8938338217752169
"[0.2801494087284489, 0.6524124053186047, -0.888561437410439, 0.5312305518330416]",28.919410462359682,1.8938966542566134
"[0.2801428403954924, 0.652412542105153, -0.8885621330514323, 0.531230046429035]",28.919451417646716,1.89395948673801
"[0.28013627316744566, 0.6524126789444408, -0.8885628286467924, 0.5312295409832188]",28.919492374464067,1.8940223192194068
"[0.2801297051625611, 0.6524128158756213, -0.8885635243958284, 0.5312290353508332]",28.919533329586244,1.894085151700803
"[0.28012313770650715, 0.6524129528711087, -0.8885642201581125, 0.5312285296338641]",28.919574293035694,1.8941479841821998
"[0.2801165705347954, 0.6524130899363881, -0.8885649159616513, 0.5312280238119883]",28.919615256422446,1.8942108166635965
"[0.2801100025432, 0.6524132270945169, -0.8885656119234465, 0.5312275178001346]",28.91965621585027,1.894273649144993
"[0.2801034346269727, 0.652413364326809, -0.8885663079486464, 0.5312270116672541]",28.919697178305558,1.8943364816263897
"[0.280096866646255, 0.6524135016361878, -0.8885670040520709, 0.5312265054025651]",28.91973814441949,1.8943993141077864
"[0.28009029936856633, 0.6524136390065943, -0.8885677001523631, 0.5312259990652464]",28.91977910838425,1.8944621465891827
"[0.28008373218416177, 0.6524137764507693, -0.8885683963141394, 0.5312254926083061]",28.919820077067858,1.8945249790705794
"[0.28007716408810723, 0.6524139139897563, -0.8885690926439415, 0.5312249859542211]",28.919861045167192,1.8945878115519763
"[0.2800705959727253, 0.6524140516048879, -0.8885697890471808, 0.5312244791717917]",28.919902015214255,1.894650644033373
"[0.2800640281897787, 0.6524141892887998, -0.8885704854865547, 0.5312239722881505]",28.919942985912932,1.8947134765147693
"[0.2800574605335348, 0.6524143270457555, -0.888571181983873, 0.5312234652874801]",28.919983958632873,1.894776308996166
"[0.28005089273132794, 0.6524144648815149, -0.8885718785680474, 0.5312229581486795]",28.920024933417643,1.8948391414775627
"[0.2800443250226744, 0.6524146027910368, -0.8885725752136762, 0.5312224508902568]",28.92006590688807,1.8949019739589592
"[0.28003775711840073, 0.6524147407803974, -0.8885732719514325, 0.531221943489869]",28.920106881210376,1.894964806440356
"[0.2800311891639017, 0.6524148788465396, -0.8885739687658958, 0.5312214359587453]",28.92014785910884,1.8950276389217526
"[0.280024620509068, 0.6524150170031472, -0.8885746657260486, 0.5312209282466197]",28.920188839538245,1.895090471403149
"[0.28001805267538926, 0.6524151552182135, -0.8885753626704526, 0.5312204204710971]",28.920229818318887,1.8951533038845456
"[0.28001148552374616, 0.652415293494641, -0.8885760596138444, 0.531219912621461]",28.92027079709642,1.8952161363659423
"[0.28000491798606036, 0.652415431854911, -0.8885767566695688, 0.531219404615124]",28.92031178093378,1.8952789688473388
"[0.2799983501367659, 0.6524155702974687, -0.8885774538297357, 0.5312188964578186]",28.92035276371152,1.8953418013287355
"[0.27999178170004413, 0.6524157088281429, -0.8885781511236358, 0.5312183881281766]",28.920393749983585,1.8954046338101322
"[0.279985213684811, 0.6524158474256562, -0.8885788484441668, 0.5312178797042711]",28.9204347386248,1.8954674662915285
"[0.27997864620715374, 0.6524159860875627, -0.8885795457789848, 0.5312173711950887]",28.920475724263046,1.8955302987729252
"[0.27997207760366494, 0.6524161248489243, -0.8885802433047237, 0.5312168624718978]",28.920516712008627,1.895593131254322
"[0.2799655099321722, 0.6524162636663426, -0.8885809408028582, 0.5312163536939785]",28.92055770136105,1.8956559637357187
"[0.279958941234012, 0.6524164025811926, -0.8885816384814045, 0.5312158447096246]",28.92059869407996,1.8957187962171151
"[0.2799523732302964, 0.6524165415570844, -0.8885823361575623, 0.5312153356521823]",28.920639688072704,1.8957816286985119
"[0.2799458057538624, 0.6524166805975298, -0.8885830338490676, 0.5312148265087341]",28.920680679873026,1.8958444611799086
"[0.27993923735485743, 0.6524168197332318, -0.8885837317099498, 0.5312143171668625]",28.92072167609413,1.8959072936613048
"[0.2799326697658148, 0.6524169589274914, -0.8885844295561359, 0.5312138077609122]",28.920762673348115,1.8959701261427016
"[0.2799261013908407, 0.65241709821413, -0.8885851275571989, 0.5312132981670984]",28.92080367091986,1.8960329586240983
"[0.27991953320422336, 0.6524172375725006, -0.8885858256096113, 0.531212788460986]",28.92084466916306,1.8960957911054948
"[0.27991296523224046, 0.6524173770020303, -0.8885865237105739, 0.5312122786446325]",28.92088567017992,1.8961586235868915
"[0.2799063968435804, 0.6524175165161324, -0.8885872219271895, 0.5312117686690154]",28.92092667155672,1.8962214560682882
"[0.2798998292163574, 0.6524176560897695, -0.8885879201342186, 0.5312112586256219]",28.92096767195579,1.8962842885496844
"[0.27989326070705556, 0.652417795757879, -0.8885886185063848, 0.5312107483867994]",28.92100867670872,1.8963471210310812
"[0.27988669305027913, 0.6524179354835631, -0.8885893168592629, 0.5312102380873055]",28.921049681226435,1.8964099535124779
"[0.2798801243178821, 0.6524180753078668, -0.8885900153978776, 0.531209727577291]",28.921090687953427,1.8964727859938744
"[0.27987355631182786, 0.6524182151924112, -0.8885907139306092, 0.5312092169968227]",28.921131695144584,1.896535618475271
"[0.2798669878749302, 0.652418355161858, -0.8885914125805219, 0.531208706255922]",28.92117270574041,1.8965984509566678
"[0.279860420172175, 0.6524184951913686, -0.8885921112236964, 0.5312081954451906]",28.921213714068852,1.896661283438064
"[0.27985385201832197, 0.652418635306209, -0.8885928099862077, 0.5312076844724498]",28.921254726584607,1.8967241159194608
"[0.27984728310084056, 0.6524187755130643, -0.8885935089013232, 0.5312071733133512]",28.9212957389287,1.8967869484008575
"[0.27984071528237653, 0.6524189157721728, -0.8885942077708564, 0.5312066621128422]",28.92133675143415,1.8968497808822542
"[0.2798341474919497, 0.6524190561063861, -0.8885949067087485, 0.5312061507875935]",28.921377769625323,1.8969126133636507
"[0.27982757878589787, 0.6524191965358807, -0.8885956058154367, 0.5312056392641119]",28.921418785251873,1.8969754458450474
"[0.27982101075439003, 0.6524193370266674, -0.8885963049216818, 0.5312051276662151]",28.921459802089377,1.8970382783264441
"[0.2798144418375707, 0.6524194776121263, -0.8885970041935182, 0.5312046158723799]",28.921500822315966,1.8971011108078404
"[0.27980787362536197, 0.6524196182581855, -0.8885977034616995, 0.5312041040065296]",28.92154184443715,1.897163943289237
"[0.2798013054776489, 0.6524197589786023, -0.8885984027943582, 0.5312035920187214]",28.921582865353187,1.8972267757706338
"[0.27979473717076997, 0.6524198997781102, -0.8885991022153111, 0.5312030798915874]",28.9216238879345,1.8972896082520303
"[0.27978816905348197, 0.6524200406492763, -0.8885998016874173, 0.5312025676522654]",28.921664909986163,1.897352440733427
"[0.2797816006621891, 0.6524201816020233, -0.8886005012600485, 0.5312020552646198]",28.921705938545685,1.8974152732148237
"[0.27977503261791536, 0.6524203226230295, -0.8886012008670598, 0.5312015427770879]",28.921746963655178,1.89747810569622
"[0.2797684635088835, 0.6524204637426166, -0.8886019006588396, 0.5312010300794914]",28.921787992238247,1.8975409381776167
"[0.27976189520091355, 0.6524206049207054, -0.8886026004366298, 0.5312005173174424]",28.921829021021143,1.8976037706590134
"[0.2797553269570015, 0.652420746173127, -0.8886033002789339, 0.5312000044334215]",28.921870052432816,1.89766660314041
"[0.2797487582427821, 0.6524208875113623, -0.8886040002426948, 0.5311994913857094]",28.921911084078474,1.8977294356218066
"[0.2797421901296143, 0.6524210289123734, -0.8886047002137444, 0.5311989782579651]",28.92195211526337,1.8977922681032033
"[0.2797356218864846, 0.6524211703918834, -0.8886054002699786, 0.5311984649930964]",28.921993149657006,1.8978551005846
"[0.2797290528375866, 0.6524213119644644, -0.8886061004834408, 0.5311979515382642]",28.922034187437806,1.8979179330659963
"[0.27972248430951135, 0.65242145360153, -0.8886068007127287, 0.5311974379971496]",28.922075223968672,1.897980765547393
"[0.27971591592310263, 0.652421595311244, -0.8886075009982505, 0.5311969243401249]",28.922116261164565,1.8980435980287897
"[0.2797093469458911, 0.6524217371094159, -0.8886082014181045, 0.5311964105098954]",28.922157300321494,1.8981064305101862
"[0.2797027790742076, 0.6524218789594285, -0.888608901791408, 0.5311958966391507]",28.92219834390266,1.898169262991583
"[0.27969621095546493, 0.6524220208904624, -0.8886096022623823, 0.5311953826221059]",28.92223938271635,1.8982320954729797
"[0.27968964216532416, 0.6524221629116964, -0.8886103028762953, 0.5311948684255314]",28.922280428075094,1.898294927954376
"[0.27968307281963967, 0.65242230502069, -0.888611003620807, 0.531194354058405]",28.92232146968783,1.8983577604357726
"[0.27967650437923747, 0.6524224471857647, -0.8886117043400905, 0.5311938396352007]",28.92236251824393,1.8984205929171696
"[0.2796699361521703, 0.6524225894219372, -0.8886124051079392, 0.5311933251016829]",28.922403562045037,1.8984834253985658
"[0.2796633677174192, 0.6524227317383016, -0.8886131059692719, 0.5311928104248963]",28.92244461226735,1.8985462578799626
"[0.27965679867857834, 0.6524228741434618, -0.8886138069663979, 0.5311922955737509]",28.922485660560174,1.8986090903613593
"[0.27965022998334815, 0.6524230166168771, -0.8886145079981889, 0.5311917806225143]",28.922526711545988,1.8986719228427555
"[0.2796436619133879, 0.6524231591524258, -0.8886152090345684, 0.5311912655932866]",28.922567760206956,1.8987347553241525
"[0.27963709255653724, 0.6524233017916117, -0.8886159102796382, 0.5311907503361093]",28.92260881658947,1.8987975878055492
"[0.2796305241659696, 0.6524234444854963, -0.8886166114928895, 0.531190235027721]",28.92264987074428,1.8988604202869455
"[0.2796239550838766, 0.6524235872701182, -0.8886173128512952, 0.5311897195380313]",28.92269092779299,1.8989232527683422
"[0.27961738725747326, 0.6524237301031359, -0.8886180141469481, 0.5311892040198647]",28.92273198384883,1.8989860852497389
"[0.2796108178646591, 0.6524238730459158, -0.8886187156811889, 0.5311886882517132]",28.92277304234209,1.8990489177311356
"[0.27960424973613257, 0.6524240160368807, -0.8886194171517366, 0.5311881724557923]",28.922814100958668,1.899111750212532
"[0.2795976804624254, 0.6524241591285118, -0.8886201188159145, 0.531187656442852]",28.922855164795067,1.8991745826939288
"[0.2795911119279537, 0.6524243022796701, -0.8886208204724588, 0.5311871403610192]",28.92289622632211,1.8992374151753255
"[0.2795845432194482, 0.6524244455103471, -0.8886215222189113, 0.5311866241384332]",28.92293728908884,1.8993002476567218
"[0.2795779742220949, 0.65242458882302, -0.8886222240675451, 0.5311861077660956]",28.922978354396065,1.8993630801381185
"[0.27957140611557496, 0.6524247321919471, -0.8886229258923091, 0.5311855913367467]",28.923019419465845,1.8994259126195152
"[0.27956483646346236, 0.6524248756703075, -0.8886236279535538, 0.5311850746588134]",28.92306048410082,1.8994887451009117
"[0.27955826765657704, 0.6524250192059124, -0.8886243299957955, 0.5311845579202845]",28.923101556343923,1.8995515775823084
"[0.2795516989150192, 0.6524251628157783, -0.8886250321023712, 0.5311840410598435]",28.923142625020862,1.8996144100637051
"[0.2795451298310119, 0.6524253065088288, -0.8886257343168686, 0.5311835240453885]",28.923183695222676,1.8996772425451014
"[0.27953856151063017, 0.6524254502608605, -0.8886264365210449, 0.5311830069639839]",28.92322476656945,1.899740075026498
"[0.279531992440974, 0.6524255941049822, -0.8886271388766389, 0.5311824896965275]",28.923265841921342,1.8998029075078948
"[0.2795254231840509, 0.6524257380289027, -0.8886278413235756, 0.5311819722872451]",28.923306916342398,1.8998657399892913
"[0.27951885425655687, 0.6524258820212998, -0.8886285438066021, 0.5311814547768327]",28.923347991771184,1.899928572470688
"[0.2795122853994357, 0.652426026087844, -0.8886292463534136, 0.5311809371448908]",28.92338906962694,1.8999914049520847
"[0.2795057160093241, 0.6524261702417746, -0.8886299490285472, 0.53118041934386]",28.9234301479224,1.900054237433481
"[0.27949914743962856, 0.6524263144533888, -0.8886306516872348, 0.5311799014804202]",28.923471227018744,1.9001170699148777
"[0.27949257762066243, 0.6524264587681321, -0.8886313545508813, 0.5311793833913846]",28.923512310421316,1.9001799023962744
"[0.2794860093472129, 0.6524266031246071, -0.8886320573204847, 0.5311788652971541]",28.923553391113362,1.9002427348776711
"[0.2794794406319544, 0.6524267475664712, -0.8886327602086589, 0.5311783470410006]",28.923594473970677,1.9003055673590676
"[0.2794728714227823, 0.6524268920948941, -0.8886334632209929, 0.5311778286187745]",28.92363556025465,1.9003683998404644
"[0.2794663023439251, 0.6524270366961241, -0.8886341662906901, 0.5311773100797534]",28.92367664349642,1.900431232321861
"[0.2794597327604907, 0.6524271813841755, -0.888634869485705, 0.531176791373767]",28.923717733041535,1.9004940648032573
"[0.2794531634360019, 0.6524273261421983, -0.8886355727243159, 0.5311762725611381]",28.92375882367807,1.900556897284654
"[0.27944659450445775, 0.6524274709672578, -0.888636275992165, 0.531175753652428]",28.923799912410086,1.9006197297660508
"[0.2794400252899396, 0.6524276158742425, -0.8886369793616141, 0.5311752345942572]",28.923841004341106,1.9006825622474472
"[0.27943345676067355, 0.6524277608417877, -0.8886376827289864, 0.5311747154631377]",28.923882094946034,1.900745394728844
"[0.2794268869710787, 0.6524279059128424, -0.8886383863026259, 0.5311741961052844]",28.923923189148535,1.9008082272102407
"[0.27942031793262023, 0.652428051043008, -0.8886390898671274, 0.5311736766796792]",28.923964283294897,1.900871059691637
"[0.27941374921516277, 0.6524281962417363, -0.8886397934685417, 0.5311731571523792]",28.924005380378535,1.9009338921730337
"[0.27940717991634506, 0.6524283415290097, -0.8886404972035264, 0.5311726374519653]",28.92404647810052,1.9009967246544304
"[0.27940061081329165, 0.6524284868876394, -0.8886412009888383, 0.531172117639913]",28.924087574851086,1.9010595571358269
"[0.2793940409840993, 0.6524286323380235, -0.888641904923253, 0.5311715976432663]",28.924128677082386,1.9011223896172236
"[0.27938747228997474, 0.6524287778389587, -0.888642608807341, 0.5311710776093354]",28.924169778123172,1.9011852220986203
"[0.2793809030830373, 0.6524289234269312, -0.8886433128176738, 0.5311705574076805]",28.92421087999886,1.901248054580017
"[0.27937433363223746, 0.6524290690959941, -0.8886440169254397, 0.5311700370595741]",28.924251983841323,1.9013108870614133
"[0.2793677643197217, 0.6524292148376732, -0.8886447210896807, 0.5311695165952803]",28.9242930892227,1.90137371954281
"[0.27936119531963316, 0.6524293606480983, -0.8886454252917225, 0.531168996028606]",28.9243341960143,1.9014365520242067
"[0.27935462586910764, 0.6524295065442032, -0.8886461296133455, 0.5311684752990914]",28.924375302585027,1.9014993845056032
"[0.2793480564834062, 0.6524296525145534, -0.8886468339993128, 0.531167954447562]",28.9244164132766,1.901562216987
"[0.27934148705103845, 0.6524297985616203, -0.8886475384615777, 0.5311674334651827]",28.924457523364925,1.9016250494683966
"[0.27933491816347833, 0.652429944672242, -0.8886482429367051, 0.5311669123988761]",28.92449863454707,1.9016878819497929
"[0.2793283483098951, 0.6524300908800392, -0.8886489475867282, 0.5311663911287724]",28.92453974578825,1.9017507144311896
"[0.279321779069721, 0.6524302371498657, -0.8886496522422499, 0.5311658697801779]",28.92458086048438,1.9018135469125863
"[0.279315209638652, 0.6524303834996238, -0.8886503569895364, 0.5311653482892701]",28.92462197570111,1.9018763793939828
"[0.27930864017922413, 0.6524305299256846, -0.888651061811154, 0.5311648266689549]",28.92466309336697,1.9019392118753795
"[0.2793020705753328, 0.6524306764306504, -0.8886517667195608, 0.5311643049099926]",28.924704208434235,1.9020020443567762
"[0.2792955015565428, 0.6524308229982385, -0.888652471636467, 0.5311637830703407]",28.924745328048136,1.9020648768381725
"[0.27928893219527845, 0.6524309696491406, -0.8886531766614062, 0.5311632610763174]",28.924786448801115,1.9021277093195692
"[0.279282362053817, 0.6524311163931661, -0.8886538818413692, 0.5311627388930833]",28.9248275712687,1.902190541800966
"[0.2792757928654015, 0.6524312631915395, -0.8886545869903263, 0.5311622166584691]",28.924868694226998,1.9022533742823624
"[0.2792692227022748, 0.6524314100873991, -0.8886552923152011, 0.5311616942191465]",28.924909820214104,1.9023162067637591
"[0.2792626538744151, 0.6524315570290721, -0.888655997568006, 0.5311611717588303]",28.924950942673302,1.9023790392451558
"[0.2792560837869432, 0.6524317040746015, -0.888656703027334, 0.5311606490711338]",28.924992070044166,1.9024418717265525
"[0.27924951515322544, 0.6524318511632557, -0.8886574084018352, 0.5311601263719237]",28.92503319644936,1.9025047042079488
"[0.27924294511880793, 0.6524319983589533, -0.8886581139980327, 0.5311596034340543]",28.92507432654849,1.9025675366893455
"[0.27923637490536085, 0.6524321456343462, -0.8886588196847491, 0.5311590803547207]",28.92511545637862,1.9026303691707425
"[0.2792298055630271, 0.6524322929658853, -0.8886595253491799, 0.5311585572175423]",28.925156588313918,1.9026932016521387
"[0.2792232366783146, 0.6524324403628212, -0.8886602310357175, 0.5311580339896267]",28.925197719889038,1.9027560341335354
"[0.2792166662366438, 0.652432587870372, -0.8886609369608037, 0.531157510510479]",28.9252388557849,1.9028188666149322
"[0.2792100970021017, 0.6524327354264943, -0.88866164282747, 0.5311569870003001]",28.92527999033368,1.9028816990963284
"[0.27920352686670163, 0.652432883078527, -0.888662348862214, 0.5311564632911137]",28.925321127959393,1.9029445315777254
"[0.2791969577955989, 0.6524330307823045, -0.888663054853855, 0.5311559395395633]",28.92536226527814,1.903007364059122
"[0.279190387813145, 0.6524331785822464, -0.8886637610147152, 0.531155415588133]",28.925403404903463,1.9030701965405183
"[0.27918381819460253, 0.6524333264496822, -0.8886644672077333, 0.5311548915384926]",28.925444542786398,1.903133029021915
"[0.27917724845132885, 0.6524334743955721, -0.8886651734854324, 0.5311543673517106]",28.925485687029497,1.9031958615033118
"[0.27917067861975947, 0.652433622419133, -0.8886658798438957, 0.5311538430306424]",28.925526830707376,1.9032586939847083
"[0.27916410875338377, 0.6524337705191685, -0.8886665862773732, 0.5311533185795426]",28.925567974867665,1.903321526466105
"[0.27915753857592873, 0.6524339187018541, -0.8886672928155782, 0.5311527939764149]",28.92560912062355,1.9033843589475017
"[0.27915096936268546, 0.6524340669384731, -0.8886679993213553, 0.5311522693230321]",28.925650267266306,1.9034471914288984
"[0.2791443998341414, 0.6524342152578648, -0.8886687059323026, 0.5311517445172481]",28.92569141517895,1.9035100239102947
"[0.27913782980817076, 0.652434363664156, -0.8886694126680221, 0.5311512195444859]",28.925732563717286,1.9035728563916914
"[0.27913125978102493, 0.6524345121461602, -0.8886701194751377, 0.5311506944443625]",28.92577371486046,1.903635688873088
"[0.279124689734436, 0.6524346607042463, -0.8886708263556163, 0.5311501692154685]",28.925814864770732,1.9036985213544846
"[0.27911812020195853, 0.6524348093263822, -0.8886715332520404, 0.5311496439004193]",28.92585602079073,1.9037613538358813
"[0.2791115500735481, 0.6524349580376682, -0.8886722402838547, 0.5311491184104635]",28.925897173648853,1.903824186317278
"[0.2791049801745378, 0.6524351068194283, -0.8886729473622471, 0.531148592811601]",28.92593832992607,1.9038870187986743
"[0.27909840935367275, 0.6524352556977507, -0.8886736546111301, 0.5311480670117007]",28.925979486633253,1.903949851280071
"[0.2790918408105654, 0.6524354046001045, -0.888674361686091, 0.5311475412668483]",28.926020644025755,1.9040126837614677
"[0.27908527072631956, 0.6524355536130481, -0.8886750689982048, 0.5311470152713971]",28.926061803647617,1.9040755162428642
"[0.27907870027806164, 0.6524357027099253, -0.8886757764207756, 0.531146489119518]",28.926102964008827,1.904138348724261
"[0.2790721302594646, 0.6524358518727197, -0.8886764838683484, 0.5311459628747722]",28.926144127133405,1.9042011812056576
"[0.2790655606380143, 0.6524360011021528, -0.8886771913444095, 0.5311454365345796]",28.92618529022003,1.904264013687054
"[0.27905899014365076, 0.6524361504270836, -0.8886778989857375, 0.5311449099971672]",28.92622645283031,1.9043268461684506
"[0.27905242069729547, 0.6524362998038512, -0.8886786065854453, 0.5311443834164755]",28.926267619590714,1.9043896786498473
"[0.27904584964151347, 0.6524364492928894, -0.8886793144297752, 0.5311438565794773]",28.926308785925833,1.9044525111312438
"[0.27903928021582425, 0.6524365988205008, -0.8886800221697594, 0.531143329745898]",28.926349952560006,1.9045153436126405
"[0.27903270984042966, 0.6524367484453893, -0.8886807300833135, 0.5311428027088723]",28.926391126494003,1.9045781760940372
"[0.2790261393761845, 0.6524368981479713, -0.8886814380777021, 0.5311422755374169]",28.926432294856877,1.904641008575434
"[0.27901956971166453, 0.6524370479079873, -0.8886821460571649, 0.5311417483028451]",28.92647346592621,1.9047038410568302
"[0.27901299915769223, 0.6524371977639403, -0.8886828542037363, 0.5311412208695946]",28.926514640934553,1.904766673538227
"[0.27900642879297566, 0.6524373476912446, -0.8886835624011681, 0.531140693324227]",28.92655581417165,1.9048295060196236
"[0.27899985843004516, 0.652437497694172, -0.8886842706696622, 0.5311401656516959]",28.92659699294024,1.9048923385010201
"[0.27899328863396955, 0.6524376477598093, -0.888684978948296, 0.531139637897399]",28.926638165823874,1.9049551709824168
"[0.27898671836449324, 0.652437797911919, -0.8886856873492146, 0.5311391099777681]",28.926679345106816,1.9050180034638136
"[0.27898014837734153, 0.6524379481332296, -0.8886863957909383, 0.5311385819535217]",28.9267205268831,1.9050808359452098
"[0.2789735780731542, 0.6524380984374533, -0.8886871043380952, 0.5311380537764768]",28.926761707113183,1.9051436684266065
"[0.2789670079259069, 0.6524382488137297, -0.888687812939574, 0.5311375254847522]",28.92680288901586,1.9052065009080033
"[0.27896043773840873, 0.6524383992665893, -0.8886885216166377, 0.5311369970624694]",28.926844069713276,1.9052693333893997
"[0.2789538674199117, 0.6524385497981042, -0.8886892303790772, 0.5311364685023321]",28.926885256697506,1.9053321658707965
"[0.2789472970156195, 0.6524387004072443, -0.8886899392220178, 0.5311359398079655]",28.92692644190391,1.9053949983521932
"[0.2789407267433798, 0.6524388510890112, -0.8886906481219562, 0.5311354109969011]",28.926967629318195,1.9054578308335894
"[0.27893415626922624, 0.6524390018510713, -0.8886913571149246, 0.531134882042248]",28.927008818532226,1.9055206633149862
"[0.2789275855059013, 0.6524391526954202, -0.8886920662103465, 0.5311343529369814]",28.927050008213456,1.9055834957963829
"[0.27892101568731376, 0.6524393035937364, -0.8886927752750501, 0.5311338237804573]",28.92709119830967,1.9056463282777794
"[0.2789144452389825, 0.6524394545821627, -0.8886934844789592, 0.5311332944458853]",28.927132390772364,1.905709160759176
"[0.2789078747191881, 0.6524396056478899, -0.8886941937618247, 0.5311327649782087]",28.927173585937087,1.9057719932405728
"[0.27890130443612937, 0.6524397567838259, -0.8886949030903717, 0.5311322354022688]",28.927214777445535,1.9058348257219695
"[0.27889473447469887, 0.6524399079880073, -0.8886956124554258, 0.5311317057249225]",28.927255975630004,1.9058976582033658
"[0.2788881634578889, 0.6524400592921369, -0.8886963220056749, 0.5311311758351304]",28.92729717278005,1.9059604906847625
"[0.278881592557059, 0.6524402106692596, -0.8886970316146469, 0.5311306458273202]",28.927338371101637,1.9060233231661592
"[0.27887502191383223, 0.652440362116111, -0.8886977412670404, 0.5311301157129175]",28.927379572203765,1.9060861556475557
"[0.27886845192773174, 0.6524405136234477, -0.8886984509196901, 0.531129585524202]",28.927420769878964,1.9061489881289524
"[0.2788618810588382, 0.652440665226803, -0.8886991607389317, 0.5311290551368725]",28.927461976029722,1.906211820610349
"[0.2788553103934342, 0.6524408169011167, -0.8886998706074287, 0.5311285246385997]",28.927503178032055,1.9062746530917454
"[0.2788487395491523, 0.6524409686552168, -0.8887005805664895, 0.5311279939985074]",28.92754438335414,1.906337485573142
"[0.2788421695234271, 0.6524411204660544, -0.8887012905083327, 0.5311274632971635]",28.92758558909867,1.9064003180545388
"[0.27883559898629445, 0.6524412723643558, -0.8887020005766653, 0.5311269324271426]",28.927626796554755,1.9064631505359353
"[0.2788290283159728, 0.6524414243413835, -0.8887027107306228, 0.531126401418988]",28.92766800520204,1.906525983017332
"[0.2788224575449638, 0.6524415763963936, -0.8887034209666952, 0.5311258702753112]",28.92770921329775,1.9065888154987287
"[0.27881588659424744, 0.6524417285312172, -0.8887041312934271, 0.5311253389897161]",28.92775042585739,1.906651647980125
"[0.27880931590896596, 0.6524418807355457, -0.8887048416626957, 0.5311248075981954]",28.92779163854289,1.9067144804615217
"[0.2788027446007988, 0.6524420330299618, -0.8887055521705436, 0.5311242760288936]",28.92783285264354,1.9067773129429184
"[0.27879617472826485, 0.6524421853667428, -0.8887062625943842, 0.5311237444483521]",28.927874067691988,1.9068401454243153
"[0.2787896040066258, 0.652442337798855, -0.888706973181263, 0.5311232126717227]",28.927915284248602,1.9069029779057116
"[0.2787830332534571, 0.6524424903073456, -0.888707683842778, 0.5311226807651452]",28.927956500944177,1.9069658103871083
"[0.27877646211043605, 0.6524426429005389, -0.8887083946176881, 0.5311221486995977]",28.927997720233137,1.907028642868505
"[0.2787698920710559, 0.6524427955437646, -0.8887091053444347, 0.5311216165959969]",28.92803894000754,1.9070914753499015
"[0.27876332078991384, 0.652442948291439, -0.888709816276741, 0.5311210842644773]",28.928080161238416,1.9071543078312982
"[0.27875675014237683, 0.6524431011000578, -0.8887105272117207, 0.5311205518568446]",28.92812138188507,1.907217140312695
"[0.27875017926326306, 0.6524432539897079, -0.8887112382429782, 0.531120019303036]",28.928162606450034,1.9072799727940912
"[0.27874360862566283, 0.652443406949382, -0.8887119493193191, 0.5311194866413914]",28.928203832151443,1.907342805275488
"[0.27873703742734474, 0.6524435599977534, -0.8887126605275658, 0.5311189538068721]",28.92824506055209,1.9074056377568847
"[0.2787304660992186, 0.6524437131248029, -0.8887133718210907, 0.5311184208343901]",28.92828628740004,1.9074684702382811
"[0.27872389596873, 0.6524438662995784, -0.8887140830561892, 0.5311178878316376]",28.9283275142275,1.9075313027196779
"[0.27871732517362313, 0.6524440195654869, -0.8887147944344467, 0.5311173546475517]",28.928368743657447,1.9075941352010746
"[0.27871075474008267, 0.652444172898595, -0.8887155058447677, 0.5311168213653925]",28.928409976504728,1.9076569676824708
"[0.2787041832127855, 0.6524443263328893, -0.8887162174447375, 0.5311162878670019]",28.928451206206812,1.9077198001638676
"[0.27869761203429416, 0.6524444798346664, -0.8887169290781594, 0.5311157542695101]",28.928492442454505,1.9077826326452643
"[0.2786910407781887, 0.6524446334139158, -0.888717640791207, 0.5311152205382539]",28.928533678219168,1.9078454651266608
"[0.27868447032745347, 0.6524447870499799, -0.8887183524882334, 0.5311146867449807]",28.928574914832545,1.9079082976080575
"[0.2786778988441764, 0.6524449407858275, -0.8887190643683206, 0.5311141527403782]",28.928616152025747,1.9079711300894542
"[0.27867132803479416, 0.6524450945815521, -0.8887197762466172, 0.5311136186630895]",28.928657389680076,1.908033962570851
"[0.2786647564862283, 0.6524452484702313, -0.8887204882762147, 0.5311130843982517]",28.92869863002699,1.9080967950522472
"[0.2786581857513298, 0.6524454024154845, -0.8887212002888596, 0.5311125500721285]",28.928739871633127,1.9081596275336439
"[0.2786516150885992, 0.6524455564346824, -0.8887219123648857, 0.5311120156244283]",28.92878111322756,1.9082224600150406
"[0.27864504391916217, 0.6524457105413943, -0.8887226245670328, 0.5311114810080595]",28.928822358426853,1.908285292496437
"[0.2786384718835974, 0.6524458647440751, -0.888723336934277, 0.5311109461937348]",28.928863601803812,1.9083481249778338
"[0.2786319010856152, 0.652446018993364, -0.8887240492385818, 0.5311104113526482]",28.928904851163306,1.9084109574592305
"[0.2786253304641373, 0.6524461733141216, -0.8887247615949501, 0.531109876398499]",28.92894609715691,1.9084737899406268
"[0.278618759215572, 0.6524463277252507, -0.8887254740905082, 0.531109341265819]",28.928987345338093,1.9085366224220235
"[0.2786121876234914, 0.6524464822200968, -0.8887261866945252, 0.5311088059776794]",28.92902859644154,1.9085994549034202
"[0.278605616509665, 0.6524466367793378, -0.8887268993178868, 0.5311082706010184]",28.92906984740897,1.9086622873848167
"[0.2785990453221678, 0.6524467914159471, -0.8887276120204413, 0.5311077350908784]",28.929111101638632,1.9087251198662134
"[0.27859247408615206, 0.6524469461293375, -0.88872832479946, 0.5311071994493002]",28.929152354053237,1.9087879523476101
"[0.2785859024803253, 0.6524471009270719, -0.8887290376898004, 0.5311066636500886]",28.929193611598205,1.9088507848290064
"[0.2785793311071992, 0.6524472557949667, -0.8887297506261025, 0.5311061277423531]",28.929234868303784,1.908913617310403
"[0.278572759753843, 0.6524474107380321, -0.8887304636314616, 0.5311055917087374]",28.92927612612503,1.9089764497917998
"[0.2785661890821861, 0.6524475657406498, -0.888731176634045, 0.5311050556032519]",28.929317383594466,1.9090392822731965
"[0.27855961730814477, 0.6524477208449231, -0.8887318898274539, 0.5311045192803047]",28.92935864379009,1.909102114754593
"[0.27855304615715715, 0.6524478760101047, -0.8887326030244455, 0.5311039828807319]",28.929399907915904,1.9091649472359897
"[0.27854647467693455, 0.6524480312587024, -0.8887333163283685, 0.5311034463267712]",28.929441170902518,1.9092277797173864
"[0.2785399032126091, 0.6524481865825605, -0.8887340297017651, 0.5311029096465996]",28.92948243540851,1.9092906121987827
"[0.2785333317717909, 0.6524483419815009, -0.8887347431438067, 0.5311023728408335]",28.929523700107115,1.9093534446801794
"[0.27852676040062263, 0.6524484974544242, -0.8887354566494816, 0.5311018359132497]",28.929564966248208,1.9094162771615761
"[0.2785201891365965, 0.6524486530004436, -0.888736170214715, 0.5311012988669096]",28.929606235254187,1.9094791096429726
"[0.2785136181463226, 0.6524488086156064, -0.888736883821407, 0.5311007617154402]",28.929647499475266,1.9095419421243693
"[0.2785070455400556, 0.6524489643446929, -0.8887375976748044, 0.5311002243043155]",28.929688771740558,1.909604774605766
"[0.27850047426801305, 0.6524491201177931, -0.8887383114544863, 0.5310996868747664]",28.929730044597466,1.9096676070871623
"[0.278493902878581, 0.6524492759693092, -0.8887390253181076, 0.5310991493080895]",28.929771316559385,1.909730439568559
"[0.2784873313653584, 0.6524494318993883, -0.8887397392663667, 0.531098611603762]",28.929812592121085,1.9097932720499557
"[0.2784807596338139, 0.6524495879102843, -0.8887404533095374, 0.5310980737540302]",28.929853867944026,1.9098561045313522
"[0.2784741877603843, 0.6524497440001857, -0.8887411674393207, 0.5310975357651396]",28.929895143276127,1.909918937012749
"[0.2784676164796335, 0.652449900151635, -0.8887418815758854, 0.5310969976972368]",28.92993642324104,1.9099817694941457
"[0.2784610450939936, 0.652450056381215, -0.8887425957950313, 0.5310964594931964]",28.929977699209676,1.910044601975542
"[0.2784544731324464, 0.652450212700096, -0.8887433101479628, 0.5310959211144672]",28.9300189820721,1.9101074344569386
"[0.2784479018065684, 0.6524503690795208, -0.8887440245029806, 0.5310953826602237]",28.930060261764474,1.9101702669383354
"[0.2784413299224226, 0.6524505255478116, -0.8887447389898762, 0.5310948440327437]",28.9301015456416,1.910233099419732
"[0.278434758928157, 0.6524506820705579, -0.8887454534511993, 0.5310943053506322]",28.9301428295071,1.9102959319011286
"[0.27842818607183795, 0.6524508387133056, -0.8887461681861817, 0.5310937663882852]",28.930184114936022,1.9103587643825253
"[0.27842161476960003, 0.6524509953946512, -0.888746882823355, 0.5310932274258023]",28.93022540264981,1.910421596863922
"[0.27841504309056564, 0.6524511521605859, -0.8887475975726861, 0.5310926883048828]",28.93026669221676,1.9104844293453183
"[0.278408471246903, 0.6524513090060869, -0.8887483124111047, 0.5310921490428766]",28.93030797885518,1.910547261826715
"[0.2784018995195829, 0.6524514659244391, -0.8887490273080497, 0.5310916096628482]",28.93034927013798,1.9106100943081117
"[0.2783953275190845, 0.6524516229249419, -0.8887497423058952, 0.531091070132824]",28.93039056071629,1.9106729267895082
"[0.2783887560291369, 0.6524517799888709, -0.8887504573193712, 0.5310905305171449]",28.93043185658811,1.9107357592709049
"[0.27838218417493327, 0.6524519371371316, -0.8887511724436579, 0.5310899907439787]",28.930473150228103,1.9107985917523016
"[0.27837561187170845, 0.6524520943717623, -0.888751887687991, 0.5310894508063393]",28.93051444755585,1.9108614242336979
"[0.27836904034187243, 0.6524522516635131, -0.8887526029193327, 0.5310889108046583]",28.930555743535123,1.9109242567150946
"[0.27836246825781985, 0.6524524090441566, -0.888753318282172, 0.531088370629845]",28.93059704129687,1.9109870891964915
"[0.27835589641657116, 0.6524525664946107, -0.8887540336897587, 0.5310878303473987]",28.93063833840474,1.9110499216778878
"[0.27834932413638447, 0.6524527240312107, -0.8887547492163086, 0.5310872899012649]",28.93067963998884,1.9111127541592845
"[0.27834275214607923, 0.6524528816364881, -0.8887554647824756, 0.5310867493513691]",28.930720941742255,1.9111755866406812
"[0.2783361805474882, 0.6524530393079908, -0.8887561803771606, 0.5310862087061017]",28.930762245699707,1.9112384191220775
"[0.27832960839883597, 0.6524531970683156, -0.8887568961029165, 0.5310856678879775]",28.930803551350568,1.9113012516034744
"[0.278323036394541, 0.6524533549008006, -0.8887576118841245, 0.5310851269541244]",28.930844854754234,1.9113640840848711
"[0.2783164646553633, 0.6524535128025435, -0.8887583277076244, 0.5310845859144849]",28.930886162270752,1.9114269165662678
"[0.2783098921240297, 0.6524536707989329, -0.8887590436885868, 0.5310840446820257]",28.930927471777665,1.911489749047664
"[0.2783033204649483, 0.6524538288499813, -0.8887597596456963, 0.5310835033937769]",28.93096877964038,1.9115525815290608
"[0.27829674807510474, 0.6524539869942296, -0.8887604757535912, 0.5310829619177156]",28.931010090618045,1.9116154140104575
"[0.27829017583821924, 0.6524541452104281, -0.8887611919159928, 0.5310824203266231]",28.931051401852176,1.911678246491854
"[0.27828360458515583, 0.6524543034785425, -0.8887619080423441, 0.5310818786890135]",28.931092716582334,1.9117410789732507
"[0.2782770315162715, 0.6524544618660253, -0.8887626244377583, 0.5310813367740855]",28.9311340292473,1.9118039114546475
"[0.2782704593381062, 0.6524546203076813, -0.8887633408072652, 0.5310807948049427]",28.931175346011884,1.9118667439360437
"[0.27826388746986885, 0.6524547788174637, -0.8887640572141506, 0.5310802527337553]",28.93121666328254,1.9119295764174404
"[0.2782573147070519, 0.6524549374244744, -0.8887647737897264, 0.531079710461102]",28.93125798176294,1.9119924088988371
"[0.27825074296508, 0.6524550960824373, -0.8887654903251684, 0.531079168145077]",28.931299298584054,1.9120552413802336
"[0.27824417051612055, 0.6524552548331057, -0.8887662070088589, 0.5310786256430465]",28.931340622229637,1.9121180738616304
"[0.2782375983475727, 0.6524554136526189, -0.8887669237331347, 0.531078083036519]",28.931381943430544,1.912180906343027
"[0.2782310258741264, 0.6524555725551183, -0.8887676405618256, 0.531077540277171]",28.931423267553214,1.9122437388244233
"[0.2782244538232867, 0.6524557315230208, -0.8887683574155829, 0.5310769974250714]",28.931464592584838,1.91230657130582
"[0.2782178814446382, 0.6524558905744676, -0.8887690743762563, 0.5310764544182446]",28.931505918801736,1.9123694037872168
"[0.2782113092400246, 0.6524560496973226, -0.8887697913891026, 0.531075911298139]",28.931547243338855,1.9124322362686135
"[0.2782047360953974, 0.6524562089185649, -0.888770508575673, 0.5310753679726733]",28.931588572482248,1.91249506875001
"[0.2781981642245414, 0.6524563681845766, -0.888771225694418, 0.5310748246248265]",28.93162990360553,1.9125579012314067
"[0.2781915922030907, 0.6524565275298274, -0.8887719429007458, 0.5310742811369019]",28.931671234745508,1.9126207337128034
"[0.2781850197910288, 0.6524566869601729, -0.8887726602208547, 0.5310737374889976]",28.931712565551106,1.9126835661941997
"[0.27817844719797674, 0.6524568464705292, -0.8887733776318757, 0.5310731936984451]",28.931753901532193,1.9127463986755964
"[0.2781718743584991, 0.6524570060624891, -0.8887740951409565, 0.5310726497598175]",28.931795233966337,1.912809231156993
"[0.27816530226394215, 0.6524571657119742, -0.8887748126398707, 0.5310721057551646]",28.931836569618977,1.9128720636383896
"[0.27815872989398466, 0.6524573254437608, -0.8887755302400006, 0.531071561600042]",28.931877907513453,1.9129348961197863
"[0.2781521568988407, 0.6524574852663655, -0.8887762479795515, 0.531071017265459]",28.93191924535332,1.912997728601183
"[0.27814558379380344, 0.6524576451672706, -0.8887769658022662, 0.5310704727940667]",28.931960584869074,1.9130605610825793
"[0.27813901147157294, 0.6524578051247463, -0.8887776836106444, 0.531069928259828]",28.932001927072804,1.913123393563976
"[0.27813244002181325, 0.6524579651365853, -0.8887784013948652, 0.5310693836702134]",28.932043267058585,1.9131862260453727
"[0.2781258669476418, 0.6524581252635882, -0.8887791194276689, 0.5310688388182879]",28.932084612067232,1.9132490585267692
"[0.2781192932948646, 0.6524582854803248, -0.8887798375948472, 0.5310682937906619]",28.932125957304173,1.913311891008166
"[0.27811272124363545, 0.6524584457336372, -0.8887805556582025, 0.5310677487681262]",28.93216730242514,1.9133747234895626
"[0.27810614864955036, 0.6524586060758004, -0.8887812738520133, 0.5310672035728673]",28.932208651338357,1.9134375559709589
"[0.2780995763776305, 0.6524587664857056, -0.8887819920817618, 0.5310666582766413]",28.93225000000802,1.9135003884523556
"[0.2780930033032782, 0.6524589269908102, -0.8887827104703516, 0.5310661127861223]",28.93229134845955,1.9135632209337523
"[0.2780864304951311, 0.6524590875650347, -0.8887834289009964, 0.5310655671899696]",28.932332701270468,1.913626053415149
"[0.27807985793599727, 0.6524592482087858, -0.888784147375566, 0.5310650214867728]",28.932374052141288,1.9136888858965455
"[0.2780732847060451, 0.6524594089445521, -0.8887848659946163, 0.5310644756001462]",28.932415405703143,1.9137517183779422
"[0.2780667119721895, 0.6524595697438077, -0.8887855846305761, 0.5310639296269836]",28.932456760069012,1.913814550859339
"[0.27806013883400826, 0.6524597306285608, -0.8887863033818914, 0.5310633834925121]",28.932498115721263,1.9138773833407352
"[0.27805356712370355, 0.6524598915539652, -0.8887870220481988, 0.5310628373489681]",28.932539472586118,1.913940215822132
"[0.2780469935236491, 0.6524600526012625, -0.8887877409923123, 0.5310622909206315]",28.932580833107505,1.9140030483035286
"[0.2780404211506865, 0.6524602136941051, -0.8887884598733578, 0.5310617444665653]",28.93262219150661,1.9140658807849251
"[0.2780338481322602, 0.6524603748783826, -0.8887891788961427, 0.5310611978310884]",28.9326635525587,1.9141287132663218
"[0.2780272751204429, 0.6524605361381054, -0.8887898979893465, 0.5310606510684209]",28.93270491523933,1.9141915457477185
"[0.2780207019779724, 0.6524606974766498, -0.8887906171679865, 0.5310601041671295]",28.932746278660456,1.9142543782291148
"[0.278014129274598, 0.6524608588800207, -0.8887913363697196, 0.5310595571746306]",28.932787643632697,1.9143172107105115
"[0.2780075559534925, 0.6524610203741784, -0.8887920557101877, 0.5310590100029595]",28.932829009079075,1.9143800431919082
"[0.278000983223511, 0.65246118192942, -0.888792775057101, 0.5310584627527427]",28.932870379245443,1.9144428756733047
"[0.2779944099766754, 0.6524613435729781, -0.8887934945317189, 0.5310579153317289]",28.932911747744864,1.9145057081547014
"[0.2779878373293501, 0.6524615052773977, -0.888794214011848, 0.5310573678328885]",28.93295311680567,1.9145685406360982
"[0.2779812639485018, 0.6524616670754753, -0.8887949336434101, 0.5310568201451762]",28.932994486691022,1.9146313731174944
"[0.2779746911359074, 0.652461828935176, -0.8887956532838919, 0.531056272377041]",28.93303586034766,1.9146942055988911
"[0.2779681179473359, 0.6524619908797361, -0.8887963730366721, 0.5310557244498106]",28.933077233617244,1.9147570380802879
"[0.2779615450399231, 0.6524621528929783, -0.8887970928297952, 0.5310551764182425]",28.93311860779741,1.9148198705616846
"[0.2779549719225598, 0.6524623149870042, -0.8887978127170393, 0.5310546282413913]",28.933159984181096,1.914882703043081
"[0.2779483990167167, 0.6524624771514133, -0.8887985326522445, 0.5310540799544121]",28.93320136081017,1.9149455355244778
"[0.27794182543829776, 0.6524626394080288, -0.8887992527322524, 0.5310535314835351]",28.93324274177818,1.9150083680058745
"[0.27793525263409785, 0.6524628017211519, -0.8887999727985753, 0.5310529829494585]",28.93328412048629,1.9150712004872708
"[0.2779286791195644, 0.6524629641273975, -0.8888006930138493, 0.5310524342283403]",28.933325501862132,1.9151340329686675
"[0.277922105718857, 0.6524631266064602, -0.8888014132877833, 0.5310518853889005]",28.933366885868733,1.9151968654500644
"[0.2779155326760665, 0.6524632891522704, -0.8888021335936237, 0.5310513364515644]",28.933408266768108,1.9152596979314607
"[0.27790895907850804, 0.6524634517874149, -0.8888028540313881, 0.5310507873400847]",28.933449653450943,1.9153225304128574
"[0.2779023862895858, 0.6524636144781513, -0.8888035744516485, 0.5310502381683637]",28.933491038136484,1.915385362894254
"[0.27789581298492655, 0.6524637772572562, -0.8888042949995588, 0.5310496888257499]",28.933532426038493,1.9154481953756506
"[0.2778892390527732, 0.6524639401275142, -0.8888050156873867, 0.5310491393028716]",28.933573816179326,1.9155110278570473
"[0.27788266589311056, 0.6524641030542561, -0.8888057363616502, 0.531048589716733]",28.93361520505969,1.915573860338444
"[0.2778760923034627, 0.6524642660672385, -0.8888064571541833, 0.5310480399668542]",28.933656596457837,1.9156366928198403
"[0.27786951950366406, 0.6524644291362264, -0.8888071779312225, 0.5310474901552317]",28.93369799035057,1.915699525301237
"[0.2778629460752899, 0.6524645922964198, -0.8888078988483094, 0.5310469401632015]",28.933739380961814,1.9157623577826337
"[0.2778563723885395, 0.6524647555386347, -0.8888086198648566, 0.5310463900217217]",28.933780776151572,1.9158251902640304
"[0.27784979924616665, 0.652464918842933, -0.8888093408928115, 0.531045839797977]",28.93382217526595,1.915888022745427
"[0.2778432251904175, 0.6524650822455293, -0.8888100620920834, 0.5310452893699383]",28.93386357113383,1.9159508552268236
"[0.2778366520587187, 0.6524652457007604, -0.888810783261099, 0.5310447388914363]",28.933904970546198,1.9160136877082203
"[0.27783007851770486, 0.6524654092417702, -0.8888115045461382, 0.5310441882508226]",28.933946373709915,1.9160765201896166
"[0.27782350479605394, 0.6524655728628798, -0.8888122259221173, 0.5310436374672327]",28.933987771422366,1.9161393526710133
"[0.27781693110363065, 0.6524657365588704, -0.8888129473660077, 0.53104308655824]",28.934029174496146,1.91620218515241
"[0.27781035785593655, 0.6524659003193771, -0.8888136688322013, 0.531042535558688]",28.934070578674408,1.9162650176338065
"[0.2778037840702381, 0.6524660641688935, -0.8888143904285603, 0.5310419843861831]",28.93411198453981,1.9163278501152032
"[0.27779721035443306, 0.6524662280922712, -0.8888151120883638, 0.5310414330916827]",28.934153390341418,1.9163906825966
"[0.2777906366349387, 0.6524663920913445, -0.8888158338196865, 0.531040881669014]",28.934194796919645,1.9164535150779962
"[0.2777840631377337, 0.6524665561604696, -0.888816555597714, 0.5310403301371387]",28.934236207147013,1.916516347559393
"[0.27777749003643754, 0.6524667202953034, -0.8888172774033712, 0.5310397785106377]",28.93427761827583,1.9165791800407896
"[0.27777091513289953, 0.6524668845507569, -0.8888179994780635, 0.5310392266049971]",28.93431902697767,1.9166420125221861
"[0.2777643422390839, 0.6524670488315968, -0.888818721403145, 0.5310386747401992]",28.93436044229848,1.9167048450035828
"[0.27775776842211825, 0.6524672132111095, -0.8888194435007253, 0.5310381226700237]",28.934401856084612,1.9167676774849796
"[0.27775119450217267, 0.6524673776687904, -0.8888201656807291, 0.5310375704633326]",28.934443270656494,1.9168305099663758
"[0.2777446210138532, 0.6524675421912741, -0.8888208878844202, 0.5310370181650217]",28.934484686777477,1.9168933424477725
"[0.2777380468832213, 0.6524677068054356, -0.8888216102297899, 0.5310364656848593]",28.934526104507096,1.9169561749291693
"[0.27773147295721573, 0.6524678714900753, -0.8888223326237858, 0.5310359130940044]",28.934567525852877,1.917019007410566
"[0.27772489916499093, 0.6524680362469621, -0.8888230550741859, 0.5310353603865091]",28.934608943201333,1.9170818398919625
"[0.2777183250788216, 0.6524682010868171, -0.888823777627998, 0.5310348075264053]",28.9346503649764,1.9171446723733592
"[0.27771175111019114, 0.6524683659993263, -0.8888245002399983, 0.5310342545482889]",28.934691787416163,1.9172075048547559
"[0.27770517739526557, 0.6524685309810653, -0.8888252228952115, 0.5310337014636228]",28.934733210365806,1.9172703373361522
"[0.27769860391855805, 0.6524686960324135, -0.8888259455953316, 0.5310331482711174]",28.934774637766324,1.9173331698175489
"[0.2776920297665516, 0.652468861176316, -0.8888266684407978, 0.5310325948938781]",28.934816064127645,1.9173960022989456
"[0.2776854558785367, 0.6524690263891849, -0.8888273913283384, 0.5310320414109547]",28.93485749352843,1.917458834780342
"[0.27767888198015994, 0.6524691916779057, -0.8888281142881167, 0.5310314877992581]",28.9348989189862,1.9175216672617388
"[0.27767230742113047, 0.6524693570588526, -0.8888288373916575, 0.5310309340039878]",28.934940351295744,1.9175844997431355
"[0.27766573352083307, 0.6524695224988325, -0.8888295604938466, 0.5310303801362813]",28.93498178232496,1.9176473322245318
"[0.277659159374312, 0.652469688020567, -0.8888302836942208, 0.5310298261199584]",28.935023215195784,1.9177101647059285
"[0.2776525854072707, 0.6524698536134182, -0.8888310069459446, 0.5310292719907922]",28.935064649527007,1.9177729971873252
"[0.2776460111590859, 0.6524700192889135, -0.8888317302996998, 0.5310287177100441]",28.935106084629204,1.9178358296687217
"[0.27763943641761596, 0.6524701850524635, -0.8888324537788361, 0.5310281632597399]",28.93514752259654,1.9178986621501184
"[0.27763286346424854, 0.6524703508465197, -0.8888331771322899, 0.5310276088323135]",28.935188960109368,1.917961494631515
"[0.2776262885424127, 0.6524705167658115, -0.8888339007734753, 0.5310270541109247]",28.93523039821478,1.9180243271129118
"[0.27761971458074636, 0.6524706827364743, -0.8888346243800777, 0.5310264993426005]",28.935271836694618,1.918087159594308
"[0.27761314021060074, 0.6524708487930468, -0.8888353481027361, 0.531025944411862]",28.935313278852554,1.9181499920757048
"[0.2776065661213401, 0.652471014918116, -0.888836071865566, 0.531025389376894]",28.93535472274407,1.9182128245571015
"[0.27759999123301293, 0.6524711811389818, -0.8888367957874688, 0.5310248341464993]",28.935396168213103,1.918275657038498
"[0.2775934177668218, 0.652471347399478, -0.8888375196238695, 0.5310242789082681]",28.935437611659225,1.9183384895198947
"[0.27758684305508147, 0.6524715137670739, -0.8888382436685168, 0.5310237234368724]",28.935479059812497,1.9184013220012914
"[0.27758026890031107, 0.6524716801961682, -0.8888389677229166, 0.5310231678845799]",28.93552050922711,1.9184641544826877
"[0.2775736949317394, 0.6524718466961409, -0.8888396918278909, 0.531022612220068]",28.93556195762343,1.9185269869640844
"[0.27756712055746446, 0.6524720132819797, -0.8888404160486385, 0.5310220563933057]",28.9356034055429,1.9185898194454811
"[0.2775605457377907, 0.6524721799546843, -0.8888411403895459, 0.5310215004009347]",28.93564485791329,1.9186526519268776
"[0.2775539711304954, 0.6524723466976312, -0.8888418647781472, 0.5310209442985109]",28.93568631132094,1.9187154844082743
"[0.277547396701997, 0.6524725135116072, -0.8888425892181371, 0.5310203880832739]",28.935727766248103,1.918778316889671
"[0.27754082224856963, 0.6524726804018243, -0.8888433137319587, 0.5310198317379327]",28.935769220852144,1.9188411493710673
"[0.27753424789681835, 0.6524728473650455, -0.8888440383056583, 0.5310192752732272]",28.935810678424083,1.918903981852464
"[0.27752767319082966, 0.6524730144128612, -0.8888447629894856, 0.5310187186505485]",28.935852135353013,1.9189668143338607
"[0.2775210987632486, 0.6524731815291906, -0.8888454877137092, 0.5310181619234609]",28.93589359349726,1.9190296468152572
"[0.2775145244380213, 0.6524733487185072, -0.8888462124977284, 0.5310176050770583]",28.935935054668054,1.919092479296654
"[0.277507949540648, 0.6524735159979687, -0.88884693741591, 0.5310170480541977]",28.93597651764492,1.9191553117780507
"[0.27750137537771585, 0.6524736833343296, -0.8888476623241913, 0.5310164909655742]",28.93601797968255,1.9192181442594474
"[0.2774948003652122, 0.6524738507679085, -0.8888483873972364, 0.5310159336769569]",28.936059443537264,1.9192809767408436
"[0.2774882266697072, 0.6524740182435272, -0.8888491123961139, 0.5310153763719885]",28.936100910865036,1.9193438092222406
"[0.2774816510922819, 0.6524741858426911, -0.888849837673633, 0.5310148187794541]",28.936142374824524,1.9194066417036373
"[0.2774750765840887, 0.652474353490195, -0.888850562904298, 0.5310142611495778]",28.93618384260333,1.9194694741850336
"[0.27746850178653465, 0.6524745212206694, -0.8888512882379607, 0.5310137033671455]",28.936225314479778,1.9195323066664303
"[0.2774619271832361, 0.6524746890217715, -0.8888520136212684, 0.5310131454731888]",28.93626678469897,1.919595139147827
"[0.2774553521460526, 0.6524748569095431, -0.8888527391235277, 0.5310125874143887]",28.936308254964995,1.9196579716292235
"[0.2774487776536887, 0.6524750248589882, -0.8888534646367435, 0.5310120292738176]",28.936349729980897,1.9197208041106202
"[0.2774422023388417, 0.6524751929050528, -0.8888541903118032, 0.531011470935372]",28.936391203233676,1.919783636592017
"[0.2774356282755052, 0.6524753609946873, -0.8888549159198084, 0.5310109125752177]",28.936432677467145,1.9198464690734132
"[0.2774290527626119, 0.6524755291969927, -0.8888556417588871, 0.5310103539638915]",28.936474154378484,1.9199093015548099
"[0.27742247857702945, 0.6524756974409253, -0.8888563675225158, 0.5310097953373066]",28.936515632561832,1.9199721340362066
"[0.27741590317454035, 0.6524758657916002, -0.888857093491563, 0.5310092364792662]",28.936557114776082,1.920034966517603
"[0.27740932813679037, 0.6524760342085327, -0.8888578194914162, 0.5310086775241744]",28.936598592552766,1.9200977989989998
"[0.27740275315913365, 0.6524762026994879, -0.8888585455557078, 0.5310081184461808]",28.936640075466542,1.9201606314803965
"[0.2773961789358531, 0.6524763712467049, -0.8888592716077526, 0.5310075593042861]",28.93668155821115,1.9202234639617928
"[0.27738960384890754, 0.6524765398916457, -0.8888599978262474, 0.531006999960896]",28.93672304099923,1.9202862964431895
"[0.2773830285771172, 0.6524767086169215, -0.8888607241362317, 0.5310064404737191]",28.936764526305158,1.9203491289245862
"[0.27737645375730907, 0.6524768774061841, -0.8888614504673558, 0.5310058808969503]",28.936806015528866,1.920411961405983
"[0.2773698784982821, 0.6524770462823128, -0.888862176918071, 0.5310053211547362]",28.936847504055404,1.9204747938873794
"[0.27736330355573147, 0.6524772152258955, -0.8888629034048866, 0.5310047613114082]",28.936888990208693,1.9205376263687761
"[0.27735672833567737, 0.652477384252204, -0.8888636299934314, 0.5310042013163752]",28.936930482888993,1.9206004588501728
"[0.27735015336755825, 0.6524775533476085, -0.8888643566252007, 0.5310036412147496]",28.93697197652209,1.920663291331569
"[0.2773435778228732, 0.65247772253344, -0.8888650833917587, 0.5310030809359186]",28.93701346807914,1.9207261238129658
"[0.27733700295224045, 0.6524778917775244, -0.8888658101548775, 0.5310025205864363]",28.93705496396298,1.9207889562943625
"[0.27733042757011445, 0.6524780611103314, -0.8888665370456011, 0.5310019600653192]",28.937096457985334,1.920851788775759
"[0.2773238526415536, 0.6524782305070558, -0.8888672639572426, 0.5310013994547728]",28.93713795436139,1.9209146212571557
"[0.2773172776683753, 0.6524783999805148, -0.8888679909448728, 0.5310008387123418]",28.937179453095183,1.9209774537385524
"[0.27731070218739023, 0.6524785695426386, -0.888868718059715, 0.5310002777985262]",28.937220952040157,1.9210402862199487
"[0.27730412696150175, 0.6524787391737926, -0.888869445217407, 0.5309997167783519]",28.937262454519214,1.9211031187013454
"[0.2772975513052999, 0.6524789088916019, -0.8888701724937552, 0.5309991555934037]",28.937303956347208,1.9211659511827421
"[0.2772909768089265, 0.6524790786550659, -0.8888708997128715, 0.530998594379341]",28.937345456514723,1.9212287836641386
"[0.27728440080574107, 0.652479248533034, -0.8888716271697237, 0.5309980329085368]",28.937386962374298,1.9212916161455353
"[0.27727782536334306, 0.6524794184720943, -0.8888723546356023, 0.5309974713575143]",28.93742846792235,1.921354448626932
"[0.2772712503569356, 0.6524795884754687, -0.8888730821242968, 0.5309969097156247]",28.937469976222218,1.9214172811083288
"[0.2772646748002844, 0.6524797585686547, -0.8888738097449289, 0.5309963478986226]",28.937511484165526,1.921480113589725
"[0.27725809901438464, 0.6524799287433597, -0.8888745374619906, 0.5309957859339114]",28.937552994049884,1.9215429460711217
"[0.27725152366551054, 0.6524800989823383, -0.8888752652017431, 0.5309952238784325]",28.93759450369523,1.9216057785525185
"[0.2772449484800162, 0.6524802692926646, -0.8888759929944613, 0.5309946617088095]",28.93763601319777,1.921668611033915
"[0.2772383728050054, 0.6524804396912538, -0.8888767209124182, 0.5309940993692095]",28.93767752897236,1.9217314435153117
"[0.2772317975974203, 0.6524806101533083, -0.8888774488496801, 0.5309935369414658]",28.93771904126521,1.9217942759967084
"[0.2772252216032007, 0.6524807807113437, -0.8888781769450869, 0.530992974318298]",28.93776056031884,1.9218571084781046
"[0.2772186468237976, 0.6524809513134435, -0.8888789049770295, 0.530992411670952]",28.937802076713275,1.9219199409595014
"[0.2772120709438534, 0.6524811220196796, -0.8888796332018872, 0.5309918488012932]",28.937843592771138,1.921982773440898
"[0.27720549466361866, 0.652481292811903, -0.8888803615421357, 0.5309912857692097]",28.93788511470163,1.9220456059222946
"[0.27719891934484603, 0.6524814636547376, -0.8888810898469469, 0.5309907226913024]",28.937926633886626,1.9221084384036913
"[0.2771923440647503, 0.652481634572137, -0.8888818182185148, 0.5309901594885805]",28.937968155901995,1.922171270885088
"[0.2771857684867466, 0.6524818055728618, -0.8888825466941268, 0.5309895961321959]",28.938009680513392,1.9222341033664843
"[0.2771791925150511, 0.6524819766594028, -0.8888832752844048, 0.5309890326139326]",28.938051205595446,1.922296935847881
"[0.2771726167336129, 0.6524821478165808, -0.8888840039246514, 0.5309884689838104]",28.93809273024714,1.9223597683292777
"[0.2771660415956049, 0.6524823190325845, -0.8888847325646375, 0.5309879052806951]",28.938134256873234,1.9224226008106742
"[0.2771594648390189, 0.6524824903663222, -0.8888854614550477, 0.530987341310641]",28.938175783832772,1.9224854332920709
"[0.2771528897138696, 0.6524826617331362, -0.8888861902356867, 0.530986777352328]",28.938217316107572,1.9225482657734676
"[0.27714631272370915, 0.6524828332241537, -0.8888869192941009, 0.5309862131058564]",28.938258846752976,1.9226110982548643
"[0.2771397371975963, 0.6524830047525778, -0.8888876482612694, 0.5309856488568149]",28.938300376672753,1.9226739307362606
"[0.27713316123246556, 0.6524831763680341, -0.8888883773481496, 0.5309850844419269]",28.938341911031902,1.9227367632176573
"[0.27712658544473096, 0.6524833480544375, -0.8888891064864008, 0.5309845199140929]",28.938383446124625,1.922799595699054
"[0.2771200102179963, 0.6524835198017623, -0.8888898356334769, 0.530983955306259]",28.938424982034984,1.9228624281804505
"[0.27711343472791045, 0.6524836916315375, -0.8888905648807844, 0.5309833905476433]",28.938466517673803,1.9229252606618472
"[0.2771068578708775, 0.652483863572613, -0.8888912943507447, 0.5309828255434298]",28.938508058016712,1.922988093143244
"[0.27710028246712687, 0.652484035551279, -0.8888920237305472, 0.5309822605358704]",28.93854959612477,1.9230509256246402
"[0.2770937060709509, 0.6524842076314779, -0.8888927532914767, 0.5309816953148432]",28.93859113628661,1.923113758106037
"[0.2770871294982853, 0.6524843797918836, -0.888893482943033, 0.5309811299504327]",28.938632680075294,1.9231765905874336
"[0.2770805545056674, 0.6524845519864941, -0.8888942124903095, 0.5309805645936749]",28.93867422461372,1.9232394230688301
"[0.2770739775815306, 0.6524847243072759, -0.8888949423229469, 0.5309799989426174]",28.938715767387396,1.9233022555502268
"[0.2770674019040077, 0.6524848966709661, -0.8888956720882817, 0.5309794332705795]",28.93875731336657,1.9233650880316235
"[0.277060825467011, 0.6524850691301463, -0.8888964020089398, 0.5309788674049917]",28.938798859574,1.9234279205130198
"[0.27705424963538056, 0.6524852416490263, -0.888897131933438, 0.5309783014632847]",28.938840409134947,1.9234907529944165
"[0.27704767276066267, 0.6524854142708585, -0.8888978620447627, 0.5309777353035738]",28.93888195961869,1.9235535854758135
"[0.27704109750993366, 0.6524855869256316, -0.8888985920468261, 0.530977169155463]",28.938923507691435,1.9236164179572102
"[0.27703452080390634, 0.6524857596942019, -0.8888993222814949, 0.5309766027538154]",28.93896506182176,1.9236792504386064
"[0.2770279445913446, 0.6524859325253963, -0.8889000525324046, 0.5309760362664268]",28.9390066170004,1.9237420829200031
"[0.2770213684963697, 0.652486105429043, -0.8889007828412854, 0.5309754696609815]",28.939048170039747,1.9238049154013999
"[0.2770147923592153, 0.6524862784093898, -0.888901513225876, 0.5309749029236546]",28.939089726279057,1.9238677478827964
"[0.27700821585264307, 0.6524864514750305, -0.8889022437225271, 0.5309743360262534]",28.939131284124134,1.923930580364193
"[0.27700163969670677, 0.6524866246070197, -0.8889029742512571, 0.5309737690308408]",28.93917284204105,1.9239934128455898
"[0.27699506361919796, 0.6524867978125123, -0.8889037048422963, 0.5309732019139611]",28.93921440257644,1.924056245326986
"[0.2769884863575944, 0.652486971124791, -0.8889044356359252, 0.5309726345666862]",28.93925596328017,1.9241190778083828
"[0.2769819102988795, 0.6524871444809323, -0.8889051663669284, 0.5309720671949444]",28.93929752445463,1.9241819102897795
"[0.2769753334838773, 0.6524873179325941, -0.888905897252999, 0.5309714996296875]",28.939339089205586,1.924244742771176
"[0.27696875727547376, 0.6524874914438344, -0.8889066281426806, 0.5309709319885236]",28.939380652191648,1.9243075752525727
"[0.2769621809235608, 0.652487665034431, -0.8889073591193319, 0.5309703642067234]",28.9394222166572,1.9243704077339694
"[0.27695560432642263, 0.6524878387070763, -0.8889080901942654, 0.5309697962754879]",28.939463783527827,1.9244332402153657
"[0.2769490276338084, 0.6524880124578212, -0.8889088213508378, 0.5309692282077372]",28.939505354094432,1.9244960726967624
"[0.27694245098112225, 0.6524881862830962, -0.888909552573995, 0.5309686600151542]",28.939546923888745,1.924558905178159
"[0.27693587505536676, 0.6524883601647061, -0.8889102837873405, 0.5309680917571404]",28.93958849598063,1.9246217376595556
"[0.27692929829511803, 0.6524885341439632, -0.8889110151644967, 0.5309675232987312]",28.93963006857429,1.9246845701409523
"[0.27692272132836293, 0.6524887082042612, -0.8889117466356442, 0.5309669546941878]",28.93967164228709,1.924747402622349
"[0.27691614471632137, 0.6524888823307655, -0.8889124781383604, 0.5309663859920049]",28.9397132158718,1.9248102351037457
"[0.2769095677775614, 0.6524890565414634, -0.8889132097484417, 0.5309658171333206]",28.939754790366646,1.924873067585142
"[0.27690299123482975, 0.652489230817281, -0.8889139413854833, 0.5309652481805592]",28.93979636891425,1.9249359000665387
"[0.2768964149045792, 0.6524894051629939, -0.8889146730698989, 0.5309646791179513]",28.939837946866888,1.9249987325479354
"[0.27688983796180633, 0.6524895796005734, -0.888915404893478, 0.5309641098739792]",28.939879526791643,1.925061565029332
"[0.2768832610152106, 0.6524897541137665, -0.888916136788506, 0.5309635405014517]",28.939921108088676,1.9251243975107286
"[0.27687668424696166, 0.6524899286978466, -0.8889168687346997, 0.5309629710160063]",28.93996269046384,1.9251872299921253
"[0.2768701075055472, 0.6524901033567512, -0.888917600748922, 0.5309624014046258]",28.940004273890544,1.9252500624735216
"[0.27686353175053624, 0.6524902780650331, -0.8889183327243482, 0.5309618317503793]",28.940045857411345,1.9253128949549183
"[0.2768569530786323, 0.6524904529264162, -0.8889190650955027, 0.5309612617150836]",28.940087443765787,1.925375727436315
"[0.2768503766219047, 0.6524906278044807, -0.8889197972910676, 0.5309606917434296]",28.94012903012129,1.9254385599177115
"[0.2768437992643488, 0.652490802782082, -0.8889205296579431, 0.5309601215653705]",28.940170618562515,1.9255013923991082
"[0.2768372227586476, 0.652490977812597, -0.888921262000973, 0.5309595513328353]",28.940212209427333,1.925564224880505
"[0.2768306461811407, 0.6524911529205719, -0.8889219944230016, 0.5309589809657829]",28.940253799047955,1.9256270573619012
"[0.2768240692075945, 0.6524913281146665, -0.888922726960143, 0.530958410436054]",28.940295393940563,1.925689889843298
"[0.2768174920324607, 0.6524915033897057, -0.888923459590748, 0.5309578397605028]",28.940336987265,1.9257527223246946
"[0.2768109150694837, 0.6524916787346648, -0.8889241922687289, 0.5309572689750237]",28.940378581132826,1.9258155548060911
"[0.2768043380411435, 0.6524918541569316, -0.8889249250249975, 0.5309566980555438]",28.940420177561283,1.9258783872874878
"[0.27679776136536827, 0.65249202964536, -0.8889256578129865, 0.530956127038339]",28.940461774237072,1.9259412197688845
"[0.27679118411151565, 0.6524922052247853, -0.8889263907363922, 0.530955555842599]",28.940503373063418,1.9260040522502813
"[0.27678460652251263, 0.6524923808887364, -0.8889271237681582, 0.5309549844893926]",28.940544973716108,1.9260668847316775
"[0.2767780301152454, 0.6524925565966873, -0.8889278567392217, 0.5309544131105043]",28.940586571301303,1.9261297172130742
"[0.2767714527005535, 0.6524927324071319, -0.8889285898935706, 0.5309538415157269]",28.940628175200974,1.926192549694471
"[0.2767648749671293, 0.6524929083016637, -0.888929323154461, 0.5309532697648925]",28.94066977996549,1.9262553821758674
"[0.2767582975639228, 0.652493084262946, -0.8889300564495478, 0.5309526979143867]",28.940711382980748,1.9263182146572642
"[0.2767517201377738, 0.652493260300416, -0.8889307898181977, 0.5309521259335165]",28.94075299321556,1.9263810471386609
"[0.2767451427386925, 0.6524934364127363, -0.8889315232548336, 0.5309515538266266]",28.940794598189335,1.9264438796200571
"[0.2767385658517444, 0.6524936125869052, -0.8889322567053568, 0.5309509816359268]",28.940836206972477,1.9265067121014539
"[0.27673198848286235, 0.6524937888495561, -0.8889329902806227, 0.5309504092749231]",28.9408778158992,1.9265695445828506
"[0.2767254114336688, 0.6524939651791957, -0.8889337238912289, 0.5309498368133815]",28.9409194275256,1.926632377064247
"[0.27671883296504896, 0.65249414162248, -0.8889344577311733, 0.5309492640998817]",28.94096104104563,1.9266952095456438
"[0.27671225594341897, 0.6524943181025235, -0.8889351914807007, 0.530948691383972]",28.94100265491794,1.9267580420270405
"[0.2767056787262742, 0.6524944946633755, -0.8889359253230316, 0.5309481185226625]",28.94104426924342,1.9268208745084368
"[0.2766991008396896, 0.6524946713177749, -0.8889366593110569, 0.5309475454746445]",28.941085884376196,1.9268837069898335
"[0.2766925235612624, 0.6524948480314057, -0.888937393302216, 0.5309469723512211]",28.941127503298432,1.9269465394712302
"[0.27668594671162483, 0.652495024809096, -0.8889381273165066, 0.5309463991367578]",28.94116912292875,1.927009371952627
"[0.2766793686631462, 0.6524952016945401, -0.8889388615355962, 0.5309458256894526]",28.941210739919892,1.9270722044340234
"[0.276672790669907, 0.6524953786540991, -0.8889395958195226, 0.5309452521185163]",28.941252360498645,1.92713503691542
"[0.27666621355753745, 0.6524955556655233, -0.8889403300761081, 0.530944678495992]",28.941293986052454,1.9271978693968168
"[0.27665963539303606, 0.6524957327808397, -0.8889410645211501, 0.5309441046532839]",28.941335608554763,1.927260701878213
"[0.2766530581937006, 0.6524959099457309, -0.8889417989294203, 0.5309435307663692]",28.94137723434659,1.9273235343596098
"[0.27664648058070734, 0.6524960871973295, -0.8889425334548671, 0.5309429567149504]",28.9414188582674,1.9273863668410067
"[0.2766399028234086, 0.6524962645283966, -0.8889432680674196, 0.5309423825225027]",28.94146048712034,1.927449199322403
"[0.2766333254997704, 0.6524964419233126, -0.8889440027025249, 0.5309418082395256]",28.941502113258935,1.9275120318037997
"[0.27662674746742694, 0.6524966194129244, -0.8889447374877786, 0.5309412337662244]",28.941543743881244,1.9275748642851964
"[0.27662016969157116, 0.6524967969711843, -0.8889454723153719, 0.5309406591868916]",28.941585375210174,1.9276376967665927
"[0.2766135919333137, 0.6524969746045417, -0.8889462072119868, 0.5309400844806568]",28.94162700931711,1.9277005292479896
"[0.27660701399748505, 0.6524971523182509, -0.8889469421994298, 0.5309395096304839]",28.94166864190538,1.9277633617293863
"[0.27660043651201377, 0.6524973300953613, -0.8889476772075333, 0.5309389346912297]",28.941710275210603,1.9278261942107826
"[0.27659385818003507, 0.6524975079709237, -0.8889484123812219, 0.5309383595495296]",28.941751914074782,1.9278890266921793
"[0.27658728082246475, 0.6524976858956986, -0.8889491475169926, 0.5309377843645873]",28.94179355188105,1.927951859173576
"[0.27658070276077323, 0.6524978639150876, -0.8889498828024452, 0.5309372089896207]",28.941835187794222,1.9280146916549725
"[0.2765741250204486, 0.6524980420013423, -0.8889506181229574, 0.5309366335143169]",28.94187682919649,1.9280775241363692
"[0.276567547039665, 0.6524982201696737, -0.8889513535413323, 0.5309360578895206]",28.94191847225643,1.928140356617766
"[0.2765609681748139, 0.6524983984375313, -0.8889520891295428, 0.5309354820588769]",28.94196011320192,1.9282031890991627
"[0.2765543901744827, 0.6524985767575338, -0.8889528246920767, 0.530934906175432]",28.942001757638117,1.928266021580559
"[0.27654781289613467, 0.6524987551335172, -0.8889535602448461, 0.530934330226751]",28.942043401711633,1.9283288540619556
"[0.27654123398167757, 0.6524989336294479, -0.8889542960515752, 0.5309337540063154]",28.942085048768178,1.9283916865433524
"[0.27653465644335906, 0.6524991121636043, -0.8889550317753675, 0.5309331777779439]",28.942126694900423,1.9284545190247488
"[0.2765280785724359, 0.6524992907823448, -0.8889557676073354, 0.5309326013919736]",28.942168342566507,1.9285173515061456
"[0.27652149945397886, 0.6524994695105426, -0.8889565036498512, 0.5309320247681824]",28.94220999424911,1.9285801839875423
"[0.2765149221768149, 0.6524996482642764, -0.8889572395573396, 0.5309314481773034]",28.94225164553546,1.9286430164689385
"[0.2765083440798438, 0.6524998271158479, -0.8889579756275243, 0.5309308713860839]",28.942293298393736,1.9287058489503353
"[0.2765017656627278, 0.6525000060516923, -0.8889587118045109, 0.5309302944382982]",28.94233495152582,1.928768681431732
"[0.27649518701152087, 0.6525001850694775, -0.8889594480786773, 0.5309297173414755]",28.94237660584373,1.9288315139131285
"[0.2764886091458677, 0.6525003641414475, -0.8889601843358963, 0.5309291401850739]",28.942418262919173,1.9288943463945252
"[0.2764820304046423, 0.6525005433128355, -0.8889609207620961, 0.530928562823325]",28.94245991942722,1.9289571788759219
"[0.2764754524144676, 0.6525007225393037, -0.8889616571751953, 0.5309279853990251]",28.942501578134337,1.9290200113573182
"[0.27646887370954853, 0.6525009018608261, -0.8889623937392871, 0.5309274077834573]",28.94254324012805,1.9290828438387149
"[0.2764622952349673, 0.6525010812516407, -0.8889631303485658, 0.5309268300595938]",28.9425849012698,1.9291456763201116
"[0.27645571747982045, 0.6525012606983897, -0.8889638669482495, 0.5309262522704183]",28.94262656266209,1.9292085088015083
"[0.2764491388736683, 0.652501440243932, -0.8889646037142008, 0.5309256742779586]",28.94266822619205,1.9292713412829048
"[0.27644256001274214, 0.6525016198719736, -0.8889653405796649, 0.530925096134614]",28.942709890911644,1.9293341737643015
"[0.2764359819064817, 0.652501799554988, -0.8889660774315679, 0.5309245179290507]",28.94275155855614,1.9293970062456982
"[0.2764294035988295, 0.6525019793190542, -0.8889668143769935, 0.5309239395772775]",28.942793224694828,1.9294598387270945
"[0.27642282508299204, 0.6525021591643725, -0.8889675514167087, 0.5309233610786731]",28.942834892577128,1.9295226712084912
"[0.27641624619532285, 0.6525023390954284, -0.8889682885690556, 0.5309227824188252]",28.942876563389177,1.929585503689888
"[0.2764096672957598, 0.6525025191023842, -0.8889690257937092, 0.5309222036293776]",28.942918232481087,1.9296483361712844
"[0.2764030887387894, 0.6525026991755212, -0.8889697630509398, 0.5309216247415405]",28.942959907709458,1.929711168652681
"[0.27639651017424643, 0.6525028793244319, -0.888970500379983, 0.5309210457244908]",28.943001582185303,1.9297740011340778
"[0.27638993177911797, 0.6525030595442628, -0.8889712377609981, 0.5309204665938134]",28.94304325638261,1.929836833615474
"[0.2763833526943706, 0.652503239858554, -0.8889719752902833, 0.5309198872738674]",28.943084933898124,1.9298996660968708
"[0.27637677517849357, 0.652503420205394, -0.8889727127146408, 0.5309193079635428]",28.943126608502272,1.9299624985782675
"[0.27637019541054714, 0.6525036006895574, -0.8889734504624579, 0.5309187283262935]",28.94316828732449,1.930025331059664
"[0.276363617059558, 0.6525037812104065, -0.888974188122362, 0.5309181486853216]",28.94320996844215,1.9300881635410607
"[0.2763570381895889, 0.6525039618210648, -0.8889749259114218, 0.5309175688700524]",28.94325164969011,1.9301509960224574
"[0.2763504586249578, 0.6525041425263697, -0.8889756638493586, 0.5309169888649712]",28.943293331080724,1.9302138285038537
"[0.2763438803880658, 0.6525043232707641, -0.8889764017093357, 0.5309164088483754]",28.943335015317242,1.9302766609852504
"[0.27633730166513193, 0.6525045041040708, -0.8889771396947848, 0.5309158286603599]",28.943376701288486,1.9303394934666471
"[0.2763307227688088, 0.6525046850177048, -0.8889778777706424, 0.5309152483284777]",28.943418386612763,1.9304023259480438
"[0.2763241436224011, 0.6525048660137824, -0.8889786159455186, 0.5309146678459483]",28.943460077171952,1.9304651584294403
"[0.2763175645146577, 0.6525050470843632, -0.888979354187018, 0.5309140872382392]",28.94350176542676,1.930527990910837
"[0.27631098603748444, 0.6525052282131413, -0.8889800924287115, 0.5309135065576075]",28.943543453584606,1.9305908233922338
"[0.27630440632899933, 0.6525054094513966, -0.8889808308795485, 0.530912925639678]",28.943585142503416,1.93065365587363
"[0.27629782781774265, 0.6525055907322458, -0.8889815692669686, 0.5309123446988471]",28.94362683674755,1.9307164883550267
"[0.2762912490745087, 0.6525057720950067, -0.888982307751376, 0.5309117636089903]",28.94366853080741,1.9307793208364235
"[0.2762846694747774, 0.652505953556966, -0.8889830464028878, 0.5309111823148461]",28.943710226205813,1.93084215331782
"[0.27627809057431096, 0.652506135075217, -0.8889837850468495, 0.5309106009538579]",28.94375192248815,1.9309049857992167
"[0.27627151107598613, 0.6525063166855001, -0.8889845238288959, 0.5309100194114601]",28.943793620319287,1.9309678182806134
"[0.27626493174223454, 0.6525064983668196, -0.8889852626634188, 0.5309094377549738]",28.9438353198447,1.9310306507620096
"[0.27625835264035775, 0.6525066801172988, -0.8889860015428547, 0.5309088559903709]",28.943877019308367,1.9310934832434064
"[0.2762517736168685, 0.6525068619411726, -0.8889867404844348, 0.5309082741040859]",28.94391871914646,1.931156315724803
"[0.2762451948164061, 0.6525070438344355, -0.8889874794719066, 0.5309076921089202]",28.943960422253618,1.9312191482061996
"[0.2762386155671533, 0.6525072258156572, -0.8889882185807382, 0.5309071099454425]",28.94400212781192,1.9312819806875963
"[0.27623203658440215, 0.6525074078650683, -0.8889889577305751, 0.5309065276769213]",28.94404383265838,1.931344813168993
"[0.2762254564869878, 0.6525075900208955, -0.8889896970766034, 0.5309059451810978]",28.94408553977833,1.9314076456503892
"[0.27621887728809463, 0.6525077722274233, -0.8889904363926228, 0.5309053626361632]",28.94412724769724,1.931470478131786
"[0.2762122979686188, 0.6525079545128283, -0.8889911757931384, 0.5309047799519435]",28.944168956655428,1.9315333106131827
"[0.27620571833600016, 0.6525081368824839, -0.8889919152997953, 0.5309041971113304]",28.944210666147455,1.9315961430945796
"[0.276199138740736, 0.6525083193266706, -0.8889926548732036, 0.5309036141453728]",28.94425237704442,1.9316589755759759
"[0.27619255933279396, 0.652508501841221, -0.8889933944965016, 0.5309030310673676]",28.9442940903803,1.9317218080573726
"[0.2761859796921872, 0.6525086844377894, -0.8889941342169014, 0.5309024478400864]",28.944335802687178,1.9317846405387693
"[0.276179400233283, 0.6525088671048763, -0.8889948739878171, 0.530901864500256]",28.944377518366824,1.9318474730201656
"[0.2761728208493933, 0.652509049845438, -0.8889956138212389, 0.5309012810384232]",28.944419236927242,1.9319103055015625
"[0.2761662411284687, 0.6525092326709224, -0.8889963537635036, 0.5309006974180378]",28.944460952882764,1.9319731379829592
"[0.27615966176915296, 0.6525094155619171, -0.8889970937360416, 0.530900113701066]",28.94450267124579,1.9320359704643555
"[0.2761530821550037, 0.6525095985355617, -0.88899783380818, 0.5308995298328104]",28.944544391516253,1.9320988029457522
"[0.2761465029575237, 0.6525097815731556, -0.888998573904386, 0.5308989458728903]",28.94458611077363,1.932161635427149
"[0.2761399226394246, 0.6525099647175027, -0.8889993141975987, 0.5308983616848055]",28.944627833418455,1.9322244679085454
"[0.276133342811533, 0.6525101479237698, -0.8890000545066069, 0.5308977774115543]",28.944669558584575,1.9322873003899421
"[0.2761267627644191, 0.65251033121171, -0.8890007949112247, 0.5308971929901404]",28.944711284046658,1.9323501328713388
"[0.27612018343311795, 0.6525105145552639, -0.8890015353062306, 0.5308966085036283]",28.94475300939072,1.932412965352735
"[0.27611360373654004, 0.6525106979845532, -0.8890022758132761, 0.5308960238559832]",28.94479473787991,1.9324757978341318
"[0.27610702364942386, 0.6525108815002968, -0.8890030164352152, 0.5308954390449326]",28.94483646661622,1.9325386303155285
"[0.27610044353921226, 0.6525110650922433, -0.889003757130696, 0.5308948541031321]",28.94487819801845,1.9326014627969252
"[0.2760938639259902, 0.6525112487458846, -0.8890044978411658, 0.5308942690768113]",28.94491992918081,1.9326642952783217
"[0.2760872840044556, 0.6525114324836895, -0.8890052386572779, 0.5308936838943763]",28.944961659789012,1.9327271277597184
"[0.2760807040847585, 0.6525116162970028, -0.8890059795441178, 0.5308930985833982]",28.945003394752472,1.9327899602411152
"[0.27607412405416104, 0.652511800188984, -0.8890067205143792, 0.5308925131338319]",28.94504513054246,1.9328527927225114
"[0.27606754444209886, 0.6525119841448203, -0.8890074615084375, 0.5308919275928028]",28.94508686816913,1.9329156252039081
"[0.2760609647790726, 0.6525121681776099, -0.8890082025791612, 0.5308913419185629]",28.945128603587765,1.9329784576853049
"[0.2760543841314645, 0.6525123523135217, -0.8890089438317178, 0.5308907560279292]",28.945170343682932,1.9330412901667013
"[0.2760478048398977, 0.6525125364870393, -0.8890096850024503, 0.5308901701293195]",28.94521208155441,1.933104122648098
"[0.2760412245136828, 0.6525127207650862, -0.8890104263606676, 0.5308895840098364]",28.94525382342913,1.9331669551294948
"[0.27603464392959537, 0.6525129051259069, -0.8890111678188771, 0.5308889977386576]",28.945295567720358,1.933229787610891
"[0.27602806383200257, 0.6525130895486712, -0.8890119092932018, 0.5308884113820694]",28.94533731124031,1.9332926200922878
"[0.2760214835169165, 0.6525132740530897, -0.8890126508629652, 0.5308878248773622]",28.945379054789008,1.9333554525736845
"[0.27601490351605734, 0.6525134586242487, -0.8890133924682424, 0.5308872382719317]",28.945420801176056,1.933418285055081
"[0.27600832285362586, 0.6525136432895331, -0.8890141342190161, 0.530886651478764]",28.94546255006522,1.9334811175364777
"[0.2760017433239167, 0.6525138279985813, -0.8890148759130295, 0.5308860646578684]",28.945504300519573,1.9335439500178744
"[0.27599516232139304, 0.652514012824543, -0.8890156178440038, 0.5308854775768489]",28.945546050466408,1.9336067824992706
"[0.2759885820751182, 0.6525141977048395, -0.8890163597606473, 0.5308848904345186]",28.945587803499812,1.9336696149806674
"[0.27598200232073394, 0.652514382646857, -0.8890171016927457, 0.5308843032073469]",28.945629552504275,1.933732447462064
"[0.27597542152125376, 0.6525145676937911, -0.8890178438136183, 0.5308837157581608]",28.945671306920897,1.9337952799434608
"[0.27596884089217255, 0.6525147528115152, -0.8890185859862033, 0.5308831281953895]",28.94571306068652,1.9338581124248573
"[0.27596226097394827, 0.652514937984794, -0.8890193281495326, 0.5308825405673318]",28.94575481681742,1.933920944906254
"[0.27595568017579775, 0.6525151232583964, -0.8890200704830357, 0.530881952731915]",28.94579657448983,1.9339837773876507
"[0.27594909950722835, 0.6525153086039162, -0.889020812872848, 0.5308813647792865]",28.9458383343182,1.934046609869047
"[0.2759425196084696, 0.6525154940033001, -0.8890215552467272, 0.5308807767666778]",28.9458800942547,1.9341094423504437
"[0.27593593865240335, 0.6525156795080537, -0.8890222978108194, 0.5308801885307746]",28.945921856193017,1.9341722748318404
"[0.27592935844765254, 0.6525158650671555, -0.8890230403610544, 0.5308796002332826]",28.945963618399535,1.934235107313237
"[0.27592277707984775, 0.6525160507346381, -0.8890237831134644, 0.5308790117029833]",28.946005383690483,1.9342979397946336
"[0.2759161977868833, 0.6525162364191263, -0.8890245257026154, 0.5308784232294634]",28.94604714835071,1.9343607722760303
"[0.27590961664064545, 0.6525164222314794, -0.889025268571859, 0.530877834461381]",28.946088912184337,1.9344236047574266
"[0.27590303564944635, 0.6525166081150205, -0.8890260114945272, 0.5308772455783562]",28.94613068120527,1.9344864372388233
"[0.27589645490279896, 0.6525167940672145, -0.8890267544605072, 0.5308766565884073]",28.94617245163878,1.93454926972022
"[0.27588987454576336, 0.6525169800839615, -0.8890274974534093, 0.5308760675045204]",28.946214221858202,1.9346121022016165
"[0.2758832937334537, 0.6525171661891147, -0.8890282405686315, 0.5308754782510942]",28.946255992430522,1.9346749346830132
"[0.27587671308117395, 0.6525173523653092, -0.8890289837366948, 0.5308748888831735]",28.946297764371483,1.93473776716441
"[0.2758701321801089, 0.6525175386241003, -0.8890297270037684, 0.530874299364154]",28.946339540023523,1.9348005996458066
"[0.2758635502732874, 0.6525177249869328, -0.8890304704553663, 0.5308737096261872]",28.94638131298798,1.934863432127203
"[0.275856970128688, 0.6525179113754244, -0.8890312137788208, 0.5308731199172977]",28.946423092125933,1.9349262646085996
"[0.27585038999332, 0.6525180978391893, -0.8890319571721281, 0.5308725300804442]",28.946464867374754,1.9349890970899963
"[0.27584380814858755, 0.6525182844269786, -0.8890327008294727, 0.5308719399614952]",28.946506647496573,1.9350519295713928
"[0.27583722731153376, 0.6525184710617395, -0.8890334444438781, 0.5308713498040807]",28.9465484271246,1.9351147620527895
"[0.27583064669096224, 0.6525186577659148, -0.8890341881047252, 0.5308707595372505]",28.94659020843218,1.9351775945341863
"[0.27582406556926065, 0.652518844559872, -0.8890349318931129, 0.5308701690966205]",28.946631991176016,1.9352404270155825
"[0.27581748438065157, 0.6525190314312876, -0.8890356757599734, 0.5308695785211403]",28.94667377353355,1.9353032594969792
"[0.27581090389403584, 0.6525192183583249, -0.889036419618388, 0.5308689878798137]",28.946715560606727,1.935366091978376
"[0.2758043227728243, 0.6525194053789476, -0.8890371636194411, 0.5308683970526764]",28.94675734687516,1.9354289244597724
"[0.27579774154048325, 0.652519592478261, -0.8890379077039678, 0.5308678060867367]",28.94679913434677,1.9354917569411692
"[0.27579116019216837, 0.6525197796564497, -0.8890386518725154, 0.5308672149814969]",28.946840921147057,1.9355545894225659
"[0.27578457905023396, 0.6525199669043292, -0.8890393960886328, 0.5308666237659269]",28.94688271467349,1.9356174219039621
"[0.2757779980572882, 0.6525201542235171, -0.8890401403588039, 0.5308660324348902]",28.946924506421894,1.9356802543853588
"[0.27577141661579485, 0.6525203416310394, -0.8890408847506086, 0.530865440934667]",28.946966297420634,1.9357430868667558
"[0.27576483530891716, 0.6525205291102837, -0.8890416291980934, 0.5308648493176714]",28.94700809091495,1.935805919348152
"[0.2757582538168435, 0.6525207166703579, -0.889042373737433, 0.5308642575551538]",28.94704988483776,1.9358687518295488
"[0.27575167315673116, 0.6525209042822748, -0.8890431182535486, 0.5308636657385718]",28.94709168232359,1.9359315843109455
"[0.2757450908156836, 0.6525210920176856, -0.8890438630307538, 0.5308630736419129]",28.947133479387972,1.9359944167923422
"[0.2757385092979375, 0.6525212798051807, -0.8890446077857133, 0.5308624814904108]",28.947175280450693,1.9360572492737387
"[0.2757319280206371, 0.6525214676613695, -0.8890453525843629, 0.5308618892316556]",28.947217078818326,1.9361200817551354
"[0.27572534654027586, 0.652521655598912, -0.8890460974768928, 0.5308612968257337]",28.947258878879886,1.936182914236532
"[0.2757187661344338, 0.6525218435813098, -0.8890468423186901, 0.5308607043876638]",28.947300683721743,1.9362457467179284
"[0.27571218419477145, 0.6525220316831032, -0.8890475874050014, 0.5308601116825754]",28.94734248733141,1.936308579199325
"[0.2757056021747563, 0.6525222198627217, -0.8890483325713193, 0.5308595188413765]",28.94738429197029,1.9363714116807218
"[0.275699020549667, 0.6525224081066293, -0.8890490777638264, 0.5308589259068105]",28.9474260997273,1.9364342441621183
"[0.27569243925671816, 0.6525225964165917, -0.8890498229896193, 0.5308583328732617]",28.94746790893635,1.936497076643515
"[0.2756858574006646, 0.6525227848182229, -0.8890505683500737, 0.5308577396600563]",28.947509716667053,1.9365599091249117
"[0.2756792763504229, 0.6525229732723362, -0.8890513136901612, 0.5308571463905748]",28.947551525592253,1.936622741606308
"[0.2756726946585891, 0.6525231618203794, -0.8890520591738045, 0.5308565529343341]",28.947593339271876,1.9366855740877047
"[0.2756661127686417, 0.6525233504496601, -0.8890528047507843, 0.5308559593312973]",28.947635151080966,1.9367484065691014
"[0.2756595309731907, 0.6525235391517816, -0.889053550387956, 0.5308553656078628]",28.94767696358672,1.936811239050498
"[0.27565294913490573, 0.6525237279306958, -0.8890542961008745, 0.5308547717516218]",28.947718779019873,1.9368740715318946
"[0.27564636767070283, 0.6525239167744425, -0.8890550418422968, 0.5308541778001942]",28.947760594362233,1.9369369040132913
"[0.27563978591902655, 0.6525241057019728, -0.8890557876871826, 0.5308535836939118]",28.947802414491818,1.9369997364946876
"[0.2756332036408696, 0.6525242947201871, -0.8890565336626263, 0.5308529894111422]",28.947844234258344,1.9370625689760843
"[0.2756266224340652, 0.6525244837831856, -0.8890572795875346, 0.5308523950961676]",28.947886051601852,1.937125401457481
"[0.2756200404959207, 0.6525246729427471, -0.8890580256662207, 0.5308518005862054]",28.94792787537629,1.9371882339388777
"[0.27561345841215384, 0.6525248621820526, -0.8890587718323054, 0.5308512059341328]",28.947969697441415,1.9372510664202742
"[0.2756068762864565, 0.6525250514981243, -0.8890595180740356, 0.5308506111493085]",28.948011521368056,1.937313898901671
"[0.2756002936860791, 0.6525252409034206, -0.8890602644404805, 0.530850016192607]",28.948053346440776,1.9373767313830677
"[0.27559371265474963, 0.6525254303391073, -0.8890610106998937, 0.5308494212487868]",28.948095173756705,1.937439563864464
"[0.2755871297011257, 0.6525256199056961, -0.8890617572481828, 0.5308488260021994]",28.94813700148762,1.9375023963458606
"[0.2755805476702585, 0.6525258095212744, -0.889062503762715, 0.5308482307100707]",28.948178830362817,1.9375652288272573
"[0.2755739659373527, 0.6525259992038216, -0.8890632503143325, 0.5308476353159244]",28.948220655851564,1.9376280613086538
"[0.27556738420182425, 0.6525261889619862, -0.889063996937124, 0.5308470397925856]",28.948262490694805,1.9376908937900506
"[0.27556080144459955, 0.6525263788251745, -0.8890647437467065, 0.5308464440478045]",28.9483043246429,1.9377537262714473
"[0.27555421936649716, 0.6525265687443368, -0.8890654905501275, 0.5308458482354934]",28.9483461562565,1.9378165587528435
"[0.275547637211011, 0.652526758741284, -0.8890662374332102, 0.5308452522871948]",28.9483879928348,1.9378793912342402
"[0.2755410551678922, 0.6525269488105383, -0.8890669843744207, 0.5308446562200881]",28.948429826642972,1.937942223715637
"[0.2755344727931252, 0.6525271389649266, -0.8890677314241491, 0.5308440599939511]",28.948471666577962,1.9380050561970334
"[0.27552789083270557, 0.6525273291828977, -0.8890684784977277, 0.5308434636763543]",28.94851350544948,1.9380678886784302
"[0.27552130835871813, 0.6525275194912681, -0.8890692257004785, 0.530842867183225]",28.948555345773514,1.9381307211598269
"[0.2755147253114737, 0.6525277098917803, -0.8890699730391936, 0.5308422705091226]",28.948597188378255,1.9381935536412236
"[0.2755081433872073, 0.6525279003353656, -0.889070720321298, 0.5308416738078013]",28.948639028688284,1.9382563861226199
"[0.27550156104443985, 0.6525280908666153, -0.8890714677217911, 0.5308410769395306]",28.948680872346493,1.9383192186040166
"[0.2754949787443764, 0.6525282814721858, -0.8890722151883101, 0.5308404799461166]",28.94872271859051,1.9383820510854133
"[0.2754883955469741, 0.6525284721792934, -0.8890729628276169, 0.5308398827422965]",28.948764565091903,1.9384448835668098
"[0.2754818132154374, 0.6525286629368844, -0.889073710439466, 0.5308392854879882]",28.94880640983464,1.9385077160482065
"[0.275475231101619, 0.6525288537637136, -0.8890744580974554, 0.5308386881244225]",28.948848263097723,1.9385705485296032
"[0.27546864877260446, 0.6525290446723324, -0.8890752058507568, 0.5308380906123068]",28.94889011156898,1.9386333810109995
"[0.27546206560431025, 0.6525292356808577, -0.8890759537702838, 0.5308374928949567]",28.948931963620733,1.9386962134923962
"[0.27545548309079626, 0.6525294267459424, -0.8890767016862958, 0.5308368951080178]",28.94897381442494,1.938759045973793
"[0.27544890031301733, 0.652529617894254, -0.889077449703208, 0.5308362971680382]",28.949015669666878,1.9388218784551894
"[0.27544231765181193, 0.6525298091147532, -0.889078197777746, 0.530835699109583]",28.949057525178716,1.938884710936586
"[0.2754357346049602, 0.6525300004219939, -0.8890789459669889, 0.5308351008870612]",28.949099381388848,1.9389475434179828
"[0.27542915272669277, 0.6525301917708212, -0.8890796940942761, 0.5308345026416993]",28.94914123889158,1.939010375899379
"[0.2754225699523436, 0.6525303832212551, -0.8890804423942824, 0.5308339041858379]",28.94918309690204,1.9390732083807758
"[0.27541598692501484, 0.6525305747546137, -0.8890811907939197, 0.5308333055779044]",28.94922495821072,1.9391360408621725
"[0.2754094037805482, 0.6525307663669322, -0.88908193927775, 0.5308327068302594]",28.949266818184867,1.939198873343569
"[0.27540282160305357, 0.6525309580266573, -0.8890826877224977, 0.5308321080415066]",28.949308682689,1.9392617058249657
"[0.2753962385495067, 0.6525311497874484, -0.8890834363377266, 0.5308315090439886]",28.94935054281292,1.9393245383063624
"[0.2753896553868213, 0.6525313416269977, -0.8890841850362377, 0.530830909907437]",28.949392408981744,1.9393873707877591
"[0.2753830718452376, 0.6525315335531153, -0.8890849338487209, 0.5308303106073561]",28.94943427786157,1.9394502032691554
"[0.2753764889779109, 0.6525317255351777, -0.8890856826553796, 0.5308297112395175]",28.949476145947347,1.9395130357505521
"[0.27536990631190067, 0.6525319175868755, -0.88908643151, 0.5308291117609892]",28.94951801353465,1.9395758682319488
"[0.2753633227087658, 0.6525321097415003, -0.8890871805421006, 0.5308285120679908]",28.94955988321784,1.9396387007133453
"[0.2753567401928573, 0.6525323019399429, -0.8890879295213633, 0.5308279123449465]",28.949601754915133,1.939701533194742
"[0.27535015703318994, 0.6525324942327351, -0.8890886786447368, 0.5308273124341611]",28.949643626208932,1.9397643656761387
"[0.27534357344317956, 0.6525326866136636, -0.8890894278879518, 0.5308267123550465]",28.94968549831828,1.939827198157535
"[0.27533699054422656, 0.6525328790499549, -0.889090177123382, 0.5308261122098196]",28.949727374959444,1.9398900306389317
"[0.27533040772182743, 0.6525330715595518, -0.8890909264209541, 0.5308255119424868]",28.949769252105447,1.9399528631203287
"[0.27532382426473906, 0.6525332641632715, -0.8890916758616336, 0.5308249114881627]",28.94981113200873,1.940015695601725
"[0.2753172405858749, 0.6525334568490433, -0.8890924253984287, 0.5308243108844859]",28.949853008006972,1.9400785280831216
"[0.27531065685361, 0.6525336496119454, -0.8890931750121726, 0.530823710146804]",28.949894890436127,1.9401413605645184
"[0.2753040744888407, 0.6525338424103572, -0.8890939245410622, 0.5308231094047979]",28.949936770875947,1.9402041930459146
"[0.2752974908013948, 0.6525340353230564, -0.8890946742914237, 0.5308225084129675]",28.949978653396887,1.9402670255273116
"[0.2752909079122179, 0.6525342282879446, -0.8890954240217297, 0.5308219073648553]",28.950020538298944,1.9403298580087083
"[0.2752843244417779, 0.6525344213453792, -0.8890961738890947, 0.5308213061346023]",28.950062420879256,1.9403926904901045
"[0.2752777407007814, 0.652534614486334, -0.8890969238581379, 0.5308207047504683]",28.950104306773845,1.9404555229715013
"[0.27527115721256173, 0.6525348076954317, -0.8890976738692454, 0.530820103260284]",28.95014619617898,1.940518355452898
"[0.27526457448865443, 0.6525350009576423, -0.8890984238641233, 0.5308195017108113]",28.950188084834004,1.9405811879342947
"[0.27525799026354675, 0.6525351943394914, -0.889099174100901, 0.530818899894997]",28.95022997619751,1.9406440204156912
"[0.2752514066678018, 0.6525353877784184, -0.889099924336826, 0.5308182980075505]",28.95027186533967,1.9407068528970879
"[0.2752448231150736, 0.6525355812916347, -0.8891006746387028, 0.5308176959948899]",28.950313760352316,1.9407696853784846
"[0.2752382391382942, 0.652535774892881, -0.8891014250597654, 0.5308170938142852]",28.95035565306667,1.9408325178598809
"[0.27523165559522567, 0.6525359685569302, -0.8891021755022488, 0.5308164915441901]",28.950397548613875,1.9408953503412776
"[0.2752250717451123, 0.6525361623055732, -0.8891029260505856, 0.5308158891168371]",28.950439446102866,1.9409581828226743
"[0.2752184888916026, 0.6525363561004277, -0.8891036765561501, 0.5308152866515365]",28.950481343147537,1.9410210153040708
"[0.2752119047365544, 0.6525365500091573, -0.8891044272809554, 0.530814683937946]",28.95052324092345,1.9410838477854675
"[0.27520532124931135, 0.6525367439737763, -0.8891051780004653, 0.530814081156315]",28.950565141481427,1.9411466802668642
"[0.2751987372669069, 0.6525369380285527, -0.8891059288472896, 0.5308134782001555]",28.95060704238666,1.9412095127482605
"[0.2751921530777385, 0.6525371321649658, -0.8891066797885505, 0.5308128750958945]",28.950648943856923,1.9412723452296572
"[0.27518556967846414, 0.6525373263536609, -0.8891074307105648, 0.5308122719347881]",28.95069084736694,1.941335177711054
"[0.275178985802694, 0.6525375206319444, -0.8891081817577755, 0.5308116686008689]",28.95073275415908,1.9413980101924504
"[0.2751724015681447, 0.6525377149963874, -0.889108932916765, 0.5308110651048595]",28.95077466168988,1.941460842673847
"[0.2751658183138725, 0.6525379094074605, -0.8891096840347567, 0.5308104615694976]",28.950816567527305,1.9415236751552438
"[0.2751592333413302, 0.6525381039448063, -0.889110435419655, 0.5308098577474385]",28.95085847560918,1.9415865076366405
"[0.2751526491945351, 0.6525382985333413, -0.8891111867811828, 0.5308092538718591]",28.950900386624593,1.9416493401180368
"[0.27514606537199165, 0.6525384931878485, -0.88911193817655, 0.5308086498968181]",28.950942298085792,1.9417121725994335
"[0.27513948087834145, 0.6525386879377609, -0.8891126897193589, 0.5308080457309928]",28.950984212946988,1.9417750050808302
"[0.2751328972728116, 0.6525388827369649, -0.8891134412316366, 0.5308074415174457]",28.951026124670786,1.9418378375622267
"[0.2751263139240786, 0.6525390776040934, -0.8891141927854297, 0.5308068371983006]",28.95106803868368,1.9419006700436234
"[0.2751197291501306, 0.6525392725889805, -0.8891149445727725, 0.5308062326190872]",28.951109955720955,1.9419635025250201
"[0.27511314432697875, 0.6525394676508958, -0.8891156964365892, 0.5308056279061087]",28.951151872265434,1.9420263350064164
"[0.2751065601294686, 0.6525396627698392, -0.8891164482998123, 0.5308050231213529]",28.951193791935456,1.9420891674878131
"[0.2750999765507602, 0.6525398579459896, -0.8891172001632027, 0.5308044182642272]",28.95123571108261,1.9421519999692098
"[0.2750933925594526, 0.6525400532099207, -0.889117952144545, 0.5308038132399758]",28.951277634631595,1.9422148324506063
"[0.2750868078969416, 0.6525402485693267, -0.8891187042733906, 0.530803208024792]",28.951319556638165,1.942277664932003
"[0.2750802230998728, 0.652540444008278, -0.8891194564884549, 0.5308026026679997]",28.951361481324064,1.9423404974133998
"[0.2750736384782702, 0.6525406395175931, -0.8891202087543185, 0.530801997198074]",28.95140340435735,1.942403329894796
"[0.2750670548263921, 0.6525408350736609, -0.8891209609802218, 0.5308013916880884]",28.95144533091396,1.9424661623761927
"[0.27506046988729094, 0.6525410307435242, -0.8891217134240401, 0.5308007859304565]",28.95148725963792,1.9425289948575895
"[0.2750538856718505, 0.6525412264674415, -0.889122465856002, 0.5308001801101412]",28.951529188418842,1.942591827338986
"[0.27504730112961584, 0.6525414222766334, -0.8891232183961442, 0.5307995741304953]",28.95157111758676,1.9426546598203827
"[0.27504071673508906, 0.6525416181569809, -0.8891239709902384, 0.5307989680351932]",28.951613049246124,1.9427174923017794
"[0.27503413257279924, 0.652541814105973, -0.8891247236286153, 0.530798361832011]",28.95165498125612,1.942780324783176
"[0.2750275475109535, 0.6525420101573006, -0.8891254764406598, 0.5307977554167269]",28.951696915417287,1.9428431572645724
"[0.2750209626033473, 0.652542206279601, -0.8891262293059119, 0.5307971488863609]",28.95173884969712,1.942905989745969
"[0.2750143783728007, 0.652542402457288, -0.8891269821645817, 0.5307965422890913]",28.9517807871073,1.9429688222273658
"[0.2750077937981353, 0.6525425987207826, -0.8891277351334268, 0.530795935530844]",28.951822723066055,1.9430316547087623
"[0.27500120826816177, 0.6525427950883221, -0.8891284882823587, 0.5307953285552603]",28.951864661863493,1.943094487190159
"[0.2749946234169839, 0.652542991511189, -0.8891292414244971, 0.5307947215129373]",28.951906601978134,1.9431573196715557
"[0.27498803882068157, 0.6525431880020025, -0.8891299946083127, 0.5307941143648309]",28.95194854624199,1.943220152152952
"[0.27498145443877836, 0.6525433845619706, -0.889130747838425, 0.5307935071072096]",28.951990485731702,1.9432829846343487
"[0.27497486948831046, 0.6525435812144695, -0.8891315012044082, 0.5307928996678533]",28.95203243008543,1.9433458171157454
"[0.274968284208186, 0.652543777952379, -0.8891322546789412, 0.5307922920687719]",28.952074375417244,1.9434086495971419
"[0.27496169926979397, 0.6525439747556409, -0.8891330081852047, 0.5307916843719089]",28.9521163220557,1.9434714820785386
"[0.27495511414043744, 0.6525441716401748, -0.8891337617841505, 0.5307910765281039]",28.952158268461787,1.9435343145599353
"[0.27494852941872966, 0.6525443685880695, -0.8891345154072688, 0.530790468592627]",28.95220021825581,1.9435971470413316
"[0.2749419449756605, 0.6525445656031791, -0.8891352690693127, 0.5307898605535754]",28.95224216806231,1.9436599795227283
"[0.2749353595706317, 0.6525447627226406, -0.8891360229122912, 0.530789252296357]",28.952284119440048,1.943722812004125
"[0.27492877427967394, 0.6525449599142445, -0.889136776813043, 0.5307886439203495]",28.952326073389006,1.9437856444855217
"[0.2749221896577091, 0.6525451571613725, -0.8891375307080239, 0.5307880354768247]",28.952368023756204,1.9438484769669182
"[0.2749156040525046, 0.6525453545135091, -0.8891382847864089, 0.530787426813115]",28.95240998089462,1.943911309448315
"[0.27490901834202225, 0.6525455519443776, -0.8891390389476823, 0.5307868180103119]",28.952451936828904,1.9439741419297116
"[0.2749024339008666, 0.6525457494127443, -0.8891397930344127, 0.5307862091955248]",28.95249389364377,1.944036974411108
"[0.2748958482693297, 0.6525459469923751, -0.889140547328296, 0.5307856001413211]",28.952535851593584,1.9440998068925048
"[0.27488926268376157, 0.6525461446461841, -0.8891413016877435, 0.5307849909620207]",28.952577813335864,1.9441626393739015
"[0.274882678471095, 0.6525463423343362, -0.889142055960734, 0.5307843817803883]",28.9526197735333,1.9442254718552978
"[0.2748760922651553, 0.6525465401579025, -0.8891428105328982, 0.530783772284967]",28.952661738723922,1.9442883043366945
"[0.27486950633527163, 0.6525467380487526, -0.8891435651442684, 0.5307831626857085]",28.952703700778745,1.9443511368180912
"[0.27486292156220743, 0.6525469359804097, -0.8891443196939025, 0.5307825530641598]",28.952745666133232,1.9444139692994877
"[0.2748563363578961, 0.6525471340005513, -0.8891450743637666, 0.5307819432733712]",28.95278763234184,1.9444768017808844
"[0.27484975006400114, 0.6525473321290459, -0.8891458292293271, 0.5307813332522764]",28.95282960021692,1.9445396342622812
"[0.27484316543494075, 0.6525475302830083, -0.8891465839748862, 0.5307807232560241]",28.952871567304463,1.9446024667436774
"[0.2748365792219777, 0.6525477285602019, -0.8891473389728191, 0.5307801129836526]",28.952913538518917,1.9446652992250741
"[0.2748299943063878, 0.6525479268738913, -0.8891480938928397, 0.5307795027021268]",28.952955509457855,1.9447281317064709
"[0.27482340934062904, 0.6525481252646481, -0.8891488488894133, 0.5307788922865796]",28.952997481004243,1.9447909641878673
"[0.2748168232027512, 0.6525483237662628, -0.8891496040911967, 0.5307782816330086]",28.953039454870847,1.944853796669264
"[0.27481023759763107, 0.6525485223273924, -0.8891503593027075, 0.5307776708994276]",28.953081430501026,1.9449166291506608
"[0.27480365184294947, 0.6525487209685936, -0.8891511146021839, 0.5307770600225796]",28.95312340644481,1.9449794616320575
"[0.2747970661023406, 0.6525489196849344, -0.8891518699708603, 0.5307764490176341]",28.953165383242716,1.9450422941134538
"[0.2747904796983113, 0.652549118496858, -0.8891526254864529, 0.5307758378217254]",28.953207361990955,1.9451051265948505
"[0.27478389425766514, 0.6525493173552627, -0.8891533809623475, 0.5307752265858108]",28.95324934340901,1.9451679590762472
"[0.2747773085486585, 0.6525495162973284, -0.8891541365398359, 0.530774615195585]",28.953291320850596,1.9452307915576437
"[0.2747707230007772, 0.652549715310082, -0.8891548921696439, 0.5307740036909138]",28.953333305831244,1.9452936240390404
"[0.27476413694008067, 0.6525499144138962, -0.8891556479291044, 0.5307733920092046]",28.953375290081098,1.945356456520437
"[0.2747575512248881, 0.6525501135828201, -0.8891564037197252, 0.5307727802301727]",28.953417275565144,1.9454192890018334
"[0.27475096480473, 0.6525503128486332, -0.8891571596620649, 0.530772168256216]",28.953459262020687,1.94548212148323
"[0.27474437950352865, 0.652550512156146, -0.8891579155467791, 0.5307715562568137]",28.95350124794969,1.9455449539646268
"[0.27473779356294076, 0.6525507115585656, -0.8891586715756881, 0.5307709440685687]",28.953543235551248,1.9456077864460233
"[0.27473120709338533, 0.6525509110525699, -0.8891594277361329, 0.5307703317017064]",28.953585225635848,1.94567061892742
"[0.27472462051078805, 0.652551110625569, -0.8891601839803728, 0.5307697191948785]",28.95362721635384,1.9457334514088167
"[0.2747180344142697, 0.6525513102594048, -0.8891609402396121, 0.5307691066038045]",28.95366920989395,1.945796283890213
"[0.27471144826824856, 0.6525515099703025, -0.8891616965753412, 0.5307684938786806]",28.95371120460026,1.9458591163716097
"[0.27470486261228977, 0.6525517097418925, -0.8891624529255895, 0.5307678810697144]",28.9537531990546,1.9459219488530064
"[0.2746982759247407, 0.6525519096203419, -0.8891632094651235, 0.5307672680352946]",28.95379519442318,1.945984781334403
"[0.27469168946841843, 0.6525521095673428, -0.8891639660489087, 0.5307666548929273]",28.95383719296394,1.9460476138157996
"[0.27468510336284224, 0.6525523095792566, -0.8891647226632058, 0.5307660416537526]",28.953879191031355,1.9461104462971963
"[0.27467851706602403, 0.6525525096725417, -0.8891654793702746, 0.530765428267306]",28.95392119148075,1.946173278778593
"[0.2746719309029691, 0.652552709837315, -0.8891662361327747, 0.5307648147638626]",28.95396319181061,1.9462361112599893
"[0.2746653450127666, 0.6525529100693539, -0.8891669929347165, 0.5307642011563729]",28.954005195786173,1.946298943741386
"[0.27465875800179207, 0.6525531104110346, -0.8891677499362567, 0.5307635873149763]",28.954047197631994,1.9463617762227827
"[0.2746521716247678, 0.6525533108090009, -0.8891685069357443, 0.5307629734031712]",28.954089201960958,1.9464246087041792
"[0.2746455854057514, 0.6525535112777159, -0.889169263987867, 0.5307623593766213]",28.954131209250914,1.946487441185576
"[0.2746389990150559, 0.6525537118272233, -0.8891700211305186, 0.5307617452045751]",28.9541732151561,1.9465502736669726
"[0.2746324122625611, 0.6525539124632981, -0.8891707783855638, 0.5307611308693143]",28.954215223727427,1.946613106148369
"[0.2746258257880952, 0.6525541131664733, -0.8891715356794423, 0.5307605164304826]",28.954257234229,1.9466759386297656
"[0.27461923914411673, 0.6525543139503798, -0.8891722930636082, 0.5307599018463365]",28.95429924423784,1.9467387711111623
"[0.2746126530707378, 0.6525545147924405, -0.8891730504529507, 0.5307592871859527]",28.95434125801724,1.9468016035925588
"[0.2746060657662443, 0.6525547157476187, -0.8891738080546728, 0.5307586722811494]",28.954383272433194,1.9468644360739555
"[0.27459947952513475, 0.6525549167459136, -0.8891745656048878, 0.5307580573461104]",28.95442528484549,1.9469272685553523
"[0.27459289200541426, 0.6525551178588048, -0.8891753233729741, 0.5307574421621589]",28.954467303258667,1.9469901010367485
"[0.2745863058246314, 0.6525553190063744, -0.8891760810578306, 0.5307568269737422]",28.954509318847293,1.9470529335181452
"[0.2745797189333288, 0.6525555202512078, -0.8891768388952189, 0.5307562115894388]",28.954551337799032,1.947115765999542
"[0.2745731317030074, 0.652555721581967, -0.8891775968424126, 0.5307555960439297]",28.954593358079904,1.9471785984809387
"[0.2745665452060789, 0.6525559229658858, -0.8891783547760079, 0.5307549804374135]",28.954635379401925,1.9472414309623352
"[0.27455995861369864, 0.6525561244282516, -0.8891791127913737, 0.5307543646924917]",28.954677402339208,1.9473042634437319
"[0.27455337176537903, 0.6525563259740205, -0.8891798709069828, 0.5307537487940972]",28.95471942610632,1.9473670959251286
"[0.27454678446320147, 0.6525565276092595, -0.8891806291456238, 0.5307531327237004]",28.954761447496924,1.9474299284065248
"[0.2745401973067711, 0.6525567293155804, -0.8891813874382848, 0.5307525165374156]",28.95480347574803,1.9474927608879216
"[0.27453361013250926, 0.6525569310980318, -0.8891821458037903, 0.5307519002198903]",28.95484550282316,1.9475555933693183
"[0.27452702303700194, 0.6525571329536336, -0.8891829042310204, 0.5307512837801852]",28.954887532381424,1.9476184258507148
"[0.2745204367197516, 0.6525573348609252, -0.8891836626394202, 0.530750667283796]",28.954929560236486,1.9476812583321115
"[0.2745138488807484, 0.6525575368904456, -0.8891844212938433, 0.5307500505153883]",28.95497159449805,1.9477440908135082
"[0.2745072614622394, 0.6525577389826532, -0.8891851799706375, 0.5307494336567615]",28.955013624656203,1.9478069232949045
"[0.27450067496083086, 0.6525579411222663, -0.8891859386125864, 0.5307488167544837]",28.95505565578064,1.9478697557763012
"[0.2744940879169287, 0.6525581433540916, -0.8891866973878, 0.5307481996718325]",28.955097691859468,1.9479325882576979
"[0.2744875008886335, 0.6525583456609981, -0.8891874562319971, 0.5307475824610794]",28.955139728404582,1.9479954207390944
"[0.27448091298547467, 0.6525585480703596, -0.8891882152477736, 0.5307469650387457]",28.955181765986094,1.948058253220491
"[0.2744743262075167, 0.6525587505206868, -0.8891889742046928, 0.5307463475923249]",28.955223804454665,1.9481210857018878
"[0.2744677386426009, 0.6525589530707777, -0.8891897333230718, 0.5307457299425383]",28.955265844727503,1.948183918183284
"[0.274461151093381, 0.6525591556959552, -0.8891904925104296, 0.5307451121646295]",28.955307884205972,1.9482467506646808
"[0.27445456343943736, 0.6525593583999235, -0.8891912517806436, 0.5307444942473019]",28.955349927515527,1.9483095831460777
"[0.2744479761448592, 0.6525595611683986, -0.8891920110802192, 0.5307438762340903]",28.955391971522403,1.9483724156274744
"[0.27444138885468317, 0.6525597640123018, -0.8891927704500651, 0.5307432580916983]",28.95543401658019,1.9484352481088707
"[0.2744348007780158, 0.6525599669559927, -0.8891935299813652, 0.5307426397458935]",28.955476062025305,1.9484980805902674
"[0.27442821379730825, 0.6525601699414834, -0.8891942894570878, 0.5307420213733578]",28.955518107064194,1.9485609130716641
"[0.2744216261431824, 0.6525603730232897, -0.8891950490812333, 0.530741402807998]",28.95556015727945,1.9486237455530606
"[0.2744150384194409, 0.6525605761828108, -0.8891958087841862, 0.530740784106485]",28.955602206922002,1.9486865780344573
"[0.27440845045661877, 0.6525607794253054, -0.8891965685854941, 0.5307401652528556]",28.955644258381117,1.948749410515854
"[0.27440186251099613, 0.6525609827427843, -0.8891973284556052, 0.5307395462712826]",28.955686310116086,1.9488122429972503
"[0.27439527522264723, 0.6525611861155665, -0.8891980883206753, 0.530738927221817]",28.955728362602564,1.948875075478647
"[0.2743886875240622, 0.652561389576576, -0.8891988483038408, 0.5307383080041788]",28.95577041673233,1.9489379079600437
"[0.2743821000222246, 0.6525615931070717, -0.8891996083350804, 0.5307376886754094]",28.955812475613534,1.9490007404414402
"[0.27437551184820225, 0.6525617967339055, -0.8892003685146529, 0.5307370691538036]",28.95585453262756,1.949063572922837
"[0.27436892399253865, 0.652562000426469, -0.8892011287282692, 0.5307364495324909]",28.955896590525235,1.9491264054042337
"[0.27436233615574324, 0.6525622041940197, -0.8892018890104814, 0.5307358297833066]",28.95593865025965,1.94918923788563
"[0.27435574732823187, 0.6525624080677852, -0.8892026494778181, 0.5307352098112622]",28.95598071006782,1.9492520703670266
"[0.27434916052716124, 0.6525626119544105, -0.8892034097820267, 0.5307345899002575]",28.95602277091237,1.9493149028484233
"[0.2743425719135315, 0.6525628159727043, -0.8892041703662334, 0.5307339696890148]",28.956064835029245,1.94937773532982
"[0.274335984974893, 0.6525630200146872, -0.8892049308278392, 0.5307333495058094]",28.956106899214852,1.9494405678112166
"[0.27432939638737586, 0.6525632241833199, -0.8892056915505818, 0.5307327290376878]",28.95614896712697,1.9495034002926133
"[0.27432280829116024, 0.6525634284122935, -0.8892064522873733, 0.5307321084861689]",28.956191032649073,1.94956623277401
"[0.27431621988925275, 0.6525636327263282, -0.8892072131302374, 0.5307314877761645]",28.95623310194075,1.9496290652554062
"[0.27430963159855676, 0.6525638371124685, -0.8892079740310336, 0.5307308669469799]",28.956275171953227,1.949691897736803
"[0.27430304350460155, 0.6525640415680769, -0.8892087349798755, 0.5307302460066544]",28.95631724051762,1.9497547302181997
"[0.27429645523532237, 0.6525642461046971, -0.8892094960197374, 0.5307296249201211]",28.95635931372325,1.9498175626995962
"[0.27428986644879144, 0.6525644507329573, -0.8892102571901261, 0.5307290036551208]",28.95640138794892,1.9498803951809929
"[0.27428327836345096, 0.6525646554149999, -0.8892110183502775, 0.5307283823265606]",28.956443461554738,1.9499432276623896
"[0.2742766902741009, 0.6525648601727344, -0.8892117795816536, 0.5307277608679353]",28.956485537774,1.9500060601437859
"[0.27427010144969904, 0.6525650650288891, -0.8892125409687358, 0.5307271392102659]",28.956527615757377,1.9500688926251826
"[0.27426351361395157, 0.6525652699298666, -0.8892133023123311, 0.53072651751619]",28.95656969258497,1.9501317251065793
"[0.27425692538547736, 0.6525654749186216, -0.8892140637720723, 0.5307258956553615]",28.956611772579564,1.9501945575879758
"[0.27425033664302323, 0.6525656799989442, -0.889214825361987, 0.5307252736163021]",28.956653852551426,1.9502573900693725
"[0.27424374886009184, 0.652565885124952, -0.8892155869117454, 0.5307246515381484]",28.956695936918436,1.9503202225507692
"[0.27423715962968315, 0.6525660903716114, -0.8892163486996038, 0.5307240291935788]",28.956738020737372,1.9503830550321655
"[0.2742305705929826, 0.6525662956878182, -0.8892171105358417, 0.5307234067375662]",28.95678010218979,1.9504458875135622
"[0.2742239821133079, 0.6525665010622387, -0.8892178723784389, 0.5307227842044525]",28.956822188673595,1.950508719994959
"[0.27421739383139204, 0.6525667065060557, -0.889218634268924, 0.5307221615603132]",28.956864277784728,1.9505715524763556
"[0.274210805486697, 0.6525669120273931, -0.889219396237424, 0.5307215387805242]",28.956906365383187,1.950634384957752
"[0.2742042163787099, 0.6525671176481352, -0.8892201583649659, 0.5307209157988184]",28.956948455510915,1.9506972174391488
"[0.2741976272293383, 0.6525673233457107, -0.8892209205680665, 0.530720292683494]",28.95699054826732,1.9507600499205455
"[0.2741910390851507, 0.6525675290874862, -0.8892216827256423, 0.530719669533479]",28.95703263593534,1.9508228824019418
"[0.274184450108793, 0.6525677349308197, -0.8892224450502478, 0.5307190461750083]",28.95707473075694,1.9508857148833385
"[0.2741778613454618, 0.6525679408430687, -0.8892232074209645, 0.5307184227069441]",28.957116825598884,1.9509485473647352
"[0.27417127202701513, 0.6525681468482437, -0.8892239699266775, 0.5307177990565881]",28.957158920412244,1.9510113798461317
"[0.27416468325261184, 0.6525683529119799, -0.8892247324401924, 0.5307171753279694]",28.957201017814477,1.9510742123275284
"[0.27415809447235784, 0.6525685590514675, -0.889225495025138, 0.5307165514690422]",28.95724311659653,1.9511370448089251
"[0.2741515057583503, 0.6525687652644473, -0.8892262576731675, 0.5307159274866351]",28.957285214728916,1.9511998772903214
"[0.27414491653721706, 0.6525689715688714, -0.8892270204506555, 0.5307153033264317]",28.9573273161262,1.9512627097717181
"[0.2741383270178521, 0.6525691779582147, -0.8892277833334302, 0.5307146790081914]",28.95736941824213,1.9513255422531148
"[0.27413173739912317, 0.652569384426256, -0.8892285462984747, 0.5307140545507391]",28.957411520405437,1.9513883747345113
"[0.27412514890321094, 0.6525695909346749, -0.8892293092042635, 0.5307134300699314]",28.957453628139927,1.951451207215908
"[0.274118559604794, 0.6525697975438206, -0.8892300722737297, 0.5307128053832767]",28.957495730812628,1.9515140396973047
"[0.2741119714411484, 0.6525700041929408, -0.8892308352825223, 0.5307121806744447]",28.95753783866057,1.951576872178701
"[0.2741053819064439, 0.6525702109606442, -0.8892315985208551, 0.530711555705809]",28.957579945169016,1.9516397046600977
"[0.2740987923679446, 0.6525704178040512, -0.8892323618303858, 0.5307109306070019]",28.95762205615171,1.9517025371414944
"[0.27409220282024294, 0.6525706247233065, -0.8892331252117406, 0.5307103053775383]",28.95766416701003,1.9517653696228912
"[0.27408561404868526, 0.6525708316937536, -0.889233888573924, 0.5307096800919306]",28.957706278228624,1.9518282021042876
"[0.2740790243033895, 0.6525710387703679, -0.8892346521196764, 0.5307090545840991]",28.95774839146832,1.9518910345856844
"[0.27407243435531603, 0.6525712459289433, -0.8892354157596845, 0.530708428927186]",28.957790508189895,1.951953867067081
"[0.2740658454162513, 0.6525714531313669, -0.8892361793535137, 0.5307078032362671]",28.957832619015356,1.9520166995484773
"[0.2740592557225371, 0.652571660433097, -0.8892369431055488, 0.5307071773438672]",28.957874738947265,1.952079532029874
"[0.2740526663747762, 0.6525718677995147, -0.8892377068882346, 0.5307065513545103]",28.95791685550982,1.9521423645112708
"[0.2740460772208282, 0.6525720752354053, -0.8892384707191949, 0.5307059252537473]",28.957958976870977,1.9522051969926673
"[0.2740394874311089, 0.6525722827668744, -0.8892392346946048, 0.5307052989627578]",28.95800109692761,1.952268029474064
"[0.274032897558456, 0.6525724903765417, -0.8892399987503805, 0.5307046725340367]",28.958043218560935,1.9523308619554607
"[0.27402630767346087, 0.6525726980621753, -0.889240762878339, 0.5307040459743005]",28.958085341027125,1.952393694436857
"[0.2740197181308488, 0.652572905812593, -0.8892415270373408, 0.5307034193172792]",28.958127467220663,1.9524565269182539
"[0.27401312813486517, 0.6525731136528822, -0.8892422913196661, 0.530702792487293]",28.95816959252341,1.9525193593996506
"[0.27400653830045457, 0.6525733215636534, -0.8892430556540001, 0.5307021655428238]",28.958211719324815,1.9525821918810469
"[0.27399994899513147, 0.6525735295332975, -0.8892438199977032, 0.5307015385188553]",28.95825384744787,1.9526450243624436
"[0.2739933587800712, 0.6525737376072499, -0.8892445845176797, 0.530700911278437]",28.95829597479569,1.9527078568438403
"[0.2739867688868981, 0.6525739457465856, -0.8892453490710616, 0.5307002839388307]",28.95833810563479,1.952770689325237
"[0.27398017982934225, 0.6525741539351081, -0.8892461135982235, 0.5306996565489129]",28.958380238863114,1.9528335218066335
"[0.2739735894605037, 0.6525743622406384, -0.8892468783482775, 0.5306990289042708]",28.95842237110814,1.9528963542880302
"[0.2739669991496744, 0.6525745706199149, -0.8892476431623493, 0.5306984011352742]",28.958464505958425,1.952959186769427
"[0.2739604094791512, 0.6525747790545217, -0.8892484079728493, 0.5306977732973985]",28.958506640894566,1.9530220192508232
"[0.2739538197555791, 0.6525749875663729, -0.8892491728602394, 0.5306971453246073]",28.95854877920868,1.95308485173222
"[0.27394722905400704, 0.6525751961847562, -0.8892499379318964, 0.5306965171287181]",28.958590915966713,1.9531476842136166
"[0.273940639840813, 0.6525754048315914, -0.8892507029015049, 0.5306958889448306]",28.958633055340055,1.953210516695013
"[0.27393404862988435, 0.6525756136172899, -0.8892514681737888, 0.530695260440558]",28.958675194642165,1.9532733491764098
"[0.2739274588011412, 0.6525758224347522, -0.8892522333563333, 0.5306946319382283]",28.958717337681044,1.9533361816578065
"[0.2739208692580455, 0.6525760313187401, -0.8892529985764334, 0.5306940033332515]",28.958759478950007,1.9533990141392028
"[0.273914278579839, 0.6525762403142915, -0.8892537639990893, 0.5306933744900846]",28.95880162351989,1.9534618466205995
"[0.27390768785752206, 0.6525764493868291, -0.8892545294976142, 0.5306927455127872]",28.958843770212418,1.9535246791019962
"[0.27390109743020125, 0.6525766585255901, -0.8892552950326145, 0.5306921164337279]",28.95888591695215,1.9535875115833927
"[0.27389450762339324, 0.6525768677202284, -0.8892560605662638, 0.5306914872840021]",28.95892806514785,1.9536503440647894
"[0.27388791722134137, 0.6525770770093371, -0.8892568262397934, 0.5306908579475367]",28.958970214288072,1.9537131765461861
"[0.2738813265467208, 0.6525772863826842, -0.8892575920157284, 0.5306902284551155]",28.95901236679883,1.9537760090275824
"[0.27387473635150666, 0.6525774958163765, -0.8892583578066908, 0.530689598878566]",28.959054517511465,1.9538388415089791
"[0.2738681462880329, 0.6525777053214504, -0.8892591236530691, 0.5306889691846911]",28.95909666895688,1.9539016739903758
"[0.2738615546890846, 0.6525779149509437, -0.8892598897486345, 0.5306883392141277]",28.959138824554397,1.9539645064717726
"[0.27385496456933517, 0.6525781246089515, -0.889260655743014, 0.5306877092550262]",28.95918097826371,1.954027338953169
"[0.27384837362620745, 0.652578334368752, -0.8892614219038314, 0.5306870790872534]",28.959223136302853,1.9540901714345658
"[0.2738417833300506, 0.6525785441835266, -0.8892621880601691, 0.5306864488514157]",28.95926529318845,1.9541530039159625
"[0.2738351921657409, 0.6525787541015279, -0.8892629543881696, 0.5306858184025967]",28.95930745439746,1.9542158363973587
"[0.27382860200015435, 0.652578964063302, -0.8892637206707757, 0.5306851879193574]",28.95934961216834,1.9542786688787555
"[0.2738220116198086, 0.6525791741074777, -0.8892644870490738, 0.5306845572856475]",28.959391774403027,1.9543415013601522
"[0.27381542023680316, 0.6525793842592016, -0.8892652536147041, 0.5306839264260157]",28.95943393716567,1.9544043338415487
"[0.2738088299364333, 0.6525795944520042, -0.8892660201251474, 0.5306832955400241]",28.95947610221691,1.9544671663229454
"[0.2738022389254711, 0.6525798047430079, -0.8892667867889679, 0.5306826644560947]",28.959518266496673,1.954529998804342
"[0.27379564786504196, 0.652580015111195, -0.8892675535292713, 0.5306820332374271]",28.959560432819842,1.9545928312857384
"[0.2737890564189834, 0.6525802255672802, -0.8892683203851705, 0.5306814018518385]",28.959602603120942,1.954655663767135
"[0.2737824656769708, 0.6525804360764662, -0.8892690872298848, 0.5306807704037136]",28.959644771588014,1.9547184962485318
"[0.2737758747244342, 0.6525806466679555, -0.8892698541698172, 0.5306801388054408]",28.959686939824838,1.9547813287299283
"[0.27376928421017055, 0.6525808573210115, -0.8892706211294668, 0.5306795071192002]",28.959729111395436,1.954844161211325
"[0.27376269298043815, 0.6525810680725205, -0.889271388243101, 0.5306788752343906]",28.959771285442546,1.9549069936927217
"[0.2737561014485409, 0.6525812789092742, -0.889272155462634, 0.5306782431906142]",28.959813460735184,1.9549698261741184
"[0.2737495105110025, 0.652581489802601, -0.8892729226837082, 0.5306776110738305]",28.95985563678284,1.9550326586555147
"[0.27374291891327246, 0.6525817007926504, -0.8892736900523595, 0.530676978763706]",28.959897812460316,1.9550954911369114
"[0.2737363283702543, 0.6525819118244899, -0.8892744573689396, 0.5306763464247963]",28.959939989801356,1.955158323618308
"[0.27372973690303476, 0.652582122961516, -0.8892752248638418, 0.5306757138671913]",28.959982167414314,1.9552211560997046
"[0.27372314520173285, 0.6525823341816321, -0.8892759924567287, 0.5306750811570939]",28.960024350406556,1.9552839885811013
"[0.2737165541629358, 0.6525825454560955, -0.8892767600431857, 0.5306744483805815]",28.960066530773872,1.955346821062498
"[0.27370996226589556, 0.6525827568336783, -0.8892775278003181, 0.530673815391618]",28.960108713109467,1.9554096535438943
"[0.2737033715464897, 0.6525829682490487, -0.8892782954910046, 0.530673182385758]",28.960150894336856,1.955472486025291
"[0.27369678013101223, 0.6525831797623263, -0.8892790633334836, 0.5306725491830242]",28.960193083887567,1.9555353185066877
"[0.2736901889503319, 0.6525833913436557, -0.889279831219324, 0.5306719158728136]",28.960235268212227,1.9555981509880842
"[0.2736835969931787, 0.6525836030255128, -0.8892805992663473, 0.5306712823579346]",28.960277459630476,1.955660983469481
"[0.27367700511570503, 0.6525838147803771, -0.8892813673748128, 0.5306706487206924]",28.960319647190726,1.9557238159508776
"[0.2736704139422723, 0.6525840265882161, -0.8892821354719518, 0.5306700150210759]",28.960361835567472,1.955786648432274
"[0.2736638213214618, 0.6525842385181667, -0.8892829038084895, 0.53066938105223]",28.960404027360838,1.9558494809136706
"[0.2736572306240313, 0.6525844504618608, -0.8892836719915723, 0.5306687471383105]",28.960446219974376,1.9559123133950673
"[0.27365063849251725, 0.6525846625272761, -0.8892844404125212, 0.5306681129563771]",28.96048841420681,1.9559751458764638
"[0.27364404705388773, 0.6525848746459514, -0.8892852088234167, 0.5306674787110868]",28.96053061081648,1.9560379783578605
"[0.273637455754632, 0.6525850868357281, -0.8892859772887685, 0.530666844349148]",28.960572805285054,1.9561008108392572
"[0.2736308634345269, 0.6525852991339631, -0.8892867459438575, 0.530666209758879]",28.960615004042563,1.956163643320654
"[0.2736242711713653, 0.6525855115059599, -0.889287514663029, 0.5306655750440041]",28.960657203148926,1.9562264758020502
"[0.27361767951812743, 0.6525857239338911, -0.8892882833817884, 0.5306649402577832]",28.960699403692328,1.956289308283447
"[0.2736110882288667, 0.6525859364256734, -0.8892890521288012, 0.530664305376548]",28.96074160623233,1.9563521407648439
"[0.2736044963455454, 0.6525861490121759, -0.8892898210158062, 0.5306636703080337]",28.960783806827063,1.9564149732462401
"[0.2735979035283566, 0.652586361704402, -0.8892905900824624, 0.5306630350194325]",28.96082601061649,1.9564778057276369
"[0.2735913117327639, 0.6525865744392582, -0.8892913591006578, 0.5306623996991805]",28.960868214765384,1.9565406382090336
"[0.27358471975757803, 0.6525867872554909, -0.889292128210512, 0.5306617642315349]",28.960910422340824,1.9566034706904298
"[0.2735781280995749, 0.6525870001370644, -0.8892928973540601, 0.5306611286643798]",28.960952631225684,1.9566663031718268
"[0.273571535728625, 0.6525872131172521, -0.8892936666515077, 0.5306604928983778]",28.960994840285334,1.9567291356532235
"[0.2735649433454465, 0.6525874261734262, -0.8892944360210949, 0.5306598570010839]",28.961037047563206,1.9567919681346198
"[0.27355835124958783, 0.6525876392959247, -0.8892952054278552, 0.5306592210013682]",28.961079260813502,1.9568548006160165
"[0.27355175890140115, 0.6525878525021236, -0.8892959749347771, 0.5306585848472499]",28.96112147299148,1.9569176330974132
"[0.27354516660261263, 0.6525880657823369, -0.8892967445066383, 0.5306579485677516]",28.9611636881666,1.9569804655788097
"[0.27353857466258014, 0.6525882791265247, -0.8892975141073188, 0.5306573121927705]",28.9612059022175,1.9570432980602064
"[0.2735319826905559, 0.6525884925473274, -0.8892982837824309, 0.5306566756845914]",28.96124811947907,1.957106130541603
"[0.27352538982552604, 0.6525887060726361, -0.88929905363252, 0.5306560389600474]",28.96129033590901,1.9571689630229994
"[0.2735187970230219, 0.6525889196715178, -0.8892998235460204, 0.5306554021113936]",28.961332554517647,1.957231795504396
"[0.27351220508782653, 0.6525891333178825, -0.8893005934289326, 0.530654765216394]",28.96137477299678,1.9572946279857928
"[0.2735056127563645, 0.6525893470526724, -0.8893013634288229, 0.5306541281529797]",28.96141699736631,1.9573574604671895
"[0.27349901931902576, 0.652589560898921, -0.8893021336285978, 0.5306534908525277]",28.961459220743137,1.957420292948586
"[0.2734924263937826, 0.6525897748041614, -0.8893029038392657, 0.5306528534714058]",28.96150144058856,1.9574831254299827
"[0.27348583469627674, 0.6525899887451576, -0.8893036739771923, 0.5306522160788323]",28.961543667076686,1.9575459579113794
"[0.2734792418688632, 0.6525902027983992, -0.8893044443178306, 0.5306515784468676]",28.961585894927108,1.9576087903927757
"[0.27347264874521476, 0.6525904169368479, -0.8893052147637908, 0.5306509406560898]",28.961628120758693,1.9576716228741724
"[0.27346605568982524, 0.6525906311486982, -0.8893059852724815, 0.5306503027417124]",28.96167034993078,1.9577344553555691
"[0.2734594632793703, 0.6525908454151652, -0.8893067557764966, 0.530649664759595]",28.96171258033232,1.9577972878369656
"[0.2734528711779043, 0.6525910597471716, -0.8893075263150829, 0.5306490266772262]",28.96175481131182,1.9578601203183623
"[0.27344627727155385, 0.6525912742134738, -0.8893082971353501, 0.5306483882899444]",28.961797044710266,1.957922952799759
"[0.2734396852938495, 0.6525914886926172, -0.8893090678008501, 0.5306477499592355]",28.96183927729063,1.9579857852811553
"[0.27343309208908945, 0.6525917032872821, -0.8893098386805011, 0.5306471113795143]",28.96188151144634,1.958048617762552
"[0.2734264988254162, 0.6525919179594679, -0.8893106096377436, 0.5306464726638827]",28.961923747559208,1.9581114502439487
"[0.273419905898003, 0.6525921326962917, -0.8893113806263637, 0.5306458338506409]",28.961965986363598,1.9581742827253452
"[0.27341331272165204, 0.6525923475168182, -0.8893121517147925, 0.5306451948830796]",28.962008223577577,1.958237115206742
"[0.2734067203685159, 0.6525925623861094, -0.8893129227776284, 0.5306445558651126]",28.962050464401617,1.9582999476881386
"[0.2734001264686782, 0.6525927773814103, -0.8893136940920752, 0.530643916567006]",28.96209270445565,1.9583627801695354
"[0.27339353358855645, 0.6525929924190564, -0.8893144653579355, 0.5306432772375568]",28.962134948252583,1.9584256126509316
"[0.27338694055221846, 0.6525932075373931, -0.8893152367127605, 0.530642637762747]",28.962177190565196,1.9584884451323283
"[0.273380347361713, 0.6525934227363486, -0.8893160081563141, 0.5306419981427763]",28.962219434161526,1.958551277613725
"[0.273373754556698, 0.6525936379983025, -0.8893167796254479, 0.530641358430004]",28.96226168271787,1.9586141100951215
"[0.27336716124212534, 0.652593853352491, -0.8893175512248986, 0.5306407185375625]",28.962303930354313,1.9586769425765183
"[0.27336056760941235, 0.6525940687926699, -0.8893183229322765, 0.5306400784840101]",28.96234617787221,1.958739775057915
"[0.27335397501907915, 0.6525942842743729, -0.8893190945883359, 0.5306394384014325]",28.96238842923204,1.9588026075393112
"[0.273347380629295, 0.6525944998905034, -0.8893198665257215, 0.530638798013882]",28.962430679971924,1.958865440020708
"[0.2733407874651057, 0.6525947155421494, -0.8893206383903296, 0.5306381576151192]",28.962472932765827,1.9589282725021047
"[0.27333419414592336, 0.6525949312744571, -0.889321410343768, 0.5306375170710654]",28.962515184554302,1.9589911049835012
"[0.27332760048922805, 0.6525951470934072, -0.8893221824074127, 0.5306368763639712]",28.962557439175345,1.9590539374648979
"[0.27332100667450243, 0.6525953629931297, -0.8893229545602545, 0.530636235511262]",28.962599696311738,1.9591167699462946
"[0.27331441378548066, 0.6525955789381466, -0.8893237266753707, 0.5306355946182628]",28.962641954422715,1.9591796024276908
"[0.2733078198216487, 0.6525957949939307, -0.8893244989870525, 0.5306349534905634]",28.962684210701347,1.9592424349090876
"[0.27330122574884935, 0.6525960111289054, -0.8893252713821903, 0.5306343122219739]",28.962726470326373,1.9593052673904843
"[0.2732946325135584, 0.6525962273120214, -0.8893260437499076, 0.5306336709045733]",28.962768733758274,1.9593680998718808
"[0.27328803821442504, 0.6525964436056233, -0.889326816312941, 0.5306330293534112]",28.9628109945544,1.9594309323532775
"[0.273281445393635, 0.6525966599263328, -0.8893275887734491, 0.5306323878158077]",28.962853257269426,1.9594937648346742
"[0.27327485052606604, 0.6525968763897846, -0.8893283615444694, 0.530631745948767]",28.962895523531678,1.959556597316071
"[0.2732682569201346, 0.6525970928874345, -0.8893291342383391, 0.530631104074223]",28.962937788355262,1.9596194297974672
"[0.27326166267287477, 0.6525973094817461, -0.8893299070780526, 0.5306304620069511]",28.962980057177912,1.9596822622788639
"[0.27325506911163344, 0.6525975261291195, -0.8893306799080439, 0.5306298198761918]",28.963022323480835,1.9597450947602606
"[0.27324847524204243, 0.6525977428622185, -0.8893314528448559, 0.5306291775851166]",28.963064592842965,1.959807927241657
"[0.27324188107617925, 0.6525979596806576, -0.8893322258870804, 0.5306285351348792]",28.963106866388426,1.9598707597230538
"[0.27323528792324836, 0.6525981765413732, -0.8893329988812254, 0.5306278926530553]",28.963149136604716,1.9599335922044505
"[0.2732286929701536, 0.652598393536909, -0.8893337721571152, 0.5306272498654873]",28.963191409969816,1.9599964246858468
"[0.2732220990918457, 0.6525986105726944, -0.8893345453776638, 0.530626607052348]",28.963233684633117,1.9600592571672435
"[0.27321550509188475, 0.6525988276880536, -0.8893353186831545, 0.5306259640970745]",28.963275960608062,1.9601220896486402
"[0.2732089108324069, 0.6525990448875698, -0.8893360920897588, 0.5306253209861636]",28.963318237108524,1.9601849221300367
"[0.2732023159492126, 0.652599262183242, -0.8893368656402051, 0.530624677684082]",28.963360516395277,1.9602477546114334
"[0.2731957221483294, 0.652599479518849, -0.8893376391343747, 0.5306240343572577]",28.96340279495851,1.9603105870928301
"[0.2731891276393813, 0.6525996969533949, -0.8893384127822828, 0.5306233908310207]",28.963445077760966,1.9603734195742264
"[0.2731825333614829, 0.6525999144559257, -0.8893391864737623, 0.5306227471969946]",28.96348735827808,1.960436252055623
"[0.2731759388951771, 0.6526001320402679, -0.8893399602580244, 0.5306221034142464]",28.96352964216591,1.9604990845370198
"[0.27316934514527413, 0.6526003496765653, -0.8893407340288905, 0.530621459571111]",28.9635719291867,1.9605619170184168
"[0.27316275058313527, 0.6526005674152704, -0.889341507965745, 0.5306208155183247]",28.963614211675022,1.960624749499813
"[0.2731561556281732, 0.6526007852425569, -0.889342282019384, 0.530620171296809]",28.963656500546122,1.9606875819812097
"[0.2731495607679435, 0.6526010031423235, -0.889343056132586, 0.5306195269541816]",28.963698788770202,1.9607504144626065
"[0.2731429668925382, 0.652601221085145, -0.8893438302008531, 0.5306188825774327]",28.963741079135975,1.960813246944003
"[0.27313637248211775, 0.6526014391212418, -0.8893446044025919, 0.5306182380180565]",28.963783366937168,1.9608760794253997
"[0.27312977678922074, 0.6526016572753628, -0.889345378825586, 0.5306175932029311]",28.963825660439053,1.9609389119067964
"[0.2731231829975903, 0.6526018754421932, -0.8893461530960091, 0.5306169484433263]",28.96386795579537,1.9610017443881926
"[0.27311658821255674, 0.6526020937174969, -0.8893469275537492, 0.5306163034562108]",28.9639102468165,1.9610645768695893
"[0.2731099931563873, 0.6526023120773706, -0.8893477021140067, 0.5306156583122076]",28.96395254436111,1.961127409350986
"[0.2731033983201476, 0.6526025305055747, -0.8893484767191074, 0.530615013059326]",28.96399484108359,1.9611902418323826
"[0.27309680327581576, 0.6526027490162789, -0.889349251419323, 0.5306143676556928]",28.964037138933787,1.9612530743137793
"[0.2730902088402091, 0.6526029675824121, -0.8893500261186966, 0.5306137221812536]",28.964079438998823,1.961315906795176
"[0.27308361350918264, 0.6526031862538322, -0.8893508009939363, 0.5306130764887685]",28.964121739327155,1.9613787392765722
"[0.27307701812180274, 0.6526034050027354, -0.8893515759464742, 0.5306124306603528]",28.964164042898787,1.961441571757969
"[0.27307042360547296, 0.6526036237983485, -0.8893523508673267, 0.5306117847868397]",28.96420634290114,1.9615044042393657
"[0.27306382896228715, 0.6526038426737653, -0.889353125873745, 0.530611138770515]",28.964248647619428,1.9615672367207622
"[0.27305723333664333, 0.6526040616574076, -0.889353901066296, 0.530610492527521]",28.964290956110624,1.9616300692021589
"[0.2730506389030343, 0.6526042806770606, -0.8893546761894044, 0.5306098462709369]",28.964333261289937,1.9616929016835556
"[0.27304404278917793, 0.652604499828143, -0.8893554515806898, 0.5306091997192436]",28.96437557053606,1.9617557341649523
"[0.27303744788442924, 0.6526047190146599, -0.8893562269005082, 0.5306085531556459]",28.964417880778324,1.9618185666463486
"[0.27303085298067753, 0.6526049382767439, -0.8893570022908671, 0.5306079064617328]",28.964460189813778,1.9618813991277453
"[0.27302425800602337, 0.6526051576167846, -0.8893577777602201, 0.5306072596304516]",28.964502500139265,1.961944231609142
"[0.2730176623266324, 0.6526053770558767, -0.8893585533831079, 0.5306066125996081]",28.964544813763005,1.9620070640905385
"[0.2730110669106671, 0.6526055965618149, -0.8893593290456847, 0.530605965464165]",28.964587128988,1.9620698965719352
"[0.27300447106293224, 0.6526058161577388, -0.8893601048297108, 0.5306053181559022]",28.964629442657856,1.962132729053332
"[0.27299787617026305, 0.6526060357974675, -0.8893608805720613, 0.5306046708109347]",28.964671761339098,1.9621955615347282
"[0.2729912807470671, 0.65260625553047, -0.8893616564474751, 0.5306040232834487]",28.964714080489536,1.962258394016125
"[0.2729846850758446, 0.6526064753473474, -0.8893624324227305, 0.5306033756011547]",28.964756400200226,1.9623212264975216
"[0.2729780895613641, 0.6526066952346125, -0.8893632084502061, 0.5306027278037914]",28.964798717418102,1.962384058978918
"[0.27297149411262944, 0.6526069151952985, -0.8893639845406036, 0.5306020798824225]",28.96484104132796,1.9624468914603148
"[0.2729648979775865, 0.6526071352544854, -0.8893647607824277, 0.5306014317631593]",28.96488336615625,1.9625097239417115
"[0.2729583026405547, 0.6526073553626413, -0.8893655370009983, 0.5306007835918611]",28.96492568914567,1.9625725564231078
"[0.2729517065811635, 0.6526075755705262, -0.8893663133752467, 0.5306001352190823]",28.96496801274722,1.9626353889045045
"[0.2729451109960314, 0.6526077958381922, -0.8893670897643319, 0.5305994867624403]",28.965010340861504,1.9626982213859012
"[0.2729385153146531, 0.6526080161846805, -0.8893678662354018, 0.53059883816586]",28.96505266907108,1.9627610538672977
"[0.272931919122643, 0.6526082366238445, -0.8893686428372478, 0.5305981893885706]",28.9650949980067,1.9628238863486944
"[0.2729253232322067, 0.6526084571285443, -0.8893694194742481, 0.530597540510449]",28.96513732840594,1.9628867188300911
"[0.27291872728104205, 0.6526086777108869, -0.889370196189056, 0.5305968914958581]",28.96517966012487,1.9629495513114879
"[0.2729121315880735, 0.6526088983602023, -0.8893709729441117, 0.5305962423761833]",28.96522199495359,1.9630123837928841
"[0.2729055354458436, 0.6526091191001613, -0.8893717498227325, 0.5305955930817896]",28.96526432682294,1.9630752162742808
"[0.27289894038851736, 0.6526093398794135, -0.8893725266442157, 0.5305949437637073]",28.965306662065363,1.9631380487556775
"[0.2728923437680723, 0.6526095607866038, -0.8893733037204751, 0.5305942941612193]",28.9653489975665,1.963200881237074
"[0.27288574799913706, 0.6526097817408918, -0.8893740807670789, 0.5305936445120716]",28.965391335396866,1.9632637137184707
"[0.2728791509107819, 0.6526100028150082, -0.8893748580397899, 0.5305929946024248]",28.96543367397165,1.9633265461998675
"[0.2728725548977669, 0.6526102239287055, -0.889375635256459, 0.5305923446681884]",28.965476014371305,1.9633893786812637
"[0.27286595884973097, 0.652610445119188, -0.8893764125479037, 0.5305916945999813]",28.9655183578496,1.9634522111626604
"[0.2728593624346506, 0.6526106663975936, -0.8893771899532549, 0.5305910443650697]",28.965560702270256,1.9635150436440572
"[0.272852766775789, 0.6526108877262335, -0.889377967340126, 0.5305903940741881]",28.965603043711415,1.9635778761254536
"[0.2728461692593291, 0.6526111091928415, -0.8893787450166063, 0.5305897434695911]",28.965645390632016,1.9636407086068504
"[0.2728395730986772, 0.6526113306895562, -0.8893795226039248, 0.5305890928681474]",28.965687737076287,1.963703541088247
"[0.2728329776525265, 0.6526115522378758, -0.889380300177648, 0.5305884422066623]",28.965730084793833,1.9637663735696433
"[0.27282638069552134, 0.6526117739125645, -0.889381078000146, 0.5305877912655731]",28.96577243341473,1.96382920605104
"[0.2728197846530608, 0.6526119956321653, -0.8893818557854561, 0.53058714028414]",28.965814782641193,1.9638920385324368
"[0.272813187469422, 0.6526122174656874, -0.8893826337759907, 0.5305864890595865]",28.965857133832543,1.9639548710138335
"[0.2728065909701631, 0.6526124393518484, -0.8893834117564662, 0.5305858377719832]",28.965899487116978,1.96401770349523
"[0.2727999946059696, 0.6526126613090767, -0.8893841897916548, 0.5305851863671603]",28.96594184115851,1.9640805359766267
"[0.2727933980602936, 0.6526128833480255, -0.8893849679188931, 0.5305845348138513]",28.96598419746608,1.9641433684580234
"[0.2727868005920712, 0.6526131054936668, -0.8893857462256127, 0.5305838830388131]",28.966026553836528,1.9642062009394197
"[0.27278020390207264, 0.6526133276887076, -0.8893865245111747, 0.5305832312100947]",28.966068911978798,1.9642690334208164
"[0.2727736068733571, 0.6526135499707891, -0.8893873029073478, 0.5305825792173067]",28.96611127248206,1.964331865902213
"[0.2727670108463478, 0.6526137722947242, -0.8893880812559614, 0.5305819271929543]",28.966153630145964,1.9643946983836096
"[0.27276041389143024, 0.652613994725556, -0.8893888597847117, 0.5305812749462857]",28.96619599098782,1.9644575308650063
"[0.272753816893441, 0.6526142172334521, -0.8893896383891918, 0.5305806225647719]",28.9662383537938,1.964520363346403
"[0.27274722001020413, 0.6526144398131168, -0.88939041705077, 0.5305799700639837]",28.96628071739884,1.9645831958277993
"[0.2727406232039443, 0.6526146624657702, -0.8893911957739042, 0.53057931744025]",28.966323083951476,1.964646028309196
"[0.2727340261123891, 0.6526148852036885, -0.8893919746013581, 0.5305786646576663]",28.966365450372216,1.964708860790593
"[0.2727274288785661, 0.6526151080220333, -0.8893927535162527, 0.5305780117303892]",28.966407816701278,1.9647716932719892
"[0.27272083274571784, 0.6526153308787982, -0.8893935323717854, 0.5305773587814879]",28.96645018614766,1.964834525753386
"[0.2727142346344045, 0.6526155538780398, -0.8893943115315815, 0.5305767055061007]",28.96649255721159,1.9648973582347826
"[0.2727076370629569, 0.6526157769346764, -0.8893950906982777, 0.5305760521535119]",28.966534926915728,1.964960190716179
"[0.27270104049356886, 0.6526160000330317, -0.8893958698172639, 0.530575398769564]",28.966577300473496,1.9650230231975758
"[0.27269444323105724, 0.6526162232304548, -0.8893966490887506, 0.5305747451863289]",28.966619675184756,1.9650858556789725
"[0.27268784571669485, 0.6526164465120278, -0.8893974284606279, 0.5305740914474971]",28.966662048964306,1.9651486881603693
"[0.2726812486469783, 0.6526166698541649, -0.8893982078506142, 0.5305734376221004]",28.96670442626359,1.9652115206417655
"[0.27267465125170254, 0.6526168932829657, -0.8893989873496982, 0.5305727836337714]",28.966746804751875,1.9652743531231622
"[0.27266805366622904, 0.652617116793798, -0.8893997669418975, 0.5305721294959806]",28.966789182292224,1.965337185604559
"[0.27266145578378503, 0.6526173403903444, -0.8894005466398305, 0.5305714751980536]",28.966831560847126,1.9654000180859554
"[0.27265485837302056, 0.6526175640465236, -0.8894013263526611, 0.5305708208162534]",28.966873941670638,1.9654628505673521
"[0.2726482606175281, 0.6526177877900209, -0.8894021061768718, 0.5305701662695907]",28.966916327090445,1.9655256830487489
"[0.2726416635867973, 0.6526180115845543, -0.8894028859860469, 0.5305695116641824]",28.966958710942805,1.9655885155301451
"[0.27263506563606427, 0.6526182354859255, -0.8894036659746091, 0.5305688568368123]",28.96700109429315,1.9656513480115418
"[0.2726284684746664, 0.6526184594361285, -0.8894044459404866, 0.5305682019571222]",28.96704348088826,1.9657141804929386
"[0.2726218704489424, 0.6526186834913072, -0.8894052260791874, 0.5305675468609437]",28.967085866744984,1.965777012974335
"[0.27261527309864114, 0.652618907599157, -0.8894060062086573, 0.5305668917011716]",28.96712825691752,1.9658398454557318
"[0.272608674873617, 0.6526191318123592, -0.8894067865121995, 0.5305662363238317]",28.96717064668254,1.9659026779371285
"[0.2726020776800931, 0.6526193560661369, -0.8894075667643812, 0.5305655809182624]",28.967213036426333,1.9659655104185247
"[0.27259547917502375, 0.6526195804401124, -0.8894083472423198, 0.5305649252517146]",28.967255427942035,1.9660283428999215
"[0.27258888127672004, 0.6526198048690955, -0.8894091277191237, 0.5305642695147446]",28.967297822534377,1.9660911753813182
"[0.2725822834230861, 0.6526200293721844, -0.889409908261273, 0.5305636136515174]",28.967340218739174,1.9661540078627147
"[0.2725756857840242, 0.6526202539435936, -0.8894106888486619, 0.5305629576789265]",28.96738261461122,1.9662168403441114
"[0.27256908750204817, 0.6526204786125167, -0.8894114695827489, 0.5305623015117006]",28.967425012700044,1.966279672825508
"[0.2725624888812093, 0.6526207033686166, -0.8894122504275709, 0.5305616451800461]",28.967467410226813,1.9663425053069048
"[0.2725558913752081, 0.6526209281623679, -0.8894130312110912, 0.5305609888285716]",28.967509809344133,1.966405337788301
"[0.27254929264519406, 0.6526211530734556, -0.8894138122101022, 0.5305603322245996]",28.96755221204802,1.9664681702696978
"[0.2725426951809239, 0.6526213780170241, -0.8894145931299247, 0.530559675615863]",28.967594613364323,1.9665310027510945
"[0.2725360965839484, 0.652621603074842, -0.8894153742544514, 0.5305590187636653]",28.967637015845735,1.966593835232491
"[0.2725294981729461, 0.6526218282019577, -0.8894161554275937, 0.5305583617992312]",28.96767942229038,1.9666566677138877
"[0.27252290002669527, 0.6526220533956593, -0.8894169366400176, 0.5305577047304354]",28.967721826725363,1.9667195001952844
"[0.27251630145842576, 0.6526222786794019, -0.8894177179730366, 0.5305570474888617]",28.967764235543545,1.9667823326766807
"[0.27250970319639983, 0.6526225040283258, -0.8894184993404173, 0.5305563901470395]",28.96780664467502,1.9668451651580774
"[0.2725031047891617, 0.6526227294578252, -0.8894192807956192, 0.5305557326600201]",28.967849051698142,1.966907997639474
"[0.27249650620838617, 0.652622954968914, -0.8894200623419978, 0.530555075024919]",28.967891465687092,1.9669708301208706
"[0.27248990712209387, 0.6526231805728872, -0.8894208440188859, 0.5305544172087031]",28.96793387543507,1.9670336626022673
"[0.2724833089869687, 0.6526234062199784, -0.889421625653726, 0.5305537593565384]",28.967976291760074,1.967096495083664
"[0.27247671017774494, 0.6526236319657606, -0.8894224074390454, 0.5305531013063913]",28.968018704499883,1.9671593275650603
"[0.27247011179932495, 0.652623857772442, -0.8894231892439453, 0.5305524431684316]",28.968061118229173,1.967222160046457
"[0.2724635132297944, 0.6526240836612818, -0.8894239711421081, 0.5305517848806568]",28.968103538670633,1.9672849925278537
"[0.27245691437775105, 0.6526243096354343, -0.8894247531443703, 0.5305511264339089]",28.96814595705352,1.9673478250092504
"[0.2724503155444351, 0.6526245356845801, -0.8894255352150362, 0.5305504678582454]",28.96818837404367,1.967410657490647
"[0.272443717701167, 0.6526247617754289, -0.8894263172389704, 0.5305498092506324]",28.968230795816034,1.9674734899720436
"[0.2724371187462346, 0.6526249879800052, -0.8894270994652842, 0.5305491504012637]",28.968273217563954,1.9675363224534403
"[0.2724305191280824, 0.6526252142829695, -0.889427881840846, 0.5305484913548539]",28.968315641726846,1.9675991549348366
"[0.27242392063080645, 0.6526254406231146, -0.8894286641541468, 0.5305478322896032]",28.968358065672913,1.9676619874162333
"[0.27241732186671236, 0.6526256670480556, -0.8894294465696936, 0.5305471730668929]",28.968400491472398,1.96772481989763
"[0.2724107226845123, 0.6526258935629685, -0.8894302291054359, 0.5305465136716181]",28.968442920088552,1.9677876523790265
"[0.27240412341337555, 0.65262612015658, -0.8894310117223462, 0.5305458541366319]",28.9684853470427,1.9678504848604232
"[0.272397523836424, 0.6526263468363513, -0.8894317944461492, 0.5305451944402343]",28.968527775685395,1.96791331734182
"[0.2723909249315189, 0.6526265735686535, -0.8894325771608623, 0.5305445346802244]",28.968570206855624,1.9679761498232162
"[0.2723843263000783, 0.6526268003671942, -0.8894333599137454, 0.5305438748167406]",28.968612638297774,1.968038982304613
"[0.2723777270261963, 0.6526270272634576, -0.8894341428134505, 0.5305432147581816]",28.968655071826863,1.9681018147860097
"[0.27237112763972615, 0.6526272542392235, -0.8894349257971301, 0.5305425545575368]",28.968697507172408,1.9681646472674061
"[0.27236452790104193, 0.6526274813027547, -0.889435708893221, 0.5305418941908001]",28.96873994369558,1.9682274797488029
"[0.2723579286577721, 0.6526277084248805, -0.8894364920011432, 0.5305412337427935]",28.96878238137591,1.9682903122301996
"[0.2723513288775831, 0.6526279356411305, -0.8894372752433992, 0.5305405731101976]",28.96882481781236,1.9683531447115958
"[0.27234472962651407, 0.6526281629148135, -0.8894380584934729, 0.5305399123997059]",28.968867257136935,1.9684159771929925
"[0.272338130251163, 0.652628390268392, -0.8894388418289093, 0.5305392515459503]",28.96890969917001,1.9684788096743893
"[0.27233153128006443, 0.6526286176836833, -0.889439625186964, 0.530538590601825]",28.968952140365708,1.968541642155786
"[0.27232493132572444, 0.6526288452085052, -0.8894404087323542, 0.53053792942835]",28.968994582915684,1.9686044746371825
"[0.27231833134286776, 0.6526290728099592, -0.8894411923517498, 0.530537268121139]",28.969037026399242,1.9686673071185792
"[0.2723117318331718, 0.6526293004707385, -0.8894419759855775, 0.530536606730468]",28.96907947339192,1.968730139599976
"[0.2723051325169296, 0.6526295282004776, -0.8894427596670389, 0.5305359452283246]",28.96912191997063,1.9687929720813722
"[0.2722985324005253, 0.6526297560334758, -0.8894435435141349, 0.5305352835150888]",28.969164366447785,1.9688558045627689
"[0.27229193313250016, 0.6526299839128246, -0.8894443273310795, 0.5305346217560389]",28.969206817637254,1.9689186370441658
"[0.272285333435976, 0.6526302118826124, -0.8894451112695226, 0.5305339598231371]",28.96924926703972,1.968981469525562
"[0.27227873319367313, 0.6526304399468942, -0.8894458953434105, 0.5305332977046038]",28.969291721391233,1.9690443020069588
"[0.2722721330593945, 0.6526306680831034, -0.8894466794750792, 0.5305326354659898]",28.96933417472868,1.9691071344883555
"[0.272265533391633, 0.6526308962788132, -0.8894474636219291, 0.5305319731433101]",28.9693766262532,1.969169966969752
"[0.2722589331730139, 0.652631124569223, -0.8894482479048389, 0.5305313106344335]",28.96941908219773,1.9692327994511487
"[0.27225233366912566, 0.6526313529105489, -0.8894490321734193, 0.5305306480664052]",28.969461539976628,1.9692956319325454
"[0.2722457331214558, 0.65263158136364, -0.8894498166366518, 0.5305299852626644]",28.96950399585609,1.9693584644139417
"[0.2722391336643275, 0.6526318098546292, -0.889450601040873, 0.5305293224375243]",28.9695464588861,1.9694212968953384
"[0.27223253304730677, 0.6526320384614279, -0.8894513856535671, 0.5305286593649605]",28.96958891701379,1.9694841293767351
"[0.2722259336505195, 0.6526322671015811, -0.8894521701918087, 0.530527996284096]",28.969631377681306,1.9695469618581318
"[0.2722193323740549, 0.6526324958825326, -0.8894529550241228, 0.5305273328833988]",28.969673840598457,1.9696097943395283
"[0.2722127325172209, 0.6526327246899216, -0.8894537397582589, 0.5305266694944486]",28.969716304969182,1.969672626820925
"[0.27220613159394397, 0.6526329536099421, -0.889454524689808, 0.5305260058673494]",28.96975877069706,1.9697354593023217
"[0.27219953154858006, 0.6526331825751638, -0.8894553095875634, 0.5305253421975735]",28.969801237081818,1.969798291783718
"[0.2721929316091913, 0.6526334116123442, -0.8894560945433092, 0.5305246784075299]",28.969843705652476,1.9698611242651147
"[0.2721863312559081, 0.652633640739534, -0.8894568796188799, 0.5305240144449158]",28.969886173603992,1.9699239567465114
"[0.27217973059484735, 0.6526338699530576, -0.8894576648016629, 0.5305233503203859]",28.969928643993494,1.969986789227908
"[0.27217313047746616, 0.6526340992233447, -0.8894584499903677, 0.530522686119612]",28.969971115984595,1.9700496217093046
"[0.2721665297501255, 0.6526343285904703, -0.889459235322238, 0.5305220217264925]",28.97001358866721,1.9701124541907014
"[0.27215992898051394, 0.6526345580347183, -0.8894600207297412, 0.5305213571981473]",28.970056061598815,1.9701752866720976
"[0.27215332814877924, 0.65263478755678, -0.88946080621524, 0.5305206925325716]",28.97009853839948,1.9702381191534943
"[0.27214672704373083, 0.6526350171640037, -0.889461591803869, 0.5305200277084882]",28.970141014565918,1.970300951634891
"[0.2721401261368455, 0.6526352468399907, -0.8894623774395185, 0.530519362773376]",28.97018349339246,1.9703637841162875
"[0.2721335258142849, 0.6526354765712903, -0.8894631630762146, 0.5305186977661557]",28.970225972574376,1.9704266165976843
"[0.27212692452760295, 0.6526357064118113, -0.889463948898272, 0.5305180325307928]",28.97026845176675,1.970489449079081
"[0.2721203242087093, 0.6526359362942783, -0.8894647346757146, 0.5305173672619834]",28.97031093427158,1.9705522815604772
"[0.27211372338041107, 0.6526361662701197, -0.8894655205843963, 0.5305167018108615]",28.97035341567289,1.970615114041874
"[0.27210712238021206, 0.6526363963276154, -0.8894663065841406, 0.5305160362113963]",28.970395900081115,1.9706779465232707
"[0.2721005219517623, 0.6526366264408334, -0.889467092586392, 0.53051537053859]",28.97043838512626,1.9707407790046674
"[0.2720939197632942, 0.6526368566910734, -0.8894678788688443, 0.5305147045572556]",28.97048087182484,1.9708036114860639
"[0.2720873195271852, 0.6526370869488711, -0.8894686649893694, 0.5305140386418636]",28.970523359204993,1.9708664439674606
"[0.2720807186318465, 0.652637317305315, -0.8894694512589986, 0.5305133725289569]",28.97056584684035,1.9709292764488573
"[0.2720741162036138, 0.6526375477909303, -0.8894702377818322, 0.5305127061303058]",28.970608337759863,1.9709921089302536
"[0.2720675160567301, 0.6526377782725458, -0.8894710241034811, 0.5305120398309168]",28.97065082933509,1.9710549414116503
"[0.2720609141323811, 0.6526380088918944, -0.8894718107074896, 0.5305113732210488]",28.9706933216076,1.971117773893047
"[0.2720543133834769, 0.6526382395458328, -0.8894725972420342, 0.5305107065988454]",28.970735814185826,1.9711806063744435
"[0.2720477118186779, 0.6526384703039397, -0.8894733839443926, 0.5305100397632043]",28.97077831023763,1.9712434388558402
"[0.27204111054250363, 0.6526387011276108, -0.8894741706829475, 0.5305093728256818]",28.97082080449255,1.971306271337237
"[0.2720345087565039, 0.6526389320447781, -0.8894749575528591, 0.530508705705589]",28.97086330413685,1.9713691038186332
"[0.2720279075999523, 0.6526391630155732, -0.8894757444183352, 0.5305080385180705]",28.970905803191382,1.9714319363000299
"[0.2720213063212838, 0.6526393940662971, -0.8894765313689527, 0.5305073711871622]",28.97094830594461,1.9714947687814266
"[0.2720147041684098, 0.6526396252232863, -0.8894773184943839, 0.5305067036368065]",28.97099080512266,1.971557601262823
"[0.27200810298983624, 0.6526398564218203, -0.8894781055742425, 0.5305060360539058]",28.971033305022193,1.9716204337442198
"[0.27200150112500765, 0.6526400877200572, -0.8894788928065156, 0.5305053682705261]",28.971075809798943,1.9716832662256165
"[0.27199489975954033, 0.6526403190764378, -0.8894796800498282, 0.5305047004066147]",28.971118314720346,1.9717460987070128
"[0.271988298013025, 0.6526405505218352, -0.8894804674091695, 0.530504032373076]",28.971160821417982,1.9718089311884095
"[0.2719816960360551, 0.6526407820509774, -0.889481254866587, 0.530503364185131]",28.97120332797893,1.9718717636698062
"[0.2719750946382755, 0.652641013635463, -0.8894820423255024, 0.5305026959247328]",28.971245837630676,1.971934596151203
"[0.27196849267072537, 0.6526412453155985, -0.8894828299229701, 0.5305020274755696]",28.97128834673031,1.9719974286325994
"[0.2719618910230063, 0.6526414770601715, -0.8894836175528656, 0.5305013589277003]",28.971330857214653,1.9720602611139961
"[0.2719552890834392, 0.652641708890641, -0.8894844052881657, 0.5305006902191938]",28.971373369999135,1.9721230935953928
"[0.2719486867433434, 0.6526419408108486, -0.8894851931418473, 0.5305000213390024]",28.971415883732178,1.972185926076789
"[0.27194208477714826, 0.6526421727935844, -0.8894859810214973, 0.5304993523655864]",28.971458401002202,1.9722487585581858
"[0.2719354819491788, 0.6526424048822782, -0.8894867690745873, 0.5304986831737171]",28.971500916286093,1.9723115910395825
"[0.27192888057786113, 0.6526426369954252, -0.8894875570244013, 0.5304980139983814]",28.97154343383069,1.972374423520979
"[0.2719222784370466, 0.6526428692112983, -0.8894883451366423, 0.530497344613922]",28.97158595187268,1.9724372560023757
"[0.27191567601220396, 0.6526431015128309, -0.8894891333533747, 0.530496675069536]",28.971628473046074,1.9725000884837725
"[0.271909074122031, 0.6526433338711921, -0.8894899215768557, 0.5304960054482775]",28.971670992593424,1.9725629209651687
"[0.27190247173342674, 0.6526435663227564, -0.889490709930428, 0.530495335645341]",28.971713514276487,1.9726257534465654
"[0.27189586951101624, 0.6526437988441436, -0.8894914983347367, 0.5304946657281212]",28.97175603688698,1.9726885859279621
"[0.2718892666768338, 0.652644031462752, -0.8894922868826873, 0.5304939956176731]",28.971798562526292,1.9727514184093586
"[0.2718826643084066, 0.6526442641406187, -0.8894930754455975, 0.5304933254233506]",28.97184108812324,1.9728142508907553
"[0.2718760618795543, 0.6526444968962811, -0.8894938640863039, 0.5304926550917497]",28.97188361483337,1.972877083372152
"[0.27186945931673384, 0.652644729732334, -0.8894946528135933, 0.5304919846153957]",28.97192614431116,1.9729399158535488
"[0.2718628575759031, 0.6526449626150648, -0.8894954415132554, 0.5304913140913688]",28.971968672454345,1.973002748334945
"[0.2718562546377193, 0.65264519561568, -0.8894962304265448, 0.5304906433145964]",28.972011202140564,1.973065580816342
"[0.27184965215397033, 0.6526454286759393, -0.8894970193561159, 0.530489972452812]",28.972053736669825,1.9731284132977387
"[0.2718430489628203, 0.6526456618368512, -0.8894978084407991, 0.5304893013879629]",28.972096271032385,1.973191245779135
"[0.2718364466724097, 0.6526458950416091, -0.8894985974884178, 0.5304886302835068]",28.972138803607205,1.9732540782605317
"[0.2718298439190825, 0.6526461283383935, -0.8894993866619338, 0.5304879590008148]",28.97218133945355,1.9733169107419284
"[0.27182324009255765, 0.6526463617487798, -0.8895001760343141, 0.5304872874778103]",28.972223877590515,1.9733797432233249
"[0.2718166378035201, 0.6526465951804927, -0.8895009652934869, 0.5304866159799678]",28.972266414266016,1.9734425757047216
"[0.27181003521258573, 0.6526468286985418, -0.8895017546593168, 0.5304859443202473]",28.97230895635922,1.9735054081861183
"[0.2718034328312049, 0.6526470622848413, -0.8895025440706584, 0.5304852725506688]",28.972351497082865,1.9735682406675146
"[0.2717968289883556, 0.6526472959985262, -0.8895033337273252, 0.5304846005011783]",28.972394036699423,1.9736310731489113
"[0.2717902258056457, 0.652647529764535, -0.8895041233756371, 0.5304839283876446]",28.972436579612395,1.973693905630308
"[0.2717836231982249, 0.6526477635858307, -0.88950491302572, 0.5304832562014896]",28.97247912522539,1.9737567381117045
"[0.2717770197857138, 0.6526479975113525, -0.8895057028426623, 0.530482583802109]",28.97252167196578,1.9738195705931012
"[0.27177041641336275, 0.6526482315110615, -0.8895064927253835, 0.5304819112756792]",28.97256421926468,1.973882403074498
"[0.27176381422702645, 0.6526484655444348, -0.8895072825367907, 0.5304812387388077]",28.972606767182427,1.9739452355558942
"[0.2717572104094293, 0.6526486997113106, -0.8895080726139195, 0.5304805659045375]",28.972649317672325,1.974008068037291
"[0.27175060716454985, 0.6526489339335566, -0.8895088626931024, 0.5304798929973866]",28.972691866190722,1.9740709005186876
"[0.2717440037033098, 0.6526491682391513, -0.8895096528687458, 0.5304792199369568]",28.97273441831948,1.9741337330000843
"[0.2717374002434351, 0.6526494026203752, -0.8895104431147985, 0.5304785467454273]",28.972776970657435,1.9741965654814808
"[0.2717307969287936, 0.6526496370721184, -0.8895112334140395, 0.5304778734374671]",28.97281952455219,1.9742593979628775
"[0.27172419364395767, 0.6526498715984776, -0.8895120237802798, 0.5304772000013067]",28.972862080735204,1.9743222304442742
"[0.2717175907044481, 0.6526501061882346, -0.8895128141757461, 0.5304765264691396]",28.972904637416697,1.9743850629256705
"[0.27171098666675647, 0.652650340892692, -0.8895136047732422, 0.530475852693689]",28.972947198586034,1.9744478954070672
"[0.27170438293181376, 0.6526505756620722, -0.8895143954050679, 0.5304751788178618]",28.972989754890754,1.974510727888464
"[0.2716977796891153, 0.652650810489623, -0.8895151860485218, 0.5304745048610174]",28.973032316198736,1.9745735603698604
"[0.2716911757481186, 0.6526510454176877, -0.8895159768461565, 0.5304738307016326]",28.973074880424964,1.9746363928512571
"[0.27168457162436155, 0.6526512804279404, -0.8895167677362503, 0.5304731563923081]",28.973117439729506,1.9746992253326539
"[0.27167796814939943, 0.6526515154907828, -0.8895175586192107, 0.530472482017959]",28.973160005820944,1.9747620578140501
"[0.27167136430823513, 0.6526517506423498, -0.8895183496165939, 0.5304718074749236]",28.97320257206409,1.9748248902954468
"[0.2716647602214249, 0.6526519858783242, -0.8895191407139711, 0.5304711327755367]",28.97324513596194,1.9748877227768435
"[0.2716581567049356, 0.6526522211696715, -0.8895199318135897, 0.5304704580031242]",28.973287704708742,1.97495055525824
"[0.271651552736418, 0.6526524565528036, -0.8895207230379237, 0.5304697830532356]",28.973330276018206,1.9750133877396367
"[0.27164494937319045, 0.6526526919900311, -0.8895215142602918, 0.5304691080339348]",28.97337284460976,1.9750762202210335
"[0.27163834487514593, 0.6526529275434069, -0.8895223056892029, 0.5304684327673211]",28.973415416858703,1.9751390527024302
"[0.2716317397073468, 0.6526531631963705, -0.8895230972689548, 0.5304677573008928]",28.973457990283915,1.9752018851838264
"[0.2716251365363743, 0.6526533988537674, -0.8895238886799558, 0.5304670819073746]",28.973500561959018,1.9752647176652232
"[0.2716185328116055, 0.6526536346065973, -0.8895246802278809, 0.530466406325925]",28.973543137630003,1.9753275501466199
"[0.2716119287519845, 0.6526538704470605, -0.8895254718864996, 0.5304657305789108]",28.973585715474595,1.9753903826280164
"[0.27160532373089263, 0.652654106397554, -0.8895262637309469, 0.5304650546021766]",28.97362829355986,1.975453215109413
"[0.27159872013660935, 0.652654342372754, -0.889527055474895, 0.530464378640155]",28.973670873243943,1.9755160475908098
"[0.2715921151293262, 0.6526545784741389, -0.8895278474588234, 0.5304637024021536]",28.973713452490408,1.975578880072206
"[0.27158551043521134, 0.6526548146400238, -0.8895286394757692, 0.5304630260648657]",28.97375603278148,1.9756417125536028
"[0.2715789063626988, 0.6526550508593626, -0.8895294314887293, 0.5304623496599029]",28.97379861527202,1.9757045450349995
"[0.27157230119565656, 0.6526552871935465, -0.8895302237035225, 0.5304616730114782]",28.97384120068245,1.975767377516396
"[0.27156569785841506, 0.6526555235379291, -0.8895310157693954, 0.5304609964191854]",28.973883783730027,1.9758302099977927
"[0.2715590930891544, 0.6526557600092506, -0.8895318080775935, 0.5304603195488197]",28.973926371328304,1.9758930424791894
"[0.27155248769398393, 0.6526559965787119, -0.8895326005314448, 0.5304596424828949]",28.973968958546198,1.9759558749605857
"[0.2715458829238585, 0.652656233201423, -0.8895333929808761, 0.5304589653497405]",28.97401154713225,1.9760187074419824
"[0.27153927880559053, 0.6526564698764882, -0.8895341854226433, 0.5304582881520334]",28.974054136398635,1.976081539923379
"[0.2715326740702233, 0.652656706649363, -0.8895349780090097, 0.5304576107596756]",28.97409672985256,1.9761443724047756
"[0.2715260689955402, 0.6526569435100787, -0.8895357707066567, 0.5304569332011586]",28.974139321009652,1.9762072048861723
"[0.27151946426927615, 0.652657180433996, -0.8895365634330438, 0.5304562555469994]",28.974181915433213,1.976270037367569
"[0.2715128597221361, 0.6526574174271739, -0.8895373562084803, 0.5304555777798456]",28.9742245107941,1.9763328698489657
"[0.27150625428954833, 0.6526576545278181, -0.8895381491607627, 0.5304548997904351]",28.9742671080069,1.976395702330362
"[0.2714996501918298, 0.6526578916562275, -0.889538942023343, 0.5304542218066672]",28.974309703829427,1.9764585348117587
"[0.2714930446234307, 0.6526581289131391, -0.8895397351330459, 0.5304535435405172]",28.974352302737465,1.9765213672931554
"[0.27148643909501113, 0.6526583662443181, -0.8895405283085119, 0.5304528651470554]",28.97439490385132,1.976584199774552
"[0.2714798337909492, 0.6526586036431412, -0.8895413215275959, 0.5304521866452147]",28.974437506031006,1.9766470322559486
"[0.27147322859199796, 0.6526588411138715, -0.8895421148046121, 0.5304515080227733]",28.974480105491402,1.9767098647373453
"[0.2714666242930736, 0.6526590786279213, -0.8895429080440745, 0.5304508293614183]",28.974522712898487,1.9767726972187416
"[0.2714600188910178, 0.6526593162573344, -0.8895437014865821, 0.5304501504552945]",28.974565316369038,1.9768355297001383
"[0.27145341307773585, 0.6526595539772493, -0.8895444950490466, 0.5304494713754643]",28.974607923157862,1.976898362181535
"[0.27144680815267286, 0.6526597917408885, -0.8895452885753564, 0.5304487922555292]",28.9746505307183,1.9769611946629315
"[0.27144020257498436, 0.6526600296037168, -0.8895460822506244, 0.5304481129370622]",28.974693137045776,1.9770240271443282
"[0.27143359753820634, 0.6526602675227592, -0.8895468759314452, 0.5304474335427972]",28.97473574784312,1.977086859625725
"[0.2714269919208798, 0.6526605055384133, -0.8895476697525765, 0.5304467539573758]",28.974778358353873,1.9771496921071212
"[0.2714203859518221, 0.6526607436424345, -0.8895484636865337, 0.530446074204327]",28.974820970901728,1.977212524588518
"[0.27141378074724876, 0.6526609817946002, -0.8895492575991574, 0.5304453943984972]",28.974863585816802,1.9772753570699149
"[0.27140717484614496, 0.6526612200475791, -0.8895500516660511, 0.5304447143895271]",28.974906200548467,1.9773381895513111
"[0.2714005701219845, 0.6526614583337937, -0.8895508456620043, 0.5304440343702814]",28.97494881401028,1.9774010220327078
"[0.27139396365464336, 0.6526616967586042, -0.8895516399380704, 0.530443354040088]",28.97499143295563,1.9774638545141046
"[0.2713873576363457, 0.652661935242917, -0.8895524342307055, 0.5304426736246582]",28.97503405174804,1.9775266869955013
"[0.27138075147602864, 0.6526621738080648, -0.8895532286109696, 0.5304419930631197]",28.975076672182762,1.9775895194768978
"[0.2713741459802623, 0.6526624124249085, -0.8895540229818653, 0.5304413124385796]",28.975119293500093,1.9776523519582945
"[0.2713675408635005, 0.6526626511037457, -0.8895548173777144, 0.5304406317216428]",28.975161916182994,1.9777151844396912
"[0.27136093472327844, 0.6526628898952658, -0.8895556119671983, 0.5304399507677514]",28.975204538513815,1.9777780169210875
"[0.271354328291315, 0.6526631287730416, -0.8895564066623267, 0.5304392696522878]",28.975247162960457,1.9778408494024842
"[0.27134772265262264, 0.6526633676978326, -0.8895572013325723, 0.5304385884871264]",28.975289786629137,1.9779036818838809
"[0.27134111604527184, 0.6526636067333789, -0.8895579961898988, 0.5304379070905609]",28.975332414553847,1.9779665143652774
"[0.2713345106971798, 0.6526638457990328, -0.8895587909662565, 0.5304372256924227]",28.975375041617607,1.978029346846674
"[0.27132790429720727, 0.6526640849784919, -0.8895595859397205, 0.5304365440542336]",28.975417673967417,1.9780921793280708
"[0.2713212979422294, 0.6526643242319895, -0.8895603809783187, 0.5304358622892231]",28.97546030610221,1.978155011809467
"[0.2713146908356312, 0.652664563588446, -0.889561176177926, 0.5304351803150869]",28.975502936209438,1.9782178442908638
"[0.27130808555797686, 0.6526648029543377, -0.8895619712279401, 0.5304344983982368]",28.975545569150675,1.9782806767722605
"[0.271301478381411, 0.652665042464756, -0.8895627665770677, 0.5304338161538139]",28.975588202580703,1.978343509253657
"[0.2712948729015771, 0.6526652819893628, -0.8895635617924793, 0.5304331339530871]",28.975630839438217,1.9784063417350537
"[0.27128826665246597, 0.6526655216175614, -0.8895643571710345, 0.5304324515413988]",28.975673475568918,1.9784691742164504
"[0.27128165914533414, 0.6526657613671145, -0.8895651527716083, 0.5304317688681999]",28.975716115637148,1.9785320066978471
"[0.27127505353833176, 0.6526660011234197, -0.8895659482139205, 0.5304310862597986]",28.97575875586235,1.9785948391792434
"[0.27126844679360246, 0.6526662409967259, -0.8895667438637741, 0.5304304034022884]",28.97580139508362,1.97865767166064
"[0.27126184067231474, 0.6526664809230935, -0.8895675395090782, 0.5304297204776885]",28.97584403750286,1.9787205041420368
"[0.27125523319648115, 0.6526667209743813, -0.8895683353880731, 0.5304290372814837]",28.975886680081935,1.9787833366234333
"[0.2712486267753475, 0.6526669610630522, -0.8895691312105659, 0.5304283540627883]",28.975929326569023,1.97884616910483
"[0.2712420197109148, 0.6526672012508183, -0.8895699271810926, 0.5304276706459956]",28.975971970084686,1.9789090015862267
"[0.271235412915678, 0.6526674415045097, -0.8895707231897269, 0.5304269871254823]",28.976014618775768,1.978971834067623
"[0.2712288057460166, 0.652667681847539, -0.8895715193140142, 0.5304263034346482]",28.976057264992814,1.9790346665490197
"[0.2712221996663159, 0.6526679222266049, -0.8895723153774935, 0.5304256197250664]",28.976099914835203,1.9790974990304164
"[0.27121559238916904, 0.6526681627249604, -0.8895731116558071, 0.5304249357599684]",28.976142564712227,1.979160331511813
"[0.271208986559289, 0.6526684032463312, -0.8895739078302215, 0.5304242518131372]",28.97618521509345,1.9792231639932096
"[0.271202378553326, 0.6526686439226602, -0.8895747043374542, 0.5304235675093951]",28.976227869501066,1.9792859964746063
"[0.2711957715959869, 0.6526688846365039, -0.8895755007888272, 0.530422883182661]",28.97627052342246,1.9793488289560026
"[0.27118916424703854, 0.6526691254403356, -0.8895762973579445, 0.5304221986837613]",28.97631317967019,1.9794116614373993
"[0.2711825571975446, 0.6526693663089668, -0.8895770939614932, 0.5304215140842881]",28.976355836753797,1.979474493918796
"[0.271175949954026, 0.6526696072603847, -0.8895778906589678, 0.5304208293331094]",28.976398492918293,1.9795373264001925
"[0.2711693430081377, 0.6526698482766575, -0.889578687391082, 0.53042014448118]",28.976441154324547,1.9796001588815892
"[0.2711627352258257, 0.6526700893991647, -0.8895794842945989, 0.5304194594109275]",28.97648381215592,1.979662991362986
"[0.27115612815002366, 0.6526703305716401, -0.8895802811834373, 0.5304187742822681]",28.97652647584154,1.9797258238443827
"[0.2711495211032384, 0.6526705718186884, -0.8895810781393051, 0.5304180890251056]",28.976569135834083,1.979788656325779
"[0.27114291321217515, 0.6526708131723253, -0.8895818752675454, 0.5304174035486964]",28.976611804019797,1.9798514888071757
"[0.2711363056720738, 0.6526710545888653, -0.8895826724239818, 0.5304167179770589]",28.976654468447883,1.9799143212885724
"[0.2711296985559553, 0.6526712960656202, -0.8895834695997907, 0.5304160323177973]",28.97669713463502,1.9799771537699689
"[0.27112309038422067, 0.6526715376566835, -0.8895842669735012, 0.5304153464173362]",28.97673980141212,1.9800399862513656
"[0.2711164831758219, 0.6526717792882457, -0.8895850643014961, 0.5304146604852265]",28.976782470813053,1.9801028187327623
"[0.27110987530711245, 0.6526720210196686, -0.8895858617797039, 0.5304139743529286]",28.97682514207769,1.9801656512141586
"[0.27110326772365717, 0.6526722628163771, -0.8895866592940127, 0.5304132881185987]",28.97686781163269,1.9802284836955553
"[0.271096659558011, 0.652672504710117, -0.8895874569491231, 0.5304126016921399]",28.97691048833922,1.980291316176952
"[0.2710900525891367, 0.652672746635755, -0.8895882545302909, 0.5304119152583608]",28.976953161455867,1.9803541486583485
"[0.2710834442505931, 0.6526729886872706, -0.8895890523473323, 0.5304112285506102]",28.976995834642796,1.9804169811397452
"[0.2710768361885159, 0.652673230804387, -0.8895898502015278, 0.5304105417399115]",28.977038512737316,1.980479813621142
"[0.27107022867139147, 0.6526734729772516, -0.8895906480604463, 0.5304098548541926]",28.977081190477353,1.9805426461025382
"[0.27106362047364063, 0.652673715250783, -0.8895914460720767, 0.5304091677660441]",28.97712386802809,1.9806054785839349
"[0.2710570120324545, 0.6526739576089707, -0.8895922441836377, 0.5304084805208891]",28.977166547798547,1.9806683110653316
"[0.2710504047740053, 0.6526741999994938, -0.8895930422228708, 0.5304077932670698]",28.97720922848747,1.9807311435467283
"[0.2710437957751155, 0.6526744425295995, -0.8895938405428518, 0.5304071057005117]",28.97725191144661,1.9807939760281248
"[0.2710371883397149, 0.6526746850780452, -0.8895946387444914, 0.530406418164933]",28.977294594674827,1.9808568085095215
"[0.27103057952126564, 0.6526749277529914, -0.8895954371837368, 0.5304057303537328]",28.97733728132758,1.9809196409909182
"[0.2710239715327127, 0.6526751704731898, -0.8895962355932403, 0.5304050424972017]",28.977379968628878,1.9809824734723145
"[0.2710173627320898, 0.6526754132989464, -0.8895970341713912, 0.5304043544244234]",28.977422656004915,1.9810453059537112
"[0.27101075467753555, 0.6526756561730107, -0.8895978327299102, 0.5304036662976193]",28.977465343106385,1.981108138435108
"[0.2710041462753736, 0.6526758991355872, -0.8895986314009559, 0.5304029780028913]",28.977508032523353,1.9811709709165044
"[0.27099753766606505, 0.6526761421814916, -0.8895994301675606, 0.5304022895548859]",28.977550723396156,1.9812338033979011
"[0.2709909288909525, 0.6526763853092349, -0.8896002290247315, 0.5304016009578643]",28.97759341748395,1.9812966358792978
"[0.2709843212948603, 0.6526766284693185, -0.8896010278098911, 0.5304009123519853]",28.977636110925364,1.981359468360694
"[0.2709777124486123, 0.6526768717511323, -0.8896018268166993, 0.5304002234840957]",28.977678805472955,1.981422300842091
"[0.2709711032640118, 0.6526771151211427, -0.8896026259349437, 0.5303995344491805]",28.977721503311614,1.9814851333234877
"[0.2709644948365067, 0.6526773585390138, -0.8896034250321645, 0.530398845361443]",28.97776420024127,1.981547965804884
"[0.27095788548586813, 0.652677602066603, -0.8896042243115401, 0.5303981560457145]",28.977806898108064,1.9816107982862807
"[0.27095127736776453, 0.6526778456245129, -0.8896050235123735, 0.5303974667267809]",28.97784959828875,1.9816736307676774
"[0.27094466803368045, 0.6526780893029764, -0.8896058229307923, 0.5303967771492407]",28.977892299613224,1.981736463249074
"[0.27093805978110425, 0.6526783330172902, -0.8896066222889096, 0.5303960875527922]",28.97793499978321,1.9817992957304706
"[0.2709314506313541, 0.6526785768404224, -0.88960742182607, 0.5303953977309587]",28.977977704280683,1.9818621282118674
"[0.2709248410323964, 0.6526788207558762, -0.8896082214881001, 0.530394707730445]",28.978020407693755,1.981924960693264
"[0.2709182332204751, 0.6526790646810905, -0.8896090210044264, 0.5303940177847539]",28.97806311601965,1.9819877931746603
"[0.27091162332938984, 0.6526793087588014, -0.8896098208428446, 0.5303933274901753]",28.97810582092435,1.982050625656057
"[0.2709050140006062, 0.6526795528914907, -0.8896106206837439, 0.5303926371225248]",28.978148530596794,1.9821134581374538
"[0.27089840537516097, 0.6526797970739414, -0.8896114205100336, 0.5303919466965509]",28.97819124151037,1.9821762906188503
"[0.2708917954482109, 0.6526800413801974, -0.8896122205643667, 0.5303912560028335]",28.978233952437837,1.982239123100247
"[0.2708851867489919, 0.6526802857168206, -0.8896130205406052, 0.5303905653056029]",28.97827666257342,1.9823019555816437
"[0.2708785771982001, 0.6526805301606652, -0.8896138206904405, 0.530389874387571]",28.978319377827056,1.98236478806304
"[0.27087196796727775, 0.6526807746684122, -0.8896146208720648, 0.5303891833711787]",28.97836209237708,1.9824276205444367
"[0.27086535814419954, 0.652681019273813, -0.8896154211959008, 0.5303884921610512]",28.978404806126687,1.9824904530258334
"[0.2708587494137776, 0.6526812639145052, -0.8896162214579395, 0.5303878009333932]",28.978447525027207,1.9825532855072299
"[0.27085213896580396, 0.6526815086945285, -0.8896170219984836, 0.530387109394252]",28.978490241894225,1.9826161179886266
"[0.27084552970993014, 0.652681753506149, -0.8896178224651734, 0.530386417847998]",28.978532962366426,1.9826789504700233
"[0.2708389203864791, 0.652681998396006, -0.889618623010553, 0.5303857261628578]",28.97857568200453,1.9827417829514196
"[0.27083231051165063, 0.6526822433820326, -0.8896194236932305, 0.5303850342881828]",28.978618404381187,1.9828046154328163
"[0.27082570062680017, 0.6526824884441764, -0.8896202244476367, 0.5303843422806162]",28.978661129845175,1.982867447914213
"[0.2708190910507819, 0.6526827335706193, -0.8896210252351376, 0.5303836501735336]",28.978703853123825,1.9829302803956095
"[0.270812481879596, 0.6526829787577749, -0.8896218260440898, 0.5303829579770231]",28.9787465791276,1.9829931128770062
"[0.27080587167970815, 0.6526832240588177, -0.8896226270481989, 0.5303822655409458]",28.978789307089905,1.983055945358403
"[0.27079926193891474, 0.6526834694185877, -0.8896234280671838, 0.530381573021082]",28.978832033732893,1.9831187778397996
"[0.27079265153952564, 0.6526837148785453, -0.8896242292364979, 0.5303808803003588]",28.97887476376963,1.9831816103211959
"[0.2707860419129664, 0.6526839603855449, -0.8896250303826515, 0.5303801875287685]",28.97891749126224,1.9832444428025926
"[0.2707794316941142, 0.6526842059902943, -0.8896258316711044, 0.5303794945632252]",28.978960225235507,1.9833072752839893
"[0.2707728216228125, 0.6526844516653072, -0.88962663301218, 0.5303788014812779]",28.979002958828826,1.9833701077653858
"[0.2707662117439295, 0.6526846974089102, -0.8896274344004309, 0.5303781082876385]",28.979045693733827,1.9834329402467825
"[0.27075960192600373, 0.6526849432259894, -0.8896282358517908, 0.5303774149685204]",28.979088427891394,1.9834957727281792
"[0.27075299046788726, 0.6526851891798298, -0.8896290375725506, 0.5303767213454451]",28.979131164381055,1.9835586052095755
"[0.2707463808153796, 0.6526854351422327, -0.889629839144861, 0.5303760277799308]",28.979173902106623,1.9836214376909722
"[0.2707397708386713, 0.6526856811924517, -0.8896306408269837, 0.5303753340485043]",28.979216642684296,1.983684270172369
"[0.27073316020428057, 0.6526859273428913, -0.8896314426593807, 0.5303746401161653]",28.9792593828275,1.9837471026537654
"[0.2707265495109252, 0.6526861735712872, -0.8896322445694396, 0.5303739460457174]",28.979302124698968,1.9838099351351621
"[0.270719939459628, 0.6526864198515121, -0.8896330464721119, 0.5303732519107835]",28.979344865805004,1.9838727676165588
"[0.2707133282483945, 0.6526866662507133, -0.8896338485860166, 0.5303725575221158]",28.97938761226441,1.983935600097955
"[0.2707067183285219, 0.6526869126775294, -0.8896346506137413, 0.5303718631371788]",28.979430355513244,1.9839984325793518
"[0.2707001077821454, 0.6526871592034473, -0.8896354527879825, 0.5303711685545162]",28.979473103800046,1.9840612650607485
"[0.2706934970445128, 0.652687405812251, -0.8896362550559354, 0.5303704738198316]",28.97951585229775,1.9841240975421452
"[0.2706868856100915, 0.652687652522812, -0.8896370574789635, 0.5303697788799699]",28.979558601838015,1.9841869300235417
"[0.2706802761059751, 0.652687899237078, -0.8896378597381979, 0.5303690840111026]",28.979601348960465,1.9842497625049385
"[0.2706736640013508, 0.6526881461241819, -0.8896386623835968, 0.5303683887368751]",28.97964410175432,1.9843125949863352
"[0.27066705357014914, 0.6526883930245894, -0.8896394648963567, 0.530367693506628]",28.979686854914604,1.9843754274677314
"[0.27066044256302574, 0.6526886400221942, -0.8896402675495386, 0.5303669980839475]",28.979729608972857,1.9844382599491281
"[0.27065383228021916, 0.652688887068514, -0.8896410701852678, 0.5303663026054862]",28.979772362922358,1.9845010924305249
"[0.2706472206988115, 0.6526891342391279, -0.8896418730491815, 0.5303656068584313]",28.979815120529675,1.9845639249119214
"[0.2706406098553127, 0.652689381457912, -0.889642675893988, 0.5303649110570666]",28.97985787855513,1.984626757393318
"[0.2706339982841496, 0.6526896287796748, -0.8896434788976693, 0.5303642150471335]",28.97990063671333,1.9846895898747148
"[0.2706273877673579, 0.6526898761377368, -0.8896442818437844, 0.530363519016251]",28.979943397253642,1.984752422356111
"[0.27062077595306505, 0.652690123620126, -0.8896450850180044, 0.5303628227167524]",28.979986158199342,1.9848152548375078
"[0.2706141653131867, 0.6526903711342945, -0.8896458881200539, 0.5303621264089831]",28.98002892011359,1.9848780873189045
"[0.27060755363696787, 0.6526906187630349, -0.8896466914185039, 0.5303614298600575]",28.980071684710776,1.984940919800301
"[0.27060094278464963, 0.652690866436662, -0.8896474946873444, 0.5303607332659654]",28.98011444888425,1.9850037522816977
"[0.2705943310207187, 0.6526911142202118, -0.889648298137452, 0.5303600364438106]",28.98015721731095,1.9850665847630944
"[0.2705877194270486, 0.6526913620731464, -0.8896491016373703, 0.5303593395075946]",28.9801999831693,1.9851294172444907
"[0.27058110798819324, 0.6526916099960377, -0.8896499051889704, 0.530358642455698]",28.980242754779184,1.9851922497258874
"[0.2705744970647997, 0.6526918579753495, -0.8896507087484063, 0.5303579453261624]",28.980285521434514,1.985255082207284
"[0.27056788537417253, 0.6526921060592021, -0.8896515124715929, 0.5303572479837129]",28.980328293082202,1.985317914688681
"[0.270561272955625, 0.6526923542461434, -0.8896523163537742, 0.5303565504324514]",28.980371065557463,1.9853807471700773
"[0.27055466205263917, 0.6526926024519554, -0.8896531201221916, 0.5303558529090646]",28.980413839906284,1.985443579651474
"[0.27054804983567715, 0.6526928507828677, -0.8896539241208627, 0.5303551551150095]",28.98045661692981,1.9855064121328707
"[0.2705414387719183, 0.6526930991462234, -0.8896547280497971, 0.5303544573106436]",28.980499391678816,1.985569244614267
"[0.27053482642822424, 0.6526933476334335, -0.8896555322048728, 0.5303537592391391]",28.980542166257653,1.985632077095664
"[0.2705282148093727, 0.6526935961691686, -0.8896563363422888, 0.5303530611121221]",28.980584946553556,1.9856949095770606
"[0.27052160239611844, 0.6526938448105386, -0.8896571406468227, 0.5303523627691709]",28.980627726185517,1.985757742058457
"[0.27051499015311725, 0.6526940935212807, -0.889657945001146, 0.5303516643121415]",28.980670506394556,1.9858205745398536
"[0.2705083787333176, 0.6526943422768172, -0.889658749325813, 0.5303509658100339]",28.980713288991872,1.9858834070212503
"[0.27050176718099017, 0.6526945911130949, -0.8896595537370825, 0.5303502671618915]",28.98075607398275,1.9859462395026468
"[0.2704951542713647, 0.6526948400762357, -0.8896603583839909, 0.5303495682382454]",28.98079885708789,1.9860090719840435
"[0.27048854242263876, 0.6526950890752298, -0.889661162972299, 0.530348869294632]",28.980841643260998,1.9860719044654402
"[0.2704819301347137, 0.6526953381664794, -0.8896619676845448, 0.5303481701725894]",28.98088443133149,1.9861347369468365
"[0.27047531776154815, 0.6526955873367375, -0.8896627724776541, 0.5303474709094265]",28.980927220243892,1.9861975694282332
"[0.2704687057976137, 0.6526958365673406, -0.8896635772914394, 0.5303467715574716]",28.98097000786273,1.98626040190963
"[0.2704620928004464, 0.6526960859126734, -0.8896643823014873, 0.5303460719641304]",28.981012800354755,1.9863232343910266
"[0.2704554806050996, 0.6526963353035377, -0.8896651872844169, 0.5303453723235368]",28.98105559215396,1.9863860668724231
"[0.2704488677936539, 0.6526965847934185, -0.8896659924128433, 0.5303446724856518]",28.98109838278081,1.9864488993538199
"[0.2704422554381511, 0.6526968343418701, -0.8896667975562441, 0.5303439725639248]",28.981141180440186,1.9865117318352166
"[0.270435642784495, 0.652697083977348, -0.8896676028064363, 0.5303432724785373]",28.981183974156753,1.9865745643166128
"[0.27042903103594734, 0.6526973336544168, -0.889668408016883, 0.530342572356895]",28.981226771326956,1.9866373967980095
"[0.27042241732681827, 0.6526975834813085, -0.8896692135365972, 0.5303418718955157]",28.981269571476776,1.9867002292794063
"[0.2704158053200603, 0.6526978333196645, -0.8896700189194502, 0.5303411714823314]",28.981312372166183,1.9867630617608028
"[0.27040919225810583, 0.652698083273668, -0.8896708245013188, 0.530340470825251]",28.981355171742656,1.9868258942421995
"[0.2704025794926136, 0.6526983332922426, -0.8896716301175592, 0.5303397700674575]",28.981397973964093,1.9868887267235962
"[0.27039596648023423, 0.652698583395933, -0.8896724358343642, 0.530339069151368]",28.98144077715217,1.9869515592049924
"[0.270389354287327, 0.6526988335443935, -0.8896732415217995, 0.5303383681900271]",28.98148358189531,1.9870143916863892
"[0.2703827408496895, 0.6526990838157272, -0.8896740474313912, 0.5303376669645876]",28.98152638511306,1.9870772241677859
"[0.27037612789387366, 0.6526993341446079, -0.8896748533527535, 0.5303369656580916]",28.981569193743944,1.9871400566491824
"[0.270369515300291, 0.652699584535547, -0.8896756593004462, 0.5303362642578809]",28.981612000764184,1.987202889130579
"[0.27036290201402535, 0.6526998350284966, -0.8896764654030457, 0.5303355626520451]",28.98165480999298,1.9872657216119758
"[0.27035628856783483, 0.6527000856032873, -0.889677271595627, 0.5303348608970818]",28.981697622417034,1.987328554093372
"[0.270349675220643, 0.6527003362501117, -0.8896780778466259, 0.5303341590204574]",28.981740433327023,1.9873913865747688
"[0.2703430623109057, 0.652700586956139, -0.8896788841147693, 0.5303334570580994]",28.981783246244323,1.9874542190561655
"[0.27033644905485943, 0.6527008377510648, -0.8896796904956152, 0.5303327549268291]",28.981826059841485,1.9875170515375622
"[0.270329835316685, 0.6527010886400674, -0.889680497005735, 0.5303320526121833]",28.981868876383075,1.9875798840189587
"[0.2703232217328273, 0.6527013395990052, -0.889681303567522, 0.5303313501817376]",28.98191169220822,1.9876427165003554
"[0.270316608433844, 0.6527015906229289, -0.8896821101650442, 0.5303306476493538]",28.981954509553674,1.9877055489817521
"[0.2703099945918827, 0.6527018417432229, -0.889682916899277, 0.5303299449271301]",28.98199733108536,1.9877683814631484
"[0.27030338140927446, 0.6527020929142773, -0.8896837236235583, 0.5303292421427623]",28.98204014981381,1.987831213944545
"[0.2702967681849089, 0.6527023441626945, -0.889684530423404, 0.5303285392217771]",28.98208297229756,1.9878940464259418
"[0.27029015415336194, 0.6527025955175682, -0.8896853373922065, 0.53032783608279]",28.98212579470939,1.9879568789073383
"[0.2702835402625791, 0.6527028469428839, -0.8896861444143178, 0.5303271328265544]",28.98216861673387,1.988019711388735
"[0.27027692688891614, 0.6527030984243316, -0.8896869514438022, 0.530326429493095]",28.982211442357237,1.9880825438701317
"[0.2702703135419567, 0.6527033499805256, -0.8896877585404966, 0.5303257260303004]",28.982254269523143,1.988145376351528
"[0.2702636996637663, 0.6527036016327212, -0.8896885657724972, 0.5303250223787741]",28.982297096266656,1.9882082088329247
"[0.27025708532626, 0.6527038533781885, -0.8896893731310411, 0.5303243185461474]",28.982339926212017,1.9882710413143214
"[0.2702504709917455, 0.6527041051993413, -0.8896901805597042, 0.5303236145815958]",28.982382756839698,1.988333873795718
"[0.270243857496018, 0.6527043570643435, -0.8896909879564436, 0.5303229105740963]",28.982425588411907,1.9883967062771146
"[0.270237242935459, 0.6527046090456953, -0.8896917955536622, 0.5303222063209991]",28.982468419504908,1.9884595387585113
"[0.2702306288131305, 0.6527048610861462, -0.8896926031678531, 0.5303215019823153]",28.982511255256842,1.9885223712399076
"[0.2702240145783403, 0.6527051132066765, -0.8896934108662516, 0.5303207974994083]",28.982554090028405,1.9885852037213043
"[0.27021740097168456, 0.6527053653790466, -0.8896942185584107, 0.5303200929511704]",28.982596925689304,1.988648036202701
"[0.270210787047723, 0.6527056176392999, -0.8896950263597863, 0.5303193882368916]",28.98263976357855,1.9887108686840977
"[0.27020417243885625, 0.6527058700014778, -0.8896958343152895, 0.530318683317366]",28.982682602204584,1.9887737011654942
"[0.27019755825454367, 0.6527061224232416, -0.889696642289407, 0.5303179783108356]",28.982725442989793,1.988836533646891
"[0.2701909431332405, 0.6527063749565748, -0.8896974504484682, 0.5303172730721387]",28.982768284249673,1.9888993661282877
"[0.270184328904784, 0.6527066275316186, -0.8896982585689239, 0.5303165677963566]",28.982811126297527,1.988962198609684
"[0.270177714466252, 0.6527068801904795, -0.8896990667855161, 0.5303158623658997]",28.982853969377476,1.9890250310910806
"[0.27017109986795085, 0.6527071329312402, -0.889699875092102, 0.5303151567861214]",28.982896812889393,1.9890878635724774
"[0.2701644858737299, 0.6527073857247059, -0.8897006833953307, 0.530314451138513]",28.982939660530562,1.9891506960538738
"[0.2701578708933117, 0.6527076386316658, -0.8897014918895556, 0.5303137452533921]",28.982982507718326,1.9892135285352706
"[0.27015125631533565, 0.6527078915990367, -0.8897023004050632, 0.5303130392789223]",28.983025356006557,1.9892763610166673
"[0.270144641219589, 0.6527081446620164, -0.8897031090543341, 0.5303123331168785]",28.98306820500622,1.9893391934980635
"[0.27013802676740295, 0.652708397776168, -0.8897039176953996, 0.5303116268912431]",28.983111058220427,1.9894020259794603
"[0.27013141137600627, 0.6527086510020699, -0.8897047265217625, 0.5303109204330035]",28.983153909389156,1.989464858460857
"[0.27012479730407746, 0.65270890425326, -0.8897055352572596, 0.5303102139833697]",28.983196764689584,1.9895276909422535
"[0.2701181822064898, 0.6527091576195105, -0.8897063441886357, 0.5303095072918846]",28.98323961695067,1.9895905234236502
"[0.2701115669635139, 0.6527094110671408, -0.8897071532082628, 0.5303088004525318]",28.98328247475026,1.9896533559050469
"[0.2701049515157355, 0.6527096645984297, -0.8897079623234114, 0.5303080934589527]",28.983325331213212,1.9897161883864436
"[0.27009833685161, 0.6527099181754832, -0.8897087714131758, 0.5303073864168012]",28.983368189454197,1.98977902086784
"[0.27009172124225467, 0.6527101718645824, -0.8897095806890302, 0.5303066791412678]",28.983411050463097,1.9898418533492368
"[0.2700851062136977, 0.6527104256072154, -0.8897103899643022, 0.5303059717954857]",28.983453911431504,1.9899046858306335
"[0.27007849107820986, 0.6527106794297493, -0.8897111993231193, 0.5303052643059329]",28.983496774159658,1.9899675183120298
"[0.2700718753741092, 0.6527109333499139, -0.8897120088219769, 0.5303045566232047]",28.983539635643996,1.9900303507934265
"[0.2700652600888478, 0.652711187329811, -0.8897128183400514, 0.5303038488529224]",28.983582503064625,1.9900931832748232
"[0.2700586446684163, 0.6527114413907108, -0.8897136279451305, 0.5303031409358119]",28.983625365554474,1.9901560157562197
"[0.27005202881688445, 0.6527116955439671, -0.8897144376734405, 0.5303024328402105]",28.98366823627093,1.9902188482376164
"[0.27004541375020524, 0.6527119497428832, -0.8897152473761488, 0.5303017246962439]",28.983711100894872,1.9902816807190131
"[0.27003879809846804, 0.6527122040400886, -0.8897160572209328, 0.5303010163572761]",28.98375397195833,1.9903445132004094
"[0.27003218253435074, 0.6527124584097357, -0.8897168671254536, 0.530300307895312]",28.98379684211094,1.990407345681806
"[0.2700255675202321, 0.6527127128340338, -0.8897176770330939, 0.5302995993598852]",28.98383971591038,1.9904701781632028
"[0.27001895166145706, 0.6527129673666295, -0.8897184871146107, 0.5302988906016014]",28.98388258645171,1.9905330106445993
"[0.27001233525256296, 0.6527132219962111, -0.8897192973339602, 0.5302981816519732]",28.983925463061123,1.990595843125996
"[0.2700057190280587, 0.6527134766945205, -0.8897201076012013, 0.530297472589686]",28.983968338039247,1.9906586756073927
"[0.2699991035868501, 0.6527137314384832, -0.8897209178429722, 0.5302967634789534]",28.984011214194183,1.990721508088789
"[0.26999248819112215, 0.6527139862564971, -0.8897217281496224, 0.53029605424071]",28.984054091350405,1.9907843405701857
"[0.2699858719530577, 0.6527142411827725, -0.8897225386299114, 0.5302953447797462]",28.984096972617383,1.9908471730515824
"[0.26997925585393506, 0.6527144961795112, -0.8897233491636432, 0.5302946352012626]",28.984139853507624,1.9909100055329791
"[0.26997263968410823, 0.652714751254793, -0.8897241597764983, 0.5302939254827719]",28.98418273373996,1.9909728380143756
"[0.2699660240026827, 0.6527150063870535, -0.8897249703999675, 0.5302932156842614]",28.984225616345064,1.9910356704957723
"[0.2699594069133984, 0.6527152616494378, -0.8897257812664143, 0.5302925056022492]",28.984268499925243,1.991098502977169
"[0.26995279118551635, 0.6527155169351175, -0.8897265920364886, 0.5302917955339027]",28.98431138667478,1.9911613354585653
"[0.2699461749339816, 0.652715772316823, -0.8897274029411928, 0.5302910852769149]",28.984354272737274,1.991224167939962
"[0.2699395586737082, 0.6527160277746739, -0.8897282139174248, 0.5302903748865597]",28.98439716503978,1.9912870004213588
"[0.2699329421991811, 0.652716283316621, -0.8897290249903775, 0.5302896643407463]",28.984440048983274,1.9913498329027552
"[0.26992632573987324, 0.6527165389338017, -0.8897298361319229, 0.5302889536641129]",28.984482940288284,1.991412665384152
"[0.2699197096593951, 0.6527167946121627, -0.889730647297476, 0.530288242895723]",28.98452583506825,1.9914754978655487
"[0.2699130925003185, 0.6527170504080311, -0.8897314586657357, 0.5302875318789879]",28.984568725874627,1.991538330346945
"[0.26990647651229915, 0.6527173062344513, -0.8897322699608547, 0.5302868208556226]",28.98461161946277,1.9916011628283417
"[0.2698998596498831, 0.6527175621704976, -0.889733081433655, 0.5302861096058237]",28.98465451309326,1.9916639953097384
"[0.26989324261985037, 0.6527178181888619, -0.8897338929974726, 0.5302853982055147]",28.98469741197864,1.9917268277911349
"[0.26988662629588467, 0.6527180742557237, -0.8897347045451431, 0.5302846867486478]",28.984740309807673,1.9917896602725316
"[0.2698800097136946, 0.6527183304083994, -0.8897355161949362, 0.5302839751315377]",28.98478320974482,1.9918524927539283
"[0.26987339204741706, 0.6527185866788807, -0.8897363280481794, 0.5302832632653238]",28.98482610817343,1.9919153252353246
"[0.269866776107462, 0.6527188429583272, -0.8897371397600811, 0.5302825514523336]",28.984869008701995,1.9919781577167213
"[0.2698601586421278, 0.6527190993726865, -0.889737951729589, 0.5302818393427288]",28.984911910589435,1.992040990198118
"[0.2698535420188365, 0.652719355830246, -0.8897387636662271, 0.5302811271912343]",28.98495481814836,1.9921038226795147
"[0.26984692479396477, 0.6527196123869431, -0.88973957574714, 0.5302804148424923]",28.9849977206454,1.9921666551609112
"[0.2698403079036948, 0.6527198690064975, -0.8897403878574398, 0.5302797023972566]",28.98504062923466,1.992229487642308
"[0.2698336903808655, 0.6527201257264179, -0.8897412001158325, 0.5302789897513873]",28.985083535069155,1.9922923201237046
"[0.2698270730703306, 0.6527203825139344, -0.8897420124186227, 0.5302782769958536]",28.985126444832563,1.9923551526051009
"[0.2698204560945319, 0.6527206393642948, -0.8897428247507694, 0.5302775641438467]",28.98516935563887,1.9924179850864976
"[0.2698138388867783, 0.6527208962994723, -0.8897436371818411, 0.5302768511343432]",28.985212264726496,1.9924808175678943
"[0.2698072207637984, 0.6527211533460369, -0.8897444497957423, 0.5302761378936577]",28.985255178975713,1.9925436500492908
"[0.26980060330910444, 0.6527214104424827, -0.8897452623980416, 0.5302754245924451]",28.98529809199228,1.9926064825306875
"[0.26979398601224797, 0.6527216676086254, -0.8897460750514067, 0.5302747111757067]",28.98534100750985,1.9926693150120842
"[0.2697873683303203, 0.6527219248655695, -0.8897468878225129, 0.5302739975848991]",28.985383922484285,1.9927321474934805
"[0.2697807511948026, 0.6527221821770978, -0.889747700596953, 0.5302732839204713]",28.985426838549298,1.9927949799748772
"[0.2697741336390663, 0.6527224395807987, -0.8897485134934537, 0.5302725700781689]",28.985469758794384,1.992857812456274
"[0.2697675159899168, 0.6527226970639667, -0.8897493264718769, 0.5302718560932285]",28.98551267683493,1.9929206449376704
"[0.26976089843338474, 0.652722954619364, -0.889750139509367, 0.5302711419857181]",28.985555599311454,1.9929834774190671
"[0.26975428035241433, 0.6527232122710175, -0.889750952681742, 0.5302704276890295]",28.98559852091857,1.9930463099004638
"[0.26974766265238803, 0.6527234699836756, -0.8897517658777565, 0.5302697133008818]",28.98564144566861,1.9931091423818605
"[0.26974104490404377, 0.6527237277740395, -0.8897525791501536, 0.5302689987749549]",28.985684369495765,1.9931719748632568
"[0.2697344272283036, 0.652723985637416, -0.8897533924840693, 0.5302682841242798]",28.985727297235393,1.9932348073446535
"[0.26972780882890185, 0.652724243604839, -0.8897542059773766, 0.5302675692628501]",28.98577022264435,1.9932976398260502
"[0.269721190483095, 0.6527245016460138, -0.88975501953455, 0.530266854274608]",28.985813150117952,1.9933604723074467
"[0.26971457288211825, 0.652724759733984, -0.8897558330706048, 0.5302661392342396]",28.98585608055502,1.9934233047888434
"[0.26970795483653426, 0.6527250179151317, -0.8897566467317584, 0.5302654240132327]",28.985899013199468,1.9934861372702402
"[0.26970133631062787, 0.6527252761908636, -0.8897574605224152, 0.5302647086076981]",28.98594194406104,1.9935489697516364
"[0.26969471750168783, 0.6527255345534955, -0.8897582744183282, 0.5302639930389335]",28.985984876943462,1.9936118022330331
"[0.2696880998464819, 0.6527257929469267, -0.8897590882428069, 0.5302632774622958]",28.986027810602277,1.99367463471443
"[0.26968148108739326, 0.6527260514593058, -0.8897599022734852, 0.5302625616336657]",28.986070746779838,1.9937374671958263
"[0.26967486249497713, 0.6527263100410258, -0.8897607163541132, 0.5302618456904219]",28.986113682857983,1.993800299677223
"[0.2696682438441486, 0.6527265687008774, -0.8897615305123734, 0.5302611296082187]",28.986156623891656,1.9938631321586198
"[0.2696616266761388, 0.6527268273786037, -0.8897623445586548, 0.5302604135538439]",28.98619956108726,1.993925964640016
"[0.26965500728864966, 0.6527270862189462, -0.8897631589484255, 0.5302596971266417]",28.986242500059113,1.993988797121413
"[0.2696483888594308, 0.6527273450976664, -0.8897639732907426, 0.5302589806705038]",28.986285441824965,1.9940516296028097
"[0.2696417702021694, 0.652727604061152, -0.8897647877315593, 0.530258264057031]",28.986328388193517,1.994114462084206
"[0.26963515112727005, 0.6527278631168331, -0.889765602294214, 0.5302575472656721]",28.986371330488772,1.9941772945656027
"[0.2696285329894153, 0.6527281222116798, -0.8897664168119859, 0.5302568304431424]",28.98641427717402,1.9942401270469994
"[0.2696219140712389, 0.6527283814129246, -0.8897672314962337, 0.5302561134034299]",28.986457224141965,1.994302959528396
"[0.26961529468620177, 0.6527286407083114, -0.8897680463083929, 0.5302553961804547]",28.986500173019763,1.9943657920097926
"[0.26960867575031244, 0.6527289000619567, -0.8897688611357077, 0.5302546788734664]",28.98654311987902,1.9944286244911893
"[0.2696020566271882, 0.6527291594987926, -0.8897696760565135, 0.5302539614135029]",28.986586070748555,1.994491456972586
"[0.2695954377862194, 0.6527294190004205, -0.8897704910130183, 0.5302532438514408]",28.986629023540946,1.9945542894539823
"[0.2695888190297877, 0.6527296785745812, -0.8897713060295469, 0.5302525261658645]",28.98667197588097,1.994617121935379
"[0.2695821999335268, 0.6527299382379177, -0.8897721211583569, 0.5302518083107529]",28.98671493108988,1.9946799544167757
"[0.2695755800897325, 0.6527301980064462, -0.8897729364496726, 0.5302510902418506]",28.986757886431274,1.9947427868981722
"[0.2695689614552304, 0.6527304578033746, -0.8897737516624843, 0.5302503721714241]",28.98680084277315,1.994805619379569
"[0.26956234164919424, 0.652730717722139, -0.8897745670900363, 0.5302496538411902]",28.98684380022612,1.9948684518609656
"[0.26955572261746863, 0.6527309776863596, -0.8897753824926424, 0.5302489354622645]",28.986886759762168,1.9949312843423619
"[0.26954910301363266, 0.6527312377489088, -0.889776198036166, 0.5302482168885251]",28.986929719390886,1.9949941168237586
"[0.2695424835634529, 0.6527314978812804, -0.8897770136311955, 0.530247498198741]",28.9869726803672,1.9950569493051553
"[0.26953586407122543, 0.6527317580911863, -0.8897778293018407, 0.5302467793716354]",28.987015643128366,1.9951197817865518
"[0.2695292447343034, 0.652732018370795, -0.889778645023783, 0.5302460604287282]",28.987058607160872,1.9951826142679485
"[0.26952262501387714, 0.652732278741374, -0.8897794608634196, 0.5302453413113937]",28.987101573715087,1.9952454467493452
"[0.2695160051510198, 0.652732539193406, -0.8897802767910495, 0.5302446220458539]",28.98714454062002,1.995308279230742
"[0.26950938617916465, 0.6527327996862385, -0.8897810926792826, 0.5302439027443905]",28.98718750819091,1.9953711117121382
"[0.26950276623320973, 0.652733060293268, -0.8897819087580209, 0.5302431832043201]",28.98723047621155,1.995433944193535
"[0.26949614644563574, 0.6527333209699253, -0.8897827248876691, 0.5302424635487084]",28.987273444938175,1.9954967766749316
"[0.2694895266152386, 0.6527335817241312, -0.8897835410930289, 0.5302417437556829]",28.987316418450376,1.9955596091563281
"[0.26948290618307713, 0.6527338425779122, -0.8897843574430253, 0.5302410237644469]",28.987359389480787,1.9956224416377248
"[0.269476286613593, 0.6527341034735636, -0.8897851737570758, 0.5302403037342667]",28.987402362512768,1.9956852741191216
"[0.2694696664953075, 0.6527343644667118, -0.8897859902092345, 0.5302395835116158]",28.987445337902287,1.9957481066005178
"[0.26946304649624075, 0.6527346255310179, -0.889786806717122, 0.5302388631691657]",28.987488316733856,1.9958109390819145
"[0.26945642619678783, 0.6527348866830422, -0.889787623332492, 0.5302381426612383]",28.987531290858662,1.9958737715633112
"[0.26944980618810205, 0.6527351478994656, -0.8897884399824251, 0.5302374220521664]",28.987574270627867,1.9959366040447077
"[0.2694431855376693, 0.6527354092170774, -0.8897892567819611, 0.5302367012404444]",28.987617250435953,1.9959994365261045
"[0.26943656607850375, 0.6527356705635303, -0.8897900735049478, 0.5302359804256382]",28.987660231997996,1.9960622690075012
"[0.26942994442227836, 0.6527359320726167, -0.8897908905694583, 0.5302352592387493]",28.987703214881144,1.9961251014888974
"[0.2694233246964963, 0.6527361935813228, -0.8897917074661927, 0.5302345381293202]",28.987746196661245,1.9961879339702941
"[0.2694167041552608, 0.6527364551981145, -0.8897925245339839, 0.5302338167982493]",28.987789180989385,1.9962507664516909
"[0.26941008369269603, 0.6527367168876688, -0.8897933416624946, 0.5302330953429333]",28.987832169031503,1.9963135989330874
"[0.2694034627546335, 0.6527369786718956, -0.8897941589201279, 0.530232373702969]",28.987875154138596,1.996376431414484
"[0.2693968429419359, 0.6527372404874913, -0.8897949761092687, 0.530231652052853]",28.987918143824672,1.9964392638958808
"[0.26939022177752747, 0.6527375024324196, -0.8897957935357045, 0.5302309301225506]",28.98796113427923,1.9965020963772775
"[0.2693836015824984, 0.6527377644148944, -0.8897966109128842, 0.5302302081650829]",28.988004124936886,1.9965649288586738
"[0.26937697971323216, 0.6527380265394613, -0.8897974285672228, 0.5302294858922308]",28.988047117502504,1.9966277613400705
"[0.26937035949969096, 0.6527382886743847, -0.8897982460875369, 0.5302287636671048]",28.98809011009258,1.9966905938214672
"[0.2693637385492725, 0.652738550914359, -0.8897990637692713, 0.530228041228745]",28.988133103736732,1.9967534263028637
"[0.269357117178128, 0.6527388132468835, -0.8897998815733988, 0.5302273186116077]",28.988176099092314,1.9968162587842604
"[0.2693504962330193, 0.6527390756384055, -0.889800699395334, 0.5302265959081061]",28.988219096717483,1.996879091265657
"[0.26934387526246384, 0.6527393381068145, -0.8898015172908365, 0.530225873068964]",28.988262095148883,1.9969419237470534
"[0.2693372549749881, 0.6527396006240079, -0.8898023351723696, 0.5302251501715542]",28.988305093979903,1.99700475622845
"[0.26933063279930824, 0.6527398632919714, -0.8898031533576112, 0.530224426935063]",28.988348096009545,1.9970675887098468
"[0.2693240113056869, 0.6527401260087702, -0.889803971529017, 0.5302237036401677]",28.98839109776183,1.9971304211912433
"[0.2693173905154066, 0.6527403887735346, -0.889804789683935, 0.5302229802892334]",28.988434101134917,1.99719325367264
"[0.26931076904674983, 0.6527406516411085, -0.8898056079931055, 0.53022225673129]",28.98847710364263,1.9972560861540367
"[0.26930414792524804, 0.6527409145707755, -0.8898064263297941, 0.5302215330784]",28.988520110206807,1.997318918635433
"[0.26929752592029715, 0.6527411776114324, -0.8898072448461023, 0.5302208091960227]",28.988563119064573,1.9973817511168297
"[0.26929090466268596, 0.6527414406982636, -0.8898080633404595, 0.5302200852624678]",28.988606125601134,1.9974445835982264
"[0.2692842831594285, 0.6527417038707451, -0.8898088819356027, 0.5302193611691421]",28.98864913477519,1.997507416079623
"[0.2692776623024408, 0.6527419670934161, -0.88980970052126, 0.5302186370135966]",28.98869214560884,1.9975702485610196
"[0.26927104052312256, 0.6527422304286399, -0.8898105192913719, 0.5302179126242581]",28.98873515723893,1.9976330810424163
"[0.2692644187523375, 0.6527424938394146, -0.889811338130852, 0.5302171881029262]",28.988778169055777,1.997695913523813
"[0.2692577973777453, 0.6527427573103085, -0.8898121569917553, 0.5302164634920311]",28.988821184831902,1.9977587460052093
"[0.26925117485702305, 0.6527430209027075, -0.8898129760648299, 0.5302157386227588]",28.98886419972203,1.997821578486606
"[0.26924455319287144, 0.6527432845369029, -0.889813795102385, 0.530215013714306]",28.988907215831816,1.997884410968003
"[0.26923793117086825, 0.6527435482612365, -0.889814614254624, 0.5302142886337343]",28.988950234601145,1.9979472434493992
"[0.2692313091373658, 0.6527438120619199, -0.8898154334787072, 0.5302135634189562]",28.9889932524945,1.998010075930796
"[0.26922468632362984, 0.6527440759695902, -0.8898162528697467, 0.5302128379857559]",28.98903627309126,1.9980729084121926
"[0.26921806515269175, 0.6527443398876793, -0.8898170721279441, 0.5302121125995646]",28.989079292762433,1.9981357408935891
"[0.26921144257130647, 0.6527446039378834, -0.8898178916310819, 0.5302113869258869]",28.989122317644917,1.9981985733749859
"[0.26920482069128365, 0.6527448680360135, -0.8898187111178463, 0.5302106611961022]",28.989165340423614,1.9982614058563826
"[0.26919819851484594, 0.6527451322218577, -0.8898195307117092, 0.5302099353008664]",28.989208367960465,1.9983242383377788
"[0.26919157621914164, 0.6527453964883576, -0.8898203503907499, 0.53020920925958]",28.989251394221935,1.9983870708191755
"[0.26918495360702127, 0.6527456608433768, -0.889821170179378, 0.5302084830506251]",28.989294420763382,1.9984499033005723
"[0.2691783316163799, 0.6527459252494828, -0.8898219899614866, 0.5302077567768408]",28.989337450017363,1.9985127357819688
"[0.26917170872316043, 0.6527461897675416, -0.8898228099257532, 0.5302070302710532]",28.989380479285067,1.9985755682633655
"[0.2691650858355068, 0.652746454361261, -0.8898236299597561, 0.5302063036328968]",28.989423510286052,1.9986384007447622
"[0.26915846430158347, 0.6527467189767907, -0.8898244498965443, 0.5302055770102821]",28.98946654194699,1.998701233226159
"[0.2691518416043764, 0.6527469837147054, -0.8898252700477918, 0.5302048501270159]",28.98950957697093,1.9987640657075552
"[0.2691452177535556, 0.6527472485746532, -0.8898260904123366, 0.5302041229840925]",28.989552610846054,1.9988268981889519
"[0.26913859623727426, 0.6527475134171398, -0.8898269105581509, 0.5302033959644576]",28.989595648288702,1.9988897306703486
"[0.2691319726361587, 0.6527477784189447, -0.8898277310326143, 0.5302026685828584]",28.98963868710213,1.998952563151745
"[0.2691253506748885, 0.6527480434309895, -0.889828551374355, 0.5302019412483918]",28.989681723334535,1.9990153956331418
"[0.2691187272291869, 0.6527483085783697, -0.889829371970407, 0.5302012136178198]",28.98972476210536,1.9990782281145385
"[0.2691121041958426, 0.6527485737851514, -0.8898301925857892, 0.5302004858995074]",28.989767806431313,1.9991410605959348
"[0.269105480996814, 0.6527488390744765, -0.8898310132921174, 0.5301997580299461]",28.989810847351457,1.9992038930773315
"[0.26909885807065204, 0.6527491044287774, -0.8898318340350452, 0.5301990300573315]",28.98985389132156,1.9992667255587282
"[0.2690922353452047, 0.6527493698509295, -0.8898326548235064, 0.5301983019737522]",28.989896936816788,1.9993295580401247
"[0.26908561227994254, 0.6527496353626059, -0.8898334757244907, 0.5301975737197673]",28.989939981610608,1.9993923905215214
"[0.2690789885995051, 0.6527499009748592, -0.8898342967721422, 0.5301968452650702]",28.989983029122822,1.9994552230029181
"[0.2690723658270647, 0.6527501666266026, -0.8898351177776481, 0.5301961167771835]",28.99002607782141,1.9995180554843144
"[0.2690657419139952, 0.6527504324000145, -0.8898359389949724, 0.530195388030753]",28.99006912630014,1.999580887965711
"[0.2690591187156583, 0.6527506982206588, -0.889836760194097, 0.5301946592298846]",28.99011217779241,1.9996437204471078
"[0.2690524947305502, 0.6527509641488223, -0.8898375815611892, 0.5301939302093235]",28.99015523192589,1.9997065529285043
"[0.2690458720701636, 0.6527512300996559, -0.8898384028344203, 0.5301932012015563]",28.99019828249752,1.999769385409901
"[0.26903924784534544, 0.6527514961892592, -0.8898392243720702, 0.5301924718884498]",28.990241337583008,1.9998322178912977
"[0.2690326243384757, 0.6527517623259271, -0.8898400458910928, 0.5301917425213075]",28.990284393300062,1.9998950503726944
"[0.269026000926671, 0.6527520285346896, -0.8898408674687287, 0.530191013031541]",28.99032745274576,1.9999578828540907
"[0.26901937749295296, 0.6527522948202419, -0.8898416891194862, 0.5301902834062713]",28.990370510509603,2.0000207153354874
"[0.26901275302490046, 0.6527525612232997, -0.8898425109689736, 0.5301895535339433]",28.990413569518868,2.0000835478168844
"[0.2690061302022415, 0.6527528276360919, -0.8898433326847252, 0.5301888237098145]",28.990456628650787,2.0001463802982804
"[0.2689995059362805, 0.6527530941828601, -0.8898441546499608, 0.5301880935935216]",28.990499692029736,2.0002092127796773
"[0.26899288163237134, 0.6527533608070809, -0.889844976690321, 0.5301873633399121]",28.990542756084086,2.000272045261074
"[0.2689862575123969, 0.65275362749982, -0.8898457987782675, 0.5301866329734496]",28.990585819206775,2.0003348777424703
"[0.2689796338843875, 0.6527538942486648, -0.8898466208755597, 0.5301859025281126]",28.990628883510887,2.0003977102238673
"[0.26897301024453174, 0.6527541610738932, -0.8898474430447197, 0.5301851719483577]",28.990671950987387,2.0004605427052637
"[0.26896638517950633, 0.6527544280324673, -0.889848265461199, 0.5301844410782458]",28.990715018400596,2.0005233751866602
"[0.26895976143823097, 0.6527546950136192, -0.8898490877837552, 0.5301837102210307]",28.99075808763277,2.0005862076680567
"[0.26895313716758334, 0.6527549620920233, -0.8898499102424356, 0.5301829791722663]",28.99080115862858,2.0006490401494537
"[0.2689465118079454, 0.6527552292902762, -0.8898507329067452, 0.5301822478701358]",28.99084423093028,2.00071187263085
"[0.26893988831477084, 0.6527554964891698, -0.8898515554096945, 0.5301815166408824]",28.99088730333601,2.0007747051122466
"[0.26893326360703285, 0.6527557638129853, -0.8898523781338722, 0.5301807851443788]",28.99093037681111,2.0008375375936436
"[0.26892663847301135, 0.6527560312299306, -0.8898532009814069, 0.530180053467627]",28.990973452354353,2.00090037007504
"[0.26892001465310494, 0.6527562986697548, -0.8898540237361233, 0.5301793218028429]",28.991016527403,2.0009632025564366
"[0.2689133904329378, 0.6527565662016552, -0.8898548466109503, 0.5301785899606882]",28.991059608391954,2.001026035037833
"[0.2689067655235235, 0.6527568338373204, -0.8898556696418026, 0.5301778579092018]",28.991102687144906,2.00108886751923
"[0.2689001408041717, 0.6527571015412366, -0.8898564927194482, 0.530177125745528]",28.991145766799104,2.0011517000006265
"[0.2688935162570888, 0.6527573693141153, -0.8898573158460892, 0.5301763934677098]",28.99118884924343,2.001214532482023
"[0.2688868915429928, 0.6527576371696715, -0.8898581390638823, 0.530175661038239]",28.99123192977424,2.00127736496342
"[0.26888026588563885, 0.6527579051393069, -0.8898589624693034, 0.5301749283712603]",28.991275015561158,2.001340197444816
"[0.2688736418533085, 0.6527581731191396, -0.8898597857431656, 0.5301741957507907]",28.99131810120935,2.001403029926213
"[0.26886701645181094, 0.652758441230296, -0.8898606092575999, 0.5301734628456767]",28.99136118672842,2.0014658624076094
"[0.26886039104294157, 0.6527587094177076, -0.8898614328433583, 0.5301727298064977]",28.991404272787594,2.001528694889006
"[0.2688537662929286, 0.6527589776543459, -0.8898622564176157, 0.5301719967070416]",28.991447363751096,2.001591527370403
"[0.26884714110386093, 0.6527592459847106, -0.8898630801168537, 0.5301712634257563]",28.991490452244836,2.0016543598517993
"[0.2688405159481905, 0.6527595143896543, -0.8898639038823384, 0.5301705300149415]",28.991533543283293,2.001717192333196
"[0.2688338902558139, 0.6527597828922906, -0.8898647277849637, 0.5301697964114575]",28.99157663476573,2.0017800248145923
"[0.26882726504193294, 0.6527600514514603, -0.8898655516984885, 0.5301690627277272]",28.991619730487617,2.001842857295989
"[0.2688206394894553, 0.6527603201003065, -0.8898663757245224, 0.5301683288732377]",28.9916628240335,2.0019056897773857
"[0.26881401328648574, 0.6527605888514667, -0.8898671999018712, 0.5301675948134403]",28.991705922659918,2.001968522258782
"[0.2688073884933448, 0.6527608576213849, -0.8898680239742548, 0.530166860776575]",28.99174901616263,2.002031354740179
"[0.26880076319490986, 0.6527611264877297, -0.8898688481798841, 0.5301661265504832]",28.99179211754364,2.0020941872215756
"[0.26879413787240614, 0.6527613954309863, -0.8898696724588991, 0.530165392188469]",28.991835217965168,2.002157019702972
"[0.26878751194199724, 0.6527616644748633, -0.8898704968839469, 0.5301646576257998]",28.99187831748,2.002219852184369
"[0.2687808869331822, 0.652761933557249, -0.8898713212647139, 0.5301639230320461]",28.991921419095025,2.0022826846657655
"[0.26877426122177545, 0.6527622027441089, -0.8898721458032992, 0.5301631882271175]",28.991964522773362,2.002345517147162
"[0.2687676347604651, 0.6527624720373918, -0.8898729705056139, 0.5301624532057176]",28.992007628303075,2.0024083496285585
"[0.2687610085908342, 0.6527627413947702, -0.8898737952420314, 0.530161718083372]",28.992050734734896,2.0024711821099554
"[0.2687543825350278, 0.652763010823465, -0.8898746200346817, 0.5301609828403606]",28.992093841440223,2.002534014591352
"[0.2687477566254674, 0.6527632803221621, -0.8898754448795222, 0.5301602474802749]",28.992136950750016,2.0025968470727484
"[0.26874113076872497, 0.6527635498946535, -0.8898762697881794, 0.5301595119927546]",28.992180058751643,2.0026596795541454
"[0.26873450450801756, 0.6527638195595374, -0.8898770948175256, 0.5301587763270711]",28.992223167741265,2.0027225120355414
"[0.26872787808987314, 0.6527640893067572, -0.8898779199368755, 0.5301580405106167]",28.992266281725,2.0027853445169383
"[0.2687212523485577, 0.6527643591023851, -0.889878745042334, 0.5301573046359903]",28.99230939383817,2.002848176998335
"[0.268714625713555, 0.6527646290103446, -0.8898795703294815, 0.530156568528794]",28.992352510333877,2.0029110094797313
"[0.2687079997199992, 0.6527648989681264, -0.8898803956071332, 0.530155832359527]",28.992395625168925,2.0029738419611283
"[0.26870137302043673, 0.652765169030632, -0.8898812210431151, 0.5301550959784761]",28.99243874267136,2.0030366744425248
"[0.2686947466771485, 0.6527654391545618, -0.8898820465051129, 0.5301543595036875]",28.992481860143194,2.0030995069239212
"[0.2686881204149969, 0.6527657093511343, -0.8898828720273917, 0.5301536229045797]",28.99252497852488,2.0031623394053177
"[0.2686814936625629, 0.6527659796436537, -0.8898836976811457, 0.5301528861176205]",28.9925680996382,2.0032251718867147
"[0.2686748666991486, 0.6527662500207393, -0.8898845234315853, 0.5301521491738395]",28.99261122361765,2.003288004368111
"[0.2686682398389478, 0.6527665204696005, -0.8898853492395596, 0.5301514121081372]",28.99265434435831,2.0033508368495077
"[0.2686616144184648, 0.6527667909355845, -0.8898861749384985, 0.5301506750693098]",28.992697468833885,2.0034136693309046
"[0.2686549871939726, 0.6527670615511961, -0.889887000932653, 0.5301499376963967]",28.992740592224617,2.003476501812301
"[0.26864835982509944, 0.652767332248672, -0.889887827015205, 0.5301492001740278]",28.99278371987907,2.0035393342936976
"[0.2686417333667348, 0.6527676029849099, -0.889888653054651, 0.5301484626196167]",28.99282684712356,2.003602166775094
"[0.2686351062930937, 0.6527678738222453, -0.8898894792411861, 0.5301477248633407]",28.992869977967434,2.003664999256491
"[0.2686284795865329, 0.6527681447205314, -0.8898903054523435, 0.5301469870145548]",28.99291310863563,2.0037278317378875
"[0.26862185258776694, 0.65276841570672, -0.8898911317703203, 0.530146248999847]",28.99295623988597,2.003790664219284
"[0.2686152247992888, 0.6527686868011732, -0.8898919582571659, 0.5301455107637775]",28.992999373057632,2.003853496700681
"[0.2686085981029847, 0.6527689579269095, -0.8898927846782018, 0.5301447725159684]",28.993042506487193,2.003916329182077
"[0.2686019704848507, 0.6527692291663282, -0.8898936112845922, 0.5301440340320499]",28.993085643177267,2.003979161663474
"[0.2685953430700361, 0.6527695004733939, -0.8898944379360169, 0.5301432954373679]",28.993128777724532,2.0040419941448704
"[0.2685887155902298, 0.6527697718590856, -0.8898952646659393, 0.530142556702024]",28.99317191472066,2.004104826626267
"[0.26858208801186406, 0.6527700433247822, -0.8898960914785472, 0.5301418178222668]",28.99321505649434,2.004167659107664
"[0.26857546052602266, 0.6527703148626732, -0.8898969183500012, 0.5301410788193756]",28.993258196156706,2.0042304915890603
"[0.2685688332415103, 0.6527705864682424, -0.889897745266721, 0.5301403397055546]",28.993301337455904,2.0042933240704572
"[0.26856220570166234, 0.6527708581602579, -0.8898985722856853, 0.5301396004298046]",28.993344479579488,2.0043561565518533
"[0.26855557803139224, 0.6527711299335905, -0.889899399391311, 0.5301388610060631]",28.993387622517343,2.00441898903325
"[0.2685489505034423, 0.6527714017770492, -0.88990022654956, 0.5301381214647645]",28.9934307696294,2.0044818215146467
"[0.26854232274372725, 0.6527716737059839, -0.8899010538071199, 0.5301373817641544]",28.993473914811226,2.004544653996043
"[0.2685356949369395, 0.6527719457128212, -0.8899018811409415, 0.5301366419248351]",28.993517062735567,2.00460748647744
"[0.2685290674121193, 0.6527722177840556, -0.8899027085099454, 0.5301359019835366]",28.993560211422952,2.0046703189588366
"[0.26852243941184145, 0.6527724899507714, -0.8899035360086895, 0.5301351618557011]",28.993603360888084,2.004733151440233
"[0.2685158116578374, 0.6527727621833473, -0.8899043635470684, 0.5301344216218985]",28.99364650935462,2.0047959839216296
"[0.26850918271888746, 0.652773034540582, -0.8899051913037969, 0.5301336811222539]",28.993689664083373,2.0048588164030265
"[0.2685025552353905, 0.6527733069139985, -0.8899060189491612, 0.5301329406517092]",28.993732816553337,2.004921648884423
"[0.2684959268681486, 0.652773579399686, -0.8899068467752737, 0.5301321999489709]",28.99377597296431,2.0049844813658195
"[0.2684892983114246, 0.6527738519691585, -0.8899076746954409, 0.5301314590915416]",28.993819128146338,2.0050473138472165
"[0.26848267046467306, 0.6527741245854082, -0.8899085025973094, 0.5301307181799789]",28.993862286407744,2.0051101463286125
"[0.26847604222671506, 0.6527743972937218, -0.8899093306184239, 0.5301299770911927]",28.993905444089894,2.0051729788100094
"[0.26846941375819444, 0.6527746700875011, -0.8899101587387254, 0.5301292358431218]",28.993948603191896,2.005235811291406
"[0.2684627844879286, 0.6527749429902694, -0.8899109870295878, 0.5301284943718589]",28.99399176398183,2.0052986437728024
"[0.2684561566345107, 0.652775215910686, -0.8899118152137996, 0.5301277529255639]",28.994034927232935,2.0053614762541994
"[0.2684495283553979, 0.6527754889246039, -0.8899126435215777, 0.5301270112981435]",28.99407808882101,2.005424308735596
"[0.2684428989471519, 0.6527757620610256, -0.8899134720408519, 0.5301262694108385]",28.994121253866606,2.005487141216993
"[0.26843627111098783, 0.6527760352086434, -0.8899143004340251, 0.530125527565958]",28.99416442031864,2.005549973698389
"[0.26842964227845173, 0.6527763084733068, -0.8899151290221102, 0.5301247854760229]",28.994207587181727,2.0056128061797858
"[0.2684230133822835, 0.6527765818165806, -0.889915957688532, 0.5301240432454211]",28.994250755014065,2.0056756386611823
"[0.2684163844571918, 0.6527768552370333, -0.8899167864289521, 0.5301233008780336]",28.994293923122296,2.0057384711425787
"[0.2684097561660544, 0.652777128707313, -0.8899176151604865, 0.5301225584481116]",28.99433709462084,2.0058013036239757
"[0.26840312694215035, 0.6527774022920654, -0.889918444079025, 0.5301218157801546]",28.994380265782958,2.005864136105372
"[0.26839649781538105, 0.6527776759487981, -0.8899192730558008, 0.5301210729895165]",28.994423440559242,2.0059269685867687
"[0.2683898684811617, 0.6527779496900894, -0.8899201021289019, 0.5301203300420595]",28.994466615583242,2.005989801068165
"[0.26838323973993655, 0.6527782234828768, -0.8899209311982165, 0.5301195870275021]",28.994509789448454,2.006052633549562
"[0.2683766099394466, 0.6527784973954149, -0.8899217604704017, 0.5301188437606226]",28.99455296729663,2.0061154660309586
"[0.26836998134377626, 0.6527787713341576, -0.8899225896622562, 0.5301181004952513]",28.994596144873874,2.006178298512355
"[0.26836335139304796, 0.6527790454049027, -0.8899234190940043, 0.5301173569443368]",28.994639322322577,2.006241130993752
"[0.2683567222745452, 0.652779319517231, -0.8899242484920147, 0.5301166133531761]",28.99468250558499,2.006303963475148
"[0.26835009298209955, 0.6527795937127432, -0.8899250779821616, 0.5301158696089154]",28.994725684370383,2.006366795956545
"[0.2683434639957661, 0.6527798679715904, -0.8899259075043747, 0.5301151257654011]",28.99476886810972,2.006429628437942
"[0.2683368347807111, 0.652780142315874, -0.8899267371255785, 0.5301143817626487]",28.994812051361922,2.0064924609193384
"[0.2683302041703443, 0.6527804167939065, -0.8899275669917923, 0.5301136374696712]",28.994855238559456,2.006555293400735
"[0.26832357444287996, 0.6527806913114016, -0.8899283968178866, 0.5301128931421658]",28.994898424932067,2.0066181258821314
"[0.2683169451165196, 0.6527809658882822, -0.8899292266641459, 0.5301121487260819]",28.99494161245411,2.0066809583635283
"[0.2683103153998717, 0.6527812405573165, -0.8899300566296335, 0.5301114041325621]",28.994984801657537,2.006743790844925
"[0.26830368507250196, 0.6527815153276638, -0.8899308867419597, 0.530110659336804]",28.995027990199304,2.0068066233263213
"[0.26829705526383446, 0.6527817901525159, -0.8899317168597213, 0.5301099144656775]",28.995071184083844,2.0068694558077182
"[0.26829042569930517, 0.6527820650432464, -0.8899325470172822, 0.5301091694883485]",28.99511437351517,2.0069322882891143
"[0.26828379555715315, 0.6527823400339201, -0.8899333773175485, 0.5301084243124786]",28.995157568761115,2.0069951207705112
"[0.2682771654956663, 0.6527826150972553, -0.8899342076780875, 0.5301076790120203]",28.995200764012758,2.0070579532519077
"[0.26827053508323573, 0.6527828902511595, -0.8899350381529582, 0.5301069335384485]",28.995243962311513,2.007120785733304
"[0.26826390499953456, 0.652783165467441, -0.8899358686570271, 0.5301061879681593]",28.995287158118206,2.007183618214701
"[0.2682572752954595, 0.6527834407439262, -0.8899366991839095, 0.5301054423069549]",28.995330357217597,2.0072464506960976
"[0.26825064486274763, 0.6527837161267122, -0.8899375298724405, 0.5301046964300805]",28.99537355599662,2.007309283177494
"[0.2682440143859916, 0.6527839915872871, -0.8899383606368685, 0.5301039504146341]",28.99541675739451,2.0073721156588906
"[0.2682373835813264, 0.6527842671375236, -0.8899391915127594, 0.5301032042285735]",28.995459960076765,2.0074349481402876
"[0.26823075307766875, 0.6527845427512629, -0.889940022421307, 0.5301024579426975]",28.99550316363338,2.007497780621684
"[0.26822412250553845, 0.6527848184438583, -0.8899408534088082, 0.5301017115154244]",28.995546372277737,2.0075606131030805
"[0.2682174924233046, 0.6527850941920859, -0.8899416844052758, 0.5301009650096229]",28.99558957526356,2.0076234455844775
"[0.26821086143043604, 0.6527853700542002, -0.8899425155862541, 0.5301002182675864]",28.995632782434882,2.007686278065874
"[0.2682042305614761, 0.6527856459871763, -0.8899433468220765, 0.530099471405792]",28.995675990527214,2.0077491105472705
"[0.26819759928504106, 0.6527859220131303, -0.8899441781793588, 0.5300987243643774]",28.995719201041307,2.007811943028667
"[0.26819096884428534, 0.6527861980803114, -0.8899450095022396, 0.5300979772833966]",28.99576241203646,2.007874775510064
"[0.26818433830700145, 0.6527864742275135, -0.8899458409075867, 0.5300972300578398]",28.99580562393533,2.0079376079914604
"[0.26817770735175606, 0.6527867504681372, -0.8899466724357094, 0.5300964826514595]",28.995848836040743,2.008000440472857
"[0.2681710761680623, 0.6527870267942998, -0.8899475040628526, 0.5300957350855926]",28.99589205026205,2.008063272954254
"[0.2681644454809702, 0.6527873031757756, -0.8899483356980802, 0.5300949874419911]",28.995935267725983,2.00812610543565
"[0.268157814229383, 0.6527875796567995, -0.8899491674744778, 0.5300942396010005]",28.995978484038858,2.008188937917047
"[0.2681511826789521, 0.6527878562263094, -0.8899499993587352, 0.5300934915925511]",28.99602170092423,2.0082517703984433
"[0.26814455196778647, 0.652788132836831, -0.8899508312080745, 0.5300927435450291]",28.996064921309845,2.0083146028798398
"[0.26813792033763645, 0.6527884095617121, -0.8899516632430745, 0.5300919952600739]",28.99610814129126,2.0083774353612367
"[0.2681312897806676, 0.6527886863178399, -0.8899524952137844, 0.5300912469624504]",28.996151365678813,2.008440267842633
"[0.2681246578702192, 0.6527889632064445, -0.8899533274246961, 0.5300904983783608]",28.996194586925807,2.0085031003240297
"[0.2681180257687997, 0.6527892401790829, -0.8899541597299507, 0.5300897496388924]",28.996237811096243,2.008565932805426
"[0.2681113950327963, 0.6527895171707063, -0.889954991934208, 0.5300890009198255]",28.996281035335944,2.008628765286823
"[0.26810476231709995, 0.6527897943210714, -0.8899558244573116, 0.5300882518434106]",28.996324265200492,2.0086915977682196
"[0.2680981315407981, 0.6527900714664144, -0.889956656807345, 0.5300875028522563]",28.996367491750807,2.008754430249616
"[0.2680915002660827, 0.6527903487086225, -0.8899574892902968, 0.5300867536710124]",28.996410721207113,2.008817262731013
"[0.26808486822816524, 0.6527906260587314, -0.8899583219394307, 0.5300860042697922]",28.9964539519148,2.0088800952124095
"[0.2680782362306506, 0.6527909034832036, -0.8899591546538604, 0.5300852547393053]",28.996497183984886,2.008942927693806
"[0.2680716035475574, 0.6527911810124136, -0.8899599875247493, 0.5300845049974863]",28.996540418089864,2.0090057601752025
"[0.2680649727727634, 0.6527914585377456, -0.8899608202263651, 0.5300837553376503]",28.996583652405842,2.0090685926565994
"[0.26805834033521825, 0.6527917362087475, -0.8899616532071536, 0.5300830053559555]",28.996626887464192,2.009131425137996
"[0.26805170826932406, 0.6527920139401782, -0.8899624862116361, 0.5300822552825197]",28.99667012130413,2.0091942576193924
"[0.26804507638839803, 0.6527922917399145, -0.8899633192632449, 0.5300815050961576]",28.996713358219314,2.0092570901007893
"[0.26803844431245744, 0.6527925696238489, -0.8899641524097106, 0.5300807547539135]",28.996756598126566,2.0093199225821854
"[0.26803181149063326, 0.6527928476150796, -0.8899649857202492, 0.5300800041934306]",28.996799839498465,2.0093827550635823
"[0.26802517957071925, 0.6527931256445411, -0.889965818987838, 0.530079253601173]",28.996843081165615,2.009445587544979
"[0.2680185479104756, 0.6527934037391372, -0.8899666522931498, 0.5300785029044869]",28.996886320674857,2.0095084200263753
"[0.2680119149258076, 0.6527936819653152, -0.889967485835251, 0.5300777519240174]",28.996929565204592,2.0095712525077722
"[0.2680052825251762, 0.6527939602430335, -0.8899683193743233, 0.5300770008758159]",28.996972809613542,2.0096340849891687
"[0.2679986495483493, 0.6527942386209734, -0.8899691530561786, 0.5300762496284938]",28.997016056914738,2.0096969174705652
"[0.2679920174127266, 0.6527945170396476, -0.8899699867026616, 0.5300754983425853]",28.997059306559365,2.0097597499519617
"[0.26798538466147703, 0.6527947955601928, -0.8899708204968894, 0.5300747468530861]",28.997102552484517,2.0098225824333587
"[0.26797875206623806, 0.6527950741502334, -0.8899716543418643, 0.5300739952473832]",28.997145803679395,2.009885414914755
"[0.267972119048317, 0.6527953528340725, -0.8899724883103433, 0.5300732434598971]",28.997189055328512,2.0099482473961516
"[0.26796548670023695, 0.6527956315658029, -0.8899733222649573, 0.5300724916144601]",28.997232306947087,2.0100110798775486
"[0.26795885363659383, 0.6527959104036497, -0.8899741563799073, 0.5300717395540167]",28.997275561182747,2.010073912358945
"[0.2679522205101603, 0.6527961893201888, -0.8899749905731171, 0.5300709873525465]",28.997318817683976,2.0101367448403415
"[0.2679455876544701, 0.6527964683013768, -0.8899758248026363, 0.5300702350478952]",28.997362073909954,2.010199577321738
"[0.2679389541387194, 0.6527967473863854, -0.8899766591855386, 0.5300694825344565]",28.997405329880586,2.010262409803135
"[0.2679323208618856, 0.6527970265373951, -0.8899774936087533, 0.530068729914201]",28.99744858827103,2.0103252422845315
"[0.267925687975352, 0.6527973057480201, -0.8899783280532262, 0.5300679772043261]",28.99749184654121,2.010388074765928
"[0.26791905497940915, 0.6527975850392982, -0.8899791625818159, 0.5300672243481206]",28.997535109419353,2.010450907247325
"[0.2679124214932367, 0.6527978644272651, -0.8899799972424438, 0.5300664713023501]",28.997578370731624,2.0105137397287214
"[0.26790578840893037, 0.6527981438743496, -0.8899808319228614, 0.5300657181682817]",28.997621635816845,2.010576572210118
"[0.2678991546040187, 0.6527984234278518, -0.8899816667643197, 0.5300649648184473]",28.99766490018465,2.010639404691515
"[0.2678925212160777, 0.6527987030398348, -0.8899825016236617, 0.5300642113820244]",28.997708163650728,2.010702237172911
"[0.2678858879319957, 0.6527989827234882, -0.8899833365402846, 0.5300634578234619]",28.99775143030309,2.010765069654308
"[0.26787925439917587, 0.6527992624936847, -0.8899841715585702, 0.5300627041026917]",28.997794698627732,2.0108279021357043
"[0.2678726205103143, 0.6527995423549459, -0.8899850066920341, 0.5300619502075178]",28.997837968659866,2.0108907346171008
"[0.26786598732814687, 0.6527998222624494, -0.8899858418068816, 0.5300611962586997]",28.99788123867072,2.0109535670984977
"[0.2678593534374363, 0.6528001022759077, -0.8899866770812899, 0.5300604420953825]",28.997924511524026,2.011016399579894
"[0.26785271919216724, 0.6528003823803855, -0.8899875124707033, 0.5300596877577883]",28.997967781600334,2.011079232061291
"[0.2678460863878372, 0.6528006625000748, -0.8899883477490131, 0.5300589334500783]",28.998011059300318,2.011142064542687
"[0.2678394511364659, 0.6528009427991823, -0.8899891834058521, 0.5300581787300749]",28.99805433490872,2.011204897024084
"[0.26783281744961357, 0.6528012231082625, -0.8899900189360088, 0.5300574240540352]",28.998097611248195,2.0112677295054806
"[0.2678261833433253, 0.6528015035111209, -0.8899908545893482, 0.5300566691962963]",28.998140887906526,2.011330561986877
"[0.2678195497780339, 0.6528017839671744, -0.889991690244887, 0.5300559142661249]",28.99818416633908,2.011393394468274
"[0.2678129148665527, 0.6528020645561998, -0.8899925261403736, 0.5300551590487521]",28.998227447081156,2.0114562269496705
"[0.2678062802410567, 0.6528023452092113, -0.8899933620701935, 0.5300544037298996]",28.99827073181861,2.011519059431067
"[0.26779964641828247, 0.6528026259043241, -0.8899941979692226, 0.5300536483684343]",28.99831401516924,2.0115818919124635
"[0.2677930119905306, 0.6528029067010995, -0.8899950340148333, 0.5300528928040696]",28.99835729581367,2.0116447243938604
"[0.2677863773051194, 0.6528031875848497, -0.8899958701632709, 0.530052137076334]",28.998400581183034,2.011707556875257
"[0.26777974229950585, 0.6528034685582331, -0.8899967064224249, 0.5300513811780814]",28.998443868099034,2.0117703893566534
"[0.26777310845381747, 0.6528037495585769, -0.8899975426057267, 0.530050625277934]",28.998487156430617,2.0118332218380504
"[0.2677664742852245, 0.6528040306486118, -0.8899983789000742, 0.5300498692070311]",28.998530446041517,2.0118960543194464
"[0.26775983962233346, 0.6528043118356784, -0.8899992153270804, 0.5300491129457323]",28.99857373464171,2.0119588868008433
"[0.26775320450621837, 0.6528045931180302, -0.8900000518815819, 0.5300483564987152]",28.998617026063133,2.01202171928224
"[0.26774657016093445, 0.6528048744437719, -0.890000888409243, 0.530047600005534]",28.998660318050696,2.0120845517636368
"[0.267739934575166, 0.6528051558981994, -0.8900017251636777, 0.530046843236829]",28.998703612974897,2.0121473842450333
"[0.2677333003651786, 0.6528054373703285, -0.8900025618149687, 0.5300460864909908]",28.998746906549847,2.0122102167264297
"[0.26772666513716, 0.6528057189617288, -0.890003398664996, 0.5300453294949559]",28.998790205893638,2.0122730492078267
"[0.26772003014819895, 0.6528060006190599, -0.8900042355552232, 0.5300445723921219]",28.99883350141303,2.0123358816892227
"[0.2677133944305632, 0.652806282383409, -0.8900050726077203, 0.5300438150720457]",28.998876801617637,2.0123987141706197
"[0.2677067602197241, 0.652806564159841, -0.8900059095404824, 0.5300430577898779]",28.998920101155612,2.012461546652016
"[0.26770012485472017, 0.65280684606137, -0.8900067466891937, 0.5300423002418814]",28.998963400471002,2.0125243791334126
"[0.26769348917781494, 0.6528071280522431, -0.8900075839476121, 0.5300415425241619]",28.999006703274226,2.0125872116148096
"[0.2676868537617148, 0.6528074101081092, -0.8900084212434756, 0.5300407847021282]",28.999050005908327,2.012650044096206
"[0.2676802192417009, 0.6528076922019361, -0.8900092584966017, 0.530040026848377]",28.99909331033867,2.0127128765776026
"[0.267673583113407, 0.6528079744402463, -0.8900100960230407, 0.530039268676779]",28.99913661713099,2.012775709058999
"[0.2676669474052927, 0.6528082567367743, -0.8900109335668046, 0.5300385104190626]",28.999179924521208,2.012838541540396
"[0.26766031198012374, 0.6528085390973606, -0.8900117711452012, 0.5300377520595464]",28.99922323126622,2.0129013740217925
"[0.26765367499005205, 0.6528088216006208, -0.8900126089915021, 0.5300369933870467]",28.999266544212166,2.012964206503189
"[0.2676470402313901, 0.6528091040849847, -0.8900134466264519, 0.5300362348354969]",28.999309853712635,2.013027038984586
"[0.26764040480195517, 0.6528093866739916, -0.8900142844164218, 0.5300354760731332]",28.99935316619653,2.013089871465982
"[0.2676337686554379, 0.6528096693696144, -0.890015122367282, 0.5300347170946434]",28.999396478820568,2.013152703947379
"[0.2676271331425212, 0.6528099521143353, -0.8900159603084787, 0.5300339580544763]",28.999439792915776,2.0132155364287754
"[0.26762049681029987, 0.6528102349700697, -0.8900167984234879, 0.5300331987864209]",28.999483109802977,2.0132783689101723
"[0.26761386107069896, 0.6528105178766154, -0.8900176365339993, 0.5300324394520397]",28.999526424692,2.013341201391569
"[0.267607224880105, 0.6528108008784871, -0.8900184747718173, 0.5300316799318819]",28.999569746111224,2.0134040338729653
"[0.26760058885027216, 0.6528110839495941, -0.8900193130596735, 0.5300309202959608]",28.99961306371396,2.0134668663543622
"[0.26759395262461394, 0.6528113671051459, -0.8900201514426125, 0.5300301605034554]",28.999656383938934,2.0135296988357583
"[0.2675873158472997, 0.6528116503603378, -0.890020989965598, 0.5300294005136]",28.999699705838665,2.013592531317155
"[0.267580679975426, 0.6528119336529756, -0.8900218284445256, 0.5300286404932577]",28.99974302961936,2.0136553637985517
"[0.26757404418635267, 0.6528122170181604, -0.8900226669833241, 0.5300278803482371]",28.99978635363473,2.013718196279948
"[0.2675674067373622, 0.6528125005303386, -0.8900235058022368, 0.5300271198788542]",28.999829680376592,2.013781028761345
"[0.26756077102218784, 0.6528127840445485, -0.8900243444723723, 0.5300263594739368]",28.99987300417837,2.0138438612427416
"[0.26755413441901243, 0.6528130676727955, -0.8900251833250794, 0.5300255988330649]",28.99991633441361,2.013906693724138
"[0.2675474974865085, 0.6528133513912188, -0.8900260222897621, 0.5300248380202357]",28.999959662136728,2.0139695262055346
"[0.2675408607443894, 0.6528136351776075, -0.8900268613007245, 0.5300240770950142]",29.000002993239427,2.0140323586869315
"[0.2675342234022376, 0.652813919065748, -0.8900277004578954, 0.5300233159667835]",29.000046326294605,2.014095191168328
"[0.2675275874249175, 0.6528142029716217, -0.8900285395128426, 0.5300225548608394]",29.00008965705823,2.0141580236497245
"[0.26752095090143135, 0.6528144869769417, -0.8900293787071807, 0.5300217935580618]",29.000132990639262,2.0142208561311215
"[0.26751431344714055, 0.6528147710982118, -0.8900302180895678, 0.5300210320142568]",29.000176324257772,2.0142836886125175
"[0.267507676856754, 0.6528150552586014, -0.8900310574330422, 0.530020270435343]",29.000219660990506,2.0143465210939144
"[0.26750103951211995, 0.6528153395274047, -0.8900318969422522, 0.5300195086356168]",29.000263001094606,2.0144093535753114
"[0.2674944022909833, 0.6528156238670315, -0.8900327365061853, 0.5300187467158088]",29.00030633898293,2.014472186056708
"[0.2674877653169071, 0.6528159082721411, -0.8900335761092081, 0.5300179846901621]",29.00034967759382,2.0145350185381043
"[0.2674811276599274, 0.6528161927826482, -0.890034415868966, 0.5300172224518159]",29.000393020238814,2.014597851019501
"[0.26747449017380104, 0.6528164773619489, -0.8900352556774539, 0.5300164600988156]",29.000436362317018,2.0146606835008978
"[0.26746785323306355, 0.6528167619939694, -0.890036095487271, 0.5300156976742009]",29.000479706561826,2.0147235159822943
"[0.2674612154080106, 0.6528170467400312, -0.8900369354793298, 0.5300149350137189]",29.000523052435977,2.0147863484636908
"[0.2674545779293081, 0.6528173315473546, -0.8900377754979009, 0.5300141722587435]",29.00056639900269,2.0148491809450877
"[0.2674479404434349, 0.6528176164310848, -0.8900386155877189, 0.530013409368679]",29.000609745314502,2.0149120134264837
"[0.26744130331565213, 0.652817901375557, -0.8900394557025447, 0.5300126463854927]",29.000653093752174,2.0149748459078807
"[0.26743466584711195, 0.6528181864107666, -0.8900402959308362, 0.5300118832288524]",29.000696446159452,2.015037678389277
"[0.2674280279085094, 0.6528184715422805, -0.8900411362889735, 0.5300111198838631]",29.000739793406158,2.0151005108706737
"[0.2674213902622333, 0.6528187567373551, -0.8900419766804396, 0.5300103564381876]",29.000783144779973,2.0151633433520706
"[0.26741475247556346, 0.6528190420145732, -0.8900428171600174, 0.5300095928420646]",29.000826499281676,2.015226175833467
"[0.26740811367299, 0.6528193274115859, -0.8900436578385811, 0.5300088289947346]",29.000869854224227,2.0152890083148636
"[0.2674014761509416, 0.6528196128296713, -0.8900444984253253, 0.5300080651604198]",29.000913210527475,2.01535184079626
"[0.26739483818932774, 0.6528198983427641, -0.8900453391380713, 0.5300073011412165]",29.0009565692863,2.015414673277657
"[0.267388200027136, 0.652820183940611, -0.890046179946558, 0.530006536964591]",29.000999925020892,2.0154775057590535
"[0.2673815616889805, 0.6528204696221556, -0.8900470208476733, 0.5300057726333672]",29.00104328522331,2.01554033824045
"[0.2673749238528248, 0.6528207553582109, -0.8900478617555297, 0.5300050082256174]",29.001086644903978,2.015603170721847
"[0.26736828537613055, 0.6528210411979652, -0.8900487028148696, 0.5300042436097566]",29.001130008522896,2.0156660032032434
"[0.2673616470525038, 0.6528213271072542, -0.8900495439251537, 0.5300034788771752]",29.001173371544922,2.01572883568464
"[0.2673550084535951, 0.6528216131045285, -0.8900503851406555, 0.5300027139785216]",29.00121673435025,2.0157916681660364
"[0.2673483700716434, 0.6528218991685901, -0.8900512263990007, 0.5300019489704969]",29.001260099427263,2.0158545006474333
"[0.26734173134697276, 0.652822185323535, -0.890052067771116, 0.5300011837886273]",29.001303469767013,2.01591733312883
"[0.2673350928171493, 0.6528224715462172, -0.8900529091888719, 0.5300004184948365]",29.001346837657106,2.0159801656102263
"[0.2673284539240783, 0.6528227578606942, -0.8900537507230067, 0.5299996530247881]",29.00139020652435,2.0160429980916232
"[0.26732181598344573, 0.6528230442102143, -0.8900545922067356, 0.5299988875301976]",29.001433575842142,2.0161058305730193
"[0.2673151766271266, 0.652823330696963, -0.8900554339402674, 0.5299981217379268]",29.001476946459185,2.016168663054416
"[0.26730853819248435, 0.6528236172200256, -0.890056275627283, 0.5299973559176343]",29.00152032036631,2.0162314955358127
"[0.2673018996059895, 0.6528239038257904, -0.8900571174038768, 0.5299965899454137]",29.001563693834658,2.016294328017209
"[0.2672952603454065, 0.6528241905367946, -0.8900579593362823, 0.5299958237610092]",29.0016070681899,2.016357160498606
"[0.267288621061733, 0.6528244773249375, -0.8900588013419547, 0.5299950574395225]",29.001650446382637,2.0164199929800026
"[0.26728198115151436, 0.6528247642162953, -0.8900596434974342, 0.5299942909112805]",29.00169382193977,2.016482825461399
"[0.2672753428170973, 0.6528250511156953, -0.890060485523375, 0.5299935244305524]",29.001737202876175,2.0165456579427956
"[0.2672687035812033, 0.6528253381301895, -0.8900613277339904, 0.5299927577113235]",29.001780583632584,2.0166084904241925
"[0.2672620644277102, 0.652825625217258, -0.8900621700044837, 0.5299919908671873]",29.001823963769567,2.016671322905589
"[0.26725542464078045, 0.6528259124078645, -0.8900630124256756, 0.5299912238154421]",29.001867346214247,2.0167341553869855
"[0.26724878574441296, 0.6528261996360915, -0.8900638548042036, 0.5299904567321447]",29.00191073094953,2.0167969878683825
"[0.26724214686546255, 0.6528264869396946, -0.8900646972508404, 0.5299896895164389]",29.00195411571171,2.016859820349779
"[0.2672355065132799, 0.6528267743831888, -0.8900655399547674, 0.5299889219960358]",29.001997501251388,2.0169226528311754
"[0.2672288666122889, 0.6528270618833173, -0.890066382671775, 0.5299881543932982]",29.00204088885885,2.016985485312572
"[0.26722222728108136, 0.6528273494349156, -0.8900672253867945, 0.5299873867219788]",29.002084276752605,2.017048317793969
"[0.2672155879958777, 0.652827637060658, -0.8900680681662966, 0.5299866189215311]",29.002127668669242,2.0171111502753654
"[0.26720894782105625, 0.6528279248010918, -0.89006891112906, 0.5299858508837267]",29.00217105922576,2.017173982756762
"[0.2672023077377734, 0.6528282126137122, -0.8900697541505385, 0.5299850827220256]",29.002214450042377,2.017236815238159
"[0.26719566820201585, 0.6528285004787439, -0.8900705971728288, 0.5299843144891947]",29.002257844430332,2.017299647719555
"[0.26718902764764624, 0.6528287884640966, -0.890071440394789, 0.5299835460040054]",29.002301241758673,2.0173624802009518
"[0.2671823882676761, 0.6528290764746605, -0.8900722835379454, 0.5299827775202497]",29.002344637730793,2.0174253126823483
"[0.26717574787542736, 0.6528293646052892, -0.8900731268799833, 0.5299820087848288]",29.00238803321399,2.0174881451637448
"[0.2671691080059178, 0.6528296527893893, -0.8900739702259575, 0.5299812399754241]",29.002431431621417,2.0175509776451417
"[0.2671624676665021, 0.6528299410700314, -0.8900748137019451, 0.5299804709771129]",29.002474829722267,2.017613810126538
"[0.26715582714897074, 0.6528302294345666, -0.8900756572708901, 0.5299797018236536]",29.002518232032312,2.017676642607935
"[0.26714918748983946, 0.6528305178379729, -0.8900765008011078, 0.529978932635121]",29.002561633432997,2.017739475089331
"[0.2671425465216423, 0.6528308063744013, -0.890077344567968, 0.5299781631604064]",29.002605037536707,2.017802307570728
"[0.26713590656649505, 0.6528310949429681, -0.8900781882764379, 0.5299773936685527]",29.00264844268625,2.0178651400521246
"[0.2671292655389839, 0.6528313836342994, -0.8900790321915, 0.5299766239178887]",29.00269184649234,2.017927972533521
"[0.2671226243471533, 0.6528316724089488, -0.8900798761977833, 0.5299758540136154]",29.002735255967217,2.017990805014918
"[0.26711598396417485, 0.6528319612245846, -0.8900807201715976, 0.5299750840685733]",29.002778661765536,2.0180536374963145
"[0.2671093436448365, 0.6528322501136069, -0.8900815642076422, 0.5299743139963764]",29.002822071477304,2.018116469977711
"[0.2671027030513914, 0.6528325390907097, -0.8900824083488491, 0.5299735437578501]",29.002865481577466,2.0181793024591075
"[0.267096061815845, 0.6528328281719235, -0.8900832526420104, 0.5299727733102794]",29.002908893862312,2.0182421349405044
"[0.26708942116179113, 0.6528331173039882, -0.890084096931571, 0.5299720027956079]",29.002952307165422,2.018304967421901
"[0.26708278000161734, 0.6528334065342558, -0.8900849413558064, 0.5299712320876403]",29.002995722794044,2.0183677999032974
"[0.26707613893585475, 0.6528336958365802, -0.8900857858383644, 0.5299704612560522]",29.003039135569434,2.0184306323846943
"[0.2670694978600641, 0.6528339852155056, -0.8900866303925228, 0.5299696902887248]",29.00308255317109,2.0184934648660904
"[0.26706285654549217, 0.6528342746810081, -0.8900874750473743, 0.5299689191590866]",29.003125970689876,2.0185562973474873
"[0.2670562155287006, 0.6528345642096971, -0.8900883197346756, 0.5299681479294409]",29.003169390722377,2.0186191298288843
"[0.2670495740295195, 0.6528348538355897, -0.8900891645536602, 0.5299673765091755]",29.00321281132053,2.0186819623102803
"[0.2670429331381036, 0.6528351435111427, -0.8900900093656532, 0.5299666050249153]",29.003256232239853,2.0187447947916772
"[0.267036291672865, 0.6528354332878967, -0.8900908543209661, 0.5299658333393904]",29.003299653820484,2.0188076272730737
"[0.26702965033026277, 0.6528357231354988, -0.890091699330997, 0.5299650615334739]",29.00334307760165,2.0188704597544707
"[0.26702300849446103, 0.6528360130807495, -0.8900925444741112, 0.5299642895356853]",29.003386503298152,2.018933292235867
"[0.2670163669157937, 0.6528363030909724, -0.890093389654829, 0.5299635174331357]",29.00342993006206,2.0189961247172636
"[0.2670097242504122, 0.6528365932248562, -0.8900942350441752, 0.5299627450695772]",29.003473358769522,2.0190589571986606
"[0.2670030835477945, 0.652836883349154, -0.8900950802540404, 0.5299619727996531]",29.00351678557494,2.0191217896800566
"[0.26699644149501156, 0.6528371736086259, -0.8900959257060714, 0.5299612002380664]",29.00356021692109,2.0191846221614536
"[0.26698979973447706, 0.6528374639315051, -0.8900967711912245, 0.5299604275758315]",29.003603648820857,2.01924745464285
"[0.2669831577304358, 0.6528377543412129, -0.8900976167776985, 0.5299596547506151]",29.003647078671992,2.0193102871242465
"[0.2669765159102274, 0.6528380448190536, -0.890098462411089, 0.5299588818121498]",29.003690516645385,2.0193731196056435
"[0.26696987367643615, 0.6528383353911712, -0.8900993081674595, 0.5299581086908872]",29.003733949346916,2.01943595208704
"[0.2669632315403581, 0.6528386260351963, -0.8901001539817117, 0.5299573354463346]",29.003777385024147,2.0194987845684365
"[0.26695658937500116, 0.6528389167566951, -0.8901009998700126, 0.5299565620636952]",29.003820821358797,2.019561617049833
"[0.26694994696998153, 0.6528392075648562, -0.8901018458591587, 0.5299557885184908]",29.003864260836373,2.01962444953123
"[0.266943304329345, 0.6528394984595428, -0.8901026919486394, 0.5299550148111354]",29.00390770018361,2.0196872820126264
"[0.26693666243243386, 0.6528397893978218, -0.8901035380137061, 0.529954241055757]",29.003951140505478,2.019750114494023
"[0.26693001954211504, 0.6528400804558177, -0.8901043842756401, 0.5299534670499403]",29.00399458226016,2.01981294697542
"[0.26692337777881664, 0.6528403715406085, -0.89010523046431, 0.5299526930407678]",29.004038026438263,2.019875779456816
"[0.266916734943339, 0.6528406627485829, -0.8901060768598995, 0.5299519187719421]",29.00408146996703,2.019938611938213
"[0.26691009236456703, 0.6528409540214939, -0.8901069232931018, 0.5299511443983327]",29.00412491556642,2.0200014444196093
"[0.2669034486704394, 0.6528412454195224, -0.8901077699387635, 0.5299503697599569]",29.004168366219393,2.020064276901006
"[0.26689680644026914, 0.6528415368295297, -0.8901086164681804, 0.5299495951575653]",29.004211810582778,2.0201271093824027
"[0.26689016443576663, 0.6528418283058227, -0.8901094630391387, 0.5299488204467884]",29.004255262171185,2.020189941863799
"[0.266883521119888, 0.652842119915843, -0.8901103098475642, 0.5299480454483461]",29.004298711778404,2.020252774345196
"[0.2668768781562067, 0.6528424115866156, -0.8901111566814157, 0.5299472703562379]",29.00434216549651,2.020315606826592
"[0.2668702355675068, 0.6528427033171045, -0.8901120035377773, 0.5299464951731694]",29.004385617135036,2.020378439307989
"[0.26686359218618766, 0.6528429951586121, -0.8901128505655094, 0.5299457197628464]",29.00442907163985,2.0204412717893856
"[0.2668569490038384, 0.6528432870675747, -0.8901136976381929, 0.5299449442410021]",29.00447252725192,2.020504104270782
"[0.26685030634886037, 0.652843579029561, -0.8901145447139399, 0.5299441686459787]",29.004515984814386,2.020566936752179
"[0.2668436623144762, 0.6528438711283785, -0.8901153920359165, 0.5299433927551308]",29.00455944424327,2.0206297692335755
"[0.26683701911775504, 0.6528441632665796, -0.890116239321384, 0.5299426168273301]",29.004602901417716,2.020692601714972
"[0.2668303760517123, 0.6528444554752287, -0.8901170866604945, 0.5299418407800371]",29.004646360911007,2.0207554341963685
"[0.2668237325423593, 0.6528447477795775, -0.8901179341264664, 0.5299410645461887]",29.00468982163858,2.0208182666777654
"[0.26681708813670935, 0.6528450401995851, -0.890118781777103, 0.5299402880728059]",29.004733286090573,2.020881099159162
"[0.26681044525749553, 0.6528453326286131, -0.8901196293033165, 0.5299395116430324]",29.004776748659268,2.0209439316405584
"[0.26680380167179446, 0.6528456251649436, -0.890120476989977, 0.5299387349959034]",29.00482021448595,2.0210067641219553
"[0.2667971572631555, 0.6528459178137417, -0.8901213248519656, 0.5299379581177409]",29.00486367963862,2.021069596603352
"[0.2667905138675341, 0.6528462104941032, -0.8901221726550024, 0.5299371812232582]",29.004907147799447,2.0211324290847483
"[0.2667838702726914, 0.6528465032594578, -0.8901230205537713, 0.5299364041706679]",29.00495061970987,2.021195261566145
"[0.2667772261580726, 0.6528467961239309, -0.8901238685891938, 0.5299356269224684]",29.004994087233744,2.0212580940475418
"[0.26677058192267217, 0.6528470890699469, -0.8901247167103526, 0.5299348495253116]",29.005037559574042,2.0213209265289382
"[0.26676393874877075, 0.6528473820453565, -0.8901255647663159, 0.5299340721175606]",29.005081031548198,2.0213837590103347
"[0.26675729413578697, 0.6528476751604533, -0.8901264130763076, 0.5299332944065656]",29.005124506762986,2.0214465914917317
"[0.266750650525181, 0.6528479683075393, -0.8901272613286348, 0.5299325166780733]",29.005167978462467,2.0215094239731277
"[0.2667440058995709, 0.6528482615756317, -0.8901281097808735, 0.529931738695917]",29.00521145623024,2.0215722564545247
"[0.2667373616840062, 0.6528485549018441, -0.8901289582510684, 0.5299309606269261]",29.0052549329855,2.021635088935921
"[0.2667307171941159, 0.6528488483163972, -0.890129806826609, 0.5299301823909467]",29.005298412672666,2.0216979214173176
"[0.2667240722474798, 0.6528491418273309, -0.8901306555308043, 0.529929403966622]",29.005341892172293,2.0217607538987146
"[0.2667174278692447, 0.6528494353893853, -0.8901315042327156, 0.5299286254740151]",29.00538537191311,2.021823586380111
"[0.2667107841625538, 0.6528497289979776, -0.8901323529191474, 0.5299278469252497]",29.00542885389258,2.0218864188615076
"[0.2667041387747484, 0.6528500227570985, -0.89013320189065, 0.5299270680445927]",29.005472338388806,2.021949251342904
"[0.2666974939616658, 0.6528503165670393, -0.8901340508590476, 0.5299262890964157]",29.005515825047475,2.022012083824301
"[0.2666908495303703, 0.6528506104363176, -0.8901348998489745, 0.529925510058123]",29.005559308951902,2.0220749163056975
"[0.26668420503231316, 0.6528509043847645, -0.8901357489177368, 0.5299247308771334]",29.005602795321693,2.022137748787094
"[0.26667756007234755, 0.6528511984298763, -0.8901365981158353, 0.529923951507081]",29.005646286577765,2.022200581268491
"[0.26667091474819127, 0.6528514925673347, -0.8901374474307935, 0.5299231719594094]",29.005689772998288,2.0222634137498874
"[0.26666427009372484, 0.6528517867513776, -0.8901382967304684, 0.5299223923554008]",29.005733263715797,2.022326246231284
"[0.2666576246753454, 0.6528520810454752, -0.8901391461980988, 0.5299216125268496]",29.00577675629849,2.0223890787126804
"[0.2666509795347401, 0.6528523754035037, -0.8901399957005343, 0.5299208325959796]",29.005820247880898,2.0224519111940773
"[0.26664433497911405, 0.6528526698118392, -0.8901408451984878, 0.5299200525988704]",29.005863744001136,2.022514743675474
"[0.2666376893493091, 0.6528529643440062, -0.8901416949040853, 0.5299192723407357]",29.00590723993412,2.0225775761568703
"[0.2666310440455004, 0.652853258937958, -0.8901425446383131, 0.5299184919859473]",29.005950738156987,2.022640408638267
"[0.2666243989753899, 0.6528535535977913, -0.8901433944129611, 0.5299177115236634]",29.00599423608947,2.0227032411196633
"[0.2666177527584185, 0.6528538483847031, -0.8901442444045916, 0.5299169307917506]",29.006037732733784,2.02276607360106
"[0.26661110767558477, 0.6528541431975562, -0.8901450943214815, 0.5299161500581122]",29.00608123540511,2.022828906082457
"[0.2666044617183492, 0.6528544381254424, -0.8901459444205214, 0.5299153690867855]",29.006124735545566,2.022891738563853
"[0.26659781593589416, 0.6528547331218165, -0.8901467945675171, 0.5299145880010341]",29.006168235919237,2.02295457104525
"[0.26659117056705867, 0.6528550281760653, -0.890147644731905, 0.5299138068289445]",29.006211742626522,2.0230174035266466
"[0.26658452420814055, 0.6528553233505221, -0.8901484950932733, 0.5299130254054905]",29.006255247580924,2.023080236008043
"[0.2665778783394262, 0.652855618579452, -0.8901493454622343, 0.5299122439046947]",29.006298753637022,2.02314306848944
"[0.26657123255492265, 0.652855913880885, -0.8901501958907257, 0.5299114622788249]",29.006342261745715,2.0232059009708365
"[0.2665645869640614, 0.6528562092499458, -0.8901510463647386, 0.5299106805407671]",29.00638576911129,2.023268733452233
"[0.26655794098832136, 0.6528565047123552, -0.8901518969583107, 0.5299098986224526]",29.006429280381127,2.0233315659336295
"[0.2665512946521018, 0.652856800267042, -0.8901527476683299, 0.5299091165267261]",29.006472791936126,2.0233943984150264
"[0.26654464825920154, 0.6528570959004992, -0.8901535984559155, 0.5299083342893253]",29.00651630466282,2.023457230896423
"[0.2665380021841838, 0.6528573915960706, -0.8901544492731142, 0.5299075519543289]",29.006559816588208,2.0235200633778194
"[0.2665313554226408, 0.6528576873984301, -0.8901553002485144, 0.5299067694035132]",29.006603332755414,2.0235828958592164
"[0.26652470917390597, 0.652857983254228, -0.8901561512285665, 0.5299059867780466]",29.006646849878386,2.023645728340613
"[0.2665180627833557, 0.6528582791925802, -0.890157002297082, 0.5299052040008742]",29.006690367002264,2.0237085608220093
"[0.2665114166454496, 0.6528585751959324, -0.890157853403546, 0.5299044211184396]",29.006733885590116,2.023771393303406
"[0.26650476977698967, 0.6528588713081052, -0.8901587046738714, 0.5299036380148803]",29.006777403418322,2.0238342257848028
"[0.2664981239341278, 0.6528591674507824, -0.8901595558831452, 0.529902854897198]",29.00682092501913,2.0238970582661993
"[0.26649147675225965, 0.6528594637294038, -0.8901604073342285, 0.5299020714866632]",29.00686444804034,2.0239598907475957
"[0.2664848295795912, 0.6528597600838835, -0.8901612588544471, 0.529901287942147]",29.00690797134351,2.0240227232289927
"[0.2664781827489541, 0.6528600564993748, -0.8901621104011572, 0.5299005043028913]",29.006951496062424,2.0240855557103887
"[0.2664715363057404, 0.6528603529738398, -0.890162961968531, 0.5298997205742689]",29.006995021851516,2.0241483881917857
"[0.26646488935596896, 0.6528606495471578, -0.8901638136711084, 0.5298989366508566]",29.007038548877098,2.024211220673182
"[0.2664582420087264, 0.6528609462144754, -0.8901646654949245, 0.5298981525454919]",29.007082076698705,2.0242740531545786
"[0.26645159443264127, 0.6528612429682789, -0.8901655174183789, 0.5298973682780415]",29.00712560697865,2.0243368856359756
"[0.26644494847305006, 0.6528615397261631, -0.8901663692049581, 0.5298965840662574]",29.007169134495683,2.024399718117372
"[0.2664383007857258, 0.6528618366374606, -0.8901672212832784, 0.5298957995155176]",29.007212666376702,2.024462550598769
"[0.26643165271566105, 0.6528621336421337, -0.8901680734809749, 0.5298950147844893]",29.007256203202516,2.024525383080165
"[0.2664250057058504, 0.6528624306757043, -0.8901689256130623, 0.5298942300435204]",29.007299737036618,2.024588215561562
"[0.2664183582474039, 0.6528627278055881, -0.8901697778729653, 0.5298934451144892]",29.007343272208903,2.0246510480429585
"[0.2664117116093187, 0.6528630249750671, -0.8901706300979797, 0.5298926601472331]",29.00738680975585,2.024713880524355
"[0.26640506332475433, 0.6528633222944156, -0.8901714826044146, 0.5298918748504299]",29.007430348245105,2.024776713005752
"[0.2663984158606325, 0.6528636196533547, -0.8901723350759476, 0.5298910895154063]",29.00747388630893,2.0248395454871484
"[0.26639176806257153, 0.6528639171035031, -0.8901731876606078, 0.5298903040058088]",29.00751742622375,2.024902377968545
"[0.2663851200901052, 0.6528642146377404, -0.8901740403379412, 0.529889518340458]",29.007560968266304,2.0249652104499414
"[0.2663784726073013, 0.6528645122263157, -0.890174893022768, 0.5298887325978715]",29.007604510168193,2.0250280429313383
"[0.26637182404759446, 0.6528648099393927, -0.890175745916041, 0.5298879465928292]",29.007648054634434,2.025090875412735
"[0.2663651764738452, 0.6528651076845919, -0.8901765987531317, 0.5298871605692108]",29.00769159941881,2.0251537078941313
"[0.2663585281295992, 0.6528654055405838, -0.8901774517593757, 0.5298863743193304]",29.00773514655824,2.0252165403755282
"[0.26635188040475777, 0.652865703445095, -0.8901783047564447, 0.5298855880075607]",29.007778694978814,2.0252793728569243
"[0.266345232469592, 0.6528660014353062, -0.8901791578507962, 0.5298848015357622]",29.007822243898826,2.025342205338321
"[0.26633858404931665, 0.652866299523545, -0.8901800110777021, 0.5298840148714036]",29.00786579223845,2.0254050378197177
"[0.26633193550901524, 0.6528665976934498, -0.8901808643903167, 0.5298832280576657]",29.0079093453904,2.025467870301114
"[0.26632528776697006, 0.6528668959038286, -0.8901817176707697, 0.5298824412032358]",29.007952896254757,2.025530702782511
"[0.26631863930282657, 0.6528671942228802, -0.8901825711142064, 0.5298816541281594]",29.00799645185048,2.0255935352639076
"[0.2663119904363179, 0.652867492636277, -0.890183424679599, 0.5298808668702505]",29.008040007110427,2.0256563677453046
"[0.2663053420500013, 0.6528677911044056, -0.8901842782536445, 0.529880079534009]",29.008083559909352,2.0257192002267006
"[0.26629869292095837, 0.6528680896821772, -0.8901851319933533, 0.5298792919745918]",29.008127118886403,2.0257820327080975
"[0.26629204435644893, 0.6528683883108763, -0.8901859857308767, 0.5298785043468504]",29.008170678309547,2.025844865189494
"[0.2662853956717479, 0.6528686870212658, -0.8901868395541312, 0.5298777165696584]",29.008214238164733,2.0259076976708905
"[0.26627874739020835, 0.652868985789822, -0.8901876933959009, 0.5298769287050398]",29.008257798063422,2.0259705301522875
"[0.2662720979754058, 0.6528692846856018, -0.8901885474535202, 0.5298761405708926]",29.008301361705843,2.026033362633684
"[0.26626544851901135, 0.6528695836595598, -0.8901894015867903, 0.5298753522965645]",29.008344926104357,2.0260961951150804
"[0.2662588000158614, 0.6528698826669347, -0.8901902556679073, 0.529874564000034]",29.008388489195656,2.026159027596477
"[0.26625215106003247, 0.6528701817709768, -0.8901911098774683, 0.5298737755145795]",29.008432056463153,2.026221860077874
"[0.2662455025185095, 0.6528704809326353, -0.890191964104091, 0.5298729869430725]",29.00847562118328,2.0262846925592704
"[0.26623885249705614, 0.6528707802372062, -0.8901928185911662, 0.5298721980607516]",29.00851918866944,2.026347525040667
"[0.2662322038199004, 0.6528710795575706, -0.8901936729757985, 0.5298714092026536]",29.008562757196223,2.0264103575220638
"[0.26622555392183544, 0.6528713790091915, -0.8901945275876263, 0.5298706200644437]",29.00860632979252,2.02647319000346
"[0.26621890439513823, 0.6528716785203984, -0.890195382222029, 0.5298698308350264]",29.00864990306737,2.0265360224848568
"[0.26621225564050827, 0.6528719780731188, -0.8901962368274858, 0.5298690415619978]",29.008693474842882,2.0265988549662532
"[0.2662056052225795, 0.6528722777770923, -0.8901970917170435, 0.529868251956223]",29.00873704984276,2.02666168744765
"[0.26619895553255063, 0.6528725775245665, -0.8901979465833338, 0.5298674623015884]",29.00878062516861,2.0267245199290467
"[0.26619230591664933, 0.652872877345002, -0.8901988015103897, 0.5298666725204738]",29.00882420219321,2.026787352410443
"[0.2661856561335035, 0.6528731772492861, -0.890199656529243, 0.5298658825842021]",29.0088677787238,2.02685018489184
"[0.26617900591863547, 0.6528734772493558, -0.8902005116739088, 0.5298650924613344]",29.008911360310893,2.026913017373236
"[0.2661723558563741, 0.6528737773188446, -0.8902013668692511, 0.5298643022213]",29.008954941347085,2.026975849854633
"[0.266165706587267, 0.6528740774288454, -0.8902022220328794, 0.5298635119402251]",29.00899852055443,2.02703868233603
"[0.26615905681602503, 0.6528743776378131, -0.8902030773313743, 0.5298627214641705]",29.0090421039451,2.027101514817426
"[0.26615240651591393, 0.6528746779469667, -0.8902039327681895, 0.52986193078993]",29.00908568832397,2.027164347298823
"[0.2661457566222358, 0.6528749783140962, -0.8902047882230151, 0.5298611400286687]",29.00912927186375,2.0272271797802195
"[0.266139105993376, 0.6528752787907061, -0.890205643842718, 0.529860349044702]",29.00917285868068,2.027290012261616
"[0.2661324555685477, 0.6528755793344398, -0.890206499506468, 0.5298595579496304]",29.009216445315754,2.027352844743013
"[0.2661258051763708, 0.652875879953013, -0.8902073552363124, 0.5298587667231028]",29.00926003639898,2.0274156772244094
"[0.26611915498042654, 0.6528761806390272, -0.8902082110111972, 0.5298579753845848]",29.0093036261725,2.027478509705806
"[0.26611250516217577, 0.6528764813842682, -0.8902090668077605, 0.5298571839556834]",29.00934721718727,2.0275413421872024
"[0.26610585401245207, 0.6528767822660575, -0.890209922845976, 0.5298563922329415]",29.009390809032016,2.0276041746685993
"[0.2660992041130232, 0.6528770831675834, -0.890210778793557, 0.5298556005237011]",29.00943440173704,2.027667007149996
"[0.2660925525132931, 0.6528773842223828, -0.890211635030297, 0.529854808476637]",29.009477999005107,2.0277298396313923
"[0.2660859018353945, 0.6528776853117862, -0.8902124912186695, 0.5298540164039606]",29.00952159545731,2.0277926721127892
"[0.26607925057946685, 0.6528779865036854, -0.8902133475517539, 0.5298532241270563]",29.009565192053884,2.0278555045941857
"[0.2660725999462026, 0.6528782877437099, -0.8902142038749624, 0.5298524317889419]",29.009608790176337,2.0279183370755822
"[0.26606594956894447, 0.652878589048459, -0.8902150602354894, 0.5298516393459515]",29.009652390855546,2.0279811695569787
"[0.2660592977409278, 0.652878890495259, -0.8902159168531304, 0.5298508465946965]",29.009695991379687,2.0280440020383756
"[0.26605264694341707, 0.6528791919716944, -0.8902167734083545, 0.5298500538308459]",29.00973959281601,2.028106834519772
"[0.26604599584554023, 0.6528794935380619, -0.8902176300725516, 0.5298492608958025]",29.009783195545907,2.0281696670011686
"[0.2660393442291605, 0.6528797952042783, -0.8902184868738297, 0.5298484677635175]",29.009826800011414,2.0282324994825656
"[0.2660326928763268, 0.6528800969348773, -0.8902193437114532, 0.5298476745272346]",29.009870405152373,2.0282953319639616
"[0.2660260414831811, 0.6528803987436314, -0.8902202006245619, 0.529846881150728]",29.009914012413084,2.0283581644453585
"[0.2660193904001967, 0.6528807006146419, -0.8902210575679967, 0.5298460876757976]",29.009957621736252,2.028420996926755
"[0.2660127394192543, 0.6528810025573424, -0.8902219145685646, 0.5298452940776294]",29.010001230311204,2.0284838294081515
"[0.26600608661415504, 0.6528813046592081, -0.8902227718744887, 0.5298445001263334]",29.010044843641605,2.0285466618895485
"[0.26599943547204463, 0.6528816067618938, -0.8902236290364018, 0.5298437062380577]",29.010088454403046,2.028609494370945
"[0.26599278482503597, 0.6528819089184066, -0.8902244862047801, 0.5298429122734672]",29.010132066083727,2.0286723268523414
"[0.26598613203432653, 0.6528822112486726, -0.8902253437197484, 0.5298421179174726]",29.010175681790567,2.028735159333738
"[0.2659794802643137, 0.6528825136088767, -0.8902262011734485, 0.5298413235479087]",29.010219297226712,2.028797991815135
"[0.2659728280713976, 0.6528828160646548, -0.8902270587519563, 0.5298405289923604]",29.01026291362889,2.0288608242965314
"[0.2659661764260203, 0.652883118571904, -0.8902279163301612, 0.5298397343667132]",29.01030652900819,2.028923656777928
"[0.26595952392481703, 0.6528834211943841, -0.8902287740890019, 0.5298389395033878]",29.01035014971535,2.028986489259325
"[0.26595287251155675, 0.6528837238437083, -0.890229631777846, 0.5298381446345886]",29.01039376973503,2.0290493217407213
"[0.26594622042798244, 0.6528840265998818, -0.8902304896234082, 0.5298373495501948]",29.010437391884544,2.0291121542221178
"[0.2659395678357663, 0.6528843294555567, -0.8902313476048577, 0.5298365542695034]",29.01048101514002,2.0291749867035143
"[0.2659329153674099, 0.6528846323819452, -0.8902322056406258, 0.5298357588681121]",29.010524637816044,2.029237819184911
"[0.2659262633193789, 0.6528849353655363, -0.8902330636924635, 0.5298349633814826]",29.010568263167933,2.0293006516663077
"[0.26591961040419043, 0.6528852384649788, -0.8902339219264498, 0.5298341676556348]",29.010611891228905,2.029363484147704
"[0.26591295839026696, 0.652885541599704, -0.8902347801144539, 0.529833371902081]",29.01065551842714,2.029426316629101
"[0.2659063052169506, 0.6528858448636218, -0.8902356385223271, 0.5298325758743008]",29.01069914787112,2.029489149110497
"[0.26589965322235887, 0.6528861481501553, -0.8902364968483986, 0.5298317798520399]",29.01074277762563,2.029551981591894
"[0.265892999648066, 0.6528864515850777, -0.8902373554485999, 0.5298309835051904]",29.01078640651102,2.0296148140732906
"[0.26588634762291924, 0.6528867550256984, -0.890238213919174, 0.5298301872082315]",29.010830039132955,2.029677646554687
"[0.26587969495368213, 0.6528870585720443, -0.8902390725431499, 0.5298293906986464]",29.010873674618107,2.029740479036084
"[0.2658730409645388, 0.6528873622549902, -0.8902399314077812, 0.5298285938954522]",29.010917308801293,2.0298033115174805
"[0.2658663880141888, 0.6528876659668923, -0.8902407902086211, 0.5298277970810863]",29.010960943762473,2.029866143998877
"[0.2658597346180158, 0.652887969775505, -0.8902416491373014, 0.5298270000777644]",29.011004581144864,2.0299289764802735
"[0.2658530827678685, 0.6528882735898653, -0.8902425079366628, 0.529826203124108]",29.01104822063683,2.0299918089616704
"[0.2658464290317761, 0.6528885775667284, -0.8902433670498001, 0.5298254058089233]",29.01109186006884,2.030054641443067
"[0.26583977518727886, 0.6528888816249172, -0.8902442262472319, 0.5298246083451534]",29.01113550126379,2.0301174739244634
"[0.26583312227845757, 0.6528891857167086, -0.8902450853941232, 0.5298238108579507]",29.011179142185313,2.0301803064058603
"[0.2658264693970317, 0.6528894898836004, -0.8902459446077512, 0.5298230132384671]",29.011222786080676,2.030243138887257
"[0.26581981586151093, 0.6528897941567617, -0.8902468039761382, 0.529822215404975]",29.0112664332216,2.0303059713686533
"[0.2658131620130122, 0.6528900985206079, -0.8902476634552392, 0.5298214173983469]",29.01131007506581,2.03036880385005
"[0.2658065082559859, 0.6528904029566419, -0.8902485229928133, 0.5298206192670792]",29.011353725583955,2.0304316363314467
"[0.2657998541999267, 0.6528907074827347, -0.8902493826393075, 0.5298198209643212]",29.01139737265704,2.0304944688128432
"[0.2657932012192545, 0.6528910120359711, -0.8902502422171453, 0.529819022654986]",29.01144102045068,2.0305573012942397
"[0.2657865471954756, 0.6528913167133277, -0.8902511020000375, 0.5298182240848689]",29.01148467017447,2.0306201337756367
"[0.26577989294481125, 0.6528916214774532, -0.8902519618825369, 0.5298174253518846]",29.011528323705203,2.0306829662570327
"[0.26577323951876153, 0.6528919262801783, -0.8902528217287544, 0.5298166265822637]",29.011571977528835,2.0307457987384296
"[0.2657665849274766, 0.6528922312126667, -0.8902536817958491, 0.5298158275371034]",29.01161563126379,2.030808631219826
"[0.26575993069184645, 0.6528925362052375, -0.8902545418872658, 0.5298150283990001]",29.01165928755725,2.0308714637012226
"[0.26575327633895646, 0.6528928412795661, -0.8902554020641255, 0.5298142291111578]",29.01170294366476,2.0309342961826196
"[0.26574662263628324, 0.6528931464004794, -0.890256262227209, 0.5298134297657483]",29.011746598959462,2.030997128664016
"[0.26573996794138616, 0.6528934516432251, -0.890257122588853, 0.5298126301655367]",29.0117902611582,2.0310599611454125
"[0.26573331362699704, 0.6528937569449298, -0.8902579829715839, 0.5298118304753421]",29.011833919350067,2.0311227936268095
"[0.2657266594323159, 0.6528940623175109, -0.8902588434091161, 0.5298110306638831]",29.011877579540204,2.031185626108206
"[0.2657200051849276, 0.6528943677689043, -0.8902597039237392, 0.5298102307104047]",29.011921241095354,2.031248458589603
"[0.2657133497978789, 0.6528946733489835, -0.8902605646560359, 0.5298094304842483]",29.011964907089848,2.031311291070999
"[0.26570669592121376, 0.6528949789361044, -0.8902614252632701, 0.5298086303040088]",29.0120085710753,2.031374123552396
"[0.26570004069282155, 0.6528952846616934, -0.8902622861156214, 0.5298078298255177]",29.012052238759768,2.0314369560337924
"[0.2656933870571359, 0.6528955903904886, -0.8902631468322223, 0.5298070294029265]",29.01209590601535,2.031499788515189
"[0.2656867313961416, 0.6528958962887403, -0.8902640078811065, 0.5298062286009791]",29.012139576411222,2.031562620996586
"[0.26568007632660406, 0.6528962022362064, -0.8902648689237609, 0.5298054277344733]",29.012183245676795,2.0316254534779823
"[0.2656734214839414, 0.6528965082496333, -0.8902657300073411, 0.5298046267595574]",29.01222691491835,2.031688285959379
"[0.26566676638836684, 0.652896814351082, -0.8902665911939266, 0.5298038256184818]",29.012270587945387,2.0317511184407753
"[0.2656601104127533, 0.6528971205694087, -0.890267452564686, 0.5298030242357262]",29.01231426164314,2.031813950922172
"[0.26565345545747976, 0.6528974268171938, -0.8902683138736807, 0.5298022228400817]",29.01235793579653,2.0318767834035687
"[0.2656467999248871, 0.6528977331679453, -0.8902691753276775, 0.5298014212391735]",29.012401611722787,2.031939615884965
"[0.2656401453388205, 0.6528980395515134, -0.8902700367294306, 0.5298006196165469]",29.01244528970423,2.032002448366362
"[0.2656334900221902, 0.6528983460451065, -0.8902708982960267, 0.5297998177701817]",29.01248896788864,2.032065280847758
"[0.2656268340627343, 0.6528986526447144, -0.8902717600161262, 0.5297990157105964]",29.012532646754522,2.032128113329155
"[0.26562017874812643, 0.6528989592910132, -0.8902726217230188, 0.5297982135929657]",29.012576328477433,2.0321909458105516
"[0.26561352369343294, 0.6528992660017306, -0.8902734834665277, 0.5297974113709121]",29.012620007242035,2.0322537782919485
"[0.2656068676007969, 0.6528995728366851, -0.8902743454147193, 0.5297966088879711]",29.012663691976854,2.032316610773345
"[0.26560021148988794, 0.6528998797488965, -0.8902752074355641, 0.5297958062670348]",29.012707378952115,2.0323794432547415
"[0.2655935553980302, 0.6529001867366603, -0.8902760695242251, 0.5297950035125797]",29.012751062129833,2.0324422757361384
"[0.265586899658761, 0.6529004937845361, -0.8902769316375, 0.5297942006649028]",29.012794749194057,2.0325051082175345
"[0.2655802438546199, 0.6529008009118125, -0.8902777938294517, 0.5297933976736106]",29.012838438401594,2.0325679406989314
"[0.26557358746757925, 0.6529011081424121, -0.8902786561671947, 0.5297925944761727]",29.012882128296358,2.032630773180328
"[0.26556693134527093, 0.6529014154371966, -0.8902795185409224, 0.5297917911748825]",29.012925819455727,2.0326936056617244
"[0.26556027512373315, 0.6529017228129858, -0.8902803809977846, 0.5297909877257919]",29.012969507730546,2.0327564381431213
"[0.26555361909955055, 0.652902030256051, -0.8902812434993509, 0.5297901841647386]",29.013013201032507,2.032819270624518
"[0.2655469627988978, 0.6529023377883084, -0.8902821061070185, 0.5297893804344788]",29.0130568961253,2.0328821031059143
"[0.2655403071626563, 0.6529026453662694, -0.890282968698849, 0.5297885766486434]",29.013100590391645,2.032944935587311
"[0.2655336496443514, 0.6529029531076368, -0.8902838316048911, 0.5297877724996589]",29.013144290982847,2.0330077680687078
"[0.265526993906543, 0.6529032608431101, -0.8902846943504266, 0.5297869684299149]",29.013187985576767,2.0330706005501042
"[0.2655203369170612, 0.6529035687128761, -0.8902855573284891, 0.5297861640731119]",29.01323168519702,2.0331334330315007
"[0.26551368004310033, 0.652903876653729, -0.8902864203618577, 0.5297853595944035]",29.01327538354437,2.0331962655128977
"[0.2655070237893163, 0.6529041846422965, -0.890287283385094, 0.5297845550548146]",29.013319086908297,2.0332590979942937
"[0.26550036659811366, 0.6529044927506699, -0.8902881466001522, 0.5297837502660473]",29.013362788407303,2.0333219304756907
"[0.265493709675711, 0.65290480092303, -0.890289009850635, 0.5297829453739029]",29.013406491329278,2.033384762957087
"[0.26548705323004845, 0.6529051091497294, -0.8902898731095644, 0.5297821404035544]",29.013450196295302,2.033447595438484
"[0.2654803957500787, 0.6529054175007563, -0.8902907365729114, 0.5297813351722365]",29.0134939013734,2.0335104279198806
"[0.2654737384460051, 0.6529057259200676, -0.8902916000837268, 0.5297805298263021]",29.013537610107875,2.033573260401277
"[0.26546708157064397, 0.6529060343959417, -0.8902924636092069, 0.5297797243963487]",29.01358131896589,2.033636092882674
"[0.2654604240729196, 0.6529063429770917, -0.8902933272856977, 0.529778918755191]",29.01362502850381,2.03369892536407
"[0.2654537670511479, 0.6529066516125995, -0.8902941909707157, 0.5297781130357467]",29.013668740774783,2.033761757845467
"[0.26544710861089477, 0.6529069603903224, -0.8902950549100592, 0.529777307008682]",29.013712450984073,2.0338245903268635
"[0.2654404524095507, 0.652907269140636, -0.8902959186291629, 0.5297765011167612]",29.01375616442411,2.03388742280826
"[0.2654337945648532, 0.6529075780436085, -0.8902967826317844, 0.5297756948899615]",29.01379988041919,2.033950255289657
"[0.2654271373733599, 0.6529078869927047, -0.890297646619909, 0.529774888606348]",29.01384359574267,2.0340130877710534
"[0.2654204792346953, 0.6529081960621981, -0.8902985108012401, 0.5297740820720824]",29.013887311974813,2.03407592025245
"[0.26541382194893026, 0.6529085051685469, -0.8902993749421397, 0.529773275505191]",29.013931031280187,2.0341387527338464
"[0.26540716387189295, 0.652908814388048, -0.8903002392560281, 0.5297724687065254]",29.013974750800887,2.0342015852152433
"[0.2654005064899784, 0.6529091236517126, -0.8903011035499468, 0.5297716618561426]",29.014018469506272,2.03426441769664
"[0.265393848440196, 0.6529094330228523, -0.8903019680008438, 0.5297708547888569]",29.014062193252382,2.0343272501780363
"[0.2653871902166267, 0.6529097424784914, -0.8903028325445839, 0.5297700475645696]",29.014105914463144,2.034390082659433
"[0.265380531847179, 0.6529100520173728, -0.890303697177544, 0.5297692401866091]",29.014149639823614,2.0344529151408293
"[0.2653738737116625, 0.6529103616218205, -0.8903045618504023, 0.5297684327010507]",29.01419336483234,2.034515747622226
"[0.2653672150494736, 0.6529106713272136, -0.8903054266619381, 0.5297676250156309]",29.014237091670495,2.0345785801036227
"[0.2653605565541008, 0.6529109811013133, -0.8903062915220863, 0.5297668172144419]",29.014280820412672,2.0346414125850196
"[0.26535389919904895, 0.6529112908987683, -0.8903071563043797, 0.5297660094156715]",29.014324548212393,2.034704245066416
"[0.2653472406068714, 0.6529116008302495, -0.8903080213176441, 0.5297652013307926]",29.014368277464524,2.0347670775478126
"[0.2653405823575651, 0.6529119108222173, -0.8903088863566361, 0.5297643931515371]",29.014412009394405,2.0348299100292095
"[0.26533392339810213, 0.6529122209237069, -0.8903097515581687, 0.5297635847500709]",29.014455744210963,2.0348927425106056
"[0.2653272648640842, 0.6529125310818366, -0.8903106167746958, 0.5297627762642481]",29.014499477673372,2.0349555749920025
"[0.2653206059068076, 0.6529128413361374, -0.8903114821164972, 0.5297619675910178]",29.014543211710603,2.0350184074733995
"[0.2653139474512932, 0.6529131516435244, -0.8903123474633612, 0.529761158842696]",29.014586948706896,2.0350812399547955
"[0.2653072881608068, 0.6529134620662589, -0.8903132129890186, 0.5297603498569576]",29.01463068756806,2.0351440724361924
"[0.2653006296039577, 0.6529137725312625, -0.8903140784895909, 0.5297595408243047]",29.01467442548435,2.035206904917589
"[0.265293970366753, 0.6529140831044485, -0.8903149441488714, 0.5297587315729501]",29.014718163594498,2.0352697373989854
"[0.2652873112087173, 0.6529143937504052, -0.8903158098681342, 0.5297579221951715]",29.014761904690822,2.0353325698803824
"[0.2652806528850625, 0.6529147044338899, -0.8903166755491833, 0.5297571127827806]",29.014805648076727,2.035395402361779
"[0.26527399353535175, 0.6529150152417179, -0.8903175414339033, 0.529756303109603]",29.014849393554492,2.0354582348431753
"[0.26526733332694225, 0.6529153261660775, -0.8903184075005636, 0.5297554931959673]",29.014893135473994,2.035521067324572
"[0.26526067408857434, 0.6529156371216345, -0.8903192735113571, 0.5297546832642069]",29.014936882478164,2.0355838998059688
"[0.26525401527645426, 0.6529159481337475, -0.8903201395369782, 0.5297538732482349]",29.014980628107782,2.0356467322873653
"[0.26524735547820005, 0.6529162592683806, -0.8903210057611259, 0.5297530629762371]",29.015024376961858,2.0357095647687617
"[0.2652406956986544, 0.6529165704786133, -0.8903218720531157, 0.5297522525704268]",29.015068128328604,2.0357723972501587
"[0.2652340368992005, 0.652916881719505, -0.8903227382878752, 0.5297514421478163]",29.01511187649728,2.035835229731555
"[0.2652273765156502, 0.6529171931109167, -0.8903236047989834, 0.5297506313963077]",29.01515563167052,2.0358980622129517
"[0.26522071678168974, 0.6529175045484338, -0.8903244712958539, 0.5297498205877698]",29.01519938526692,2.035960894694348
"[0.26521405699892736, 0.6529178160647041, -0.8903253378693423, 0.529749009637192]",29.015243136752424,2.036023727175745
"[0.2652073966111084, 0.6529181276857582, -0.8903262045918373, 0.5297481984768166]",29.015286893012753,2.0360865596571416
"[0.26520073743913863, 0.6529184393263904, -0.8903270712263719, 0.5297473873284249]",29.01533064940782,2.036149392138538
"[0.26519407732738576, 0.6529187510874844, -0.8903279380534763, 0.5297465759294364]",29.015374409029118,2.036212224619935
"[0.2651874167780623, 0.652919062945528, -0.8903288050078085, 0.5297457643410245]",29.015418168297465,2.036275057101331
"[0.2651807559384274, 0.6529193748936719, -0.8903296720702086, 0.529744952581066]",29.01546192890796,2.036337889582728
"[0.26517409617071747, 0.6529196868680783, -0.890330539063338, 0.5297441408156299]",29.015505690723497,2.0364007220641245
"[0.265167436288114, 0.6529199989243432, -0.8903314061416825, 0.5297433289000608]",29.015549453422864,2.036463554545521
"[0.2651607757875648, 0.6529203110860436, -0.8903322733707477, 0.5297425167730127]",29.015593218203474,2.036526387026918
"[0.2651541152631413, 0.6529206233253483, -0.8903331406731902, 0.5297417045068988]",29.015636983186383,2.0365892195083144
"[0.2651474544491065, 0.6529209356547195, -0.8903340080836174, 0.5297408920692989]",29.015680748815882,2.036652051989711
"[0.26514079313985556, 0.6529212480838101, -0.8903348756288143, 0.5297400794351104]",29.015724516268833,2.0367148844711074
"[0.2651341326598201, 0.6529215605504963, -0.8903357431362853, 0.5297392667659104]",29.015768284947306,2.0367777169525043
"[0.26512747191339625, 0.65292187310618, -0.8903366107487175, 0.5297384539280192]",29.01581205507701,2.036840549433901
"[0.2651208116438729, 0.6529221857159683, -0.890337478369288, 0.5297376410121588]",29.0158558279809,2.0369033819152973
"[0.2651141509192887, 0.6529224984235549, -0.8903383461194029, 0.5297368279046366]",29.015899597711172,2.0369662143966942
"[0.2651074896304171, 0.6529228112341594, -0.8903392140133012, 0.529736014591994]",29.015943372973634,2.0370290468780907
"[0.2651008288653916, 0.6529231240966663, -0.8903400819092113, 0.5297352012071037]",29.01598714705084,2.037091879359487
"[0.26509416706161165, 0.6529234370844463, -0.8903409500107482, 0.5297343875591719]",29.016030923564166,2.0371547118408837
"[0.26508750603666953, 0.6529237501121563, -0.8903418180810603, 0.529733573870123]",29.0160747009051,2.0372175443222806
"[0.26508084514180813, 0.6529240632102142, -0.8903426862046819, 0.5297327600607978]",29.016118478810128,2.037280376803677
"[0.26507418371745933, 0.6529243764096737, -0.890343554467577, 0.5297319460505437]",29.016162257818312,2.0373432092850736
"[0.26506752146351165, 0.6529246897246527, -0.8903444229088834, 0.5297311318026617]",29.01620603970508,2.0374060417664706
"[0.2650608605410126, 0.6529250030535122, -0.8903452912468938, 0.5297303175812831]",29.01624982413151,2.0374688742478666
"[0.2650541993951069, 0.6529253164693748, -0.8903461596842843, 0.529729503196373]",29.016293606911347,2.0375317067292635
"[0.265047537174977, 0.6529256300122874, -0.8903470283319987, 0.529728688543878]",29.01633739014402,2.03759453921066
"[0.2650408763393435, 0.6529259435665372, -0.8903478968694515, 0.5297278739244468]",29.016381177422097,2.0376573716920565
"[0.265034213665634, 0.6529262572838306, -0.8903487657168546, 0.5297270589439437]",29.016424963470936,2.0377202041734535
"[0.26502755206204376, 0.6529265710272483, -0.8903496344949747, 0.5297262439580717]",29.016468751191056,2.03778303665485
"[0.26502089011080854, 0.6529268848635342, -0.8903505033886984, 0.5297254287934178]",29.01651253970825,2.037845869136247
"[0.2650142285047764, 0.652927198760069, -0.8903513723076572, 0.5297246135347335]",29.01655633105478,2.037908701617643
"[0.26500756612368964, 0.6529275127696477, -0.890352241397979, 0.5297237980449022]",29.016600123592013,2.03797153409904
"[0.26500090344614974, 0.6529278268697033, -0.8903531105972482, 0.5297229823825035]",29.01664391713317,2.0380343665804364
"[0.26499424126052534, 0.6529281410230936, -0.8903539798026097, 0.529722166644021]",29.016687711310933,2.038097199061833
"[0.2649875793155004, 0.6529284552416467, -0.8903548490468397, 0.5297213507987142]",29.016731505111004,2.0381600315432298
"[0.2649809163345668, 0.6529287695855865, -0.8903557184965067, 0.5297205346902268]",29.016775302289442,2.0382228640246263
"[0.26497425493592125, 0.6529290839313769, -0.8903565878099529, 0.5297197186392677]",29.01681910275906,2.0382856965060228
"[0.26496759173069895, 0.652929398438945, -0.8903574574294273, 0.5297189022306684]",29.016862899973678,2.0383485289874193
"[0.2649609296593036, 0.6529297129695104, -0.8903583269711847, 0.5297180858246817]",29.016906699312536,2.038411361468816
"[0.2649542666325144, 0.6529300276217072, -0.8903591967079089, 0.5297172691652846]",29.016950501293685,2.0384741939502127
"[0.2649476044409422, 0.6529303423109781, -0.8903600664058676, 0.5297164524719381]",29.016994304379928,2.038537026431609
"[0.2649409412805335, 0.652930657122535, -0.8903609363005675, 0.529715635523489]",29.017038108434583,2.038599858913006
"[0.2649342787470002, 0.6529309719810104, -0.8903618061836867, 0.5297148185155454]",29.01708191121763,2.038662691394402
"[0.2649276159130572, 0.652931286930179, -0.8903626761762893, 0.5297140013344548]",29.017125720169872,2.038725523875799
"[0.2649209516901984, 0.6529316020215621, -0.8903635464205292, 0.5297131838466111]",29.01716952476753,2.0387883563571956
"[0.2649142894624349, 0.6529319170951352, -0.8903644164744964, 0.5297123664671586]",29.017213333793766,2.038851188838592
"[0.2649076260791903, 0.652932232299882, -0.8903652867496261, 0.5297115488095798]",29.017257145322354,2.038914021319989
"[0.2649009629983475, 0.6529325475668539, -0.8903661570555218, 0.52971073105274]",29.01730095628755,2.0389768538013855
"[0.264894299080765, 0.6529328629499588, -0.8903670275409808, 0.5297099130568143]",29.017344768265268,2.0390396862827824
"[0.26488763628872136, 0.6529331783563221, -0.8903678979496708, 0.5297090950626789]",29.017388580000762,2.0391025187641785
"[0.2648809727656964, 0.6529334938738214, -0.8903687685241147, 0.5297082768424173]",29.017432396560952,2.0391653512455754
"[0.26487430978931975, 0.652933809441965, -0.8903696390973941, 0.5297074585529007]",29.017476213283132,2.0392281837269723
"[0.26486764567649146, 0.6529341251404748, -0.890370509889428, 0.5297066399874067]",29.017520029386485,2.0392910162083684
"[0.2648609826010145, 0.6529344408663732, -0.890371380616168, 0.5297058214129414]",29.017563845798144,2.0393538486897653
"[0.26485431805093435, 0.6529347567386965, -0.8903722516058792, 0.5297050025208867]",29.017607667999762,2.039416681171162
"[0.26484765447340847, 0.6529350726414647, -0.8903731225387498, 0.5297041836119174]",29.017651487715423,2.0394795136525583
"[0.26484099084073187, 0.6529353886233851, -0.8903739935490849, 0.5297033645597579]",29.01769531122347,2.0395423461339552
"[0.26483432665363354, 0.6529357047081416, -0.8903748647021529, 0.5297025453030195]",29.01773913312786,2.0396051786153517
"[0.2648276627954715, 0.6529360208538454, -0.8903757358824809, 0.529701725950282]",29.01778295747583,2.0396680110967482
"[0.2648209987354777, 0.6529363370856596, -0.890376607159455, 0.5297009064363033]",29.017826781675762,2.0397308435781447
"[0.2648143345814816, 0.6529366533984822, -0.8903774785189796, 0.5297000867743195]",29.017870609079953,2.0397936760595416
"[0.2648076698842877, 0.6529369698136469, -0.8903783500197969, 0.529699266909057]",29.017914435386654,2.039856508540938
"[0.2648010062498314, 0.6529372862548949, -0.8903792214518983, 0.5296984470380915]",29.017958266282623,2.0399193410223346
"[0.2647943418860827, 0.6529376028073385, -0.8903800930496285, 0.5296976269409222]",29.018002097198725,2.0399821735037316
"[0.2647876773325558, 0.6529379194453216, -0.8903809647424415, 0.5296968066839635]",29.01804592784978,2.0400450059851276
"[0.26478101354166855, 0.6529382361236264, -0.8903818364057535, 0.5296959863844003]",29.01808976097243,2.0401078384665245
"[0.2647743475739434, 0.6529385529819518, -0.8903827084240855, 0.5296951656803611]",29.018133596674218,2.040170670947921
"[0.2647676838309901, 0.6529388698110755, -0.8903835802216336, 0.5296943451137595]",29.018177429385876,2.040233503429318
"[0.2647610185461772, 0.6529391867900664, -0.8903844522911614, 0.5296935242208]",29.01822126831679,2.0402963359107145
"[0.26475435355104177, 0.6529395038318472, -0.8903853243930541, 0.5296927032270078]",29.018265104566566,2.040359168392111
"[0.26474768935911974, 0.6529398209119787, -0.8903861964600961, 0.5296918821956614]",29.018308942687405,2.040422000873508
"[0.26474102392671195, 0.6529401381276831, -0.8903870687597297, 0.5296910608749892]",29.018352784464582,2.040484833354904
"[0.2647343582676334, 0.652940455430748, -0.8903879411592994, 0.5296902393898522]",29.018396625767988,2.040547665836301
"[0.2647276934342208, 0.6529407727710833, -0.8903888135210626, 0.5296894178699393]",29.018440466380824,2.0406104983176974
"[0.26472102895287547, 0.6529410901711956, -0.8903896859069909, 0.5296885962569354]",29.018484311309923,2.040673330799094
"[0.26471436270024845, 0.6529414077322508, -0.8903905585950515, 0.5296877742890032]",29.0185281560738,2.040736163280491
"[0.2647076974911461, 0.652941725320166, -0.8903914312167649, 0.5296869523131975]",29.018572000872734,2.0407989957618873
"[0.26470103250663574, 0.6529420429739423, -0.890392303879325, 0.5296861302285587]",29.018615847654534,2.0408618282432838
"[0.2646943671907723, 0.6529423607200868, -0.8903931766555226, 0.5296853079664967]",29.01865969590222,2.0409246607246803
"[0.26468770109634965, 0.6529426785798994, -0.8903940496039349, 0.5296844854718522]",29.018703545674967,2.040987493206077
"[0.2646810355160756, 0.6529429964917844, -0.8903949225552765, 0.5296836629040643]",29.018747397533364,2.0410503256874737
"[0.26467437011483413, 0.652943314471713, -0.8903957955534232, 0.5296828402217971]",29.018791248471548,2.04111315816887
"[0.2646677042285935, 0.6529436325513258, -0.8903966686853525, 0.5296820173431314]",29.018835102395176,2.041175990650267
"[0.2646610381674329, 0.6529439507158857, -0.890397541910454, 0.5296811943062633]",29.018878957447477,2.0412388231316636
"[0.264654372337743, 0.6529442689459644, -0.8903984151754913, 0.5296803711614048]",29.018922811017248,2.04130165561306
"[0.2646477063470336, 0.6529445872603139, -0.8903992885318794, 0.5296795478600678]",29.018966670735193,2.0413644880944566
"[0.26464103969854214, 0.6529449056826709, -0.8904001620447144, 0.5296787243408682]",29.019010528796425,2.0414273205758535
"[0.26463437463900924, 0.6529452241056866, -0.890401035419596, 0.5296779008813935]",29.019054386082473,2.04149015305725
"[0.2646277077610651, 0.6529455426921703, -0.8904019091030199, 0.5296770770606335]",29.019098247688213,2.0415529855386465
"[0.2646210409225278, 0.6529458613533707, -0.8904027828515475, 0.5296762531081046]",29.01914210931235,2.0416158180200434
"[0.2646143752269885, 0.6529461800365121, -0.8904036565205249, 0.5296754291602388]",29.019185971035437,2.0416786505014395
"[0.2646077087439825, 0.6529464988338896, -0.8904045303629688, 0.5296746049784102]",29.019229836973437,2.0417414829828364
"[0.26460104209317886, 0.6529468177158788, -0.8904054042976663, 0.529673780639207]",29.019273700744762,2.041804315464233
"[0.2645943756906896, 0.6529471366625746, -0.8904062782700665, 0.5296729561940795]",29.01931756806782,2.0418671479456294
"[0.2645877090048799, 0.6529474556994189, -0.8904071523498657, 0.5296721315772692]",29.019361435735295,2.0419299804270263
"[0.2645810418617079, 0.6529477748347494, -0.8904080265598928, 0.5296713067672273]",29.01940530215665,2.041992812908423
"[0.26457437468342665, 0.652948094048362, -0.8904089008447876, 0.5296704818161734]",29.019449175634303,2.0420556453898193
"[0.26456770852075956, 0.6529484132899339, -0.8904097750667485, 0.529669656854143]",29.019493043912572,2.042118477871216
"[0.26456104144620424, 0.6529487326517686, -0.8904106494785512, 0.5296688316426035]",29.01953691978197,2.0421813103526127
"[0.26455437470663223, 0.6529490520741489, -0.890411523916671, 0.5296680063358647]",29.019580791752436,2.0422441428340092
"[0.26454770717312054, 0.6529493716111742, -0.8904123985291881, 0.5296671807941529]",29.019624665428697,2.0423069753154057
"[0.26454104033219433, 0.6529496911916037, -0.8904132731211076, 0.5296663552015175]",29.019668543551745,2.0423698077968027
"[0.2645343734000622, 0.6529500108530099, -0.8904141477952398, 0.5296655294608994]",29.01971241919949,2.042432640278199
"[0.2645277060182164, 0.6529503306125582, -0.8904150225986279, 0.5296647035279162]",29.01975629674176,2.0424954727595956
"[0.264521038203457, 0.6529506504694925, -0.8904158975290777, 0.5296638774045762]",29.01980017938981,2.042558305240992
"[0.2645143711168892, 0.6529509703680909, -0.8904167724342281, 0.5296630512347649]",29.019844058701626,2.042621137722389
"[0.26450770327140405, 0.652951290379716, -0.8904176475092261, 0.5296622248341902]",29.019887940036163,2.0426839702037856
"[0.26450103552554766, 0.6529516104631696, -0.890418522641407, 0.5296613983092409]",29.019931824641432,2.042746802685182
"[0.26449436782190644, 0.6529519306212062, -0.8904193978383026, 0.5296605716527999]",29.019975707642377,2.042809635166579
"[0.2644877002247276, 0.6529522508507382, -0.8904202730914756, 0.5296597448728346]",29.020019594241326,2.042872467647975
"[0.2644810320673645, 0.6529525711837919, -0.8904211484884416, 0.5296589178866615]",29.02006348334015,2.042935300129372
"[0.26447436351617254, 0.6529528916123899, -0.8904220240073751, 0.5296580907148837]",29.020107369643572,2.0429981326107685
"[0.2644676959712648, 0.652953212069241, -0.8904228994644431, 0.5296572635311918]",29.020151259313344,2.043060965092165
"[0.2644610277966904, 0.6529535326329724, -0.8904237750744403, 0.5296564361326286]",29.020195149603996,2.043123797573562
"[0.2644543597590905, 0.6529538532667346, -0.8904246507367035, 0.5296556086143052]",29.020239041752586,2.0431866300549584
"[0.2644476917214702, 0.6529541739771115, -0.8904255264692196, 0.5296547809592228]",29.02028293456176,2.043249462536355
"[0.26444102306633727, 0.6529544947938156, -0.8904264023530932, 0.5296539530907107]",29.02032682981946,2.0433122950177514
"[0.26443435491133005, 0.6529548156630732, -0.8904272782415309, 0.52965312514752]",29.02037072384102,2.0433751274991483
"[0.26442768661439625, 0.6529551366157816, -0.8904281542188611, 0.5296522970499281]",29.020414619897725,2.0434379599805452
"[0.26442101799638595, 0.6529554576605673, -0.8904290303086226, 0.5296514687756756]",29.02045851820112,2.0435007924619413
"[0.2644143494359634, 0.6529557787792056, -0.8904299064610717, 0.5296506403717814]",29.020502418336275,2.043563624943338
"[0.264407681082023, 0.6529560999645211, -0.8904307826566398, 0.5296498118567491]",29.02054631864519,2.0436264574247347
"[0.2644010119603395, 0.6529564212634468, -0.8904316590233435, 0.5296489831095148]",29.020590219128774,2.043689289906131
"[0.2643943434581602, 0.6529567426091525, -0.8904325353788897, 0.5296481543024582]",29.02063412296872,2.043752122387528
"[0.2643876745594677, 0.6529570640505922, -0.8904334118567955, 0.5296473253093082]",29.020678024144004,2.0438149548689246
"[0.26438100546178556, 0.6529573855782579, -0.8904342884311082, 0.5296464961545946]",29.02072193081981,2.043877787350321
"[0.2643743365453869, 0.6529577071738154, -0.8904351650518441, 0.5296456668855924]",29.020765836957004,2.0439406198317176
"[0.2643676665430562, 0.6529580288983854, -0.8904360418855908, 0.529644837344699]",29.02080974523338,2.0440034523131145
"[0.2643609976069971, 0.6529583506481613, -0.8904369186494182, 0.5296440077995744]",29.020853652001605,2.044066284794511
"[0.26435432815882426, 0.652958672499283, -0.8904377955508269, 0.5296431780538984]",29.020897561153568,2.0441291172759075
"[0.2643476593481059, 0.6529589943962776, -0.8904386724386663, 0.5296423482506847]",29.020941475058592,2.0441919497573044
"[0.2643409898804464, 0.6529593164016099, -0.8904395494831379, 0.5296415182288846]",29.020985385778694,2.0442547822387005
"[0.26433431993572876, 0.652959638506625, -0.890440426660602, 0.5296406880108336]",29.021029296428473,2.0443176147200974
"[0.2643276510813509, 0.6529599606356197, -0.8904413037649164, 0.5296398577916437]",29.021073212464227,2.044380447201494
"[0.2643209809844267, 0.6529602829012796, -0.8904421811029081, 0.5296390272808859]",29.021117130065534,2.0444432796828904
"[0.2643143110883298, 0.6529606052338903, -0.8904430584847403, 0.5296381966582372]",29.021161046869047,2.0445061121642873
"[0.26430764122142675, 0.6529609276417321, -0.8904439359329855, 0.5296373659023408]",29.021204965420093,2.044568944645684
"[0.2643009719997784, 0.6529612500950233, -0.8904448133665864, 0.5296365350899345]",29.021248883851396,2.0446317771270808
"[0.2642943014544978, 0.6529615726889754, -0.8904456910445863, 0.5296357039757161]",29.021292803872843,2.044694609608477
"[0.26428763193777677, 0.6529618953098101, -0.890446568657501, 0.5296348728527791]",29.021336726828128,2.0447574420898738
"[0.26428096207163326, 0.6529622180242015, -0.8904474463866385, 0.5296340415493883]",29.021380649630927,2.0448202745712702
"[0.26427429141306746, 0.6529625408535936, -0.8904483242903125, 0.5296332100103026]",29.021424575235486,2.0448831070526667
"[0.2642676216131303, 0.6529628637180888, -0.8904492021512309, 0.5296323784413267]",29.021468498240765,2.0449459395340637
"[0.2642609513234537, 0.6529631866829245, -0.8904500801468558, 0.5296315466743913]",29.021512424822056,2.04500877201546
"[0.2642542798055763, 0.6529635097839125, -0.8904509583744136, 0.5296307146173225]",29.021556351646616,2.0450716044968567
"[0.26424760992530055, 0.6529638328822588, -0.8904518364566459, 0.5296298826275418]",29.0216002823847,2.045134436978253
"[0.26424093883687555, 0.652964156115768, -0.8904527147681864, 0.5296290503501344]",29.021644213422974,2.04519726945965
"[0.2642342679746769, 0.6529644794149969, -0.890453593120198, 0.529628217963969]",29.02168814391493,2.0452601019410466
"[0.26422759810285557, 0.6529648027428767, -0.8904544714120444, 0.5296273855644474]",29.02173207539959,2.045322934422443
"[0.2642209268242012, 0.6529651262156215, -0.8904553499593969, 0.5296265528523817]",29.021776009014314,2.04538576690384
"[0.2642142563592592, 0.6529654497255853, -0.8904562284698357, 0.5296257201049043]",29.021819946358224,2.045448599385236
"[0.26420758518396303, 0.6529657733466416, -0.8904571071440822, 0.5296248871317994]",29.02186388175557,2.045511431866633
"[0.2642009141783642, 0.6529660970361472, -0.890457985866228, 0.5296240540428825]",29.02190781831091,2.0455742643480295
"[0.2641942431722079, 0.6529664208023468, -0.8904588646586951, 0.529623220816911]",29.021951757729074,2.045637096829426
"[0.26418757170612756, 0.6529667446675438, -0.8904597435820025, 0.5296223873964906]",29.021995696804886,2.045699929310823
"[0.2641809007474948, 0.6529670685847747, -0.890460622508704, 0.5296215539024679]",29.02203963748326,2.0457627617922194
"[0.2641742295790799, 0.6529673925888783, -0.890461501533289, 0.5296207202452139]",29.02208358080507,2.0458255942736163
"[0.264167558289182, 0.6529677166755186, -0.8904623806441303, 0.529619886435815]",29.022127523499275,2.0458884267550124
"[0.2641608871012167, 0.6529680408338941, -0.8904632598117819, 0.529619052502127]",29.02217146959383,2.0459512592364093
"[0.26415421510083614, 0.6529683651084316, -0.8904641391567532, 0.5296182183298446]",29.02221541470916,2.046014091717806
"[0.26414754342801205, 0.6529686894437258, -0.8904650185288056, 0.5296173840614855]",29.022259362369066,2.0460769241992023
"[0.26414087203664943, 0.6529690138420138, -0.8904658979340031, 0.5296165496912925]",29.022303310929352,2.046139756680599
"[0.2641341998651108, 0.6529693383549237, -0.8904667775122949, 0.5296157150864758]",29.02234725865428,2.0462025891619957
"[0.2641275278488504, 0.652969662936972, -0.8904676571403698, 0.5296148803640212]",29.02239120970008,2.046265421643392
"[0.2641208568821706, 0.6529699875446232, -0.8904685367003045, 0.5296140456358583]",29.02243516289445,2.0463282541247887
"[0.2641141844802453, 0.6529703122988115, -0.8904694165197222, 0.5296132105910285]",29.022479114713708,2.0463910866061856
"[0.26410751210331906, 0.6529706371284567, -0.8904702964061003, 0.5296123754122737]",29.022523070472413,2.046453919087582
"[0.2641008396943311, 0.6529709620363742, -0.8904711763669592, 0.529611540092402]",29.02256702442485,2.0465167515689786
"[0.2640941680674257, 0.6529712869828773, -0.8904720562949169, 0.5296107047333922]",29.022610980920632,2.0465795840503755
"[0.2640874951932805, 0.6529716120668264, -0.8904729364576277, 0.5296098690811185]",29.022654938474105,2.0466424165317716
"[0.26408082346115613, 0.6529719371718267, -0.8904738165399446, 0.5296090334347827]",29.02269889861174,2.0467052490131685
"[0.2640741510627746, 0.65297226238598, -0.8904746967803923, 0.5296081975679119]",29.0227428575689,2.046768081494565
"[0.2640674780430868, 0.6529725877071183, -0.8904755771730587, 0.529607361486094]",29.022786820228756,2.046830913975962
"[0.2640608049186248, 0.6529729131100724, -0.8904764576498071, 0.5296065252540197]",29.022830783308518,2.0468937464573584
"[0.26405413283669193, 0.6529732385388821, -0.8904773380592398, 0.5296056890154859]",29.0228747468874,2.046956578938755
"[0.2640474600462543, 0.6529735640789397, -0.8904782186324077, 0.5296048525510448]",29.022918709976118,2.047019411420152
"[0.2640407874068451, 0.6529738896883283, -0.8904790992558891, 0.5296040159684139]",29.02296267963856,2.047082243901548
"[0.26403411425948226, 0.6529742153992097, -0.890479980016657, 0.5296031791849608]",29.023006646897365,2.047145076382945
"[0.26402744223742547, 0.652974541131848, -0.8904808606991339, 0.5296023424055134]",29.023050612474748,2.0472079088643413
"[0.26402076788111717, 0.6529748670551728, -0.8904817417599848, 0.5296015051961329]",29.023094582820647,2.047270741345738
"[0.26401409463301917, 0.6529751930010897, -0.8904826227447998, 0.5296006679886056]",29.02313855534793,2.0473335738271348
"[0.264007421673166, 0.6529755190096357, -0.890483503761804, 0.5295998306800876]",29.0231825288981,2.0473964063085313
"[0.26400074821282005, 0.652975845119346, -0.8904843849151352, 0.5295989931716013]",29.023226500623384,2.0474592387899277
"[0.2639940751066308, 0.6529761712884431, -0.8904852660919473, 0.5295981555704172]",29.02327047502766,2.0475220712713242
"[0.26398740250093394, 0.6529764975097789, -0.8904861472729012, 0.529597317894902]",29.02331445054943,2.047584903752721
"[0.2639807289201757, 0.652976823855493, -0.8904870286528633, 0.5295964799598075]",29.02335842917712,2.0476477362341177
"[0.26397405483717873, 0.6529771503024954, -0.8904879101694101, 0.5295956418244449]",29.023402407198027,2.047710568715514
"[0.2639673812532923, 0.6529774768017937, -0.8904887916902814, 0.5295948036145778]",29.02344638703208,2.047773401196911
"[0.26396070771715197, 0.6529778033754664, -0.8904896732750874, 0.5295939652735214]",29.023490366022173,2.0478362336783076
"[0.2639540340724792, 0.6529781300311672, -0.8904905549444725, 0.5295931267816322]",29.02353434831302,2.047899066159704
"[0.26394735948595976, 0.6529784568096973, -0.8904914368085419, 0.5295922880341817]",29.023578333083535,2.047961898641101
"[0.2639406856394625, 0.6529787836287209, -0.8904923186450847, 0.5295914492425052]",29.023622315756832,2.0480247311224975
"[0.26393401201714417, 0.6529791105134863, -0.8904932005222431, 0.5295906103417912]",29.023666300446635,2.048087563603894
"[0.26392733796073375, 0.6529794374962168, -0.890494082527007, 0.5295897712493124]",29.02371028766849,2.0481503960852905
"[0.26392066275548687, 0.6529797646119825, -0.8904949647538545, 0.5295889318751235]",29.023754276511664,2.0482132285666874
"[0.26391398907884195, 0.6529800917295648, -0.8904958468489145, 0.5295880925559151]",29.02379826643253,2.048276061048084
"[0.2639073145294965, 0.6529804189666423, -0.8904967291295695, 0.5295872529897172]",29.02384225454214,2.0483388935294804
"[0.26390064080279135, 0.652980746240109, -0.8904976113717167, 0.5295864133897622]",29.023886244490036,2.0484017260108773
"[0.26389396524423897, 0.6529810736801515, -0.8904984939262854, 0.5295855734220681]",29.023930239732348,2.0484645584922734
"[0.2638872907961382, 0.652981401142461, -0.8904993764042923, 0.5295847334568309]",29.023974233407063,2.0485273909736703
"[0.26388061611335134, 0.6529817286930362, -0.8905002589835712, 0.5295838933247686]",29.024018227351966,2.048590223455067
"[0.26387394118311164, 0.6529820563324538, -0.8905011416658204, 0.5295830530243275]",29.02406222545434,2.0486530559364633
"[0.2638672678521487, 0.6529823839701028, -0.8905020242068037, 0.5295822127879565]",29.024106221607372,2.0487158884178602
"[0.2638605925458146, 0.6529827117814638, -0.8905029070792713, 0.5295813721655933]",29.024150221063525,2.0487787208992567
"[0.26385391718840623, 0.652983039672084, -0.8905037900287456, 0.5295805313994862]",29.024194221617993,2.048841553380653
"[0.263847241815288, 0.6529833676402284, -0.8905046730505484, 0.5295796904940829]",29.02423822479656,2.0489043858620497
"[0.2638405665334623, 0.6529836956806232, -0.8905055561305238, 0.5295788494628806]",29.02428222298364,2.0489672183434466
"[0.26383389144576924, 0.6529840237882264, -0.8905064392550592, 0.529578008318821]",29.024326227215287,2.049030050824843
"[0.2638272158426692, 0.6529843519979166, -0.8905073225180314, 0.5295771669724846]",29.024370232625312,2.0490928833062396
"[0.26382054110258296, 0.6529846802418975, -0.8905082057370531, 0.5295763255976295]",29.024414239066065,2.0491557157876366
"[0.26381386522996186, 0.6529850086183313, -0.8905090891761808, 0.5295754839426704]",29.0244582448859,2.049218548269033
"[0.26380718968713585, 0.6529853370553037, -0.8905099726419116, 0.5295746421919393]",29.024502253887984,2.0492813807504295
"[0.26380051439869023, 0.652985665556487, -0.890510856144216, 0.5295738003359759]",29.024546263497836,2.049344213231826
"[0.2637938387958762, 0.6529859941498968, -0.8905117397583687, 0.5295729583030153]",29.024590273364932,2.049407045713223
"[0.26378716263846963, 0.6529863228473641, -0.890512623516179, 0.5295721160627372]",29.024634285377914,2.0494698781946195
"[0.2637804872132589, 0.6529866515855322, -0.8905135072473035, 0.5295712737774804]",29.024678298937513,2.049532710676016
"[0.2637738110050975, 0.652986980439015, -0.8905143911523249, 0.5295704312560644]",29.02472231178487,2.049595543157413
"[0.263767135565467, 0.6529873093313884, -0.8905152750258318, 0.5295695886942823]",29.02476632817285,2.049658375638809
"[0.2637604584532863, 0.6529876383829416, -0.8905161591910518, 0.5295687457839886]",29.02481034767196,2.049721208120206
"[0.26375378276957256, 0.6529879674408581, -0.8905170432373591, 0.5295679029166428]",29.024854363564145,2.0497840406016024
"[0.26374710702885956, 0.65298829657833, -0.8905179273614476, 0.5295670599047367]",29.024898380781124,2.049846873082999
"[0.2637404308002208, 0.6529886258166183, -0.8905188116203953, 0.5295662166938268]",29.024942402362534,2.049909705564396
"[0.26373375381140346, 0.6529889551691918, -0.8905196960502779, 0.5295653732494588]",29.024986424255918,2.0499725380457923
"[0.2637270772553111, 0.6529892845771443, -0.8905205804930921, 0.5295645297223956]",29.02503044874615,2.0500353705271888
"[0.2637204008286107, 0.6529896140555231, -0.8905214649890043, 0.5295636860742138]",29.025074472005215,2.0500982030085853
"[0.26371372455775133, 0.6529899436029315, -0.8905223495345094, 0.5295628423083688]",29.025118495200374,2.050161035489982
"[0.26370704789963834, 0.6529902732462376, -0.890523234201561, 0.5295619983561427]",29.02516252382182,2.0502238679713787
"[0.2637003712942382, 0.6529906029637113, -0.8905241189318671, 0.5295611542731516]",29.025206549156394,2.050286700452775
"[0.263693693604814, 0.6529909328115047, -0.8905250038760739, 0.5295603099156526]",29.025250576301897,2.050349532934172
"[0.26368701699075464, 0.6529912626829529, -0.8905258887480125, 0.5295594655566862]",29.025294607614562,2.0504123654155686
"[0.26368033977640926, 0.6529915926608525, -0.890526773769751, 0.529558620984333]",29.025338639289423,2.050475197896965
"[0.26367366235659473, 0.6529919227256554, -0.8905276588889737, 0.5295577762485655]",29.02538267051701,2.0505380303783616
"[0.2636669859195473, 0.6529922528186647, -0.8905285439481578, 0.5295569314996612]",29.025426704457953,2.0506008628597585
"[0.2636603089725512, 0.6529925830136565, -0.8905294291451755, 0.5295560865487853]",29.025470738664282,2.050663695341155
"[0.26365363146308846, 0.6529929133132462, -0.890530314487006, 0.5295552413892549]",29.0255147754329,2.0507265278225515
"[0.26364695424456813, 0.6529932436752246, -0.8905311998605013, 0.5295543961290733]",29.025558810913115,2.0507893603039484
"[0.2636402764471299, 0.6529935741426377, -0.8905320853810043, 0.529553550658109]",29.02560285067664,2.0508521927853445
"[0.2636335987915473, 0.6529939046798102, -0.8905329709529415, 0.5295527050676193]",29.025646890587886,2.0509150252667414
"[0.26362692162246465, 0.6529942352696851, -0.8905338565305945, 0.5295518594012453]",29.025690932373593,2.050977857748138
"[0.2636202434736383, 0.6529945659848597, -0.8905347423084344, 0.5295510134732754]",29.025734972725857,2.0510406902295344
"[0.26361356572138084, 0.6529948967571866, -0.8905356281039168, 0.5295501674580267]",29.02577901468675,2.0511035227109313
"[0.26360688811959904, 0.6529952275988647, -0.8905365139496744, 0.5295493213243119]",29.025823059155005,2.051166355192328
"[0.2636002101325324, 0.6529955585363987, -0.8905373999167855, 0.5295484750042876]",29.02586710673194,2.0512291876737243
"[0.2635935314680666, 0.6529958895843, -0.8905382860440186, 0.5295476284608754]",29.025911150329094,2.051292020155121
"[0.263586854220561, 0.6529962206387601, -0.890539172053479, 0.5295467819595407]",29.02595520007119,2.0513548526365177
"[0.2635801759454519, 0.6529965518209615, -0.8905400582695305, 0.5295459351903993]",29.025999249077614,2.0514176851179147
"[0.2635734970746948, 0.6529968831095112, -0.8905409446348761, 0.5295450882081665]",29.026043299069133,2.0514805175993107
"[0.26356681994467246, 0.6529972143884986, -0.8905418308394304, 0.5295442413091642]",29.026087350694706,2.0515433500807077
"[0.26356014105043196, 0.6529975458318165, -0.8905427173483772, 0.5295433940488378]",29.0261314034687,2.051606182562104
"[0.263553461650887, 0.6529978773770314, -0.890543603994652, 0.529542546586813]",29.02617545908074,2.0516690150435006
"[0.2635467830827632, 0.6529982089577936, -0.8905444906008054, 0.5295416990926874]",29.026219512457644,2.0517318475248976
"[0.2635401047970881, 0.6529985406013139, -0.8905453772396983, 0.5295408514968611]",29.026263570148622,2.051794680006294
"[0.2635334262915287, 0.6529988723325626, -0.8905462639780182, 0.5295400037355454]",29.026307626183105,2.0518575124876905
"[0.263526746839139, 0.6529992041876597, -0.8905471509123024, 0.5295391557164351]",29.026351684592882,2.051920344969087
"[0.2635200688770069, 0.6529995360455128, -0.8905480377189307, 0.5295383077489549]",29.026395744782363,2.051983177450484
"[0.2635133895533111, 0.6529998680478397, -0.8905489247766099, 0.5295374594709816]",29.02643980715065,2.0520460099318805
"[0.2635067105441692, 0.6530002001113443, -0.8905498118627556, 0.5295366110953492]",29.026483868697998,2.052108842413277
"[0.2635000307518017, 0.6530005322906153, -0.8905506991231769, 0.5295357624825958]",29.026527930730225,2.052171674894674
"[0.26349335175945565, 0.6530008645069145, -0.8905515863475734, 0.5295349138338635]",29.02657199801032,2.05223450737607
"[0.26348667296250267, 0.6530011967903248, -0.8905524736162435, 0.529534065072322]",29.026616061330767,2.052297339857467
"[0.2634799937261749, 0.6530015291723632, -0.8905533610135221, 0.5295332161173769]",29.02666012771572,2.0523601723388634
"[0.2634733141264152, 0.6530018616493303, -0.8905542485293253, 0.529532366978571]",29.026704197183637,2.0524230048202603
"[0.26346663473896936, 0.6530021941925507, -0.8905551360871575, 0.5295315177291132]",29.026748265488596,2.052485837301657
"[0.2634599552258451, 0.6530025268188456, -0.8905560237319263, 0.5295306683260338]",29.02679233823271,2.0525486697830533
"[0.2634532757708484, 0.6530028595190688, -0.890556911439206, 0.5295298187926949]",29.026836407939687,2.05261150226445
"[0.26344659633208145, 0.6530031922952959, -0.8905577992145619, 0.5295289691237784]",29.026880480715423,2.0526743347458463
"[0.26343991573634745, 0.6530035252060047, -0.8905586872139414, 0.5295281191699976]",29.026924553854577,2.052737167227243
"[0.26343323617219716, 0.6530038581421446, -0.8905595751464371, 0.5295272692097784]",29.02696863214343,2.0527999997086397
"[0.26342655535497267, 0.6530041912175613, -0.8905604633157598, 0.5295264189524354]",29.027012708334343,2.052862832190036
"[0.26341987613228934, 0.6530045242903145, -0.8905613513433271, 0.5295255687603441]",29.02705678718743,2.052925664671433
"[0.26341319560815524, 0.6530048575048014, -0.8905622396141678, 0.5295247182648979]",29.02710086460206,2.0529884971528296
"[0.2634065159245562, 0.6530051907541868, -0.8905631278434796, 0.529523867738779]",29.02714494562022,2.053051329634226
"[0.263399835285871, 0.6530055241280625, -0.8905640162700343, 0.5295230169533368]",29.027189025179,2.0531141621156226
"[0.2633931549279765, 0.6530058575647635, -0.8905649047294881, 0.529522166065942]",29.02723311021431,2.0531769945970195
"[0.26338647404193083, 0.6530061911046736, -0.8905657933294286, 0.5295213149735443]",29.02727719189234,2.053239827078416
"[0.2633797942061492, 0.6530065246689701, -0.8905666818599066, 0.5295204638772496]",29.027321278700487,2.0533026595598125
"[0.26337311288769927, 0.6530068583841597, -0.8905675706578502, 0.5295196124542942]",29.027365364507066,2.0533654920412094
"[0.2633664326983293, 0.6530071921197934, -0.8905684593758291, 0.5295187610374943]",29.027409451010787,2.0534283245226055
"[0.2633597511183131, 0.6530075260017543, -0.8905693483490645, 0.5295179093056948]",29.02745353879106,2.0534911570040024
"[0.2633530711243786, 0.6530078598812928, -0.8905702371815027, 0.5295170576383524]",29.027497629125676,2.053553989485399
"[0.26334638962367596, 0.6530081939129951, -0.8905711262846723, 0.5295162056411423]",29.027541721589614,2.053616821966796
"[0.26333970890663344, 0.6530085279823652, -0.8905720153537965, 0.5295153536061067]",29.027585813595202,2.0536796544481923
"[0.26333302751034054, 0.6530088621625544, -0.8905729045835562, 0.5295145013466712]",29.02762990594216,2.053742486929589
"[0.26332634669511096, 0.6530091963905262, -0.8905737938062157, 0.5295136490235927]",29.02767400175675,2.0538053194109858
"[0.2633196653927325, 0.6530095307197206, -0.8905746831639513, 0.5295127965005901]",29.02771809723663,2.053868151892382
"[0.2633129838500989, 0.6530098651377955, -0.8905755726239092, 0.529511943809141]",29.027762192859207,2.0539309843737787
"[0.2633063027082412, 0.653010199612662, -0.8905764621007493, 0.5295110910310569]",29.02780629364963,2.0539938168551752
"[0.2632996214056085, 0.6530105341724467, -0.8905773516692254, 0.5295102380946433]",29.027850391778667,2.0540566493365717
"[0.2632929401912227, 0.6530108688046306, -0.8905782412961849, 0.5295093850317482]",29.027894492061172,2.0541194818179687
"[0.2632862571041204, 0.6530112036075089, -0.8905791312427599, 0.5295085315918749]",29.027938594649264,2.054182314299365
"[0.26327957570756905, 0.653011538402557, -0.890580021034454, 0.5295076782300723]",29.02798269812269,2.0542451467807616
"[0.2632728946457914, 0.6530118732576796, -0.8905809108517886, 0.5295068247732324]",29.028026798252018,2.054307979262158
"[0.26326621222466723, 0.653012208257801, -0.8905818009204087, 0.5295059710049121]",29.028070905190948,2.054370811743555
"[0.263259530951094, 0.6530125432772509, -0.890582690906409, 0.529505117245391]",29.028115014240548,2.0544336442249516
"[0.2632528481598375, 0.6530128784497037, -0.8905835811648173, 0.5295042631540482]",29.0281591205907,2.054496476706348
"[0.2632461669759795, 0.653013213618342, -0.8905844712793225, 0.5295034091303804]",29.028203228592773,2.054559309187745
"[0.2632394844746259, 0.65301354892997, -0.8905853616395887, 0.5295025548004215]",29.028247338955023,2.054622141669141
"[0.26323280098880497, 0.6530138843678898, -0.8905862522012801, 0.5295017002067057]",29.028291450659307,2.054684974150538
"[0.2632261199236099, 0.6530142197611772, -0.8905871425106496, 0.5295008457846732]",29.02833556276942,2.0547478066319345
"[0.26321943714245105, 0.6530145553174801, -0.8905880331189211, 0.5294999910053247]",29.028379677085667,2.0548106391133314
"[0.26321275481640727, 0.6530148909278044, -0.8905889237367752, 0.5294991361463179]",29.028423792051267,2.054873471594728
"[0.2632060725135207, 0.653015226613836, -0.8905898144217732, 0.5294982811524042]",29.028467908697458,2.0549363040761244
"[0.26319938948630944, 0.6530155624131369, -0.8905907052735564, 0.5294974259279199]",29.02851202630469,2.0549991365575213
"[0.26319270630678454, 0.6530158982969814, -0.8905915962158878, 0.529496570546033]",29.028556144788972,2.0550619690389174
"[0.26318602374627115, 0.6530162342265936, -0.890592487145932, 0.5294957151054798]",29.028600263964073,2.0551248015203143
"[0.2631793412355674, 0.6530165702305754, -0.8905933781395634, 0.5294948595334144]",29.028644384395125,2.055187634001711
"[0.26317265740994067, 0.6530169063775758, -0.8905942693787632, 0.5294940036550563]",29.02868850627344,2.0552504664831073
"[0.2631659738954568, 0.6530172425858164, -0.890595160646721, 0.5294931476786132]",29.02873262987667,2.055313298964504
"[0.2631592912948463, 0.6530175788249677, -0.8905960518630405, 0.5294922916812993]",29.02877675594937,2.0553761314459007
"[0.2631526080951463, 0.6530179151711495, -0.8905969432294887, 0.5294914354693202]",29.028820878364463,2.055438963927297
"[0.26314592435297507, 0.6530182516215288, -0.8905978347385306, 0.5294905790498955]",29.028865007305765,2.0555017964086937
"[0.2631392419088345, 0.6530185880834453, -0.8905987261446576, 0.5294897226588762]",29.028909135296914,2.0555646288900906
"[0.2631325581979191, 0.6530189246860351, -0.8905996177900009, 0.5294888659675677]",29.028953265240478,2.055627461371487
"[0.26312587480573213, 0.6530192613494796, -0.890600509463057, 0.529488009179145]",29.02899739416634,2.0556902938528836
"[0.2631191907489945, 0.6530195981232768, -0.8906014012950172, 0.5294871521675878]",29.029041527048363,2.0557531263342805
"[0.2631125075256782, 0.6530199349319903, -0.8906022930860055, 0.5294862951249142]",29.02908566010845,2.055815958815677
"[0.26310582315241904, 0.6530202718755543, -0.890603185100681, 0.5294854377967988]",29.02912979232781,2.0558787912970735
"[0.26309913878390356, 0.6530206088957967, -0.8906040771849691, 0.5294845803312853]",29.029173929255776,2.0559416237784705
"[0.26309245606402415, 0.6530209459098077, -0.8906049691194504, 0.5294837229392958]",29.02921806693095,2.056004456259867
"[0.26308577109230863, 0.6530212831142729, -0.8906058614247261, 0.5294828651204133]",29.02926220237109,2.0560672887412634
"[0.26307908707615585, 0.6530216203474573, -0.8906067536726915, 0.5294820072861313]",29.02930634221454,2.05613012122266
"[0.263072402640005, 0.6530219576787408, -0.8906076460469603, 0.5294811492599377]",29.02935048197744,2.056192953704057
"[0.2630657183931811, 0.6530222950773797, -0.8906085384661896, 0.5294802911200337]",29.02939462312281,2.0562557861854533
"[0.2630590344008745, 0.6530226325400735, -0.8906094309216664, 0.5294794328748024]",29.029438764587955,2.05631861866685
"[0.26305234961529583, 0.6530229701197338, -0.8906103235533, 0.5294785743896822]",29.0294829107501,2.0563814511482468
"[0.26304566579467215, 0.6530233077275722, -0.8906112161263067, 0.5294777158904678]",29.02952705536226,2.056444283629643
"[0.2630389810836813, 0.6530236454572854, -0.890612108888448, 0.529476857138873]",29.029571201979333,2.0565071161110398
"[0.2630322958767801, 0.6530239832889806, -0.8906130017870627, 0.52947599818551]",29.029615348114014,2.0565699485924362
"[0.26302561114859685, 0.6530243211734058, -0.8906138946919748, 0.5294751391556015]",29.029659496391716,2.0566327810738327
"[0.263018926108604, 0.6530246591505129, -0.8906147877087739, 0.5294742799475647]",29.029703645733523,2.0566956135552297
"[0.2630122416966767, 0.6530249971727892, -0.8906156807118996, 0.5294734206821935]",29.02974779643675,2.056758446036626
"[0.26300555585223623, 0.6530253353444178, -0.8906165739766476, 0.5294725610946156]",29.029791947678913,2.0568212785180227
"[0.2629988714830096, 0.6530256735183562, -0.8906174671145257, 0.5294717015586312]",29.029836101122868,2.056884110999419
"[0.26299218549010017, 0.6530260118513732, -0.8906183605395971, 0.5294708416757649]",29.02988025721713,2.056946943480816
"[0.26298550091770145, 0.6530263501894267, -0.8906192538450786, 0.529469981837517]",29.029924412468205,2.0570097759622126
"[0.2629788149258129, 0.6530266886762737, -0.8906201474104962, 0.5294691216785623]",29.02996857060212,2.057072608443609
"[0.26297213044689366, 0.6530270271634195, -0.8906210408439337, 0.529468261576205]",29.03001272699226,2.057135440925006
"[0.2629654441582178, 0.6530273658191716, -0.890621934589499, 0.5294674011028343]",29.030056884027516,2.0571982734064025
"[0.2629587585000786, 0.6530277045198953, -0.8906228283210232, 0.5294665405725257]",29.03010104575205,2.057261105887799
"[0.26295207312852237, 0.6530280432830448, -0.8906237220844655, 0.5294656799409783]",29.03014521018638,2.0573239383691955
"[0.2629453881373923, 0.6530283821038383, -0.8906246158672695, 0.529464819220308]",29.030189371306953,2.0573867708505924
"[0.26293870181913526, 0.6530287210688355, -0.8906255098977479, 0.5294639581906303]",29.030233533713304,2.057449603331989
"[0.2629320156044313, 0.6530290601055316, -0.8906264039846217, 0.5294630970361358]",29.030277698934498,2.0575124358133854
"[0.26292533012268393, 0.6530293991819909, -0.890627298043711, 0.5294622358379192]",29.030321867506174,2.0575752682947823
"[0.2629186433339949, 0.6530297384016883, -0.8906281923478219, 0.5294613743331819]",29.030366034577987,2.0576381007761784
"[0.26291195773658327, 0.65303007763789, -0.8906290865628377, 0.5294605128437812]",29.03041020238065,2.0577009332575753
"[0.2629052714753719, 0.653030416984714, -0.8906299809368693, 0.5294596511306923]",29.030454373840293,2.057763765738972
"[0.2628985843004442, 0.6530307564548739, -0.8906308755033701, 0.5294587891616513]",29.03049854536515,2.0578265982203683
"[0.26289189892459347, 0.653031095910649, -0.8906317698994225, 0.5294579272863483]",29.030542716381568,2.057889430701765
"[0.26288521215104027, 0.6530314355143213, -0.8906326645526997, 0.529457065092703]",29.030586889721015,2.0579522631831617
"[0.26287852467125156, 0.6530317752308388, -0.8906335593707159, 0.5294562026697682]",29.030631064136802,2.0580150956645586
"[0.2628718385891488, 0.6530321149533066, -0.8906344540719444, 0.5294553402888923]",29.03067524111599,2.0580779281459547
"[0.2628651523368566, 0.6530324547613583, -0.8906353488661697, 0.5294544777478963]",29.030719418160576,2.0581407606273516
"[0.2628584644065228, 0.6530327947316651, -0.8906362439552087, 0.5294536148521937]",29.030763595797875,2.058203593108748
"[0.26285177889361905, 0.6530331346560253, -0.8906371387909253, 0.5294527521302157]",29.030807773822872,2.0582664255901446
"[0.26284509145273216, 0.6530334747553742, -0.8906380339549298, 0.529451889021225]",29.030851957128405,2.0583292580715415
"[0.26283840436109185, 0.6530338149139178, -0.8906389291424216, 0.5294510258190904]",29.03089613806995,2.058392090552938
"[0.2628317171016884, 0.653034155157962, -0.8906398244226065, 0.5294501624570636]",29.030940321159402,2.0584549230343345
"[0.26282503017552944, 0.653034495462014, -0.8906407197284063, 0.5294492989998278]",29.03098450493762,2.058517755515731
"[0.2628183424696419, 0.6530348358827102, -0.8906416152088414, 0.5294484353036668]",29.031028691371304,2.058580587997128
"[0.262811655179225, 0.6530351763592449, -0.8906425107038767, 0.5294475715228888]",29.03107287919547,2.0586434204785244
"[0.26280496837751466, 0.6530355168878135, -0.890643406203695, 0.5294467076670526]",29.03111706426837,2.058706252959921
"[0.2627982803905476, 0.6530358575537393, -0.890644301932478, 0.5294458435197984]",29.031161254100752,2.058769085441318
"[0.2627915933053908, 0.6530361982506838, -0.8906451976107078, 0.5294449793508237]",29.031205446712,2.058831917922714
"[0.2627849048036725, 0.653036539096787, -0.8906460935489161, 0.529444114860491]",29.03124963656198,2.058894750404111
"[0.26277821669595586, 0.6530368799997953, -0.8906469895045889, 0.5294432502827873]",29.03129383109599,2.0589575828855073
"[0.2627715296086331, 0.6530372209277552, -0.8906478853937891, 0.529442385698728]",29.031338021537255,2.059020415366904
"[0.26276484114879756, 0.6530375620026793, -0.8906487815371054, 0.5294415207989052]",29.031382218963074,2.0590832478483008
"[0.262758153001171, 0.6530379031386477, -0.8906496777088289, 0.5294406558011707]",29.031426415216636,2.0591460803296973
"[0.2627514647512863, 0.653038244356823, -0.8906505739644887, 0.5294397906518916]",29.031470611168896,2.059208912811094
"[0.26274477623191383, 0.653038585665734, -0.8906514703264996, 0.529438925329433]",29.031514810609398,2.0592717452924902
"[0.2627380890877707, 0.6530389269814328, -0.8906523665744251, 0.5294380600466106]",29.031559011007047,2.059334577773887
"[0.2627314002846067, 0.6530392684587971, -0.8906532631149352, 0.5294371944107913]",29.031603212047248,2.0593974102552837
"[0.26272471125948593, 0.6530396100244854, -0.8906541597554394, 0.5294363286079036]",29.031647414066406,2.05946024273668
"[0.2627180233515229, 0.6530399516101089, -0.890655056316418, 0.5294354628112932]",29.031691617500275,2.059523075218077
"[0.26271133442631484, 0.6530402933246945, -0.8906559530839985, 0.5294345967446301]",29.03173582388103,2.0595859076994736
"[0.26270464554995276, 0.6530406351137502, -0.8906568499152692, 0.5294337305459718]",29.03178002753488,2.05964874018087
"[0.262697957161913, 0.6530409769548531, -0.8906577467512926, 0.5294328642721912]",29.03182423438643,2.0597115726622666
"[0.26269126794267084, 0.653041318915437, -0.8906586437690065, 0.529431997752385]",29.03186844357039,2.0597744051436635
"[0.26268457944584483, 0.6530416609160785, -0.8906595407600719, 0.5294311311878062]",29.031912651815592,2.05983723762506
"[0.2626778908326672, 0.6530420029996564, -0.890660437836965, 0.5294302644697971]",29.031956862110388,2.0599000701064565
"[0.2626712005692455, 0.6530423452446503, -0.8906613352054367, 0.5294293973995376]",29.0320010756424,2.0599629025878534
"[0.26266451179876504, 0.6530426874902698, -0.890662232443891, 0.5294285303843832]",29.032045290395065,2.0600257350692495
"[0.26265782226068246, 0.6530430298521692, -0.8906631298555461, 0.5294276631313344]",29.03208950263538,2.0600885675506464
"[0.26265113416885444, 0.6530433722170451, -0.8906640271433964, 0.5294267959274073]",29.032133717280516,2.0601514000320433
"[0.26264444389369346, 0.6530437147706741, -0.8906649247944077, 0.5294259283019935]",29.032177933013077,2.0602142325134394
"[0.2626377539666958, 0.6530440573835065, -0.8906658224689465, 0.5294250605832845]",29.032222152626023,2.0602770649948363
"[0.262631065032011, 0.653044400022518, -0.8906667200805577, 0.529424192854883]",29.03226637213602,2.060339897476233
"[0.26262437567682406, 0.6530447427600643, -0.8906676178188205, 0.5294233249335314]",29.032310589729875,2.0604027299576297
"[0.2626176856369755, 0.6530450856097056, -0.8906685157192018, 0.5294224567849105]",29.032354813079827,2.0604655624390262
"[0.26261099563244555, 0.6530454285345556, -0.8906694136850783, 0.5294215885024268]",29.032399034765106,2.0605283949204227
"[0.26260430528208656, 0.6530457715541497, -0.8906703117676135, 0.5294207200366081]",29.032443257524903,2.0605912274018197
"[0.26259761569983425, 0.6530461146113774, -0.8906712098172674, 0.5294198515320516]",29.03248748257922,2.0606540598832157
"[0.2625909249990966, 0.653046457802981, -0.8906721080873132, 0.5294189827438229]",29.032531709701736,2.0607168923646126
"[0.2625842358615998, 0.6530468009914074, -0.890673006217702, 0.5294181140201424]",29.03257593545398,2.060779724846009
"[0.2625775450121265, 0.6530471443446902, -0.8906739046481875, 0.529417244935653]",29.032620165902088,2.0608425573274056
"[0.2625708544677511, 0.6530474877593447, -0.8906748031079429, 0.5294163757523077]",29.032664395885117,2.0609053898088026
"[0.26256416348161815, 0.6530478312737091, -0.8906757016972627, 0.5294155063730721]",29.032708626041455,2.060968222290199
"[0.26255747364643073, 0.6530481748059973, -0.8906766002022358, 0.5294146370049149]",29.032752858168195,2.0610310547715955
"[0.26255078303159496, 0.6530485184553435, -0.8906774988821508, 0.5294137673969547]",29.032797092011148,2.061093887252992
"[0.262544092282295, 0.6530488621886293, -0.8906783976503594, 0.529412897633011]",29.03284132704345,2.061156719734389
"[0.2625374018601996, 0.6530492059821246, -0.8906792964448409, 0.5294120277731131]",29.03288556271135,2.0612195522157855
"[0.2625307102839848, 0.6530495499119726, -0.8906801954646084, 0.5294111576246242]",29.032929797378586,2.061282384697182
"[0.26252401932199837, 0.6530498938872739, -0.8906810944720899, 0.5294102874174983]",29.032974037541603,2.061345217178579
"[0.2625173285422235, 0.6530502379302457, -0.8906819935253161, 0.5294094170955438]",29.03301827568112,2.0614080496599754
"[0.2625106371958803, 0.6530505820793981, -0.8906828927249073, 0.5294085465613445]",29.03306251435031,2.061470882141372
"[0.26250394687689194, 0.6530509262527173, -0.8906837918566595, 0.5294076760223132]",29.033106757364063,2.0615337146227684
"[0.26249725529831736, 0.6530512705678837, -0.8906846912279224, 0.5294068051808283]",29.033150998949527,2.0615965471041653
"[0.2624905636697072, 0.6530516149626663, -0.8906855906761477, 0.5294059341942767]",29.03319524420826,2.061659379585562
"[0.2624838725326674, 0.6530519594091908, -0.8906864901285271, 0.5294050631331557]",29.033239492064403,2.0617222120669583
"[0.2624771806102638, 0.6530523039731928, -0.8906873897567141, 0.5294041918312238]",29.0332837366684,2.061785044548355
"[0.26247048918270444, 0.6530526485887586, -0.8906882893886077, 0.5294033204551558]",29.033327983440014,2.0618478770297513
"[0.26246379767090294, 0.6530529932857075, -0.890689189102054, 0.5294024489295477]",29.033372234527107,2.061910709511148
"[0.2624571054680236, 0.6530533380953071, -0.8906900889786578, 0.5294015771753421]",29.03341648305014,2.0619735419925447
"[0.2624504140474464, 0.6530536829416462, -0.8906909888202944, 0.5294007053844615]",29.03346073193792,2.062036374473941
"[0.2624437223945077, 0.6530540278770016, -0.8906918887634023, 0.5293998334247304]",29.03350498507723,2.062099206955338
"[0.26243703052625217, 0.6530543729005046, -0.890692788805695, 0.5293989612983497]",29.03354923921135,2.0621620394367346
"[0.2624303382218276, 0.6530547180235536, -0.890693688976885, 0.5293980889765131]",29.033593493591912,2.062224871918131
"[0.26242364573503885, 0.6530550632330704, -0.890694589242841, 0.5293972164922806]",29.033637750297085,2.0622877043995276
"[0.2624169542434998, 0.653055408468294, -0.8906954894451372, 0.5293963439992009]",29.033682007367148,2.0623505368809245
"[0.26241026210028806, 0.6530557538141923, -0.8906963898053264, 0.5293954712825382]",29.033726265833348,2.062413369362321
"[0.2624035687579169, 0.6530560992990466, -0.8906972903970938, 0.5293945982708379]",29.033770526171843,2.0624762018437175
"[0.26239687623841096, 0.6530564448184961, -0.8906981909483803, 0.5293937252278156]",29.033814787889742,2.0625390343251144
"[0.26239018387187246, 0.6530567904071138, -0.8906990915493102, 0.5293928520661032]",29.033859048623103,2.062601866806511
"[0.26238349089078633, 0.6530571361045201, -0.8906999923031752, 0.5293919786855718]",29.03390331162881,2.0626646992879074
"[0.2623767986404549, 0.6530574818412503, -0.8907008930289176, 0.5293911052617436]",29.03394757518397,2.062727531769304
"[0.2623701056763336, 0.6530578276919234, -0.8907017939209602, 0.5293902316060963]",29.033991841839324,2.062790364250701
"[0.262363411890273, 0.6530581736621591, -0.8907026949938825, 0.5293893577044555]",29.03403610600696,2.0628531967320973
"[0.26235671979583414, 0.6530585196220156, -0.8907035959093113, 0.5293884838850165]",29.034080375106143,2.062916029213494
"[0.26235002641463406, 0.6530588657254688, -0.8907044970681983, 0.5293876097588743]",29.034124645807893,2.0629788616948908
"[0.26234333336296234, 0.6530592118889624, -0.8907053982529487, 0.5293867355370724]",29.034168913783795,2.063041694176287
"[0.2623366400180515, 0.6530595581447097, -0.8907062995474126, 0.5293858611382601]",29.03421318572746,2.0631045266576837
"[0.2623299464350671, 0.6530599044898181, -0.8907072009441718, 0.5293849865696826]",29.03425746036138,2.0631673591390802
"[0.2623232527864484, 0.6530602509154284, -0.8907081024200029, 0.5293841118537868]",29.034301734201247,2.0632301916204767
"[0.26231655964653255, 0.6530605973918002, -0.8907090038975477, 0.5293832370656464]",29.034346008134815,2.0632930241018737
"[0.2623098658895897, 0.6530609439771686, -0.8907099055284308, 0.529382362058174]",29.034390284397,2.06335585658327
"[0.26230317255694774, 0.6530612906176608, -0.8907108071723866, 0.529381486967431]",29.034434562875376,2.0634186890646666
"[0.2622964785370088, 0.653061637370834, -0.8907117089791587, 0.5293806116480951]",29.034478841121512,2.063481521546063
"[0.26228978455759183, 0.6530619841989997, -0.8907126108507053, 0.5293797361953114]",29.034523118976267,2.06354435402746
"[0.26228309038378733, 0.6530623311143315, -0.8907135128186757, 0.52937886057835]",29.034567401855735,2.0636071865088566
"[0.2622763966356055, 0.653062678084692, -0.8907144147995257, 0.5293779848783163]",29.034611683840623,2.063670018990253
"[0.2622697025717058, 0.6530630251485087, -0.8907153168931462, 0.5293771089982239]",29.034655966651645,2.06373285147165
"[0.26226300840987654, 0.6530633722944955, -0.8907162190701933, 0.5293762329665541]",29.034700250224294,2.0637956839530465
"[0.26225631446739395, 0.6530637195061985, -0.890717121287903, 0.5293753568248267]",29.034744537960542,2.063858516434443
"[0.26224962011542985, 0.6530640668162325, -0.8907180236310318, 0.5293744804907342]",29.034788823262726,2.0639213489158394
"[0.26224292555557244, 0.6530644142141522, -0.8907189260724148, 0.5293736039906402]",29.03483311169414,2.0639841813972364
"[0.26223623076479907, 0.6530647617011619, -0.8907198286151602, 0.5293727273215106]",29.034877400665195,2.064047013878633
"[0.2622295361904768, 0.6530651092540387, -0.890720731198956, 0.5293718505419274]",29.03492169117745,2.0641098463600294
"[0.26222284171305876, 0.6530654568789849, -0.8907216338399134, 0.5293709736362385]",29.034965983933112,2.0641726788414263
"[0.2622161464379268, 0.6530658046224791, -0.890722536658665, 0.529370096487219]",29.035010277345084,2.0642355113228223
"[0.2622094520155563, 0.6530661523987571, -0.8907234394326541, 0.5293692193111453]",29.035054570860726,2.0642983438042193
"[0.26220275628879086, 0.6530665003199309, -0.8907243424527854, 0.5293683418252972]",29.035098865563253,2.064361176285616
"[0.26219606185544825, 0.6530668482509997, -0.890725245368704, 0.5293674643701362]",29.035143161850417,2.0644240087670123
"[0.26218936731293313, 0.6530671962648406, -0.8907261483695647, 0.5293665867618548]",29.035187461715935,2.064486841248409
"[0.26218267124600236, 0.6530675444350602, -0.8907270516462881, 0.5293657088148607]",29.035231759549706,2.0645496737298057
"[0.2621759767942426, 0.6530678925983869, -0.8907279547753519, 0.5293648309408254]",29.03527605849115,2.064612506211202
"[0.2621692809785596, 0.6530682409097807, -0.8907288581586504, 0.5293639527490567]",29.035320359988095,2.064675338692599
"[0.2621625854699507, 0.6530685892823093, -0.8907297615707531, 0.5293630744587104]",29.03536466260359,2.0647381711739956
"[0.2621558895857642, 0.6530689377515122, -0.8907306651037663, 0.5293621959802104]",29.035408965683093,2.0648010036553925
"[0.2621491935558241, 0.6530692863054295, -0.8907315687266854, 0.5293613173436993]",29.03545327190479,2.0648638361367886
"[0.26214249835871606, 0.6530696348931103, -0.8907324723074383, 0.5293604386776027]",29.035497578931025,2.0649266686181855
"[0.26213580310971024, 0.6530699835606059, -0.8907333759654135, 0.5293595598658296]",29.035541883637205,2.064989501099582
"[0.26212910665498995, 0.6530703323680227, -0.8907342798563602, 0.529358680756892]",29.03558619484152,2.0650523335809785
"[0.26212241017685073, 0.6530706812538345, -0.8907351838207062, 0.5293578015059147]",29.035630503153822,2.0651151660623754
"[0.2621157147231863, 0.6530710301633237, -0.8907360877169846, 0.5293569222506447]",29.03567481362745,2.065177998543772
"[0.2621090182499318, 0.653071379203112, -0.8907369918211389, 0.5293560427225226]",29.035719125581785,2.0652408310251684
"[0.2621023223130927, 0.6530717282920699, -0.8907378959230976, 0.5293551631259407]",29.03576344089747,2.065303663506565
"[0.26209562564550387, 0.6530720774962652, -0.8907388001939573, 0.529354283294431]",29.03580775327953,2.065366495987962
"[0.26208892947343365, 0.6530724267517537, -0.8907397044681342, 0.5293534033890969]",29.035852070827627,2.0654293284693583
"[0.262082232776304, 0.6530727761117682, -0.8907406088834485, 0.5293525232758249]",29.0358963870363,2.065492160950755
"[0.2620755368624721, 0.653073125508056, -0.8907415132631952, 0.5293516431265607]",29.035940703964826,2.0655549934321518
"[0.262068839431125, 0.65307347506067, -0.8907424179181438, 0.5293507626388682]",29.03598502470668,2.065617825913548
"[0.26206214344598217, 0.6530738246149288, -0.8907433224479681, 0.5293498822023716]",29.03602934544995,2.0656806583949447
"[0.2620554462327111, 0.6530741743104606, -0.8907442272139261, 0.5293490014654056]",29.03607366774351,2.0657434908763412
"[0.2620487492285558, 0.6530745240722119, -0.8907451320218669, 0.5293481206169763]",29.036117989880605,2.0658063233577377
"[0.2620420526998696, 0.653074873886276, -0.8907460368357912, 0.5293472396921148]",29.03616231096059,2.0658691558391347
"[0.26203535589234833, 0.6530752237920544, -0.8907469417576133, 0.5293463585915944]",29.03620663832192,2.065931988320531
"[0.26202865844395784, 0.6530755738084588, -0.8907478468362683, 0.5293454772677739]",29.036250963209103,2.065994820801928
"[0.2620219610933738, 0.6530759238969116, -0.8907487519719376, 0.5293445958178161]",29.03629528985491,2.066057653283324
"[0.2620152631365344, 0.6530762740942211, -0.8907496572597813, 0.5293437141490438]",29.036339617528302,2.066120485764721
"[0.2620085654954643, 0.6530766243521828, -0.8907505625751826, 0.5293428323828152]",29.036383947976557,2.0661833182461176
"[0.26200186880349136, 0.6530769746376597, -0.8907514678325121, 0.5293419506025402]",29.036428281159807,2.066246150727514
"[0.261995171770588, 0.653077325018105, -0.8907523732061456, 0.5293410686383879]",29.036472610644108,2.066308983208911
"[0.2619884736401029, 0.6530776755331436, -0.8907532787983948, 0.529340186390648]",29.03651694701132,2.0663718156903075
"[0.261981775886143, 0.6530780261056446, -0.8907541844099693, 0.5293393040534605]",29.036561279416425,2.066434648171704
"[0.2619750783242899, 0.6530783767452445, -0.8907550900657939, 0.529338421602553]",29.03660561729735,2.0664974806531005
"[0.2619683796815109, 0.6530787275186126, -0.8907559959380225, 0.5293375388701564]",29.03664995415502,2.0665603131344974
"[0.2619616810834021, 0.6530790783668254, -0.8907569018744521, 0.5293366560045625]",29.036694291340098,2.066623145615894
"[0.2619549838669616, 0.653079429219822, -0.8907578076942397, 0.5293357731820388]",29.036738630906815,2.0666859780972904
"[0.26194828570733214, 0.6530797801993973, -0.8907587137118209, 0.5293348900961241]",29.036782971569057,2.0667488105786873
"[0.26194158767328113, 0.6530801312495578, -0.8907596197826415, 0.529334006887702]",29.03682731351089,2.0668116430600834
"[0.2619348888000323, 0.6530804824208829, -0.8907605260372203, 0.5293331234295279]",29.036871656286763,2.0668744755414803
"[0.26192819032418774, 0.653080833648555, -0.8907614323082685, 0.5293322398846694]",29.036916000359412,2.066937308022877
"[0.2619214921405018, 0.6530811849380771, -0.8907623386100131, 0.5293313562392667]",29.03696034580373,2.0670001405042737
"[0.2619147932931752, 0.653081536339584, -0.8907632450717834, 0.5293304723672123]",29.03700469219449,2.06706297298567
"[0.26190809429734413, 0.6530818878260695, -0.8907641516238834, 0.5293295883364432]",29.03704904070245,2.0671258054670667
"[0.26190139530516704, 0.6530822393895471, -0.8907650582457234, 0.5293287041670376]",29.03709338752408,2.0671886379484636
"[0.2618946971002195, 0.6530825909888857, -0.8907659648312419, 0.5293278199624316]",29.037137739294447,2.0672514704298597
"[0.2618879976564866, 0.6530829427304385, -0.8907668716546598, 0.5293269354551663]",29.03718209224957,2.0673143029112566
"[0.26188129837635205, 0.6530832945405921, -0.8907677785261696, 0.5293260508303597]",29.037226442703933,2.067377135392653
"[0.26187459978016686, 0.653083646392011, -0.8907686853753156, 0.5293251661567401]",29.03727079587333,2.0674399678740496
"[0.2618679006601311, 0.6530839983481308, -0.8907695923656053, 0.5293242812747997]",29.037315151023705,2.0675028003554465
"[0.2618612008250369, 0.6530843504190177, -0.8907704995229438, 0.529323396159241]",29.037359508128027,2.067565632836843
"[0.2618545015296726, 0.6530847025387411, -0.8907714066774324, 0.5293225109758204]",29.03740386420694,2.0676284653182395
"[0.2618478020202965, 0.6530850547469099, -0.8907723139311299, 0.529321625624955]",29.03744822355686,2.067691297799636
"[0.2618411026827297, 0.6530854070232195, -0.890773221231788, 0.5293207401576547]",29.03749258397457,2.067754130281033
"[0.26183440306862465, 0.6530857593912797, -0.8907741286401246, 0.5293198545146135]",29.03753694163965,2.0678169627624294
"[0.26182770331589184, 0.6530861118438306, -0.8907750361374667, 0.5293189687140628]",29.037581304976793,2.067879795243826
"[0.26182100349422527, 0.6530864643772072, -0.8907759437143755, 0.52931808276521]",29.037625669888964,2.067942627725223
"[0.26181430351562845, 0.6530868169960474, -0.8907768513827727, 0.5293171966564041]",29.037670032924186,2.068005460206619
"[0.26180760385059637, 0.6530871696755913, -0.8907777590789141, 0.5293163104498662]",29.037714399329914,2.068068292688016
"[0.2618009037145527, 0.653087522457118, -0.8907786669090995, 0.5293154240418378]",29.037758766584147,2.0681311251694128
"[0.26179420338107223, 0.6530878753262599, -0.890779574836268, 0.529314537468456]",29.037803133825857,2.0681939576508093
"[0.26178750309004173, 0.6530882282703779, -0.8907804828279151, 0.5293136507614654]",29.03784750428508,2.0682567901322058
"[0.26178080297091333, 0.6530885812826572, -0.890781390866492, 0.5293127639379902]",29.037891875045947,2.0683196226136022
"[0.2617741021909113, 0.6530889344069559, -0.8907822990648689, 0.5293118768878193]",29.037936245268344,2.068382455094999
"[0.26176740145942595, 0.6530892876059267, -0.8907832073269047, 0.5293109897048085]",29.037980617740768,2.0684452875763957
"[0.2617607008547927, 0.6530896408754392, -0.8907841156419756, 0.5293101023993284]",29.038024990281365,2.068508120057792
"[0.26175399997056714, 0.6530899942368971, -0.8907850240651801, 0.5293092149175832]",29.038069367734753,2.068570952539189
"[0.26174729941827884, 0.6530903476580696, -0.8907859325136119, 0.5293083273405409]",29.03811374350198,2.068633785020585
"[0.2617405988438396, 0.6530907011576292, -0.8907868410352702, 0.5293074396213027]",29.03815812019182,2.068696617501982
"[0.2617338977312151, 0.6530910547628063, -0.8907877497001307, 0.5293065516914855]",29.038202498510376,2.0687594499833786
"[0.2617271968304378, 0.653091408434028, -0.8907886584064926, 0.52930566365046]",29.038246876731122,2.068822282464775
"[0.26172049570019973, 0.6530917621945851, -0.8907895672142004, 0.5293047754397395]",29.03829126030018,2.068885114946172
"[0.26171379431066766, 0.6530921160460625, -0.8907904761273059, 0.5293038870553493]",29.03833564106251,2.0689479474275685
"[0.2617070929869592, 0.653092469971295, -0.8907913851017144, 0.5293029985403815]",29.038380025527175,2.069010779908965
"[0.2617003918026051, 0.6530928239664112, -0.8907922941274462, 0.5293021099045695]",29.03842441163728,2.0690736123903615
"[0.26169369088950023, 0.65309317802439, -0.890793203186604, 0.5293012211654705]",29.038468797749047,2.0691364448717584
"[0.26168698925445566, 0.6530935321977697, -0.8907941124139273, 0.529300332191276]",29.038513184288043,2.069199277353155
"[0.26168028770670404, 0.6530938864437558, -0.8907950216996373, 0.5292994430893543]",29.03855757158854,2.0692621098345514
"[0.26167358523155165, 0.6530942408160221, -0.8907959311814191, 0.5292985537250288]",29.038601961421836,2.0693249423159483
"[0.26166688390407244, 0.6530945952048449, -0.8907968405776948, 0.5292976643736562]",29.03864635024398,2.069387774797345
"[0.26166018155462606, 0.6530949497249593, -0.8907977501828893, 0.5292967747472999]",29.038690743220126,2.0694506072787413
"[0.26165348002352523, 0.6530953042790235, -0.890798659747247, 0.5292958850902234]",29.0387351359758,2.069513439760138
"[0.2616467777403744, 0.6530956589501232, -0.8907995694839066, 0.529294995193946]",29.038779528907405,2.0695762722415347
"[0.26164007523285215, 0.6530960137103485, -0.8908004793212576, 0.5292941051284993]",29.03882392475333,2.0696391047229312
"[0.2616333731664144, 0.6530963685244756, -0.8908013891689611, 0.5292932149822545]",29.038868321379404,2.0697019372043277
"[0.26162667105070037, 0.653096723418454, -0.8908022990935787, 0.529292324690097]",29.03891272008836,2.0697647696857246
"[0.26161996796130665, 0.6530970784412551, -0.8908032092206284, 0.5292914341291912]",29.03895711968158,2.0698276021671207
"[0.26161326566303433, 0.6530974334994066, -0.8908041193104912, 0.529290543534002]",29.03900151847338,2.0698904346485176
"[0.26160656321264597, 0.6530977886428687, -0.8908050294912354, 0.5292896527792056]",29.039045920380183,2.069953267129914
"[0.26159986092205256, 0.6530981438551111, -0.8908059397205023, 0.5292887619062562]",29.039090322365464,2.0700160996113106
"[0.2615931572674016, 0.6530984992169184, -0.890806850205261, 0.5292878707125588]",29.03913472681327,2.0700789320927075
"[0.26158645473804265, 0.6530988545963513, -0.8908077606074105, 0.5292869795290187]",29.039179131978766,2.070141764574104
"[0.2615797520547687, 0.6530992100611704, -0.8908086711006921, 0.5292860881856373]",29.039223536801835,2.0702045970555005
"[0.2615730488011773, 0.6530995656335049, -0.8908095817416768, 0.529285196626972]",29.03926794452769,2.070267429536897
"[0.2615663462070655, 0.653099921248127, -0.8908104923632921, 0.5292843050165801]",29.039312351275,2.070330262018294
"[0.26155964275583193, 0.6531002769854817, -0.8908114031715876, 0.5292834131527364]",29.03935676178735,2.0703930944996904
"[0.2615529387867308, 0.6531006328276043, -0.8908123141204878, 0.5292825210805117]",29.039401172172838,2.070455926981087
"[0.26154623672853156, 0.6531009886455491, -0.8908132248799426, 0.5292816291231395]",29.039445587299976,2.070518759462484
"[0.26153953226774507, 0.6531013446683315, -0.890814136036129, 0.5292807367065304]",29.0394899973024,2.0705815919438804
"[0.2615328293898439, 0.6531017006843236, -0.8908150470474204, 0.5292798443611589]",29.039534412510044,2.070644424425277
"[0.2615261255144233, 0.6531020568305744, -0.8908159582645174, 0.5292789517435095]",29.039578826846572,2.0707072569066733
"[0.261519421747764, 0.6531024130483255, -0.8908168695370624, 0.5292780590008537]",29.039623243366005,2.0707700893880703
"[0.2615127180056119, 0.6531027693420526, -0.8908177808765039, 0.5292771661219722]",29.039667662485417,2.0708329218694668
"[0.26150601372967325, 0.6531031257414355, -0.8908186923587461, 0.5292762730324863]",29.03971208084075,2.0708957543508633
"[0.26149930981323477, 0.6531034821989876, -0.8908196038623423, 0.5292753798513875]",29.039756502743423,2.07095858683226
"[0.26149260565160387, 0.6531038387468627, -0.8908205154695064, 0.5292744864981074]",29.039800925034573,2.0710214193136562
"[0.2614859014831073, 0.6531041953723887, -0.8908214271478341, 0.5292735930043944]",29.03984534981869,2.071084251795053
"[0.26147919745121784, 0.6531045520679373, -0.8908223388778097, 0.5292726993893629]",29.039889768492166,2.0711470842764497
"[0.26147249328757566, 0.6531049088477704, -0.8908232506959298, 0.5292718056172588]",29.03993419602898,2.071209916757846
"[0.26146578855538716, 0.6531052657351535, -0.8908241626616095, 0.5292709116298158]",29.039978622181458,2.071272749239243
"[0.2614590834842119, 0.6531056227178876, -0.8908250747436376, 0.5292700174576044]",29.04002304777494,2.0713355817206396
"[0.26145237901566876, 0.653105979745832, -0.8908259868139201, 0.5292691232262067]",29.040067479595848,2.071398414202036
"[0.26144567461683665, 0.6531063368473717, -0.8908268989449417, 0.5292682288645385]",29.040111906938876,2.0714612466834326
"[0.26143896989888227, 0.653106694043183, -0.890827811189608, 0.5292673343207669]",29.04015633862262,2.0715240791648295
"[0.261432265144248, 0.6531070513182331, -0.8908287235094933, 0.5292664396325504]",29.040200770553422,2.071586911646226
"[0.26142555956668706, 0.653107408714455, -0.8908296360115924, 0.5292655446949146]",29.040245204315138,2.0716497441276225
"[0.2614188548057867, 0.6531077661444671, -0.8908305484727865, 0.5292646497266714]",29.040289640651544,2.0717125766090194
"[0.2614121494352667, 0.6531081236842584, -0.890831461087178, 0.5292637545374927]",29.04033407299669,2.071775409090416
"[0.2614054442646448, 0.6531084812907095, -0.8908323737445921, 0.5292628592353884]",29.04037851123009,2.0718382415718124
"[0.2613987398081934, 0.6531088389363638, -0.8908332863750142, 0.5292619638890678]",29.040422950587256,2.071901074053209
"[0.2613920342560963, 0.6531091967177752, -0.8908341992248066, 0.5292610682568192]",29.040467389173827,2.071963906534606
"[0.2613853279318831, 0.6531095546177035, -0.8908351122499529, 0.5292601723818068]",29.04051182817265,2.0720267390160023
"[0.26137862276036644, 0.6531099125334281, -0.8908360251883949, 0.5292592765211566]",29.040556270347988,2.072089571497399
"[0.2613719173933871, 0.6531102705368946, -0.8908369382236717, 0.529258380494774]",29.040600713782137,2.0721524039787957
"[0.2613652107932837, 0.653110628683525, -0.8908378514970985, 0.5292574841639545]",29.040645159133888,2.072215236460192
"[0.2613585055368241, 0.653110986835715, -0.8908387646577791, 0.5292565878730776]",29.040689603375114,2.0722780689415887
"[0.2613517995107232, 0.6531113451063314, -0.8908396779935018, 0.5292556913396778]",29.04073404930745,2.0723409014229857
"[0.26134509436156905, 0.6531117034074042, -0.8908405912800044, 0.5292547947838869]",29.0407784965207,2.0724037339043817
"[0.2613383874191317, 0.6531120618816364, -0.8908415048810019, 0.5292538978486341]",29.040822946573808,2.0724665663857786
"[0.2613316805280057, 0.6531124204304668, -0.8908424185452549, 0.5292530007805446]",29.040867396066183,2.072529398867175
"[0.2613249746473681, 0.653112779002601, -0.8908433321420789, 0.5292521037079396]",29.040911847195154,2.072592231348572
"[0.2613182685250699, 0.653113137664986, -0.8908442458420489, 0.5292512064633272]",29.0409563010046,2.0726550638299686
"[0.26131156196885613, 0.6531134964278911, -0.8908451596713703, 0.5292503090209909]",29.041000754066545,2.072717896311365
"[0.26130485497054295, 0.6531138552917944, -0.8908460736311692, 0.5292494113797733]",29.041045208124935,2.072780728792762
"[0.2612981480729048, 0.6531142142276598, -0.8908469876474839, 0.5292485136123042]",29.041089667270537,2.072843561274158
"[0.2612914418726007, 0.6531145732035188, -0.8908479016389901, 0.5292476157985008]",29.041134121789757,2.072906393755555
"[0.2612847352834069, 0.6531149322775255, -0.8908488157537215, 0.5292467177929294]",29.041178579763542,2.0729692262369515
"[0.2612780280344572, 0.6531152914642034, -0.890849730028612, 0.5292458195592813]",29.041223039236083,2.073032058718348
"[0.26127132167250183, 0.6531156506807205, -0.8908506442528161, 0.5292449213046964]",29.041267500282476,2.073094891199745
"[0.26126461412815233, 0.6531160100379038, -0.8908515587084411, 0.529244022752014]",29.04131196164028,2.0731577236811414
"[0.261257907119303, 0.6531163694437402, -0.8908524731612899, 0.5292431241313272]",29.041356424577675,2.073220556162538
"[0.26125119960727466, 0.6531167289538938, -0.8908533877529768, 0.5292422253034625]",29.041400888499147,2.0732833886439344
"[0.26124449196058586, 0.6531170885486189, -0.8908543024332602, 0.529241326317786]",29.04144535502377,2.0733462211253313
"[0.26123778469645975, 0.6531174482001817, -0.8908552171316051, 0.5292404272436224]",29.041489820018484,2.073409053606728
"[0.2612310777248138, 0.6531178079134022, -0.8908561318602833, 0.5292395280689144]",29.041534290459758,2.0734718860881243
"[0.26122436985130054, 0.6531181677523445, -0.8908570467821942, 0.5292386286335207]",29.04157875737082,2.073534718569521
"[0.2612176617649662, 0.6531185276800666, -0.8908579618033697, 0.5292377290297928]",29.04162322649666,2.0735975510509173
"[0.2612109542631172, 0.6531188876537796, -0.8908588768150458, 0.5292368293646662]",29.041667697957518,2.073660383532314
"[0.26120424661266156, 0.6531192477128257, -0.8908597919172186, 0.5292359295398157]",29.041712172206154,2.0737232160137107
"[0.2611975382061052, 0.6531196078898296, -0.8908607071927787, 0.529235029473714]",29.041756645741103,2.0737860484951076
"[0.26119082998273946, 0.6531199681343358, -0.8908616225135819, 0.5292341292924085]",29.04180112216843,2.073848880976504
"[0.2611841220389654, 0.6531203284412043, -0.8908625378664616, 0.5292332290087907]",29.041845598122265,2.0739117134579006
"[0.26117741403469963, 0.6531206888286816, -0.8908634532978222, 0.529232328577241]",29.04189007389937,2.0739745459392975
"[0.2611707058822619, 0.6531210493014796, -0.8908643688196292, 0.5292314279859831]",29.041934553007575,2.0740373784206936
"[0.26116399708318155, 0.653121409886401, -0.8908652844999249, 0.5292305271680643]",29.041979032592533,2.0741002109020905
"[0.26115728880910366, 0.6531217705204712, -0.8908662001787916, 0.5292296262808026]",29.042023512937742,2.074163043383487
"[0.26115058004164576, 0.6531221312584389, -0.8908671159952366, 0.5292287251874306]",29.042067996416222,2.0742258758648835
"[0.261143870874049, 0.6531224920953044, -0.8908680319365432, 0.5292278239004424]",29.042112480870056,2.0742887083462804
"[0.2611371621351834, 0.6531228529864889, -0.890868947889551, 0.5292269225311824]",29.04215696489352,2.074351540827677
"[0.2611304537005317, 0.6531232139386851, -0.8908698638712477, 0.5292260210629318]",29.042201448068464,2.0744143733090734
"[0.2611237443094309, 0.6531235750197125, -0.8908707800537752, 0.529225119326289]",29.042245934724875,2.07447720579047
"[0.26111703537637854, 0.653123936153477, -0.8908716962439859, 0.5292242175113157]",29.042290423129742,2.074540038271867
"[0.26111032702064774, 0.6531242973335357, -0.8908726124255729, 0.5292233156340792]",29.04233491112259,2.0746028707532633
"[0.261103617372011, 0.6531246586605859, -0.8908735288539702, 0.5292224134431299]",29.042379401169057,2.07466570323466
"[0.26109690822417436, 0.6531250200380536, -0.8908744452841957, 0.5292215111796161]",29.042423893213567,2.0747285357160568
"[0.26109019848772314, 0.6531253815246196, -0.8908753618650578, 0.5292206086970246]",29.04246839038569,2.074791368197453
"[0.26108348909010887, 0.6531257430703189, -0.890876278469864, 0.5292197061200934]",29.042512882330083,2.0748542006788497
"[0.26107677891213094, 0.65312610473547, -0.8908771952515192, 0.5292188032982446]",29.042557375845057,2.0749170331602462
"[0.2610700697712985, 0.6531264664221088, -0.8908781119616992, 0.5292179004760188]",29.042601874157953,2.074979865641643
"[0.26106336016652687, 0.6531268282111452, -0.8908790288054952, 0.5292169974514399]",29.042646369148674,2.0750426981230397
"[0.2610566498945662, 0.6531271901135604, -0.8908799458106965, 0.5292160941971111]",29.042690869008684,2.075105530604436
"[0.26104994036012064, 0.6531275520535926, -0.890880862785338, 0.5292151909021177]",29.04273536684069,2.075168363085833
"[0.26104322991026774, 0.6531279141204163, -0.8908817799553208, 0.5292142873439121]",29.042779868760157,2.075231195567229
"[0.2610365195564526, 0.6531282762594525, -0.8908826971824146, 0.5292133836586804]",29.042824372916716,2.075294028048626
"[0.26102980992161273, 0.6531286384370906, -0.8908836143814557, 0.5292124799303096]",29.04286887564451,2.0753568605300226
"[0.2610230992607336, 0.6531290007475201, -0.890884531790988, 0.5292115759237608]",29.04291338067424,2.075419693011419
"[0.2610163888501253, 0.6531293631218422, -0.8908854492365398, 0.5292106718109447]",29.042957885398714,2.075482525492816
"[0.2610096780361678, 0.6531297255953629, -0.8908863668074731, 0.5292097675037813]",29.04300239340788,2.0755453579742125
"[0.2610029670119886, 0.6531300881576592, -0.8908872844773899, 0.5292088630282753]",29.043046902104038,2.075608190455609
"[0.2609962570457037, 0.653130450740204, -0.8908882020728722, 0.5292079585553627]",29.043091410228193,2.0756710229370054
"[0.26098954669763225, 0.6531308134207833, -0.8908891197907852, 0.5292070538909964]",29.04313591983718,2.0757338554184024
"[0.2609828351221136, 0.653131176245128, -0.8908900377468061, 0.5292061489211168]",29.0431804318596,2.075796687899799
"[0.2609761249164143, 0.6531315390728303, -0.8908909555856979, 0.5292052439959324]",29.043224945366646,2.0758595203811954
"[0.26096941438401583, 0.6531319019956092, -0.8908918735394955, 0.5292043388866767]",29.043269458926243,2.0759223528625923
"[0.26096270290439594, 0.6531322650470316, -0.890892791693101, 0.5292034335096293]",29.043313975240604,2.075985185343989
"[0.26095599121579083, 0.6531326281871943, -0.8908937099455371, 0.5292025279643253]",29.04335849112851,2.0760480178253853
"[0.26094927999346534, 0.6531329913795555, -0.8908946282044126, 0.529201622341879]",29.043403009743763,2.0761108503067818
"[0.26094256771223634, 0.6531333547066637, -0.8908955466784167, 0.5292007164364577]",29.04344752856176,2.0761736827881787
"[0.26093585708001604, 0.6531337180219341, -0.8908964649970016, 0.5291998106135415]",29.04349205007261,2.076236515269575
"[0.2609291459528988, 0.6531340814414092, -0.8908973834535311, 0.5291989045837835]",29.043536569382326,2.0762993477509717
"[0.2609224332752132, 0.6531344450223152, -0.8908983021925087, 0.5291979982045657]",29.04358109129676,2.0763621802323686
"[0.2609157217109823, 0.6531348086203187, -0.890899220849328, 0.5291970918356419]",29.043625614365606,2.0764250127137647
"[0.260909010024627, 0.6531351723023852, -0.8909001395930906, 0.5291961853101225]",29.043670138349196,2.0764878451951616
"[0.26090229804021087, 0.6531355360780392, -0.8909010584478854, 0.529195278604249]",29.04371466693036,2.0765506776765585
"[0.26089558609070723, 0.6531358999292377, -0.8909019773681318, 0.5291943717629907]",29.04375919225564,2.0766135101579546
"[0.2608888740028466, 0.6531362638653778, -0.890902896377551, 0.5291934647629291]",29.04380371987238,2.0766763426393515
"[0.260882161894726, 0.6531366278800554, -0.890903815459974, 0.5291925576200175]",29.043848251864137,2.076739175120748
"[0.2608754496279912, 0.653136991980779, -0.8909047346343475, 0.5291916503155462]",29.04389278121818,2.0768020076021445
"[0.26086873742643274, 0.6531373561554092, -0.8909056538700241, 0.5291907428797606]",29.043937312602644,2.0768648400835414
"[0.2608620247445125, 0.6531377204335521, -0.8909065732417205, 0.5291898352388925]",29.043981847720524,2.076927672564938
"[0.2608553121570892, 0.6531380847840171, -0.8909074926707075, 0.5291889274706552]",29.044026381127903,2.0769905050463344
"[0.2608485995170218, 0.6531384492147918, -0.8909084121771369, 0.5291880195551475]",29.04407091679505,2.077053337527731
"[0.26084188675518793, 0.6531388137296309, -0.8909093317704785, 0.5291871114830115]",29.04411545133563,2.077116170009128
"[0.26083517360623537, 0.6531391783429564, -0.890910251487089, 0.5291862032183274]",29.044159989698528,2.0771790024905243
"[0.26082846102529333, 0.65313954300287, -0.8909111711961095, 0.5291852948903472]",29.04420452990522,2.077241834971921
"[0.26082174816855347, 0.653139907755228, -0.8909120910131451, 0.5291843863848673]",29.044249069741703,2.0773046674533178
"[0.2608150346924879, 0.653140272618702, -0.8909130109852799, 0.5291834776553768]",29.044293611582912,2.0773674999347143
"[0.2608083219258248, 0.653140637521079, -0.8909139309304294, 0.5291825688817278]",29.044338153913984,2.0774303324161107
"[0.26080160757383897, 0.6531410025871157, -0.8909148511630849, 0.5291816597532275]",29.044382697778243,2.0774931648975072
"[0.2607948949998142, 0.6531413676339349, -0.8909157712222875, 0.5291807507252813]",29.044427242030846,2.077555997378904
"[0.2607881810098488, 0.653141732835233, -0.8909166915458023, 0.5291798413653608]",29.04447178696072,2.0776188298603007
"[0.26078146703078764, 0.6531420981134118, -0.8909176119380645, 0.5291789318666869]",29.0445163344955,2.077681662341697
"[0.26077475386274745, 0.653142463424935, -0.8909185322893737, 0.5291780223376589]",29.044560885593583,2.077744494823094
"[0.26076804046371593, 0.6531428288264944, -0.890919452742575, 0.5291771126371159]",29.044605433528915,2.07780732730449
"[0.260761326490094, 0.653143194336797, -0.89092037334479, 0.5291762027184811]",29.044649986072148,2.077870159785887
"[0.2607546126406332, 0.6531435599178196, -0.8909212940002117, 0.5291752926764248]",29.044694537751003,2.0779329922672836
"[0.26074789925392006, 0.6531439255511106, -0.8909222146624001, 0.5291743825568623]",29.04473908832746,2.07799582474868
"[0.2607411843060327, 0.6531442913469192, -0.8909231356089278, 0.5291734720853759]",29.044783643242944,2.078058657230077
"[0.2607344710302276, 0.6531446571291117, -0.8909240563963537, 0.5291725617003601]",29.044828198040012,2.0781214897114735
"[0.2607277557805897, 0.6531450230963464, -0.8909249775247521, 0.5291716509073802]",29.044872756990795,2.0781843221928704
"[0.26072104109455224, 0.6531453891103616, -0.8909258986460842, 0.5291707400505437]",29.04491731230026,2.0782471546742665
"[0.2607143264950206, 0.6531457551971529, -0.890926819825785, 0.5291698290651483]",29.04496187532939,2.0783099871556634
"[0.26070761211502924, 0.6531461213494609, -0.8909277410455979, 0.5291689179692503]",29.045006433270768,2.07837281963706
"[0.2607008978040138, 0.653146487575493, -0.8909286623261734, 0.5291680067424234]",29.045050996301036,2.0784356521184564
"[0.2606941828123998, 0.6531468539161386, -0.89092958377037, 0.5291670952829239]",29.04509555929461,2.0784984845998533
"[0.2606874680058601, 0.6531472203241899, -0.8909305052594034, 0.5291661837082217]",29.04514012328674,2.07856131708125
"[0.2606807532682054, 0.6531475868059644, -0.890931426809214, 0.5291652720025709]",29.045184687295155,2.0786241495626463
"[0.26067403822608615, 0.6531479533818627, -0.8909323484710419, 0.5291643601152443]",29.04522925408638,2.078686982044043
"[0.2606673228740211, 0.6531483200521772, -0.8909332702456482, 0.529163448045496]",29.045273821151653,2.0787498145254397
"[0.26066060811388103, 0.6531486867676695, -0.8909341920092319, 0.5291625359158102]",29.045318387958474,2.078812647006836
"[0.26065389321047344, 0.6531490535684811, -0.8909351138627071, 0.5291616236263316]",29.045362958195852,2.0788754794882327
"[0.26064717703352425, 0.6531494205163764, -0.8909360359612634, 0.5291607110234552]",29.04540753011345,2.0789383119696296
"[0.26064046185247497, 0.6531497874873722, -0.89093695799332, 0.5291597984155354]",29.04545210171712,2.0790011444510257
"[0.2606337462881252, 0.6531501545568082, -0.8909378801482378, 0.5291588856151762]",29.045496677698974,2.0790639769324226
"[0.2606270300863871, 0.6531505217386118, -0.8909388024609207, 0.5291579725877806]",29.04554124955177,2.079126809413819
"[0.2606203144996505, 0.6531508889643024, -0.8909397247593814, 0.5291570595036126]",29.045585826904638,2.0791896418952156
"[0.26061359881992996, 0.6531512562725891, -0.8909406471408419, 0.5291561462664202]",29.045630401937093,2.0792524743766125
"[0.2606068825778777, 0.6531516236891561, -0.8909415696697746, 0.5291552328123519]",29.045674980645085,2.079315306858009
"[0.2606001668943266, 0.6531519911526789, -0.8909424921922224, 0.5291543192938554]",29.04571955981023,2.079378139339406
"[0.2605934508410854, 0.6531523587139462, -0.8909434148356846, 0.5291534055846688]",29.045764141312475,2.079440971820802
"[0.260586735043484, 0.6531527263387384, -0.8909443375142541, 0.5291524917698585]",29.045808723378716,2.079503804302199
"[0.2605800180352247, 0.6531530941073359, -0.8909452604293971, 0.5291515776498749]",29.045853304452528,2.0795666367835954
"[0.2605733021659411, 0.6531534618910925, -0.8909461832582748, 0.5291506635444752]",29.04589788799641,2.079629469264992
"[0.26056658562937, 0.6531538297889163, -0.8909471062490762, 0.5291497492078195]",29.04594247459848,2.079692301746389
"[0.26055986875294385, 0.6531541977828906, -0.8909480293568192, 0.5291488346844461]",29.045987061428757,2.0797551342277854
"[0.260553151124099, 0.6531545658956358, -0.890948952638218, 0.5291479199181465]",29.046031648488142,2.079817966709182
"[0.26054643524838744, 0.6531549339898358, -0.8909498757488888, 0.5291470052501395]",29.046076236958555,2.0798807991905783
"[0.2605397181664571, 0.6531553022276828, -0.8909507990955894, 0.5291460902773898]",29.046120828019486,2.0799436316719753
"[0.26053300170355126, 0.6531556705091186, -0.8909517224274252, 0.5291451752485096]",29.046165418699225,2.0800064641533718
"[0.2605262849145303, 0.6531560388859704, -0.8909526458743201, 0.5291442600347335]",29.046210010249,2.0800692966347682
"[0.26051956737725857, 0.6531564073814036, -0.8909535694943268, 0.5291433445785104]",29.046254605984345,2.080132129116165
"[0.2605128504598633, 0.6531567759203725, -0.890954493099335, 0.5291424290662774]",29.046299198450047,2.0801949615975612
"[0.2605061325781838, 0.6531571445898009, -0.8909554169071782, 0.5291415132821018]",29.04634379534829,2.080257794078958
"[0.26049941490829026, 0.6531575133251618, -0.890956340756139, 0.5291405973862763]",29.046388390510906,2.0803206265603547
"[0.2604926977448723, 0.6531578821102592, -0.890957264605677, 0.529139681419009]",29.046432988879683,2.080383459041751
"[0.2604859799441622, 0.6531582510078994, -0.8909581886131014, 0.5291387652243144]",29.046477589336998,2.080446291523148
"[0.26047926274739047, 0.6531586199499183, -0.8909591126076837, 0.5291378489714763]",29.046522190490194,2.0805091240045446
"[0.2604725442218258, 0.6531589890424844, -0.8909600368552942, 0.5291369323968358]",29.046566790607706,2.0805719564859415
"[0.26046582657402256, 0.6531593581643842, -0.8909609610523884, 0.529136015801405]",29.046611394877658,2.0806347889673376
"[0.2604591086308521, 0.653159727380068, -0.8909618853603519, 0.5291350990251317]",29.04665599642827,2.0806976214487345
"[0.2604523902504762, 0.6531600966973465, -0.8909628097987088, 0.52913418204863]",29.046700604365956,2.0807604539301314
"[0.2604456722864397, 0.6531604660692948, -0.8909637342500116, 0.5291332649884002]",29.04674521051446,2.0808232864115275
"[0.260438953291626, 0.6531608355754922, -0.8909646589134043, 0.5291323476468734]",29.04678982074373,2.0808861188929244
"[0.26043223605536486, 0.6531612050625296, -0.8909655834050078, 0.5291314304048934]",29.0468344257672,2.080948951374321
"[0.26042551786661383, 0.6531615746795115, -0.8909665080979274, 0.5291305128922947]",29.04687903729212,2.0810117838557174
"[0.2604187991890803, 0.6531619444009558, -0.890967432928359, 0.5291295951723515]",29.046923649313506,2.0810746163371143
"[0.26041207979610864, 0.6531623142393537, -0.8909683579275199, 0.5291286772140654]",29.046968260974463,2.081137448818511
"[0.26040536143037857, 0.6531626840987823, -0.8909692828555028, 0.5291277592555166]",29.047012874346702,2.0812002812999073
"[0.2603986425213744, 0.6531630540656909, -0.8909702079285143, 0.5291268410821329]",29.04705748820275,2.081263113781304
"[0.26039192401726124, 0.6531634240878741, -0.8909711330160094, 0.5291259228234766]",29.047102105207458,2.0813259462627007
"[0.2603852050347048, 0.6531637942139961, -0.8909720582396146, 0.5291250043587956]",29.047146722343456,2.0813887787440972
"[0.2603784865662209, 0.6531641643893399, -0.8909729834626582, 0.5291240858238127]",29.047191339947435,2.0814516112254937
"[0.26037176718529353, 0.6531645346925522, -0.890973908881592, 0.5291231670234309]",29.047235960885924,2.0815144437068906
"[0.26036504735358657, 0.6531649050982002, -0.8909748344328546, 0.529122248020749]",29.047280580260068,2.081577276188287
"[0.2603583277257346, 0.6531652755702034, -0.8909757600262816, 0.5291213289052844]",29.047325203509878,2.0816401086696836
"[0.260351608667359, 0.6531656460883907, -0.8909766856114975, 0.529120409727068]",29.047369824279077,2.08170294115108
"[0.26034488886260526, 0.6531660167253261, -0.8909776113697684, 0.5291194903060811]",29.047414450655364,2.081765773632477
"[0.26033816932920606, 0.6531663874248858, -0.8909785371608913, 0.5291185707815518]",29.047459075509032,2.0818286061138735
"[0.26033144906079353, 0.6531667582425933, -0.8909794631235252, 0.5291176510157509]",29.04750370263583,2.08189143859527
"[0.26032472964647496, 0.6531671290907622, -0.8909803890387085, 0.5291167312261699]",29.047548329167455,2.081954271076667
"[0.26031800983683145, 0.6531675000383409, -0.8909813150785988, 0.5291158112417935]",29.04759295983811,2.082017103558063
"[0.26031128992164065, 0.6531678710693412, -0.8909822412032677, 0.5291148911022743]",29.04763758812138,2.08207993603946
"[0.2603045693286885, 0.6531682422153701, -0.8909831674915879, 0.5291139707292344]",29.04768222095785,2.0821427685208564
"[0.2602978486201548, 0.6531686134453953, -0.8909840938660852, 0.5291130501996337]",29.047726853002445,2.082205601002253
"[0.2602911293755287, 0.6531689846721465, -0.8909850201090216, 0.5291121297298544]",29.04777148635149,2.08226843348365
"[0.26028440912485457, 0.6531693560320754, -0.8909859465608696, 0.5291112089815493]",29.047816120116195,2.0823312659650464
"[0.2602776875268615, 0.6531697275440826, -0.8909868732687118, 0.5291102879078818]",29.047860756089978,2.082394098446443
"[0.2602709676137784, 0.6531700990405666, -0.890987799814487, 0.5291093669243717]",29.047905393496983,2.0824569309278393
"[0.26026424636753187, 0.6531704706883683, -0.890988726614322, 0.5291084456173919]",29.047950031070627,2.0825197634092363
"[0.26025752641888766, 0.653170842342025, -0.8909896533054557, 0.5291075243475432]",29.047994670600257,2.0825825958906328
"[0.2602508051685073, 0.653171214145287, -0.8909905802463396, 0.5291066027584772]",29.048039312107427,2.0826454283720293
"[0.26024408390729276, 0.6531715860267697, -0.8909915072589614, 0.5291056810271493]",29.048083956022918,2.082708260853426
"[0.260237362785868, 0.6531719579781428, -0.8909924343225425, 0.5291047591742093]",29.048128596594438,2.0827710933348227
"[0.2602306421813961, 0.6531723299785178, -0.8909933613850481, 0.529103837251411]",29.048173243864944,2.082833925816219
"[0.2602239206548687, 0.6531727021075547, -0.8909942886449838, 0.529102915061336]",29.048217888019185,2.0828967582976157
"[0.2602171997994896, 0.653173074277052, -0.890995215882563, 0.5291019928225607]",29.04826253426651,2.0829595907790126
"[0.2602104781412096, 0.6531734465686596, -0.8909961433011504, 0.5291010703327804]",29.04830718388988,2.083022423260409
"[0.26020375671599716, 0.6531738189249452, -0.8909970707578211, 0.5291001477342304]",29.048351831398946,2.0830852557418056
"[0.2601970344305166, 0.6531741914065401, -0.890997998403442, 0.5290992248767495]",29.048396482887636,2.0831480882232025
"[0.2601903127250939, 0.6531745639336375, -0.8909989260392578, 0.5290983019580627]",29.048441134072103,2.0832109207045986
"[0.26018359193673507, 0.6531749364875202, -0.8909998536187353, 0.5290973790245036]",29.048485787112014,2.0832737531859955
"[0.26017686953603064, 0.6531753092084207, -0.8910007814909835, 0.529096455728685]",29.048530440052232,2.083336585667392
"[0.2601701471328583, 0.6531756820071061, -0.8910017094338185, 0.5290955322916664]",29.04857509406659,2.0833994181487885
"[0.2601634260312862, 0.6531760548112331, -0.8910026372672091, 0.5290946088926238]",29.048619751341135,2.0834622506301854
"[0.2601567027767104, 0.6531764278124361, -0.8910035654680665, 0.5290936850569049]",29.048664408008687,2.083525083111582
"[0.26014998120931093, 0.6531768007976719, -0.8910044935062278, 0.5290927613121682]",29.048709068184355,2.0835879155929784
"[0.26014325845414854, 0.6531771739264658, -0.8910054217786223, 0.5290918372633221]",29.04875372617143,2.083650748074375
"[0.2601365359475433, 0.6531775471191161, -0.8910063500869371, 0.529090913107755]",29.048798387128755,2.083713580555772
"[0.2601298136142761, 0.653177920379784, -0.8910072784415504, 0.529089988835146]",29.04884304849034,2.0837764130371683
"[0.26012309078456913, 0.6531782937456698, -0.8910082069349623, 0.5290890643533855]",29.048887712809154,2.083839245518565
"[0.2601163679551509, 0.6531786671891944, -0.8910091354985747, 0.5290881397307623]",29.048932375702456,2.0839020779999617
"[0.2601096450620563, 0.6531790407139121, -0.891010064141222, 0.5290872149584738]",29.048977044894876,2.0839649104813582
"[0.2601029223966042, 0.6531794143036403, -0.8910109928226584, 0.5290862900765873]",29.049021708469855,2.0840277429627547
"[0.2600961991445116, 0.6531797880036153, -0.8910119216553766, 0.5290853649730879]",29.04906637897748,2.084090575444151
"[0.26008947611760447, 0.6531801617687403, -0.8910128505272226, 0.5290844397596396]",29.049111046513143,2.084153407925548
"[0.2600827533257635, 0.6531805355984679, -0.8910137794368216, 0.5290835144376017]",29.049155718283036,2.0842162404069446
"[0.2600760300120772, 0.6531809095348402, -0.8910147084887642, 0.529082588902845]",29.049200388377724,2.084279072888341
"[0.2600693061991073, 0.653181283576673, -0.8910156376799439, 0.5290816631583747]",29.049245060676714,2.084341905369738
"[0.2600625829517416, 0.6531816576647028, -0.8910165668631972, 0.5290807373508333]",29.049289736259503,2.084404737851134
"[0.2600558593025663, 0.6531820318527604, -0.8910174961722214, 0.5290798113470004]",29.049334411325283,2.084467570332531
"[0.2600491355925217, 0.6531824061218777, -0.8910184255598982, 0.5290788851938154]",29.049379086794026,2.0845304028139275
"[0.2600424116935645, 0.6531827804791857, -0.8910193550439287, 0.5290779588736314]",29.049423763498858,2.084593235295324
"[0.2600356880843876, 0.6531831548980309, -0.8910202845581363, 0.5290770324523957]",29.04946844205588,2.084656067776721
"[0.26002896397685393, 0.6531835294223052, -0.8910212142114806, 0.5290761058215047]",29.04951312311345,2.0847189002581175
"[0.26002223950920217, 0.6531839040443291, -0.8910221439848597, 0.5290751789999717]",29.04955780302148,2.084781732739514
"[0.2600155158724138, 0.6531842786977297, -0.8910230737135911, 0.5290742521519777]",29.04960248472165,2.084844565220911
"[0.26000879165968, 0.6531846534609067, -0.8910240035921992, 0.5290733250835822]",29.049647170539625,2.0849073977023074
"[0.26000206639303564, 0.6531850283605221, -0.8910249336868038, 0.5290723977288394]",29.04969185206499,2.0849702301837043
"[0.2599953426890875, 0.6531854032507038, -0.891025863635523, 0.5290714704485697]",29.049736538753127,2.0850330626651004
"[0.259988618785557, 0.6531857782296858, -0.8910267936820723, 0.5290705429997745]",29.049781224388816,2.0850958951464973
"[0.25998189345013534, 0.6531861533662205, -0.8910277239969273, 0.5290696152124216]",29.049825913250967,2.085158727627894
"[0.25997516844455487, 0.6531865285620615, -0.8910286543364031, 0.5290686873295075]",29.049870604238127,2.0852215601092903
"[0.25996844404163, 0.6531869038019605, -0.8910295846627423, 0.5290677593887138]",29.049915292313916,2.085284392590687
"[0.2599617195837131, 0.653187279122618, -0.8910305150669203, 0.529066831299288]",29.04995998544123,2.0853472250720837
"[0.25995499405252803, 0.6531876545808827, -0.8910314456898432, 0.5290659029206571]",29.050004679954498,2.08541005755348
"[0.25994826893741, 0.653188030093623, -0.8910323763254369, 0.5290649744583826]",29.050049370248203,2.0854728900348767
"[0.25994154397659125, 0.6531884056754454, -0.8910333070099147, 0.5290640458763392]",29.050094068918412,2.0855357225162736
"[0.2599348189996731, 0.6531887813358689, -0.8910342377668548, 0.5290631171509933]",29.05013876564729,2.08559855499767
"[0.25992809338511214, 0.6531891571096082, -0.8910351686822892, 0.5290621881965055]",29.0501834617635,2.0856613874790666
"[0.2599213679617813, 0.6531895329503744, -0.8910360996414952, 0.5290612591273263]",29.050228159659536,2.0857242199604635
"[0.25991464203507014, 0.6531899088969937, -0.8910370307406262, 0.5290603298474833]",29.050272860556447,2.0857870524418596
"[0.2599079163821088, 0.6531902849060182, -0.8910379618721035, 0.5290594004643542]",29.050317560712447,2.0858498849232565
"[0.2599011908672998, 0.6531906609850211, -0.8910388930546915, 0.5290584709592112]",29.050362262637105,2.085912717404653
"[0.2598944645140559, 0.6531910371886364, -0.8910398244236115, 0.5290575411970443]",29.05040696589141,2.0859755498860495
"[0.2598877388327052, 0.6531914134323931, -0.8910407557697363, 0.5290566113866133]",29.050451670572382,2.0860383823674464
"[0.25988101309858525, 0.6531917897568076, -0.8910416871934034, 0.5290556814277662]",29.050496377138636,2.086101214848843
"[0.25987428612155944, 0.6531921662284942, -0.8910426188594487, 0.5290547511558997]",29.050541084143006,2.08616404733024
"[0.25986756057110455, 0.6531925426980646, -0.8910435503981522, 0.5290538209401646]",29.050585792412363,2.086226879811636
"[0.25986083478315714, 0.6531929192586402, -0.8910444820399797, 0.5290528905504432]",29.050630503071023,2.086289712293033
"[0.25985410685721316, 0.653193296016666, -0.8910454140482195, 0.5290519597237598]",29.050675210616347,2.0863525447744293
"[0.2598473811266111, 0.6531936727294791, -0.8910463458225784, 0.529051029059639]",29.050719923196727,2.086415377255826
"[0.25984065435854486, 0.6531940495781337, -0.8910472778109054, 0.5290500981107762]",29.050764635540453,2.0864782097372228
"[0.25983392818490164, 0.6531944264711979, -0.8910482097871106, 0.5290491671030196]",29.050809350723064,2.0865410422186192
"[0.25982720068922605, 0.6531948035160906, -0.8910491420167449, 0.5290482357710519]",29.050854065644067,2.0866038747000157
"[0.25982047385953944, 0.6531951806013966, -0.8910500742243369, 0.5290473043900724]",29.0508987827406,2.0866667071814122
"[0.2598137472558571, 0.6531955577517643, -0.8910510064708442, 0.5290463728991868]",29.05094350068799,2.086729539662809
"[0.25980702015738116, 0.653195935007611, -0.8910519388561652, 0.5290454411985701]",29.050988217202093,2.0867923721442057
"[0.2598002920136103, 0.653196312399837, -0.8910528714566222, 0.5290445092119237]",29.0510329373387,2.086855204625602
"[0.25979356550663196, 0.6531966897779884, -0.8910538039004349, 0.5290435773107904]",29.051077658012332,2.086918037106999
"[0.2597868380315584, 0.6531970672881956, -0.8910547365486864, 0.5290426451343018]",29.051122381722543,2.086980869588395
"[0.2597801106051031, 0.6531974448734212, -0.8910556692604399, 0.5290417128233046]",29.0511671057043,2.087043702069792
"[0.2597733830116142, 0.6531978225457717, -0.8910566020655931, 0.5290407803479061]",29.05121182933264,2.0871065345511886
"[0.2597666550712546, 0.6531982003153513, -0.8910575349890887, 0.5290398476831604]",29.05125655537465,2.0871693670325855
"[0.25975992701544154, 0.6531985781691743, -0.8910584679988407, 0.5290389148611301]",29.0513012824043,2.087232199513982
"[0.2597531992504761, 0.653198956084417, -0.8910594010385026, 0.5290379819381517]",29.051346009565506,2.0872950319953785
"[0.2597464715044843, 0.6531993340763471, -0.891060334145772, 0.5290370488765308]",29.05139074014908,2.0873578644767754
"[0.2597397435580735, 0.6531997121573108, -0.8910612673510767, 0.5290361156458104]",29.051435467477145,2.0874206969581715
"[0.25973301609647925, 0.6532000902887608, -0.8910622005593675, 0.529035182341088]",29.051480201720928,2.0874835294395684
"[0.25972628822031246, 0.6532004685212512, -0.8910631338954002, 0.5290342488375858]",29.051524934405904,2.087546361920965
"[0.2597195588646053, 0.653200846914716, -0.891064067506941, 0.5290333149874377]",29.051569668081193,2.0876091944023614
"[0.2597128301984648, 0.6532012253471822, -0.891065001093065, 0.5290323810916494]",29.051614405554353,2.0876720268837583
"[0.2597061021225149, 0.6532016038242174, -0.8910659346675383, 0.5290314471364641]",29.051659141188924,2.087734859365155
"[0.25969937350263633, 0.6532019824096191, -0.8910668683877265, 0.5290305129644476]",29.05170387934147,2.0877976918465513
"[0.2596926446390642, 0.6532023610865101, -0.8910678022119772, 0.5290295786172525]",29.051748616312157,2.0878605243279478
"[0.2596859151259176, 0.6532027398777385, -0.8910687361966303, 0.5290286440384988]",29.051793358633095,2.0879233568093447
"[0.2596791865827725, 0.6532031186921459, -0.8910696701168983, 0.5290277094531043]",29.051838098020173,2.087986189290741
"[0.2596724573616808, 0.6532034976225033, -0.8910706042015101, 0.5290267746321807]",29.051882840644968,2.0880490217721377
"[0.25966572848030556, 0.6532038766115024, -0.8910715383092069, 0.5290258397170974]",29.05192758391044,2.0881118542535346
"[0.25965899937266756, 0.6532042556910285, -0.8910724725185548, 0.5290249046292044]",29.05197232837725,2.0881746867349307
"[0.2596522702059308, 0.6532046348516657, -0.8910734068063483, 0.5290239693917246]",29.052017074021336,2.0882375192163276
"[0.25964554072117896, 0.6532050141080091, -0.8910743412085398, 0.5290230339686576]",29.05206182276028,2.088300351697724
"[0.259638811437697, 0.6532053934307934, -0.8910752756530257, 0.5290220984321813]",29.052106569384986,2.088363184179121
"[0.2596320819765013, 0.653205772841394, -0.8910762101924301, 0.529021162729589]",29.052151318044032,2.0884260166605175
"[0.25962535233284867, 0.6532061523400566, -0.8910771448274161, 0.5290202268602406]",29.052196071547318,2.088488849141914
"[0.2596186225102119, 0.6532065319266066, -0.8910780795575046, 0.5290192908245865]",29.052240820753212,2.088551681623311
"[0.2596118919913444, 0.6532069116302409, -0.8910790144545495, 0.529018354550644]",29.05228557483655,2.088614514104707
"[0.25960516291083846, 0.6532072913305158, -0.8910799492220337, 0.5290174183353827]",29.0523303286876,2.088677346586104
"[0.2595984319027484, 0.6532076712173687, -0.8910808843275421, 0.5290164817104812]",29.052375084358136,2.088740179067501
"[0.25959170165306705, 0.6532080511392271, -0.8910818193979393, 0.5290155450496573]",29.052419840870854,2.088803011548897
"[0.2595849713667387, 0.6532084311409658, -0.891082754543673, 0.5290146082422726]",29.052464597550422,2.088865844030294
"[0.25957824142805147, 0.6532088112008622, -0.8910836897113422, 0.5290136713418487]",29.052509357660416,2.0889286765116903
"[0.2595715108624827, 0.6532091913739748, -0.8910846250363649, 0.5290127342126818]",29.052554115964604,2.088991508993087
"[0.2595647803910131, 0.6532095716195814, -0.8910855604185551, 0.5290117969551464]",29.05259887958471,2.0890543414744838
"[0.2595580496865925, 0.6532099519561607, -0.8910864959033655, 0.529010859523692]",29.05264364017538,2.0891171739558803
"[0.2595513193878018, 0.6532103323476388, -0.8910874314020358, 0.5290099220072436]",29.052688405930397,2.0891800064372767
"[0.2595445878887748, 0.653210712884752, -0.8910883671377917, 0.529008984182128]",29.052733169026133,2.0892428389186732
"[0.2595378565393193, 0.653211093491252, -0.8910893029230098, 0.5290080462363139]",29.05277793411694,2.08930567140007
"[0.25953112607035744, 0.6532114741257923, -0.8910902386560609, 0.5290071082716774]",29.052822703274316,2.0893685038814667
"[0.25952439444895053, 0.6532118549033079, -0.8910911746195871, 0.5290061700049452]",29.052867470577866,2.089431336362863
"[0.25951766276899324, 0.6532122357619837, -0.8910921106615088, 0.5290052315884939]",29.05291224075763,2.08949416884426
"[0.2595109320163147, 0.6532126166460164, -0.8910930466447309, 0.5290042931597916]",29.052957011148933,2.0895570013256566
"[0.25950420137141544, 0.653212997601758, -0.891093982683196, 0.5290033546046146]",29.053001782779567,2.089619833807053
"[0.2594974698580663, 0.6532133786844802, -0.8910949189126792, 0.5290024157868012]",29.053046554808216,2.0896826662884496
"[0.25949073806872425, 0.6532137598606634, -0.8910958552507962, 0.5290014767889384]",29.053091329713453,2.0897454987698465
"[0.25948400615834116, 0.6532141411215389, -0.8910967916759994, 0.5290005376326263]",29.053136103883087,2.089808331251243
"[0.25947727368155143, 0.6532145224923356, -0.891097728250249, 0.5289995982557154]",29.053180880348492,2.0898711637326395
"[0.25947054207166437, 0.6532149038918659, -0.8910986647741458, 0.5289986588581891]",29.05322565684501,2.0899339962140364
"[0.25946381007977337, 0.6532152853908789, -0.8910996014214332, 0.528997719265777]",29.053270438400464,2.0899968286954325
"[0.25945707829952114, 0.6532156669557287, -0.8911005381095158, 0.5289967795613355]",29.05331521863571,2.0900596611768294
"[0.2594503457587933, 0.6532160486415344, -0.891101474973664, 0.5289958396091338]",29.053360000337417,2.090122493658226
"[0.2594436135025534, 0.6532164303890603, -0.8911024118684725, 0.5289948995550456]",29.053404782587233,2.0901853261396224
"[0.25943688156976713, 0.65321681219608, -0.891103348788507, 0.5289939594045365]",29.053449564441333,2.0902481586210193
"[0.259430148447723, 0.6532171941484127, -0.8911042859443118, 0.5289930189463053]",29.05349435150247,2.090310991102416
"[0.25942341558093646, 0.6532175761641186, -0.8911052231348422, 0.5289920783820993]",29.05353913496421,2.0903738235838123
"[0.2594166834427525, 0.6532179582163337, -0.8911061602941938, 0.5289911377780592]",29.053583922968322,2.090436656065209
"[0.2594099507704062, 0.6532183403767123, -0.8911070975981471, 0.5289901969577615]",29.053628711765004,2.0904994885466057
"[0.25940321789971765, 0.6532187226262116, -0.8911080349999595, 0.5289892559680996]",29.0536735014825,2.090562321028002
"[0.2593964838397319, 0.6532191050210999, -0.8911089726376198, 0.52898831467055]",29.053718292032755,2.0906251535093987
"[0.2593897512602817, 0.6532194874097792, -0.8911099101393782, 0.5289873734382937]",29.05376308179544,2.0906879859907956
"[0.2593830182253919, 0.6532198699021882, -0.8911108477747985, 0.5289864320007066]",29.05380787628551,2.090750818472192
"[0.2593762848202183, 0.653220252493494, -0.8911117855320334, 0.5289854903696783]",29.053852670404453,2.0908136509535886
"[0.25936955171000287, 0.6532206351459042, -0.8911127233184343, 0.5289845486382267]",29.053897465205548,2.090876483434985
"[0.2593628173711531, 0.6532210179460294, -0.8911136613462185, 0.5289836065932129]",29.0539422616805,2.090939315916382
"[0.2593560847534432, 0.6532214007261689, -0.8911145992045038, 0.5289826646473055]",29.0539870615359,2.0910021483977785
"[0.25934935125414105, 0.6532217836343025, -0.8911155372558353, 0.5289817224363644]",29.054031858760407,2.091064980879175
"[0.25934261674029, 0.6532221666780161, -0.891116475518764, 0.5289807799417308]",29.054076659999915,2.091127813360572
"[0.25933588420638604, 0.653222549686974, -0.8911174135760752, 0.5289798375825107]",29.05412146068383,2.091190645841968
"[0.25932914899138837, 0.6532229329263516, -0.8911183520772096, 0.5289788947062677]",29.05416626437819,2.091253478323365
"[0.25932241556096236, 0.6532233161420677, -0.8911192903999225, 0.5289779519381234]",29.05421106895397,2.0913163108047614
"[0.259315680841138, 0.6532236995090465, -0.891120228972572, 0.5289770088477121]",29.054255871391376,2.091379143286158
"[0.2593089468439403, 0.6532240829127847, -0.8911211675147609, 0.5289760657167404]",29.05430067725783,2.091441975767555
"[0.25930221291432237, 0.6532244663905475, -0.8911221061177724, 0.5289751224535082]",29.054345485280123,2.0915048082489514
"[0.259295477940431, 0.6532248500056841, -0.8911230449365931, 0.5289741789022175]",29.05439029372533,2.091567640730348
"[0.25928874352874964, 0.6532252336666728, -0.8911239837472963, 0.528973235287947]",29.05443510045553,2.0916304732117443
"[0.25928200909968535, 0.6532256174065505, -0.8911249226306674, 0.5289722915294658]",29.054479914083416,2.0916933056931413
"[0.25927527453727894, 0.6532260012319193, -0.8911258616028737, 0.5289713476105258]",29.054524724693803,2.0917561381745378
"[0.2592685392108878, 0.6532263851787328, -0.8911268007518551, 0.5289704034427092]",29.05456953759892,2.0918189706559343
"[0.25926180473852445, 0.6532267691547571, -0.8911277398519994, 0.5289694592528278]",29.054614351914363,2.091881803137331
"[0.2592550691105875, 0.6532271532745786, -0.8911286791835409, 0.5289685147591172]",29.054659166073385,2.0919446356187277
"[0.2592483341198226, 0.653227537435967, -0.8911296184964748, 0.5289675702129454]",29.05470398373338,2.092007468100124
"[0.25924159959614534, 0.6532279216486057, -0.8911305578145032, 0.5289666255904892]",29.05474880187602,2.0920703005815207
"[0.2592348634904296, 0.6532283060294186, -0.8911314974234498, 0.5289656806042893]",29.05479362231332,2.0921331330629176
"[0.2592281278848564, 0.6532286904596087, -0.8911324370328895, 0.5289647355464105]",29.054838442717106,2.092195965544314
"[0.25922139285507645, 0.6532290749348538, -0.8911333766322486, 0.5289637904274812]",29.054883262680992,2.0922587980257106
"[0.2592146568971314, 0.6532294595409737, -0.8911343164313505, 0.5289628450364887]",29.05492808527234,2.0923216305071075
"[0.25920792181394986, 0.6532298441750668, -0.8911352561786471, 0.5289618996264189]",29.054972907192155,2.0923844629885036
"[0.25920118497952344, 0.6532302289871069, -0.8911361962405576, 0.5289609538286384]",29.05501773417587,2.0924472954699005
"[0.25919444957919496, 0.653230613795141, -0.8911371361726018, 0.5289600080903427]",29.055062557734143,2.092510127951297
"[0.25918771330660434, 0.6532309987309336, -0.891138076296623, 0.5289590620876943]",29.05510738651044,2.0925729604326935
"[0.25918097656572303, 0.6532313837714234, -0.8911390165562615, 0.5289581158773791]",29.055152213361044,2.0926357929140904
"[0.2591742406140055, 0.6532317688447336, -0.8911399567760047, 0.5289571696360215]",29.055197043610523,2.092698625395487
"[0.2591675042346843, 0.6532321540204153, -0.8911408971256854, 0.5289562231927033]",29.055241874668706,2.092761457876884
"[0.25916076765840723, 0.6532325392852919, -0.8911418375731134, 0.5289552765798076]",29.05528670800006,2.09282429035828
"[0.2591540311054854, 0.6532329246267664, -0.8911427780875338, 0.5289543298282828]",29.05533154026003,2.092887122839677
"[0.25914729533311964, 0.6532333100015145, -0.8911437185632161, 0.5289533830445644]",29.05537637354493,2.0929499553210738
"[0.25914055850889306, 0.6532336955143861, -0.8911446592560123, 0.5289524359710662]",29.055421209709944,2.09301278780247
"[0.25913382100233484, 0.6532340811442412, -0.8911456001143495, 0.5289514886597094]",29.05546604662148,2.0930756202838667
"[0.2591270842017351, 0.6532344668116165, -0.8911465409443582, 0.5289505413056906]",29.055510883676135,2.0931384527652632
"[0.2591203477508778, 0.6532348525369176, -0.8911474817957648, 0.528949593858909]",29.05555572363996,2.0932012852466597
"[0.25911361083209744, 0.6532352383669496, -0.891148422782771, 0.5289486462043772]",29.0556005615171,2.0932641177280567
"[0.2591068736344563, 0.6532356242908963, -0.8911493638789787, 0.5289476983686641]",29.055645405888765,2.093326950209453
"[0.259100135613025, 0.6532360103399942, -0.8911503051605216, 0.5289467502750648]",29.055690246936265,2.0933897826908496
"[0.2590933982571243, 0.6532363964289115, -0.8911512464193477, 0.5289458021331357]",29.055735090988783,2.093452615172246
"[0.25908666087634, 0.6532367825972069, -0.8911521877519006, 0.528944853845727]",29.055779934114486,2.093515447653643
"[0.25907992301028926, 0.6532371688712743, -0.8911531292225103, 0.5289439053480228]",29.055824781493463,2.0935782801350395
"[0.2590731866444077, 0.6532375551372732, -0.8911540705537374, 0.5289429569195444]",29.055869628273843,2.093641112616436
"[0.2590664481848365, 0.6532379416012868, -0.8911550122477901, 0.5289420080542835]",29.055914474881906,2.093703945097833
"[0.25905971016556123, 0.6532383281180161, -0.8911559539505702, 0.5289410591090008]",29.055959325533156,2.093766777579229
"[0.25905297230751567, 0.653238714703456, -0.8911568957010692, 0.5289401100444138]",29.05600417652705,2.093829610060626
"[0.2590462328108016, 0.6532391014609039, -0.8911578377508785, 0.5289391606069436]",29.056049028319183,2.0938924425420224
"[0.25903949562493367, 0.6532394881636959, -0.8911587795479224, 0.5289382113530062]",29.056093881946225,2.0939552750234194
"[0.2590327574991161, 0.6532398749984003, -0.8911597215466079, 0.528937261824609]",29.056138737154697,2.094018107504816
"[0.25902601899005834, 0.65324026193308, -0.891160663669125, 0.5289363121001568]",29.05618359010156,2.0940809399862124
"[0.25901928084661796, 0.653240648924728, -0.8911616058107746, 0.5289353622851981]",29.05622844607133,2.0941437724676093
"[0.2590125416562494, 0.6532410360544957, -0.8911625481690681, 0.5289344121805789]",29.056273304861325,2.0942066049490053
"[0.2590058026111397, 0.6532414232538929, -0.8911634905773135, 0.5289334619543699]",29.056318162647464,2.0942694374304023
"[0.25899906428271824, 0.6532418104900908, -0.8911644329555836, 0.5289325116871455]",29.056363022699756,2.0943322699117988
"[0.25899232525799004, 0.6532421978442845, -0.8911653755014882, 0.5289315611796447]",29.05640788585849,2.0943951023931953
"[0.2589855867396606, 0.6532425852473469, -0.8911663180468138, 0.5289306106014933]",29.05645274839877,2.094457934874592
"[0.25897884732982096, 0.653242972779653, -0.8911672607870958, 0.5289296597554761]",29.056497612337438,2.0945207673559887
"[0.2589721077979974, 0.6532433603969667, -0.8911682036147027, 0.5289287087501339]",29.05654247598841,2.094583599837385
"[0.25896536929051267, 0.6532437480333392, -0.8911691463692551, 0.5289277577472518]",29.056587341228845,2.0946464323187817
"[0.25895862977216055, 0.6532441358058542, -0.8911700893354854, 0.5289268064595892]",29.05663220782125,2.0947092648001786
"[0.2589518898388309, 0.6532445236802487, -0.8911710324300406, 0.5289258549712105]",29.05667707947015,2.094772097281575
"[0.25894515030229326, 0.6532449116098049, -0.891171975539331, 0.5289249033967135]",29.056721947780677,2.0948349297629716
"[0.25893841019161784, 0.6532452996504132, -0.8911729187992257, 0.5289239515990004]",29.056766818820883,2.0948977622443685
"[0.258931670667167, 0.6532456877352734, -0.8911738620473331, 0.5289229997419219]",29.05681168914319,2.094960594725765
"[0.2589249308792229, 0.653246075913294, -0.8911748054025717, 0.5289220477054942]",29.056856561768996,2.0950234272071615
"[0.25891819105649694, 0.6532464641713234, -0.8911757488329309, 0.5289210955219922]",29.05690143741182,2.095086259688558
"[0.2589114507115116, 0.653246852537447, -0.8911766924066544, 0.5289201431225322]",29.05694631404066,2.095149092169955
"[0.25890471061038217, 0.6532472409675283, -0.8911776360164965, 0.5289191906153532]",29.05699118792882,2.0952119246513514
"[0.2588979702865007, 0.6532476294884587, -0.8911785797277801, 0.5289182379345089]",29.057036066461727,2.095274757132748
"[0.25889123047322726, 0.6532480180579561, -0.8911795234378208, 0.5289172851836658]",29.057080946303095,2.095337589614145
"[0.2588844896939813, 0.6532484067611626, -0.8911804673533748, 0.5289163321540675]",29.057125825880036,2.095400422095541
"[0.25887774917841816, 0.6532487955271753, -0.8911814113022621, 0.5289153790195507]",29.057170706805373,2.095463254576938
"[0.2588710078163242, 0.6532491844200443, -0.8911823554399658, 0.5289144256230952]",29.057215590545944,2.0955260870583343
"[0.2588642672802422, 0.653249573343283, -0.8911832995322411, 0.5289134722012393]",29.057260473500957,2.095588919539731
"[0.2588575257452958, 0.6532499624021921, -0.8911842438346845, 0.5289125184958479]",29.057305358612084,2.0956517520211277
"[0.25885078584748156, 0.6532503514446202, -0.8911851879780552, 0.5289115648798628]",29.057350244061507,2.0957145845025242
"[0.2588440439008344, 0.6532507406833516, -0.8911861324786964, 0.5289106108317293]",29.057395130873335,2.0957774169839207
"[0.2588373030678034, 0.6532511299358262, -0.8911870768935831, 0.528909656798925]",29.057440020893754,2.095840249465317
"[0.25883056145535327, 0.6532515193113225, -0.8911880214879313, 0.5289087025135718]",29.057484908922092,2.095903081946714
"[0.2588238204590164, 0.6532519087292777, -0.8911889660662051, 0.5289077481731567]",29.057529799652215,2.0959659144281106
"[0.2588170795026242, 0.6532522982229608, -0.8911899107091281, 0.5289067936961321]",29.057574689896416,2.096028746909507
"[0.25881033713384194, 0.6532526878762561, -0.8911908556202466, 0.5289058388768787]",29.0576195836544,2.096091579390904
"[0.25880359542684417, 0.6532530775693742, -0.8911918005088791, 0.5289048840090196]",29.057664477104613,2.0961544118723006
"[0.25879685313127127, 0.6532534673745634, -0.89119274555027, 0.5289039289154891]",29.057709374677824,2.096217244353697
"[0.2587901121746695, 0.6532538571803709, -0.8911936904742288, 0.5289029738693565]",29.057754268492282,2.0962800768350935
"[0.25878337071639373, 0.6532542470932162, -0.8911946355387558, 0.5289020186098707]",29.057799168329392,2.0963429093164905
"[0.25877662798765294, 0.653254637157599, -0.8911955808516507, 0.5289010630280311]",29.057844066760637,2.096405741797887
"[0.25876988615823093, 0.6532550272480021, -0.8911965261087202, 0.5289001074313279]",29.05788896565248,2.0964685742792835
"[0.2587631427314638, 0.6532554175089049, -0.8911974716600233, 0.528899151465846]",29.05793386622709,2.0965314067606804
"[0.2587564010474021, 0.6532558077469882, -0.891198417037222, 0.5288981956051032]",29.057978771192605,2.0965942392420764
"[0.258749658251098, 0.6532561981275152, -0.8911993626406489, 0.5288972394443108]",29.058023673903353,2.0966570717234734
"[0.25874291561875773, 0.6532565885766144, -0.891200308291342, 0.5288962831644078]",29.0580685775047,2.09671990420487
"[0.25873617280459116, 0.6532569791142944, -0.8912012540377986, 0.5288953267163677]",29.058113486110717,2.0967827366862664
"[0.25872943047772423, 0.6532573697018094, -0.8912021997861587, 0.5288943701950921]",29.058158389954794,2.0968455691676633
"[0.2587226876587624, 0.6532577603958927, -0.8912031456738009, 0.5288934134616372]",29.05820329798168,2.09690840164906
"[0.25871594515624613, 0.6532581511497005, -0.8912040915873031, 0.528892456630715]",29.058248209761437,2.0969712341304563
"[0.2587092013064117, 0.6532585420596592, -0.8912050377600915, 0.5288914994662007]",29.05829311897576,2.0970340666118528
"[0.2587024579830933, 0.6532589330171791, -0.8912059839292746, 0.5288905422340036]",29.058338031593255,2.0970968990932497
"[0.25869571438716565, 0.6532593240685852, -0.8912069302069734, 0.5288895848206929]",29.058382947376103,2.097159731574646
"[0.2586889710246931, 0.6532597151845245, -0.8912078765221744, 0.5288886272981206]",29.058427859424924,2.0972225640560427
"[0.2586822280618794, 0.6532601063553604, -0.8912088228515415, 0.5288876696898867]",29.058472774126365,2.0972853965374396
"[0.25867548450704886, 0.6532604976385974, -0.8912097693342516, 0.5288867118551812]",29.058517690795266,2.097348229018836
"[0.2586687404786966, 0.6532608890274035, -0.8912107159536873, 0.5288857538107675]",29.058562609316425,2.0974110615002326
"[0.25866199680850455, 0.6532612804735066, -0.8912116625931101, 0.5288847956747951]",29.05860752828544,2.0974738939816295
"[0.25865525251214455, 0.6532616720340473, -0.8912126093906975, 0.5288838373074005]",29.058652448753225,2.097536726463026
"[0.25864850889454255, 0.6532620636332624, -0.8912135561632543, 0.5288828788940132]",29.058697368142568,2.0975995589444225
"[0.2586417643226932, 0.6532624553659857, -0.8912145031400495, 0.528881920202535]",29.05874229200211,2.097662391425819
"[0.25863502006305783, 0.653262847158676, -0.8912154501432723, 0.5288809614129536]",29.058787213837142,2.097725223907216
"[0.258628276557875, 0.653263238985604, -0.8912163971108076, 0.5288800025881943]",29.05883213943392,2.0977880563886124
"[0.2586215319184161, 0.6532636309565388, -0.8912173443078856, 0.5288790434596699]",29.05887706563496,2.097850888870009
"[0.2586147873660308, 0.6532640230005134, -0.8912182915629989, 0.5288780842010333]",29.058921992368433,2.097913721351406
"[0.25860804280587696, 0.6532644151230379, -0.891219238889465, 0.5288771247987961]",29.05896692135877,2.097976553832802
"[0.2586012975172581, 0.6532648073660261, -0.8912201863885195, 0.5288761651504135]",29.05901184701483,2.098039386314199
"[0.25859455345075794, 0.6532651996160411, -0.891221133786159, 0.5288752055334071]",29.059056780385372,2.0981022187955953
"[0.2585878081765844, 0.653265592014406, -0.8912220814237145, 0.5288742456020359]",29.059101709875467,2.098165051276992
"[0.25858106312837636, 0.6532659844777328, -0.8912230290997892, 0.528873285560295]",29.059146643125924,2.0982278837583888
"[0.25857431810330667, 0.653266377017823, -0.8912239768428746, 0.5288723253793143]",29.059191578346375,2.0982907162397852
"[0.2585675732086927, 0.6532667696284276, -0.8912249246378859, 0.5288713650743743]",29.059236513696142,2.098353548721182
"[0.25856082823939575, 0.6532671623214895, -0.8912258725136474, 0.5288704046162621]",29.059281449771035,2.0984163812025782
"[0.25855408257172846, 0.6532675551333195, -0.8912268205578171, 0.5288694439161562]",29.059326389929343,2.098479213683975
"[0.2585473369504888, 0.6532679480205722, -0.8912277686657271, 0.5288684830800873]",29.059371326823086,2.0985420461653717
"[0.25854059095035253, 0.6532683410080216, -0.8912287168971611, 0.5288675220474645]",29.059416265622218,2.098604878646768
"[0.25853384517711275, 0.6532687340603894, -0.8912296651669676, 0.5288665609045687]",29.05946120888761,2.098667711128165
"[0.25852709923021844, 0.6532691272009798, -0.8912306135314516, 0.5288655995943682]",29.059506150797755,2.0987305436095616
"[0.25852035332921214, 0.6532695204170318, -0.8912315619597484, 0.5288646381481031]",29.059551093997513,2.098793376090958
"[0.2585136076014088, 0.6532699137011133, -0.8912325104339525, 0.5288636765839306]",29.059596038424615,2.0988562085723546
"[0.2585068614257247, 0.6532703070894368, -0.8912334590413927, 0.5288627148133098]",29.05964098485875,2.0989190410537515
"[0.2585001156584298, 0.6532707005320734, -0.8912344076616654, 0.5288617529583082]",29.059685930600327,2.098981873535148
"[0.25849336884109825, 0.6532710941140902, -0.8912353564998682, 0.5288607908109569]",29.05973088113653,2.0990447060165445
"[0.2584866225997105, 0.6532714877406465, -0.8912363053273361, 0.5288598286031102]",29.059775827948457,2.0991075384979414
"[0.2584798760269209, 0.6532718814646769, -0.891237254271679, 0.5288588662053616]",29.059820779210717,2.0991703709793375
"[0.2584731293929274, 0.653272275270422, -0.8912382032948949, 0.5288579036562358]",29.05986573084054,2.0992332034607344
"[0.2584663814581811, 0.653272669230257, -0.8912391525713662, 0.5288569407788415]",29.0599106847632,2.099296035942131
"[0.25845963508901765, 0.6532730631768345, -0.8912401016978598, 0.5288559779821864]",29.059955637490482,2.0993588684235274
"[0.2584528883513901, 0.6532734572230698, -0.891241050946451, 0.5288550149902917]",29.060000593806038,2.0994217009049243
"[0.25844614244665337, 0.653273851298788, -0.8912420001481032, 0.5288540519746445]",29.060045549609498,2.099484533386321
"[0.2584393940420448, 0.6532742455987094, -0.8912429497717859, 0.5288530884594167]",29.060090505712775,2.0995473658677177
"[0.25843264706750413, 0.6532746398932319, -0.8912438992644989, 0.528852125005675]",29.06013546551241,2.0996101983491138
"[0.25842589968857654, 0.6532750342895385, -0.8912448488843858, 0.5288511613514981]",29.060180425910836,2.0996730308305107
"[0.25841915206433674, 0.6532754287783472, -0.8912457986090658, 0.528850197519575]",29.06022538826776,2.099735863311907
"[0.2584124044317966, 0.6532758233458046, -0.8912467484051826, 0.5288492335437505]",29.060270349681623,2.0997986957933037
"[0.2584056566667948, 0.6532762179991728, -0.8912476982902124, 0.5288482694062799]",29.06031531258636,2.0998615282747006
"[0.2583989088631009, 0.6532766127329702, -0.8912486482509562, 0.5288473051205533]",29.06036027575447,2.099924360756097
"[0.25839216144332944, 0.6532770075224683, -0.8912495982279109, 0.5288463407469709]",29.060405242965178,2.0999871932374936
"[0.2583854133349452, 0.6532774024304293, -0.8912505483720822, 0.528845376132225]",29.060450208632176,2.10005002571889
"[0.25837866536303405, 0.653277797408567, -0.891251498567304, 0.52884441139425]",29.060495178182375,2.100112858200287
"[0.2583719169261669, 0.6532781924921127, -0.8912524488982672, 0.5288434464470197]",29.060540146313226,2.1001756906816835
"[0.25836516840954116, 0.6532785876584876, -0.8912533993107349, 0.5288424813456384]",29.060585117411915,2.10023852316308
"[0.25835842077161414, 0.6532789828515957, -0.8912543496697088, 0.5288415162271454]",29.060630088239154,2.100301355644477
"[0.2583516722350737, 0.6532793781754898, -0.8912553002255124, 0.5288405508373766]",29.060675063238442,2.100364188125873
"[0.2583449230596716, 0.6532797736150122, -0.8912562509415775, 0.528839585213399]",29.06072003544773,2.10042702060727
"[0.2583381740883094, 0.6532801691207706, -0.8912572016991761, 0.5288386194758087]",29.06076501165791,2.1004898530886664
"[0.25833142630282985, 0.653280564635225, -0.8912581523599667, 0.5288376537651138]",29.06080998710107,2.100552685570063
"[0.2583246767241379, 0.653280960332943, -0.8912591033436689, 0.5288366876550121]",29.06085496319571,2.10061551805146
"[0.25831792792731584, 0.6532813560630322, -0.8912600542874776, 0.5288357215139866]",29.060899943328664,2.1006783505328563
"[0.25831117876727683, 0.6532817518926113, -0.8912610053527334, 0.528834755178143]",29.0609449221964,2.1007411830142533
"[0.25830442880294247, 0.6532821478475712, -0.8912619566016078, 0.5288337885842856]",29.060989905044355,2.1008040154956493
"[0.25829768082457427, 0.6532825437642122, -0.8912629076408587, 0.5288328221320149]",29.06103488841476,2.1008668479770463
"[0.2582909308906399, 0.6532829398737912, -0.8912638590259909, 0.5288318552568184]",29.061079870633808,2.1009296804584427
"[0.25828418152562743, 0.6532833360281861, -0.891264810401205, 0.5288308883202623]",29.061124854576082,2.1009925129398392
"[0.25827743148221416, 0.65328373230061, -0.8912657619423197, 0.5288299211436446]",29.061169840026267,2.101055345421236
"[0.2582706823951055, 0.6532841285950899, -0.8912667134188871, 0.528828953961199]",29.06121482713636,2.1011181779026327
"[0.2582639324827883, 0.6532845250162322, -0.8912676650820589, 0.5288279865176236]",29.061259814623543,2.101181010384029
"[0.25825718296730554, 0.6532849214922675, -0.8912686167595454, 0.528827018988061]",29.061304803144957,2.1012438428654256
"[0.2582504323934321, 0.6532853181086965, -0.89126956865654, 0.5288260511638743]",29.061349795460433,2.1013066753468226
"[0.2582436824465807, 0.6532857147665002, -0.8912705205353879, 0.5288250832866868]",29.06139478612456,2.101369507828219
"[0.25823693146287496, 0.6532861115634625, -0.8912714726307347, 0.5288241151178984]",29.061439778740947,2.1014323403096156
"[0.25823018155663097, 0.653286508375317, -0.8912724246443933, 0.5288231469607179]",29.061484770617806,2.1014951727910125
"[0.25822343122358565, 0.6532869052904687, -0.891273376788515, 0.528822178599421]",29.061529767422883,2.1015580052724085
"[0.2582166812000542, 0.6532873022656394, -0.8912743289592407, 0.5288212101396105]",29.061574766427942,2.1016208377538055
"[0.25820992987688063, 0.6532876993954955, -0.8912752813835738, 0.5288202413503611]",29.061619761652068,2.1016836702352024
"[0.2582031793006055, 0.6532880965596088, -0.8912762337728147, 0.528819272525391]",29.061664759716695,2.101746502716599
"[0.2581964272773562, 0.6532884938871226, -0.8912771864364852, 0.5288183033497456]",29.06170975740912,2.1018093351979954
"[0.2581896768034509, 0.6532888912016922, -0.891278138951824, 0.5288173342535398]",29.061754761324373,2.101872167679392
"[0.2581829262188966, 0.6532892886009971, -0.8912790915530368, 0.5288163649985057]",29.061799763342144,2.101935000160789
"[0.2581761747874589, 0.6532896861283961, -0.89128004434403, 0.5288153954788992]",29.06184476550324,2.1019978326421853
"[0.2581694242296208, 0.6532900836825843, -0.8912809970819988, 0.5288144259417844]",29.061889770456858,2.102060665123582
"[0.258162672424665, 0.6532904813884637, -0.8912819500662538, 0.5288134560825595]",29.061934775612187,2.1021234976049787
"[0.2581559210892137, 0.6532908791449274, -0.8912829030545127, 0.5288124861477862]",29.061979783025436,2.102186330086375
"[0.25814916943665345, 0.6532912769983213, -0.8912838561578059, 0.5288115160244495]",29.062024791357146,2.1022491625677717
"[0.2581424176599843, 0.6532916749372786, -0.8912848093488932, 0.5288105457402665]",29.062069801761535,2.102311995049168
"[0.25813566569910384, 0.6532920729653404, -0.8912857626362625, 0.5288095752865943]",29.06211481093614,2.1023748275305647
"[0.2581289145198484, 0.6532924710255692, -0.891286715883539, 0.5288086048022567]",29.06215982266303,2.1024376600119616
"[0.25812216224529644, 0.6532928692286323, -0.8912876693557419, 0.5288076340174378]",29.062204834875132,2.102500492493358
"[0.258115410246053, 0.6532932674937153, -0.8912886228593419, 0.5288066631291614]",29.06224984796049,2.1025633249747546
"[0.25810865754796214, 0.6532936658782854, -0.891289576531912, 0.5288056919973347]",29.06229486284523,2.102626157456151
"[0.2581019057796813, 0.6532940642862544, -0.8912905301434343, 0.528804720856185]",29.06233988048277,2.102688989937548
"[0.25809515280451817, 0.6532944628437071, -0.891291483995694, 0.528803749398371]",29.062384898073603,2.1027518224189445
"[0.25808840079720974, 0.6532948614222975, -0.8912924377815142, 0.5288027779367284]",29.06242991569918,2.102814654900341
"[0.2580816481121022, 0.6532952601191653, -0.8912933917333518, 0.5288018062344914]",29.062474932452204,2.102877487381738
"[0.2580748954947478, 0.6532956588902975, -0.8912943457458906, 0.5288008343989261]",29.06251995387313,2.1029403198631345
"[0.2580681427240873, 0.6532960577487527, -0.8912952998503617, 0.5287998623982078]",29.062564975203372,2.103003152344531
"[0.2580613900138126, 0.6532964566819114, -0.891296254016571, 0.5287988902630891]",29.062609999198095,2.1030659848259274
"[0.2580546365405581, 0.6532968557384267, -0.8912972083608707, 0.528797917875012]",29.062655024102042,2.1031288173073244
"[0.2580478833146808, 0.6532972548586059, -0.8912981627404915, 0.5287969453794319]",29.062700047264013,2.103191649788721
"[0.25804112989930084, 0.6532976540682681, -0.8912991172171709, 0.5287959727134354]",29.062745078682305,2.1032544822701174
"[0.2580343767167199, 0.6532980533424497, -0.8913000717312215, 0.5287949999378412]",29.06279010529879,2.1033173147515143
"[0.258027624046233, 0.6532984526646238, -0.8913010262431535, 0.5287940270929031]",29.062835132881084,2.1033801472329103
"[0.25802087001217106, 0.6532988521457251, -0.8913019810181096, 0.5287930539083644]",29.062880164072634,2.1034429797143073
"[0.2580141165288073, 0.6532992516725402, -0.8913029357854928, 0.5287920806600274]",29.062925195731317,2.1035058121957038
"[0.25800736193874163, 0.6532996513431323, -0.8913038907796226, 0.5287911071090171]",29.06297022911596,2.1035686446771003
"[0.25800060889450654, 0.6533000510005397, -0.8913048456254625, 0.5287901336376621]",29.06301526161339,2.103631477158497
"[0.2579938551990452, 0.6533004507747734, -0.8913058006336502, 0.5287891599292744]",29.063060295068183,2.1036943096398937
"[0.25798710003607894, 0.6533008507141885, -0.8913067559196425, 0.5287881858660968]",29.06310533239334,2.10375714212129
"[0.25798034614205856, 0.6533012506567772, -0.8913077110964637, 0.5287872118427028]",29.063150369110325,2.1038199746026867
"[0.2579735923971212, 0.6533016506688275, -0.8913086663224667, 0.5287862376976341]",29.063195406917455,2.1038828070840836
"[0.25796683799709436, 0.6533020507979795, -0.8913096217113978, 0.5287852633148764]",29.0632404488149,2.10394563956548
"[0.2579600831368809, 0.6533024510327067, -0.891310577235703, 0.5287842887225077]",29.06328548780805,2.1040084720468766
"[0.2579533291239887, 0.6533028512955255, -0.8913115327104183, 0.5287833141091908]",29.06333052905639,2.1040713045282735
"[0.25794657382623, 0.6533032517128119, -0.8913124884371841, 0.5287823391672196]",29.063375574322567,2.10413413700967
"[0.2579398191895476, 0.6533036521692204, -0.8913134441407002, 0.5287813641774292]",29.063420616434854,2.1041969694910665
"[0.2579330641679395, 0.6533040527267693, -0.891314399968957, 0.5287803889888292]",29.063465662512893,2.104259801972463
"[0.2579263089187755, 0.653304453376133, -0.8913153558996941, 0.5287794136241205]",29.06351070939048,2.10432263445386
"[0.2579195541563697, 0.6533048540749419, -0.8913163118318245, 0.5287784381864448]",29.06355575540388,2.1043854669352564
"[0.25791279897478286, 0.6533052548769352, -0.8913172678935523, 0.5287774625449777]",29.0636008063346,2.104448299416653
"[0.25790604367899267, 0.6533056557640318, -0.8913182240417206, 0.5287764867437407]",29.063645855336674,2.10451113189805
"[0.2578992890191199, 0.6533060566916968, -0.8913191801701471, 0.5287755108911141]",29.063690907688002,2.104573964379446
"[0.25789253295992326, 0.6533064577807537, -0.8913201365669322, 0.528774534693029]",29.063735958951323,2.104636796860843
"[0.25788577757518255, 0.6533068589080997, -0.8913210929385174, 0.5287735584491041]",29.06378101333977,2.1046996293422393
"[0.257879021057562, 0.6533072601810884, -0.8913220495407735, 0.5287725818981032]",29.063826069054592,2.104762461823636
"[0.2578722655918236, 0.6533076614698803, -0.8913230060643834, 0.5287716053559012]",29.063871124610312,2.1048252943050327
"[0.25786550963179394, 0.6533080628663975, -0.8913239627282566, 0.5287706285988978]",29.063916180351388,2.1048881267864292
"[0.25785875367163996, 0.6533084643412597, -0.8913249194624245, 0.5287696516985547]",29.063961239187886,2.1049509592678257
"[0.2578519974522547, 0.6533088659098678, -0.8913258763035835, 0.5287686746173949]",29.064006299759896,2.105013791749222
"[0.25784524098425604, 0.653309267571604, -0.8913268332502343, 0.5287676973569292]",29.06405135988807,2.105076624230619
"[0.25783848543697724, 0.6533096692569316, -0.8913277901367485, 0.5287667200863206]",29.064096420257982,2.1051394567120156
"[0.2578317287584396, 0.6533100710878729, -0.8913287472537778, 0.5287657425087071]",29.064141484014705,2.105202289193412
"[0.2578249715104719, 0.6533104730310423, -0.8913297045217614, 0.52876476470532]",29.064186546951557,2.105265121674809
"[0.25781821514532965, 0.6533108750000493, -0.8913306617349576, 0.5287637868863146]",29.064231612529557,2.1053279541562055
"[0.25781145778179676, 0.6533112771068188, -0.8913316191598892, 0.5287628087794234]",29.064276681221518,2.105390786637602
"[0.2578047010274528, 0.653311679255694, -0.8913325765687892, 0.5287618306173251]",29.064321747417825,2.105453619118999
"[0.2577979438409536, 0.6533120815086525, -0.8913335341092065, 0.5287608522492661]",29.06436681532359,2.1055164516003955
"[0.25779118726264166, 0.6533124838037588, -0.8913344916337134, 0.528759873825881]",29.064411887701056,2.105579284081792
"[0.2577844301131462, 0.6533128862112341, -0.8913354493094441, 0.5287588951763815]",29.064456958617846,2.1056421165631884
"[0.2577776730716983, 0.6533132886906341, -0.8913364070401384, 0.528757916399126]",29.06450203089884,2.1057049490445854
"[0.2577709150779179, 0.653313691305137, -0.8913373649761034, 0.5287569373404821]",29.064547104287822,2.105767781525982
"[0.2577641575584497, 0.6533140939697544, -0.8913383229151199, 0.5287559582071196]",29.06459217908878,2.1058306140073784
"[0.2577574000622998, 0.6533144967113572, -0.8913392809211104, 0.5287549789336949]",29.064637253384916,2.1058934464887753
"[0.2577506418326472, 0.6533148995750517, -0.8913402391013778, 0.5287539994105227]",29.064682332060883,2.1059562789701713
"[0.2577438847844977, 0.6533153024466829, -0.891341197184405, 0.52875301991516]",29.064727409883396,2.1060191114515683
"[0.2577371261741664, 0.653315705489843, -0.8913421555592224, 0.528752040049869]",29.06477248887032,2.1060819439329648
"[0.257730368351267, 0.6533161085644259, -0.8913431138926642, 0.5287510601552722]",29.064817569554528,2.1061447764143613
"[0.2577236102721415, 0.6533165117326732, -0.8913440723327217, 0.5287500800800502]",29.064862649408894,2.106207608895758
"[0.2577168520004989, 0.6533169149907889, -0.8913450308703651, 0.5287490998334282]",29.064907732631873,2.1062704413771547
"[0.2577100939686077, 0.6533173183129835, -0.8913459894442813, 0.5287481194780972]",29.064952818492138,2.1063332738585516
"[0.25770333540365276, 0.6533177217453798, -0.8913469481640921, 0.5287471389019406]",29.064997901504146,2.1063961063399477
"[0.25769657676998353, 0.6533181252602729, -0.8913479069639347, 0.528746158172304]",29.065042989316257,2.1064589388213446
"[0.257689819031965, 0.6533185288000714, -0.8913488657069866, 0.5287451774291484]",29.065088077428587,2.106521771302741
"[0.257683059684696, 0.6533189325143659, -0.8913498247486359, 0.5287441963089164]",29.065133163904683,2.1065846037841376
"[0.25767630058584445, 0.6533193362922297, -0.8913507838253283, 0.5287432150812006]",29.065178253527435,2.1066474362655345
"[0.2576695413146374, 0.6533197401587978, -0.8913517429967668, 0.5287422336849142]",29.065223344050843,2.106710268746931
"[0.25766278191127534, 0.6533201441116736, -0.8913527022572486, 0.5287412521258821]",29.065268436814755,2.1067731012283275
"[0.25765602318696695, 0.6533205481023638, -0.8913536614916414, 0.5287402705219223]",29.065313531258077,2.106835933709724
"[0.25764926271388755, 0.653320952276011, -0.891354621044529, 0.5287392885203857]",29.065358627880368,2.106898766191121
"[0.257642504040874, 0.6533213564204455, -0.8913555804122021, 0.5287383066367641]",29.065403723022733,2.1069615986725174
"[0.25763574533306205, 0.6533217606453543, -0.8913565398550829, 0.5287373246045477]",29.065448818711126,2.107024431153914
"[0.2576289854003998, 0.6533221650219353, -0.8913574995421246, 0.5287363422507769]",29.065493915543414,2.107087263635311
"[0.25762222577188737, 0.6533225694587375, -0.8913584592562728, 0.528735359797617]",29.06553901660791,2.107150096116707
"[0.25761546575392397, 0.6533229739972642, -0.891359419096001, 0.5287343771442502]",29.06558411507391,2.107212928598104
"[0.25760870521245455, 0.6533233786455509, -0.8913603790803569, 0.5287333942711603]",29.065629217999277,2.1072757610795003
"[0.2576019451582753, 0.653323783343098, -0.8913613390658074, 0.5287324113252954]",29.0656743200294,2.1073385935608973
"[0.2575951846613683, 0.653324188145582, -0.8913622991844203, 0.5287314281714236]",29.0657194245696,2.1074014260422937
"[0.25758842540442084, 0.6533245929522377, -0.891363259197207, 0.5287304450542689]",29.06576452992625,2.1074642585236902
"[0.2575816645339408, 0.6533249979339535, -0.8913642195094522, 0.5287294615587969]",29.06580963746985,2.107527091005087
"[0.2575749036086587, 0.653325402997393, -0.8913651798997771, 0.5287284779116929]",29.065854742329712,2.107589923486483
"[0.25756814411308165, 0.6533258080535971, -0.8913661401572849, 0.5287274943289717]",29.0658998521665,2.10765275596788
"[0.2575613827172769, 0.6533262133021159, -0.8913671007550317, 0.5287265103260734]",29.065944961887077,2.1077155884492766
"[0.2575546217511155, 0.6533266186033267, -0.8913680613620323, 0.5287255262420277]",29.06599007110522,2.107778420930673
"[0.2575478617173263, 0.6533270239270732, -0.8913690219068348, 0.5287245421500427]",29.066035184050453,2.10784125341207
"[0.2575411000081839, 0.6533274294297251, -0.8913699827599848, 0.5287235576704707]",29.06608029789163,2.1079040858934666
"[0.25753433902785805, 0.6533278349671151, -0.8913709435798575, 0.5287225731533227]",29.06612541209619,2.107966918374863
"[0.25752757782023494, 0.6533282405965862, -0.8913719045023195, 0.5287215884593808]",29.066170526138553,2.1080297508562595
"[0.2575208166273452, 0.6533286463036283, -0.8913728654929725, 0.5287206036238767]",29.066215643100023,2.1080925833376565
"[0.2575140558721804, 0.6533290520628344, -0.8913738264916876, 0.528719618708456]",29.06626076214391,2.108155415819053
"[0.257507293559347, 0.6533294579939967, -0.8913747877821122, 0.5287186334223682]",29.06630588138538,2.1082182483004495
"[0.2575005325396574, 0.6533298639259935, -0.8913757489589936, 0.5287176481809684]",29.06635100091717,2.1082810807818464
"[0.25749377043642546, 0.6533302700015194, -0.8913767103602059, 0.5287166626379175]",29.066396122356064,2.1083439132632424
"[0.25748700793425583, 0.6533306761794289, -0.8913776718884411, 0.5287156768930166]",29.06644124618267,2.1084067457446394
"[0.25748024614296394, 0.6533310823931339, -0.8913786333858881, 0.5287146911079509]",29.06648637023631,2.108469578226036
"[0.25747348437842266, 0.6533314886836944, -0.8913795949498147, 0.5287137051830361]",29.066531494413674,2.108532410707433
"[0.2574667216884587, 0.6533318951083333, -0.8913805567156377, 0.5287127189794112]",29.066576618749885,2.1085952431888293
"[0.2574599595478238, 0.653332301578431, -0.891381518473627, 0.5287117327121198]",29.0666217483062,2.108658075670226
"[0.2574531975111754, 0.6533327081207444, -0.8913824802871103, 0.5287107463162269]",29.066666876208878,2.1087209081516227
"[0.25744643549335694, 0.6533331147403916, -0.8913834421681964, 0.5287097597793102]",29.066712004624353,2.1087837406330188
"[0.25743967199725387, 0.6533335215274221, -0.891384404329866, 0.5287087728829025]",29.06675713581645,2.1088465731144157
"[0.2574329094256663, 0.6533339283373321, -0.891385366430309, 0.5287077859775846]",29.06680226895635,2.108909405595812
"[0.2574261469212913, 0.6533343352216747, -0.8913863285914742, 0.5287067989382765]",29.066847401100755,2.1089722380772087
"[0.2574193833660008, 0.6533347422477418, -0.8913872909724617, 0.528705811601743]",29.06689253145876,2.1090350705586056
"[0.2574126204757482, 0.6533351493122772, -0.8913882533291133, 0.5287048242184603]",29.06693767083811,2.109097903040002
"[0.25740585726784787, 0.6533355564744455, -0.8913892158012564, 0.5287038366449358]",29.066982805493215,2.1091607355213986
"[0.25739909449571097, 0.6533359636888149, -0.8913901782816731, 0.5287028489912743]",29.067027943892928,2.109223568002795
"[0.25739233064711675, 0.6533363710465218, -0.8913911409855874, 0.5287018610365183]",29.06707308179261,2.109286400484192
"[0.25738556726384704, 0.653336778454709, -0.8913921036935636, 0.52870087300586]",29.0671182234955,2.1093492329655885
"[0.2573788038678881, 0.6533371859421523, -0.8913930664736358, 0.5286998848294929]",29.067163365422314,2.109412065446985
"[0.25737203982635315, 0.6533375935469947, -0.8913940294159033, 0.528698896414923]",29.06720850622438,2.109474897928382
"[0.257365276721474, 0.6533380011738871, -0.8913949922951103, 0.5286979079933607]",29.067253648150334,2.1095377304097784
"[0.2573585130268499, 0.6533384089148245, -0.8913959553285671, 0.5286969193417302]",29.067298796144957,2.109600562891175
"[0.25735174859610643, 0.6533388167786518, -0.8913969185371323, 0.5286959304385934]",29.067343940598395,2.109663395372572
"[0.25734498459970945, 0.6533392246948011, -0.8913978817541435, 0.528694941455048]",29.067389087491737,2.1097262278539683
"[0.2573382195935207, 0.6533396327503727, -0.8913988451852571, 0.5286939521799229]",29.067434236321258,2.109789060335365
"[0.2573314557668427, 0.6533400408133249, -0.8913998085186811, 0.5286929629333499]",29.067479387930998,2.1098518928167613
"[0.25732469168343813, 0.6533404489702397, -0.8914007719589568, 0.5286919735053597]",29.06752453714092,2.1099147252981583
"[0.2573179271007497, 0.6533408572358187, -0.8914017355406393, 0.5286909838603804]",29.067569688568963,2.1099775577795548
"[0.2573111625118094, 0.6533412655802927, -0.8914026991935053, 0.5286899940705485]",29.067614841548952,2.1100403902609512
"[0.2573043972066932, 0.6533416740465335, -0.8914036630186974, 0.5286890040319564]",29.067659994984968,2.110103222742348
"[0.25729763281985596, 0.6533420825358526, -0.891404626783356, 0.528688013983797]",29.067705151102395,2.1101660552237442
"[0.25729086745487334, 0.6533424911627966, -0.8914055907576728, 0.528687023648471]",29.0677503078555,2.110228887705141
"[0.25728410296520987, 0.6533428998153834, -0.8914065546775576, 0.5286860332973318]",29.067795464037633,2.1102917201865377
"[0.2572773377387461, 0.653343308590965, -0.89140751877273, 0.5286850426944022]",29.067840623591657,2.110354552667934
"[0.2572705713854221, 0.6533437175132172, -0.891408483098798, 0.5286840517824134]",29.067885781806996,2.110417385149331
"[0.25726380681849964, 0.6533441264060419, -0.8914094472405598, 0.5286830609880507]",29.067930941927347,2.1104802176307276
"[0.257257040816977, 0.6533445354641275, -0.8914104116570916, 0.5286820698395522]",29.067976105705082,2.110543050112124
"[0.2572502760827338, 0.6533449445241338, -0.8914113759632707, 0.5286810787326973]",29.068021268645268,2.1106058825935206
"[0.25724350971162385, 0.6533453537616634, -0.891412340573086, 0.5286800872420022]",29.068066433927633,2.1106687150749175
"[0.25723674436926774, 0.6533457630155052, -0.8914133051065346, 0.528679095758045]",29.068111599051157,2.110731547556314
"[0.2572299782683216, 0.6533461723937939, -0.8914142698184317, 0.5286781040188675]",29.068156767371132,2.1107943800377105
"[0.25722321160193645, 0.6533465818848574, -0.8914152346812558, 0.5286771120527461]",29.068201933972578,2.1108572125191074
"[0.2572164460100681, 0.6533469913894435, -0.8914161994611552, 0.5286761201001042]",29.068247104500642,2.110920045000504
"[0.257209679213367, 0.653347401045516, -0.8914171644831672, 0.5286751278267446]",29.068292275354704,2.1109828774819004
"[0.2572029134148371, 0.6533478107197126, -0.8914181294331202, 0.5286741355557001]",29.068337444762232,2.111045709963297
"[0.2571961461509148, 0.6533482205612093, -0.8914190946623762, 0.5286731429256499]",29.06838262094143,2.111108542444694
"[0.25718937987054685, 0.6533486304217027, -0.8914200598216424, 0.5286721502957871]",29.068427792831656,2.1111713749260903
"[0.25718261315514607, 0.6533490403871113, -0.8914210251132599, 0.5286711574580164]",29.068472968043363,2.111234207407487
"[0.25717584674222543, 0.6533494504127565, -0.891421990432019, 0.5286701645205399]",29.068518143425493,2.1112970398888837
"[0.25716907958368096, 0.6533498605621535, -0.8914229559274515, 0.5286691713295413]",29.068563320447034,2.1113598723702798
"[0.2571623133324389, 0.6533502707351214, -0.8914239213637235, 0.5286681781276116]",29.068608499354863,2.1114227048516767
"[0.2571555453318831, 0.6533506810927182, -0.891424887119903, 0.5286671845247642]",29.068653679536443,2.111485537333073
"[0.25714877954661897, 0.653351091394554, -0.8914258526302533, 0.5286661911030498]",29.068698858920477,2.1115483698144697
"[0.25714201127269765, 0.6533515019258987, -0.8914268185660527, 0.5286651971717738]",29.068744041769886,2.1116112022958666
"[0.2571352431184071, 0.6533519125285855, -0.8914277845550944, 0.5286642031138903]",29.06878922606625,2.111674034777263
"[0.25712847563342045, 0.6533523231692561, -0.8914287505189111, 0.5286632090101503]",29.068834411339157,2.1117368672586596
"[0.2571217082433856, 0.6533527338827534, -0.8914297165394685, 0.5286622147761988]",29.06887959580809,2.111799699740056
"[0.2571149409635123, 0.653353144668122, -0.8914306826145928, 0.5286612204143093]",29.06892478153742,2.111862532221453
"[0.2571081723719616, 0.6533535556117237, -0.8914316489472757, 0.5286602257154793]",29.068969969121234,2.1119253647028495
"[0.25710140440391627, 0.653353966596068, -0.8914326152612461, 0.5286592309640876]",29.069015158794762,2.111988197184246
"[0.2570946365925892, 0.6533543776494838, -0.8914335816231362, 0.5286582360915514]",29.069060346340255,2.112051029665643
"[0.2570878685742668, 0.6533547887940651, -0.8914345480848791, 0.5286572410443969]",29.06910554000897,2.1121138621470394
"[0.2570811005413031, 0.6533552000181289, -0.8914355146190078, 0.5286562458508955]",29.06915073289049,2.112176694628436
"[0.25707433105918687, 0.6533556114088626, -0.8914364814304039, 0.5286552503000609]",29.069195928182666,2.1122395271098324
"[0.2570675627274119, 0.6533560228082952, -0.8914374481478131, 0.5286542547741746]",29.06924112287767,2.1123023595912294
"[0.25706079487445577, 0.6533564342572173, -0.8914384148671208, 0.5286532591745121]",29.069286316546453,2.112365192072626
"[0.25705402550188966, 0.653356845877137, -0.8914393818737967, 0.5286522632070577]",29.06933151554637,2.1124280245540223
"[0.25704725696793446, 0.6533572575246744, -0.8914403488309763, 0.5286512672187448]",29.06937671275034,2.1124908570354193
"[0.257040487442745, 0.653357669311118, -0.8914413160000734, 0.5286502709403047]",29.06942191262011,2.1125536895168153
"[0.25703371805540154, 0.653358081167801, -0.8914422832197864, 0.5286492745378759]",29.0694671132921,2.1126165219982123
"[0.2570269504452282, 0.6533584929949565, -0.8914432502558534, 0.5286482782528061]",29.06951231586914,2.1126793544796088
"[0.2570201807189569, 0.6533589050294929, -0.8914442176645959, 0.5286472815119553]",29.069557520237236,2.1127421869610052
"[0.2570134110136529, 0.6533593171413886, -0.8914451851406511, 0.5286462846298877]",29.06960272219426,2.112805019442402
"[0.2570066415845909, 0.6533597293150973, -0.8914461526475311, 0.5286452876442017]",29.069647928892852,2.1128678519237987
"[0.25699987158559895, 0.6533601416021343, -0.8914471203061763, 0.5286442904302766]",29.069693132231205,2.1129306844051956
"[0.25699310136124515, 0.6533605539815402, -0.8914480880673459, 0.5286432930388235]",29.069738342326627,2.1129935168865916
"[0.2569863325783194, 0.6533609663517647, -0.8914490556927623, 0.5286422957154362]",29.06978354938701,2.1130563493679886
"[0.2569795618786614, 0.6533613789174095, -0.8914500236624932, 0.5286412979652904]",29.069828761375007,2.113119181849385
"[0.2569727920341067, 0.6533617915095734, -0.8914509915802802, 0.5286403001968406]",29.069873971631047,2.1131820143307816
"[0.2569660218394874, 0.6533622042017196, -0.8914519596184204, 0.5286393022324488]",29.069919184136324,2.1132448468121785
"[0.2569592515284741, 0.6533626169796017, -0.8914529277435086, 0.5286383041065544]",29.069964395510937,2.113307679293575
"[0.2569524814708724, 0.6533630298206728, -0.8914538959026599, 0.5286373058736753]",29.070009613330665,2.1133705117749715
"[0.2569457119645178, 0.6533634427067556, -0.8914548640532676, 0.5286363075777503]",29.07005482880705,2.113433344256368
"[0.2569389404262594, 0.6533638557954284, -0.891455832564785, 0.5286353088377915]",29.07010004453342,2.113496176737765
"[0.25693216941115893, 0.6533642689308489, -0.8914568010717917, 0.5286343100305966]",29.070145265281763,2.1135590092191614
"[0.25692539837648576, 0.6533646821461235, -0.8914577696519086, 0.5286333110761179]",29.070190484038193,2.113621841700558
"[0.2569186274135413, 0.653365095435677, -0.8914587382920725, 0.5286323119878266]",29.070235702991994,2.113684674181955
"[0.2569118567665723, 0.6533655087845962, -0.8914597069573331, 0.5286313128017696]",29.070280926172988,2.113747506663351
"[0.25690508583957405, 0.653365922229266, -0.891460675732958, 0.5286303134299895]",29.07032614771183,2.113810339144748
"[0.256898314651595, 0.6533663357685324, -0.8914616446162275, 0.5286293138752766]",29.0703713724965,2.1138731716261447
"[0.25689154314714446, 0.6533667494057974, -0.8914626136150887, 0.5286283141294145]",29.07041659532117,2.113936004107541
"[0.25688477154824296, 0.6533671631274945, -0.8914635826977765, 0.5286273142251797]",29.070461824095915,2.1139988365889377
"[0.2568779996855622, 0.6533675769439881, -0.8914645518885245, 0.5286263141375392]",29.070507051545842,2.114061669070334
"[0.25687122827319947, 0.6533679908116341, -0.8914655210851271, 0.5286253139719589]",29.070552280654493,2.114124501551731
"[0.25686445593484747, 0.6533684048145758, -0.8914664904845802, 0.5286243135251154]",29.070597508756286,2.1141873340331276
"[0.25685768341289883, 0.653368818907393, -0.8914674599806365, 0.5286233129067095]",29.070642740438903,2.114250166514524
"[0.25685091248321257, 0.6533692329815434, -0.8914684293190498, 0.5286223123790812]",29.070687972642208,2.114312998995921
"[0.25684414044225695, 0.6533696472023174, -0.8914693988868565, 0.5286213115427898]",29.07073320656486,2.114375831477317
"[0.25683736828588344, 0.6533700615088374, -0.8914703685414939, 0.5286203105449526]",29.07077844032338,2.114438663958714
"[0.25683059632354044, 0.6533704758821751, -0.8914713382386507, 0.5286193094313025]",29.070823674550933,2.1145014964401105
"[0.25682382354211364, 0.6533708903843223, -0.891472308123406, 0.5286183080520593]",29.07086891316422,2.114564328921507
"[0.2568170506494379, 0.6533713049719572, -0.8914732780944097, 0.5286173065118678]",29.070914151161304,2.114627161402904
"[0.25681027875163237, 0.6533717195773882, -0.8914742479932319, 0.5286163049742795]",29.070959389178025,2.1146899938843005
"[0.25680350529641177, 0.6533721343568755, -0.8914752181854293, 0.528615303061814]",29.07100462923315,2.114752826365697
"[0.256796731950701, 0.6533725492083652, -0.891476188432261, 0.528614301020994]",29.071049871631534,2.1148156588470934
"[0.2567899591164399, 0.653372964107231, -0.8914771586761394, 0.5286132989112944]",29.071095112820196,2.1148784913284904
"[0.2567831865790792, 0.6533733790666004, -0.8914781289477851, 0.5286122967009955]",29.07114035771594,2.114941323809887
"[0.2567764138401426, 0.6533737941170142, -0.891479099318609, 0.5286112943163316]",29.071185602554465,2.1150041562912834
"[0.25676963980206713, 0.6533742093257602, -0.8914800699458874, 0.5286102915948075]",29.071230848677146,2.1150669887726803
"[0.25676286647398106, 0.6533746245696999, -0.8914810405417462, 0.5286092888338028]",29.071276095806507,2.115129821254077
"[0.25675609225081236, 0.653375039947236, -0.891482011336188, 0.5286082857956844]",29.07132134438712,2.1151926537354733
"[0.2567493190245546, 0.653375455342356, -0.8914829820580727, 0.5286072827605925]",29.07136659401632,2.1152554862168698
"[0.2567425456802928, 0.6533758708234221, -0.8914839528671714, 0.5286062795634449]",29.071411844254317,2.1153183186982667
"[0.2567357714875223, 0.6533762864352546, -0.8914849238681997, 0.5286052760960201]",29.071457096277946,2.115381151179663
"[0.2567289974626723, 0.6533767021155116, -0.8914858949154716, 0.5286042725088493]",29.071502348327595,2.1154439836610597
"[0.2567222234203802, 0.6533771178755617, -0.891486866035555, 0.5286032687744766]",29.071547605368103,2.1155068161424566
"[0.25671544877371033, 0.6533775337514398, -0.8914878373126001, 0.5286022648059097]",29.071592859936132,2.1155696486238527
"[0.25670867428464583, 0.6533779496963772, -0.8914888086373658, 0.5286012607160531]",29.071638117533077,2.1156324811052496
"[0.2567019003053195, 0.6533783656887421, -0.8914897799593516, 0.5286002565571162]",29.07168337226681,2.115695313586646
"[0.25669512627115904, 0.6533787817632033, -0.891490751359503, 0.528599252245412]",29.07172863252905,2.1157581460680426
"[0.25668835144454477, 0.6533791979650622, -0.8914917229436051, 0.5285982476715753]",29.071773892470105,2.1158209785494395
"[0.25668157619244386, 0.6533796142718141, -0.8914926946590483, 0.5285972428899547]",29.07181915463907,2.115883811030836
"[0.2566748015474612, 0.6533800306200084, -0.8914936663577296, 0.5285962380536885]",29.071864415896414,2.1159466435122325
"[0.25666802626021057, 0.6533804470864081, -0.8914946382188506, 0.5285952329774855]",29.07190967896495,2.116009475993629
"[0.25666125151620334, 0.6533808635981667, -0.8914956100723567, 0.5285942278371739]",29.071954944140675,2.116072308475026
"[0.2566544761804775, 0.653381280225046, -0.8914965820810606, 0.5285932224643801]",29.07200021026752,2.1161351409564224
"[0.2566477007419728, 0.6533816969370013, -0.8914975541748258, 0.5285922169316198]",29.07204547706608,2.116197973437819
"[0.25664092503904173, 0.6533821137439786, -0.891498526376849, 0.5285912112148904]",29.072090746106348,2.116260805919216
"[0.25663414929123196, 0.6533825306324784, -0.8914994986556305, 0.5285902053467655]",29.072136013447068,2.1163236384006123
"[0.2566273738513177, 0.6533829475807882, -0.8915004709605432, 0.5285891993796237]",29.07218128537344,2.116386470882009
"[0.2566205982130635, 0.6533833646200604, -0.8915014433642311, 0.5285881932383008]",29.072226557455487,2.1164493033634053
"[0.2566138227165783, 0.6533837817293658, -0.8915024158178815, 0.5285871869732913]",29.072271830411214,2.1165121358448022
"[0.25660704635024884, 0.6533841989709852, -0.8915033884666965, 0.5285861804343397]",29.072317104279954,2.1165749683261987
"[0.2566002698404458, 0.6533846163002133, -0.8915043612064287, 0.5285851737292995]",29.072362377766115,2.1166378008075952
"[0.25659349455822716, 0.6533850336326167, -0.8915053338402493, 0.5285841670618567]",29.072407654111103,2.116700633288992
"[0.2565867184733798, 0.6533854510931884, -0.8915063066596025, 0.5285831601304404]",29.072452932938358,2.116763465770388
"[0.2565799411525888, 0.6533858687087147, -0.8915072797267233, 0.5285821528705218]",29.07249821168388,2.116826298251785
"[0.2565731645396013, 0.6533862863593995, -0.8915082527625429, 0.5285811455710054]",29.072543492097463,2.1168891307331816
"[0.2565663877805742, 0.6533867040978704, -0.8915092258896505, 0.5285801381049701]",29.07258877410286,2.116951963214578
"[0.25655961204428, 0.6533871218520657, -0.891510198940198, 0.5285791306461954]",29.072634054878165,2.117014795695975
"[0.25655283529887907, 0.653387539747252, -0.8915111722059715, 0.5285781228925784]",29.072679336631218,2.1170776281773716
"[0.256546057596488, 0.6533879577802433, -0.8915121456795145, 0.5285771148518116]",29.072724620411318,2.117140460658768
"[0.2565392803111293, 0.6533883758663137, -0.8915131191634844, 0.5285761067282158]",29.0727699068543,2.1172032931401645
"[0.25653250269190137, 0.6533887940517827, -0.8915140927657366, 0.5285750984100961]",29.072815194648737,2.1172661256215615
"[0.25652572504749377, 0.6533892123176039, -0.891515066441931, 0.5285740899433702]",29.07286048472442,2.117328958102958
"[0.2565189485438694, 0.6533896305918069, -0.8915160400245463, 0.5285730815015526]",29.072905772632257,2.1173917905843544
"[0.2565121711519666, 0.6533900489996294, -0.891517013805093, 0.5285720727826944]",29.07295106125372,2.1174546230657514
"[0.2565053932883191, 0.6533904675153802, -0.8915179877237415, 0.5285710638487439]",29.07299635548416,2.117517455547148
"[0.2564986149317195, 0.6533908861403835, -0.8915189617835523, 0.5285700546965121]",29.073041646624134,2.1175802880285444
"[0.2564918373541042, 0.6533913047960815, -0.8915199358017402, 0.5285690455153679]",29.07308694055889,2.117643120509941
"[0.25648505979488134, 0.653391723529445, -0.8915209098875957, 0.5285680361920789]",29.07313223579397,2.117705952991338
"[0.2564782813936284, 0.65339214239364, -0.8915218841647928, 0.5285670265984885]",29.073177534071228,2.1177687854727343
"[0.2564715031085573, 0.6533925613294745, -0.8915228584956135, 0.52856601687728]",29.0732228285763,2.1178316179541308
"[0.256464725202359, 0.6533929803207006, -0.8915238328422884, 0.528565007067602]",29.07326812638792,2.1178944504355277
"[0.2564579461854251, 0.6533933994594157, -0.8915248074189623, 0.5285639969474961]",29.073313425530415,2.1179572829169238
"[0.25645116753186836, 0.6533938186545197, -0.8915257820137195, 0.5285629867365509]",29.073358727539656,2.1180201153983207
"[0.2564443883742277, 0.6533942379595664, -0.8915267567512848, 0.528561976305598]",29.073404028560596,2.1180829478797176
"[0.256437610568656, 0.6533946572598274, -0.8915277313647504, 0.5285609659312035]",29.073449333124206,2.1181457803611137
"[0.2564308314398277, 0.6533950767207763, -0.8915287062388136, 0.5285599552145911]",29.073494636354773,2.1182086128425106
"[0.2564240529507026, 0.6533954962209673, -0.8915296810911996, 0.5285589444483964]",29.073539942791687,2.118271445323907
"[0.2564172741231944, 0.6533959158209222, -0.8915306560625659, 0.5285579334867837]",29.073585248114007,2.1183342778053036
"[0.25641049392289433, 0.6533963355847033, -0.8915316313017108, 0.5285569221754243]",29.07363055751008,2.1183971102867005
"[0.2564037144965366, 0.6533967553794134, -0.8915326064998641, 0.5285559108344969]",29.073675864556545,2.118459942768097
"[0.25639693531978447, 0.6533971752375037, -0.8915335817324317, 0.5285548993858111]",29.07372117452998,2.118522775249494
"[0.25639015569406554, 0.6533975952022419, -0.891534557099909, 0.5285538877251312]",29.073766487308962,2.11858560773089
"[0.2563833762602573, 0.6533980152339406, -0.8915355325100963, 0.5285528759480691]",29.07381179970943,2.118648440212287
"[0.2563765964359493, 0.6533984353686645, -0.8915365080467919, 0.5285518639677228]",29.073857111738775,2.1187112726936834
"[0.2563698158120453, 0.6533988556318083, -0.8915374837688748, 0.528550851722959]",29.073902426357233,2.11877410517508
"[0.256363036386309, 0.6533992758995368, -0.8915384593888619, 0.5285498395120326]",29.073947744923615,2.118836937656477
"[0.2563562565198611, 0.6533996962734323, -0.8915394351425883, 0.5285488270902702]",29.073993058856335,2.1188997701378733
"[0.2563494764510003, 0.6534001167387303, -0.8915404109957671, 0.5285478144932332]",29.074038378343527,2.11896260261927
"[0.25634269623566147, 0.6534005372919891, -0.8915413869403489, 0.5285468017292341]",29.074083695629156,2.1190254351006663
"[0.25633591535784855, 0.6534009579651655, -0.891542363050621, 0.5285457887212478]",29.07412901665491,2.1190882675820633
"[0.25632913438011645, 0.6534013787234352, -0.8915433392456089, 0.5285447755532099]",29.074174337394172,2.1191511000634597
"[0.256322354375707, 0.653401799500168, -0.8915443153707938, 0.5285437623855268]",29.074219663960452,2.1192139325448562
"[0.2563155728875408, 0.653402220447879, -0.891545291779928, 0.5285427488509862]",29.074264988227654,2.119276765026253
"[0.25630879266013246, 0.6534026413961614, -0.8915462680778585, 0.5285417353598236]",29.074310311883277,2.119339597507649
"[0.2563020111971773, 0.6534030625000496, -0.8915472446240265, 0.5285407215388304]",29.074355637714692,2.119402429989046
"[0.2562952300731724, 0.6534034836617683, -0.8915482211917127, 0.528539707623385]",29.074400965992933,2.1194652624704426
"[0.2562884485780729, 0.6534039049254123, -0.8915491978831728, 0.5285386935073233]",29.0744462950298,2.119528094951839
"[0.2562816673383126, 0.6534043262520806, -0.891550174608184, 0.5285376792843034]",29.074491625190596,2.119590927433236
"[0.2562748861062215, 0.6534047476571567, -0.8915511514024134, 0.528536664917287]",29.07453695468564,2.1196537599146326
"[0.25626810483019213, 0.6534051691438312, -0.8915521282732937, 0.5285356503985719]",29.074582288532238,2.1197165923960295
"[0.2562613229816282, 0.6534055907449854, -0.8915531052969787, 0.5285346356490335]",29.07462761919817,2.1197794248774255
"[0.2562545415173899, 0.6534060124011346, -0.8915540823356191, 0.5285336208118392]",29.074672954016737,2.1198422573588225
"[0.25624775924222526, 0.6534064341866038, -0.8915550595614258, 0.5285326057081053]",29.074718288366263,2.119905089840219
"[0.25624097663883133, 0.6534068560713943, -0.8915560369048645, 0.5285315904100368]",29.074763628159516,2.1199679223216155
"[0.25623419537379816, 0.6534072779518211, -0.8915570141257692, 0.5285305751671417]",29.07480896398429,2.1200307548030124
"[0.25622741273306415, 0.6534076999967431, -0.8915579916152506, 0.5285295595730736]",29.07485430285799,2.120093587284409
"[0.25622063083377783, 0.6534081220744176, -0.8915589690682021, 0.5285285439448384]",29.074899642905137,2.1201564197658054
"[0.2562138484022443, 0.6534085442641233, -0.8915599466681897, 0.5285275280916802]",29.07494498547024,2.120219252247202
"[0.25620706592375947, 0.6534089665356566, -0.8915609243452732, 0.5285265120862697]",29.07499032690277,2.120282084728599
"[0.2562002827623269, 0.6534093889286304, -0.8915619021911375, 0.5285254958333045]",29.07503567123362,2.1203449172099953
"[0.2561935000736374, 0.6534098113710768, -0.8915628800391829, 0.5285244795059273]",29.075081016052483,2.120407749691392
"[0.256186716965084, 0.653410233918594, -0.8915638580180916, 0.5285234629703793]",29.075126360782825,2.1204705821727887
"[0.25617993429733066, 0.6534106565175625, -0.8915648360037723, 0.5285224463556466]",29.075171709381014,2.1205334146541848
"[0.2561731504010989, 0.6534110792720036, -0.891565814236926, 0.5285214294114987]",29.075217059176286,2.1205962471355817
"[0.25616636700298173, 0.6534115020743372, -0.8915667924685888, 0.5285204123967305]",29.07526240851818,2.120659079616978
"[0.25615958475125133, 0.6534119248841197, -0.8915677706052464, 0.5285193954085953]",29.075307757520143,2.120721912098375
"[0.2561528002964948, 0.6534123479101772, -0.8915687491299649, 0.5285183779448124]",29.075353110856515,2.1207847445797716
"[0.25614601642655827, 0.6534127709787138, -0.8915697276406749, 0.5285173604234147]",29.075398462819468,2.120847577061168
"[0.2561392332122716, 0.6534131940852848, -0.8915707061271393, 0.5285163428550692]",29.075443816760238,2.120910409542565
"[0.2561324498583162, 0.6534136172795321, -0.8915716847040699, 0.5285153251204285]",29.075489172766922,2.120973242023961
"[0.25612566530967373, 0.6534140406271802, -0.8915726635236938, 0.5285143070613045]",29.075534529037764,2.121036074505358
"[0.25611888109098135, 0.653414464033225, -0.8915736423660501, 0.528513288906302]",29.075579886763627,2.1210989069867545
"[0.2561120966506695, 0.6534148875320499, -0.89157462131072, 0.5285122705726907]",29.075625246953212,2.121161739468151
"[0.25610531307982554, 0.6534153110555342, -0.891575600200256, 0.5285112522242603]",29.075670605421436,2.121224571949548
"[0.25609852840602176, 0.6534157347268319, -0.891576579319286, 0.5285102335648947]",29.075715966273403,2.1212874044309444
"[0.25609174389632305, 0.6534161584668289, -0.891577558484969, 0.528509214784809]",29.07576132876843,2.121350236912341
"[0.2560849592456331, 0.6534165822945865, -0.8915785377413341, 0.5285081958381784]",29.07580669283466,2.1214130693937374
"[0.2560781743030182, 0.6534170062195399, -0.8915795171101715, 0.5285071767023193]",29.07585205697531,2.1214759018751344
"[0.2560713901948141, 0.6534174301713047, -0.8915804964288906, 0.5285061575464289]",29.075897422685493,2.121538734356531
"[0.2560646049361173, 0.6534178542739271, -0.8915814759840244, 0.5285051380723075]",29.075942790302555,2.1216015668379273
"[0.25605781984125286, 0.6534182784452749, -0.8915824555858424, 0.528504118477394]",29.075988158967082,2.1216643993193243
"[0.25605103439688043, 0.6534187027174412, -0.8915834353084602, 0.528503098684542]",29.07603352637291,2.1217272318007203
"[0.2560442490626271, 0.6534191270616887, -0.8915844150855156, 0.5285020787628214]",29.07607889726261,2.1217900642821172
"[0.25603746398691046, 0.6534195514687319, -0.8915853948955703, 0.5285010587345459]",29.07612426828265,2.1218528967635137
"[0.2560306779593856, 0.6534199760142957, -0.8915863749134134, 0.528500038417727]",29.076169642753666,2.1219157292449107
"[0.25602389217662735, 0.653420400623519, -0.8915873549662494, 0.5284990179922674]",29.076215016145955,2.121978561726307
"[0.25601710711675635, 0.6534208252664778, -0.8915883349850067, 0.5284979975300793]",29.076260389842044,2.1220413942077037
"[0.25601032088991377, 0.6534212500614551, -0.8915893152426575, 0.5284969767469158]",29.076305765493125,2.1221042266891006
"[0.25600353553577343, 0.6534216748807758, -0.8915902954445768, 0.5284959559495758]",29.07635114338142,2.122167059170497
"[0.2559967487694372, 0.653422099867505, -0.8915912759208439, 0.5284949347942927]",29.076396521398085,2.1222298916518936
"[0.2559899623937786, 0.653422524908764, -0.8915922564110139, 0.5284939135522968]",29.07644190306284,2.1222927241332905
"[0.255983176622115, 0.6534229499911741, -0.8915932368842486, 0.528492892255718]",29.076487282979834,2.1223555566146866
"[0.25597638959441676, 0.6534233752312717, -0.891594217609311, 0.528491870624579]",29.076532664512825,2.1224183890960835
"[0.2559696029610263, 0.6534238005256534, -0.8915951983477391, 0.528490848907291]",29.07657804883745,2.12248122157748
"[0.25596281659824466, 0.6534242258820754, -0.8915961791173951, 0.5284898270852281]",29.076623431732166,2.1225440540588765
"[0.25595602955509006, 0.6534246513601413, -0.8915971600557202, 0.5284888050151968]",29.07666881921046,2.1226068865402734
"[0.25594924323155377, 0.6534250768721012, -0.891598140960369, 0.5284877829080014]",29.076714204337954,2.12266971902167
"[0.25594245603176125, 0.6534255025179865, -0.8915991220620131, 0.5284867605233179]",29.07675959134698,2.1227325515030664
"[0.2559356684765085, 0.65342592826519, -0.8916001032853862, 0.5284857379395131]",29.076804980461635,2.122795383984463
"[0.2559288816017901, 0.6534263540487134, -0.891601084480716, 0.5284847153126856]",29.076850371276972,2.12285821646586
"[0.2559220944582986, 0.6534267799281054, -0.8916020657852377, 0.5284836924998061]",29.076895761838138,2.1229210489472563
"[0.255915307092234, 0.6534272059004745, -0.8916030471922769, 0.5284826695078193]",29.076941154346763,2.122983881428653
"[0.25590851927229574, 0.6534276319803513, -0.8916040287352869, 0.528481646301835]",29.076986550025623,2.1230467139100497
"[0.2559017316299484, 0.6534280581281096, -0.8916050103229569, 0.5284806229770208]",29.077031943606492,2.1231095463914462
"[0.2558949441211656, 0.6534284843464777, -0.8916059919616491, 0.5284795995267828]",29.077077335375204,2.1231723788728427
"[0.25588815585184865, 0.65342891069164, -0.8916069737806772, 0.5284785758162461]",29.07712273622543,2.123235211354239
"[0.25588136801281797, 0.6534293370888068, -0.8916079556078113, 0.5284775520249847]",29.07716813510854,2.123298043835636
"[0.2558745794502536, 0.653429763610477, -0.8916089376099463, 0.5284765279789414]",29.07721353510871,2.1233608763170326
"[0.2558677918715432, 0.6534301901493197, -0.8916099195400975, 0.5284755039357437]",29.077258934126856,2.123423708798429
"[0.2558610028423815, 0.6534306168583814, -0.8916109017504259, 0.5284744795280296]",29.077304336463747,2.123486541279826
"[0.2558542144019972, 0.6534310436094529, -0.8916118839459191, 0.5284734550635357]",29.07734973896788,2.123549373761222
"[0.2558474257485569, 0.6534314704529732, -0.8916128662425805, 0.5284724304212162]",29.077395142214275,2.123612206242619
"[0.2558406366085693, 0.6534318974061306, -0.8916138486799934, 0.5284714055597907]",29.077440547919014,2.1236750387240155
"[0.25583384833293654, 0.6534323243839709, -0.8916148310626646, 0.5284703806831847]",29.07748595469785,2.123737871205412
"[0.25582705998002897, 0.6534327514457056, -0.8916158135268499, 0.5284693556492598]",29.077531361884603,2.123800703686809
"[0.25582027012560793, 0.6534331786809617, -0.891616796278699, 0.5284683302429029]",29.077576770180844,2.1238635361682054
"[0.25581348084642974, 0.6534336059590793, -0.8916177790176381, 0.5284673047777149]",29.07762217743982,2.123926368649602
"[0.25580669121394595, 0.6534340333384914, -0.8916187618780677, 0.5284662791134516]",29.07766758909105,2.1239892011309984
"[0.25579990227181837, 0.6534344607535015, -0.8916197447089004, 0.5284652534077741]",29.077713002913217,2.1240520336123954
"[0.25579311254060183, 0.653434888297252, -0.891620727724315, 0.5284642274371562]",29.07775841539334,2.124114866093792
"[0.2557863235615083, 0.653435315872694, -0.8916217107011729, 0.5284632014344811]",29.077803828881382,2.1241776985751883
"[0.25577953290557703, 0.6534357436328205, -0.8916226939911759, 0.5284621750326342]",29.07784924609088,2.1242405310565853
"[0.25577274342302886, 0.6534361713981001, -0.8916236771816172, 0.5284611486624003]",29.07789466408859,2.1243033635379818
"[0.2557659533219713, 0.6534365992814162, -0.8916246605319705, 0.5284601220529178]",29.07794007998682,2.1243661960193783
"[0.2557591633842257, 0.6534370272335104, -0.8916256439290169, 0.5284590953223725]",29.077985499706596,2.1244290285007748
"[0.2557523727993356, 0.6534374553054753, -0.8916266274901411, 0.5284580683481899]",29.078030920714927,2.1244918609821717
"[0.25574558332085207, 0.6534378833867607, -0.8916276109613466, 0.5284570413955788]",29.07807634178384,2.124554693463568
"[0.25573879216757045, 0.653438311652723, -0.8916285947455042, 0.5284560140438556]",29.078121763481846,2.1246175259449647
"[0.2557320021222492, 0.6534387399279123, -0.891629578439501, 0.528454986713935]",29.078167187018458,2.1246803584263616
"[0.25572521162154965, 0.653439168310871, -0.8916305622698137, 0.5284539591693669]",29.07821261372777,2.1247431909077577
"[0.255718420414832, 0.6534395968174811, -0.891631546272769, 0.5284529313721209]",29.078258037722208,2.1248060233891546
"[0.255711628975609, 0.6534400254178717, -0.8916325303797702, 0.5284519033938392]",29.078303465873482,2.124868855870551
"[0.2557048387127213, 0.6534404540230905, -0.8916335143866564, 0.5284508754478267]",29.078348896099786,2.1249316883519476
"[0.25569804830288484, 0.6534408827166648, -0.8916344984851704, 0.5284498473337648]",29.078394324210592,2.1249945208333445
"[0.255691256125999, 0.6534413116009115, -0.8916354829101324, 0.5284488188062905]",29.078439754316896,2.125057353314741
"[0.2556844649422907, 0.653441740501548, -0.891636467261499, 0.5284477902833573]",29.078485186031408,2.1251201857961375
"[0.2556776738837257, 0.653442169473375, -0.8916374516650681, 0.528446761633536]",29.07853061938434,2.125183018277534
"[0.25567088169069496, 0.6534425985959754, -0.8916384363034409, 0.5284457326659961]",29.07857605358828,2.125245850758931
"[0.2556640903056691, 0.6534430277466335, -0.8916394208950286, 0.5284447036749925]",29.07862148781833,2.1253086832403274
"[0.25565729803044734, 0.6534434570326596, -0.8916404056860283, 0.5284436744032192]",29.078666923944677,2.125371515721724
"[0.25565050606210693, 0.6534438863784059, -0.8916413905028875, 0.5284426450320535]",29.07871236220212,2.125434348203121
"[0.2556437143893021, 0.653444315784579, -0.8916423753472396, 0.5284416155597924]",29.078757801099957,2.1254971806845173
"[0.2556369213713798, 0.6534447453549278, -0.8916433604570057, 0.5284405857377116]",29.078803240372803,2.125560013165914
"[0.25563012949172387, 0.6534451749324145, -0.8916443454720516, 0.5284395559422809]",29.07884868342374,2.1256228456473103
"[0.2556233370463004, 0.6534456046248067, -0.8916453306394996, 0.5284385259151475]",29.078894126112925,2.1256856781287072
"[0.2556165442942135, 0.65344603441573, -0.8916463159217811, 0.5284374956955703]",29.078939568943984,2.1257485106101037
"[0.2556097520206041, 0.6534464642555037, -0.8916473012050068, 0.5284364654026291]",29.07898501211553,2.1258113430915
"[0.25560295915213727, 0.653446894212047, -0.8916482866448745, 0.5284354348735159]",29.079030458850568,2.125874175572897
"[0.25559616623289233, 0.6534473242509402, -0.8916492721624621, 0.5284344041907396]",29.079075904971226,2.125937008054293
"[0.2555893732868791, 0.6534477543706656, -0.8916502577542855, 0.5284333733579357]",29.079121353839298,2.12599984053569
"[0.25558258098583075, 0.6534481845286758, -0.8916512433228712, 0.528432342477061]",29.079166800756298,2.126062673017087
"[0.2555757873910451, 0.6534486148477625, -0.8916522291495338, 0.5284313112538482]",29.079212251334255,2.126125505498483
"[0.25556899348882134, 0.6534490452654782, -0.8916532150911737, 0.5284302798379573]",29.07925770334848,2.12618833797988
"[0.25556220059518087, 0.6534494756984355, -0.8916542009567937, 0.5284292484292006]",29.07930315757584,2.1262511704612765
"[0.25555540606855176, 0.6534499063140398, -0.8916551871297786, 0.528428216626454]",29.07934861100985,2.126314002942673
"[0.25554861323363925, 0.6534503369015575, -0.8916561731275706, 0.5284271849346275]",29.079394065660725,2.12637683542407
"[0.25554181889978245, 0.6534507676632456, -0.891657159413297, 0.5284261528691165]",29.079439520618834,2.1264396679054665
"[0.2555350256973543, 0.6534511984323546, -0.8916581456051277, 0.52842512082945]",29.07948497707517,2.1265025003868634
"[0.25552823141484393, 0.6534516293491135, -0.8916591320241133, 0.5284240884796554]",29.079530434963413,2.1265653328682594
"[0.25552143638544234, 0.65345206039242, -0.8916601186219051, 0.5284230558702991]",29.079575896259072,2.1266281653496564
"[0.2555146431335506, 0.6534524914021215, -0.8916611050319577, 0.5284220233850314]",29.079621355953666,2.126690997831053
"[0.25550784875189503, 0.6534529225626633, -0.8916620916764081, 0.5284209905820026]",29.079666819139145,2.1267538303124494
"[0.25550105442601917, 0.6534533537988322, -0.8916630783831111, 0.5284199576413864]",29.079712280298814,2.1268166627938463
"[0.2554942593788698, 0.6534537851599589, -0.8916640652649244, 0.5284189244450234]",29.07975774568108,2.126879495275243
"[0.2554874652915421, 0.6534542165393182, -0.8916650520776862, 0.5284178912485331]",29.079803211933708,2.1269423277566393
"[0.2554806702177163, 0.6534546480604927, -0.8916660391040896, 0.528416857755925]",29.07984867811249,2.1270051602380358
"[0.255473875767363, 0.6534550796212467, -0.8916670261102806, 0.5284158242120515]",29.079894144070234,2.1270679927194327
"[0.25546707937814317, 0.6534555113843472, -0.8916680134684992, 0.5284147902271039]",29.07993961520675,2.127130825200829
"[0.25546028404343873, 0.6534559431596547, -0.8916690007438878, 0.5284137562564434]",29.079985086141086,2.1271936576822257
"[0.255453488858119, 0.6534563750046563, -0.8916699880679296, 0.5284127221623866]",29.08003055423611,2.1272564901636226
"[0.2554466942671616, 0.6534568068910618, -0.8916709753759566, 0.5284116880126685]",29.080076027355663,2.1273193226450187
"[0.2554398979910852, 0.6534572389637707, -0.891671962999211, 0.5284106534603226]",29.08012149986468,2.1273821551264156
"[0.2554331026444318, 0.6534576710565904, -0.8916729505577604, 0.5284096189032992]",29.080166974631048,2.127444987607812
"[0.2554263062860387, 0.6534581032929513, -0.8916739383337112, 0.5284085840460633]",29.080212451815957,2.127507820089209
"[0.2554195105630366, 0.6534585355680989, -0.8916749260876752, 0.5284075491394102]",29.080257928747642,2.1275706525706055
"[0.2554127148833929, 0.6534589679196845, -0.8916759139056903, 0.528406514093194]",29.08030340752358,2.127633485052002
"[0.25540591898286275, 0.6534594003645229, -0.8916769018261687, 0.5284054788671582]",29.080348882543085,2.127696317533399
"[0.2553991228800616, 0.6534598329014374, -0.8916778898464075, 0.5284044434641213]",29.080394365797858,2.127759150014795
"[0.2553923262836105, 0.6534602655489826, -0.891678878008777, 0.528403407839668]",29.080439846731995,2.127821982496192
"[0.25538553015055576, 0.653460698246238, -0.8916798661741299, 0.5284023721396208]",29.080485329870086,2.1278848149775884
"[0.2553787332540034, 0.6534611310713458, -0.8916808545208579, 0.5284013361769659]",29.08053081342219,2.127947647458985
"[0.25537193678524356, 0.6534615639483812, -0.8916818428757436, 0.5284003001333476]",29.080576299567667,2.128010479940382
"[0.25536513927564297, 0.6534619969709669, -0.8916828314523588, 0.528399263784777]",29.080621785625606,2.1280733124217783
"[0.25535834230755283, 0.6534624300382758, -0.8916838200205871, 0.5283982273725226]",29.080667275272955,2.128136144903175
"[0.2553515457916481, 0.6534628631559946, -0.8916848085934019, 0.5283971908829777]",29.080712758183022,2.1281989773845713
"[0.2553447488070861, 0.6534632963828011, -0.8916857973047411, 0.5283961541757116]",29.080758247419492,2.1282618098659682
"[0.2553379518627367, 0.6534637296862682, -0.8916867860805874, 0.5283951173283231]",29.080803741265346,2.1283246423473647
"[0.2553311531918658, 0.6534641631790546, -0.8916877751779776, 0.5283940800712458]",29.08084923315786,2.1283874748287612
"[0.2553243559916909, 0.6534645966573049, -0.8916887641317698, 0.5283930428922599]",29.08089472684653,2.128450307310158
"[0.2553175584499799, 0.6534650302365812, -0.8916897532056131, 0.52839200551486]",29.080940221805534,2.128513139791554
"[0.25531076076679426, 0.6534654639040981, -0.8916907423704048, 0.5283909679695985]",29.080985717150195,2.128575972272951
"[0.2553039626335897, 0.653465897679584, -0.8916917316710485, 0.5283899302093171]",29.08103121281662,2.1286388047543476
"[0.2552971650293146, 0.65346633150056, -0.8916927209650789, 0.5283888923834712]",29.08107670978774,2.1287016372357446
"[0.2552903662748523, 0.6534667654741995, -0.8916937104968754, 0.5283878542356749]",29.081122208715716,2.128764469717141
"[0.25528356844860267, 0.6534671994678384, -0.8916946999639358, 0.5283868160832847]",29.081167710692316,2.1288273021985376
"[0.2552767708420985, 0.6534676335266871, -0.8916956894693626, 0.5283857778181373]",29.081213209599653,2.1288901346799345
"[0.25526997128675544, 0.6534680677892545, -0.8916966793288538, 0.5283847391089396]",29.081258713010136,2.1289529671613305
"[0.25526317288039146, 0.6534685020576918, -0.8916976690914494, 0.5283837004289097]",29.08130421511977,2.1290157996427275
"[0.2552563746200353, 0.6534689363960611, -0.8916986589031461, 0.5283826616248274]",29.081349722421965,2.129078632124124
"[0.2552495760061836, 0.6534693708362745, -0.891699648836672, 0.5283816226203626]",29.081395227679685,2.1291414646055205
"[0.2552427770351243, 0.6534698053785861, -0.8917006388925758, 0.5283805834149164]",29.08144073214762,2.1292042970869174
"[0.2552359771625093, 0.6534702400578049, -0.8917016291501424, 0.5283795439252466]",29.08148624065441,2.129267129568314
"[0.25522917864165495, 0.6534706747298568, -0.8917026192812171, 0.5283785044958567]",29.081531750706002,2.1293299620497104
"[0.25522237843105006, 0.6534711095892539, -0.8917036097287621, 0.5283774646616599]",29.081577261936545,2.129392794531107
"[0.2552155800367916, 0.6534715444117498, -0.8917045999821148, 0.528376424958827]",29.08162277293575,2.129455627012504
"[0.25520878045301404, 0.653471979389609, -0.8917055904790966, 0.5283753849276501]",29.08166828556437,2.1295184594939003
"[0.2552019815802329, 0.6534724144012555, -0.8917065809428635, 0.5283743448588117]",29.081713798790073,2.1295812919752968
"[0.25519518047957884, 0.6534728496347516, -0.8917075718015741, 0.5283733043026826]",29.081759316083605,2.1296441244566937
"[0.25518838088291035, 0.6534732848512917, -0.8917085625115392, 0.5283722638302033]",29.081804830600802,2.12970695693809
"[0.25518158089161125, 0.6534737201723796, -0.8917095533493696, 0.5283712231508809]",29.08185034556033,2.1297697894194867
"[0.25517478090652923, 0.6534741555723599, -0.891710544256662, 0.5283701823260456]",29.081895867545065,2.129832621900883
"[0.25516798002135005, 0.6534745911092803, -0.8917115353654973, 0.5283691412169418]",29.081941387872494,2.12989545438228
"[0.25516118043238506, 0.6534750266424789, -0.8917125263557942, 0.5283681001597995]",29.081986908741673,2.1299582868636766
"[0.25515437991852447, 0.6534754623142156, -0.8917135175512555, 0.5283670588145656]",29.08203242874215,2.130021119345073
"[0.25514757972771734, 0.6534758980445543, -0.8917145087699948, 0.5283660173723087]",29.08207795134822,2.13008395182647
"[0.25514077802102697, 0.6534763339513456, -0.8917155002800795, 0.5283649755513584]",29.082123477053706,2.130146784307866
"[0.25513397790838993, 0.6534767698352806, -0.8917164916281577, 0.5283639338280628]",29.082169001496997,2.130209616789263
"[0.2551271765254133, 0.6534772058799584, -0.8917174832318066, 0.5283628917636282]",29.08221452916806,2.13027244927066
"[0.2551203756490472, 0.6534776419714902, -0.8917184748319639, 0.5283618496302542]",29.082260056131062,2.130335281752056
"[0.25511357494743836, 0.6534780781310844, -0.8917194664770075, 0.5283608073771812]",29.082305584524345,2.130398114233453
"[0.2551067732578483, 0.6534785144333864, -0.8917204583364882, 0.5283597648261085]",29.082351115797326,2.1304609467148494
"[0.25509997279600033, 0.6534789507362464, -0.8917214500872933, 0.5283587223166809]",29.082396646686945,2.130523779196246
"[0.2550931698356589, 0.6534793872787413, -0.8917224422728579, 0.5283576792776393]",29.08244217915365,2.130586611677643
"[0.2550863690927884, 0.6534798237582569, -0.8917234342053802, 0.5283566364320262]",29.082487711609343,2.1306494441590393
"[0.25507956642702445, 0.6534802604405325, -0.8917244264887512, 0.5283555931449389]",29.082533247024454,2.130712276640436
"[0.2550727650868314, 0.6534806971170442, -0.8917254186491353, 0.528354549914561]",29.082578781847424,2.1307751091218323
"[0.2550659632318849, 0.6534811339059342, -0.8917264109549796, 0.5283535064586363]",29.0826243197164,2.1308379416032293
"[0.25505916017423647, 0.6534815708514113, -0.8917274035066712, 0.5283524626715674]",29.082669858425906,2.1309007740846257
"[0.2550523585720804, 0.6534820077827386, -0.8917283959163786, 0.528351418961207]",29.08271539559557,2.1309636065660222
"[0.25504555657560996, 0.6534824448187507, -0.8917293884539846, 0.5283503750437033]",29.082760937103128,2.131026439047419
"[0.255038753685597, 0.6534828819914841, -0.8917303811923583, 0.5283493308424715]",29.08280647938172,2.1310892715288157
"[0.2550319509870297, 0.6534833192312901, -0.8917313739731716, 0.5283482865239449]",29.08285202329503,2.131152104010212
"[0.25502514863253706, 0.6534837565283198, -0.8917323667741419, 0.5283472421116048]",29.082897565375063,2.1312149364916086
"[0.2550183457044038, 0.6534841939415829, -0.8917333597292106, 0.5283461974645258]",29.082943111587216,2.1312777689730056
"[0.2550115427715895, 0.6534846314345044, -0.8917343527553395, 0.5283451526700573]",29.082988656571697,2.131340601454402
"[0.2550047394699229, 0.6534850690305085, -0.8917353459056895, 0.5283441076722569]",29.083034204487717,2.1314034339357986
"[0.25499793643957924, 0.6534855066884208, -0.8917363390868083, 0.528343062569448]",29.083079752899817,2.1314662664171955
"[0.25499113293355, 0.6534859444563017, -0.8917373324077512, 0.5283420172468649]",29.08312530138723,2.1315290988985915
"[0.2549843303166209, 0.6534863822463282, -0.8917383256692516, 0.5283409719142076]",29.08317085364561,2.1315919313799885
"[0.254977526376697, 0.6534868202008689, -0.8917393191943036, 0.5283399262315358]",29.083216405566212,2.131654763861385
"[0.2549707225477971, 0.6534872582276433, -0.8917403127735266, 0.5283388804191942]",29.08326195865522,2.1317175963427815
"[0.2549639183913951, 0.6534876963548858, -0.8917413064709604, 0.5283378344097692]",29.083307511112043,2.1317804288241784
"[0.25495711450822534, 0.6534881345439029, -0.8917423001988716, 0.5283367882956218]",29.083353070126776,2.131843261305575
"[0.2549503110417076, 0.6534885727854631, -0.8917432939362996, 0.5283357420988012]",29.083398625382685,2.1319060937869714
"[0.2549435073091653, 0.6534890111235329, -0.8917442877829546, 0.5283346957143373]",29.083444182038416,2.131968926268368
"[0.2549367029712971, 0.6534894495799827, -0.8917452817884098, 0.5283336490900206]",29.08348973997473,2.132031758749765
"[0.2549298983970964, 0.6534898881310546, -0.8917462758987735, 0.5283326022825731]",29.083535300234196,2.1320945912311613
"[0.2549230926335542, 0.6534903268381923, -0.8917472702532941, 0.5283315551453377]",29.083580863668452,2.132157423712558
"[0.2549162885123625, 0.65349076551886, -0.8917482644382384, 0.5283305081140035]",29.08362642495143,2.1322202561939547
"[0.25490948424328563, 0.6534912042884364, -0.8917492587151628, 0.5283294609131507]",29.083671988157505,2.132283088675351
"[0.25490267962134927, 0.6534916431601648, -0.8917502531140232, 0.5283284135111934]",29.083717551865067,2.1323459211567477
"[0.25489587417284265, 0.6534920821646183, -0.8917512477040627, 0.5283273658351729]",29.08376311855988,2.132408753638144
"[0.25488906923945615, 0.6534925212152318, -0.8917522422892022, 0.5283263180916508]",29.083808685855185,2.132471586119541
"[0.25488226408238535, 0.6534929603596877, -0.8917532369774143, 0.5283252701668562]",29.083854253733566,2.1325344186009376
"[0.2548754581265739, 0.6534933996351084, -0.8917542318527673, 0.5283242219722053]",29.08389982160771,2.132597251082334
"[0.25486865300404205, 0.6534938389361613, -0.8917552266766947, 0.5283231737590411]",29.083945394235773,2.132660083563731
"[0.25486184778035953, 0.6534942783231427, -0.8917562215857852, 0.5283221253834667]",29.083990965612973,2.132722916045127
"[0.254855042805396, 0.6534947177734692, -0.8917572165288836, 0.5283210768993708]",29.08403653704329,2.132785748526524
"[0.25484823549254965, 0.6534951574542185, -0.8917582118842026, 0.5283200279081447]",29.084082113135675,2.1328485810079205
"[0.25484143038782137, 0.6534955970717616, -0.8917592069870326, 0.5283189791103172]",29.084127688791472,2.132911413489317
"[0.2548346238328905, 0.65349603686241, -0.8917602023723127, 0.5283179299421018]",29.084173263593176,2.132974245970714
"[0.2548278185640869, 0.6534964766493917, -0.8917611976398819, 0.5283168808252345]",29.084218839839536,2.1330370784521104
"[0.25482101187228173, 0.6534969166077416, -0.8917621931859525, 0.528315831342117]",29.084264416812374,2.1330999109335074
"[0.2548142048159792, 0.6534973566691106, -0.8917631888557309, 0.5283147816558457]",29.084309997563807,2.1331627434149034
"[0.2548073987413643, 0.6534977967464478, -0.8917641844522992, 0.5283137319740412]",29.084355578593513,2.1332255758963004
"[0.25480059340313055, 0.6534982368555868, -0.8917651800115122, 0.5283126822589204]",29.084401160221105,2.133288408377697
"[0.2547937846550503, 0.6534986772647063, -0.8917661761399649, 0.5283116318708543]",29.084446743348508,2.1333512408590933
"[0.2547869784115021, 0.653499117591272, -0.8917671719723875, 0.5283105817222132]",29.084492327604682,2.1334140733404903
"[0.2547801709329705, 0.6534995580771854, -0.8917681680558933, 0.5283095312360596]",29.08453791219884,2.1334769058218868
"[0.254773364359545, 0.6534999985839757, -0.8917691640773431, 0.5283084807426249]",29.084583500496045,2.1335397383032833
"[0.25476655734700754, 0.6535004391986282, -0.8917701602334296, 0.5283074300344616]",29.084629087946396,2.1336025707846797
"[0.25475974963749726, 0.6535008799378553, -0.8917711565619045, 0.5283063790717251]",29.08467467569074,2.1336654032660767
"[0.2547529422467982, 0.6535013207358996, -0.8917721529141084, 0.528305328011217]",29.084720266403316,2.133728235747473
"[0.25474613477065833, 0.6535017616189337, -0.8917731493492032, 0.5283042767905238]",29.08476585912674,2.1337910682288697
"[0.2547393270588317, 0.653502202596692, -0.8917741458891839, 0.5283032253864328]",29.084811448930246,2.1338539007102666
"[0.25473251960396914, 0.6535026436372652, -0.8917751424619317, 0.5283021738750243]",29.08485704359632,2.1339167331916626
"[0.25472571072077543, 0.6535030848498569, -0.8917761393141803, 0.5283011219959425]",29.084902638436528,2.1339795656730596
"[0.2547189034836966, 0.6535035260352431, -0.8917771359958103, 0.5283000702241479]",29.084948234433682,2.134042398154456
"[0.2547120944600183, 0.6535039674159042, -0.8917781330094235, 0.5282990180292513]",29.084993829569473,2.1341052306358526
"[0.25470528637885465, 0.6535044088149436, -0.8917791299554191, 0.5282979658329535]",29.085039430737154,2.1341680631172495
"[0.2546984782615617, 0.653504850295804, -0.8917801269770884, 0.5282969134840195]",29.08508502752501,2.134230895598646
"[0.2546916698694082, 0.6535052918739525, -0.8917811241093968, 0.5282958609455581]",29.085130627401117,2.134293728080043
"[0.25468486112584776, 0.6535057335543895, -0.8917821213635612, 0.5282948082056809]",29.085176230207768,2.134356560561439
"[0.25467805120731124, 0.653506175390538, -0.8917831188602294, 0.5282937551370336]",29.085221833221283,2.134419393042836
"[0.25467124304167177, 0.653506617192449, -0.8917841161705238, 0.5282927021923586]",29.085267435315757,2.134482225524233
"[0.25466443433544533, 0.6535070591089248, -0.8917851136303893, 0.5282916490169938]",29.085313041632606,2.134545058005629
"[0.25465762487942123, 0.6535075011535606, -0.8917861112704931, 0.52829059557854]",29.0853586469877,2.134607890487026
"[0.25465081631129927, 0.6535079432200316, -0.8917871088508957, 0.5282895421303652]",29.08540425431427,2.1346707229684223
"[0.254644006910259, 0.6535083854201024, -0.8917881066237233, 0.5282884884061708]",29.085449862331835,2.134733555449819
"[0.25463719709928717, 0.653508827726272, -0.8917891045270169, 0.5282874344714367]",29.085495471675024,2.1347963879312157
"[0.25463038673185073, 0.6535092701481198, -0.8917901025822591, 0.5282863803033923]",29.085541085497365,2.1348592204126122
"[0.2546235777252801, 0.6535097125610604, -0.8917911005084525, 0.5282853261988615]",29.08558669517075,2.1349220528940087
"[0.2546167677173411, 0.6535101551185751, -0.8917920986517976, 0.5282842717921513]",29.085632309331864,2.134984885375405
"[0.2546099565871164, 0.6535105978285516, -0.8917930970300489, 0.5282832170644778]",29.085677921110225,2.135047717856802
"[0.2546031471855595, 0.6535110405056836, -0.8917940952253001, 0.5282821624573231]",29.085723538355683,2.1351105503381986
"[0.2545963370062591, 0.6535114833128878, -0.8917950936049506, 0.5282811075825442]",29.085769155790135,2.135173382819595
"[0.2545895269251139, 0.6535119261932225, -0.8917960920406024, 0.5282800525757906]",29.085814773499965,2.135236215300992
"[0.25458271552275574, 0.6535123692390222, -0.8917970907403663, 0.5282789972171242]",29.085860391165504,2.1352990477823885
"[0.2545759053041149, 0.653512812287351, -0.8917980893369661, 0.5282779418946588]",29.085906010635693,2.135361880263785
"[0.2545690946833347, 0.6535132554413678, -0.8917990880629246, 0.5282768863626655]",29.08595163313372,2.1354247127451815
"[0.2545622839569308, 0.6535136986817868, -0.8918000868747654, 0.5282758306670813]",29.085997254607346,2.1354875452265785
"[0.25455547283863894, 0.6535141420272468, -0.8918010858144761, 0.5282747747635133]",29.08604287807295,2.135550377707975
"[0.2545486614440539, 0.6535145854702348, -0.8918020848651109, 0.528273718669858]",29.086088500287914,2.1356132101893714
"[0.25454184984263895, 0.6535150290062435, -0.8918030840164868, 0.5282726623968581]",29.086134127511116,2.1356760426707684
"[0.2545350393101208, 0.6535154725521716, -0.8918040830814598, 0.5282716061423864]",29.086179753990965,2.1357388751521644
"[0.25452822746686643, 0.6535159162630152, -0.8918050824091098, 0.5282705495373531]",29.086225384485946,2.1358017076335614
"[0.25452141552694846, 0.6535163600597136, -0.8918060818213466, 0.5282694927700303]",29.086271011364552,2.135864540114958
"[0.2545146044540565, 0.65351680387947, -0.891807081176768, 0.5282684359899413]",29.086316642173795,2.1359273725963543
"[0.25450779322146705, 0.6535172477891721, -0.8918080806260074, 0.5282673790378054]",29.086362271912016,2.1359902050777513
"[0.25450098121076914, 0.6535176918291348, -0.8918090802598206, 0.5282663218176323]",29.08640790682397,2.1360530375591478
"[0.2544941684738431, 0.6535181359960124, -0.891810080070614, 0.5282652643374094]",29.08645354005044,2.1361158700405443
"[0.25448735636268954, 0.653518580201656, -0.8918110798599742, 0.5282642068069946]",29.08649917465617,2.1361787025219408
"[0.2544805448626653, 0.6535190244469999, -0.8918120796300275, 0.5282631492241505]",29.086544811048284,2.1362415350033377
"[0.25447373219011993, 0.6535194688483827, -0.8918130796425798, 0.5282620913119188]",29.08659044765062,2.136304367484734
"[0.2544669196229376, 0.6535199133224644, -0.8918140797100683, 0.5282610332686992]",29.08663608394052,2.1363671999661307
"[0.25446010656664103, 0.6535203579080425, -0.8918150799197645, 0.5282599750021434]",29.08668172685112,2.1364300324475276
"[0.2544532941605746, 0.6535208025307521, -0.8918160801043993, 0.5282589166892431]",29.086727366334852,2.136492864928924
"[0.25444648078877424, 0.65352124729608, -0.8918170805012279, 0.528257858078928]",29.086773008665123,2.1365556974103206
"[0.25443966756720504, 0.6535216921311893, -0.8918180809464054, 0.5282567993445622]",29.086818651665016,2.136618529891717
"[0.2544328544165226, 0.6535221370412558, -0.8918190814515767, 0.52825574047382]",29.08686429531416,2.136681362373114
"[0.2544260415184481, 0.6535225820144039, -0.8918200819900495, 0.5282546814949557]",29.086909940897243,2.1367441948545105
"[0.2544192277318384, 0.6535230271251815, -0.8918210827294188, 0.5282536222305623]",29.086955588266648,2.136807027335907
"[0.2544124151035254, 0.6535234722398789, -0.8918220833690607, 0.5282525629988382]",29.087001234155995,2.136869859817304
"[0.25440560041251714, 0.6535239175689416, -0.8918230843820869, 0.5282515032989729]",29.087046883912112,2.1369326922987
"[0.25439878713780745, 0.6535243628850543, -0.8918240852574731, 0.5282504436719088]",29.087092533792767,2.136995524780097
"[0.2543919731856326, 0.6535248083250379, -0.8918250863027832, 0.5282493837920536]",29.087138185241546,2.1370583572614934
"[0.2543851594572621, 0.6535252538299942, -0.8918260873856136, 0.5282483237995644]",29.0871838364425,2.13712118974289
"[0.25437834481504734, 0.6535256994743137, -0.8918270886731188, 0.5282472635174396]",29.087229490603928,2.137184022224287
"[0.25437153042543903, 0.6535261451817285, -0.8918280899939177, 0.5282462031271414]",29.08727514349576,2.1372468547056833
"[0.2543647167740588, 0.6535265909204565, -0.8918290912766348, 0.5282451427042675]",29.08732080096181,2.13730968718708
"[0.25435790235259925, 0.6535270367891718, -0.8918300927429177, 0.5282440820140699]",29.087366457135303,2.1373725196684763
"[0.25435108747302587, 0.6535274827674817, -0.8918310943469356, 0.5282430211050666]",29.087412115359864,2.1374353521498732
"[0.25434427301610996, 0.6535279287977482, -0.8918320959592378, 0.5282419601143666]",29.087457771145257,2.1374981846312697
"[0.25433745757178994, 0.653528374972275, -0.891833097787086, 0.5282408988224057]",29.087503434186118,2.137561017112666
"[0.25433064326497956, 0.6535288211519529, -0.8918340995181272, 0.5282398375600718]",29.087549096305462,2.137623849594063
"[0.2543238274898268, 0.6535292675074049, -0.8918351015354348, 0.5282387759215218]",29.087594757772816,2.1376866820754596
"[0.2543170122943432, 0.653529713904531, -0.8918361035379326, 0.5282377142257194]",29.087640420718223,2.137749514556856
"[0.2543101973253627, 0.653530160366462, -0.8918371055775306, 0.5282366524176533]",29.087686086062224,2.1378123470382526
"[0.25430338213740333, 0.6535306069223416, -0.8918381077197294, 0.5282355904279629]",29.087731751473534,2.1378751795196496
"[0.25429656610510853, 0.6535310536131977, -0.8918391100564974, 0.5282345281591206]",29.087777418532294,2.137938012001046
"[0.2542897511988233, 0.6535315003098967, -0.8918401122980769, 0.5282334659182101]",29.08782308713223,2.1380008444824425
"[0.2542829345412542, 0.6535319472010349, -0.8918411148676288, 0.5282324032567385]",29.087868755550417,2.1380636769638395
"[0.25427611813632933, 0.6535323941552735, -0.8918421174704434, 0.5282313404870371]",29.087914427757628,2.1381265094452355
"[0.25426930282260674, 0.6535328411176037, -0.8918431199831569, 0.5282302777398905]",29.08796009988289,2.1381893419266325
"[0.2542624862930971, 0.6535332882393123, -0.8918441227451204, 0.528229214655565]",29.08800577148956,2.138252174408029
"[0.2542556702100164, 0.6535337354113953, -0.8918451255118192, 0.5282281514932504]",29.088051446315585,2.1383150068894254
"[0.2542488537631445, 0.6535341826870016, -0.8918461284024475, 0.5282270881265735]",29.08809711958395,2.1383778393708224
"[0.25424203660290057, 0.6535346300890907, -0.891847131468453, 0.5282260245009595]",29.08814279838076,2.138440671852219
"[0.25423522000068977, 0.6535350775342185, -0.8918481345227633, 0.5282249608147735]",29.088188476498964,2.1385035043336154
"[0.25422840276712727, 0.6535355251004625, -0.8918491377403943, 0.5282238968824088]",29.08823415300875,2.138566336815012
"[0.25422158651358223, 0.6535359726820261, -0.8918501408842098, 0.5282228329553529]",29.088279832758634,2.138629169296409
"[0.2542147691591657, 0.6535364204155503, -0.891851144260454, 0.5282217687087989]",29.088325515234935,2.1386920017778057
"[0.2542079522130567, 0.6535368682019296, -0.8918521476470137, 0.5282207043783187]",29.088371196472046,2.1387548342592018
"[0.2542011341810974, 0.6535373161393254, -0.8918531512638228, 0.5282196397306009]",29.088416879145562,2.1388176667405987
"[0.25419431695131545, 0.6535377641036985, -0.891854154832965, 0.5282185750604551]",29.08846256354036,2.138880499221995
"[0.2541874999654505, 0.6535382121317167, -0.8918551584366041, 0.5282175102807231]",29.08850824962307,2.1389433317033917
"[0.254180682722345, 0.6535386602563151, -0.8918561621485186, 0.5282164453131257]",29.088553936894026,2.1390061641847886
"[0.2541738644646674, 0.6535391085272991, -0.8918571660802295, 0.5282153800393093]",29.088599622946912,2.139068996666185
"[0.25416704646584243, 0.6535395568609603, -0.8918581700442445, 0.5282143146582031]",29.08864531188819,2.1391318291475816
"[0.2541602282473651, 0.6535400052887617, -0.891859174111022, 0.5282132490950361]",29.088691002943126,2.139194661628978
"[0.254153410280174, 0.6535404537797328, -0.8918601782112073, 0.5282121834234003]",29.088736694183066,2.139257494110375
"[0.25414659239270554, 0.653540902345148, -0.8918611823700603, 0.5282111176164943]",29.0887823864225,2.1393203265917715
"[0.25413977331250115, 0.6535413510687481, -0.8918621867750068, 0.5282100514753567]",29.088828079309142,2.139383159073168
"[0.2541329546824502, 0.6535417998424372, -0.8918631911840706, 0.5282089852568209]",29.0888737748666,2.139445991554565
"[0.25412613581715143, 0.6535422487113222, -0.8918641956982073, 0.5282079188537147]",29.088919469153904,2.139508824035961
"[0.25411931750045524, 0.6535426976238016, -0.8918652002019374, 0.5282068523886277]",29.088965167482005,2.139571656517358
"[0.2541124983591768, 0.6535431466702757, -0.8918662048975677, 0.5282057856467824]",29.08901086497771,2.1396344889987544
"[0.25410567992856653, 0.6535435957496634, -0.8918672095589013, 0.5282047188683182]",29.089056565712497,2.139697321480151
"[0.25409886162399403, 0.6535440449004501, -0.8918682142720659, 0.5282036519617966]",29.089102264883607,2.139760153961548
"[0.25409204155670945, 0.6535444942470855, -0.8918692193154013, 0.5282025846316147]",29.08914796653307,2.1398229864429443
"[0.2540852223952953, 0.6535449436137609, -0.891870224295662, 0.5282015172953719]",29.089193671470873,2.1398858189243413
"[0.2540784025169088, 0.6535453931074157, -0.8918712294520097, 0.5282004496990621]",29.089239372471784,2.1399486514057373
"[0.25407158260079843, 0.653545842683294, -0.8918722346843431, 0.5281993819489883]",29.08928507898701,2.1400114838871342
"[0.25406476254970384, 0.6535462923478085, -0.8918732400069982, 0.5281983140299161]",29.089330785099378,2.1400743163685307
"[0.2540579429956901, 0.6535467420592813, -0.891874245326796, 0.5281972460408237]",29.089376492805286,2.1401371488499272
"[0.2540511236392412, 0.6535471918374516, -0.8918752506878777, 0.5281961779348235]",29.089422200917472,2.140199981331324
"[0.2540443027117575, 0.6535476417989888, -0.8918762563510029, 0.5281951094348599]",29.089467909222847,2.1402628138127207
"[0.25403748228908, 0.653548091806979, -0.8918772620101277, 0.5281940408660689]",29.089513621395596,2.140325646294117
"[0.2540306622584082, 0.6535485418688469, -0.8918782676818687, 0.5281929722108051]",29.089559332018226,2.1403884787755136
"[0.25402384197179334, 0.6535489920273461, -0.8918792734617669, 0.5281919033675446]",29.089605045520535,2.1404513112569106
"[0.2540170221946797, 0.6535494422319534, -0.8918802792369374, 0.5281908344562453]",29.08965075905241,2.140514143738307
"[0.2540102013126689, 0.6535498925892601, -0.891881285245476, 0.5281897652238394]",29.089696474597783,2.1405769762197036
"[0.25400337964730396, 0.653550343078045, -0.8918822914399875, 0.5281886957206965]",29.089742192297255,2.1406398087011005
"[0.25399655827405443, 0.6535507936273202, -0.8918832976618447, 0.528187626115379]",29.08978791085707,2.1407026411824965
"[0.2539897371819491, 0.653551244237789, -0.8918843039126547, 0.528186556406195]",29.089833629006755,2.1407654736638935
"[0.2539829165998822, 0.6535516948943197, -0.8918853101586366, 0.5281854866290591]",29.08987934876292,2.14082830614529
"[0.2539760945355926, 0.6535521457285615, -0.891886316693723, 0.5281844164714629]",29.08992507002065,2.140891138626687
"[0.2539692732815712, 0.65355259658903, -0.8918873231796854, 0.5281833462929937]",29.08997079055432,2.1409539711080834
"[0.2539624512767749, 0.6535530475788999, -0.8918883298468555, 0.5281822758487446]",29.090016514879952,2.14101680358948
"[0.25395563000263227, 0.6535534986002405, -0.8918893364766282, 0.5281812053711589]",29.090062239436755,2.141079636070877
"[0.2539488077543483, 0.6535539497657732, -0.8918903433205858, 0.5281801345926929]",29.090107964920897,2.141142468552273
"[0.25394198607720575, 0.6535544009733326, -0.8918913501506742, 0.5281790637558436]",29.090153692769647,2.14120530103367
"[0.2539351634182324, 0.6535548523255948, -0.8918923571961093, 0.5281779926168768]",29.09019941989095,2.1412681335150663
"[0.25392834172812195, 0.6535553036935594, -0.8918933641689559, 0.5281769214819846]",29.09024514907302,2.1413309659964628
"[0.2539215194216604, 0.6535557551821122, -0.8918943713032059, 0.5281758501022604]",29.090290878751095,2.1413937984778597
"[0.2539146967106334, 0.6535562067772139, -0.8918953785676106, 0.5281747785109793]",29.09033661073487,2.141456630959256
"[0.2539078740578332, 0.6535566584482535, -0.8918963858938489, 0.5281737067807943]",29.090382342948615,2.1415194634406527
"[0.2539010514387288, 0.6535571101968661, -0.891897393285538, 0.5281726349078358]",29.090428077014213,2.141582295922049
"[0.25389422878774076, 0.6535575620273949, -0.8918984007523585, 0.5281715628817963]",29.090473813675626,2.141645128403446
"[0.2538874058474521, 0.6535580139568812, -0.8918994083323248, 0.528170490662229]",29.090519548623334,2.1417079608848426
"[0.253880583436002, 0.6535584659311369, -0.8919004159046121, 0.5281694183777]",29.09056528489964,2.141770793366239
"[0.2538737595141592, 0.6535589180852726, -0.8919014237703988, 0.5281683457076689]",29.090611020698063,2.141833625847636
"[0.2538669362010309, 0.6535593702788922, -0.8919024316167135, 0.5281672729852107]",29.090656762318034,2.141896458329032
"[0.2538601123825642, 0.6535598225858233, -0.8919034396081034, 0.5281662000351808]",29.090702503058637,2.141959290810429
"[0.2538532889270222, 0.6535602749485201, -0.8919044476163129, 0.5281651269940904]",29.090748243182826,2.1420221232918255
"[0.25384646485209283, 0.6535607274321029, -0.8919054557864579, 0.5281640537074586]",29.09079398988427,2.1420849557732224
"[0.2538396402038017, 0.65356118003355, -0.8919064641117536, 0.5281629801824713]",29.090839732150837,2.142147788254619
"[0.2538328177804428, 0.653561632567239, -0.8919074721787329, 0.5281619068593717]",29.09088547631525,2.1422106207360154
"[0.2538259928756448, 0.6535620853453636, -0.8919084806827994, 0.5281608329977102]",29.090931223768656,2.1422734532174124
"[0.25381916906565744, 0.6535625381306864, -0.891909489095517, 0.5281597591601497]",29.09097697064809,2.1423362856988084
"[0.25381234457269863, 0.6535629910411637, -0.8919104976795954, 0.5281586850669359]",29.091022719023133,2.1423991181802053
"[0.25380551934133977, 0.653563444080502, -0.891911506443245, 0.5281576107092912]",29.091068468819273,2.1424619506616023
"[0.2537986953673432, 0.6535638971162159, -0.8919125150914848, 0.5281565364013857]",29.091114220249953,2.1425247831429983
"[0.2537918712244143, 0.6535643502429705, -0.8919135238351148, 0.5281554619187149]",29.091159970691354,2.1425876156243953
"[0.2537850457106896, 0.6535648035405961, -0.8919145328518169, 0.52815438707199]",29.091205725141773,2.1426504481057917
"[0.25377822089543334, 0.6535652568717049, -0.8919155418356973, 0.5281533121870109]",29.091251479956096,2.1427132805871882
"[0.25377139527671777, 0.653565710336022, -0.891916551008805, 0.5281522370272734]",29.091297236322127,2.142776113068585
"[0.2537645699959614, 0.6535661638577598, -0.8919175602023812, 0.5281511617725096]",29.091342992999923,2.1428389455499817
"[0.253757745849494, 0.6535666173839613, -0.8919185692986574, 0.528150086548239]",29.091388749818947,2.142901778031378
"[0.2537509196484635, 0.6535670711265775, -0.8919195787691845, 0.5281490108519784]",29.09143450655455,2.1429646105127746
"[0.2537440941309156, 0.6535675249036271, -0.8919205882090746, 0.5281479351151576]",29.09148026721491,2.1430274429941716
"[0.2537372681918774, 0.6535679787885788, -0.8919215977817376, 0.5281468591636174]",29.091526030589645,2.143090275475568
"[0.2537304432754999, 0.653568432685372, -0.8919226072735706, 0.5281457832250379]",29.09157179218624,2.1431531079569646
"[0.2537236168158366, 0.6535688867646786, -0.8919236170641144, 0.5281447068948665]",29.091617555642838,2.1432159404383615
"[0.25371679049160417, 0.6535693409148636, -0.8919246269050667, 0.5281436304377319]",29.091663320555117,2.143278772919758
"[0.25370996422964465, 0.6535697951407863, -0.8919256368072455, 0.5281425538421064]",29.091709085646094,2.1433416054011545
"[0.25370313866666033, 0.6535702494000668, -0.8919266466764412, 0.5281414772084267]",29.09175485411136,2.143404437882551
"[0.25369631213158456, 0.6535707038039231, -0.8919276567598963, 0.5281404002730956]",29.09180061985779,2.143467270363948
"[0.2536894845662406, 0.6535711583562869, -0.8919286670662455, 0.5281393230268373]",29.091846391524445,2.1435301028453444
"[0.2536826579969761, 0.6535716129221811, -0.891929677295645, 0.5281382457894498]",29.09189216089815,2.143592935326741
"[0.25367583107526853, 0.6535720675914647, -0.8919306876476378, 0.5281371683480603]",29.091937934004928,2.143655767808138
"[0.25366900462585595, 0.6535725223091733, -0.891931698000165, 0.5281360908328746]",29.09198370483359,2.143718600289534
"[0.2536621777206567, 0.6535729771371505, -0.8919327084905836, 0.5281350130973688]",29.092029479206055,2.143781432770931
"[0.2536553507478904, 0.6535734320495018, -0.8919337190614396, 0.5281339352028581]",29.092075252619367,2.1438442652523273
"[0.25364852281834965, 0.6535738871055294, -0.891934729844371, 0.5281328570088704]",29.09212103121109,2.143907097733724
"[0.2536416952682845, 0.6535743422161799, -0.8919357406415698, 0.5281317787263994]",29.09216680851605,2.1439699302151207
"[0.25363486713528144, 0.6535747974456073, -0.8919367515955209, 0.5281307002034424]",29.09221258398096,2.144032762696517
"[0.253628039897963, 0.653575252695236, -0.8919377624872945, 0.5281296216735472]",29.0922583664302,2.1440955951779137
"[0.2536212118961107, 0.6535757080757433, -0.8919387735627138, 0.528128542874475]",29.092304144809603,2.14415842765931
"[0.25361438436986433, 0.6535761635044504, -0.891939784638141, 0.5281274640021193]",29.092349928671858,2.144221260140707
"[0.2536075558661056, 0.6535766190782887, -0.8919407959287727, 0.5281263848268504]",29.092395712144544,2.1442840926221036
"[0.25360072731334266, 0.6535770747353282, -0.891941807297111, 0.5281253054953747]",29.09244149434696,2.1443469251035
"[0.2535938992350826, 0.6535775304406298, -0.891942818665612, 0.5281242260904472]",29.092487279583736,2.144409757584897
"[0.253587071089976, 0.6535779862303137, -0.8919438301144503, 0.5281231465265019]",29.092533066419826,2.1444725900662935
"[0.2535802421798978, 0.6535784421510091, -0.8919448417470496, 0.5281220666931153]",29.09257885251336,2.14453542254769
"[0.25357341374074477, 0.6535788981201734, -0.8919458533803283, 0.5281209867857454]",29.092624642549517,2.1445982550290865
"[0.25356658436676205, 0.6535793542317255, -0.8919468652225521, 0.5281199065820045]",29.092670433933446,2.1446610875104835
"[0.25355975614666126, 0.6535798103461304, -0.8919478769642524, 0.5281188264123091]",29.09271622492505,2.14472391999188
"[0.25355292593604256, 0.6535802666734707, -0.8919488890713465, 0.5281177457791763]",29.09276201642852,2.1447867524732764
"[0.2535460973856469, 0.6535807229698231, -0.8919499010028681, 0.5281166652602173]",29.0928078081271,2.1448495849546734
"[0.2535392676720013, 0.6535811794238608, -0.8919509131772205, 0.5281155844086559]",29.092853605014295,2.1449124174360694
"[0.25353243780099904, 0.6535816359683778, -0.8919519254453472, 0.5281145033836375]",29.092899399076995,2.1449752499174664
"[0.2535256088269686, 0.6535820925328836, -0.8919529376509703, 0.528113422352062]",29.09294519659047,2.145038082398863
"[0.25351877953499397, 0.6535825491985925, -0.8919539499741564, 0.528112341121624]",29.092990993334055,2.1451009148802593
"[0.2535119488015035, 0.6535830060406689, -0.8919549625814807, 0.5281112595143737]",29.093036793724927,2.1451637473616563
"[0.25350511923227925, 0.6535834628848401, -0.8919559750866559, 0.5281101779429114]",29.093082592476396,2.1452265798430528
"[0.2534982893034273, 0.6535839198330283, -0.89195698771559, 0.5281090961659272]",29.093128395729735,2.1452894123244493
"[0.2534914585276496, 0.6535843769178588, -0.8919580005405473, 0.5281080141061939]",29.093174197066148,2.1453522448058457
"[0.25348462924492754, 0.6535848339827364, -0.8919590132145581, 0.5281069321344078]",29.093220000839924,2.1454150772872427
"[0.25347779735672316, 0.6535852913020006, -0.8919600263453843, 0.5281058496011722]",29.09326580486432,2.145477909768639
"[0.25347096741655434, 0.6535857485708101, -0.8919610392577756, 0.5281047672280372]",29.093311610753528,2.1455407422500357
"[0.2534641370078521, 0.6535862059509823, -0.8919620523100918, 0.5281036846320176]",29.093357417317605,2.1456035747314326
"[0.25345730611422024, 0.653586663443595, -0.8919630655047799, 0.5281026018105248]",29.093403226839413,2.145666407212829
"[0.2534504745313625, 0.653587121062373, -0.891964078872156, 0.5281015187311063]",29.093449034870574,2.1457292396942256
"[0.2534436432640956, 0.6535875787400063, -0.8919650922631749, 0.5281004355530603]",29.093494847172856,2.145792072175622
"[0.2534368118111253, 0.6535880365100826, -0.8919661057521968, 0.5280993521968953]",29.093540657015957,2.145854904657019
"[0.2534299803204204, 0.6535884943626791, -0.8919671193172712, 0.5280982686860808]",29.09358646859101,2.1459177371384155
"[0.25342314963983953, 0.6535889522409682, -0.8919681328325897, 0.5280971851551002]",29.093632284452728,2.145980569619812
"[0.2534163181530937, 0.6535894102532923, -0.8919691465379698, 0.5280961013475655]",29.093678100196115,2.146043402101209
"[0.25340948591216755, 0.653589868396191, -0.8919701604257195, 0.528095017271672]",29.093723917355984,2.146106234582605
"[0.25340265450352806, 0.6535903265632816, -0.8919711742604083, 0.5280939331791435]",29.093769732049704,2.146169067064002
"[0.2533958223482905, 0.653590784860456, -0.8919721882763509, 0.528092848819422]",29.09381555172894,2.1462318995453984
"[0.25338898976165597, 0.653591243266589, -0.8919732024267809, 0.528091764242494]",29.09386137032772,2.146294732026795
"[0.2533821574722488, 0.6535917017328008, -0.8919742166035513, 0.5280906795640095]",29.09390719154795,2.146357564508192
"[0.25337532511030453, 0.6535921602838978, -0.8919752308615423, 0.52808959472527]",29.09395301377714,2.1464203969895883
"[0.25336849264666483, 0.6535926189218411, -0.8919762452050835, 0.5280885097216366]",29.09399883675887,2.1464832294709852
"[0.2533616593396835, 0.6535930776964302, -0.8919772597442915, 0.5280874244353012]",29.09404466072151,2.1465460619523813
"[0.2533548273130296, 0.6535935364650799, -0.8919782741638564, 0.5280863392035609]",29.094090486757835,2.1466088944337782
"[0.25334799430590044, 0.653593995379596, -0.8919792887994564, 0.5280852536673064]",29.094136313161854,2.146671726915175
"[0.25334116149876545, 0.6535944543607107, -0.8919803034758116, 0.5280841680140453]",29.09418213959462,2.146734559396571
"[0.25333432890148233, 0.6535949134077537, -0.8919813181914504, 0.5280830822453555]",29.09422797104731,2.146797391877968
"[0.25332749592512815, 0.6535953725602967, -0.8919823330338346, 0.528081996267639]",29.09427379942946,2.1468602243593646
"[0.25332066079855453, 0.6535958319373952, -0.8919833482660542, 0.5280809097993228]",29.094319632193578,2.146923056840761
"[0.2533138279023472, 0.653596291244639, -0.8919843632374499, 0.5280798235367132]",29.09436546185475,2.146985889322158
"[0.2533069939997272, 0.6535967506995832, -0.8919853784287983, 0.528078736965278]",29.094411295571494,2.1470487218035545
"[0.2533001598344592, 0.6535972102522439, -0.8919863937296292, 0.5280776502032296]",29.094457131027514,2.147111554284951
"[0.2532933265417504, 0.6535976698262758, -0.8919874089712807, 0.5280765634311045]",29.09450296580943,2.1471743867663475
"[0.25328649286117605, 0.6535981295064409, -0.8919884243410089, 0.5280754764484552]",29.09454880386159,2.1472372192477445
"[0.2532796575690955, 0.6535985893750834, -0.8919894400206546, 0.528074389060579]",29.094594642571735,2.147300051729141
"[0.25327282387794214, 0.6535990492160917, -0.8919904555328672, 0.5280733017784999]",29.09464048083195,2.1473628842105374
"[0.253265989617932, 0.6535995091754063, -0.8919914712000709, 0.5280722142570805]",29.09468632024581,2.1474257166919344
"[0.25325915496374973, 0.6535999692413343, -0.8919924869963137, 0.5280711265240248]",29.094732161593758,2.1474885491733304
"[0.2532523201681974, 0.6536004293968525, -0.8919935028840308, 0.5280700386195646]",29.094778004536604,2.1475513816547274
"[0.253245485640192, 0.6536008896144271, -0.891994518802438, 0.5280689506087899]",29.094823846662486,2.147614214136124
"[0.25323865053233746, 0.6536013499511444, -0.891995534877498, 0.5280678623567628]",29.0948696949115,2.147677046617521
"[0.2532318149471478, 0.653601810400063, -0.8919965510939907, 0.5280667738798366]",29.09491553676211,2.1477398790989173
"[0.25322497982638276, 0.6536022708978007, -0.8919975673119008, 0.5280656853279015]",29.09496138569873,2.1478027115803138
"[0.2532181446250086, 0.6536027314810523, -0.8919985836122563, 0.5280645966141885]",29.09500723163952,2.1478655440617107
"[0.2532113098874074, 0.6536031921131294, -0.891999599914106, 0.5280635078254149]",29.095053084438593,2.1479283765431068
"[0.2532044742513427, 0.6536036528858453, -0.892000616420015, 0.5280624187445597]",29.095098932532615,2.1479912090245037
"[0.2531976383079543, 0.6536041137593779, -0.8920016330420926, 0.5280613294657587]",29.095144785645292,2.1480540415059
"[0.25319080269529043, 0.6536045746907078, -0.8920026496854473, 0.5280602400906812]",29.095190636748203,2.1481168739872967
"[0.2531839667195683, 0.653605035726619, -0.8920036664532627, 0.5280591505087552]",29.095236492776326,2.1481797064686936
"[0.25317713092299576, 0.6536054968305455, -0.8920046832648915, 0.5280580608063955]",29.095282346278506,2.14824253895009
"[0.25317029406561486, 0.6536059580861673, -0.8920057003047854, 0.5280569707858767]",29.0953282013718,2.1483053714314866
"[0.2531634573797468, 0.6536064194102915, -0.8920067173896433, 0.5280558806437238]",29.0953740598494,2.148368203912883
"[0.2531566211738605, 0.653606880782159, -0.8920077344735563, 0.5280547904290586]",29.095419919323813,2.14843103639428
"[0.2531497852545186, 0.6536073422147912, -0.8920087515852912, 0.5280537001110789]",29.095465779412976,2.1484938688756765
"[0.2531429480769313, 0.6536078038124903, -0.8920097689547097, 0.5280526094433449]",29.095511638105236,2.148556701357073
"[0.2531361110252042, 0.6536082654817916, -0.892010786375874, 0.5280515186466588]",29.095557500863638,2.14861953383847
"[0.253129274098678, 0.653608727222776, -0.8920118038488735, 0.5280504277208697]",29.095603363996332,2.148682366319866
"[0.2531224369496524, 0.6536091890589151, -0.8920128214254531, 0.5280493366105053]",29.09564922776835,2.148745198801263
"[0.2531155999885701, 0.6536096509625049, -0.8920138390445238, 0.5280482453810379]",29.095695095222656,2.1488080312826594
"[0.2531087628448642, 0.653610112958539, -0.8920148567612408, 0.5280471539733697]",29.09574096077828,2.1488708637640563
"[0.2531019250042064, 0.6536105750817881, -0.8920158746521751, 0.528046062305366]",29.095786829243952,2.148933696245453
"[0.25309508794431596, 0.6536110372324175, -0.8920168924973432, 0.5280449706129006]",29.09583269677375,2.1489965287268493
"[0.25308824907896643, 0.6536114995852466, -0.8920179106817772, 0.528043878483004]",29.095878565565837,2.1490593612082463
"[0.2530814121415802, 0.6536119618878836, -0.892018928649632, 0.5280427865118668]",29.095924437669957,2.1491221936896423
"[0.25307457356702484, 0.6536124243813584, -0.8920199469317234, 0.5280416941301258]",29.095970309655335,2.1491850261710392
"[0.2530677352693873, 0.6536128869362462, -0.8920209652430591, 0.5280406016434849]",29.096016182531148,2.1492478586524357
"[0.25306089786374647, 0.6536133495109517, -0.8920219834920216, 0.5280395091502059]",29.096062058059996,2.149310691133832
"[0.253054059483751, 0.6536138122317325, -0.892023001956555, 0.5280384163520853]",29.096107932679153,2.149373523615229
"[0.2530472203210464, 0.6536142750856356, -0.8920240206081415, 0.5280373232797074]",29.09615381150135,2.1494363560966256
"[0.253040381540874, 0.6536147379938224, -0.8920250392732298, 0.5280362301192736]",29.096199687065035,2.149499188578022
"[0.2530335433748747, 0.6536152009405922, -0.8920260579172978, 0.5280351369078441]",29.096245568290097,2.1495620210594186
"[0.2530267039032651, 0.6536156640559405, -0.8920270768263325, 0.528034043338463]",29.09629144748507,2.1496248535408156
"[0.2530198650478502, 0.6536161272097071, -0.8920280957140456, 0.5280329497184364]",29.096337328080356,2.149687686022212
"[0.25301302577050844, 0.6536165904722383, -0.8920291147350926, 0.5280318558817032]",29.096383211182665,2.1497505185036085
"[0.2530061858868404, 0.6536170538560258, -0.892030133916963, 0.5280307617987557]",29.096429095152388,2.1498133509850055
"[0.252999347626743, 0.6536175172099846, -0.8920311529273717, 0.5280296678263069]",29.09647497910494,2.149876183466402
"[0.2529925079600398, 0.65361798073943, -0.8920321722178575, 0.5280285734796014]",29.096520865688095,2.1499390159477985
"[0.25298566796907374, 0.6536184443710452, -0.8920331916271474, 0.5280274789317494]",29.09656675341403,2.150001848429195
"[0.2529788279769717, 0.653618908082928, -0.892034211107086, 0.5280263842344507]",29.096612641744997,2.150064680910592
"[0.2529719880414017, 0.6536193718711846, -0.8920352306490748, 0.5280252893969125]",29.096658529379678,2.1501275133919884
"[0.25296514788459157, 0.6536198357546126, -0.8920362502945205, 0.5280241943747138]",29.096704420414763,2.150190345873385
"[0.2529583082455433, 0.6536202996831287, -0.8920372699332524, 0.5280230992861165]",29.096750312291196,2.150253178354782
"[0.2529514671720461, 0.6536207637891529, -0.8920382898563138, 0.5280220038185374]",29.09679620476777,2.150316010836178
"[0.2529446270658843, 0.6536212279097643, -0.8920393097056324, 0.5280209083565447]",29.096842097763208,2.150378843317575
"[0.25293778660918564, 0.6536216921343496, -0.8920403296776902, 0.5280198126891232]",29.09688799317815,2.1504416757989713
"[0.2529309464180661, 0.6536221564211041, -0.892041349680618, 0.5280187169149452]",29.09693389063767,2.1505045082803678
"[0.2529241046203042, 0.6536226208971483, -0.8920423699936162, 0.5280176207340187]",29.09697978657034,2.1505673407617647
"[0.25291726368552553, 0.6536230853948356, -0.8920433902484014, 0.5280165245419971]",29.09702568621651,2.150630173243161
"[0.2529104229971683, 0.6536235499559778, -0.892044410536909, 0.5280154282401562]",29.09707158550367,2.1506930057245577
"[0.2529035822648474, 0.6536240146003277, -0.892045430902443, 0.528014331781917]",29.097117485928653,2.150755838205954
"[0.25289674002815415, 0.6536244794270971, -0.8920464515628603, 0.5280132349331594]",29.09716338816265,2.150818670687351
"[0.2528898990637686, 0.6536249442476547, -0.8920474721039637, 0.5280121381389918]",29.09720929200033,2.1508815031687476
"[0.2528830569004193, 0.6536254092299143, -0.8920484928944158, 0.5280110410032001]",29.097255197366803,2.150944335650144
"[0.2528762157003701, 0.6536258742269389, -0.8920495136116275, 0.5280099438724863]",29.097301100371965,2.151007168131541
"[0.2528693734297637, 0.6536263393769643, -0.8920505345590526, 0.528008846420682]",29.09734700658001,2.1510700006129375
"[0.25286253111389906, 0.653626804610315, -0.8920515555837197, 0.5280077488121894]",29.097392915095476,2.151132833094334
"[0.2528556894182984, 0.6536272698817285, -0.8920525765863063, 0.5280066511537845]",29.097438823239834,2.151195665575731
"[0.25284884665741375, 0.6536277353058386, -0.8920535978183558, 0.5280055531750265]",29.09748473303374,2.1512584980571274
"[0.252842003796364, 0.6536282008170184, -0.8920546191358474, 0.5280044550307383]",29.097530644360024,2.151321330538524
"[0.25283516298165193, 0.6536286662692156, -0.8920556402183761, 0.5280033570654442]",29.097576555818915,2.1513841630199204
"[0.2528283194591296, 0.6536291319859071, -0.8920566617755697, 0.5280022585160803]",29.09762247219182,2.1514469955013173
"[0.2528214763467727, 0.653629597754957, -0.8920576833420301, 0.5280011598830667]",29.097668384951852,2.151509827982714
"[0.25281463344702576, 0.6536300635897967, -0.8920587049472377, 0.5280000611347075]",29.097714299379085,2.1515726604641103
"[0.2528077906717412, 0.6536305294964263, -0.8920597266043435, 0.5279989622568516]",29.097760216335544,2.1516354929455073
"[0.2528009476391312, 0.653630995500829, -0.8920607483703522, 0.5279978631881964]",29.09780613521084,2.1516983254269033
"[0.2527941051058135, 0.6536314615514907, -0.8920617701322813, 0.5279967640502496]",29.09785205486511,2.1517611579083002
"[0.25278726125959033, 0.6536319277718471, -0.8920627921607488, 0.5279956645518927]",29.097897972696465,2.1518239903896967
"[0.2527804179669552, 0.653632394034765, -0.8920638141770303, 0.5279945649929545]",29.097943896309935,2.1518868228710932
"[0.25277357368063874, 0.6536328604456746, -0.8920648364122085, 0.5279934651248059]",29.097989817861116,2.15194965535249
"[0.2527667306346093, 0.6536333268523329, -0.8920658585326207, 0.5279923653064511]",29.098035740018144,2.1520124878338867
"[0.2527598854397347, 0.6536337934857529, -0.8920668810445006, 0.5279912649931512]",29.098081666290007,2.1520753203152836
"[0.252753042335668, 0.6536342600569197, -0.8920679033145423, 0.5279901648663946]",29.09812759105069,2.1521381527966796
"[0.25274619789389446, 0.6536347267995898, -0.8920689258549056, 0.5279890643750079]",29.098173519551796,2.1522009852780766
"[0.25273935404331027, 0.6536351935822142, -0.8920699483774308, 0.5279879638291342]",29.098219445447697,2.152263817759473
"[0.25273250922615026, 0.6536356605110702, -0.8920709711148608, 0.527986862978227]",29.098265375839603,2.1523266502408696
"[0.25272566435344024, 0.6536361275240212, -0.892071993931086, 0.5279857619687784]",29.098311305278916,2.1523894827222665
"[0.25271881943881525, 0.6536365946201603, -0.8920730168240674, 0.5279846608029491]",29.098357238876776,2.152452315203663
"[0.252711975290325, 0.6536370617442675, -0.8920740396730422, 0.5279835596108345]",29.098403171236914,2.1525151476850595
"[0.25270512987859745, 0.6536375290349253, -0.8920750627812979, 0.5279824580658163]",29.098449104937988,2.152577980166456
"[0.2526982851021435, 0.6536379963625248, -0.892076085865094, 0.5279813564734007]",29.098495038681342,2.152640812647853
"[0.25269143929936944, 0.6536384638405185, -0.8920771091727917, 0.5279802545661552]",29.098540973921974,2.1527036451292494
"[0.2526845939083011, 0.6536389313707166, -0.8920781324894421, 0.5279791525755252]",29.098586914044308,2.152766477610646
"[0.2526777478244975, 0.6536393990285577, -0.8920791559801509, 0.5279780503236997]",29.098632849458205,2.152829310092043
"[0.2526709025195255, 0.6536398667135226, -0.8920801794249141, 0.5279769480476006]",29.098678790702174,2.152892142573439
"[0.25266405821387544, 0.6536403344104978, -0.8920812027907368, 0.5279758457828093]",29.098724731142088,2.152954975054836
"[0.25265721140881325, 0.6536408023586059, -0.8920822266007737, 0.5279747429657898]",29.098770673018315,2.1530178075362323
"[0.2526503652169538, 0.6536412703451464, -0.8920832503896184, 0.5279736400978269]",29.098816614169372,2.1530806400176288
"[0.2526435187964256, 0.6536417384276686, -0.892084274283156, 0.5279725370433015]",29.098862560813473,2.1531434724990257
"[0.2526366728456871, 0.653642206558384, -0.8920852981769283, 0.5279714339147874]",29.098908506466376,2.153206304980422
"[0.2526298264772825, 0.6536426747980087, -0.8920863222036587, 0.5279703305692425]",29.098954452343953,2.153269137461819
"[0.25262297946554335, 0.6536431431619827, -0.892087346397116, 0.5279692269702764]",29.099000399247352,2.153331969943215
"[0.25261613284765505, 0.6536436115793638, -0.8920883706021571, 0.5279681232850483]",29.099046348754214,2.153394802424612
"[0.252609286330291, 0.653644080070211, -0.8920893948626514, 0.5279670194662873]",29.09909229868499,2.1534576349060086
"[0.2526024394249771, 0.653644548667963, -0.8920904192516778, 0.5279659154352164]",29.099138248241193,2.153520467387405
"[0.2525955920358532, 0.6536450173791888, -0.8920914437835904, 0.5279648111763554]",29.099184199461885,2.153583299868802
"[0.25258874441770096, 0.6536454861864343, -0.8920924684202776, 0.5279637067307982]",29.099230152984386,2.1536461323501985
"[0.2525818976276612, 0.6536459550173555, -0.8920934930035409, 0.5279626022690146]",29.099276107528183,2.153708964831595
"[0.25257505012063713, 0.6536464239777346, -0.8920945177645925, 0.527961497541783]",29.099322063707557,2.1537717973129915
"[0.2525682024938447, 0.6536468930266838, -0.8920955426140671, 0.5279603926454255]",29.09936801941131,2.1538346297943884
"[0.2525613546552181, 0.6536473621705186, -0.8920965675657457, 0.5279592875650682]",29.099413977252976,2.153897462275785
"[0.25255450668071655, 0.6536478314040332, -0.8920975926082637, 0.5279581823129633]",29.09945993640757,2.1539602947571814
"[0.25254765898606013, 0.6536483006987477, -0.892098617679388, 0.5279570769561991]",29.099505897171667,2.1540231272385784
"[0.2525408109081164, 0.6536487701001075, -0.8920996428783861, 0.5279559713877293]",29.099551855451942,2.1540859597199744
"[0.25253396266959277, 0.6536492395928558, -0.892100668171924, 0.5279548656434878]",29.099597820571123,2.1541487922013713
"[0.25252711422883134, 0.6536497091798559, -0.8921016935662416, 0.527953759716732]",29.09964378473531,2.154211624682768
"[0.2525202660189551, 0.6536501788314086, -0.8921027189964863, 0.5279526536774025]",29.099689747758582,2.1542744571641643
"[0.2525134176281087, 0.653650648575757, -0.8921037445243243, 0.5279515474589812]",29.09973571425013,2.1543372896455613
"[0.25250656775486635, 0.6536511185022027, -0.8921047703446648, 0.5279504408511851]",29.09978168086154,2.1544001221269578
"[0.25249971943355515, 0.6536515884025668, -0.8921057960030903, 0.5279493343442275]",29.099827649508367,2.1544629546083547
"[0.2524928698214318, 0.6536520584719224, -0.8921068219253455, 0.5279482274787747]",29.099873615872554,2.1545257870897507
"[0.25248602123360264, 0.6536525285513587, -0.8921078477646829, 0.5279471206289702]",29.099919587818246,2.1545886195711477
"[0.2524791717312521, 0.6536529987739849, -0.892108873811507, 0.5279460134814269]",29.09996555955831,2.154651452052544
"[0.25247232183266904, 0.6536534691042327, -0.8921098999881986, 0.5279449061198873]",29.100011532791385,2.1547142845339406
"[0.25246547294070937, 0.6536539394457698, -0.8921109260845848, 0.527943798771153]",29.10005750635412,2.1547771170153376
"[0.2524586230085631, 0.6536544099391501, -0.8921119524073154, 0.5279426911042965]",29.100103481868675,2.154839949496734
"[0.2524517728531857, 0.6536548805282941, -0.892112978834004, 0.5279415832513646]",29.10014945726367,2.1549027819781306
"[0.2524449236926548, 0.6536553511295033, -0.89211400518212, 0.5279404754093822]",29.100195433778914,2.154965614459527
"[0.2524380739804088, 0.6536558218490353, -0.8921150316834057, 0.5279393673282032]",29.100241412035484,2.155028446940924
"[0.2524312223679833, 0.6536562927796009, -0.8921160585399794, 0.5279382587896023]",29.10028739210929,2.1550912794223205
"[0.25242437269705686, 0.6536567636571469, -0.8921170851760817, 0.5279371504151357]",29.100333371734955,2.155154111903717
"[0.2524175218200883, 0.6536572346980394, -0.8921181120634568, 0.5279360416955033]",29.10037935315366,2.155216944385114
"[0.2524106714935643, 0.65365770578152, -0.8921191389388295, 0.527934932914944]",29.10042533629978,2.15527977686651
"[0.25240382078594376, 0.6536581769716466, -0.8921201659418344, 0.5279338239226816]",29.100471320068394,2.155342609347907
"[0.2523969697817745, 0.6536586482626142, -0.8921211930598055, 0.5279327147323789]",29.100517304374375,2.155405441829304
"[0.25239011912469395, 0.6536591196101468, -0.8921222201962442, 0.5279316054482381]",29.10056329162114,2.1554682743107003
"[0.25238326796250415, 0.6536595910728805, -0.8921232474789218, 0.5279304959322609]",29.100609280555926,2.155531106792097
"[0.25237641650190795, 0.6536600626366124, -0.8921242748768556, 0.5279293862178824]",29.100655268278377,2.1555939392734933
"[0.2523695645938558, 0.6536605343115912, -0.8921253024124058, 0.5279282762809623]",29.10070125867849,2.1556567717548902
"[0.2523627132980497, 0.6536610060248885, -0.8921263299266502, 0.5279271662931345]",29.10074724783775,2.1557196042362867
"[0.2523558620996005, 0.6536614778119386, -0.8921273574967947, 0.5279260561710055]",29.100793239709603,2.155782436717683
"[0.2523490094837737, 0.6536619497770614, -0.8921283853500453, 0.5279249456691052]",29.100839232504253,2.15584526919908
"[0.2523421586386921, 0.6536624217006834, -0.8921294130081922, 0.5279238353040792]",29.100885226491428,2.155908101680476
"[0.2523353060096789, 0.6536628938276695, -0.8921304410044519, 0.5279227244997942]",29.100931222839662,2.155970934161873
"[0.2523284532233232, 0.6536633660459784, -0.8921314690948386, 0.5279216135198602]",29.10097721887364,2.1560337666432696
"[0.2523216020537262, 0.6536638382333456, -0.8921324970131684, 0.5279205026519257]",29.10102321746676,2.156096599124666
"[0.25231474882831334, 0.6536643106428779, -0.8921335253104627, 0.5279193913005125]",29.101069215218175,2.156159431606063
"[0.2523078965009114, 0.6536647830710012, -0.8921345535435268, 0.5279182799445609]",29.101115215727187,2.1562222640874595
"[0.25230104355684835, 0.6536652556221351, -0.8921355819396392, 0.527917168338421]",29.101161217223314,2.156285096568856
"[0.2522941913881864, 0.6536657282002494, -0.8921366102898968, 0.5279160567079438]",29.10120721855992,2.1563479290502525
"[0.2522873380988537, 0.6536662009361627, -0.8921376388788551, 0.5279149447454589]",29.101253220763333,2.1564107615316495
"[0.25228048459325236, 0.6536666737675073, -0.8921386675707941, 0.5279138325976676]",29.10129922652492,2.156473594013046
"[0.25227363097366695, 0.653667146687221, -0.8921396963503647, 0.5279127202811674]",29.101345232113633,2.1565364264944424
"[0.25226677815703785, 0.6536676196320049, -0.8921407250799149, 0.5279116079448131]",29.10139123839884,2.1565992589758394
"[0.2522599247449908, 0.6536680926983889, -0.8921417539693594, 0.527910495361594]",29.101437246257742,2.156662091457236
"[0.25225307079576637, 0.6536685658823671, -0.8921427830099695, 0.5279093825409321]",29.101483254911663,2.1567249239386324
"[0.2522462169993567, 0.6536690391363099, -0.892143812098154, 0.5279082695948409]",29.101529264970303,2.156787756420029
"[0.2522393636760048, 0.653669512438088, -0.8921448411858184, 0.5279071565753455]",29.101575276984377,2.156850588901426
"[0.2522325090287203, 0.6536699859118243, -0.8921458705428059, 0.5279060431905677]",29.101621286090214,2.1569134213828223
"[0.25222565469216696, 0.6536704594446237, -0.892146899923655, 0.5279049297059866]",29.10166730326537,2.1569762538642188
"[0.25221880077792336, 0.653670933028764, -0.892147929311595, 0.5279038161397492]",29.101713315736266,2.1570390863456157
"[0.25221194629373406, 0.6536714067328118, -0.8921489588556524, 0.5279027023306323]",29.101759333140325,2.1571019188270117
"[0.2522050920424444, 0.6536718805013018, -0.8921499884352412, 0.5279015884090623]",29.101805348903554,2.1571647513084087
"[0.2521982366499132, 0.6536723544291869, -0.8921510182567867, 0.5279004741517416]",29.101851367831575,2.157227583789805
"[0.25219138189863477, 0.6536728283932922, -0.8921520480525241, 0.5278993598483186]",29.10189738700284,2.1572904162712017
"[0.2521845274527623, 0.6536733024168091, -0.8921530778728917, 0.5278982454442418]",29.101943406432465,2.1573532487525986
"[0.2521776725235164, 0.6536737765542908, -0.8921541078363971, 0.5278971308112601]",29.101989427850942,2.157416081233995
"[0.2521708176575637, 0.653674250767933, -0.8921551378609063, 0.5278960160382457]",29.102035452640393,2.1574789137153916
"[0.2521639611160995, 0.6536747251780461, -0.8921561682077196, 0.5278949008423774]",29.102081476581773,2.157541746196788
"[0.25215710605163155, 0.6536751995665173, -0.8921571984031019, 0.5278937857363812]",29.102127497182668,2.157604578678185
"[0.2521502508295767, 0.653675674046437, -0.8921582286926807, 0.5278926704544054]",29.10217352697601,2.1576674111595815
"[0.2521433943979062, 0.653676148690646, -0.8921592592345866, 0.5278915548252445]",29.1022195535601,2.157730243640978
"[0.2521365391803645, 0.6536766233313571, -0.892160289664521, 0.5278904392432707]",29.102265582098667,2.157793076122375
"[0.25212968258279844, 0.6536770981481862, -0.8921613203724207, 0.5278893232863161]",29.102311611814137,2.1578559086037714
"[0.2521228256198817, 0.6536775730709052, -0.8921623512057789, 0.5278882071194574]",29.10235764092282,2.157918741085168
"[0.25211597006390535, 0.6536780479767275, -0.8921633818981446, 0.5278870910312367]",29.102403673418458,2.1579815735665644
"[0.2521091133081113, 0.6536785230462427, -0.8921644128414209, 0.5278859745972575]",29.102449707271727,2.1580444060479613
"[0.2521022570763067, 0.653678998160033, -0.8921654437764345, 0.527884858098163]",29.102495740177286,2.158107238529358
"[0.25209540046529066, 0.6536794733806646, -0.892166474838991, 0.5278837413868989]",29.102541773219148,2.1581700710107543
"[0.2520885428977193, 0.6536799487481871, -0.8921675061159263, 0.5278826243693729]",29.102587811179156,2.1582329034921512
"[0.2520816862014207, 0.6536804241359028, -0.8921685373323607, 0.5278815073433035]",29.102633846476078,2.1582957359735473
"[0.25207482910497203, 0.6536808996319475, -0.8921695686795007, 0.5278803901015827]",29.102679887859583,2.1583585684549442
"[0.2520679720609948, 0.6536813752049336, -0.8921706000892737, 0.5278792727179511]",29.102725927282645,2.1584214009363407
"[0.2520611138018976, 0.653681850942822, -0.8921716317523587, 0.5278781549857748]",29.102771967922973,2.158484233417737
"[0.2520542570239077, 0.6536823266585328, -0.8921726632631702, 0.5278770373445375]",29.102818009178534,2.158547065899134
"[0.2520474001231148, 0.6536828024633738, -0.8921736948629674, 0.527875919532777]",29.102864053243334,2.1586098983805306
"[0.25204054121355546, 0.6536832784881984, -0.892174726835521, 0.527874801243036]",29.102910095772742,2.158672730861927
"[0.25203368370595025, 0.6536837544963376, -0.892175758667669, 0.5278736830313413]",29.102956142163706,2.1587355633433236
"[0.2520268254368993, 0.6536842306379457, -0.8921767906849206, 0.5278725645449445]",29.10300219026107,2.1587983958247206
"[0.2520199683638781, 0.6536847067771125, -0.8921778225927111, 0.5278714461030957]",29.10304823578818,2.158861228306117
"[0.2520131092353729, 0.6536851831396316, -0.8921788548803643, 0.5278703271754162]",29.103094285058823,2.1589240607875135
"[0.2520062505167908, 0.6536856595543106, -0.8921798871768647, 0.5278692081640286]",29.10314033340076,2.1589868932689105
"[0.25199939189985443, 0.6536861360425529, -0.8921809195285997, 0.5278680890186517]",29.10318638785006,2.159049725750307
"[0.251992533253718, 0.6536866126134507, -0.8921819519552611, 0.5278669697179301]",29.103232437880692,2.1591125582317034
"[0.2519856743796998, 0.6536870892808055, -0.8921829844867573, 0.5278658502294384]",29.103278489035972,2.1591753907131004
"[0.2519788153009993, 0.6536875660430206, -0.892184017119601, 0.5278647305569352]",29.103324545996166,2.159238223194497
"[0.251971956487891, 0.6536880428674059, -0.8921850497829883, 0.5278636107771881]",29.103370600180742,2.1593010556758934
"[0.2519650972193907, 0.653688519804087, -0.8921860825854719, 0.5278624907724784]",29.10341665715091,2.15936388815729
"[0.25195823780723803, 0.6536889968313925, -0.89218711548012, 0.5278613705936932]",29.10346271611854,2.159426720638687
"[0.25195137823513797, 0.65368947395047, -0.8921881484693878, 0.5278602502381463]",29.103508775278577,2.1594895531200833
"[0.2519445187795575, 0.6536899511420956, -0.8921891815116402, 0.5278591297509815]",29.10355483472057,2.1595523856014798
"[0.2519376586952332, 0.6536904284580962, -0.8921902147191227, 0.5278580090104741]",29.103600895562487,2.1596152180828767
"[0.2519307992182524, 0.6536909058124946, -0.8921912479056617, 0.527856888218527]",29.10364695826194,2.1596780505642728
"[0.2519239392406963, 0.6536913832823822, -0.8921922812381308, 0.527855767194123]",29.10369302235354,2.1597408830456697
"[0.2519170782630897, 0.6536918609025468, -0.8921933147917872, 0.5278546458555914]",29.10373908580527,2.159803715527066
"[0.25191021818523485, 0.6536923385407406, -0.8921943482804403, 0.5278535245134192]",29.10378515179422,2.1598665480084627
"[0.25190335779838385, 0.6536928162811094, -0.8921953818861795, 0.5278524029700465]",29.103831217670947,2.1599293804898596
"[0.2518964964985246, 0.6536932941657396, -0.8921964157000234, 0.5278512811266811]",29.10387728773445,2.159992212971256
"[0.25188963593638863, 0.6536937720796605, -0.8921974494732513, 0.5278501592532155]",29.10392335666121,2.160055045452653
"[0.2518827759576266, 0.6536942500336023, -0.8921984832290983, 0.5278490373244483]",29.10396942730661,2.160117877934049
"[0.2518759147529099, 0.6536947281536475, -0.892199517240226, 0.5278479150444314]",29.104015498298082,2.160180710415446
"[0.25186905350527217, 0.6536952063573511, -0.892200551328365, 0.5278467926066625]",29.10406157034731,2.1602435428968425
"[0.2518621922226275, 0.65369568464418, -0.8922015854923211, 0.5278456700124088]",29.10410764382045,2.160306375378239
"[0.2518553314670648, 0.6536961629749493, -0.892202619647363, 0.5278445473536403]",29.104153721161904,2.160369207859636
"[0.2518484687855839, 0.6536966415207006, -0.8922036541632627, 0.5278434242289191]",29.104199794195907,2.1604320403410324
"[0.25184160748949913, 0.6536971200505395, -0.8922046885408618, 0.5278423011801435]",29.10424587295281,2.160494872822429
"[0.25183474603849954, 0.6536975986718715, -0.8922057230123495, 0.5278411779552332]",29.104291950140187,2.1605577053038254
"[0.2518278839883336, 0.653698077415699, -0.8922067576447121, 0.5278400544814359]",29.10433803156643,2.1606205377852223
"[0.251821023028398, 0.6536985561641477, -0.8922077921832202, 0.5278389310353585]",29.104384109167203,2.160683370266619
"[0.2518141598945771, 0.6536990351450048, -0.8922088271200715, 0.5278378070824771]",29.104430189927793,2.1607462027480153
"[0.25180729768260085, 0.653699514142237, -0.8922098619884579, 0.5278366831297279]",29.10447627462087,2.1608090352294123
"[0.2518004346540853, 0.6536999932771882, -0.8922108970505351, 0.5278355588923803]",29.10452235943593,2.1608718677108083
"[0.25179357208260117, 0.6537004724609502, -0.8922119321142304, 0.5278344345790453]",29.104568445287892,2.1609347001922052
"[0.2517867095262153, 0.6537009517243747, -0.8922129672461894, 0.5278333101173299]",29.104614528014608,2.1609975326736017
"[0.2517798462649364, 0.6537014311177526, -0.8922140025550226, 0.5278321853892384]",29.104660618071122,2.1610603651549987
"[0.2517729840511366, 0.6537019105186792, -0.8922150377763806, 0.5278310606819467]",29.104706706821542,2.161123197636395
"[0.25176612118740666, 0.653702390045729, -0.8922160731663229, 0.5278299357172638]",29.104752797063576,2.1611860301177916
"[0.25175925693956963, 0.6537028697502371, -0.8922171088356426, 0.5278288103747715]",29.104798885751062,2.1612488625991886
"[0.2517523937727841, 0.6537033494599446, -0.8922181444124014, 0.5278276850585862]",29.104844976847303,2.1613116950805846
"[0.2517455304739829, 0.6537038292595876, -0.8922191800796233, 0.5278265595698803]",29.10489107166019,2.1613745275619816
"[0.25173866677478635, 0.6537043091679725, -0.8922202158778094, 0.5278254338645778]",29.10493716605309,2.161437360043378
"[0.2517318027206282, 0.6537047891819283, -0.892221251800114, 0.5278243079501126]",29.1049832593806,2.1615001925247745
"[0.25172493824195485, 0.653705269306322, -0.8922222878570438, 0.5278231818150585]",29.1050293566909,2.1615630250061715
"[0.25171807451148337, 0.6537057494591338, -0.8922233238715928, 0.527822055651799]",29.10507545415944,2.161625857487568
"[0.25171121016524517, 0.653706229735777, -0.892224360049635, 0.5278209292365424]",29.10512155448093,2.1616886899689645
"[0.2517043462613953, 0.653706710062214, -0.892225396231441, 0.5278198027429263]",29.10516765414094,2.161751522450361
"[0.251697481587893, 0.6537071905232722, -0.8922264325999848, 0.527818675972012]",29.1052137545848,2.161814354931758
"[0.2516906166563142, 0.6537076710831623, -0.8922274690780458, 0.5278175490077347]",29.105259855663622,2.1618771874131544
"[0.2516837516906524, 0.653708151726213, -0.8922285056318081, 0.527816421886848]",29.10530596102066,2.161940019894551
"[0.2516768875037376, 0.6537086323954922, -0.892229542138527, 0.5278152947428394]",29.10535206217221,2.162002852375948
"[0.2516700221889576, 0.6537091132245268, -0.8922305788861076, 0.5278141672626045]",29.105398170116718,2.162065684857344
"[0.2516631568850537, 0.6537095941335793, -0.8922316157026019, 0.5278130396331195]",29.10544427660081,2.162128517338741
"[0.2516562913217513, 0.6537100751415869, -0.8922326526288272, 0.5278119118099807]",29.10549038302909,2.1621913498201373
"[0.25164942596718204, 0.6537105562157519, -0.8922336895940798, 0.5278107838700842]",29.10553649161562,2.162254182301534
"[0.2516425603858587, 0.6537110373865914, -0.8922347266641348, 0.527809655741877]",29.105582602527367,2.1623170147829307
"[0.25163569501736865, 0.6537115186232958, -0.8922357637725884, 0.5278085274975884]",29.10562871379763,2.162379847264327
"[0.2516288286211176, 0.6537120000128424, -0.8922368011068601, 0.5278073989333081]",29.10567482600978,2.162442679745724
"[0.25162196374373086, 0.6537124813766821, -0.8922378382822109, 0.5278062704676157]",29.105720937724392,2.16250551222712
"[0.2516150971730297, 0.6537129629400579, -0.8922388757839511, 0.5278051415724725]",29.10576705531725,2.162568344708517
"[0.2516082304643944, 0.6537134445939145, -0.8922399133770967, 0.5278040125035337]",29.10581316923985,2.1626311771899136
"[0.25160136378695247, 0.6537139263264017, -0.8922409510360906, 0.5278028832885879]",29.105859284538408,2.16269400967131
"[0.2515944981300548, 0.6537144080680808, -0.8922419886114099, 0.5278017540903793]",29.10590540502954,2.162756842152707
"[0.25158763038212967, 0.6537148900373038, -0.8922430265733047, 0.5278006243971016]",29.10595152219762,2.1628196746341035
"[0.25158076486455194, 0.6537153719308023, -0.8922440642686571, 0.5277994949195868]",29.10599764356306,2.1628825071155
"[0.25157389671030045, 0.6537158540902019, -0.8922451024331016, 0.5277983648571225]",29.106043765793384,2.1629453395968965
"[0.2515670301749473, 0.6537163362167693, -0.8922461404233951, 0.5277972349098702]",29.106089887099238,2.1630081720782934
"[0.25156016305276047, 0.6537168184653588, -0.8922471785729525, 0.5277961047148878]",29.106136009125265,2.16307100455969
"[0.2515532957872826, 0.6537173008048363, -0.892248216814729, 0.5277949743451463]",29.10618213656873,2.1631338370410864
"[0.2515464288558218, 0.6537177832016721, -0.8922492550765566, 0.5277938438792152]",29.106228260807633,2.1631966695224834
"[0.2515395602245219, 0.6537182657987672, -0.8922502936659678, 0.5277927129822237]",29.106274387305508,2.1632595020038794
"[0.25153269233740194, 0.6537187484244205, -0.8922513322134198, 0.527791582056535]",29.10632051586984,2.1633223344852763
"[0.2515258249808044, 0.6537192310936237, -0.8922523707512007, 0.5277904510670043]",29.10636664691814,2.1633851669666733
"[0.25151895649539585, 0.6537197139230101, -0.8922534095302547, 0.5277893197403357]",29.106412777123218,2.1634479994480698
"[0.2515120889493975, 0.6537201967671983, -0.8922544482377874, 0.527788188417177]",29.10645890667358,2.1635108319294662
"[0.25150522025112865, 0.6537206797732554, -0.8922554871901641, 0.5277870567529435]",29.106505039659055,2.1635736644108627
"[0.25149835238988016, 0.6537211628012937, -0.8922565260864898, 0.527785925075379]",29.106551174135028,2.1636364968922597
"[0.2514914828919618, 0.6537216460253091, -0.8922575653009666, 0.5277847929768378]",29.106597308982767,2.163699329373656
"[0.2514846149520752, 0.6537221292205766, -0.8922586043503012, 0.5277836609838031]",29.106643445536992,2.1637621618550527
"[0.2514777460722743, 0.6537226125628317, -0.8922596436123954, 0.5277825286845701]",29.10668958096748,2.1638249943364496
"[0.2514708762345103, 0.653723096053376, -0.8922606830900061, 0.5277813960761002]",29.106735718594205,2.1638878268178456
"[0.25146400826988147, 0.6537235794929435, -0.8922617223547432, 0.5277802636251742]",29.106781861384924,2.1639506592992426
"[0.2514571381527667, 0.6537240631649048, -0.8922627620157678, 0.5277791306679999]",29.106827999798075,2.164013491780639
"[0.25145026878325005, 0.6537245468651127, -0.8922638016342268, 0.5277779976827819]",29.10687414285465,2.1640763242620356
"[0.25144339893245937, 0.6537250306800989, -0.8922648413960923, 0.5277768644668359]",29.106920285630792,2.1641391567434325
"[0.25143652992528936, 0.65372551451653, -0.8922658811008329, 0.5277757312387433]",29.106966426515196,2.164201989224829
"[0.25142966048784426, 0.6537259984641524, -0.8922669209412573, 0.5277745977883219]",29.107012575145372,2.1642648217062255
"[0.25142278993471756, 0.6537264825712633, -0.8922679610211397, 0.5277734640024457]",29.10705872067135,2.164327654187622
"[0.2514159201677853, 0.6537269667038837, -0.89226900105257, 0.5277723301949214]",29.107104866948543,2.164390486669019
"[0.25140904979588946, 0.6537274509600043, -0.892270041246159, 0.5277711961362058]",29.107151017069157,2.1644533191504154
"[0.2514021794426734, 0.6537279352957196, -0.8922710815074872, 0.5277700619291669]",29.107197167127637,2.164516151631812
"[0.25139530901740653, 0.6537284197174131, -0.8922721218502925, 0.5277689275588368]",29.107243316886873,2.164578984113209
"[0.25138843837743946, 0.6537289042351484, -0.8922731622961775, 0.5277677930016507]",29.107289468673038,2.1646418165946053
"[0.25138156705605774, 0.6537293888818536, -0.8922742029158295, 0.5277666581805056]",29.107335622357837,2.164704649076002
"[0.2513746963221795, 0.6537298735680293, -0.8922752435170781, 0.5277655233049635]",29.107381776611142,2.1647674815573983
"[0.25136782536553826, 0.6537303583508317, -0.8922762842226333, 0.5277643882411931]",29.10742793197625,2.1648303140387952
"[0.25136095470826897, 0.6537308431934178, -0.8922773249534063, 0.5277632530754514]",29.107474089124196,2.1648931465201917
"[0.251354083119824, 0.6537313281826355, -0.8922783658958022, 0.5277621176044022]",29.107520243997186,2.164955979001588
"[0.2513472123760655, 0.6537318131931479, -0.892279406780803, 0.5277609821214863]",29.107566404244402,2.165018811482985
"[0.2513403401909292, 0.65373229838634, -0.8922804479547433, 0.5277598462488771]",29.107612562377195,2.165081643964381
"[0.25133346809025825, 0.6537327836545082, -0.892281489186468, 0.5277587102387259]",29.107658724478238,2.165144476445778
"[0.2513265959850555, 0.6537332690039348, -0.8922825304894585, 0.5277575740763203]",29.1077048873808,2.1652073089271746
"[0.25131972456741686, 0.6537337543857287, -0.8922835717588301, 0.5277564378761023]",29.107751050774507,2.165270141408571
"[0.25131285261168995, 0.6537342398864636, -0.8922846131803104, 0.527755301435411]",29.107797215130624,2.165332973889968
"[0.25130597989328085, 0.6537347255220295, -0.8922856547879524, 0.5277541647170588]",29.10784337980181,2.1653958063713645
"[0.25129910775834485, 0.6537352111973102, -0.8922866963777379, 0.5277530279436823]",29.107889546580655,2.165458638852761
"[0.25129223543511714, 0.6537356969668442, -0.8922877380666323, 0.5277518909876237]",29.10793571361188,2.1655214713341575
"[0.2512853628083113, 0.6537361828387791, -0.8922887798721164, 0.5277507538298037]",29.107981883523614,2.1655843038155544
"[0.2512784899552695, 0.6537366688076659, -0.8922898217824712, 0.5277496164829864]",29.108028054000005,2.165647136296951
"[0.2512716170545967, 0.6537371548608799, -0.8922908637706223, 0.5277484789767164]",29.10807422492227,2.1657099687783474
"[0.2512647430520401, 0.6537376410729931, -0.8922919059964185, 0.5277473411364728]",29.108120397669985,2.1657728012597444
"[0.2512578705774599, 0.6537381272579875, -0.8922929480611163, 0.5277462033975772]",29.108166570476417,2.165835633741141
"[0.25125099683954555, 0.6537386136133236, -0.8922939903879507, 0.5277450652979352]",29.108212745003907,2.1658984662225373
"[0.251244123162073, 0.6537391000453602, -0.8922950327762024, 0.527743927056682]",29.108258920603145,2.165961298703934
"[0.25123724964930555, 0.6537395865467246, -0.8922960752100533, 0.5277427886910748]",29.10830509562307,2.1660241311853308
"[0.25123037590348934, 0.6537400731455374, -0.8922971177498281, 0.5277416501352752]",29.10835127490005,2.1660869636667273
"[0.2512235020525897, 0.65374055983278, -0.8922981603761182, 0.527740511410421]",29.10839745457315,2.1661497961481238
"[0.2512166279943505, 0.6537410466156862, -0.8922992031044371, 0.5277393724995734]",29.10844363420464,2.1662126286295207
"[0.25120975394923556, 0.6537415334786467, -0.8923002459013435, 0.5277382334392507]",29.108489814145305,2.1662754611109167
"[0.2512028789775962, 0.6537420204882303, -0.8923012889093939, 0.5277370940737137]",29.10853599874423,2.1663382935923137
"[0.25119600515713497, 0.6537425074972536, -0.8923023318133725, 0.527735954747296]",29.108582181197562,2.16640112607371
"[0.2511891312022252, 0.6537429945967814, -0.8923033748083183, 0.5277348152469413]",29.108628367963703,2.1664639585551067
"[0.2511822552574678, 0.653743481918332, -0.8923044181757835, 0.5277336752649998]",29.108674553808985,2.1665267910365036
"[0.25117538057093836, 0.6537439692317186, -0.8923054614229085, 0.5277325353399479]",29.108720739219297,2.1665896235179
"[0.2511685056706183, 0.6537444566412653, -0.8923065047730564, 0.5277313952277368]",29.108766927155774,2.166652455999297
"[0.25116163062167035, 0.6537449441423391, -0.892307548216343, 0.5277302549391812]",29.108813115920054,2.166715288480693
"[0.25115475482960614, 0.6537454317771383, -0.8923085918430042, 0.5277291143756127]",29.10885930796436,2.16677812096209
"[0.2511478801222833, 0.6537459194160122, -0.8923096353755963, 0.5277279738402602]",29.10890549803746,2.1668409534434865
"[0.251141004076654, 0.6537464072308551, -0.8923106791819208, 0.5277268329310991]",29.1089516916574,2.166903785924883
"[0.2511341282866513, 0.6537468951085579, -0.8923117230200319, 0.5277256919126233]",29.10899788497924,2.16696661840628
"[0.251127252716387, 0.6537473830517074, -0.8923127668953639, 0.5277245507788296]",29.10904407842343,2.1670294508876764
"[0.25112037657963177, 0.6537478711160897, -0.8923138109272897, 0.5277234093992333]",29.109090276518312,2.167092283369073
"[0.2511135003520815, 0.6537483592679493, -0.8923148550435905, 0.5277222678527742]",29.109136472295383,2.1671551158504694
"[0.25110662366036846, 0.6537488475338057, -0.8923158993009657, 0.5277211260774414]",29.109182670627725,2.1672179483318663
"[0.2510997478285025, 0.653749335819644, -0.8923169434983499, 0.5277199842930759]",29.109228869218168,2.167280780813263
"[0.25109287190265084, 0.6537498241931794, -0.8923179877805826, 0.527718842341318]",29.109275070814764,2.1673436132946593
"[0.2510859950354497, 0.6537503127146257, -0.8923190322763711, 0.5277177000813877]",29.109321273801477,2.1674064457760562
"[0.2510791184404051, 0.6537508012977836, -0.8923200768014088, 0.5277165577148312]",29.10936747676789,2.1674692782574523
"[0.25107224145071344, 0.6537512899900284, -0.892321121456981, 0.5277154151308733]",29.109413680318585,2.167532110738849
"[0.25106536436964333, 0.6537517787698246, -0.8923221661970234, 0.527714272379873]",29.10945988565748,2.167594943220246
"[0.2510584869006237, 0.6537522676582563, -0.8923232110665948, 0.5277131294125337]",29.10950609059842,2.167657775701642
"[0.251051608928152, 0.6537527566635509, -0.8923242560832556, 0.5277119862096256]",29.109552296959226,2.167720608183039
"[0.2510447315558763, 0.6537532457072378, -0.8923253010793161, 0.5277108429545914]",29.109598505457328,2.1677834406644356
"[0.25103785344042623, 0.6537537348848481, -0.8923263462588976, 0.5277096994241051]",29.10964471445275,2.1678462731458326
"[0.2510309760794306, 0.6537542240898697, -0.8923273913944217, 0.5277085558671527]",29.109690925819592,2.167909105627229
"[0.25102409756515154, 0.653754713458005, -0.8923284367758074, 0.5277074119665108]",29.109737138239673,2.1679719381086255
"[0.2510172205594641, 0.6537552027998786, -0.8923294819984995, 0.5277062681648488]",29.109783351567046,2.1680347705900225
"[0.2510103420517074, 0.6537556923297131, -0.8923305275200807, 0.5277051239614275]",29.109829565233223,2.1680976030714185
"[0.2510034630557475, 0.6537561819753908, -0.8923315731864733, 0.5277039795248266]",29.109875779858985,2.1681604355528155
"[0.25099658488777565, 0.6537566716432209, -0.8923326187975972, 0.5277028350740225]",29.109921999246886,2.168223268034212
"[0.250989706872725, 0.6537571613812396, -0.8923336644560578, 0.527701690496727]",29.109968215825493,2.1682861005156084
"[0.25098282760261686, 0.6537576512897215, -0.8923347103759235, 0.5277005455585951]",29.1100144329542,2.1683489329970054
"[0.2509759489183431, 0.6537581412375912, -0.8923357562773132, 0.5276994005659701]",29.11006065328064,2.168411765478402
"[0.2509690705521104, 0.6537586312438787, -0.8923368022009313, 0.5276982554743386]",29.110106875020783,2.1684745979597984
"[0.250962190562642, 0.6537591214469377, -0.8923378484419812, 0.5276971099604302]",29.110153094751944,2.168537430441195
"[0.2509553112355809, 0.6537596116838904, -0.8923388946529026, 0.5276959644048188]",29.110199318933887,2.168600262922592
"[0.2509484324747291, 0.6537601019615997, -0.8923399408483002, 0.5276948187914854]",29.110245541755443,2.1686630954039883
"[0.2509415524845395, 0.6537605924080496, -0.8923409873012683, 0.527693672821374]",29.11029176924992,2.1687259278853848
"[0.2509346731883394, 0.6537610828861393, -0.8923420337192739, 0.5276925268148275]",29.110337995421936,2.1687887603667817
"[0.2509277925776174, 0.653761573539082, -0.8923430804078408, 0.5276913804372291]",29.110384223590767,2.1688515928481777
"[0.2509209127651705, 0.6537620642162291, -0.8923441270455721, 0.5276902340405648]",29.110430452440465,2.1689144253295747
"[0.2509140322401324, 0.6537625550253247, -0.8923451738623162, 0.527689087373089]",29.11047668200527,2.168977257810971
"[0.25090715194016866, 0.6537630458995026, -0.8923462207154185, 0.5276879405910341]",29.1105229119299,2.169040090292368
"[0.2509002715201844, 0.6537635368634067, -0.8923472676573799, 0.5276867936368488]",29.110569144605194,2.1691029227737646
"[0.2508933920138537, 0.6537640278431793, -0.8923483145309069, 0.5276856466829737]",29.11061537794377,2.169165755255161
"[0.2508865100866749, 0.6537645190768964, -0.8923493618434336, 0.5276844991733359]",29.11066161134478,2.169228587736558
"[0.2508796296126447, 0.6537650102880391, -0.892350409005418, 0.5276833517538718]",29.110707849189765,2.169291420217954
"[0.25087274838621737, 0.6537655016340478, -0.8923514563525153, 0.527682204056801]",29.110754085206565,2.169354252699351
"[0.25086586789479065, 0.6537659930087106, -0.8923525036583381, 0.5276810563302057]",29.110800323417813,2.1694170851807475
"[0.25085898595200784, 0.6537664845681874, -0.8923535512556869, 0.5276799082093457]",29.110846560981543,2.169479917662144
"[0.25085210427603705, 0.653766976189773, -0.8923545988830319, 0.5276787599808246]",29.110892800733595,2.169542750143541
"[0.25084522270148907, 0.6537674678852744, -0.8923556465655426, 0.5276776116170573]",29.110939042186008,2.1696055826249374
"[0.25083834170180985, 0.6537679596208521, -0.892356694231127, 0.5276764631970681]",29.110985282866913,2.169668415106334
"[0.2508314598865616, 0.653768451495876, -0.8923577420914864, 0.5276753144887841]",29.11103152801495,2.1697312475877304
"[0.25082457693703875, 0.6537689435331612, -0.8923587901951772, 0.5276741654389374]",29.111077772327334,2.1697940800691273
"[0.25081769551593974, 0.6537694355423473, -0.8923598381367268, 0.5276730164920608]",29.11112401813809,2.169856912550524
"[0.2508108133293181, 0.6537699276874414, -0.8923608862654566, 0.5276718672651607]",29.111170263664537,2.1699197450319203
"[0.25080393061518363, 0.6537704199514424, -0.8923619345451362, 0.5276707177979403]",29.11121651315517,2.1699825775133172
"[0.25079704864376, 0.6537709122435001, -0.8923629827822964, 0.5276695683025378]",29.111262761165847,2.1700454099947137
"[0.25079016595654285, 0.6537714046679444, -0.8923640311990889, 0.5276684185353385]",29.111309011425494,2.1701082424761102
"[0.2507832829036477, 0.6537718971997457, -0.8923650797421954, 0.52766726855479]",29.111355263983576,2.1701710749575067
"[0.2507764003765606, 0.6537723897751088, -0.8923661282758062, 0.5276661185098384]",29.111401514842793,2.1702339074389037
"[0.2507695163193427, 0.653772882541193, -0.8923671771131495, 0.527664968056907]",29.111447770292852,2.1702967399203
"[0.2507626338912803, 0.6537733752718524, -0.8923682257728813, 0.5276638177239708]",29.111494023670048,2.1703595724016966
"[0.25075575065532746, 0.6537738681415479, -0.8923692746263131, 0.5276626671037228]",29.11154027979725,2.1704224048830936
"[0.25074886657689094, 0.6537743611527853, -0.8923703236787394, 0.5276615161903225]",29.11158653664264,2.1704852373644896
"[0.25074198318493773, 0.653774854196066, -0.8923713726971639, 0.5276603652393852]",29.111632795259023,2.1705480698458866
"[0.2507350996151522, 0.6537753473332939, -0.8923724218132965, 0.5276592141063988]",29.111679054278262,2.170610902327283
"[0.2507282156436382, 0.6537758405805177, -0.8923734710612667, 0.5276580627539014]",29.111725312793027,2.1706737348086795
"[0.2507213314350247, 0.6537763339259508, -0.8923745204159911, 0.5276569112094046]",29.111771577096697,2.1707365672900765
"[0.2507144473340961, 0.6537768273448908, -0.892375569824912, 0.5276557595305695]",29.111817840772396,2.170799399771473
"[0.25070756321833104, 0.653777320846115, -0.8923766193067043, 0.527654607696902]",29.111864102447534,2.1708622322528695
"[0.2507006786795588, 0.6537778144588932, -0.8923776689235969, 0.5276534556400873]",29.111910369708433,2.170925064734266
"[0.2506937933963359, 0.6537783082062929, -0.8923787187246128, 0.527652303306294]",29.11195663407679,2.170987897215663
"[0.25068690877525857, 0.6537788019874459, -0.8923797684952866, 0.5276511509309283]",29.112002900226567,2.1710507296970594
"[0.2506800239654841, 0.6537792958633711, -0.8923808183653463, 0.5276499983715812]",29.11204916811213,2.171113562178456
"[0.2506731386197416, 0.65377978985899, -0.8923818683877552, 0.5276488455700935]",29.11209543846353,2.171176394659853
"[0.2506662531813574, 0.6537802839425095, -0.8923829184949138, 0.5276476926006627]",29.112141710074297,2.1712392271412493
"[0.2506593681150848, 0.653780778080573, -0.8923839686159343, 0.52764653954112]",29.1121879810606,2.1713020596226458
"[0.25065248212670077, 0.6537812723660767, -0.8923850189482204, 0.5276453861746958]",29.112234252483045,2.1713648921040423
"[0.2506455970445906, 0.653781766667783, -0.8923860692128819, 0.5276442328076244]",29.112280527019532,2.171427724585439
"[0.250638711872852, 0.6537822610571584, -0.8923871195618227, 0.5276430792731199]",29.112326803542032,2.1714905570668357
"[0.25063182627072594, 0.6537827555587075, -0.8923881700470296, 0.5276419255140384]",29.112373077904607,2.171553389548232
"[0.2506249393422338, 0.653783250236774, -0.8923892208052226, 0.5276407713802279]",29.112419355590163,2.171616222029629
"[0.2506180527207055, 0.6537837449740835, -0.8923902715872113, 0.5276396171453366]",29.112465632711395,2.171679054511025
"[0.250611166746022, 0.6537842397461933, -0.8923913223411192, 0.527638462866369]",29.112511913984854,2.171741886992422
"[0.2506042803799595, 0.6537847346276972, -0.8923923732253658, 0.527637308369295]",29.11255819503228,2.171804719473819
"[0.25059739337708986, 0.6537852296362506, -0.8923934242774174, 0.5276361536129319]",29.1126044743598,2.171867551955215
"[0.25059050763211294, 0.6537857246356605, -0.8923944752081049, 0.5276349989149836]",29.112650759189084,2.171930384436612
"[0.25058362007685725, 0.653786219846499, -0.8923955264857119, 0.5276338437609147]",29.112697043132457,2.1719932169180085
"[0.2505767327301723, 0.6537867151236473, -0.892396577802113, 0.5276326884892545]",29.112743327787964,2.172056049399405
"[0.2505698460343434, 0.6537872104352668, -0.892397629089783, 0.5276315331742383]",29.112789615122818,2.172118881880802
"[0.2505629591561128, 0.6537877058412962, -0.8923986804759102, 0.5276303776760701]",29.11283590132723,2.1721817143621984
"[0.25055607106279854, 0.6537882014160422, -0.8923997321181705, 0.5276292218214382]",29.11288219222788,2.1722445468435954
"[0.2505491834177232, 0.653788697039854, -0.8924007837626223, 0.5276280658894199]",29.11292848007219,2.1723073793249914
"[0.25054229664556826, 0.6537891926821275, -0.8924018353444029, 0.5276269099513549]",29.112974769524882,2.1723702118063883
"[0.25053540791910217, 0.6537896885463804, -0.8924028872952311, 0.5276257535326282]",29.1130210629948,2.172433044287785
"[0.2505285197446216, 0.6537901844522194, -0.8924039392324001, 0.5276245970539369]",29.113067355421887,2.1724958767691813
"[0.25052163172017994, 0.6537906804285736, -0.89240499121728, 0.5276234404478118]",29.113113649209797,2.1725587092505783
"[0.2505147432470383, 0.6537911765185584, -0.8924060433413167, 0.5276222836137049]",29.11315994257964,2.1726215417319747
"[0.2505078548987107, 0.6537916726808775, -0.8924070955169159, 0.5276211266479156]",29.113206241747463,2.1726843742133712
"[0.2505009670993342, 0.6537921688849689, -0.8924081476792791, 0.5276199696217001]",29.113252539589094,2.1727472066947677
"[0.2504940780468118, 0.6537926652606684, -0.8924092001036982, 0.5276188122323141]",29.11329883629746,2.1728100391761647
"[0.25048718872855247, 0.6537931617368604, -0.8924102526393499, 0.5276176546455881]",29.11334513851316,2.172872871657561
"[0.25048030020550094, 0.6537936582370746, -0.8924113051241349, 0.5276164970398084]",29.11339143867493,2.1729357041389576
"[0.2504734107389814, 0.653794154886639, -0.8924123578237021, 0.5276153391227754]",29.11343774011673,2.1729985366203546
"[0.2504665215288265, 0.6537946515990586, -0.8924134105547276, 0.5276141810961349]",29.113484044136236,2.1730613691017506
"[0.2504596318186196, 0.6537951484288871, -0.8924144634327987, 0.5276130228327137]",29.113530348501413,2.1731242015831476
"[0.2504527431349314, 0.6537956452660273, -0.8924155162246167, 0.5276118645891691]",29.11357665319827,2.173187034064544
"[0.2504458524592142, 0.6537961423282059, -0.892416569391516, 0.5276107058579352]",29.113622961307424,2.1732498665459405
"[0.25043896304114305, 0.6537966393810186, -0.892417622436827, 0.5276095471854476]",29.113669267543255,2.1733126990273375
"[0.2504320731700812, 0.6537971365478686, -0.8924186756220048, 0.5276083882840326]",29.11371557626785,2.173375531508734
"[0.2504251825373136, 0.6537976338510548, -0.8924197289942565, 0.5276072291017178]",29.113761886310694,2.173438363990131
"[0.2504182930045092, 0.6537981311562173, -0.8924207822689799, 0.5276060699516868]",29.113808196397873,2.173501196471527
"[0.250411402113815, 0.6537986286407882, -0.8924218358219328, 0.5276049104203824]",29.113854511171706,2.173564028952924
"[0.250404512150387, 0.6537991261397299, -0.8924228893037471, 0.5276037508923958]",29.113900822305176,2.1736268614343204
"[0.25039762137231897, 0.6537996237788981, -0.89242394298075, 0.5276025910744782]",29.113947137535405,2.173689693915717
"[0.25039073050788063, 0.6538001215056886, -0.892424996741595, 0.5276014310892062]",29.113993452048295,2.173752526397114
"[0.2503838394813754, 0.6538006193255609, -0.8924260505978601, 0.5276002709238411]",29.11403976940556,2.1738153588785103
"[0.2503769478954317, 0.6538011172672489, -0.8924271046103232, 0.5275991105114362]",29.114086087731035,2.173878191359907
"[0.2503700561717204, 0.6538016153002919, -0.892428158714502, 0.5275979499229736]",29.114132406351153,2.1739410238413033
"[0.2503631652202585, 0.6538021133589176, -0.8924292127711952, 0.5275967893117188]",29.114178724107614,2.1740038563227
"[0.25035627403713495, 0.6538026115156736, -0.892430266933953, 0.5275956285086055]",29.11422504574943,2.1740666888040967
"[0.25034938160613507, 0.6538031098440498, -0.8924313213582481, 0.5275944673423988]",29.11427136930924,2.174129521285493
"[0.2503424906601831, 0.6538036081464481, -0.8924323756259845, 0.5275933062735192]",29.11431769410887,2.17419235376689
"[0.2503355988326149, 0.6538041065939979, -0.8924334300992335, 0.5275921449032197]",29.114364018571855,2.174255186248286
"[0.2503287059079276, 0.6538046052023203, -0.8924344848109957, 0.527590983195115]",29.114410343642408,2.174318018729683
"[0.2503218143666717, 0.6538051037919778, -0.8924355393817062, 0.5275898215672734]",29.114456670451418,2.1743808512110796
"[0.2503149208947547, 0.6538056026027455, -0.8924365943185065, 0.527588659461057]",29.114502996182736,2.174443683692476
"[0.25030802935063734, 0.6538061013554279, -0.8924376490309176, 0.5275874975269222]",29.11454932726773,2.174506516173873
"[0.2503011354006916, 0.6538066003636661, -0.8924387041821819, 0.5275863350341864]",29.114595657951803,2.1745693486552695
"[0.25029424297721403, 0.6538070993428401, -0.8924397591704549, 0.527585172645903]",29.114641988737237,2.1746321811366665
"[0.25028735003905855, 0.6538075984407022, -0.892440814308146, 0.5275840100178674]",29.114688322030915,2.1746950136180625
"[0.2502804570177539, 0.6538080976260182, -0.8924418695292049, 0.5275828472228417]",29.114734654520266,2.1747578460994594
"[0.25027356366438497, 0.653808596916824, -0.8924429248717417, 0.5275816842188145]",29.11478098891565,2.174820678580856
"[0.25026666932117403, 0.6538090963607774, -0.8924439804364772, 0.5275805208947737]",29.114827322083155,2.1748835110622524
"[0.25025977667198956, 0.653809595763449, -0.8924450358124819, 0.527579357703593]",29.114873662120157,2.1749463435436494
"[0.250252883416658, 0.6538100952914759, -0.8924460913519293, 0.5275781942571328]",29.114919999097296,2.175009176025046
"[0.2502459888192943, 0.6538105949982117, -0.8924471471675319, 0.5275770304311321]",29.11496634077182,2.1750720085064423
"[0.25023909507220965, 0.6538110947247788, -0.8924482029235711, 0.5275758665956286]",29.11501267721652,2.175134840987839
"[0.25023220129066753, 0.6538115945352957, -0.8924492587555259, 0.5275747026012824]",29.11505902151231,2.1751976734692358
"[0.25022530656753406, 0.653812094495558, -0.8924503148023425, 0.5275735382948782]",29.11510536318832,2.1752605059506323
"[0.250218412872819, 0.6538125944626793, -0.8924513707622792, 0.5275723740091305]",29.11515170724554,2.1753233384320287
"[0.2502115174968432, 0.653813094633225, -0.8924524270504017, 0.5275712092863302]",29.115198051738943,2.1753861709134257
"[0.2502046231581164, 0.6538135948100028, -0.8924534832502767, 0.5275700445856599]",29.115244397113013,2.1754490033948217
"[0.25019772854430594, 0.6538140950882061, -0.8924545395629367, 0.5275688796854422]",29.1152907454684,2.1755118358762187
"[0.25019083335748077, 0.6538145954894699, -0.8924555960340378, 0.5275677145353059]",29.1153370934783,2.175574668357615
"[0.2501839377050808, 0.6538150960060158, -0.8924566526471311, 0.5275665491533674]",29.11538344196556,2.175637500839012
"[0.25017704288638865, 0.6538155965435252, -0.8924577092031218, 0.5275653837592232]",29.11542979382715,2.1757003333204086
"[0.2501701475905924, 0.6538160971971564, -0.8924587659028693, 0.527564218131316]",29.11547614398237,2.175763165801805
"[0.2501632527043269, 0.6538165979025331, -0.8924598226104955, 0.5275630524195238]",29.115522497309478,2.175825998283202
"[0.25015635569790406, 0.6538170988433896, -0.8924608797137242, 0.5275618861960962]",29.115568851053535,2.175888830764598
"[0.25014946014948497, 0.6538175997598521, -0.8924619366641379, 0.5275607200660402]",29.11561520771113,2.175951663245995
"[0.25014256452310074, 0.6538181007634718, -0.8924629936971469, 0.5275595537696487]",29.11566156220972,2.176014495727392
"[0.25013566797333175, 0.6538186019156986, -0.8924640509423583, 0.5275583871638838]",29.115707918897254,2.176077328208788
"[0.2501287713337055, 0.6538191031559619, -0.8924651082720062, 0.5275572203897299]",29.115754276683322,2.176140160690185
"[0.2501218758445309, 0.6538196043941161, -0.8924661654959182, 0.5275560536570318]",29.115800635613724,2.1762029931715814
"[0.2501149791647521, 0.6538201058003295, -0.8924672229730253, 0.5275548865696797]",29.11584699824047,2.176265825652978
"[0.25010808255058026, 0.6538206072832917, -0.8924682805107261, 0.5275537193402152]",29.11589335880793,2.176328658134375
"[0.25010118513405777, 0.6538211089061303, -0.8924693382421239, 0.5275525518217091]",29.115939721684768,2.1763914906157713
"[0.25009428809291234, 0.6538216105832002, -0.8924703959866157, 0.5275513842134976]",29.115986085955438,2.176454323097168
"[0.25008739182557194, 0.6538221122854999, -0.8924714536830776, 0.5275502165830663]",29.116032451891417,2.1765171555785643
"[0.2500804946124777, 0.6538226141381297, -0.8924725115952427, 0.5275490486392619]",29.11607881586143,2.1765799880599612
"[0.2500735964262678, 0.6538231161431167, -0.8924735697273347, 0.5275478803773807]",29.11612518486953,2.1766428205413577
"[0.2500666990965095, 0.6538236181673163, -0.8924746277987101, 0.5275467121072706]",29.11617155386448,2.176705653022754
"[0.25005980117134574, 0.6538241203163998, -0.8924756860320826, 0.5275455435830185]",29.116217923684513,2.176768485504151
"[0.25005290441112904, 0.6538246224622083, -0.8924767441573791, 0.5275443751028476]",29.11626429190813,2.1768313179855476
"[0.2500460057105559, 0.6538251248308485, -0.8924778026510358, 0.5275432061406151]",29.11631066582902,2.176894150466944
"[0.25003910812961866, 0.6538256271995045, -0.8924788610435559, 0.5275420372147955]",29.11635703610589,2.1769569829483406
"[0.2500322095771258, 0.6538261297204927, -0.8924799196558161, 0.5275408679709828]",29.116403409888836,2.1770198154297375
"[0.2500253112319657, 0.6538266323079148, -0.8924809783069216, 0.5275396986090044]",29.116449788308817,2.177082647911134
"[0.25001841189332996, 0.6538271350493109, -0.892482037181161, 0.5275385289252286]",29.116496162147236,2.1771454803925305
"[0.25001151307985364, 0.6538276378340075, -0.8924830960454683, 0.5275373591771255]",29.116542540159713,2.1772083128739275
"[0.25000461398241036, 0.6538281407209786, -0.8924841550240259, 0.5275361892274939]",29.11658891979926,2.1772711453553235
"[0.2499977161301749, 0.6538286435987409, -0.8924852138820951, 0.5275350193356836]",29.116635297861038,2.1773339778367204
"[0.24999081699523054, 0.6538291466515879, -0.8924862730077238, 0.5275338490729506]",29.116681679131258,2.177396810318117
"[0.24998391712575438, 0.6538296498395856, -0.892487332316786, 0.527532678532207]",29.116728061421167,2.1774596427995134
"[0.2499770172233174, 0.653830153111584, -0.8924883917015821, 0.527531507832443]",29.11677444531334,2.1775224752809104
"[0.2499701174968268, 0.6538306564523471, -0.8924894511300323, 0.5275303370091002]",29.11682082816159,2.177585307762307
"[0.24996321804455246, 0.6538311598546928, -0.8924905105870387, 0.527529166078872]",29.11686721296665,2.1776481402437033
"[0.2499563180375219, 0.6538316633791028, -0.8924915701998973, 0.5275279949010669]",29.116913599441983,2.1777109727251
"[0.24994941836276208, 0.6538321669608727, -0.8924926298323902, 0.5275268236262064]",29.116959988231724,2.1777738052064968
"[0.24994251839756482, 0.6538326706454222, -0.8924936895801502, 0.527525652148615]",29.11700637536607,2.1778366376878933
"[0.24993561761064842, 0.6538331744715797, -0.8924947495247869, 0.5275244803780179]",29.117052764980738,2.1778994701692898
"[0.24992871673081846, 0.6538336783861359, -0.8924958095543717, 0.5275233084381538]",29.117099156420966,2.1779623026506867
"[0.2499218167066292, 0.6538341823198206, -0.8924968695231839, 0.5275221364901215]",29.11714554770491,2.178025135132083
"[0.24991491593892484, 0.653834686389417, -0.892497929676879, 0.5275209642623183]",29.117191940323135,2.1780879676134797
"[0.24990801579190602, 0.6538351904952894, -0.8924989898058757, 0.5275197919864594]",29.117238335577035,2.178150800094876
"[0.24990111455652533, 0.6538356947622865, -0.8925000501727557, 0.5275186193721946]",29.117284731252,2.178213632576273
"[0.24989421288443323, 0.653836199142836, -0.8925011106774138, 0.5275174465301742]",29.117331126667967,2.1782764650576696
"[0.2498873116553722, 0.6538367035726638, -0.8925021711846646, 0.5275162736098716]",29.117377524442176,2.178339297539066
"[0.24988041073677483, 0.6538372080613746, -0.8925032317148722, 0.5275151005888672]",29.117423923717162,2.178402130020463
"[0.24987350970678232, 0.6538377126398767, -0.8925042923328563, 0.5275139273953657]",29.117470323516415,2.178464962501859
"[0.24986660679427888, 0.6538382174376783, -0.8925053533108491, 0.5275127537282343]",29.11751672590731,2.178527794983256
"[0.24985970513077646, 0.6538387222257894, -0.8925064141675442, 0.5275115801198822]",29.117563126983303,2.1785906274646525
"[0.249852803481516, 0.6538392270945004, -0.8925074750927154, 0.5275104063603778]",29.117609529414707,2.178653459946049
"[0.24984590091629788, 0.653839732111867, -0.8925085362293647, 0.5275092322914967]",29.117655933124144,2.178716292427446
"[0.2498389979837447, 0.6538402372377786, -0.8925095974931686, 0.5275080580065015]",29.117702340045682,2.1787791249088424
"[0.24983209609049672, 0.653840742369291, -0.892510658667857, 0.5275068837447002]",29.11774874824681,2.178841957390239
"[0.24982519362089764, 0.6538412476246419, -0.892511720001828, 0.5275057092312235]",29.117795154457063,2.1789047898716354
"[0.24981829081489715, 0.6538417529862747, -0.8925127814582005, 0.5275045345068773]",29.11784156201969,2.1789676223530323
"[0.24981138753317525, 0.6538422584644141, -0.8925138430584055, 0.5275033595479082]",29.117887972892564,2.179030454834429
"[0.2498044846960123, 0.6538427639916716, -0.8925149046609199, 0.5275021845109509]",29.11793438305839,2.1790932873158253
"[0.24979758151822726, 0.6538432696255486, -0.892515966386494, 0.527501009262346]",29.117980795944252,2.1791561197972222
"[0.24979067809397018, 0.6538437753591588, -0.8925170282206534, 0.527499833818101]",29.11802720892306,2.1792189522786187
"[0.24978377405444427, 0.6538442812195356, -0.8925180902201352, 0.5274986581153868]",29.1180736246589,2.179281784760015
"[0.24977687099111096, 0.653844787090065, -0.8925191521401274, 0.5274974824252268]",29.11812003845187,2.1793446172414117
"[0.24976996753049815, 0.6538452930713875, -0.8925202141919052, 0.5274963065137144]",29.11816645568676,2.1794074497228086
"[0.2497630632995865, 0.6538457991908643, -0.8925212764328697, 0.5274951303172681]",29.118212872359127,2.179470282204205
"[0.24975615968986456, 0.6538463053464942, -0.8925223386489353, 0.5274939540729313]",29.118259292569128,2.1795331146856016
"[0.24974925479373858, 0.6538468116781518, -0.8925234011336192, 0.527492777455657]",29.11830571396857,2.1795959471669986
"[0.2497423503837881, 0.6538473180558784, -0.892524463614177, 0.5274916007674573]",29.118352132900853,2.1796587796483946
"[0.24973544529199151, 0.6538478245652972, -0.8925255262703523, 0.5274904238093158]",29.118398556050956,2.1797216121297915
"[0.24972854067778666, 0.6538483311214138, -0.8925265889237108, 0.5274892467787837]",29.118444979019174,2.1797844446111885
"[0.24972163697682315, 0.6538488376922249, -0.8925276515071818, 0.5274880697501912]",29.11849140522547,2.1798472770925845
"[0.2497147313466512, 0.6538493444863167, -0.8925287144582733, 0.5274868922388859]",29.118537829648744,2.1799101095739815
"[0.24970782649289963, 0.6538498513051488, -0.8925297773605368, 0.5274857147061733]",29.118584255757916,2.179972942055378
"[0.2497009213108201, 0.6538503582298029, -0.8925308403840226, 0.5274845369636638]",29.11863068295688,2.1800357745367744
"[0.24969401572075597, 0.6538508652661374, -0.8925319035410031, 0.5274833589977465]",29.118677111346468,2.1800986070181714
"[0.2496871102446128, 0.6538513723758402, -0.892532966751128, 0.5274821808974313]",29.118723544658092,2.180161439499568
"[0.24968020458582466, 0.6538518795806959, -0.8925340300600577, 0.5274810026121113]",29.118769974486256,2.180224271980965
"[0.24967329947956818, 0.6538523868266833, -0.8925350933545858, 0.5274798242672566]",29.118816405249028,2.180287104462361
"[0.24966639289504738, 0.6538528942630134, -0.8925361569474385, 0.5274786455162659]",29.118862839748502,2.180349936943758
"[0.24965948700583232, 0.6538534017300056, -0.8925372205039008, 0.5274774667300717]",29.11890927463372,2.1804127694251543
"[0.2496525805800884, 0.6538539093181882, -0.8925382842136799, 0.5274762876983965]",29.118955709430452,2.1804756019065508
"[0.24964567423156625, 0.6538544169824193, -0.8925393479822543, 0.5274751085260502]",29.11900214922732,2.1805384343879477
"[0.2496387686175189, 0.6538549246744135, -0.8925404117083713, 0.5274739293252224]",29.119048585394243,2.180601266869344
"[0.24963186092533188, 0.6538554326009722, -0.8925414758252986, 0.5274727496155862]",29.11909502442894,2.1806640993507407
"[0.24962495364547618, 0.6538559405789675, -0.8925425399494084, 0.5274715698224499]",29.119141464657645,2.180726931832137
"[0.2496180475127896, 0.6538564485543852, -0.8925436039674628, 0.5274703900713061]",29.11918790510759,2.180789764313534
"[0.24961113984317315, 0.6538569567245752, -0.8925446682930068, 0.5274692099037277]",29.119234350451915,2.1808525967949306
"[0.24960423314362146, 0.6538574649051923, -0.892545732539767, 0.5274680297479165]",29.119280790723653,2.180915429276327
"[0.24959732501448936, 0.6538579732727806, -0.8925467970775074, 0.5274668491938547]",29.11932723498555,2.180978261757724
"[0.24959041811679572, 0.6538584816315203, -0.8925478614961686, 0.5274656686962819]",29.11937368236218,2.18104109423912
"[0.2495835103463187, 0.6538589901362782, -0.892548926120023, 0.5274644878955635]",29.119420129882364,2.181103926720517
"[0.24957660164241263, 0.6538594987915516, -0.892549990958442, 0.5274633067812677]",29.11946657717795,2.1811667592019135
"[0.24956969376487798, 0.6538600074677754, -0.8925510557401872, 0.5274621256542449]",29.11951302612787,2.1812295916833104
"[0.24956278619158367, 0.65386051620338, -0.8925521205457203, 0.5274609444252509]",29.11955947551916,2.181292424164707
"[0.2495558772142124, 0.6538610251241989, -0.8925531856383931, 0.5274597628021174]",29.11960592922019,2.1813552566461034
"[0.2495489690992962, 0.653861534063288, -0.8925542506688018, 0.5274585811724604]",29.119652381761252,2.1814180891275003
"[0.24954206086063238, 0.6538620430932908, -0.892555315788976, 0.5274573993676106]",29.119698834449522,2.1814809216088964
"[0.2495351519204061, 0.6538625522567971, -0.8925563810880137, 0.5274562172886903]",29.119745290808982,2.1815437540902933
"[0.24952824300898283, 0.6538630614999956, -0.8925574464533076, 0.5274550350606322]",29.119791745457498,2.18160658657169
"[0.24952133367134371, 0.6538635708564391, -0.8925585119550246, 0.5274538526055494]",29.11983820046415,2.1816694190530863
"[0.24951442470479562, 0.6538640802673199, -0.8925595774702112, 0.5274526700599257]",29.119884660883645,2.1817322515344832
"[0.24950751515891992, 0.6538645898027569, -0.8925606431454408, 0.527451487261027]",29.119931121271353,2.1817950840158797
"[0.24950060536666974, 0.6538650994381868, -0.8925617089293734, 0.5274503042658487]",29.119977580153822,2.1818579164972762
"[0.24949369576691607, 0.6538656091412538, -0.8925627747543143, 0.5274491211495074]",29.12002404170945,2.1819207489786727
"[0.24948678634010685, 0.6538661189133975, -0.8925638406232702, 0.52744793790866]",29.12007050416905,2.1819835814600697
"[0.24947987655516904, 0.6538666287937799, -0.8925649066181683, 0.5274467544523784]",29.120116967190686,2.182046413941466
"[0.2494729660027789, 0.6538671388126494, -0.89256597280217, 0.5274455707104861]",29.12016343293182,2.1821092464228626
"[0.2494660557477758, 0.6538676488914186, -0.8925670390109925, 0.5274443868653752]",29.120209899450163,2.1821720789042596
"[0.2494591455063942, 0.6538681590510265, -0.8925681052884129, 0.5274432028684395]",29.120256364220136,2.1822349113856556
"[0.24945223504799435, 0.6538686693085065, -0.8925691716700195, 0.527442018680149]",29.120302835142528,2.1822977438670526
"[0.24944532487748314, 0.6538691796265766, -0.8925702380778943, 0.5274408343870223]",29.12034930339881,2.182360576348449
"[0.2494384142064, 0.6538696900634609, -0.8925713046337178, 0.5274396498539299]",29.12039577375321,2.182423408829846
"[0.24943150350329454, 0.6538702005845803, -0.8925723712651802, 0.5274384651611373]",29.120442245815127,2.1824862413112425
"[0.24942459270120454, 0.6538707111948476, -0.8925734379826201, 0.5274372802972037]",29.120488715825548,2.182549073792639
"[0.24941768037638665, 0.6538712219995328, -0.8925745050058171, 0.5274360950179098]",29.120535191919487,2.182611906274036
"[0.24941076975684484, 0.6538717327600416, -0.8925755718364792, 0.5274349098768364]",29.120581667707654,2.182674738755432
"[0.24940385759240008, 0.6538722437166278, -0.8925766389763451, 0.5274337243165473]",29.120628142335114,2.182737571236829
"[0.24939694559001852, 0.6538727547431219, -0.8925777061619042, 0.5274325386297835]",29.120674618219894,2.1828004037182254
"[0.2493900342504592, 0.6538732658024878, -0.8925787733158262, 0.527431352902468]",29.12072109856972,2.182863236199622
"[0.24938312218568873, 0.6538737769973639, -0.8925798406524302, 0.5274301668964614]",29.120767579189586,2.182926068681019
"[0.24937620959378318, 0.6538742883131239, -0.8925809081411467, 0.5274289806457052]",29.120814057149325,2.1829889011624153
"[0.24936929762727408, 0.6538747996645145, -0.8925819756039899, 0.5274277943479816]",29.12086053886983,2.1830517336438118
"[0.2493623854117892, 0.6538753111162146, -0.8925830431759876, 0.5274266078532327]",29.12090702201287,2.1831145661252083
"[0.24935547263831798, 0.6538758226911048, -0.8925841109048746, 0.5274254211083836]",29.120953506202717,2.183177398606605
"[0.24934855992873528, 0.6538763343431718, -0.8925851786946033, 0.5274242342201749]",29.12099999078115,2.1832402310880017
"[0.2493416469417008, 0.6538768460976848, -0.8925862465979003, 0.5274230471299882]",29.1210464780691,2.183303063569398
"[0.24933473410112805, 0.6538773579232802, -0.892587314549279, 0.5274218599105901]",29.121092964652355,2.183365896050795
"[0.24932782038960613, 0.6538778698952509, -0.8925883827059288, 0.5274206723872821]",29.121139452381442,2.183428728532191
"[0.24932090752793887, 0.6538783818862195, -0.8925894508019832, 0.5274194848555683]",29.121185940134716,2.183491561013588
"[0.24931399409788263, 0.6538788940012001, -0.8925905190565672, 0.5274182970718472]",29.12123243374501,2.1835543934949846
"[0.24930708064902016, 0.6538794061995037, -0.892591587384766, 0.5274171091305034]",29.121278924405296,2.1836172259763815
"[0.24930016739089242, 0.6538799184655903, -0.8925926557541953, 0.5274159210675614]",29.121325416833088,2.183680058457778
"[0.2492932532169426, 0.6538804308814657, -0.8925937243358693, 0.5274147326928306]",29.121371910275748,2.1837428909391745
"[0.2492863393687861, 0.6538809433551359, -0.8925947929379041, 0.5274135442196741]",29.12141840543747,2.1838057234205714
"[0.24927942478376985, 0.6538814559653818, -0.8925958617245456, 0.527412355465399]",29.121464901741927,2.1838685559019675
"[0.24927251062344888, 0.6538819686260636, -0.8925969305162567, 0.5274111666297281]",29.12151139748127,2.1839313883833644
"[0.2492655961272961, 0.6538824813935991, -0.8925979994305943, 0.5274099775818578]",29.12155789754398,2.1839942208647614
"[0.24925868124860906, 0.6538829942714606, -0.8925990684747866, 0.5274087883137345]",29.121604398428662,2.1840570533461574
"[0.2492517672649069, 0.6538835071648788, -0.8926001374513192, 0.5274075990450957]",29.121650899093083,2.1841198858275543
"[0.24924485144676806, 0.6538840202763488, -0.8926012067822009, 0.5274064093064156]",29.12169739812897,2.184182718308951
"[0.24923793654573556, 0.6538845334017381, -0.8926022760419975, 0.5274052195710134]",29.121743903987408,2.1842455507903473
"[0.24923102176820933, 0.6538850465999184, -0.8926033453534058, 0.5274040297023779]",29.121790406168078,2.1843083832717443
"[0.24922410638207074, 0.6538855599252329, -0.8926044148296465, 0.5274028395745112]",29.1218369117761,2.1843712157531407
"[0.24921719128989314, 0.6538860733106906, -0.8926054843311373, 0.5274016493427292]",29.121883417227256,2.1844340482345372
"[0.24921027458919742, 0.6538865868975581, -0.8926065541521371, 0.5274004586795272]",29.121929925119865,2.1844968807159337
"[0.2492033594496145, 0.6538871004504807, -0.8926076238023899, 0.5273992681305313]",29.121976434957602,2.1845597131973307
"[0.24919644301328778, 0.6538876141817107, -0.892608693723949, 0.5273980772036989]",29.122022943947158,2.184622545678727
"[0.2491895263606505, 0.6538881280109686, -0.8926097637497034, 0.527396886085083]",29.12206945368698,2.1846853781601236
"[0.2491826101798592, 0.653888641887183, -0.8926108337731831, 0.5273956948931265]",29.12211596691761,2.1847482106415206
"[0.24917569400232897, 0.6538891558451432, -0.8926119038668753, 0.5273945035471594]",29.122162478879122,2.184811043122917
"[0.2491687778654298, 0.6538896698820721, -0.8926129740249954, 0.527393312053616]",29.12220899280363,2.1848738756043136
"[0.24916186117379815, 0.653890184042228, -0.892614044339671, 0.5273921203099082]",29.122255507073934,2.18493670808571
"[0.24915494376779562, 0.6538906983375005, -0.8926151148356225, 0.5273909282884849]",29.12230202334975,2.184999540567107
"[0.24914802703472122, 0.6538912126647477, -0.8926161852981578, 0.5273897362284025]",29.122348541349407,2.1850623730485035
"[0.2491411099327008, 0.6538917271014386, -0.8926172558885145, 0.5273885439501058]",29.12239506087357,2.1851252055299
"[0.24913419217898555, 0.6538922416686193, -0.8926183266504678, 0.5273873514048208]",29.122441581060617,2.185188038011297
"[0.24912727519549946, 0.6538927562605197, -0.8926193973639222, 0.5273861588376728]",29.122488101783546,2.185250870492693
"[0.24912035744970984, 0.6538932709911527, -0.8926204682661018, 0.527384965984433]",29.12253462242588,2.18531370297409
"[0.2491134393657693, 0.6538937858289787, -0.8926215392913612, 0.5273837729181973]",29.122581147241732,2.1853765354554864
"[0.24910652153037333, 0.6538943007303376, -0.8926226103488697, 0.5273825797401391]",29.122627668068965,2.185439367936883
"[0.24909960272895781, 0.6538948157856447, -0.8926236816266807, 0.5273813862407439]",29.1226741934327,2.18550220041828
"[0.2490926858132149, 0.6538953307825943, -0.8926247526832343, 0.5273801929119584]",29.122720720063484,2.1855650328996763
"[0.24908576744249125, 0.653895845969907, -0.8926258240358071, 0.5273789991774533]",29.122767248926394,2.185627865381073
"[0.2490788485287227, 0.6538963612797077, -0.8926268955432097, 0.5273778051945102]",29.122813777457647,2.1856906978624693
"[0.24907193024873903, 0.6538968766243479, -0.8926279670231864, 0.5273766111662096]",29.122860307530793,2.185753530343866
"[0.24906501120187588, 0.6538973921081682, -0.8926290386926654, 0.5273754168508004]",29.122906836685072,2.1858163628252627
"[0.24905809249141678, 0.6538979076489742, -0.8926301103807687, 0.5273742224387108]",29.122953371930357,2.185879195306659
"[0.24905117313763098, 0.65389842331978, -0.8926311822392545, 0.5273730277607853]",29.12299990257433,2.185942027788056
"[0.2490442545136499, 0.6538989390182522, -0.8926322540554111, 0.5273718330541017]",29.123046435910286,2.1860048602694526
"[0.24903733547656792, 0.6538994548295608, -0.8926333260062886, 0.5273706381213284]",29.123092971213453,2.186067692750849
"[0.2490304148450884, 0.6538999708418223, -0.892634398274929, 0.5273694427583624]",29.12313950856095,2.1861305252322456
"[0.24902349565996781, 0.6539004868283119, -0.8926354703902044, 0.5273682474904131]",29.123186045954036,2.1861933577136425
"[0.2490165760370564, 0.6539010029295153, -0.8926365426440422, 0.5273670519920346]",29.123232585329898,2.186256190195039
"[0.24900965600937133, 0.6539015191429879, -0.8926376150313364, 0.5273658562688959]",29.12327912325033,2.1863190226764355
"[0.2490027361366139, 0.6539020354269826, -0.8926386874653522, 0.5273646604176964]",29.12332566603997,2.1863818551578325
"[0.2489958145732258, 0.6539025519192216, -0.8926397602321333, 0.527363464119442]",29.123372207724,2.1864446876392285
"[0.2489888948978594, 0.6539030683526579, -0.8926408327770221, 0.5273622679926598]",29.12341875148668,2.1865075201206254
"[0.24898197351349202, 0.6539035849957457, -0.8926419056575492, 0.5273610714155728]",29.123465293801065,2.186570352602022
"[0.2489750532028092, 0.653904101640783, -0.8926429784423786, 0.527359874869231]",29.1235118389737,2.1866331850834184
"[0.24896813297045364, 0.6539046183620628, -0.8926440512857907, 0.527358678181565]",29.12355838691868,2.1866960175648154
"[0.24896121078012604, 0.6539051353116614, -0.8926451245034992, 0.5273574810003832]",29.123604934033303,2.186758850046212
"[0.24895429032833602, 0.6539056522135201, -0.8926461975223976, 0.5273562839649886]",29.123651482722043,2.186821682527609
"[0.2489473692364583, 0.6539061692453, -0.8926472707112724, 0.527355086663962]",29.12369803198651,2.186884515009005
"[0.24894044703847104, 0.6539066864418306, -0.8926483441424107, 0.527353889016641]",29.12374458302484,2.1869473474904018
"[0.24893352528006937, 0.653907203687646, -0.8926494175761271, 0.5273526912904166]",29.123791134982874,2.1870101799717983
"[0.24892660488698004, 0.6539077209135485, -0.8926504908688276, 0.5273514936455174]",29.12383768849898,2.1870730124531947
"[0.24891968177552906, 0.6539082384247302, -0.8926515646538764, 0.5273502953752267]",29.123884241335933,2.1871358449345917
"[0.2489127604136619, 0.6539087558872658, -0.8926526382382971, 0.5273490972527797]",29.123930798631456,2.187198677415988
"[0.24890583846816547, 0.6539092734755603, -0.8926537119839792, 0.5273478988743364]",29.12397735367138,2.1872615098973847
"[0.24889891557075303, 0.6539097912171782, -0.8926547859480731, 0.5273467001760832]",29.124023910268676,2.187324342378781
"[0.24889199291147726, 0.6539103090231337, -0.8926558599459719, 0.5273455013640478]",29.124070470783625,2.187387174860178
"[0.2488850705056427, 0.6539108268922752, -0.8926569339752907, 0.5273443024408915]",29.124117030733075,2.1874500073415746
"[0.2488781480308398, 0.6539113448487107, -0.892658008086047, 0.5273431033507872]",29.12416359267128,2.187512839822971
"[0.24887122527780686, 0.6539118629081114, -0.8926590823107138, 0.5273419040574625]",29.124210153052783,2.187575672304368
"[0.24886430128874418, 0.6539123811421801, -0.8926601567979352, 0.5273407043949356]",29.124256717216646,2.187638504785764
"[0.24885737821567583, 0.653912899389849, -0.8926612312137563, 0.5273395047360585]",29.124303281040998,2.187701337267161
"[0.2488504550177, 0.6539134177290282, -0.8926623057197048, 0.5273383049004766]",29.124349846380458,2.1877641697485575
"[0.24884353103867632, 0.6539139362088527, -0.8926633804176248, 0.527337104774452]",29.12439641235722,2.187827002229954
"[0.24883660707532063, 0.653914454769684, -0.8926644551838655, 0.5273359044960384]",29.12444298135161,2.187889834711351
"[0.24882968430807306, 0.6539149733230861, -0.8926655298351732, 0.5273347042699132]",29.12448955022914,2.1879526671927474
"[0.24882275972270784, 0.6539154920948569, -0.8926666048394662, 0.5273335035734583]",29.12453611815616,2.1880154996741443
"[0.24881583555803974, 0.6539160109172951, -0.8926676798491995, 0.5273323027948253]",29.124582690497665,2.1880783321555404
"[0.24880891089276325, 0.6539165298594345, -0.892668755007408, 0.5273311017742373]",29.12462926125876,2.1881411646369373
"[0.24880198677545698, 0.653917048842689, -0.8926698301512824, 0.5273299006935624]",29.124675835730844,2.1882039971183342
"[0.24879506219295333, 0.6539175679430008, -0.8926709054381375, 0.5273286993770484]",29.12472240918871,2.1882668295997303
"[0.24878813724251378, 0.6539180871530955, -0.8926719808528809, 0.5273274978415345]",29.124768985375045,2.1883296620811272
"[0.24878121171133538, 0.6539186064889388, -0.8926730564285718, 0.5273262960500703]",29.124815561642354,2.1883924945625237
"[0.24877428721184422, 0.6539191258296189, -0.8926741319147808, 0.5273250942824607]",29.124862139986256,2.18845532704392
"[0.24876736148858794, 0.6539196453442915, -0.8926752076618172, 0.5273238921472642]",29.124908717302922,2.188518159525317
"[0.24876043673630874, 0.6539201648683345, -0.8926762833287806, 0.5273226900254147]",29.124955297709796,2.1885809920067136
"[0.2487535103186434, 0.6539206845995336, -0.8926773593252039, 0.5273214874592407]",29.125001878904936,2.18864382448811
"[0.248746585176127, 0.6539212043172692, -0.8926784351942862, 0.5273202849592367]",29.12504846334689,2.1887066569695066
"[0.24873965893395336, 0.6539217241997612, -0.8926795113049656, 0.5273190821130398]",29.12509504504195,2.1887694894509035
"[0.24873273349191236, 0.6539222441044082, -0.8926805873620798, 0.5273178792505739]",29.12514162914345,2.1888323219323
"[0.24872580707394099, 0.6539227641645528, -0.892681663641588, 0.5273166760633411]",29.12518821361305,2.1888951544136965
"[0.24871888141068307, 0.653923284250254, -0.8926827398745706, 0.5273154728519621]",29.12523480126117,2.1889579868950935
"[0.2487119543097539, 0.6539238045261588, -0.8926838164017278, 0.5273142692355268]",29.12528138954323,2.1890208193764895
"[0.24870502790056642, 0.6539243248323525, -0.8926848928921405, 0.5273130655839942]",29.12532797730679,2.1890836518578864
"[0.2486981007974171, 0.6539248452729209, -0.8926859695611694, 0.5273118616565656]",29.125374567200183,2.189146484339283
"[0.24869117363813498, 0.6539253657999605, -0.8926870463096871, 0.5273106575640617]",29.125421159739908,2.18920931682068
"[0.2486842476979838, 0.6539258863176243, -0.8926881229394473, 0.5273094535281865]",29.12546775019846,2.1892721493020764
"[0.2486773191902042, 0.6539264071105311, -0.8926892000391163, 0.5273082488905814]",29.12551434368642,2.189334981783473
"[0.24867039314083475, 0.6539269278008829, -0.8926902768273499, 0.5273070445251128]",29.12556093946262,2.18939781426487
"[0.24866346496699623, 0.6539274487332186, -0.8926913540166371, 0.5273058396348612]",29.12560753489669,2.189460646746266
"[0.24865653833268858, 0.6539279696320471, -0.8926924310373071, 0.5273046348570212]",29.125654129786447,2.1895234792276628
"[0.24864960953864212, 0.6539284907755737, -0.892693508464566, 0.5273034295481375]",29.125700727683597,2.1895863117090593
"[0.2486426808777066, 0.6539290119913782, -0.8926945859419037, 0.5273022241069967]",29.125747327020665,2.1896491441904558
"[0.24863575423000062, 0.6539295331379906, -0.8926956631769074, 0.527301018860766]",29.12579392623219,2.1897119766718527
"[0.2486288250584994, 0.6539300545567757, -0.8926967408751819, 0.5272998130199774]",29.125840528738863,2.189774809153249
"[0.248621896745581, 0.6539305759932466, -0.892697818510687, 0.5272986071731761]",29.125887130742257,2.1898376416346457
"[0.24861496789545343, 0.6539310975524268, -0.8926988963005189, 0.5272974010774631]",29.125933734647845,2.189900474116042
"[0.24860803893770886, 0.6539316192020094, -0.8926999741778603, 0.5272961948075688]",29.12598033844506,2.189963306597439
"[0.2486011102939238, 0.6539321409102495, -0.892701052077124, 0.5272949884368922]",29.126026943079214,2.1900261390788356
"[0.24859418208140202, 0.6539326626683168, -0.892702129980047, 0.5272937819858596]",29.126073549919152,2.190088971560232
"[0.24858725234844709, 0.653933184623163, -0.8927032081902941, 0.5272925751146306]",29.126120160804035,2.190151804041629
"[0.24858032357552923, 0.6539337065880051, -0.892704286321928, 0.5272913682551293]",29.126166766597716,2.1902146365230255
"[0.24857339466204628, 0.6539342286457368, -0.8927053645461901, 0.5272901612156794]",29.12621337542567,2.190277469004422
"[0.24856646370394433, 0.653934750939862, -0.8927064431594044, 0.527288953664507]",29.12625998788382,2.1903403014858185
"[0.2485595346176397, 0.6539352731752325, -0.8927075215520904, 0.5272877462839715]",29.12630660011175,2.1904031339672154
"[0.2485526052074495, 0.6539357955173254, -0.8927086000659409, 0.5272865386915034]",29.126353212316943,2.190465966448612
"[0.24854567453123882, 0.6539363180371845, -0.892709678847614, 0.5272853307228637]",29.126399825562544,2.1905287989300084
"[0.24853874489036454, 0.6539368405613092, -0.8927107575388986, 0.5272841227791509]",29.126446441700608,2.1905916314114053
"[0.24853181392407936, 0.6539373632677123, -0.8927118365072764, 0.5272829144488409]",29.126493059878204,2.1906544638928014
"[0.24852488383926927, 0.6539378859899699, -0.8927129154092, 0.5272817061166549]",29.12653968032838,2.1907172963741983
"[0.2485179526094611, 0.6539384088809369, -0.8927139945601581, 0.5272804974292473]",29.126586295580957,2.190780128855595
"[0.24851102154374896, 0.6539389318418748, -0.8927150737563457, 0.5272792886148632]",29.126632915489488,2.1908429613369913
"[0.24850409111814167, 0.6539394548368535, -0.8927161529236316, 0.5272780797565436]",29.1266795375243,2.1909057938183882
"[0.2484971597450864, 0.6539399779856799, -0.892717232309223, 0.5272768705773632]",29.12672615701071,2.1909686262997847
"[0.24849022791091593, 0.653940501251675, -0.8927183118374042, 0.5272756611621092]",29.126772781736737,2.191031458781181
"[0.24848329704154695, 0.6539410245271894, -0.8927193912861004, 0.5272744517595812]",29.126819406614622,2.1910942912625777
"[0.24847636534570616, 0.6539415479474664, -0.8927204709342884, 0.5272732420572029]",29.126866033997548,2.1911571237439746
"[0.2484694330623291, 0.6539420714944721, -0.8927215507447731, 0.5272720320966442]",29.126912657587724,2.191219956225371
"[0.24846250190746624, 0.6539425950386141, -0.8927226304502409, 0.5272708221774152]",29.126959289650756,2.1912827887067676
"[0.2484555696370249, 0.653943118749392, -0.8927237104002648, 0.5272696119077876]",29.127005916315674,2.1913456211881646
"[0.24844863759497787, 0.6539436425252898, -0.8927247903854832, 0.5272684015223645]",29.127052545622522,2.191408453669561
"[0.24844170595300943, 0.6539441663533233, -0.892725870379137, 0.5272671910511416]",29.127099177792548,2.1914712861509575
"[0.24843477211705198, 0.6539446904295613, -0.8927269507854226, 0.5272659800410514]",29.12714581053826,2.191534118632354
"[0.24842784036339996, 0.6539452144307918, -0.8927280309380219, 0.5272647692389526]",29.127192442166756,2.191596951113751
"[0.24842090729472205, 0.6539457386138252, -0.8927291113663156, 0.5272635580514329]",29.12723907820561,2.1916597835951475
"[0.24841397493130493, 0.6539462628259113, -0.8927301917554756, 0.5272623468314253]",29.127285713194674,2.191722616076544
"[0.2484070412276837, 0.6539467872217551, -0.8927312724242883, 0.527261135221498]",29.12733235082731,2.191785448557941
"[0.24840010874040952, 0.6539473116079911, -0.8927323529742961, 0.5272599236683991]",29.127378988320434,2.191848281039337
"[0.24839317476755746, 0.6539478361890123, -0.8927334338266433, 0.5272587116999042]",29.12742562590199,2.191911113520734
"[0.248386240917487, 0.6539483608431625, -0.8927345147306397, 0.5272574995970865]",29.12747226642758,2.1919739460021304
"[0.2483793073889832, 0.6539488855553969, -0.8927355956552884, 0.5272562873947013]",29.127518908118027,2.192036778483527
"[0.24837237315153796, 0.6539494104036943, -0.8927366767612471, 0.5272550749125847]",29.127565550263284,2.192099610964924
"[0.24836543969228572, 0.6539499352755076, -0.8927377578166558, 0.5272538624107488]",29.127612192679397,2.1921624434463203
"[0.2483585048887201, 0.6539504603315185, -0.8927388391524579, 0.5272526495180002]",29.12765883680974,2.1922252759277168
"[0.24835157073442374, 0.6539509854208002, -0.8927399204578051, 0.5272514365829866]",29.127705484376882,2.1922881084091133
"[0.2483446360454696, 0.6539515106330018, -0.8927410019173136, 0.5272502233986154]",29.127752128715578,2.19235094089051
"[0.24833770097471264, 0.6539520359565678, -0.8927420835071564, 0.5272490099915877]",29.127798776513856,2.192413773371907
"[0.24833076691883843, 0.6539525612856797, -0.8927431650094964, 0.5272477966063068]",29.127845427331053,2.192476605853303
"[0.24832383129992547, 0.6539530868156612, -0.8927442468264157, 0.5272465827916312]",29.127892079134725,2.1925394383347
"[0.24831689592606251, 0.6539536124095302, -0.8927453286759066, 0.5272453688639525]",29.127938726828102,2.1926022708160966
"[0.24830996137949385, 0.6539541380231422, -0.8927464104671264, 0.527244154925216]",29.12798537996728,2.192665103297493
"[0.2483030263298709, 0.6539546637573429, -0.8927474924076004, 0.5272429407425231]",29.12803203483606,2.19272793577889
"[0.24829609077626585, 0.6539551896121918, -0.8927485744974888, 0.5272417263157092]",29.128078690232424,2.1927907682602865
"[0.24828915539030452, 0.6539557155367647, -0.8927496566320074, 0.5272405117623721]",29.12812534578454,2.192853600741683
"[0.24828221910944318, 0.6539562416116874, -0.8927507389769511, 0.5272392968963588]",29.128172000453723,2.1929164332230795
"[0.24827528299473414, 0.6539567677564825, -0.8927518213667616, 0.5272380819035014]",29.128218657941932,2.1929792657044764
"[0.24826834721782134, 0.6539572939581262, -0.8927529037746438, 0.5272368668138728]",29.12826531742174,2.193042098185873
"[0.24826141058854256, 0.6539578203069025, -0.8927539863863426, 0.5272356514189707]",29.128311977779585,2.1931049306672694
"[0.2482544742024947, 0.6539583467197098, -0.8927550690308715, 0.5272344359107094]",29.12835863843091,2.1931677631486663
"[0.24824753745627615, 0.6539588732423365, -0.8927561518024104, 0.5272332201833506]",29.12840530111689,2.1932305956300624
"[0.2482406004632336, 0.653959399866189, -0.8927572346832741, 0.5272320042567378]",29.128451963234156,2.1932934281114593
"[0.2482336632781594, 0.6539599265871181, -0.8927583176649119, 0.527230788140453]",29.12849862814532,2.193356260592856
"[0.24822672668080623, 0.6539604533459121, -0.892759400625587, 0.5272295719711998]",29.128545294169257,2.1934190930742523
"[0.24821978908037368, 0.6539609802633748, -0.8927604838136635, 0.5272283554700613]",29.128591958663662,2.1934819255556492
"[0.24821285187791964, 0.6539615072331243, -0.8927615670103961, 0.5272271388826629]",29.128638628608805,2.1935447580370457
"[0.24820591387707375, 0.6539620343460175, -0.8927626504025946, 0.5272259219992164]",29.128685298124804,2.1936075905184427
"[0.2481989763506723, 0.6539625615053826, -0.8927637337915031, 0.5272247050429223]",29.128731968051262,2.1936704229998387
"[0.24819203879156662, 0.6539630887497409, -0.8927648172563094, 0.5272234879248394]",29.128778640402107,2.1937332554812357
"[0.24818510013510622, 0.6539636161600227, -0.8927659009632996, 0.5272222704581464]",29.128825310499252,2.193796087962632
"[0.24817816244255492, 0.6539641435795573, -0.8927669845905366, 0.5272210530045027]",29.128871985345818,2.1938589204440286
"[0.2481712244057807, 0.6539646711077719, -0.8927680683423318, 0.5272198353343802]",29.12891865922096,2.1939217529254256
"[0.24816428584866254, 0.653965198758082, -0.8927691522462053, 0.5272186174168247]",29.128965335029136,2.193984585406822
"[0.24815734666905429, 0.6539657265382732, -0.8927702363181296, 0.5272173992338679]",29.129012011801322,2.1940474178882186
"[0.24815040908541475, 0.653966254279601, -0.892771320211508, 0.5272161811749873]",29.12905868854317,2.194110250369615
"[0.2481434700238359, 0.6539667822158793, -0.8927724044065897, 0.5272149627005046]",29.12910536938429,2.194173082851012
"[0.24813653045427836, 0.6539673102733639, -0.8927734887518498, 0.5272137439806501]",29.129152047342206,2.1942359153324085
"[0.24812959168285512, 0.6539678383526585, -0.892774573043194, 0.5272125252448138]",29.12919872916516,2.194298747813805
"[0.24812265199353992, 0.6539683665843634, -0.8927756575487776, 0.5272113061915833]",29.129245411709775,2.194361580295202
"[0.24811571171739227, 0.6539688949433053, -0.8927767422168843, 0.5272100868790609]",29.12929209491906,2.194424412776598
"[0.24810877254574598, 0.653969423300717, -0.8927778267831721, 0.5272088676044022]",29.129338777904547,2.194487245257995
"[0.24810183226820468, 0.6539699518249035, -0.8927789115931146, 0.527207647979214]",29.129385464479903,2.1945500777393914
"[0.2480948928442993, 0.653970480366633, -0.8927799963404263, 0.5272064283478494]",29.129432153461195,2.194612910220788
"[0.24808795251650784, 0.6539710090597803, -0.8927810812998349, 0.5272052084013973]",29.129478840563912,2.194675742702185
"[0.24808101215625564, 0.6539715378379761, -0.892782166335125, 0.5272039882930025]",29.129525526707276,2.1947385751835813
"[0.24807407144801735, 0.653972066725269, -0.8927832514956285, 0.5272027679671767]",29.129572216727908,2.194801407664978
"[0.24806713075992948, 0.6539725956936117, -0.8927843367237897, 0.5272015474886333]",29.129618910449942,2.1948642401463743
"[0.24806018999140492, 0.6539731247506635, -0.8927854220353361, 0.527200326839688]",29.129665600615983,2.194927072627771
"[0.24805324990101668, 0.6539736538386047, -0.892786507311638, 0.527199106153749]",29.129712295183392,2.1949899051091677
"[0.24804630864248695, 0.6539741830981813, -0.8927875928414191, 0.5271978851060769]",29.129758988284436,2.195052737590564
"[0.24803936706756813, 0.653974712464495, -0.8927886784914936, 0.5271966638464265]",29.1298056848096,2.195115570071961
"[0.2480324253754642, 0.6539752419223512, -0.8927897642307115, 0.5271954424098395]",29.129852380191227,2.1951784025533576
"[0.24802548375277753, 0.6539757714575135, -0.8927908500298847, 0.527194220829151]",29.12989908071123,2.195241235034754
"[0.24801854270359983, 0.6539763010315333, -0.8927919358101507, 0.5271929991930671]",29.12994577840797,2.1953040675161506
"[0.24801160041903866, 0.6539768307824118, -0.8927930218544816, 0.5271917771832209]",29.12999247803833,2.1953668999975475
"[0.2480046587913176, 0.6539773605657847, -0.8927941078668645, 0.5271905551326455]",29.1300391819394,2.195429732478944
"[0.24799771638285253, 0.6539778904913653, -0.8927951940722081, 0.5271893327882574]",29.130085881686515,2.1954925649603405
"[0.2479907745673492, 0.6539784204542992, -0.8927962802555832, 0.5271881103919147]",29.130132586443832,2.1955553974417374
"[0.24798383107012045, 0.6539789506282636, -0.892797366772924, 0.5271868875430233]",29.130179288798367,2.1956182299231335
"[0.2479768887033767, 0.6539794807985402, -0.8927984531841815, 0.5271856647368318]",29.13022599421168,2.1956810624045304
"[0.2479699458271735, 0.6539800110903664, -0.892799539745978, 0.5271844416844905]",29.13027270109148,2.195743894885927
"[0.2479630027058982, 0.6539805414835359, -0.8928006264169481, 0.5271832184325775]",29.13031940997718,2.195806727367324
"[0.24795605928621847, 0.6539810719821594, -0.8928017132054419, 0.5271819949716405]",29.130366118332187,2.1958695598487203
"[0.24794911643927908, 0.6539816025196612, -0.8928027999751024, 0.5271807714552005]",29.13041282853825,2.195932392330117
"[0.24794217318134287, 0.6539821331712184, -0.8928038868799077, 0.5271795477098893]",29.130459540786028,2.1959952248115138
"[0.24793522939701995, 0.6539826639456557, -0.8928049739379349, 0.527178323715347]",29.130506251566448,2.19605805729291
"[0.24792828598664132, 0.6539831947741653, -0.8928060610082347, 0.5271770996302573]",29.130552964777067,2.1961208897743068
"[0.24792134263316148, 0.6539837256809744, -0.892807148140435, 0.5271758753987407]",29.13059968108426,2.1961837222557032
"[0.24791439749333247, 0.6539842568070542, -0.8928082356231598, 0.5271746506957389]",29.1306463973445,2.1962465547370997
"[0.24790745336010367, 0.6539847879388284, -0.8928093230190944, 0.5271734260137302]",29.130693111948226,2.1963093872184967
"[0.24790050908471542, 0.6539853191641471, -0.8928104105081085, 0.5271722011501415]",29.130739829967883,2.196372219699893
"[0.2478935650878441, 0.6539858504508268, -0.8928114980243186, 0.5271709761791746]",29.130786547830226,2.1964350521812896
"[0.24788662002500908, 0.6539863819017492, -0.892812585778297, 0.5271697508636218]",29.130833268767358,2.1964978846626866
"[0.2478796762764296, 0.6539869133347663, -0.8928136733972407, 0.5271685256234346]",29.13087998943995,2.196560717144083
"[0.24787273059576875, 0.6539874449983478, -0.8928147613896403, 0.5271672998857607]",29.130926711868682,2.1966235496254796
"[0.2478657858516133, 0.6539879766729343, -0.892815849306163, 0.5271660741567944]",29.130973434328272,2.196686382106876
"[0.24785884054939247, 0.6539885084729369, -0.8928169373809308, 0.5271648481727609]",29.131020159319636,2.196749214588273
"[0.24785189401124036, 0.6539890404502943, -0.8928180257201647, 0.5271636218139361]",29.131066885970082,2.1968120470696695
"[0.2478449499961929, 0.6539895723171099, -0.892819113734901, 0.5271623957439897]",29.131113611349296,2.196874879551066
"[0.24783800306329576, 0.6539901044901327, -0.8928202022776525, 0.527161169002223]",29.131160336565948,2.196937712032463
"[0.24783105764366214, 0.6539906366299397, -0.8928212906541091, 0.5271599423710648]",29.13120706780135,2.1970005445138594
"[0.2478241115413002, 0.6539911689047675, -0.8928223792083767, 0.5271587154627054]",29.13125379784789,2.197063376995256
"[0.2478171658277699, 0.6539917012325102, -0.8928234677725283, 0.5271574884664012]",29.13130052833629,2.1971262094766524
"[0.24781021855171378, 0.6539922337627413, -0.8928245566524045, 0.5271562610373941]",29.13134726217258,2.1971890419580493
"[0.24780327224257528, 0.653992766301582, -0.8928256454515607, 0.5271550336225558]",29.131393995315094,2.197251874439446
"[0.24779632529466034, 0.653993298972129, -0.8928267344216738, 0.527153805938165]",29.131440730710285,2.1973147069208423
"[0.24778937840889836, 0.653993831720645, -0.8928278234528756, 0.5271525781080726]",29.131487464746254,2.1973775394022392
"[0.24778243169728664, 0.6539943645385407, -0.8928289125276018, 0.5271513501520722]",29.13153420161046,2.1974403718836353
"[0.2477754851389414, 0.6539948974274075, -0.8928300016491194, 0.5271501220664859]",29.131580939294007,2.197503204365032
"[0.2477685367290801, 0.6539954305410777, -0.892831091131773, 0.5271488934968137]",29.13162767635478,2.1975660368464287
"[0.24776159010663962, 0.6539959636003345, -0.8928321804049912, 0.5271476650864892]",29.131674417945103,2.197628869327825
"[0.2477546429358693, 0.6539964967844153, -0.8928332698350117, 0.5271464364224793]",29.131721159688116,2.197691701809222
"[0.2477476948547938, 0.6539970301211205, -0.8928343594786174, 0.5271452074407202]",29.131767901122668,2.1977545342906186
"[0.2477407461342866, 0.6539975635896851, -0.89283544929335, 0.5271439781890697]",29.131814642963626,2.197817366772015
"[0.24773379878932233, 0.6539980970354017, -0.8928365389631736, 0.5271427490240043]",29.131861388927188,2.1978801992534116
"[0.24772685026801444, 0.6539986306542114, -0.8928376288883376, 0.5271415194940327]",29.13190813415619,2.1979430317348085
"[0.2477199017086446, 0.6539991643587308, -0.8928387188903101, 0.5271402898005134]",29.131954882461265,2.198005864216205
"[0.2477129531459376, 0.6539996981462626, -0.8928398089636438, 0.5271390599496264]",29.132001628044158,2.1980686966976015
"[0.24770600426827022, 0.6540002320407833, -0.8928408991572254, 0.5271378298861609]",29.132048378662173,2.1981315291789985
"[0.2476990557329924, 0.654000765991775, -0.8928419893679228, 0.527136599726492]",29.132095128163584,2.198194361660395
"[0.2476921071335645, 0.6540013000304886, -0.892843079659513, 0.5271353693986317]",29.13214187969677,2.1982571941417914
"[0.24768515788072926, 0.6540018342021822, -0.8928441701244673, 0.527134138798271]",29.132188630688635,2.198320026623188
"[0.247678208005883, 0.6540023685045107, -0.8928452607578714, 0.5271329079308659]",29.132235383410443,2.198382859104585
"[0.24767125883651175, 0.6540029028353916, -0.8928463513514036, 0.5271316770315521]",29.132282136704067,2.1984456915859814
"[0.24766430944901835, 0.654003437265844, -0.8928474420500011, 0.5271304459367341]",29.132328892084207,2.198508524067378
"[0.2476573593627035, 0.6540039718328472, -0.8928485329291209, 0.5271292145612251]",29.132375649791637,2.198571356548775
"[0.24765040902031404, 0.6540045065023659, -0.8928496239192818, 0.5271279829834302]",29.13242240859718,2.198634189030171
"[0.24764345894408898, 0.6540050412342246, -0.8928507149385051, 0.5271267512958875]",29.132469165169887,2.1986970215115678
"[0.2476365083616007, 0.6540055760878588, -0.8928518061080474, 0.5271255193616943]",29.132515926740982,2.1987598539929643
"[0.2476295589753349, 0.6540061109322467, -0.8928528971606235, 0.5271242874826231]",29.132562687715797,2.1988226864743607
"[0.2476226077231619, 0.6540066460030725, -0.8928539885769939, 0.5271230551158395]",29.132609450729937,2.1988855189557577
"[0.2476156571125889, 0.6540071811073416, -0.8928550799634712, 0.5271218227058484]",29.132656212661683,2.198948351437154
"[0.24760870650437966, 0.6540077162942596, -0.8928561714204163, 0.5271205901393202]",29.13270297682839,2.1990111839185507
"[0.24760175505127915, 0.6540082516290694, -0.8928572630808841, 0.5271193572659891]",29.132749742753496,2.199074016399947
"[0.2475948039404077, 0.6540087870203762, -0.8928583547584528, 0.5271181242963544]",29.132796509220007,2.199136848881344
"[0.24758785280958426, 0.6540093224960444, -0.8928594465099975, 0.5271168911662135]",29.132843273972696,2.1991996813627406
"[0.247580901305272, 0.6540098580833389, -0.8928605383910468, 0.5271156578128021]",29.132890044854125,2.199262513844137
"[0.24757394934343954, 0.654010393788743, -0.8928616304148101, 0.5271144242211881]",29.13293681405817,2.199325346325534
"[0.24756699797477616, 0.6540109295312846, -0.8928627224162393, 0.5271131905778181]",29.132983586351163,2.1993881788069305
"[0.24756004595340983, 0.6540114654069896, -0.8928638145910479, 0.5271119566615777]",29.13303035836435,2.199451011288327
"[0.24755309308363493, 0.6540120014309736, -0.8928649069700026, 0.5271107224376724]",29.133077131267086,2.1995138437697235
"[0.24754614056978053, 0.6540125375103865, -0.8928659993638941, 0.5271094881198821]",29.133123905693466,2.1995766762511204
"[0.24753918927994706, 0.6540130735782901, -0.8928670916362954, 0.5271082538623422]",29.133170680740182,2.199639508732517
"[0.24753223658992388, 0.6540136098370138, -0.8928681841995604, 0.5271070191991527]",29.133217456789623,2.1997023412139134
"[0.24752528292314394, 0.6540141462539857, -0.892869276987178, 0.527105784205367]",29.133264233772582,2.1997651736953103
"[0.2475183302137277, 0.6540146826799894, -0.8928703696951955, 0.5271045492245062]",29.133311014716643,2.1998280061767064
"[0.24751137689270036, 0.654015219236072, -0.8928714625701896, 0.5271033139778867]",29.133357794020274,2.1998908386581033
"[0.24750442395984765, 0.6540157558450869, -0.892872555455022, 0.5271020786431092]",29.133404575335422,2.1999536711395
"[0.24749747110446157, 0.6540162925310079, -0.8928736483985205, 0.5271008431649791]",29.133451355835845,2.2000165036208963
"[0.24749051702768143, 0.6540168293941097, -0.8928747416048727, 0.5270996073126599]",29.133498139595392,2.2000793361022932
"[0.24748356367643698, 0.6540173662841006, -0.8928758347680189, 0.5270983714321259]",29.133544923693208,2.2001421685836897
"[0.2474766098504816, 0.6540179032936537, -0.8928769280766479, 0.5270971353100486]",29.133591709685952,2.200205001065086
"[0.24746965513694427, 0.6540184404546625, -0.892878021595692, 0.5270958988730037]",29.1336384971051,2.2002678335464827
"[0.24746270038335422, 0.6540189777016981, -0.8928791151919012, 0.5270946622716149]",29.133685283638545,2.2003306660278796
"[0.2474557465928416, 0.6540195149572492, -0.8928802087075222, 0.5270934256842781]",29.13373206979206,2.2003934985092766
"[0.2474487917860394, 0.6540200523742441, -0.892881302453818, 0.5270921887589988]",29.13377886115323,2.2004563309906726
"[0.24744183753937038, 0.6540205898308766, -0.8928823961828773, 0.5270909517761271]",29.13382564994986,2.2005191634720696
"[0.24743488244462253, 0.6540211274359846, -0.8928834901161781, 0.5270897144851654]",29.133872443431773,2.200581995953466
"[0.24742792868964691, 0.6540216650204459, -0.8928845839095937, 0.5270884772753391]",29.13391923537046,2.2006448284348625
"[0.24742097313487058, 0.6540222028269856, -0.8928856780569691, 0.5270872395880359]",29.133966029707324,2.2007076609162595
"[0.2474140172053798, 0.6540227407454543, -0.8928867723341605, 0.5270860016767617]",29.13401282754336,2.200770493397656
"[0.2474070622752022, 0.6540232786695845, -0.8928878665249994, 0.5270847637860616]",29.13405962342781,2.2008333258790524
"[0.2474001066272716, 0.6540238167321841, -0.8928889608996176, 0.5270835256103164]",29.134106421746353,2.200896158360449
"[0.24739315011968538, 0.6540243549442293, -0.8928900554803655, 0.5270822871242443]",29.134153219589717,2.200958990841846
"[0.2473861943298154, 0.6540248931837183, -0.8928911500190457, 0.5270810486086192]",29.134200018004666,2.2010218233232424
"[0.24737923879242718, 0.6540254314866351, -0.8928922445888487, 0.5270798099806304]",29.134246819609622,2.201084655804639
"[0.24737228258691132, 0.6540259699241878, -0.8928933393346552, 0.5270785710763791]",29.134293619234015,2.201147488286036
"[0.247365325661118, 0.6540265085004904, -0.8928944342646866, 0.5270773318864611]",29.134340423804765,2.201210320767432
"[0.2473583697407941, 0.6540270470819155, -0.8928955291073278, 0.5270760927183052]",29.134387228433624,2.2012731532488288
"[0.24735141283940132, 0.6540275858222765, -0.8928966241752508, 0.5270748532180154]",29.1344340337653,2.2013359857302253
"[0.2473444560246227, 0.6540281246389136, -0.8928977193004055, 0.5270736135757779]",29.134480839926034,2.201398818211622
"[0.24733749902946497, 0.6540286635525105, -0.8928988145248199, 0.5270723737440061]",29.134527647536657,2.2014616506930187
"[0.24733054151192943, 0.6540292025895555, -0.8928999099023427, 0.5270711336617453]",29.134574457003886,2.201524483174415
"[0.247323584520067, 0.6540297416688668, -0.8929010052679677, 0.5270698935157717]",29.134621265082803,2.201587315655812
"[0.24731662649437794, 0.654030280911293, -0.892902100867241, 0.5270686530280724]",29.13466807508569,2.201650148137208
"[0.24730966878717042, 0.6540308202120364, -0.892903196487238, 0.527067412439721]",29.134714889004318,2.201712980618605
"[0.2473027108558405, 0.6540313596131596, -0.8929042922133983, 0.5270661716539596]",29.13476170016886,2.2017758131000016
"[0.24729575319031138, 0.6540318990766807, -0.8929053879685656, 0.5270649307581544]",29.134808516468976,2.201838645581398
"[0.24728879514475766, 0.6540324386526742, -0.8929064838544494, 0.5270636896371165]",29.134855330485465,2.201901478062795
"[0.24728183660266498, 0.6540329783502201, -0.8929075798894088, 0.5270624482699942]",29.134902148575076,2.2019643105441915
"[0.24727487774735732, 0.6540335181550339, -0.8929086760445868, 0.5270612066895608]",29.134948964265973,2.202027143025588
"[0.24726791986885555, 0.6540340579671144, -0.892909772116758, 0.5270599651258987]",29.134995781817995,2.2020899755069845
"[0.24726096061030653, 0.6540345979692961, -0.8929108684772038, 0.5270587231584645]",29.135042602326212,2.2021528079883814
"[0.24725400240852202, 0.6540351379724991, -0.8929119647420315, 0.5270574812221249]",29.135089423555154,2.202215640469778
"[0.24724704240751172, 0.6540356781983808, -0.8929130613612106, 0.5270562388070996]",29.13513624535819,2.2022784729511744
"[0.24724008330025593, 0.6540362184379458, -0.8929141579104454, 0.5270549963940551]",29.13518306788591,2.2023413054325713
"[0.24723312388288288, 0.654036758784602, -0.8929152545794213, 0.5270537537681275]",29.13522989318171,2.2024041379139674
"[0.2472261646209786, 0.6540372992022425, -0.892916351294768, 0.527052511012391]",29.135276715868688,2.2024669703953643
"[0.24721920462242697, 0.6540378397601401, -0.8929174481970819, 0.5270512679675299]",29.135323542472218,2.202529802876761
"[0.2472122441862124, 0.6540383804350972, -0.892918545239258, 0.5270500246868958]",29.135370370001752,2.2025926353581577
"[0.24720528482281912, 0.6540389211097687, -0.8929196421832146, 0.5270487814403134]",29.13541719750258,2.2026554678395542
"[0.2471983243388703, 0.6540394619545596, -0.8929207393746736, 0.5270475378359438]",29.13546402917412,2.2027183003209507
"[0.24719136455740728, 0.6540400028278269, -0.8929218365262691, 0.5270462941994813]",29.135510858544343,2.2027811328023477
"[0.24718440399737984, 0.6540405438446646, -0.8929229338714751, 0.527045050266279]",29.135557690818473,2.2028439652837437
"[0.24717744312703419, 0.6540410849687001, -0.8929240313364859, 0.5270438061199746]",29.13560452125158,2.2029067977651406
"[0.24717048188764462, 0.6540416262045113, -0.8929251289305677, 0.5270425617500439]",29.13565135799009,2.202969630246537
"[0.2471635207982558, 0.6540421675117473, -0.8929262265718826, 0.5270413172492577]",29.135698192205105,2.2030324627279336
"[0.24715656031395317, 0.6540427088550084, -0.892927324188657, 0.5270400726989953]",29.135745028678325,2.2030952952093306
"[0.24714959833881073, 0.6540432503973127, -0.8929284221114143, 0.5270388277244742]",29.135791865252166,2.203158127690727
"[0.24714263713005558, 0.6540437919630941, -0.8929295199841917, 0.5270375827293137]",29.135838702885856,2.2032209601721235
"[0.24713567571789088, 0.6540443336277968, -0.8929306179599273, 0.5270363375400753]",29.13588554406703,2.20328379265352
"[0.24712871354715543, 0.6540448754346299, -0.8929317161261949, 0.5270350920574269]",29.135932383138744,2.203346625134917
"[0.247121752156589, 0.6540454172638478, -0.8929328142402814, 0.5270338465566332]",29.13597922512734,2.2034094576163135
"[0.2471147896345841, 0.6540459592642428, -0.8929339126037328, 0.5270326006956638]",29.13602606829596,2.20347229009771
"[0.24710782753522811, 0.6540465013148506, -0.8929350109713944, 0.5270313547525741]",29.136072913786496,2.203535122579107
"[0.24710086550420904, 0.6540470434432487, -0.892936109399153, 0.5270301086639693]",29.136119757524984,2.2035979550605034
"[0.24709390200611756, 0.65404758576902, -0.8929372081292763, 0.5270288621549889]",29.136166604596717,2.2036607875419
"[0.24708693998778344, 0.6540481280626658, -0.8929383066967972, 0.5270276157531252]",29.136213449639325,2.2037236200232964
"[0.24707997719181132, 0.6540486705000076, -0.8929394054579068, 0.5270263690542623]",29.13626029980828,2.2037864525046933
"[0.2470730138654036, 0.6540492130618129, -0.8929405043736132, 0.5270251221026103]",29.1363071494223,2.20384928498609
"[0.24706605073191895, 0.6540497556917189, -0.8929416033297622, 0.5270238750276978]",29.13635399750301,2.2039121174674863
"[0.24705908687082856, 0.6540502984614786, -0.8929427024716414, 0.5270226276646296]",29.136400851750583,2.203974949948883
"[0.24705212302335067, 0.6540508413133307, -0.8929438016822686, 0.5270213801461484]",29.136447702511138,2.2040377824302793
"[0.24704515934509091, 0.6540513842351436, -0.8929449009370766, 0.5270201325001307]",29.136494556923495,2.204100614911676
"[0.24703819626270546, 0.6540519271936376, -0.8929460001687016, 0.527018884803042]",29.136541411941675,2.2041634473930727
"[0.24703123200126229, 0.6540524703272349, -0.8929470996573499, 0.5270176367368034]",29.13658826939897,2.204226279874469
"[0.24702426736238875, 0.6540530135734248, -0.8929481992764869, 0.5270163884450442]",29.13663512500457,2.204289112355866
"[0.247017304042701, 0.6540535567998746, -0.8929492987582212, 0.5270151402318551]",29.136681982440507,2.2043519448372626
"[0.24701033941608092, 0.6540541002114474, -0.8929503985172056, 0.5270138916264958]",29.136728843479343,2.204414777318659
"[0.24700337460605812, 0.6540546437205043, -0.8929514983760467, 0.5270126428303396]",29.13677570358765,2.2044776098000556
"[0.24699640887231716, 0.654055187384849, -0.8929525984516665, 0.5270113937105909]",29.136822564639772,2.2045404422814525
"[0.24698944469890272, 0.6540557310105684, -0.892953698351758, 0.527010144712747]",29.136869426487895,2.204603274762849
"[0.24698247945836396, 0.654056274802777, -0.8929547984912795, 0.5270088953655694]",29.136916290819656,2.2046661072442455
"[0.24697551377601198, 0.6540568187126806, -0.8929558987714865, 0.5270076457811663]",29.136963154892033,2.2047289397256424
"[0.24696854866953438, 0.6540573626607983, -0.8929569990316236, 0.527006396142119]",29.137010021655843,2.204791772207039
"[0.2469615835688785, 0.6540579066916512, -0.8929580993617287, 0.5270051463461535]",29.13705688963988,2.2048546046884354
"[0.24695461707917962, 0.6540584509142453, -0.8929591999821737, 0.5270038961428899]",29.13710375472749,2.2049174371698324
"[0.2469476510480999, 0.6540589951841518, -0.8929603006010729, 0.5270026458640054]",29.137150625763198,2.204980269651229
"[0.24694068575293532, 0.6540595394797906, -0.8929614011745829, 0.5270013955591737]",29.137197496383603,2.2050431021326253
"[0.24693371908909983, 0.654060083965598, -0.8929625020352552, 0.5270001448506303]",29.13724436701314,2.205105934614022
"[0.2469267527706415, 0.6540606285076492, -0.8929636029122507, 0.5269988940460316]",29.13729123945002,2.2051687670954188
"[0.2469197862765715, 0.6540611731466067, -0.8929647038879007, 0.526997643051909]",29.137338114116627,2.2052315995768152
"[0.24691281867953715, 0.654061717955076, -0.8929658051087711, 0.5269963917015856]",29.137384989074913,2.2052944320582117
"[0.2469058513335911, 0.6540622628271078, -0.8929669063608748, 0.526995140238322]",29.137431865618428,2.2053572645396087
"[0.2468988851027208, 0.65406280769518, -0.8929680075076211, 0.5269938888172615]",29.13747874120487,2.2054200970210047
"[0.24689191742052, 0.6540633527600095, -0.8929691089546835, 0.5269926369773855]",29.137525619403554,2.2054829295024017
"[0.24688494964799387, 0.654063897915156, -0.8929702104869365, 0.5269913849631608]",29.137572498786703,2.205545761983798
"[0.24687798243520018, 0.6540644431097485, -0.892971312001603, 0.5269901328914095]",29.137619380066912,2.2056085944651946
"[0.24687101465808015, 0.6540649884317503, -0.8929724136763936, 0.5269888805601192]",29.13766626139976,2.2056714269465916
"[0.24686404749938468, 0.6540655337885926, -0.8929735153243001, 0.5269876281818681]",29.13771314422848,2.205734259427988
"[0.24685707870591858, 0.6540660793566752, -0.8929746173016102, 0.5269863753515812]",29.137760025856736,2.2057970919093846
"[0.24685011141504243, 0.6540666248903464, -0.8929757191122136, 0.5269851226333242]",29.137806910276726,2.205859924390781
"[0.2468431421308147, 0.6540671706633857, -0.8929768213089632, 0.5269838693984557]",29.137853798584413,2.205922756872178
"[0.24683617356783194, 0.6540677164632185, -0.8929779234625607, 0.5269826161350922]",29.137900684957767,2.2059855893535745
"[0.24682920563137134, 0.6540682622972511, -0.8929790255879628, 0.5269813628262264]",29.137947574123046,2.206048421834971
"[0.24682223631122624, 0.6540688083229347, -0.8929801280031393, 0.5269801091102969]",29.13799445955576,2.206111254316368
"[0.24681526737628462, 0.6540693544017347, -0.8929812304282931, 0.5269788553054295]",29.138041350238048,2.2061740867977644
"[0.24680829862153153, 0.6540699005496861, -0.892982332895847, 0.5269776013747796]",29.138088243362677,2.206236919279161
"[0.2468013289985326, 0.6540704468489767, -0.8929834355716728, 0.5269763471296571]",29.138135133249627,2.2062997517605574
"[0.24679435954964019, 0.654070993217916, -0.8929845382908648, 0.5269750927576172]",29.138182029832326,2.2063625842419543
"[0.24678738891039317, 0.6540715397634876, -0.892985641269324, 0.5269738380130443]",29.138228923741867,2.206425416723351
"[0.24678042000742714, 0.6540720862562122, -0.8929867440439522, 0.5269725834227627]",29.138275819851597,2.2064882492047473
"[0.2467734501577401, 0.6540726329064753, -0.8929878470392986, 0.5269713285037799]",29.138322715607085,2.2065510816861442
"[0.2467664797480268, 0.6540731796839745, -0.8929889501941881, 0.5269700733256666]",29.13836961488783,2.2066139141675403
"[0.2467595089062207, 0.6540737265786934, -0.8929900534883859, 0.5269688179114213]",29.138416510602017,2.206676746648937
"[0.24675253872367395, 0.6540742735050074, -0.8929911567491551, 0.5269675624575931]",29.138463411918647,2.2067395791303337
"[0.24674556880447107, 0.6540748204939606, -0.8929922600391451, 0.5269663068929056]",29.138510312258674,2.20680241161173
"[0.2467385984150261, 0.6540753676031339, -0.892993363474478, 0.5269650510851918]",29.13855721675496,2.206865244093127
"[0.24673162640612825, 0.6540759149227644, -0.8929944672371071, 0.5269637948273345]",29.138604118908198,2.2069280765745236
"[0.24672465525234044, 0.6540764622586076, -0.8929955709352847, 0.5269625385651839]",29.138651023738667,2.2069909090559205
"[0.24671768354547183, 0.6540770097212365, -0.8929966747919519, 0.5269612820449598]",29.138697929577244,2.2070537415373166
"[0.2467107128117083, 0.6540775571907497, -0.8929977785654566, 0.5269600255417992]",29.13874483576798,2.2071165740187135
"[0.24670374113154042, 0.6540781048179533, -0.892998882559735, 0.526958768709636]",29.138791745488632,2.20717940650011
"[0.24669677012920155, 0.6540786524752659, -0.8929999865175837, 0.5269575118412714]",29.138838653577398,2.2072422389815065
"[0.2466897976887515, 0.6540792003288808, -0.893001090774106, 0.5269562545552398]",29.138885561842635,2.2073050714629034
"[0.24668282600214922, 0.6540797482066376, -0.8930021949821543, 0.5269549972466996]",29.138932474302912,2.2073679039443
"[0.2466758536102279, 0.6540802962231806, -0.8930032993728372, 0.5269537396525272]",29.138979385517036,2.2074307364256964
"[0.2466688811703425, 0.6540808443268584, -0.8930044038420406, 0.5269524818912562]",29.139026298753333,2.207493568907093
"[0.24666190870243437, 0.654081392516111, -0.8930055083866056, 0.52695122396647]",29.139073212938495,2.20755640138849
"[0.2466549357881159, 0.6540819408238374, -0.8930066130728141, 0.5269499658026708]",29.13912012888135,2.2076192338698863
"[0.2466479621106145, 0.6540824892749667, -0.8930077179508675, 0.5269487073426593]",29.139167046650655,2.207682066351283
"[0.24664098970507056, 0.6540830377094374, -0.893008822698317, 0.5269474489537037]",29.13921396449531,2.2077448988326798
"[0.2466340174678166, 0.6540835862140361, -0.893009927490009, 0.5269461904366575]",29.13926088338248,2.207807731314076
"[0.24662704321624873, 0.6540841349604987, -0.8930110326718156, 0.5269449313974884]",29.139307802854685,2.2078705637954728
"[0.24662006975243922, 0.6540846837283817, -0.8930121377997188, 0.526943672341992]",29.13935472474838,2.2079333962768692
"[0.246613095527986, 0.654085232639528, -0.8930132431191009, 0.5269424129906095]",29.139401645691567,2.2079962287582657
"[0.24660612225507192, 0.6540857815591737, -0.8930143483585995, 0.5269411536525196]",29.13944856850959,2.2080590612396627
"[0.246599148356083, 0.6540863306114969, -0.8930154537682525, 0.5269398940428229]",29.13949549240692,2.208121893721059
"[0.24659217390171767, 0.6540868797909647, -0.893016559336868, 0.5269386341742297]",29.139542418268533,2.208184726202456
"[0.24658519935443957, 0.6540874290611649, -0.8930176649911467, 0.5269373741302656]",29.139589346095043,2.208247558683852
"[0.24657822445403219, 0.6540879784426101, -0.8930187707723423, 0.5269361138638851]",29.13963627366765,2.208310391165249
"[0.24657125018681642, 0.6540885278575854, -0.8930198765240817, 0.5269348535533357]",29.13968320088903,2.2083732236466456
"[0.2465642753965481, 0.6540890773971958, -0.8930209824296775, 0.5269335929896484]",29.139730130302226,2.208436056128042
"[0.24655730044237723, 0.6540896270331488, -0.893022088432193, 0.5269323322377147]",29.139777062618027,2.208498888609439
"[0.24655032505585542, 0.6540901767866064, -0.8930231945742011, 0.5269310712489914]",29.139823993817814,2.2085617210908355
"[0.246543349775893, 0.6540907266151076, -0.8930243007702451, 0.5269298101208783]",29.139870925568324,2.208624553572232
"[0.24653637530300093, 0.6540912764634135, -0.8930254069092156, 0.5269285489800605]",29.1399178608109,2.2086873860536285
"[0.2465293992395295, 0.6540918265205645, -0.8930265133713851, 0.5269272873929561]",29.139964796273006,2.2087502185350254
"[0.24652242387499923, 0.6540923766060783, -0.893027619793625, 0.5269260257735442]",29.14001173134953,2.208813051016422
"[0.24651544691070632, 0.6540929269011626, -0.8930287265405699, 0.5269247637061373]",29.140058668180956,2.2088758834978184
"[0.24650847155415553, 0.654093477152937, -0.8930298331034069, 0.5269235017708075]",29.14010561014604,2.2089387159792153
"[0.2465014947505757, 0.6540940276022904, -0.893030939966742, 0.5269222394150128]",29.140152548639175,2.2090015484606114
"[0.24649451840494285, 0.654094578099, -0.8930320468283615, 0.5269209769833244]",29.140199490101594,2.2090643809420083
"[0.24648754164102715, 0.6540951287121871, -0.8930331538272851, 0.5269197143172037]",29.14024643026233,2.2091272134234052
"[0.24648056542394578, 0.6540956793656832, -0.8930342608103738, 0.5269184515913179]",29.140293373860803,2.2091900459048013
"[0.2464735881129487, 0.6540962301890094, -0.8930353680379862, 0.5269171885086597]",29.14034031866649,2.209252878386198
"[0.2464666106733429, 0.654096781105974, -0.893036475356955, 0.5269159252439393]",29.140387262819765,2.2093157108675947
"[0.2464596334932311, 0.6540973320859386, -0.8930375827056827, 0.5269146618674142]",29.14043421201947,2.2093785433489916
"[0.2464526559886376, 0.65409788317502, -0.8930386901768504, 0.5269133982733376]",29.140481156619074,2.209441375830388
"[0.2464456785014995, 0.6540984343462167, -0.893039797716188, 0.5269121345236184]",29.14052810666448,2.2095042083117846
"[0.24643870081639815, 0.6540989856165643, -0.8930409053578877, 0.5269108705792119]",29.14057505650853,2.2095670407931816
"[0.24643172223015156, 0.6540995370415849, -0.8930420132135913, 0.5269096063127663]",29.140622004711876,2.2096298732745776
"[0.246424745028284, 0.654100088440733, -0.8930431209204552, 0.5269083421382771]",29.14066896055709,2.2096927057559745
"[0.24641776605309976, 0.6541006400635372, -0.893044228979804, 0.5269070774836287]",29.140715911667378,2.209755538237371
"[0.24641078698062116, 0.6541011917775655, -0.8930453371255587, 0.5269058126524542]",29.140762865113572,2.2098183707187675
"[0.2464038095392899, 0.6541017434461502, -0.893046445083249, 0.526904547958054]",29.14080982113817,2.2098812032001645
"[0.2463968312142559, 0.6541022952681135, -0.8930475532521975, 0.5269032829446216]",29.140856775224663,2.209944035681561
"[0.24638985160532823, 0.6541028472751445, -0.8930486616959855, 0.5269020175395284]",29.140903733479934,2.2100068681629574
"[0.24638287286332852, 0.6541033992971352, -0.8930497700730411, 0.5269007521327135]",29.14095069182906,2.210069700644354
"[0.24637589384812073, 0.6541039514242669, -0.8930508785644311, 0.526899486517452]",29.140997650846003,2.210132533125751
"[0.24636891443182915, 0.6541045036666704, -0.8930519871904737, 0.5268982206705258]",29.141044612385084,2.2101953656071474
"[0.2463619345874035, 0.6541050560265002, -0.8930530959554754, 0.5268969545869973]",29.14109157412776,2.210258198088544
"[0.24635495584629746, 0.6541056083825455, -0.8930542046161485, 0.5268956885446839]",29.141138534313242,2.210321030569941
"[0.24634797530571972, 0.6541061609645751, -0.8930553136336457, 0.5268944220169453]",29.141185499374405,2.2103838630513373
"[0.2463409950424681, 0.654106713608217, -0.8930564226780404, 0.5268931553805326]",29.141232465703187,2.2104466955327338
"[0.2463340145576558, 0.6541072663529641, -0.8930575318285944, 0.5268918885449214]",29.141279430379928,2.2105095280141303
"[0.2463270359340766, 0.6541078190338666, -0.8930586407543377, 0.5268906218881496]",29.14132639902362,2.210572360495527
"[0.24632005381766356, 0.654108372074975, -0.8930597503060719, 0.5268893544383675]",29.14137336689979,2.2106351929769237
"[0.24631307312482917, 0.6541089250869191, -0.89306085970254, 0.5268880870879512]",29.141420335987036,2.21069802545832
"[0.24630609301626857, 0.6541094781361113, -0.8930619690770978, 0.5268868196846407]",29.14146730654656,2.210760857939717
"[0.24629911177492808, 0.6541100313586505, -0.8930630787026453, 0.5268855519165885]",29.141514278775155,2.210823690421113
"[0.24629213095276545, 0.6541105846315511, -0.8930641883325177, 0.5268842840656148]",29.141561249731176,2.21088652290251
"[0.24628514902983664, 0.654111138075291, -0.8930652982083237, 0.526883015855641]",29.14160822411613,2.2109493553839066
"[0.24627816734957494, 0.6541116915833943, -0.8930664081165159, 0.5268817475306581]",29.141655199547746,2.211012187865303
"[0.2462711853933221, 0.6541122451969823, -0.8930675181395458, 0.5268804789964368]",29.141702174428193,2.2110750203467
"[0.2462642045416521, 0.6541127988065701, -0.8930686280579074, 0.5268792105038378]",29.141749150891116,2.2111378528280965
"[0.2462572223151171, 0.6541133526087898, -0.8930697382658218, 0.5268779416023097]",29.14179613050731,2.211200685309493
"[0.24625023935197746, 0.654113906553061, -0.8930708486618315, 0.5268766724077628]",29.141843109986056,2.2112635177908895
"[0.24624325764135727, 0.6541144604815781, -0.893071958929626, 0.5268754032817498]",29.141890089097974,2.2113263502722864
"[0.2462362745022928, 0.6541150146070539, -0.893073069495545, 0.526874133736917]",29.141937070254592,2.211389182753683
"[0.2462292924539037, 0.6541155687295961, -0.893074179958963, 0.5268728642312297]",29.141984053282172,2.2114520152350794
"[0.24622230912715154, 0.6541161230372252, -0.893075290696664, 0.5268715943339287]",29.142031036636826,2.2115148477164763
"[0.24621532607339935, 0.654116677406834, -0.8930764014619068, 0.5268703243270673]",29.142078024589747,2.211577680197873
"[0.2462083445868794, 0.6541172317355965, -0.8930775120487959, 0.5268690544461441]",29.142125007723187,2.2116405126792693
"[0.24620135993997488, 0.65411778639896, -0.8930786232094002, 0.5268677838311249]",29.142171997633,2.211703345160666
"[0.24619437681104897, 0.6541183410254219, -0.8930797341994803, 0.5268665133330341]",29.14221898304436,2.2117661776420627
"[0.24618739293421255, 0.6541188957949333, -0.8930808453795152, 0.5268652425396444]",29.1422659725482,2.2118290101234592
"[0.24618040776425412, 0.6541194507508405, -0.8930819568362808, 0.5268639713516731]",29.14231296178093,2.2118918426048557
"[0.246173425210276, 0.6541200055825509, -0.8930830679477515, 0.526862700480556]",29.142359953220943,2.2119546750862527
"[0.2461664399537586, 0.6541205607126745, -0.8930841795602439, 0.5268614289582796]",29.142406945692873,2.2120175075676487
"[0.24615945639135955, 0.654121115791819, -0.8930852909741006, 0.5268601575851277]",29.142453939445854,2.2120803400490456
"[0.24615247095077597, 0.6541216711039279, -0.8930864027578429, 0.526858885710744]",29.142500934100468,2.212143172530442
"[0.24614548734680544, 0.6541222263536922, -0.8930875143202324, 0.5268576140114946]",29.142547930916354,2.2122060050118386
"[0.24613850307435117, 0.6541227817402663, -0.8930886260599774, 0.5268563420312422]",29.142594926616752,2.2122688374932356
"[0.24613151748120135, 0.6541233373155466, -0.8930897380809236, 0.5268550696511374]",29.142641925119637,2.212331669974632
"[0.24612453198360087, 0.6541238929669216, -0.8930908501576377, 0.5268537971290913]",29.14268892307883,2.2123945024560285
"[0.24611754713571576, 0.6541244486502978, -0.8930919622018845, 0.5268525245660748]",29.142735924131348,2.212457334937425
"[0.24611056232150139, 0.6541250044146754, -0.8930930743117282, 0.5268512518498691]",29.142782925033313,2.212520167418822
"[0.24610357654458695, 0.6541255603393407, -0.8930941866458231, 0.5268499787988984]",29.142829926076722,2.2125829999002185
"[0.24609659062900693, 0.6541261163587466, -0.8930952990729718, 0.5268487055632783]",29.14287693079276,2.212645832381615
"[0.2460896038980856, 0.6541266725267658, -0.8930964117009396, 0.5268474320196453]",29.142923934154183,2.212708664863012
"[0.2460826185472486, 0.6541272286686238, -0.8930975241800958, 0.5268461585681993]",29.142970939879408,2.2127714973444084
"[0.24607563170212202, 0.6541277850131675, -0.8930986369682101, 0.5268448846849249]",29.143017946495597,2.212834329825805
"[0.2460686454104284, 0.6541283413973612, -0.8930997497391544, 0.5268436107431365]",29.143064953007674,2.2128971623072013
"[0.2460616580485403, 0.6541288979505154, -0.8931008627515444, 0.5268423364467507]",29.14311196344799,2.2129599947885983
"[0.24605467253563654, 0.6541294544401013, -0.893101975540371, 0.5268410623281635]",29.143158972823773,2.2130228272699948
"[0.24604768550256412, 0.6541300111345119, -0.893103088642331, 0.526839787772867]",29.143205984569256,2.2130856597513913
"[0.246040697770049, 0.654130567968395, -0.8931042019267063, 0.5268385129304964]",29.143252996762037,2.213148492232788
"[0.24603371050970102, 0.6541311248483929, -0.8931053152068363, 0.5268372380147879]",29.14330000981871,2.2132113247141847
"[0.24602672307268902, 0.6541316818262122, -0.8931064285860922, 0.5268359629073603]",29.143347023276576,2.213274157195581
"[0.2460197348990936, 0.6541322389465006, -0.8931075421537029, 0.526834687506002]",29.143394039028262,2.213336989676978
"[0.24601274804928713, 0.6541327960449878, -0.893108655581336, 0.5268334121867649]",29.143441056113584,2.213399822158374
"[0.2460057603028047, 0.6541333532987166, -0.8931097692228365, 0.5268321365443541]",29.14348807425959,2.213462654639771
"[0.24599877134283593, 0.6541339107329883, -0.8931108831287241, 0.5268308605208605]",29.143535093460418,2.2135254871211676
"[0.24599178356685233, 0.6541344681565855, -0.8931119969168849, 0.5268295845539998]",29.143582112548582,2.213588319602564
"[0.2459847957763463, 0.6541350256651022, -0.8931131107783298, 0.52682830842495]",29.14362913531154,2.213651152083961
"[0.24597780701580987, 0.6541355833347677, -0.8931142248653811, 0.5268270319592033]",29.143676156184675,2.2137139845653575
"[0.24597081669613446, 0.6541361412126422, -0.8931153392719847, 0.526825755049064]",29.143723179767527,2.2137768170467544
"[0.24596382916752849, 0.654136698951542, -0.893116453304602, 0.5268244784891948]",29.14377020375203,2.2138396495281505
"[0.24595683996614764, 0.6541372569077327, -0.8931175676748918, 0.5268232014641441]",29.14381722836708,2.2139024820095474
"[0.24594985002660152, 0.654137815006654, -0.8931186822338717, 0.5268219241445828]",29.143864256012264,2.213965314490944
"[0.24594286104459204, 0.6541383731129093, -0.8931197967111527, 0.5268206468403849]",29.143911283201923,2.2140281469723404
"[0.24593587138162085, 0.6541389313573368, -0.8931209113680065, 0.5268193692521043]",29.143958312376995,2.2140909794537373
"[0.24592888232261167, 0.6541394896373146, -0.8931220259995217, 0.5268180916145963]",29.14400533950844,2.214153811935134
"[0.2459218922927118, 0.6541400480786451, -0.8931231408568627, 0.526816813639955]",29.144052371088904,2.2142166444165303
"[0.2459149021428564, 0.6541406066133698, -0.8931242558043252, 0.5268155354837109]",29.144099403285267,2.214279476897927
"[0.24590791196806674, 0.6541411652338979, -0.8931253708267527, 0.52681425716323]",29.144146436307917,2.2143423093793237
"[0.24590092164131203, 0.6541417239503841, -0.8931264859444079, 0.5268129786552725]",29.144193469312526,2.2144051418607202
"[0.24589393025041936, 0.6541422828357554, -0.8931276013028198, 0.5268116997929628]",29.144240506064268,2.2144679743421167
"[0.2458869391154406, 0.6541428417845058, -0.893128716691405, 0.5268104208177283]",29.144287541130794,2.2145308068235137
"[0.2458799485869315, 0.654143400768592, -0.8931298320542195, 0.5268091417937275]",29.144334581207108,2.2145936393049097
"[0.24587295699687509, 0.6541439599214022, -0.8931309476574053, 0.5268078624157515]",29.14438161747702,2.2146564717863066
"[0.24586596607129577, 0.654144519104909, -0.8931320632255544, 0.5268065829996194]",29.144428657161413,2.214719304267703
"[0.24585897452009184, 0.654145078422289, -0.8931331789645309, 0.5268053033092441]",29.144475696372375,2.2147821367490996
"[0.2458519832519228, 0.6541456378008712, -0.8931342947293289, 0.5268040235109073]",29.144522739241346,2.2148449692304966
"[0.24584499210460126, 0.6541461972536214, -0.8931354105458246, 0.5268027435749336]",29.144569782470988,2.214907801711893
"[0.24583800011521642, 0.6541467568576065, -0.8931365265677093, 0.5268014633250079]",29.14461682686981,2.21497063419329
"[0.24583100719937245, 0.6541473166196231, -0.893137642808478, 0.5268001827455993]",29.144663870585738,2.215033466674686
"[0.24582401534882134, 0.6541478763802103, -0.893138758950196, 0.5267989022014797]",29.144710916142678,2.215096299156083
"[0.24581702325051877, 0.6541484362444969, -0.8931398752024531, 0.5267976214521649]",29.144757963606686,2.2151591316374795
"[0.2458100309613084, 0.6541489962079261, -0.8931409915561795, 0.5267963405080638]",29.144805011487726,2.215221964118876
"[0.24580303777159743, 0.6541495563273554, -0.8931421081246783, 0.5267950592391282]",29.14485206007203,2.215284796600273
"[0.24579604441869485, 0.6541501165437451, -0.8931432247902411, 0.5267937777804101]",29.14489911131547,2.2153476290816694
"[0.2457890515715012, 0.6541506768035042, -0.8931443414460524, 0.5267924962544887]",29.144946162771998,2.215410461563066
"[0.24578205843382692, 0.6541512371704209, -0.8931454582192458, 0.5267912145154532]",29.144993215863455,2.2154732940444624
"[0.24577506498213716, 0.6541517976463894, -0.8931465751135875, 0.5267899325589684]",29.145040270690615,2.2155361265258593
"[0.24576807066568046, 0.6541523582755718, -0.8931476922170499, 0.5267886502840311]",29.145087324611666,2.215598959007256
"[0.24576107825491747, 0.6541529188358836, -0.8931488090871279, 0.5267873681985838]",29.145134380254927,2.2156617914886523
"[0.24575408401104837, 0.6541534796270501, -0.8931499263210014, 0.5267860856171042]",29.145181437851473,2.215724623970049
"[0.24574708931575295, 0.6541540405383393, -0.8931510436979975, 0.5267848027928675]",29.14522849631302,2.2157874564514453
"[0.24574009565717997, 0.6541546014503857, -0.89315216098038, 0.5267835199988393]",29.145275555186196,2.215850288932842
"[0.245733101299214, 0.6541551625024562, -0.8931532784454941, 0.5267822369165465]",29.14532261584205,2.2159131214142387
"[0.2457261064355845, 0.6541557236789854, -0.8931543960624073, 0.5267809535815409]",29.14536967708717,2.2159759538956356
"[0.24571911189334458, 0.6541562849136678, -0.8931555136989728, 0.5267796701454971]",29.14541673815914,2.216038786377032
"[0.24571211732454737, 0.6541568462344092, -0.893156631410781, 0.5267783865445862]",29.145463803814085,2.2161016188584286
"[0.24570512145642798, 0.6541574077433527, -0.893157749401236, 0.5267771025452151]",29.14551086771104,2.2161644513398255
"[0.24569812561774254, 0.6541579693338928, -0.8931588674580065, 0.5267758183911857]",29.145557932621468,2.2162272838212216
"[0.24569113147811952, 0.6541585308719636, -0.8931599853142291, 0.5267745343890375]",29.145604998952617,2.2162901163026185
"[0.24568413501408293, 0.654159092680612, -0.8931611036129724, 0.5267732498001009]",29.145652069258087,2.216352948784015
"[0.245677139263781, 0.6541596545158989, -0.8931622218686481, 0.5267719651821478]",29.145699136071425,2.2164157812654115
"[0.24567014344803106, 0.6541602164403998, -0.8931633402057935, 0.5267706803921035]",29.14574620821188,2.2164786137468084
"[0.2456631476435943, 0.6541607784479284, -0.8931644586121377, 0.5267693954440869]",29.14579327938415,2.216541446228205
"[0.24565615111426975, 0.6541613405976759, -0.8931655772053804, 0.526768110202805]",29.1458403508516,2.2166042787096014
"[0.2456491550359606, 0.6541619027951286, -0.8931666957975254, 0.526766824884302]",29.14588742436916,2.216667111190998
"[0.2456421578684688, 0.654162465164101, -0.893167814634837, 0.5267655392055441]",29.145934498862335,2.216729943672395
"[0.24563516115251255, 0.6541630275807502, -0.8931689334709643, 0.5267642534496344]",29.145981575371767,2.2167927761537913
"[0.2456281653200336, 0.6541635900103479, -0.8931700522368126, 0.5267629676959698]",29.14602865093791,2.216855608635188
"[0.24562116786054933, 0.6541641526547316, -0.8931711713338644, 0.5267616814831302]",29.146075730505036,2.2169184411165848
"[0.24561417068652272, 0.6541647153601513, -0.8931722904562789, 0.5267603951625983]",29.14612280767931,2.216981273597981
"[0.24560717279455085, 0.6541652782073066, -0.8931734097645433, 0.5267591085498956]",29.14616988756798,2.2170441060793777
"[0.24560017466299916, 0.6541658411577413, -0.8931745291821556, 0.5267578217329348]",29.146216968734514,2.2171069385607747
"[0.24559317728851604, 0.6541664041312696, -0.8931756485496807, 0.5267565348949977]",29.146264053062552,2.217169771042171
"[0.2455861794565264, 0.6541669672256102, -0.8931767680614076, 0.5267552478127197]",29.146311133472945,2.2172326035235677
"[0.24557918131353138, 0.6541675304289822, -0.8931778876939073, 0.5267539605130238]",29.1463582193821,2.217295436004964
"[0.24557218326248018, 0.6541680937089633, -0.8931790073827128, 0.526752673070018]",29.146405304482,2.217358268486361
"[0.24556518491863788, 0.6541686570965379, -0.8931801271893811, 0.5267513854128947]",29.146452391503704,2.2174211009677576
"[0.24555818658455497, 0.6541692205673227, -0.8931812470655054, 0.5267500975973487]",29.14649948020469,2.217483933449154
"[0.24555118750307373, 0.654169784182324, -0.8931823671322517, 0.5267488094839825]",29.14654656785277,2.217546765930551
"[0.24554418815047543, 0.6541703479031983, -0.8931834873134141, 0.526747521160423]",29.146593658527408,2.217609598411947
"[0.2455371891009712, 0.6541709116836931, -0.8931846075170928, 0.5267462327323652]",29.146640748775575,2.217672430893344
"[0.24553018997982273, 0.6541714755539976, -0.893185727803258, 0.5267449441308206]",29.14668784108859,2.2177352633747405
"[0.2455231903890131, 0.6541720395461833, -0.8931868482356226, 0.5267436552824921]",29.146734934034964,2.217798095856137
"[0.2455161915310203, 0.6541726035633553, -0.8931879686216977, 0.5267423664088008]",29.1467820282523,2.217860928337534
"[0.24550919090601675, 0.6541731678069898, -0.8931890893616714, 0.526741077049347]",29.14682912423723,2.2179237608189304
"[0.24550219155833392, 0.6541737320317202, -0.8931902099681778, 0.5267397877648149]",29.146876220338545,2.217986593300327
"[0.24549519075721773, 0.6541742964576832, -0.8931913308784143, 0.5267384980521828]",29.14692331633847,2.2180494257817234
"[0.2454881916642849, 0.6541748608299731, -0.8931924515861623, 0.5267372084939019]",29.146970416551547,2.2181122582631203
"[0.2454811902186769, 0.6541754254760518, -0.8931935727416614, 0.5267359183417447]",29.147017512829258,2.218175090744517
"[0.24547418947672867, 0.6541759901494627, -0.8931946938555168, 0.5267346281588416]",29.147064615557888,2.2182379232259133
"[0.24546718916019203, 0.6541765548726253, -0.8931958149722677, 0.5267333378939535]",29.147111717291644,2.2183007557073102
"[0.24546018809122686, 0.6541771197405701, -0.8931969362805499, 0.5267320473299629]",29.1471588213553,2.2183635881887067
"[0.24545318693579127, 0.6541776846995777, -0.8931980576737127, 0.5267307565896021]",29.147205925997245,2.218426420670103
"[0.24544618574720456, 0.6541782497453527, -0.8931991791432132, 0.5267294656826876]",29.147253029004535,2.2184892531514997
"[0.2454391841399056, 0.6541788149090069, -0.8932003007508174, 0.526728174538126]",29.147300136329246,2.2185520856328966
"[0.245432182451443, 0.654179380163317, -0.8932014224424569, 0.5267268832181246]",29.14734724351602,2.218614918114293
"[0.24542518051199122, 0.6541799455219941, -0.8932025442453398, 0.526725591691354]",29.14739434949939,2.2186777505956896
"[0.24541817932025492, 0.6541805109043929, -0.893203665999451, 0.5267243001420387]",29.147441460913086,2.2187405830770865
"[0.24541117653097513, 0.654181076499918, -0.8932047880805649, 0.5267230081375062]",29.147488573696695,2.2188034155584826
"[0.24540417396355055, 0.6541816421616484, -0.8932059101971719, 0.5267217160133789]",29.147535683655033,2.2188662480398795
"[0.24539717221891988, 0.6541822078410217, -0.8932070322529565, 0.5267204238805756]",29.147582797331292,2.218929080521276
"[0.24539016931768726, 0.6541827736979621, -0.8932081545651264, 0.5267191313737946]",29.147629910027025,2.2189919130026725
"[0.2453831663023054, 0.6541833396482591, -0.8932092769666304, 0.5267178386853911]",29.147677024909438,2.2190547454840694
"[0.2453761637906416, 0.654183905641993, -0.8932103993584307, 0.5267165459294009]",29.147724140321074,2.219117577965466
"[0.24536915991349675, 0.6541844718302002, -0.8932115220401452, 0.52671525276079]",29.14777125898383,2.2191804104468624
"[0.24536215679271484, 0.6541850380414252, -0.8932126446716564, 0.5267139595712236]",29.147818375144134,2.219243242928259
"[0.24535515364094795, 0.6541856043392935, -0.8932137673791667, 0.5267126662153586]",29.14786549631932,2.219306075409656
"[0.24534815023884837, 0.6541861707415461, -0.8932148901978427, 0.5267113726526723]",29.147912615017,2.2193689078910523
"[0.24534114708365784, 0.65418673720797, -0.8932160130479615, 0.5267100789750021]",29.147959736886186,2.219431740372449
"[0.24533414171130727, 0.6541873039379126, -0.8932171363246262, 0.526708784727095]",29.148006859715398,2.2194945728538458
"[0.2453271378980787, 0.654187870625887, -0.8932182594223368, 0.5267074906065956]",29.14805398598752,2.2195574053352423
"[0.2453201341076943, 0.6541884373961688, -0.8932193825874152, 0.5267061963296884]",29.148101109357853,2.2196202378166388
"[0.245313128683353, 0.6541890043828558, -0.893220506085578, 0.52670490159015]",29.148148234988415,2.2196830702980352
"[0.24530612472500143, 0.6541895713350618, -0.8932216294196685, 0.5267036069608935]",29.148195361764287,2.219745902779432
"[0.2452991193850462, 0.6541901384832881, -0.8932227530463963, 0.526702311915566]",29.148242490414507,2.2198087352608287
"[0.24529211472475357, 0.6541907056606695, -0.8932238766351505, 0.5267010168351941]",29.14828961828585,2.219871567742225
"[0.2452851095918955, 0.6541912729605118, -0.8932250003707486, 0.5266997215067332]",29.148336748724525,2.219934400223622
"[0.2452781040361634, 0.6541918403787715, -0.8932261242452327, 0.5266984259393815]",29.14838388256148,2.219997232705018
"[0.24527109885068052, 0.6541924078512453, -0.8932272481313609, 0.5266971302797657]",29.14843101407526,2.220060065186415
"[0.24526409317173425, 0.6541929754478913, -0.8932283721677031, 0.5266958343681418]",29.148478146484692,2.2201228976678116
"[0.24525708662566698, 0.6541935431990089, -0.8932294964142298, 0.5266945381353386]",29.14852528086324,2.220185730149208
"[0.24525008083281755, 0.6541941109733003, -0.893230620610946, 0.5266932418811181]",29.14857241528924,2.220248562630605
"[0.2452430744986436, 0.6541946788756844, -0.893231744965576, 0.5266919453659489]",29.148619554166373,2.2203113951120015
"[0.24523606870839362, 0.6541952468181732, -0.8932328693039612, 0.5266906487906802]",29.148666691607076,2.220374227593398
"[0.24522906190374552, 0.6541958149271412, -0.8932339938761941, 0.5266893518668442]",29.148713830880745,2.2204370600747945
"[0.2452220556991047, 0.6541963830716545, -0.8932351184231735, 0.5266880548932988]",29.14876096868611,2.2204998925561914
"[0.2452150482563188, 0.6541969514008239, -0.8932362432399408, 0.5266867575296931]",29.148808111337335,2.220562725037588
"[0.2452080410027233, 0.654197519798881, -0.8932373680973984, 0.526685460040277]",29.14885525529951,2.2206255575189844
"[0.24520103353403402, 0.6541980882986367, -0.8932384930604418, 0.5266841623501662]",29.148902396369557,2.2206883900003813
"[0.24519402666023157, 0.6541986568343758, -0.8932396179990295, 0.5266828646093634]",29.148949540361674,2.220751222481778
"[0.2451870193389808, 0.6541992254906465, -0.8932407430805027, 0.5266815666248493]",29.148996686190706,2.2208140549631743
"[0.24518001091237743, 0.6541997943208813, -0.8932418684105138, 0.5266802682746835]",29.149043833302628,2.220876887444571
"[0.24517300357507502, 0.6542003631469621, -0.8932429936366674, 0.5266789699654238]",29.149090979946905,2.2209397199259677
"[0.24516599614139253, 0.6542009320651077, -0.8932441189493413, 0.5266776714774343]",29.149138130448343,2.221002552407364
"[0.24515898671375796, 0.6542015012294218, -0.893245244653292, 0.5266763724590083]",29.14918527948256,2.2210653848887607
"[0.24515197845525413, 0.6542020703830775, -0.8932463702405428, 0.5266750734963108]",29.149232431159696,2.2211282173701576
"[0.24514497036526217, 0.6542026396073108, -0.8932474958717794, 0.5266737744039237]",29.14927958266604,2.2211910498515537
"[0.2451379616035703, 0.6542032089703775, -0.8932486216819596, 0.5266724750260747]",29.149326735049527,2.2212538823329506
"[0.24513095257853848, 0.6542037784391239, -0.8932497476055007, 0.5266711754384314]",29.149373889725506,2.2213167148143476
"[0.24512394352743877, 0.6542043479942701, -0.8932508736042893, 0.5266698756849829]",29.149421044823104,2.2213795472957436
"[0.24511693409305435, 0.6542049176648562, -0.893251999735715, 0.5266685756994635]",29.149468202197486,2.2214423797771405
"[0.24510992477085386, 0.6542054874106203, -0.8932531259201778, 0.5266672755737489]",29.149515357994375,2.221505212258537
"[0.24510291556398336, 0.6542060572313085, -0.8932542521571656, 0.5266659753084197]",29.149562515250107,2.221568044739934
"[0.2450959052729101, 0.6542066272244342, -0.8932553786394316, 0.526664674680943]",29.149609678806254,2.2216308772213305
"[0.2450888955851903, 0.6542071972528181, -0.8932565050958067, 0.5266633740043624]",29.149656836742196,2.221693709702727
"[0.24508188531405245, 0.6542077674129554, -0.8932576317170016, 0.5266620730584802]",29.14970399963183,2.221756542184124
"[0.24507487484789844, 0.6542083376732768, -0.8932587584406053, 0.5266607719153376]",29.14975116223747,2.22181937466552
"[0.2450678648666297, 0.6542089079784689, -0.8932598851573371, 0.526659470701133]",29.149798328043016,2.221882207146917
"[0.2450608536018196, 0.6542094784724195, -0.8932610121514462, 0.5266581690875725]",29.14984549271298,2.2219450396283134
"[0.2450538430418271, 0.6542100489933489, -0.8932621391033282, 0.5266568674437658]",29.149892659541432,2.22200787210971
"[0.24504683196071317, 0.6542106196410227, -0.8932632662100484, 0.5266555655420939]",29.149939825966054,2.222070704591107
"[0.24503982175305014, 0.6542111903019263, -0.8932643932474063, 0.5266542636415276]",29.149986992960823,2.2221335370725033
"[0.24503281023597864, 0.6542117611537627, -0.8932655205663452, 0.5266529613366572]",29.15003416186434,2.2221963695538998
"[0.24502579803142563, 0.6542123321459293, -0.8932666480668998, 0.5266516587429294]",29.150081333665195,2.2222592020352963
"[0.2450187869709235, 0.6542129031292857, -0.893267775454565, 0.5266503562005765]",29.150128508013932,2.222322034516693
"[0.2450117749716892, 0.6542134742734473, -0.8932689030642496, 0.526649053322658]",29.150175675816907,2.2223848669980897
"[0.2450047630578529, 0.6542140454950123, -0.8932700307312721, 0.5266477502994308]",29.150222852436308,2.222447699479486
"[0.24499775144224673, 0.6542146167766367, -0.893271158421395, 0.526646447170454]",29.150270026861193,2.222510531960883
"[0.24499073823401019, 0.6542151882724045, -0.8932722864387463, 0.5266451435842562]",29.15031720238699,2.222573364442279
"[0.2449837261329796, 0.6542157597623175, -0.8932734143490839, 0.5266438400426544]",29.15036438021994,2.222636196923676
"[0.24497671353704883, 0.6542163313769395, -0.893274542410097, 0.5266425362478325]",29.150411557886333,2.2226990294050726
"[0.24496970078791053, 0.654216903088431, -0.8932756705668279, 0.5266412322632917]",29.150458736239013,2.2227618618864695
"[0.2449626875787532, 0.65421747492181, -0.8932767988686401, 0.5266399280319642]",29.15050591742921,2.222824694367866
"[0.2449556735389183, 0.6542180469073297, -0.8932779273751832, 0.5266386234848622]",29.150553099417483,2.2228875268492625
"[0.2449486608583002, 0.6542186188663924, -0.8932790557341085, 0.5266373190293062]",29.15060028005887,2.2229503593306594
"[0.24494164756530365, 0.6542191909597999, -0.8932801842626366, 0.526636014298562]",29.15064746614779,2.2230131918120555
"[0.24493463323364348, 0.6542197632223327, -0.8932813130293851, 0.5266347092132917]",29.150694649177964,2.2230760242934524
"[0.24492762012480435, 0.6542203354695074, -0.8932824416704227, 0.526633404194242]",29.1507418345518,2.223138856774849
"[0.24492060535787383, 0.6542209079363963, -0.893283570649388, 0.5266320987053157]",29.15078902129132,2.2232016892562454
"[0.24491359168963783, 0.6542214803980336, -0.8932846995226008, 0.5266307932595419]",29.15083620951717,2.2232645217376423
"[0.24490657657738854, 0.6542220530619638, -0.8932858286993202, 0.5266294873836334]",29.150883398568617,2.223327354219039
"[0.244899562283762, 0.654222625743491, -0.8932869578153515, 0.5266281814987603]",29.15093058901259,2.2233901867004353
"[0.24489254824572082, 0.6542231984885664, -0.8932880869613099, 0.5266268755001317]",29.15097777882375,2.223453019181832
"[0.24488553277335623, 0.654223771435204, -0.8932892164092578, 0.5266255690730451]",29.151024973149706,2.2235158516632287
"[0.2448785182837889, 0.6542243443860098, -0.893290345770058, 0.5266242626675987]",29.151072166780562,2.2235786841446252
"[0.24487150316470424, 0.6542249174726728, -0.8932914753032914, 0.5266229559835163]",29.151119361002056,2.2236415166260217
"[0.24486448708155736, 0.6542254907225479, -0.8932926050628459, 0.5266216489584298]",29.151166556387786,2.2237043491074187
"[0.24485747146830417, 0.6542260640184875, -0.8932937348178244, 0.5266203418594437]",29.15121375358858,2.223767181588815
"[0.24485045582899698, 0.6542266374010098, -0.8932948646480817, 0.52661903459417]",29.15126094899354,2.2238300140702116
"[0.24484344001321673, 0.6542272108824115, -0.8932959945778427, 0.5266177271345701]",29.15130814955265,2.223892846551608
"[0.24483642400064984, 0.6542277844643624, -0.8932971246103816, 0.5266164194768386]",29.15135534997914,2.223955679033005
"[0.24482940815468254, 0.6542283581171519, -0.8932982546871673, 0.5266151116887035]",29.15140255025382,2.2240185115144016
"[0.24482239096491967, 0.6542289319643051, -0.8932993850515014, 0.5266138034885679]",29.15144975355493,2.224081343995798
"[0.2448153743141681, 0.6542295058518551, -0.8933005154001021, 0.5266124952274212]",29.151496955932178,2.224144176477195
"[0.2448083583761077, 0.6542300797655844, -0.8933016457049673, 0.5266111869376727]",29.151544161468003,2.224207008958591
"[0.24480134020449743, 0.6542306539465241, -0.8933027764407736, 0.526609878069873]",29.151591366940885,2.224269841439988
"[0.24479432378272292, 0.654231228068792, -0.8933039069657391, 0.526608569366887]",29.151638571559968,2.2243326739213845
"[0.24478730674146615, 0.6542318023262294, -0.8933050376616032, 0.5266072603868355]",29.15168577855956,2.224395506402781
"[0.2447802887335414, 0.6542323767472851, -0.8933061685843304, 0.5266059510648858]",29.151732988106676,2.224458338884178
"[0.24477327180066116, 0.6542329511648439, -0.8933072994049026, 0.5266046417819525]",29.15178019845193,2.2245211713655744
"[0.24476625363846502, 0.6542335257675462, -0.8933084304946809, 0.5266033321080592]",29.151827409386897,2.224584003846971
"[0.24475923588132914, 0.654234100421595, -0.8933095615902686, 0.5266020223481679]",29.151874621121554,2.2246468363283673
"[0.24475221734581862, 0.6542346752239042, -0.8933106928824109, 0.5266007122813903]",29.151921832332185,2.2247096688097643
"[0.2447451993795514, 0.6542352500641089, -0.8933118241538902, 0.5265994021592615]",29.151969049660803,2.2247725012911608
"[0.2447381807511108, 0.6542358250430779, -0.8933129556032047, 0.5265980917518898]",29.152016262069974,2.2248353337725573
"[0.24473116209784262, 0.6542364001086128, -0.893314087127618, 0.5265967811782412]",29.152063479691265,2.224898166253954
"[0.2447241435153278, 0.6542369752528765, -0.893315218711717, 0.5265954704561668]",29.15211069619762,2.2249609987353507
"[0.24471712463087916, 0.6542375505064179, -0.8933163504155907, 0.5265941595160503]",29.15215791400552,2.225023831216747
"[0.24471010458430378, 0.6542381259397665, -0.8933174823779514, 0.5265928481971721]",29.15220513387351,2.2250866636981437
"[0.24470308560529727, 0.6542387013701442, -0.893318614239268, 0.5265915369160384]",29.152252354629738,2.2251494961795406
"[0.24469606630771534, 0.654239276911189, -0.8933197462230504, 0.5265902254136977]",29.152299576582017,2.225212328660937
"[0.24468904657753857, 0.6542398525722589, -0.8933208783476949, 0.526588913668822]",29.152346799218865,2.2252751611423336
"[0.24468202644024414, 0.654240428351279, -0.8933220106091032, 0.5265876016861404]",29.152394022790357,2.2253379936237305
"[0.2446750065505495, 0.6542410041945774, -0.8933231429016754, 0.5265862895879724]",29.152441247262733,2.2254008261051266
"[0.24466798586220018, 0.6542415801879218, -0.8933242753941805, 0.5265849771788229]",29.15248847285558,2.2254636585865235
"[0.24466096596044518, 0.6542421562013209, -0.8933254078308971, 0.5265836647549423]",29.152535701767214,2.2255264910679204
"[0.24465394560665693, 0.6542427323363832, -0.8933265404116322, 0.5265823520847936]",29.152582928454223,2.2255893235493165
"[0.2446469243140576, 0.654243308633123, -0.8933276732149315, 0.5265810390772548]",29.152630157385143,2.2256521560307134
"[0.24463990301203423, 0.6542438850151496, -0.8933288060908716, 0.5265797259062456]",29.152677389593137,2.22571498851211
"[0.2446328818365588, 0.6542444614714279, -0.8933299390174987, 0.5265784125970352]",29.15272461883958,2.2257778209935064
"[0.24462586100607817, 0.6542450379839634, -0.8933310719595576, 0.5265770991905603]",29.152771852497466,2.2258406534749033
"[0.2446188393614936, 0.6542456146479529, -0.8933322051040944, 0.5265757854699533]",29.152819088350853,2.2259034859563
"[0.24461181889317704, 0.6542461912999326, -0.8933333381298972, 0.5265744718076073]",29.15286632082743,2.2259663184376963
"[0.24460479676793662, 0.6542467681726014, -0.8933344714942175, 0.5265731576733876]",29.15291355777171,2.226029150919093
"[0.24459777424120963, 0.6542473451628871, -0.8933356049944557, 0.5265718433021335]",29.15296079475856,2.2260919834004897
"[0.24459075190710114, 0.654247922221971, -0.8933367385347183, 0.526570528805041]",29.153008032963434,2.2261548158818862
"[0.24458372987225496, 0.6542484993410818, -0.8933378720977817, 0.5265692142020842]",29.153055270327727,2.2262176483632827
"[0.24457670766093548, 0.654249076559316, -0.8933390057604378, 0.5265678994042018]",29.153102509176293,2.2262804808446797
"[0.24456968467624488, 0.654249653925756, -0.8933401396190616, 0.5265665842995959]",29.153149752246993,2.226343313326076
"[0.24456266204818883, 0.65425023134751, -0.8933412734912177, 0.5265652690998507]",29.153196994060394,2.2264061458074726
"[0.24455563950454312, 0.6542508088469545, -0.8933424074208491, 0.5265639537539949]",29.153244238100715,2.226468978288869
"[0.24454861561806968, 0.6542513865414807, -0.8933435416384292, 0.5265626379946544]",29.15329148230529,2.226531810770266
"[0.24454159251793534, 0.6542519642559812, -0.8933446758001445, 0.5265613222206557]",29.15333872723373,2.2265946432516626
"[0.24453456858274153, 0.6542525421238342, -0.8933458101678332, 0.5265600061282218]",29.153385975432265,2.226657475733059
"[0.24452754525326142, 0.6542531200265042, -0.8933469445088114, 0.5265586899873098]",29.15343322181717,2.226720308214456
"[0.24452052149390527, 0.6542536980492049, -0.8933480789903308, 0.5265573736038501]",29.153480471023585,2.226783140695852
"[0.24451349730025276, 0.6542542761923156, -0.8933492136131169, 0.526556056976981]",29.153527720240817,2.226845973177249
"[0.2445064728244911, 0.6542548544433229, -0.8933503483525939, 0.5265547401352006]",29.153574972043188,2.2269088056586455
"[0.24449944890908634, 0.6542554327328682, -0.8933514830726618, 0.5265534232364506]",29.153622223321566,2.226971638140042
"[0.2444924246433253, 0.6542560111359302, -0.8933526179204425, 0.5265521061099843]",29.15366947733371,2.227034470621439
"[0.2444854000485367, 0.6542565896507662, -0.8933537528924969, 0.5265507887597715]",29.153716730110457,2.2270973031028354
"[0.24447837471512404, 0.6542571683111282, -0.8933548880550167, 0.5265494711089592]",29.153763985676004,2.2271601355842323
"[0.24447134989512437, 0.6542577470138901, -0.8933560232056977, 0.5265481533923672]",29.153811242900357,2.2272229680656284
"[0.24446432444272365, 0.6542583258534502, -0.893357158529692, 0.5265468353950504]",29.15385850041885,2.2272858005470253
"[0.24445729958206358, 0.6542589047289475, -0.8933582938291739, 0.5265455173466601]",29.153905757343654,2.227348633028422
"[0.24445027279005857, 0.6542594838483192, -0.8933594295119218, 0.526544198773747]",29.153953018016832,2.2274114655098183
"[0.2444432481658134, 0.654260062873731, -0.8933605649154238, 0.5265428804455099]",29.15400027739045,2.227474297991215
"[0.2444362213713904, 0.6542606421627483, -0.8933617007408264, 0.5265415615478346]",29.154047542065484,2.2275371304726117
"[0.24442919499753551, 0.6542612215018235, -0.8933628365693804, 0.5265402425669268]",29.15409480402101,2.227599962954008
"[0.2444221685603234, 0.6542618009308517, -0.8933639724793048, 0.5265389234119517]",29.154142068834947,2.2276627954354047
"[0.24441514234349804, 0.6542623804264288, -0.8933651084247233, 0.5265376041361849]",29.154189332459655,2.2277256279168016
"[0.24440811593580558, 0.6542629600224756, -0.8933662444721214, 0.5265362846624021]",29.154236599000775,2.227788460398198
"[0.24440108896099533, 0.654263539750043, -0.893367380682341, 0.5265349649199159]",29.154283865718842,2.2278512928795946
"[0.2443940618298284, 0.6542641195752521, -0.8933685169889723, 0.5265336449858488]",29.154331133975187,2.2279141253609915
"[0.24438703483824367, 0.6542646994736887, -0.8933696533441597, 0.526532324915779]",29.15437840455331,2.2279769578423876
"[0.24438000779327793, 0.6542652794612835, -0.893370789779103, 0.5265310046734454]",29.15442567412113,2.2280397903237845
"[0.2443729803268263, 0.6542658595684026, -0.8933719263533376, 0.5265296841896994]",29.154472945667806,2.228102622805181
"[0.24436595292362237, 0.6542664397550623, -0.8933730629884691, 0.5265283635555783]",29.15452021754583,2.2281654552865775
"[0.24435892495762723, 0.6542670200729501, -0.8933741997857593, 0.526527042653421]",29.154567490741766,2.2282282877679744
"[0.2443518963437605, 0.6542676005291143, -0.8933753367589855, 0.5265257214671905]",29.154614767131918,2.228291120249371
"[0.24434486829420582, 0.6542681810234479, -0.89337647371206, 0.5265244002247375]",29.154662043823123,2.228353952730768
"[0.24433784005141182, 0.654268761618517, -0.8933776107675253, 0.5265230787836531]",29.154709320878922,2.228416785212164
"[0.2443308109677773, 0.6542693423678404, -0.8933787480301654, 0.5265217570221344]",29.154756598219873,2.228479617693561
"[0.244323781916371, 0.6542699231992886, -0.8933798853587334, 0.5265204351043352]",29.154803877285286,2.2285424501749573
"[0.2443167538596926, 0.6542705040333215, -0.8933810225974742, 0.526519113211284]",29.154851158442863,2.228605282656354
"[0.24430972462106793, 0.654271085049827, -0.893382160098604, 0.5265177909335731]",29.154898439790884,2.2286681151377508
"[0.2443026955641106, 0.6542716661361143, -0.8933832976414702, 0.5265164685276706]",29.15494572264204,2.2287309476191473
"[0.24429566560375832, 0.6542722473818964, -0.89338443540168, 0.5265151457894127]",29.15499300543892,2.2287937801005437
"[0.2442886362876251, 0.6542728286592208, -0.8933855731287628, 0.526513823009979]",29.15504028913256,2.2288566125819402
"[0.2442816066861702, 0.6542734100449472, -0.8933867109731599, 0.5265125000144579]",29.155087575238827,2.228919445063337
"[0.24427457632169, 0.6542739915786034, -0.8933878490122088, 0.5265111767129032]",29.15513486145528,2.2289822775447337
"[0.24426754702162015, 0.6542745731090237, -0.893388986950085, 0.5265098534492939]",29.155182149677874,2.22904511002613
"[0.24426051622314646, 0.654275154848236, -0.8933901252016738, 0.5265085297411625]",29.1552294381732,2.229107942507527
"[0.24425348525973237, 0.6542757366859392, -0.8933912635511165, 0.5265072058394998]",29.15527673055549,2.229170774988923
"[0.2442464551221533, 0.6542763185401502, -0.8933924018379866, 0.5265058819308608]",29.155324018634783,2.22923360747032
"[0.24423942391996525, 0.6542769005672767, -0.8933935403683827, 0.5265045576593023]",29.155371310310006,2.2292964399517166
"[0.244232392871319, 0.6542774826665606, -0.8933946789450596, 0.5265032332541418]",29.155418604434868,2.2293592724331135
"[0.24422536170385442, 0.6542780648605346, -0.8933958176121212, 0.5265019086640929]",29.155465900091915,2.22942210491451
"[0.24421833104919075, 0.6542786470968849, -0.89339695626727, 0.5265005840081641]",29.155513194171636,2.2294849373959065
"[0.2442112995480509, 0.6542792294881836, -0.893398095130652, 0.5264992590302383]",29.15556049147931,2.2295477698773034
"[0.24420426694377606, 0.6542798120557431, -0.8933992342438624, 0.5264979336818575]",29.155607789274864,2.2296106023586995
"[0.2441972347227829, 0.654280394676418, -0.8934003733661471, 0.5264966082431519]",29.155655087767087,2.2296734348400964
"[0.2441902035128592, 0.6542809772981776, -0.8934015123957894, 0.5264952828324846]",29.155702388458533,2.2297362673214933
"[0.24418317017355348, 0.654281560181281, -0.893402651841543, 0.5264939568578075]",29.155749688210257,2.2297990998028894
"[0.2441761393430366, 0.6542821429413287, -0.8934037909519865, 0.5264926311935599]",29.15579698970278,2.2298619322842863
"[0.2441691056394527, 0.6542827260244101, -0.8934049305990723, 0.5264913048249757]",29.155844293528148,2.229924764765683
"[0.24416207366994558, 0.6542833090486204, -0.893406070036335, 0.5264899786207963]",29.155891597006185,2.2299875972470793
"[0.24415504041410235, 0.6542838922643761, -0.8934072097531821, 0.5264886520113938]",29.15593890314416,2.2300504297284762
"[0.24414800676950565, 0.6542844755972778, -0.8934083496041869, 0.5264873251660077]",29.155986209805825,2.2301132622098727
"[0.2441409746376245, 0.6542850588896226, -0.8934094892811814, 0.526485998443353]",29.15603351805472,2.230176094691269
"[0.2441339407219636, 0.6542856424148056, -0.8934106293184231, 0.5264846712215343]",29.156080825958686,2.2302389271726657
"[0.244126906810162, 0.6542862260246077, -0.8934117694261973, 0.526483343837733]",29.156128133787593,2.2303017596540626
"[0.24411987309067118, 0.6542868097033591, -0.893412909573955, 0.5264820163275526]",29.156175445197494,2.230364592135459
"[0.2441128390795921, 0.6542873934912324, -0.8934140498401323, 0.5264806885996384]",29.156222756863354,2.2304274246168556
"[0.24410580447771443, 0.6542879774131098, -0.8934151902732406, 0.5264793605974357]",29.15627006856471,2.2304902570982525
"[0.24409877064093682, 0.6542885613563281, -0.8934163306534696, 0.5264780325770546]",29.156317383909563,2.230553089579649
"[0.24409173673599066, 0.6542891453901617, -0.8934174711158921, 0.5264767043810527]",29.156364698055757,2.2306159220610455
"[0.2440847011927027, 0.6542897296449794, -0.8934186119151184, 0.5264753757129198]",29.1564120120463,2.230678754542442
"[0.24407766568114653, 0.6542903139821223, -0.8934197527803718, 0.5264740468879902]",29.156459330344866,2.230741587023839
"[0.24407063098311252, 0.6542908983366421, -0.8934208935848622, 0.5264727180539515]",29.156506650350515,2.2308044195052354
"[0.24406359602588354, 0.654291482797639, -0.8934220345025388, 0.5264713890081827]",29.156553969468682,2.230867251986632
"[0.24405656112405857, 0.6542920673389784, -0.8934231754823811, 0.526470059810109]",29.15660128853253,2.230930084468029
"[0.2440495255920185, 0.6542926520176472, -0.8934243166355941, 0.5264687303301545]",29.156648611438538,2.230992916949425
"[0.24404248958291494, 0.6542932368209193, -0.8934254579373516, 0.5264674005972413]",29.156695932256,2.231055749430822
"[0.24403545356105052, 0.6542938217102463, -0.8934265993123419, 0.5264660706990553]",29.156743254683235,2.2311185819122183
"[0.24402841737401595, 0.6542944066982538, -0.8934277407852926, 0.5264647406068376]",29.15679057848394,2.231181414393615
"[0.24402138107370025, 0.6542949917806709, -0.8934288823477837, 0.5264634103303363]",29.156837905901597,2.2312442468750118
"[0.24401434410184206, 0.6542955770039222, -0.8934300240903968, 0.5264620797639884]",29.156885234477425,2.2313070793564083
"[0.24400730743753743, 0.6542961622865886, -0.893431165854277, 0.5264607490929083]",29.156932559588267,2.2313699118378048
"[0.24400027103226277, 0.6542967476326966, -0.8934323076472869, 0.526459418307934]",29.15697988845313,2.2314327443192012
"[0.24399323466294912, 0.6542973330607944, -0.8934334495056154, 0.526458087366888]",29.157027219909086,2.231495576800598
"[0.24398619777743077, 0.6542979186168354, -0.8934345915188725, 0.5264567561653012]",29.157074553072025,2.2315584092819947
"[0.24397915964799552, 0.6542985043614036, -0.8934357338051827, 0.5264554245654471]",29.15712188135668,2.231621241763391
"[0.24397212242394023, 0.6542990901156336, -0.8934368760157169, 0.52645409297395]",29.157169215887034,2.231684074244788
"[0.24396508482989232, 0.6542996759856727, -0.8934380183574706, 0.5264527611494974]",29.157216551025392,2.2317469067261846
"[0.24395804689411985, 0.6543002619691798, -0.8934391608258627, 0.5264514290974118]",29.157263887560166,2.231809739207581
"[0.2439510084591267, 0.6543008480792936, -0.8934403034464686, 0.5264500967878393]",29.157311224875645,2.2318725716889776
"[0.2439439711381357, 0.6543014341816394, -0.8934414459573876, 0.5264487645261972]",29.157358559637352,2.2319354041703745
"[0.24393693141445388, 0.6543020205691531, -0.8934425889295704, 0.5264474316466471]",29.157405897664194,2.231998236651771
"[0.24392989290665051, 0.654302606940435, -0.8934437317755201, 0.5264460988342796]",29.15745323797376,2.2320610691331675
"[0.24392285530949362, 0.6543031933208702, -0.8934448745447625, 0.5264447660313732]",29.157500580388668,2.2321239016145644
"[0.24391581613961158, 0.6543037799173921, -0.8934460176405562, 0.5264434327675859]",29.157547921931407,2.2321867340959605
"[0.24390877645462775, 0.6543043666419028, -0.8934471608911816, 0.5264420992431635]",29.15759526638335,2.2322495665773574
"[0.24390173730978276, 0.6543049534064538, -0.8934483041252639, 0.5264407656579957]",29.157642610045226,2.232312399058754
"[0.24389469794255164, 0.6543055402746084, -0.8934494474666357, 0.526439431867618]",29.157689954211687,2.2323752315401504
"[0.24388765769384504, 0.654306127301312, -0.8934505910223647, 0.526438097747135]",29.157737301302383,2.2324380640215473
"[0.24388061876145997, 0.6543067143033219, -0.8934517344354472, 0.5264367637130132]",29.157784648300417,2.232500896502944
"[0.24387357855717862, 0.654307301496474, -0.8934528781263147, 0.5264354292747303]",29.157831995116357,2.2325637289843403
"[0.24386653750643725, 0.6543078888453224, -0.8934540220258836, 0.5264340945128486]",29.157879344368354,2.232626561465737
"[0.24385949746173102, 0.6543084761953334, -0.8934551658331886, 0.5264327597785458]",29.157926696065303,2.2326893939471337
"[0.24385245730736055, 0.6543090636395725, -0.8934563097294836, 0.526431424860322]",29.15797404754115,2.23275222642853
"[0.24384541649810634, 0.6543096512235498, -0.8934574538033647, 0.5264300896547632]",29.158021400564532,2.2328150589099267
"[0.24383837597050906, 0.6543102388691138, -0.8934585979026555, 0.5264287543394564]",29.158068754002123,2.2328778913913236
"[0.2438313349078454, 0.6543108266444357, -0.8934597421600748, 0.5264274187594916]",29.15811610847751,2.23294072387272
"[0.24382429346455986, 0.6543114145366432, -0.8934608865505352, 0.5264260829441231]",29.15816346397344,2.2330035563541166
"[0.24381725231459087, 0.6543120024894685, -0.8934620309645053, 0.5264247470211989]",29.158210822738255,2.233066388835513
"[0.24381020955163385, 0.6543125906621177, -0.8934631757118382, 0.5264234106289829]",29.158258180360892,2.23312922131691
"[0.2438031684058873, 0.6543131787848213, -0.8934643202674865, 0.526422074380416]",29.158305538949325,2.2331920537983065
"[0.2437961263711313, 0.6543137670669054, -0.8934654650388282, 0.5264207377998924]",29.158352899290616,2.233254886279703
"[0.24378908445715575, 0.6543143554240244, -0.8934666098617189, 0.5264194010790436]",29.15840026010971,2.2333177187611
"[0.24378204260690853, 0.6543149438609431, -0.8934677547454271, 0.5264180642070415]",29.158447624782813,2.233380551242496
"[0.2437749998107462, 0.6543155324620469, -0.8934688998541148, 0.5264167269921728]",29.158494986816194,2.233443383723893
"[0.24376795657932646, 0.6543161211846827, -0.8934700451047698, 0.5264153895313443]",29.15854235129023,2.23350621620529
"[0.24376091411026826, 0.65431670992874, -0.8934711903026487, 0.5264140520519821]",29.158589717859165,2.233569048686686
"[0.24375387200604728, 0.65431729872743, -0.893472335512373, 0.5264127144786268]",29.15863708610485,2.233631881168083
"[0.24374682829556044, 0.6543178877455829, -0.893473481054507, 0.5264113764368399]",29.15868445147092,2.2336947136494794
"[0.24373978505538083, 0.6543184768095688, -0.8934746265913441, 0.5264100383210496]",29.158731820778083,2.233757546130876
"[0.24373274134561917, 0.6543190659979969, -0.8934757722757491, 0.5264086999526856]",29.15877919070034,2.233820378612273
"[0.24372569793891127, 0.6543196552462478, -0.8934769179820481, 0.5264073614785376]",29.158826561479657,2.2338832110936693
"[0.2437186536739488, 0.6543202446514709, -0.8934780638991512, 0.526406022677916]",29.158873933761505,2.233946043575066
"[0.24371160976218686, 0.6543208341123191, -0.8934792098299903, 0.5264046837810329]",29.158921308897643,2.2340088760564623
"[0.24370456575009794, 0.6543214236667426, -0.8934803558483396, 0.5264033447016843]",29.1589686814983,2.234071708537859
"[0.24369752061401917, 0.6543220134004414, -0.8934815021207597, 0.5264020052452231]",29.159016057973023,2.2341345410192557
"[0.24369047611347788, 0.6543226031661373, -0.8934826483609719, 0.5264006657461587]",29.15906343204659,2.234197373500652
"[0.24368343129609532, 0.654323193043555, -0.8934837947239344, 0.5263993260234091]",29.1591108104285,2.234260205982049
"[0.2436763863025161, 0.654323783020933, -0.8934849411867652, 0.5263979861036926]",29.159158191481765,2.2343230384634456
"[0.24366934131351284, 0.6543243730831259, -0.8934860877200466, 0.5263966460213937]",29.159205569753382,2.234385870944842
"[0.2436622964757301, 0.6543249632178579, -0.8934872342999072, 0.5263953058043966]",29.159252950171506,2.2344487034262386
"[0.24365525054156645, 0.6543255535296535, -0.8934883811294113, 0.526393965215323]",29.159300332325714,2.2345115359076355
"[0.24364820510819124, 0.6543261438847117, -0.8934895279486025, 0.5263926245580322]",29.159347713393213,2.234574368389032
"[0.24364115901019348, 0.6543267343806886, -0.89349067494718, 0.5263912836107517]",29.15939509766806,2.2346372008704285
"[0.24363411281594413, 0.6543273249699664, -0.8934918220326299, 0.526389942481618]",29.159442484456346,2.2347000333518254
"[0.24362706680510346, 0.6543279156291024, -0.8934929691594207, 0.5263886012238596]",29.15948987061849,2.2347628658332215
"[0.2436200207381869, 0.6543285063781721, -0.8934941163665364, 0.5263872597918878]",29.15953725762748,2.2348256983146184
"[0.24361297334942097, 0.6543290973233234, -0.8934952638600837, 0.526385917944673]",29.159584646070087,2.234888530796015
"[0.243605927570329, 0.654329688218736, -0.8934964111627273, 0.5263845762403916]",29.159632036041444,2.2349513632774114
"[0.2435988804400958, 0.6543302793127088, -0.8934975587565867, 0.5263832341152377]",29.159679425409433,2.2350141957588083
"[0.24359183285406438, 0.6543308705301828, -0.893498706495884, 0.5263818917396536]",29.15972681655222,2.235077028240205
"[0.24358478603604727, 0.6543314617684851, -0.8934998541813063, 0.5263805493467526]",29.159774211452724,2.2351398607216018
"[0.24357773831412238, 0.6543320531678959, -0.8935010020851514, 0.5263792066180305]",29.159821602494972,2.235202693202998
"[0.24357069121173566, 0.6543326446005816, -0.893502149959289, 0.5263778638437204]",29.15986899896959,2.2352655256843947
"[0.2435636431791024, 0.6543332361966147, -0.8935032980561588, 0.5263765207285083]",29.159916395059664,2.2353283581657912
"[0.2435565939010879, 0.6543338279824877, -0.8935044464271242, 0.5263751772122586]",29.159963792742644,2.2353911906471877
"[0.24354954639714335, 0.654334419704715, -0.8935055945802879, 0.5263738338704528]",29.16001119000364,2.2354540231285847
"[0.2435424981829189, 0.6543350115718493, -0.893506742920372, 0.5263724902295992]",29.160058589302825,2.235516855609981
"[0.24353544936697494, 0.6543356035748175, -0.8935078914297052, 0.5263711463103209]",29.160105989116538,2.2355796880913776
"[0.24352840084068214, 0.6543361956387568, -0.8935090399630531, 0.5263698022825574]",29.160153391930887,2.235642520572774
"[0.24352135274204365, 0.6543367877520607, -0.8935101884979149, 0.5263684581726468]",29.1602007931583,2.235705353054171
"[0.24351430361834026, 0.6543373800367887, -0.8935113372710267, 0.5263671137035166]",29.160248196277994,2.2357681855355676
"[0.24350725422846864, 0.6543379724291902, -0.8935124861587304, 0.5263657690198738]",29.16029560056731,2.235831018016964
"[0.24350020377538356, 0.6543385649962788, -0.8935136352909427, 0.5263644239696177]",29.160343005631052,2.235893850498361
"[0.24349315538712957, 0.6543391574751325, -0.8935147841578153, 0.526363079149535]",29.16039041215923,2.235956682979757
"[0.24348610460535533, 0.6543397502405168, -0.893515933486049, 0.5263617337089695]",29.160437819249147,2.236019515461154
"[0.24347905455465702, 0.6543403430297794, -0.8935170827663338, 0.5263603882440937]",29.160485230045712,2.2360823479425505
"[0.24347200455517282, 0.6543409359000696, -0.8935182321094839, 0.5263590426251847]",29.16053263978007,2.2361451804239474
"[0.2434649545787756, 0.6543415288537515, -0.8935193815200815, 0.5263576968468734]",29.16058005041911,2.236208012905344
"[0.24345790501822953, 0.6543421218577834, -0.893520530934081, 0.5263563509841442]",29.16062746108721,2.2362708453867404
"[0.2434508535710064, 0.6543427151059048, -0.8935216807269212, 0.5263550045973262]",29.160674876815218,2.2363336778681373
"[0.24344380199612836, 0.6543433084501309, -0.8935228306118116, 0.526353658022248]",29.16072229049627,2.2363965103495334
"[0.24343675131717318, 0.6543439018042645, -0.8935239804218289, 0.5263523114544663]",29.1607697031368,2.2364593428309303
"[0.2434296998269876, 0.6543444953120789, -0.8935251304353584, 0.5263509645678056]",29.160817120325206,2.2365221753123268
"[0.24342264914054412, 0.6543450888376052, -0.8935262803890186, 0.5263496176707849]",29.1608645390092,2.2365850077937233
"[0.2434155959944961, 0.6543456826555691, -0.8935274308150782, 0.526348270139958]",29.16091195759532,2.23664784027512
"[0.24340854608856505, 0.6543462762860988, -0.8935285807838498, 0.5263469230642868]",29.16095937759401,2.2367106727565167
"[0.2434014932033147, 0.6543468702528872, -0.8935297313098313, 0.5263455752553895]",29.161006796539535,2.236773505237913
"[0.2433944411397898, 0.6543474642358649, -0.8935308817729936, 0.5263442274395674]",29.1610542187202,2.2368363377193097
"[0.2433873892637748, 0.6543480582884329, -0.8935320322767834, 0.5263428794956376]",29.16110164245679,2.2368991702007066
"[0.24338033723843266, 0.6543486524389857, -0.8935331828761506, 0.526341531359188]",29.161149066287027,2.236962002682103
"[0.24337328387868884, 0.6543492467873344, -0.8935343337644749, 0.5263401828036882]",29.161196491511106,2.2370248351634996
"[0.24336623091399953, 0.6543498411878267, -0.8935354846595682, 0.5263388341596846]",29.161243917239627,2.2370876676448965
"[0.2433591779557435, 0.6543504356731877, -0.8935366356248391, 0.526337485352901]",29.16129134250581,2.2371505001262926
"[0.24335212434883058, 0.6543510302986442, -0.8935377867671971, 0.5263361362580337]",29.16133877382165,2.2372133326076895
"[0.24334507158438332, 0.6543516249384896, -0.8935389378432874, 0.5263347871602819]",29.161386201401434,2.237276165089086
"[0.243338017153969, 0.6543522198042354, -0.893540089262518, 0.5263334375797823]",29.161433632873635,2.237338997570483
"[0.24333096417508435, 0.654352814633001, -0.893541240516054, 0.5263320881129304]",29.16148106268963,2.2374018300518794
"[0.24332391049824498, 0.6543534096060536, -0.8935423919547398, 0.5263307383484837]",29.161528495803644,2.237464662533276
"[0.24331685575589085, 0.6543540047544303, -0.8935435436385998, 0.5263293882160397]",29.161575929705837,2.237527495014673
"[0.24330980127786442, 0.6543545999659586, -0.8935446953505466, 0.5263280379700708]",29.16162336494769,2.237590327496069
"[0.24330274749194078, 0.6543551952045266, -0.8935458470207246, 0.526326687692486]",29.1616708000707,2.237653159977466
"[0.24329569409119858, 0.6543557904960172, -0.893546998699225, 0.5263253373245629]",29.161718237882315,2.2377159924588628
"[0.24328863843417844, 0.6543563860633965, -0.8935481508173714, 0.5263239863605292]",29.161765674596044,2.237778824940259
"[0.24328158369937078, 0.6543569816383945, -0.8935493028561647, 0.5263226354089254]",29.161813114364147,2.2378416574216557
"[0.2432745282921308, 0.6543575773556287, -0.8935504550760038, 0.5263212841643904]",29.1618605538864,2.2379044899030522
"[0.24326747239988092, 0.6543581731992949, -0.8935516074462952, 0.5263199326627752]",29.161907994516774,2.2379673223844487
"[0.24326041759416453, 0.6543587690366816, -0.8935527597103615, 0.5263185812051018]",29.161955436616726,2.2380301548658457
"[0.24325336077764056, 0.654359365129377, -0.8935539123741059, 0.5263172291980206]",29.162002880624357,2.238092987347242
"[0.2432463051222887, 0.6543599612094826, -0.8935550649194232, 0.526315877249184]",29.162050324619948,2.2381558198286386
"[0.24323924892513926, 0.6543605574208501, -0.8935562176244829, 0.5263145250323102]",29.162097770738477,2.238218652310035
"[0.24323219163396873, 0.6543611538101701, -0.8935573705795183, 0.5263131724415125]",29.1621452161861,2.238281484791432
"[0.24322513542405647, 0.6543617501936162, -0.8935585234291501, 0.5263118198936977]",29.162192666143035,2.2383443172728286
"[0.243218079866263, 0.654362346607432, -0.8935596762434618, 0.5263104673066592]",29.162240114029142,2.238407149754225
"[0.24321102374140385, 0.6543629431546664, -0.8935608292216527, 0.5263091144466826]",29.162287562678905,2.238469982235622
"[0.2432039662401832, 0.6543635399037849, -0.8935619824959897, 0.5263077611585192]",29.16233501375757,2.2385328147170185
"[0.24319690846448688, 0.6543641367616395, -0.8935631358864339, 0.5263064076534059]",29.162382466318334,2.238595647198415
"[0.24318985101567314, 0.6543647336773799, -0.8935642892947072, 0.5263050540466586]",29.162429918194057,2.2386584796798115
"[0.243182793416572, 0.6543653306913609, -0.893565442798788, 0.5263037002467607]",29.162477372314644,2.2387213121612084
"[0.24317573639416634, 0.6543659277420756, -0.8935665962798486, 0.5263023463931773]",29.16252482844815,2.238784144642605
"[0.24316867834676667, 0.6543665249650668, -0.893567749999688, 0.526300992178581]",29.162572283328025,2.2388469771240014
"[0.24316162011524475, 0.6543671222891557, -0.8935689038208778, 0.5262996377643245]",29.162619741132456,2.2389098096053983
"[0.24315456184644882, 0.6543677197019385, -0.8935700577194091, 0.526298283178551]",29.16266719950395,2.2389726420867944
"[0.24314750301449553, 0.6543683172479506, -0.8935712117812602, 0.5262969283202937]",29.162714658902303,2.2390354745681913
"[0.24314044515517844, 0.6543689147971755, -0.8935723657553318, 0.526295573484341]",29.16276211958231,2.239098307049588
"[0.2431333857534124, 0.6543695125625567, -0.8935735200528521, 0.5262942181878769]",29.16280958150556,2.2391611395309843
"[0.24312632725096514, 0.6543701103373463, -0.8935746742745685, 0.5262928628996557]",29.162857042160258,2.239223972012381
"[0.2431192678046712, 0.6543707082776408, -0.8935758287218774, 0.5262915072657695]",29.162904506898883,2.2392868044937777
"[0.24311220851235957, 0.6543713062904677, -0.893576983215258, 0.5262901514970041]",29.162951974052955,2.239349636975174
"[0.24310514929072985, 0.6543719043828774, -0.8935781377683262, 0.526288795577368]",29.162999439305782,2.2394124694565707
"[0.2430980892348651, 0.6543725026315566, -0.8935792925290925, 0.526287439333012]",29.163046906475056,2.2394753019379676
"[0.24309102908497207, 0.6543731009737984, -0.8935804473764976, 0.5262860829060952]",29.16309437287708,2.239538134419364
"[0.2430839691783726, 0.6543736993810111, -0.8935816022553601, 0.5262847263614286]",29.16314184216171,2.2396009669007606
"[0.2430769086446687, 0.6543742979269948, -0.8935827573080626, 0.526283369531729]",29.16318931101635,2.2396637993821575
"[0.2430698475088214, 0.6543748966096116, -0.8935839125305426, 0.5262820124218012]",29.16323678379496,2.239726631863554
"[0.24306278804898118, 0.6543754952357332, -0.8935850675500641, 0.5262806554694697]",29.163284255244708,2.2397894643449505
"[0.24305572645860044, 0.6543760941281349, -0.8935862229894331, 0.5262792979430543]",29.163331728986464,2.239852296826347
"[0.2430486662692374, 0.6543766929873247, -0.893587378270813, 0.5262779405214285]",29.16337920284379,2.239915129307744
"[0.2430416046474697, 0.6543772920536385, -0.8935885338578436, 0.5262765826598235]",29.16342667892452,2.2399779617891404
"[0.24303454367764646, 0.6543778911502678, -0.8935896894094438, 0.5262752247590003]",29.163474156057035,2.240040794270537
"[0.2430274816251709, 0.6543784904243937, -0.8935908452094897, 0.5262738664853601]",29.163521632826445,2.240103626751934
"[0.24302042090506212, 0.6543790896710733, -0.893592000862725, 0.5262725083034029]",29.163569111432523,2.24016645923333
"[0.24301335884755818, 0.6543796891168977, -0.8935931568061151, 0.5262711496995677]",29.16361659262224,2.240229291714727
"[0.24300629687779957, 0.6543802886409178, -0.8935943128064039, 0.5262697909479789]",29.163664070622257,2.2402921241961233
"[0.2429992343104929, 0.6543808883013212, -0.8935954689757749, 0.5262684319167618]",29.163711555868595,2.24035495667752
"[0.24299217214713065, 0.6543814880130866, -0.8935966251502792, 0.5262670727986092]",29.163759036779584,2.2404177891589168
"[0.24298510889377217, 0.6543820879030618, -0.8935977815745048, 0.5262657133060193]",29.163806520759767,2.2404806216403133
"[0.24297804592119548, 0.6543826878548699, -0.8935989380240297, 0.5262643537027613]",29.163854006177,2.2405434541217097
"[0.24297098316706955, 0.654383287873788, -0.8936000945090496, 0.5262629939768616]",29.16390149263449,2.2406062866031062
"[0.2429639204002776, 0.6543838879794456, -0.8936012510674031, 0.5262616340838301]",29.16394898156585,2.240669119084503
"[0.24295685678633375, 0.6543844882427631, -0.8936024078357506, 0.5262602738629565]",29.16399646927174,2.2407319515658997
"[0.2429497928457027, 0.6543850886195621, -0.8936035647288704, 0.5262589134143857]",29.164043956769813,2.240794784047296
"[0.24294272951202642, 0.6543856890304143, -0.893604721593855, 0.5262575529180221]",29.164091448445085,2.240857616528693
"[0.24293566553659526, 0.6543862895815113, -0.8936058786352175, 0.5262561921332857]",29.16413894024397,2.2409204490100896
"[0.24292860111508727, 0.6543868902562486, -0.8936070358209196, 0.5262548310978148]",29.164186433728457,2.240983281491486
"[0.24292153697812952, 0.6543874909924909, -0.8936081930312811, 0.5262534699523809]",29.16423392837855,2.2410461139728826
"[0.24291447282654868, 0.6543880918156854, -0.8936093503153043, 0.5262521086393311]",29.164281421156552,2.2411089464542795
"[0.2429074076959939, 0.6543886928078454, -0.8936105078309869, 0.5262507469728209]",29.164328914850795,2.241171778935676
"[0.24290034300088478, 0.654389293848689, -0.8936116653466013, 0.5262493852253982]",29.164376415122433,2.2412346114170725
"[0.2428932784190392, 0.6543898949656091, -0.8936128229149247, 0.5262480233349855]",29.16442391311558,2.2412974438984694
"[0.2428862133573605, 0.6543904962090772, -0.8936139806331417, 0.5262466611872323]",29.16447141213337,2.2413602763798655
"[0.2428791479523094, 0.6543910975674972, -0.8936151384789007, 0.5262452988084132]",29.16451891201192,2.2414231088612624
"[0.24287208288414525, 0.6543916989829692, -0.8936162963407206, 0.5262439363296961]",29.164566413387746,2.241485941342659
"[0.24286501670076252, 0.6543923005791186, -0.8936174544565894, 0.526242573471015]",29.164613915100567,2.2415487738240554
"[0.2428579509937727, 0.6543929022204539, -0.893618612565656, 0.5262412105393149]",29.164661419877962,2.2416116063054523
"[0.2428508842471798, 0.6543935040360679, -0.893619770916406, 0.5262398472421521]",29.164708922691254,2.241674438786849
"[0.24284381919682935, 0.6543941057929635, -0.8936209290603786, 0.5262384841073315]",29.164756428650314,2.2417372712682457
"[0.24283675119990134, 0.6543947078866098, -0.8936220877586676, 0.526237120239018]",29.164803933104608,2.241800103749642
"[0.24282968539442007, 0.6543953098793309, -0.8936232461689745, 0.526235756628638]",29.16485144377714,2.2418629362310387
"[0.2428226182655587, 0.6543959120705707, -0.8936244048675255, 0.5262343925978962]",29.164898952300693,2.2419257687124357
"[0.24281555155908355, 0.6543965143115915, -0.8936255635681019, 0.5262330284837058]",29.164946463845574,2.2419886011938317
"[0.24280848468666902, 0.6543971166525157, -0.8936267223671626, 0.5262316641725198]",29.164993974203938,2.2420514336752286
"[0.24280141668698854, 0.6543977191753165, -0.8936278814223584, 0.5262302994786829]",29.165041485488604,2.242114266156625
"[0.24279434889750676, 0.6543983217659946, -0.8936290405143745, 0.5262289346604009]",29.165088997957646,2.2421770986380216
"[0.24278728175178876, 0.6543989243875694, -0.8936301995720924, 0.5262275698014216]",29.165136511224873,2.2422399311194186
"[0.2427802129606087, 0.6543995272352593, -0.8936313589709717, 0.5262262044596004]",29.165184026579645,2.242302763600815
"[0.24277314515824494, 0.6544001300844222, -0.8936325182789542, 0.5262248391437163]",29.165231544507574,2.2423655960822115
"[0.24276607680787984, 0.6544007330661513, -0.8936336777481069, 0.5262234735568854]",29.16527906094124,2.242428428563608
"[0.2427590085278319, 0.6544013361276525, -0.8936348372770129, 0.526222107818614]",29.165326580260498,2.242491261045005
"[0.24275194007949025, 0.6544019392893394, -0.8936359969048089, 0.5262207418827238]",29.165374099359124,2.2425540935264014
"[0.24274487151289517, 0.6544025425469318, -0.8936371566232884, 0.5262193757588898]",29.165421620055128,2.242616926007798
"[0.24273780308465154, 0.6544031458785293, -0.8936383163903475, 0.5262180094967033]",29.16546914112822,2.242679758489195
"[0.24273073295533024, 0.6544037494411662, -0.8936394765078156, 0.5262166427405611]",29.16551666343463,2.242742590970591
"[0.24272366392685069, 0.6544043529956605, -0.8936406365159392, 0.5262152760320874]",29.165564189990626,2.242805423451988
"[0.24271659335026796, 0.654404956768187, -0.8936417968494065, 0.5262139088591234]",29.16561171154105,2.2428682559333843
"[0.24270952440052235, 0.6544055604876291, -0.8936429569871828, 0.5262125418355773]",29.165659238885713,2.2429310884147813
"[0.24270245413222097, 0.6544061644055319, -0.8936441174126507, 0.5262111743918617]",29.16570676711788,2.2429939208961778
"[0.2426953845914428, 0.6544067683471376, -0.893645277789998, 0.526209806923679]",29.16575429436436,2.2430567533775743
"[0.2426883141791002, 0.6544073724490561, -0.8936464383816948, 0.5262084391217083]",29.165801824178484,2.243119585858971
"[0.24268124375761818, 0.6544079766376167, -0.8936475990461858, 0.5262070711527556]",29.16584935292615,2.2431824183403672
"[0.24267417256867843, 0.6544085809776369, -0.8936487599079634, 0.5262057028700684]",29.165896884186278,2.243245250821764
"[0.2426671022106117, 0.6544091853325126, -0.89364992070463, 0.5262043345829258]",29.165944417435398,2.2433080833031607
"[0.24266003098496425, 0.654409789847425, -0.8936510817150314, 0.5262029659626289]",29.165991950083047,2.243370915784557
"[0.24265296017326585, 0.6544103944128247, -0.8936522427287591, 0.526201597257196]",29.1660394844612,2.243433748265954
"[0.2426458882389642, 0.6544109991601026, -0.8936534039981201, 0.5262002281691655]",29.16608702106247,2.2434965807473506
"[0.24263881670889237, 0.6544116039587065, -0.8936545652724042, 0.5261988589940955]",29.166134556990443,2.243559413228747
"[0.24263174569350837, 0.6544122087991738, -0.8936557265334552, 0.5261974897533992]",29.166182094420478,2.2436222457101436
"[0.2426246732665338, 0.6544128138463043, -0.8936568880976317, 0.5261961200740183]",29.166229634883052,2.2436850781915405
"[0.24261760108075905, 0.6544134189586838, -0.8936580496934998, 0.526194750276044]",29.166277174602506,2.243747910672937
"[0.24261052802919247, 0.6544140242310803, -0.8936592115028849, 0.5261933801449888]",29.166324714997607,2.2438107431543335
"[0.24260345723842966, 0.6544146293959029, -0.8936603730121934, 0.526192010286567]",29.166372258076596,2.2438735756357304
"[0.24259638307142484, 0.6544152349356137, -0.8936615351474299, 0.5261906396086611]",29.166419799773955,2.243936408117127
"[0.24258931072933743, 0.6544158404050499, -0.8936626970541734, 0.5261892691189525]",29.166467343079287,2.2439992405985234
"[0.24258223700072568, 0.6544164460791108, -0.8936638592600209, 0.5261878981951689]",29.1665148907411,2.24406207307992
"[0.24257516481307984, 0.6544170517071629, -0.8936650212839807, 0.5261865274046367]",29.16656243552886,2.244124905561317
"[0.24256809063809828, 0.6544176575913406, -0.8936661837057904, 0.5261851560634774]",29.166609983518185,2.2441877380427133
"[0.24256101727902485, 0.6544182634916075, -0.8936673460648344, 0.526183784715019]",29.1666575304362,2.24425057052411
"[0.24255394333511468, 0.6544188695278713, -0.8936685085912973, 0.5261824130877901]",29.16670508013194,2.2443134030055067
"[0.24254686936728037, 0.6544194756521734, -0.8936696711929975, 0.52618104129042]",29.166752630580667,2.244376235486903
"[0.2425397946136014, 0.6544200819297645, -0.8936708339951691, 0.5261796691751839]",29.166800185067963,2.2444390679682997
"[0.24253272038346074, 0.6544206882484626, -0.8936719967826025, 0.5261782969959902]",29.166847736493448,2.244501900449696
"[0.2425256461234544, 0.6544212946556865, -0.8936731596462505, 0.5261769246455136]",29.166895289177422,2.2445647329310927
"[0.2425185714819622, 0.6544219011815741, -0.8936743226439151, 0.5261755520555376]",29.166942845025144,2.2446275654124896
"[0.24251149610977987, 0.6544225078560978, -0.8936754858330158, 0.5261741791582506]",29.166990400232706,2.244690397893886
"[0.2425044212473365, 0.6544231145728923, -0.8936766490096272, 0.5261728061943449]",29.16703795776135,2.2447532303752826
"[0.24249734639359447, 0.6544237213749292, -0.8936778122561129, 0.5261714330665843]",29.16708551543513,2.244816062856679
"[0.2424902703422706, 0.6544243283656634, -0.893678975770826, 0.5261700595408377]",29.167133075048202,2.244878895338076
"[0.24248319542624214, 0.6544249353450086, -0.8936801391701686, 0.5261686860698945]",29.167180636596658,2.2449417278194725
"[0.24247611956231682, 0.654425542491675, -0.8936813027966957, 0.5261673122493551]",29.16722819519555,2.245004560300869
"[0.24246904349665355, 0.6544261497416597, -0.8936824665277152, 0.5261659382240459]",29.167275760182758,2.245067392782266
"[0.24246196736862993, 0.6544267570830059, -0.8936836303403065, 0.5261645640210189]",29.16732332119167,2.2451302252636625
"[0.24245489088356892, 0.6544273645410149, -0.893684794282938, 0.5261631895830265]",29.167370886352277,2.245193057745059
"[0.24244781463207407, 0.6544279720649909, -0.8936859582584663, 0.5261618150247709]",29.167418453973923,2.2452558902264554
"[0.24244073790372245, 0.6544285797159313, -0.8936871223837497, 0.5261604402082395]",29.167466018697805,2.2453187227078524
"[0.24243366145370496, 0.6544291874289954, -0.8936882865345589, 0.5261590652801342]",29.167513584893943,2.245381555189249
"[0.24242658355829927, 0.6544297953522297, -0.893689450994479, 0.5261576899055033]",29.16756115509021,2.2454443876706454
"[0.24241950652496483, 0.6544304032874628, -0.8936906153838915, 0.5261563145326995]",29.167608723562317,2.2455072201520423
"[0.24241242899519888, 0.6544310113513854, -0.8936917799263028, 0.5261549388977181]",29.16765629598283,2.2455700526334383
"[0.24240535008756614, 0.6544316196197598, -0.8936929447667705, 0.5261535628291678]",29.167703867056343,2.2456328851148353
"[0.2423982732992845, 0.6544322277920687, -0.8936941093298099, 0.5261521870068939]",29.167751440444874,2.2456957175962318
"[0.24239119505946038, 0.6544328361751822, -0.8936952742030372, 0.5261508107366826]",29.16779901591886,2.2457585500776283
"[0.24238411624702533, 0.6544334446935809, -0.8936964392418346, 0.5261494341893691]",29.167846591195932,2.245821382559025
"[0.24237703855689632, 0.6544340532015777, -0.8936976041672374, 0.5261480576945342]",29.16789416486914,2.2458842150404217
"[0.24236995923372365, 0.6544346619360412, -0.8936987694327596, 0.5261466807163266]",29.167941743658364,2.245947047521818
"[0.2423628811922485, 0.6544352706463786, -0.8936999345586295, 0.5261453038216276]",29.167989321705434,2.2460098800032147
"[0.24235580213732277, 0.6544358795299355, -0.8937010999226519, 0.5261439265640065]",29.168036901311268,2.2460727124846116
"[0.2423487222934139, 0.654436488567468, -0.8937022654878956, 0.5261425489870301]",29.168084483731846,2.246135544966008
"[0.24234164318704907, 0.6544370976276477, -0.8937034310030447, 0.5261411713877331]",29.16813206462475,2.2461983774474046
"[0.2423345635195956, 0.6544377068222009, -0.8937045966819022, 0.5261397935134037]",29.16817964783805,2.2462612099288015
"[0.24232748431120552, 0.6544383160633475, -0.8937057623564976, 0.526138415562581]",29.168227230705394,2.246324042410198
"[0.24232040422086895, 0.6544389254665031, -0.8937069282476469, 0.5261370372742211]",29.16827481387625,2.2463868748915945
"[0.2423133252842497, 0.654439534856451, -0.8937080940201261, 0.526135659044611]",29.168322400561944,2.2464497073729914
"[0.24230624421914806, 0.6544401445157516, -0.8937092602144666, 0.5261342802346932]",29.16836998691102,2.246512539854388
"[0.24229916351439265, 0.6544407542301601, -0.8937104264208015, 0.5261329013290159]",29.16841757683546,2.2465753723357844
"[0.24229208240504435, 0.6544413640655473, -0.8937115927651155, 0.5261315221786073]",29.16846516592724,2.246638204817181
"[0.24228500169437361, 0.6544419739527326, -0.8937127591150971, 0.5261301429399142]",29.16851275537796,2.246701037298578
"[0.24227792057800196, 0.6544425839610131, -0.8937139256032423, 0.5261287634562328]",29.1685603439421,2.2467638697799743
"[0.2422708396327296, 0.6544431940406674, -0.8937150921345363, 0.5261273838399648]",29.168607938436505,2.246826702261371
"[0.24226375776550374, 0.6544438042859286, -0.8937162588890553, 0.5261260038780597]",29.16865552940443,2.2468895347427678
"[0.24225667702053313, 0.6544444145206201, -0.8937174255300079, 0.5261246239688815]",29.168703124733366,2.246952367224164
"[0.24224959403650415, 0.654445025034444, -0.8937185926112265, 0.5261232434573325]",29.168750720499393,2.2470151997055607
"[0.2422425128054426, 0.6544456354833362, -0.8937197594749374, 0.5261218631214374]",29.168798316513715,2.2470780321869572
"[0.24223543027957373, 0.6544462461300186, -0.8937209266233519, 0.5261204823671201]",29.168845916469536,2.2471408646683537
"[0.24222834869187254, 0.6544468567819751, -0.8937220936884939, 0.5261191016296846]",29.16889351508329,2.2472036971497507
"[0.24222126619562764, 0.6544474675984561, -0.8937232609747024, 0.526117720549056]",29.168941114509995,2.247266529631147
"[0.24221418339115286, 0.654448078527687, -0.8937244283830562, 0.5261163392422781]",29.16898871540934,2.247329362112544
"[0.2422071004655128, 0.6544486895535645, -0.8937255958827236, 0.5261149577457837]",29.169036316063345,2.24739219459394
"[0.24220001798438262, 0.6544493006272712, -0.8937267633804556, 0.5261135761699285]",29.169083917664093,2.247455027075337
"[0.24219293400195585, 0.6544499119167192, -0.8937279311970181, 0.5261121941350917]",29.169131523804257,2.2475178595567336
"[0.24218584969787071, 0.6544505233201452, -0.8937290991379675, 0.5261108118713498]",29.169179128910613,2.24758069203813
"[0.24217876652441053, 0.6544511347121963, -0.8937302669638609, 0.5261094296620921]",29.169226734522205,2.247643524519527
"[0.24217168283261134, 0.6544517462352049, -0.8937314349465563, 0.5261080471855428]",29.169274342791756,2.2477063570009235
"[0.2421645987853598, 0.6544523578750924, -0.8937326030592079, 0.5261066644734986]",29.16932195026049,2.24776918948232
"[0.24215751387188478, 0.6544529696760164, -0.8937337713860515, 0.5261052814261732]",29.169369560597165,2.2478320219637165
"[0.24215042994639657, 0.6544535814778448, -0.8937349396213183, 0.5261038984055447]",29.169417169430066,2.2478948544451134
"[0.2421433459649092, 0.654454193370728, -0.893736107937157, 0.5261025152078176]",29.16946478189939,2.24795768692651
"[0.24213626085539414, 0.6544548054472848, -0.8937372765103867, 0.5261011316236255]",29.16951239174169,2.2480205194079064
"[0.24212917639188702, 0.654455417554267, -0.8937384450484129, 0.5260997479993829]",29.16956000795562,2.2480833518893033
"[0.24212209075398963, 0.6544560298489703, -0.8937396138515034, 0.5260983639795345]",29.16960762436013,2.2481461843706994
"[0.24211500595397809, 0.6544566421575162, -0.8937407825877282, 0.5260969799571134]",29.1696552385924,2.2482090168520963
"[0.24210792028000225, 0.6544572546278461, -0.8937419515394782, 0.5260955955977118]",29.169702855126946,2.2482718493334928
"[0.24210083422080467, 0.6544578672177357, -0.89374312062614, 0.5260942109967716]",29.16975047227423,2.2483346818148893
"[0.2420937488693979, 0.6544584798326987, -0.8937442896673747, 0.5260928263678596]",29.169798091202946,2.248397514296286
"[0.24208666252620792, 0.6544590926196866, -0.8937454589436041, 0.5260914413788319]",29.169845713077322,2.2484603467776827
"[0.24207957664621962, 0.654459705452893, -0.8937466282147548, 0.5260900563140319]",29.16989333526113,2.2485231792590796
"[0.24207248925015, 0.6544603185035042, -0.8937477978074494, 0.5260886707865502]",29.16994095477509,2.2485860117404757
"[0.2420654023867547, 0.6544609315943387, -0.8937489673836052, 0.5260872851968433]",29.169988577574042,2.2486488442218726
"[0.24205831653487656, 0.6544615446839406, -0.89375013686417, 0.5260858996385865]",29.170036203209417,2.248711676703269
"[0.2420512294701822, 0.6544621579647677, -0.8937513066162573, 0.5260845136768286]",29.170083829199395,2.2487745091846656
"[0.24204414236210733, 0.6544627713356478, -0.8937524764468636, 0.5260831275402156]",29.170131454662037,2.2488373416660625
"[0.24203705504480322, 0.6544633848109364, -0.8937536463833647, 0.5260817411963007]",29.1701790830203,2.248900174147459
"[0.242029966749838, 0.654463998457175, -0.893754816552624, 0.5260803544947217]",29.170226711298792,2.2489630066288555
"[0.2420228799410099, 0.6544646120610553, -0.8937559865478958, 0.5260789679174946]",29.170274342453173,2.249025839110252
"[0.2420157917077025, 0.6544652258745919, -0.8937571568497027, 0.5260775808951353]",29.170321971144418,2.249088671591649
"[0.24200870327805082, 0.6544658397914629, -0.893758327255296, 0.5260761936679036]",29.17036960189082,2.2491515040730454
"[0.24200161577639165, 0.654466453714277, -0.8937594975790166, 0.5260748064558589]",29.170417235336558,2.249214336554442
"[0.24199452643715474, 0.6544670678826059, -0.8937606682775401, 0.5260734187176695]",29.17046486965551,2.249277169035839
"[0.24198743806604225, 0.6544676820534023, -0.8937618388875566, 0.5260720310025147]",29.170512504615584,2.249340001517235
"[0.24198034943981234, 0.6544682963326398, -0.8937630096110649, 0.5260706430709389]",29.170560140186492,2.249402833998632
"[0.24197326013469425, 0.6544689107570586, -0.8937641805180633, 0.5260692548399317]",29.170607780268966,2.2494656664800283
"[0.24196617101289786, 0.6544695252519416, -0.8937653514661501, 0.5260678664783093]",29.170655415757714,2.2495284989614253
"[0.241959081144166, 0.6544701398979348, -0.8937665226089851, 0.5260664778038632]",29.170703053531767,2.2495913314428218
"[0.24195199162254777, 0.6544707546002292, -0.8937676937658486, 0.5260650890308253]",29.1707506955727,2.2496541639242182
"[0.24194490241360192, 0.6544713693617102, -0.8937688649424254, 0.5260637001525799]",29.17079833679141,2.249716996405615
"[0.24193781214721163, 0.654471984301294, -0.8937700363650657, 0.5260623109005601]",29.17084598134154,2.2497798288870112
"[0.24193072166954965, 0.6544725993455861, -0.8937712078939878, 0.5260609214405513]",29.17089362242219,2.249842661368408
"[0.24192363110412693, 0.6544732144838784, -0.8937723795087856, 0.5260595317967423]",29.170941265127702,2.2499054938498046
"[0.2419165415984321, 0.6544738296166038, -0.893773551019836, 0.5260581421940529]",29.170988912281516,2.249968326331201
"[0.24190945103817388, 0.6544744449272126, -0.8937747227765128, 0.5260567522180615]",29.17103655977866,2.250031158812598
"[0.24190235883338115, 0.6544750604669547, -0.8937758948763502, 0.5260553617530105]",29.171084210276636,2.2500939912939946
"[0.24189526766034258, 0.6544756760035555, -0.8937770668770554, 0.5260539713235857]",29.171131857251744,2.250156823775391
"[0.24188817703695556, 0.6544762915788418, -0.8937782388582807, 0.5260525808352997]",29.17117950732927,2.2502196562567875
"[0.24188108518594315, 0.6544769073471204, -0.8937794111137929, 0.5260511899395968]",29.171227157258805,2.2502824887381845
"[0.24187399399152087, 0.6544775231447981, -0.8937805833321434, 0.5260497990059996]",29.17127480971608,2.250345321219581
"[0.2418669019487082, 0.6544781391025991, -0.8937817557621129, 0.5260484077392595]",29.17132246276206,2.2504081537009775
"[0.2418598095289961, 0.654478755179515, -0.8937829283257794, 0.5260470162319258]",29.171370116499276,2.2504709861823744
"[0.24185271676729653, 0.6544793713726078, -0.8937841010173709, 0.5260456244907166]",29.17141777111441,2.250533818663771
"[0.24184562409620347, 0.6544799876442726, -0.8937852737653671, 0.5260442326005368]",29.1714654267087,2.2505966511451674
"[0.24183853262773186, 0.6544806038978664, -0.8937864463858773, 0.5260428407796518]",29.171513085200736,2.2506594836265643
"[0.24183143980115024, 0.6544812203559196, -0.8937876193023347, 0.5260414485254676]",29.171560744678835,2.250722316107961
"[0.24182434596213884, 0.6544818369884338, -0.8937887924576084, 0.526040055905748]",29.17160840219808,2.2507851485893573
"[0.24181725266523063, 0.6544824536602966, -0.8937899655946182, 0.5260386632256397]",29.171656063069484,2.250847981070754
"[0.24181015968223818, 0.6544830703913086, -0.8937911387510887, 0.5260372704403955]",29.171703724178446,2.2509108135521507
"[0.2418030666120878, 0.6544836872163612, -0.8937923119933482, 0.5260358774712356]",29.171751388401425,2.250973646033547
"[0.24179597253671783, 0.6544843042153045, -0.8937934854732646, 0.526034484137833]",29.171799051730744,2.2510364785149437
"[0.2417888795183094, 0.6544849212087793, -0.8937946588497142, 0.5260330908452169]",29.171846716376667,2.2510993109963406
"[0.2417817843780652, 0.6544855384733187, -0.8937958326485688, 0.5260316969689273]",29.171894382343318,2.2511621434777367
"[0.2417746902710002, 0.6544861557344624, -0.8937970063478855, 0.5260303031287396]",29.171942050428882,2.2512249759591336
"[0.24176759544347223, 0.6544867731447972, -0.893798180237791, 0.5260289089800994]",29.17198971875968,2.25128780844053
"[0.24176050119280212, 0.6544873905914065, -0.8937993541036348, 0.5260275147779518]",29.17203738383968,2.2513506409219266
"[0.24175340482630664, 0.6544880083086992, -0.8938005283909863, 0.5260261199930291]",29.172085057305104,2.2514134734033235
"[0.24174631049003956, 0.654488625935769, -0.8938017024137669, 0.5260247254402352]",29.172132727336635,2.25147630588472
"[0.24173921504369525, 0.654489243745992, -0.8938028766916402, 0.5260233305023003]",29.1721804006679,2.2515391383661165
"[0.24173211986657384, 0.6544898616192855, -0.8938040509963451, 0.5260219354503562]",29.172228072473256,2.251601970847513
"[0.24172502450890318, 0.6544904795948286, -0.8938052254023165, 0.5260205401959528]",29.17227574620728,2.25166480332891
"[0.241717928481721, 0.6544910977151813, -0.8938063999905006, 0.5260191446429572]",29.172323422897737,2.2517276358103064
"[0.24171083272043428, 0.65449171589892, -0.89380757460606, 0.5260177489752519]",29.172371099640745,2.251790468291703
"[0.24170373561481354, 0.6544923342863191, -0.8938087495155631, 0.5260163528761147]",29.172418778252073,2.2518533007731
"[0.24169663975629574, 0.6544929526515958, -0.8938099242900022, 0.5260149568552933]",29.17246645496291,2.2519161332544964
"[0.24168954296033998, 0.6544935711851141, -0.8938110992910363, 0.5260135604830155]",29.172514134075318,2.251978965735893
"[0.24168244645054046, 0.6544941897802351, -0.8938122743160851, 0.5260121640000178]",29.172561815943666,2.2520417982172893
"[0.24167534961324816, 0.6544948084904589, -0.8938134494667529, 0.5260107672855281]",29.17260949734727,2.2521046306986863
"[0.24166825275436116, 0.6544954272891164, -0.8938146246923889, 0.5260093703997425]",29.17265718181638,2.2521674631800828
"[0.24166115485678552, 0.6544960462649166, -0.8938158001614336, 0.5260079731424157]",29.17270486413191,2.2522302956614793
"[0.2416540569543202, 0.6544966653277237, -0.8938169757026957, 0.5260065757170191]",29.172752549765676,2.252293128142876
"[0.2416469598477926, 0.6544972844076776, -0.893818151183528, 0.5260051782812408]",29.172800234751207,2.2523559606242722
"[0.24163986202716625, 0.6544979036364973, -0.8938193268540306, 0.5260037805377512]",29.172847923299642,2.252418793105669
"[0.24163276333878364, 0.6544985230276189, -0.8938205027396763, 0.5260023824562287]",29.172895610466448,2.2524816255870657
"[0.2416256653676364, 0.6544991424427459, -0.893821678577913, 0.5260009843488296]",29.172943298664663,2.252544458068462
"[0.24161856725099262, 0.6544997619571572, -0.8938228545116473, 0.5259995860456337]",29.172990989573186,2.252607290549859
"[0.24161146812050732, 0.6545003816466625, -0.8938240306847514, 0.5259981873755348]",29.173038683183734,2.2526701230312556
"[0.24160436921341907, 0.6545010014032764, -0.8938252068922503, 0.5259967885822621]",29.173086375647156,2.252732955512652
"[0.24159726972273554, 0.6545016212974585, -0.8938263832678555, 0.5259953895067864]",29.173134068033796,2.2527957879940486
"[0.24159017016697118, 0.6545022412839478, -0.8938275597256569, 0.5259939902512617]",29.17318176284161,2.2528586204754455
"[0.24158307132694845, 0.6545028612945456, -0.8938287361362519, 0.5259925909695988]",29.173229459303833,2.252921452956842
"[0.24157597213712295, 0.654503481422308, -0.8938299126762136, 0.5259911914517759]",29.173277155699786,2.2529842854382385
"[0.24156887218066478, 0.6545041017036684, -0.8938310894146358, 0.5259897916155728]",29.173324851665917,2.2530471179196354
"[0.2415617716855496, 0.6545047221187339, -0.8938322663137508, 0.525988391505889]",29.173372551382023,2.253109950401032
"[0.2415546722315404, 0.6545053425294621, -0.8938334431117037, 0.5259869914342423]",29.173420253934545,2.2531727828824284
"[0.2415475716468089, 0.6545059631256459, -0.8938346201684931, 0.525985590972325]",29.173467952450892,2.253235615363825
"[0.24154046988341013, 0.6545065839115205, -0.8938357974920982, 0.5259841901105925]",29.173515655143888,2.253298447845222
"[0.24153336958326013, 0.6545072046561432, -0.8938369746445374, 0.5259827893701832]",29.1735633583742,2.2533612803266183
"[0.2415262692497371, 0.6545078254903308, -0.8938381518739101, 0.525981388455891]",29.173611061418363,2.253424112808015
"[0.24151916850952942, 0.6545084464467333, -0.8938393292421137, 0.5259799872940408]",29.173658766065362,2.2534869452894117
"[0.24151206636780628, 0.6545090676123768, -0.8938405069141254, 0.5259785856882642]",29.173706472830983,2.253549777770808
"[0.24150496469099578, 0.6545096888240461, -0.8938416845804658, 0.5259771840068526]",29.17375418094411,2.2536126102522047
"[0.24149786344658564, 0.654510310084561, -0.8938428622465103, 0.5259757822434263]",29.173801889088914,2.253675442733601
"[0.24149076099917807, 0.6545109315370223, -0.8938440401834803, 0.5259743800751169]",29.17384959751423,2.2537382752149977
"[0.24148365868849284, 0.6545115530642074, -0.8938452181691979, 0.5259729777663953]",29.173897308539274,2.2538011076963946
"[0.24147655627804593, 0.6545121746868273, -0.8938463962428812, 0.5259715752705448]",29.17394502193373,2.253863940177791
"[0.24146945417989543, 0.6545127963688093, -0.8938475743361768, 0.5259701726689431]",29.17399273303965,2.2539267726591876
"[0.24146235148587644, 0.6545134181896545, -0.8938487525997321, 0.5259687697822222]",29.174040447214576,2.253989605140584
"[0.2414552484637169, 0.6545140401259416, -0.8938499309891443, 0.525967366663225]",29.174088160250683,2.254052437621981
"[0.2414481459399052, 0.6545146621053018, -0.8938511093672935, 0.5259659634752156]",29.17413587830275,2.254115270103378
"[0.24144104213289094, 0.6545152842837709, -0.893852288029765, 0.5259645598661857]",29.174183595851936,2.254178102584774
"[0.2414339389040907, 0.6545159064983054, -0.8938534666677214, 0.5259631562039286]",29.174231311130722,2.254240935066171
"[0.24142683567717443, 0.6545165287994068, -0.89385464537678, 0.5259617523745385]",29.17427903063073,2.2543037675475674
"[0.24141973201442016, 0.654517151225422, -0.8938558242295799, 0.5259603482914987]",29.174326750990588,2.254366600028964
"[0.24141262740233982, 0.6545177738213694, -0.8938570033113526, 0.5259589438532615]",29.174374473086104,2.254429432510361
"[0.24140552339494242, 0.6545183964510943, -0.8938581823641949, 0.5259575393669812]",29.17442219481058,2.2544922649917574
"[0.24139841902216708, 0.6545190191995499, -0.8938593615491074, 0.5259561346409568]",29.17446991918311,2.254555097473154
"[0.24139131483748158, 0.6545196420182899, -0.8938605407742181, 0.5259547297845323]",29.17451764131988,2.2546179299545503
"[0.2413842096078399, 0.6545202650154057, -0.8938617202442133, 0.5259533245538677]",29.174565367099554,2.2546807624359473
"[0.24137710472318574, 0.6545208880690424, -0.8938628997283686, 0.5259519192238251]",29.174613093644346,2.2547435949173438
"[0.2413699999985205, 0.6545215111954277, -0.893864079257384, 0.5259505137578073]",29.174660820549533,2.2548064273987403
"[0.24136289432364055, 0.6545221344918987, -0.8938652590155894, 0.5259491079362233]",29.174708549453204,2.254869259880137
"[0.24135578930778723, 0.6545227578173529, -0.8938664387357981, 0.5259477020773733]",29.17475628023053,2.2549320923615332
"[0.2413486825555715, 0.6545233813819403, -0.8938676188157569, 0.5259462957072668]",29.17480401037983,2.25499492484293
"[0.24134157654776373, 0.6545240049680117, -0.8938687988435435, 0.525944889316787]",29.174851742771025,2.2550577573243267
"[0.24133447031209654, 0.6545246286608835, -0.8938699789806022, 0.5259434827135158]",29.17489947403262,2.2551205898057236
"[0.2413273643684875, 0.6545252524149081, -0.8938711591405878, 0.5259420760003821]",29.17494720768656,2.25518342228712
"[0.24132025820488512, 0.6545258762750504, -0.8938723394085359, 0.5259406690759942]",29.174994945638904,2.2552462547685166
"[0.2413131520207565, 0.6545265002237888, -0.8938735197513183, 0.5259392619798499]",29.17504267966575,2.2553090872499135
"[0.24130604474015951, 0.6545271243556259, -0.8938747003476634, 0.5259378544988449]",29.175090416305395,2.2553719197313096
"[0.24129893694241067, 0.6545277486197152, -0.8938758811013615, 0.5259364467476467]",29.17513815401701,2.2554347522127065
"[0.24129182925917794, 0.6545283729605891, -0.8938770619074824, 0.5259350388513394]",29.17518589368293,2.255497584694103
"[0.24128472287996885, 0.6545289972737272, -0.8938782425683878, 0.5259336310455979]",29.175233634825176,2.2555604171754995
"[0.24127761486070334, 0.6545296218177873, -0.8938794235732119, 0.5259322227471624]",29.17528137440885,2.2556232496568964
"[0.24127050714061454, 0.6545302464224046, -0.8938806045997657, 0.5259308143401975]",29.175329116843272,2.255686082138293
"[0.2412633989156663, 0.6545308711582368, -0.8938817857816498, 0.5259294056653736]",29.175376861071868,2.2557489146196894
"[0.2412562901667476, 0.6545314960269836, -0.8938829671220516, 0.5259279967188621]",29.17542460695808,2.255811747101086
"[0.24124918278437416, 0.6545321208624519, -0.8938841483067869, 0.525926587875385]",29.17547235068768,2.255874579582483
"[0.2412420740026483, 0.6545327459078166, -0.89388532979552, 0.5259251785866572]",29.175520097406014,2.2559374120638793
"[0.24123496465110275, 0.6545333710901312, -0.8938865114504124, 0.5259237690171122]",29.175567844676742,2.256000244545276
"[0.24122785536952387, 0.654533996353191, -0.8938876931651241, 0.5259223592935206]",29.17561559495984,2.2560630770266727
"[0.24122074646610706, 0.6545346216698649, -0.8938888748884187, 0.5259209494770276]",29.17566334332847,2.256125909508069
"[0.24121363730170592, 0.6545352470963733, -0.8938900567265368, 0.5259195394408783]",29.175711093986436,2.2561887419894657
"[0.2412065273909675, 0.6545358726754349, -0.8938912387601764, 0.5259181290887671]",29.17575884638194,2.256251574470862
"[0.24119941800680794, 0.6545364982950517, -0.8938924207777138, 0.5259167186731848]",29.17580659798816,2.256314406952259
"[0.24119230892306984, 0.6545371239751286, -0.8938936028167329, 0.5259153081492682]",29.17585435279425,2.2563772394336556
"[0.24118519786148623, 0.6545377499161819, -0.8938947852560698, 0.5259138970649536]",29.175902108084223,2.256440071915052
"[0.2411780874675403, 0.6545383758853558, -0.8938959676558469, 0.5259124859451666]",29.175949866093987,2.256502904396449
"[0.24117097634336626, 0.6545390020057662, -0.8938971502485105, 0.5259110745124171]",29.17599762160112,2.256565736877845
"[0.24116386691386205, 0.6545396280638549, -0.8938983326307817, 0.5259096632480762]",29.17604537958176,2.256628569359242
"[0.24115675545898524, 0.6545402543872274, -0.8938995154213483, 0.5259082514136626]",29.176093138733613,2.2566914018406385
"[0.24114964477381898, 0.6545408807297349, -0.8939006981553427, 0.5259068395640378]",29.176140901630657,2.256754234322035
"[0.2411425322586732, 0.6545415073203955, -0.8939018812651892, 0.5259054271829768]",29.176188662227663,2.256817066803432
"[0.24113542150649075, 0.6545421338426647, -0.8939030641532288, 0.5259040149839714]",29.176236422959093,2.2568798992848285
"[0.24112830965063756, 0.6545427605491275, -0.8939042472963188, 0.5259026023977005]",29.176284187867537,2.256942731766225
"[0.24112119768437462, 0.6545433873522696, -0.8939054305292331, 0.5259011896214154]",29.176331951099407,2.2570055642476214
"[0.2411140855248764, 0.654544014259401, -0.8939066138657534, 0.5258997766386405]",29.176379719723325,2.2570683967290184
"[0.24110697336782574, 0.6545446412532737, -0.8939077972733205, 0.5258983634882475]",29.176427482278392,2.257131229210415
"[0.24109986150298388, 0.6545452683083491, -0.8939089807037128, 0.5258969502278013]",29.176475250976893,2.2571940616918114
"[0.24109274817661233, 0.6545458955792438, -0.8939101644487732, 0.5258955365087977]",29.17652302107525,2.2572568941732083
"[0.24108563556994617, 0.6545465228736602, -0.8939113481455229, 0.5258941227646651]",29.1765707904683,2.2573197266546043
"[0.24107852293642004, 0.6545471502574157, -0.8939125319181939, 0.5258927088470491]",29.176618561956055,2.2573825591360013
"[0.2410714091045092, 0.6545477778338721, -0.8939137159617814, 0.5258912945230126]",29.176666332547487,2.2574453916173978
"[0.24106429586424705, 0.6545484054451257, -0.8939148999783542, 0.5258898801484112]",29.17671410578046,2.2575082240987947
"[0.24105718297996734, 0.6545490331119467, -0.8939160840071221, 0.5258884656764233]",29.176761881298987,2.257571056580191
"[0.24105006860753456, 0.6545496609970957, -0.8939172683550781, 0.5258870507402704]",29.17680965583091,2.2576338890615877
"[0.2410429547233033, 0.6545502889261653, -0.8939184526932256, 0.5258856357329806]",29.176857433493026,2.2576967215429846
"[0.24103584043386506, 0.6545509169780132, -0.893919637170297, 0.5258842204768471]",29.176905209462678,2.2577595540243807
"[0.24102872606746328, 0.654551545123672, -0.8939208217316466, 0.5258828050371452]",29.17695298825757,2.2578223865057776
"[0.24102161097884345, 0.6545521734201261, -0.8939220064847193, 0.5258813892854687]",29.177000767932046,2.257885218987174
"[0.2410144967750719, 0.6545528017254741, -0.8939231911619127, 0.5258799735415743]",29.1770485483861,2.2579480514685706
"[0.24100738192892635, 0.6545534301745575, -0.8939243760175387, 0.5258785575015887]",29.17709632994884,2.2580108839499675
"[0.24100026600902238, 0.6545540588055475, -0.8939255611234577, 0.5258771410795452]",29.177144112668383,2.258073716431364
"[0.24099315153128167, 0.654554687396162, -0.8939267460606533, 0.525875724776266]",29.177191896825796,2.2581365489127605
"[0.2409860360170075, 0.6545553161653987, -0.89392793124195, 0.5258743080983147]",29.177239682141717,2.258199381394157
"[0.24097891939594807, 0.6545559451195065, -0.8939291166790785, 0.5258728910316228]",29.177287468099816,2.258262213875554
"[0.24097180390024814, 0.6545565740612102, -0.8939303020002202, 0.5258714740206564]",29.17733525182954,2.2583250463569504
"[0.24096468779403735, 0.6545572031439383, -0.8939314874945306, 0.5258700567197356]",29.17738304159665,2.258387878838347
"[0.24095757103116214, 0.6545578323717878, -0.8939326731697153, 0.525868639119628]",29.177430829087974,2.258450711319744
"[0.24095045535747014, 0.6545584615903994, -0.8939338587348999, 0.5258672215680937]",29.177478620116425,2.2585135438011403
"[0.24094333829007178, 0.6545590910193307, -0.893935044603769, 0.5258658035704916]",29.17752640935226,2.258576376282537
"[0.2409362215878872, 0.6545597205030469, -0.8939362304832569, 0.5258643854772231]",29.1775742032244,2.2586392087639338
"[0.2409291037206359, 0.6545603501769086, -0.8939374166283693, 0.5258629669833391]",29.177621998180037,2.2587020412453302
"[0.24092198616711907, 0.6545609799101215, -0.8939386027926826, 0.525861548383498]",29.17766978898226,2.2587648737267267
"[0.24091486940529094, 0.6545616096603764, -0.8939397888965249, 0.5258601297729983]",29.17771758571073,2.2588277062081232
"[0.2409077522826937, 0.6545622395296424, -0.8939409751319591, 0.5258587109221298]",29.177765382241635,2.25889053868952
"[0.2409006336664122, 0.6545628696182225, -0.8939421616878358, 0.5258572916049615]",29.177813178335864,2.2589533711709167
"[0.2408935156080406, 0.65456349974453, -0.8939433482222011, 0.5258558722305201]",29.17786097734756,2.259016203652313
"[0.24088639716122515, 0.6545641299923499, -0.8939445348927985, 0.5258544526100849]",29.17790877852637,2.25907903613371
"[0.24087927862192682, 0.6545647603354848, -0.8939457216502956, 0.5258530328026615]",29.177956577532505,2.259141868615106
"[0.24087216049144333, 0.6545653907295411, -0.8939469084111098, 0.5258516129082403]",29.178004378798477,2.259204701096503
"[0.24086504138089598, 0.6545660212975251, -0.8939480954068076, 0.5258501926497562]",29.178052184359814,2.2592675335778996
"[0.24085792161867112, 0.6545666520103871, -0.8939492825826557, 0.5258487720926519]",29.1780999886589,2.259330366059296
"[0.24085080337402787, 0.6545672826759421, -0.8939504695769281, 0.5258473516697753]",29.17814779288007,2.259393198540693
"[0.24084368380497895, 0.65456791354599, -0.89395165686353, 0.5258459308140102]",29.17819559864685,2.2594560310220895
"[0.24083656389104352, 0.6545685445337465, -0.8939528442791373, 0.5258445097208003]",29.1782434052325,2.259518863503486
"[0.2408294446825682, 0.6545691755461391, -0.8939540316485693, 0.5258430885997738]",29.17829121204912,2.2595816959848825
"[0.2408223242102313, 0.6545698067577241, -0.8939552193002822, 0.5258416670578027]",29.17833902008733,2.2596445284662794
"[0.24081520398904632, 0.6545704380342189, -0.8939564069815937, 0.5258402453973049]",29.178386832492688,2.259707360947676
"[0.24080808347185548, 0.654571069424134, -0.8939575947837693, 0.5258388235090287]",29.178434642329,2.2597701934290724
"[0.24080096306453072, 0.6545717008914854, -0.8939587826391037, 0.5258374014740088]",29.178482452782333,2.2598330259104693
"[0.24079384267930767, 0.6545723324440528, -0.8939599705622328, 0.5258359792747203]",29.178530270424567,2.259895858391866
"[0.24078672091865386, 0.6545729642058192, -0.8939611587863295, 0.5258345566319708]",29.178578082574948,2.2599586908732623
"[0.24077960009127472, 0.6545735959719932, -0.8939623469262035, 0.525833134006924]",29.178625897035033,2.260021523354659
"[0.24077247921739245, 0.6545742278294759, -0.8939635351453191, 0.5258317112038761]",29.178673715513256,2.2600843558360557
"[0.24076535708644553, 0.6545748598857192, -0.8939647236456914, 0.5258302879808845]",29.178721531101676,2.260147188317452
"[0.2407582355812357, 0.6545754919736665, -0.893965912113133, 0.5258288647141377]",29.178769350263078,2.2602100207988487
"[0.24075111385518783, 0.6545761241683867, -0.8939671006889218, 0.5258274412345337]",29.178817171094956,2.2602728532802456
"[0.24074399070208435, 0.6545767565770257, -0.8939682895743857, 0.5258260173008634]",29.17886499207279,2.2603356857616417
"[0.2407368698036238, 0.654577388872714, -0.8939694781550162, 0.5258245936491138]",29.17891281285654,2.2603985182430386
"[0.2407297457028445, 0.6545780215399979, -0.8939706673416722, 0.5258231691882828]",29.17896063474233,2.260461350724435
"[0.2407226235464545, 0.6545786541218448, -0.8939718562752574, 0.5258217449473961]",29.179008459680606,2.2605241832058316
"[0.24071550060622743, 0.6545792868605503, -0.8939730454111863, 0.5258203203809207]",29.179056283240676,2.2605870156872285
"[0.24070837895379962, 0.6545799195720922, -0.8939742344035986, 0.5258188959031754]",29.179104110005518,2.260649848168625
"[0.24070125444465384, 0.6545805526246752, -0.8939754239444642, 0.5258174706851574]",29.179151936966583,2.2607126806500215
"[0.24069413061207698, 0.6545811857044258, -0.8939766134438758, 0.5258160454335519]",29.179199762669825,2.260775513131418
"[0.24068700742742166, 0.6545818188138524, -0.8939778029065943, 0.5258146201426864]",29.179247593034283,2.260838345612815
"[0.24067988274462013, 0.6545824521437147, -0.8939789926909903, 0.5258131943831147]",29.17929542266694,2.2609011780942114
"[0.2406727587165242, 0.6545830855026508, -0.8939801824375584, 0.5258117685856294]",29.179343255386907,2.260964010575608
"[0.24066563538616453, 0.6545837188868187, -0.8939813721390889, 0.5258103427588757]",29.179391087634073,2.261026843057005
"[0.24065851075626282, 0.6545843524738175, -0.8939825621291617, 0.5258089165030522]",29.179438922050227,2.2610896755384013
"[0.24065138562913427, 0.6545849861923327, -0.8939837522737956, 0.5258074899787016]",29.179486755292103,2.261152508019798
"[0.2406442613592214, 0.6545856199218941, -0.8939849423467415, 0.5258060634570038]",29.179534592486018,2.2612153405011943
"[0.24063713543111273, 0.654586253886265, -0.893986132768196, 0.5258046364342633]",29.17958242671242,2.2612781729825913
"[0.2406300103253034, 0.6545868878647879, -0.893987323123789, 0.5258032094071766]",29.179630263955964,2.2613410054639878
"[0.24062288502730303, 0.6545875219477173, -0.893988513582994, 0.5258017821725806]",29.179678104889813,2.2614038379453842
"[0.2406157598291896, 0.6545881561090633, -0.8939897040970103, 0.5258003547889719]",29.17972594270619,2.261466670426781
"[0.2406086333435706, 0.65458879047233, -0.8939908948976641, 0.5257989269783694]",29.179773782604055,2.2615295029081772
"[0.24060150684681827, 0.6545894249239251, -0.8939920857716974, 0.5257974989964478]",29.179821626144076,2.261592335389574
"[0.24059438129306132, 0.6545900593788894, -0.8939932765596534, 0.5257960710344192]",29.179869469545846,2.2616551678709707
"[0.2405872546081349, 0.654590694021906, -0.8939944676081553, 0.5257946426766138]",29.179917311983882,2.261718000352367
"[0.24058012782447818, 0.654591328761061, -0.8939956587446722, 0.5257932141299042]",29.17996515722112,2.261780832833764
"[0.24057300166498885, 0.65459196353196, -0.8939968498483714, 0.5257917855392099]",29.180013001909657,2.2618436653151606
"[0.24056587441321745, 0.6545925984875074, -0.8939980412061529, 0.5257903565604105]",29.18006085020277,2.2619064977965575
"[0.24055874665341248, 0.6545932335756829, -0.8939992327203778, 0.5257889273105831]",29.18010869720619,2.2619693302779535
"[0.24055162031136837, 0.6545938686248779, -0.8940004240691029, 0.525787498175918]",29.180156547975113,2.2620321627593505
"[0.24054449258780577, 0.6545945038845478, -0.8940016157202952, 0.5257860685950324]",29.180204399436075,2.262094995240747
"[0.24053736418020644, 0.6545951392925671, -0.8940028075573737, 0.5257846387077413]",29.180252248289534,2.2621578277221435
"[0.2405302359969561, 0.6545957747679721, -0.8940039994284642, 0.5257832086962384]",29.18030010201687,2.2622206602035404
"[0.2405231083586447, 0.6545964102821692, -0.8940051912799474, 0.5257817786248608]",29.180347953823986,2.262283492684937
"[0.24051597941303585, 0.6545970460003221, -0.8940063834215546, 0.5257803481219488]",29.180395809743878,2.2623463251663334
"[0.2405088512894406, 0.6545976817325608, -0.8940075754972147, 0.5257789176147504]",29.180443665734575,2.26240915764773
"[0.2405017225380024, 0.6545983176081887, -0.8940087677493886, 0.5257774868123055]",29.18049152250568,2.262471990129127
"[0.24049459277063095, 0.6545989536618623, -0.8940099602430042, 0.5257760556366472]",29.18053938100074,2.2625348226105233
"[0.24048746414295855, 0.6545995897012508, -0.8940111526175166, 0.5257746245205092]",29.180587239017402,2.26259765509192
"[0.24048033451646297, 0.6546002259171797, -0.8940123452306201, 0.5257731930345434]",29.180635097006697,2.2626604875733167
"[0.2404732052011881, 0.6546008621927524, -0.8940135378631835, 0.5257717614417611]",29.180682960111216,2.2627233200547128
"[0.2404660754785303, 0.6546014985921061, -0.8940147306354177, 0.5257703295978543]",29.180730821177477,2.2627861525361097
"[0.24045894571287293, 0.654602135082729, -0.8940159234863658, 0.5257688975759752]",29.180778683853873,2.2628489850175066
"[0.24045181487714187, 0.6546027717563131, -0.8940171165878786, 0.525767465169814]",29.180826548541255,2.2629118174989027
"[0.24044468538157993, 0.6546034083976761, -0.894018309536675, 0.5257660328635085]",29.180874411758,2.2629746499802996
"[0.24043755381685794, 0.6546040453112667, -0.8940195029032325, 0.5257645999721078]",29.180922278041564,2.263037482461696
"[0.2404304241698077, 0.6546046821410288, -0.8940206960204099, 0.5257631672966451]",29.180970145664507,2.263100314943093
"[0.24042329351196567, 0.65460531914852, -0.8940218893782573, 0.525761734248685]",29.18101801318093,2.2631631474244895
"[0.2404161614585871, 0.6546059563681832, -0.8940230830411939, 0.5257603007507813]",29.181065881451804,2.263225979905886
"[0.2404090302612454, 0.6546065935987775, -0.8940242766323965, 0.5257588672555656]",29.1811137528169,2.263288812387283
"[0.2404018993064052, 0.6546072308951878, -0.8940254702545279, 0.5257574336396408]",29.181161623642705,2.263351644868679
"[0.2403947664196194, 0.654607868451752, -0.8940266642715855, 0.5257559994658195]",29.18120949726749,2.263414477350076
"[0.24038763466528956, 0.654608505994581, -0.8940278581706086, 0.5257545653502135]",29.18125737043112,2.2634773098314724
"[0.24038050288213064, 0.6546091436274665, -0.8940290521459847, 0.5257531310593374]",29.181305245179026,2.263540142312869
"[0.24037337011243248, 0.6546097814360557, -0.8940302463580607, 0.5257516964005414]",29.18135312153394,2.263602974794266
"[0.2403662380374, 0.6546104192700186, -0.8940314405253611, 0.5257502617119655]",29.181400996852126,2.2636658072756624
"[0.24035910500010257, 0.654611057277545, -0.8940326349253168, 0.5257488266602858]",29.18144887393556,2.263728639757059
"[0.2403519729104006, 0.6546116952878107, -0.894033829238126, 0.5257473916297285]",29.181496752128737,2.2637914722384553
"[0.24034483820131847, 0.6546123336199373, -0.8940350240611217, 0.5257459559025257]",29.181544632260177,2.2638543047198523
"[0.24033770569828014, 0.6546129718421991, -0.8940362185862135, 0.5257445204496963]",29.181592514966415,2.2639171372012488
"[0.2403305717902985, 0.654613610277708, -0.894037413418139, 0.5257430845445206]",29.181640395497,2.2639799696826453
"[0.24032343876851264, 0.6546142487214277, -0.8940386081731688, 0.5257416486481401]",29.181688277397562,2.264042802164042
"[0.24031630487161984, 0.6546148873310003, -0.8940398031463117, 0.525740212406001]",29.181736162085,2.2641056346454387
"[0.240309171160049, 0.654615526011519, -0.8940409981599463, 0.5257387760315574]",29.18178404705312,2.264168467126835
"[0.24030203585067839, 0.6546161649226558, -0.8940421935127922, 0.5257373391657194]",29.18183193266593,2.2642312996082317
"[0.24029490146764823, 0.6546168038383959, -0.8940433887819961, 0.5257359023167688]",29.181879819300303,2.2642941320896286
"[0.2402877671313973, 0.6546174428374876, -0.8940445841148998, 0.5257344653075967]",29.18192770748873,2.264356964571025
"[0.24028063111612266, 0.6546180820745495, -0.8940457798006758, 0.5257330277905102]",29.181975595866504,2.2644197970524216
"[0.24027349735756692, 0.6546187211970065, -0.8940469751798539, 0.5257315905583689]",29.18202348764564,2.2644826295338185
"[0.24026636093375625, 0.6546193606458637, -0.8940481710771903, 0.5257301526194887]",29.18207137882434,2.2645454620152146
"[0.24025922638114205, 0.6546200000145572, -0.8940493667325019, 0.5257287148880213]",29.182119271495814,2.2646082944966115
"[0.24025209073844184, 0.6546206395685494, -0.8940505626420348, 0.5257272767671192]",29.18216716417333,2.264671126978008
"[0.2402449546925969, 0.6546212792462598, -0.8940517586906831, 0.5257258383952192]",29.182215060221512,2.2647339594594045
"[0.24023781858482793, 0.6546219190171175, -0.8940529548212585, 0.5257243998410707]",29.18226295589316,2.2647967919408014
"[0.24023068263782013, 0.6546225588611666, -0.8940541509964304, 0.5257229611495501]",29.182310852148355,2.264859624422198
"[0.24022354515048214, 0.6546231989309422, -0.8940553475013666, 0.5257215219776675]",29.18235874902067,2.2649224569035944
"[0.24021640935250463, 0.654623838936801, -0.8940565437946466, 0.5257200829766598]",29.182406647080242,2.264985289384991
"[0.24020927242995335, 0.6546244791311462, -0.894057740348004, 0.5257186435790445]",29.182454548478376,2.265048121866388
"[0.24020213521558073, 0.6546251194392942, -0.8940589370218402, 0.5257172039527324]",29.182502447012254,2.2651109543477843
"[0.24019499759394916, 0.654625759871603, -0.8940601338355201, 0.5257157640744244]",29.182550350838167,2.265173786829181
"[0.24018786086534943, 0.6546264003114071, -0.8940613305710027, 0.5257143242064257]",29.182598252418796,2.2652366193105777
"[0.24018072381456873, 0.6546270408677402, -0.8940625274320507, 0.525712884103587]",29.182646158182774,2.2652994517919742
"[0.24017358509349476, 0.6546276816616371, -0.8940637246447662, 0.5257114434938087]",29.18269406128819,2.2653622842733707
"[0.2401664481933859, 0.6546283223797084, -0.894064921623636, 0.5257100030816365]",29.18274196638689,2.265425116754767
"[0.24015930843690853, 0.654628963441915, -0.8940661191531367, 0.5257085619229811]",29.18278987470351,2.265487949236164
"[0.2401521704022514, 0.6546296044371214, -0.8940673164654053, 0.5257071209420195]",29.18283778403934,2.2655507817175606
"[0.24014503208838806, 0.6546302455450782, -0.8940685138960551, 0.5257056797347391]",29.18288569245393,2.265613614198957
"[0.24013789323843115, 0.6546308867888477, -0.8940697114881895, 0.525704238249272]",29.182933602580345,2.265676446680354
"[0.24013075372506068, 0.654631528179891, -0.8940709092631819, 0.52570279645986]",29.18298151441209,2.26573927916175
"[0.24012361501013213, 0.6546321695868823, -0.894072106975776, 0.5257013546617115]",29.183029427118043,2.265802111643147
"[0.24011647492590166, 0.6546328112045814, -0.8940733049896759, 0.5256999124170117]",29.18307734121315,2.2658649441245435
"[0.24010933576969046, 0.6546334528265773, -0.8940745029194227, 0.5256984701897572]",29.18312525459219,2.26592777660594
"[0.24010219507834918, 0.6546340946742494, -0.8940757011783325, 0.5256970274823297]",29.18317316911054,2.265990609087337
"[0.24009505493916727, 0.6546347365599907, -0.8940768994161548, 0.5256955847164162]",29.183221085572324,2.2660534415687335
"[0.2400879159826857, 0.6546353784270937, -0.8940780975270441, 0.5256941420194736]",29.183269003361406,2.26611627405013
"[0.24008077464480612, 0.6546360205960273, -0.8940792961091687, 0.5256926986711974]",29.18331692109554,2.2661791065315264
"[0.24007363403373255, 0.6546366627873234, -0.8940804946408775, 0.5256912552997296]",29.183364840720483,2.2662419390129234
"[0.24006649375750613, 0.6546373050362163, -0.8940816931879402, 0.5256898118258719]",29.183412763128594,2.26630477149432
"[0.24005935316525723, 0.6546379474012456, -0.894082891859607, 0.5256883681180471]",29.18346068608033,2.2663676039757163
"[0.24005221140288233, 0.6546385899592768, -0.8940840907992729, 0.5256869240035081]",29.183508607594355,2.2664304364571133
"[0.24004507074744214, 0.6546392325054425, -0.8940852896246683, 0.5256854799426836]",29.183556532570336,2.2664932689385098
"[0.2400379284655446, 0.6546398752857095, -0.8940864887947007, 0.5256840353827804]",29.183604457282705,2.2665561014199063
"[0.24003078611874443, 0.6546405181595789, -0.8940876880472108, 0.5256825906395611]",29.183652384098703,2.2666189339013028
"[0.24002364414786911, 0.6546411610873657, -0.8940888873081727, 0.5256811458022039]",29.18370030892455,2.2666817663826997
"[0.24001650222872345, 0.6546418040982476, -0.8940900866320145, 0.5256797008051332]",29.183748239265153,2.266744598864096
"[0.24000935924185915, 0.6546424472930465, -0.8940912862067334, 0.525678255421796]",29.18379616558738,2.2668074313454927
"[0.24000221731174592, 0.6546430904804139, -0.8940924856755518, 0.5256768100821365]",29.183844098491846,2.2668702638268896
"[0.23999507461650232, 0.6546437338244817, -0.8940936853444377, 0.5256753644173822]",29.18389202661393,2.2669330963082857
"[0.23998793130832238, 0.6546443773115193, -0.8940948851878511, 0.5256739184583432]",29.183939960719886,2.2669959287896826
"[0.2399807884650886, 0.654645020844467, -0.8940960850247378, 0.5256724724231527]",29.183987895670327,2.2670587612710795
"[0.2399736441409394, 0.6546456645986312, -0.8940972851819737, 0.5256710259178694]",29.184035828238006,2.2671215937524756
"[0.23996650165636565, 0.6546463082748222, -0.8940984851017472, 0.5256695796147793]",29.18408376521995,2.2671844262338725
"[0.23995935630959733, 0.6546469522967705, -0.8940996855739572, 0.5256681325617776]",29.184131700109354,2.267247258715269
"[0.2399522131551455, 0.6546475962089394, -0.8941008857494127, 0.525666685782432]",29.184179637386894,2.2673100911966655
"[0.23994506897478443, 0.6546482403013578, -0.8941020861688159, 0.5256652386250252]",29.18422757812177,2.2673729236780624
"[0.23993792383346133, 0.6546488845682954, -0.8941032868212728, 0.5256637911025278]",29.18427551668777,2.267435756159459
"[0.23993078027128614, 0.6546495287805764, -0.894104487279949, 0.5256623437297129]",29.184323455510082,2.267498588640856
"[0.23992363429380806, 0.6546501732985538, -0.8941056882161004, 0.5256608956970792]",29.184371398362487,2.267561421122252
"[0.23991649054644829, 0.6546508177031996, -0.8941068888490328, 0.5256594479460033]",29.184419340613555,2.267624253603649
"[0.23990934555526097, 0.6546514623078754, -0.894108089762585, 0.5256579997724737]",29.184467284712042,2.2676870860850453
"[0.23990219961136625, 0.6546521070863488, -0.8941092909078565, 0.5256565512354244]",29.18451523045333,2.267749918566442
"[0.23989505352803575, 0.654652751965265, -0.8941104921481596, 0.5256551024996609]",29.18456317671064,2.2678127510478387
"[0.2398879083976987, 0.6546533968460229, -0.8941116932998437, 0.5256536537866809]",29.184611123123762,2.2678755835292352
"[0.23988076191701888, 0.6546540419365214, -0.8941128947501202, 0.5256522046294474]",29.184659071164166,2.2679384160106317
"[0.23987361548114094, 0.6546546871108446, -0.8941140962644573, 0.5256507553108213]",29.18470702030723,2.268001248492028
"[0.23986646960095898, 0.654655332322863, -0.8941152977569466, 0.5256493059344259]",29.184754970822393,2.268064080973425
"[0.23985932287880887, 0.6546559776987759, -0.8941164994625896, 0.5256478562167669]",29.18480292213008,2.2681269134548216
"[0.23985217594176875, 0.6546566231819781, -0.8941177012759584, 0.5256464062850025]",29.184850873129058,2.268189745936218
"[0.2398450282070193, 0.6546572688251256, -0.8941189032950676, 0.5256449560208539]",29.184898826042566,2.268252578417615
"[0.23983788173845974, 0.6546579144417815, -0.8941201051728281, 0.5256435058430958]",29.184946784345005,2.268315410899011
"[0.2398307335502587, 0.6546585603016973, -0.8941213074113935, 0.525642055145815]",29.184994739468774,2.268378243380408
"[0.2398235870646291, 0.6546592060956664, -0.8941225094351858, 0.525640604623532]",29.185042693674628,2.2684410758618045
"[0.23981643980831757, 0.6546598520471679, -0.8941237116601839, 0.5256391537742794]",29.185090652356298,2.268503908343201
"[0.23980929039538093, 0.6546604982815146, -0.8941249143195547, 0.5256377023166104]",29.185138611305078,2.268566740824598
"[0.23980214292990099, 0.6546611444277445, -0.8941261167229193, 0.525636251083713]",29.185186569141823,2.2686295733059945
"[0.23979499485590272, 0.654661790716897, -0.8941273193002394, 0.5256347995566638]",29.18523453067671,2.2686924057873914
"[0.23978784559497307, 0.6546624372013031, -0.8941285221488501, 0.525633347617938]",29.185282491725648,2.2687552382687874
"[0.23978069623651954, 0.6546630837824767, -0.8941297250854773, 0.5256318954887308]",29.185330455312293,2.2688180707501844
"[0.23977354787882554, 0.6546637303610754, -0.8941309279253087, 0.5256304433921436]",29.185378418505575,2.268880903231581
"[0.23976639826571594, 0.6546643771411707, -0.8941321310479877, 0.5256289908698601]",29.18542638469908,2.2689437357129774
"[0.23975924877089658, 0.6546650239985217, -0.8941333342223627, 0.5256275382009084]",29.18547434812565,2.2690065681943743
"[0.2397520998757295, 0.6546656708895607, -0.8941345373674128, 0.5256260854831195]",29.185522315682338,2.269069400675771
"[0.23974494959201664, 0.6546663179942123, -0.8941357408177562, 0.5256246323124402]",29.185570287036303,2.2691322331571673
"[0.23973779924059888, 0.6546669651929691, -0.8941369443511032, 0.5256231789572492]",29.185618252520275,2.2691950656385638
"[0.2397306491946472, 0.6546676124520419, -0.8941381479046363, 0.5256217254934107]",29.185666222307457,2.2692578981199607
"[0.23972349961313688, 0.6546682597570338, -0.8941393514515804, 0.5256202719532538]",29.18571419492598,2.269320730601357
"[0.23971634893256705, 0.6546689072495104, -0.8941405552551381, 0.5256188180188884]",29.185762167483656,2.2693835630827537
"[0.23970919829258283, 0.6546695548263008, -0.8941417591234647, 0.5256173639219893]",29.185810140991183,2.2694463955641506
"[0.23970204628246294, 0.6546702026151758, -0.8941429632940847, 0.5256159093756461]",29.18585811525523,2.2695092280455467
"[0.23969489585316664, 0.654670850348863, -0.8941441672701428, 0.5256144549800008]",29.185906089647492,2.2695720605269436
"[0.23968774442075164, 0.6546714982614187, -0.8941453714867066, 0.5256130002095014]",29.18595406656915,2.26963489300834
"[0.23968059197127267, 0.6546721463541576, -0.8941465759461508, 0.5256115450612182]",29.186002043951014,2.269697725489737
"[0.23967344116508976, 0.6546727943859687, -0.8941477802004666, 0.525610090076464]",29.18605002338907,2.2697605579711335
"[0.2396662885351331, 0.6546734426711213, -0.8941489848335298, 0.5256086345496939]",29.186098000888563,2.26982339045253
"[0.23965913663505067, 0.6546740909780924, -0.894150189415282, 0.5256071790006347]",29.186145983285197,2.269886222933927
"[0.23965198385001518, 0.6546747394533432, -0.8941513942176973, 0.525605723100532]",29.186193963347606,2.269949055415323
"[0.23964483089298713, 0.6546753880322325, -0.8941525991207001, 0.5256042669944916]",29.186241947718297,2.27001188789672
"[0.239637678574088, 0.6546760366413005, -0.8941538039878172, 0.5256028108474342]",29.186289929911634,2.2700747203781164
"[0.23963052555477285, 0.654676685401919, -0.8941550090445357, 0.5256013543868576]",29.186337914713928,2.270137552859513
"[0.2396233723235082, 0.6546773342698189, -0.8941562142085743, 0.5255998977121639]",29.186385900779428,2.27020038534091
"[0.2396162192647054, 0.6546779832101339, -0.8941574194151645, 0.5255984409016247]",29.186433886857174,2.2702632178223063
"[0.239609065250099, 0.6546786323252127, -0.8941586248544172, 0.5255969837254529]",29.18648187600432,2.270326050303703
"[0.23960191206869866, 0.6546792814527588, -0.8941598302248828, 0.5255955265480059]",29.186529863932357,2.2703888827850993
"[0.23959475678432848, 0.6546799308592347, -0.8941610360213491, 0.5255940687711154]",29.18657785461318,2.2704517152664963
"[0.23958760295386466, 0.6546805802218385, -0.8941622416444223, 0.5255926111194067]",29.18662584362189,2.2705145477478927
"[0.23958044870120368, 0.6546812297108402, -0.8941634474102618, 0.5255911532106503]",29.186673837863705,2.2705773802292892
"[0.2395732940754932, 0.6546818793218109, -0.8941646533105909, 0.5255896950548068]",29.18672183102993,2.270640212710686
"[0.23956613928716392, 0.6546825290356219, -0.8941658593099497, 0.5255882366947812]",29.186769825249062,2.270703045192082
"[0.23955898469069242, 0.6546831788201083, -0.8941670653485824, 0.5255867782027909]",29.186817819404997,2.270765877673479
"[0.2395518290008465, 0.6546838287920106, -0.8941682716431488, 0.5255853193168035]",29.18686581505845,2.270828710154876
"[0.23954467416545056, 0.6546844787744055, -0.8941694778652883, 0.5255838604339258]",29.186913816497242,2.2708915426362726
"[0.2395375179766931, 0.6546851289678691, -0.894170684387217, 0.5255824011039623]",29.186961812227842,2.270954375117669
"[0.23953036202988837, 0.6546857792274791, -0.8941718909399806, 0.5255809416521908]",29.187009811124533,2.2710172075990656
"[0.23952320621674017, 0.6546864295630666, -0.8941730975418302, 0.5255794820565367]",29.187057812411794,2.2710800400804625
"[0.2395160499698684, 0.6546870800262398, -0.8941743042884336, 0.5255780222012084]",29.18710581441765,2.271142872561859
"[0.23950889336312747, 0.6546877306101974, -0.8941755111673558, 0.5255765621013684]",29.187153816112126,2.2712057050432555
"[0.2395017374699729, 0.6546883812174498, -0.8941767179975527, 0.525575101975906]",29.187201819339048,2.2712685375246524
"[0.23949457957573667, 0.6546890320948013, -0.8941779252368682, 0.5255736412709003]",29.187249824947287,2.2713313700060485
"[0.23948742376587712, 0.6546896828707578, -0.8941791321962511, 0.5255721808200606]",29.18729783054852,2.2713942024874454
"[0.239480264988308, 0.654690334004794, -0.8941803397278372, 0.5255707195922532]",29.187345837013346,2.271457034968842
"[0.2394731086545179, 0.654690985004702, -0.8941815469188319, 0.525569258692044]",29.187393843745003,2.2715198674502384
"[0.23946595004925206, 0.6546916362994282, -0.8941827545646371, 0.5255677971568458]",29.187441853974434,2.2715826999316353
"[0.23945879267870487, 0.6546922875699921, -0.8941839620737757, 0.5255663357024637]",29.187489865033285,2.271645532413032
"[0.23945163428860725, 0.6546929390215137, -0.8941851698265554, 0.5255648738686042]",29.18753787363597,2.2717083648944283
"[0.239444476101662, 0.6546935905427358, -0.8941863776166926, 0.5255634119049247]",29.187585884617814,2.271771197375825
"[0.23943731742517693, 0.6546942421967122, -0.8941875855610655, 0.5255619496699366]",29.187633898617168,2.2718340298572217
"[0.23943015965272302, 0.6546948938565773, -0.8941887934245151, 0.5255604874483044]",29.18768191216957,2.271896862338618
"[0.23942300011890688, 0.6546955457650128, -0.8941900016568325, 0.5255590246954918]",29.187729929170395,2.2719596948200147
"[0.23941584126185672, 0.6546961977000423, -0.8941912098465751, 0.525557561909578]",29.187777945281802,2.2720225273014116
"[0.23940868266122256, 0.6546968496999089, -0.8941924180646695, 0.5255560990047263]",29.187825961887018,2.272085359782808
"[0.2394015219373652, 0.6546975019814023, -0.8941936267127704, 0.5255546354945473]",29.18787397859051,2.2721481922642046
"[0.2393943621749058, 0.6546981542635564, -0.8941948352702441, 0.5255531720094367]",29.187921999052286,2.272211024745601
"[0.2393872036749418, 0.6546988065189141, -0.8941960436862273, 0.5255517086109975]",29.187970018973115,2.272273857226998
"[0.23938004208252447, 0.6546994591442705, -0.894197252695901, 0.5255502444089425]",29.18801803958843,2.2723366897083945
"[0.2393728829185305, 0.6547001116365746, -0.8941984613672417, 0.5255487805319407]",29.18806606379875,2.272399522189791
"[0.23936572212872811, 0.6547007643653026, -0.8941996703847055, 0.5255473161510431]",29.188114085121082,2.272462354671188
"[0.23935856139753245, 0.6547014171769454, -0.894200879463918, 0.5255458516106503]",29.18816211045533,2.272525187152584
"[0.23935140042721537, 0.6547020700986472, -0.8942020886551499, 0.5255443868498612]",29.188210136036297,2.272588019633981
"[0.23934423943732303, 0.6547027231103968, -0.8942032979213298, 0.5255429219135688]",29.188258164691753,2.2726508521153774
"[0.23933707808702756, 0.6547033762432822, -0.8942045073200147, 0.5255414567320305]",29.188306190311046,2.272713684596774
"[0.23932991653116156, 0.6547040294831937, -0.8942057168250618, 0.5255399913368991]",29.188354219067083,2.272776517078171
"[0.23932275444999285, 0.6547046828593066, -0.8942069264904795, 0.5255385256627242]",29.188402249071167,2.2728393495595673
"[0.23931559281164694, 0.6547053362833154, -0.8942081361527477, 0.5255370599076041]",29.188450281134898,2.272902182040964
"[0.2393084306993734, 0.6547059898388373, -0.8942093459667139, 0.5255355938839389]",29.188498312158693,2.2729650145223603
"[0.23930126855329548, 0.6547066434857535, -0.8942105558580348, 0.525534127681754]",29.188546344270975,2.2730278470037573
"[0.23929410626031583, 0.6547072972343616, -0.8942117658458174, 0.5255326612779201]",29.1885943789518,2.2730906794851538
"[0.2392869441039789, 0.6547079510588031, -0.8942129758821551, 0.5255311947304585]",29.18864241210621,2.2731535119665502
"[0.23927978056982568, 0.654708605097339, -0.89421418622293, 0.5255297277292338]",29.18869044944899,2.273216344447947
"[0.23927261712392425, 0.6547092592161492, -0.8942153966204534, 0.525528260574415]",29.188738485915458,2.2732791769293437
"[0.2392654540557457, 0.65470991338879, -0.8942166070258029, 0.5255267933253065]",29.188786525061573,2.27334200941074
"[0.23925829010862756, 0.654710567730043, -0.8942178176513316, 0.5255253257244686]",29.188834563472504,2.2734048418921367
"[0.23925112690364397, 0.6547112220918334, -0.8942190282230961, 0.5255238581039988]",29.188882603875353,2.2734676743735336
"[0.2392439622376994, 0.6547118766754281, -0.894220239113424, 0.5255223900124907]",29.188930646503525,2.27353050685493
"[0.2392367985758869, 0.6547125312556306, -0.8942214499056962, 0.525520921955023]",29.18897868863148,2.2735933393363266
"[0.23922963382310422, 0.6547131860238766, -0.894222660954022, 0.5255194535022448]",29.189026732304896,2.2736561718177235
"[0.23922246963748459, 0.6547138408286457, -0.8942238719781347, 0.525517984993973]",29.18907477763954,2.2737190042991196
"[0.2392153043516448, 0.6547144958223439, -0.8942250832598906, 0.5255165160884091]",29.18912282168864,2.2737818367805165
"[0.23920813996027349, 0.6547151508226396, -0.89422629446209, 0.5255150471944551]",29.189170868834683,2.273844669261913
"[0.23920097461386605, 0.6547158059986227, -0.8942275058974054, 0.5255135779329079]",29.18921891376239,2.2739075017433095
"[0.23919380883489444, 0.6547164613025452, -0.8942287174775215, 0.525512108410848]",29.189266964565025,2.2739703342247064
"[0.2391866442647809, 0.6547171165842897, -0.8942299289248924, 0.5255106389649093]",29.18931501465834,2.274033166706103
"[0.23917947769321807, 0.6547177721374896, -0.8942311407823545, 0.5255091689366299]",29.189363065453232,2.2740959991874994
"[0.2391723120386413, 0.6547184276952026, -0.8942323525564164, 0.5255076989246071]",29.18941111469332,2.274158831668896
"[0.23916514591482957, 0.6547190833842421, -0.8942335644814906, 0.5255062286444723]",29.189459168375016,2.274221664150293
"[0.23915797903221356, 0.6547197392311268, -0.8942347766065639, 0.5255047580367656]",29.189507220597882,2.2742844966316893
"[0.23915081234066532, 0.6547203951489449, -0.8942359887709904, 0.5255032872963699]",29.189555277899334,2.274347329113086
"[0.23914364593980222, 0.6547210511285705, -0.8942372009579109, 0.5255018164437412]",29.18960333398113,2.2744101615944827
"[0.23913647825089426, 0.6547217073145318, -0.8942384134343772, 0.5255003451548172]",29.18965138980167,2.274472994075879
"[0.23912931122313355, 0.6547223635283973, -0.8942396258706722, 0.5254988738296745]",29.18969944782774,2.2745358265572757
"[0.23912214427916015, 0.6547230198230165, -0.8942408383644525, 0.5254974023498099]",29.189747506627974,2.274598659038672
"[0.2391149765133687, 0.6547236762813305, -0.8942420510689357, 0.525495930529259]",29.189795564854748,2.274661491520069
"[0.23910780924799083, 0.6547243327822518, -0.8942432637604161, 0.5254944586395089]",29.18984362950758,2.2747243240014656
"[0.2391006407163981, 0.6547249894876364, -0.8942444767378113, 0.5254929863176991]",29.189891690042675,2.274787156482862
"[0.23909347282511315, 0.6547256462227681, -0.8942456896785338, 0.5254915139554673]",29.18993975263246,2.274849988964259
"[0.23908630468001357, 0.6547263030696341, -0.8942469027338695, 0.5254900413690704]",29.189987818641946,2.274912821445655
"[0.23907913517728385, 0.6547269601293868, -0.8942481160906395, 0.5254885683317144]",29.190035881747455,2.274975653927052
"[0.2390719669011198, 0.6547276171651979, -0.894249329311496, 0.5254870953743355]",29.190083948997184,2.275038486408449
"[0.23906479798167252, 0.6547282743484454, -0.8942505427128966, 0.5254856221127272]",29.190132016398696,2.275101318889845
"[0.23905762807859812, 0.6547289317103661, -0.8942517563524682, 0.5254841484768761]",29.190180082768876,2.275164151371242
"[0.23905045889105214, 0.6547295890951798, -0.8942529699425975, 0.5254826748159981]",29.190228153183288,2.2752269838526384
"[0.23904328936437205, 0.6547302465995504, -0.8942541836618103, 0.525481200913358]",29.190276224283153,2.2752898163340354
"[0.2390361195681955, 0.654730904217153, -0.89425539749832, 0.5254797267831844]",29.190324295170765,2.275352648815432
"[0.23902894970903932, 0.6547315619290338, -0.8942566114171664, 0.525478252467944]",29.190372369552847,2.2754154812968284
"[0.23902177864240026, 0.6547322198402077, -0.8942578256121395, 0.5254767777322433]",29.190420439648005,2.2754783137782253
"[0.23901460814359096, 0.6547328777878095, -0.8942590397826526, 0.5254753029411506]",29.19046851656271,2.2755411462596213
"[0.2390074372430551, 0.6547335358607999, -0.8942602540928729, 0.5254738278952554]",29.190516590976557,2.2756039787410183
"[0.23900026728007426, 0.6547341939362635, -0.8942614683159968, 0.5254723528700612]",29.1905646685832,2.2756668112224148
"[0.23899309594877802, 0.6547348522258479, -0.8942626828425244, 0.5254708773911765]",29.190612746205296,2.2757296437038113
"[0.2389859244783097, 0.6547355106167524, -0.8942638974643078, 0.5254694017114355]",29.190660826089196,2.275792476185208
"[0.23897875305174662, 0.6547361690921705, -0.8942651121503383, 0.5254679258685031]",29.19070890353646,2.2758553086666047
"[0.23897158194591833, 0.6547368276267107, -0.8942663268537155, 0.525466449919317]",29.190756987473822,2.275918141148001
"[0.238964409598626, 0.6547374863637551, -0.8942675418390762, 0.5254649735424285]",29.190805067973017,2.2759809736293977
"[0.2389572375964978, 0.6547381451576919, -0.8942687568376502, 0.52546349706428]",29.190853150043868,2.2760438061107946
"[0.2389500654387991, 0.6547388040544823, -0.8942699719342628, 0.5254620203818279]",29.19090123361832,2.276106638592191
"[0.23894289335253396, 0.6547394630332745, -0.894271187090453, 0.5254605435418023]",29.19094931967207,2.2761694710735876
"[0.23893571924615128, 0.6547401222862796, -0.8942724026606151, 0.5254590661134463]",29.19099740591003,2.2762323035549845
"[0.2389285471972351, 0.6547407814387969, -0.894273617953845, 0.5254575889364872]",29.191045493942244,2.2762951360363806
"[0.2389213735119584, 0.654741440830292, -0.8942748335960483, 0.5254561112501571]",29.191093579828422,2.2763579685177775
"[0.2389142005166193, 0.654742100246965, -0.894276049193023, 0.5254546335335919]",29.191141669600583,2.276420800999174
"[0.2389070282041058, 0.6547427596894425, -0.894277264745951, 0.5254531557853737]",29.191189760379547,2.276483633480571
"[0.23889985374686623, 0.6547434194177235, -0.8942784807340601, 0.5254516774228724]",29.19123785253448,2.2765464659619674
"[0.23889267987541965, 0.6547440791807533, -0.8942796966945796, 0.5254501990086747]",29.191285945246456,2.276609298443364
"[0.23888550538408113, 0.6547447390894152, -0.8942809128318672, 0.5254487202943051]",29.19133403740171,2.276672130924761
"[0.23887833019277574, 0.6547453991511009, -0.8942821291595133, 0.5254472412632061]",29.191382133456106,2.276734963406157
"[0.23887115570856882, 0.6547460592363714, -0.8942833454389909, 0.5254457622054141]",29.19143022862776,2.276797795887554
"[0.23886398146336887, 0.6547467193882756, -0.8942845617496374, 0.5254442830244597]",29.191478323944533,2.2768606283689503
"[0.2388568058428534, 0.6547473797553813, -0.8942857783651565, 0.5254428033874556]",29.191526420423465,2.276923460850347
"[0.23884963084486643, 0.6547480401538406, -0.8942869949468242, 0.525441323706336]",29.19157451923217,2.2769862933317437
"[0.2388424559777369, 0.6547487006288972, -0.8942882115779931, 0.5254398438797234]",29.191622619477563,2.2770491258131402
"[0.23883528039062107, 0.6547493612588836, -0.8942894284029452, 0.5254383637321074]",29.19167071959271,2.2771119582945367
"[0.23882810426055862, 0.6547500220275259, -0.8942906453916736, 0.525436883299955]",29.19171882309515,2.277174790775933
"[0.2388209281869662, 0.6547506828796398, -0.8942918624425285, 0.525435402706904]",29.191766924859913,2.27723762325733
"[0.23881375187030487, 0.6547513438428121, -0.8942930796063103, 0.5254339218911439]",29.191815029601972,2.2773004557387266
"[0.23880657507889708, 0.6547520049383974, -0.894294296922321, 0.5254324408048346]",29.191863131997316,2.277363288220123
"[0.23879939920418145, 0.6547526660382132, -0.8942955141545376, 0.5254309597351436]",29.191911239294477,2.27742612070152
"[0.23879222194464034, 0.6547533273543046, -0.8942967316933662, 0.5254294782070236]",29.191959345886556,2.277488953182916
"[0.23878504591375962, 0.6547539886458658, -0.8942979490954577, 0.5254279967599417]",29.192007455301443,2.277551785664313
"[0.23877786825822225, 0.6547546501758489, -0.8942991668448756, 0.525426514804826]",29.192055563323958,2.2776146181457095
"[0.23877069046979746, 0.6547553118067927, -0.8943003846885528, 0.525425032649617]",29.192103672090433,2.2776774506271065
"[0.23876351282778221, 0.6547559735129541, -0.8943016025790964, 0.5254235503519813]",29.192151784505583,2.277740283108503
"[0.23875633486304584, 0.6547566353375861, -0.8943028205961077, 0.5254220678150255]",29.192199897215083,2.2778031155898995
"[0.23874915760680823, 0.6547572971856047, -0.8943040385645917, 0.5254205852517424]",29.192248011185402,2.2778659480712964
"[0.23874197843134043, 0.6547579592993451, -0.8943052569304841, 0.5254191021192929]",29.192296123200038,2.2779287805526924
"[0.2387348003421628, 0.6547586214016319, -0.8943064751837331, 0.5254176190385493]",29.192344237120334,2.2779916130340894
"[0.2387276209165488, 0.6547592837159454, -0.8943076937355185, 0.5254161355089269]",29.19239235421453,2.278054445515486
"[0.23872044270058848, 0.6547599460074, -0.8943089121536967, 0.5254146520565415]",29.19244047293251,2.2781172779968824
"[0.23871326340839874, 0.6547606084869058, -0.8943101308262643, 0.5254131682089819]",29.192488590465015,2.2781801104782793
"[0.23870608445270872, 0.6547612710241117, -0.89431134951342, 0.5254116842582108]",29.19253670875248,2.2782429429596758
"[0.2386989044305858, 0.6547619337485061, -0.8943125684533314, 0.5254101999142016]",29.192584832591947,2.2783057754410723
"[0.23869172495336938, 0.6547625965113729, -0.8943137873724476, 0.5254087155100425]",29.192632952500563,2.2783686079224688
"[0.23868454499172811, 0.6547632594077321, -0.894315006445524, 0.5254072308329124]",29.19268107481586,2.2784314404038657
"[0.23867736433971992, 0.6547639224566202, -0.8943162257075401, 0.5254057458401779]",29.192729198493314,2.278494272885262
"[0.23867018416854233, 0.6547645855498945, -0.8943174449596288, 0.5254042607740381]",29.192777321208045,2.2785571053666587
"[0.23866300384704492, 0.6547652487458386, -0.8943186643089567, 0.525402775503957]",29.192825448153783,2.2786199378480556
"[0.23865582258652684, 0.654765912117314, -0.8943198838894725, 0.5254012898667532]",29.192873576915687,2.278682770329452
"[0.23864864236287356, 0.6547665754817996, -0.8943211033656103, 0.5253998042711872]",29.1929217014387,2.2787456028108486
"[0.23864146123271665, 0.6547672390188405, -0.8943223230674222, 0.5253983183151698]",29.19296983276408,2.278808435292245
"[0.2386342802916826, 0.6547679026272114, -0.8943235428088264, 0.5253968322253872]",29.193017960963648,2.278871267773642
"[0.23862709814832408, 0.6547685664355168, -0.894324762826183, 0.525395345713841]",29.193066091884464,2.2789341002550385
"[0.23861991586402678, 0.6547692303456883, -0.8943259829392133, 0.5253938590001519]",29.193114223502185,2.278996932736435
"[0.23861273414283643, 0.6547698942926344, -0.8943272030283056, 0.5253923722300711]",29.19316235563705,2.279059765217832
"[0.23860555139605413, 0.65477055842324, -0.8943284233633643, 0.5253908850746808]",29.193210491380505,2.279122597699228
"[0.23859836923726055, 0.6547712225883195, -0.8943296436702486, 0.5253893978680448]",29.19325862431775,2.279185430180625
"[0.23859118723900424, 0.654771886827388, -0.8943308640215712, 0.5253879105216736]",29.19330676144209,2.279248262662022
"[0.23858400386715237, 0.6547725512823552, -0.8943320846780243, 0.5253864227178092]",29.193354899085897,2.279311095143418
"[0.23857682117408147, 0.6547732157633908, -0.894333305290858, 0.5253849348815077]",29.193403037477953,2.279373927624815
"[0.23856963753877908, 0.6547738804204631, -0.8943345261355449, 0.5253834466769735]",29.193451175762046,2.2794367601062113
"[0.23856245406858592, 0.6547745451511524, -0.8943357470239008, 0.5253819583335522]",29.193499316204022,2.279499592587608
"[0.23855527145642852, 0.6547752098912715, -0.8943369678381436, 0.5253804699949033]",29.193547457204755,2.2795624250690047
"[0.2385480873472185, 0.654775874858811, -0.8943381889785661, 0.5253789811729693]",29.19359560038138,2.2796252575504012
"[0.23854090330008756, 0.6547765399095076, -0.8943394101801677, 0.5253774921907745]",29.193643744576047,2.2796880900317977
"[0.23853371869602555, 0.6547772051006574, -0.8943406315481778, 0.5253760029200215]",29.19369188782873,2.2797509225131942
"[0.23852653342866553, 0.6547778704421345, -0.8943418531006926, 0.5253745133386093]",29.19374003288589,2.279813754994591
"[0.23851934929680968, 0.6547785357673661, -0.894343074531892, 0.52537302381946]",29.193788178720933,2.2798765874759876
"[0.23851216487597382, 0.6547792012082544, -0.8943442960839473, 0.525371534067261]",29.193836324360976,2.279939419957384
"[0.2385049794610071, 0.6547798668301511, -0.894345517876769, 0.5253700439357234]",29.19388447457943,2.280002252438781
"[0.2384977946882286, 0.6547805324814528, -0.8943467396321253, 0.5253685537642124]",29.193932624308527,2.2800650849201776
"[0.23849060871095235, 0.6547811983332844, -0.8943479616640436, 0.525367063169659]",29.193980775063533,2.280127917401574
"[0.23848342268349748, 0.6547818642787077, -0.8943491837762396, 0.5253655723914579]",29.19402892675045,2.2801907498829705
"[0.2384762364774658, 0.6547825303296384, -0.8943504059905479, 0.5253640814029452]",29.194077077793484,2.2802535823643675
"[0.23846905098359297, 0.6547831964034697, -0.8943516281554669, 0.5253625903889942]",29.194125233762776,2.280316414845764
"[0.23846186431383287, 0.6547838626752803, -0.8943528505921288, 0.5253610989577411]",29.194173386756542,2.2803792473271605
"[0.23845467682510488, 0.6547845291119606, -0.8943540732398536, 0.5253596071832523]",29.19422154352987,2.2804420798085574
"[0.23844749139109248, 0.6547851954470861, -0.8943552956097799, 0.5253581156619411]",29.194269699947352,2.2805049122899534
"[0.23844030402984914, 0.6547858620498854, -0.8943565183793039, 0.5253566235672924]",29.19431785756021,2.2805677447713504
"[0.23843311643788967, 0.6547865287630685, -0.89435774125983, 0.5253551312514008]",29.194366017524054,2.280630577252747
"[0.23842592943308372, 0.6547871955107615, -0.894358964112199, 0.5253536388840878]",29.194414175242304,2.2806934097341434
"[0.23841874151442394, 0.6547878624322204, -0.8943601871918051, 0.5253521461536574]",29.194462336792906,2.2807562422155403
"[0.23841155478720644, 0.6547885293321022, -0.8943614101404089, 0.5253506534973277]",29.194510499189416,2.280819074696937
"[0.2384043657335118, 0.6547891965368793, -0.8943626335566602, 0.5253491601843924]",29.19455866106864,2.2808819071783337
"[0.2383971778574469, 0.6547898637213613, -0.894363856844252, 0.5253476669426814]",29.194606827490343,2.2809447396597298
"[0.2383899887963648, 0.6547905311048532, -0.8943650804052744, 0.5253461732813617]",29.194654990351747,2.2810075721411267
"[0.23838280087845304, 0.6547911984712226, -0.8943663038434724, 0.525344679684152]",29.19470315829172,2.281070404622523
"[0.23837561205183597, 0.6547918660109734, -0.8943675275080842, 0.5253431857246915]",29.19475132653077,2.2811332371039197
"[0.23836842223686563, 0.6547925337315363, -0.8943687514126922, 0.5253416913863559]",29.194799492430928,2.2811960695853166
"[0.23836123400309397, 0.6547932013942666, -0.8943699751198757, 0.5253401972032195]",29.194847662092595,2.281258902066713
"[0.23835404400551993, 0.6547938693098672, -0.8943711991990781, 0.5253387024799536]",29.194895832457014,2.2813217345481096
"[0.23834685362879057, 0.6547945373497328, -0.8943724234145977, 0.5253372075043536]",29.194944004866812,2.281384567029506
"[0.23833966477785912, 0.6547952053368832, -0.8943736474420785, 0.5253357126724901]",29.194992177117722,2.281447399510903
"[0.2383324745157366, 0.6547958735441943, -0.8943748717815914, 0.5253342173736867]",29.195040349482497,2.2815102319922995
"[0.23832528472999376, 0.6547965417962922, -0.8943760961117343, 0.5253327220004165]",29.19508852476548,2.281573064473696
"[0.23831809364468867, 0.654797210258243, -0.8943773207349383, 0.5253312261832925]",29.1951367000225,2.281635896955093
"[0.23831090261435764, 0.6547978788041634, -0.8943785454205435, 0.5253297302040134]",29.195184875984108,2.281698729436489
"[0.23830371176461382, 0.6547985474223699, -0.8943797701471512, 0.525328234088717]",29.195233052530757,2.281761561917886
"[0.23829652107942118, 0.6547992161143408, -0.8943809949174831, 0.5253267378340832]",29.19528123236666,2.2818243943992824
"[0.23828932928101393, 0.6547998849989308, -0.8943822199491892, 0.5253252411741779]",29.19532941043949,2.281887226880679
"[0.23828213759308367, 0.6548005539623427, -0.8943834450338397, 0.5253237443636255]",29.195377590805837,2.281950059362076
"[0.23827494644181654, 0.6548012229649212, -0.8943846700988229, 0.5253222474911469]",29.195425774186223,2.2820128918434723
"[0.23826775422024507, 0.6548018921561581, -0.8943858954179036, 0.5253207502222416]",29.195473954989424,2.2820757243248693
"[0.2382605617914378, 0.6548025614558035, -0.8943871208440557, 0.5253192527364963]",29.19552214026942,2.2821385568062653
"[0.23825336961739135, 0.6548032308208509, -0.8943883462985627, 0.5253177551301141]",29.195570324924603,2.2822013892876623
"[0.23824617760824912, 0.6548039002596638, -0.8943895717967253, 0.525316257384386]",29.19561850923556,2.2822642217690587
"[0.23823898395429868, 0.6548045699407058, -0.8943907976469329, 0.5253147591223963]",29.195666697588567,2.2823270542504552
"[0.23823179111003673, 0.6548052396355039, -0.8943920234309299, 0.5253132608553118]",29.195714884050066,2.282389886731852
"[0.23822459740569304, 0.6548059094995327, -0.8943932494332711, 0.5253117622353027]",29.195763073931516,2.2824527192132487
"[0.23821740342067466, 0.6548065794788404, -0.8943944755552252, 0.5253102633830538]",29.19581126430432,2.282515551694645
"[0.2382102109811823, 0.6548072494033473, -0.8943957014855152, 0.5253087646790682]",29.1958594570334,2.2825783841760416
"[0.23820301638277042, 0.6548079196181028, -0.8943969278555602, 0.5253072653514227]",29.195907646830303,2.2826412166574386
"[0.23819582241121512, 0.6548085898636239, -0.894398154190524, 0.5253057659806056]",29.195955841406093,2.282704049138835
"[0.2381886285778902, 0.654809260185423, -0.8943993805736863, 0.525304266464798]",29.19600403474633,2.2827668816202316
"[0.2381814336223557, 0.6548099307009693, -0.8944006072199346, 0.5253027665412244]",29.19605222918371,2.2828297141016285
"[0.23817423868540102, 0.654810601303961, -0.8944018339347936, 0.5253012664476714]",29.196100423557564,2.2828925465830245
"[0.2381670436223111, 0.6548112720078991, -0.894403060742933, 0.5252997661539466]",29.19614862313024,2.2829553790644215
"[0.23815984913828456, 0.6548119427470352, -0.8944042875241026, 0.5252982658071118]",29.19619682182219,2.283018211545818
"[0.23815265423222837, 0.6548126136146993, -0.8944055144489994, 0.5252967651983983]",29.19624501896767,2.2830810440272145
"[0.23814545832398124, 0.6548132846650129, -0.8944067416165744, 0.5252952642067493]",29.196293221838772,2.2831438765086114
"[0.23813826255537746, 0.6548139557915161, -0.8944079688321126, 0.5252937630702976]",29.196341423199723,2.283206708990008
"[0.23813106655407013, 0.6548146270289258, -0.8944091961591146, 0.5252922617113761]",29.196389624257048,2.283269541471405
"[0.2381238704166625, 0.6548152983682518, -0.8944104235811059, 0.5252907601501038]",29.19643782809628,2.283332373952801
"[0.2381166733013202, 0.6548159698880461, -0.8944116512416891, 0.5252892582107838]",29.1964860322872,2.283395206434198
"[0.23810947734257704, 0.6548166413891465, -0.8944128787767559, 0.5252877563388652]",29.196534237877763,2.2834580389155947
"[0.23810228061654873, 0.6548173130510754, -0.8944141065144865, 0.5252862541328233]",29.196582444694666,2.283520871396991
"[0.23809508264041074, 0.654817984918935, -0.894415334537276, 0.5252847514917951]",29.19663065274872,2.2835837038783877
"[0.2380878852942384, 0.654818656817245, -0.894416562524376, 0.5252832488082407]",29.196678862020267,2.283646536359784
"[0.2380806887108236, 0.6548193287335902, -0.8944177904531063, 0.525281746109922]",29.196727070923263,2.2837093688411807
"[0.2380734914972226, 0.6548200007980007, -0.8944190185611367, 0.5252802431060098]",29.19677528009263,2.2837722013225776
"[0.23806629288727746, 0.6548206730820828, -0.894420246979226, 0.5252787396363967]",29.196823491372616,2.283835033803974
"[0.23805909553766014, 0.654821345337722, -0.8944214752540218, 0.5252772362559442]",29.196871704656488,2.2838978662853706
"[0.23805189637054575, 0.6548220178524068, -0.8944227039107802, 0.5252757323217343]",29.19691991860375,2.283960698766767
"[0.23804469787910001, 0.6548226903932602, -0.8944239325240149, 0.5252742283545507]",29.196968134625614,2.284023531248164
"[0.23803749906780652, 0.6548233630532831, -0.8944251612636281, 0.5252727241464134]",29.19701635004594,2.2840863637295605
"[0.23803030037567885, 0.65482403579146, -0.8944263900546862, 0.5252712197890409]",29.19706456739706,2.284149196210957
"[0.23802310160552986, 0.6548247086262171, -0.894427618930844, 0.5252697152412241]",29.19711278354125,2.284212028692354
"[0.23801590205618625, 0.654825381623109, -0.8944288480118056, 0.5252682103563783]",29.19716100464486,2.2842748611737504
"[0.2380087024724964, 0.6548260547125175, -0.8944300771704224, 0.5252667052901706]",29.19720922437646,2.284337693655147
"[0.23800150271150383, 0.654826727907819, -0.8944313064311006, 0.5252652000126944]",29.197257446333566,2.2844005261365434
"[0.23799430325108994, 0.6548274011643292, -0.8944325357122423, 0.5252636946238624]",29.197305666024143,2.2844633586179404
"[0.2379871030205271, 0.6548280745821844, -0.8944337651966748, 0.525262188899768]",29.197353888239395,2.284526191099337
"[0.2379799027346516, 0.6548287480945532, -0.8944349947623431, 0.5252606829898533]",29.197402113833085,2.2845890235807333
"[0.23797270178039132, 0.6548294217587552, -0.8944362245139503, 0.5252591767659163]",29.19745033952667,2.2846518560621303
"[0.2379655009280815, 0.6548300955027944, -0.8944374543199417, 0.52525767038899]",29.197498564474778,2.2847146885435263
"[0.2379583000501261, 0.6548307693385591, -0.8944386842021078, 0.5252561638324408]",29.197546792790725,2.2847775210249233
"[0.23795109859080277, 0.6548314433180964, -0.8944399142553673, 0.5252546569799349]",29.197595018710768,2.2848403535063198
"[0.23794389728752516, 0.6548321173723859, -0.8944411443537695, 0.5252531499857691]",29.19764325019019,2.2849031859877162
"[0.23793669576850449, 0.6548327915362334, -0.8944423745608195, 0.5252516427721278]",29.197691480106016,2.284966018469113
"[0.23792949408644531, 0.6548334658047192, -0.894443604867515, 0.5252501353500157]",29.197739712290854,2.2850288509505097
"[0.23792229223158665, 0.6548341401787432, -0.8944448352755271, 0.5252486277173994]",29.19778794382825,2.285091683431906
"[0.23791509052201468, 0.6548348146285403, -0.8944460657305074, 0.5252471199408366]",29.197836177795818,2.2851545159133027
"[0.23790788739927313, 0.6548354893000828, -0.8944472964987435, 0.5252456116939974]",29.19788441289856,2.2852173483946996
"[0.23790068470388798, 0.6548361640209933, -0.8944485272657642, 0.5252441033622315]",29.19793264663179,2.285280180876096
"[0.23789348162495544, 0.6548368388672368, -0.8944497581701286, 0.5252425947757201]",29.197980883227906,2.2853430133574926
"[0.23788627866827777, 0.654837513791432, -0.8944509891254029, 0.5252410860403811]",29.198029121069418,2.2854058458388895
"[0.23787907547801362, 0.6548381888269239, -0.8944522201923971, 0.5252395770816709]",29.19807735918981,2.285468678320286
"[0.2378718714774779, 0.654838864027775, -0.8944534514696824, 0.5252380677787415]",29.198125600732766,2.2855315108016825
"[0.2378646673957992, 0.6548395393256635, -0.8944546828326492, 0.5252365582843158]",29.19817383985198,2.285594343283079
"[0.2378574637148233, 0.6548402146754182, -0.8944559141989287, 0.5252350486993618]",29.19822208212908,2.285657175764476
"[0.23785025934146328, 0.6548408901795252, -0.8944571457553709, 0.5252335387947963]",29.19827032409963,2.2857200082458724
"[0.23784305534290015, 0.6548415657379415, -0.8944583773195433, 0.525232028794249]",29.19831856782902,2.285782840727269
"[0.23783585079563307, 0.6548422414372161, -0.8944596090493302, 0.5252305185042092]",29.198366812483066,2.285845673208666
"[0.23782864539808185, 0.6548429173057193, -0.894460840996303, 0.5252290078613265]",29.19841505918729,2.285908505690062
"[0.23782144073879324, 0.6548435931944315, -0.8944620728888579, 0.5252274971986581]",29.198463305088275,2.285971338171459
"[0.23781423541646535, 0.6548442692348079, -0.8944633049665942, 0.5252259862223843]",29.198511554148087,2.2860341706528553
"[0.2378070295647009, 0.6548449454143386, -0.8944645372066796, 0.5252244749604705]",29.198559803412554,2.286097003134252
"[0.23779982428941657, 0.6548456216292448, -0.8944657694199932, 0.5252229636448571]",29.19860805221227,2.2861598356156487
"[0.23779261840057128, 0.6548462979912132, -0.894467001810047, 0.5252214520259256]",29.198656302809948,2.286222668097045
"[0.2377854121686953, 0.6548469744748808, -0.8944682343305839, 0.5252199401603731]",29.19870455468335,2.2862855005784417
"[0.23777820505540115, 0.654847651130782, -0.8944694670737038, 0.5252184279352343]",29.19875280707799,2.286348333059838
"[0.2377709998687675, 0.6548483276952834, -0.8944706995590771, 0.5252169159397095]",29.1988010623977,2.286411165541235
"[0.23776379256675761, 0.6548490045479249, -0.8944719324781152, 0.5252154033255861]",29.1988493157511,2.2864739980226316
"[0.23775658556189996, 0.6548496814621775, -0.8944731654181425, 0.5252138905991138]",29.19889757274246,2.286536830504028
"[0.2377493779411924, 0.6548503585237997, -0.8944743985353525, 0.5252123775686417]",29.198945831246334,2.286599662985425
"[0.2377421718397436, 0.6548510355322089, -0.8944756314644426, 0.5252108646824027]",29.19899408965639,2.2866624954668215
"[0.23773496404831337, 0.6548517127889266, -0.8944768647544967, 0.5252093512666076]",29.199042347349458,2.286725327948218
"[0.23772775584125652, 0.6548523901742215, -0.8944780981874964, 0.5252078375887889]",29.19909060676831,2.2867881604296145
"[0.23772054736671577, 0.654853067674214, -0.8944793317380964, 0.5252063236799898]",29.199138868612476,2.2868509929110115
"[0.23771333951085782, 0.6548537452056008, -0.8944805652546441, 0.5252048097263413]",29.199187129836297,2.286913825392408
"[0.23770613150663789, 0.6548544228404766, -0.8944817988683967, 0.5252032955667428]",29.199235394340082,2.2869766578738044
"[0.2376989234373746, 0.654855100571013, -0.8944830325650951, 0.525201781218684]",29.19928366057985,2.2870394903552014
"[0.23769171452649032, 0.6548557784702397, -0.894484266477664, 0.5252002665189818]",29.199331923830105,2.2871023228365974
"[0.23768450485206433, 0.6548564565308553, -0.8944855005927589, 0.5251987514839656]",29.199380189737337,2.2871651553179944
"[0.23767729561005463, 0.6548571346403916, -0.8944867347056631, 0.525197236364932]",29.199428459705825,2.287227987799391
"[0.23767008557203187, 0.6548578129143576, -0.8944879690266712, 0.5251957209037499]",29.199476725710564,2.2872908202807873
"[0.23766287621387555, 0.6548584912139703, -0.8944892033031134, 0.5251942054105527]",29.19952499636448,2.2873536527621843
"[0.23765566638346514, 0.654859169647605, -0.8944904377322346, 0.5251926896431781]",29.19957326710417,2.2874164852435808
"[0.2376484562429187, 0.6548598482000231, -0.8944916722862845, 0.5251911736356754]",29.19962153871441,2.2874793177249773
"[0.23764124629508115, 0.6548605268238996, -0.8944929068791626, 0.5251896574937691]",29.199669811388215,2.287542150206374
"[0.23763403476928055, 0.6548612056859267, -0.8944941418140869, 0.5251881408450542]",29.19971808589513,2.2876049826877707
"[0.2376268244956578, 0.6548618845196925, -0.8944953766064118, 0.5251866242847194]",29.199766358432008,2.2876678151691676
"[0.23761961410146495, 0.6548625634544176, -0.8944966114912072, 0.525185107524067]",29.199814635945536,2.2877306476505637
"[0.23761240297386238, 0.6548632425478323, -0.8944978465734384, 0.5251835904341363]",29.19986291253534,2.2877934801319606
"[0.2376051913038325, 0.6548639217819566, -0.8944990818204127, 0.5251820730550786]",29.1999111884108,2.287856312613357
"[0.23759797913615563, 0.654864601152602, -0.8945003172244712, 0.5251805553962622]",29.199959469067267,2.2879191450947536
"[0.2375907680559945, 0.654865280510446, -0.894501552514072, 0.5251790377912614]",29.200007748382692,2.2879819775761505
"[0.2375835557564155, 0.6548659600728276, -0.8945027880844001, 0.5251775197545635]",29.200056028453513,2.288044810057547
"[0.2375763435621317, 0.6548666397149465, -0.8945040237085282, 0.5251760015649517]",29.20010431090754,2.2881076425389435
"[0.23756913027173585, 0.6548673195500186, -0.8945052595922993, 0.5251744829695079]",29.20015259412523,2.28817047502034
"[0.23756191898618437, 0.6548679992857983, -0.8945064952043931, 0.5251729646210614]",29.200200878797887,2.288233307501737
"[0.23755470567797288, 0.6548686793019078, -0.8945077312348974, 0.5251714456716231]",29.200249163305998,2.2882961399831334
"[0.23754749236911563, 0.6548693594077653, -0.8945089673373583, 0.5251699265469024]",29.200297448101544,2.28835897246453
"[0.23754027849364448, 0.6548700396567467, -0.8945102036087671, 0.5251684071276778]",29.200345736096942,2.288421804945927
"[0.23753306505418278, 0.6548707199543059, -0.8945114398772999, 0.5251668876251224]",29.200394025089956,2.288484637427323
"[0.23752585158260203, 0.6548714003445827, -0.8945126762231757, 0.5251653679406388]",29.20044231446548,2.28854746990872
"[0.23751863725021038, 0.6548720809057695, -0.8945139127884374, 0.5251638478995926]",29.20049060451893,2.2886103023901163
"[0.23751142462229813, 0.6548727613958416, -0.8945151491333685, 0.5251623280425275]",29.20053889487383,2.288673134871513
"[0.2375042086509099, 0.6548734422910993, -0.8945163861232797, 0.5251608073056533]",29.200587184873932,2.2887359673529097
"[0.23749699461062193, 0.6548741230938603, -0.894517622854, 0.5251592868005136]",29.200635479592144,2.2887987998343062
"[0.237489780189128, 0.6548748040223142, -0.8945188597219107, 0.525157766039793]",29.200683774674534,2.288861632315703
"[0.23748256546224716, 0.6548754850693171, -0.8945200967140196, 0.5251562450394468]",29.200732071379143,2.288924464797099
"[0.23747534896328085, 0.6548761663733685, -0.8945213340818248, 0.5251547234901749]",29.200780365551363,2.288987297278496
"[0.23746813405510153, 0.6548768476169596, -0.8945225712487174, 0.5251532021010383]",29.20082866265549,2.2890501297598926
"[0.23746091907565273, 0.6548775289570248, -0.8945238084996667, 0.5251516805215799]",29.20087696095156,2.289112962241289
"[0.23745370264310997, 0.6548782105240746, -0.894525046071655, 0.5251501584603353]",29.2009252589744,2.289175794722686
"[0.237446486091145, 0.6548788921921781, -0.8945262837359842, 0.5251486361985368]",29.200973559505236,2.2892386272040826
"[0.2374392697581955, 0.6548795739293656, -0.8945275214346072, 0.5251471138075727]",29.201021862542596,2.289301459685479
"[0.23743205316708835, 0.6548802557807178, -0.8945287592493627, 0.5251455911867698]",29.201070163877564,2.2893642921668755
"[0.2374248367595537, 0.6548809377044998, -0.8945299971044813, 0.5251440684293219]",29.20111846917195,2.2894271246482725
"[0.2374176205362723, 0.6548816197006414, -0.894531234999837, 0.5251425455353816]",29.201166774304525,2.289489957129669
"[0.23741040281161624, 0.6548823019284742, -0.894532473224604, 0.525141022149165]",29.201215078259736,2.2895527896110655
"[0.23740318608732142, 0.6548829841515433, -0.894533711349606, 0.5251394987986677]",29.20126338632515,2.2896156220924624
"[0.23739596807525656, 0.6548836665861535, -0.8945349497674029, 0.5251379750008893]",29.201311693967938,2.2896784545738584
"[0.2373887492347574, 0.6548843491889235, -0.8945361883992126, 0.525136450852711]",29.201360000726897,2.2897412870552554
"[0.2373815317905431, 0.6548850317494757, -0.8945374268632993, 0.5251349268238651]",29.201408311839845,2.289804119536652
"[0.2373743131019268, 0.6548857145175357, -0.894538665612781, 0.5251334023567532]",29.201456622099396,2.289866952018049
"[0.23736709537437536, 0.6548863972845154, -0.8945399042691933, 0.5251318779171109]",29.20150493523323,2.2899297844994453
"[0.23735987730765268, 0.6548870801733926, -0.8945411430556608, 0.5251303532303463]",29.201553248126533,2.2899926169808418
"[0.23735265824283858, 0.6548877632465417, -0.8945423820852865, 0.5251288281572085]",29.20160156025065,2.2900554494622387
"[0.2373454385556296, 0.654888446468437, -0.8945436212936084, 0.5251273027770121]",29.20164987283272,2.2901182819436348
"[0.23733821983487036, 0.6548891296887172, -0.8945448604079045, 0.5251257774254549]",29.201698193611747,2.2901811144250317
"[0.23733100019557138, 0.6548898130858019, -0.8945460997517334, 0.5251242517042088]",29.201746507775255,2.290243946906428
"[0.23732377935171872, 0.6548904966867695, -0.894547339374224, 0.5251227255527927]",29.201794826988916,2.2903067793878247
"[0.23731656047527813, 0.6548911801913486, -0.8945485787308186, 0.5251211996415945]",29.201843145289182,2.2903696118692216
"[0.23730934068158596, 0.6548918638726358, -0.894549818316746, 0.5251196733609093]",29.201891464558994,2.290432444350618
"[0.23730211930877262, 0.6548925477933562, -0.8945510582456782, 0.5251181465707176]",29.201939785303125,2.2904952768320146
"[0.23729489933020256, 0.6548932316719135, -0.8945522980070791, 0.5251166198996566]",29.201988106123796,2.290558109313411
"[0.23728767874869094, 0.6548939156974641, -0.8945535379438769, 0.5251150929254483]",29.202036431673985,2.290620941794808
"[0.23728045757472038, 0.6548945998690417, -0.8945547780542846, 0.5251135656502554]",29.20208475583026,2.2906837742762045
"[0.2372732361478098, 0.6548952841544922, -0.8945560182800051, 0.5251120381458549]",29.202133081370597,2.290746606757601
"[0.23726601499010366, 0.6548959685043396, -0.8945572585313604, 0.5251105105226869]",29.20218140501753,2.290809439238998
"[0.23725879225662175, 0.6548966530934583, -0.8945584991252463, 0.5251089823903968]",29.202229733476695,2.290872271720394
"[0.23725157145580086, 0.6548973375893035, -0.8945597394590369, 0.525107454491282]",29.20227806111812,2.290935104201791
"[0.23724434886360923, 0.6548980223448914, -0.8945609801724119, 0.5251059260373512]",29.20232639073939,2.2909979366831874
"[0.23723712630519705, 0.6548987071872189, -0.8945622209518654, 0.5251043974147741]",29.20237472087879,2.2910607691645843
"[0.2372299039272834, 0.6548993921023736, -0.8945634617721858, 0.5251028686546029]",29.202423053476032,2.291123601645981
"[0.23722268062457508, 0.654900077195179, -0.894564702823273, 0.5251013395228591]",29.20247138553953,2.2911864341273773
"[0.23721545860366441, 0.6549007622563521, -0.8945659437259977, 0.5250998104866661]",29.202519718979136,2.2912492666087743
"[0.23720823463462734, 0.6549014475922869, -0.89456718503534, 0.5250982808621601]",29.202568052185114,2.2913120990901703
"[0.23720101152194356, 0.6549021329369432, -0.894568426269412, 0.525096751243127]",29.20261638723898,2.2913749315715672
"[0.23719378836156177, 0.6549028183760852, -0.8945696675835526, 0.5250952214381425]",29.20266472384671,2.291437764052964
"[0.23718656441010583, 0.654903503980271, -0.8945709091055217, 0.5250936912897313]",29.202713060925802,2.2915005965343602
"[0.2371793404220516, 0.6549041896779138, -0.8945721507056625, 0.5250921609576661]",29.202761401501135,2.291563429015757
"[0.23717211601902527, 0.6549048755049323, -0.8945733924490099, 0.5250906303617773]",29.202809740046984,2.2916262614971536
"[0.23716489204777774, 0.6549055613809481, -0.8945746341900196, 0.5250890996814508]",29.202858080621393,2.29168909397855
"[0.23715766749248002, 0.6549062474024206, -0.8945758761033012, 0.5250875687014236]",29.20290642093291,2.291751926459947
"[0.23715044211677463, 0.6549069335918075, -0.8945771182295039, 0.5250860373715681]",29.20295476437404,2.2918147589413436
"[0.23714321682460893, 0.6549076198632529, -0.8945783604132381, 0.5250845058834619]",29.203003107536382,2.29187759142274
"[0.23713599250623446, 0.6549083061322221, -0.8945796025014281, 0.5250829744257856]",29.203051452710405,2.2919404239041365
"[0.23712876586269546, 0.6549089927121072, -0.8945808450612858, 0.5250814422991711]",29.20309979810621,2.2920032563855335
"[0.23712154089606963, 0.6549096792226977, -0.894582087404694, 0.5250799103520726]",29.20314814488536,2.29206608886693
"[0.23711431430257865, 0.6549103659779101, -0.8945833300997387, 0.5250783778839769]",29.203196493817643,2.2921289213483265
"[0.23710708836211997, 0.6549110527611078, -0.8945845727543758, 0.525076845378309]",29.203244843041873,2.2921917538297234
"[0.23709986151121734, 0.6549117397208872, -0.8945858156374792, 0.5250753125034769]",29.203293192130197,2.29225458631112
"[0.23709263583185386, 0.6549124266593448, -0.8945870583909799, 0.5250737797010823]",29.203341541369806,2.2923174187925164
"[0.2370854076919836, 0.6549131139218077, -0.8945883016395718, 0.5250722462005893]",29.203389892428845,2.292380251273913
"[0.237078182040508, 0.6549138010376968, -0.8945895445320375, 0.5250707130519762]",29.20343824785017,2.29244308375531
"[0.23707095382420892, 0.6549144884875749, -0.8945907879375813, 0.5250691791829987]",29.20348659994143,2.2925059162367063
"[0.23706372635541445, 0.6549151759564631, -0.8945920312864357, 0.5250676452964678]",29.203534955252643,2.292568748718103
"[0.23705649883060098, 0.6549158635207203, -0.8945932747168236, 0.5250661112219466]",29.203583312467664,2.2926315811994997
"[0.2370492709806198, 0.6549165512060185, -0.8945945182750469, 0.5250645769022135]",29.203631669593044,2.2926944136808958
"[0.23704204306245083, 0.6549172389878922, -0.8945957619168942, 0.52506304239183]",29.20368002586921,2.2927572461622927
"[0.23703481454147599, 0.6549179269172305, -0.8945970057343609, 0.5250615075772617]",29.20372838619533,2.292820078643689
"[0.23702758575952468, 0.654918614961518, -0.8945982496686362, 0.5250599725310525]",29.203776745839786,2.2928829111250857
"[0.2370203578774224, 0.6549193030102539, -0.8945994935199523, 0.5250584374997254]",29.203825107220176,2.2929457436064826
"[0.23701312820771184, 0.654919991319284, -0.8946007377508048, 0.5250569019124918]",29.203873468161532,2.293008576087879
"[0.23700589823907312, 0.6549206797469174, -0.8946019821050191, 0.5250553660854658]",29.20392183111945,2.2930714085692756
"[0.23699866963713714, 0.6549213681345363, -0.8946032262959019, 0.5250538303725035]",29.20397019636356,2.293134241050672
"[0.23699143932398437, 0.6549220567752576, -0.8946044708532294, 0.525052294119689]",29.2040185619382,2.293197073532069
"[0.2369842101138312, 0.6549227454010637, -0.8946057152925935, 0.5250507579249359]",29.20406692805848,2.2932599060134655
"[0.2369769804450797, 0.6549234341606864, -0.8946069598827961, 0.5250492214564362]",29.204115295509993,2.293322738494862
"[0.23696975040325383, 0.6549241230460002, -0.8946082046091229, 0.525047684732323]",29.20416366283213,2.293385570976259
"[0.23696251902240853, 0.6549248121490732, -0.8946094496378932, 0.5250461475472211]",29.204212030851618,2.2934484034576554
"[0.2369552884219666, 0.6549255012679511, -0.8946106946042099, 0.5250446103516321]",29.2042604004152,2.293511235939052
"[0.23694805758611243, 0.6549261904994316, -0.8946119396829656, 0.5250430729296202]",29.20430877326572,2.2935740684204484
"[0.23694082669987793, 0.6549268798258849, -0.8946131848423001, 0.5250415353205105]",29.204357146165144,2.2936369009018454
"[0.23693359478602252, 0.6549275693405159, -0.8946144302505047, 0.5250399973164256]",29.204405519038513,2.293699733383242
"[0.23692636296044461, 0.6549282589368961, -0.8946156757154261, 0.52503845915471]",29.20445389349745,2.2937625658646383
"[0.2369191312610026, 0.6549289486114549, -0.8946169212305335, 0.5250369208433653]",29.20450226847717,2.2938253983460353
"[0.23691189983630942, 0.6549296383500135, -0.8946181667702219, 0.5250353824140126]",29.204550644581502,2.2938882308274313
"[0.23690466771798951, 0.6549303282449178, -0.8946194125012892, 0.5250338436606518]",29.204599021471804,2.2939510633088283
"[0.23689743489107004, 0.6549310182976493, -0.8946206584263293, 0.5250323045800076]",29.204647401157597,2.2940138957902247
"[0.23689020248167322, 0.6549317084007733, -0.8946219043513578, 0.5250307654116966]",29.204695781266324,2.2940767282716212
"[0.23688296945188753, 0.6549323986532929, -0.8946231504551789, 0.5250292259348692]",29.20474416080665,2.294139560753018
"[0.23687573500013065, 0.6549330891317866, -0.8946243968759111, 0.5250276859787827]",29.204792543491262,2.2942023932344147
"[0.2368685028690634, 0.6549337794790114, -0.8946256429687178, 0.5250261463401626]",29.204840924232276,2.294265225715811
"[0.23686126902035376, 0.6549344700804428, -0.8946268894293886, 0.5250246061593055]",29.204889308529072,2.2943280581972076
"[0.23685403556909013, 0.654935160734166, -0.8946281358934913, 0.5250230658865097]",29.204937694074296,2.2943908906786046
"[0.23684680098972527, 0.6549358515858742, -0.8946293826239133, 0.5250215251968733]",29.20498607903229,2.294453723160001
"[0.23683956698597536, 0.654936542472875, -0.8946306293270596, 0.5250199844532116]",29.205034466245756,2.2945165556413976
"[0.2368323332854122, 0.6549372334211762, -0.8946318760498636, 0.5250184435975215]",29.20508285446455,2.2945793881227945
"[0.23682509840639282, 0.6549379245723135, -0.8946331230476953, 0.5250169023141668]",29.20513124451675,2.294642220604191
"[0.2368178635537217, 0.6549386158112176, -0.8946343701129085, 0.5250153608597614]",29.205179632322462,2.2947050530855875
"[0.2368106284682549, 0.6549393071626513, -0.8946356172901712, 0.5250138191790813]",29.205228021562547,2.294767885566984
"[0.23680339278461973, 0.6549399986615451, -0.894636864642475, 0.5250122771942349]",29.205276415349246,2.294830718048381
"[0.23679615747165622, 0.6549406902153101, -0.8946381120028031, 0.5250107351116818]",29.205324806683443,2.2948935505297774
"[0.23678892140697239, 0.6549413819312334, -0.8946393595646561, 0.5250091926921843]",29.20537320091887,2.294956383011174
"[0.23678168581230508, 0.6549420736925626, -0.8946406071173939, 0.5250076501961098]",29.20542159693173,2.295019215492571
"[0.23677444973964953, 0.6549427655898471, -0.8946418548244753, 0.5250061074214644]",29.205469992582284,2.295082047973967
"[0.23676721286745886, 0.6549434576539418, -0.8946431027413513, 0.5250045642995341]",29.205518388209022,2.295144880455364
"[0.23675997688123446, 0.6549441497236312, -0.8946443505773739, 0.5250030211897548]",29.205566787853073,2.2952077129367603
"[0.23675273953798312, 0.654944842013452, -0.8946455987193489, 0.5250014776137734]",29.20561518633957,2.295270545418157
"[0.23674550303240235, 0.6549455343134798, -0.8946468467887848, 0.5249999340396513]",29.205663585412847,2.2953333778995537
"[0.23673826452200541, 0.6549462268956716, -0.8946480952759353, 0.5249983898610266]",29.20571198570484,2.29539621038095
"[0.2367310284566167, 0.6549469193342585, -0.8946493434132919, 0.5249968460271857]",29.205760388285423,2.295459042862347
"[0.23672379090746512, 0.6549476120051794, -0.8946505918785039, 0.5249953016999432]",29.20580879303734,2.295521875343743
"[0.2367165521574788, 0.6549483048814069, -0.8946518406228028, 0.5249937569395674]",29.205857197084043,2.29558470782514
"[0.23670931457873592, 0.6549489977358914, -0.8946530892369828, 0.5249922122522586]",29.205905601843376,2.295647540306537
"[0.2367020763874176, 0.6549496907393897, -0.8946543380287733, 0.5249906672573179]",29.205954007395015,2.295710372787933
"[0.23669483717383444, 0.6549503839311579, -0.8946555870688784, 0.5249891218672321]",29.20600241298159,2.29577320526933
"[0.2366875982323388, 0.6549510771872681, -0.8946568361339794, 0.5249875763582826]",29.206050822032783,2.2958360377507265
"[0.23668035959687028, 0.6549517705044601, -0.8946580852182099, 0.5249860307377316]",29.206099229679275,2.295898870232123
"[0.23667312070019444, 0.6549524639370654, -0.894659334419445, 0.524984484884456]",29.206147641266067,2.29596170271352
"[0.23666588024761623, 0.6549531576091384, -0.8946605839611312, 0.5249829385219074]",29.206196052616992,2.2960245351949164
"[0.2366586413897167, 0.6549538512188433, -0.8946618332995442, 0.5249813923229528]",29.206244463534233,2.296087367676313
"[0.23665140114231345, 0.6549545450521009, -0.8946630829497118, 0.5249798456501995]",29.206292879047716,2.2961502001577094
"[0.23664416156726906, 0.6549552389113485, -0.8946643325557667, 0.5249782989440591]",29.206341291717195,2.2962130326391064
"[0.2366369211424639, 0.6549559329424837, -0.8946655823804369, 0.5249767518793143]",29.206389709508453,2.296275865120503
"[0.23662968095489548, 0.6549566270412904, -0.8946668322360967, 0.5249752046882393]",29.20643812353164,2.2963386976018993
"[0.23662243867658658, 0.6549573214310039, -0.894668082524641, 0.5249736568732561]",29.206486542166424,2.2964015300832963
"[0.2366151993151136, 0.6549580156314863, -0.8946693323815578, 0.524972109504603]",29.206534959711632,2.2964643625646923
"[0.23660795707157117, 0.6549587101988047, -0.8946705828080095, 0.5249705613428008]",29.206583379617896,2.2965271950460893
"[0.23660071583711753, 0.6549594047598107, -0.8946718331321836, 0.5249690132195866]",29.206631802305463,2.2965900275274858
"[0.23659347491154542, 0.6549600993816448, -0.8946730834749603, 0.5249674649853006]",29.206680221443985,2.2966528600088827
"[0.23658623241101698, 0.6549607942450572, -0.8946743341616497, 0.524965916237084]",29.206728643392566,2.296715692490279
"[0.2365789913859134, 0.6549614890573623, -0.8946755846654898, 0.5249643676272603]",29.20677706670249,2.2967785249716757
"[0.23657174789739935, 0.6549621841965834, -0.8946768356667123, 0.5249628183133386]",29.206825490293255,2.2968413574530726
"[0.23656450558759082, 0.6549628793131215, -0.8946780865363243, 0.5249612690744055]",29.20687391761952,2.2969041899344687
"[0.23655726336164976, 0.6549635745121419, -0.8946793374633902, 0.5249597196761674]",29.20692234326091,2.2969670224158656
"[0.2365500199598984, 0.6549642699145227, -0.8946805886655075, 0.5249581698491631]",29.206970773411623,2.297029854897262
"[0.23654277717891842, 0.6549649653478202, -0.8946818398323442, 0.5249566199777391]",29.207019198558577,2.2970926873786586
"[0.23653553372723446, 0.6549656609360341, -0.8946830911869953, 0.5249550697855354]",29.20706762800822,2.2971555198600555
"[0.23652829021867797, 0.6549663566202341, -0.8946843426234251, 0.5249535194038863]",29.207116060082594,2.297218352341452
"[0.23652104704011565, 0.654967052363255, -0.8946855940747884, 0.5249519689156074]",29.20716449036792,2.2972811848228485
"[0.23651380192571964, 0.654967748382774, -0.8946868459325876, 0.5249504178356046]",29.20721292352265,2.297344017304245
"[0.23650655835237575, 0.6549684443447966, -0.8946880975960652, 0.5249488669081968]",29.207261358320878,2.297406849785642
"[0.23649931352650413, 0.6549691405177, -0.8946893495479347, 0.5249473155352845]",29.207309792921446,2.2974696822670384
"[0.23649206869482065, 0.6549698367817084, -0.8946906015727722, 0.5249457639837837]",29.20735822769262,2.297532514748435
"[0.23648482447951635, 0.6549705330770543, -0.8946918535630373, 0.5249442123869106]",29.207406664095192,2.297595347229832
"[0.23647757921628665, 0.65497122956366, -0.8946931058063722, 0.5249426603882468]",29.20745510425639,2.297658179711228
"[0.236470333799089, 0.6549719261556533, -0.8946943581482799, 0.5249411081791857]",29.20750354099579,2.297721012192625
"[0.23646308765487334, 0.6549726229081344, -0.8946956106878204, 0.5249395556369375]",29.207551979936294,2.2977838446740213
"[0.23645584278215712, 0.6549733196289248, -0.8946968630795259, 0.5249380031897185]",29.207600422898565,2.2978466771554182
"[0.23644859545099264, 0.6549740166767529, -0.8946981159681916, 0.5249364500382107]",29.207648865505835,2.2979095096368147
"[0.23644134935542466, 0.6549747136963334, -0.8946993687152225, 0.5249348969740426]",29.207697308379238,2.297972342118211
"[0.2364341040694235, 0.6549754107286496, -0.8947006213942345, 0.524933343905923]",29.207745752055597,2.298035174599608
"[0.2364268564709505, 0.654976108074006, -0.8947018745450424, 0.5249317901646658]",29.207794196502483,2.298098007081004
"[0.23641960993655, 0.654976805407619, -0.8947031275838291, 0.5249302364739903]",29.207842641681832,2.298160839562401
"[0.23641236261848197, 0.6549775029072674, -0.8947043808300928, 0.5249286824377694]",29.20789109036852,2.2982236720437976
"[0.23640511447847978, 0.6549782005766649, -0.8947056342904718, 0.5249271280477329]",29.207939538096717,2.298286504525194
"[0.23639786839321975, 0.6549788981389231, -0.8947068874674609, 0.5249255739208003]",29.20798798594249,2.298349337006591
"[0.23639061951605544, 0.6549795960605433, -0.8947081411992822, 0.5249240190175489]",29.208036436590092,2.2984121694879875
"[0.2363833722994698, 0.6549802939129482, -0.8947093947158598, 0.5249224642928954]",29.20808488724718,2.298475001969384
"[0.23637612402051209, 0.6549809919583021, -0.8947106484881588, 0.5249209091627403]",29.20813334023375,2.2985378344507805
"[0.23636887514887733, 0.6549816901513991, -0.8947119024349558, 0.5249193537277967]",29.20818179414364,2.2986006669321775
"[0.23636162719982196, 0.6549823883462951, -0.894713156294125, 0.524917798313201]",29.208230245960312,2.298663499413574
"[0.23635437809345458, 0.6549830867433337, -0.8947144104254777, 0.5249162424726159]",29.20827870179364,2.2987263318949704
"[0.2363471295393409, 0.6549837851778406, -0.8947156645332558, 0.5249146865729075]",29.208327156899617,2.2987891643763674
"[0.23633987934682207, 0.6549844838609113, -0.8947169189964876, 0.5249131301438158]",29.208375614104476,2.298851996857764
"[0.23633262978802, 0.6549851825736089, -0.8947181734220526, 0.5249115736730617]",29.208424072176562,2.2989148293391604
"[0.2363253796602085, 0.6549858814318715, -0.8947194280180565, 0.5249100169023945]",29.208472532793127,2.298977661820557
"[0.23631813011475916, 0.6549865803246485, -0.8947206825852634, 0.5249084600791203]",29.208520993303264,2.299040494301954
"[0.236310880267494, 0.6549872793372319, -0.8947219372766716, 0.5249069030132975]",29.20856945175983,2.2991033267833503
"[0.23630363008209324, 0.6549879784731334, -0.8947231920985728, 0.5249053456971016]",29.208617917301996,2.2991661592647468
"[0.2362963795148528, 0.6549886777365713, -0.8947244470585385, 0.5249037881211255]",29.208666380683923,2.2992289917461437
"[0.23628912787971026, 0.6549893771937395, -0.8947257022753342, 0.5249022301379308]",29.208714844026268,2.2992918242275397
"[0.23628187786781973, 0.6549900765850544, -0.8947269572831241, 0.524900672325714]",29.208763309458234,2.2993546567089367
"[0.23627462559456724, 0.6549907762852649, -0.8947282127543582, 0.5248991138497622]",29.20881177514684,2.299417489190333
"[0.2362673751817908, 0.6549914758967069, -0.8947294679754894, 0.5248975555958141]",29.208860243302922,2.2994803216717297
"[0.23626012318546463, 0.654992175751697, -0.8947307235427538, 0.5248959968236898]",29.20890871148644,2.2995431541531266
"[0.2362528712848512, 0.6549928756882106, -0.8947319791654325, 0.5248944378942716]",29.208957181605868,2.299605986634523
"[0.23624561877240458, 0.6549935757745381, -0.8947332349660381, 0.5248928786554486]",29.209005652331335,2.2996688191159196
"[0.23623836624247466, 0.6549942759533306, -0.894734490841661, 0.5248913192349605]",29.209054121562822,2.299731651597316
"[0.23623111395048085, 0.654994976199919, -0.8947357467480656, 0.5248897596877384]",29.209102596488346,2.299794484078713
"[0.23622386024733108, 0.6549956766735578, -0.894737002970845, 0.5248881996591057]",29.209151068770748,2.2998573165601095
"[0.2362166071234636, 0.6549963771820506, -0.8947382591652969, 0.5248866395771052]",29.209199544808644,2.299920149041506
"[0.2362093541901152, 0.6549970777629283, -0.8947395153987373, 0.5248850793581432]",29.209248019816865,2.299982981522903
"[0.23620210066978892, 0.6549977784913025, -0.8947407718058336, 0.5248835188349448]",29.209296496329532,2.3000458140042994
"[0.23619484702654575, 0.6549984793223537, -0.894742028306212, 0.5248819581073213]",29.20934497214217,2.300108646485696
"[0.23618759386900787, 0.654999180197283, -0.8947432847944338, 0.524880397306221]",29.20939345286105,2.300171478967093
"[0.23618033989555626, 0.6549998812418664, -0.8947445414959854, 0.524878836151541]",29.209441930161038,2.3002343114484893
"[0.23617308455146913, 0.655000582509719, -0.8947457985070014, 0.5248772745238585]",29.209490411139143,2.300297143929886
"[0.23616583010897235, 0.6550012837812823, -0.8947470554338091, 0.5248757129121525]",29.209538893770944,2.3003599764112823
"[0.23615857554822947, 0.6550019851551058, -0.8947483124530954, 0.5248741510969418]",29.209587375635603,2.3004228088926792
"[0.23615132033902708, 0.6550026866824664, -0.8947495696567398, 0.5248725889640443]",29.20963586008736,2.3004856413740757
"[0.23614406540833227, 0.6550033882737412, -0.8947508268841167, 0.5248710267130274]",29.20968434581903,2.3005484738554722
"[0.2361368091741056, 0.6550040900819399, -0.8947520844093942, 0.5248694640031814]",29.20973283003648,2.300611306336869
"[0.23612955309010222, 0.6550047919664819, -0.8947533419806455, 0.5248679011475391]",29.209781318498635,2.300674138818265
"[0.23612229759016728, 0.6550054938853892, -0.8947545995226657, 0.5248663382395646]",29.209829804590267,2.300736971299662
"[0.23611504165439223, 0.6550061959373257, -0.894755857212222, 0.5248647750595652]",29.20987829311743,2.3007998037810586
"[0.23610778514310754, 0.655006898135825, -0.8947571150735355, 0.5248632115774073]",29.209926784018744,2.300862636262455
"[0.23610052803465845, 0.655007600483008, -0.894758373110373, 0.5248616477883755]",29.209975270856827,2.300925468743852
"[0.23609327206162767, 0.6550083028111852, -0.8947596310223758, 0.5248600840658275]",29.210023768168025,2.3009883012252486
"[0.23608601518081127, 0.6550090053181152, -0.8947608891637522, 0.5248585199694454]",29.210072257824635,2.3010511337066455
"[0.23607875761068126, 0.6550097079826861, -0.8947621474966446, 0.524856955546247]",29.210120751301567,2.3011139661880415
"[0.23607149954982498, 0.6550104107856913, -0.8947634059866356, 0.5248553908389934]",29.210169248828525,2.3011767986694385
"[0.23606424209199697, 0.6550111136212197, -0.8947646644440723, 0.5248538260834785]",29.210217744917887,2.301239631150835
"[0.2360569838666755, 0.6550118166220009, -0.8947659231066039, 0.524852260984198]",29.21026623954952,2.3013024636322315
"[0.23604972636128654, 0.655012519643972, -0.8947671817162899, 0.5248506958618788]",29.21031473812951,2.3013652961136284
"[0.23604246809259588, 0.6550132228308113, -0.8947684405303532, 0.5248491303966487]",29.210363237261042,2.301428128595025
"[0.23603520898587413, 0.6550139261897895, -0.8947696995617748, 0.5248475645723268]",29.21041173881592,2.3014909610764214
"[0.23602795066390506, 0.6550146295636721, -0.8947709585290926, 0.5248459987389472]",29.210460238442536,2.301553793557818
"[0.23602069104020054, 0.6550153331546718, -0.8947722177942152, 0.524844432446357]",29.210508741154538,2.301616626039215
"[0.23601343196059632, 0.6550160367838785, -0.8947734770369712, 0.524842866092808]",29.210557243054826,2.3016794585206113
"[0.23600617321414522, 0.6550167404717541, -0.894774736293935, 0.524841299632771]",29.21060574639115,2.301742291002008
"[0.2359989125318967, 0.655017444438277, -0.8947759959587479, 0.5248397325765506]",29.210654253016504,2.3018051234834047
"[0.2359916524898062, 0.6550181484337247, -0.8947772555845193, 0.5248381654800495]",29.21070275745155,2.3018679559648008
"[0.2359843929919139, 0.6550188524673745, -0.894778515187878, 0.5248365983226003]",29.210751264017937,2.3019307884461977
"[0.23597713238985554, 0.6550195566990906, -0.8947797750548386, 0.5248350307483434]",29.210799772744974,2.301993620927594
"[0.23596987199994127, 0.6550202610012258, -0.8947810349570028, 0.5248334630414226]",29.21084828245909,2.3020564534089907
"[0.2359626108354576, 0.6550209654695103, -0.8947822950656001, 0.5248318949887529]",29.21089679110457,2.3021192858903876
"[0.23595534987343122, 0.6550216700091638, -0.8947835552110819, 0.5248303268013014]",29.210945302565644,2.302182118371784
"[0.23594808841276704, 0.6550223746882194, -0.8947848155151242, 0.5248287583276336]",29.210993816827134,2.302244950853181
"[0.23594082675774097, 0.6550230794771648, -0.8947860759249235, 0.524827189633441]",29.211042328635273,2.302307783334577
"[0.23593356504512775, 0.6550237843627247, -0.8947873364167407, 0.524825620748263]",29.211090845390853,2.302370615815974
"[0.23592630333040437, 0.6550244893395215, -0.8947885969809424, 0.5248240516840713]",29.211139356748294,2.3024334482973705
"[0.23591904181728263, 0.655025194387775, -0.8947898575821599, 0.5248224824848867]",29.21118787392026,2.302496280778767
"[0.23591177924753648, 0.6550258996296657, -0.894791118438831, 0.5248209128787741]",29.21123639120139,2.302559113260164
"[0.235904516914729, 0.6550266049395995, -0.8947923793263884, 0.5248193431452637]",29.211284908852782,2.3026219457415604
"[0.2358972531583646, 0.6550273104788603, -0.894793640533141, 0.5248177729254013]",29.211333428807695,2.302684778222957
"[0.23588998965748756, 0.655028016084386, -0.8947949017675714, 0.5248162025820967]",29.211381950329503,2.3027476107043534
"[0.235882727845946, 0.6550287216168501, -0.8947961627806718, 0.5248146324254113]",29.211430471321105,2.3028104431857503
"[0.23587546383302788, 0.6550294274542776, -0.8947974242480691, 0.5248130616140588]",29.211478993279183,2.302873275667147
"[0.23586819985592727, 0.655030133379308, -0.894798685781282, 0.5248114906317581]",29.211527517325063,2.3029361081485433
"[0.23586093556079368, 0.6550308394263438, -0.8947999474417624, 0.5248099194019554]",29.21157604089843,2.3029989406299403
"[0.2358536715095329, 0.6550315455407775, -0.8948012091319175, 0.5248083480461758]",29.211624567709094,2.3030617731113363
"[0.23584640744501095, 0.6550322517475958, -0.8948024708964014, 0.5248067765088048]",29.211673093720616,2.3031246055927332
"[0.23583914254074925, 0.6550329581271671, -0.8948037328787817, 0.5248052046110004]",29.21172161930037,2.3031874380741297
"[0.2358318778028056, 0.6550336645816812, -0.8948049949043033, 0.5248036325704165]",29.211770149135464,2.3032502705555262
"[0.23582461269969937, 0.6550343711628384, -0.8948062570652942, 0.5248020602720151]",29.21181867881136,2.303313103036923
"[0.2358173478738114, 0.6550350778081393, -0.8948075192501518, 0.5248004878548447]",29.211867207308973,2.3033759355183197
"[0.23581008182351232, 0.6550357846636784, -0.8948087817197787, 0.524798914993831]",29.21191574021283,2.3034387679997166
"[0.23580281559705288, 0.6550364916275143, -0.8948100442920587, 0.5247973419158207]",29.211964272973454,2.3035016004811126
"[0.2357955498951574, 0.6550371986314583, -0.8948113068452259, 0.5247957687725311]",29.212012805883422,2.3035644329625096
"[0.23578828411754638, 0.6550379057339147, -0.8948125694835803, 0.5247941954340021]",29.212061341032918,2.303627265443906
"[0.23578101742404606, 0.6550386130166659, -0.8948138323531379, 0.5247926217182632]",29.212109876137465,2.3036900979253025
"[0.2357737513723209, 0.6550393203281236, -0.8948150951831926, 0.5247910479626152]",29.212158410133686,2.3037529304066995
"[0.23576648446667325, 0.6550400278138591, -0.8948163582336965, 0.524789473843132]",29.212206949930422,2.303815762888096
"[0.23575921726719964, 0.655040735419374, -0.894817621407314, 0.5247878994810802]",29.212255488849788,2.3038785953694925
"[0.23575195004721747, 0.6550414431180803, -0.894818884656536, 0.524786324935632]",29.21230402836175,2.303941427850889
"[0.23574468216580924, 0.6550421509723938, -0.8948201480927798, 0.5247847500679086]",29.212352567932943,2.304004260332286
"[0.23573741475721363, 0.6550428588718508, -0.894821411518871, 0.524783175123673]",29.212401109457737,2.3040670928136824
"[0.23573014620995167, 0.6550435669734386, -0.8948226752149674, 0.524781599753662]",29.212449652002817,2.304129925295079
"[0.2357228789850445, 0.6550442750373919, -0.8948239387531955, 0.524780024491287]",29.212498196594872,2.304192757776476
"[0.2357156112424657, 0.6550449832429832, -0.8948252024534601, 0.5247784489377129]",29.212546741263786,2.3042555902578723
"[0.23570834180806205, 0.6550456917046672, -0.8948264665199511, 0.5247768728383161]",29.21259528651015,2.304318422739269
"[0.2357010726861365, 0.655046400227137, -0.8948277306041605, 0.5247752966275958]",29.212643834164084,2.3043812552206657
"[0.23569380307403218, 0.6550471088886308, -0.8948289948456681, 0.524773720131496]",29.212692380839407,2.304444087702062
"[0.23568653388592298, 0.6550478176000392, -0.8948302590854887, 0.5247721435482536]",29.212740930719946,2.3045069201834587
"[0.2356792645816914, 0.6550485264139992, -0.8948315234175512, 0.5247705667607512]",29.21278948019331,2.304569752664855
"[0.23567199489487217, 0.6550492353565223, -0.8948327878882043, 0.5247689897111432]",29.212838029567312,2.304632585146252
"[0.23566472498996618, 0.6550499444115709, -0.8948340524688401, 0.5247674124350978]",29.212886580954866,2.3046954176276486
"[0.2356574555992054, 0.6550506535077238, -0.8948353170320811, 0.5247658350914851]",29.212935133920766,2.304758250109045
"[0.2356501845378586, 0.6550513628581144, -0.8948365819579908, 0.5247642572062057]",29.21298368786201,2.304821082590442
"[0.23564291324157438, 0.6550520723227213, -0.8948378469968383, 0.5247626790907305]",29.213032243749492,2.304883915071838
"[0.23563564282048888, 0.6550527817932109, -0.894839111955472, 0.524761100986023]",29.213080799476632,2.304946747553235
"[0.23562837259536293, 0.6550534913358529, -0.8948403769520511, 0.5247595227446746]",29.21312935440328,2.3050095800346315
"[0.2356211006928583, 0.6550542011335059, -0.8948416423125488, 0.524757943959956]",29.213177913035903,2.305072412516028
"[0.23561382932452352, 0.6550549109703159, -0.8948429076521549, 0.5247563651119769]",29.21322647306366,2.305135244997425
"[0.23560655649294077, 0.6550556210413017, -0.8948441733184628, 0.524754785766981]",29.21327503314746,2.3051980774788214
"[0.23559928528802285, 0.65505633104478, -0.8948454387737391, 0.5247532065959681]",29.213323594189426,2.305260909960218
"[0.2355920131251798, 0.6550570412331114, -0.8948467044677838, 0.5247516270376361]",29.21337215555385,2.3053237424416144
"[0.23558474073453448, 0.6550577515350177, -0.894847970273536, 0.5247500472505212]",29.21342071886831,2.3053865749230114
"[0.2355774674075873, 0.6550584620197207, -0.8948492363143277, 0.5247484670806686]",29.213469280636485,2.305449407404408
"[0.23557019466852427, 0.6550591725383433, -0.8948505023248502, 0.5247468868591937]",29.21351784843095,2.3055122398858043
"[0.23556292113608326, 0.6550598832258245, -0.8948517685455498, 0.5247453062859753]",29.213566412209087,2.3055750723672013
"[0.23555564889544986, 0.6550605938784235, -0.8948530346134123, 0.5247437258141371]",29.21361498015097,2.3056379048485978
"[0.2355483747218556, 0.6550613048112963, -0.8948543010898612, 0.5247421447427955]",29.213663547086497,2.3057007373299943
"[0.23554109979934082, 0.6550620159087234, -0.8948555677687895, 0.5247405633292637]",29.21371211582468,2.3057635698113907
"[0.23553382622683836, 0.6550627269655772, -0.8948568342847222, 0.5247389820297655]",29.21376068658767,2.3058264022927877
"[0.23552655285518184, 0.6550634380941577, -0.894858100837734, 0.5247374005945369]",29.213809257640513,2.305889234774184
"[0.23551927798209407, 0.6550641494609241, -0.8948593677242671, 0.5247358186534021]",29.21385782868968,2.3059520672555807
"[0.2355120033658678, 0.6550648608939675, -0.8948606346381378, 0.524734236588656]",29.21390640280346,2.3060148997369776
"[0.2355047287010937, 0.655065572423164, -0.8948619016325272, 0.5247326543338677]",29.21395497650841,2.3060777322183736
"[0.23549745286432727, 0.6550662841583806, -0.8948631689031183, 0.5247310716446852]",29.214003551877028,2.3061405646997706
"[0.23549017763820076, 0.6550669959252908, -0.8948644361394217, 0.5247294889088006]",29.21405212787327,2.306203397181167
"[0.23548290185030815, 0.6550677078385815, -0.8948657035456495, 0.5247279058711697]",29.214100706505757,2.3062662296625636
"[0.23547562717689755, 0.6550684197342267, -0.8948669708297965, 0.5247263228965215]",29.21414928329533,2.3063290621439605
"[0.2354683501967602, 0.6550691319470471, -0.8948682385878678, 0.5247247392403479]",29.214197860840873,2.306391894625357
"[0.2354610735814354, 0.6550698442156124, -0.8948695063544667, 0.5247231554839671]",29.214246442006555,2.3064547271067535
"[0.23545379702750927, 0.6550705565696147, -0.8948707741824455, 0.5247215715613509]",29.214295024754062,2.30651755958815
"[0.23544652063207108, 0.6550712689995404, -0.8948720420548817, 0.524719987493644]",29.21434360701724,2.306580392069547
"[0.23543924362089083, 0.6550719815812167, -0.8948733101066818, 0.5247184031122578]",29.214392188187464,2.3066432245509434
"[0.2354319660252068, 0.6550726943115869, -0.8948745783324197, 0.5247168184239718]",29.214440770973603,2.30670605703234
"[0.23542468885877854, 0.6550734070913944, -0.894875846555429, 0.5247152336494919]",29.214489358713635,2.306768889513737
"[0.2354174123671821, 0.6550741198965484, -0.8948771147328937, 0.524713648842356]",29.214537944376683,2.3068317219951333
"[0.23541013363950425, 0.6550748330122413, -0.8948783833721589, 0.5247120633684976]",29.214586530393984,2.30689455447653
"[0.23540285575806708, 0.6550755461365161, -0.8948796519360107, 0.5247104778992626]",29.214635118833712,2.3069573869579263
"[0.23539557707378303, 0.6550762594309574, -0.8948809207118884, 0.5247088920753993]",29.21468370737099,2.3070202194393232
"[0.23538829972826214, 0.6550769726856992, -0.8948821893264652, 0.5247073063634999]",29.214732297901218,2.3070830519207197
"[0.23538101958885072, 0.6550776863057632, -0.8948834585001844, 0.5247057198630745]",29.214780889443666,2.307145884402116
"[0.23537374027777283, 0.6550783999361753, -0.8948847276015911, 0.5247041333633449]",29.21482948289333,2.307208716883513
"[0.23536646126152105, 0.6550791136292009, -0.8948859967236799, 0.5247025467480931]",29.21487807471082,2.307271549364909
"[0.23535918241781195, 0.6550798273968228, -0.8948872658877609, 0.5247009599906757]",29.214926669006,2.307334381846306
"[0.23535190315116752, 0.6550805412974383, -0.8948885351976636, 0.5246993729612685]",29.214975264268684,2.3073972143277026
"[0.23534462282305088, 0.6550812553937003, -0.8948898047647503, 0.5246977855205959]",29.215023862511895,2.307460046809099
"[0.23533734227949288, 0.6550819696026581, -0.8948910744415015, 0.524696197853069]",29.215072457767004,2.307522879290496
"[0.23533006255264638, 0.6550826838230216, -0.8948923440479076, 0.5246946101838207]",29.21512105594237,2.3075857117718925
"[0.23532278156253297, 0.6550833982588962, -0.8948936139467224, 0.5246930220591625]",29.21516965695116,2.307648544253289
"[0.23531550073365665, 0.6550841127705311, -0.8948948838895071, 0.5246914337897539]",29.21521825627357,2.3077113767346855
"[0.2353082195998137, 0.6550848274036369, -0.8948961539575807, 0.5246898452739418]",29.215266858553267,2.3077742092160825
"[0.23530093856626164, 0.6550855421184862, -0.894897424080248, 0.5246882566000723]",29.215315460921474,2.3078370416974794
"[0.23529365711272968, 0.6550862569661432, -0.8948986943482692, 0.5246866676546262]",29.215364064770387,2.3078998741788754
"[0.23528637533913976, 0.6550869719368113, -0.8948999647442196, 0.524685078459378]",29.21541266801559,2.3079627066602724
"[0.23527909308254263, 0.6550876870465073, -0.8949012352965362, 0.5246834889787283]",29.215461272655254,2.308025539141669
"[0.23527181031529898, 0.6550884022979738, -0.8949025060100513, 0.5246818992065915]",29.215509878401058,2.3080883716230653
"[0.2352645290069255, 0.6550891174977335, -0.8949037765411044, 0.5246803095729667]",29.215558488432002,2.3081512041044623
"[0.23525724654662258, 0.6550898329022834, -0.8949050473452456, 0.524678719507805]",29.215607095850274,2.3082140365858588
"[0.23524996335103482, 0.6550905484706385, -0.8949063183498036, 0.5246771291021175]",29.21565570493409,2.3082768690672553
"[0.2352426806934879, 0.655091264077778, -0.8949075893325583, 0.524675538633846]",29.215704313580503,2.3083397015486518
"[0.23523539700944787, 0.6550919798774245, -0.8949088605665613, 0.5246739477613133]",29.21575292743126,2.3084025340300487
"[0.23522811360751555, 0.6550926957409844, -0.8949101318234287, 0.524672356770314]",29.215801539444765,2.308465366511445
"[0.23522082952200984, 0.6550934117633853, -0.8949114032717127, 0.5246707654498782]",29.215850153087864,2.3085281989928417
"[0.2352135452624285, 0.6550941278945573, -0.89491267482249, 0.5246691739112811]",29.21589876680155,2.3085910314742386
"[0.2352062618864092, 0.6550948440305168, -0.8949139462911223, 0.5246675823856176]",29.215947382709487,2.3086538639556347
"[0.2351989776058227, 0.6550955603470642, -0.8949152179897647, 0.5246659904821716]",29.215995998133025,2.3087166964370316
"[0.23519169215367175, 0.6550962768705115, -0.8949164899650544, 0.5246643981424919]",29.216044617330848,2.308779528918428
"[0.2351844085726235, 0.6550969933016013, -0.8949177616857563, 0.5246628060316161]",29.21609323449455,2.3088423613998246
"[0.23517712196817164, 0.6550977101217748, -0.8949190340064693, 0.5246612130796334]",29.216141854132438,2.3089051938812215
"[0.23516983649001544, 0.6550984269228576, -0.8949203062026347, 0.524659620193629]",29.216190475706092,2.308968026362618
"[0.23516255152975196, 0.6550991437646915, -0.8949215783804626, 0.5246580272406234]",29.216239097660235,2.309030858844015
"[0.23515526540489443, 0.6550998608127934, -0.8949228508337784, 0.5246564338527556]",29.216287719233318,2.309093691325411
"[0.23514797934243067, 0.6551005779464871, -0.8949241233483071, 0.5246548402982405]",29.216336342180412,2.309156523806808
"[0.23514069314928182, 0.6551012951847586, -0.8949253959577698, 0.5246532465348668]",29.216384967490885,2.3092193562882044
"[0.23513340746646294, 0.6551020124645034, -0.8949266685501965, 0.5246516527028551]",29.21643359324142,2.309282188769601
"[0.23512611948969653, 0.6551027300618388, -0.8949279416154342, 0.5246500581886646]",29.216482219648075,2.309345021250998
"[0.23511883266359282, 0.6551034476376162, -0.8949292145517916, 0.5246484637458873]",29.21653084899104,2.3094078537323943
"[0.23511154710034016, 0.6551041651807461, -0.8949304873396301, 0.5246468693991526]",29.21657947546799,2.309470686213791
"[0.23510425875087007, 0.6551048830900442, -0.8949317606863418, 0.5246452742623153]",29.216628105495136,2.3095335186951873
"[0.23509697145599903, 0.6551056009872196, -0.8949330339209188, 0.5246436791759129]",29.2166767357709,2.3095963511765842
"[0.23508968274199293, 0.6551063191159744, -0.8949343074755743, 0.5246420835984623]",29.216725367975467,2.3096591836579807
"[0.23508239520877716, 0.6551070372201744, -0.8949355808960212, 0.5246404880990754]",29.21677400072308,2.309722016139377
"[0.23507510735866444, 0.6551077554473301, -0.8949368544439547, 0.5246388923499505]",29.21682263490702,2.309784848620774
"[0.23506781862849854, 0.6551084738530094, -0.8949381282177944, 0.5246372962276733]",29.216871268682514,2.30984768110217
"[0.23506052945253883, 0.6551091923944304, -0.8949394021416667, 0.5246356998272922]",29.21691990445332,2.309910513583567
"[0.23505324014182655, 0.6551099110409359, -0.8949406761612164, 0.5246341032169118]",29.216968541804967,2.3099733460649636
"[0.23504595146041285, 0.6551106297171927, -0.8949419501428921, 0.5246325065638963]",29.217017179682955,2.3100361785463606
"[0.235038662384515, 0.6551113485241551, -0.894943224265632, 0.5246309096439653]",29.2170658179667,2.310099011027757
"[0.23503137184196626, 0.6551120675675562, -0.8949444987168764, 0.524629312222193]",29.217114456599237,2.3101618435091535
"[0.2350240820599883, 0.655112786627779, -0.8949457731072912, 0.524627714786511]",29.21716309784741,2.3102246759905505
"[0.23501679275237172, 0.6551135057330212, -0.8949470474868898, 0.5246261172742567]",29.217211737783813,2.3102875084719465
"[0.23500950220520866, 0.6551142250523799, -0.8949483221553204, 0.5246245193097769]",29.217260381519747,2.3103503409533435
"[0.23500221124931434, 0.6551149445039117, -0.8949495969673448, 0.524622921075111]",29.21730902586491,2.31041317343474
"[0.2349949196338066, 0.6551156641123964, -0.8949508719668419, 0.524621322515216]",29.217357670045622,2.3104760059161364
"[0.2349876288837608, 0.6551163837273233, -0.8949521468871328, 0.5246197239644378]",29.21740631539259,2.3105388383975334
"[0.23498033832295293, 0.6551171034154115, -0.8949534218464481, 0.5246181252745523]",29.217454965081142,2.31060167087893
"[0.2349730466569199, 0.6551178233044683, -0.8949546970711714, 0.5246165261616598]",29.21750361227408,2.3106645033603264
"[0.23496575476094655, 0.6551185433081027, -0.8949559724082411, 0.5246149268176652]",29.21755225983236,2.310727335841723
"[0.2349584630592598, 0.6551192633844276, -0.8949572477834583, 0.5246133273356087]",29.217600908986622,2.31079016832312
"[0.23495117039552665, 0.6551199836476522, -0.8949585233990823, 0.5246117274618035]",29.217649559845523,2.3108530008045163
"[0.23494387867533054, 0.6551207039095648, -0.8949597989217891, 0.5246101276143033]",29.21769821396279,2.3109158332859128
"[0.23493658491514374, 0.6551214244649181, -0.8949610748734912, 0.5246085271384275]",29.217746865054465,2.3109786657673097
"[0.23492929295787462, 0.6551221449340169, -0.8949623505819245, 0.5246069268774861]",29.21779551757914,2.3110414982487058
"[0.23492200013231848, 0.6551228655808233, -0.8949636265143868, 0.5246053262452293]",29.21784417396994,2.3111043307301027
"[0.23491470629387334, 0.6551235864196439, -0.8949649026962035, 0.524603725209868]",29.21789283000498,2.311167163211499
"[0.23490741301241583, 0.6551243072953412, -0.8949661788526997, 0.5246021241159747]",29.217941486372748,2.311229995692896
"[0.23490011950581424, 0.6551250282852294, -0.8949674551207215, 0.5246005227918391]",29.217990142882435,2.3112928281742926
"[0.23489282522251947, 0.6551257494438057, -0.8949687315967977, 0.5245989211163803]",29.21803880311776,2.311355660655689
"[0.2348855310343834, 0.655126470684934, -0.8949700081283595, 0.5245973192809498]",29.21808746358324,2.311418493137086
"[0.23487823591768112, 0.6551271921098375, -0.8949712848945757, 0.5245957170607202]",29.218136123013835,2.311481325618482
"[0.23487094143247467, 0.6551279135642477, -0.8949725616224098, 0.524594114798308]",29.218184784696714,2.311544158099879
"[0.23486364711867835, 0.6551286350936545, -0.8949738383923733, 0.5245925123926786]",29.218233448742218,2.3116069905812755
"[0.23485635128873925, 0.6551293568650111, -0.8949751154998663, 0.5245909094730579]",29.21828211282618,2.311669823062672
"[0.23484905645748907, 0.6551300786295372, -0.8949763925046801, 0.5245893065919387]",29.218330777881008,2.311732655544069
"[0.23484176050468888, 0.6551308005970148, -0.8949776697779742, 0.5245877032834384]",29.218379443462286,2.3117954880254654
"[0.23483446470392144, 0.6551315226414384, -0.8949789470967983, 0.524586099827386]",29.218428110897715,2.311858320506862
"[0.2348271684343485, 0.6551322448242561, -0.8949802245698465, 0.5245844960873196]",29.21847677762401,2.3119211529882584
"[0.23481987161115592, 0.655132967153896, -0.8949815022119793, 0.5245828920445387]",29.218525446210542,2.3119839854696553
"[0.23481257519474408, 0.6551336895352522, -0.8949827798550369, 0.5245812879102004]",29.2185741157366,2.312046817951052
"[0.2348052788980233, 0.6551344119967751, -0.894984057549275, 0.5245796836211571]",29.218622788476996,2.3121096504324483
"[0.23479798258388151, 0.6551351345520279, -0.8949853353186995, 0.5245780791472755]",29.218671459487563,2.3121724829138453
"[0.23479068366993416, 0.6551358574567945, -0.8949866136155873, 0.5245764739205822]",29.218720131970542,2.3122353153952417
"[0.2347833871853873, 0.6551365802129727, -0.8949878915591459, 0.5245748690471218]",29.218768807194643,2.3122981478766382
"[0.2347760891747437, 0.6551373032123684, -0.8949891698421427, 0.5245732636568947]",29.218817480184544,2.312360980358035
"[0.23476879152886254, 0.6551380262676537, -0.8949904481334011, 0.5245716581658306]",29.218866156186113,2.3124238128394317
"[0.23476149299310356, 0.6551387495031769, -0.8949917266526912, 0.524570052297849]",29.218914833247766,2.312486645320828
"[0.2347541952069607, 0.6551394727564712, -0.894993005112814, 0.5245684464136802]",29.21896351255202,2.3125494778022246
"[0.23474689667002596, 0.655140196176231, -0.8949942837766147, 0.5245668401831601]",29.219012194470555,2.3126123102836216
"[0.23473959749907675, 0.6551409197509186, -0.894995562623651, 0.5245652336319198]",29.219060870961616,2.312675142765018
"[0.23473229822484254, 0.6551416434279197, -0.8949968415609444, 0.5245636268767617]",29.219109551726998,2.3127379752464146
"[0.23472499877589117, 0.6551423672143393, -0.8949981206010108, 0.5245620199019259]",29.219158233916993,2.3128008077278115
"[0.23471769939817766, 0.6551430910857847, -0.8949993997007508, 0.5245604127615594]",29.21920691658737,2.3128636402092075
"[0.2347103996550223, 0.6551438150855694, -0.8950006789366862, 0.5245588053594983]",29.219255601262017,2.3129264726906045
"[0.23470310037128136, 0.6551445391318801, -0.8950019581642611, 0.5245571978773762]",29.219304286286956,2.312989305172001
"[0.23469579966760595, 0.655145263411157, -0.8950032377128486, 0.5245555899012724]",29.21935297011825,2.3130521376533975
"[0.23468849967104502, 0.6551459877124013, -0.8950045172096612, 0.5245539818996312]",29.21940165832968,2.3131149701347944
"[0.2346811983500329, 0.6551467122371809, -0.8950057970107852, 0.524552373424942]",29.219450346132927,2.313177802616191
"[0.23467389711302683, 0.6551474368457717, -0.8950070768693542, 0.5245507647874162]",29.219499035942665,2.3132406350975874
"[0.2346665964888988, 0.655148161485668, -0.8950083566926474, 0.5245491561036045]",29.21954772611731,2.313303467578984
"[0.2346592946018475, 0.655148886343069, -0.895009636809505, 0.5245475469601482]",29.219596418096327,2.313366300060381
"[0.23465199311081145, 0.6551496112533104, -0.8950109169291012, 0.5245459377225954]",29.21964511055558,2.3134291325417773
"[0.2346446918287807, 0.6551503362349487, -0.8950121970842118, 0.524544328349746]",29.219693802534376,2.313491965023174
"[0.23463738990492478, 0.655151061372476, -0.8950134774240174, 0.5245427186540366]",29.21974249784816,2.3135547975045707
"[0.23463008712287498, 0.6551517866874285, -0.8950147579864733, 0.524541108587683]",29.219791192888398,2.313617629985967
"[0.2346227844473112, 0.6551525120839421, -0.8950160386024334, 0.524539498363422]",29.21983988834581,2.3136804624673637
"[0.23461548216993006, 0.655153237533103, -0.8950173192207282, 0.5245378880454985]",29.219888583612317,2.31374329494876
"[0.23460817912767692, 0.6551539631504385, -0.8950186000453293, 0.5245362773774436]",29.219937282469402,2.313806127430157
"[0.2346008755235013, 0.6551546889158107, -0.8950198810406584, 0.5245346664039633]",29.219985981921102,2.3138689599115536
"[0.23459357284346471, 0.6551554146815435, -0.8950211619460638, 0.5245330554528482]",29.220034682469162,2.31393179239295
"[0.23458626965917642, 0.6551561405895824, -0.8950224430120766, 0.5245314442090173]",29.220083384846472,2.313994624874347
"[0.23457896448642263, 0.6551568667875067, -0.8950237244990801, 0.5245298323449145]",29.22013208472606,2.314057457355743
"[0.23457166105178748, 0.6551575929048674, -0.895025005753349, 0.524528220682784]",29.220180787260595,2.31412028983714
"[0.23456435644914836, 0.6551583192305777, -0.8950262872846986, 0.5245266085813526]",29.22022949310894,2.3141831223185365
"[0.23455705276675481, 0.6551590455570061, -0.8950275687267616, 0.5245249965014676]",29.220278198408554,2.314245954799933
"[0.2345497470387677, 0.6551597721791201, -0.8950288505999127, 0.524523383788455]",29.220326904687703,2.31430878728133
"[0.23454244157920892, 0.6551604988667902, -0.8950301324981531, 0.5245217709530714]",29.220375611903894,2.3143716197627264
"[0.2345351362506969, 0.6551612256336908, -0.895031414445579, 0.5245201579649771]",29.22042431904379,2.314434452244123
"[0.23452783035497368, 0.6551619525492857, -0.8950326965647245, 0.5245185446699929]",29.22047302623866,2.3144972847255194
"[0.23452052595987674, 0.6551626794078204, -0.8950339784926855, 0.5245169315247621]",29.220521737563516,2.3145601172069163
"[0.23451321875749181, 0.6551634066379974, -0.89503526098552, 0.5245153175778487]",29.22057044860117,2.314622949688313
"[0.23450591273099308, 0.6551641338434331, -0.8950365433441582, 0.5245137037089552]",29.22061915847444,2.3146857821697093
"[0.23449860721721652, 0.655164861090114, -0.8950378256849699, 0.5245120897716361]",29.220667875216478,2.3147486146511063
"[0.23449130014056876, 0.6551655885846549, -0.8950391083722994, 0.5245104753073401]",29.220716588964216,2.3148114471325028
"[0.23448399274566542, 0.6551663162032033, -0.895040391187688, 0.5245088605909518]",29.220765302936353,2.3148742796138992
"[0.23447668628623763, 0.6551670438209017, -0.8950416739110305, 0.524507245899538]",29.220814020377404,2.3149371120952957
"[0.23446937869777235, 0.6551677716433507, -0.8950429569047725, 0.5245056307768383]",29.22086273826194,2.3149999445766927
"[0.23446207023742432, 0.6551684996449767, -0.8950442401237915, 0.5245040152796098]",29.220911454019905,2.315062777058089
"[0.23445476354081468, 0.6551692275632274, -0.8950455231053075, 0.5245023999904711]",29.220960174941393,2.3151256095394857
"[0.23444745460490155, 0.6551699557969108, -0.8950468065522181, 0.5245007840244464]",29.2210088940612,2.3151884420208826
"[0.23444014626726, 0.6551706840633292, -0.8950480899662662, 0.5244991680088481]",29.221057617133795,2.3152512745022786
"[0.23443283842878088, 0.6551714123723481, -0.8950493733648355, 0.5244975519217852]",29.221106337525974,2.3153141069836756
"[0.23442552955512158, 0.6551721408768786, -0.8950506570173924, 0.5244959354239396]",29.221155060338305,2.315376939465072
"[0.23441822081845856, 0.655172869460112, -0.8950519407180761, 0.5244943187745109]",29.221203784032593,2.3154397719464686
"[0.2344109108872944, 0.6551735982548029, -0.8950532247007629, 0.524492701678934]",29.221252510672073,2.3155026044278655
"[0.23440360102455768, 0.6551743271350563, -0.8950545087436328, 0.5244910844165502]",29.221301236436023,2.315565436909262
"[0.23439629227379646, 0.6551750559967989, -0.8950557926633558, 0.5244894672182747]",29.221349963943123,2.315628269390659
"[0.2343889816226755, 0.6551757851404646, -0.8950570769891127, 0.5244878494175194]",29.22139869021107,2.315691101872055
"[0.2343816723044889, 0.6551765142435424, -0.8950583611528902, 0.524486231729819]",29.2214474211296,2.315753934353452
"[0.23437436107603896, 0.6551772436295902, -0.8950596457244828, 0.5244846134373199]",29.221496150349026,2.3158167668348484
"[0.23436705105259312, 0.6551779729878263, -0.8950609301565502, 0.5244829952295461]",29.22154488119981,2.315879599316245
"[0.23435973966138623, 0.6551787025749523, -0.8950622149011481, 0.5244813765369583]",29.221593615667913,2.315942431797642
"[0.23435242905873338, 0.6551794321758031, -0.895063499579377, 0.5244797578369276]",29.221642347495976,2.3160052642790383
"[0.23434511725294865, 0.6551801619891655, -0.8950647845412341, 0.524478138688428]",29.22169108255801,2.316068096760435
"[0.23433780669482512, 0.6551808917704045, -0.8950660693560185, 0.524476519634186]",29.22173981893615,2.3161309292418313
"[0.23433049423314156, 0.6551816218341191, -0.8950673545775548, 0.5244748999762608]",29.221788552175155,2.316193761723228
"[0.2343231824354913, 0.6551823519239843, -0.8950686397545852, 0.5244732802833106]",29.221837288969773,2.3162565942046247
"[0.2343158694269584, 0.6551830822272284, -0.8950699252166626, 0.5244716601399777]",29.22188602980762,2.316319426686021
"[0.2343085576443899, 0.6551838125004884, -0.89507121053544, 0.5244700400861363]",29.221934769964182,2.316382259167418
"[0.23430124470211028, 0.6551845429820421, -0.8950724961302847, 0.524468419593188]",29.221983508598463,2.316445091648814
"[0.2342939320717691, 0.6551852735249075, -0.895073781742493, 0.5244667989872006]",29.222032250137236,2.316507924130211
"[0.23428661914700658, 0.6551860041896591, -0.895075067478664, 0.5244651781337913]",29.22208099021593,2.316570756611608
"[0.234279305809318, 0.6551867349881534, -0.8950763533596386, 0.5244635570066616]",29.222129736493457,2.316633589093004
"[0.2342719918110036, 0.655187465945179, -0.8950776394289803, 0.5244619355508392]",29.222178480321155,2.316696421574401
"[0.23426467723616265, 0.6551881970522982, -0.8950789256719212, 0.5244603137849888]",29.22222722482628,2.3167592540557975
"[0.23425736352260929, 0.6551889281658528, -0.8950802118356128, 0.5244586920278307]",29.222275971874375,2.3168220865371945
"[0.23425004951603287, 0.6551896594012059, -0.8950814981230365, 0.5244570700234424]",29.22232471753274,2.316884919018591
"[0.23424273472431664, 0.6551903908075731, -0.8950827846207539, 0.5244554476626523]",29.22237346684202,2.3169477514999874
"[0.23423542106507375, 0.6551911221932126, -0.8950840709914913, 0.5244538253707716]",29.22242221453164,2.3170105839813844
"[0.23422810464759478, 0.6551918539472342, -0.8950853579195922, 0.5244522022847132]",29.222470965343938,2.3170734164627804
"[0.2342207896919201, 0.6551925856475954, -0.8950866446627833, 0.5244505793406037]",29.222519715571703,2.3171362489441774
"[0.2342134745910055, 0.6551933174550215, -0.8950879315037297, 0.5244489561819383]",29.22256846960203,2.317199081425574
"[0.23420615904556705, 0.6551940493994644, -0.8950892184950849, 0.5244473327422821]",29.222617220736762,2.3172619139069703
"[0.23419884205727692, 0.6551947815808462, -0.8950905058125052, 0.5244457088000138]",29.222665975989504,2.3173247463883673
"[0.2341915259004383, 0.6551955137716005, -0.8950917930558644, 0.5244440848598669]",29.222714730357367,2.3173875788697638
"[0.2341842100179425, 0.6551962460274596, -0.8950930803231639, 0.5244424607982202]",29.2227634878551,2.3174504113511603
"[0.23417689420117907, 0.6551969783693163, -0.8950943676510988, 0.5244408365687496]",29.222812246189708,2.3175132438325567
"[0.23416957577412695, 0.6551977110650505, -0.8950956555105939, 0.5244392115772958]",29.22286100242646,2.3175760763139537
"[0.23416225925706177, 0.6551984436621691, -0.8950969431061964, 0.5244375868274563]",29.22290976121093,2.31763890879535
"[0.2341549420211614, 0.6551991764238617, -0.8950982309005184, 0.5244359617355109]",29.22295852244033,2.3177017412767467
"[0.23414762414544968, 0.6551999093422441, -0.8950995188796678, 0.5244343363189514]",29.223007282499985,2.3177645737581436
"[0.2341403059398792, 0.6552006423862569, -0.8951008069891063, 0.5244327106466262]",29.223056045711786,2.3178274062395396
"[0.23413298743233124, 0.6552013755531652, -0.8951020952239271, 0.5244310847246434]",29.223104807511262,2.3178902387209366
"[0.23412566928068645, 0.6552021087770444, -0.8951033834683246, 0.5244294586991817]",29.223153573264273,2.317953071202333
"[0.2341183509696572, 0.6552028421095158, -0.8951046718130001, 0.5244278324557552]",29.223202337383785,2.31801590368373
"[0.2341110321985769, 0.6552035755807409, -0.8951059603108884, 0.5244262059274977]",29.223251104731435,2.3180787361651265
"[0.2341037136450047, 0.6552043091227777, -0.8951072488427059, 0.5244245792650313]",29.223299872237938,2.318141568646523
"[0.23409639418642197, 0.6552050428481927, -0.8951085376060903, 0.524422952218775]",29.2233486387687,2.31820440112792
"[0.23408907450503372, 0.6552057766886059, -0.8951098264809374, 0.5244213249403492]",29.22339740726925,2.318267233609316
"[0.23408175510894075, 0.6552065105930801, -0.8951111153777743, 0.5244196975427059]",29.223446180401282,2.318330066090713
"[0.23407443460285277, 0.6552072447015338, -0.8951124045423103, 0.5244180697155824]",29.22349495100292,2.3183928985721094
"[0.23406711565821284, 0.6552079787460556, -0.8951136935040869, 0.5244164420530361]",29.22354372212792,2.318455731053506
"[0.23405979505436234, 0.6552087130496773, -0.8951149828302992, 0.524414813838795]",29.223592497546584,2.318518563534903
"[0.23405247334851942, 0.6552094475565404, -0.895116272422848, 0.5244131851967073]",29.223641269534948,2.3185813960162993
"[0.23404515250312047, 0.6552101820697948, -0.8951175619360818, 0.5244115565632668]",29.223690045992583,2.318644228497696
"[0.23403783250065843, 0.6552109165911618, -0.8951188513730558, 0.5244099279346417]",29.223738822112647,2.3187070609790923
"[0.23403051037697564, 0.6552116514181008, -0.8951201412559295, 0.524408298651286]",29.223787597460397,2.3187698934604892
"[0.23402318880281175, 0.6552123862826139, -0.8951214311142383, 0.5244066693074175]",29.223836378019016,2.3188327259418857
"[0.23401586759719847, 0.6552131212028555, -0.8951227209798457, 0.5244050398627832]",29.223885157083913,2.318895558423282
"[0.23400854511934782, 0.6552138563435356, -0.89512401114184, 0.5244034099521805]",29.22393393677734,2.318958390904679
"[0.23400122253071015, 0.6552145915881027, -0.8951253013955968, 0.5244017798340476]",29.223982717847854,2.3190212233860756
"[0.233993900198691, 0.6552153268996239, -0.8951265916763781, 0.5244001495902261]",29.22403150048015,2.319084055867472
"[0.23398657780847765, 0.655216062309752, -0.8951278820396454, 0.5243985191505754]",29.224080282824485,2.3191468883488686
"[0.23397925423813598, 0.6552167979311591, -0.8951291726831256, 0.5243968882652691]",29.22412906600966,2.3192097208302656
"[0.2339719313411215, 0.6552175335777037, -0.8951304632801833, 0.5243952573470032]",29.2241778513539,2.319272553311662
"[0.2339646075758575, 0.6552182694042481, -0.8951317541025074, 0.524393626052442]",29.224226638409405,2.3193353857930585
"[0.23395728420078055, 0.6552190052843652, -0.8951330449283009, 0.5243919946618673]",29.224275426031806,2.3193982182744555
"[0.23394996081226513, 0.655219741258607, -0.8951343358286976, 0.5243903630853736]",29.224324214799925,2.3194610507558515
"[0.23394263556802947, 0.6552204775121512, -0.8951356271284622, 0.5243887309124462]",29.22437300200488,2.3195238832372485
"[0.2339353116290624, 0.6552212137273031, -0.8951369182703768, 0.5243870988473717]",29.224421794581737,2.319586715718645
"[0.23392798671904105, 0.6552219501328747, -0.8951382096557279, 0.5243854663829057]",29.22447058526257,2.3196495482000414
"[0.23392066188642108, 0.6552226866234792, -0.8951395010996811, 0.5243838337526712]",29.224519375924086,2.3197123806814384
"[0.23391333723235727, 0.6552234231889423, -0.8951407925843943, 0.5243822009792191]",29.22456817159169,2.319775213162835
"[0.2339060123218586, 0.6552241598730075, -0.8951420841865623, 0.5243805679655772]",29.22461696400124,2.3198380456442314
"[0.23389868592615873, 0.6552248967992931, -0.8951433761228759, 0.5243789344377288]",29.22466575991627,2.319900878125628
"[0.2338913600929085, 0.6552256337618421, -0.8951446680322629, 0.524377300852203]",29.224714556224797,2.3199637106070248
"[0.23388403427296997, 0.6552263708159085, -0.8951459600115494, 0.5243756670865373]",29.22476335513578,2.3200265430884213
"[0.23387670839324673, 0.655227107968815, -0.8951472520736266, 0.5243740331244644]",29.224812152029696,2.3200893755698178
"[0.233869381825386, 0.6552278452838467, -0.8951485443293202, 0.5243723988257498]",29.224860949390592,2.3201522080512147
"[0.2338620547727915, 0.6552285827405037, -0.8951498367427724, 0.5243707642357835]",29.22490975237169,2.320215040532611
"[0.23385472780862807, 0.6552293202811506, -0.8951511292128803, 0.524369129482357]",29.224958552073794,2.3202778730140077
"[0.23384740139458451, 0.6552300578592859, -0.8951524216581913, 0.5243674946685191]",29.225007354327904,2.320340705495404
"[0.23384007340637256, 0.6552307956887914, -0.8951537144534598, 0.5243658593202112]",29.225056157117827,2.320403537976801
"[0.23383274542775037, 0.655231533610241, -0.8951550073193004, 0.5243642237908012]",29.225104961848253,2.3204663704581976
"[0.23382541808185026, 0.6552322715608523, -0.8951563001457631, 0.5243625882194121]",29.225153768319664,2.320529202939594
"[0.23381808916807878, 0.6552330097622926, -0.8951575933211244, 0.5243609521147703]",29.225202574259296,2.320592035420991
"[0.2338107609671796, 0.6552337479848437, -0.8951588864429617, 0.524359315986002]",29.225251380261366,2.320654867902387
"[0.23380343294113665, 0.655234486282689, -0.8951601796061945, 0.524357679713014]",29.225300188706196,2.320717700383784
"[0.23379610421426508, 0.6552352247440629, -0.8951614729653574, 0.5243560431002521]",29.225348996737083,2.320780532865181
"[0.23378877454907052, 0.6552359633929289, -0.8951627665623835, 0.5243544060946124]",29.225397807994977,2.320843365346577
"[0.23378144553873753, 0.6552367020687385, -0.8951640601160957, 0.5243527690519016]",29.225446618539472,2.320906197827974
"[0.23377411582213392, 0.6552374409086804, -0.895165353866727, 0.5243511316680828]",29.225495430332664,2.3209690303093704
"[0.2337667854820179, 0.655238179904439, -0.8951666477996858, 0.5243494939615886]",29.225544244167168,2.321031862790767
"[0.23375945602580023, 0.6552389189040414, -0.8951679416488811, 0.5243478562692027]",29.225593056049703,2.321094695272164
"[0.23375212515817897, 0.6552396581389341, -0.8951692358194985, 0.5243462180780267]",29.22564187362094,2.3211575277535603
"[0.2337447951327484, 0.6552403973818544, -0.8951705299137025, 0.5243445798916648]",29.225690689059086,2.3212203602349573
"[0.23373746456408423, 0.6552411367725405, -0.8951718241760745, 0.5243429414004684]",29.225739508252175,2.3212831927163533
"[0.23373013278836088, 0.6552418763779794, -0.8951731187238404, 0.5243413024559954]",29.225788325813774,2.3213460251977502
"[0.23372280147664554, 0.655242616029621, -0.8951744132619519, 0.5243396634317549]",29.22583714553924,2.3214088576791467
"[0.2337154709334484, 0.6552433556966926, -0.8951757077366201, 0.5243380243959013]",29.225885962577685,2.321471690160543
"[0.233708138493095, 0.6552440956482193, -0.895177002618577, 0.5243363847523311]",29.225934784469896,2.32153452264194
"[0.23370080617520783, 0.6552448356804127, -0.8951782975511888, 0.5243347449526068]",29.225983606833243,2.3215973551233366
"[0.23369347507599234, 0.65524557568262, -0.8951795923408332, 0.5243331052419172]",29.226032433004622,2.321660187604733
"[0.23368614203966254, 0.6552463159733817, -0.8951808875448818, 0.5243314649144165]",29.226081254156504,2.3217230200861296
"[0.2336788100761742, 0.6552470562488678, -0.8951821826317065, 0.5243298246433431]",29.22613007987941,2.3217858525675266
"[0.23367147671094848, 0.6552477967589299, -0.8951834780384066, 0.5243281838750834]",29.226178905015665,2.321848685048923
"[0.23366414455444928, 0.6552485372399812, -0.8951847733038543, 0.5243265431936788]",29.226227731831894,2.3219115175303195
"[0.23365681132642213, 0.6552492779222724, -0.895186068830865, 0.524324902088929]",29.22627656096604,2.3219743500117165
"[0.23364947714320974, 0.6552500187941244, -0.8951873645989094, 0.5243232605867485]",29.226325389265877,2.3220371824931125
"[0.23364214323409466, 0.6552507597313648, -0.8951886603908099, 0.524321618962249]",29.226374220838224,2.3221000149745095
"[0.23363480966374495, 0.6552515007274444, -0.8951899561951285, 0.524319977229931]",29.22642304972143,2.322162847455906
"[0.23362747548078433, 0.655252241878502, -0.8951912521799682, 0.5243183351767937]",29.226471884002006,2.3222256799373024
"[0.23362013970156972, 0.6552529832839802, -0.8951925485191725, 0.5243166925825219]",29.226520715563872,2.3222885124186994
"[0.23361280515946478, 0.6552537246575281, -0.8951938447120462, 0.5243150500815308]",29.22656955021111,2.322351344900096
"[0.23360546996685497, 0.6552544661899341, -0.8951951410921641, 0.5243134072511243]",29.226618384863368,2.322414177381493
"[0.23359813523201647, 0.6552552077691647, -0.8951964374636548, 0.5243117643395057]",29.226667221018076,2.322477009862889
"[0.2335908000631444, 0.6552559494853868, -0.895197733984136, 0.5243101211469144]",29.22671605813854,2.322539842344286
"[0.2335834637625645, 0.6552566914091738, -0.8951990307769434, 0.5243084775170022]",29.22676489715466,2.3226026748256823
"[0.23357612754773913, 0.6552574334174294, -0.8952003276268846, 0.5243068337224787]",29.22681373509978,2.3226655073070788
"[0.23356879200349528, 0.655258175450999, -0.8952016244305623, 0.5243051898943943]",29.226862576600247,2.3227283397884757
"[0.2335614547972364, 0.6552589177458207, -0.8952029216003553, 0.52430354551004]",29.226911416871623,2.322791172269872
"[0.23355411879497248, 0.6552596600119951, -0.8952042186295701, 0.5243019012116605]",29.226960257921135,2.3228540047512687
"[0.23354678229762268, 0.6552604024214016, -0.8952055158185993, 0.5243002566184725]",29.22700909963366,2.322916837232665
"[0.23353944419708678, 0.6552611450862242, -0.8952068133633944, 0.5242986114819812]",29.22705794492323,2.322979669714062
"[0.23353210729039162, 0.6552618877233906, -0.8952081107693799, 0.5242969664292385]",29.227106789824113,2.3230425021954586
"[0.23352476919401755, 0.6552626305741597, -0.8952094084580359, 0.5242953209258159]",29.22715563646146,2.323105334676855
"[0.23351743103040346, 0.6552633735249294, -0.8952107062308825, 0.5242936752233589]",29.22720448231005,2.323168167158252
"[0.2335100941109136, 0.6552641164429179, -0.8952120038559798, 0.5242920296159898]",29.22725333246304,2.323230999639648
"[0.23350275586939703, 0.6552648595879447, -0.8952133017871816, 0.5242903835281668]",29.227302181151,2.323293832121045
"[0.2334954167193804, 0.6552656029181971, -0.8952145999513749, 0.5242887370525344]",29.227351031157664,2.3233566646024415
"[0.23348807783102415, 0.6552663463151661, -0.8952158981415851, 0.5242870904515847]",29.227399881330403,2.323419497083838
"[0.2334807393922909, 0.6552670897597986, -0.8952171963245487, 0.5242854437675125]",29.227448731889037,2.323482329565235
"[0.2334734001908764, 0.6552678333749173, -0.8952184947147255, 0.524283796728271]",29.227497585759373,2.3235451620466314
"[0.23346606112838542, 0.6552685770691841, -0.8952197931526163, 0.5242821495361663]",29.22754644165981,2.3236079945280284
"[0.23345872035890639, 0.6552693210297037, -0.8952210919648198, 0.5242805017768074]",29.227595296707623,2.3236708270094244
"[0.2334513803697147, 0.6552700650043524, -0.8952223907112751, 0.5242788540085491]",29.22764415029797,2.3237336594908213
"[0.23344404012729686, 0.6552708090979424, -0.8952236895748358, 0.5242772059993075]",29.22769300776623,2.323796491972218
"[0.23343669972230408, 0.6552715533012718, -0.8952249885394649, 0.524275557769442]",29.2277418657848,2.3238593244536143
"[0.23342935863559808, 0.6552722976669912, -0.8952262876970382, 0.5242739092023457]",29.227790724894508,2.3239221569350113
"[0.2334220183435937, 0.6552730420453922, -0.895227586786268, 0.5242722606295757]",29.227839584658867,2.3239849894164077
"[0.23341467741551575, 0.6552737865815688, -0.8952288860603678, 0.5242706117297895]",29.227888447190885,2.3240478218978042
"[0.23340733552671822, 0.6552745313084799, -0.8952301855768161, 0.5242689624300002]",29.227937307019015,2.3241106543792007
"[0.23339999409303178, 0.6552752760825162, -0.8952314850850148, 0.524267313048244]",29.22798617056445,2.3241734868605977
"[0.23339265174877744, 0.6552760210422379, -0.895232784826705, 0.5242656632776695]",29.228035034018934,2.324236319341994
"[0.2333853101922255, 0.6552767660153382, -0.8952340845012574, 0.5242640134998581]",29.228083899890937,2.3242991518233906
"[0.23337796776273198, 0.6552775111703294, -0.8952353844026527, 0.5242623633416269]",29.22813276669339,2.3243619843047876
"[0.23337062516261817, 0.6552782564359592, -0.8952366844065637, 0.52426071296077]",29.228181631231955,2.3244248167861836
"[0.2333632826619991, 0.6552790017848109, -0.8952379844651636, 0.524259062417996]",29.228230501402496,2.3244876492675806
"[0.23335593927480586, 0.6552797473169991, -0.8952392847530535, 0.524257411491607]",29.228279367254583,2.324550481748977
"[0.23334859585870402, 0.6552804929454679, -0.8952405851183765, 0.5242557603743824]",29.22832823691531,2.324613314230374
"[0.23334125225588206, 0.655281238686245, -0.8952418855890769, 0.5242541090308277]",29.22837711000843,2.3246761467117705
"[0.2333339081803577, 0.6552819845683862, -0.8952431862158055, 0.5242524573966035]",29.228425980682353,2.324738979193167
"[0.23332656441951163, 0.6552827305119283, -0.8952444868591155, 0.5242508056487735]",29.228474854833205,2.324801811674564
"[0.23331922028985072, 0.6552834765863105, -0.8952457876400557, 0.524249153633586]",29.22852372935779,2.3248646441559604
"[0.23331187617944601, 0.655284222752073, -0.8952470884898973, 0.5242475014383725]",29.228572602761385,2.324927476637357
"[0.23330453060736675, 0.655284969159755, -0.8952483896709679, 0.5242458487298508]",29.228621479635443,2.324990309118754
"[0.2332971860887203, 0.6552857155537797, -0.8952496907377494, 0.5242441960739056]",29.228670355922194,2.32505314160015
"[0.2332898399690528, 0.6552864622039207, -0.8952509921604773, 0.5242425428732076]",29.228719232760902,2.325115974081547
"[0.2332824952225769, 0.6552872088078873, -0.8952522934122461, 0.5242408897970732]",29.228768112284317,2.3251788065629433
"[0.23327514964515728, 0.6552879555897254, -0.8952535948835455, 0.524239236349432]",29.228816990234257,2.32524163904434
"[0.23326780260648683, 0.6552887026135562, -0.8952548966860817, 0.5242375823883182]",29.228865871995378,2.3253044715257367
"[0.23326045758534436, 0.6552894495256578, -0.895256198203447, 0.5242359286968893]",29.228914755625155,2.325367304007133
"[0.23325311038287333, 0.6552901967530234, -0.8952575001796651, 0.524234274329773]",29.228963637051386,2.3254301364885297
"[0.23324576450834492, 0.6552909439387508, -0.8952588019928782, 0.5242326200771361]",29.229012522250816,2.325492968969926
"[0.2332384180036844, 0.6552916912820147, -0.8952601039900749, 0.5242309654980241]",29.229061404041154,2.325555801451323
"[0.23323106999516088, 0.6552924388717186, -0.8952614063261324, 0.524229310395597]",29.229110290095537,2.3256186339327196
"[0.23322372193102597, 0.6552931865605663, -0.8952627087443853, 0.5242276550959778]",29.229159178676223,2.325681466414116
"[0.23321637559351033, 0.655293934167163, -0.8952640109289123, 0.5242260000007287]",29.229208065910584,2.325744298895513
"[0.23320902719915484, 0.6552946820765534, -0.8952653135503555, 0.5242243442574231]",29.229256954836828,2.3258071313769095
"[0.23320167951366969, 0.6552954300072706, -0.8952666161184644, 0.5242226884891803]",29.229305843938022,2.325869963858306
"[0.23319433115648228, 0.6552961780998452, -0.895267918877977, 0.5242210323848904]",29.22935473298239,2.3259327963397025
"[0.23318698265309806, 0.6552969263007973, -0.8952692217357363, 0.5242193760629483]",29.22940362663156,2.3259956288210994
"[0.2331796332593941, 0.6552976746859043, -0.8952705248236844, 0.5242177193555972]",29.22945252055698,2.326058461302496
"[0.23317228461109993, 0.6552984230886115, -0.8952718278517955, 0.5242160626315447]",29.22950141394818,2.3261212937838924
"[0.23316493564095703, 0.6552991716176012, -0.8952731310092998, 0.5242144056501961]",29.229550307201386,2.3261841262652894
"[0.23315758523193977, 0.655299920386683, -0.8952744344942974, 0.5242127481596213]",29.2295992035895,2.3262469587466854
"[0.23315023579158306, 0.6553006691506152, -0.8952757378798504, 0.5242110907026905]",29.22964809997438,2.3263097912280823
"[0.2331428861060844, 0.6553014180330492, -0.8952770413812057, 0.5242094330056851]",29.22969699716666,2.326372623709479
"[0.23313553586215668, 0.6553021670659216, -0.8952783450539353, 0.5242077749979103]",29.22974589532508,2.3264354561908753
"[0.23312818570777838, 0.6553029161832096, -0.8952796487831127, 0.5242061168255089]",29.229794796749424,2.3264982886722723
"[0.23312083438550307, 0.6553036655130975, -0.8952809527917883, 0.5242044582047521]",29.229843695170853,2.3265611211536688
"[0.23311348406830956, 0.6553044148340813, -0.8952822566945104, 0.5242027996259165]",29.22989259890416,2.3266239536350652
"[0.23310613307681483, 0.6553051643173672, -0.8952835607891809, 0.5242011407100515]",29.229941500868865,2.3266867861164617
"[0.23309878057516725, 0.655305914048234, -0.8952848652241111, 0.5241994812684216]",29.229990405349827,2.3267496185978587
"[0.23309142919250567, 0.6553066637585586, -0.8952861695328608, 0.5241978218944462]",29.230039308642088,2.326812451079255
"[0.23308407680251694, 0.6553074136652118, -0.8952874740926802, 0.5241961621081349]",29.230088215418537,2.3268752835606517
"[0.23307672439004032, 0.6553081636677683, -0.8952887787288366, 0.5241945021317653]",29.230137119491232,2.3269381160420486
"[0.2330693723483687, 0.6553089137260983, -0.8952900833715347, 0.5241928420541473]",29.230186029067745,2.327000948523445
"[0.23306202020968317, 0.6553096638879227, -0.895291388103782, 0.5241911817696553]",29.23023493561656,2.3270637810048416
"[0.23305466739711164, 0.6553104142121202, -0.8952926930279599, 0.5241895211479801]",29.230283847608714,2.327126613486238
"[0.23304731410225552, 0.6553111646791642, -0.8952939981100766, 0.5241878602323425]",29.230332757266204,2.327189445967635
"[0.233039960837953, 0.6553119152367061, -0.8952953032591171, 0.5241861991385809]",29.230381668970416,2.3272522784490315
"[0.23303260743820325, 0.6553126659017136, -0.8952966085045412, 0.5241845378291593]",29.230430580173255,2.327315110930428
"[0.2330252542063917, 0.6553134166432096, -0.8952979137924926, 0.5241828763726256]",29.23047949396472,2.327377943411825
"[0.23301789892545577, 0.6553141676875861, -0.8952992195165514, 0.524181214267959]",29.230528410580025,2.327440775893221
"[0.23301054441855062, 0.655314918746594, -0.8953005251755609, 0.524179552153071]",29.230577324084734,2.327503608374618
"[0.23300319057821134, 0.6553156698311845, -0.8953018307885734, 0.5241778900037201]",29.230626240130842,2.3275664408560144
"[0.2329958347253785, 0.6553164212150084, -0.8953031368312501, 0.5241762272143184]",29.230675157192657,2.327629273337411
"[0.23298848120992452, 0.6553171724537458, -0.8953044425312543, 0.524174564768142]",29.230724078650095,2.327692105818808
"[0.2329811256143723, 0.6553179239986402, -0.895305748672956, 0.5241729016665699]",29.230772996676425,2.3277549383002043
"[0.23297376966768624, 0.6553186756731284, -0.895307054949368, 0.5241712383003698]",29.230821916817476,2.327817770781601
"[0.2329664132569258, 0.6553194274887542, -0.8953083613805568, 0.5241695746439843]",29.230870838976095,2.3278806032629973
"[0.23295905746563453, 0.6553201793347782, -0.8953096677740875, 0.5241679109424585]",29.23091976018452,2.327943435744394
"[0.23295170206784782, 0.655320931234277, -0.8953109741700743, 0.5241662471447188]",29.230968681268322,2.3280062682257907
"[0.23294434499096306, 0.6553216833991558, -0.8953122809366463, 0.5241645827818762]",29.231017607559636,2.328069100707187
"[0.23293698880803526, 0.6553224355663436, -0.895313587616787, 0.5241629184360188]",29.23106653246784,2.328131933188584
"[0.2329296315593497, 0.6553231879362531, -0.8953148945585971, 0.5241612536637118]",29.231115459935427,2.3281947656699806
"[0.23292227377107205, 0.655323940455091, -0.8953162016686294, 0.5241595885839713]",29.231164389377636,2.328257598151377
"[0.23291491684346252, 0.6553246929796492, -0.8953175086981187, 0.5241579235136736]",29.231213315378795,2.3283204306327736
"[0.23290755886908, 0.655325445705045, -0.8953188159859387, 0.5241562580210962]",29.23126224404983,2.3283832631141705
"[0.23290020145966198, 0.6553261984663832, -0.8953201232457386, 0.5241545924710643]",29.231311177052767,2.328446095595567
"[0.23289284203757138, 0.6553269515274491, -0.8953214309355247, 0.524152926279963]",29.231360106963105,2.3285089280769635
"[0.2328854847456662, 0.6553277044642944, -0.8953227383191539, 0.5241512603857744]",29.231409038294164,2.3285717605583605
"[0.23287812567227528, 0.6553284576772399, -0.8953240460917153, 0.5241495939027837]",29.23145796995548,2.3286345930397565
"[0.23287076638399795, 0.6553292110059827, -0.8953253539748366, 0.5241479271856678]",29.231506906064336,2.3286974255211534
"[0.23286340718516305, 0.6553299644193711, -0.8953266619144303, 0.5241462603033447]",29.231555840717068,2.3287602580025504
"[0.23285604882883626, 0.6553307178402906, -0.8953279697766376, 0.5241445934264165]",29.231604777647487,2.3288230904839464
"[0.23284868946567308, 0.65533147145811, -0.8953292778901557, 0.5241429261359298]",29.231653715151854,2.3288859229653434
"[0.23284132863003165, 0.6553322253205318, -0.8953305863377868, 0.524141258326329]",29.231702654572707,2.32894875544674
"[0.2328339688905444, 0.6553329791645223, -0.8953318946629354, 0.52413959057956]",29.231751590978817,2.3290115879281363
"[0.23282660829203528, 0.6553337331903367, -0.8953332032131617, 0.5241379224525837]",29.231800533890528,2.3290744204095333
"[0.23281924774970775, 0.655334487304236, -0.8953345118257707, 0.5241362541527779]",29.231849474310998,2.3291372528909298
"[0.23281188592164728, 0.6553352416437288, -0.8953358207393527, 0.5241345853759394]",29.23189841708695,2.3292000853723267
"[0.23280452600253487, 0.6553359958814559, -0.8953371293858886, 0.5241329168462572]",29.231947359699618,2.3292629178537227
"[0.23279716452098212, 0.6553367503731562, -0.8953384383826078, 0.5241312477767586]",29.231996302567914,2.3293257503351197
"[0.2327898030034511, 0.6553375049624118, -0.895339747458098, 0.5241295785134721]",29.232045249642063,2.329388582816516
"[0.23278244055067368, 0.6553382597414208, -0.8953410567722843, 0.5241279088524424]",29.23209419347814,2.3294514152979127
"[0.23277507831953614, 0.6553390145915967, -0.8953423661194362, 0.5241262390559974]",29.23214314117732,2.3295142477793096
"[0.23276771646678604, 0.6553397694968647, -0.8953436754716633, 0.5241245691596966]",29.232192090138586,2.329577080260706
"[0.23276035354911143, 0.6553405246052219, -0.8953449850856757, 0.5241228988361436]",29.232241037833873,2.3296399127421026
"[0.23275299136618172, 0.6553412797321361, -0.8953462946413708, 0.5241212284935541]",29.232289987582362,2.329702745223499
"[0.23274562849480068, 0.6553420350235658, -0.8953476043918994, 0.5241195578090474]",29.23233894065132,2.329765577704896
"[0.23273826525051583, 0.6553427904471298, -0.8953489142811443, 0.5241178868542203]",29.23238789010776,2.3298284101862925
"[0.23273090178030018, 0.6553435459878193, -0.8953502242829587, 0.5241162156623258]",29.232436845400706,2.329891242667689
"[0.23272353801744747, 0.6553443016524652, -0.8953515344092161, 0.5241145442182306]",29.232485798382125,2.329954075149086
"[0.2327161740221301, 0.6553450574349042, -0.895352844649215, 0.5241128725355663]",29.23253475411215,2.330016907630482
"[0.23270881005041244, 0.6553458133088613, -0.895354154957394, 0.5241112006724481]",29.23258370953883,2.330079740111879
"[0.23270144546251537, 0.6553465693400182, -0.8953554654475969, 0.5241095284835979]",29.232632667920072,2.3301425725932754
"[0.23269407953358318, 0.6553473256028253, -0.8953567762488334, 0.5241078558043528]",29.232681623961835,2.3302054050746723
"[0.23268671554802206, 0.6553480817600592, -0.8953580867766148, 0.5241061833805652]",29.232730583675163,2.330268237556069
"[0.23267935112979393, 0.6553488380556732, -0.8953593974537651, 0.5241045106726663]",29.23277954403411,2.3303310700374653
"[0.23267198528428992, 0.655349594591849, -0.8953607084573229, 0.5241028374546672]",29.2328285037559,2.3303939025188622
"[0.2326646199982123, 0.6553503511645394, -0.8953620194336965, 0.5241011641778441]",29.232877467339314,2.3304567350002583
"[0.23265725434220216, 0.65535110786922, -0.8953633305482982, 0.5240994906310463]",29.23292642916944,2.3305195674816552
"[0.2326498878258685, 0.6553518647562913, -0.8953646418884335, 0.5240978167028061]",29.232975393374296,2.3305823999630517
"[0.2326425200282153, 0.6553526218690613, -0.8953659535290729, 0.5240961422973587]",29.233024358274424,2.330645232444448
"[0.23263515395029216, 0.6553533788991045, -0.8953672649359518, 0.5240944680967736]",29.233073323736164,2.330708064925845
"[0.23262778783821345, 0.6553541360266698, -0.8953685764212874, 0.5240927937024404]",29.23312229059177,2.3307708974072416
"[0.23262042040372574, 0.6553548933841887, -0.8953698882144624, 0.5240911188214802]",29.23317125840049,2.330833729888638
"[0.23261305324787493, 0.6553556508070976, -0.8953712000304168, 0.5240894438178235]",29.233220227568307,2.3308965623700346
"[0.2326056848129958, 0.6553564084555616, -0.8953725121465238, 0.524087768337274]",29.233269195409246,2.3309593948514316
"[0.23259831746713672, 0.6553571660860962, -0.8953738241410975, 0.524086092918279]",29.233318166572847,2.331022227332828
"[0.23259094801248523, 0.6553579240275648, -0.8953751365836233, 0.5240844168335855]",29.233367139155472,2.3310850598142245
"[0.23258358052972314, 0.6553586818603002, -0.8953764487473602, 0.5240827410112506]",29.23341611168346,2.3311478922956215
"[0.2325762128037909, 0.6553594398120743, -0.8953777610267891, 0.5240810649475438]",29.23346508674146,2.3312107247770175
"[0.23256884406501543, 0.6553601979621162, -0.8953790735590099, 0.5240793884672913]",29.233514062411732,2.3312735572584145
"[0.23256147451601886, 0.6553609562896191, -0.8953803863079535, 0.5240777116165122]",29.233563037104144,2.331336389739811
"[0.23255410566491178, 0.6553617146393955, -0.8953816990049763, 0.524076034738356]",29.23361201406976,2.331399222221208
"[0.2325467349868223, 0.6553624732713086, -0.8953830120998754, 0.524074357258209]",29.233660990815892,2.3314620547026044
"[0.23253936574550294, 0.6553632318494547, -0.8953843250112095, 0.5240726799188283]",29.233709969990418,2.331524887184001
"[0.23253199512586023, 0.6553639906635824, -0.8953856382405175, 0.5240710020794982]",29.233758949876886,2.331587719665398
"[0.232524625341539, 0.6553647494858363, -0.8953869513933931, 0.5240693242440656]",29.233807929815804,2.331650552146794
"[0.23251725560473555, 0.6553655083973147, -0.8953882646101914, 0.5240676462332065]",29.233856911911378,2.3317133846281908
"[0.23250988405147954, 0.655366267589982, -0.8953895782230766, 0.5240659676224614]",29.233905894433402,2.3317762171095873
"[0.23250251304988076, 0.6553670268199725, -0.8953908918100666, 0.5240642889510312]",29.23395487730713,2.3318390495909838
"[0.23249514190277812, 0.6553677861591026, -0.8953922054953908, 0.5240626100601372]",29.234003863919195,2.3319018820723807
"[0.23248777015601998, 0.6553685456541717, -0.8953935193599953, 0.5240609308463062]",29.234052849375512,2.331964714553777
"[0.23248039871528856, 0.6553693052118589, -0.8953948332424622, 0.5240592515158491]",29.234101835510423,2.3320275470351737
"[0.2324730267353693, 0.6553700649192765, -0.8953961472934407, 0.5240575718761793]",29.23415082347338,2.33209037951657
"[0.23246565427400212, 0.6553708247704896, -0.8953974615026501, 0.524055891940414]",29.234199811010743,2.332153211997967
"[0.23245828265546112, 0.6553715846290082, -0.8953987756340158, 0.5240542120103154]",29.234248800083204,2.3322160444793636
"[0.23245090984389472, 0.6553723447046832, -0.8954000900504706, 0.5240525316219239]",29.23429779259859,2.33227887696076
"[0.23244353640800894, 0.6553731049389294, -0.8954014046506478, 0.5240508509047728]",29.234346783383227,2.332341709442157
"[0.23243616243909798, 0.6553738653223534, -0.8954027194182838, 0.5240491698796271]",29.234395773131887,2.3324045419235535
"[0.2324287893741955, 0.6553746257067709, -0.8954040340971476, 0.5240474888740876]",29.234444766845858,2.33246737440495
"[0.23242141605981317, 0.6553753862111261, -0.895405348892903, 0.52404580762519]",29.234493763065323,2.3325302068863465
"[0.23241404265972743, 0.655376146818531, -0.895406663776347, 0.5240441261702652]",29.234542758457522,2.3325930393677434
"[0.23240666756616934, 0.6553769076948768, -0.8954079790342109, 0.5240424441425914]",29.23459175342107,2.33265587184914
"[0.23239929234256584, 0.6553776686788997, -0.8954092943876996, 0.524040761898668]",29.234640752787442,2.3327187043305364
"[0.2323919185683465, 0.6553784296076077, -0.8954106095551033, 0.5240390797987972]",29.2346897505994,2.3327815368119333
"[0.23238454422297794, 0.6553791906895147, -0.8954119248967792, 0.5240373973820567]",29.234738750173694,2.3328443692933294
"[0.23237716797038332, 0.6553799520624951, -0.8954132406510784, 0.5240357143436116]",29.234787749949614,2.3329072017747263
"[0.2323697930795944, 0.6553807133892011, -0.895414556234879, 0.5240340314292437]",29.234836751375447,2.3329700342561233
"[0.2323624172062575, 0.6553814749116087, -0.8954158720663755, 0.5240323481040311]",29.23488575369949,2.3330328667375193
"[0.2323550418309504, 0.6553822364768738, -0.8954171878814398, 0.5240306647058379]",29.23493475657503,2.3330956992189162
"[0.23234766516758887, 0.6553829982694367, -0.8954185039987294, 0.5240289808269667]",29.234983759960254,2.3331585317003127
"[0.2323402886497082, 0.6553837601412889, -0.8954198201624903, 0.5240272967945895]",29.235032765762924,2.3332213641817092
"[0.23233291217315083, 0.655384522103155, -0.8954211363913026, 0.5240256125849683]",29.235081771667357,2.333284196663106
"[0.23232553520950944, 0.6553852842096572, -0.8954224527794531, 0.5240239280773958]",29.235130778769957,2.3333470291445026
"[0.2323181584566262, 0.6553860463886969, -0.8954237692024158, 0.524022243431221]",29.23517978832493,2.333409861625899
"[0.2323107807020984, 0.6553868087655589, -0.8954250858765589, 0.5240205583695279]",29.235228797223623,2.3334726941072956
"[0.23230340469534946, 0.6553875710561198, -0.8954264023111889, 0.524018873520301]",29.23527780726543,2.3335355265886926
"[0.2322960260487823, 0.6553883337138541, -0.8954277192893932, 0.5240171878812604]",29.23532681743283,2.333598359070089
"[0.23228864767760543, 0.6553890964374757, -0.8954290362908823, 0.5240155021183058]",29.235375830840677,2.3336611915514855
"[0.23228126941148908, 0.6553898592445676, -0.8954303533460507, 0.5240138161925536]",29.2354248435843,2.3337240240328825
"[0.23227389025675257, 0.6553906222379183, -0.8954316706322795, 0.5240121298768631]",29.235473857707078,2.333786856514279
"[0.23226651159864894, 0.6553913852743047, -0.8954329879022821, 0.5240104434877764]",29.235522873331675,2.3338496889956755
"[0.23225913335939818, 0.6553921483616991, -0.8954343051699324, 0.5240087570076147]",29.235571889078763,2.333912521477072
"[0.2322517538124149, 0.6553929116787427, -0.8954356227434885, 0.5240070700416184]",29.235620908077323,2.333975353958469
"[0.23224437364029313, 0.6553936751548516, -0.8954369405011033, 0.5240053827457712]",29.235669924467864,2.3340381864398654
"[0.23223699392519948, 0.6553944386780798, -0.8954382582495507, 0.5240036953674726]",29.235718945133705,2.334101018921262
"[0.2322296137388225, 0.6553952023444751, -0.8954395761545895, 0.5240020076944562]",29.23576796405411,2.334163851402659
"[0.23222223406652756, 0.6553959660520763, -0.8954408940402548, 0.5240003199520483]",29.23581698486556,2.334226683884055
"[0.23221485237784475, 0.6553967300627757, -0.895442212358465, 0.5239986315614782]",29.235866005952435,2.334289516365452
"[0.2322074723044505, 0.6553974940007167, -0.8954435304606286, 0.5239969433533669]",29.235915029835258,2.3343523488468483
"[0.2322000912604867, 0.6553982581335525, -0.8954448488085746, 0.523995254736221]",29.235964053717755,2.3344151813282448
"[0.23219271056004653, 0.6553990223252588, -0.8954461671675935, 0.5239935660106392]",29.236013077732895,2.3344780138096417
"[0.23218532816845916, 0.6553997867865095, -0.8954474859011414, 0.5239918767110529]",29.23606210356767,2.334540846291038
"[0.23217794610110515, 0.6554005513086572, -0.8954488046492202, 0.5239901872985535]",29.23611113245707,2.3346036787724347
"[0.2321705637727927, 0.6554013159523007, -0.8954501235163654, 0.523988497639222]",29.236160157874856,2.334666511253831
"[0.23216318245794548, 0.655402080585422, -0.8954514422748837, 0.5239868080247745]",29.236209186404643,2.334729343735228
"[0.23215579949450635, 0.6554028454838002, -0.8954527614003883, 0.523985117845822]",29.236258217155655,2.3347921762166246
"[0.23214841662147914, 0.655403610467298, -0.895454080582188, 0.5239834275004123]",29.23630724817787,2.334855008698021
"[0.23214103362405564, 0.655404375558178, -0.8954553998586607, 0.5239817369393521]",29.23635628060914,2.334917841179418
"[0.23213365035136954, 0.6554051407720745, -0.8954567192567678, 0.5239800461280866]",29.236405311964937,2.3349806736608145
"[0.2321262669908371, 0.6554059060895788, -0.8954580387430184, 0.5239783551095069]",29.23645434501072,2.335043506142211
"[0.2321188837243291, 0.6554066714918385, -0.8954593582849057, 0.5239766639252643]",29.23650338093476,2.3351063386236075
"[0.23211149941857095, 0.6554074370963758, -0.8954606780849784, 0.5239749723157081]",29.236552414996513,2.3351691711050044
"[0.2321041145037958, 0.6554082028585542, -0.8954619980663665, 0.5239732803794083]",29.236601452499734,2.335232003586401
"[0.2320967311568117, 0.6554089685527011, -0.8954633178399619, 0.523971588615037]",29.236650489892742,2.3352948360677974
"[0.2320893465318228, 0.6554097344739136, -0.8954646379144453, 0.5239698963705656]",29.236699530307384,2.3353576685491944
"[0.232081961480325, 0.6554105005339095, -0.8954659581376245, 0.5239682038410505]",29.236748570662158,2.3354205010305904
"[0.23207457543395102, 0.6554112667916808, -0.8954672786111225, 0.5239665108961641]",29.236797610111026,2.3354833335119873
"[0.23206719121208363, 0.655412032954702, -0.8954685988308766, 0.5239648181821807]",29.236846652092623,2.335546165993384
"[0.23205980427438574, 0.6554127994940983, -0.8954699196086585, 0.5239631246582409]",29.23689569628893,2.3356089984747803
"[0.23205241888230932, 0.6554135659676787, -0.8954712401825375, 0.5239614313012788]",29.23694473838963,2.3356718309561773
"[0.23204503241518645, 0.6554143326474133, -0.895472561021102, 0.5239597375104302]",29.23699378235236,2.3357346634375737
"[0.23203764692102663, 0.6554150993207374, -0.895473881758127, 0.5239580437553069]",29.237042829125606,2.3357974959189707
"[0.23203025892695292, 0.6554158663481799, -0.8954752030146804, 0.5239563492394091]",29.237091874916118,2.3358603284003667
"[0.2320228719860053, 0.6554166333609, -0.8954765241553593, 0.5239546547775928]",29.23714092275644,2.3359231608817637
"[0.23201548509706313, 0.6554174004628265, -0.8954778453591925, 0.5239529601402517]",29.237189969655574,2.33598599336316
"[0.23200809758480892, 0.6554181677241054, -0.8954791667469699, 0.523951265172428]",29.237239020450296,2.3360488258445566
"[0.2320007100935627, 0.655418935077813, -0.8954804882034489, 0.5239495700219455]",29.23728807261836,2.3361116583259536
"[0.23199332225084354, 0.6554197025626655, -0.895481809795258, 0.5239478746032942]",29.2373371213351,2.33617449080735
"[0.23198593373026793, 0.6554204702125908, -0.8954831315807941, 0.5239461788415261]",29.237386173214414,2.3362373232887466
"[0.231978546296116, 0.6554212378442519, -0.8954844532444243, 0.5239444831416097]",29.237435228546783,2.336300155770143
"[0.23197115690178335, 0.655422005774268, -0.8954857753312135, 0.5239427868041594]",29.237484280764747,2.33636298825154
"[0.23196376804808477, 0.655422773742764, -0.895487097393743, 0.5239410904032247]",29.237533336609474,2.3364258207329365
"[0.2319563790803355, 0.6554235418177781, -0.8954884195491422, 0.5239393937885087]",29.237582392583654,2.336488653214333
"[0.23194898997886695, 0.6554243100013604, -0.8954897418009294, 0.5239376969554806]",29.237631450326973,2.33655148569573
"[0.23194159967317157, 0.6554250784048308, -0.8954910643406845, 0.5239359996582506]",29.237680510058805,2.336614318177126
"[0.23193420933056957, 0.6554258469068408, -0.8954923869595225, 0.5239343021648616]",29.237729570611414,2.336677150658523
"[0.23192682008214097, 0.655426615389754, -0.8954937094549993, 0.5239326047351467]",29.23777862795631,2.3367399831399194
"[0.23191942956994058, 0.6554273840988, -0.8954950322491276, 0.5239309068274366]",29.237827688795473,2.336802815621316
"[0.23191203953843917, 0.6554281528525516, -0.8954963550296804, 0.5239292088424686]",29.237876751966212,2.336865648102713
"[0.2319046474612831, 0.6554289219138354, -0.8954976782488825, 0.5239275101997181]",29.237925816423886,2.3369284805841093
"[0.23189725710214526, 0.6554296908911017, -0.8954990012330172, 0.5239258117640179]",29.23797487927703,2.3369913130655062
"[0.23188986499214617, 0.6554304601452896, -0.8955003246030623, 0.5239241127381568]",29.23802394490702,2.3370541455469023
"[0.23188247381737112, 0.6554312293968915, -0.8955016478781503, 0.5239224137394749]",29.238073011082406,2.337116978028299
"[0.23187508188000205, 0.6554319988226424, -0.8955029713622388, 0.523920714377657]",29.238122078353157,2.337179810509696
"[0.23186768868514643, 0.6554327684739891, -0.8955042951439731, 0.5239190145389807]",29.238171145637683,2.337242642991092
"[0.23186029777100595, 0.6554335379826852, -0.8955056185897922, 0.5239173150368452]",29.238220214746466,2.337305475472489
"[0.23185290522267035, 0.6554343077562896, -0.8955069424007056, 0.5239156149710971]",29.23826928478909,2.3373683079538856
"[0.23184551235415546, 0.6554350776580004, -0.8955082663414337, 0.5239139146438595]",29.238318356089113,2.337431140435282
"[0.23183811816624691, 0.6554358477919231, -0.8955095905909377, 0.5239122138252313]",29.23836742790079,2.337493972916679
"[0.23183072532212964, 0.6554366178806742, -0.8955109146722553, 0.5239105131278015]",29.238416500526387,2.3375568053980755
"[0.23182333178068862, 0.6554373881368558, -0.8955122389509432, 0.5239088120820405]",29.23846557456358,2.337619637879472
"[0.23181593800527758, 0.6554381585122173, -0.8955135633440174, 0.5239071107945102]",29.23851464972275,2.3376824703608685
"[0.23180854403920645, 0.6554389290022531, -0.8955148878437237, 0.5239054092751565]",29.23856372634797,2.3377453028422654
"[0.2318011501410512, 0.6554396995800211, -0.8955162124037398, 0.5239037075834739]",29.23861280120372,2.337808135323662
"[0.23179375525074783, 0.6554404703560239, -0.8955175372139771, 0.5239020054754436]",29.238661879939308,2.3378709678050584
"[0.23178636030269292, 0.6554412412328778, -0.8955188621070492, 0.5239003031661075]",29.23871095957896,2.3379338002864554
"[0.23177896510156454, 0.6554420122309591, -0.8955201871179498, 0.5238986006104762]",29.23876003790011,2.337996632767852
"[0.23177157029151293, 0.6554427832831087, -0.8955215121312595, 0.5238968979568485]",29.23880912063638,2.3380594652492483
"[0.23176417462706922, 0.6554435545191999, -0.8955228373701464, 0.5238951949184337]",29.23885820054306,2.338122297730645
"[0.2317567786253434, 0.6554443258853305, -0.8955241627419613, 0.5238934916142601]",29.238907284531848,2.3381851302120418
"[0.2317493826381272, 0.6554450973448176, -0.8955254881836652, 0.5238917881253274]",29.238956368818254,2.3382479626934383
"[0.23174198594587903, 0.655445868972729, -0.8955268138242127, 0.5238900842858751]",29.23900545110514,2.3383107951748348
"[0.23173459010381248, 0.6554466406068236, -0.8955281393848713, 0.5238883804541477]",29.23905453722827,2.3383736276562317
"[0.231727191935515, 0.6554474125785376, -0.8955294654349684, 0.52388667589831]",29.23910362409636,2.3384364601376277
"[0.23171979507632118, 0.6554481845085481, -0.8955307913229175, 0.5238849714559201]",29.239152712510577,2.3384992926190247
"[0.23171239843352362, 0.6554489565108726, -0.8955321172445587, 0.5238832668752259]",29.239201801703842,2.338562125100421
"[0.23170499989117613, 0.6554497288063861, -0.895533443579218, 0.5238815616685355]",29.239250889972656,2.3386249575818177
"[0.2316976021910045, 0.655450501108916, -0.8955347698353975, 0.5238798564677125]",29.239299981640922,2.3386877900632146
"[0.2316902048627996, 0.6554512734675224, -0.8955360960973757, 0.5238781511644199]",29.239349072699362,2.338750622544611
"[0.2316828063707023, 0.6554520460425891, -0.8955374226405219, 0.5238764454045521]",29.23939816639703,2.3388134550260076
"[0.231675407078003, 0.6554528187962143, -0.8955387493997242, 0.5238747392717927]",29.239447259229294,2.338876287507404
"[0.2316680081486938, 0.6554535916068471, -0.8955400761662698, 0.5238730330345103]",29.239496354555435,2.338939119988801
"[0.23166060882053532, 0.6554543645541024, -0.8955414030768396, 0.5238713265169241]",29.239545450023815,2.3390019524701975
"[0.23165321024469315, 0.655455137517724, -0.8955427299249874, 0.5238696199845337]",29.239594545506183,2.339064784951594
"[0.23164581081344476, 0.6554559106656761, -0.8955440569990375, 0.5238679130665038]",29.23964364282194,2.339127617432991
"[0.2316384110086674, 0.6554566839476371, -0.8955453842125791, 0.5238662058739378]",29.239692740644813,2.3391904499143874
"[0.231631010473557, 0.6554574574009144, -0.8955467116296206, 0.5238644983244722]",29.239741838397308,2.339253282395784
"[0.23162361099805698, 0.6554582308384291, -0.8955480389290946, 0.5238627908311152]",29.239790939458455,2.3393161148771804
"[0.23161621038483557, 0.655459004489863, -0.8955493665051508, 0.5238610828868032]",29.239840042629474,2.3393789473585773
"[0.23160880967622458, 0.6554597782462874, -0.8955506941708209, 0.523859374732024]",29.239889145380644,2.339441779839974
"[0.2316014079773243, 0.6554605522012654, -0.8955520220866602, 0.5238576661602073]",29.239938248479035,2.3395046123213703
"[0.2315940068183392, 0.6554613261948002, -0.8955533499781441, 0.523855957524557]",29.2399873507466,2.3395674448027672
"[0.23158660524874936, 0.6554621003263166, -0.8955546780158018, 0.5238542486056061]",29.240036457330955,2.3396302772841633
"[0.23157920343569488, 0.6554628745783351, -0.8955560061696514, 0.5238525394419291]",29.240085564071766,2.33969310976556
"[0.23157180202193467, 0.6554636488836248, -0.8955573343243518, 0.5238508301819398]",29.240134671723396,2.3397559422469567
"[0.23156439913260868, 0.6554644234383308, -0.8955586628163521, 0.5238491203926388]",29.240183777631888,2.339818774728353
"[0.23155699711214398, 0.6554651979972019, -0.8955599912249331, 0.5238474106154338]",29.24023288867231,2.33988160720975
"[0.23154959386621507, 0.6554659727793548, -0.8955613199259606, 0.5238457003665975]",29.240281997634586,2.3399444396911466
"[0.23154219102178958, 0.6554667476145696, -0.8955626486274375, 0.523843990021904]",29.24033110703068,2.340007272172543
"[0.2315347871484973, 0.6554675226525682, -0.8955639775861005, 0.5238422792508577]",29.24038022283469,2.3400701046539396
"[0.2315273844038136, 0.6554682976675013, -0.895565306414688, 0.5238405685519777]",29.2404293341059,2.3401329371353365
"[0.23151998023820447, 0.6554690729262932, -0.895566635570854, 0.5238388573360762]",29.240478447895203,2.340195769616733
"[0.23151257554638202, 0.655469848335301, -0.8955679648940091, 0.5238371458098551]",29.240527563942944,2.3402586020981295
"[0.23150517156439063, 0.6554706237650861, -0.8955692941622462, 0.5238354342590158]",29.240576680118405,2.3403214345795265
"[0.2314977675735482, 0.6554713992909035, -0.8955706235045796, 0.523833722517446]",29.24062579477069,2.340384267060923
"[0.23149036226528494, 0.6554721750498449, -0.8955719531559696, 0.5238320102825585]",29.24067491373234,2.3404470995423194
"[0.23148295715073341, 0.6554729508836323, -0.8955732828450993, 0.5238302979037043]",29.240724033402817,2.340509932023716
"[0.23147555227825659, 0.655473726787189, -0.8955746125632751, 0.5238285853920803]",29.24077315343928,2.340572764505113
"[0.23146814722182044, 0.6554745028051568, -0.8955759423869947, 0.5238268726491544]",29.240822273611656,2.3406355969865094
"[0.23146074066488495, 0.6554752790755375, -0.8955772725527084, 0.523825159370349]",29.24087139533538,2.340698429467906
"[0.231453334271131, 0.6554760554239886, -0.8955786027616456, 0.5238234459404508]",29.240920516030315,2.340761261949303
"[0.2314459295012416, 0.6554768316973671, -0.8955799327514342, 0.5238217326974413]",29.240969641424506,2.340824094430699
"[0.23143852222086353, 0.6554776083291114, -0.8955812632646644, 0.5238200186847182]",29.241018767319396,2.3408869269120958
"[0.23143111507916328, 0.6554783850415119, -0.8955825938255169, 0.5238183045151894]",29.241067891735728,2.3409497593934923
"[0.23142370747579843, 0.655479161897547, -0.8955839245418317, 0.5238165900498807]",29.241117019771657,2.3410125918748887
"[0.2314163010092385, 0.6554799387295106, -0.8955852551264488, 0.5238148756588461]",29.241166147866988,2.3410754243562857
"[0.23140889267090586, 0.6554807158530318, -0.8955865861198649, 0.5238131606455785]",29.241215275276552,2.341138256837682
"[0.2314014851129572, 0.6554814929899015, -0.8955879170456034, 0.5238114456240286]",29.24126440502235,2.3412010893190787
"[0.2313940769320433, 0.6554822702873532, -0.8955892481557995, 0.5238097302692787]",29.241313536761247,2.341263921800475
"[0.23138666930457755, 0.6554830476219501, -0.8955905792390709, 0.5238080148537243]",29.24136266729025,2.341326754281872
"[0.2313792601914891, 0.6554838252076871, -0.8955919106618294, 0.5238062989051258]",29.241411798850752,2.341389586763269
"[0.23137185210536576, 0.6554846027808762, -0.8955932419725642, 0.523804583005377]",29.241460933075338,2.341452419244665
"[0.23136444322210967, 0.6554853805329776, -0.8955945734990772, 0.5238028667319732]",29.241510068516607,2.341515251726062
"[0.2313570327206087, 0.6554861585502342, -0.8955959053889703, 0.5238011498946066]",29.241559203168503,2.3415780842074585
"[0.23134962347373011, 0.6554869365310395, -0.8955972371259046, 0.5237994331588293]",29.241608338090813,2.341640916688855
"[0.2313422145521865, 0.6554877145729439, -0.8955985688768812, 0.5237977163093744]",29.241657477471307,2.341703749170252
"[0.23133480401253076, 0.6554884928800421, -0.8955999009912512, 0.5237959988958629]",29.241706615618988,2.3417665816516484
"[0.2313273935685447, 0.6554892712723898, -0.8956012331609635, 0.5237942813153819]",29.24175575614007,2.341829414133045
"[0.23131998354511754, 0.6554900497158475, -0.8956025653276005, 0.5237925636432528]",29.24180489587594,2.3418922466144414
"[0.23131257248156778, 0.6554908283638785, -0.8956038977537677, 0.5237908455408538]",29.241854036767656,2.3419550790958383
"[0.23130516056587924, 0.6554916071967678, -0.8956052304056914, 0.5237891270516885]",29.24190317788393,2.342017911577235
"[0.23129774951260892, 0.6554923860343599, -0.8956065629750914, 0.5237874085732724]",29.241952322008224,2.3420807440586313
"[0.2312903376818389, 0.6554931650489744, -0.8956078957568359, 0.5237856897253652]",29.242001466378497,2.3421435765400282
"[0.23128292615138876, 0.6554939441273547, -0.8956092285571144, 0.5237839707578745]",29.24205061161299,2.3422064090214243
"[0.23127551419538533, 0.6554947233458103, -0.8956105615064565, 0.5237822515024323]",29.24209975928,2.3422692415028212
"[0.23126810240737752, 0.6554955026419302, -0.8956118944981212, 0.5237805320967222]",29.242148905183086,2.3423320739842177
"[0.2312606895882373, 0.6554962821418387, -0.895613227747774, 0.5237788122624958]",29.242198054245335,2.342394906465614
"[0.2312532769150813, 0.6554970617217318, -0.895614561043716, 0.5237770922728662]",29.24224720247703,2.342457738947011
"[0.2312458639078256, 0.6554978414321404, -0.8956158944722927, 0.52377537201638]",29.24229635270882,2.3425205714284076
"[0.23123844959386516, 0.6554986213754058, -0.8956172282084714, 0.5237736512672552]",29.242345501919385,2.3425834039098046
"[0.2312310364128036, 0.6554994012948352, -0.895618561813407, 0.5237719305917569]",29.2423946542542,2.3426462363912006
"[0.23122362348500744, 0.6555001812830115, -0.8956198954453104, 0.5237702097856785]",29.242443809052027,2.3427090688725976
"[0.23121620923989294, 0.655500961505192, -0.8956212293867526, 0.523768488484412]",29.24249296062103,2.342771901353994
"[0.23120879412309608, 0.6555017419145232, -0.8956225635575855, 0.5237667667913292]",29.242542117841364,2.3428347338353905
"[0.23120138023390452, 0.6555025222900588, -0.8956238975800834, 0.5237650451938644]",29.2425912731598,2.3428975663167875
"[0.23119396565118044, 0.6555033028340054, -0.8956252317999152, 0.5237633232459212]",29.24264043140027,2.342960398798184
"[0.23118655068551114, 0.6555040835136893, -0.8956265661612038, 0.5237616010195826]",29.24268958667956,2.3430232312795805
"[0.23117913472708157, 0.6555048643933467, -0.8956279007737046, 0.5237598783731469]",29.242738746266262,2.343086063760977
"[0.23117171915869938, 0.6555056453273755, -0.8956292353885654, 0.5237581556278077]",29.242787905229974,2.343148896242374
"[0.23116430336711646, 0.6555064263803497, -0.8956305701161504, 0.523756432641106]",29.24283706754605,2.3432117287237704
"[0.23115688837973505, 0.6555072074440661, -0.8956319047715281, 0.5237547096517456]",29.24288623043765,2.343274561205167
"[0.23114947107326145, 0.6555079888475416, -0.8956332399168929, 0.5237529859339259]",29.2429353911638,2.343337393686564
"[0.2311420549034027, 0.6555087702267461, -0.8956345749302164, 0.5237512622906729]",29.2429845572793,2.34340022616796
"[0.23113463648284158, 0.6555095519385946, -0.895635910421275, 0.5237495379346696]",29.243033720206245,2.343463058649357
"[0.2311272201503515, 0.6555103335258968, -0.8956372456089846, 0.523747813874417]",29.243082884496182,2.3435258911307533
"[0.23111980305083754, 0.6555111152895193, -0.8956385810073351, 0.5237460894462429]",29.24313205146272,2.3435887236121498
"[0.23111238610899168, 0.6555118971320101, -0.8956399164498463, 0.5237443648651047]",29.243181220168974,2.3436515560935467
"[0.231104968009017, 0.6555126791920898, -0.8956412521734421, 0.5237426398250142]",29.243230388024497,2.343714388574943
"[0.23109754929578274, 0.6555134614123537, -0.8956425880800336, 0.5237409144525998]",29.243279558644332,2.34377722105634
"[0.23109013118765004, 0.655514243664341, -0.8956439239502235, 0.5237391890312094]",29.243328728309844,2.343840053537736
"[0.23108271274783543, 0.6555150260468531, -0.8956452599526991, 0.5237374633429315]",29.243377901345923,2.343902886019133
"[0.23107529406567706, 0.655515808550412, -0.8956465960713835, 0.5237357374086055]",29.243427071100562,2.3439657185005296
"[0.2310678751768834, 0.65551659117133, -0.8956479322998397, 0.5237340112364297]",29.24347624607283,2.344028550981926
"[0.23106045500274838, 0.6555173740234066, -0.8956492688323768, 0.5237322845753857]",29.24352541984894,2.344091383463323
"[0.231053035991429, 0.6555181568483663, -0.8956506052280249, 0.5237305579951328]",29.243574596462302,2.3441542159447195
"[0.23104561612939198, 0.6555189398586361, -0.8956519418494783, 0.5237288310271165]",29.243623773149483,2.344217048426116
"[0.23103819540356868, 0.655519723055657, -0.8956532786991098, 0.5237271036681881]",29.24367294945476,2.3442798809075125
"[0.2310307751874744, 0.6555205062944747, -0.8956546155294807, 0.5237253762380478]",29.243722125783837,2.3443427133889094
"[0.23102335487936337, 0.6555212896385688, -0.8956559524489943, 0.5237236485966575]",29.24377130508586,2.344405545870306
"[0.23101593339600046, 0.6555220732023502, -0.8956572896528288, 0.5237219204917192]",29.243820486979835,2.3444683783517024
"[0.23100851282925702, 0.6555228567649498, -0.8956586267640718, 0.523720192410331]",29.243869668120972,2.3445312108330993
"[0.2310010912438727, 0.6555236405307255, -0.8956599641314344, 0.5237184639018005]",29.24391884915894,2.3445940433144954
"[0.2309936693778221, 0.6555244244217683, -0.8956613016219496, 0.5237167351379493]",29.243968032262316,2.3446568757958923
"[0.2309862482361789, 0.6555252083319293, -0.8956626390544793, 0.5237150063528815]",29.24401721603309,2.344719708277289
"[0.23097882568011502, 0.6555259924871072, -0.8956639768144941, 0.5237132770483733]",29.244066400187744,2.3447825407586858
"[0.23097140345349856, 0.6555267767031403, -0.8956653145877056, 0.5237115476306038]",29.24411558824294,2.3448453732400822
"[0.23096398041382118, 0.6555275611007307, -0.8956666525800419, 0.523709817833367]",29.244164774243796,2.3449082057214787
"[0.2309565577758609, 0.6555283455515319, -0.8956679905725423, 0.5237080879397099]",29.244213963485098,2.3449710382028757
"[0.2309491350019925, 0.6555291301123543, -0.895669328662111, 0.5237063578243445]",29.244263150472367,2.3450338706842717
"[0.23094171189084303, 0.6555299148044794, -0.8956706668850528, 0.5237046274403268]",29.24431234077779,2.3450967031656687
"[0.2309342873103199, 0.6555306997476334, -0.8956720054454801, 0.5237028965236608]",29.244361532880554,2.3451595356470656
"[0.230926863543668, 0.6555314847004341, -0.8956733439317568, 0.5237011656066239]",29.2444107265713,2.3452223681284616
"[0.2309194393666776, 0.6555322697923162, -0.8956746825645961, 0.523699434403792]",29.24445991759533,2.3452852006098586
"[0.2309120150333518, 0.6555330549964317, -0.8956760212982032, 0.5236977029743666]",29.2445091129579,2.345348033091255
"[0.23090459111002798, 0.6555338402528786, -0.8956773600304495, 0.5236959714504297]",29.244558305552445,2.3454108655726515
"[0.23089716532775056, 0.6555346258016922, -0.8956786991705054, 0.5236942393027066]",29.244607501627605,2.3454736980540485
"[0.23088974064582748, 0.6555354113298073, -0.8956800381847088, 0.5236925072214859]",29.24465669884727,2.345536530535445
"[0.23088231462168243, 0.6555361970956777, -0.895681377513566, 0.5236907746369016]",29.244705895922102,2.3455993630168415
"[0.23087488934286207, 0.655536982878419, -0.8956827167805806, 0.5236890420359869]",29.244755096400652,2.345662195498238
"[0.23086746354947732, 0.6555377688113562, -0.8956840562129865, 0.5236873091247647]",29.2448042944634,2.345725027979635
"[0.23086003711355726, 0.6555385549080566, -0.8956853958338791, 0.5236855758733215]",29.24485349577986,2.3457878604610314
"[0.23085261083858105, 0.6555393410834813, -0.8956867354983252, 0.5236838424691571]",29.24490269569796,2.345850692942428
"[0.2308451838850025, 0.6555401274265231, -0.8956880753577781, 0.5236821087162788]",29.24495190014819,2.345913525423825
"[0.23083775824639904, 0.6555409137260853, -0.8956894150525743, 0.5236803750801018]",29.24500110196805,2.3459763579052213
"[0.23083032993892405, 0.6555417004040601, -0.8956907553014728, 0.5236786406304544]",29.245050308537206,2.346039190386618
"[0.2308229027403465, 0.6555424870603914, -0.8956920954228902, 0.5236769062493644]",29.24509951159048,2.3461020228680143
"[0.23081547472946273, 0.6555432738985518, -0.8956934357634709, 0.5236751714882127]",29.24514871948797,2.346164855349411
"[0.23080804619401013, 0.6555440608881069, -0.8956947762713081, 0.5236734364141191]",29.245197925973816,2.3462276878308077
"[0.2308006175940409, 0.6555448479803243, -0.8956961168633878, 0.5236717011345172]",29.24524713365192,2.346290520312204
"[0.23079319016635794, 0.6555456350441327, -0.8956974573164929, 0.5236699659383617]",29.24529634437262,2.346353352793601
"[0.23078576150615665, 0.6555464223343719, -0.8956987980646222, 0.5236682302638265]",29.24534555410922,2.346416185274997
"[0.23077833211051052, 0.6555472097983979, -0.8957001390180882, 0.5236664942269721]",29.245394765172076,2.346479017756394
"[0.23077090358859395, 0.6555479972656524, -0.8957014798864382, 0.5236647582038116]",29.24544397760639,2.3465418502377906
"[0.2307634737743887, 0.6555487849657421, -0.8957028210606491, 0.5236630216881479]",29.245493190943392,2.346604682719187
"[0.23075604443031336, 0.6555495727118473, -0.8957041622225882, 0.5236612850918443]",29.24554240398501,2.346667515200584
"[0.230748614350462, 0.6555503606318365, -0.8957055035899483, 0.5236595481330104]",29.245591620127357,2.3467303476819805
"[0.23074118372857808, 0.6555511487051846, -0.8957068451277677, 0.5236578108568897]",29.245640836121176,2.346793180163377
"[0.2307337525774103, 0.6555519369305706, -0.8957081868337554, 0.5236560732664047]",29.24569005205267,2.3468560126447735
"[0.2307263223112765, 0.6555527251579567, -0.8957095284525459, 0.5236543356922849]",29.245739270702277,2.3469188451261704
"[0.23071889131357365, 0.6555535135588438, -0.8957108702760284, 0.5236525977564771]",29.245788489880823,2.346981677607567
"[0.2307114600771171, 0.6555543020809674, -0.8957122122152236, 0.5236508595741944]",29.245837708615817,2.3470445100889634
"[0.2307040280801134, 0.6555550907797145, -0.8957135543643696, 0.5236491210233443]",29.24588692952605,2.3471073425703604
"[0.2306965967346621, 0.6555558795052316, -0.8957148964684503, 0.5236473824342496]",29.245936154088746,2.347170175051757
"[0.23068916480494778, 0.655556668388681, -0.8957162387506504, 0.523645643517784]",29.2459853755066,2.3472330075331533
"[0.23068173281398105, 0.6555574573745644, -0.8957175811165139, 0.523643904396286]",29.24603460019941,2.34729584001455
"[0.23067430089124283, 0.6555582464491261, -0.8957189235426495, 0.5236421651000622]",29.246083825180854,2.3473586724959468
"[0.23066686698206063, 0.6555590358305668, -0.8957202664002163, 0.5236404251481649]",29.246133049464827,2.3474215049773433
"[0.23065943402336994, 0.6555598252070646, -0.8957216091586958, 0.5236386852279319]",29.246182277482305,2.3474843374587397
"[0.23065200049212095, 0.6555606147402885, -0.895722952093224, 0.5236369449829427]",29.246231504724232,2.3475471699401367
"[0.23064456724027876, 0.6555614043398305, -0.895724295049878, 0.5236352046125394]",29.24628073286836,2.3476100024215327
"[0.2306371334730848, 0.6555621940900943, -0.8957256381722477, 0.5236334639306599]",29.246329961778784,2.3476728349029297
"[0.23062969910372555, 0.6555629840003124, -0.8957269814760322, 0.5236317229169439]",29.246379193209886,2.347735667384326
"[0.23062226515847634, 0.6555637739614657, -0.8957283247757915, 0.523629981811693]",29.246428424644233,2.3477984998657226
"[0.23061482985399837, 0.6555645641630775, -0.8957296683937819, 0.5236282401971899]",29.246477656671175,2.3478613323471196
"[0.23060739564404845, 0.6555653543443533, -0.8957310118865912, 0.5236264986482058]",29.246526891374636,2.347924164828516
"[0.2305999602607758, 0.6555661447463736, -0.8957323556640552, 0.5236247566334264]",29.246576124705204,2.3479869973099126
"[0.23059252552549872, 0.6555669351755162, -0.8957336993970164, 0.5236230145795657]",29.24662536152164,2.348049829791309
"[0.23058508920688975, 0.6555677258690367, -0.8957350434887682, 0.5236212719637388]",29.24667459768543,2.348112662272706
"[0.23057765387055537, 0.6555685165541505, -0.8957363874755885, 0.5236195293871382]",29.24672383384939,2.3481754947541025
"[0.23057021718159748, 0.6555693074791595, -0.8957377317795283, 0.5236177863025302]",29.246773070225935,2.348238327235499
"[0.23056278124759624, 0.6555700984199256, -0.8957390760196116, 0.5236160432038832]",29.246822311843278,2.348301159716896
"[0.2305553445331749, 0.6555708895397655, -0.8957404204733946, 0.5236142997312728]",29.246871551215754,2.3483639921982924
"[0.23054790836028474, 0.655571680698055, -0.8957417649018863, 0.5236125561946043]",29.246920795060873,2.348426824679689
"[0.23054047045434267, 0.6555724721368169, -0.8957431097163352, 0.523610812060514]",29.246970035120214,2.3484896571610854
"[0.23053303327226699, 0.6555732635946584, -0.8957444544725247, 0.5236090679050646]",29.24701928087093,2.3485524896424823
"[0.2305255958224072, 0.655574055177063, -0.8957457993497551, 0.5236073234957569]",29.247068523264993,2.348615322123879
"[0.23051815841008066, 0.655574846851559, -0.895747144292813, 0.523605578904164]",29.24711776986484,2.3486781546052753
"[0.2305107194952898, 0.6555756387821162, -0.8957484895802008, 0.523603833768968]",29.247167013909994,2.3487409870866722
"[0.23050328144056662, 0.6555764307172225, -0.8957498347846727, 0.5236020886443974]",29.247216261146747,2.3488038195680683
"[0.2304958425897578, 0.655577222833224, -0.8957511802057455, 0.5236003431418628]",29.247265511292674,2.348866652049465
"[0.2304884040635807, 0.6555780150108064, -0.8957525256407233, 0.5235985975242957]",29.247314757539943,2.3489294845308617
"[0.23048096405177934, 0.6555788074426808, -0.8957538714170559, 0.5235968513669523]",29.247364007372816,2.348992317012258
"[0.23047352491844925, 0.6555795998771767, -0.895755217107111, 0.5235951052245085]",29.247413258508836,2.349055149493655
"[0.23046608476991098, 0.655580392515975, -0.8957565630534446, 0.5235933586525146]",29.247462510484834,2.3491179819750516
"[0.230458644731942, 0.6555811852391609, -0.8957579090524083, 0.5235916119152032]",29.247511763052756,2.349180814456448
"[0.2304512054084531, 0.6555819779823719, -0.8957592549947312, 0.5235898651543872]",29.247561017959292,2.3492436469378446
"[0.23044376441433848, 0.6555827709997886, -0.8957606013119428, 0.5235881178099969]",29.247610273506524,2.3493064794192415
"[0.2304363239608181, 0.655583564055775, -0.8957619476039734, 0.523586370401237]",29.24765952724024,2.3493693119006385
"[0.2304288837503016, 0.6555843571820348, -0.895763293924655, 0.5235846228582446]",29.247708785598963,2.3494321443820345
"[0.23042144059985986, 0.6555851507179217, -0.8957646408499795, 0.5235828744333093]",29.24775804234887,2.3494949768634315
"[0.23041399968416654, 0.6555859441117661, -0.895765987443535, 0.523581126341946]",29.247807300403498,2.349557809344828
"[0.2304065585610815, 0.6555867376239201, -0.895767334147246, 0.5235793780105026]",29.247856560216903,2.3496206418262244
"[0.2303991161492139, 0.6555875313697352, -0.8957686811568414, 0.5235776291848326]",29.247905820713324,2.3496834743076214
"[0.2303916743603736, 0.6555883251453418, -0.8957700281263052, 0.5235758803141274]",29.247955083107573,2.349746306789018
"[0.23038423110287837, 0.6555891191738217, -0.8957713754342445, 0.5235741309068443]",29.248004344650774,2.3498091392704143
"[0.23037678962805044, 0.6555899131083706, -0.8957727224921239, 0.5235723817271009]",29.24805360938202,2.349871971751811
"[0.23036934646410825, 0.6555907073193779, -0.8957740699284023, 0.5235706319588447]",29.248102873830792,2.3499348042332078
"[0.23036190202929036, 0.6555915017622768, -0.8957754176674045, 0.5235688817002749]",29.24815213793884,2.3499976367146043
"[0.23035445967737736, 0.655592296079147, -0.895776765101947, 0.5235671317399259]",29.248201403550276,2.3500604691960008
"[0.2303470151381658, 0.6555930907257489, -0.8957781130051455, 0.5235653810737106]",29.248250670965646,2.3501233016773977
"[0.23033957109424297, 0.6555938854157688, -0.8957794608913129, 0.5235636303324017]",29.2482999409215,2.3501861341587937
"[0.2303321272298974, 0.6555946801829007, -0.8957808088176011, 0.523561879441765]",29.248349208502145,2.3502489666401907
"[0.23032468263948933, 0.655595475123849, -0.895782156948006, 0.5235601281887577]",29.24839848155351,2.350311799121587
"[0.23031723827886152, 0.6555962701365584, -0.8957835051094377, 0.5235583767982057]",29.248447751339604,2.350374631602984
"[0.2303097927462736, 0.6555970653707598, -0.8957848535557579, 0.5235566249402704]",29.248497023396993,2.3504374640843806
"[0.2303023472889391, 0.6555978606932212, -0.8957862020611025, 0.5235548729084152]",29.24854629521764,2.350500296565777
"[0.230294902094654, 0.6555986560839198, -0.895787550591444, 0.5235531207467846]",29.248595570275207,2.350563129047174
"[0.23028745542145332, 0.6555994517289679, -0.8957888994623159, 0.5235513680453842]",29.248644845460237,2.35062596152857
"[0.23028000995271303, 0.6556002473416565, -0.8957902481876586, 0.5235496154357867]",29.24869412237242,2.350688794009967
"[0.23027256348173875, 0.6556010431578042, -0.8957915971671996, 0.5235478623985328]",29.248743398404002,2.3507516264913635
"[0.2302651170520497, 0.6556018390658758, -0.8957929462119113, 0.5235461091792842]",29.248792674540567,2.35081445897276
"[0.2302576694871036, 0.6556026351916782, -0.8957942955349529, 0.5235443555009454]",29.24884195734682,2.350877291454157
"[0.23025022306046264, 0.6556034312921674, -0.8957956447244049, 0.523542601898875]",29.248891235939208,2.3509401239355534
"[0.23024277521393785, 0.6556042276408363, -0.8957969942437768, 0.523540847770627]",29.248940517826266,2.35100295641695
"[0.2302353275578047, 0.655605024065545, -0.8957983438013052, 0.5235390934953897]",29.24898979586834,2.3510657888983464
"[0.23022787954060817, 0.6556058206252635, -0.8957996934969165, 0.523537338943263]",29.24903908085694,2.3511286213797433
"[0.23022043205407605, 0.6556066172246202, -0.8958010431690088, 0.5235355843243149]",29.249088364569076,2.35119145386114
"[0.23021298306466292, 0.6556074140811475, -0.8958023931861213, 0.5235338291594015]",29.24913764795868,2.3512542863425363
"[0.2302055351439937, 0.6556082109197573, -0.8958037430821885, 0.5235320740544354]",29.249186935108828,2.3513171188239332
"[0.23019808510399944, 0.6556090080815518, -0.8958050934350418, 0.5235303182581067]",29.2492362204543,2.3513799513053293
"[0.23019063628261086, 0.6556098052093902, -0.8958064436396754, 0.5235285625570433]",29.249285508937156,2.351442783786726
"[0.23018318738569218, 0.6556106024417423, -0.8958077939306489, 0.523526806646252]",29.249334798314962,2.3515056162681227
"[0.23017573719443538, 0.6556113999090798, -0.8958091445289164, 0.5235250502383696]",29.249384085961463,2.3515684487495196
"[0.23016828712696136, 0.6556121974596326, -0.8958104951774082, 0.5235232936676706]",29.24943337491389,2.351631281230916
"[0.23016083672998133, 0.6556129951419295, -0.8958118459583012, 0.5235215368272679]",29.249482668695894,2.3516941137123126
"[0.2301533869191565, 0.6556137928579306, -0.895813196705576, 0.5235197799330832]",29.249531960692057,2.3517569461937096
"[0.23014593606076872, 0.6556145907825894, -0.8958145477154479, 0.5235180225998037]",29.249581254974224,2.3518197786751056
"[0.23013848486459257, 0.6556153888399052, -0.8958158988592375, 0.5235162649947975]",29.24963054669891,2.3518826111565025
"[0.23013103380067418, 0.6556161869795557, -0.8958172500517054, 0.5235145072289059]",29.24967984517809,2.351945443637899
"[0.23012358186481602, 0.6556169853091214, -0.8958186014749633, 0.5235127490651985]",29.249729140389,2.3520082761192955
"[0.2301161306777781, 0.6556177836549626, -0.8958199528350814, 0.5235109908860711]",29.24977843933189,2.3520711086006925
"[0.23010867832889007, 0.655618582221814, -0.8958213044785831, 0.5235092322406479]",29.249827734739334,2.352133941082089
"[0.2301012257515273, 0.6556193809096856, -0.8958226562361964, 0.5235074733491345]",29.24987703371234,2.3521967735634854
"[0.23009377357651978, 0.6556201796509634, -0.8958240079934949, 0.5235057143604228]",29.249926335058884,2.352259606044882
"[0.23008632076341748, 0.655620978557177, -0.8958253599392055, 0.5235039550289049]",29.24997563541682,2.352322438526279
"[0.23007886700316535, 0.6556217776614832, -0.8958267121294101, 0.5235021952815636]",29.250024937171183,2.3523852710076754
"[0.2300714146195331, 0.6556225767147508, -0.8958280641425417, 0.5235004356670216]",29.25007423952453,2.352448103489072
"[0.23006396052625827, 0.6556233760478974, -0.895829416538511, 0.5234986754565524]",29.25012354475177,2.352510935970469
"[0.2300565069883818, 0.6556241754180624, -0.8958307689063855, 0.5234969151849667]",29.250172849776177,2.3525737684518653
"[0.23004905337074338, 0.6556249748933426, -0.895832121361397, 0.5234951547022909]",29.250222155668073,2.3526366009332618
"[0.23004159782468706, 0.6556257746720858, -0.8958334742390064, 0.5234933935717796]",29.250271462328246,2.3526994334146583
"[0.23003414387784832, 0.6556265743758543, -0.8958348268990959, 0.5234916326267341]",29.250320771367722,2.352762265896055
"[0.2300266883330477, 0.6556273743476891, -0.8958361799218459, 0.5234898711118031]",29.25037007892194,2.3528250983774517
"[0.230019233768844, 0.6556281743108981, -0.8958375328393119, 0.5234881096362263]",29.250419389318367,2.352887930858848
"[0.23001177876138593, 0.6556289744182949, -0.8958388859098904, 0.5234863478635376]",29.2504687005369,2.352950763340245
"[0.23000432303615176, 0.6556297746993434, -0.8958402391834226, 0.5234845857288392]",29.250518009237886,2.353013595821641
"[0.22999686736048272, 0.6556305750717087, -0.8958415925206328, 0.5234828234134381]",29.250567322358602,2.353076428303038
"[0.22998940998623418, 0.6556313757231013, -0.8958429462388603, 0.5234810605040364]",29.250616635232692,2.3531392607844346
"[0.22998195429139662, 0.6556321762907923, -0.8958442997249072, 0.5234792977992498]",29.25066595079938,2.353202093265831
"[0.22997449772151038, 0.6556329770491139, -0.8958456534424822, 0.5234775346950964]",29.250715267164527,2.353264925747228
"[0.22996704026444467, 0.655633777999391, -0.8958470073938101, 0.5234757711886501]",29.25076458315861,2.3533277582286245
"[0.22995958408688527, 0.655634578908891, -0.8958483611855064, 0.5234740077923125]",29.250813901096418,2.353390590710021
"[0.22995212645751587, 0.6556353800710225, -0.8958497153134831, 0.5234722438600885]",29.250863219008263,2.3534534231914175
"[0.2299446683794734, 0.6556361813780524, -0.8958510695956183, 0.523470479629175]",29.25091253547207,2.3535162556728144
"[0.2299372095543091, 0.6556369828620774, -0.8958524240861191, 0.5234687150289128]",29.25096185883497,2.353579088154211
"[0.22992975171391142, 0.6556377843369715, -0.8958537784704758, 0.523466950469063]",29.251011178887936,2.3536419206356074
"[0.22992229319434454, 0.6556385859815793, -0.8958551330508571, 0.523465185555899]",29.251060501658454,2.3537047531170043
"[0.22991483410160046, 0.6556393877845104, -0.8958564878080286, 0.5234634203144773]",29.251109823161595,2.353767585598401
"[0.22990737537127057, 0.6556401896452074, -0.8958578425720634, 0.5234616549661886]",29.25115914792041,2.3538304180797973
"[0.2298999167494748, 0.6556409915909618, -0.8958591973890616, 0.5234598894509496]",29.251208471756325,2.3538932505611943
"[0.2298924568713348, 0.6556417937685453, -0.8958605525069595, 0.5234581234456357]",29.251257800586053,2.3539560830425907
"[0.2298849972585556, 0.6556425960143423, -0.8958619076493431, 0.5234563573104466]",29.251307126597943,2.3540189155239872
"[0.2298775369920355, 0.6556433984272043, -0.8958632629831816, 0.5234545908277579]",29.251356454150073,2.3540817480053837
"[0.22987007627574557, 0.6556442009852218, -0.8958646184714304, 0.5234528240458106]",29.251405782835892,2.3541445804867807
"[0.22986261610400283, 0.655645003581431, -0.8958659739334331, 0.5234510572000727]",29.251455113214327,2.354207412968177
"[0.22985515552600955, 0.6556458063181204, -0.8958673295419365, 0.5234492900653598]",29.25150444357418,2.3542702454495736
"[0.22984769453372694, 0.6556466091961735, -0.8958686852984091, 0.5234475226397294]",29.251553777557994,2.3543330779309706
"[0.22984023225977104, 0.6556474123089624, -0.8958700413604866, 0.5234457547176373]",29.251603106517067,2.3543959104123666
"[0.2298327704310198, 0.655648215470651, -0.8958713974143642, 0.5234439867081716]",29.251652441609455,2.3544587428937636
"[0.2298253090892369, 0.6556490186767384, -0.8958727534524331, 0.5234422186212432]",29.251701777326534,2.35452157537516
"[0.22981784712095138, 0.6556498220470666, -0.8958741096770582, 0.5234404501930182]",29.25175111293691,2.3545844078565565
"[0.22981038503420248, 0.6556506255269772, -0.8958754659959071, 0.5234386815438362]",29.25180044803824,2.3546472403379535
"[0.22980292185540135, 0.6556514292213191, -0.8958768225859529, 0.5234369124428944]",29.251849786843614,2.35471007281935
"[0.22979545889582062, 0.6556522329889035, -0.895878179208855, 0.5234351432009811]",29.251899124604783,2.3547729053007465
"[0.22978799581435672, 0.6556530368664644, -0.8958795359266128, 0.5234333737372326]",29.25194846487007,2.354835737782143
"[0.22978053268786763, 0.655653840845729, -0.8958808927252524, 0.523431604069857]",29.251997804211562,2.35489857026354
"[0.2297730690980784, 0.6556546449717663, -0.8958822496808193, 0.5234298340996494]",29.25204714562608,2.3549614027449364
"[0.22976560483076686, 0.6556554492676815, -0.8958836068322741, 0.5234280637757558]",29.252096487637914,2.355024235226333
"[0.22975814102954137, 0.6556562536102511, -0.8958849639716845, 0.523426293369397]",29.25214583149763,2.35508706770773
"[0.22975067580604783, 0.6556570582029948, -0.8958863214424191, 0.5234245224326157]",29.252195175910487,2.3551499001891263
"[0.22974321176096135, 0.655657862765622, -0.8958876787715719, 0.5234227515823398]",29.252244522241543,2.355212732670523
"[0.22973574621860082, 0.6556586675865769, -0.8958890364457116, 0.5234209801837182]",29.25229386849914,2.3552755651519193
"[0.22972828145926702, 0.6556594724199836, -0.8958903940501576, 0.5234192087778596]",29.252343216179153,2.355338397633316
"[0.22972081515403214, 0.6556602775170197, -0.8958917520084694, 0.5234174368119913]",29.2523925637118,2.3554012301147127
"[0.22971334985707745, 0.6556610826022589, -0.8958931098561026, 0.5234156648922893]",29.252441910602368,2.355464062596109
"[0.22970588370907596, 0.6556618878762152, -0.8958944679312396, 0.5234138925774362]",29.25249126204856,2.355526895077506
"[0.22969841722743647, 0.6556626932831258, -0.8958958261397758, 0.5234121199901793]",29.25254061205181,2.355589727558902
"[0.22969095149553045, 0.6556634987060607, -0.8958971842846344, 0.5234103473878031]",29.252589964572707,2.355652560040299
"[0.2296834847093666, 0.6556643043397059, -0.8958985426939857, 0.523408574341891]",29.252639317015127,2.3557153925216956
"[0.229676017541936, 0.6556651101114597, -0.8958999012454131, 0.5234068010122112]",29.252688670403153,2.355778225003092
"[0.22966854968022948, 0.655665916055118, -0.8959012599958764, 0.5234050273243842]",29.252738025753498,2.355841057484489
"[0.22966108257474988, 0.6556667220141417, -0.8959026186814565, 0.5234032536229136]",29.252787382364353,2.3559038899658855
"[0.22965361404310541, 0.6556675282241002, -0.8959039776992584, 0.5234014793893733]",29.25283673786472,2.3559667224472824
"[0.22964614568127362, 0.6556683345127388, -0.8959053367588827, 0.5233997050028492]",29.25288609538728,2.3560295549286785
"[0.22963867764801593, 0.6556691408629034, -0.8959066958314271, 0.5233979305010809]",29.252935455013585,2.3560923874100754
"[0.22963120950243338, 0.6556699473222081, -0.8959080549971208, 0.5233961557792942]",29.252984813132187,2.356155219891472
"[0.22962374015176376, 0.6556707540086559, -0.8959094144548577, 0.5233943805777835]",29.25303417417327,2.3562180523728684
"[0.22961627226768766, 0.6556715606337323, -0.8959107737183694, 0.5233926055314803]",29.253083536796094,2.3562808848542653
"[0.22960880120969052, 0.655672367698705, -0.8959121336323169, 0.5233908295373066]",29.253132899988042,2.356343717335662
"[0.22960133227853052, 0.6556731746309464, -0.8959134932318478, 0.5233890538553341]",29.25318226311211,2.3564065498170583
"[0.2295938628050322, 0.6556739817188318, -0.8959148530028126, 0.5233872778510028]",29.253231626939677,2.356469382298455
"[0.2295863919772531, 0.6556747890501208, -0.8959162130930439, 0.5233855013311928]",29.25328099154128,2.3565322147798518
"[0.22957892120334727, 0.6556755964726662, -0.8959175732461981, 0.5233837246307004]",29.253330358105273,2.3565950472612482
"[0.22957145010282318, 0.6556764040275997, -0.8959189335315477, 0.5233819476590187]",29.253379724283278,2.3566578797426447
"[0.22956397899326625, 0.6556772116805998, -0.8959202938912701, 0.5233801704916661]",29.253429092487554,2.3567207122240417
"[0.22955650879763434, 0.6556780193318755, -0.8959216541572924, 0.523378393348218]",29.253478462213856,2.3567835447054377
"[0.2295490374576747, 0.6556788272039628, -0.8959230147044066, 0.5233766157390068]",29.253527832139884,2.3568463771868347
"[0.22954156483348545, 0.6556796353120401, -0.8959243755581193, 0.5233748376306433]",29.253577202110417,2.356909209668231
"[0.22953409350921838, 0.6556804433766448, -0.8959257362478222, 0.5233730596380292]",29.25362657606614,2.3569720421496276
"[0.22952662051802633, 0.655681251718676, -0.895927097313843, 0.523371281055095]",29.25367594845064,2.3570348746310246
"[0.22951914785355743, 0.6556820601224971, -0.8959284583930919, 0.5233695023562915]",29.25372532224278,2.357097707112421
"[0.229511675118927, 0.6556828686310545, -0.8959298195578486, 0.523367723447135]",29.253774696914824,2.357160539593818
"[0.2295042024001888, 0.6556836772350284, -0.8959311807924351, 0.5233659443481185]",29.253824073303626,2.357223372075214
"[0.22949672892021772, 0.6556844860185315, -0.8959325422384198, 0.5233641648741812]",29.25387344961092,2.357286204556611
"[0.22948925533519507, 0.655685294910568, -0.8959339037762742, 0.5233623851815266]",29.253922828824834,2.3573490370380075
"[0.22948178140288752, 0.6556861039373646, -0.8959352654501312, 0.5233606052124489]",29.253972206317535,2.357411869519404
"[0.22947430687118753, 0.6556869131262317, -0.8959366273059305, 0.5233588249068643]",29.254021585828607,2.357474702000801
"[0.22946683351530378, 0.6556877222849792, -0.8959379890202177, 0.5233570446876089]",29.2540709668177,2.3575375344821974
"[0.22945935741896534, 0.6556885318376517, -0.8959393513065932, 0.5233552636217403]",29.254120347456233,2.357600366963594
"[0.22945188334392103, 0.6556893412686476, -0.8959407132973806, 0.5233534828436257]",29.254169730332432,2.3576631994449904
"[0.22944440884900588, 0.6556901508423074, -0.8959420754374037, 0.5233517017716915]",29.254219114603643,2.3577260319263873
"[0.22943693206078153, 0.6556909607615984, -0.8959434380681092, 0.5233499199594147]",29.25426849920768,2.357788864407784
"[0.22942945717109617, 0.6556917705724514, -0.895944800425543, 0.5233481384057411]",29.254317885539656,2.3578516968891803
"[0.2294219808723343, 0.6556925806332029, -0.8959461631125316, 0.523346356322345]",29.254367270445897,2.357914529370577
"[0.22941450395931876, 0.6556933908577524, -0.8959475259842309, 0.5233445738986264]",29.254416657054747,2.3579773618519733
"[0.2294070286150107, 0.6556942010095518, -0.8959488886427178, 0.5233427916549853]",29.25446604643245,2.35804019433337
"[0.22939955184173852, 0.6556950114134663, -0.8959502516344223, 0.5233410088767411]",29.25451543589325,2.358103026814767
"[0.2293920740212708, 0.6556958220281697, -0.895951614889781, 0.5233392256548162]",29.25456482758289,2.3581658592961636
"[0.22938459744162878, 0.6556966326056286, -0.8959529779916662, 0.5233374425348374]",29.254614216054684,2.35822869177756
"[0.22937711904629565, 0.6556974434772326, -0.8959543414973339, 0.5233356587878113]",29.254663608398328,2.3582915242589566
"[0.22936964054469852, 0.6556982544576649, -0.8959557050951356, 0.5233338748213957]",29.254712999537468,2.3583543567403535
"[0.2293621635806642, 0.655699065368644, -0.895957068485317, 0.5233320910277637]",29.25476239623948,2.35841718922175
"[0.22935468526362593, 0.6556998765236594, -0.8959584321949537, 0.5233303067173128]",29.254811790937303,2.3584800217031465
"[0.22934720636919198, 0.6557006878386229, -0.8959597960826324, 0.5233285220750188]",29.254861187311146,2.3585428541845435
"[0.22933972741290698, 0.6557014992576218, -0.895961160054341, 0.5233267372238726]",29.254910581874924,2.3586056866659395
"[0.2293322484708735, 0.6557023107723999, -0.8959625240961974, 0.5233249521820305]",29.254959981674606,2.3586685191473364
"[0.22932476918212938, 0.6557031224221327, -0.8959638882740354, 0.523323166863319]",29.25500938033996,2.358731351628733
"[0.22931728897891485, 0.6557039342684594, -0.8959652526914247, 0.5233213811321586]",29.25505877882584,2.3587941841101294
"[0.2293098095558209, 0.6557047461274642, -0.8959666170392641, 0.5233195953930855]",29.255108182151375,2.3588570165915264
"[0.22930233009000037, 0.6557055580884493, -0.8959679814676363, 0.5233178094496658]",29.255157583973975,2.358919849072923
"[0.22929484872676, 0.6557063703527983, -0.8959693463149045, 0.5233160228589543]",29.255206984433308,2.3589826815543193
"[0.22928736829635765, 0.6557071826132533, -0.8959707110647451, 0.5233142362967783]",29.255256387525638,2.359045514035716
"[0.22927988707658045, 0.6557079950568052, -0.8959720760313585, 0.5233124493518361]",29.255305790956157,2.3591083465171128
"[0.2292724058335293, 0.655708807600268, -0.8959734410749757, 0.5233106622070878]",29.25535519976503,2.3591711789985093
"[0.22926492487831995, 0.6557096202098618, -0.8959748061388202, 0.523308874936839]",29.255404603728874,2.3592340114799057
"[0.22925744171384238, 0.6557104331568706, -0.8959761716785677, 0.5233070869444276]",29.255454009888577,2.3592968439613027
"[0.22924996045675944, 0.6557112459940783, -0.8959775369430041, 0.5233052992134541]",29.255503418973294,2.359359676442699
"[0.2292424784658656, 0.6557120590084251, -0.8959789024141044, 0.5233035111128186]",29.25555283032286,2.3594225089240957
"[0.2292349958850353, 0.6557128721843056, -0.8959802680656271, 0.5233017226768467]",29.25560224064445,2.359485341405492
"[0.22922751260374777, 0.655713685533761, -0.895981633917757, 0.5232999338790615]",29.25565164885248,2.359548173886889
"[0.22922002947396147, 0.6557144989641994, -0.895982999814998, 0.5232981449230941]",29.25570106184829,2.3596110063682856
"[0.22921254600977686, 0.6557153125284481, -0.8959843658460405, 0.5232963556927646]",29.255750475296995,2.359673838849682
"[0.2292050633091909, 0.655716126107128, -0.8959857318104447, 0.5232945664506096]",29.255799887901237,2.359736671331079
"[0.22919757864206738, 0.6557169399971069, -0.8959870982066096, 0.5232927765437526]",29.25584930634642,2.359799503812475
"[0.22919009500175686, 0.6557177538729042, -0.895988464488081, 0.5232909866879915]",29.255898721304643,2.359862336293872
"[0.22918261066027712, 0.6557185679224687, -0.8959898309703214, 0.5232891964700164]",29.25594813848664,2.3599251687752685
"[0.22917512569386692, 0.6557193821374488, -0.8959911976394371, 0.5232874059081144]",29.255997556398697,2.359988001256665
"[0.22916764072127954, 0.6557201964506351, -0.8959925643824449, 0.5232856151501676]",29.25604697445285,2.360050833738062
"[0.22916015544855314, 0.6557210108939878, -0.8959939312530261, 0.5232838241258636]",29.256096394888942,2.3601136662194584
"[0.2291526704046834, 0.6557218254099508, -0.8959952981545783, 0.5232820329617693]",29.256145814835882,2.360176498700855
"[0.22914518463843273, 0.6557226401020485, -0.8959966652608164, 0.5232802414302294]",29.25619523471427,2.3602393311822514
"[0.22913769803531567, 0.6557234549827744, -0.8959980325926676, 0.5232784495037743]",29.256244659412626,2.3603021636636483
"[0.22913021286568697, 0.6557242698049932, -0.8959993997354684, 0.5232766577258435]",29.25629408243503,2.360364996145045
"[0.22912272587610522, 0.6557250849228846, -0.8960007672834494, 0.5232748653176087]",29.256343509803486,2.3604278286264413
"[0.2291152384642234, 0.6557259001843262, -0.8960021349813498, 0.5232730726135821]",29.256392931735085,2.3604906611078382
"[0.2291077523697488, 0.6557267153998764, -0.8960035025113654, 0.5232712800303285]",29.25644235875164,2.3605534935892347
"[0.2291002640649126, 0.655727530953716, -0.8960048705179439, 0.5232694867230674]",29.256491785479344,2.360616326070631
"[0.22909277641503145, 0.6557283465338153, -0.8960062384776516, 0.5232676933779206]",29.25654121491216,2.3606791585520277
"[0.22908528951341306, 0.6557291621299852, -0.8960076063734159, 0.5232659000172837]",29.256590643093084,2.3607419910334246
"[0.22907780057449903, 0.6557299780456989, -0.8960089747141876, 0.5232641059738703]",29.25664007416117,2.360804823514821
"[0.2290703120266944, 0.6557307940164175, -0.8960103430562809, 0.5232623118293553]",29.25668950616554,2.3608676559962176
"[0.22906282317893306, 0.6557316101174399, -0.8960117115259645, 0.5232605174181689]",29.25673893784041,2.3609304884776146
"[0.2290553349276946, 0.655732426251072, -0.8960130799594114, 0.5232587229551168]",29.256788368957032,2.3609933209590106
"[0.22904784597467545, 0.6557332425588038, -0.8960144485938778, 0.5232569281290844]",29.256837802736317,2.3610561534404075
"[0.22904035663361694, 0.655734059006476, -0.8960158173720362, 0.5232551330151956]",29.256887239890084,2.361118985921804
"[0.22903286585086133, 0.6557348757089744, -0.8960171864864805, 0.5232533373608416]",29.25693667503468,2.3611818184032005
"[0.2290253768188716, 0.6557356923182416, -0.8960185553537032, 0.5232515419312928]",29.25698611059987,2.3612446508845975
"[0.22901788706664433, 0.6557365091036861, -0.896019924425344, 0.5232497461341985]",29.257035550798072,2.361307483365994
"[0.22901039573473628, 0.6557373261591161, -0.8960212938585276, 0.5232479497633505]",29.25708498930341,2.3613703158473904
"[0.22900290461354858, 0.6557381432891932, -0.8960226633259906, 0.5232461532481324]",29.257134427286758,2.361433148328787
"[0.22899541425476194, 0.6557389604338164, -0.8960240327268494, 0.5232443567207639]",29.257183869402297,2.361495980810184
"[0.22898792289550937, 0.6557397777852745, -0.8960254023833981, 0.5232425597584538]",29.257233311513318,2.3615588132915803
"[0.22898043197519374, 0.6557405951865313, -0.8960267720324726, 0.5232407627064489]",29.257282752837657,2.361621645772977
"[0.22897293972162344, 0.6557414128309876, -0.8960281419981099, 0.5232389651395614]",29.257332196794692,2.3616844782543738
"[0.2289654472650167, 0.6557422305953299, -0.8960295120736671, 0.5232371673288931]",29.257381641224878,2.3617473107357703
"[0.22895795432722013, 0.655743048509932, -0.8960308823100138, 0.5232353692076686]",29.25743108667647,2.3618101432171668
"[0.22895046304638192, 0.6557438663413765, -0.8960322523161236, 0.5232335712890311]",29.257480534835416,2.3618729756985637
"[0.22894296965738897, 0.6557446845007172, -0.8960336227805631, 0.5232317726693214]",29.25752997970603,2.36193580817996
"[0.22893547729187286, 0.6557455026460483, -0.8960349931306005, 0.523229974100174]",29.257579429355328,2.3619986406613567
"[0.22892798229063024, 0.6557463211769703, -0.8960363640355219, 0.523228174703124]",29.257628880379926,2.362061473142753
"[0.22892048920113506, 0.6557471395968809, -0.8960377346635575, 0.5232263755698768]",29.257678328935302,2.36212430562415
"[0.2289129963686576, 0.6557479580864745, -0.8960391053173529, 0.5232245763032009]",29.257727781036404,2.3621871381055466
"[0.22890550161945245, 0.6557487768832173, -0.8960404763945692, 0.5232227763810646]",29.25777723125458,2.362249970586943
"[0.228898007097351, 0.6557495957529502, -0.8960418475030366, 0.5232209763182307]",29.25782668451188,2.36231280306834
"[0.2288905123092726, 0.655750414749547, -0.8960432187329599, 0.5232191759962661]",29.25787613812582,2.362375635549736
"[0.22888301694489988, 0.6557512339069279, -0.8960445901411213, 0.5232173753406003]",29.257925593814218,2.362438468031133
"[0.228875522782314, 0.6557520530307673, -0.8960459614021771, 0.5232155747783989]",29.257975049930685,2.3625013005125295
"[0.2288680268881428, 0.6557528724416888, -0.8960473330528707, 0.5232137736048714]",29.258024508404226,2.362564132993926
"[0.22886053061682457, 0.6557536919916819, -0.8960487048453835, 0.5232119721453753]",29.258073965014475,2.362626965475323
"[0.2288530345779162, 0.6557545116141084, -0.8960500766681666, 0.5232101705463859]",29.258123423663463,2.3626897979567194
"[0.2288455380968955, 0.6557553313827246, -0.8960514486446605, 0.5232083686457765]",29.258172883091564,2.3627526304381163
"[0.22883804271226754, 0.655756151129278, -0.8960528204932804, 0.5232065668133711]",29.2582223435352,2.3628154629195124
"[0.22883054421653484, 0.6557569713139715, -0.896054192984131, 0.5232047640376337]",29.258271804142034,2.3628782954009093
"[0.22882304774622078, 0.6557577913749885, -0.8960555651770586, 0.5232029615534384]",29.2583212682789,2.362941127882306
"[0.22881555004141663, 0.6557586116689333, -0.8960569376687577, 0.5232011585769746]",29.258370731117576,2.3630039603637023
"[0.22880805279644223, 0.6557594320104508, -0.8960583101490808, 0.5231993555156436]",29.258420196294892,2.3630667928450992
"[0.22880055451410883, 0.6557602525633739, -0.896059682892115, 0.5231975520093485]",29.258469660378722,2.3631296253264957
"[0.22879305647834458, 0.6557610731872384, -0.8960610556628099, 0.5231957483668392]",29.258519126598284,2.363192457807892
"[0.22878555774987025, 0.6557618939847863, -0.8960624286331436, 0.5231939443622352]",29.258568594068567,2.3632552902892887
"[0.2287780587234746, 0.6557627149128944, -0.8960638017308339, 0.5231921400903812]",29.25861806224031,2.3633181227706856
"[0.22877056021550812, 0.6557635358821672, -0.8960651748063998, 0.5231903357477261]",29.258667531837308,2.363380955252082
"[0.22876306024756007, 0.655764357109231, -0.8960665482221228, 0.5231885308581675]",29.258717001417622,2.3634437877334786
"[0.2287555617567753, 0.6557651782724813, -0.8960679214401404, 0.523186726128527]",29.258766472943964,2.3635066202148756
"[0.22874806179916865, 0.6557659996943089, -0.8960692949995877, 0.5231849208502528]",29.25881594542053,2.3635694526962716
"[0.22874056169947607, 0.6557668212296534, -0.8960706686578693, 0.5231831153421517]",29.258865419236432,2.3636322851776685
"[0.22873306171795632, 0.6557676428500141, -0.8960720423673133, 0.5231813096668622]",29.258914892485247,2.363695117659065
"[0.22872556058488328, 0.6557684646945146, -0.8960734163604953, 0.5231795035186371]",29.258964367292887,2.363757950140462
"[0.22871806033057807, 0.6557692865407094, -0.8960747902655181, 0.523177697386334]",29.259013843528706,2.3638207826218585
"[0.22871055885283872, 0.6557701086189587, -0.8960761644674665, 0.5231758907637004]",29.25906331917787,2.363883615103255
"[0.2287030576622812, 0.6557709307637359, -0.8960775386896183, 0.5231740840145035]",29.25911279798633,2.363946447584652
"[0.22869555591158516, 0.6557717530679102, -0.8960789130872037, 0.5231722769346472]",29.25916227667789,2.364009280066048
"[0.2286880530181816, 0.6557725755953681, -0.8960802877669752, 0.523170469383733]",29.259211756039317,2.364072112547445
"[0.22868055190332434, 0.6557733980258685, -0.8960816621936858, 0.5231686620655234]",29.25926123640137,2.3641349450288414
"[0.22867304907748065, 0.6557742207419882, -0.8960830370067177, 0.5231668541392718]",29.259310718717163,2.364197777510238
"[0.22866554550394902, 0.6557750436381534, -0.8960844120295874, 0.5231650458369904]",29.259360200528594,2.364260609991635
"[0.22865804324832248, 0.6557758664878299, -0.896085786883764, 0.5231632376564833]",29.25940968471199,2.3643234424730313
"[0.22865053975771724, 0.6557766895710124, -0.8960871620370799, 0.523161428982463]",29.25945916817318,2.3643862749544278
"[0.2286430364536296, 0.655777512731797, -0.8960885372290313, 0.5231596201575236]",29.259508652027343,2.3644491074358243
"[0.22863553241993403, 0.655778336070703, -0.8960899126275274, 0.5231578109607833]",29.25955814003701,2.364511939917221
"[0.22862802832008935, 0.6557791595149408, -0.8960912881109708, 0.5231560015521782]",29.259607627769864,2.3645747723986177
"[0.22862052401061675, 0.655779983080274, -0.8960926637056613, 0.5231541918970798]",29.259657114408316,2.364637604880014
"[0.22861301965609826, 0.6557808067486413, -0.8960940393814286, 0.5231523820351679]",29.259706602847707,2.364700437361411
"[0.22860551452274383, 0.6557816306006008, -0.896095415272796, 0.5231505717894321]",29.25975609422006,2.364763269842807
"[0.22859800880727943, 0.6557824546145852, -0.8960967913437143, 0.5231487612072633]",29.25980558516891,2.364826102324204
"[0.22859050307292958, 0.6557832787287728, -0.8960981674909286, 0.5231469504244992]",29.25985507695738,2.3648889348056006
"[0.22858299902075163, 0.6557841027563613, -0.8960995434025271, 0.523145139851583]",29.25990457100273,2.3649517672869975
"[0.22857549202590138, 0.6557849272052333, -0.8961009199265166, 0.5231433283725819]",29.2599540628957,2.365014599768394
"[0.22856798640342732, 0.6557857516015343, -0.8961022962716833, 0.5231415170286624]",29.260003558682428,2.3650774322497905
"[0.22856047968209506, 0.6557865762166682, -0.896103672891184, 0.5231397052234737]",29.260053054572612,2.3651402647311874
"[0.22855297326277207, 0.6557874008967916, -0.8961050495281263, 0.5231378932950571]",29.26010255075254,2.3652030972125835
"[0.22854546707504864, 0.6557882256496188, -0.8961064261954109, 0.5231360812264471]",29.26015204898446,2.3652659296939804
"[0.22853795890795728, 0.6557890507181237, -0.8961078032985599, 0.5231342684838136]",29.260201546876814,2.365328762175377
"[0.22853045082073695, 0.6557898758760508, -0.8961091804599034, 0.523132455564257]",29.260251048730773,2.3653915946567734
"[0.2285229439628652, 0.6557907009970506, -0.8961105574685762, 0.523130642745372]",29.26030054889222,2.3654544271381703
"[0.22851543511953845, 0.655791526434492, -0.8961119349142876, 0.5231288292507903]",29.260350048671864,2.365517259619567
"[0.22850792674928158, 0.6557923519181409, -0.8961133123460558, 0.5231270156742204]",29.260399549958073,2.3655800921009633
"[0.2285004187826758, 0.6557931774556219, -0.8961146897765979, 0.5231252019989115]",29.260449055055787,2.36564292458236
"[0.22849290963074786, 0.655794003221656, -0.8961160674974393, 0.523123387840999]",29.26049855888405,2.3657057570637567
"[0.22848539971008192, 0.6557948291704802, -0.8961174454321705, 0.5231215733010334]",29.260548064450965,2.3657685895451532
"[0.22847789054759698, 0.6557956551341624, -0.8961188233006266, 0.5231197587479427]",29.260597571172205,2.3658314220265497
"[0.22847038131814457, 0.655796481203446, -0.8961202012542004, 0.5231179439823624]",29.260647077351532,2.3658942545079467
"[0.22846287216776215, 0.6557973073622725, -0.8961215792660893, 0.5231161290395734]",29.260696585082748,2.3659570869893427
"[0.22845536052771606, 0.6557981338933008, -0.8961229578077152, 0.5231143132986217]",29.260746094734518,2.3660199194707396
"[0.22844785046959623, 0.655798960348551, -0.8961243361318638, 0.523112497743651]",29.260795605090063,2.3660827519521366
"[0.22844033990557536, 0.6557997869577294, -0.896125714621699, 0.5231106818700058]",29.260845114090053,2.366145584433533
"[0.2284328292096394, 0.6558006136797174, -0.8961270932085805, 0.5231088657680399]",29.26089462662429,2.3662084169149296
"[0.22842531702029148, 0.6558014406644048, -0.896128472142431, 0.5231070491084809]",29.26094414011125,2.366271249396326
"[0.2284178060498528, 0.6558022676132084, -0.8961298509253778, 0.5231052325472295]",29.260993653621558,2.366334081877723
"[0.2284102941231405, 0.6558030947656096, -0.8961312299567091, 0.5231034155582125]",29.261043167944436,2.3663969143591195
"[0.22840278221967208, 0.6558039220137704, -0.8961326090566157, 0.5231015983783152]",29.261092682563937,2.366459746840516
"[0.22839526940373667, 0.6558047494607553, -0.896133988396892, 0.5230997807811416]",29.261142200449314,2.366522579321913
"[0.22838775658788932, 0.6558055770060774, -0.8961353678100024, 0.5230979629874257]",29.2611917181387,2.366585411803309
"[0.2283802441401653, 0.6558064046091948, -0.8961367472283628, 0.5230961450862212]",29.261241235665423,2.366648244284706
"[0.22837273058837926, 0.6558072324322886, -0.8961381269223009, 0.5230943267212673]",29.261290755871602,2.3667110767661024
"[0.22836521764684706, 0.655808060286509, -0.8961395065770216, 0.5230925083074004]",29.261340275239895,2.366773909247499
"[0.22835770303704406, 0.6558088884229432, -0.8961408866109583, 0.5230906892930923]",29.26138979593832,2.366836741728896
"[0.2283501898837974, 0.6558097164972291, -0.8961422664502455, 0.5230888704347375]",29.261439318756047,2.3668995742102923
"[0.22834267560388097, 0.6558105447940764, -0.8961436465692997, 0.5230870511069693]",29.261488843379546,2.366962406691689
"[0.2283351603289176, 0.6558113732990192, -0.8961450269439726, 0.5230852313415668]",29.26153836701043,2.3670252391730853
"[0.22832764655927545, 0.6558122017364004, -0.8961464071149955, 0.5230834117439895]",29.261587890785357,2.367088071654482
"[0.22832013085761566, 0.6558130304852158, -0.8961477877137599, 0.5230815914818012]",29.26163741736151,2.3671509041358787
"[0.22831261476161416, 0.6558138593759564, -0.8961491684578302, 0.5230797709273193]",29.26168694443128,2.367213736617275
"[0.22830509990116066, 0.6558146882288564, -0.8961505490477718, 0.5230779504753671]",29.261736472742054,2.367276569098672
"[0.2282975836830072, 0.6558155173299457, -0.8961519299599995, 0.5230761294977239]",29.26178600143519,2.3673394015800686
"[0.22829006736998023, 0.6558163465399485, -0.896153310962518, 0.5230743083002821]",29.261835531524532,2.367402234061465
"[0.22828255155604255, 0.6558171757933352, -0.8961546919461857, 0.523072487026964]",29.261885062444186,2.3674650665428616
"[0.2282750351936477, 0.6558180052056882, -0.8961560731034789, 0.5230706654239148]",29.26193459371483,2.3675278990242585
"[0.22826751768304562, 0.6558188348432221, -0.896157454544624, 0.5230688433457129]",29.26198412426672,2.367590731505655
"[0.22826000062306315, 0.6558196645295046, -0.8961588359758212, 0.5230670211798449]",29.26203365955253,2.3676535639870515
"[0.22825248319730013, 0.6558204943546412, -0.8961602175470974, 0.523065198728414]",29.26208319327541,2.3677163964684484
"[0.22824496438199943, 0.6558213244316817, -0.8961615994466217, 0.5230633757431489]",29.262132730457783,2.3677792289498445
"[0.22823744723735118, 0.6558221544227735, -0.8961629811119465, 0.523061552966023]",29.26218226475858,2.3678420614312414
"[0.2282299279525575, 0.6558229847486902, -0.8961643632435063, 0.5230597294729579]",29.26223180392859,2.367904893912638
"[0.2282224112434509, 0.6558238148886734, -0.8961657449744656, 0.5230579064075955]",29.26228134138921,2.3679677263940344
"[0.2282148914763521, 0.6558246454649118, -0.896167127340417, 0.5230560824035484]",29.262330881220233,2.3680305588754313
"[0.22820737283623532, 0.6558254760152046, -0.8961685095720564, 0.5230542584758465]",29.26238041958277,2.368093391356828
"[0.22819985222197944, 0.6558263068821382, -0.8961698922395033, 0.5230524338721569]",29.26242996095181,2.3681562238382243
"[0.2281923334443705, 0.6558271376447035, -0.8961712746421411, 0.5230506095170195]",29.26247950444086,2.368219056319621
"[0.22818481401812032, 0.6558279685774845, -0.8961726572368935, 0.5230487848074423]",29.26252904685355,2.3682818888010178
"[0.22817729273567128, 0.6558287998139664, -0.8961740402458259, 0.5230469594502962]",29.262578591654457,2.3683447212824142
"[0.22816977294459156, 0.6558296309842008, -0.8961754230533895, 0.5230451342579774]",29.262628135916362,2.3684075537638107
"[0.228162252376541, 0.6558304623388921, -0.8961768060766928, 0.5230433086799465]",29.26267767965077,2.3684703862452077
"[0.2281547308156424, 0.6558312939019335, -0.8961781893554573, 0.523041482663734]",29.262727228157868,2.368533218726604
"[0.22814720963844007, 0.6558321255211622, -0.8961795726365281, 0.5230396565434804]",29.262776776290128,2.3685960512080007
"[0.22813968743724666, 0.6558329573522351, -0.8961809561788102, 0.5230378299773797]",29.262826324414597,2.368658883689397
"[0.22813216656369728, 0.6558337891350963, -0.8961823395497627, 0.5230360035364694]",29.26287587402007,2.368721716170794
"[0.22812464460055862, 0.6558346211370801, -0.8961837231939979, 0.5230341766337281]",29.262925423482795,2.3687845486521906
"[0.22811712139595697, 0.6558354533750351, -0.8961851071394817, 0.5230323492321688]",29.26297497549462,2.368847381133587
"[0.22810959937461048, 0.6558362855807249, -0.8961864909401678, 0.5230305219207642]",29.263024528486874,2.368910213614984
"[0.2281020764303963, 0.6558371179871652, -0.8961878749835033, 0.5230286941878746]",29.263074083823582,2.36897304609638
"[0.22809455319301977, 0.6558379505247056, -0.8961892591536508, 0.5230268661864336]",29.26312363763578,2.369035878577777
"[0.22808702984999976, 0.6558387831726029, -0.8961906434161104, 0.5230250379619856]",29.263173191951285,2.3690987110591735
"[0.2280795055512095, 0.6558396160249675, -0.8961920279273132, 0.5230232093078957]",29.263222746295728,2.36916154354057
"[0.22807198144571927, 0.6558404489546241, -0.8961934124758304, 0.5230213805033941]",29.26327230688543,2.369224376021967
"[0.22806445750128443, 0.6558412819651558, -0.8961947970675843, 0.5230195515406266]",29.263321863151234,2.3692872085033634
"[0.22805693312581393, 0.6558421151220706, -0.8961961818115386, 0.5230177222757141]",29.263371420967665,2.36935004098476
"[0.2280494081753346, 0.6558429484413869, -0.8961975667341943, 0.5230158926735385]",29.263420981201097,2.3694128734661564
"[0.22804188300751152, 0.6558437818834829, -0.8961989517697347, 0.5230140628210638]",29.26347054327895,2.3694757059475533
"[0.22803435843253805, 0.655844615358633, -0.8962003367690298, 0.5230122329152934]",29.263520105644915,2.36953853842895
"[0.2280268324696771, 0.6558454490862534, -0.8962017220966683, 0.5230104024744947]",29.26356966830277,2.3696013709103463
"[0.22801930678974416, 0.6558462828812642, -0.8962031074451098, 0.5230085719050012]",29.263619230500915,2.369664203391743
"[0.22801177998764852, 0.6558471168993674, -0.8962044930730145, 0.5230067408649834]",29.26366879502958,2.3697270358731397
"[0.22800425396727836, 0.6558479509296046, -0.8962058786298919, 0.5230049098175839]",29.263718362294064,2.369789868354536
"[0.22799672781140992, 0.6558487850736244, -0.8962072642845887, 0.523003078539648]",29.263767926118838,2.3698527008359327
"[0.22798920096312028, 0.6558496193931287, -0.8962086501396537, 0.5230012468956782]",29.263817495577847,2.3699155333173296
"[0.22798167302520178, 0.6558504539322216, -0.8962100362682383, 0.522999414788889]",29.2638670650723,2.369978365798726
"[0.22797414589947532, 0.6558512884800649, -0.8962114223201587, 0.5229975826821323]",29.263916632705758,2.3700411982801226
"[0.22796661839241011, 0.6558521231689785, -0.8962128085151819, 0.5229957502849157]",29.263966203177045,2.3701040307615195
"[0.22795908977563453, 0.6558529580797772, -0.8962141949874531, 0.5229939174198462]",29.26401577534021,2.3701668632429156
"[0.22795156092685168, 0.6558537931151037, -0.8962155815753552, 0.5229920843006065]",29.26406534611403,2.3702296957243125
"[0.22794403230936175, 0.6558546282236175, -0.896216968193553, 0.5229902510399399]",29.264114921969327,2.3702925282057095
"[0.2279365035681073, 0.6558554634446879, -0.8962183549074342, 0.5229884175514048]",29.26416449544362,2.3703553606871055
"[0.22792897467931267, 0.6558562987809639, -0.8962197417213793, 0.5229865838291886]",29.264214067739058,2.3704181931685024
"[0.22792144455022037, 0.6558571343537126, -0.896221128836689, 0.5229847496070851]",29.26426364676495,2.370481025649899
"[0.22791391597125044, 0.6558579698532925, -0.896222515739334, 0.5229829155648047]",29.264313223442976,2.370543858131296
"[0.2279063854899783, 0.6558588056628545, -0.8962239030653141, 0.5229810808612769]",29.264362798918327,2.3706066906126924
"[0.22789885577353938, 0.6558596414863936, -0.8962252903232816, 0.5229792461462671]",29.264412378111672,2.370669523094089
"[0.22789132434938608, 0.6558604775983917, -0.896226677968782, 0.5229774108172618]",29.264461958929815,2.370732355575486
"[0.22788379374956666, 0.6558613137177693, -0.8962280655352993, 0.5229755754912535]",29.264511539680484,2.370795188056882
"[0.22787626231002206, 0.6558621500292846, -0.8962294533294449, 0.5229737397626817]",29.264561119941845,2.3708580205382788
"[0.22786873190420176, 0.6558629863249048, -0.8962308410059967, 0.5229719040881835]",29.26461070353402,2.3709208530196753
"[0.22786119907306748, 0.655863822988803, -0.8962322292023891, 0.522970067624497]",29.26466028651523,2.3709836855010717
"[0.2278536674896862, 0.6558646596130409, -0.8962336172417406, 0.5229682312670421]",29.264709872028604,2.3710465179824687
"[0.22784613595534936, 0.655865496330749, -0.8962350053449434, 0.5229663947235946]",29.264759456994934,2.371109350463865
"[0.22783860337633202, 0.6558663332634551, -0.896236393713588, 0.5229645577274081]",29.264809041977045,2.3711721829452617
"[0.22783107011947393, 0.6558671703704371, -0.8962377822800804, 0.5229627203678704]",29.26485862958694,2.371235015426658
"[0.22782353743352274, 0.6558680075129333, -0.8962391708142421, 0.5229608829495423]",29.264908216765054,2.371297847908055
"[0.22781600447568806, 0.6558688447846028, -0.8962405594714201, 0.5229590452668514]",29.264957805677142,2.3713606803894516
"[0.22780847121160114, 0.6558696821892798, -0.896241948257954, 0.5229572073113823]",29.26500739790886,2.371423512870848
"[0.22780093753664718, 0.6558705197386056, -0.8962433371931349, 0.5229553690575818]",29.265056986890272,2.371486345352245
"[0.22779340301820353, 0.6558713574807049, -0.8962447263567376, 0.522953530399829]",29.26510657880421,2.371549177833641
"[0.22778586855748595, 0.6558721953154047, -0.8962461155826064, 0.5229516915579948]",29.265156171240438,2.371612010315038
"[0.227778334204472, 0.655873033237101, -0.8962475048615248, 0.5229498525443328]",29.26520576688212,2.3716748427964345
"[0.22777079917157406, 0.6558738713334415, -0.8962488943387164, 0.5229480131665214]",29.265255360130734,2.3717376752778314
"[0.2277632645542501, 0.655874709482574, -0.8962502838121775, 0.5229461736919747]",29.265304958284094,2.371800507759228
"[0.22775572886183626, 0.6558755478503303, -0.8962516735568098, 0.5229443337567398]",29.265354553293033,2.3718633402406244
"[0.22774819299975066, 0.6558763863360109, -0.8962530634056474, 0.5229424935818252]",29.26540415043111,2.3719261727220213
"[0.2277406572353837, 0.6558772249098709, -0.8962544533093717, 0.5229406532325109]",29.26545375040259,2.3719890052034174
"[0.22773312129809703, 0.6558780636020064, -0.8962558433178974, 0.5229388126427232]",29.265503350307213,2.3720518376848143
"[0.22772558448575766, 0.6558789024906069, -0.8962572335607423, 0.5229369716408923]",29.265552948795463,2.372114670166211
"[0.22771804798477696, 0.6558797414436206, -0.8962586238190652, 0.5229351305168054]",29.265602550482463,2.3721775026476073
"[0.22771051108642776, 0.655880580539946, -0.8962600142236012, 0.5229332890973141]",29.265652151665474,2.3722403351290042
"[0.2277029730297556, 0.6558814198643341, -0.8962614049147493, 0.5229314471964334]",29.26570175591329,2.3723031676104007
"[0.22769543558277414, 0.6558822592199334, -0.8962627955663333, 0.5229296052461495]",29.26575135969589,2.372366000091797
"[0.22768789776311862, 0.6558830987161383, -0.8962641863595906, 0.5229277630063982]",29.265800964789378,2.3724288325731937
"[0.22768035956556212, 0.6558839383535469, -0.8962655772954914, 0.5229259204758665]",29.26585057202137,2.3724916650545906
"[0.22767282111091028, 0.655884778118717, -0.8962669683517497, 0.522924077684052]",29.265900178947703,2.372554497535987
"[0.22766528288458512, 0.6558856179575782, -0.8962683594387876, 0.5229222347496064]",29.265949784970324,2.3726173300173836
"[0.22765774347462328, 0.6558864580274584, -0.896269750817174, 0.5229203913272923]",29.265999394989326,2.3726801624987806
"[0.22765020399337885, 0.655887298204418, -0.8962711422816441, 0.5229185476890579]",29.26604900536141,2.372742994980177
"[0.2276426653933001, 0.6558881383823352, -0.8962725336563966, 0.5229167040677943]",29.26609861494874,2.3728058274615735
"[0.22763512532051242, 0.6558889788235508, -0.896273925375883, 0.5229148598878298]",29.266148226688475,2.37286865994297
"[0.22762758472352368, 0.6558898194223816, -0.8962753172650566, 0.5229130153810695]",29.26619783811203,2.372931492424367
"[0.22762004427216176, 0.6558906601041656, -0.8962767092002772, 0.5229111707113392]",29.266247454577663,2.3729943249057635
"[0.22761250447385264, 0.6558915008123175, -0.8962781010878597, 0.5229093260027984]",29.26629706651537,2.37305715738716
"[0.22760496242158762, 0.655892341871006, -0.8962794934644729, 0.5229074805441446]",29.266346682821784,2.373119989868557
"[0.22759742126432672, 0.6558931829291031, -0.8962808857487861, 0.522905635105831]",29.266396298366203,2.373182822349953
"[0.2275898805657938, 0.65589402403524, -0.896282278021322, 0.5229037895811436]",29.26644591732357,2.37324565483135
"[0.2275823388581621, 0.6558948653531612, -0.8962836705530949, 0.5229019436108054]",29.266495532124086,2.3733084873127464
"[0.2275747971584817, 0.6558957067694047, -0.8962850631563255, 0.5229000974437454]",29.26654515313862,2.373371319794143
"[0.2275672548422764, 0.6558965483536808, -0.896286455946327, 0.5228982509270333]",29.266594773948494,2.3734341522755398
"[0.22755971322790405, 0.655897389958878, -0.896287848679642, 0.5228964043834369]",29.26664439483641,2.3734969847569363
"[0.22755216856778596, 0.6558982320032505, -0.8962892420483771, 0.5228945568952774]",29.26669401622565,2.3735598172383328
"[0.22754462625871452, 0.6558990738844912, -0.8962906350558424, 0.5228927097840503]",29.26674363750184,2.3736226497197292
"[0.22753708349503934, 0.6558999159157323, -0.8962920282201892, 0.5228908623627223]",29.26679326324406,2.373685482201126
"[0.22752953878233384, 0.6559007582638533, -0.8962934218174712, 0.5228890142651674]",29.266842888272596,2.3737483146825227
"[0.22752199521547764, 0.655901600583333, -0.8962948152760353, 0.522887166249449]",29.266892514061023,2.373811147163919
"[0.22751445131679593, 0.6559024430391563, -0.8962962088688222, 0.5228853179535934]",29.266942141242826,2.373873979645316
"[0.2275069069397403, 0.6559032856477134, -0.8962976026229114, 0.522883469341648]",29.266991768933924,2.3739368121267126
"[0.22749936231859502, 0.6559041283828325, -0.8962989964950283, 0.5228816204710114]",29.26704139634073,2.373999644608109
"[0.22749181700219187, 0.6559049712949467, -0.8963003905685341, 0.5228797712310562]",29.26709102515932,2.3740624770895056
"[0.22748427110828945, 0.6559058143709277, -0.8963017848216859, 0.5228779216505864]",29.267140656520244,2.3741253095709025
"[0.22747672693229254, 0.6559066573542839, -0.8963031788303416, 0.5228760722922856]",29.267190286956975,2.374188142052299
"[0.22746918032897553, 0.6559075007082271, -0.896304573360459, 0.5228742221399583]",29.267239917713948,2.3742509745336955
"[0.2274616352391987, 0.655908343992372, -0.8963059676838188, 0.5228723721597203]",29.267289553289878,2.3743138070150924
"[0.22745408802921324, 0.6559091876128603, -0.8963073624719377, 0.5228705214605847]",29.267339187708316,2.3743766394964885
"[0.22744654113397145, 0.6559100312975509, -0.8963087572748369, 0.5228686706395658]",29.26738882148245,2.3744394719778854
"[0.22743899476134719, 0.6559108750231919, -0.8963101520540817, 0.522866819747668]",29.26743845828902,2.3745023044592823
"[0.22743144751941774, 0.655911718945421, -0.8963115470669375, 0.5228649684434689]",29.2674880944621,2.3745651369406784
"[0.22742389945997576, 0.6559125630584626, -0.8963129423038529, 0.5228631167396254]",29.26753773243022,2.3746279694220753
"[0.2274163524987793, 0.6559134071480897, -0.8963143374106949, 0.5228612651060938]",29.267587371220465,2.374690801903472
"[0.22740880402464095, 0.655914251506351, -0.8963157328701615, 0.5228594129022138]",29.267637009566474,2.3747536343848683
"[0.22740125603876526, 0.6559150959094187, -0.8963171283123073, 0.5228575606189809]",29.267686652235163,2.3748164668662652
"[0.2273937071269277, 0.6559159405155143, -0.8963185239985904, 0.5228557079093196]",29.26773629399707,2.3748792993476617
"[0.22738615878096405, 0.655916785157735, -0.8963199196531921, 0.5228538551393442]",29.267785935384797,2.3749421318290582
"[0.22737860910733954, 0.655917630047968, -0.8963213156262251, 0.5228520018442586]",29.267835580722934,2.3750049643104547
"[0.22737105974379657, 0.6559184750029653, -0.8963227116148724, 0.5228501484260337]",29.26788522289769,2.3750677967918516
"[0.22736351016453735, 0.6559193200815722, -0.896324107716356, 0.5228482947555865]",29.26793486842272,2.375130629273248
"[0.2273559603885756, 0.6559201652816791, -0.8963255039271594, 0.5228464408375502]",29.267984514778625,2.3751934617546446
"[0.22734840946236048, 0.6559210107100353, -0.8963269004236462, 0.5228445864377492]",29.26803416142883,2.3752562942360416
"[0.22734085958390257, 0.6559218561205805, -0.8963282967992996, 0.5228427320959319]",29.26808381108636,2.375319126717438
"[0.22733330859861225, 0.655922701754563, -0.8963296934526177, 0.5228408772829195]",29.268133461521234,2.3753819591988345
"[0.22732575753500334, 0.6559235474968343, -0.8963310901933751, 0.5228390222512889]",29.268183109595654,2.375444791680231
"[0.2273182066165312, 0.655924393322338, -0.8963324869802349, 0.5228371670559683]",29.268232759962043,2.375507624161628
"[0.2273106543891149, 0.655925239394015, -0.8963338840821863, 0.5228353113396049]",29.268282409530993,2.3755704566430245
"[0.22730310272993276, 0.6559260855015681, -0.8963352811519728, 0.5228334555634377]",29.268332064542193,2.375633289124421
"[0.22729555035579102, 0.6559269317887729, -0.8963366784269855, 0.5228315994121188]",29.26838171797543,2.375696121605818
"[0.2272879984274488, 0.655927778125567, -0.8963380756924701, 0.5228297431709107]",29.268431373708523,2.375758954087214
"[0.22728044527214952, 0.6559286246994338, -0.8963394732579281, 0.5228278864286153]",29.26848102948918,2.375821786568611
"[0.22727289228732747, 0.6559294713537608, -0.8963408708648025, 0.5228260295287156]",29.26853068535518,2.3758846190500074
"[0.22726533898568144, 0.6559303181431824, -0.8963422686032608, 0.5228241723513898]",29.268580342661295,2.375947451531404
"[0.22725778526232127, 0.6559311650794971, -0.8963436664927165, 0.5228223148707828]",29.268629999549287,2.376010284012801
"[0.22725023208622364, 0.6559320120539838, -0.8963450643538526, 0.5228204573252644]",29.26867966257016,2.3760731164941973
"[0.22724267831940684, 0.6559328591943276, -0.8963464623972629, 0.5228185994348689]",29.26872932107424,2.376135948975594
"[0.22723512337480659, 0.6559337065663797, -0.8963478607316243, 0.5228167410551577]",29.26877898322535,2.3761987814569903
"[0.22722756867608201, 0.6559345540104778, -0.896349259093442, 0.5228148825362862]",29.26882864410186,2.376261613938387
"[0.2272200139355536, 0.6559354015588907, -0.896350657535958, 0.5228130238074833]",29.268878307387535,2.3763244464197837
"[0.22721245818005148, 0.6559362493208183, -0.8963520562393242, 0.522811164629267]",29.268927972928406,2.37638727890118
"[0.22720490399896692, 0.655937097005718, -0.8963534547241865, 0.5228093056388042]",29.268977636993544,2.376450111382577
"[0.22719734738497874, 0.6559379450632861, -0.8963548537324166, 0.522807445849902]",29.269027302204815,2.3765129438639736
"[0.22718979209584558, 0.6559387930718226, -0.8963562525683265, 0.5228055861873478]",29.26907696968081,2.37657577634537
"[0.22718223566053727, 0.6559396413086743, -0.8963576516894112, 0.5228037260429238]",29.269126636288988,2.3766386088267666
"[0.22717467908959285, 0.6559404896604334, -0.8963590509085774, 0.5228018656653315]",29.269176306822352,2.3767014413081635
"[0.2271671223856708, 0.6559413381268037, -0.8963604502253323, 0.5228000050552135]",29.26922597525247,2.37676427378956
"[0.22715956445153007, 0.6559421868310168, -0.8963618498428729, 0.5227981439423419]",29.269275644997432,2.3768271062709565
"[0.22715200687476106, 0.6559430355948095, -0.8963632494672089, 0.5227962827176219]",29.26932531708012,2.3768899387523534
"[0.22714445043845752, 0.6559438843302123, -0.8963646489532896, 0.522794421573955]",29.269374990162266,2.3769527712337495
"[0.22713689110409957, 0.6559447334908638, -0.8963660490490875, 0.5227925595165841]",29.26942466442329,2.3770156037151464
"[0.2271293335913585, 0.6559455825466138, -0.8963674488804636, 0.5227906977080358]",29.26947433618132,2.377078436196543
"[0.22712177413080437, 0.6559464319209427, -0.8963688491456042, 0.5227888352196961]",29.269524012070985,2.3771412686779394
"[0.22711421593634978, 0.6559472812527617, -0.8963702492491884, 0.5227869728433612]",29.269573688170173,2.3772041011593363
"[0.22710665673852906, 0.6559481307970763, -0.896371649611613, 0.5227851100198468]",29.269623366377534,2.377266933640733
"[0.22709909791608535, 0.6559489803989637, -0.8963730499774648, 0.5227832470888703]",29.269673043231403,2.3773297661221298
"[0.2270915376361691, 0.6559498302644561, -0.8963744506863133, 0.5227813835986629]",29.26972272123998,2.377392598603526
"[0.22708397901226773, 0.6559506800435431, -0.8963758511613098, 0.5227795203166713]",29.269772403492723,2.3774554310849227
"[0.22707641731124473, 0.6559515302683933, -0.896377252279433, 0.5227776560760438]",29.269822083962577,2.3775182635663192
"[0.22706885727316112, 0.6559523804060627, -0.8963786531624061, 0.5227757920453312]",29.26987176508122,2.3775810960477157
"[0.22706129652040122, 0.6559532307239053, -0.8963800542507862, 0.5227739276383252]",29.26992144896778,2.3776439285291127
"[0.22705373616414562, 0.6559540810969575, -0.896381455338659, 0.5227720631290167]",29.26997113098032,2.377706761010509
"[0.22704617455910756, 0.6559549317103113, -0.8963828567309357, 0.5227701981115919]",29.270020815787216,2.3777695934919056
"[0.22703861312405973, 0.6559557824043428, -0.8963842581646918, 0.522768332935991]",29.2700705003285,2.377832425973302
"[0.2270310509069314, 0.6559566332862278, -0.896385659816382, 0.5227664673672752]",29.270120187670788,2.377895258454699
"[0.22702348932725835, 0.6559574841962245, -0.8963870614228965, 0.5227646017556545]",29.270169875698944,2.3779580909360956
"[0.22701592686798208, 0.6559583353050661, -0.8963884632654335, 0.5227627357268074]",29.270219562524204,2.378020923417492
"[0.22700836389605664, 0.6559591865714693, -0.8963898652759881, 0.522760869371235]",29.27026925277811,2.378083755898889
"[0.22700080117400948, 0.6559600379096207, -0.8963912673132021, 0.5227590028770848]",29.270318942102563,2.378146588380285
"[0.22699323776048563, 0.6559608894254974, -0.8963926695515935, 0.5227571360120065]",29.27036863313134,2.378209420861682
"[0.2269856739460743, 0.655961741086409, -0.8963940719372997, 0.5227552688476732]",29.270418324530322,2.3782722533430785
"[0.2269781104010803, 0.6559625928168812, -0.8963954743460376, 0.5227534015495477]",29.270468018274975,2.3783350858244754
"[0.22697054702013772, 0.6559634446287739, -0.8963968767973335, 0.522751534091626]",29.27051771154487,2.378397918305872
"[0.2269629819372289, 0.6559642967322771, -0.8963982796372134, 0.5227496660131046]",29.270567407019655,2.3784607507872684
"[0.2269554180300493, 0.6559651488032765, -0.8963996823320517, 0.5227477980245496]",29.270617102172217,2.3785235832686653
"[0.22694785202063647, 0.6559660012110239, -0.8964010854897441, 0.5227459293164263]",29.270666801472455,2.378586415750062
"[0.22694028733057928, 0.6559668535700799, -0.8964024884757414, 0.5227440607337495]",29.270716496507006,2.3786492482314583
"[0.22693272260676955, 0.6559677060328739, -0.8964038915409763, 0.5227421919423398]",29.270766195214055,2.3787120807128552
"[0.22692515601752422, 0.655968558805855, -0.8964052950252026, 0.5227403224896174]",29.270815893663297,2.3787749131942513
"[0.22691759116099477, 0.6559694114835066, -0.8964066982610163, 0.5227384532645547]",29.270865596066006,2.378837745675648
"[0.2269100241554417, 0.6559702645033737, -0.8964081019684585, 0.5227365833079742]",29.270915295850315,2.3789005781570447
"[0.2269024564912457, 0.6559711176974966, -0.896409505871094, 0.522734712988071]",29.270964997937593,2.378963410638441
"[0.22689489043517622, 0.655971970810305, -0.8964109095483885, 0.5227328428650904]",29.27101470101685,2.379026243119838
"[0.22688732375030918, 0.6559728240940149, -0.8964123134153231, 0.5227309723861476]",29.27106440563026,2.3790890756012346
"[0.22687975542098182, 0.6559736776631727, -0.8964137176603677, 0.5227291013001194]",29.2711141095925,2.379151908082631
"[0.2268721882504442, 0.6559745312016705, -0.8964151217633994, 0.5227272302999695]",29.271163815877582,2.3792147405640276
"[0.22686462071672572, 0.6559753848811503, -0.896416526006809, 0.5227253590094311]",29.271213525042402,2.3792775730454245
"[0.226857052464103, 0.6559762387417568, -0.8964179304566154, 0.5227234873405007]",29.271263230657553,2.379340405526821
"[0.22684948439376101, 0.6559770926818409, -0.896419334945588, 0.5227216155160036]",29.271312940018245,2.3794032380082175
"[0.2268419156610513, 0.6559779467967135, -0.8964207396304789, 0.5227197433270137]",29.27136264998256,2.3794660704896144
"[0.2268343455505662, 0.6559788011671538, -0.8964221446440861, 0.5227178705964749]",29.271412360691905,2.379528902971011
"[0.22682677556744174, 0.6559796556233011, -0.8964235497070707, 0.5227159976966989]",29.271462070007487,2.3795917354524074
"[0.22681920754968704, 0.6559805099576663, -0.8964249544782439, 0.5227141250824893]",29.271511781416258,2.379654567933804
"[0.22681163656623854, 0.6559813647269215, -0.8964263598729177, 0.5227122515336728]",29.27156149743109,2.379717400415201
"[0.22680406658564278, 0.6559822194830552, -0.8964277651544371, 0.5227103780322405]",29.271611210190635,2.3797802328965973
"[0.22679649694876555, 0.6559830743004677, -0.8964291704451398, 0.5227085044151092]",29.271660924861347,2.379843065377994
"[0.2267889259329596, 0.6559839293737113, -0.8964305760648426, 0.5227066302558511]",29.271710642476286,2.3799058978593908
"[0.22678135417021725, 0.6559847846314556, -0.8964319818962366, 0.522704755710817]",29.27176035850327,2.379968730340787
"[0.22677378252537062, 0.6559856399760269, -0.8964333877787556, 0.5227028809940847]",29.271810077239675,2.3800315628221838
"[0.2267662120514358, 0.6559864952884448, -0.8964347935168547, 0.5227010063664231]",29.271859796532944,2.3800943953035802
"[0.2267586401105533, 0.655987350866742, -0.8964361996003494, 0.5226991311746191]",29.271909516529877,2.3801572277849767
"[0.22675106751205548, 0.6559882066195136, -0.896437605878976, 0.5226972556190123]",29.27195923620231,2.3802200602663737
"[0.2267434952888501, 0.6559890624300406, -0.8964390121609165, 0.5226953799554129]",29.272008959683,2.38028289274777
"[0.2267359227889833, 0.6559899183720056, -0.8964404185672422, 0.522693504022329]",29.272058681246513,2.3803457252291667
"[0.2267283496675357, 0.6559907744844146, -0.8964418251620224, 0.5226916277342726]",29.27210840381212,2.380408557710563
"[0.22672077653231337, 0.6559916306985898, -0.8964432318323692, 0.5226897512417763]",29.272158130242598,2.38047139019196
"[0.22671320264804154, 0.6559924870976251, -0.8964446387148671, 0.5226878743626819]",29.27220785562474,2.3805342226733566
"[0.22670562872676767, 0.6559933436011046, -0.8964460456772486, 0.5226859972733032]",29.272257579407274,2.380597055154753
"[0.22669805565566045, 0.6559942001085823, -0.8964474525547045, 0.5226841201936706]",29.2723073082577,2.38065988763615
"[0.22669048087189478, 0.6559950569100171, -0.8964488598233387, 0.5226822424884054]",29.27235703667401,2.3807227201175465
"[0.22668290615454809, 0.6559959138041801, -0.8964502671526501, 0.5226803645984855]",29.272406766633104,2.380785552598943
"[0.2266753306339694, 0.6559967708894661, -0.8964516747042202, 0.5226784863082758]",29.272456494915705,2.3808483850803395
"[0.22666775533370476, 0.6559976280500849, -0.8964530822878752, 0.5226766078715278]",29.272506227240218,2.3809112175617364
"[0.22666018038486913, 0.6559984852711849, -0.8964544898792393, 0.5226747293207782]",29.272555958780035,2.380974050043133
"[0.2266526043089037, 0.6559993427201123, -0.8964558977530676, 0.522672850289304]",29.272605692122365,2.3810368825245294
"[0.2266450279484021, 0.656000200301531, -0.8964573057527956, 0.5226709709860273]",29.272655424980407,2.3810997150059263
"[0.2266374520370287, 0.6560010579323952, -0.8964587137420703, 0.5226690915929327]",29.272705159411203,2.3811625474873224
"[0.22662987529128542, 0.6560019157580056, -0.8964601219594325, 0.5226672117916021]",29.272754895585358,2.3812253799687193
"[0.22662229875883066, 0.6560027736597706, -0.8964615302101686, 0.5226653318419202]",29.272804632319485,2.381288212450116
"[0.22661472121790704, 0.6560036317760396, -0.8964629387213727, 0.5226634514407087]",29.27285436844948,2.3813510449315123
"[0.22660714457811612, 0.6560044898905706, -0.8964643471380861, 0.5226615710618244]",29.272904108469277,2.381413877412909
"[0.22659956683787455, 0.6560053482300712, -0.8964657558323789, 0.5226596902084902]",29.27295384733888,2.3814767098943057
"[0.2265919875053193, 0.6560062068502828, -0.8964671648957246, 0.5226578087585426]",29.273003587854927,2.381539542375702
"[0.22658440953167674, 0.6560070654169092, -0.8964685737794612, 0.5226559274445292]",29.273053328306567,2.3816023748570987
"[0.22657683094040504, 0.6560079241538679, -0.8964699828510492, 0.5226540457757841]",29.27310307043443,2.3816652073384956
"[0.2265692529850846, 0.6560087829191129, -0.8964713918774085, 0.5226521640635535]",29.273152813649354,2.381728039819892
"[0.22656167374786265, 0.6560096419299997, -0.8964728012151438, 0.5226502818315737]",29.27320255590229,2.3817908723012886
"[0.22655409386101602, 0.6560105011149036, -0.8964742107467091, 0.5226483992367862]",29.273252303122362,2.3818537047826855
"[0.22654651376451912, 0.6560113604239751, -0.8964756203902945, 0.5226465163884211]",29.273302048254983,2.381916537264082
"[0.22653893376914325, 0.656012219821986, -0.8964770300881056, 0.522644633363664]",29.273351793751754,2.3819793697454785
"[0.22653135400911362, 0.6560130792937136, -0.8964784398151692, 0.522642750195866]",29.273401541883917,2.382042202226875
"[0.22652377305799645, 0.6560139390009209, -0.8964798498367903, 0.5226408665305907]",29.273451291071307,2.382105034708272
"[0.2265161927672424, 0.65601479873366, -0.8964812598086116, 0.5226389828278466]",29.273501042117573,2.3821678671896684
"[0.2265086119447467, 0.6560156586271315, -0.8964826699523637, 0.5226370987913973]",29.273550789698465,2.382230699671065
"[0.22650103024688065, 0.6560165187203462, -0.896484080331982, 0.5226352143357762]",29.273600543184198,2.382293532152462
"[0.22649344839010296, 0.6560173789320479, -0.8964854908141978, 0.5226333296390142]",29.273650295363105,2.382356364633858
"[0.22648586655219677, 0.6560182392420639, -0.8964869013659357, 0.5226314447453013]",29.273700049186843,2.382419197115255
"[0.22647828454532049, 0.6560190996717167, -0.8964883120221387, 0.5226295596079219]",29.273749802292727,2.382482029596652
"[0.22647070208817183, 0.6560199602529466, -0.8964897228351492, 0.5226276741569]",29.273799558842846,2.382544862078048
"[0.2264631187760021, 0.6560208210317144, -0.8964911338802893, 0.5226257882915378]",29.273849313133546,2.3826076945594448
"[0.22645553579400274, 0.6560216818735026, -0.896492544937031, 0.5226239023065472]",29.27389907022255,2.3826705270408413
"[0.22644795289758884, 0.65602254280607, -0.8964939560508759, 0.522622016141108]",29.273948827000133,2.3827333595222377
"[0.22644036884668625, 0.6560234039702318, -0.8964953674526026, 0.5226201294867163]",29.273998587515617,2.3827961920036347
"[0.22643278539563666, 0.6560242651667959, -0.8964967788157292, 0.5226182427797659]",29.274048346758303,2.382859024485031
"[0.22642520050980625, 0.6560251266268393, -0.89649819051893, 0.5226163555140139]",29.274098107613295,2.382921856966428
"[0.22641761658655735, 0.6560259880780875, -0.8964996021160098, 0.5226144682859487]",29.274147869272287,2.382984689447824
"[0.2264100320734456, 0.6560268496968829, -0.8965010138959141, 0.5226125807092507]",29.274197633072497,2.383047521929221
"[0.22640244663524844, 0.6560277115213256, -0.8965024259210592, 0.5226106927004425]",29.27424739416905,2.3831103544106176
"[0.2263948615810742, 0.6560285734027008, -0.8965038379477579, 0.5226088045853216]",29.27429715936576,2.383173186892014
"[0.2263872761134856, 0.656029435431623, -0.8965052501244567, 0.5226069161653777]",29.274346925736552,2.383236019373411
"[0.22637968979018014, 0.6560302976583817, -0.8965066625335111, 0.5226050273304436]",29.274396690816193,2.3832988518548075
"[0.2263721034635416, 0.6560311599861169, -0.8965080750162344, 0.5226031382927049]",29.27444645733624,2.383361684336204
"[0.22636451645657316, 0.6560320224917959, -0.8965094876986804, 0.5226012488835534]",29.27449622590435,2.3834245168176005
"[0.22635693023851966, 0.6560328850083927, -0.8965109003072717, 0.522599359468876]",29.274545993268745,2.3834873492989974
"[0.22634934412668753, 0.656033747613509, -0.8965123129691144, 0.5225974698786715]",29.27459576404754,2.383550181780394
"[0.22634175565957654, 0.6560346105870997, -0.8965137261426069, 0.5225955794997011]",29.274645534316747,2.3836130142617904
"[0.2263341677083068, 0.6560354736026478, -0.8965151392930977, 0.5225936890471741]",29.274695307927725,2.3836758467431873
"[0.22632658036127032, 0.6560363366501244, -0.8965165524040989, 0.5225917985430946]",29.274745079404436,2.3837386792245834
"[0.22631899288971957, 0.6560371998124017, -0.8965179656113267, 0.522589907805913]",29.2747948531219,2.3838015117059803
"[0.22631140371064437, 0.6560380632696051, -0.8965193792096465, 0.5225880164410751]",29.27484462683122,2.383864344187377
"[0.226303815673286, 0.6560389266975614, -0.8965207926683496, 0.522586125158654]",29.27489440335516,2.3839271766687737
"[0.2262962256408997, 0.6560397904532297, -0.8965222065717372, 0.5225842331767694]",29.274944179218075,2.3839900091501702
"[0.22628863643543937, 0.6560406542154849, -0.8965236203941376, 0.5225823411988116]",29.27499395704983,2.3840528416315667
"[0.22628104749179712, 0.6560415180486254, -0.8965250342408057, 0.5225804490839362]",29.275043734155403,2.3841156741129637
"[0.22627345762888684, 0.6560423820871076, -0.8965264483317866, 0.5225785565376353]",29.275093513619545,2.3841785065943597
"[0.22626586813577576, 0.6560432461841919, -0.8965278624269135, 0.5225766638813157]",29.27514329366891,2.3842413390757566
"[0.22625827674790297, 0.6560441105977391, -0.896529276948144, 0.5225747705501785]",29.2751930741994,2.384304171557153
"[0.2262506864145891, 0.6560449749919419, -0.8965306913459298, 0.522572877279752]",29.2752428568614,2.3843670040385496
"[0.22624309560107056, 0.656045839541561, -0.8965321059062499, 0.5225709836872457]",29.275292638949363,2.3844298365199466
"[0.2262355044573043, 0.6560467042295405, -0.8965335206011661, 0.5225690898100224]",29.275342421217545,2.384492669001343
"[0.22622791249136173, 0.6560475691119461, -0.8965349355223662, 0.522567195525292]",29.27539220945117,2.3845555014827395
"[0.22622032092667124, 0.6560484340493994, -0.8965363504418414, 0.5225653011383092]",29.275441993506117,2.384618333964136
"[0.22621272816752733, 0.6560492992237164, -0.8965377656570076, 0.5225634062508543]",29.275491779973922,2.384681166445533
"[0.22620513627191777, 0.6560501644004249, -0.8965391807842737, 0.5225615113764827]",29.275541567252205,2.3847439989269295
"[0.2261975441030316, 0.6560510297090617, -0.8965405960355283, 0.5225596162314787]",29.275591355819664,2.384806831408326
"[0.2261899502187706, 0.6560518953140133, -0.8965420116796174, 0.5225577204558026]",29.27564114530473,2.384869663889723
"[0.22618235744452714, 0.6560527608932484, -0.8965434271898373, 0.5225558247547525]",29.27569093481088,2.384932496371119
"[0.22617476387849242, 0.6560536266635664, -0.8965448429207298, 0.5225539286535099]",29.275740726232485,2.384995328852516
"[0.22616717015179177, 0.6560544925530281, -0.896546258754639, 0.5225520323096254]",29.275790517220365,2.3850581613339124
"[0.2261595763929534, 0.656055358546986, -0.8965476746675987, 0.5225501357551782]",29.275840310721456,2.3851209938153093
"[0.22615198213504784, 0.6560562246987165, -0.8965490907466721, 0.5225482388735049]",29.27589010430885,2.385183826296706
"[0.22614438706938672, 0.6560570910434004, -0.8965505070494393, 0.5225463415875108]",29.27593989961812,2.3852466587781023
"[0.2261367916758723, 0.6560579575263741, -0.8965519234864161, 0.5225444440169591]",29.27598969475704,2.385309491259499
"[0.2261291971533595, 0.656058824010845, -0.8965533398340217, 0.5225425464613997]",29.276039492093947,2.3853723237408953
"[0.22612160182849664, 0.6560596906877324, -0.896554756404323, 0.5225406485027277]",29.276089289294987,2.385435156222292
"[0.2261140062029359, 0.6560605574998166, -0.896556173103771, 0.5225387502662496]",29.27613908794085,2.3854979887036887
"[0.22610641002330792, 0.6560614244760303, -0.8965575899796303, 0.5225368516886053]",29.276188887966118,2.385560821185085
"[0.2260988134185786, 0.6560622916016761, -0.8965590070078547, 0.5225349528019819]",29.27623868816076,2.385623653666482
"[0.22609121677766206, 0.656063158832369, -0.8965604241159004, 0.5225330537035727]",29.27628848881389,2.3856864861478786
"[0.22608361957599407, 0.6560640262280181, -0.896561841401625, 0.5225311542621968]",29.276338290464178,2.385749318629275
"[0.2260760232857505, 0.656064893620511, -0.8965632585903804, 0.5225292548459628]",29.276388093755997,2.3858121511106716
"[0.2260684248105322, 0.6560657613634524, -0.896564676259854, 0.5225273546805599]",29.276437897801937,2.3858749835920685
"[0.22606082746414963, 0.65606662907844, -0.8965660937917879, 0.5225254545946166]",29.276487703944735,2.385937816073465
"[0.22605322987873078, 0.6560674969216698, -0.896567511441387, 0.5225235542460803]",29.27653751008819,2.3860006485548615
"[0.22604563058304206, 0.6560683650612463, -0.896568929483194, 0.5225216532668603]",29.27658731701753,2.3860634810362584
"[0.2260380328978808, 0.6560692331178012, -0.8965703472975398, 0.5225197524876574]",29.276637123938805,2.3861263135176545
"[0.22603043374541917, 0.6560701014429865, -0.8965717654587756, 0.5225178511384604]",29.27668693135695,2.3861891459990514
"[0.22602283479089333, 0.6560709698465452, -0.8965731836561457, 0.5225159496358684]",29.27673674197227,2.386251978480448
"[0.22601523486353586, 0.6560718384622906, -0.8965746021081581, 0.5225140476868781]",29.27678655246241,2.386314810961845
"[0.22600763558344192, 0.6560727071050677, -0.8965760205124379, 0.5225121456969113]",29.276836361213476,2.3863776434432413
"[0.22600003523458034, 0.6560735759710316, -0.8965774391892841, 0.5225102432364557]",29.276886174725366,2.386440475924638
"[0.22599243451231882, 0.6560744449807253, -0.8965788580089147, 0.5225083404794985]",29.276935988003743,2.3865033084060348
"[0.22598483488188853, 0.6560753139666226, -0.8965802766977998, 0.522506437792854]",29.276985802847268,2.386566140887431
"[0.22597723330653302, 0.6560761832759441, -0.8965816958228499, 0.52250453441623]",29.277035618818537,2.3866289733688277
"[0.22596963212714394, 0.6560770526410591, -0.8965831149470606, 0.5225026309356504]",29.277085434272404,2.3866918058502247
"[0.22596203058047376, 0.6560779221492478, -0.8965845342129242, 0.5225007271599981]",29.27713524987743,2.3867546383316207
"[0.22595442878231556, 0.6560787917872787, -0.8965859535988265, 0.5224988231182418]",29.27718506817636,2.3868174708130176
"[0.2259468266360118, 0.6560796615662245, -0.8965873731228186, 0.5224969187861387]",29.277234887291637,2.386880303294414
"[0.22593922434441152, 0.6560805314628865, -0.8965887927470252, 0.5224950142144793]",29.277284706343856,2.3869431357758106
"[0.22593162150784687, 0.6560814015230134, -0.8965902125460844, 0.5224931093031003]",29.2773345285348,2.3870059682572076
"[0.22592401961181047, 0.6560822715766025, -0.8965916322425755, 0.5224912044242037]",29.277384349943187,2.387068800738604
"[0.22591641644862887, 0.6560831418763253, -0.8965930522487945, 0.5224892990245846]",29.27743417092526,2.3871316332200005
"[0.2259088133506581, 0.6560840122697075, -0.8965944723159159, 0.5224873934380736]",29.27748399641366,2.387194465701397
"[0.22590120834088773, 0.6560848829831112, -0.8965958928132172, 0.5224854871690898]",29.277533819480563,2.387257298182794
"[0.22589360439807904, 0.6560857536755109, -0.896597313184319, 0.5224835809642464]",29.277583643537767,2.3873201306641905
"[0.2258859999217032, 0.6560866245301589, -0.8965987337281794, 0.5224816744223385]",29.277633469022526,2.387382963145587
"[0.22587839584596583, 0.6560874954400836, -0.8966001542702817, 0.5224797677775612]",29.277683295174683,2.387445795626984
"[0.2258707905769807, 0.6560883665878499, -0.8966015751083916, 0.5224778606302299]",29.277733124256955,2.3875086281083804
"[0.2258631869160558, 0.6560892376525745, -0.8966029957191499, 0.52247595368283]",29.277782952282333,2.387571460589777
"[0.22585558134595654, 0.6560901090372018, -0.8966044167596893, 0.5224740460532343]",29.277832783293093,2.3876342930711734
"[0.22584797483514654, 0.6560909806308096, -0.8966058380490985, 0.5224721379842598]",29.27788261426356,2.3876971255525703
"[0.22584036907593005, 0.6560918522395094, -0.8966072592711634, 0.5224702299003783]",29.277932445543147,2.387759958033967
"[0.22583276265904853, 0.656092724024796, -0.8966086806892142, 0.5224683214480458]",29.277982278520827,2.3878227905153633
"[0.2258251561695765, 0.6560935959196252, -0.8966101021939238, 0.522466412774027]",29.278032112482475,2.38788562299676
"[0.22581754897906667, 0.6560944679960524, -0.896611523902742, 0.522464503720587]",29.278081944190312,2.3879484554781563
"[0.2258099418504069, 0.6560953401666335, -0.8966129456730982, 0.5224625944791463]",29.27813178125104,2.388011287959553
"[0.22580233441793907, 0.6560962124733117, -0.8966143675733305, 0.5224606849578988]",29.278181618269738,2.3880741204409497
"[0.22579472708081433, 0.6560970848702854, -0.8966157895288361, 0.5224587752570687]",29.2782314554636,2.388136952922346
"[0.22578711843118987, 0.6560979575190671, -0.8966172118027766, 0.5224568650231365]",29.278281292638425,2.388199785403743
"[0.22577951066436797, 0.656098830167872, -0.8966186339847898, 0.5224549548072487]",29.278331131833415,2.3882626178851396
"[0.2257719020636562, 0.656099703013612, -0.8966200563957859, 0.5224530441783627]",29.278380970802463,2.388325450366536
"[0.2257642931032144, 0.6561005760019231, -0.896621478947133, 0.5224511332554862]",29.278430812570228,2.3883882828479326
"[0.22575668343062166, 0.6561014491732491, -0.896622901704731, 0.5224492219500789]",29.27848065575687,2.3884511153293295
"[0.2257490752771288, 0.6561023222715623, -0.8966243242513923, 0.5224473108225702]",29.27853049650832,2.388513947810726
"[0.22574146532855888, 0.6561031956771946, -0.8966257472067897, 0.522445399040446]",29.278580340662334,2.3885767802921225
"[0.2257338554110378, 0.6561040691805962, -0.8966271702294834, 0.5224434870623889]",29.278630185214837,2.3886396127735194
"[0.225726244557463, 0.656104942892794, -0.8966285935003263, 0.5224415746453757]",29.278680029578126,2.388702445254916
"[0.22571863310172666, 0.6561058167754922, -0.8966300169568951, 0.5224396618732347]",29.278729876742048,2.3887652777363124
"[0.2257110226903161, 0.656106690639641, -0.8966314402912618, 0.5224377491597509]",29.27877972397889,2.388828110217709
"[0.2257034124718661, 0.6561075645829855, -0.8966328636626294, 0.5224358362909827]",29.27882957282783,2.388890942699106
"[0.2256958009415239, 0.656108438778352, -0.896634287352469, 0.5224339228886404]",29.27887941986485,2.3889537751805023
"[0.22568818854307227, 0.6561093131748249, -0.8966357112777993, 0.5224320090641795]",29.278929272713437,2.389016607661899
"[0.22568057649528986, 0.6561101876324174, -0.8966371352106467, 0.5224300951239894]",29.27897912095682,2.3890794401432958
"[0.2256729641650678, 0.6561110622238655, -0.8966385592694366, 0.5224281809088734]",29.27902897307941,2.389142272624692
"[0.22566535133498436, 0.6561119369741543, -0.8966399834948496, 0.5224262663641358]",29.27907882667451,2.3892051051060887
"[0.2256577390599417, 0.6561128117620842, -0.8966414076895258, 0.5224243517550515]",29.279128678369567,2.3892679375874852
"[0.22565012609635068, 0.6561136867305558, -0.8966428320861286, 0.5224224367688463]",29.279178532924167,2.3893307700688817
"[0.22564251198820137, 0.6561145619320398, -0.8966442567699977, 0.5224205212907043]",29.279228387856673,2.3893936025502787
"[0.22563489848036458, 0.6561154371659462, -0.8966456814146555, 0.5224186057596027]",29.279278245635407,2.389456435031675
"[0.22562728466273832, 0.6561163125369314, -0.896647106190388, 0.5224166899465219]",29.27932810344009,2.389519267513072
"[0.22561967084913162, 0.656117188008911, -0.896648531038473, 0.5224147739304219]",29.2793779619027,2.389582099994468
"[0.22561205611508495, 0.656118063688194, -0.8966499561319228, 0.5224128574786304]",29.279427819756815,2.389644932475865
"[0.22560444026564935, 0.6561189395972555, -0.8966513815072455, 0.5224109405419781]",29.279477681617507,2.3897077649572616
"[0.22559682548292015, 0.6561198154851227, -0.8966528067560381, 0.5224090236697104]",29.279527541613632,2.389770597438658
"[0.22558920976911007, 0.6561206915815969, -0.8966542322522173, 0.5224071063589122]",29.279577404307858,2.389833429920055
"[0.2255815941165016, 0.6561215677725359, -0.8966556578100577, 0.52240518885937]",29.27962726717083,2.3898962624014515
"[0.2255739777957687, 0.6561224441418714, -0.8966570835660831, 0.522403270987412]",29.27967713096095,2.389959094882848
"[0.22556636201103433, 0.6561233205510536, -0.8966585092948824, 0.522401353046239]",29.27972699387911,2.3900219273642445
"[0.22555874544362609, 0.6561241971518379, -0.8966599352433191, 0.5223994347037453]",29.279776861380228,2.3900847598456414
"[0.225551128324047, 0.6561250739177236, -0.8966613613682538, 0.5223975160179263]",29.27982672485614,2.390147592327038
"[0.22554351126648445, 0.6561259507780258, -0.8966627875546963, 0.5223955971434652]",29.279876594303005,2.3902104248084344
"[0.22553589421311476, 0.656126827739402, -0.8966642138134671, 0.5223936780657908]",29.27992646016474,2.3902732572898313
"[0.2255282773733227, 0.6561277047777424, -0.8966656401053525, 0.5223917588376592]",29.27997633377889,2.3903360897712274
"[0.2255206596454702, 0.6561285820199105, -0.8966670666366447, 0.5223898391814543]",29.28002620206195,2.3903989222526243
"[0.22551303984205026, 0.6561294596027163, -0.8966684936297601, 0.5223879187978028]",29.280076072706237,2.390461754734021
"[0.22550542120081774, 0.656130337153277, -0.8966699204783581, 0.5223859985026661]",29.280125944867258,2.3905245872154173
"[0.2254978032115902, 0.6561312147303316, -0.8966713472779567, 0.5223840781675066]",29.28017581769793,2.390587419696814
"[0.22549018404540766, 0.6561320925445825, -0.8966727743711107, 0.5223821573312583]",29.28022569150153,2.3906502521782107
"[0.2254825641546713, 0.6561329705439466, -0.8966742016731072, 0.5223802361078919]",29.28027556576868,2.3907130846596076
"[0.22547494426820883, 0.6561338486444593, -0.8966756290474326, 0.5223783146811355]",29.280325440882624,2.3907759171410037
"[0.22546732450007212, 0.6561347268329785, -0.8966770564727163, 0.5223763930797446]",29.280375317522143,2.3908387496224006
"[0.2254597033357132, 0.6561356052840837, -0.8966784842326941, 0.5223744709217151]",29.280425195027487,2.3909015821037976
"[0.22545208356584961, 0.6561364836761044, -0.8966799118045451, 0.5223725489108973]",29.280475073722254,2.3909644145851936
"[0.2254444627293272, 0.6561373622927544, -0.8966813396493587, 0.5223706264264943]",29.280524954130847,2.3910272470665905
"[0.22543684139552753, 0.656138241068419, -0.8966827676604733, 0.5223687036120765]",29.280574830780004,2.391090079547987
"[0.22542921937368166, 0.6561391200251213, -0.8966841958736459, 0.5223667804194584]",29.280624714235028,2.3911529120293835
"[0.22542159773470408, 0.6561399990393736, -0.8966856240882075, 0.5223648571188347]",29.280674597481948,2.3912157445107804
"[0.22541397633217092, 0.6561408781280503, -0.8966870523315831, 0.522362933673277]",29.280724478976037,2.391278576992177
"[0.2254063535364533, 0.6561417574791467, -0.896688480909175, 0.5223610096714542]",29.280774364286895,2.3913414094735734
"[0.22539873080141218, 0.6561426369249753, -0.8966899095485318, 0.5223590854802632]",29.280824248048784,2.39140424195497
"[0.22539110758017086, 0.6561435165286397, -0.8966913383521491, 0.5223571609616355]",29.280874132927817,2.391467074436367
"[0.22538348497377134, 0.6561443961630951, -0.8966927671136554, 0.5223552363935319]",29.28092401856029,2.3915299069177633
"[0.22537586145303648, 0.6561452760048136, -0.8966941961196734, 0.5223533113898458]",29.28097390681414,2.39159273939916
"[0.22536823769309786, 0.6561461559759038, -0.8966956252436646, 0.5223513861209983]",29.281023794902193,2.3916555718805568
"[0.22536061396181245, 0.656147036045448, -0.896697054435415, 0.5223494606546253]",29.281073685219457,2.391718404361953
"[0.22535298948271665, 0.6561479163030995, -0.896698483840492, 0.5223475347945816]",29.281123574859603,2.3917812368433498
"[0.22534536400061603, 0.6561487967783582, -0.8966999135067572, 0.52234560847633]",29.28117346566844,2.3918440693247462
"[0.22533773910619925, 0.656149677287578, -0.89670134313598, 0.522343682101665]",29.28122335852419,2.391906901806143
"[0.22533011512216708, 0.6561505577934209, -0.8967027726676339, 0.5223417557522247]",29.281273252281135,2.3919697342875397
"[0.22532248905140692, 0.6561514386420991, -0.8967042026636988, 0.5223398286706185]",29.281323145608688,2.392032566768936
"[0.2253148631301281, 0.6561523195753423, -0.8967056327048779, 0.5223379014218659]",29.28137304032074,2.392095399250333
"[0.2253072368675256, 0.6561532006498639, -0.8967070628832057, 0.522335973881902]",29.281422936306107,2.392158231731729
"[0.22529961046387958, 0.6561540818425083, -0.8967084931611284, 0.5223340461013559]",29.281472832008607,2.392221064213126
"[0.22529198286351562, 0.6561549632753078, -0.8967099237366412, 0.5223321178132857]",29.28152272971945,2.3922838966945226
"[0.22528435620712509, 0.6561558447008896, -0.896711354208252, 0.5223301895588552]",29.281572628905373,2.392346729175919
"[0.22527672925035785, 0.6561567262630432, -0.8967127848093404, 0.5223282610234876]",29.28162252741448,2.392409561657316
"[0.22526910279383264, 0.6561576078692376, -0.8967142153897242, 0.5223263324096138]",29.281672427939576,2.3924723941387125
"[0.22526147398698157, 0.6561584898490248, -0.8967156464841386, 0.5223244029962977]",29.281722329103758,2.392535226620109
"[0.22525384637322224, 0.6561593717927736, -0.896717077427883, 0.522322473679651]",29.281772231248457,2.3925980591015055
"[0.22524621812562087, 0.6561602539117186, -0.8967185085636766, 0.5223205439975828]",29.281822134387003,2.3926608915829024
"[0.22523858918666698, 0.6561611362125164, -0.8967199399023263, 0.5223186139355125]",29.28187203748843,2.392723724064299
"[0.2252309606364369, 0.6561620185702829, -0.896721371241185, 0.522316683766646]",29.281921943542965,2.3927865565456954
"[0.22522333048136287, 0.6561629012156418, -0.8967228029543164, 0.5223147529865027]",29.28197184716907,2.3928493890270923
"[0.22521570102513588, 0.6561637838820749, -0.8967242346094714, 0.5223128221780432]",29.282021756311575,2.392912221508489
"[0.22520807213692512, 0.6561646665847364, -0.8967256662311731, 0.5223108913081492]",29.282071662097387,2.3929750539898853
"[0.22520044132002387, 0.656165549612531, -0.8967270982879634, 0.5223089597448521]",29.282121571632423,2.393037886471282
"[0.22519281114972256, 0.6561664326674715, -0.8967285302965585, 0.5223070281399748]",29.282171482679285,2.3931007189526787
"[0.22518517988909742, 0.6561673159505894, -0.8967299625829402, 0.5223050960537805]",29.282221392267484,2.393163551434075
"[0.22517754923331929, 0.6561681992656805, -0.8967313948289499, 0.5223031639154372]",29.282271301567835,2.3932263839154717
"[0.22516991758593924, 0.6561690827975628, -0.8967328273342358, 0.5223012313206817]",29.282321215391594,2.3932892163968686
"[0.22516228712618722, 0.6561699662939386, -0.8967342596897354, 0.5222992988213746]",29.282371129150803,2.3933520488782647
"[0.22515465467919088, 0.656170850122428, -0.8967356924914285, 0.5222973656134063]",29.282421044077502,2.3934148813596616
"[0.22514702298783226, 0.6561717339654362, -0.8967371252244203, 0.5222954323914588]",29.282470956395915,2.393477713841058
"[0.22513938976311437, 0.6561726180880724, -0.8967385583184405, 0.5222934985756591]",29.282520871659433,2.3935405463224546
"[0.2251317572119795, 0.6561735022347367, -0.8967399913591568, 0.5222915647250751]",29.28257078882339,2.3936033788038515
"[0.2251241237600391, 0.6561743865878076, -0.8967414246421641, 0.5222896304407942]",29.282620707822627,2.393666211285248
"[0.22511649125650796, 0.6561752709330526, -0.8967428578202425, 0.5222876961913919]",29.282670626502448,2.3937290437666445
"[0.2251088566176329, 0.656176155627796, -0.8967442914724504, 0.5222857611953233]",29.282720543916383,2.393791876248041
"[0.2251012235450441, 0.6561770402431099, -0.8967457249036879, 0.5222838263907358]",29.282770465386214,2.393854708729438
"[0.22509358972389817, 0.6561779250472524, -0.8967471585486488, 0.5222818911908974]",29.28282038691012,2.3939175412108344
"[0.22508595426574013, 0.6561788101432544, -0.8967485925742152, 0.5222799553704728]",29.282870308446892,2.393980373692231
"[0.22507831990960953, 0.6561796952136058, -0.8967500264659689, 0.5222780196238841]",29.282920231653524,2.394043206173628
"[0.22507068489141122, 0.6561805804628414, -0.8967514605552291, 0.5222760835038099]",29.282970155958918,2.3941060386550244
"[0.225063049287792, 0.6561814658820628, -0.8967528948276179, 0.5222741470296778]",29.28302008072656,2.394168871136421
"[0.2250554137608192, 0.6561823513945412, -0.8967543291587702, 0.5222722103693289]",29.28307000682428,2.3942317036178173
"[0.22504777660294248, 0.6561832371983275, -0.8967557638694673, 0.5222702730896075]",29.283119931825933,2.3942945360992143
"[0.22504014170557743, 0.6561841228420605, -0.8967571982286574, 0.5222683361776485]",29.283169860950743,2.3943573685806108
"[0.22503250538643066, 0.6561850087528696, -0.8967586329281118, 0.5222663986993112]",29.283219791839837,2.3944202010620073
"[0.22502486833668794, 0.6561858948506142, -0.8967600678379967, 0.5222644608298673]",29.28326971895717,2.394483033543404
"[0.22501723091174883, 0.6561867810940745, -0.8967615028915487, 0.5222625226594575]",29.283319648536438,2.3945458660248002
"[0.22500959450030497, 0.6561876673221041, -0.8967629378278217, 0.5222605845405028]",29.28336957972444,2.394608698506197
"[0.22500195704662931, 0.6561885537732746, -0.896764373033097, 0.5222586459512575]",29.28341951104177,2.3946715309875937
"[0.22499431963202368, 0.6561894403221068, -0.8967658083041895, 0.5222567071661358]",29.283469446158485,2.39473436346899
"[0.2249866798077603, 0.6561903272528953, -0.8967672441013083, 0.5222547675634197]",29.283519378975445,2.394797195950387
"[0.22497904134642105, 0.6561912141276937, -0.8967686797154607, 0.5222528281008442]",29.2835693136939,2.3948600284317836
"[0.2249714022002945, 0.6561921011842424, -0.8967701155314892, 0.5222508882585003]",29.283619248777818,2.39492286091318
"[0.22496376300831422, 0.6561929883483589, -0.8967715514293099, 0.5222489481986075]",29.28366918643369,2.3949856933945766
"[0.2249561236258712, 0.6561938756368498, -0.8967729874361013, 0.5222470078844162]",29.283719122373473,2.3950485258759735
"[0.22494848431056186, 0.6561947630198024, -0.8967744235034395, 0.5222450673813394]",29.28376906146598,2.39511135835737
"[0.2249408453113828, 0.6561956504682747, -0.8967758595845068, 0.5222431267526505]",29.283819004254397,2.3951741908387665
"[0.2249332036273099, 0.656196538330965, -0.8967772962435047, 0.5222411852358477]",29.283868944095513,2.3952370233201634
"[0.2249255637549166, 0.6561974260854474, -0.8967787326350721, 0.5222392439733339]",29.2839188841502,2.39529985580156
"[0.22491792193682705, 0.6561983141683335, -0.8967801694656395, 0.5222373020103624]",29.28396882624325,2.3953626882829564
"[0.224910282865494, 0.6561992020342827, -0.8967816058529055, 0.52223536053942]",29.28401876923631,2.3954255207643533
"[0.224902641027223, 0.6562000903241361, -0.8967830428336147, 0.5222334181591947]",29.284068714293948,2.39548835324575
"[0.2248949982304678, 0.6562009788277627, -0.8967844800677514, 0.5222314753291858]",29.284118655839006,2.3955511857271463
"[0.2248873562909359, 0.6562018673340745, -0.896785917213867, 0.5222295325109556]",29.284168604206744,2.395614018208543
"[0.2248797146765032, 0.6562027559048916, -0.896787354372014, 0.522227589569295]",29.284218550369914,2.3956768506899397
"[0.2248720721255422, 0.656203644686974, -0.8967887917794667, 0.5222256461833402]",29.284268498032482,2.3957396831713362
"[0.22486442838535844, 0.6562045337097416, -0.8967902294837781, 0.5222237022887565]",29.28431844817067,2.3958025156527327
"[0.22485678485010369, 0.6562054228110484, -0.8967916672227334, 0.5222217582400682]",29.284368397795397,2.3958653481341297
"[0.2248491422241491, 0.6562063119089561, -0.8967931048638205, 0.5222198142164448]",29.284418347667966,2.3959281806155257
"[0.22484149837254097, 0.6562072012518373, -0.8967945428086403, 0.5222178696748105]",29.284468299238828,2.3959910130969226
"[0.22483385394885064, 0.656208090763683, -0.8967959809342666, 0.5222159247813576]",29.28451825035767,2.396053845578319
"[0.22482620993932653, 0.6562089803297427, -0.8967974190551554, 0.5222139797869878]",29.284568202247986,2.3961166780597156
"[0.22481856517510151, 0.6562098700860477, -0.8967988573912146, 0.5222120343942697]",29.284618157072345,2.3961795105411126
"[0.22481092040257086, 0.6562107599457446, -0.8968002958020179, 0.5222100887931034]",29.284668112566386,2.396242343022509
"[0.22480327411936887, 0.6562116500837419, -0.8968017345702616, 0.5222081426010683]",29.28471806603029,2.396305175503906
"[0.22479562936239075, 0.6562125401465001, -0.8968031731245018, 0.5222061965911362]",29.284768024967647,2.396368007985302
"[0.22478798398855182, 0.6562134303835232, -0.8968046118679946, 0.5222042502177976]",29.28481798247218,2.396430840466699
"[0.2247803372449225, 0.6562143208825173, -0.8968060509424548, 0.5222023032892922]",29.284867940911717,2.3964936729480955
"[0.22477269106508133, 0.6562152114183308, -0.8968074899839996, 0.5222003562978815]",29.284917899674728,2.396556505429492
"[0.2247650444471106, 0.6562161021076552, -0.8968089291811875, 0.5221984089884392]",29.284967860907805,2.396619337910889
"[0.22475739718790474, 0.6562169929741588, -0.8968103685722565, 0.5221964613092076]",29.285017820447045,2.3966821703922854
"[0.22474974993807456, 0.6562178839420726, -0.8968118080347514, 0.5221945134258467]",29.285067782985607,2.396745002873682
"[0.22474210234374845, 0.6562187750526388, -0.8968132476352803, 0.5221925652481938]",29.285117747113095,2.3968078353550784
"[0.22473445515946958, 0.6562196662179308, -0.8968146872318019, 0.5221906169684678]",29.285167710929542,2.3968706678364753
"[0.22472680651139323, 0.6562205576563396, -0.8968161271770805, 0.5221886681092194]",29.285217676545532,2.396933500317872
"[0.2247191577539294, 0.656221449210046, -0.8968175672161501, 0.5221867190154765]",29.28526764195761,2.3969963327992683
"[0.22471150935227593, 0.6562223408248198, -0.8968190072614202, 0.5221847698057903]",29.285317607512134,2.397059165280665
"[0.22470385982436403, 0.6562232326734528, -0.896820447591941, 0.5221828201024123]",29.285367576083573,2.3971219977620613
"[0.22469621033023104, 0.6562241246207192, -0.8968218879892998, 0.5221808702009634]",29.285417543715525,2.397184830243458
"[0.22468856089332387, 0.6562250166638849, -0.8968233284490751, 0.5221789201074175]",29.285467513102663,2.3972476627248547
"[0.22468091190137138, 0.6562259087577272, -0.896824768898242, 0.5221769699206326]",29.285517485025068,2.397310495206251
"[0.22467326183942937, 0.6562268010789446, -0.8968262096220976, 0.522175019254329]",29.28556745592728,2.397373327687648
"[0.22466561107774397, 0.6562276935843886, -0.8968276505509325, 0.5221730682028357]",29.28561742909552,2.3974361601690446
"[0.22465795913057096, 0.6562285863307639, -0.8968290917762554, 0.5221711166421983]",29.285667401889864,2.3974989926504415
"[0.22465030872118966, 0.6562294790003416, -0.8968305327851313, 0.5221691652669731]",29.28571737523407,2.3975618251318376
"[0.22464265750138662, 0.6562303718671036, -0.8968319740198489, 0.5221672134782295]",29.285767347805795,2.3976246576132345
"[0.224635006267764, 0.656231264838108, -0.8968334153303615, 0.5221652614791379]",29.285817324190905,2.397687490094631
"[0.2246273538964477, 0.6562321580445477, -0.8968348569283908, 0.5221633089829172]",29.285867300605734,2.3977503225760275
"[0.22461970165157247, 0.6562330513388903, -0.8968362985758025, 0.5221613563120644]",29.285917282100666,2.3978131550574244
"[0.22461204821182035, 0.6562339448753985, -0.8968377405215372, 0.5221594031293686]",29.285967256145057,2.397875987538821
"[0.22460439676512217, 0.6562348382818739, -0.8968391821649561, 0.5221574502484189]",29.286017235934185,2.3979388200202174
"[0.22459674261599477, 0.6562357321065914, -0.8968406243907611, 0.5221554964707504]",29.286067217447783,2.398001652501614
"[0.22458909022700022, 0.6562366258284482, -0.8968420663581079, 0.5221535429354213]",29.28611719737323,2.398064484983011
"[0.22458143635150093, 0.6562375198266136, -0.8968435086787616, 0.5221515888136226]",29.286167180996056,2.3981273174644073
"[0.2245737810036458, 0.6562384140994957, -0.8968449513500951, 0.5221496341088406]",29.28621716461701,2.398190149945804
"[0.22456612691764732, 0.6562393083276999, -0.8968463938568355, 0.5221476795192078]",29.28626714746123,2.3982529824272008
"[0.22455847272006604, 0.6562402026716669, -0.8968478364578031, 0.5221457246940325]",29.286317131880875,2.398315814908597
"[0.22455081743150684, 0.6562410972458466, -0.8968492793375993, 0.5221437693831432]",29.286367117518896,2.3983786473899937
"[0.2245431629353293, 0.6562419918301847, -0.8968507221412434, 0.5221418140675415]",29.28641710518438,2.3984414798713902
"[0.2245355072285172, 0.6562428866587487, -0.8968521652462903, 0.5221398582355851]",29.286467090280805,2.398504312352787
"[0.22452785151239502, 0.6562437815911869, -0.8968536084262979, 0.5221379021940783]",29.286517081122508,2.3985671448341837
"[0.22452019578996557, 0.6562446766271233, -0.8968550516806993, 0.5221359459438143]",29.286567070352017,2.39862997731558
"[0.22451253937957322, 0.6562455718462789, -0.8968564951380027, 0.5221339893105611]",29.286617059208965,2.398692809796977
"[0.22450488296723087, 0.656246467168456, -0.8968579386688795, 0.5221320324696005]",29.286667050430495,2.398755642278373
"[0.22449722625126645, 0.6562473626289388, -0.8968593823302072, 0.5221300753438121]",29.286717044255834,2.39881847475977
"[0.22448956899041905, 0.65624825825596, -0.8968608261674816, 0.5221281178714886]",29.28676703596683,2.3988813072411665
"[0.22448191082858465, 0.6562491540912023, -0.8968622702478646, 0.5221261599615316]",29.286817028080343,2.398944139722563
"[0.22447425297509424, 0.6562500499932148, -0.8968637143433192, 0.5221242019230913]",29.286867024426275,2.39900697220396
"[0.2244665953913986, 0.6562509459665071, -0.8968651584611008, 0.5221222437463158]",29.2869170211639,2.3990698046853565
"[0.22445893698351707, 0.6562518421390588, -0.8968666028075262, 0.522120285151469]",29.286967018306445,2.399132637166753
"[0.22445127792891137, 0.6562527384901696, -0.8968680473491389, 0.5221183261838261]",29.287017015050942,2.39919546964815
"[0.2244436183702491, 0.6562536350031649, -0.8968694920590425, 0.5221163668798285]",29.287067010244275,2.3992583021295464
"[0.22443595888905507, 0.6562545316099632, -0.8968709368275569, 0.5221144073882389]",29.28711701245755,2.399321134610943
"[0.22442830008661183, 0.6562554282402007, -0.8968723815412465, 0.5221124478628609]",29.287167010501697,2.3993839670923394
"[0.2244206385871001, 0.6562563252891133, -0.8968738268369311, 0.5221104874399195]",29.287217013907,2.3994467995737363
"[0.22441297998816834, 0.6562572221012757, -0.896875271658644, 0.5221085275517666]",29.287267016314562,2.399509632055133
"[0.22440531940311628, 0.656258119248935, -0.8968767169282552, 0.5221065669478461]",29.287317017856605,2.3995724645365293
"[0.22439765895791772, 0.6562590164831378, -0.8968781622446959, 0.5221046061722038]",29.287367022124336,2.399635297017926
"[0.22438999771007492, 0.6562599139142882, -0.896879607785794, 0.5221026449835652]",29.28741702688135,2.3996981294993227
"[0.22438233671002383, 0.65626081141936, -0.8968810533533526, 0.5221006836507912]",29.287467033190197,2.399760961980719
"[0.22437467450097853, 0.6562617091690176, -0.8968824992222669, 0.5220987218009044]",29.287517038925127,2.3998237944621157
"[0.22436701246632, 0.6562626070012199, -0.8968839451314985, 0.5220967597880347]",29.28756704513373,2.3998866269435126
"[0.2243593508802385, 0.6562635048838196, -0.8968853910292909, 0.5220947976824201]",29.287617055391593,2.399949459424909
"[0.22435168752496024, 0.6562644030767523, -0.896886837334198, 0.5220928349160368]",29.28766706291646,2.4000122919063056
"[0.2243440246736025, 0.6562653013136206, -0.8968882836172272, 0.5220908720710269]",29.287717071846373,2.4000751243877025
"[0.22433636067814533, 0.6562661997876216, -0.8968897301894297, 0.522088908725214]",29.287767084147227,2.4001379568690986
"[0.22432869871471386, 0.6562670981263908, -0.8968911764512959, 0.5220869456922818]",29.287817096442176,2.4002007893504955
"[0.22432103515003057, 0.6562679967558976, -0.8968926230886295, 0.5220849820413938]",29.287867110403464,2.400263621831892
"[0.22431337083084735, 0.656268895576919, -0.8968940699416166, 0.5220830179893908]",29.28791712343407,2.4003264543132885
"[0.22430570602410999, 0.6562697945581693, -0.8968955169598778, 0.5220810536046309]",29.287967136655954,2.4003892867946854
"[0.22429804249080854, 0.6562706934930916, -0.8968969638109449, 0.5220790893384595]",29.288017154747042,2.400452119276082
"[0.22429037677876015, 0.6562715927866515, -0.8968984111465853, 0.522077124305988]",29.288067169775186,2.4005149517574784
"[0.22428271097411948, 0.6562724921941555, -0.89689985857295, 0.5220751590418915]",29.28811718700155,2.400577784238875
"[0.22427504701749623, 0.6562733914878877, -0.8969013057235886, 0.5220731940437395]",29.288167204723674,2.400640616720272
"[0.22426738100197446, 0.6562742911262931, -0.8969027533362253, 0.5220712283098056]",29.288217225783516,2.4007034492016683
"[0.22425971457855867, 0.6562751909156836, -0.8969042010991205, 0.52206926226332]",29.288267244914014,2.400766281683065
"[0.22425204698076334, 0.6562760909460158, -0.8969056491570443, 0.5220672957076953]",29.288317264831118,2.4008291141644618
"[0.22424438183091291, 0.6562769907921042, -0.8969070968258773, 0.5220653295719774]",29.288367288885723,2.4008919466458583
"[0.22423671436318426, 0.6562778910134262, -0.8969085450057052, 0.5220633626337202]",29.288417310719364,2.4009547791272547
"[0.22422904690198983, 0.6562787913371204, -0.8969099932575367, 0.5220613954891119]",29.28846733375265,2.4010176116086512
"[0.2242213790463458, 0.6562796918102819, -0.8969114416571112, 0.5220594280352526]",29.288517359079837,2.401080444090048
"[0.2242137111966204, 0.6562805923859055, -0.896912890128803, 0.522057460374846]",29.288567382865658,2.4011432765714447
"[0.2242060426898602, 0.6562814931418558, -0.8969143387978495, 0.5220554923377533]",29.288617409168676,2.401206109052841
"[0.22419837514783902, 0.6562823938876486, -0.8969157873578687, 0.5220535243401698]",29.288667436249302,2.401268941534238
"[0.22419070658076848, 0.6562832948570233, -0.8969172361847711, 0.5220515558713934]",29.288717464524794,2.401331774015634
"[0.22418303796691216, 0.6562841959350771, -0.896918685093742, 0.5220495871824764]",29.288767493839657,2.401394606497031
"[0.22417536712729585, 0.6562850973778888, -0.8969201344965043, 0.5220476177139368]",29.28881752421428,2.4014574389784276
"[0.22416769844603662, 0.6562859986702768, -0.8969215835646756, 0.5220456485913535]",29.28886755470458,2.401520271459824
"[0.22416002819756786, 0.6562869002500513, -0.8969230330022263, 0.5220436788581668]",29.28891758546154,2.401583103941221
"[0.22415235879227924, 0.6562878018339207, -0.8969244823536717, 0.5220417091333133]",29.288967619715976,2.4016459364226175
"[0.22414468751359537, 0.6562887037412788, -0.896925932132393, 0.5220397387190218]",29.289017653859638,2.401708768904014
"[0.22413701700866678, 0.6562896056609104, -0.8969273818381237, 0.5220377682951973]",29.289067687838273,2.4017716013854105
"[0.22412934573021506, 0.6562905077747511, -0.8969288317632894, 0.5220357974643628]",29.289117722837943,2.4018344338668074
"[0.22412167399872415, 0.6562914100451389, -0.8969302818473301, 0.5220338263087975]",29.289167758210134,2.401897266348204
"[0.22411400238570867, 0.656292312404868, -0.8969317319822191, 0.5220318549753241]",29.289217796331478,2.4019600988296004
"[0.2241063294242835, 0.656293215026503, -0.8969331824452484, 0.5220298830869499]",29.28926783493261,2.4020229313109973
"[0.22409865828703204, 0.6562941175368245, -0.8969346326366753, 0.5220279114590145]",29.289317874573698,2.402085763792394
"[0.2240909866219226, 0.6562950202125336, -0.8969360830011149, 0.5220259394870372]",29.28936791329822,2.4021485962737903
"[0.22408331271449827, 0.6562959232553872, -0.8969375338627318, 0.5220239667302415]",29.28941795340339,2.402211428755187
"[0.224075639586171, 0.6562968263098975, -0.8969389846502969, 0.5220219939652454]",29.28946799422338,2.4022742612365837
"[0.2240679661918255, 0.6562977294990405, -0.896940435561404, 0.5220200209233828]",29.289518038228668,2.40233709371798
"[0.2240602921235928, 0.6562986328708467, -0.8969418866731819, 0.5220180474997328]",29.289568081107095,2.4023999261993767
"[0.22405261844488378, 0.6562995363001441, -0.8969433377845462, 0.5220160739677342]",29.28961812638377,2.4024627586807736
"[0.2240449443733255, 0.656300439879042, -0.8969447890434405, 0.5220141001261716]",29.28966817170532,2.4025255911621697
"[0.22403726864308418, 0.6563013437566274, -0.896946240689274, 0.5220121256493712]",29.289718218337818,2.4025884236435666
"[0.22402959475363257, 0.6563022475208079, -0.8969476920602127, 0.5220101514375263]",29.28976826573311,2.402651256124963
"[0.22402191936047183, 0.6563031515654648, -0.8969491437887963, 0.522008176630225]",29.289818311328393,2.4027140886063596
"[0.2240142433864399, 0.6563040557819462, -0.8969505957005021, 0.5220062014648135]",29.289868360673697,2.4027769210877565
"[0.22400656834978433, 0.6563049599913963, -0.8969520475081443, 0.5220042263319764]",29.289918410052703,2.402839753569153
"[0.22399889189843777, 0.6563058644709293, -0.8969534996566411, 0.5220022506263918]",29.289968463148224,2.4029025860505495
"[0.22399121436729566, 0.6563067691811385, -0.8969549520826706, 0.522000274434145]",29.29001851242365,2.402965418531946
"[0.22398353824857165, 0.6563076738283381, -0.8969564043147492, 0.5219982983967385]",29.290068565869852,2.403028251013343
"[0.22397586151672821, 0.6563085786512471, -0.896957856736067, 0.5219963219927465]",29.29011861702142,2.40309108349474
"[0.22396818350286066, 0.6563094837286898, -0.8969593094732063, 0.521994345049945]",29.290168673974794,2.403153915976136
"[0.2239605059498992, 0.6563103888552868, -0.896960762196394, 0.5219923680169927]",29.290218728798045,2.403216748457533
"[0.223952827579053, 0.6563112941817831, -0.8969622151475997, 0.5219903905645995]",29.29026878389441,2.4032795809389293
"[0.22394515071106602, 0.656312199434541, -0.8969636678876629, 0.5219884132904558]",29.29031884076936,2.403342413420326
"[0.22393747129969427, 0.6563131050907128, -0.8969651211822888, 0.5219864351523522]",29.290368898186113,2.4034052459017228
"[0.22392979306340757, 0.6563140107117975, -0.8969665743277874, 0.5219844571080676]",29.29041895862215,2.4034680783831193
"[0.22392211378120966, 0.6563149165597528, -0.8969680277444873, 0.5219824785854338]",29.29046901651398,2.4035309108645158
"[0.22391443436476113, 0.656315822527065, -0.8969694812598549, 0.52198049981928]",29.290519078024488,2.4035937433459122
"[0.22390675466250531, 0.6563167286316244, -0.8969709349025764, 0.5219785207705303]",29.29056913979274,2.403656575827309
"[0.22389907529714104, 0.6563176347999553, -0.8969723885547803, 0.5219765415996565]",29.29061920146422,2.4037194083087057
"[0.22389139459745996, 0.6563185412292893, -0.8969738425328236, 0.5219745618758892]",29.290669265491942,2.403782240790102
"[0.22388371397090162, 0.6563194477535532, -0.8969752965702876, 0.5219725819619467]",29.29071933023455,2.403845073271499
"[0.22387603332883405, 0.6563203543832092, -0.8969767506839446, 0.5219706018349758]",29.290769397088958,2.403907905752895
"[0.2238683515094037, 0.656321261255429, -0.8969782050937719, 0.5219686211953873]",29.290819459351294,2.403970738234292
"[0.22386067045879993, 0.6563221681404672, -0.8969796594312942, 0.5219666405449523]",29.290869525121327,2.4040335707156886
"[0.22385298774250773, 0.6563230753257824, -0.8969811141574737, 0.5219646592558578]",29.29091959368013,2.4040964031970855
"[0.22384530633783714, 0.6563239824598054, -0.8969825687085562, 0.5219626780959155]",29.29096966337865,2.404159235678482
"[0.2238376237039084, 0.6563248898426173, -0.8969840235656747, 0.5219606964097672]",29.291019731887214,2.4042220681598785
"[0.22382994064327838, 0.6563257973794598, -0.8969854785768682, 0.5219587144043589]",29.291069801812288,2.4042849006412754
"[0.22382225882880527, 0.6563267048727127, -0.8969869334253164, 0.5219567325112724]",29.291119873913587,2.4043477331226715
"[0.22381457499943525, 0.6563276127076424, -0.8969883887286315, 0.5219547498891187]",29.29116994616875,2.4044105656040684
"[0.22380689126688433, 0.6563285206347921, -0.8969898440868802, 0.5219527670826909]",29.29122001854867,2.404473398085465
"[0.2237992079067402, 0.6563294286215886, -0.8969912994478528, 0.5219507841631181]",29.29127009541028,2.4045362305668614
"[0.22379152285681148, 0.6563303369117606, -0.8969927552021771, 0.521948800598132]",29.29132016784769,2.4045990630482583
"[0.22378383820713046, 0.656331245258318, -0.8969942109539593, 0.5219468169271231]",29.291370243174065,2.404661895529655
"[0.2237761532570795, 0.6563321537440736, -0.8969956668359146, 0.5219448329692381]",29.291420320937334,2.4047247280110513
"[0.223768468851586, 0.6563330622691425, -0.8969971226879665, 0.5219428489426048]",29.291470399607324,2.404787560492448
"[0.22376078366118904, 0.6563339709907074, -0.8969985787619874, 0.5219408645039616]",29.291520476510282,2.4048503929738447
"[0.2237530973081444, 0.6563348799534958, -0.897000035129567, 0.5219388795556575]",29.291570555470646,2.404913225455241
"[0.2237454117563635, 0.6563357889252212, -0.8970014914185995, 0.5219368946049009]",29.291620635143552,2.4049760579366377
"[0.22373772578532913, 0.6563366980502876, -0.8970029478603374, 0.521934909336402]",29.291670717764184,2.4050388904180346
"[0.2237300397495632, 0.6563376072867211, -0.8970044043876069, 0.5219329238417711]",29.291720800737906,2.4051017228994307
"[0.22372235233209792, 0.656338516790384, -0.8970058612499898, 0.5219309377806904]",29.291770882139136,2.4051645553808276
"[0.22371466572681625, 0.6563394263017102, -0.8970073180317231, 0.5219289517199485]",29.29182096614568,2.405227387862224
"[0.2237069776754089, 0.6563403360879343, -0.8970087751608088, 0.5219269650760027]",29.291871051301452,2.405290220343621
"[0.22369929041264824, 0.6563412458846118, -0.8970102322136918, 0.5219249784263017]",29.291921137481648,2.4053530528250175
"[0.22369160179191366, 0.6563421559458089, -0.8970116895972479, 0.5219229912160595]",29.29197122283175,2.405415885306414
"[0.22368391317053624, 0.6563430661109066, -0.8970131470542074, 0.5219210037960157]",29.29202131088788,2.405478717787811
"[0.22367622494155576, 0.656343976333331, -0.8970146045100595, 0.5219190162678274]",29.292071398993556,2.405541550269207
"[0.22366853572433099, 0.6563448867765963, -0.8970160622265301, 0.5219170282744908]",29.292121487661753,2.405604382750604
"[0.22366084642619943, 0.6563457973332767, -0.8970175200316188, 0.5219150400505606]",29.292171578077554,2.4056672152320004
"[0.22365315682924447, 0.6563467080291866, -0.8970189779666401, 0.5219130515396692]",29.292221669420247,2.405730047713397
"[0.22364546678287223, 0.6563476188821764, -0.8970204360601534, 0.521911062702837]",29.292271761020448,2.405792880194794
"[0.22363777673983895, 0.6563485298386329, -0.8970218942263124, 0.5219090736571306]",29.29232185378909,2.4058557126761904
"[0.22363008562506392, 0.6563494410259286, -0.8970233526689816, 0.5219070841244324]",29.29237194847984,2.405918545157587
"[0.22362239564868783, 0.656350352182225, -0.8970248109690531, 0.5219050946764532]",29.292422043360016,2.4059813776389833
"[0.22361470385690776, 0.6563512636575215, -0.8970262696866793, 0.5219031045489921]",29.29247213853941,2.4060442101203803
"[0.22360701267400893, 0.6563521751645666, -0.8970277283621177, 0.5219011143692378]",29.292522234059494,2.4061070426017768
"[0.22359932224943233, 0.6563530866856226, -0.8970291869670007, 0.5218991241759106]",29.292572332295464,2.4061698750831733
"[0.22359162970988392, 0.6563539985612847, -0.8970306460463058, 0.5218971332253687]",29.292622430087086,2.40623270756457
"[0.2235839379062575, 0.6563549104536286, -0.8970321050593059, 0.5218951422554152]",29.29267252997309,2.4062955400459662
"[0.22357624470251763, 0.6563558226159143, -0.8970335644111773, 0.5218931507131065]",29.292722628764373,2.406358372527363
"[0.2235685518085233, 0.6563567348454212, -0.8970350237775812, 0.5218911590410371]",29.29277272856794,2.4064212050087597
"[0.22356085843075926, 0.6563576472362637, -0.8970364833090463, 0.5218891670337372]",29.29282283125578,2.4064840374901566
"[0.22355316555743063, 0.6563585596712284, -0.8970379428180941, 0.5218871749470956]",29.2928729342007,2.406546869971553
"[0.2235454720243312, 0.656359472288421, -0.8970394025255956, 0.5218851824796048]",29.292923037643757,2.4066097024529496
"[0.2235377776684269, 0.6563603851072045, -0.8970408624625011, 0.521883189588985]",29.292973142430565,2.4066725349343465
"[0.22353008246255102, 0.6563612981308402, -0.8970423226339824, 0.5218811962681217]",29.293023247478462,2.4067353674157426
"[0.2235223881742538, 0.6563622111496114, -0.8970437827046409, 0.5218792029748665]",29.293073352707044,2.4067981998971395
"[0.22351469315086225, 0.6563631243596197, -0.8970452429880799, 0.5218772092810838]",29.29312346277723,2.406861032378536
"[0.2235069983381742, 0.6563640376486424, -0.8970467033048177, 0.5218752154317815]",29.29317356870776,2.4069238648599325
"[0.2234993030165475, 0.6563649511020921, -0.8970481637914272, 0.521873221240481]",29.293223678348767,2.4069866973413294
"[0.22349160682023433, 0.6563658647634236, -0.8970496245173375, 0.5218712266123249]",29.293273788814794,2.407049529822726
"[0.22348391096282982, 0.6563667784885626, -0.8970510852522137, 0.5218692318618307]",29.29332389862663,2.4071123623041224
"[0.22347621422498995, 0.6563676924223051, -0.8970525462274979, 0.5218672366729039]",29.29337400768585,2.407175194785519
"[0.22346851668867473, 0.6563686065549511, -0.8970540074276523, 0.5218652410667197]",29.293424120451366,2.407238027266916
"[0.22346082012857357, 0.6563695206757421, -0.8970554685157857, 0.5218632455033725]",29.293474236299172,2.4073008597483123
"[0.22345312258151337, 0.6563704350178454, -0.8970569298645744, 0.521861249473845]",29.293524348667884,2.407363692229709
"[0.22344542521247476, 0.6563713494428995, -0.8970583912528587, 0.5218592532801841]",29.29357446535719,2.4074265247111057
"[0.22343772688814711, 0.6563722640855552, -0.8970598528958091, 0.5218572566284461]",29.293624580732022,2.4074893571925022
"[0.22343002923540295, 0.6563731787525301, -0.8970613144845383, 0.5218552599405611]",29.293674696422922,2.4075521896738987
"[0.22342233123273683, 0.6563740935651996, -0.8970627762129947, 0.5218532629515675]",29.293724815880996,2.4076150221552957
"[0.22341463200803707, 0.6563750086272331, -0.8970642382467962, 0.521851265435159]",29.29377493421097,2.407677854636692
"[0.22340693257330696, 0.6563759238183887, -0.8970657003937845, 0.5218492676538219]",29.293825054601893,2.4077406871180886
"[0.22339923306031295, 0.6563768391230064, -0.897067162628936, 0.5218472696417342]",29.2938751743446,2.407803519599485
"[0.2233915332815908, 0.6563777545633824, -0.8970686249878524, 0.5218452713502255]",29.293925296042502,2.407866352080882
"[0.2233838332209138, 0.6563786701414598, -0.8970700874736179, 0.5218432727750545]",29.2939754188697,2.4079291845622786
"[0.22337613281561464, 0.6563795858647016, -0.8970715500981393, 0.5218412738999266]",29.294025541511473,2.407992017043675
"[0.2233684324161888, 0.6563805016914376, -0.8970730127948422, 0.5218392748158016]",29.29407566504749,2.408054849525072
"[0.22336073139153348, 0.6563814176967401, -0.897074475683609, 0.5218372753588087]",29.2941257904666,2.408117682006468
"[0.2233530300409745, 0.6563823338450262, -0.8970759387075884, 0.521835275606618]",29.294175915288427,2.408180514487865
"[0.22334532792133402, 0.6563832501890391, -0.8970774019509803, 0.5218332754441033]",29.29422604251128,2.4082433469692615
"[0.2233376268358102, 0.656384166514244, -0.8970788650712065, 0.5218312753395391]",29.294276169716408,2.408306179450658
"[0.22332992431089338, 0.6563850831149705, -0.8970803285382055, 0.521829274650483]",29.294326301222366,2.408369011932055
"[0.2233222216985174, 0.6563859998303557, -0.897081792095132, 0.5218272737280426]",29.29437642901661,2.4084318444134514
"[0.22331451970835384, 0.6563869165759366, -0.8970832556071271, 0.521825272756578]",29.294426557181872,2.408494676894848
"[0.223306815863627, 0.6563878336465507, -0.8970847195448337, 0.5218232710925577]",29.294476691685844,2.4085575093762444
"[0.22329911289221438, 0.6563887507174879, -0.8970861833898914, 0.5218212694447143]",29.294526821573694,2.4086203418576413
"[0.22329140976224063, 0.6563896679115776, -0.8970876473383785, 0.5218192675449431]",29.294576954762793,2.408683174339038
"[0.22328370436945713, 0.6563905854794256, -0.8970891117902285, 0.5218172648462737]",29.294627090246507,2.4087460068204343
"[0.22327600110950688, 0.6563915028975952, -0.8970905759100221, 0.521815262491164]",29.294677223575263,2.408808839301831
"[0.2232682957510575, 0.6563924206700155, -0.8970920405019814, 0.5218132593797336]",29.294727359152244,2.4088716717832277
"[0.22326059212078594, 0.6563933383409083, -0.8970935048387534, 0.5218112565067559]",29.294777496598915,2.408934504264624
"[0.22325288542323865, 0.6563942564815455, -0.8970949698318903, 0.5218092526253955]",29.29482763410475,2.4089973367460207
"[0.2232451799919429, 0.6563951745756995, -0.8970964346576367, 0.5218072488623543]",29.294877771436674,2.4090601692274176
"[0.22323747501126587, 0.6563960927204825, -0.8970978994710213, 0.5218052450056402]",29.294927910459617,2.409123001708814
"[0.2232297692650413, 0.6563970110608613, -0.897099364503247, 0.5218032407388954]",29.294978051329824,2.4091858341902106
"[0.22322206216239576, 0.6563979296672856, -0.8971008298666788, 0.5218012359083558]",29.29502819328,2.4092486666716075
"[0.22321435493884897, 0.6563988483925265, -0.8971022953264213, 0.5217992308353467]",29.29507833487335,2.4093114991530036
"[0.2232066478000785, 0.6563997672120667, -0.8971037608433625, 0.5217972255733707]",29.29512847688839,2.4093743316344005
"[0.22319894106756397, 0.6564006860875751, -0.8971052263563599, 0.5217952202060819]",29.295178621752434,2.409437164115797
"[0.22319123443519115, 0.6564016050555388, -0.8971066919236125, 0.5217932146538423]",29.295228765721323,2.4094999965971935
"[0.22318352571492922, 0.6564025243769206, -0.8971081579612384, 0.5217912083471434]",29.29527891109528,2.4095628290785904
"[0.2231758177113444, 0.6564034437172528, -0.8971096239358869, 0.5217892020158913]",29.29532905658375,2.409625661559987
"[0.22316810955115618, 0.6564043631807123, -0.8971110900136283, 0.521787195432757]",29.29537920493935,2.409688494041384
"[0.22316039971561213, 0.6564052829484937, -0.8971125564833493, 0.5217851882023083]",29.295429352637413,2.40975132652278
"[0.22315269071628574, 0.6564062027209905, -0.8971140228673353, 0.5217831809783839]",29.29547950005817,2.409814159004177
"[0.22314498166264413, 0.6564071226044333, -0.8971154893349653, 0.5217811735291447]",29.29552965240566,2.4098769914855733
"[0.22313727204206515, 0.6564080426600092, -0.8971169559837578, 0.521779165721066]",29.295579802480574,2.40993982396697
"[0.22312956120021177, 0.656408962965848, -0.8971184229382102, 0.5217771573836543]",29.295629954571684,2.4100026564483668
"[0.22312185106977825, 0.6564098832912798, -0.8971198898306401, 0.5217751490202783]",29.295680107916482,2.4100654889297632
"[0.22311414090501608, 0.656410803725317, -0.8971213568029133, 0.5217731404366936]",29.295730261305888,2.4101283214111597
"[0.22310642931170105, 0.6564117244344317, -0.8971228241203181, 0.5217711312696244]",29.295780415508148,2.4101911538925562
"[0.22309871860320765, 0.6564126451424405, -0.8971242913426796, 0.5217691221217591]",29.295830568585185,2.410253986373953
"[0.22309100736692422, 0.6564135660179937, -0.8971257587387889, 0.5217671126250515]",29.29588072496372,2.4103168188553497
"[0.22308329554830228, 0.6564144870676496, -0.8971272263190324, 0.5217651027652098]",29.29593088354096,2.410379651336746
"[0.2230755831228129, 0.6564154082943575, -0.8971286940880919, 0.521763092535793]",29.295981040228252,2.410442483818143
"[0.223067870836914, 0.6564163296089637, -0.8971301619039084, 0.5217610821313419]",29.296031199075177,2.410505316299539
"[0.22306015845848282, 0.6564172510392009, -0.8971316298106539, 0.5217590714913395]",29.296081359215655,2.410568148780936
"[0.2230524454744525, 0.6564181726463817, -0.8971330979059863, 0.5217570604819949]",29.29613151849054,2.4106309812623326
"[0.223044731593833, 0.6564190944653098, -0.8971345662453087, 0.5217550490273674]",29.296181682164885,2.410693813743729
"[0.22303701806730625, 0.6564200163465396, -0.8971360345905561, 0.5217530374535541]",29.296231843629403,2.410756646225126
"[0.22302930481383718, 0.6564209382997365, -0.8971375029571401, 0.5217510257394511]",29.29628200684938,2.4108194787065225
"[0.2230215903509509, 0.6564218605021297, -0.8971389716272867, 0.5217490134983522]",29.296332171870315,2.4108823111879194
"[0.22301387586678034, 0.6564227828117108, -0.8971404403748127, 0.5217470010401177]",29.296382334877777,2.4109451436693154
"[0.2230061610392968, 0.6564237052669868, -0.8971419092610293, 0.5217449882807217]",29.29643250279037,2.4110079761507124
"[0.2229984449474894, 0.6564246279781191, -0.8971433784613121, 0.5217429749798012]",29.2964826673337,2.411070808632109
"[0.22299072957919308, 0.656425550707407, -0.8971448475971651, 0.521740961656001]",29.296532834777867,2.4111336411135054
"[0.2229830132557643, 0.6564264736556188, -0.8971463169882286, 0.5217389478712617]",29.29658300448695,2.4111964735949023
"[0.22297529820467366, 0.6564273965563212, -0.8971477862103238, 0.5217369342069093]",29.296633174154515,2.411259306076299
"[0.22296758173946388, 0.6564283197308949, -0.8971492557750441, 0.5217349199617372]",29.296683344327576,2.4113221385576953
"[0.22295986511801658, 0.6564292430288425, -0.8971507254428532, 0.5217329054640741]",29.296733515334868,2.4113849710390918
"[0.2229521479792887, 0.6564301664934344, -0.8971521952825119, 0.5217308906195622]",29.29678368908453,2.4114478035204887
"[0.22294443069498826, 0.6564310900801547, -0.8971536652232331, 0.52172887552528]",29.2968338622041,2.411510636001885
"[0.22293671275735094, 0.6564320138498189, -0.897155135361735, 0.5217268600485658]",29.29688403588338,2.4115734684832817
"[0.2229289944079996, 0.6564329377735272, -0.8971566056520031, 0.5217248442524711]",29.296934210203442,2.4116363009646786
"[0.22292127761632224, 0.6564338616155077, -0.897158075718862, 0.5217228286513863]",29.296984385409118,2.4116991334460747
"[0.22291355791406847, 0.6564347859107227, -0.8971595464135379, 0.5217208120781555]",29.297034562157705,2.4117619659274716
"[0.2229058384380719, 0.6564357102836549, -0.8971610171384595, 0.5217187953520704]",29.29708474041193,2.4118247984088685
"[0.2228981204314637, 0.6564366345853965, -0.8971624876567551, 0.5217167787979853]",29.297134917195987,2.4118876308902646
"[0.22289039986945786, 0.6564375592979856, -0.8971639587352813, 0.521714761364243]",29.297185096997104,2.4119504633716615
"[0.22288268140422607, 0.6564384838642394, -0.8971654294876107, 0.5217127442664506]",29.29723527665829,2.412013295853058
"[0.22287496128993872, 0.6564394087328259, -0.8971669006275023, 0.521710726525736]",29.297285459198925,2.412076128334455
"[0.22286724141521366, 0.6564403336775387, -0.8971683717950744, 0.5217087086356226]",29.29733564023916,2.4121389608158514
"[0.22285951937130902, 0.6564412589870132, -0.8971698434493814, 0.5217066899664122]",29.297385822719132,2.412201793297248
"[0.2228517989628109, 0.656442184205369, -0.8971713148653541, 0.5217046715126589]",29.297436006507358,2.412264625778645
"[0.22284407772200848, 0.6564431096283244, -0.8971727865132914, 0.5217026526292193]",29.29748619136821,2.412327458260041
"[0.22283635649429556, 0.6564440351545681, -0.8971742582320701, 0.521700633537107]",29.297536376017028,2.412390290741438
"[0.22282863441238557, 0.6564449608880853, -0.8971757301870071, 0.5216986140094781]",29.29758656199943,2.4124531232228343
"[0.22282091271969726, 0.656445886679837, -0.8971772021410873, 0.521696594371477]",29.297636748948428,2.412515955704231
"[0.22281318924999188, 0.6564468127895269, -0.8971786745072704, 0.5216945740565124]",29.297686937010493,2.4125787881856278
"[0.2228054670904533, 0.6564477388470331, -0.897180146697027, 0.5216925538720488]",29.297737126790796,2.4126416206670243
"[0.22279774436034636, 0.6564486650778695, -0.8971816190688952, 0.521690533326112]",29.29778731657165,2.4127044531484207
"[0.22279002023631034, 0.6564495915808275, -0.897183091779875, 0.5216885122031937]",29.29783750707718,2.4127672856298172
"[0.2227822974811177, 0.6564505180245163, -0.897184564303201, 0.5216864912262046]",29.297887698905843,2.412830118111214
"[0.22277457228129546, 0.6564514448664338, -0.8971860373660107, 0.5216844693971423]",29.297937891439823,2.4128929505926107
"[0.2227668480244142, 0.6564523717001877, -0.8971875103223684, 0.5216824476025236]",29.2979880847347,2.412955783074007
"[0.2227591236346381, 0.6564532986548441, -0.8971889833774118, 0.5216804255607903]",29.298038277885293,2.413018615555404
"[0.22275139928864335, 0.6564542257092143, -0.8971904564974437, 0.5216784033181701]",29.29808847497094,2.4130814480368006
"[0.22274367414532215, 0.6564551529642534, -0.8971919298428789, 0.5216763806544328]",29.298138669234067,2.413144280518197
"[0.22273594859441867, 0.6564560803732131, -0.8971934033393967, 0.5216743576715607]",29.298188865960217,2.4132071129995936
"[0.22272822265521885, 0.6564570079337995, -0.8971948769833246, 0.5216723343745603]",29.298239062236885,2.4132699454809905
"[0.2227204965638996, 0.6564579356176579, -0.897196350729617, 0.5216703108252685]",29.298289262384525,2.413332777962387
"[0.22271276963858358, 0.6564588635066874, -0.8971978247083511, 0.5216682868450435]",29.298339463391365,2.4133956104437835
"[0.22270504373995004, 0.656459791377485, -0.8971992985645724, 0.5216662629212212]",29.298389660649356,2.4134584429251804
"[0.2226973155347175, 0.6564607196303016, -0.8972007729341913, 0.5216642381806607]",29.298439866670726,2.4135212754065765
"[0.2226895889968205, 0.6564616477879269, -0.8972022470590614, 0.5216622136643566]",29.298490067652093,2.4135841078879734
"[0.2226818616566111, 0.6564625761469879, -0.8972037214103451, 0.5216601887252712]",29.29854027055748,2.41364694036937
"[0.2226741335679061, 0.6564635047010403, -0.8972051959777935, 0.5216581633774507]",29.29859047315391,2.4137097728507664
"[0.22266640438240148, 0.6564644334919848, -0.8972066708278844, 0.5216561375295167]",29.29864068027157,2.4137726053321633
"[0.22265867621817645, 0.6564653622653034, -0.8972081455564509, 0.5216541117366137]",29.298690885286646,2.41383543781356
"[0.2226509468638051, 0.6564662912867539, -0.8972096205854873, 0.5216520854190664]",29.298741092515144,2.4138982702949563
"[0.22264321769926224, 0.65646722039051, -0.897211095651654, 0.5216500589385783]",29.29879129998136,2.413961102776353
"[0.2226354882266313, 0.6564681496364311, -0.8972125708499721, 0.5216480321645888]",29.29884150734052,2.4140239352577497
"[0.2226277592401106, 0.6564690789290184, -0.8972140460288596, 0.5216460053053705]",29.29889171739042,2.414086767739146
"[0.2226200289897245, 0.6564700084787066, -0.8972155215223278, 0.5216439779019569]",29.29894192798596,2.4141496002205427
"[0.22261229829029072, 0.6564709381875564, -0.8972169971748674, 0.521641950167967]",29.29899213734496,2.4142124327019396
"[0.222604567587791, 0.6564718680019407, -0.897218472901352, 0.5216399222203584]",29.299042349858887,2.414275265183336
"[0.22259683731937968, 0.656472797869271, -0.8972199486183192, 0.5216378941738214]",29.299092562641476,2.4143380976647326
"[0.22258910614939145, 0.656473727950229, -0.897221424580752, 0.5216358656779114]",29.299142778612374,2.414400930146129
"[0.22258137331899522, 0.6564746583361505, -0.8972229009335501, 0.5216338365334242]",29.29919299008541,2.414463762627526
"[0.2225736421504628, 0.6564755886273198, -0.897224377042419, 0.5216318076121301]",29.299243208416463,2.4145265951089225
"[0.22256590987430325, 0.6564765191569781, -0.8972258534361243, 0.5216297781872403]",29.29929342241734,2.414589427590319
"[0.22255817681041215, 0.6564774498866691, -0.8972273300536061, 0.521627748342629]",29.299343640342236,2.414652260071716
"[0.22255044351884604, 0.6564783807490078, -0.8972288067879326, 0.5216257182252576]",29.299393858588495,2.414715092553112
"[0.22254271071450585, 0.656479311657935, -0.8972302835025784, 0.5216236880228053]",29.29944407684781,2.414777925034509
"[0.22253497652796633, 0.6564802428385264, -0.8972317605545497, 0.5216216572444154]",29.299494296381376,2.4148407575159054
"[0.22252724364280185, 0.6564811739676765, -0.8972332374313434, 0.521619626594723]",29.29954451939384,2.414903589997302
"[0.2225195090434684, 0.6564821054085137, -0.8972347147088862, 0.5216175952818105]",29.299594738992045,2.414966422478699
"[0.22251177540460004, 0.6564830368389546, -0.8972361918763404, 0.5216155640080788]",29.299644962686674,2.4150292549600954
"[0.22250404055601225, 0.6564839685203898, -0.8972376693482198, 0.521613532203492]",29.29969518640167,2.415092087441492
"[0.22249630561279887, 0.6564849003185202, -0.8972391469115403, 0.5216115001609182]",29.299745410006334,2.4151549199228883
"[0.22248856961474592, 0.6564858323490403, -0.8972406247497368, 0.5216094676280517]",29.299795637106826,2.4152177524042853
"[0.22248083524841214, 0.656486764288279, -0.897242102349571, 0.521607435310749]",29.299845859777992,2.4152805848856818
"[0.22247309887413283, 0.6564876965747943, -0.8972435804063774, 0.5216054022526213]",29.29989608854411,2.4153434173670782
"[0.2224653620883665, 0.6564886290162522, -0.8972450586151768, 0.5216033688731007]",29.29994631633959,2.415406249848475
"[0.2224576258327121, 0.6564895614991723, -0.8972465367960586, 0.5216013354196523]",29.299996545607428,2.4154690823298717
"[0.22244988832906712, 0.6564904942378876, -0.8972480152887732, 0.5215993014248774]",29.300046774470445,2.415531914811268
"[0.2224421519547469, 0.6564914269458306, -0.8972494936390553, 0.5215972675136903]",29.300097005254333,2.4155947472926647
"[0.2224344138682668, 0.6564923599655803, -0.8972509723898912, 0.5215952329390375]",29.300147236377253,2.4156575797740616
"[0.2224266770250295, 0.6564932929407967, -0.8972524509765032, 0.5215931984779614]",29.300197469948582,2.415720412255458
"[0.2224189375584004, 0.6564942263377928, -0.8972539301378566, 0.5215911631136236]",29.300247703871108,2.4157832447368546
"[0.22241120029684802, 0.6564951595742551, -0.8972554089511391, 0.5215891281158148]",29.300297935218175,2.4158460772182515
"[0.2224034613594247, 0.6564960931182612, -0.8972568881580999, 0.521587092463834]",29.300348172069985,2.415908909699648
"[0.22239572208162564, 0.6564970268087711, -0.8972583675034964, 0.5215850565088579]",29.300398405493276,2.4159717421810445
"[0.22238798398090157, 0.6564979604626938, -0.897259846697255, 0.5215830206501143]",29.300448645552372,2.4160345746624414
"[0.22238024303408419, 0.656498894565485, -0.8972613265084518, 0.5215809838290538]",29.300498881882255,2.4160974071438375
"[0.2223725028035116, 0.6564998286873251, -0.8972628062561109, 0.5215789469829097]",29.300549119026968,2.4161602396252344
"[0.22236476273038694, 0.6565007628956328, -0.8972642860470446, 0.5215769099646672]",29.300599358050565,2.416223072106631
"[0.2223570226796252, 0.6565016972067118, -0.8972657659070694, 0.5215748727387751]",29.30064959819943,2.4162859045880274
"[0.22234928178315, 0.6565026317253657, -0.8972672460021649, 0.5215728350767109]",29.30069984176352,2.4163487370694243
"[0.22234154097609363, 0.65650356633872, -0.8972687261535343, 0.521570797224593]",29.300750080673943,2.416411569550821
"[0.22233379925636854, 0.6565045011677811, -0.8972702065527982, 0.5215687589185726]",29.300800325693217,2.4164744020322177
"[0.22232605708722555, 0.6565054361566416, -0.8972716871113857, 0.5215667202805544]",29.300850569076562,2.416537234513614
"[0.2223183148427323, 0.656506371260139, -0.8972731677577646, 0.5215646814090079]",29.300900812584093,2.4166000669950107
"[0.2223105725784394, 0.656507306471572, -0.897274648481307, 0.521562642318546]",29.300951058804493,2.4166628994764072
"[0.2223028306211321, 0.6565082417514515, -0.8972761292195068, 0.5215606030952542]",29.3010013056683,2.4167257319578037
"[0.22229508705280088, 0.6565091773315206, -0.8972776103392172, 0.5215585632338628]",29.301051551321088,2.4167885644392006
"[0.22228734368388664, 0.6565101129930729, -0.8972790914941684, 0.5215565232112226]",29.301101800648052,2.416851396920597
"[0.222279600622487, 0.6565110487230376, -0.8972805726636709, 0.5215544830558284]",29.30115204839169,2.4169142294019936
"[0.2222718562949758, 0.6565119847116155, -0.8972820541487508, 0.5215524423529974]",29.301202298067263,2.41697706188339
"[0.2222641116667469, 0.6565129208421278, -0.8972835357647496, 0.5215504013570921]",29.30125255080327,2.417039894364787
"[0.22225636736907836, 0.6565138570383029, -0.8972850173908887, 0.5215483602344301]",29.301302801590232,2.4171027268461835
"[0.22224862337038512, 0.656514793303939, -0.897286499033197, 0.5215463189767179]",29.301353054901536,2.41716555932758
"[0.22224087704670714, 0.6565157299563241, -0.8972879811937354, 0.5215442768922057]",29.301403306566076,2.417228391808977
"[0.22223313216446933, 0.656516666540038, -0.8972894631518551, 0.52154223497378]",29.30145356159891,2.417291224290373
"[0.22222538632812464, 0.6565176033447875, -0.8972909453659215, 0.5215401925898459]",29.301503816727372,2.41735405677177
"[0.22221763933215383, 0.656518540395472, -0.8972924278752874, 0.5215381496861204]",29.301554071782256,2.4174168892531664
"[0.22220989414286169, 0.6565194773332828, -0.8972939101122888, 0.5215361070448497]",29.30160432924718,2.417479721734563
"[0.22220214761114285, 0.6565204145391305, -0.8972953926795779, 0.5215340638355699]",29.301654588675593,2.41754255421596
"[0.2221944001846451, 0.6565213519589461, -0.8972968754915034, 0.5215320201761995]",29.301704846901433,2.4176053866973564
"[0.2221866523508496, 0.6565222895337582, -0.8972983584547801, 0.5215299761952885]",29.30175510461659,2.4176682191787533
"[0.22217890507608395, 0.6565232271466331, -0.8972998413844412, 0.5215279321477607]",29.30180536649239,2.4177310516601493
"[0.22217115657842787, 0.6565241650132282, -0.8973013246215746, 0.5215258875634575]",29.301855628224487,2.4177938841415463
"[0.22216340908664672, 0.6565251028637985, -0.897302807739541, 0.5215238430304449]",29.301905890107008,2.4178567166229428
"[0.22215565997244932, 0.6565260410165122, -0.897304291241483, 0.5215217978551026]",29.301956152588524,2.4179195491043393
"[0.22214791114803373, 0.6565269792398973, -0.8973057747613408, 0.5215197525420424]",29.302006416934496,2.417982381585736
"[0.2221401620359391, 0.6565279176038743, -0.8973072584096636, 0.5215177069388364]",29.302056679691113,2.4180452140671327
"[0.22213241281557614, 0.6565288560867273, -0.8973087421521027, 0.5215156610928222]",29.30210694746664,2.418108046548529
"[0.222124663257547, 0.6565297947162493, -0.8973102260325816, 0.5215136149434108]",29.302157213978738,2.4181708790299257
"[0.22211691287777754, 0.6565307335510921, -0.8973117101438011, 0.5215115683627423]",29.302207482257753,2.4182337115113226
"[0.22210916151524182, 0.656531672610807, -0.8973131945166166, 0.5215095213082054]",29.302257749490277,2.418296543992719
"[0.22210141325348717, 0.6565326114006361, -0.8973146783690004, 0.5215074748583088]",29.30230801824616,2.4183593764741156
"[0.22209366114377085, 0.6565335507625156, -0.8973161630316958, 0.521505427177732]",29.302358290048236,2.4184222089555125
"[0.22208590903958908, 0.6565344902295802, -0.897317647766741, 0.5215033792841874]",29.302408559849706,2.4184850414369086
"[0.2220781579220866, 0.6565354296829045, -0.8973191323862012, 0.5215013314369061]",29.30245883316519,2.4185478739183055
"[0.22207040546907153, 0.6565363694039542, -0.8973206173348598, 0.5214992830223402]",29.302509105013897,2.418610706399702
"[0.22206265377927153, 0.6565373091383442, -0.897322102210718, 0.5214972345950014]",29.302559377090848,2.418673538881099
"[0.22205490055435434, 0.6565382491647157, -0.8973235874540374, 0.5214951855475061]",29.302609652408155,2.4187363713624954
"[0.22204714787829205, 0.6565391892304238, -0.8973250726656128, 0.5214931364305653]",29.302659927704823,2.418799203843892
"[0.22203939507552814, 0.6565401294173784, -0.8973265579748517, 0.5214910870656312]",29.30271020256867,2.418862036325289
"[0.2220316412841998, 0.6565410698301204, -0.8973280435468821, 0.5214890372248306]",29.302760482774268,2.418924868806685
"[0.22202388728129452, 0.6565420103744422, -0.8973295292328519, 0.5214869871135135]",29.30281075736055,2.418987701288082
"[0.22201613404632212, 0.6565429509315188, -0.8973310148450708, 0.5214849369906752]",29.3028610374263,2.4190505337694783
"[0.22200837928738687, 0.6565438917794063, -0.897332500822698, 0.5214828862502453]",29.302911317629995,2.419113366250875
"[0.22200062462195286, 0.6565448327218856, -0.8973339868558096, 0.521480835319908]",29.302961596858015,2.4191761987322717
"[0.22199286965431367, 0.6565457738070011, -0.8973354730202289, 0.5214787840949631]",29.30301187985754,2.4192390312136682
"[0.22198511353439293, 0.6565467151378984, -0.8973369594788864, 0.5214767323505508]",29.303062161236895,2.4193018636950647
"[0.22197735840809282, 0.6565476564541833, -0.897338445820512, 0.5214746806542669]",29.303112446329873,2.419364696176461
"[0.22196960216422001, 0.6565485980121044, -0.8973399324497336, 0.5214726284475775]",29.303162729514526,2.419427528657858
"[0.22196184694095972, 0.6565495395521, -0.8973414189567238, 0.5214705762962137]",29.303213014860184,2.4194903611392546
"[0.22195409034667546, 0.656550481364555, -0.8973429057999054, 0.521468523567273]",29.303263301708917,2.419553193620651
"[0.221946333327319, 0.6565514233346145, -0.8973443927979761, 0.5214664705110582]",29.303313587985343,2.419616026102048
"[0.22193857498050948, 0.6565523655719507, -0.8973458801239315, 0.5214644168885865]",29.303363875175776,2.419678858583444
"[0.22193081840488943, 0.6565533077001581, -0.89734736718374, 0.5214623635201695]",29.30341416235995,2.419741691064841
"[0.22192306063214604, 0.6565542500798287, -0.897348854546452, 0.5214603096199516]",29.303464451665164,2.419804523546238
"[0.22191530141677532, 0.6565551927408141, -0.8973503422591729, 0.5214582551228522]",29.303514743899107,2.4198673560276345
"[0.22190754338453192, 0.6565561353641239, -0.8973518298184515, 0.5214562007241013]",29.303565035931648,2.419930188509031
"[0.22189978527383655, 0.6565570781030233, -0.8973533174661679, 0.5214541460896591]",29.303615327048583,2.4199930209904275
"[0.22189202539608627, 0.6565580211627658, -0.8973548055261361, 0.5214520907722119]",29.303665618374986,2.4200558534718244
"[0.22188426697293687, 0.6565589641517634, -0.8973562933805675, 0.5214500356251283]",29.303715912598953,2.420118685953221
"[0.22187650645812362, 0.6565599075011275, -0.8973577817095354, 0.5214479797089085]",29.303766208933713,2.4201815184346174
"[0.2218687457227462, 0.656560850983436, -0.897359270154226, 0.521445923519173]",29.303816502839577,2.4202443509160143
"[0.221860986315075, 0.6565617944104437, -0.8973607584176727, 0.52144386746617]",29.303866800270455,2.4203071833974104
"[0.22185322471409497, 0.6565627382102915, -0.8973622471752152, 0.5214418106168515]",29.3039170953199,2.4203700158788073
"[0.22184546490100834, 0.6565636818988216, -0.897363735663223, 0.521439754026299]",29.303967394306625,2.420432848360204
"[0.22183770257769164, 0.656564625998815, -0.8973652247061616, 0.5214376965552654]",29.304017693243757,2.4204956808416003
"[0.22182994162045996, 0.656565570038815, -0.8973667135604518, 0.5214356392311736]",29.30406799351314,2.420558513322997
"[0.22182218107126292, 0.6565665141353247, -0.8973682024098547, 0.5214335818001238]",29.304118295497666,2.4206213458043937
"[0.22181441768912782, 0.6565674586826702, -0.8973696918761752, 0.5214315234027814]",29.30416859506493,2.42068417828579
"[0.22180665549294157, 0.6565684031919232, -0.897371181188375, 0.5214294651046438]",29.304218898793955,2.4207470107671867
"[0.22179889198251118, 0.6565693479673085, -0.8973726708261576, 0.5214274062427298]",29.304269200871854,2.4208098432485836
"[0.22179112918380725, 0.6565702927622943, -0.8973741604007877, 0.5214253473542855]",29.304319505481008,2.42087267572998
"[0.22178336611070076, 0.6565712376968925, -0.8973756501014796, 0.5214232881777767]",29.30436980968489,2.4209355082113766
"[0.22177560202603072, 0.65657218286086, -0.8973771400697031, 0.5214212285176099]",29.304420117669128,2.4209983406927735
"[0.22176783837011677, 0.6565731280788718, -0.8973786300290572, 0.5214191687558432]",29.304470424017076,2.42106117317417
"[0.22176007352103205, 0.6565740735484142, -0.8973801202908187, 0.5214171084621262]",29.30452073085136,2.4211240056555665
"[0.2217523082393629, 0.6565750191769094, -0.8973816107090304, 0.5214150478381985]",29.30457104005511,2.421186838136963
"[0.22174454442315866, 0.656575964733202, -0.8973831009193723, 0.5214129873877676]",29.30462134965758,2.42124967061836
"[0.22173677811911052, 0.6565769106987862, -0.8973845916806646, 0.5214109260616128]",29.30467166133032,2.4213125030997564
"[0.22172901304213785, 0.6565778566212012, -0.8973860822798309, 0.5214088648456822]",29.304721970318017,2.421375335581153
"[0.22172124695670495, 0.6565788027727689, -0.8973875731460006, 0.5214068031465653]",29.30477228356097,2.42143816806255
"[0.22171348072217542, 0.6565797490488199, -0.897389064114212, 0.5214047411923438]",29.30482259648417,2.421501000543946
"[0.22170571414059825, 0.6565806954734842, -0.8973905552224695, 0.5214026789304358]",29.304872910633467,2.421563833025343
"[0.22169794687590505, 0.6565816420877363, -0.8973920465353032, 0.5214006162715561]",29.304923226679612,2.4216266655067393
"[0.2216901796635083, 0.6565825888019649, -0.8973935379115189, 0.5213985534109665]",29.304973539798777,2.421689497988136
"[0.22168241365638286, 0.6565835354756162, -0.897395029129711, 0.5213964906549236]",29.3050238576094,2.4217523304695328
"[0.22167464515766858, 0.6565844825593706, -0.8973965208997576, 0.5213944270214244]",29.3050741742259,2.4218151629509292
"[0.22166687632746646, 0.6565854297899193, -0.8973980128068956, 0.5213923630841849]",29.305124491501388,2.4218779954323257
"[0.2216591087891802, 0.6565863769693291, -0.8973995045393497, 0.5213902992744998]",29.305174811764438,2.4219408279137222
"[0.22165133958590422, 0.656587324458169, -0.8974009966649849, 0.521388234806716]",29.30522513185749,2.422003660395119
"[0.22164357009675256, 0.6565882720882947, -0.8974024889189559, 0.5213861700472066]",29.30527545246521,2.4220664928765157
"[0.22163579988118154, 0.6565892199134598, -0.8974039813858846, 0.5213841048788485]",29.30532577379123,2.422129325357912
"[0.22162803152579777, 0.6565901676181272, -0.8974054735689262, 0.5213820399891463]",29.3053760955067,2.422192157839309
"[0.2216202608470577, 0.6565911157126693, -0.8974069662716783, 0.5213799742660714]",29.305426421763308,2.4222549903207056
"[0.2216124907873443, 0.6565920638381498, -0.8974084589289417, 0.521377908491705]",29.30547674586924,2.422317822802102
"[0.22160472019225314, 0.65659301213539, -0.8974099517624803, 0.5213758423591829]",29.305527069971518,2.4223806552834986
"[0.22159694959511286, 0.6565939605393555, -0.8974114446698325, 0.521373776010236]",29.30557739676574,2.4224434877648955
"[0.22158917840619755, 0.6565949091220238, -0.8974129377643019, 0.5213717092880287]",29.305627724066834,2.422506320246292
"[0.22158140666105744, 0.6565958578790799, -0.8974144310390697, 0.5213696422019624]",29.30567805169056,2.4225691527276885
"[0.22157363454421103, 0.6565968067880212, -0.8974159244586898, 0.5213675748010663]",29.305728380215474,2.4226319852090854
"[0.22156586180191404, 0.656597755879847, -0.897417418071928, 0.521365507017799]",29.30577870885898,2.4226948176904815
"[0.2215580900229459, 0.656598704960559, -0.8974189115734732, 0.5213634392748253]",29.305829038662157,2.4227576501718784
"[0.22155031743277417, 0.6565996542468481, -0.8974204053043309, 0.5213613711000302]",29.30587937165307,2.422820482653275
"[0.22154254428422893, 0.6566006037078802, -0.8974218992159243, 0.5213593025606063]",29.305929703064745,2.4228833151346714
"[0.2215347705496954, 0.656601553347042, -0.8974233933135728, 0.5213572336491652]",29.305980035229904,2.4229461476160683
"[0.2215269965801853, 0.6566025031214767, -0.897424887529819, 0.5213551644590791]",29.306030370080048,2.423008980097465
"[0.2215192231146627, 0.6566034529408972, -0.8974263817226187, 0.5213530951870436]",29.30608070469275,2.4230718125788613
"[0.2215114482078022, 0.6566044030430211, -0.8974278762659044, 0.5213510253151711]",29.306131039845816,2.4231346450602578
"[0.2215036736051145, 0.65660535321457, -0.8974293708241531, 0.5213489553081047]",29.30618137707539,2.4231974775416547
"[0.2214958991790645, 0.6566063034711206, -0.8974308654218697, 0.5213468851319045]",29.30623171430588,2.423260310023051
"[0.22148812324975653, 0.6566072540180338, -0.89743236038202, 0.5213448143391838]",29.30628205387403,2.4233231425044477
"[0.22148034703688554, 0.6566082047062514, -0.8974338554701313, 0.5213427432546741]",29.306332391002183,2.4233859749858446
"[0.22147257251470193, 0.6566091552943827, -0.8974353503066002, 0.5213406724042412]",29.306382733178516,2.423448807467241
"[0.2214647967950639, 0.6566101061355405, -0.897436845446729, 0.5213386010186158]",29.30643307446528,2.4235116399486376
"[0.22145701924415986, 0.6566110573073277, -0.8974383410124231, 0.5213365289287805]",29.30648341465517,2.423574472430034
"[0.22144924243179548, 0.6566120084954233, -0.8974398365095453, 0.521334456819411]",29.30653375773566,2.423637304911431
"[0.2214414647281141, 0.6566129598992386, -0.8974413322515105, 0.5213323842561514]",29.306584100830783,2.4237001373928275
"[0.2214336872067683, 0.6566139113874363, -0.8974428280318498, 0.5213303115250913]",29.306634445734595,2.423762969874224
"[0.22142590940420495, 0.6566148630167348, -0.8974443239397094, 0.5213282385026766]",29.306684790190463,2.423825802355621
"[0.22141813154737916, 0.6566158147593716, -0.8974458199314388, 0.5213261652493802]",29.306735135014424,2.423888634837017
"[0.22141035345171625, 0.65661676663794, -0.8974473160425378, 0.5213240917159838]",29.30678548628431,2.423951467318414
"[0.221402574016527, 0.6566177187871751, -0.8974488124847401, 0.5213220176089866]",29.306835832858678,2.424014299799811
"[0.22139479478230276, 0.6566186710185575, -0.8974503089617288, 0.5213199433390504]",29.30688618004914,2.424077132281207
"[0.22138701578462314, 0.6566196233277252, -0.8974518054666488, 0.5213178689156732]",29.306936529783698,2.424139964762604
"[0.22137923643580223, 0.6566205757866251, -0.8974533021125539, 0.5213157941821271]",29.306986880000597,2.4242027972440003
"[0.2213714558834611, 0.6566215284996522, -0.8974547990634468, 0.5213137189110132]",29.307037230212888,2.4242656297253973
"[0.22136367581568056, 0.6566224812601248, -0.8974562959945508, 0.5213116435525433]",29.307087583522474,2.4243284622067938
"[0.2213558950737709, 0.6566234342099341, -0.8974577931288035, 0.5213095677976309]",29.30713793646196,2.4243912946881903
"[0.22134811381354022, 0.6566243873300334, -0.8974592904362357, 0.5213074916877735]",29.30718829004158,2.424454127169587
"[0.2213403338814924, 0.6566253403942233, -0.8974607875615168, 0.521305415715672]",29.30723864590076,2.4245169596509832
"[0.221332550518324, 0.6566262939855833, -0.8974622854205245, 0.5213033386112674]",29.307289000996914,2.42457979213238
"[0.22132476942032378, 0.6566272474062461, -0.8974637829170555, 0.5213012618946454]",29.307339359009212,2.4246426246137767
"[0.2213169871632749, 0.656628201075762, -0.8974652807100891, 0.521299184651947]",29.307389714817006,2.424705457095173
"[0.22130920492801448, 0.6566291548494503, -0.8974667785723696, 0.5212971071983091]",29.3074400736374,2.42476828957657
"[0.22130142129752572, 0.6566301089010113, -0.8974682767766468, 0.5212950291553927]",29.307490433192992,2.4248311220579666
"[0.2212936386025188, 0.6566310629447708, -0.8974697748743039, 0.5212929511454241]",29.307540791145232,2.424893954539363
"[0.22128585517094004, 0.6566320171856986, -0.8974712731871862, 0.5212908727219562]",29.30759115316827,2.4249567870207596
"[0.22127807145123815, 0.6566329715688393, -0.8974727716289777, 0.5212887940046881]",29.307641514682107,2.4250196195021565
"[0.22127028739910487, 0.6566339260996404, -0.897474270208211, 0.5212867149817539]",29.307691878682917,2.425082451983553
"[0.22126250300083852, 0.6566348807798043, -0.8974757689275278, 0.5212846356494512]",29.30774224082991,2.4251452844649495
"[0.22125471851145087, 0.6566358355780426, -0.8974772677378328, 0.5212825560759025]",29.30779260627649,2.4252081169463464
"[0.2212469321167304, 0.6566367907169433, -0.8974787669884524, 0.5212804757763329]",29.30784297121725,2.4252709494277425
"[0.22123914737129785, 0.6566377457604767, -0.8974802659949507, 0.5212783957004156]",29.30789333786113,2.4253337819091394
"[0.22123136228567766, 0.6566387009526647, -0.897481765140394, 0.5212763153166442]",29.307943703740843,2.425396614390536
"[0.22122357614656493, 0.6566396563810815, -0.8974832645621524, 0.5212742344343083]",29.307994072152667,2.425459446871933
"[0.22121579015286658, 0.6566406118986183, -0.8974847640293541, 0.5212721533737926]",29.308044439681645,2.4255222793533293
"[0.22120800307560895, 0.6566415676561258, -0.8974862637786882, 0.5212700718065599]",29.30809480939822,2.425585111834726
"[0.2212002155939498, 0.6566425235702753, -0.8974877636793687, 0.5212679899140918]",29.30814518044837,2.4256479443161227
"[0.22119242996683136, 0.6566434793637559, -0.8974892632962876, 0.5212659083003403]",29.30819555074202,2.425710776797519
"[0.22118464090359066, 0.6566444356860988, -0.8974907636485155, 0.5212638255506952]",29.3082459224046,2.4257736092789157
"[0.2211768538608969, 0.6566453918673816, -0.8974922636849872, 0.5212617431241671]",29.308296298158055,2.425836441760312
"[0.2211690651268934, 0.6566463483633826, -0.8974937641207165, 0.5212596600281313]",29.30834667085276,2.4258992742417087
"[0.221161276810286, 0.6566473049151726, -0.8974952645494906, 0.5212575768264985]",29.308397045802117,2.4259621067231056
"[0.2211534877506676, 0.6566482616652752, -0.897496765194863, 0.5212554932088705]",29.30844742096383,2.426024939204502
"[0.22114569957443808, 0.656649218413916, -0.8974982657434818, 0.5212534096103162]",29.30849779873272,2.4260877716858986
"[0.22113790891379254, 0.6566501755748542, -0.897499766844241, 0.5212513251297574]",29.308548176039945,2.426150604167295
"[0.221130119210289, 0.6566511327252899, -0.8975012678340382, 0.5212492406879573]",29.30859855403441,2.426213436648692
"[0.2211223292809751, 0.6566520900105721, -0.8975027689407984, 0.5212471559683819]",29.308648934689877,2.4262762691300885
"[0.2211145387322263, 0.6566530474790715, -0.8975042702403816, 0.5212450708656748]",29.30869931194677,2.426339101611485
"[0.22110674756963974, 0.6566540051301464, -0.8975057717317187, 0.5212429853812512]",29.30874969392279,2.426401934092882
"[0.22109895695549717, 0.6566549628209318, -0.8975072731908146, 0.5212408998262212]",29.308800075299324,2.426464766574278
"[0.2210911665013278, 0.6566559205991694, -0.8975087746925215, 0.5212388140966133]",29.308850457915597,2.426527599055675
"[0.22108337433394692, 0.6566568786951863, -0.8975102765978874, 0.5212367276908513]",29.308900842412093,2.4265904315370714
"[0.22107558237318775, 0.6566578368729606, -0.8975117785368875, 0.521234641122912]",29.30895122461146,2.4266532640184684
"[0.22106779023429965, 0.6566587951798052, -0.8975132805836795, 0.5212325542897616]",29.309001610626904,2.426716096499865
"[0.22105999732620335, 0.656659753688434, -0.8975147828522103, 0.5212304670330552]",29.30905199500552,2.4267789289812614
"[0.2210522042969755, 0.6566607123191727, -0.8975162852175518, 0.5212283795263087]",29.309102382556887,2.4268417614626583
"[0.22104441059347257, 0.6566616711400332, -0.8975177877863543, 0.5212262916213743]",29.309152771904213,2.4269045939440543
"[0.221036616779447, 0.6566626300817321, -0.8975192904499282, 0.5212242034691706]",29.30920315949699,2.4269674264254513
"[0.22102882386113154, 0.6566635890204175, -0.8975207930142567, 0.5212221153393588]",29.309253550643394,2.4270302589068478
"[0.2210210300080228, 0.6566645481813665, -0.897522295832274, 0.5212200267414087]",29.309303940585913,2.4270930913882443
"[0.22101323402521442, 0.6566655077116573, -0.8975237991344266, 0.5212179373550249]",29.30935433045178,2.427155923869641
"[0.22100543999640115, 0.6566664671087049, -0.8975253021332465, 0.5212158482746164]",29.309404723998977,2.4272187563510377
"[0.22099764554021067, 0.6566674266656053, -0.8975268052879306, 0.5212137588619559]",29.30945511686178,2.427281588832434
"[0.2209898480406451, 0.6566683867044804, -0.8975283091030164, 0.521211668415637]",29.309505510474427,2.4273444213138307
"[0.2209820535878571, 0.6566693464755023, -0.8975298124039595, 0.5212095785683758]",29.30955590554471,2.4274072537952276
"[0.22097425699641024, 0.6566703066171632, -0.8975313161908466, 0.5212074879298856]",29.309606300367754,2.427470086276624
"[0.22096646087490113, 0.6566712668082573, -0.897532819960556, 0.5212053971995739]",29.309656698059595,2.4275329187580206
"[0.2209586637215703, 0.6566722272337493, -0.8975343240027609, 0.5212033059746874]",29.309707095495767,2.4275957512394175
"[0.22095086693152993, 0.6566731877218333, -0.8975358280483497, 0.5212012146293356]",29.309757492724202,2.427658583720814
"[0.22094306910892558, 0.6566741484444357, -0.8975373323666014, 0.5211991227891276]",29.309807891844276,2.4277214162022105
"[0.2209352712294818, 0.6566751092814139, -0.8975388367692876, 0.5211970307157003]",29.309858291511976,2.427784248683607
"[0.22092747412441077, 0.6566760701303033, -0.897540341096035, 0.5211949386321211]",29.309908692403727,2.427847081165004
"[0.22091967522092107, 0.6566770313081918, -0.8975418458432299, 0.5211928458479994]",29.30995909224692,2.4279099136464004
"[0.22091187730423614, 0.6566779924718344, -0.897543350473487, 0.5211907531106886]",29.31000949769693,2.427972746127797
"[0.22090407808567528, 0.6566789539033268, -0.8975448554284143, 0.5211886598059696]",29.310059899935812,2.428035578609194
"[0.2208962790076089, 0.6566799154249022, -0.8975463604296988, 0.5211865663209012]",29.310110304837522,2.42809841109059
"[0.22088847813709808, 0.6566808772748929, -0.8975478658503608, 0.521184472136566]",29.31016070930006,2.428161243571987
"[0.2208806798008363, 0.6566818389198074, -0.8975493708554146, 0.5211823784145055]",29.31021111488626,2.4282240760533838
"[0.22087287934127836, 0.6566828009339788, -0.897550876343711, 0.5211802839042592]",29.31026152211162,2.42828690853478
"[0.22086507887251788, 0.6566837630567283, -0.8975523819072538, 0.5211781891733859]",29.310311930330034,2.4283497410161767
"[0.2208572773986918, 0.656684725410903, -0.8975538877382644, 0.5211760939544172]",29.310362339312537,2.4284125734975732
"[0.22084947610094727, 0.656685687850828, -0.8975553936087632, 0.5211739985645191]",29.31041274649226,2.4284754059789697
"[0.22084167505257016, 0.656686650367453, -0.8975568995045942, 0.5211719030233904]",29.310463157139147,2.4285382384603666
"[0.22083387327839538, 0.656687613081117, -0.8975584056139997, 0.5211698070690411]",29.310513569287373,2.428601070941763
"[0.22082607132729476, 0.6566885759240824, -0.8975599118310333, 0.5211677108489183]",29.310563979576344,2.4286639034231596
"[0.22081826857529166, 0.6566895389734048, -0.8975614182761624, 0.5211656141952894]",29.310614393676573,2.428726735904556
"[0.22081046542926003, 0.6566905021789015, -0.8975629248708437, 0.5211635172174158]",29.310664805500412,2.428789568385953
"[0.22080266263815185, 0.6566914654480774, -0.8975644314704736, 0.5211614201166193]",29.310715223053982,2.4288524008673495
"[0.2207948587928563, 0.6566924289549503, -0.897565938347129, 0.5211593225140918]",29.310765636198898,2.428915233348746
"[0.2207870559382036, 0.6566933924470436, -0.8975674451059626, 0.5211572249594725]",29.31081605414089,2.428978065830143
"[0.2207792516327652, 0.656694356225836, -0.8975689522184236, 0.5211551267964317]",29.31086647040301,2.4290408983115395
"[0.22077144673150556, 0.6566953201857875, -0.8975704595194303, 0.521153028254733]",29.3109168897943,2.429103730792936
"[0.220763641935223, 0.6566962842403564, -0.8975719668736447, 0.5211509295227768]",29.31096730547902,2.4291665632743324
"[0.22075583779281469, 0.6566972483217294, -0.8975734741750413, 0.5211488307481872]",29.311017726962984,2.4292293957557294
"[0.2207480322130265, 0.6566982126882811, -0.8975749818275304, 0.521146731368503]",29.31106814628324,2.429292228237126
"[0.22074022616661265, 0.6566991772200725, -0.897576489643637, 0.5211446316447877]",29.31111857101767,2.4293550607185224
"[0.22073242045642744, 0.6567001418179519, -0.8975779974682737, 0.5211425317929272]",29.31116899123923,2.4294178931999193
"[0.22072461382629585, 0.6567011066371469, -0.8975795055440987, 0.521140431474986]",29.311219414216154,2.4294807256813153
"[0.22071680725340997, 0.6567020715569104, -0.8975810136823461, 0.5211383309538216]",29.311269838498102,2.4295435581627123
"[0.220709000174747, 0.6567030366468443, -0.8975825219917861, 0.5211362300779165]",29.311320264439612,2.4296063906441088
"[0.22070119378981207, 0.6567040017586661, -0.8975840302406684, 0.521134129170058]",29.31137069044313,2.4296692231255053
"[0.22069338616700457, 0.6567049671311948, -0.8975855388021945, 0.5211320277103708]",29.31142111813353,2.429732055606902
"[0.22068557928352092, 0.6567059325199727, -0.8975870472943387, 0.521129926230999]",29.311471544405315,2.4297948880882987
"[0.22067776879302928, 0.6567068984625227, -0.8975885565569602, 0.5211278235618568]",29.311521972704163,2.4298577205696956
"[0.22066996074366652, 0.6567078642108821, -0.8975900654213556, 0.5211257213311136]",29.31157240258239,2.4299205530510917
"[0.22066215327613478, 0.6567088299949556, -0.8975915742467774, 0.5211236190382992]",29.31162283266064,2.4299833855324886
"[0.22065434347510163, 0.6567097961754155, -0.8975930835966437, 0.5211215158983215]",29.311673261920333,2.430046218013885
"[0.22064653400932802, 0.6567107624221381, -0.8975945929552033, 0.5211194126297787]",29.311723693694873,2.4301090504952816
"[0.22063872506624604, 0.6567117287119174, -0.8975961022862128, 0.5211173092831792]",29.311774126111885,2.4301718829766785
"[0.22063091401692692, 0.6567126953700948, -0.8975976120978147, 0.5211152051503455]",29.31182456014524,2.430234715458075
"[0.2206231030393587, 0.6567136621271884, -0.8975991219690438, 0.5211131008178752]",29.311874993893912,2.4302975479394715
"[0.22061529224322082, 0.6567146289695868, -0.8976006318786938, 0.5211109963153627]",29.31192542963916,2.430360380420868
"[0.2206074815689963, 0.6567155959046855, -0.8976021418382557, 0.5211088916267355]",29.311975863756814,2.430423212902265
"[0.22059967059217092, 0.6567165629850316, -0.8976036519297954, 0.5211067866376039]",29.312026305362394,2.4304860453836614
"[0.22059185897170697, 0.6567175302528718, -0.897605162219253, 0.521104681256013]",29.312076741463603,2.430548877865058
"[0.2205840471418472, 0.6567184976544554, -0.8976066726226788, 0.5211025755989577]",29.312127180502106,2.430611710346455
"[0.22057623434326148, 0.6567194652838423, -0.8976081832868994, 0.5211004694617055]",29.312177619359666,2.430674542827851
"[0.22056842210378164, 0.6567204329518326, -0.8976096939164953, 0.5210983632560808]",29.312228061584033,2.430737375309248
"[0.22056060924650894, 0.6567214008041621, -0.89761120473904, 0.5210962566648337]",29.312278502779304,2.4308002077906443
"[0.220552795663668, 0.6567223688542554, -0.8976127157753834, 0.5210941496587868]",29.312328945368012,2.430863040272041
"[0.2205449822296914, 0.6567233369937764, -0.8976142268564264, 0.5210920424737248]",29.31237938704246,2.4309258727534377
"[0.22053716776990676, 0.6567243053683014, -0.8976157382093513, 0.5210899347928014]",29.3124298296942,2.4309887052348342
"[0.2205293534864731, 0.656725273828856, -0.8976172496016641, 0.5210878269402424]",29.312480275430044,2.431051537716231
"[0.22052153935703966, 0.6567262423782283, -0.8976187610376748, 0.5210857189099964]",29.312530720411534,2.431114370197627
"[0.22051372477693904, 0.6567272110913618, -0.8976202726343393, 0.5210836105389374]",29.312581168416948,2.431177202679024
"[0.22050590934617384, 0.656728180017874, -0.8976217844690436, 0.5210815017190787]",29.31263161434529,2.4312400351604206
"[0.22049809287224365, 0.656729149181671, -0.8976232965790457, 0.5210793923983933]",29.312682064771884,2.431302867641817
"[0.22049027739592392, 0.6567301183297183, -0.8976248085695504, 0.521077283127589]",29.312732511440473,2.431365700123214
"[0.22048246198376142, 0.6567310875777489, -0.8976263206211232, 0.5210751736547783]",29.312782960970495,2.4314285326046106
"[0.22047464515348617, 0.6567320571096188, -0.8976278330205536, 0.5210730635798158]",29.312833411496424,2.431491365086007
"[0.22046682785315863, 0.6567330268077849, -0.897629345584431, 0.5210709531585292]",29.312883862738243,2.4315541975674035
"[0.22045901083420616, 0.6567339965790282, -0.8976308581673611, 0.521068842593782]",29.31293431535504,2.4316170300488005
"[0.22045119473446237, 0.6567349663442095, -0.8976323706459002, 0.5210667320578138]",29.312984768152095,2.431679862530197
"[0.2204433754971677, 0.656735936606707, -0.8976338838050898, 0.5210646204551056]",29.313035222172115,2.4317426950115935
"[0.22043555816728408, 0.6567369067405346, -0.8976353966686528, 0.5210625091480041]",29.313085677498613,2.4318055274929904
"[0.22042773896087808, 0.6567378772152822, -0.8976369099688774, 0.5210603971145352]",29.3131361357983,2.4318683599743864
"[0.220419921359372, 0.65673884759886, -0.8976384230319794, 0.5210582852950472]",29.313186590628106,2.4319311924557834
"[0.22041210131230404, 0.656739818394067, -0.8976399366419147, 0.5210561725953147]",29.313237047911542,2.43199402493718
"[0.22040428245671526, 0.6567407891494206, -0.8976414500947271, 0.5210540599978802]",29.31328750622539,2.4320568574185764
"[0.22039646268859492, 0.6567417601261408, -0.8976429637976696, 0.5210519469342606]",29.31333796632377,2.4321196898999733
"[0.22038864250616721, 0.6567427312623962, -0.8976444776543117, 0.5210498335390198]",29.313388426324074,2.43218252238137
"[0.2203808211909399, 0.6567437026474362, -0.8976459918037577, 0.5210477196179261]",29.3134388879323,2.4322453548627667
"[0.22037300181891528, 0.6567446738992248, -0.897647505650499, 0.5210456060023662]",29.313489349058585,2.4323081873441628
"[0.2203651807687446, 0.6567456454675653, -0.8976490198956273, 0.521043491713481]",29.313539813290486,2.4323710198255597
"[0.22035735958325933, 0.6567466171608408, -0.8976505342404519, 0.5210413771682642]",29.313590275434702,2.4324338523069566
"[0.2203495375933045, 0.6567475890622047, -0.8976520488145436, 0.5210392621857592]",29.3136407407339,2.4324966847883527
"[0.2203417159037823, 0.6567485610343897, -0.8976535634039606, 0.5210371470646826]",29.313691206879163,2.4325595172697496
"[0.22033389345082513, 0.6567495332095972, -0.8976550782147116, 0.5210350315173358]",29.313741674838607,2.432622349751146
"[0.22032607036555496, 0.6567505055715694, -0.8976565932214189, 0.5210329155791052]",29.313792139328253,2.4326851822325426
"[0.22031824796746483, 0.6567514779563063, -0.8976581081685447, 0.5210307996068692]",29.313842606536333,2.4327480147139395
"[0.22031042444944984, 0.6567524505884474, -0.897659623406068, 0.5210286831117876]",29.3138930746053,2.432810847195336
"[0.22030260126940962, 0.656753423286768, -0.8976611386516314, 0.5210265664882202]",29.313943546849966,2.4328736796767325
"[0.22029477688631247, 0.6567543962428901, -0.8976626542037199, 0.5210244493191871]",29.31399401526761,2.432936512158129
"[0.2202869534842769, 0.6567553691852288, -0.8976641696392752, 0.521022332195662]",29.314044484277044,2.432999344639526
"[0.22027912942590627, 0.6567563423174088, -0.8976656852754598, 0.5210202146745521]",29.314094958640993,2.4330621771209224
"[0.22027130350415305, 0.6567573157896128, -0.8976672013461265, 0.5210180964290656]",29.314145432105292,2.433125009602319
"[0.22026347907362326, 0.6567582891845695, -0.897668717201407, 0.5210159783671716]",29.314195907191785,2.433187842083716
"[0.22025565373825637, 0.6567592628003491, -0.8976702333054841, 0.5210138598402783]",29.314246382180347,2.4332506745651123
"[0.22024782714257923, 0.6567602366812266, -0.8976717497272537, 0.5210117407520503]",29.314296856932675,2.433313507046509
"[0.22024000115054115, 0.6567612105952796, -0.8976732661055743, 0.5210096216071296]",29.314347332465527,2.4333763395279053
"[0.22023217459689984, 0.6567621846875206, -0.8976747826662199, 0.5210075020899806]",29.31439780960307,2.4334391720093023
"[0.22022434740502939, 0.656763158967513, -0.8976762994240491, 0.5210053821797958]",29.31444828807834,2.4335020044906988
"[0.2202165212070452, 0.6567641332320948, -0.8976778160627793, 0.5210032623186244]",29.314498768315318,2.4335648369720952
"[0.2202086930628625, 0.6567651078472927, -0.8976793331521765, 0.5210011417100456]",29.31454924578711,2.433627669453492
"[0.22020086609632705, 0.6567660824242014, -0.8976808500868472, 0.5209990212002558]",29.31459973063505,2.4336905019348882
"[0.2201930386447847, 0.6567670571698319, -0.8976823671890132, 0.5209969003388276]",29.314650208910688,2.433753334416285
"[0.2201852102991465, 0.6567680321351612, -0.8976838845379767, 0.5209947790148485]",29.31470069144902,2.4338161668976817
"[0.22017738103420065, 0.6567690073233655, -0.8976854021386443, 0.5209926572214075]",29.314751177292504,2.433878999379078
"[0.22016955167063823, 0.6567699826322477, -0.8976869198319448, 0.5209905351808658]",29.314801659826514,2.433941831860475
"[0.22016172225669098, 0.6567709580558035, -0.8976884376085243, 0.5209884129062833]",29.31485214462958,2.4340046643418716
"[0.22015389256163997, 0.6567719336227845, -0.8976899555131093, 0.5209862903351015]",29.31490262950992,2.434067496823268
"[0.22014606339373471, 0.6567729092324838, -0.8976914733889981, 0.5209841676864301]",29.31495311792855,2.4341303293046646
"[0.22013823214267259, 0.656773885210209, -0.8976929917422783, 0.5209820442524922]",29.315003606756797,2.4341931617860615
"[0.22013040224045935, 0.6567748611282549, -0.8976945099075455, 0.5209799209638405]",29.3150540930597,2.434255994267458
"[0.22012257128387291, 0.6567758372861638, -0.8976960283507562, 0.5209777971687711]",29.315104583836884,2.4343188267488545
"[0.2201147407696858, 0.6567768134973704, -0.8976975467816865, 0.5209756732731846]",29.31515507146251,2.4343816592302514
"[0.22010690784828985, 0.6567777901171604, -0.8976990657529322, 0.5209735485040965]",29.315205564753178,2.434444491711648
"[0.2200990760682795, 0.6567787667031297, -0.8977005845763557, 0.5209714238240291]",29.315256054776068,2.4345073241930444
"[0.2200912444737943, 0.6567797433744406, -0.8977021034373045, 0.5209692989737199]",29.315306549175535,2.434570156674441
"[0.22008341171538873, 0.6567807202994009, -0.8977036225974979, 0.5209671735869958]",29.315357042249268,2.434632989155838
"[0.22007557894399962, 0.6567816973345033, -0.8977051418337217, 0.5209650479760838]",29.315407536478688,2.4346958216372343
"[0.22006774572984858, 0.6567826745333317, -0.8977066612293402, 0.5209629220243727]",29.315458032893204,2.434758654118631
"[0.2200599124339816, 0.6567836518508972, -0.8977081807143195, 0.5209607958297734]",29.31550852745578,2.4348214866000277
"[0.2200520785695345, 0.6567846293479359, -0.8977097003831057, 0.5209586692601299]",29.31555902403088,2.4348843190814238
"[0.22004424470062273, 0.656785606954082, -0.8977112201262702, 0.5209565424685326]",29.31560952399396,2.4349471515628207
"[0.22003640961398757, 0.6567865848207657, -0.8977127401791916, 0.520954415125543]",29.31566002152836,2.435009984044217
"[0.22002857521018426, 0.6567875627107982, -0.8977142601731533, 0.5209522877471608]",29.31571052155872,2.4350728165256137
"[0.22002073979748293, 0.6567885408353641, -0.8977157804363745, 0.5209501598739698]",29.315761022855963,2.4351356490070106
"[0.22001290453776115, 0.6567895190494001, -0.8977173007434323, 0.5209480318215126]",29.315811522891813,2.435198481488407
"[0.22000506880424883, 0.6567904974312052, -0.8977188212159368, 0.5209459034194868]",29.315862023383374,2.4352613139698036
"[0.2199972318773277, 0.6567914760706569, -0.8977203419935441, 0.5209437744723624]",29.31591252643297,2.4353241464512
"[0.21998939576033802, 0.656792454717595, -0.8977218626875, 0.520941645524338]",29.31596303173481,2.435386978932597
"[0.2199815586756487, 0.6567934335940339, -0.897723383642772, 0.5209395160924435]",29.316013536046682,2.4354498114139935
"[0.2199737221444122, 0.6567944125099852, -0.8977249045641481, 0.5209373865899717]",29.31606404263165,2.43551264389539
"[0.21996588458428795, 0.6567953916631233, -0.8977264257587312, 0.5209352565869092]",29.31611455035484,2.435575476376787
"[0.21995804598571625, 0.6567963710546855, -0.8977279472284004, 0.5209331260805651]",29.3161650554819,2.4356383088581834
"[0.2199502092505766, 0.6567973503220866, -0.8977294684098841, 0.5209309958596834]",29.316215562624592,2.43570114133958
"[0.2199423713936732, 0.6567983298383349, -0.89773098988262, 0.5209288651128432]",29.31626607110161,2.4357639738209764
"[0.21993453221790277, 0.6567993096281085, -0.8977325116848988, 0.5209267337863592]",29.316316584239527,2.4358268063023734
"[0.21992669286221736, 0.6568002895491094, -0.8977340335956311, 0.5209246021897932]",29.31636709318036,2.43588963878377
"[0.21991885305863487, 0.6568012696348151, -0.8977355556668503, 0.5209224702502889]",29.31641760728673,2.4359524712651663
"[0.2199110140906048, 0.6568022497248011, -0.897737077649363, 0.5209203383168358]",29.316468118499976,2.4360153037465633
"[0.21990317268268286, 0.6568032302286146, -0.8977386001791352, 0.5209182054985613]",29.316518630784913,2.4360781362279593
"[0.2198953334523468, 0.6568042105688793, -0.8977401223596104, 0.5209160730513832]",29.316569144357288,2.4361409687093563
"[0.21988749352046677, 0.6568051911056495, -0.8977416447498144, 0.5209139401921283]",29.316619660018905,2.436203801190753
"[0.2198796516475601, 0.6568061719939293, -0.8977431675904737, 0.5209118065835703]",29.31667017510573,2.4362666336721492
"[0.219871810762862, 0.6568071528674122, -0.8977446903127501, 0.5209096730225549]",29.316720691426784,2.436329466153546
"[0.21986396867773939, 0.6568081339998815, -0.8977462133416811, 0.5209075389135436]",29.316771207657137,2.4363922986349427
"[0.21985612752818487, 0.6568091151240867, -0.8977477362624319, 0.5209054048378231]",29.316821728444506,2.436455131116339
"[0.21984828484427735, 0.656810096549107, -0.8977492595547143, 0.5209032701231197]",29.31687224752516,2.436517963597736
"[0.2198404424939439, 0.6568110780412254, -0.8977507828557307, 0.520901135277801]",29.31692276544464,2.4365807960791326
"[0.2198325993594138, 0.6568120597403215, -0.8977523063825997, 0.5208989999975923]",29.316973288893845,2.4366436285605295
"[0.21982475635151194, 0.6568130415324285, -0.8977538299583956, 0.5208968645304]",29.31702381071424,2.4367064610419256
"[0.21981691234542192, 0.6568140235583613, -0.8977553538016307, 0.5208947285699322]",29.317074330146895,2.4367692935233225
"[0.21980906914004694, 0.6568150055929161, -0.8977568775628328, 0.5208925926060206]",29.317124855236496,2.436832126004719
"[0.21980122370914756, 0.6568159880150336, -0.897758401829947, 0.5208904558144533]",29.317175379864,2.4368949584861155
"[0.21979337998161666, 0.6568169703327602, -0.8977599258396397, 0.5208883192652574]",29.317225903648897,2.4369577909675124
"[0.2197855345992175, 0.6568179529666138, -0.8977614502444043, 0.5208861820437488]",29.317276429757637,2.437020623448909
"[0.21977768897803446, 0.6568189357393266, -0.8977629747691019, 0.5208840445355374]",29.317326957821088,2.4370834559303054
"[0.21976984332267363, 0.656819918625285, -0.8977644993739716, 0.5208819067963375]",29.317377485123103,2.437146288411702
"[0.2197619983291723, 0.6568209015371991, -0.897766023923751, 0.5208797690159236]",29.317428012902862,2.437209120893099
"[0.21975415182562555, 0.6568218847472891, -0.8977675488405116, 0.5208776306023027]",29.3174785433057,2.4372719533744953
"[0.21974630607042941, 0.6568228679725583, -0.897769073685358, 0.5208754921709494]",29.317529072638653,2.437334785855892
"[0.21973845937638647, 0.6568238514244518, -0.8977705987861975, 0.5208733532619875]",29.31757960390454,2.4373976183372887
"[0.21973061195679783, 0.6568248350762684, -0.8977721241015914, 0.5208712139334872]",29.31763013720012,2.437460450818685
"[0.21972276362717189, 0.6568258189511748, -0.8977736496674156, 0.520869074135071]",29.317680668763423,2.4375232833000817
"[0.21971491715149033, 0.656826802702652, -0.8977751749463876, 0.5208669346203603]",29.317731203766186,2.437586115781478
"[0.21970706776291463, 0.6568277869283694, -0.8977767008651423, 0.5208647940895166]",29.31778173820758,2.4376489482628747
"[0.21969921997652841, 0.6568287710622154, -0.8977782265459614, 0.5208626537737412]",29.317832273720157,2.4377117807442716
"[0.2196913720570868, 0.6568297553217631, -0.8977797523261669, 0.5208605131998416]",29.317882808878316,2.437774613225668
"[0.21968352294058502, 0.6568307398404883, -0.8977812784126329, 0.520858372077537]",29.317933347405702,2.437837445707065
"[0.21967567319700082, 0.6568317245469368, -0.8977828046945607, 0.5208562305622269]",29.31798388342346,2.437900278188461
"[0.21966782253300587, 0.6568327094779401, -0.8977843312289998, 0.5208540885738132]",29.318034425052993,2.437963110669858
"[0.2196599732234715, 0.6568336943480889, -0.8977858575735977, 0.5208519467329877]",29.318084961256467,2.4380259431512545
"[0.21965212246342714, 0.6568346795093397, -0.897787384273792, 0.5208498042743389]",29.318135504633617,2.438088775632651
"[0.21964427188983085, 0.6568356647562841, -0.8977889110112663, 0.5208476616445561]",29.318186042699338,2.438151608114048
"[0.21963642106462783, 0.656836650143941, -0.897790437871201, 0.5208455187240218]",29.318236586045515,2.4382144405954445
"[0.21962856959299099, 0.656837635721826, -0.8977919649303979, 0.5208433754049993]",29.318287128986512,2.438277273076841
"[0.21962071841271455, 0.6568386213722828, -0.8977934920064555, 0.5208412319434]",29.31833767219412,2.4383401055582374
"[0.2196128664810214, 0.6568396072262159, -0.8977950193021992, 0.5208390880545319]",29.318388218639566,2.4384029380396344
"[0.21960501448063494, 0.6568405931979264, -0.8977965466848375, 0.5208369439247613]",29.318438762908304,2.438465770521031
"[0.2195971602157912, 0.6568415795631856, -0.8977980745815197, 0.5208347989543894]",29.318489308809617,2.4385286030024274
"[0.21958930785633304, 0.6568425657983413, -0.8977996021810832, 0.5208326542821611]",29.318539857702035,2.4385914354838243
"[0.21958145419307157, 0.6568435523064379, -0.8978011301078297, 0.5208305090315993]",29.318590403645107,2.4386542679652203
"[0.21957360116615773, 0.6568445388437989, -0.8978026579843069, 0.5208283637326113]",29.31864095347232,2.4387171004466173
"[0.21956574725613154, 0.6568455256013103, -0.8978041861061371, 0.5208262179700959]",29.318691504527738,2.4387799329280138
"[0.21955789295798503, 0.6568465125168075, -0.8978057143770233, 0.5208240718792317]",29.318742053460948,2.4388427654094107
"[0.21955003875419765, 0.6568474995296754, -0.8978072427030832, 0.520821925591829]",29.31879260527128,2.438905597890807
"[0.21954218304702652, 0.6568484868407286, -0.8978087713952319, 0.520819778671212]",29.318843158868187,2.4389684303722037
"[0.21953432805314207, 0.6568494741713921, -0.8978103000221176, 0.5208176317231444]",29.318893710149425,2.4390312628536006
"[0.21952647277442244, 0.6568504616471176, -0.8978118287779696, 0.520815484474828]",29.318944267005776,2.4390940953349967
"[0.21951861653609675, 0.6568514493527572, -0.89781335779412, 0.5208133367417535]",29.318994819242473,2.4391569278163936
"[0.2195107604567737, 0.6568524371476954, -0.8978148868528656, 0.5208111888296844]",29.31904537612526,2.43921976029779
"[0.21950290376211007, 0.6568534251293076, -0.8978164161049206, 0.520809040526882]",29.319095931004064,2.4392825927791866
"[0.2194950468006593, 0.6568544132537855, -0.8978179454824475, 0.5208068919286062]",29.31914648926338,2.4393454252605835
"[0.2194871895387444, 0.6568554015253637, -0.8978194749920054, 0.5208047430256348]",29.319197049510105,2.43940825774198
"[0.21947933279505238, 0.6568563898410885, -0.8978210044742162, 0.5208025940418476]",29.319247609608805,2.4394710902233765
"[0.21947147381013504, 0.6568573785480981, -0.8978225344662855, 0.5208004442224177]",29.319298167076415,2.439533922704773
"[0.2194636162156854, 0.6568583671895296, -0.8978240642611983, 0.5207982945607408]",29.319348728777456,2.43959675518617
"[0.21945575728285133, 0.6568593561087456, -0.8978255943902255, 0.5207961443102378]",29.31939928955941,2.4396595876675664
"[0.21944789836068848, 0.6568603451359638, -0.8978271245907276, 0.5207939938400238]",29.31944985133975,2.439722420148963
"[0.21944004005233667, 0.6568613341953246, -0.897828654745246, 0.5207918433150882]",29.31950041492414,2.43978525263036
"[0.21943217968710266, 0.6568623236229804, -0.8978301853738303, 0.5207896920045159]",29.319550980916855,2.439848085111756
"[0.21942431994078732, 0.6568633130821458, -0.8978317159554416, 0.5207875406405805]",29.319601544295615,2.439910917593153
"[0.2194164601974037, 0.6568643026503443, -0.8978332466100232, 0.5207853890547088]",29.319652112165763,2.4399737500745493
"[0.21940859978597801, 0.656865292412085, -0.8978347774682462, 0.5207832370631689]",29.319702676142203,2.4400365825559462
"[0.21940073822755082, 0.6568662824277107, -0.8978363086234113, 0.5207810845347562]",29.319753244663037,2.4400994150373427
"[0.21939287780678304, 0.6568672724095201, -0.8978378396305399, 0.520778932095005]",29.319803813566896,2.4401622475187392
"[0.2193850157948574, 0.656868262701186, -0.8978393710211383, 0.5207767789966754]",29.319854382120212,2.440225080000136
"[0.21937715415203482, 0.6568692530558464, -0.8978409024133891, 0.5207746257765176]",29.319904953000993,2.440287912481532
"[0.21936929201673688, 0.6568702435820258, -0.8978424339751186, 0.5207724721985619]",29.319955523155453,2.440350744962929
"[0.219361429772126, 0.6568712342314771, -0.8978439656316873, 0.5207703183677159]",29.320006096255835,2.440413577444326
"[0.21935356686933005, 0.656872225073386, -0.8978454974900264, 0.5207681641335666]",29.320056668065543,2.440476409925722
"[0.2193457039254729, 0.6568732160299415, -0.8978470294299177, 0.52076600966523]",29.320107242030478,2.440539242407119
"[0.21933783991164973, 0.65687420723091, -0.8978485616518248, 0.5207638546806416]",29.320157817145912,2.4406020748885155
"[0.21932997577180532, 0.6568751985573158, -0.8978500939718442, 0.5207616994384447]",29.320208390308515,2.440664907369912
"[0.21932211229790893, 0.6568761899093178, -0.8978516262356477, 0.5207595441557012]",29.320258965930808,2.440727739851309
"[0.2193142485171908, 0.6568771814095464, -0.8978531586327769, 0.5207573885657969]",29.320309544924648,2.4407905723327055
"[0.21930638279663325, 0.6568781732639559, -0.8978546914814792, 0.5207552322209829]",29.320360121425818,2.440853404814102
"[0.21929851865093525, 0.656879165029337, -0.8978562240968223, 0.5207530760847996]",29.320410701678078,2.4409162372954984
"[0.21929065193090921, 0.6568801572289985, -0.8978577572874318, 0.5207509190195734]",29.320461280690786,2.4409790697768954
"[0.2192827861038617, 0.6568811494256495, -0.8978592903775632, 0.5207487619759784]",29.320511858882476,2.441041902258292
"[0.21927492106805407, 0.6568821416320966, -0.897860823387016, 0.5207466049261712]",29.320562443997872,2.4411047347396884
"[0.2192670543835058, 0.6568831341561613, -0.8978623567913857, 0.5207444472009386]",29.32061302453631,2.4411675672210853
"[0.21925918744717243, 0.656884126821643, -0.8978638903183913, 0.5207422891833475]",29.320663607247866,2.441230399702482
"[0.21925131992399258, 0.6568851196708346, -0.8978654240333545, 0.5207401307814499]",29.32071419001272,2.4412932321838783
"[0.2192434532922465, 0.656886112517194, -0.8978669576480839, 0.5207379724007882]",29.3207647724941,2.4413560646652748
"[0.21923558608330676, 0.6568871055460388, -0.8978684914488839, 0.5207358136384614]",29.320815361741246,2.4414188971466717
"[0.21922771784177017, 0.6568880988149187, -0.8978700255245549, 0.5207336543693906]",29.32086594554378,2.441481729628068
"[0.21921984932539484, 0.6568890922281937, -0.8978715597273693, 0.520731494801479]",29.320916532870296,2.4415445621094647
"[0.2192119796377362, 0.6568900858990918, -0.8978730942321288, 0.5207293346885989]",29.3209671209731,2.4416073945908616
"[0.21920411155206082, 0.6568910794773842, -0.8978746284980695, 0.5207271747920502]",29.321017709025284,2.4416702270722577
"[0.219196242184583, 0.6568920733272839, -0.8978761630875106, 0.5207250143201323]",29.321068299974375,2.4417330595536546
"[0.21918837265026014, 0.656893067307991, -0.8978776977830418, 0.5207228535789048]",29.32111888920218,2.441795892035051
"[0.2191805024865583, 0.6568940614779546, -0.8978792326748707, 0.5207206924413166]",29.321169482227102,2.4418587245164476
"[0.21917263211558546, 0.6568950557838504, -0.8978807676806826, 0.5207185310232637]",29.321220072503564,2.4419215569978445
"[0.2191647620959875, 0.656896050155127, -0.8978823026915114, 0.520716369478132]",29.321270667798732,2.441984389479241
"[0.21915689107768274, 0.6568970447623627, -0.897883837970689, 0.520714207435103]",29.321321258964147,2.4420472219606375
"[0.21914902029988892, 0.6568980394489929, -0.897885373276504, 0.5207120452345188]",29.32137185540891,2.442110054442034
"[0.21914114776528576, 0.6568990344674628, -0.8978869089985783, 0.5207098823276244]",29.321422448618165,2.442172886923431
"[0.21913327542762415, 0.6569000295708746, -0.8978884447558024, 0.5207077192511161]",29.321473045769995,2.4422357194048274
"[0.21912540331471106, 0.6569010247557046, -0.8978899805427393, 0.5207055560126475]",29.321523643487286,2.442298551886224
"[0.21911753114027768, 0.6569020200581599, -0.8978915164152287, 0.5207033925335289]",29.321574241641336,2.442361384367621
"[0.21910965853866352, 0.6569030155244245, -0.8978930524446183, 0.5207012287133144]",29.32162484311674,2.4424242168490173
"[0.2191017844500334, 0.6569040112886141, -0.8978945888377082, 0.5206990642605388]",29.32167544305117,2.442487049330414
"[0.21909391045888482, 0.6569050071503604, -0.8978961252853468, 0.5206968996107147]",29.32172604137934,2.4425498818118103
"[0.2190860367672438, 0.6569060030841088, -0.8978976617481014, 0.5206947348193878]",29.32177664153092,2.4426127142932073
"[0.21907816226829585, 0.6569069992298696, -0.8978991984419564, 0.5206925695822242]",29.321827244330656,2.4426755467746037
"[0.2190702873780422, 0.6569079955350446, -0.8979007352857402, 0.5206904040135532]",29.321877847670258,2.4427383792560002
"[0.2190624129856515, 0.6569089918871415, -0.897902272105917, 0.5206882383578871]",29.321928451860032,2.442801211737397
"[0.21905453839704844, 0.6569099883739719, -0.8979038090379388, 0.5206860724243504]",29.32197905608439,2.442864044218793
"[0.21904666251916077, 0.6569109851339068, -0.8979053462951598, 0.5206839059122003]",29.322029662471294,2.44292687670019
"[0.21903878644226377, 0.656911982028961, -0.8979068836647932, 0.5206817391213252]",29.322080267153503,2.4429897091815866
"[0.21903091042324035, 0.6569129790266592, -0.8979084210966891, 0.5206795721223387]",29.322130874551238,2.443052541662983
"[0.21902303346519045, 0.6569139762532035, -0.897909958785454, 0.5206774046409279]",29.322181484596264,2.44311537414438
"[0.219015156697298, 0.6569149735656564, -0.8979114965106618, 0.5206752369877665]",29.322232092079723,2.4431782066257766
"[0.2190072796394732, 0.6569159710248087, -0.8979130343660316, 0.5206730690307247]",29.322282702299,2.443241039107173
"[0.218999402167693, 0.6569169686463826, -0.8979145723757802, 0.5206709007356302]",29.322333313995458,2.4433038715885695
"[0.2189915253701444, 0.6569179662925625, -0.8979161103274399, 0.5206687324020157]",29.322383924363233,2.4433667040699665
"[0.21898364488369707, 0.6569189645160326, -0.8979176490729517, 0.520666562828656]",29.322434538684664,2.443429536551363
"[0.2189757667081544, 0.6569199625568259, -0.8979191874408063, 0.5206643936672901]",29.322485149748566,2.4434923690327595
"[0.2189678885929959, 0.656920960700009, -0.8979207258704213, 0.5206622242983473]",29.322535763521973,2.4435552015141564
"[0.21896000897333495, 0.6569219591438552, -0.8979222646674041, 0.5206600542908755]",29.322586378063264,2.443618033995553
"[0.21895212882638224, 0.6569229577646138, -0.8979238036409357, 0.5206578839138639]",29.322636994331432,2.4436808664769494
"[0.21894424987904818, 0.6569239563434148, -0.8979253424537417, 0.520655713642981]",29.322687611282483,2.443743698958346
"[0.21893636966783742, 0.6569249551924897, -0.8979268815869538, 0.5206535427996375]",29.3227382286213,2.443806531439743
"[0.21892848877759213, 0.65692595423775, -0.8979284209263635, 0.5206513715448556]",29.32278884639612,2.4438693639211393
"[0.21892060834750923, 0.6569269533347827, -0.8979299602494558, 0.5206492001924852]",29.32283946531032,2.443932196402536
"[0.2189127265052941, 0.6569279527209883, -0.8979314999219611, 0.5206470282265848]",29.32289008539204,2.4439950288839327
"[0.21890484571866786, 0.6569289520834741, -0.8979330394618243, 0.5206448563271576]",29.32294070638953,2.4440578613653288
"[0.21889696329087344, 0.6569299517642356, -0.8979345793958683, 0.5206426837509545]",29.32299132880479,2.4441206938467257
"[0.21888908088193898, 0.6569309515527761, -0.8979361193998023, 0.5206405109554411]",29.323041949581036,2.444183526328122
"[0.21888119883571397, 0.6569319514054722, -0.8979376594064359, 0.5206383380354151]",29.323092574673087,2.4442463588095187
"[0.2188733154561142, 0.6569329515375123, -0.8979391997471596, 0.520636164523234]",29.32314319714495,2.4443091912909156
"[0.21886543204696096, 0.6569339517834853, -0.8979407401672361, 0.5206339907783449]",29.323193821818037,2.444372023772312
"[0.21885754927758896, 0.6569349520584954, -0.8979422805358575, 0.5206318169852774]",29.3232444484369,2.444434856253709
"[0.21884966566409278, 0.6569359525508262, -0.8979438211429915, 0.5206296427348321]",29.323295075470206,2.444497688735105
"[0.21884178054097547, 0.6569369533449525, -0.8979453621187214, 0.5206274678434043]",29.323345703713255,2.444560521216502
"[0.21883389699722777, 0.6569379540488707, -0.897946902859357, 0.5206252931629298]",29.323396331063417,2.444623353697899
"[0.21882601131827809, 0.656938955134083, -0.8979484440908699, 0.5206231176687416]",29.323446958892685,2.444686186179295
"[0.21881812610886878, 0.6569399562699578, -0.8979499853041885, 0.520620942079351]",29.32349758898683,2.444749018660692
"[0.218810241248738, 0.6569409574717501, -0.897951526522801, 0.5206187663616034]",29.323548220055876,2.4448118511420884
"[0.21880235526631622, 0.6569419589263179, -0.8979530680343559, 0.5206165901094205]",29.323598852371084,2.444874683623485
"[0.21879446913109027, 0.6569429605105936, -0.8979546096493521, 0.5206144135902591]",29.32364948266413,2.444937516104882
"[0.2187865818985915, 0.6569439623445553, -0.8979561515524302, 0.5206122365433954]",29.32370011741419,2.4450003485862783
"[0.21877869615627948, 0.6569449640995274, -0.8979576932377482, 0.520610059683048]",29.323750751469124,2.445063181067675
"[0.21877080868145335, 0.6569459661849149, -0.8979592353353509, 0.5206078821195639]",29.323801385623543,2.4451260135490713
"[0.2187629209780573, 0.6569469684096911, -0.8979607775512198, 0.5206057042680553]",29.323852022539764,2.4451888460304683
"[0.21875503310450956, 0.6569479707664393, -0.897962319873933, 0.5206035261446345]",29.32390266199046,2.4452516785118648
"[0.21874714583719806, 0.6569489731564953, -0.8979638621516702, 0.5206013479636957]",29.32395329696108,2.4453145109932612
"[0.21873925681173664, 0.6569499758803691, -0.8979654048467752, 0.520599169072232]",29.324003936761407,2.445377343474658
"[0.21873136804986454, 0.6569509786811568, -0.8979669475639079, 0.520596990028519]",29.324054574482986,2.4454401759560542
"[0.21872347917372598, 0.6569519816068042, -0.8979684903769656, 0.5205948107282923]",29.324105214649524,2.445503008437451
"[0.21871558851844536, 0.6569529848690947, -0.897970033611554, 0.5205926307114367]",29.32415585601938,2.4455658409188477
"[0.21870769954876476, 0.6569539880274772, -0.8979715765900461, 0.5205904509352098]",29.32420649617103,2.4456286734002446
"[0.2186998088981784, 0.6569549915100359, -0.897973119970881, 0.5205882704694178]",29.3242571387634,2.445691505881641
"[0.2186919186470498, 0.6569559950522353, -0.897974663347159, 0.5205860898888731]",29.324307784526194,2.4457543383630376
"[0.21868402798002998, 0.6569569987577776, -0.8979762068783618, 0.5205839089682381]",29.3243584272023,2.4458171708444345
"[0.2186761370726223, 0.6569580026043539, -0.8979777505301609, 0.5205817277559853]",29.324409072638375,2.4458800033258306
"[0.21866824504518725, 0.6569590067039003, -0.897979294474649, 0.5205795460088967]",29.324459717706603,2.4459428358072275
"[0.21866035320927718, 0.6569600108895759, -0.8979808384552481, 0.5205773640894958]",29.32451036429951,2.446005668288624
"[0.21865246114232953, 0.6569610152151331, -0.8979823825546275, 0.5205751818809685]",29.32456101133573,2.4460685007700205
"[0.21864456854685638, 0.6569620197184868, -0.8979839268309893, 0.5205729993009678]",29.324611662978466,2.4461313332514174
"[0.21863667564789394, 0.6569630243709426, -0.897985471240319, 0.5205708164117737]",29.324662310702706,2.446194165732814
"[0.2186287827732608, 0.6569640291308502, -0.8979870157184613, 0.5205686333039438]",29.32471296046139,2.4462569982142104
"[0.2186208890256784, 0.6569650341124307, -0.8979885604410043, 0.5205664497292815]",29.32476361276733,2.446319830695607
"[0.21861299520499783, 0.656966039213872, -0.897990105251433, 0.5205642659089971]",29.324814263064365,2.446382663177004
"[0.21860510100173178, 0.6569670444745987, -0.8979916502103137, 0.5205620817574365]",29.32486491450366,2.4464454956584003
"[0.21859720728853893, 0.6569680497834681, -0.8979931951468542, 0.5205598975160634]",29.32491556903198,2.446508328139797
"[0.21858931140253693, 0.6569690554796666, -0.8979947405822426, 0.5205577124479414]",29.324966225212556,2.4465711606211937
"[0.21858141686430813, 0.6569700611147924, -0.8979962858274136, 0.5205555275273036]",29.32501688013589,2.4466339931025898
"[0.21857352171681863, 0.6569710669381328, -0.8979978312654124, 0.5205533422125307]",29.32506753532402,2.4466968255839867
"[0.21856562549894704, 0.6569720730084528, -0.8979993769865202, 0.5205511563759314]",29.325118191127107,2.446759658065383
"[0.21855773023957073, 0.6569730790672712, -0.898000922593569, 0.520548970579108]",29.325168850154814,2.44682249054678
"[0.21854983319070936, 0.6569740854647653, -0.8980024686245207, 0.5205467840612475]",29.325219508217742,2.4468853230281766
"[0.2185419357849213, 0.656975092018418, -0.8980040147989427, 0.5205445972188936]",29.325270167363907,2.446948155509573
"[0.21853403938362953, 0.6569760985546983, -0.898005560850277, 0.5205424104290558]",29.325320830684866,2.44701098799097
"[0.21852614245836444, 0.6569771052684272, -0.8980071070777732, 0.5205402232684615]",29.325371487599917,2.447073820472366
"[0.21851824401125022, 0.6569781122868631, -0.8980086536768387, 0.5205380354606385]",29.325422150834683,2.447136652953763
"[0.21851034563526564, 0.6569791194069408, -0.8980102003355662, 0.520535847446759]",29.325472812823815,2.4471994854351595
"[0.21850244726186205, 0.6569801266373976, -0.8980117470673724, 0.5205336592078348]",29.32552347563097,2.447262317916556
"[0.2184945483802932, 0.6569811340433827, -0.8980132939722769, 0.5205314706023288]",29.325574139914423,2.447325150397953
"[0.21848664913494212, 0.6569821416064983, -0.8980148410220103, 0.520529281670208]",29.325624804884406,2.4473879828793494
"[0.21847875021746577, 0.656983149238529, -0.8980163880811076, 0.5205270926031202]",29.325675470802476,2.447450815360746
"[0.21847084941083147, 0.6569841572223218, -0.8980179355838065, 0.5205249027865815]",29.32572613949673,2.4475136478421424
"[0.2184629496679401, 0.6569851651811704, -0.8980194829517385, 0.5205227130389792]",29.32577680597335,2.4475764803235394
"[0.21845504979790373, 0.6569861732670047, -0.8980210304181507, 0.5205205230302448]",29.32582747476899,2.447639312804936
"[0.21844714893263104, 0.6569871815906266, -0.8980225781530986, 0.5205183325196688]",29.325878145288957,2.4477021452863323
"[0.21843924783371535, 0.6569881900548742, -0.8980241260074009, 0.5205161417183345]",29.325928814421594,2.4477649777677293
"[0.21843134612793005, 0.6569891987073834, -0.8980256740541822, 0.5205139505227375]",29.325979486234832,2.4478278102491258
"[0.2184234457082932, 0.656990207306519, -0.8980272219225585, 0.5205117594578205]",29.326030158871323,2.4478906427305223
"[0.21841554311689604, 0.6569912162937442, -0.8980287702900177, 0.5205095675645476]",29.32608083006294,2.4479534752119188
"[0.21840763971446817, 0.6569922254953907, -0.8980303188899861, 0.5205073752201984]",29.32613150439971,2.4480163076933157
"[0.21839973720777797, 0.6569932346935158, -0.8980318673880303, 0.5205051828982168]",29.326182177224094,2.448079140174712
"[0.21839183399508033, 0.6569942440926712, -0.8980334160980046, 0.5205029901542446]",29.326232854050783,2.4481419726561087
"[0.21838393042859808, 0.6569952536478957, -0.8980349649508966, 0.5205007970859523]",29.326283527525142,2.4482048051375056
"[0.21837602679666115, 0.656996263322375, -0.8980365138902006, 0.5204986037733148]",29.32633420512181,2.4482676376189016
"[0.21836812272186518, 0.6569972731643169, -0.8980380629898839, 0.5204964101115933]",29.326384884492104,2.4483304701002986
"[0.2183602179553733, 0.6569982832055575, -0.8980396122987232, 0.520494216031647]",29.32643556196117,2.448393302581695
"[0.21835231235592728, 0.6569992934641739, -0.8980411618444203, 0.5204920214942041]",29.326486241581105,2.4484561350630916
"[0.21834440860592147, 0.657000303597363, -0.8980427111011899, 0.5204898272439133]",29.32653692241132,2.4485189675444885
"[0.21833650225824064, 0.6570013141735076, -0.8980442609407386, 0.5204876320461151]",29.326587605887806,2.448581800025885
"[0.21832859676837343, 0.6570023247509585, -0.898045810685725, 0.5204854368601616]",29.32663828518198,2.4486446325072815
"[0.21832069145379107, 0.6570033354169622, -0.8980473604699265, 0.5204832414965436]",29.326688967274293,2.448707464988678
"[0.2183127840011965, 0.6570043464672912, -0.8980489107468718, 0.5204810453127733]",29.326739650415245,2.448770297470075
"[0.21830487734490306, 0.6570053575268096, -0.8980504609412927, 0.5204788491237287]",29.326790335438396,2.4488331299514714
"[0.21829697022043326, 0.6570063687571928, -0.8980520113010958, 0.5204766525782084]",29.326841020740773,2.448895962432868
"[0.21828906282971147, 0.6570073801326624, -0.8980535617866912, 0.5204744557322302]",29.32689170924661,2.448958794914265
"[0.21828115551067243, 0.6570083916099441, -0.8980551123318194, 0.5204722586797379]",29.32694239529822,2.4490216273956613
"[0.21827324705508272, 0.6570094033436698, -0.8980566631734053, 0.5204700610849018]",29.326993082372713,2.449084459877058
"[0.21826533815617466, 0.6570104152451697, -0.898058214175525, 0.520467863140306]",29.327043768165076,2.4491472923584547
"[0.21825742946392382, 0.6570114272312909, -0.8980597652107107, 0.5204656650265648]",29.32709445782002,2.4492101248398512
"[0.21824952055022365, 0.6570124393568189, -0.8980613163629143, 0.5204634666246808]",29.32714514854986,2.4492729573212477
"[0.2182416113839619, 0.6570134516257387, -0.8980628676382402, 0.5204612679259881]",29.327195837909496,2.449335789802644
"[0.2182337015427047, 0.6570144640921463, -0.8980644191195493, 0.5204590688129951]",29.327246532231378,2.449398622284041
"[0.21822579125722652, 0.6570154767265259, -0.8980659707615853, 0.5204568693498098]",29.327297224350207,2.4494614547654376
"[0.218217880628821, 0.657016489515923, -0.8980675225444847, 0.5204546695645638]",29.327347917376514,2.449524287246834
"[0.21820996988366367, 0.6570175024313994, -0.8980690744238805, 0.5204524695201157]",29.327398613142623,2.449587119728231
"[0.21820205872861972, 0.6570185155104995, -0.8980706264572789, 0.5204502691349158]",29.327449306625585,2.449649952209627
"[0.21819414794950745, 0.6570195286526042, -0.8980721784905094, 0.5204480686275105]",29.32750000441844,2.449712784691024
"[0.2181862359961457, 0.6570205420562428, -0.8980737308277134, 0.5204458675666802]",29.327550699154877,2.4497756171724205
"[0.21817832303462023, 0.6570215557002128, -0.8980752834363268, 0.5204436659984994]",29.327601398665976,2.449838449653817
"[0.2181704112979488, 0.6570225692984676, -0.8980768358781973, 0.520441464544243]",29.327652096866753,2.449901282135214
"[0.21816249692110903, 0.6570235833461661, -0.8980783889117381, 0.5204392621284353]",29.327702794148333,2.4499641146166105
"[0.2181545853719114, 0.6570245971427636, -0.8980799414639918, 0.5204370602726203]",29.32775349553978,2.4500269470980074
"[0.21814667182494987, 0.6570256113065672, -0.8980814944818726, 0.520434857633887]",29.327804196745127,2.4500897795794034
"[0.21813875681787917, 0.6570266257687497, -0.89808304785991, 0.520432654361727]",29.327854897884475,2.4501526120608004
"[0.2181308430794225, 0.6570276401795778, -0.898084601062568, 0.5204304512157107]",29.327905601189737,2.450215444542197
"[0.21812292893350788, 0.6570286547538785, -0.8980861544187871, 0.5204282477292593]",29.327956305152306,2.4502782770235934
"[0.2181150141499161, 0.6570296695211919, -0.8980877079737604, 0.5204260438382196]",29.32800700943303,2.4503411095049903
"[0.21810709868792547, 0.6570306844867669, -0.8980892617354947, 0.5204238395311901]",29.328057713939366,2.450403941986387
"[0.2180991830618854, 0.657031699584671, -0.8980908156030314, 0.5204216349513646]",29.328108419554574,2.4504667744677833
"[0.21809126812915533, 0.6570327147049462, -0.8980923694080543, 0.5204194303375419]",29.328159128325744,2.4505296069491798
"[0.21808335038375554, 0.6570337302972976, -0.8980939238388563, 0.5204172247130705]",29.328209833859216,2.4505924394305767
"[0.21807543451985162, 0.6570347457596423, -0.8980954779738739, 0.5204150193855355]",29.328260543471632,2.450655271911973
"[0.21806751764011406, 0.6570357614636134, -0.8980970323819301, 0.520412813547815]",29.3283112551597,2.4507181043933697
"[0.218059600099148, 0.6570367773637792, -0.8980985869934145, 0.5204106072985998]",29.32836196422502,2.4507809368747666
"[0.21805168232722175, 0.657037793404947, -0.8981001417238522, 0.5204084007577472]",29.328412673388037,2.4508437693561627
"[0.21804376431847944, 0.6570388095878824, -0.8981016965743931, 0.5204061939235947]",29.328463387174978,2.4509066018375596
"[0.2180358468264711, 0.657039825815856, -0.8981032513970548, 0.5204039870061906]",29.32851409877317,2.450969434318956
"[0.2180279285578888, 0.6570408422548928, -0.8981048064458108, 0.5204017796449967]",29.328564812971273,2.4510322668003526
"[0.21802000923347006, 0.6570418589408741, -0.898106361775525, 0.5203995717620872]",29.32861552636132,2.4510950992817495
"[0.2180120897615386, 0.6570428757572178, -0.8981079172078161, 0.5203973636106384]",29.32866624318165,2.451157931763146
"[0.21800417066154296, 0.6570438926372397, -0.8981094726406497, 0.5203951553354728]",29.328716958209153,2.451220764244543
"[0.21799625029746533, 0.6570449097909975, -0.898111028395379, 0.5203929464803864]",29.32876767300055,2.451283596725939
"[0.21798833141129328, 0.6570459268663973, -0.8981125839333932, 0.5203907378100224]",29.32881839143452,2.451346429207336
"[0.21798040979280245, 0.6570469444042015, -0.8981141400817373, 0.5203885281500553]",29.32886910876563,2.4514092616887324
"[0.21797248952222295, 0.6570479618803321, -0.8981156960388912, 0.5203863186385603]",29.32891983008007,2.451472094170129
"[0.21796456742107043, 0.6570489797031241, -0.8981172524292764, 0.5203841083888111]",29.328970548768574,2.451534926651526
"[0.21795664713585158, 0.657049997404083, -0.898118808536489, 0.5203818984181645]",29.32902126897702,2.4515977591329223
"[0.21794872446937055, 0.6570510155225299, -0.8981203651851569, 0.5203796875554637]",29.32907199044779,2.451660591614319
"[0.21794080196924592, 0.6570520337311283, -0.8981219218747487, 0.52037747651153]",29.329122715754533,2.4517234240957153
"[0.2179328797902347, 0.6570530520099802, -0.8981234785748439, 0.520375265329568]",29.329173438692997,2.4517862565771122
"[0.2179249567506436, 0.6570540705110004, -0.898125035517643, 0.5203730536797057]",29.329224161446167,2.4518490890585087
"[0.21791703301286536, 0.6570550892133129, -0.8981265926712553, 0.5203708416072447]",29.32927488894352,2.4519119215399052
"[0.21790910960062254, 0.6570561079853571, -0.8981281498344952, 0.5203686293979003]",29.329325615349788,2.451974754021302
"[0.21790118533528083, 0.6570571269786569, -0.8981297072390009, 0.5203664167226132]",29.329376339359857,2.452037586502698
"[0.2178932618325102, 0.6570581459854802, -0.8981312645672272, 0.52036420403248]",29.329427068074846,2.452100418984095
"[0.21788533688062753, 0.6570591652902582, -0.8981328222538775, 0.5203619907098626]",29.32947779607922,2.4521632514654916
"[0.21787741159046678, 0.6570601847501785, -0.8981343800806266, 0.5203597770648872]",29.329528525897583,2.452226083946888
"[0.21786948716638674, 0.6570612042102946, -0.8981359378107306, 0.5203575634339842]",29.32957925644649,2.452288916428285
"[0.21786156138050178, 0.6570622239572232, -0.8981374958821337, 0.5203553491947918]",29.32962998603518,2.4523517489096816
"[0.217853634804391, 0.6570632439174917, -0.8981390541824952, 0.5203531345068672]",29.32968071979494,2.4524145813910785
"[0.21784570890612348, 0.6570642639021915, -0.8981406124232006, 0.520350919780387]",29.329731450022873,2.4524774138724745
"[0.21783778255941683, 0.657065284056259, -0.8981421708256698, 0.5203487047006408]",29.32978218342397,2.4525402463538715
"[0.21782985521519832, 0.6570663044503962, -0.8981437294978702, 0.5203464891141139]",29.329832918876566,2.452603078835268
"[0.21782192863573854, 0.6570673248577743, -0.8981452880933014, 0.5203442735133195]",29.329883654259156,2.4526659113166644
"[0.21781399971234808, 0.6570683456786156, -0.8981468472232383, 0.5203420570292584]",29.329934388503077,2.4527287437980614
"[0.21780607247742198, 0.6570693663937892, -0.8981484060947594, 0.5203398407891154]",29.32998512656916,2.452791576279458
"[0.21779814337054915, 0.657070387461724, -0.8981499654080102, 0.5203376237975027]",29.330035863586886,2.4528544087608544
"[0.21779021515720567, 0.6570714085263308, -0.8981515246191459, 0.5203354068275878]",29.330086601561728,2.4529172412422513
"[0.21778228653286216, 0.6570724297556079, -0.8981530839847116, 0.5203331895146017]",29.330137341004292,2.452980073723648
"[0.21777435678849247, 0.657073451240897, -0.898154643644173, 0.520330971660207]",29.33018808041917,2.4530429062050443
"[0.21776642766354612, 0.6570744727581713, -0.8981562032554028, 0.5203287537508384]",29.330238822161547,2.4531057386864408
"[0.21775849764934765, 0.6570754945017885, -0.8981577631151493, 0.5203265353644936]",29.33028956265203,2.4531685711678377
"[0.21775056743598115, 0.6570765163828646, -0.8981593230876784, 0.5203243166941601]",29.330340307399126,2.453231403649234
"[0.2177426364851631, 0.6570775384707688, -0.8981608832788858, 0.5203220975892111]",29.330391049852757,2.4532942361306307
"[0.21773470461899022, 0.6570785607884806, -0.8981624437237852, 0.520319877999771]",29.330441793850135,2.4533570686120276
"[0.21772677383117547, 0.6570795830790291, -0.8981640040301421, 0.5203176584837508]",29.330492539737495,2.453419901093424
"[0.2177188416572743, 0.6570806056600931, -0.8981655646828116, 0.5203154383514286]",29.330543283577132,2.4534827335748206
"[0.21771091126667177, 0.657081628123083, -0.8981671250582065, 0.5203132184898919]",29.33059403089731,2.453545566056217
"[0.21770297804300814, 0.6570826510632097, -0.8981686860646447, 0.5203109976068838]",29.33064477924521,2.453608398537614
"[0.2176950450781984, 0.6570836740818561, -0.8981702470937647, 0.5203087765678468]",29.33069552781733,2.4536712310190105
"[0.21768711251408848, 0.6570846971606874, -0.8981718081176432, 0.5203065554125537]",29.33074627671507,2.453734063500407
"[0.21767917877211296, 0.6570857205033498, -0.8981733694469205, 0.5203043336989114]",29.330797025955302,2.453796895981804
"[0.21767124432288226, 0.6570867440491532, -0.8981749309890062, 0.5203021115586551]",29.3308477770489,2.4538597284632
"[0.2176633105480903, 0.6570877676198817, -0.8981764924719685, 0.5202998893787119]",29.33089852859956,2.453922560944597
"[0.2176553772527941, 0.6570887912406553, -0.8981780539341527, 0.5202976671045324]",29.330949280848674,2.4539853934259934
"[0.21764744169156972, 0.6570898152657548, -0.8981796159159431, 0.52029544396698]",29.331000033671746,2.45404822590739
"[0.2176395070354197, 0.6570908392860122, -0.8981811777931938, 0.5202932208543469]",29.331050788386438,2.454111058388787
"[0.21763157083096943, 0.6570918636180714, -0.8981827400488358, 0.5202909970792131]",29.331101544322124,2.4541738908701833
"[0.2176236362391274, 0.657092887853951, -0.8981843020606326, 0.5202887735272811]",29.33115229776317,2.45423672335158
"[0.21761569923823343, 0.6570939125128049, -0.8981858646202965, 0.5202865490715003]",29.33120305524027,2.4542995558329763
"[0.21760776348792937, 0.657094937122205, -0.8981874270073628, 0.520284324737477]",29.331253812373685,2.4543623883143733
"[0.21759982646754658, 0.6570959620076005, -0.8981889897180948, 0.5202820998186838]",29.33130456887089,2.4544252207957697
"[0.21759188940090926, 0.6570969870110003, -0.8981905525115466, 0.5202798746581103]",29.33135532965165,2.4544880532771662
"[0.21758395253784132, 0.6570980121001306, -0.89819211533852, 0.5202776493258073]",29.331406089503602,2.454550885758563
"[0.21757601395159848, 0.6570990375238833, -0.8981936785784206, 0.5202754232814725]",29.33145684788813,2.4546137182399597
"[0.21756807577387155, 0.6571000630069358, -0.898195241811495, 0.5202731971227882]",29.331507612088757,2.454676550721356
"[0.21756013695152812, 0.6571010886853426, -0.8981968052451295, 0.5202709705544003]",29.33155837380907,2.4547393832027526
"[0.2175521980361889, 0.6571021144878536, -0.8981983687706944, 0.5202687437309796]",29.331609139462987,2.4548022156841496
"[0.21754425909686095, 0.6571031404055556, -0.8981999323745952, 0.5202665166718717]",29.331659902150328,2.454865048165546
"[0.2175363200431389, 0.6571041664501414, -0.8982014960746333, 0.5202642893516958]",29.331710664862303,2.4549278806469426
"[0.21752837994675456, 0.6571051927415953, -0.8982030600536538, 0.5202620615099814]",29.33176143136296,2.4549907131283395
"[0.21752043961310952, 0.6571062191758626, -0.8982046241530242, 0.5202598333726246]",29.331812198126954,2.4550535456097355
"[0.21751249821949384, 0.6571072458593199, -0.8982061885348165, 0.520257604708705]",29.33186296493209,2.4551163780911325
"[0.21750455750700604, 0.6571082725668432, -0.898207752856054, 0.5202553760068702]",29.331913731593477,2.455179210572529
"[0.21749661721857208, 0.6571092993317046, -0.898209317167352, 0.5202531471949394]",29.33196450147044,2.4552420430539255
"[0.21748867557622964, 0.657110326383815, -0.8982108818189952, 0.5202509177738226]",29.332015269701213,2.4553048755353224
"[0.21748073379196273, 0.6571113535664642, -0.8982124465722154, 0.5202486880836883]",29.332066043976095,2.455367708016719
"[0.2174727917352347, 0.6571123808965518, -0.8982140114527304, 0.5202464580878565]",29.332116813407268,2.4554305404981154
"[0.21746484809640132, 0.6571134085435245, -0.8982155767186097, 0.5202442274185138]",29.332167584314067,2.455493372979512
"[0.21745690547030155, 0.6571144361717088, -0.8982171418585508, 0.5202419968042917]",29.332218358104114,2.455556205460909
"[0.2174489625386723, 0.65711546395165, -0.8982187071323091, 0.5202397658749915]",29.332269130795297,2.4556190379423053
"[0.2174410188999025, 0.6571164919353494, -0.8982202726190346, 0.5202375345177481]",29.332319906531005,2.455681870423702
"[0.21743307480941476, 0.6571175200897483, -0.8982218382684042, 0.5202353028042908]",29.33237068236348,2.4557447029050987
"[0.21742513078755818, 0.657118548347542, -0.8982234039778608, 0.5202330708807376]",29.33242145761901,2.455807535386495
"[0.21741718558040593, 0.6571195768710522, -0.8982249699945548, 0.520230838394746]",29.33247223458891,2.4558703678678917
"[0.21740924161066438, 0.6571206053466543, -0.8982265358409599, 0.5202286060270582]",29.33252301310928,2.455933200349288
"[0.21740129621031284, 0.657121634119774, -0.898228102042969, 0.5202263730279049]",29.332573791953507,2.455996032830685
"[0.2173933508105646, 0.6571226630051293, -0.8982296683184744, 0.5202241397994494]",29.332624572382326,2.4560588653120816
"[0.2173854039484245, 0.6571236921922026, -0.8982312349558903, 0.5202219059304164]",29.3326753536305,2.456121697793478
"[0.21737745835547748, 0.6571247213272375, -0.898232801416711, 0.5202196721886375]",29.332726133568677,2.456184530274875
"[0.21736951001841542, 0.6571257509300816, -0.8982343684921682, 0.520217437445784]",29.33277691352689,2.456247362756271
"[0.217361564012971, 0.6571267803432507, -0.8982359351815417, 0.5202152031289152]",29.332827699517612,2.456310195237668
"[0.217353616884568, 0.6571278100142652, -0.898237502165937, 0.5202129682666936]",29.33287848168859,2.4563730277190645
"[0.21734566969555094, 0.6571288398055081, -0.8982390692358957, 0.5202107331578106]",29.33292926602536,2.456435860200461
"[0.21733772147879218, 0.6571298698423285, -0.8982406365821294, 0.5202084975302064]",29.332980051728928,2.456498692681858
"[0.21732977301107057, 0.6571309000240836, -0.8982422040514744, 0.5202062616023141]",29.33303083573765,2.4565615251632544
"[0.21732182397540745, 0.6571319303918809, -0.8982437717064442, 0.5202040252849176]",29.33308162516907,2.456624357644651
"[0.21731387637023483, 0.6571329606866624, -0.8982453391529037, 0.5202017891402716]",29.333132415275987,2.4566871901260474
"[0.21730592642449098, 0.6571339913973149, -0.8982469071345979, 0.5201995521072995]",29.333183200267626,2.4567500226074444
"[0.21729797684115548, 0.657135022173451, -0.8982484751184334, 0.5201973149464862]",29.33323399064917,2.4568128550888413
"[0.2172900260539989, 0.6571360532181425, -0.8982500434133442, 0.5201950772170628]",29.333284782010455,2.4568756875702373
"[0.21728207658395107, 0.65713708420451, -0.8982516115220645, 0.5201928396284966]",29.33333557131676,2.4569385200516343
"[0.21727412592984244, 0.6571381154569312, -0.8982531799379667, 0.5201906014767721]",29.3333863652728,2.4570013525330308
"[0.21726617345421953, 0.6571391470581405, -0.8982547487868379, 0.5201883625823213]",29.333437155835938,2.4570641850144272
"[0.217258222379743, 0.6571401785901163, -0.8982563174329156, 0.5201861238523914]",29.33348795044828,2.457127017495824
"[0.21725027226721028, 0.6571412101097838, -0.8982578859628111, 0.5201838851634221]",29.333538744518865,2.4571898499772207
"[0.2172423187230275, 0.6571422421872664, -0.8982594552433927, 0.5201816452780936]",29.333589539511753,2.457252682458617
"[0.21723436717528397, 0.6571432741182242, -0.8982610242036814, 0.5201794057250073]",29.333640335494916,2.4573155149400137
"[0.21722641421191524, 0.6571443063454615, -0.8982625935169143, 0.5201771655431656]",29.333691131784217,2.4573783474214106
"[0.21721846075869516, 0.6571453387488678, -0.8982641630004329, 0.5201749249932442]",29.33374192807339,2.457441179902807
"[0.21721050750323648, 0.6571463712391724, -0.8982657325185491, 0.520172684268958]",29.333792728481313,2.4575040123842036
"[0.21720255380991982, 0.6571474038989229, -0.8982673021966924, 0.5201704431911806]",29.33384352925221,2.4575668448656005
"[0.21719459954313317, 0.6571484367457413, -0.8982688720616344, 0.5201682017216613]",29.333894328686853,2.4576296773469966
"[0.21718664426856663, 0.6571494698360585, -0.8982704421991072, 0.520165959737937]",29.33394512896428,2.4576925098283935
"[0.21717869040232557, 0.6571505028561067, -0.898272012132231, 0.5201637179209331]",29.333995931020148,2.45775534230979
"[0.21717073503644618, 0.6571515361835631, -0.8982735824349745, 0.5201614754510252]",29.334046734479898,2.4578181747911865
"[0.21716277897531194, 0.6571525697139984, -0.8982751529485852, 0.5201592325548463]",29.334097537124308,2.4578810072725834
"[0.21715482325057742, 0.6571536033134124, -0.8982767234694142, 0.5201569895231994]",29.33414833954034,2.45794383975398
"[0.21714686842850459, 0.6571546369081886, -0.8982782938856558, 0.520154746515813]",29.334199147931166,2.458006672235377
"[0.2171389110015456, 0.6571556709541353, -0.898279864889775, 0.5201525025435585]",29.334249950115694,2.458069504716773
"[0.2171309537342344, 0.657156705092055, -0.8982814359360088, 0.5201502583859232]",29.334300759370063,2.45813233719817
"[0.21712299646336417, 0.6571577393431567, -0.8982830070565718, 0.5201480139968786]",29.33435156562229,2.4581951696795663
"[0.21711503815426014, 0.6571587738419522, -0.8982845784557623, 0.5201457690845306]",29.334402375168835,2.458258002160963
"[0.2171070814604077, 0.6571598082434933, -0.898286149609627, 0.5201435243974177]",29.334453182696002,2.4583208346423597
"[0.2170991239504901, 0.6571608428638617, -0.8982877209982417, 0.5201412792496417]",29.334503993758613,2.4583836671237562
"[0.2170911630370814, 0.657161878039543, -0.8982892931326065, 0.5201390329110136]",29.334554803626073,2.4584464996051527
"[0.2170832058686375, 0.6571629128410171, -0.8982908646010199, 0.5201367873986074]",29.33460561609388,2.458509332086549
"[0.2170752454159173, 0.6571639481823989, -0.898292436791681, 0.5201345407287923]",29.334656427937485,2.458572164567946
"[0.21706728494051275, 0.6571649836395566, -0.898294009060465, 0.5201322938219312]",29.33470724101485,2.4586349970493426
"[0.21705932613761963, 0.6571660189919548, -0.8982955810725252, 0.520130047156572]",29.33475805706515,2.458697829530739
"[0.21705136591276547, 0.6571670546421521, -0.8982971534390671, 0.5201277998591823]",29.33480886995732,2.458760662012136
"[0.21704340571038905, 0.6571680904022417, -0.8982987258747891, 0.520125552337498]",29.334859686148032,2.458823494493532
"[0.21703544434197425, 0.6571691264269026, -0.8983002986144759, 0.5201233042558833]",29.334910502206675,2.458886326974929
"[0.21702748265244454, 0.6571701626062223, -0.89830187149123, 0.5201210558528434]",29.334961318739698,2.4589491594563255
"[0.21701952103558264, 0.6571711988889573, -0.8983034444272547, 0.5201188072395683]",29.33501213684254,2.4590119919377225
"[0.21701155868293645, 0.6571722353803456, -0.8983050175822757, 0.520116558187697]",29.33506295648754,2.459074824419119
"[0.2170035963352742, 0.6571732719839829, -0.8983065908099395, 0.5201143089064196]",29.335113776539217,2.4591376569005154
"[0.21699563440721362, 0.6571743086458824, -0.8983081640283124, 0.5201120595128745]",29.335164598790342,2.4592004893819124
"[0.2169876703359599, 0.6571753456997612, -0.8983097377438019, 0.5201098092829464]",29.335215418673773,2.4592633218633084
"[0.21697970789517348, 0.657176382654243, -0.898311311210726, 0.5201075592828401]",29.335266242402582,2.4593261543447054
"[0.2169717436604319, 0.6571774199552975, -0.8983128851057859, 0.5201053085448801]",29.335317062791933,2.459388986826102
"[0.21696377903670558, 0.6571784574199828, -0.8983144591513537, 0.5201030574660169]",29.335367888240285,2.4594518193074983
"[0.21695581472753145, 0.6571794949566608, -0.8983160332083846, 0.5201008062450838]",29.335418710890156,2.4595146517888953
"[0.2169478502917345, 0.6571805326228024, -0.8983176073640635, 0.5200985547573781]",29.335469536979225,2.4595774842702918
"[0.21693988549886178, 0.6571815704484449, -0.8983191816639398, 0.520096302937724]",29.335520365301914,2.4596403167516883
"[0.2169319200950367, 0.6571826084666919, -0.898320756158201, 0.5200940507142954]",29.335571192144652,2.4597031492330848
"[0.21692395386766142, 0.6571836467052873, -0.8983223308888828, 0.5200917980269021]",29.335622019999967,2.4597659817144817
"[0.21691598816211383, 0.6571846849888789, -0.8983239055900379, 0.5200895452559913]",29.335672847390676,2.459828814195878
"[0.21690802167114007, 0.6571857234878836, -0.8983254805200857, 0.5200872920318207]",29.335723678138237,2.4598916466772747
"[0.21690005546923297, 0.6571867620622401, -0.8983270554666061, 0.5200850386582749]",29.335774507371273,2.4599544791586716
"[0.21689208727342485, 0.6571878010096295, -0.8983286308809671, 0.5200827844894894]",29.335825339276763,2.4600173116400676
"[0.21688412000541388, 0.657188839949107, -0.8983302061855221, 0.5200805303519686]",29.33587617177675,2.4600801441214646
"[0.21687615238633962, 0.6571898790474456, -0.8983317816331137, 0.5200782758838864]",29.335927005141873,2.460142976602861
"[0.21686818392255366, 0.6571909183690461, -0.8983333573213625, 0.5200760209455115]",29.335977837813942,2.460205809084258
"[0.2168602157275155, 0.6571919577686948, -0.8983349330300947, 0.5200737658519012]",29.33602867131213,2.4602686415656545
"[0.21685224723793736, 0.6571929973198711, -0.8983365088706945, 0.5200715104436306]",29.336079508941808,2.460331474047051
"[0.2168442769034726, 0.6571940372248778, -0.8983380851497794, 0.5200692542817873]",29.336130344139576,2.460394306528448
"[0.21683630791798217, 0.6571950770670197, -0.8983396612357065, 0.5200669982704267]",29.336181180455455,2.460457139009844
"[0.21682833732128023, 0.6571961172325657, -0.8983412377139312, 0.5200647415715068]",29.336232019304745,2.460519971491241
"[0.21682036683834585, 0.6571971574964407, -0.8983428142432904, 0.520062484673343]",29.33628285695017,2.4605828039726374
"[0.21681239711038916, 0.6571981977749412, -0.898344390696937, 0.5200602277575294]",29.336333697324513,2.460645636454034
"[0.21680442558225566, 0.6571992384016165, -0.8983459675803006, 0.5200579701004236]",29.33638453683001,2.460708468935431
"[0.21679645379577478, 0.6572002791752297, -0.8983475445884096, 0.5200557121386081]",29.336435377713276,2.4607713014168273
"[0.21678848348144641, 0.6572013198698219, -0.8983491213789067, 0.5200534543622899]",29.336486219313,2.460834133898224
"[0.21678051113590996, 0.6572023609428634, -0.8983506986448724, 0.5200511957790067]",29.33653706189774,2.4608969663796203
"[0.21677253857036846, 0.6572034021578786, -0.898352276028, 0.520048936901782]",29.336587906513508,2.4609597988610172
"[0.21676456544093442, 0.6572044435597988, -0.8983538535963328, 0.5200466776331387]",29.336638748768213,2.4610226313424137
"[0.2167565925439936, 0.657205485044614, -0.8983554311922953, 0.52004441819872]",29.336689593699468,2.46108546382381
"[0.21674861897416717, 0.6572065267306032, -0.8983570089950346, 0.5200421583419242]",29.336740440527926,2.461148296305207
"[0.2167406451216939, 0.6572075685668282, -0.8983585869273358, 0.5200398981732774]",29.336791286739377,2.4612111287866036
"[0.21673267145356384, 0.6572086104922156, -0.8983601648967892, 0.5200376378252133]",29.336842133267552,2.461273961268
"[0.21672469715660994, 0.6572096526130967, -0.8983617430643112, 0.5200353770671118]",29.3368929820692,2.461336793749397
"[0.21671672236581918, 0.6572106949118354, -0.8983633214031984, 0.5200331159372147]",29.33694383206931,2.4613996262307936
"[0.21670874656624586, 0.657211737455793, -0.8983649000153782, 0.5200308542894119]",29.336994683028212,2.46146245871219
"[0.2167007718371061, 0.6572127799731172, -0.8983664784893247, 0.5200285927133804]",29.337045532268352,2.4615252911935865
"[0.21669279608441402, 0.6572138227376246, -0.8983680572394913, 0.5200263306151827]",29.33709638556741,2.4615881236749835
"[0.21668481958574193, 0.6572148657130371, -0.8983696362109579, 0.5200240680734941]",29.337147237061412,2.46165095615638
"[0.21667684296735434, 0.6572159088174897, -0.8983712152797585, 0.5200218052659072]",29.337198089845266,2.4617137886377765
"[0.21666886608680755, 0.6572169520696183, -0.898372794474091, 0.5200195421519916]",29.33724894388311,2.4617766211191734
"[0.21666088968151462, 0.657217995372982, -0.898374373647958, 0.5200172789409558]",29.337299797011177,2.4618394536005694
"[0.21665291152648725, 0.6572190390186313, -0.8983759532418777, 0.5200150150014279]",29.337350654297367,2.4619022860819664
"[0.21664493372870722, 0.6572200827309806, -0.8983775328387009, 0.5200127509312283]",29.337401509376384,2.461965118563363
"[0.21663695517201273, 0.6572211266560639, -0.8983791126594257, 0.5200104864135706]",29.33745236712702,2.4620279510447594
"[0.21662897732287725, 0.6572221706020093, -0.8983806924136732, 0.5200082218646673]",29.337503224259866,2.4620907835261563
"[0.21662099701085827, 0.6572232149837269, -0.8983822727292647, 0.5200059563844898]",29.337554084481557,2.462153616007553
"[0.21661301889191645, 0.6572242591918963, -0.8983838526841922, 0.520003691294774]",29.33760494491979,2.4622164484889493
"[0.21660503900088085, 0.6572253037454979, -0.8983854330636906, 0.5200014254697563]",29.337655805823374,2.4622792809703458
"[0.21659705939191806, 0.6572263483756623, -0.8983870134609567, 0.5199991594926487]",29.33770666545555,2.4623421134517427
"[0.21658907848728892, 0.657227393288974, -0.8983885941884762, 0.519996892915349]",29.337757529130116,2.462404945933139
"[0.21658109880381793, 0.6572284381559116, -0.898390174747752, 0.5199946264526314]",29.337808392364884,2.4624677784145357
"[0.21657311673810822, 0.6572294834483335, -0.8983917558525301, 0.5199923590809686]",29.33785925536709,2.4625306108959326
"[0.21656513508890332, 0.6572305287997757, -0.898393336948449, 0.519990091595272]",29.33791011866351,2.462593443377329
"[0.2165571540391334, 0.6572315741862599, -0.8983949179992531, 0.5199878240475471]",29.33796098501158,2.4626562758587256
"[0.21654917228987378, 0.6572326197779282, -0.8983964992622537, 0.5199855560687356]",29.33801185284101,2.462719108340122
"[0.21654119018454646, 0.6572336655298207, -0.8983980806694246, 0.5199832877563633]",29.338062718843283,2.462781940821519
"[0.21653320640374227, 0.6572347116148308, -0.898399662482189, 0.5199810187354035]",29.33811358542959,2.4628447733029155
"[0.21652522459844173, 0.6572357575545897, -0.8984012439771716, 0.5199787500434725]",29.33816445520334,2.462907605784312
"[0.21651723994811573, 0.6572368039808021, -0.8984028261095073, 0.5199764803103727]",29.33821532536444,2.462970438265709
"[0.216509257461779, 0.6572378502370269, -0.8984044078866792, 0.5199742109599425]",29.33826619636488,2.463033270747105
"[0.2165012731695623, 0.6572388968435853, -0.8984059900953288, 0.5199719408635917]",29.338317066334287,2.463096103228502
"[0.2164932894032104, 0.6572399434948557, -0.898407572273397, 0.5199696706842177]",29.33836793782556,2.4631589357098984
"[0.21648530317531886, 0.6572409905825214, -0.8984091550129317, 0.5199673995722626]",29.338418810991776,2.463221768191295
"[0.2164773187278958, 0.6572420375504243, -0.8984107374732392, 0.5199651287340236]",29.33846968483145,2.463284600672692
"[0.2164693329747015, 0.6572430848032389, -0.8984123202659781, 0.5199628572917676]",29.33852055602498,2.4633474331540883
"[0.21646134835136374, 0.6572441320215655, -0.8984139029083971, 0.5199605859382579]",29.338571433881604,2.463410265635485
"[0.21645336209732313, 0.6572451795674753, -0.8984154859476712, 0.5199583138881816]",29.338622308342266,2.4634730981168813
"[0.2164453740565383, 0.6572462274615112, -0.8984170694147715, 0.519956041096989]",29.33867318481413,2.4635359305982782
"[0.21643738768191714, 0.6572472752507161, -0.8984186526252259, 0.519953768547102]",29.33872406430002,2.4635987630796747
"[0.2164294004836296, 0.6572483232617331, -0.8984202360725961, 0.5199514955300606]",29.33877494211668,2.4636615955610712
"[0.21642141213306562, 0.6572493715377221, -0.8984218198220504, 0.5199492219522567]",29.338825819916433,2.463724428042468
"[0.2164134242408723, 0.6572504198673409, -0.898423403554269, 0.5199469482720618]",29.338876700332907,2.4637872605238647
"[0.21640543628777018, 0.6572514683187383, -0.8984249873721958, 0.5199446743416724]",29.338927581264272,2.463850093005261
"[0.21639744809037226, 0.6572525169159883, -0.8984265713121905, 0.5199424001088684]",29.338978465022947,2.4639129254866576
"[0.21638945906866902, 0.6572535657352565, -0.898428155489268, 0.5199401254084636]",29.33902934694495,2.4639757579680546
"[0.21638146981606826, 0.6572546146986609, -0.8984297397857681, 0.5199378504093671]",29.33908023017851,2.464038590449451
"[0.2163734799111132, 0.6572556638615731, -0.898431324285271, 0.5199355749915013]",29.339131113555485,2.4641014229308476
"[0.21636549075268663, 0.6572567130402642, -0.8984329087103575, 0.519933299553297]",29.33918199955509,2.4641642554122445
"[0.21635749895420867, 0.6572577626795598, -0.8984344937326759, 0.5199310231300628]",29.33923288386128,2.4642270878936405
"[0.21634950976185646, 0.6572588120904218, -0.8984360783117418, 0.5199287472161498]",29.33928377156458,2.4642899203750375
"[0.2163415175555993, 0.6572598620110676, -0.8984376635622333, 0.5199264702105393]",29.339334656192793,2.464352752856434
"[0.21633352597259667, 0.6572609119637497, -0.8984392487627482, 0.5199241931493499]",29.33938554458589,2.4644155853378304
"[0.2163255349140414, 0.6572619619614283, -0.898440833932863, 0.51992191600447]",29.339436434576914,2.4644784178192274
"[0.21631754256276597, 0.6572630122428796, -0.8984424194330513, 0.5199196382580505]",29.339487324837776,2.464541250300624
"[0.2163095509029012, 0.6572640625474027, -0.8984440048697067, 0.5199173604754915]",29.33953821618997,2.464604082782021
"[0.21630155695558148, 0.6572651132665263, -0.8984455908338114, 0.5199150818076854]",29.339589106595422,2.464666915263417
"[0.2162935642706098, 0.6572661639336514, -0.8984471766211133, 0.5199128032664978]",29.339639997145273,2.464729747744814
"[0.21628557031181755, 0.657267214882221, -0.8984487627347879, 0.519910524128849]",29.339690890282956,2.4647925802262103
"[0.21627757636214515, 0.6572682659435801, -0.898450348920295, 0.5199082447604748]",29.33974178423049,2.4648554127076068
"[0.21626958343339017, 0.6572693169846803, -0.89845193497685, 0.5199059654499082]",29.33979267951599,2.4649182451890037
"[0.21626158833506032, 0.657270368425073, -0.8984535215375598, 0.519903685287289]",29.339843575837953,2.4649810776704
"[0.2162535928830829, 0.6572714200260106, -0.8984551082420975, 0.5199014047903795]",29.33989447053037,2.4650439101517967
"[0.2162455977172889, 0.6572724717033432, -0.8984566949634821, 0.5198991241416647]",29.33994536735304,2.465106742633193
"[0.2162376023316261, 0.6572735235236358, -0.8984582818021378, 0.5198968431967884]",29.339996266212026,2.46516957511459
"[0.21622960692272838, 0.6572745754610284, -0.898459868719036, 0.5198945620118285]",29.3400471651341,2.4652324075959866
"[0.216221611263568, 0.6572756275453957, -0.8984614557592345, 0.5198922805219953]",29.34009806295736,2.465295240077383
"[0.21621361359619687, 0.6572766800081046, -0.8984630432716888, 0.5198899982255647]",29.34014896445093,2.46535807255878
"[0.2162056159028814, 0.6572777325883422, -0.8984646308629469, 0.51988771568812]",29.340199865127833,2.465420905040176
"[0.21619761908694338, 0.6572787851672057, -0.8984662183536761, 0.5198854331674984]",29.34025076584109,2.465483737521573
"[0.21618962177686715, 0.6572798379252148, -0.8984678060161315, 0.519883150272239]",29.340301670679892,2.46554657000297
"[0.21618162324917023, 0.6572808909576456, -0.898469393993959, 0.5198808667957372]",29.340352573391748,2.465609402484366
"[0.2161736253226244, 0.6572819440250668, -0.8984709819260742, 0.5198785832571938]",29.340403478211282,2.465672234965763
"[0.21616562717067997, 0.657282997236303, -0.8984725699765704, 0.5198762994206231]",29.34045438164857,2.4657350674471594
"[0.21615762838499156, 0.6572840506451465, -0.8984741582265314, 0.5198740151693788]",29.340505287239164,2.4657978999285564
"[0.21614962868263846, 0.6572851042888905, -0.898475746732149, 0.5198717304225926]",29.340556193941087,2.465860732409953
"[0.21614162882674492, 0.6572861580670508, -0.8984773353418977, 0.519869445398159]",29.340607102865576,2.4659235648913493
"[0.2161336278427388, 0.6572872121080308, -0.8984789242493199, 0.5198671598176456]",29.340658013886166,2.4659863973727463
"[0.21612562871223853, 0.657288266019023, -0.8984805128622806, 0.5198648745328119]",29.34070891980433,2.4660492298541423
"[0.21611762667561868, 0.6572893204271469, -0.898482102126044, 0.51986258818382]",29.340759830638476,2.4661120623355393
"[0.21610962721448204, 0.6572903746101173, -0.8984836909519188, 0.5198603023368537]",29.340810741507894,2.4661748948169357
"[0.21610162333798075, 0.6572914294892361, -0.898485280728424, 0.5198580149941966]",29.34086165186811,2.4662377272983322
"[0.21609362217341638, 0.6572924841252131, -0.898486870039908, 0.5198557281925749]",29.340912565796817,2.466300559779729
"[0.21608562026088501, 0.6572935389740114, -0.8984884595736022, 0.5198534409432574]",29.340963475750012,2.4663633922611257
"[0.21607761791689564, 0.6572945939939828, -0.8984900492666376, 0.519851153336595]",29.341014392188878,2.466426224742522
"[0.21606961422478352, 0.6572956493059989, -0.8984916393011322, 0.5198488651104843]",29.341065307936212,2.4664890572239186
"[0.21606161254105638, 0.6572967044674876, -0.898493229010259, 0.519846577224552]",29.341116222891202,2.4665518897053156
"[0.21605360824966588, 0.6572977600871694, -0.8984948193110974, 0.519844288358919]",29.341167139566178,2.466614722186712
"[0.21604560420153693, 0.6572988157891199, -0.8984964096372484, 0.5198419993287009]",29.341218056998756,2.4666775546681086
"[0.2160375995531669, 0.6572998716845698, -0.8984980001563106, 0.5198397098926882]",29.341268973405583,2.4667403871495055
"[0.21602959519501794, 0.6573009276561046, -0.8984995906913434, 0.519837420305496]",29.341319892604353,2.466803219630902
"[0.21602159004713317, 0.6573019838461984, -0.8985011814569451, 0.5198351302581966]",29.34137081136244,2.4668660521122985
"[0.21601358547230468, 0.6573030400750504, -0.8985027721823013, 0.5198328401406319]",29.341421733663406,2.466928884593695
"[0.21600557932647743, 0.6573040966255993, -0.8985043632935016, 0.5198305493393338]",29.341472653430248,2.466991717075092
"[0.2159975731086279, 0.6573051533000687, -0.8985059544926602, 0.5198282582831227]",29.341523576352934,2.4670545495564884
"[0.21598956718602455, 0.6573062100499799, -0.8985075457067764, 0.5198259670771019]",29.341574498881823,2.467117382037885
"[0.21598155991543413, 0.6573072670922615, -0.8985091372624573, 0.5198236752509386]",29.341625420907963,2.467180214519282
"[0.2159735532566528, 0.6573083241682152, -0.8985107287701701, 0.5198213833655262]",29.341676345978108,2.467243047000678
"[0.2159655462294596, 0.657309381407254, -0.8985123204247468, 0.5198190911402779]",29.341727271931013,2.467305879482075
"[0.21595753780149152, 0.6573104389457405, -0.8985139124314196, 0.5198167982795541]",29.34177819687199,2.4673687119634713
"[0.21594952939029888, 0.6573114965964764, -0.8985155045084092, 0.5198145051891884]",29.341829124238135,2.467431544444868
"[0.21594152180695173, 0.6573125542523696, -0.8985170964944516, 0.5198122121013969]",29.34188005358902,2.4674943769262647
"[0.21593351256288998, 0.6573136122421191, -0.8985186888843022, 0.5198099183035196]",29.34193098017616,2.467557209407661
"[0.21592550236538416, 0.6573146704723573, -0.8985202815373738, 0.5198076239979893]",29.341981910955855,2.4676200418890577
"[0.2159174938223396, 0.657315728598539, -0.898521873935124, 0.5198053299317946]",29.342032839959067,2.467682874370454
"[0.21590948331770338, 0.657316787098443, -0.8985234667965578, 0.5198030350690875]",29.342083769700192,2.467745706851851
"[0.21590147324853465, 0.6573178456553602, -0.8985250596450425, 0.5198007400965061]",29.34213470346996,2.4678085393332476
"[0.21589346286160105, 0.65731890436883, -0.8985266526303549, 0.5197984447982409]",29.342185634823338,2.467871371814644
"[0.21588545168991974, 0.6573199633006008, -0.8985282458453705, 0.5197961490404237]",29.342236568695338,2.467934204296041
"[0.21587744010106988, 0.657321022402112, -0.8985298392169966, 0.5197938529283335]",29.342287502650173,2.4679970367774375
"[0.2158694285425476, 0.6573220816142179, -0.8985314326562338, 0.5197915565901952]",29.342338435716933,2.468059869258834
"[0.21586141723079957, 0.6573231409082967, -0.8985330261200215, 0.5197892600880558]",29.342389372024645,2.4681227017402305
"[0.21585340446458515, 0.6573242005093242, -0.8985346199467501, 0.5197869629341788]",29.342440309585673,2.4681855342216275
"[0.21584539143985024, 0.657325260259187, -0.8985362138985494, 0.5197846654713456]",29.342491246211733,2.468248366703024
"[0.21583737725499644, 0.6573263202771626, -0.8985378081547788, 0.519782367440977]",29.342542185137408,2.4683111991844204
"[0.21582936593335483, 0.6573273800310567, -0.8985394019150502, 0.519780069996815]",29.34259312535006,2.4683740316658174
"[0.21582135217363554, 0.6573284402221119, -0.8985409962339838, 0.519777771618616]",29.34264406290133,2.4684368641472134
"[0.2158133378280235, 0.6573295006053815, -0.8985425907431244, 0.5197754728374231]",29.34269500302805,2.4684996966286104
"[0.21580532337354635, 0.6573305611177589, -0.8985441853475674, 0.5197731737900363]",29.3427459461012,2.468562529110007
"[0.21579730806510652, 0.6573316218578649, -0.8985457801955696, 0.5197708742626609]",29.342796887325715,2.4686253615914033
"[0.2157892929896407, 0.6573326826818573, -0.8985473750708596, 0.5197685745671126]",29.34284782965023,2.4686881940728003
"[0.2157812780239918, 0.657333743606087, -0.8985489699979277, 0.5197662746679912]",29.34289877453057,2.4687510265541968
"[0.21577326112869183, 0.6573348049004272, -0.8985505653826483, 0.5197639739801457]",29.34294971849536,2.4688138590355933
"[0.21576524515837514, 0.6573358661871206, -0.898552160656934, 0.5197616733225922]",29.343000661786572,2.4688766915169897
"[0.21575722926478783, 0.657336927578415, -0.8985537559895824, 0.51975937245196]",29.34305161029853,2.4689395239983867
"[0.21574921204953207, 0.6573379892595042, -0.8985553516589138, 0.5197570709667906]",29.343102556452894,2.469002356479783
"[0.21574119358403296, 0.657339051220977, -0.8985569476507426, 0.5197547688874796]",29.34315350319972,2.4690651889611797
"[0.215733176541784, 0.6573401131087678, -0.8985585434329294, 0.5197524669815645]",29.343204451525718,2.4691280214425766
"[0.21572515926850094, 0.6573411751419832, -0.8985601393347311, 0.5197501647740841]",29.34325540270134,2.469190853923973
"[0.21571713983941102, 0.657342237575598, -0.8985617357393217, 0.5197478617122785]",29.343306352596272,2.4692536864053696
"[0.215709121353973, 0.6573432999990559, -0.8985633320297075, 0.5197455586861555]",29.34335730414872,2.469316518886766
"[0.2157011021627836, 0.6573443626308896, -0.8985649285342356, 0.5197432552219928]",29.343408255358437,2.469379351368163
"[0.21569308358003103, 0.6573454252969578, -0.8985665249912654, 0.5197409516972715]",29.343459207271867,2.4694421838495595
"[0.21568506279094188, 0.6573464883703252, -0.898568121961219, 0.5197386473033062]",29.34351016042789,2.469505016330956
"[0.2156770431377701, 0.657347551408034, -0.8985697187786493, 0.519736343000282]",29.343561114260964,2.469567848812353
"[0.21566902328402998, 0.6573486145872247, -0.8985713157096485, 0.5197340384042157]",29.34361207112527,2.4696306812937494
"[0.21566100202187596, 0.6573496780680532, -0.8985729129947414, 0.519731733167944]",29.34366302542931,2.469693513775146
"[0.2156529805805394, 0.6573507416875876, -0.8985745103891644, 0.5197294276446516]",29.34371398086203,2.469756346256543
"[0.2156449594806115, 0.6573518053767831, -0.8985761077892394, 0.5197271219839839]",29.34376493908706,2.469819178737939
"[0.2156369371904917, 0.6573528693387846, -0.8985777054999877, 0.5197248157456176]",29.34381589799497,2.469882011219336
"[0.21562891502711581, 0.6573539333989505, -0.8985793032591392, 0.5197225093080986]",29.343866856127573,2.4699448437007323
"[0.21562089287368583, 0.6573549975727737, -0.8985809010899471, 0.5197202026378428]",29.343917816763856,2.470007676182129
"[0.21561287051897737, 0.6573560618882783, -0.8985824990344794, 0.5197178956741016]",29.343968776571774,2.4700705086635257
"[0.21560484723926998, 0.6573571264415065, -0.8985840972369007, 0.5197155882086995]",29.344019735627278,2.4701333411449222
"[0.21559682316646173, 0.6573581912149986, -0.8985856956709537, 0.5197132802794837]",29.344070701082508,2.470196173626319
"[0.2155887988682259, 0.6573592561334486, -0.8985872942235635, 0.5197109720496816]",29.3441216628975,2.470259006107715
"[0.2155807746812582, 0.6573603211521765, -0.8985888928276509, 0.5197086636161334]",29.34417262485495,2.470321838589112
"[0.21557275039238288, 0.6573613862994806, -0.8985904915256779, 0.5197063549175024]",29.344223594078052,2.4703846710705086
"[0.2155647250602794, 0.6573624517003385, -0.8985920905051963, 0.5197040456829002]",29.344274556636943,2.470447503551905
"[0.21555669958944562, 0.6573635172347002, -0.898593689586002, 0.5197017361725312]",29.344325522210372,2.470510336033302
"[0.21554867371295977, 0.6573645829380201, -0.8985952888212801, 0.51969942630955]",29.34437648963175,2.4705731685146985
"[0.21554064733590697, 0.6573656488229234, -0.8985968882299495, 0.5196971160665917]",29.344427457675604,2.470636000996095
"[0.21553262207453133, 0.6573667146747637, -0.8985984874899285, 0.5196948059088833]",29.34447842648335,2.4706988334774915
"[0.21552459474372632, 0.6573677809165871, -0.8986000872359451, 0.5196924949195051]",29.34452939568885,2.4707616659588885
"[0.2155165675582262, 0.6573688472542611, -0.8986016870266511, 0.5196901837359658]",29.34458036572453,2.470824498440285
"[0.21550853977659648, 0.6573699137862813, -0.8986032870098126, 0.5196878721447762]",29.34463133600762,2.4708873309216814
"[0.21550051204532245, 0.6573709804267875, -0.898604887056581, 0.51968556033204]",29.34468230861481,2.4709501634030784
"[0.2154924841277161, 0.6573720472072261, -0.8986064872141278, 0.5196832482295927]",29.344733282594746,2.4710129958844744
"[0.2154844550318626, 0.6573731142594385, -0.8986080876801775, 0.5196809355516866]",29.34478425367107,2.4710758283658714
"[0.21547642584973173, 0.657374181438335, -0.8986096882370755, 0.519678622612784]",29.34483522769452,2.471138660847268
"[0.21546839665913362, 0.6573752487335809, -0.8986112888693049, 0.519676309435284]",29.34488620361615,2.4712014933286643
"[0.21546036721888806, 0.6573763161772411, -0.8986128896249431, 0.5196739959496871]",29.344937178524813,2.4712643258100613
"[0.21545233743810788, 0.6573773837814011, -0.8986144905221127, 0.5196716821297885]",29.3449881556731,2.4713271582914578
"[0.21544430784270654, 0.6573784514761527, -0.8986160914559558, 0.5196693681271064]",29.345039134421103,2.4713899907728547
"[0.21543627722241132, 0.6573795194224531, -0.898617692667781, 0.5196670535928053]",29.345090111933672,2.4714528232542508
"[0.21542824485289572, 0.6573805877166821, -0.8986192943020428, 0.5196647383180022]",29.34514108930425,2.4715156557356477
"[0.21542021381506615, 0.6573816559491059, -0.8986208957444133, 0.5196624231907077]",29.3451920702955,2.471578488217044
"[0.21541218237908977, 0.6573827243497651, -0.898622497339818, 0.5196601077123312]",29.345243051137384,2.4716413206984407
"[0.2154041506929157, 0.6573837928990265, -0.898624099058752, 0.51965779192545]",29.345294031913777,2.4717041531798376
"[0.21539611790323998, 0.657384861710434, -0.8986257010713986, 0.5196554755839798]",29.34534501301784,2.471766985661234
"[0.21538808451900973, 0.6573859307163106, -0.8986273032762733, 0.5196531588345933]",29.345395998184653,2.4718298181426306
"[0.2153800516440038, 0.6573869997697794, -0.8986289054532295, 0.5196508419956001]",29.345446979494614,2.471892650624027
"[0.21537201721376037, 0.6573880691456117, -0.8986305080140374, 0.5196485244715168]",29.345497962809915,2.471955483105424
"[0.21536398541240934, 0.6573891382868976, -0.8986321101241013, 0.5196462074692729]",29.34554895034478,2.4720183155868205
"[0.21535595053098755, 0.6573902079535506, -0.8986337129221945, 0.5196438893419761]",29.345599936631658,2.472081148068217
"[0.21534791540622594, 0.6573912777680337, -0.8986353158424832, 0.5196415709078448]",29.345650921923227,2.472143980549614
"[0.21533988102158919, 0.6573923475993916, -0.8986369186887637, 0.5196392524506678]",29.34570191146282,2.47220681303101
"[0.21533184501072933, 0.6573934177627245, -0.8986385219331254, 0.5196369332875682]",29.345752899375512,2.472269645512407
"[0.21532381077987, 0.657394487804437, -0.8986401248959919, 0.5196346144015492]",29.345803889085484,2.4723324779938034
"[0.21531577414883382, 0.6573955582812772, -0.8986417284113796, 0.5196322945860763]",29.345854878312096,2.4723953104752003
"[0.21530773764960345, 0.6573966288560376, -0.8986433319741179, 0.5196299745719104]",29.34590586896128,2.472458142956597
"[0.21529970101435553, 0.6573976995643972, -0.8986449356376407, 0.5196276542817292]",29.345956861776003,2.4725209754379933
"[0.21529166397970445, 0.6573987704414619, -0.8986465394545056, 0.5196253336394554]",29.3460078533111,2.4725838079193903
"[0.21528362636877355, 0.6573998415108235, -0.8986481434600149, 0.519623012593966]",29.34605884533602,2.4726466404007863
"[0.21527558856246845, 0.6574009127217368, -0.8986497475781604, 0.5196206912552209]",29.34610983985311,2.4727094728821832
"[0.2152675497149256, 0.6574019841869673, -0.8986513519777608, 0.5196183693788624]",29.346160837091745,2.4727723053635797
"[0.21525951236389776, 0.6574030555682572, -0.898652956152318, 0.5196160476978903]",29.34621183166285,2.472835137844976
"[0.21525147390775004, 0.6574041272123988, -0.8986545606210798, 0.5196137254608035]",29.346262827620574,2.472897970326373
"[0.21524343373115293, 0.6574051992014892, -0.8986561655068981, 0.5196114024897039]",29.346313825092228,2.4729608028077696
"[0.21523539454146087, 0.6574062711745791, -0.8986577702693651, 0.5196090795667594]",29.346364822832946,2.473023635289166
"[0.2152273538500641, 0.6574073434635191, -0.8986593754052523, 0.519606755972859]",29.346415823043877,2.4730864677705626
"[0.2152193142144921, 0.6574084157272713, -0.8986609804040063, 0.5196044324470281]",29.34646682088712,2.4731493002519596
"[0.2152112731752046, 0.6574094882938276, -0.8986625857566429, 0.5196021082784809]",29.34651782278806,2.473212132733356
"[0.21520323239024866, 0.6574105609421179, -0.8986641911321442, 0.5195997839463159]",29.346568822161,2.4732749652147525
"[0.21519519110583993, 0.6574116337726574, -0.8986657966810084, 0.5195974592326811]",29.34661982505658,2.4733377976961495
"[0.2151871493275546, 0.6574127067847503, -0.8986674024021262, 0.5195951341391061]",29.346670827099967,2.4734006301775455
"[0.21517910789447667, 0.6574137798664474, -0.8986690081279508, 0.5195928089081729]",29.346721832828237,2.4734634626589425
"[0.2151710647066684, 0.6574148532979883, -0.8986706142778164, 0.5195904829326234]",29.346772835735738,2.4735262951403394
"[0.21516302244250224, 0.6574159267219553, -0.8986722203168799, 0.519588156986943]",29.346823840584303,2.473589127621736
"[0.21515497929363928, 0.657417000379712, -0.8986738266062592, 0.5195858305481295]",29.346874846965463,2.4736519601031324
"[0.21514693563930198, 0.6574180742206596, -0.8986754330702339, 0.5195835037258139]",29.346925855831046,2.473714792584529
"[0.21513889168184547, 0.6574191482178147, -0.898677039668394, 0.5195811765784737]",29.346976863143198,2.473777625065926
"[0.21513084698467957, 0.6574202224294933, -0.8986786464879452, 0.5195788489797492]",29.34702787028352,2.4738404575473223
"[0.2151228034933931, 0.6574212965958801, -0.8986802531402714, 0.5195765214925924]",29.347078878586462,2.473903290028719
"[0.21511475850561362, 0.6574223710778788, -0.8986818601651569, 0.5195741933350069]",29.34712988957259,2.4739661225101157
"[0.2151067134896434, 0.6574234456794235, -0.8986834672693145, 0.5195718649318285]",29.347180897898465,2.4740289549915118
"[0.21509866736711716, 0.6574245205445785, -0.8986850746681722, 0.5195695359709005]",29.347231910980444,2.4740917874729087
"[0.21509062096430778, 0.6574255955629966, -0.8986866821966756, 0.5195672066913188]",29.347282921820785,2.474154619954305
"[0.21508257466369254, 0.6574266706835852, -0.8986882897784083, 0.519564877203787]",29.34733393696034,2.4742174524357017
"[0.21507452886491668, 0.6574277458529288, -0.8986898973335102, 0.5195625476240319]",29.34738495000258,2.4742802849170986
"[0.2150664807223235, 0.657428821451344, -0.8986915054305629, 0.5195602171280258]",29.347435964297414,2.474343117398495
"[0.21505843387185514, 0.6574298969929324, -0.8986931133430784, 0.519557886768566]",29.347486980858136,2.4744059498798916
"[0.21505038687696051, 0.6574309726696621, -0.8986947213580849, 0.5195555561296961]",29.34753799725638,2.474468782361288
"[0.21504233759116506, 0.6574320487685346, -0.8986963299045341, 0.519553224589598]",29.347589013496787,2.474531614842685
"[0.21503429005937372, 0.6574331247488006, -0.8986979381741049, 0.5195508933198852]",29.347640032534546,2.4745944473240815
"[0.21502624157051414, 0.6574342009729237, -0.8986995467085774, 0.5195485615352221]",29.347691051372742,2.474657279805478
"[0.21501819203785427, 0.657435277452546, -0.8987011555253063, 0.5195462292103854]",29.34774206968621,2.474720112286875
"[0.2150101428656968, 0.6574363539998858, -0.898702764343625, 0.5195438967522276]",29.347793091750383,2.4747829447682714
"[0.21500209210746327, 0.6574374308753196, -0.8987043735526119, 0.5195415635966153]",29.347844111806,2.474845777249668
"[0.21499404197419492, 0.6574385077831261, -0.8987059827103251, 0.5195392303842616]",29.347895134032957,2.4749086097310644
"[0.21498599190511158, 0.6574395847982918, -0.8987075919288464, 0.5195368969526805]",29.347946155459756,2.4749714422124613
"[0.21497794058103933, 0.6574406620973539, -0.8987092014718864, 0.5195345629194075]",29.347997178877737,2.475034274693858
"[0.21496988861623798, 0.6574417395981598, -0.8987108112166694, 0.5195322284624282]",29.348048204497065,2.4750971071752543
"[0.21496183663969262, 0.6574428172165588, -0.8987124210374514, 0.5195298937640602]",29.348099228250426,2.4751599396566513
"[0.2149537854564013, 0.6574438948447995, -0.8987140307732727, 0.5195275590577447]",29.34815025618463,2.4752227721380473
"[0.21494573338373296, 0.657444972708101, -0.8987156407605497, 0.5195252238555361]",29.348201280468086,2.4752856046194442
"[0.21493768047286668, 0.657446050799653, -0.8987172509890661, 0.5195228881721917]",29.34825230951398,2.4753484371008407
"[0.21492962857041673, 0.657447128872237, -0.8987188610895714, 0.5195205525433062]",29.34830333708178,2.4754112695822372
"[0.2149215735555487, 0.6574482074776415, -0.8987204718861116, 0.5195182157734418]",29.348354367037008,2.475474102063634
"[0.21491351953158627, 0.6574492860664535, -0.8987220825581501, 0.519515879052883]",29.34840539544942,2.4755369345450307
"[0.2149054660877403, 0.6574503646936719, -0.8987236931878081, 0.5195135422624867]",29.348456426619848,2.475599767026427
"[0.21489741187853956, 0.6574514435394764, -0.8987253040441696, 0.5195112050118729]",29.34850745802735,2.4756625995078236
"[0.2148893566803691, 0.6574525226338874, -0.8987269151719711, 0.5195088672360314]",29.34855849050855,2.4757254319892206
"[0.2148813026821751, 0.657453601683654, -0.8987285261333923, 0.5195065295702538]",29.348609523483404,2.475788264470617
"[0.21487324610192807, 0.6574546811955169, -0.8987301376849273, 0.5195041909167339]",29.348660556219702,2.4758510969520136
"[0.21486518963265053, 0.6574557608086911, -0.8987317492879197, 0.519501852057082]",29.348711589791765,2.4759139294334105
"[0.21485713340410764, 0.6574568405057759, -0.8987333609164002, 0.5194995130289849]",29.3487626263759,2.475976761914807
"[0.21484907699152728, 0.6574579203437054, -0.8987349726553363, 0.5194971737091033]",29.34881366333856,2.4760395943962035
"[0.21484101998651817, 0.657459000377237, -0.8987365845864334, 0.5194948339788129]",29.348864700187523,2.4761024268776
"[0.2148329628041871, 0.6574600805507447, -0.8987381966266461, 0.5194924939586172]",29.34891573847437,2.476165259358997
"[0.2148249047552206, 0.6574611609566634, -0.8987398089138976, 0.519490153448269]",29.348966774237315,2.4762280918403934
"[0.21481684738588008, 0.6574622413876823, -0.8987414211388008, 0.5194878128968716]",29.349017815298605,2.47629092432179
"[0.2148087871517592, 0.6574633223191264, -0.8987430340105907, 0.5194854712747222]",29.349068854361317,2.476353756803187
"[0.21480072926721183, 0.6574644030517318, -0.898744646485864, 0.519483130096638]",29.349119896634463,2.476416589284583
"[0.21479267076351227, 0.6574654839836307, -0.8987462591586658, 0.5194807885001413]",29.349170938836977,2.47647942176598
"[0.21478461059320927, 0.6574665652553754, -0.8987478722386374, 0.5194784461807602]",29.349221979218008,2.4765422542473763
"[0.2147765502010599, 0.6574676466731951, -0.8987494854366599, 0.5194761035582548]",29.349273023070033,2.4766050867287728
"[0.21476849041482662, 0.6574687281260286, -0.8987510985870532, 0.5194737608732092]",29.349324066879298,2.4766679192101697
"[0.21476043032099917, 0.6574698097364465, -0.8987527118726439, 0.5194714178601041]",29.34937511184202,2.476730751691566
"[0.21475236894217933, 0.6574708916356383, -0.8987543254890815, 0.5194690742347469]",29.34942615907427,2.4767935841729627
"[0.21474430792463234, 0.6574719736026946, -0.8987559391068438, 0.5194667304756843]",29.349477205271953,2.476856416654359
"[0.21473624562481802, 0.6574730558582322, -0.8987575530549345, 0.5194643861050092]",29.349528250676858,2.476919249135756
"[0.21472818353850912, 0.65747413820149, -0.8987591670339301, 0.51946204155761]",29.349579299739368,2.4769820816171526
"[0.21472012220042905, 0.6574752205606632, -0.8987607809367629, 0.5194596969890242]",29.349630347669752,2.477044914098549
"[0.21471205913779795, 0.657476303267783, -0.8987623952584973, 0.5194573516800157]",29.349681398091054,2.477107746579946
"[0.21470399538512772, 0.6574773861839901, -0.8987640097920379, 0.5194550059313788]",29.349732446593787,2.4771705790613425
"[0.21469593141582544, 0.6574784692457314, -0.8987656244426042, 0.5194526598807782]",29.349783498122264,2.477233411542739
"[0.21468786836422044, 0.6574795523006526, -0.8987672389830523, 0.5194503138582371]",29.34983455148146,2.4772962440241355
"[0.21467980404830378, 0.657480635641836, -0.8987688538503064, 0.5194479672288832]",29.349885603195798,2.4773590765055324
"[0.214671740041261, 0.6574817190579754, -0.8987704687293446, 0.5194456204504352]",29.349936656489763,2.477421908986929
"[0.2146636739335849, 0.6574828028728447, -0.8987720841027054, 0.5194432728215804]",29.3499877109977,2.4774847414683254
"[0.21465560967890102, 0.6574838865552106, -0.898773699178607, 0.5194409254930046]",29.350038765529767,2.4775475739497224
"[0.2146475438404297, 0.6574849705669061, -0.8987753146453429, 0.5194385774643423]",29.350089821336923,2.4776104064311184
"[0.21463947752301035, 0.6574860547595052, -0.8987769302816497, 0.5194362290571055]",29.350140877959884,2.4776732389125153
"[0.2146314110107752, 0.6574871390947994, -0.8987785460306256, 0.5194338803540225]",29.35019193593089,2.4777360713939123
"[0.21462334516779774, 0.6574882234566665, -0.8987801617191755, 0.5194315316066488]",29.350242994643022,2.4777989038753083
"[0.2146152768423553, 0.6574893082688431, -0.8987817779786489, 0.5194291818971474]",29.350294054146925,2.4778617363567053
"[0.21460720992920326, 0.6574903930076988, -0.8987833940288497, 0.5194268323597107]",29.350345113161517,2.4779245688381017
"[0.2145991423863765, 0.6574914779477952, -0.8987850102788292, 0.5194244823996337]",29.35039617396004,2.4779874013194982
"[0.21459107538195102, 0.657492562932051, -0.8987866264945699, 0.5194221323571488]",29.350447235121067,2.478050233800895
"[0.21458300625291213, 0.6574936483186699, -0.8987882432096191, 0.5194197814563996]",29.350498296495005,2.4781130662822917
"[0.21457493710102496, 0.6574947338249895, -0.8987898600028941, 0.5194174303096223]",29.350549361361512,2.4781758987636886
"[0.21456686816658904, 0.657495819418692, -0.8987914768262353, 0.5194150789868218]",29.35060042339054,2.4782387312450846
"[0.2145587982340108, 0.6574969052633125, -0.8987930939232277, 0.5194127271337647]",29.350651488607156,2.4783015637264816
"[0.21455072764157887, 0.657497991313401, -0.8987947112260949, 0.5194103748489204]",29.350702554439437,2.478364396207878
"[0.21454265851616589, 0.6574990772827219, -0.8987963283086069, 0.5194080227522349]",29.350753620522234,2.4784272286892746
"[0.2145345873077703, 0.6575001636490773, -0.8987979458821964, 0.5194056698088515]",29.350804688066916,2.4784900611706715
"[0.21452651677633494, 0.65750125004097, -0.8987995633937554, 0.5194033168233482]",29.350855753880143,2.478552893652068
"[0.2145184445768096, 0.6575023367741444, -0.8988011813132836, 0.5194009631119055]",29.350906821445058,2.4786157261334645
"[0.21451037271969486, 0.6575034235779497, -0.8988027992378269, 0.5193986092607026]",29.350957890357034,2.478678558614861
"[0.21450230072685217, 0.6575045105167588, -0.8988044172632154, 0.519396255130312]",29.351008960656333,2.478741391096258
"[0.21449422910527352, 0.6575055975223085, -0.8988060352878109, 0.5193939008685858]",29.35106003226569,2.4788042235776544
"[0.21448615593451015, 0.6575066848532317, -0.8988076536965968, 0.5193915459153509]",29.35111110425233,2.478867056059051
"[0.2144780815145401, 0.65750777246921, -0.8988092724294652, 0.5193891903579528]",29.35116217727346,2.478929888540448
"[0.21447000920477774, 0.6575088599177118, -0.8988108908129145, 0.5193868351764734]",29.35121324918489,2.478992721021844
"[0.2144619356854877, 0.6575099476459376, -0.8988125095124856, 0.5193844794023715]",29.35126432332331,2.479055553503241
"[0.2144538600722865, 0.6575110357731144, -0.8988141287055306, 0.5193821227774356]",29.351315397910287,2.4791183859846373
"[0.2144457873049846, 0.6575121236335834, -0.8988157474015852, 0.5193797667432808]",29.351366473195135,2.4791812184660342
"[0.21443771103814974, 0.6575132120825087, -0.8988173668729885, 0.5193774094478859]",29.35141754930574,2.4792440509474307
"[0.21442963705510026, 0.6575143003404721, -0.8988189859600686, 0.5193750525792469]",29.351468628135272,2.479306883428827
"[0.21442156080032004, 0.6575153890214948, -0.8988206055763424, 0.5193726948075607]",29.351519704858344,2.479369715910224
"[0.2144134838938733, 0.657516477907257, -0.898822225396955, 0.5193703366056481]",29.351570783616882,2.47943254839162
"[0.2144054081504669, 0.6575175667531061, -0.8988238450579537, 0.5193679785033557]",29.35162186397271,2.479495380873017
"[0.21439733125553626, 0.6575186558710993, -0.8988254650235381, 0.5193656198248473]",29.351672943028916,2.4795582133544136
"[0.21438925389125385, 0.6575197451693034, -0.8988270851569018, 0.5193632607692352]",29.35172402530534,2.47962104583581
"[0.21438117721096953, 0.6575208344921736, -0.8988287052266994, 0.5193609016733718]",29.351775107257165,2.479683878317207
"[0.21437309777810623, 0.6575219243032555, -0.8988303259222822, 0.5193585415333785]",29.351826187972154,2.4797467107986035
"[0.21436502062194424, 0.6575230139241771, -0.8988319462348009, 0.519356181818364]",29.3518772735615,2.47980954328
"[0.21435694162657676, 0.6575241039101738, -0.898833566989911, 0.5193538213258905]",29.3519283565795,2.4798723757613965
"[0.21434886245128318, 0.6575251940374287, -0.8988351878547601, 0.5193514605406633]",29.351979441913592,2.4799352082427935
"[0.2143407827821293, 0.6575262843483328, -0.8988368088923309, 0.5193490993708919]",29.35203052602234,2.47999804072419
"[0.21433270360233792, 0.6575273747101669, -0.8988384299053567, 0.5193467381039524]",29.35208161342361,2.4800608732055864
"[0.21432462344466377, 0.6575284653209975, -0.8988400511882215, 0.5193443763109457]",29.35213269969708,2.4801237056869834
"[0.21431654335033215, 0.657529556040303, -0.8988416725320105, 0.5193420142961758]",29.352183789056337,2.4801865381683794
"[0.21430846241119103, 0.6575306469906871, -0.8988432941189569, 0.5193396517941321]",29.352234880245863,2.4802493706497764
"[0.21430038116564543, 0.6575317380994942, -0.8988449158410298, 0.5193372889621554]",29.352285968811064,2.480312203131173
"[0.21429229923336846, 0.6575328294180988, -0.8988465377745577, 0.5193349256889931]",29.352337057089887,2.48037503561257
"[0.21428421789437604, 0.6575339207736611, -0.8988481596626545, 0.5193325623489287]",29.3523881501217,2.4804378680939663
"[0.2142761358031307, 0.657535012347898, -0.8988497817753585, 0.5193301985484525]",29.352439243318415,2.4805007005753628
"[0.21426805277554029, 0.6575361041657114, -0.8988514041496342, 0.5193278342336397]",29.352490335360397,2.4805635330567597
"[0.21425997036738287, 0.657537196016964, -0.8988530264732133, 0.519325469859538]",29.352541427866253,2.4806263655381557
"[0.214251886965166, 0.657538288119632, -0.8988546490699592, 0.5193231049541238]",29.352592521201025,2.4806891980195527
"[0.2142438040118323, 0.657539380278783, -0.8988562716502277, 0.5193207399395147]",29.352643617770266,2.480752030500949
"[0.2142357189009168, 0.6575404728466367, -0.89885789473726, 0.5193183740529966]",29.352694712941844,2.4808148629823457
"[0.21422763523780727, 0.6575415653360059, -0.8988595176072763, 0.5193160083495448]",29.352745807799916,2.4808776954637426
"[0.21421955032331522, 0.6575426581116761, -0.8988611408021557, 0.5193136420392381]",29.352796907774476,2.480940527945139
"[0.21421146450911224, 0.6575437511261782, -0.8988627642513137, 0.5193112752248822]",29.35284800450895,2.4810033604265356
"[0.21420337976915993, 0.6575448441126363, -0.8988643875584196, 0.5193089084843315]",29.352899104704917,2.481066192907932
"[0.21419529363860962, 0.6575459374043257, -0.8988660112183738, 0.5193065410959485]",29.352950203129694,2.481129025389329
"[0.2141872064385046, 0.6575470309578826, -0.8988676351667417, 0.5193041731536243]",29.35300130509399,2.4811918578707255
"[0.21417912085917357, 0.657548124409521, -0.8988692588632765, 0.5193018054450942]",29.353052406635456,2.481254690352122
"[0.21417103375859192, 0.6575492181841207, -0.8988708829389357, 0.5192994370503117]",29.353103507851266,2.481317522833519
"[0.21416294644039835, 0.6575503121054361, -0.8988725071319328, 0.5192970683509379]",29.353154609816652,2.4813803553149154
"[0.2141548585185046, 0.6575514062257013, -0.8988741315198118, 0.5192946992338591]",29.35320571592308,2.481443187796312
"[0.21414677155166245, 0.6575525003340481, -0.8988757557894992, 0.5192923301556699]",29.35325681962241,2.4815060202777084
"[0.21413868241452333, 0.6575535948533374, -0.8988773805687332, 0.5192899602007439]",29.35330792510071,2.4815688527591053
"[0.21413059471385656, 0.657554689295571, -0.8988790051330631, 0.5192875904257437]",29.35335903088294,2.481631685240502
"[0.21412250527949148, 0.6575557840897479, -0.8988806301192734, 0.5192852199017616]",29.353410139249902,2.4816945177218983
"[0.21411441523320732, 0.6575568790841051, -0.8988822553020486, 0.5192828489574093]",29.35346124711428,2.4817573502032952
"[0.2141063254309241, 0.6575579741627979, -0.8988838805094456, 0.519280477843513]",29.35351235436808,2.4818201826846913
"[0.21409823500046674, 0.6575590694439077, -0.8988855059166783, 0.5192781063044042]",29.353563461716025,2.4818830151660882
"[0.21409014482706162, 0.6575601648076006, -0.8988871313458978, 0.519275734599546]",29.353614573425187,2.481945847647485
"[0.21408205411585352, 0.6575612603615029, -0.8988887569568005, 0.5192733624959014]",29.353665685897063,2.482008680128881
"[0.21407396315878474, 0.6575623560661041, -0.898890382690731, 0.5192709900790197]",29.353716794632508,2.482071512610278
"[0.21406587133577776, 0.6575634520054012, -0.8988920086722919, 0.5192686171670277]",29.353767908314165,2.4821343450916746
"[0.21405777864224282, 0.657564548180059, -0.8988936349024222, 0.5192662437584907]",29.35381902148289,2.482197177573071
"[0.21404968676600497, 0.6575656443614581, -0.8988952610419475, 0.5192638703484044]",29.353870134595827,2.482260010054468
"[0.21404159463213948, 0.6575667406952083, -0.8988968873068686, 0.5192614966214978]",29.35392124784093,2.4823228425358645
"[0.21403350086263526, 0.6575678373680457, -0.8988985139741422, 0.5192591221734597]",29.353972365242406,2.482385675017261
"[0.21402540769960904, 0.6575689340761998, -0.8989001405931601, 0.5192567476619968]",29.354023480895204,2.4824485074986575
"[0.21401731365271162, 0.6575700310216358, -0.89890176746346, 0.5192543726498257]",29.354074598078533,2.4825113399800545
"[0.21400921918864607, 0.6575711281411335, -0.8989033944912471, 0.5192519972738253]",29.35412571583845,2.482574172461451
"[0.21400112489645284, 0.6575722253548645, -0.8989050215581184, 0.5192496217068318]",29.354176831650683,2.4826370049428474
"[0.21399303025668412, 0.6575733227332493, -0.8989066487684847, 0.5192472457963772]",29.354227954559345,2.4826998374242444
"[0.21398493507394026, 0.6575744203027956, -0.8989082761616327, 0.5192448694850659]",29.354279074443838,2.482762669905641
"[0.2139768389720271, 0.6575755181145426, -0.8989099038132026, 0.5192424926623952]",29.35433019322256,2.4828255023870374
"[0.21396874339278074, 0.6575766159729968, -0.8989115314333236, 0.5192401157516217]",29.354381315134514,2.482888334868434
"[0.2139606462944905, 0.6575777141550615, -0.8989131594324898, 0.5192377381532359]",29.354432439029782,2.482951167349831
"[0.21395255069778, 0.6575788122510697, -0.8989147872033681, 0.5192353607541844]",29.354483562392364,2.4830139998312273
"[0.21394445321746747, 0.6575799107201784, -0.8989164154266143, 0.5192329825603594]",29.354534684813924,2.4830768323126238
"[0.21393635549795714, 0.6575810093393875, -0.8989180437715943, 0.5192306040545827]",29.35458581099811,2.4831396647940207
"[0.21392825706635377, 0.6575821081728724, -0.8989196723334079, 0.5192282250979086]",29.354636935162105,2.4832024972754168
"[0.2139201596612643, 0.6575832069847195, -0.8989213007624186, 0.519225846201077]",29.35468806239172,2.4832653297568137
"[0.21391206067545998, 0.6575843061287481, -0.8989229295829528, 0.5192234665980829]",29.354739191752945,2.48332816223821
"[0.21390396109631968, 0.6575854054710059, -0.8989245585964575, 0.5192210865789297]",29.354790317256032,2.4833909947196067
"[0.21389586208755484, 0.6575865048535469, -0.8989261875688779, 0.5192187064855588]",29.35484144476681,2.4834538272010036
"[0.21388776315920704, 0.6575876043428682, -0.8989278165987432, 0.5192163261740044]",29.35489257538174,2.4835166596824
"[0.21387966345253234, 0.6575887040555691, -0.8989294458587863, 0.5192139453918378]",29.354943706006672,2.4835794921637966
"[0.2138715631284668, 0.6575898039698281, -0.898931075316647, 0.5192115641862983]",29.354994836784225,2.483642324645193
"[0.21386346219562502, 0.6575909040845084, -0.8989327049706024, 0.5192091825598496]",29.355045970611588,2.48370515712659
"[0.21385536016709272, 0.6575920044657719, -0.8989343349186202, 0.5192068003692597]",29.35509709993495,2.4837679896079865
"[0.21384725916288402, 0.6575931048256907, -0.8989359647341953, 0.519204418237854]",29.355148234238428,2.483830822089383
"[0.21383915838966935, 0.657594205272, -0.8989375945769107, 0.519202035932396]",29.35519936996789,2.48389365457078
"[0.21383105521159057, 0.6575953061628155, -0.8989392249771143, 0.5191996526776189]",29.355250504217924,2.4839564870521764
"[0.21382295249571173, 0.6575964071086657, -0.8989408553579574, 0.5191972693166701]",29.355301641274163,2.484019319533573
"[0.2138148501361015, 0.6575975081239269, -0.8989424857407371, 0.5191948858184208]",29.35535277585665,2.4840821520149694
"[0.2138067468242846, 0.6575986093864236, -0.8989441163887507, 0.5191925017979143]",29.355403912721933,2.4841449844963663
"[0.2137986422918835, 0.6575997109326767, -0.898945747356026, 0.5191901171760909]",29.35545505001888,2.484207816977763
"[0.21379053960697178, 0.6576008123456716, -0.8989473780251254, 0.519187732855698]",29.355506189771454,2.4842706494591593
"[0.2137824351080026, 0.6576019141231304, -0.8989490091329293, 0.5191853477592724]",29.35555732973813,2.4843334819405563
"[0.21377432934492943, 0.6576030161903591, -0.8989506405687901, 0.5191829620485146]",29.355608470085233,2.4843963144219523
"[0.21376622512852234, 0.657604118165199, -0.8989522717669763, 0.5191805765507026]",29.355659611775422,2.4844591469033492
"[0.21375811900037722, 0.6576052205179194, -0.8989539034235858, 0.5191781902478216]",29.35571075323426,2.4845219793847457
"[0.2137500140076851, 0.6576063228341487, -0.8989555349252638, 0.5191758040368721]",29.355761896723298,2.484584811866142
"[0.21374190721575892, 0.657607425513038, -0.8989571668627526, 0.5191734170538044]",29.355813041064092,2.484647644347539
"[0.2137338001889156, 0.657608528341858, -0.8989587989211681, 0.5191710297591193]",29.355864184826174,2.4847104768289356
"[0.21372569294708715, 0.6576096313179163, -0.8989604310964964, 0.5191686421586492]",29.355915328681043,2.4847733093103326
"[0.2137175861702083, 0.6576107343486781, -0.8989620632518438, 0.519166254452675]",29.355966476250057,2.4848361417917286
"[0.21370947848668545, 0.6576118376208072, -0.8989636956633517, 0.5191638662371539]",29.356017621315605,2.4848989742731256
"[0.213701370489295, 0.657612941053661, -0.8989653282116815, 0.5191614776866436]",29.356068768532154,2.484961806754522
"[0.21369326244384243, 0.6576140446110829, -0.8989669608433095, 0.5191590888794146]",29.35611991665195,2.4850246392359185
"[0.21368515336817767, 0.6576151484267503, -0.8989685937560126, 0.5191566995260802]",29.356171067619762,2.4850874717173155
"[0.21367704419213315, 0.6576162523741477, -0.8989702267625563, 0.5191543099005246]",29.356222214291297,2.485150304198712
"[0.21366893499776254, 0.6576173564420993, -0.8989718598464135, 0.5191519200269266]",29.35627336653154,2.4852131366801085
"[0.21366082478375173, 0.6576184607669602, -0.8989734932092427, 0.519149529610132]",29.356324517385907,2.485275969161505
"[0.21365271460622334, 0.6576195652049479, -0.8989751266383513, 0.5191471389613718]",29.3563756692273,2.485338801642902
"[0.21364460378717856, 0.6576206698484068, -0.8989767602702935, 0.5191447478807568]",29.35642682074705,2.4854016341242984
"[0.21363649366251233, 0.6576217745154064, -0.8989783938359932, 0.5191423567620941]",29.35647797597251,2.485464466605695
"[0.21362838182030086, 0.6576228795344732, -0.8989800278212763, 0.5191399648942474]",29.356529128968937,2.485527299087092
"[0.21362027007776363, 0.6576239846581173, -0.8989816618601102, 0.519137572812939]",29.356580284812743,2.485590131568488
"[0.2136121573205518, 0.6576250900381739, -0.8989832961769755, 0.5191351801895132]",29.356631440626337,2.485652964049885
"[0.21360404487938803, 0.6576261954933447, -0.898984930503802, 0.5191327874163916]",29.35668259809265,2.4857157965312813
"[0.21359593330809437, 0.6576273009481395, -0.8989865647289936, 0.5191303946569681]",29.35673375490764,2.4857786290126778
"[0.21358781993082027, 0.6576284067672502, -0.8989881993916551, 0.5191280011218674]",29.35678491215139,2.4858414614940747
"[0.21357970527757916, 0.6576295128785058, -0.8989898343850364, 0.5191256069673057]",29.35683607137726,2.485904293975471
"[0.21357159187301386, 0.6576306189377765, -0.8989914692004494, 0.5191232129381433]",29.356887232429884,2.485967126456868
"[0.2135634779888672, 0.6576317251806588, -0.8989931041861123, 0.5191208185244413]",29.356938392441993,2.486029958938264
"[0.2135553643050063, 0.6576328315144497, -0.898994739205027, 0.5191184239268317]",29.35698955220128,2.486092791419661
"[0.21354724755187404, 0.6576339383850451, -0.8989963749160857, 0.5191160281802141]",29.35704071497301,2.486155623901058
"[0.21353913306333577, 0.6576350450650951, -0.8989980102443965, 0.5191136328588896]",29.357091878572266,2.486218456382454
"[0.21353101670901875, 0.6576361521179074, -0.8989996460223495, 0.5191112367436194]",29.357143042623107,2.486281288863851
"[0.21352290212227903, 0.6576372590478932, -0.8990012815176687, 0.5191088409070483]",29.357194204033565,2.4863441213452475
"[0.21351478458641687, 0.6576383664985087, -0.8990029176810145, 0.5191064439564915]",29.357245370785595,2.486406953826644
"[0.21350666771864069, 0.6576394739763234, -0.8990045537833291, 0.5191040469599275]",29.35729653675726,2.486469786308041
"[0.21349855087435596, 0.6576405815692565, -0.899006189954529, 0.5191016497270455]",29.35734770360631,2.4865326187894374
"[0.2134904328967169, 0.6576416894352121, -0.8990078264278123, 0.5190992519161023]",29.357398870978145,2.486595451270834
"[0.2134823151252645, 0.6576427973913973, -0.8990094629331538, 0.5190968539227168]",29.357450041709935,2.4866582837522304
"[0.21347419679645593, 0.6576439055420353, -0.8990110996244772, 0.5190944555213144]",29.357501208981148,2.4867211162336273
"[0.21346607851178154, 0.6576450138050415, -0.8990127363805198, 0.519092056889556]",29.357552378770514,2.486783948715024
"[0.21345795881974935, 0.6576461223785844, -0.8990143734939343, 0.519089657598531]",29.357603549347438,2.4868467811964203
"[0.21344983977708787, 0.6576472309818934, -0.8990160105500405, 0.5190872582559233]",29.357654721246504,2.4869096136778173
"[0.21344171988808763, 0.6576483398191989, -0.8990176478504169, 0.5190848584197115]",29.357705892841505,2.4869724461592138
"[0.21343359962357095, 0.6576494488262377, -0.899019285300136, 0.5190824582289809]",29.35775706488948,2.4870352786406102
"[0.21342547940263937, 0.6576505579457798, -0.8990209228146838, 0.5190800578075896]",29.357808240183843,2.4870981111220067
"[0.21341735857261931, 0.6576516672669929, -0.8990225605256784, 0.5190776569625593]",29.35785941432883,2.4871609436034037
"[0.21340923765987502, 0.6576527767179782, -0.8990241983269724, 0.5190752558494836]",29.357910590005144,2.4872237760848
"[0.21340111544312482, 0.6576538864656288, -0.8990258364648815, 0.5190728541071777]",29.35796176480683,2.4872866085661967
"[0.21339299351603008, 0.6576549962922271, -0.8990274746179923, 0.519070452206834]",29.358012942172657,2.4873494410475936
"[0.21338487158653918, 0.6576561062376614, -0.8990291128452019, 0.5190680500621078]",29.358064119740952,2.4874122735289896
"[0.2133767488359158, 0.6576572164138705, -0.8990307513116532, 0.519065647430766]",29.35811529833837,2.4874751060103866
"[0.21336862482142338, 0.6576583268813648, -0.89903239010668, 0.5190632441818122]",29.358166475272032,2.487537938491783
"[0.21336050256785713, 0.6576594372267245, -0.8990340286200936, 0.5190608412099981]",29.35821765688807,2.4876007709731796
"[0.21335237834101622, 0.6576605479604223, -0.8990356676051982, 0.5190584374105599]",29.35826883686619,2.4876636034545765
"[0.2133442543242741, 0.6576616587839795, -0.8990373066215368, 0.5190560334294426]",29.35832001782968,2.487726435935973
"[0.21333612933176552, 0.6576627698595788, -0.8990389459083586, 0.5190536289156736]",29.358371198969284,2.4877892684173695
"[0.21332800415575298, 0.6576638810789315, -0.899040585305824, 0.5190512241036249]",29.358422380807966,2.487852100898766
"[0.21331987972983793, 0.657664992314255, -0.8990422246255595, 0.5190488192697486]",29.358473565804374,2.487914933380163
"[0.21331175355763354, 0.6576661039071228, -0.8990438643712724, 0.519046413674931]",29.358524750747275,2.4879777658615594
"[0.21330362753517204, 0.6576672155981546, -0.8990455041603904, 0.519044007880448]",29.358575937828977,2.488040598342956
"[0.2132955016446745, 0.6576683273898034, -0.8990471439964893, 0.5190416018810095]",29.358627122822668,2.488103430824353
"[0.21328737468633996, 0.6576694394462428, -0.899048784121699, 0.5190391953213249]",29.35867830919886,2.4881662633057493
"[0.21327924686614552, 0.6576705517393329, -0.8990504244944707, 0.5190367882622927]",29.358729496115153,2.488229095787146
"[0.21327111894415846, 0.6576716641650809, -0.8990520649614122, 0.5190343809289567]",29.358780685336296,2.4882919282685423
"[0.21326299134877658, 0.6576727766648529, -0.8990537054360497, 0.5190319734482018]",29.358831873667093,2.488354760749939
"[0.2132548640851493, 0.6576738892379448, -0.8990553459173259, 0.5190295658215583]",29.358883063962377,2.4884175932313357
"[0.2132467352652196, 0.6576750021428085, -0.8990569867863587, 0.5190271574896953]",29.358934255230142,2.488480425712732
"[0.21323860615557827, 0.6576761152061279, -0.8990586277874881, 0.519024748827715]",29.358985445577545,2.488543258194129
"[0.21323047648052879, 0.657677228465647, -0.899060268976377, 0.5190223397539152]",29.359036638566128,2.488606090675525
"[0.21322234732765852, 0.6576783417724398, -0.8990619101334598, 0.5190199305905683]",29.35908783185467,2.488668923156922
"[0.21321421788433556, 0.6576794552378041, -0.8990635514227847, 0.5190175210968337]",29.359139024558495,2.4887317556383186
"[0.21320608624009982, 0.6576805691234624, -0.8990651932300897, 0.5190151107063539]",29.359190220135016,2.488794588119715
"[0.2131979560671018, 0.6576816829264174, -0.8990668348139584, 0.5190127005075889]",29.359241414744698,2.488857420601112
"[0.21318982391332078, 0.6576827971196014, -0.8990684768713965, 0.5190102894771458]",29.35929261076939,2.4889202530825085
"[0.21318169324314484, 0.6576839112283569, -0.8990701187028688, 0.5190078786421362]",29.359343808682418,2.488983085563905
"[0.21317356132265455, 0.6576850256272967, -0.8990717608604297, 0.5190054671919259]",29.359395004637797,2.4890459180453015
"[0.21316542807811287, 0.6576861403266054, -0.8990734033589942, 0.5190030551044975]",29.359446204243728,2.4891087505266984
"[0.21315729605292547, 0.6576872549776767, -0.8990750456849224, 0.5190006431341732]",29.35949740363429,2.489171583008095
"[0.2131491634259863, 0.6576883698301509, -0.899076688205981, 0.5189982307407865]",29.35954860131274,2.4892344154894914
"[0.2131410303944993, 0.657689484856968, -0.8990783308823554, 0.5189958179828458]",29.359599802471365,2.4892972479708884
"[0.2131328956434257, 0.6576906002385162, -0.8990799739796663, 0.5189934044700641]",29.3596510061412,2.489360080452285
"[0.21312476228230057, 0.657691715548418, -0.8990816168698367, 0.5189909911250272]",29.359702207466782,2.4894229129336813
"[0.21311662696578323, 0.6576928312454453, -0.8990832602286033, 0.5189885769550444]",29.35975340887195,2.489485745415078
"[0.21310849218694478, 0.6576939469877116, -0.8990849035523724, 0.5189861626998852]",29.35980461302266,2.4895485778964748
"[0.2131003583781518, 0.6576950627158934, -0.8990865467537719, 0.5189837484879162]",29.359855817543938,2.4896114103778713
"[0.2130922218160515, 0.6576961789407717, -0.8990881905850151, 0.5189813332139119]",29.35990702370101,2.4896742428592677
"[0.2130840858836164, 0.6576972951982876, -0.8990898343626629, 0.5189789178819911]",29.35995822906609,2.4897370753406647
"[0.2130759485688701, 0.6576984117645382, -0.8990914784932119, 0.5189765018947695]",29.36000943638529,2.4897999078220607
"[0.21306781195050642, 0.6576995283542407, -0.8990931225566781, 0.5189740858694669]",29.360060643904983,2.4898627403034577
"[0.21305967536738052, 0.6577006450581785, -0.8990947666866238, 0.5189716696097075]",29.36011185201752,2.489925572784854
"[0.2130515376273208, 0.6577017620399777, -0.8990964111239589, 0.518969252761428]",29.360163061276083,2.4899884052662506
"[0.21304340020811025, 0.6577028790968115, -0.8990980555700646, 0.5189668357634831]",29.36021427167114,2.4900512377476476
"[0.21303526240607484, 0.6577039963252886, -0.8990997001671354, 0.518964418406844]",29.360265481215094,2.490114070229044
"[0.21302712259293868, 0.6577051139490054, -0.8991013452442604, 0.5189620002077144]",29.36031669401638,2.4901769027104406
"[0.21301898345865894, 0.6577062315986528, -0.899102990257805, 0.5189595819651664]",29.360367905324274,2.4902397351918375
"[0.213010845431084, 0.6577073492154434, -0.8991046351212639, 0.5189571638063916]",29.360419118977912,2.490302567673234
"[0.213002704962967, 0.6577084672865621, -0.8991062805516207, 0.5189547446772809]",29.36047033114757,2.490365400154631
"[0.21299456513149387, 0.6577095853894072, -0.8991079259269014, 0.5189523254922034]",29.3605215466786,2.490428232636027
"[0.21298642506872859, 0.6577107036431954, -0.8991095714225373, 0.5189499059932137]",29.360572761778975,2.490491065117424
"[0.21297828364504895, 0.6577118222031446, -0.899111217266894, 0.5189474858444737]",29.360623977755363,2.4905538975988204
"[0.2129701425557521, 0.6577129408363642, -0.8991128631172627, 0.5189450655498753]",29.360675194162603,2.490616730080217
"[0.2129620010418394, 0.6577140596471478, -0.8991145091270812, 0.5189426448837628]",29.360726411263965,2.490679562561614
"[0.2129538585615841, 0.6577151787099784, -0.8991161554058842, 0.5189402236849906]",29.36077762809712,2.4907423950430103
"[0.21294571708029048, 0.6577162977547416, -0.8991178015563122, 0.5189378025379606]",29.36082884889158,2.490805227524407
"[0.21293757457691795, 0.6577174170592511, -0.8991194479869977, 0.5189353808416143]",29.360880068069566,2.4908680600058033
"[0.21292943063067954, 0.6577185366813865, -0.8991210947830532, 0.5189329584707096]",29.360931288772235,2.4909308924872002
"[0.2129212888221509, 0.6577196561288976, -0.8991227412204285, 0.5189305364902715]",29.3609825097311,2.4909937249685967
"[0.21291314357228025, 0.657720776168893, -0.8991243884273309, 0.5189281132406155]",29.36103373191566,2.491056557449993
"[0.2129049998972153, 0.657721896111656, -0.8991260353893681, 0.5189256902139742]",29.361084955407154,2.49111938993139
"[0.2128968555197977, 0.6577230162703301, -0.8991276825670491, 0.5189232667328467]",29.36113618094382,2.491182222412786
"[0.21288870997546794, 0.6577241367088549, -0.899129330054348, 0.5189208426589024]",29.36118740539307,2.491245054894183
"[0.21288056521428136, 0.657725257159015, -0.899130977456852, 0.518918418572432]",29.361238628522067,2.4913078873755796
"[0.21287241936171067, 0.6577263778786653, -0.8991326251537123, 0.5189159939155412]",29.361289853595657,2.491370719856976
"[0.21286427417380802, 0.6577274986262452, -0.8991342727897208, 0.518913569210866]",29.36134108084372,2.491433552338373
"[0.21285612774798418, 0.6577286196635478, -0.8991359207497414, 0.5189111438920128]",29.361392308920813,2.4914963848197695
"[0.21284798057370913, 0.6577297409232665, -0.899137568934778, 0.5189087181046024]",29.361443536579614,2.4915592173011665
"[0.21283983334158005, 0.6577308623103755, -0.8991392172051255, 0.5189062920542156]",29.361494764794738,2.4916220497825625
"[0.21283168540406433, 0.6577319839140212, -0.8991408656917901, 0.5189038655479885]",29.361545995830642,2.4916848822639595
"[0.21282353829450715, 0.6577331055231299, -0.8991425140845377, 0.5189014390425604]",29.361597227227602,2.491747714745356
"[0.21281538982424225, 0.6577342274390316, -0.8991441628261978, 0.5188990118860307]",29.361648457474985,2.4918105472267524
"[0.2128072412870663, 0.6577353494836227, -0.8991458116549987, 0.5188965844637082]",29.361699688543567,2.4918733797081494
"[0.21279909198141997, 0.6577364717535451, -0.8991474607129009, 0.5188941565665324]",29.36175092215283,2.491936212189546
"[0.2127909430595647, 0.6577375940900747, -0.8991491097667438, 0.5188917285378359]",29.361802156666297,2.4919990446709424
"[0.21278279266093025, 0.6577387167495465, -0.8991507591930409, 0.5188892998231199]",29.361853390477272,2.492061877152339
"[0.2127746428855932, 0.6577398394426921, -0.8991524085667995, 0.5188868710481583]",29.361904624126996,2.492124709633736
"[0.21276649234022374, 0.6577409623614716, -0.899154058169998, 0.5188844417976836]",29.36195586091552,2.4921875421151323
"[0.21275834150250353, 0.6577420854400683, -0.8991557079059698, 0.5188820122140511]",29.362007097098118,2.4922503745965288
"[0.2127501893439476, 0.6577432088202512, -0.8991573579828931, 0.5188795819905871]",29.362058334743015,2.4923132070779257
"[0.2127420396944598, 0.6577443319742396, -0.8991590076255336, 0.5188771522690496]",29.36210957388988,2.4923760395593217
"[0.21273388731727802, 0.6577454556237349, -0.899160657893908, 0.518874721488164]",29.36216081378172,2.4924388720407187
"[0.21272573500091582, 0.657746579384465, -0.8991623082235725, 0.5188722904792339]",29.362212053177128,2.492501704522115
"[0.21271758255767825, 0.657747703282305, -0.8991639586525167, 0.5188698591862808]",29.362263293577023,2.492564537003512
"[0.2127094283585354, 0.6577488275418751, -0.89916560951055, 0.5188674271233911]",29.362314534039225,2.4926273694849086
"[0.21270127543315984, 0.6577499517454751, -0.8991672601842998, 0.5188649951941575]",29.362365775218247,2.492690201966305
"[0.21269312124066153, 0.6577510762434746, -0.8991689111881965, 0.5188625626406466]",29.362417018300622,2.492753034447702
"[0.21268496715456697, 0.6577522008464661, -0.8991705622441498, 0.5188601298725735]",29.362468261947193,2.492815866929098
"[0.2126768115346156, 0.6577533257807289, -0.899172213684292, 0.5188576964004653]",29.362519506815083,2.492878699410495
"[0.21266865783911243, 0.657754450569233, -0.8991738648083367, 0.5188552632562297]",29.362570749116795,2.4929415318918915
"[0.21266050225286592, 0.6577555757382774, -0.8991755163888523, 0.5188528293013714]",29.362621997098383,2.493004364373288
"[0.21265234689494017, 0.6577567009955516, -0.8991771679967246, 0.5188503951682168]",29.36267324337202,2.493067196854685
"[0.21264419123168427, 0.6577578264146896, -0.8991788197400221, 0.5188479606974785]",29.36272449226789,2.4931300293360814
"[0.21263603534157935, 0.6577589519848778, -0.8991804716028496, 0.5188455259125486]",29.362775739565627,2.493192861817478
"[0.2126278776706313, 0.6577600779206272, -0.8991821238999682, 0.5188430903494093]",29.362826986870196,2.4932556942988744
"[0.21261972124783574, 0.657761203803877, -0.8991837760178691, 0.5188406549123796]",29.362878237183057,2.4933185267802713
"[0.21261156348219584, 0.6577623299922907, -0.8991854284813634, 0.5188382188277886]",29.362929488746804,2.493381359261668
"[0.21260340425570975, 0.6577634565022213, -0.8991870813143858, 0.5188357820602643]",29.362980736759198,2.4934441917430643
"[0.21259524636202198, 0.6577645829479754, -0.8991887339510143, 0.5188333454441109]",29.36303199030951,2.4935070242244612
"[0.2125870880645318, 0.6577657095693024, -0.8991903867430354, 0.5188309084606999]",29.3630832440656,2.4935698567058573
"[0.2125789290681262, 0.6577668364070067, -0.8991920397502406, 0.5188284710217893]",29.363134494304482,2.4936326891872542
"[0.21257076997760124, 0.6577679633775694, -0.8991936928501044, 0.5188260333080263]",29.363185752367922,2.4936955216686507
"[0.2125626096459986, 0.657769090639449, -0.8991953462750198, 0.5188235949766583]",29.36323700593866,2.4937583541500477
"[0.21255445002513063, 0.6577702179230371, -0.899196999629517, 0.5188211566108613]",29.363288261605312,2.493821186631444
"[0.2125462897236522, 0.6577713454205535, -0.8991986531955116, 0.5188187177948508]",29.36333951889861,2.4938840191128406
"[0.21253812837320696, 0.657772473182937, -0.8992003070476616, 0.5188162784184482]",29.363390776611876,2.4939468515942376
"[0.21252996631772092, 0.6577736011627024, -0.8992019611162883, 0.5188138385843651]",29.363442033473362,2.4940096840756336
"[0.21252180520729297, 0.6577747291318078, -0.8992036150669845, 0.5188113987858572]",29.363493290964758,2.4940725165570305
"[0.21251364317714108, 0.65777585734799, -0.8992052692776632, 0.5188089584654348]",29.363544550231005,2.4941353490384275
"[0.21250548088019292, 0.6577769857210276, -0.8992069236160039, 0.5188065178182485]",29.363595812186507,2.4941981815198235
"[0.21249731854820753, 0.6577781142188932, -0.8992085780350303, 0.5188040769135724]",29.363647073463543,2.4942610140012205
"[0.21248915479640224, 0.6577792430330703, -0.8992102328154365, 0.5188016353372288]",29.363698334542523,2.494323846482617
"[0.2124809915620189, 0.6577803718957139, -0.8992118875645517, 0.5187991936685528]",29.363749596126034,2.4943866789640134
"[0.21247282751834187, 0.6577815009903106, -0.8992135425513074, 0.5187967515106805]",29.36380086171054,2.4944495114454104
"[0.21246466295952857, 0.6577826302762043, -0.8992151977160838, 0.5187943089515438]",29.363852125063794,2.494512343926807
"[0.21245649935103436, 0.6577837595506922, -0.8992168527617834, 0.5187918664295692]",29.36390338924809,2.4945751764082034
"[0.2124483334393623, 0.6577848892638671, -0.8992185083480129, 0.5187894229712486]",29.36395465490217,2.4946380088896
"[0.2124401687262429, 0.6577860189313168, -0.8992201637648257, 0.5187869796243254]",29.364005921865594,2.494700841370997
"[0.2124320021961144, 0.6577871489702541, -0.8992218196236402, 0.5187845354863801]",29.364057186635858,2.4947636738523933
"[0.21242383590622108, 0.6577882790960854, -0.8992234755073374, 0.5187820911729908]",29.36410845692047,2.4948265063337898
"[0.21241566956203092, 0.6577894093495706, -0.8992251314756285, 0.5187796465959972]",29.364159723012122,2.4948893388151867
"[0.2124075019383802, 0.6577905399002639, -0.8992267877769675, 0.518777201388638]",29.364210994448015,2.494952171296583
"[0.21239933549722356, 0.6577916704074465, -0.8992284439120868, 0.5187747562878833]",29.36426226556791,2.4950150037779797
"[0.2123911687581356, 0.657792801075994, -0.8992301001811998, 0.5187723108505746]",29.36431353476958,2.495077836259376
"[0.2123829993729468, 0.6577939322311062, -0.8992317570605586, 0.5187698643733949]",29.364364807533253,2.495140668740773
"[0.2123748318784786, 0.6577950632446258, -0.8992334136300281, 0.5187674182149337]",29.364416079412802,2.4952035012221696
"[0.21236666256713224, 0.6577961946299248, -0.8992350706415989, 0.5187649712648236]",29.364467354259215,2.495266333703566
"[0.21235849331967688, 0.6577973261266221, -0.8992367277137971, 0.5187625240862608]",29.364518627659926,2.495329166184963
"[0.21235032443988494, 0.6577984576926189, -0.899238384784995, 0.5187600767702757]",29.364569902197704,2.495391998666359
"[0.21234215443960316, 0.6577995895340808, -0.899240042157069, 0.5187576288709838]",29.36462117557215,2.495454831147756
"[0.21233398398767075, 0.6578007215583725, -0.8992416996943536, 0.5187551805887212]",29.364672452786305,2.4955176636291525
"[0.21232581354362923, 0.6578018537018575, -0.8992433573036188, 0.5187527320611347]",29.364723729100156,2.495580496110549
"[0.21231764260871042, 0.6578029860336356, -0.8992450150860556, 0.5187502831387554]",29.36477500771551,2.495643328591946
"[0.21230947120715404, 0.6578041185503976, -0.8992466730367492, 0.5187478338287629]",29.36482628499526,2.4957061610733424
"[0.2123012993693053, 0.6578052512479539, -0.8992483311495489, 0.5187453841402125]",29.36487756501604,2.495768993554739
"[0.21229312714965662, 0.6578063841187424, -0.8992499894134044, 0.5187429340894307]",29.36492884359373,2.4958318260361354
"[0.21228495380070156, 0.6578075172664596, -0.8992516479800058, 0.5187404834521888]",29.36498012643241,2.4958946585175323
"[0.21227678092721466, 0.6578086504686254, -0.8992533065237088, 0.5187380327096289]",29.365031406410147,2.495957490998929
"[0.21226860747045193, 0.6578097838720414, -0.8992549652593612, 0.5187355815442621]",29.365082688839877,2.4960203234803253
"[0.21226043459446478, 0.6578109173152945, -0.8992566239507225, 0.5187331303051693]",29.36513397226399,2.4960831559617223
"[0.21225226018181806, 0.6578120510920679, -0.899258283027532, 0.5187306783572218]",29.365185256271076,2.4961459884431187
"[0.2122440859819064, 0.6578131849597363, -0.8992599421347459, 0.518728226225114]",29.365236541331903,2.4962088209245152
"[0.212235912614308, 0.6578143188323546, -0.8992616011465863, 0.5187257740947245]",29.36528782755566,2.4962716534059117
"[0.2122277349807293, 0.6578154534172707, -0.8992632610979322, 0.5187233204363331]",29.36533911046452,2.4963344858873087
"[0.21221956040305956, 0.6578165876986544, -0.899264920502548, 0.5187208674467749]",29.36539040031941,2.496397318368705
"[0.21221138468596865, 0.657817722258602, -0.8992665802120337, 0.5187184138672104]",29.365441685946795,2.4964601508501016
"[0.21220320844742876, 0.657818857011395, -0.8992682401009533, 0.5187159598830127]",29.365492976196247,2.4965229833314986
"[0.2121950318175776, 0.6578199919389878, -0.8992699001428933, 0.5187135055332002]",29.365544261443016,2.4965858158128946
"[0.21218685465252768, 0.6578211270613851, -0.89927156036707, 0.5187110507745196]",29.365595552909106,2.4966486482942916
"[0.2121786772528961, 0.6578222623368699, -0.8992732207124532, 0.5187085956971798]",29.36564684308449,2.496711480775688
"[0.21217049878432623, 0.6578233978813127, -0.8992748813484609, 0.5187061400506107]",29.36569813501244,2.4967743132570845
"[0.21216232127720383, 0.6578245334128103, -0.8992765418628177, 0.5187036844444355]",29.365749425916633,2.4968371457384815
"[0.21215414280201622, 0.6578256691992798, -0.899278202647323, 0.5187012282992597]",29.365800719112087,2.496899978219878
"[0.21214596397248697, 0.6578268051555445, -0.8992798635773582, 0.5186987717992991]",29.365852013705652,2.4969628107012745
"[0.21213778536319197, 0.6578279412018004, -0.8992815245362352, 0.5186963151171204]",29.36590331024858,2.497025643182671
"[0.21212960555161153, 0.6578290775356633, -0.8992831858128543, 0.5186938578253796]",29.365954602621034,2.497088475664068
"[0.21212142448649793, 0.657830214164311, -0.8992848474176488, 0.5186913999085603]",29.366005898034317,2.4971513081454644
"[0.21211324532842643, 0.657831350648635, -0.899286508708677, 0.5186889423162263]",29.366057195838483,2.497214140626861
"[0.2121050637658883, 0.6578324875876901, -0.8992881705616651, 0.5186864837529154]",29.366108493353405,2.497276973108258
"[0.21209688299603666, 0.6578336245372554, -0.8992898323272128, 0.5186840251792563]",29.366159791006172,2.4973398055896543
"[0.21208870113156553, 0.6578347617596384, -0.8992914943886866, 0.5186815660280277]",29.366211090888523,2.497402638071051
"[0.2120805186522779, 0.6578358991881733, -0.8992931566486375, 0.5186791064433758]",29.366262389416125,2.4974654705524473
"[0.2120723374856382, 0.6578370365549243, -0.8992948187154858, 0.5186766470046921]",29.36631369239289,2.497528303033844
"[0.21206415508986012, 0.657838174213258, -0.8992964811056062, 0.5186741869478542]",29.366364991578955,2.4975911355152407
"[0.2120559712072453, 0.6578393121990698, -0.899298143871385, 0.5186717261952486]",29.366416293000587,2.497653967996637
"[0.21204778769449328, 0.6578404502542052, -0.8992998066355922, 0.518669265305099]",29.36646759615516,2.497716800478034
"[0.2120396045858261, 0.657841588373877, -0.8993014693912602, 0.5186668042877406]",29.366518899962987,2.49777963295943
"[0.2120314190017235, 0.6578427269586428, -0.8993031327235067, 0.5186643422770469]",29.366570203188395,2.497842465440827
"[0.21202323445521531, 0.6578438655198808, -0.8993047959184886, 0.5186618803295802]",29.366621510060074,2.4979052979222236
"[0.2120150507292276, 0.6578450040877482, -0.8993064590202844, 0.5186594183801232]",29.36667281548326,2.49796813040362
"[0.21200686535274224, 0.6578461430060493, -0.8993081225310614, 0.5186569556852595]",29.366724119990945,2.498030962885017
"[0.21199867928401978, 0.6578472821415086, -0.8993097862560959, 0.5186544925331777]",29.3667754282978,2.4980937953664135
"[0.21199049305672543, 0.6578484214198766, -0.8993114500869319, 0.5186520290844199]",29.36682673710571,2.4981566278478105
"[0.21198230662592174, 0.657849560847426, -0.8993131140327001, 0.5186495653254272]",29.366878044883737,2.4982194603292065
"[0.21197411930142862, 0.6578507005202442, -0.8993147782336914, 0.5186471010484306]",29.36692935344867,2.4982822928106034
"[0.21196593287886667, 0.657851840188384, -0.8993164423249107, 0.5186446367938796]",29.366980663495337,2.4983451252920004
"[0.21195774612973634, 0.6578529800228649, -0.899318106556066, 0.518642172191987]",29.367031975456445,2.4984079577733964
"[0.21194955642747784, 0.6578541203894409, -0.8993197714611311, 0.5186397064518944]",29.367083287433143,2.4984707902547934
"[0.21194136854458062, 0.6578552606236273, -0.8993214360699007, 0.5186372410103979]",29.36713459868507,2.49853362273619
"[0.2119331808921602, 0.657856400946605, -0.8993231007053675, 0.5186347753892101]",29.367185913931426,2.4985964552175863
"[0.21192499159285383, 0.6578575416199123, -0.8993247657492256, 0.5186323090228638]",29.367237227379544,2.4986592876989833
"[0.21191680214036243, 0.6578586824355233, -0.8993264308977958, 0.5186298423611425]",29.367288540917773,2.4987221201803798
"[0.21190861146975587, 0.6578598235418203, -0.8993280963676199, 0.5186273750832164]",29.367339855257352,2.4987849526617762
"[0.21190042137593934, 0.6578609646887573, -0.8993297617937277, 0.5186249077297287]",29.367391173248713,2.4988477851431727
"[0.21189223145298222, 0.6578621059328842, -0.8993314272586465, 0.5186224401784089]",29.36744249010812,2.4989106176245697
"[0.21188403972577644, 0.6578632475494549, -0.8993330931640406, 0.5186199718341055]",29.367493807993498,2.498973450105966
"[0.21187584805218793, 0.6578643892796074, -0.8993347591321016, 0.5186175032565289]",29.367545126066656,2.4990362825873627
"[0.21186765643291366, 0.6578655311232379, -0.89933642516268, 0.5186150344458949]",29.3675964438934,2.4990991150687596
"[0.21185946467487793, 0.6578666731072599, -0.899338091295038, 0.518612565344007]",29.367647765628465,2.4991619475501556
"[0.21185127141444554, 0.6578678154218216, -0.8993397578065413, 0.5186100955397518]",29.36769908431061,2.4992247800315526
"[0.21184307843798966, 0.657868957817891, -0.8993414243338502, 0.5186076255715608]",29.367750406227366,2.499287612512949
"[0.21183488590164543, 0.6578701002736818, -0.8993430908451895, 0.5186051554865313]",29.367801729872962,2.499350444994346
"[0.21182669259520615, 0.6578712429579702, -0.8993447575867338, 0.5186026849197551]",29.367853053185332,2.4994132774757425
"[0.21181849912676093, 0.6578723857859724, -0.8993464244347864, 0.5186002140545413]",29.367904377091723,2.499476109957139
"[0.21181030406626333, 0.6578735289571951, -0.8993480916802874, 0.5185977424595464]",29.36795569971934,2.499538942438536
"[0.21180210930852938, 0.6578746722073414, -0.8993497589377557, 0.5185952707061848]",29.368007026998093,2.499601774919932
"[0.21179391441120646, 0.6578758155981362, -0.8993514262971802, 0.5185927986610146]",29.368058351089786,2.499664607401329
"[0.21178571885795586, 0.6578769592016357, -0.8993530938636204, 0.5185903261682404]",29.368109677386908,2.4997274398827254
"[0.21177752267027522, 0.6578781030148725, -0.8993547616327119, 0.51858785323428]",29.368161006000893,2.499790272364122
"[0.2117693272184162, 0.6578792468466225, -0.8993564293256263, 0.518585380272559]",29.36821233397776,2.499853104845519
"[0.21176113029292973, 0.65788039100528, -0.8993580973919668, 0.5185829066163319]",29.3682636637695,2.4999159373269153
"[0.21175293223658118, 0.6578815354430512, -0.8993597657620094, 0.5185804323689234]",29.368314991479,2.499978769808312
"[0.21174473503787228, 0.6578826798823543, -0.8993614340310748, 0.5185779581304579]",29.368366322705423,2.5000416022897083
"[0.2117365381966942, 0.6578838243929944, -0.8993631023009192, 0.5185754837500208]",29.368417654478698,2.500104434771105
"[0.21172833904455535, 0.6578849693476114, -0.8993647711146693, 0.5185730084219807]",29.36846898610182,2.5001672672525017
"[0.21172014028584266, 0.6578861143686023, -0.8993664399219059, 0.5185705329626965]",29.368520318592225,2.500230099733898
"[0.21171194242574518, 0.6578872593853825, -0.8993681086197775, 0.5185680575247573]",29.36857165277143,2.500292932215295
"[0.21170374179382986, 0.6578884049106605, -0.8993697779554282, 0.5185655809997336]",29.368622987308118,2.500355764696691
"[0.21169554243237992, 0.6578895503798156, -0.899371447106017, 0.5185631046082855]",29.368674321984315,2.500418597178088
"[0.2116873427852948, 0.6578906960102177, -0.8993731163882989, 0.5185606278804746]",29.36872565688154,2.5004814296594846
"[0.21167914226457618, 0.6578918418840496, -0.8993747859219887, 0.5185581506386318]",29.368776994195642,2.5005442621408815
"[0.21167094216291227, 0.6578929878206934, -0.8993764554439073, 0.5185556732732288]",29.368828332881826,2.500607094622278
"[0.21166274028775928, 0.657894134126584, -0.8993781254004625, 0.5185531951217954]",29.368879669776064,2.5006699271036745
"[0.21165453916112245, 0.6578952804492786, -0.8993797952781624, 0.5185507169462722]",29.368931007725404,2.5007327595850715
"[0.21164633690306175, 0.6578964270515257, -0.8993814654597955, 0.5185482381786051]",29.368982348266577,2.5007955920664675
"[0.21163813477319068, 0.6578975737572998, -0.8993831356888736, 0.5185457591993616]",29.369033687483284,2.5008584245478644
"[0.2116299310669882, 0.6578987208049437, -0.8993848063125077, 0.5185432794932918]",29.36908503000433,2.500921257029261
"[0.21162172903632512, 0.6578998677397336, -0.8993864766684749, 0.5185408000433805]",29.369136370570562,2.5009840895106574
"[0.21161352481129891, 0.6579010151028781, -0.8993881475448808, 0.5185383196796799]",29.36918771325924,2.5010469219920544
"[0.2116053210012399, 0.6579021625295058, -0.899389818410325, 0.5185358391909693]",29.369239057627635,2.501109754473451
"[0.2115971165270342, 0.6579033101705036, -0.8993914894845914, 0.5185333582510161]",29.369290399786497,2.5011725869548473
"[0.21158891176751304, 0.6579044579729971, -0.8993931606905151, 0.518530876974205]",29.369341745689102,2.501235419436244
"[0.21158070641974433, 0.6579056059792484, -0.8993948320898217, 0.5185283952690509]",29.3693930903238,2.5012982519176408
"[0.21157250154367646, 0.6579067540410882, -0.8993965034665818, 0.5185259134559658]",29.369444436138085,2.5013610843990373
"[0.21156429548978017, 0.6579079023893043, -0.8993981751568211, 0.5185234310360097]",29.369495784844293,2.5014239168804338
"[0.2115560893945992, 0.6579090508648724, -0.8993998469290186, 0.5185209483529452]",29.369547131581104,2.5014867493618307
"[0.2115478831887863, 0.6579101994775436, -0.8994015187972925, 0.5185184653857245]",29.369598480403884,2.501549581843227
"[0.2115396755617021, 0.657911348410729, -0.8994031910286847, 0.5185159817378018]",29.36964982793608,2.5016124143246237
"[0.2115314693159409, 0.6579124972721422, -0.8994048630521814, 0.5185134982572036]",29.36970117961068,2.50167524680602
"[0.21152326100977015, 0.6579136465436745, -0.8994065355690326, 0.5185110139022632]",29.36975252913507,2.501738079287417
"[0.2115150521475138, 0.657914796014738, -0.8994082082727505, 0.518508529128185]",29.369803880821475,2.5018009117688136
"[0.21150684423910984, 0.6579159454738921, -0.8994098808556446, 0.5185060443920302]",29.369855234171293,2.50186374425021
"[0.2114986357169105, 0.6579170951406722, -0.8994115536371539, 0.5185035592192369]",29.369906586045964,2.501926576731607
"[0.2114904260579581, 0.6579182450883628, -0.8994132267238665, 0.5185010734513897]",29.36995794256596,2.501989409213003
"[0.21148221698117026, 0.6579193950762068, -0.8994148997654748, 0.5184985876089182]",29.37000929409423,2.5020522416944
"[0.21147400799879632, 0.6579205451725176, -0.899416572861369, 0.5184961015441477]",29.37006064986887,2.5021150741757965
"[0.2114657964228641, 0.6579216957539458, -0.8994182465594183, 0.5184936144429096]",29.370112007417784,2.502177906657193
"[0.2114575860335389, 0.6579228462908717, -0.8994199200891528, 0.5184911274500429]",29.37016336263399,2.50224073913859
"[0.21144937486096743, 0.6579239970592928, -0.8994215938520802, 0.5184886399689187]",29.37021471818956,2.5023035716199864
"[0.21144116301690322, 0.657925148043618, -0.8994232678254291, 0.5184861520332705]",29.37026607701959,2.502366404101383
"[0.21143295229622308, 0.6579262989922547, -0.899424941643305, 0.5184836641869189]",29.370317438339534,2.5024292365827794
"[0.2114247388952923, 0.6579274504384219, -0.8994266160811201, 0.5184811752772818]",29.370368795645405,2.5024920690641763
"[0.21141652607895028, 0.657928601924463, -0.8994282904733047, 0.5184786862936046]",29.370420157541858,2.502554901545573
"[0.21140831353745707, 0.657929753493794, -0.8994299648829878, 0.5184761971420424]",29.370471518304715,2.5026177340269693
"[0.21140009972596233, 0.6579309053630568, -0.8994316396251468, 0.5184737073543139]",29.37052288037772,2.5026805665083662
"[0.2113918854766915, 0.6579320574155851, -0.8994333145301118, 0.5184712171825977]",29.370574242359368,2.5027433989897627
"[0.21138367341149406, 0.6579332092836282, -0.8994349890632515, 0.5184687274217842]",29.370625604777324,2.502806231471159
"[0.21137545750409717, 0.6579343618125024, -0.8994366644534045, 0.5184662362447253]",29.370676972729047,2.502869063952556
"[0.21136724210284852, 0.6579355143922977, -0.8994383398138937, 0.5184637449697376]",29.370728334907465,2.5029318964339526
"[0.2113590272862125, 0.657936667011984, -0.8994400151286951, 0.5184612536206581]",29.3707796991239,2.502994728915349
"[0.21135081180619592, 0.6579378198466718, -0.8994416906523156, 0.518458761818989]",29.370831066451768,2.5030575613967456
"[0.2113425955647219, 0.6579389729101622, -0.89944336640477, 0.5184562695349038]",29.370882434742427,2.5031203938781426
"[0.21133437856002452, 0.6579401262027309, -0.8994450423864321, 0.5184537767677995]",29.37093380139978,2.503183226359539
"[0.21132616237834156, 0.6579412795017568, -0.8994467182737551, 0.5184512839988665]",29.370985172342255,2.5032460588409355
"[0.2113179449720128, 0.657942433094655, -0.8994483944844106, 0.5184487906068542]",29.371036539601487,2.5033088913223325
"[0.21130972672045903, 0.6579435869282371, -0.8994500709410188, 0.5184462967067519]",29.371087909532722,2.5033717238037285
"[0.21130151040346282, 0.6579447406121941, -0.899451747076507, 0.518443803142161]",29.371139280787187,2.5034345562851255
"[0.21129329146478337, 0.6579458947863046, -0.8994534238203526, 0.5184413085302698]",29.371190651486987,2.503497388766522
"[0.2112850717154423, 0.6579470491963162, -0.899455100803131, 0.5184388134206087]",29.37124202389646,2.5035602212479184
"[0.21127685270632787, 0.657948203624437, -0.8994567777084229, 0.5184363182839187]",29.37129339685831,2.5036230537293154
"[0.21126863388532263, 0.6579493581481913, -0.899458454648857, 0.5184338229526307]",29.37134477155467,2.503685886210712
"[0.21126041366158313, 0.6579505129910794, -0.899460131949032, 0.5184313269436825]",29.37139614502975,2.5037487186921084
"[0.2112521943788225, 0.6579516678238533, -0.8994618091307233, 0.5184288309686912]",29.371447520081947,2.503811551173505
"[0.2112439728987718, 0.657952823087478, -0.8994634868343175, 0.518426334074585]",29.371498897084916,2.503874383654902
"[0.21123575229998778, 0.6579539783493957, -0.8994651644316043, 0.5184238371962621]",29.37155027542114,2.5039372161362983
"[0.21122753026799057, 0.6579551339348781, -0.8994668423949055, 0.5184213396307052]",29.371601652558542,2.5040000486176948
"[0.21121930961914898, 0.6579562894480978, -0.8994685201494461, 0.5184188422334153]",29.37165303061884,2.5040628810990917
"[0.21121108555346382, 0.6579574455638041, -0.8994701986748785, 0.5184163435460684]",29.37170440731637,2.504125713580488
"[0.21120286384144918, 0.6579586014708221, -0.8994718767934523, 0.51841384532184]",29.371755787970038,2.5041885460618847
"[0.2111946398902007, 0.6579597578148562, -0.8994735554426103, 0.518411346165168]",29.371807167755872,2.504251378543281
"[0.21118641829836932, 0.6579609139493335, -0.8994752336836772, 0.5184088474734859]",29.37185855036818,2.504314211024678
"[0.211178193482982, 0.6579620706593527, -0.8994769126562878, 0.5184063475499912]",29.371909932437006,2.5043770435060746
"[0.2111699699896927, 0.657963227305672, -0.899478591432535, 0.5184038477762374]",29.371961315318337,2.504439875987471
"[0.21116174478753824, 0.6579643843146116, -0.899480270631168, 0.5184013472308475]",29.37201269851917,2.504502708468868
"[0.21115351998301776, 0.6579655413898935, -0.8994819498221494, 0.5183988465541455]",29.372064081715244,2.504565540950264
"[0.2111452949147312, 0.6579666986245623, -0.8994836291405027, 0.5183963455450391]",29.3721154674332,2.504628373431661
"[0.21113706973976745, 0.6579678559965274, -0.899485308554153, 0.5183938442512683]",29.372166852673182,2.5046912059130575
"[0.2111288433721493, 0.657969013658629, -0.8994869882848443, 0.5183913423425177]",29.37221823935294,2.504754038394454
"[0.21112061671893728, 0.6579701714832562, -0.8994886681473778, 0.5183888400945772]",29.372269625855903,2.504816870875851
"[0.21111239007194862, 0.6579713294293477, -0.899490348082162, 0.5183863375961854]",29.37232101463438,2.5048797033572474
"[0.21110416270653054, 0.6579724875989211, -0.899492028237177, 0.518383834626866]",29.372372403582233,2.5049425358386443
"[0.21109593577859656, 0.6579736458292675, -0.8994937083763643, 0.5183813315382544]",29.37242379291227,2.5050053683200404
"[0.2110877078022862, 0.6579748043295894, -0.8994953888031739, 0.5183788278782336]",29.37247518233461,2.5050682008014373
"[0.2110794789194031, 0.6579759630799675, -0.8994970694886628, 0.5183763236898553]",29.372526575794623,2.505131033282834
"[0.21107125044189992, 0.6579771218956747, -0.899498750164875, 0.5183738193723337]",29.372577965747883,2.5051938657642303
"[0.2110630211001712, 0.6579782809555262, -0.8995004310911269, 0.5183713145392337]",29.37262935735065,2.5052566982456272
"[0.21105479177816236, 0.6579794401350291, -0.8995021120868695, 0.5183688094595813]",29.372680750442537,2.5053195307270237
"[0.21104656118692866, 0.6579805996157886, -0.8995037934154017, 0.5183663037409258]",29.37273214525859,2.5053823632084202
"[0.21103833162224292, 0.6579817590743946, -0.8995054746077442, 0.518363798082175]",29.372783539092083,2.5054451956898167
"[0.21103010122569524, 0.6579829187726779, -0.8995071560435359, 0.5183612919174962]",29.372834935110973,2.5055080281712137
"[0.21102186979811532, 0.6579840787387371, -0.8995088377634832, 0.5183587851861593]",29.37288633218429,2.50557086065261
"[0.21101363888892602, 0.6579852387542516, -0.8995105194510331, 0.5183562783599701]",29.372937727605358,2.5056336931340066
"[0.2110054060247354, 0.6579863991678456, -0.8995122016115432, 0.5183537706855462]",29.372989125070966,2.5056965256154036
"[0.21099717433991247, 0.6579875595377371, -0.8995138836045959, 0.5183512631175717]",29.373040523535636,2.5057593580967996
"[0.2109889422880058, 0.6579887200819182, -0.8995155657461599, 0.5183487551849711]",29.37309192156295,2.5058221905781966
"[0.21098070947108757, 0.6579898808565198, -0.8995172481175563, 0.5183462467664496]",29.373143320861022,2.505885023059593
"[0.21097247537299643, 0.6579910419343441, -0.8995189308242841, 0.5183437377046646]",29.37319472253639,2.5059478555409895
"[0.21096424190392862, 0.657992203046078, -0.899520613475978, 0.5183412285816157]",29.37324612470143,2.5060106880223865
"[0.21095600776287848, 0.6579933643751862, -0.8995222963385145, 0.518338719000829]",29.37329752733611,2.506073520503783
"[0.21094777393054553, 0.6579945257833663, -0.8995239792114604, 0.518336209261171]",29.373348929334103,2.50613635298518
"[0.2109395388238871, 0.6579956874939359, -0.8995256624183706, 0.5183336988800638]",29.37340033170968,2.506199185466576
"[0.21093130387975007, 0.6579968493042405, -0.8995273456655686, 0.518331188295441]",29.373451734601325,2.506262017947973
"[0.2109230681979329, 0.6579980113412633, -0.8995290291370632, 0.5183286772328684]",29.37350314216039,2.5063248504293694
"[0.21091483181496415, 0.6579991735999215, -0.8995307128253942, 0.5183261657033622]",29.373554545201703,2.506387682910766
"[0.21090659564986353, 0.6580003359505397, -0.8995323965426952, 0.5183236539871342]",29.37360595296271,2.506450515392163
"[0.21089835846802935, 0.6580014985673485, -0.899534080541362, 0.5183211417076662]",29.373657360190688,2.5065133478735593
"[0.21089012189782402, 0.6580026612205551, -0.8995357644884882, 0.5183186293615357]",29.373708767586976,2.5065761803549558
"[0.2108818842762124, 0.6580038241449134, -0.8995374487240778, 0.5183161164414597]",29.373760177655384,2.5066390128363523
"[0.21087364552834345, 0.6580049873510466, -0.8995391332634552, 0.5183136029244901]",29.373811586515586,2.506701845317749
"[0.2108654077588801, 0.6580061505417942, -0.8995408176762864, 0.5183110894527315]",29.373862995753697,2.5067646777991457
"[0.21085716910933075, 0.6580073139795931, -0.8995425023425744, 0.5183085754591078]",29.37391440769109,2.506827510280542
"[0.21084893013640232, 0.658008477585872, -0.8995441871484894, 0.5183060611134125]",29.373965820545695,2.506890342761939
"[0.2108406903984274, 0.6580096414229828, -0.8995458721843619, 0.5183035462808668]",29.374017232411912,2.5069531752433356
"[0.2108324500129138, 0.6580108054744139, -0.8995475574261671, 0.5183010309971959]",29.374068644886446,2.507016007724732
"[0.21082421003548146, 0.6580119695910354, -0.8995492426580178, 0.5182985155846208]",29.374120059713885,2.507078840206129
"[0.2108159698982367, 0.6580131338530782, -0.899550927996048, 0.5182959998697797]",29.37417147176491,2.5071416726875255
"[0.21080772881422571, 0.6580142983717576, -0.8995526136012199, 0.5182934836123579]",29.37422288748059,2.507204505168922
"[0.2107994863367098, 0.6580154632102577, -0.899554299564931, 0.5182909666758343]",29.374274303416673,2.5072673376503185
"[0.21079124586347123, 0.658016627888387, -0.8995559851921643, 0.5182884500977817]",29.374325720842215,2.5073301701317154
"[0.21078300401425837, 0.6580177928838835, -0.8995576711743504, 0.5182859328459218]",29.37437713904833,2.507393002613112
"[0.21077476033799394, 0.6580189582605871, -0.8995593576037985, 0.5182834147823216]",29.374428556617623,2.5074558350945084
"[0.21076651662672102, 0.6580201237652064, -0.8995610441139225, 0.5182808964542761]",29.374479973394834,2.5075186675759054
"[0.21075827486019474, 0.6580212891178013, -0.8995627302996698, 0.5182783784666496]",29.37453139514787,2.5075815000573014
"[0.2107500305737431, 0.6580224549496743, -0.899564417074468, 0.518275859455381]",29.37458281554901,2.5076443325386983
"[0.21074178670139307, 0.658023620845984, -0.8995661038380375, 0.5182733403168296]",29.37463423696432,2.507707165020095
"[0.21073354179088188, 0.6580247870120994, -0.8995677908875285, 0.5182708206072244]",29.374685658099388,2.5077699975014913
"[0.2107252970837768, 0.6580259532724668, -0.8995694779688937, 0.5182683007059095]",29.374737081736853,2.5078328299828883
"[0.2107170522566994, 0.6580271196728302, -0.8995711651482975, 0.518265780514044]",29.3747885053339,2.5078956624642847
"[0.21070880625966093, 0.658028286361742, -0.899572852640616, 0.5182632597106379]",29.374839929645507,2.5079584949456812
"[0.21070055932853943, 0.6580294533058941, -0.8995745403975972, 0.518260738367674]",29.374891351830104,2.5080213274270777
"[0.2106923141453771, 0.6580306201257625, -0.8995762278703352, 0.5182582173051632]",29.374942780575307,2.5080841599084747
"[0.21068406665379497, 0.6580317873953956, -0.8995779158890166, 0.5182556952827931]",29.374994206551943,2.508146992389871
"[0.21067582031682403, 0.6580329546247048, -0.8995796037448676, 0.5182531733594637]",29.375045633775656,2.5082098248712676
"[0.21066757267791178, 0.6580341221614014, -0.8995812919406898, 0.5182506507838982]",29.375097060846986,2.5082726573526646
"[0.21065932399930246, 0.6580352899684242, -0.8995829804228271, 0.5182481276361796]",29.375148489732343,2.508335489834061
"[0.21065107567978344, 0.6580364578477559, -0.8995846689049549, 0.5182456043441386]",29.375199918617355,2.5083983223154576
"[0.21064282652073052, 0.6580376259691224, -0.8995863576324366, 0.5182430805410673]",29.375251347502125,2.508461154796854
"[0.21063457697837307, 0.6580387942679505, -0.8995880465118847, 0.518240556366481]",29.375302778822537,2.508523987278251
"[0.21062632815861881, 0.658039962587617, -0.8995897353168812, 0.5182380321587702]",29.375354209354903,2.5085868197596475
"[0.2106180783738904, 0.6580411311671489, -0.8995914243929248, 0.5182355074015026]",29.375405643511215,2.508649652241044
"[0.21060982837864148, 0.6580422998997089, -0.8995931135855547, 0.5182329823255067]",29.375457076359513,2.508712484722441
"[0.2106015771331153, 0.6580434689326273, -0.8995948031076749, 0.5182304566124697]",29.37550850977452,2.508775317203837
"[0.21059332696283134, 0.658044637936441, -0.8995964924831068, 0.5182279309742074]",29.3755599434511,2.508838149685234
"[0.21058507470170446, 0.6580458073597693, -0.8995981823601726, 0.518225404441455]",29.375611377429696,2.5089009821666304
"[0.21057682272190573, 0.6580469768665204, -0.89959987225312, 0.5182228777403595]",29.375662814728575,2.508963814648027
"[0.21056857083041425, 0.6580481464840362, -0.8996015622014659, 0.518220350811838]",29.37571425177067,2.509026647129424
"[0.21056031768553507, 0.6580493164025164, -0.8996032524799906, 0.5182178232449699]",29.375765689342753,2.5090894796108203
"[0.2105520645158158, 0.6580504864478423, -0.8996049428370922, 0.5182152954159331]",29.375817126924535,2.509152312092217
"[0.21054381120703627, 0.6580516566362261, -0.8996066332961566, 0.5182127672897118]",29.37586856642234,2.5092151445736133
"[0.21053555811154284, 0.658052826917679, -0.899608323785013, 0.5182102389742715]",29.375920005538156,2.50927797705501
"[0.2105273041779151, 0.6580539974413482, -0.8996100145190192, 0.5182077101474246]",29.375971444111098,2.5093408095364067
"[0.2105190491706716, 0.658055168240605, -0.8996117055464387, 0.5182051807370146]",29.376022886603227,2.509403642017803
"[0.21051079440920364, 0.6580563391284215, -0.8996133965969888, 0.5182026511471689]",29.37607432842145,2.5094664744992
"[0.21050253881646758, 0.6580575102575545, -0.8996150878913148, 0.5182001210478417]",29.376125771680044,2.5095293069805966
"[0.21049428304876452, 0.6580586815349289, -0.8996167792949679, 0.5181975906401135]",29.376177215886408,2.509592139461993
"[0.21048602752997417, 0.6580598529004094, -0.8996184707210978, 0.5181950600538974]",29.376228658895066,2.5096549719433896
"[0.21047777049615846, 0.6580610246043034, -0.8996201625311172, 0.5181925287484301]",29.376280101753494,2.5097178044247865
"[0.21046951327170724, 0.6580621964587239, -0.8996218544536824, 0.5181899971296245]",29.376331547985085,2.509780636906183
"[0.21046125693564383, 0.6580633683105285, -0.8996235462676819, 0.518187465528321]",29.376382995059693,2.5098434693875795
"[0.21045299806090825, 0.6580645406461539, -0.8996252386753746, 0.5181849328936348]",29.376434439203866,2.5099063018689765
"[0.2104447404387671, 0.658065712927483, -0.899626930899862, 0.5181824003880924]",29.376485888027073,2.5099691343503725
"[0.21043648174315785, 0.6580668854847264, -0.8996286234178125, 0.5181798672983255]",29.376537338127772,2.5100319668317694
"[0.21042822317791499, 0.6580680581469892, -0.8996303159825196, 0.5181773339935203]",29.37658878660677,2.510094799313166
"[0.2104199635688218, 0.6580692310810334, -0.8996320088346398, 0.5181748001134264]",29.376640235314245,2.5101576317945624
"[0.21041170429120096, 0.6580704040915508, -0.8996337016922956, 0.5181722660799482]",29.376691685553638,2.5102204642759594
"[0.21040344499155006, 0.6580715772287605, -0.8996353946279305, 0.5181697317846102]",29.376743139187916,2.510283296757356
"[0.21039518440107946, 0.6580727506729077, -0.8996370879016221, 0.5181671968380319]",29.376794589188616,2.5103461292387523
"[0.21038692323369926, 0.6580739243226231, -0.8996387813670494, 0.518164661459197]",29.376846042988202,2.510408961720149
"[0.21037866230025157, 0.6580750980627194, -0.8996404748579936, 0.5181621258969361]",29.376897496001924,2.5104717942015458
"[0.21037039982501937, 0.6580762721455322, -0.8996421687384873, 0.5181595896061454]",29.376948950106748,2.5105346266829427
"[0.21036213888806315, 0.6580774461333924, -0.8996438623770829, 0.5181570535322899]",29.377000406252595,2.5105974591643387
"[0.21035387641612746, 0.6580786204630529, -0.899645556403845, 0.5181545167318828]",29.377051860087537,2.5106602916457357
"[0.21034561344434333, 0.6580797949874406, -0.8996472506065634, 0.5181519795226353]",29.377103316866236,2.510723124127132
"[0.21033735031737774, 0.6580809696575828, -0.8996489449145703, 0.518149442010339]",29.3771547747302,2.5107859566085287
"[0.2103290871133186, 0.6580821444623834, -0.8996506393118496, 0.5181469042189576]",29.377206231976977,2.5108487890899256
"[0.21032082248775302, 0.6580833195930261, -0.8996523340740903, 0.5181443657355087]",29.37725768997598,2.510911621571322
"[0.21031255826106038, 0.6580844947906841, -0.8996540288280087, 0.5181418271190867]",29.377309151552627,2.5109744540527186
"[0.21030429417035387, 0.658085670092747, -0.8996557236274995, 0.5181392882889344]",29.37736060963256,2.511037286534115
"[0.2102960290091534, 0.6580868456708172, -0.8996574187199918, 0.5181367488743606]",29.377412073251005,2.511100119015512
"[0.21028776355034295, 0.6580880214149993, -0.8996591139469873, 0.5181342091127553]",29.377463534405262,2.5111629514969085
"[0.21027949776966687, 0.6580891973287583, -0.899660809313462, 0.5181316689966304]",29.37751499760238,2.511225783978305
"[0.21027123141105522, 0.6580903734485489, -0.8996625048719404, 0.5181291284472417]",29.377566458405695,2.511288616459702
"[0.21026296455174956, 0.6580915497634073, -0.8996642006065879, 0.5181265874882702]",29.37761792046242,2.511351448941098
"[0.21025469831333887, 0.6580927261137441, -0.8996658962873274, 0.5181240464644472]",29.37766938529853,2.511414281422495
"[0.21024643123300527, 0.6580939027077289, -0.89966759221423, 0.5181215049260974]",29.37772085195063,2.5114771139038914
"[0.21023816241372398, 0.6580950796730921, -0.899669288571339, 0.5181189625973176]",29.377772317265514,2.511539946385288
"[0.2102298942497595, 0.6580962566690746, -0.8996709848674741, 0.5181164202141794]",29.377823783851824,2.511602778866685
"[0.2102216258680259, 0.6580974338199421, -0.899672681281746, 0.5181138775082449]",29.37787525117606,2.5116656113480813
"[0.21021335648419354, 0.6580986112374005, -0.8996743779750822, 0.5181113342382359]",29.377926718497694,2.5117284438294782
"[0.21020508784223116, 0.658099788673143, -0.8996760745896553, 0.5181087909404989]",29.377978185857426,2.5117912763108743
"[0.21019681747561278, 0.658100966478422, -0.8996777716315691, 0.5181062468563167]",29.378029658264783,2.5118541087922712
"[0.21018854870721615, 0.6581021441800229, -0.8996794684189792, 0.5181037030078407]",29.37808113121378,2.5119169412736677
"[0.21018027836231987, 0.6581033222301169, -0.8996811656033427, 0.5181011584183742]",29.378132598864,2.511979773755064
"[0.21017200661593707, 0.6581045006038458, -0.8996828631487768, 0.5180986131416163]",29.378184071011905,2.512042606236461
"[0.21016373445265396, 0.6581056791609888, -0.8996845608532412, 0.5180960674804413]",29.378235543186708,2.5121054387178576
"[0.21015546370270843, 0.6581068576407706, -0.8996862583410912, 0.5180935219981173]",29.378287017544306,2.512168271199254
"[0.2101471918139989, 0.6581080364068284, -0.8996879561361103, 0.5180909759091926]",29.37833849135414,2.5122311036806506
"[0.21013891839596158, 0.6581092155148823, -0.8996896543184879, 0.5180884290933183]",29.378389964589005,2.5122939361620475
"[0.21013064539686824, 0.6581103946873001, -0.8996913524883342, 0.5180858821501696]",29.378441439422858,2.512356768643444
"[0.2101223728335824, 0.658111573921655, -0.8996930506421692, 0.5180833350849772]",29.378492916811602,2.5124196011248405
"[0.21011409831012412, 0.6581127535595307, -0.899694749271841, 0.518080787159949]",29.37854439394303,2.5124824336062375
"[0.21010582506681785, 0.6581139331389964, -0.8996964477121625, 0.5180782393728189]",29.378595870929654,2.5125452660876335
"[0.21009755125778667, 0.6581151129232174, -0.899698146342064, 0.5180756911551667]",29.378647348688066,2.5126080985690304
"[0.21008927585319348, 0.6581162930590938, -0.8996998453729934, 0.5180731421897068]",29.37869882782262,2.512670931050427
"[0.2100810018774805, 0.6581174731153322, -0.8997015441839925, 0.5180705934079912]",29.378750308933405,2.512733763531824
"[0.21007272415322628, 0.6581186538303799, -0.8997032438381174, 0.5180680432150409]",29.378801787505196,2.5127965960132204
"[0.21006444889626721, 0.6581198343176817, -0.8997049430590826, 0.5180654935257245]",29.378853267981185,2.512859428494617
"[0.21005617262789505, 0.6581210150734447, -0.8997066425611726, 0.5180629432682887]",29.378904751535458,2.512922260976014
"[0.2100478958750952, 0.6581221960225483, -0.8997083422361815, 0.5180603926050072]",29.37895623477967,2.51298509345741
"[0.2100396188622803, 0.6581233771329181, -0.8997100420380375, 0.5180578416050887]",29.37900771777528,2.5130479259388068
"[0.21003134224805112, 0.6581245583106459, -0.8997117418314685, 0.5180552904714213]",29.37905920132975,2.5131107584202033
"[0.21002306349671504, 0.6581257399176266, -0.8997134421372555, 0.5180527384223572]",29.37911068817192,2.5131735909015998
"[0.21001478460813341, 0.6581269216684771, -0.8997151425446861, 0.518050186074272]",29.379162172512036,2.5132364233829967
"[0.210006506715382, 0.658128103401444, -0.8997168428210182, 0.5180476337765173]",29.37921365712187,2.513299255864393
"[0.20999822738439186, 0.6581292854640212, -0.8997185434662065, 0.518045080778576]",29.37926514630244,2.5133620883457897
"[0.2099899473732309, 0.6581304677480281, -0.8997202443245588, 0.518042527314097]",29.379316632832637,2.513424920827186
"[0.20998166790926395, 0.6581316500782298, -0.899721945143945, 0.5180399737615557]",29.379368123050476,2.513487753308583
"[0.2099733866654743, 0.6581328327869279, -0.899723646402409, 0.5180374194032311]",29.379419611728302,2.5135505857899796
"[0.20996510686287956, 0.6581340154141475, -0.8997253474382327, 0.5180348652325821]",29.37947109999439,2.513613418271376
"[0.20995682557802473, 0.658135198377446, -0.8997270488520168, 0.5180323103477796]",29.37952259060011,2.513676250752773
"[0.20994854368192328, 0.6581363815524545, -0.8997287504648297, 0.5180297550174323]",29.379574083226455,2.513739083234169
"[0.20994026154984893, 0.6581375648855755, -0.899730452199571, 0.518027199357289]",29.37962557452282,2.513801915715566
"[0.2099319809846521, 0.6581387481191994, -0.8997321536857819, 0.5180246439237117]",29.379677068504616,2.5138647481969625
"[0.20992369781784187, 0.6581399318490002, -0.8997338557800082, 0.518022087430221]",29.379728561812975,2.5139275806783594
"[0.20991541406679018, 0.6581411157867604, -0.8997355580677369, 0.5180195304992885]",29.379780055481316,2.513990413159756
"[0.2099071315562703, 0.6581422996716466, -0.899737260173969, 0.5180169736942102]",29.379831550566543,2.5140532456411524
"[0.20989884827776062, 0.6581434837907635, -0.8997389625114512, 0.5180144163949469]",29.37988304731773,2.5141160781225493
"[0.2098905632730899, 0.6581446682811388, -0.8997406652771286, 0.5180118583055633]",29.379934542902923,2.5141789106039454
"[0.20988227883994068, 0.6581458528143046, -0.8997423679987805, 0.5180093001354344]",29.379986038820597,2.5142417430853423
"[0.2098739929861782, 0.6581470376751265, -0.8997440710858584, 0.5180067412693539]",29.38003753628525,2.514304575566739
"[0.20986570814167096, 0.6581482225161488, -0.8997457740389221, 0.5180041824576954]",29.38008903555346,2.5143674080481353
"[0.20985742215306033, 0.6581494076453361, -0.8997474773005896, 0.5180016230353695]",29.38014053496647,2.5144302405295322
"[0.20984913614923664, 0.6581505929012579, -0.8997491806388138, 0.517999063351007]",29.38019203421458,2.5144930730109287
"[0.20984084991336133, 0.6581517783149311, -0.8997508840981667, 0.5179965033376134]",29.380243534332003,2.514555905492325
"[0.20983256318414473, 0.6581529639237661, -0.8997525877323644, 0.5179939429144071]",29.380295038934598,2.5146187379737217
"[0.20982427607553128, 0.6581541497114721, -0.8997542915179866, 0.5179913821165588]",29.38034654071123,2.5146815704551186
"[0.20981598845865007, 0.65815533569652, -0.899755995481532, 0.5179888209041861]",29.3803980426493,2.514744402936515
"[0.2098076992878449, 0.6581565220285938, -0.8997576998380106, 0.5179862589540366]",29.38044954570116,2.5148072354179116
"[0.20979941106077873, 0.6581577083502476, -0.899759404073873, 0.5179836970380318]",29.38050105079607,2.5148700678993086
"[0.20979112182640935, 0.658158894940747, -0.8997611085902876, 0.5179811345530847]",29.380552556366613,2.5149329003807046
"[0.20978283263281752, 0.6581600816500841, -0.8997628131717436, 0.5179785718231406]",29.38060406187625,2.5149957328621015
"[0.20977454315213356, 0.6581612685252121, -0.8997645178856575, 0.5179760087468066]",29.380655567836303,2.5150585653434985
"[0.2097662523847712, 0.6581624557092741, -0.8997662229376077, 0.5179734450149504]",29.380707075708226,2.515121397824895
"[0.2097579628293169, 0.6581636428445079, -0.8997679278137345, 0.5179708814001728]",29.38075858299927,2.5151842303062915
"[0.20974967121052315, 0.6581648303999763, -0.899769633187648, 0.5179683168895306]",29.380810092168424,2.515247062787688
"[0.20974137983041288, 0.6581660180460129, -0.8997713385858985, 0.51796575219493]",29.38086160041544,2.515309895269085
"[0.20973308899184157, 0.6581672057392289, -0.8997730439461742, 0.5179631874100694]",29.38091311235199,2.5153727277504814
"[0.2097247974356652, 0.6581683936600066, -0.899774749527466, 0.5179606221454167]",29.380964623379494,2.515435560231878
"[0.2097165038368396, 0.658169581998248, -0.8997764556023661, 0.5179580559908881]",29.38101613476397,2.515498392713275
"[0.20970821145198149, 0.6581707702873547, -0.8997781615009598, 0.5179554899540788]",29.381067646746775,2.515561225194671
"[0.20969991782700226, 0.6581719588789987, -0.8997798677280918, 0.5179529232755724]",29.38111915904295,2.515624057676068
"[0.20969162452332266, 0.6581731475494302, -0.8997815739625384, 0.5179503564385405]",29.38117067249132,2.5156868901574643
"[0.20968332945222665, 0.6581743365980584, -0.8997832806340377, 0.5179477887964337]",29.381222189551217,2.5157497226388608
"[0.2096750353749578, 0.6581755256290961, -0.899784987174478, 0.5179452212039175]",29.38127370338647,2.5158125551202577
"[0.20966674087713913, 0.6581767148453251, -0.8997866938748547, 0.5179426532231267]",29.381325218539846,2.515875387601654
"[0.20965844631167738, 0.6581779041960814, -0.8997884006625622, 0.5179400849633915]",29.381376737204512,2.5159382200830507
"[0.20965015068929713, 0.6581790938233166, -0.8997901077411637, 0.5179375161182486]",29.38142825418186,2.516001052564447
"[0.20964185397498974, 0.6581802837320863, -0.8997918151178853, 0.5179349466767688]",29.381479771357625,2.516063885045844
"[0.20963355787917093, 0.658181473677095, -0.8997935224407408, 0.5179323771686292]",29.381531288406997,2.5161267175272406
"[0.20962526050542277, 0.6581826639303706, -0.8997952301000116, 0.5179298070064243]",29.38158281029332,2.516189550008637
"[0.2096169637720895, 0.658183854216747, -0.8997969377008884, 0.5179272367843322]",29.38163432908229,2.516252382490034
"[0.2096086664274789, 0.6581850447158075, -0.8997986455009809, 0.517924666114577]",29.381685851953254,2.5163152149714305
"[0.20960036841465945, 0.6581862354357245, -0.8998003535120197, 0.5179220949794879]",29.381737374889227,2.516378047452827
"[0.2095920692055039, 0.6581874264523567, -0.8998020618427247, 0.51791952321529]",29.38178889672647,2.5164408799342235
"[0.2095837710089183, 0.6581886174487003, -0.8998037700384047, 0.5179169515064783]",29.381840418925425,2.5165037124156204
"[0.20957547228567353, 0.6581898086456646, -0.8998054784158985, 0.5179143793760413]",29.381891942895358,2.516566544897017
"[0.2095671723961961, 0.658191000135097, -0.8998071871068835, 0.5179118066256575]",29.38194346655991,2.5166293773784134
"[0.20955887149052785, 0.6581921918955118, -0.8998088960804914, 0.5179092333017238]",29.381994992571173,2.5166922098598103
"[0.2095505725671115, 0.6581933834963969, -0.8998106047193896, 0.5179066603338178]",29.382046519406128,2.5167550423412064
"[0.2095422720468585, 0.6581945754516595, -0.8998123137604507, 0.5179040866122896]",29.38209804641642,2.5168178748226033
"[0.2095339708832261, 0.6581957676244276, -0.899814023007386, 0.5179015124326731]",29.38214957260684,2.516880707304
"[0.20952566880615275, 0.6581969600535307, -0.8998157325158139, 0.5178989377111324]",29.38220110069356,2.5169435397853963
"[0.2095173669704474, 0.6581981525731202, -0.8998174420479453, 0.5178963628057707]",29.38225263091535,2.5170063722667932
"[0.20950906446207782, 0.6581993453145047, -0.8998191517919981, 0.5178937874330612]",29.382304161329497,2.5170692047481897
"[0.20950076250759236, 0.6582005381014832, -0.8998208614953812, 0.5178912119734568]",29.382355691392775,2.5171320372295862
"[0.209492458823172, 0.6582017312622148, -0.8998225716284323, 0.517888635718398]",29.382407221880314,2.5171948697109827
"[0.20948415508929621, 0.6582029245552735, -0.8998242818450743, 0.51788605918917]",29.382458754621812,2.5172577021923797
"[0.2094758515631227, 0.6582041179437034, -0.8998259920923347, 0.517883482465563]",29.382510286243836,2.517320534673776
"[0.2094675468996249, 0.6582053116208374, -0.8998277026472472, 0.5178809051301404]",29.382561819246437,2.5173833671551726
"[0.20945924283459474, 0.6582065053371942, -0.8998294131522823, 0.5178783277215688]",29.382613353060965,2.5174461996365696
"[0.20945093786390695, 0.6582076993090039, -0.8998311239172607, 0.5178757497729746]",29.382664888460273,2.517509032117966
"[0.20944263190719073, 0.6582088935478885, -0.8998328349587543, 0.5178731712592852]",29.382716422526975,2.5175718645993626
"[0.2094343268536892, 0.6582100877821504, -0.8998345458875766, 0.5178705927670699]",29.382767958265063,2.517634697080759
"[0.20942602008011874, 0.6582112823890949, -0.8998362572441463, 0.51786801348174]",29.382819495712482,2.517697529562156
"[0.2094177135063587, 0.6582124770926355, -0.8998379686329466, 0.5178654339993763]",29.382871033733927,2.5177603620435525
"[0.20940940583738352, 0.6582136720790577, -0.8998396803207934, 0.517862853917772]",29.382922572513014,2.517823194524949
"[0.20940109783800348, 0.6582148672383814, -0.8998413921501186, 0.5178602734743815]",29.38297411159509,2.517886027006346
"[0.20939279103769748, 0.6582160623505667, -0.8998431038057606, 0.5178576931442854]",29.383025652300535,2.517948859487742
"[0.20938448262168155, 0.6582172578205955, -0.8998448158677155, 0.5178551120531005]",29.383077192844407,2.518011691969139
"[0.20937617440248688, 0.6582184533876984, -0.8998465279624989, 0.5178525307638395]",29.38312873262408,2.5180745244505354
"[0.2093678651301205, 0.6582196492317781, -0.8998482403477024, 0.5178499488880857]",29.383180275566172,2.518137356931932
"[0.20935955626731276, 0.65822084514234, -0.8998499527218867, 0.5178473668803043]",29.38323181741792,2.518200189413329
"[0.2093512462962444, 0.6582220413378653, -0.8998516653978595, 0.5178447842687863]",29.383283359920423,2.5182630218947253
"[0.20934293526084363, 0.6582232378120831, -0.8998533783665894, 0.5178422010670733]",29.383334903787674,2.518325854376122
"[0.2093346242611343, 0.6582244344066578, -0.8998550914013581, 0.5178396176170132]",29.38338644986065,2.5183886868575183
"[0.2093263144387242, 0.6582256309572004, -0.8998568042668377, 0.517837034273518]",29.383437995151077,2.518451519338915
"[0.20931800240291756, 0.6582268279519693, -0.8998585176619429, 0.5178344499824395]",29.383489540604483,2.5185143518203117
"[0.20930969067712632, 0.6582280250276233, -0.8998602310665291, 0.5178318655282289]",29.383541087396623,2.518577184301708
"[0.2093013789478421, 0.6582292222293084, -0.8998619445452127, 0.5178292808134125]",29.383592635848753,2.518640016783105
"[0.2092930659082809, 0.6582304197452845, -0.8998636583673991, 0.5178266954315445]",29.38364418430587,2.5187028492645016
"[0.2092847530356641, 0.658231617362783, -0.89986537222855, 0.5178241098419832]",29.383695731954244,2.518765681745898
"[0.20927643972127533, 0.6582328151695114, -0.8998670862541607, 0.5178215238553732]",29.383747284155113,2.5188285142272946
"[0.20926812600756411, 0.6582340131593707, -0.8998688004354826, 0.5178189374848762]",29.383798832762814,2.5188913467086915
"[0.20925981162586083, 0.6582352113711063, -0.8998705148279176, 0.5178163506468472]",29.383850384416096,2.518954179190088
"[0.20925149687802616, 0.6582364097612445, -0.8998722293692297, 0.5178137634351434]",29.383901936540774,2.5190170116714845
"[0.20924318209254034, 0.65823760828245, -0.8998739439916819, 0.517811175951952]",29.383953489986883,2.5190798441528814
"[0.20923486649969908, 0.6582388070457087, -0.8998756588539996, 0.5178085879576796]",29.38400504260663,2.5191426766342775
"[0.2092265516961488, 0.6582400058208092, -0.8998773736269159, 0.5178059999492842]",29.3840565972184,2.5192055091156744
"[0.20921823402094356, 0.65824120513566, -0.8998790890654473, 0.5178034107871201]",29.38410815007605,2.5192683415970714
"[0.20920991777826167, 0.6582424043696681, -0.8998808042819121, 0.5178008218109525]",29.38415970489206,2.5193311740784674
"[0.20920160128448656, 0.6582436037655918, -0.8998825196235316, 0.5177982324966939]",29.38421126244927,2.5193940065598643
"[0.20919328421866512, 0.6582448033697439, -0.8998842351565072, 0.5177956427443651]",29.3842628188417,2.519456839041261
"[0.2091849661072306, 0.6582460032504646, -0.8998859509785343, 0.5177930524064278]",29.38431437881126,2.5195196715226578
"[0.20917664824532564, 0.6582472032209479, -0.8998876668224597, 0.51779046188616]",29.38436593624306,2.5195825040040543
"[0.2091683291348594, 0.6582484034973487, -0.8998893829973206, 0.5177878707169291]",29.38441749353423,2.5196453364854507
"[0.20916001051112446, 0.6582496038293167, -0.8998910991451406, 0.5177852794391903]",29.38446905584152,2.5197081689668477
"[0.20915169088353625, 0.6582508044319515, -0.8998928155734297, 0.5177826875885859]",29.38452061515326,2.5197710014482437
"[0.2091433728005065, 0.6582520049374829, -0.899894531756407, 0.5177800959590518]",29.384572176728575,2.5198338339296407
"[0.2091350512999624, 0.6582532060621057, -0.8998962487178638, 0.5177775030044799]",29.38462373882881,2.519896666411037
"[0.20912673072529517, 0.6582544071789758, -0.8998979655616566, 0.5177749100781063]",29.38467530074896,2.5199594988924336
"[0.20911841042402596, 0.6582556083821949, -0.8998996824224007, 0.5177723169767258]",29.384726865160122,2.5200223313738306
"[0.20911008949504634, 0.6582568098019326, -0.8999013994860251, 0.5177697234193914]",29.38477842764234,2.520085163855227
"[0.20910176647461395, 0.6582580116495698, -0.8999031170546108, 0.5177671289497658]",29.384829994143644,2.5201479963366236
"[0.20909344557937415, 0.6582592133162292, -0.8999048342579876, 0.5177645348822552]",29.38488155790788,2.52021082881802
"[0.20908512204827315, 0.658260415489493, -0.8999065520787044, 0.5177619397325556]",29.384933124931504,2.520273661299417
"[0.20907679918580188, 0.6582616176921393, -0.8999082698347951, 0.5177593445308549]",29.38498469005076,2.5203364937808135
"[0.20906847567404144, 0.6582628201145392, -0.8999099877982559, 0.5177567488661966]",29.38503625963326,2.52039932626221
"[0.20906015256770996, 0.6582640226043408, -0.8999117057513895, 0.5177541530674645]",29.385087830349956,2.520462158743607
"[0.20905182853568097, 0.6582652253538582, -0.8999134239689514, 0.5177515567194964]",29.3851393965409,2.520524991225003
"[0.20904350417694348, 0.658266428276592, -0.8999151423273077, 0.5177489600090334]",29.385190966328558,2.5205878237064
"[0.20903517987696368, 0.6582676313168415, -0.8999168607468844, 0.5177463630563048]",29.385242537245944,2.5206506561877964
"[0.20902685343895885, 0.6582688347921412, -0.8999185796811924, 0.5177437651758671]",29.385294108271573,2.5207134886691933
"[0.20901852870964394, 0.658270038146511, -0.8999202983361021, 0.5177411675678825]",29.3853456822507,2.52077632115059
"[0.20901020094615946, 0.6582712420655747, -0.8999220176907942, 0.5177385687523386]",29.385397254636256,2.5208391536319863
"[0.20900187567047862, 0.6582724457510525, -0.8999237366051996, 0.5177359704524244]",29.385448828090077,2.5209019861133832
"[0.2089935475481412, 0.6582736499742217, -0.8999254561807174, 0.5177333710032419]",29.385500400884194,2.5209648185947793
"[0.20898522085645554, 0.658274854116632, -0.8999271755341876, 0.5177307717397868]",29.385551975379805,2.521027651076176
"[0.20897689366625674, 0.6582760584572505, -0.8999288950639367, 0.5177281720598798]",29.385603550807602,2.5210904835575727
"[0.20896856526699073, 0.6582772630988709, -0.8999306149167077, 0.5177255717416198]",29.385655127286075,2.521153316038969
"[0.20896023658700233, 0.6582784679072659, -0.8999323349008034, 0.5177229710747606]",29.385706703041727,2.521216148520366
"[0.20895190817663614, 0.6582796728028232, -0.8999340549025631, 0.5177203702311456]",29.385758282918488,2.5212789810017626
"[0.20894357930825092, 0.6582808778908207, -0.8999357750722549, 0.5177177689835238]",29.385809858756172,2.521341813483159
"[0.20893524902396512, 0.658282083309893, -0.8999374956077291, 0.5177151670326425]",29.38586143908016,2.5214046459645556
"[0.20892691880843903, 0.6582832888452457, -0.8999392162023533, 0.5177125648421516]",29.385913017114323,2.5214674784459525
"[0.20891858851071152, 0.6582844945187251, -0.8999409368873008, 0.517709962364889]",29.38596459962249,2.521530310927349
"[0.2089102574377481, 0.6582857004306643, -0.8999426578057264, 0.5177073593842868]",29.38601618281508,2.5215931434087455
"[0.20890192576906955, 0.6582869065550995, -0.8999443789205582, 0.5177047559563785]",29.386067760821867,2.5216559758901425
"[0.208893595219424, 0.6582881126438004, -0.8999460998775567, 0.5177021526169772]",29.386119345468074,2.521718808371539
"[0.208885262923637, 0.658289319111598, -0.8999478212686209, 0.5176995484706672]",29.3861709295628,2.5217816408529354
"[0.20887693018126324, 0.6582905257703776, -0.8999495428252933, 0.5176969439234953]",29.386222513324483,2.521844473334332
"[0.20886859739893693, 0.6582917325612685, -0.8999512644635617, 0.5176943391025298]",29.386274097519237,2.521907305815729
"[0.20886026387510642, 0.6582929395859027, -0.899952986328375, 0.5176917337884093]",29.386325682179617,2.5219701382971254
"[0.20885193065448232, 0.6582941466929499, -0.8999547082038774, 0.5176891283077473]",29.386377266484697,2.522032970778522
"[0.20884359578759654, 0.6582953541648614, -0.8999564304928895, 0.5176865220509127]",29.386428854739062,2.522095803259919
"[0.20883526174845712, 0.6582965616432397, -0.8999581526841953, 0.5176839157914755]",29.3864804433051,2.522158635741315
"[0.20882692788638338, 0.658297769222342, -0.899959874912233, 0.5176813093259863]",29.38653203202934,2.5222214682227118
"[0.2088185915208716, 0.658298977290623, -0.8999615977309638, 0.517678701815992]",29.38658362166532,2.5222843007041083
"[0.20881025492279456, 0.6583001855190721, -0.89996332067111, 0.5176760939716443]",29.38663520984492,2.5223471331855047
"[0.20880191945294516, 0.6583013937104472, -0.8999650434514139, 0.5176734862186628]",29.386686799426464,2.5224099656669017
"[0.2087935824940314, 0.658302602244134, -0.8999667666128158, 0.5176708777381908]",29.38673839279773,2.522472798148298
"[0.2087852464015328, 0.6583038107786672, -0.8999684896684659, 0.5176682692672134]",29.386789984074746,2.5225356306296947
"[0.20877690932217494, 0.6583050195827655, -0.8999702130014232, 0.5176656602257619]",29.386841576085583,2.522598463111091
"[0.20876857200241608, 0.6583062285482204, -0.8999719364573993, 0.5176630508473811]",29.38689316888619,2.522661295592488
"[0.2087602337393527, 0.658307437776988, -0.8999736601817026, 0.5176604409120139]",29.386944761706957,2.5227241280738846
"[0.20875189568694053, 0.6583086471017319, -0.8999753839357848, 0.517657830780823]",29.386996356515994,2.522786960555281
"[0.2087435562389303, 0.6583098567554577, -0.8999771080517179, 0.5176552199509127]",29.387047951838237,2.522849793036678
"[0.20873521583532845, 0.6583110666743922, -0.899978832438558, 0.5176526085599237]",29.38709954755919,2.5229126255180745
"[0.20872687732451378, 0.6583122764453136, -0.8999805565073792, 0.5176499974997182]",29.38715114552027,2.522975457999471
"[0.20871853673784657, 0.6583134866440077, -0.899982281078731, 0.5176473855275698]",29.387202742454118,2.5230382904808675
"[0.20871019701411633, 0.6583146968440944, -0.8999840055449727, 0.5176447735637347]",29.387254340787596,2.5231011229622644
"[0.20870185475036998, 0.6583159075394254, -0.899985730609772, 0.5176421605423375]",29.387305940028433,2.523163955443661
"[0.20869351404304637, 0.6583171181355209, -0.8999874554260467, 0.5176395477464347]",29.3873575409756,2.5232267879250574
"[0.2086851719030549, 0.6583183290662259, -0.8999891806119162, 0.5176369342396665]",29.387409140178214,2.5232896204064543
"[0.20867683078532617, 0.6583195399752048, -0.8999909056596893, 0.5176343207911028]",29.38746074178157,2.5233524528878504
"[0.20866848855233433, 0.6583207511727625, -0.8999926310114276, 0.5176317067310134]",29.387512343686765,2.5234152853692473
"[0.2086601455614521, 0.6583219626070637, -0.8999943565932336, 0.5176290921712783]",29.387563946072678,2.5234781178506442
"[0.20865180110189585, 0.6583231743813788, -0.8999960825521413, 0.5176264768890243]",29.387615548284828,2.5235409503320403
"[0.20864345790934152, 0.6583243860984312, -0.8999978083223011, 0.5176238617416519]",29.387667152891343,2.5236037828134372
"[0.20863511372138654, 0.6583255980868046, -0.8999995343716743, 0.517621246020011]",29.38771875676089,2.5236666152948337
"[0.208626769444867, 0.658326810214807, -0.9000012605126818, 0.5176186300083175]",29.387770364518374,2.52372944777623
"[0.20861842487768914, 0.6583280225118072, -0.9000029867871274, 0.5176160136431865]",29.387821969913908,2.523792280257627
"[0.20861007947844948, 0.658329235056489, -0.9000047133070203, 0.5176133967548033]",29.38787357529283,2.5238551127390236
"[0.20860173316075348, 0.6583304478614476, -0.9000064400902492, 0.5176107793159865]",29.387925181911125,2.5239179452204206
"[0.20859338820013826, 0.6583316605960174, -0.9000081666660104, 0.5176081620403652]",29.387976791751374,2.5239807777018166
"[0.208585041434801, 0.6583328737197031, -0.9000098936884807, 0.5176055439362536]",29.388028401293777,2.5240436101832135
"[0.20857669449321156, 0.6583340869958678, -0.9000116208207327, 0.5176029255143497]",29.388080008938303,2.52410644266461
"[0.20856834714925537, 0.6583353004574098, -0.9000133481095509, 0.5176003067036669]",29.38813162018335,2.5241692751460065
"[0.20855999933222444, 0.6583365141145933, -0.9000150755695762, 0.5175976874820192]",29.388183231152915,2.5242321076274035
"[0.20855165182070332, 0.6583377278542665, -0.9000168030396809, 0.5175950680936325]",29.388234842326625,2.5242949401088
"[0.20854330267493887, 0.6583389419584937, -0.9000185309212968, 0.51759244792977]",29.38828645461291,2.5243577725901964
"[0.20853495369224512, 0.6583401561659641, -0.9000202588424739, 0.5175898275543791]",29.38833806752642,2.524420605071593
"[0.20852660517920493, 0.658341370432059, -0.9000219867397481, 0.517587207063729]",29.388389682261423,2.52448343755299
"[0.2085182540321448, 0.658342585208241, -0.9000237152555112, 0.5175845854835176]",29.388441295148716,2.5245462700343864
"[0.20850990429455432, 0.6583437999063994, -0.9000254435528466, 0.5175819640829631]",29.388492910165475,2.524609102515783
"[0.2085015545121255, 0.6583450147380606, -0.900027171932755, 0.5175793424055587]",29.388544528656844,2.52467193499718
"[0.2084932031761637, 0.6583462299227689, -0.9000289007075457, 0.5175767199775172]",29.388596142572553,2.524734767478576
"[0.2084848510021782, 0.6583474453564854, -0.9000306297291244, 0.5175740970233759]",29.38864776062565,2.5247975999599728
"[0.20847650013307714, 0.658348660727309, -0.9000323585538716, 0.5175714742161804]",29.388699378467642,2.5248604324413693
"[0.20846814757860394, 0.658349876470501, -0.9000340878008297, 0.5175688506166697]",29.388750995748268,2.5249232649227658
"[0.20845979587444374, 0.6583510922169876, -0.9000358169450358, 0.5175662270212963]",29.388802617990116,2.5249860974041627
"[0.2084514431438101, 0.6583523082399781, -0.9000375463750562, 0.5175636028404688]",29.388854239333174,2.525048929885559
"[0.20844308961431635, 0.6583535245063874, -0.9000392760437784, 0.5175609781455932]",29.388905857701072,2.525111762366956
"[0.2084347366096333, 0.6583547408234763, -0.9000410056771233, 0.5175583533525774]",29.38895747917033,2.525174594848352
"[0.20842638105483005, 0.6583559576390717, -0.9000427359118252, 0.5175557274950398]",29.389009102338893,2.525237427329749
"[0.20841802662789793, 0.6583571744175778, -0.9000444659862712, 0.5175531017287773]",29.389060727284328,2.5253002598111456
"[0.208409671323, 0.6583583914511547, -0.9000461963158254, 0.5175504754233364]",29.389112350047885,2.525363092292542
"[0.20840131657926203, 0.6583596085301194, -0.9000479266024604, 0.517547849031139]",29.389163972509497,2.525425924773939
"[0.20839296057926238, 0.6583608259193171, -0.900049657222559, 0.5175452219807275]",29.389215597640238,2.5254887572553355
"[0.20838460523076036, 0.6583620433407954, -0.9000513877810069, 0.5175425948718807]",29.38926722397594,2.525551589736732
"[0.2083762488511632, 0.6583632610397298, -0.9000531186262994, 0.517539967175526]",29.3893188509487,2.5256144222181285
"[0.2083678923950619, 0.6583644788770412, -0.9000548495607208, 0.5175373391917815]",29.389370477851465,2.5256772546995254
"[0.2083595345739714, 0.658365697040554, -0.9000565808511737, 0.517534710515348]",29.389422105959653,2.525740087180922
"[0.20835117560578087, 0.6583669154985654, -0.9000583124525495, 0.5175320812146356]",29.389473734631416,2.5258029196623184
"[0.2083428176070865, 0.6583681339425629, -0.9000600439263784, 0.5175294519553857]",29.389525361839823,2.5258657521437153
"[0.20833446030162814, 0.6583693524127607, -0.9000617753298632, 0.5175268226507944]",29.389576994223752,2.5259285846251114
"[0.20832610072030833, 0.6583705713421081, -0.9000635072781306, 0.5175241923666334]",29.38962862229027,2.5259914171065083
"[0.20831774086022034, 0.6583717904394928, -0.9000652393574414, 0.5175215617311111]",29.389680256684585,2.526054249587905
"[0.20830938167678872, 0.6583730095654858, -0.9000669713698413, 0.517518931045006]",29.38973188707284,2.5261170820693013
"[0.20830102104420078, 0.6583742290302198, -0.9000687037557871, 0.5175162996391689]",29.389783521630314,2.5261799145506982
"[0.20829265994798493, 0.6583754486899895, -0.9000704363110884, 0.5175136678236882]",29.389835153661547,2.5262427470320947
"[0.20828429991042854, 0.6583766683227077, -0.9000721687202881, 0.5175110360777732]",29.389886788280634,2.5263055795134917
"[0.20827593761458318, 0.6583778884123163, -0.9000739016707484, 0.5175084033571705]",29.38993842118311,2.5263684119948877
"[0.20826757661110704, 0.6583791084407832, -0.9000756344266581, 0.5175057707796916]",29.389990056867735,2.5264312444762846
"[0.20825921392178515, 0.6583803288427383, -0.9000773676052218, 0.5175031374075262]",29.390041694556476,2.526494076957681
"[0.20825085171487331, 0.6583815493016756, -0.9000791007570882, 0.5175005039235264]",29.390093331097894,2.5265569094390776
"[0.20824248971383613, 0.6583827698580552, -0.9000808339395406, 0.5174978702404849]",29.390144969406492,2.5266197419204746
"[0.2082341252112675, 0.6583839909070784, -0.9000825677137669, 0.5174952355056136]",29.390196605078508,2.526682574401871
"[0.20822576163329337, 0.6583852119486432, -0.9000843013696211, 0.5174926007980192]",29.39024824684661,2.5267454068832675
"[0.2082173972930229, 0.6583864332290256, -0.9000860352567613, 0.5174899655862946]",29.390299887631194,2.526808239364664
"[0.20820903274597521, 0.6583876546671388, -0.9000877692600364, 0.5174873300454034]",29.39035152659666,2.526871071846061
"[0.20820066764047726, 0.658388876314361, -0.9000895034523515, 0.5174846940644884]",29.390403168832655,2.5269339043274575
"[0.20819230193002664, 0.6583900981775019, -0.9000912378433554, 0.5174820576288462]",29.390454809884364,2.526996736808854
"[0.20818393579232455, 0.6583913202306453, -0.9000929723962116, 0.5174794207944065]",29.390506452701782,2.527059569290251
"[0.20817557002842235, 0.6583925423567809, -0.9000947069448302, 0.5174767838136365]",29.3905580958182,2.527122401771647
"[0.20816720384378612, 0.6583937646719955, -0.9000964416539406, 0.5174741464360656]",29.390609740067333,2.527185234253044
"[0.2081588356929898, 0.658394987402108, -0.9000981768440102, 0.5174715081744228]",29.390661384447576,2.527248066734441
"[0.20815046923412628, 0.6583962100126349, -0.9000999117565032, 0.517468870181967]",29.390713032010396,2.5273108992158373
"[0.2081421008886291, 0.6583974330265338, -0.9001016471334836, 0.5174662313303295]",29.390764674433917,2.527373731697234
"[0.20813373223153134, 0.6583986562136659, -0.9001033826483524, 0.5174635921160705]",29.390816322905057,2.5274365641786303
"[0.20812536460877498, 0.6583998793772894, -0.9001051180219668, 0.5174609529636851]",29.390867971293428,2.527499396660027
"[0.20811699569548864, 0.6584011028572614, -0.9001068537364803, 0.517458313139884]",29.390919616850454,2.5275622291414237
"[0.20810862634762745, 0.6584023265284877, -0.9001085896143823, 0.517455672914573]",29.390971268487213,2.52762506162282
"[0.2081002552522065, 0.65840355058299, -0.9001103259280188, 0.5174530318734429]",29.391022917120615,2.527687894104217
"[0.20809188634140882, 0.6584047744457856, -0.9001120618617713, 0.5174503912570859]",29.39107456792504,2.527750726585613
"[0.20808351524176893, 0.6584059987564478, -0.9001137983228037, 0.5174477496855492]",29.391126217982535,2.52781355906701
"[0.20807514380831624, 0.6584072232437316, -0.9001155349263431, 0.5174451077440742]",29.391177871112824,2.5278763915484066
"[0.20806677160399045, 0.6584084479715951, -0.9001172717630616, 0.5174424652946655]",29.391229521785526,2.527939224029803
"[0.20805839998982567, 0.6584096727409439, -0.9001190085506036, 0.5174398227668815]",29.39128117475018,2.5280020565112
"[0.2080500275448575, 0.6584108977596779, -0.9001207455837588, 0.5174371797121649]",29.391332829521854,2.5280648889925965
"[0.20804165548255443, 0.658412122850273, -0.9001224826107648, 0.5174345365135435]",29.39138448183866,2.528127721473993
"[0.2080332824746492, 0.6584133482070713, -0.900124219907214, 0.5174318927516772]",29.391436140930544,2.5281905539553895
"[0.2080249087505542, 0.6584145737965819, -0.9001259574255145, 0.5174292484988623]",29.391487795487496,2.5282533864367864
"[0.20801653398578906, 0.658415799666325, -0.9001276952330117, 0.5174266036525593]",29.391539450443595,2.528316218918183
"[0.20800816049344784, 0.658417025477714, -0.9001294328497155, 0.5174239589432746]",29.391591110869154,2.5283790513995794
"[0.20799978602440955, 0.658418251560003, -0.9001311707423376, 0.5174213136606375]",29.391642767834607,2.5284418838809763
"[0.2079914107431306, 0.6584194778891531, -0.9001329088767653, 0.5174186678565085]",29.391694425141885,2.528504716362373
"[0.20798303483221592, 0.6584207044384738, -0.9001346472151124, 0.517416021588483]",29.39174608581914,2.5285675488437693
"[0.20797465834706738, 0.6584219311998639, -0.90013638574589, 0.5174133748740218]",29.39179774565535,2.528630381325166
"[0.2079662830270218, 0.6584231579185987, -0.900138124108084, 0.5174107282627]",29.391849405039874,2.5286932138065628
"[0.20795790545012735, 0.6584243850959087, -0.9001398630119524, 0.5174080806731226]",29.391901066562035,2.5287560462879592
"[0.20794952875127798, 0.6584256122726188, -0.9001416018068069, 0.5174054330959436]",29.391952729070717,2.5288188787693557
"[0.20794115219139442, 0.6584268395569822, -0.9001433406460402, 0.5174027852976067]",29.39200439326117,2.5288817112507527
"[0.2079327738319429, 0.658428067233064, -0.9001450799320755, 0.5174001366652585]",29.39205605638015,2.5289445437321487
"[0.20792439515475208, 0.6584292950837809, -0.9001468193573154, 0.5173974876672418]",29.392107720808802,2.5290073762135457
"[0.20791601675044588, 0.6584305230225883, -0.9001485587991372, 0.5173948384902717]",29.392159386832915,2.529070208694942
"[0.20790763716255414, 0.658431751262971, -0.9001502985599233, 0.5173921886737717]",29.392211052552337,2.5291330411763386
"[0.20789925679911264, 0.6584329797451645, -0.9001520385549755, 0.5173895383466757]",29.392262718216497,2.5291958736577356
"[0.20789087710619594, 0.6584342082572033, -0.9001537784840413, 0.5173868879662847]",29.3923143833537,2.529258706139132
"[0.2078824962396618, 0.6584354370694485, -0.9001555187300315, 0.5173842369493094]",29.392366053145548,2.5293215386205286
"[0.2078741163770571, 0.6584366658626492, -0.9001572588407818, 0.5173815859845079]",29.392417721876928,2.529384371101925
"[0.20786573450863285, 0.6584378950781575, -0.9001589994412846, 0.5173789341197077]",29.39246939198728,2.529447203583322
"[0.2078573541932665, 0.6584391241940886, -0.9001607397924902, 0.5173762824808178]",29.392521059225516,2.5295100360647185
"[0.20784897079453124, 0.6584403538904666, -0.9001624808572659, 0.5173736296007635]",29.39257273162542,2.529572868546115
"[0.20784058854496804, 0.6584415835465168, -0.9001642217566128, 0.5173709768187869]",29.392624401602983,2.529635701027512
"[0.2078322054404448, 0.6584428134562357, -0.9001659629067551, 0.5173683235006344]",29.39267607444127,2.5296985335089084
"[0.20782382260094007, 0.6584440434553414, -0.9001677040750737, 0.5173656700007294]",29.392727745813232,2.529761365990305
"[0.20781543849651155, 0.6584452737682941, -0.9001694455793581, 0.5173630158347935]",29.392779419197467,2.5298241984717014
"[0.20780705420091347, 0.6584465042376145, -0.9001711871965788, 0.5173603613426041]",29.39283109397866,2.5298870309530983
"[0.2077986699645442, 0.6584477348265468, -0.9001729288747168, 0.5173577066034396]",29.392882770636497,2.529949863434495
"[0.20779028612492836, 0.6584489654855367, -0.9001746705436444, 0.5173550517241945]",29.39293444608552,2.5300126959158913
"[0.20778190005235952, 0.6584501966006489, -0.9001764127496749, 0.5173523958720242]",29.392986120853465,2.530075528397288
"[0.20777351419031667, 0.6584514278132165, -0.900178154985194, 0.5173497398206713]",29.393037797192918,2.5301383608786843
"[0.2077651294512769, 0.6584526589892538, -0.900179897060601, 0.5173470838591839]",29.39308947580648,2.530201193360081
"[0.20775674172505484, 0.6584538907322944, -0.9001816398298778, 0.517344426685557]",29.393141154071973,2.5302640258414777
"[0.20774835542647258, 0.6584551223940934, -0.900183382375738, 0.5173417696982489]",29.393192830731067,2.530326858322874
"[0.20773996812423798, 0.6584563543317009, -0.9001851252033547, 0.5173391121269978]",29.39324451212946,2.530389690804271
"[0.2077315797299562, 0.6584575865581787, -0.9001868683311128, 0.5173364539436524]",29.393296191837294,2.5304525232856676
"[0.2077231926334822, 0.6584588187223978, -0.9001886112623929, 0.5173337959056139]",29.393347874333354,2.530515355767064
"[0.20771480277284776, 0.6584600514212111, -0.9001903548413186, 0.5173311367254024]",29.39339955499253,2.5305781882484606
"[0.20770641505466342, 0.6584612839337007, -0.9001920980482021, 0.5173284779581643]",29.393451238794263,2.5306410207298575
"[0.20769802521098946, 0.6584625168870116, -0.9001938417700351, 0.5173258182510246]",29.393502919672574,2.530703853211254
"[0.20768963510118468, 0.6584637500079508, -0.9001955856203966, 0.5173231581933099]",29.393554605526965,2.5307666856926505
"[0.20768124541182315, 0.6584649831956155, -0.9001973294565743, 0.5173204980026876]",29.39360628751052,2.5308295181740474
"[0.2076728545840007, 0.6584662166791634, -0.9001990736025958, 0.5173178371848226]",29.393657974034056,2.530892350655444
"[0.20766446401873326, 0.6584674502526637, -0.9002008177672439, 0.5173151761839402]",29.393709658626243,2.5309551831368404
"[0.20765607286423252, 0.6584686840413562, -0.9002025621275779, 0.5173125147298779]",29.393761346258586,2.531018015618237
"[0.2076476799573582, 0.6584699182163266, -0.9002043069254135, 0.5173098524535886]",29.393813033203426,2.531080848099634
"[0.20763928788836197, 0.6584711523966844, -0.9002060516222716, 0.517307190176685]",29.393864721233193,2.5311436805810303
"[0.2076308944881704, 0.6584723869014596, -0.9002077966690943, 0.5173045272109983]",29.393916410746236,2.531206513062427
"[0.20762250211037192, 0.658473621384484, -0.9002095415765512, 0.517301864303239]",29.39396809965032,2.5312693455438238
"[0.20761410921408177, 0.6584748560724134, -0.9002112866650004, 0.5172992009644909]",29.394019789564943,2.53133217802522
"[0.2076057144658042, 0.6584760911614734, -0.9002130322117328, 0.5172965367714748]",29.39407147955788,2.5313950105066167
"[0.20759732051293622, 0.6584773262621921, -0.900214777666271, 0.5172938725643174]",29.394123170482864,2.5314578429880137
"[0.20758892641985446, 0.6584785615122244, -0.9002165232231546, 0.5172912080460802]",29.394174862876067,2.5315206754694097
"[0.20758053066178134, 0.6584797971359995, -0.9002182691994768, 0.5172885427326586]",29.39422655727343,2.5315835079508067
"[0.20757213474063804, 0.65848103291252, -0.9002200152829151, 0.5172858771007559]",29.394278249121736,2.531646340432203
"[0.2075637384717215, 0.6584822688689876, -0.9002217615118799, 0.5172832110916972]",29.394329942926415,2.5317091729135996
"[0.2075553436098437, 0.6584835047470671, -0.9002235075213897, 0.5172805452627173]",29.394381637083164,2.5317720053949966
"[0.20754694657288417, 0.6584847410741334, -0.900225254056475, 0.5172778784762502]",29.3944333341245,2.531834837876393
"[0.2075385487488842, 0.6584859776458917, -0.9002270008284622, 0.5172752111729687]",29.39448503038928,2.53189767035779
"[0.207530151132979, 0.6584872143158257, -0.9002287476303592, 0.5172725436689091]",29.394536727150765,2.531960502839186
"[0.20752175410077509, 0.6584884510286078, -0.9002304943840173, 0.5172698760834106]",29.39458842339717,2.532023335320583
"[0.20751335480218636, 0.6584896882040386, -0.9002322416823262, 0.5172672075109641]",29.394640124275604,2.5320861678019795
"[0.2075049574145941, 0.6584909252268231, -0.9002339886562645, 0.5172645392787536]",29.394691823008646,2.532149000283376
"[0.20749655762607397, 0.6584921627321667, -0.9002357362028751, 0.5172618700166522]",29.394743520105294,2.532211832764773
"[0.2074881586155429, 0.6584934002517737, -0.9002374836608081, 0.5172592007347607]",29.394795222293908,2.5322746652461694
"[0.20747975792974438, 0.6584946381471335, -0.9002392315404794, 0.5172565306533603]",29.394846924628357,2.532337497727566
"[0.20747135774044875, 0.6584958760982526, -0.9002409793900297, 0.5172538604626618]",29.394898623925602,2.5324003302089624
"[0.20746295673984644, 0.6584971142978756, -0.9002427274815734, 0.5172511897469243]",29.394950326358213,2.5324631626903593
"[0.20745455529326268, 0.6584983526921899, -0.9002444757391025, 0.5172485186222177]",29.395002029993123,2.532525995171756
"[0.20744615473536615, 0.6584995910844554, -0.9002462238848711, 0.5172458475128932]",29.395053735725973,2.5325888276531523
"[0.2074377526041546, 0.6585008298376351, -0.9002479724312197, 0.5172431756360695]",29.395105439658305,2.5326516601345492
"[0.20742934924970938, 0.6585020689001833, -0.9002497213053219, 0.5172405031029295]",29.395157145010902,2.5327144926159453
"[0.20742094670606195, 0.6585033079721992, -0.90025147008386, 0.5172378305603283]",29.39520885081523,2.532777325097342
"[0.20741254307263501, 0.6585045473339507, -0.9002532191623873, 0.5172351574037503]",29.395260557303388,2.5328401575787387
"[0.20740413992556536, 0.6585057867530172, -0.900254968212856, 0.5172324841345063]",29.395312264967476,2.5329029900601356
"[0.20739573600106692, 0.6585070264158199, -0.9002567174983076, 0.5172298103505164]",29.395363973265894,2.532965822541532
"[0.20738733125917655, 0.6585082663282553, -0.9002584670270781, 0.5172271360390297]",29.395415681399008,2.5330286550229286
"[0.20737892746055903, 0.6585095062306382, -0.9002602164326509, 0.5172244617601973]",29.395467390231893,2.5330914875043256
"[0.2073705206951761, 0.6585107466998398, -0.9002619665289985, 0.5172217862697381]",29.395519100518793,2.5331543199857216
"[0.20736211553546918, 0.6585119870612589, -0.9002637163642471, 0.5172191110227063]",29.395570811910474,2.5332171524671185
"[0.20735370990889015, 0.6585132276207111, -0.9002654663698486, 0.5172164353594971]",29.39562252308669,2.533279984948515
"[0.20734530271381593, 0.6585144685408072, -0.9002672167751776, 0.5172137589293679]",29.395674235882687,2.5333428174299115
"[0.20733689533511784, 0.6585157096172051, -0.9002689672919104, 0.5172110821730691]",29.39572594772506,2.5334056499113085
"[0.2073284880569927, 0.6585169508079504, -0.900270717860868, 0.5172084051810786]",29.39577765982942,2.533468482392705
"[0.2073200803542886, 0.6585181921905823, -0.9002724685913933, 0.5172057277861589]",29.39582937685671,2.5335313148741014
"[0.20731167195326394, 0.658519433805551, -0.9002742195404934, 0.5172030499010705]",29.395881088956642,2.533594147355498
"[0.2073032634676767, 0.6585206755622438, -0.9002759705803641, 0.517200371721239]",29.395932805323497,2.533656979836895
"[0.20729485494408684, 0.658521917453789, -0.900277721701302, 0.517197693261483]",29.395984521855777,2.5337198123182914
"[0.20728644513822916, 0.6585231596639971, -0.9002794731624406, 0.5171950141253722]",29.39603623837288,2.533782644799688
"[0.20727803565539354, 0.6585244019557744, -0.9002812246294605, 0.5171923348242556]",29.396087958357377,2.533845477281085
"[0.20726962553396314, 0.6585256444711864, -0.9002829763026358, 0.5171896550517341]",29.396139674594785,2.533908309762481
"[0.20726121548423532, 0.6585268871053099, -0.9002847280340238, 0.5171869750340975]",29.396191394918052,2.5339711422438778
"[0.20725280393993845, 0.6585281300896076, -0.9002864801498744, 0.5171842942721457]",29.396243113899448,2.5340339747252743
"[0.2072443920111973, 0.6585293732600804, -0.9002882324189654, 0.517181613119579]",29.39629483451157,2.534096807206671
"[0.20723598015560452, 0.6585306165491127, -0.9002899847459728, 0.5171789317222221]",29.39634655440289,2.5341596396880677
"[0.20722756871020032, 0.6585318599068849, -0.9002917370606708, 0.5171762501875208]",29.396398276279626,2.534222472169464
"[0.20721915551056969, 0.6585331036533624, -0.9002934898139717, 0.5171735678254036]",29.396450000326393,2.534285304650861
"[0.2072107419375016, 0.658534347584477, -0.9002952427182292, 0.5171708850759866]",29.39650172321977,2.534348137132257
"[0.20720232798780788, 0.6585355917007529, -0.9002969957741043, 0.5171682019381676]",29.396553446396002,2.534410969613654
"[0.20719391440097892, 0.6585368358927526, -0.9002987488275289, 0.5171655186478769]",29.39660516954123,2.5344738020950506
"[0.20718549987739626, 0.6585380803527753, -0.9003005021492769, 0.5171628347904769]",29.396656896661526,2.534536634576447
"[0.20717708606511653, 0.658539324837064, -0.9003022553959442, 0.5171601508916382]",29.396708622265958,2.534599467057844
"[0.20716867074237627, 0.6585405696742466, -0.9003040090304991, 0.5171574662426173]",29.39676034847507,2.5346622995392405
"[0.20716025491903486, 0.6585418147150097, -0.900305762842517, 0.5171547811654476]",29.39681207574038,2.534725132020637
"[0.20715183936895468, 0.6585430598448544, -0.9003075166707266, 0.517152095907037]",29.396863804318503,2.5347879645020335
"[0.2071434215996358, 0.6585443054326263, -0.9003092710345874, 0.5171494096719481]",29.39691553226545,2.5348507969834304
"[0.2071350050443635, 0.6585455509703163, -0.9003110252185681, 0.5171467235557453]",29.396967262006065,2.534913629464827
"[0.20712658852080476, 0.6585467966328723, -0.9003127794690656, 0.517144037181136]",29.397018992531002,2.5349764619462234
"[0.2071181706972806, 0.658548042617415, -0.9003145340636507, 0.517141350123011]",29.397070722977123,2.5350392944276203
"[0.20710975277431057, 0.658549288746285, -0.9003162887520978, 0.5171386627645086]",29.39712245325579,2.5351021269090164
"[0.2071013347188338, 0.6585505350243906, -0.9003180435412935, 0.5171359750950472]",29.397174185312725,2.5351649593904133
"[0.20709291491845067, 0.6585517816904686, -0.9003197987673691, 0.5171332865997584]",29.397225918428056,2.53522779187181
"[0.20708449708193827, 0.658553028195407, -0.9003215536571644, 0.5171305984628478]",29.397277653272905,2.5352906243532067
"[0.20707607655030175, 0.6585542752291166, -0.9003233091819548, 0.517127909196487]",29.397329385684166,2.5353534568346032
"[0.20706765587488443, 0.6585555224138283, -0.9003250648098619, 0.5171252196153511]",29.39738112028193,2.5354162893159997
"[0.20705923616498986, 0.6585567695852222, -0.9003268203095873, 0.5171225300737913]",29.397432857630402,2.5354791217973967
"[0.20705081438853964, 0.658558017192461, -0.9003285763133216, 0.5171198396031884]",29.397484592097392,2.5355419542787927
"[0.20704239334757227, 0.6585592648204812, -0.900330332236828, 0.5171171490986266]",29.397536328493285,2.5356047867601896
"[0.20703397226395437, 0.6585605125845655, -0.9003320882423412, 0.5171144583115056]",29.397588066434324,2.5356676192415866
"[0.2070255498691701, 0.6585617606726714, -0.9003338445943925, 0.517111766836466]",29.397639805257157,2.5357304517229826
"[0.20701712707732373, 0.6585630089494197, -0.9003356011023692, 0.5171090749654839]",29.397691543183655,2.5357932842043795
"[0.20700870436612243, 0.6585642573440118, -0.9003373576666467, 0.5171063828512221]",29.397743284824156,2.535856116685776
"[0.20700028086190178, 0.6585655059859633, -0.9003391144694294, 0.5171036902143868]",29.397795024719585,2.5359189491671725
"[0.20699185728533412, 0.6585667547684614, -0.9003408713604176, 0.5171009972853075]",29.39784676539352,2.5359817816485695
"[0.20698343305503986, 0.6585680037777228, -0.9003426284608692, 0.5170983038780684]",29.397898506472185,2.536044614129966
"[0.20697500789403125, 0.6585692530548527, -0.9003443858285699, 0.5170956099040274]",29.397950247783754,2.5361074466113624
"[0.2069665831604473, 0.6585705023984815, -0.90034614318023, 0.5170929157974219]",29.398001993283273,2.536170279092759
"[0.20695815696509579, 0.6585717520887943, -0.900347900909929, 0.5170902209540554]",29.398053735016482,2.536233111574156
"[0.20694973208691328, 0.6585730017136532, -0.9003496584379661, 0.5170875262626649]",29.398105482720165,2.5362959440555524
"[0.20694130503071637, 0.6585742517915074, -0.9003514164934803, 0.5170848306052657]",29.398157225591873,2.536358776536949
"[0.2069328791320589, 0.6585755018275817, -0.900353174380612, 0.5170821350487846]",29.39820897126064,2.536421609018346
"[0.20692445130978218, 0.6585767522790104, -0.9003549327421819, 0.5170794386074676]",29.398260717940467,2.5364844414997423
"[0.20691602433996967, 0.6585780027339369, -0.9003566909989987, 0.517076742169438]",29.39831246745651,2.5365472739811388
"[0.20690759552563687, 0.6585792535925565, -0.9003584497137871, 0.5170740448717025]",29.398364212399265,2.5366101064625353
"[0.2068991675991188, 0.6585805044494395, -0.9003602083164318, 0.5170713475885389]",29.39841596072935,2.536672938943932
"[0.20689073896716545, 0.6585817555410406, -0.9003619671393769, 0.5170686498100558]",29.398467710944782,2.5367357714253287
"[0.20688230978094946, 0.6585830068449603, -0.9003637261510838, 0.5170659515845607]",29.398519459711633,2.536798603906725
"[0.2068738802347504, 0.658584258332366, -0.9003654853110162, 0.5170632529742113]",29.39857120962107,2.536861436388122
"[0.2068654501851321, 0.6585855100245932, -0.900367244649107, 0.5170605539330155]",29.39862296234111,2.536924268869518
"[0.20685701977970442, 0.6585867618997352, -0.9003690041345566, 0.5170578545081993]",29.398674713300935,2.536987101350915
"[0.20684858866675246, 0.6585880140100585, -0.9003707638407734, 0.5170551545870694]",29.398726464498683,2.5370499338323116
"[0.20684015692162955, 0.6585892663444078, -0.9003725237520395, 0.517052454193681]",29.39877822013052,2.537112766313708
"[0.20683172584943224, 0.6585905187089292, -0.9003742835959422, 0.5170497537460235]",29.39882997493478,2.537175598795105
"[0.20682329334020305, 0.6585917714170804, -0.9003760438128985, 0.5170470525682115]",29.398881727402582,2.5372384312765015
"[0.20681486096619625, 0.6585930242353059, -0.9003778040747243, 0.5170443511638363]",29.398933483919233,2.537301263757898
"[0.20680642894493007, 0.6585942771312986, -0.9003795643359963, 0.5170416496025738]",29.398985238691846,2.5373640962392945
"[0.20679799448455666, 0.6585955305199297, -0.9003813251795569, 0.517038946989845]",29.399036995924714,2.5374269287206914
"[0.20678956084144223, 0.658596783917343, -0.9003830859255949, 0.5170362443689714]",29.399088754586952,2.537489761202088
"[0.20678112677006097, 0.6585980375086401, -0.9003848468341331, 0.5170335413408268]",29.399140510457112,2.5375525936834844
"[0.20677269190242245, 0.6585992913485462, -0.9003866079820108, 0.5170308377874088]",29.399192268474593,2.5376154261648813
"[0.20676425717529898, 0.658600545297831, -0.9003883691736346, 0.5170281340089289]",29.399244030264448,2.537678258646278
"[0.20675582257330183, 0.6586017993587799, -0.9003901304122065, 0.5170254300004572]",29.3992957890424,2.5377410911276743
"[0.20674738689628233, 0.658603053709856, -0.9003918919483351, 0.5170227253771902]",29.39934755209209,2.537803923609071
"[0.20673895033178433, 0.6586043083232165, -0.9003936537428746, 0.5170200201991596]",29.399399312547843,2.5378667560904677
"[0.2067305135821693, 0.6586055630944488, -0.9003954156491574, 0.5170173146915051]",29.399451073210294,2.5379295885718642
"[0.20672207628000758, 0.6586068180782323, -0.9003971777439146, 0.5170146087363393]",29.399502837445414,2.5379924210532607
"[0.20671363944835172, 0.6586080731223639, -0.9003989398134851, 0.5170119026618024]",29.399554599855556,2.5380552535346577
"[0.20670520129977563, 0.6586093284927749, -0.9004007022311811, 0.5170091958945157]",29.399606363273765,2.5381180860160537
"[0.20669676305743948, 0.6586105840075489, -0.900402464741536, 0.5170064888267382]",29.39965813073726,2.5381809184974506
"[0.20668832360206035, 0.6586118398332363, -0.9004042275783477, 0.5170037810993467]",29.399709894232704,2.538243750978847
"[0.20667988498473414, 0.6586130956646462, -0.9004059903131787, 0.5170010733703789]",29.39976165915497,2.5383065834602436
"[0.20667144549926872, 0.6586143517556957, -0.9004077533024255, 0.5169983650923542]",29.399813429193458,2.5383694159416406
"[0.20666300519351188, 0.6586156080993013, -0.900409516536107, 0.5169956562805426]",29.399865196203514,2.538432248423037
"[0.2066545656320323, 0.6586168644625872, -0.9004112796873666, 0.5169929474370532]",29.399916963457084,2.538495080904434
"[0.2066461252445199, 0.6586181210793227, -0.9004130430842586, 0.5169902380578513]",29.39996873324983,2.53855791338583
"[0.20663768329527665, 0.6586193780590972, -0.9004148068805107, 0.5169875279066545]",29.400020502474632,2.538620745867227
"[0.20662924157302068, 0.6586206351356113, -0.9004165707024097, 0.5169848175576272]",29.400072273486828,2.5386835783486235
"[0.20662079969897082, 0.6586218923652718, -0.9004183346290906, 0.5169821068891491]",29.400124045099226,2.53874641083002
"[0.20661235646775783, 0.658623149927641, -0.9004200989124244, 0.5169793955140836]",29.40017581470506,2.538809243311417
"[0.20660391349125395, 0.6586244075826376, -0.9004218632156056, 0.5169766839500299]",29.400227586103597,2.5388720757928134
"[0.2065954712803147, 0.6586256652541779, -0.9004236274318581, 0.5169739723610529]",29.40027936028946,2.53893490827421
"[0.20658702739495627, 0.6586269233057728, -0.9004253920710823, 0.5169712599634018]",29.40033113485653,2.5389977407556064
"[0.20657858363390175, 0.6586281814694629, -0.9004271567573872, 0.5169685473347986]",29.400382910033542,2.5390605732370033
"[0.20657013860088685, 0.6586294399533364, -0.9004289217825868, 0.5169658340266073]",29.400434682250506,2.5391234057184
"[0.20656169334515187, 0.6586306986010699, -0.9004306869274002, 0.5169631203758619]",29.40048645904379,2.5391862381997963
"[0.20655324823640928, 0.6586319573575696, -0.9004324521145454, 0.5169604065013439]",29.400538235642497,2.539249070681193
"[0.20654480144856988, 0.6586332164950545, -0.9004342177257213, 0.5169576918161496]",29.40059001185724,2.5393119031625893
"[0.20653635700251347, 0.6586344754141327, -0.9004359829204367, 0.5169549776125576]",29.400641789955213,2.539374735643986
"[0.2065279094735203, 0.6586357349235545, -0.900437748832655, 0.5169522621469174]",29.400693570558822,2.5394375681253827
"[0.2065194634190301, 0.6586369943438584, -0.9004395145096792, 0.5169495468841316]",29.400745347325127,2.539500400606779
"[0.2065110152855108, 0.6586382542049375, -0.9004412806943882, 0.5169468306817658]",29.400797126675418,2.539563233088176
"[0.2065025675590991, 0.6586395141360833, -0.9004430468670365, 0.516944114339056]",29.400848908484292,2.5396260655695726
"[0.20649411958618732, 0.6586407742347746, -0.9004448131642652, 0.5169413976458371]",29.400900689433417,2.5396888980509695
"[0.20648567125345696, 0.6586420345179321, -0.9004465796097658, 0.5169386805656297]",29.400952471215952,2.5397517305323656
"[0.20647722181637643, 0.6586432950966589, -0.9004483463592214, 0.5169359628589033]",29.401004253917197,2.5398145630137625
"[0.20646877208148745, 0.6586445558506638, -0.9004501132439965, 0.5169332447849986]",29.40105603799211,2.5398773954951595
"[0.20646032263920638, 0.6586458166918552, -0.9004518801406234, 0.5169305265338296]",29.401107820880476,2.5399402279765555
"[0.2064518720096187, 0.6586470778410922, -0.9004536473585766, 0.516927807629244]",29.401159606463384,2.5400030604579524
"[0.20644342060604012, 0.6586483392367438, -0.9004554148114391, 0.5169250882041159]",29.401211390959826,2.540065892939349
"[0.2064349697113734, 0.658649600687342, -0.9004571822309103, 0.5169223686712254]",29.401263176427268,2.5401287254207454
"[0.20642651807252171, 0.6586508623799422, -0.9004589498790582, 0.5169196486273023]",29.40131496255657,2.5401915579021423
"[0.20641806484606956, 0.6586521244405171, -0.9004607179323028, 0.5169169278007731]",29.40136675050361,2.540254390383539
"[0.2064096134379251, 0.6586533863605492, -0.9004624856782637, 0.516914207287915]",29.401418536977843,2.5403172228649353
"[0.20640116104134207, 0.6586546485591268, -0.9004642537039961, 0.5169114861852447]",29.401470324601014,2.540380055346332
"[0.20639270727802556, 0.658655911092792, -0.900466022088652, 0.516908764370863]",29.40152211381137,2.5404428878277288
"[0.20638425403031369, 0.6586571736804514, -0.9004677904384805, 0.5169060424507622]",29.401573904371133,2.5405057203091252
"[0.20637579962509664, 0.6586584365720198, -0.9004695591034821, 0.5169033198861673]",29.401625694787377,2.5405685527905217
"[0.20636734570996257, 0.6586596995214058, -0.9004713277389813, 0.5169005972076071]",29.40167748607652,2.5406313852719187
"[0.20635888978827005, 0.6586609629016268, -0.9004730968673089, 0.516897873610927]",29.40172927878268,2.5406942177533147
"[0.20635043583160922, 0.6586622261193029, -0.9004748656575302, 0.5168951503753361]",29.401781072097673,2.5407570502347117
"[0.20634197942819382, 0.6586634898336649, -0.9004766350327049, 0.5168924260796617]",29.401832865392446,2.540819882716108
"[0.20633352271730146, 0.6586647537250971, -0.9004784045452479, 0.5168897014129361]",29.401884659477442,2.540882715197505
"[0.20632506675905984, 0.6586660176351515, -0.9004801739733208, 0.5168869767167343]",29.40193645493713,2.5409455476789016
"[0.20631660923429337, 0.658667281910498, -0.900481943802217, 0.5168842512437174]",29.401988250953302,2.541008380160298
"[0.20630815199114755, 0.658668546274887, -0.9004837136452029, 0.5168815255894015]",29.402040043322216,2.541071212641695
"[0.2062996939128588, 0.6586698108953039, -0.9004854837359796, 0.5168787993938175]",29.40209183968112,2.541134045123091
"[0.20629123597260857, 0.6586710756262679, -0.900487253870881, 0.5168760729705887]",29.40214364023824,2.541196877604488
"[0.20628277706703052, 0.658672340632769, -0.9004890242808323, 0.5168733459640222]",29.402195437433402,2.5412597100858845
"[0.2062743175673425, 0.6586736058593498, -0.9004907948881491, 0.5168706184936842]",29.402247233405514,2.541322542567281
"[0.2062658569103121, 0.6586748713902886, -0.9004925658107322, 0.5168678903778924]",29.402299035615307,2.541385375048678
"[0.20625739972703136, 0.6586761365328255, -0.9004943360791977, 0.5168651631100295]",29.40235083401602,2.5414482075300744
"[0.20624893852009, 0.6586774024085408, -0.9004961072629113, 0.5168624342723022]",29.40240263474849,2.541511040011471
"[0.2062404774566514, 0.6586786683940807, -0.9004978784896029, 0.5168597052084728]",29.402454436831658,2.5415738724928674
"[0.20623201670585806, 0.6586799344641331, -0.9004996497238501, 0.5168569759731062]",29.402506239432668,2.5416367049742643
"[0.2062235541598308, 0.6586812009341587, -0.9005014214069421, 0.5168542458861711]",29.4025580411504,2.541699537455661
"[0.20621509266844662, 0.6586824673776847, -0.9005031929422407, 0.5168515158670068]",29.40260984290812,2.5417623699370573
"[0.20620662894272723, 0.6586837342869847, -0.9005049650183512, 0.5168487848544185]",29.40266164809187,2.541825202418454
"[0.20619816685769884, 0.6586850010820595, -0.9005067368239421, 0.5168460540987028]",29.402713454895302,2.5418880348998507
"[0.20618970413005577, 0.6586862681046981, -0.9005085088370772, 0.5168433228630733]",29.402765259831877,2.541950867381247
"[0.2061812400350484, 0.6586875354634623, -0.9005102812095278, 0.5168405909135158]",29.402817065686442,2.5420136998626437
"[0.2061727762464452, 0.6586888029077473, -0.9005120535908164, 0.5168378587902273]",29.402868871359956,2.5420765323440406
"[0.20616431059576815, 0.6586900707623334, -0.9005138264350481, 0.5168351257931196]",29.40292067932599,2.542139364825437
"[0.20615584608169019, 0.6586913385781441, -0.9005155991142532, 0.516832392890222]",29.40297248863287,2.5422021973068336
"[0.20614738055544587, 0.6586926066770259, -0.9005173720784266, 0.5168296593877643]",29.40302429690177,2.5422650297882305
"[0.20613891602884296, 0.6586938747576089, -0.9005191449062208, 0.5168269259353614]",29.40307610396572,2.5423278622696266
"[0.20613044936013022, 0.6586951432906059, -0.9005209182556564, 0.5168241915183652]",29.403127915301507,2.5423906947510235
"[0.20612198229756912, 0.6586964120141369, -0.9005226917605829, 0.5168214567012746]",29.40317972698051,2.54245352723242
"[0.20611351539232506, 0.6586976808456354, -0.9005244653055472, 0.516818721662076]",29.403231537998355,2.5425163597138165
"[0.20610504767179655, 0.6586989499308572, -0.9005262390942791, 0.5168159860865711]",29.40328334885456,2.5425791921952134
"[0.20609657972285886, 0.6587002191818585, -0.9005280130038505, 0.5168132501643136]",29.403335163379445,2.54264202467661
"[0.20608811141203198, 0.6587014886186981, -0.9005297870622169, 0.5168105138520946]",29.403386974509132,2.5427048571580064
"[0.20607964208297375, 0.6587027583397842, -0.9005315614068892, 0.5168077769377796]",29.40343878983524,2.542767689639403
"[0.20607117258481758, 0.6587040282178473, -0.900533335859979, 0.5168050396957008]",29.40349060502781,2.5428305221208
"[0.20606270467426246, 0.6587052979894887, -0.9005351100534081, 0.5168023026936347]",29.403542420140106,2.5428933546021963
"[0.2060542339908147, 0.6587065683085312, -0.9005368849008025, 0.5167995645221999]",29.40359423736313,2.542956187083593
"[0.2060457638630762, 0.6587078386759204, -0.900538659704736, 0.5167968262571715]",29.403646054345835,2.5430190195649898
"[0.20603729300525214, 0.6587091092844867, -0.9005404347346271, 0.5167940874828824]",29.403697870799558,2.5430818520463863
"[0.20602882190737407, 0.6587103800607528, -0.9005422098877963, 0.5167913483577116]",29.403749690880055,2.5431446845277828
"[0.20602034992040485, 0.6587116511021132, -0.900543985300257, 0.5167886086717285]",29.4038015104404,2.5432075170091792
"[0.20601187804157267, 0.6587129222589757, -0.9005457607630293, 0.5167858687473721]",29.40385332817741,2.543270349490576
"[0.20600340505750436, 0.6587141937134311, -0.900547536530406, 0.5167831281921578]",29.403905146850686,2.5433331819719727
"[0.20599493183672954, 0.658715465335173, -0.9005493124203702, 0.5167803872869449]",29.403956967896352,2.543396014453369
"[0.20598645985095185, 0.6587167369033239, -0.900551088124447, 0.5167776465078258]",29.404008791534633,2.543458846934766
"[0.20597798568048023, 0.6587180089311718, -0.9005528643593979, 0.5167749047484412]",29.404060612248387,2.543521679416162
"[0.20596951117480292, 0.6587192811411583, -0.9005546407375836, 0.5167721626070491]",29.404112433130358,2.543584511897559
"[0.20596103604458948, 0.6587205535767452, -0.9005564173196553, 0.5167694199899716]",29.404164257995507,2.5436473443789556
"[0.20595256097334194, 0.6587218261353284, -0.9005581939623347, 0.5167666771183602]",29.404216082335758,2.543710176860352
"[0.20594408627163716, 0.6587230987702687, -0.9005599706005011, 0.516763934092739]",29.40426790850784,2.543773009341749
"[0.20593561023217405, 0.6587243717379928, -0.9005617475920743, 0.5167611903604236]",29.404319733098582,2.5438358418231455
"[0.20592713349520525, 0.6587256449423419, -0.9005635248028513, 0.5167584461286264]",29.404371558387485,2.543898674304542
"[0.20591865711086071, 0.6587269182256521, -0.900565302012653, 0.5167557017372193]",29.404423385774557,2.543961506785939
"[0.20591018061517244, 0.6587281916575991, -0.9005670793187487, 0.5167529570360068]",29.40447521362551,2.5440243392673354
"[0.20590170183031267, 0.65872946556542, -0.9005688571777957, 0.5167502113196792]",29.404527041742845,2.5440871717487323
"[0.20589322449172823, 0.6587307393878987, -0.9005706348065357, 0.5167474657978514]",29.40457887103626,2.5441500042301284
"[0.20588474629043152, 0.6587320134719811, -0.9005724126891287, 0.516744719722736]",29.404630700927644,2.5442128367115253
"[0.20587626759083527, 0.6587332877629333, -0.9005741907491667, 0.5167419732122969]",29.40468253014098,2.544275669192922
"[0.2058677879673067, 0.6587345623247717, -0.900575969075917, 0.5167392261285685]",29.404734360890757,2.5443385016743183
"[0.20585930868324198, 0.6587358369676017, -0.9005777474044236, 0.5167364788808211]",29.40478619206228,2.5444013341557152
"[0.20585082870036162, 0.6587371118475234, -0.9005795259524363, 0.5167337311326181]",29.40483802401565,2.5444641666371117
"[0.205842348145471, 0.658738386945503, -0.9005813046933675, 0.5167309829249805]",29.40488985756483,2.544526999118508
"[0.20583386650971533, 0.6587396623380932, -0.9005830837339583, 0.5167282340929175]",29.404941691363035,2.5445898315999047
"[0.2058253856742178, 0.6587409377424358, -0.9005848626796352, 0.5167254852460652]",29.404993526444713,2.5446526640813016
"[0.20581690447433693, 0.6587422133336709, -0.9005866417746794, 0.5167227360069455]",29.405045359313853,2.544715496562698
"[0.20580842146436354, 0.658743489329292, -0.9005884213223753, 0.5167199859068055]",29.405097196300517,2.5447783290440946
"[0.20579994023528553, 0.6587447651891533, -0.900590200569406, 0.5167172361097955]",29.40514903283412,2.5448411615254916
"[0.20579145602507284, 0.6587460416296563, -0.9005919805147867, 0.5167144850718923]",29.40520086844915,2.5449039940068876
"[0.20578297261740405, 0.6587473180816056, -0.9005937603647405, 0.5167117340198526]",29.40525270861283,2.5449668264882845
"[0.20577448823808972, 0.6587485948119586, -0.9005955404914918, 0.5167089823783162]",29.405304544739632,2.545029658969681
"[0.20576600423748814, 0.6587498716175303, -0.9005973206117185, 0.5167062305851917]",29.405356383937576,2.5450924914510775
"[0.20575751919290614, 0.6587511487124531, -0.9005991010239306, 0.5167034781789799]",29.405408222817346,2.5451553239324745
"[0.20574903513070492, 0.6587524257917391, -0.9006008813029305, 0.5167007258169892]",29.40546006369283,2.545218156413871
"[0.20574054889866406, 0.6587537033299107, -0.9006026621101808, 0.5166979724765263]",29.40551190243122,2.545280988895268
"[0.20573206330122415, 0.6587549809048248, -0.9006044428571902, 0.5166952190673956]",29.40556374656098,2.545343821376664
"[0.20572357714786035, 0.6587562586957265, -0.9006062237937857, 0.5166924652032889]",29.405615587796337,2.545406653858061
"[0.20571509042841715, 0.65875753670417, -0.9006080049221062, 0.5166897108808525]",29.405667430758005,2.5454694863394574
"[0.20570660239646646, 0.6587588150426118, -0.9006097863988208, 0.51668695585773]",29.405719272411602,2.545532318820854
"[0.20569811536425933, 0.6587600933628371, -0.9006115677386252, 0.516684200884387]",29.405771120504426,2.545595151302251
"[0.20568962773166874, 0.6587613719058129, -0.9006133492773627, 0.5166814454414658]",29.405822964245996,2.5456579837836473
"[0.20568113871315202, 0.6587626507899598, -0.9006151311799272, 0.5166786892737898]",29.405874808579718,2.5457208162650438
"[0.20567264976594224, 0.6587639297957651, -0.900616913140446, 0.5166759328544283]",29.405926653268573,2.5457836487464403
"[0.20566415989292489, 0.6587652090734839, -0.9006186953682314, 0.5166731758595605]",29.40597850170272,2.545846481227837
"[0.2056556710560678, 0.6587664883274839, -0.9006204774514094, 0.5166704189263083]",29.406030350136195,2.5459093137092337
"[0.20564718108699714, 0.6587677678845387, -0.9006222598451845, 0.5166676613504344]",29.406082196056364,2.54597214619063
"[0.2056386900128421, 0.6587690477406185, -0.9006240425438812, 0.5166649031406284]",29.406134047351767,2.546034978672027
"[0.20563019888878073, 0.6587703277367052, -0.9006258253259722, 0.5166621446395867]",29.406185896624848,2.546097811153423
"[0.20562170708933497, 0.6587716079671093, -0.9006276083227814, 0.5166593856440638]",29.40623774583827,2.54616064363482
"[0.2056132152241521, 0.6587728883399385, -0.9006293914063042, 0.5166566263520919]",29.406289597436672,2.5462234761162166
"[0.20560472214233852, 0.658774169028755, -0.900631174818209, 0.5166538663896334]",29.4063414489563,2.546286308597613
"[0.2055962307026692, 0.6587754496024726, -0.9006329579581829, 0.516651106685703]",29.406393299820625,2.54634914107901
"[0.20558773762859273, 0.6587767305552361, -0.9006347415142677, 0.5166483461754019]",29.4064451539366,2.5464119735604065
"[0.20557924383144255, 0.6587780117496143, -0.9006365252951101, 0.5166455851548675]",29.406497008512346,2.5464748060418034
"[0.20557074997616545, 0.6587792930853713, -0.900638309161059, 0.5166428238401479]",29.40654886163771,2.5465376385231995
"[0.20556225534537217, 0.6587805746707335, -0.9006400932627844, 0.5166400619979962]",29.406600715022236,2.5466004710045964
"[0.20555376050216373, 0.658781856420789, -0.9006418774820225, 0.5166372998114135]",29.406652571238578,2.546663303485993
"[0.20554526529493095, 0.6587831383584047, -0.9006436618506177, 0.5166345372310971]",29.40670442690488,2.5467261359673894
"[0.20553676993057937, 0.6587844204523748, -0.9006454463251096, 0.5166317743242955]",29.40675628430413,2.5467889684487863
"[0.20552827217346972, 0.6587857030401825, -0.9006472313751203, 0.516629010363758]",29.406808140184545,2.546851800930183
"[0.2055197770385961, 0.6587869853648863, -0.9006490159471844, 0.5166262469806685]",29.406860001735197,2.5469146334115793
"[0.20551127923470414, 0.6587882682251989, -0.9006508011528267, 0.5166234824538187]",29.406911858775768,2.546977465892976
"[0.2055027818883061, 0.6587895511491836, -0.9006525863352539, 0.5166207178002191]",29.406963718239673,2.5470402983743727
"[0.20549428470821504, 0.6587908341807958, -0.9006543715556238, 0.5166179529251462]",29.407015580585703,2.5471031308557692
"[0.20548578546248825, 0.6587921176570898, -0.9006561572828741, 0.5166151871022604]",29.407067440015425,2.5471659633371657
"[0.20547728871293908, 0.6587934008891818, -0.9006579425585339, 0.5166124218160704]",29.40711930052859,2.5472287958185627
"[0.20546878929043447, 0.6587946846577525, -0.9006597284686978, 0.5166096553842543]",29.407171163334997,2.5472916282999587
"[0.20546028908760045, 0.6587959686770224, -0.9006615146157203, 0.5166068884226526]",29.407223024953286,2.5473544607813556
"[0.2054517888908154, 0.6587972528282221, -0.9006633008343614, 0.5166041211872008]",29.407274890475684,2.547417293262752
"[0.20544328922893199, 0.6587985370314503, -0.9006650870134726, 0.5166013538500793]",29.407326754155775,2.547480125744149
"[0.20543478830746426, 0.6587998215578638, -0.9006668735301592, 0.5165985858269787]",29.407378617130107,2.5475429582255456
"[0.20542628651050152, 0.6588011063494438, -0.9006686603037262, 0.5165958172428947]",29.407430482968525,2.547605790706942
"[0.20541778643114067, 0.6588023910143489, -0.9006704467891714, 0.5165930489422366]",29.407482349057577,2.547668623188339
"[0.2054092830143619, 0.6588036763165792, -0.9006722340489403, 0.5165902792786448]",29.407534215421606,2.547731455669735
"[0.2054007813367186, 0.6588049614888714, -0.9006740210160437, 0.5165875099054961]",29.40758608272251,2.547794288151132
"[0.20539227878985225, 0.6588062469255, -0.9006758082387144, 0.5165847399731723]",29.407637951048656,2.547857120632529
"[0.2053837748587746, 0.6588075327043809, -0.9006775958252209, 0.516581969313781]",29.407689819742707,2.547919953113925
"[0.2053752707251325, 0.6588088186468797, -0.9006793835271864, 0.5165791983122412]",29.4077416894742,2.547982785595322
"[0.20536676721292685, 0.6588101046284002, -0.9006811711713784, 0.5165764272370441]",29.40779355981458,2.5480456180767184
"[0.2053582635720526, 0.6588113907623738, -0.9006829589154703, 0.5165736558437631]",29.407845432299496,2.548108450558115
"[0.20534975648484038, 0.658812677550666, -0.900684747456984, 0.5165708830509672]",29.40789730141372,2.548171283039512
"[0.20534125182979324, 0.6588139641041172, -0.9006865355600185, 0.516568110774632]",29.40794917448252,2.5482341155209083
"[0.20533274606375398, 0.658815250958698, -0.9006883239694968, 0.5165653378598406]",29.408001046998397,2.5482969480023048
"[0.20532423836661481, 0.6588165382385575, -0.9006901128578843, 0.5165625640390785]",29.408052919557083,2.5483597804837013
"[0.20531573332000477, 0.658817825250472, -0.9006919012617934, 0.5165597908061179]",29.408104794246224,2.548422612965098
"[0.20530722540622726, 0.6588191128293338, -0.9006936903414652, 0.5165570163618796]",29.408156667422254,2.5484854454464947
"[0.2052987190617272, 0.6588204003038395, -0.9006954791639844, 0.5165542421529346]",29.408208543504934,2.548548277927891
"[0.2052902103642867, 0.6588216882676429, -0.9006972685541681, 0.5165514669000831]",29.408260418693946,2.548611110409288
"[0.20528170273782212, 0.6588229762024915, -0.9006990577919706, 0.5165486917200296]",29.408312297020444,2.5486739428906846
"[0.2052731933824898, 0.6588242645322442, -0.9007008474662278, 0.5165459156994474]",29.408364172304296,2.548736775372081
"[0.20526468314584562, 0.658825553128672, -0.9007026373987062, 0.5165431391146631]",29.408416052665785,2.5487996078534776
"[0.2052561744635376, 0.6588268416229539, -0.9007044270771056, 0.5165403627603771]",29.40846792997488,2.5488624403348745
"[0.20524766348980614, 0.6588281305974837, -0.9007062173103274, 0.5165375853816878]",29.408519809685338,2.548925272816271
"[0.20523915413606517, 0.6588294194599044, -0.9007080072756284, 0.5165348082549579]",29.40857168837731,2.5489881052976675
"[0.20523064214103967, 0.6588307088556737, -0.9007097978693837, 0.5165320299894124]",29.408623570881257,2.5490509377790644
"[0.2052221316476121, 0.6588319981572578, -0.9007115882200971, 0.5165292519371998]",29.40867545098607,2.5491137702604605
"[0.20521361876511363, 0.6588332879541019, -0.9007133791462503, 0.5165264728282457]",29.408727334195152,2.5491766027418574
"[0.20520510688320362, 0.65883457773267, -0.9007151699347418, 0.5165236937690602]",29.40877921630397,2.549239435223254
"[0.20519659464813614, 0.6588358676980794, -0.9007169608703645, 0.5165209143176771]",29.408831099098673,2.5493022677046504
"[0.20518808196392413, 0.658837157864899, -0.9007187519733154, 0.5165181344427054]",29.408882982313457,2.5493651001860473
"[0.20517956763361953, 0.6588384484145882, -0.9007205434954556, 0.5165153537531629]",29.408934869183476,2.549427932667444
"[0.2051710545756261, 0.6588397389048217, -0.9007223348227095, 0.5165125732021197]",29.40898675244185,2.5494907651488403
"[0.20516253972516393, 0.6588410298001598, -0.9007241265999758, 0.516509791788573]",29.40903863977456,2.549553597630237
"[0.2051540244482668, 0.65884232089362, -0.9007259185398127, 0.5165070099585499]",29.40909052513538,2.5496164301116337
"[0.2051455088053416, 0.6588436121760158, -0.9007277106295147, 0.516504227731799]",29.409142411501097,2.5496792625930302
"[0.20513699403468177, 0.6588449034595762, -0.9007295026084722, 0.5165014455129]",29.409194300640202,2.5497420950744267
"[0.20512847801505849, 0.6588461950660291, -0.9007312949231011, 0.5164986626086752]",29.409246188297224,2.5498049275558237
"[0.2051199615547513, 0.6588474868728124, -0.9007330874033029, 0.5164958792831856]",29.409298076515302,2.54986776003722
"[0.2051114435512604, 0.6588487790472085, -0.9007348802811388, 0.5164930951760066]",29.40934996642919,2.5499305925186166
"[0.20510292633807142, 0.6588500712352496, -0.9007366730654569, 0.5164903110497919]",29.40940185622721,2.549993425000013
"[0.20509441013781493, 0.6588513634031217, -0.9007384657093634, 0.5164875269773931]",29.409453748735306,2.55005625748141
"[0.2050858922267442, 0.658852655964124, -0.9007402587862007, 0.516484742068328]",29.409505642028375,2.5501190899628066
"[0.20507737294393621, 0.6588539488668766, -0.9007420522246228, 0.5164819564332995]",29.409557533099957,2.550181922444203
"[0.20506885331012173, 0.6588552419565029, -0.9007438458097644, 0.5164791704059885]",29.40960942553447,2.5502447549256
"[0.2050603337120723, 0.6588565351743294, -0.9007456394601946, 0.516476384112825]",29.40966132026725,2.550307587406996
"[0.2050518135667312, 0.6588578286088687, -0.9007474332986645, 0.5164735973630972]",29.409713213900734,2.550370419888393
"[0.20504329416424213, 0.6588591220642641, -0.9007492270535336, 0.5164708105787822]",29.409765109296742,2.5504332523697895
"[0.2050347734047426, 0.6588604158593458, -0.9007510211669266, 0.5164680230729526]",29.40981700336837,2.550496084851186
"[0.2050262517284306, 0.6588617099273376, -0.9007528155461755, 0.516465234989486]",29.40986890137526,2.550558917332583
"[0.20501773035553847, 0.6588630040829373, -0.9007546099343418, 0.5164624467275999]",29.409920799176312,2.5506217498139794
"[0.20500920839264342, 0.6588642984618608, -0.9007564045195507, 0.5164596579949088]",29.40997269673828,2.550684582295376
"[0.20500068568125793, 0.6588655930882112, -0.9007581993351864, 0.5164568687394797]",29.410024596520415,2.5507474147767724
"[0.20499216350890573, 0.6588668877664148, -0.9007599941100994, 0.5164540793826695]",29.41007649396336,2.5508102472581693
"[0.20498364014644108, 0.6588681827591848, -0.9007617892084494, 0.5164512893584703]",29.410128392527334,2.550873079739566
"[0.20497511544043628, 0.658869478089888, -0.9007635846625729, 0.5164484986165357]",29.410180293224546,2.5509359122209623
"[0.20496659099854628, 0.6588707735142774, -0.9007653801338745, 0.5164457076830931]",29.410232194179585,2.550998744702359
"[0.20495806748883963, 0.6588720689308082, -0.9007671754816161, 0.5164429167769146]",29.41028409590671,2.5510615771837557
"[0.20494954267963153, 0.6588733646786505, -0.9007689711758667, 0.5164401251672597]",29.41033599932643,2.551124409665152
"[0.20494101688496336, 0.6588746607101451, -0.9007707671504935, 0.5164373329568245]",29.410387900827548,2.5511872421465487
"[0.20493249111880524, 0.6588759568711869, -0.9007725631919049, 0.5164345404776218]",29.410439805077193,2.5512500746279456
"[0.2049239643528922, 0.658877253318097, -0.9007743595167227, 0.5164317473928426]",29.41049170921354,2.551312907109342
"[0.2049154386364803, 0.6588785497393311, -0.9007761556932192, 0.5164289543737074]",29.410543613899897,2.5513757395907386
"[0.20490691089157195, 0.6588798466029466, -0.9007779523698642, 0.5164261604118211]",29.41059551744433,2.5514385720721355
"[0.20489838397143673, 0.6588811434750623, -0.90077974894552, 0.5164233664419372]",29.410647425319635,2.5515014045535316
"[0.2048898550359225, 0.6588824407876722, -0.9007815460185978, 0.5164205715333711]",29.41069933148158,2.5515642370349285
"[0.20488132686998897, 0.6588837381172092, -0.9007833430023032, 0.5164177765986597]",29.41075123896407,2.551627069516325
"[0.20487279813876014, 0.6588850356667051, -0.9007851401779035, 0.5164149812003659]",29.410803149061653,2.5516899019977215
"[0.20486426904667235, 0.6588863334051098, -0.9007869375023188, 0.5164121854054055]",29.410855058116702,2.5517527344791184
"[0.204855738178185, 0.6588876315478536, -0.9007887352738629, 0.5164093887496632]",29.410906966359114,2.551815566960515
"[0.2048472089827795, 0.6588889295700422, -0.9007905327655938, 0.5164065923639503]",29.410958877021592,2.5518783994419114
"[0.2048386787959382, 0.6588902278771381, -0.9007923305390332, 0.5164037953747335]",29.411010786482358,2.551941231923308
"[0.20483014659154863, 0.658891526625418, -0.9007941288104645, 0.5164009974453677]",29.41106269883141,2.552004064404705
"[0.20482161629149007, 0.6588928252179029, -0.9007959267532952, 0.5163981998619327]",29.41111461006599,2.5520668968861018
"[0.20481308424896388, 0.6588941242097534, -0.9007977251361549, 0.5163954014284305]",29.41116652331446,2.552129729367498
"[0.20480455102168477, 0.6588954235161335, -0.9007995238415175, 0.5163926023276297]",29.41121843547909,2.5521925618488948
"[0.20479601896575841, 0.6588967227782941, -0.9008013223727337, 0.5163898033323818]",29.41127035096755,2.5522553943302912
"[0.20478748690908832, 0.6588980221747008, -0.9008031209768551, 0.516387004058216]",29.411322266436937,2.5523182268116877
"[0.2047789518132865, 0.6588993221681606, -0.9008049202944198, 0.5163842035081152]",29.411374180661625,2.5523810592930847
"[0.20477041712864652, 0.6589006222332202, -0.9008067195980828, 0.5163814028140561]",29.41142609521436,2.552443891774481
"[0.20476188406197673, 0.6589019221860104, -0.9008085186333862, 0.516378602372141]",29.411478014094367,2.5525067242558777
"[0.20475334828499916, 0.6589032226859297, -0.9008103183128712, 0.5163758007618395]",29.411529930427395,2.552569556737274
"[0.20474481297630343, 0.6589045232487636, -0.9008121179663847, 0.5163729990262889]",29.411581848004733,2.552632389218671
"[0.2047362783578118, 0.6589058238406675, -0.9008139175471109, 0.5163701972383894]",29.411633766809462,2.5526952217000676
"[0.20472774196636698, 0.6589071248370324, -0.9008157175744281, 0.5163673945894595]",29.411685685671124,2.552758054181464
"[0.20471920569751217, 0.65890842594901, -0.9008175176486446, 0.516364591701747]",29.411737606276223,2.552820886662861
"[0.20471066775045185, 0.658909727451117, -0.9008193181495117, 0.516361787983879]",29.4117895251831,2.552883719144257
"[0.20470213074957666, 0.6589110289433237, -0.9008211185235918, 0.5163589842976095]",29.411841447465168,2.552946551625654
"[0.20469359156462458, 0.6589123309028777, -0.900822919431036, 0.5163561796148444]",29.411893368436868,2.5530093841070505
"[0.20468505431826942, 0.6589136327012118, -0.9008247200023698, 0.5163533752896444]",29.411945292187454,2.5530722165884474
"[0.2046765158673977, 0.6589149348175884, -0.9008265209004811, 0.5163505702895828]",29.411997216053148,2.553135049069844
"[0.2046679765914841, 0.6589162371941888, -0.9008283220453502, 0.5163477647392121]",29.41204913772857,2.5531978815512404
"[0.20465943746050846, 0.6589175396830939, -0.9008301232323837, 0.5163449589571749]",29.412101062911216,2.5532607140326373
"[0.20465089674277653, 0.6589188425484823, -0.900831924826863, 0.5163421523743889]",29.41215298817016,2.5533235465140334
"[0.20464235640031425, 0.6589201454910844, -0.9008337264149219, 0.5163393456355289]",29.412204913360192,2.5533863789954303
"[0.20463381514880488, 0.6589214487068527, -0.900835528267485, 0.5163365383184796]",29.412256839491377,2.553449211476827
"[0.20462527420250426, 0.6589227520105375, -0.900837330128393, 0.5163337308222963]",29.412308767830265,2.5535120439582233
"[0.20461673237033362, 0.6589240555839091, -0.9008391322489233, 0.5163309227554203]",29.412360697108355,2.5535748764396202
"[0.20460819064412059, 0.6589253592756262, -0.900840934419825, 0.5163281144438601]",29.41241262425587,2.5536377089210167
"[0.20459964682324383, 0.6589266634216167, -0.9008427371054109, 0.5163253051639916]",29.41246455284891,2.553700541402413
"[0.20459110505909373, 0.6589279673881939, -0.9008445394297606, 0.5163224962808327]",29.4125164811912,2.5537633738838097
"[0.2045825613944958, 0.6589292717794676, -0.9008463422278299, 0.5163196864930799]",29.412568411866587,2.5538262063652066
"[0.20457401706405512, 0.6589305764070023, -0.9008481452391305, 0.5163168762066366]",29.412620342752362,2.553889038846603
"[0.20456547294020372, 0.6589318811376359, -0.900849948279555, 0.5163140657083746]",29.412672273339837,2.5539518713279996
"[0.20455692816305787, 0.6589331861025952, -0.9008517515305725, 0.516311254715535]",29.41272420573992,2.5540147038093965
"[0.20454838387333357, 0.658934491127775, -0.9008535547514303, 0.5163084436032387]",29.412776140917277,2.5540775362907926
"[0.2045398379368387, 0.6589357965391385, -0.9008553583925484, 0.516305631669306]",29.412828072649447,2.5541403687721895
"[0.20453129108498452, 0.6589371022250281, -0.9008571622995835, 0.516302819154259]",29.41288000737529,2.554203201253586
"[0.20452274426304837, 0.6589384080410599, -0.9008589662730274, 0.516300006369108]",29.412931941478476,2.554266033734983
"[0.20451419834619608, 0.6589397138535061, -0.9008607701281376, 0.5162971936019056]",29.412983877402226,2.5543288662163794
"[0.20450565118620548, 0.6589410199906439, -0.9008625743183503, 0.5162943801455457]",29.41303581505516,2.554391698697776
"[0.20449710329464038, 0.6589423263742913, -0.9008643787357044, 0.5162915661683858]",29.41308775031481,2.554454531179173
"[0.2044885547295308, 0.6589436329956745, -0.9008661833679515, 0.5162887516893759]",29.413139688107325,2.554517363660569
"[0.2044800059443647, 0.6589449397854841, -0.9008679881193643, 0.5162859368577911]",29.413191625726792,2.554580196141966
"[0.20447145707578396, 0.6589462467228443, -0.9008697929610898, 0.5162831217185979]",29.413243562961735,2.5546430286233623
"[0.2044629073073528, 0.6589475539326006, -0.9008715980654988, 0.5162803060028813]",29.413295502357116,2.554705861104759
"[0.20445435804251794, 0.658948861200179, -0.9008734031362791, 0.516277490172823]",29.413347443668115,2.5547686935861558
"[0.204445807554537, 0.6589501687896447, -0.9008752085380104, 0.5162746736596384]",29.41339938500307,2.5548315260675523
"[0.20443725687351544, 0.6589514765435008, -0.9008770140531999, 0.5162718568025678]",29.413451325317872,2.5548943585489488
"[0.20442870544675668, 0.6589527845463061, -0.9008788197985544, 0.5162690394194765]",29.41350326771047,2.5549571910303452
"[0.2044201539698081, 0.6589540926916999, -0.9008806256272, 0.5162662217394658]",29.41355521078537,2.555020023511742
"[0.20441160113186072, 0.6589554011802182, -0.9008824318159547, 0.516263403330574]",29.413607152752355,2.5550828559931387
"[0.20440304930856557, 0.6589567096484438, -0.9008842378631206, 0.5162605849755965]",29.413659096148493,2.555145688474535
"[0.20439449732191475, 0.6589580182765944, -0.9008860440174611, 0.5162577662863462]",29.413711042856526,2.555208520955932
"[0.20438594314109762, 0.6589593273754983, -0.9008878507078957, 0.5162549465933368]",29.413762986934337,2.555271353437328
"[0.20437738971913458, 0.6589606364932382, -0.9008896573107461, 0.5162521268699289]",29.413814933353247,2.555334185918725
"[0.20436883517332613, 0.6589619459180128, -0.9008914642236541, 0.5162493064953992]",29.413866880142415,2.5553970184001216
"[0.2043602807501375, 0.6589632554590656, -0.900893271183341, 0.5162464858806268]",29.413918826416047,2.5554598508815185
"[0.20435172601698914, 0.6589645651825629, -0.9008950782811833, 0.5162436648830392]",29.413970773924767,2.555522683362915
"[0.2043431696188387, 0.6589658752960775, -0.9008968858034264, 0.516240843055608]",29.414022720543336,2.5555855158443115
"[0.20433461417343873, 0.6589671853987772, -0.9008986931970803, 0.5162380212616454]",29.414074670720634,2.5556483483257084
"[0.2043260578957072, 0.6589684957640294, -0.9009005008392421, 0.516235198912365]",29.41412662147813,2.5557111808071045
"[0.204317501430693, 0.6589698062930717, -0.9009023085936406, 0.5162323762204839]",29.414178571511062,2.5557740132885014
"[0.20430894388738222, 0.6589711171224061, -0.9009041166485304, 0.5162295528919952]",29.41423052147406,2.555836845769898
"[0.2043003864570719, 0.658972428069578, -0.9009059247522154, 0.5162267293198782]",29.41428247429143,2.5558996782512944
"[0.20429182800004714, 0.6589737393092123, -0.9009077331455089, 0.5162239051280206]",29.414334426605166,2.5559625107326913
"[0.20428326994832416, 0.6589750506219284, -0.9009095415258264, 0.5162210807889293]",29.414386379280014,2.556025343214088
"[0.20427471056100344, 0.6589763622744994, -0.9009113502610357, 0.5162182557280193]",29.41443833246574,2.5560881756954843
"[0.20426615185817285, 0.6589776739574038, -0.9009131589242568, 0.5162154306119608]",29.414490289513147,2.556151008176881
"[0.20425759120432677, 0.6589789860745333, -0.9009149680724508, 0.5162126045708014]",29.414542241488057,2.5562138406582777
"[0.2042490316131192, 0.658980298164052, -0.9009167770687285, 0.5162097785992895]",29.414594197727883,2.556276673139674
"[0.20424047030644438, 0.6589816106518164, -0.90091858650022, 0.5162069517802036]",29.41464615152736,2.5563395056210707
"[0.20423190918678424, 0.6589829232462049, -0.9009203959648471, 0.5162041247416326]",29.41469810864548,2.5564023381024676
"[0.20422334767913963, 0.6589842360353922, -0.9009222055841328, 0.5162012972936718]",29.414750066357,2.556465170583864
"[0.20421478557151806, 0.6589855490518942, -0.9009240154028916, 0.5161984693662749]",29.414802026198856,2.5565280030652606
"[0.20420622250302967, 0.6589868623511114, -0.9009258254974154, 0.5161956408401376]",29.41485398487646,2.5565908355466576
"[0.2041976607692498, 0.658988175580967, -0.9009276353824429, 0.5161928124735399]",29.414905943443376,2.556653668028054
"[0.20418909714753739, 0.6589894892357794, -0.9009294457392139, 0.5161899832018451]",29.414957904915955,2.5567165005094505
"[0.20418053348616272, 0.6589908030320706, -0.9009312561770186, 0.5161871536355896]",29.41500986376278,2.556779332990847
"[0.20417196870587379, 0.6589921171354535, -0.9009330669240253, 0.5161843234180941]",29.41506182463353,2.556842165472244
"[0.20416340415274786, 0.6589934313394084, -0.9009348776956535, 0.5161814929941321]",29.415113787297322,2.5569049979536405
"[0.20415483970743384, 0.6589947456622673, -0.900936688517121, 0.5161786623242386]",29.41516574950862,2.556967830435037
"[0.20414627442507863, 0.6589960602490226, -0.9009384995882073, 0.5161758310961165]",29.415217713833904,2.557030662916434
"[0.20413770830155908, 0.658997375100371, -0.9009403109097927, 0.5161729993082843]",29.41526967503693,2.55709349539783
"[0.20412914195572, 0.6589986901213504, -0.9009421223510273, 0.516170167165259]",29.41532164080294,2.557156327879227
"[0.2041205746896924, 0.6590000054191382, -0.9009439340594844, 0.516167334436229]",29.415373605963968,2.5572191603606234
"[0.20411200866176551, 0.6590013206623181, -0.9009457455787497, 0.5161645018349039]",29.415425571634337,2.55728199284202
"[0.20410343993972, 0.6590026364547501, -0.9009475577403981, 0.5161616680608233]",29.415477536871553,2.557344825323417
"[0.2040948720411555, 0.659003952256324, -0.9009493698005235, 0.5161588342771996]",29.415529505353017,2.5574076578048133
"[0.2040863045472307, 0.6590052681312996, -0.9009511818476885, 0.5161560003456024]",29.41558147352254,2.5574704902862098
"[0.20407773490956344, 0.6590065844711313, -0.9009529944208946, 0.5161531654229826]",29.41563344186105,2.5575333227676063
"[0.20406916534401046, 0.6590079009355369, -0.9009548070514772, 0.5161503302422142]",29.41568541123653,2.557596155249003
"[0.20406059607458257, 0.6590092174900838, -0.9009566196920415, 0.5161474948774384]",29.415737379113285,2.5576589877303997
"[0.20405202488720864, 0.6590105344749749, -0.9009584328109378, 0.5161446585959831]",29.41578934928116,2.557721820211796
"[0.20404345555455525, 0.6590118513105384, -0.9009602456101001, 0.5161418226462414]",29.415841321466747,2.557784652693193
"[0.20403488295736058, 0.6590131687834754, -0.9009620591724928, 0.5161389853339616]",29.415893293223824,2.5578474851745896
"[0.20402631193614992, 0.6590144861499219, -0.9009638724740973, 0.5161361482611361]",29.415945266559415,2.557910317655986
"[0.20401773977353496, 0.6590158038275338, -0.9009656860897954, 0.5161333105283004]",29.415997236102857,2.5579731501373826
"[0.20400916768886945, 0.6590171216289042, -0.9009674997616118, 0.5161304725390494]",29.41604921118447,2.5580359826187795
"[0.20400059546886307, 0.6590184395868414, -0.9009693135346647, 0.5161276342227389]",29.416101184575833,2.558098815100176
"[0.20399202205944075, 0.6590197578634058, -0.9009711276319957, 0.5161247952303273]",29.41615315837081,2.5581616475815725
"[0.20398344884331904, 0.6590210762460491, -0.9009729417610264, 0.516121956019583]",29.416205136299055,2.5582244800629694
"[0.20397487428631247, 0.6590223949707181, -0.9009747562464036, 0.5161191160823722]",29.416257110835286,2.5582873125443655
"[0.20396629955001142, 0.6590237138588038, -0.9009765708423307, 0.5161162758033367]",29.416309087683203,2.5583501450257624
"[0.20395772556699748, 0.6590250327668562, -0.9009783853514374, 0.5161134354913998]",29.416361066344567,2.558412977507159
"[0.20394914896349933, 0.6590263522139039, -0.9009802004877273, 0.5161105940288214]",29.416413043014305,2.5584758099885554
"[0.20394057300998433, 0.6590276716968532, -0.9009820155590621, 0.5161077524990223]",29.41646502124709,2.5585386424699523
"[0.20393199622728134, 0.6590289914432923, -0.9009838308784972, 0.5161049104118821]",29.416517000443033,2.558601474951349
"[0.2039234195893871, 0.6590303113033787, -0.9009856462398786, 0.5161020680900975]",29.416568978956345,2.5586643074327458
"[0.20391484274049426, 0.6590316313318695, -0.9009874617185104, 0.5160992254157436]",29.41662096041172,2.558727139914142
"[0.203906264996078, 0.6590329516341462, -0.9009892774592925, 0.5160963821618808]",29.41667294267458,2.5587899723955387
"[0.20389768744553233, 0.6590342720425493, -0.9009910932316204, 0.5160935386895626]",29.416724922926058,2.5588528048769352
"[0.20388910859014972, 0.6590355927878145, -0.9009929093527601, 0.5160906945019024]",29.41677690637068,2.5589156373583317
"[0.20388052936809348, 0.6590369137255528, -0.9009947256241161, 0.5160878499098398]",29.416828887449753,2.5589784698397287
"[0.20387195130997077, 0.659038234620083, -0.9009965417216312, 0.5160850054209027]",29.416880871868926,2.559041302321125
"[0.20386337090541276, 0.6590395560119826, -0.9009983583885063, 0.5160821598709817]",29.416932856828975,2.5591041348025216
"[0.2038547903944287, 0.6590408775563487, -0.9010001751505022, 0.5160793140028093]",29.41698483946256,2.559166967283918
"[0.2038462098185664, 0.65904219924679, -0.9010019919988154, 0.5160764678301468]",29.417036828172495,2.559229799765315
"[0.20383762951669254, 0.65904352103111, -0.9010038088616821, 0.5160736214653943]",29.417088814059372,2.5592926322467116
"[0.20382904759400886, 0.6590448432012356, -0.901005626140331, 0.5160707742799095]",29.417140800981155,2.559355464728108
"[0.20382046695392297, 0.6590461653098659, -0.9010074432199409, 0.5160679272369162]",29.41719279011757,2.559418297209505
"[0.20381188278884735, 0.659047488097814, -0.90100926111861, 0.5160650787411426]",29.417244775966992,2.559481129690901
"[0.20380330054539775, 0.6590488107258237, -0.9010110786829006, 0.516062230599851]",29.417296765421355,2.559543962172298
"[0.20379471652209566, 0.6590501337643224, -0.9010128966967093, 0.5160593815846687]",29.41734875249782,2.5596067946536945
"[0.2037861343546285, 0.6590514566529672, -0.9010147143900208, 0.5160565329022443]",29.4174007442432,2.559669627135091
"[0.20377754882646393, 0.6590527801959022, -0.9010165328676992, 0.5160536828209572]",29.417452735446986,2.559732459616488
"[0.203768965195346, 0.6590541035825924, -0.9010183510161313, 0.5160508330861557]",29.41750472555364,2.5597952920978844
"[0.20376037982949163, 0.6590554273730111, -0.9010201696045688, 0.5160479824920465]",29.417556719128427,2.5598581245792813
"[0.20375179520944997, 0.6590567511846962, -0.9010219881075762, 0.516045131862199]",29.417608711650768,2.5599209570606773
"[0.20374320938192925, 0.6590580753188674, -0.9010238069389218, 0.5160422805479735]",29.41766070422644,2.5599837895420743
"[0.20373462273089968, 0.6590593997163663, -0.9010256260172818, 0.516039428676766]",29.417712696250447,2.5600466220234708
"[0.20372603593332628, 0.6590607242728042, -0.901027445199243, 0.5160365764733592]",29.417764691713213,2.5601094545048673
"[0.203717448186458, 0.6590620491120355, -0.9010292646548811, 0.5160337236710507]",29.41781668663003,2.560172286986264
"[0.2037088603886127, 0.6590633740955077, -0.9010310841938757, 0.516030870568191]",29.41786868428004,2.5602351194676607
"[0.20370027265039492, 0.6590646992061603, -0.9010329037927824, 0.5160280172015163]",29.417920678862146,2.560297951949057
"[0.20369168388310788, 0.6590660246120048, -0.9010347236822822, 0.5160251632092419]",29.41797267621536,2.5603607844304537
"[0.20368309465390513, 0.6590673502255633, -0.901036543742208, 0.5160223087797392]",29.418024673588576,2.5604236169118506
"[0.20367450693952796, 0.6590686757417304, -0.9010383635536675, 0.51601945456998]",29.418076673168922,2.560486449393247
"[0.20366591557315877, 0.6590700019580656, -0.9010401842115705, 0.5160165988626007]",29.41812867123804,2.5605492818746436
"[0.2036573263280658, 0.6590713279834091, -0.9010420044924732, 0.5160137435765106]",29.418180672036247,2.5606121143560405
"[0.20364873553046206, 0.6590726543849196, -0.9010438251749285, 0.5160108874904641]",29.41823267306814,2.5606749468374366
"[0.20364014373715963, 0.6590739810766892, -0.901045646140952, 0.5160080307894447]",29.418284673060093,2.5607377793188335
"[0.2036315523201781, 0.6590753078468795, -0.9010474670997536, 0.5160051739295933]",29.418336671937144,2.5608006118002304
"[0.20362296065461652, 0.6590766347919939, -0.901049288183771, 0.5160023167031125]",29.418388675125623,2.5608634442816265
"[0.20361436834919386, 0.6590779619725031, -0.9010511094759388, 0.5159994589798073]",29.41844067650817,2.5609262767630234
"[0.2036057750673372, 0.659079289440396, -0.9010529310476173, 0.5159966006476968]",29.418492680928427,2.56098910924442
"[0.20359718137365324, 0.659080617108532, -0.9010547527791264, 0.5159937418944522]",29.4185446846773,2.561051941725817
"[0.20358858862806575, 0.65908194476679, -0.9010565743821684, 0.5159908831724945]",29.4185966910567,2.5611147742072133
"[0.20357999350183884, 0.6590832729295258, -0.9010583965624214, 0.5159880233743077]",29.418648696000304,2.56117760668861
"[0.20357139890271742, 0.6590846011474728, -0.9010602187034533, 0.5159851634672578]",29.418700701081296,2.5612404391700068
"[0.2035628039836017, 0.6590859295515354, -0.9010620409848464, 0.5159823031694748]",29.41875270766819,2.561303271651403
"[0.203554209511397, 0.6590872580231895, -0.9010638632439907, 0.5159794427361659]",29.418804715551225,2.5613661041327997
"[0.20354561339660662, 0.6590885868854434, -0.9010656859239223, 0.5159765814718341]",29.41885672451427,2.5614289366141962
"[0.20353701614336364, 0.6590899160604362, -0.901067508917773, 0.5159737195441318]",29.418908731430584,2.5614917690955927
"[0.20352841992144133, 0.6590912452127166, -0.9010693317654479, 0.5159708576753379]",29.41896074087046,2.5615546015769897
"[0.2035198223402671, 0.6590925747119295, -0.9010711549738688, 0.5159679950695496]",29.41901275133822,2.561617434058386
"[0.20351122446487918, 0.6590939043934202, -0.9010729783171935, 0.5159651320812899]",29.419064759840897,2.5616802665397826
"[0.20350262660374918, 0.6590952342094994, -0.9010748017299994, 0.5159622688132443]",29.41911677095045,2.561743099021179
"[0.20349402797263008, 0.659096564281495, -0.9010766253786077, 0.5159594050041841]",29.419168784580457,2.561805931502576
"[0.20348542874857858, 0.6590978945820207, -0.9010784492254782, 0.5159565407130458]",29.419220795930276,2.5618687639839726
"[0.20347682985948323, 0.6590992249675783, -0.9010802730738011, 0.5159536762488269]",29.419272808069984,2.561931596465369
"[0.20346823020984392, 0.6591005556076621, -0.9010820971559325, 0.515950811246578]",29.419324822085606,2.561994428946766
"[0.20345962972937603, 0.659101886513189, -0.9010839214867915, 0.5159479456827941]",29.419376837414596,2.5620572614281625
"[0.20345102989402075, 0.6591032174557677, -0.9010857457532951, 0.5159450800492202]",29.419428852712755,2.562120093909559
"[0.20344242749220173, 0.6591045489324845, -0.9010875706367237, 0.5159422132755898]",29.419480866545882,2.5621829263909555
"[0.20343382669222515, 0.6591058802981978, -0.9010893952528304, 0.5159393467509428]",29.419532882616444,2.5622457588723524
"[0.20342522450643172, 0.6591072120153844, -0.9010912202354198, 0.5159364794795336]",29.41958489936398,2.562308591353749
"[0.20341662203237315, 0.6591085439141683, -0.9010930453516555, 0.5159336118271112]",29.419636916677277,2.5623714238351454
"[0.20340801832202296, 0.6591098761413753, -0.901094870802681, 0.5159307434775566]",29.41968893426468,2.5624342563165423
"[0.20339941593836833, 0.6591112083001465, -0.9010966960446977, 0.5159278752853248]",29.41974095279421,2.5624970887979384
"[0.2033908129275819, 0.6591125406930358, -0.9010985214922468, 0.5159250065990008]",29.419792971377124,2.5625599212793353
"[0.20338220793089373, 0.6591138735305486, -0.9011003474336667, 0.5159221369653605]",29.419844993651246,2.562622753760732
"[0.20337360248950329, 0.6591152065740329, -0.9011021735419414, 0.515919266898235]",29.419897012891667,2.5626855862421283
"[0.20336499780559072, 0.6591165396372519, -0.9011039995619531, 0.5159163967985864]",29.419949033499655,2.562748418723525
"[0.20335639204651024, 0.6591178730041419, -0.9011058258826039, 0.5159135260551002]",29.420001055645564,2.5628112512049217
"[0.203347785673573, 0.65911920660327, -0.9011076524060077, 0.5159106548215714]",29.42005307669111,2.562874083686318
"[0.2033391799241485, 0.6591205402429045, -0.9011094788695485, 0.515907783510796]",29.420105099095288,2.5629369161677147
"[0.20333057341622907, 0.6591218741372227, -0.9011113055665327, 0.5159049116616511]",29.420157125550112,2.5629997486491116
"[0.20332196474264957, 0.659123208504392, -0.9011131327956527, 0.5159020388044306]",29.42020914996272,2.563062581130508
"[0.20331335776362494, 0.6591245427460809, -0.9011149597375588, 0.5158991662273232]",29.42026117359041,2.5631254136119046
"[0.20330474915389032, 0.6591258773777845, -0.9011167870980686, 0.5158962928204958]",29.42031319698148,2.5631882460933015
"[0.2032961403902017, 0.6591272121705637, -0.9011186145637272, 0.515893419076813]",29.42036522329651,2.563251078574698
"[0.2032875315629265, 0.6591285471104532, -0.9011204421153408, 0.5158905450263728]",29.420417248963457,2.5633139110560945
"[0.20327892295881286, 0.6591298821529759, -0.9011222696920254, 0.515887670764919]",29.420469278311383,2.563376743537491
"[0.2032703123966084, 0.6591312176364709, -0.9011240977568634, 0.5158847955640478]",29.420521306638864,2.563439576018888
"[0.2032617019584493, 0.6591325532379942, -0.9011259258678295, 0.5158819201189864]",29.420573335772996,2.5635024085002844
"[0.2032530915426487, 0.6591338889733689, -0.9011277540464945, 0.5158790443957105]",29.42062536566747,2.563565240981681
"[0.2032444795766451, 0.6591352250865776, -0.9011295826267588, 0.5158761678689389]",29.420677393755813,2.563628073463078
"[0.20323586777461558, 0.6591365613117192, -0.9011314112446579, 0.5158732911111409]",29.420729423527984,2.563690905944474
"[0.2032272565046924, 0.6591378975916201, -0.9011332398220099, 0.5158704142453665]",29.420781454478572,2.563753738425871
"[0.20321864291749397, 0.65913923436853, -0.9011350689638813, 0.5158675363195377]",29.420833488158618,2.5638165709072673
"[0.20321003097522383, 0.6591405710275442, -0.9011368978288765, 0.5158646586574598]",29.42088552036486,2.563879403388664
"[0.2032014178016782, 0.6591419080150733, -0.9011387270277835, 0.5158617802980643]",29.420937553009313,2.5639422358700608
"[0.20319280248981744, 0.6591432454719985, -0.9011405567532647, 0.5158589009380563]",29.42098958688257,2.5640050683514573
"[0.20318418831688628, 0.6591445828895798, -0.901142386309301, 0.5158560216726812]",29.42104162201757,2.5640679008328537
"[0.20317557443458198, 0.6591459203994968, -0.9011442158760343, 0.5158531422184508]",29.42109365633663,2.5641307333142502
"[0.20316695762983505, 0.6591472585007269, -0.9011460461359356, 0.515850261501151]",29.42114569196629,2.564193565795647
"[0.20315834318450035, 0.6591485963730437, -0.9011478759671097, 0.5158473812865731]",29.421197726441964,2.5642563982770437
"[0.20314972790649316, 0.6591499345121867, -0.9011497060475684, 0.5158445005074893]",29.421249766757757,2.56431923075844
"[0.2031411107595399, 0.6591512730791814, -0.9011515365974649, 0.5158416188172437]",29.421301803153895,2.564382063239837
"[0.20313249333373615, 0.6591526118270727, -0.9011533672790324, 0.5158387367474796]",29.421353839130465,2.5644448957212336
"[0.20312387624590372, 0.6591539506600429, -0.9011551979612228, 0.5158358545044768]",29.421405878507027,2.56450772820263
"[0.2031152590855582, 0.6591552896418634, -0.90115702873123, 0.5158329719509435]",29.421457918075337,2.564570560684027
"[0.20310663985557995, 0.6591566290829147, -0.9011588600133725, 0.515830088418697]",29.421509957665744,2.5646333931654235
"[0.2030980208791565, 0.659157968622218, -0.9011606913140681, 0.5158272046848502]",29.421561997361106,2.56469622564682
"[0.20308940189499125, 0.6591593083003774, -0.9011625226888239, 0.5158243206619849]",29.42161404052634,2.5647590581282165
"[0.20308078293133372, 0.6591606481130107, -0.9011643541316264, 0.5158214363595383]",29.42166608272213,2.5648218906096134
"[0.2030721626703656, 0.6591619882650039, -0.9011661859225067, 0.5158185513364363]",29.42171812319773,2.56488472309101
"[0.20306354132946272, 0.6591633287226248, -0.9011680180152926, 0.5158156656653001]",29.421770166449942,2.5649475555724064
"[0.20305492028585265, 0.659164669271762, -0.9011698501173152, 0.5158127798070563]",29.421822210499606,2.5650103880538033
"[0.20304629987451833, 0.6591660098603103, -0.9011716821573634, 0.5158098938738724]",29.421874255712037,2.5650732205351994
"[0.20303767796172384, 0.6591673508201155, -0.9011735145889093, 0.5158070071513692]",29.421926300800394,2.5651360530165963
"[0.20302905578983002, 0.6591686919580028, -0.901175347147923, 0.5158041200554024]",29.421978345344876,2.565198885497993
"[0.203020433298585, 0.6591700332833624, -0.901177179847209, 0.5158012325657578]",29.42203039273404,2.5652617179793893
"[0.2030118092133327, 0.6591713749945298, -0.9011790129577085, 0.5157983442554755]",29.422082437287013,2.5653245504607862
"[0.20300318587064264, 0.659172716728014, -0.9011808459827687, 0.5157954559070455]",29.422134486601916,2.5653873829421827
"[0.20299456075146075, 0.6591740588757888, -0.9011826794578566, 0.5157925666766648]",29.4221865346158,2.5654502154235796
"[0.20298593735913426, 0.6591754008927077, -0.9011845126382442, 0.5157896777378642]",29.422238581765217,2.5655130479049757
"[0.20297731271595165, 0.6591767432421722, -0.9011863461569232, 0.5157867880930865]",29.42229063200232,2.5655758803863726
"[0.20296868749318617, 0.6591780858197511, -0.9011881798712027, 0.5157838979671376]",29.422342681741746,2.565638712867769
"[0.2029600615740168, 0.6591794286436684, -0.9011900138059239, 0.5157810073207933]",29.422394733350636,2.5657015453491656
"[0.20295143487799028, 0.6591807717264715, -0.9011918479782026, 0.5157781161270285]",29.422446783771406,2.5657643778305625
"[0.20294280790491342, 0.659182114990391, -0.9011936822817741, 0.5157752245532686]",29.42249883567577,2.565827210311959
"[0.20293418066252736, 0.6591834584342352, -0.901195516714991, 0.5157723326020746]",29.422550889092374,2.5658900427933555
"[0.20292555341928564, 0.659184802016209, -0.9011973512207646, 0.5157694403634134]",29.42260294004932,2.565952875274752
"[0.20291692613455029, 0.659186145742647, -0.9011991858077284, 0.5157665478236477]",29.422654995060995,2.566015707756149
"[0.20290829684526543, 0.6591874899193667, -0.9012010208933385, 0.5157636543244801]",29.42270704835494,2.5660785402375454
"[0.2028996675932249, 0.6591888342283346, -0.9012028560434121, 0.5157607605504844]",29.422759103347012,2.566141372718942
"[0.20289103879403816, 0.6591901786048328, -0.9012046911695434, 0.5157578666410015]",29.422811158196648,2.566204205200339
"[0.20288240906137497, 0.6591915232648585, -0.9012065265665669, 0.5157549721310655]",29.42286321546481,2.566267037681735
"[0.20287377887871477, 0.659192868133111, -0.901208362131664, 0.5157520771827655]",29.422915271121767,2.566329870163132
"[0.20286514831667, 0.6591942131986138, -0.901210197849816, 0.5157491818197326]",29.422967328284525,2.5663927026445283
"[0.20285651692652826, 0.6591955585313299, -0.9012120338164701, 0.5157462858913636]",29.423019388261082,2.566455535125925
"[0.20284788504799814, 0.6591969040783506, -0.9012138699593738, 0.5157433895115537]",29.42307144533682,2.5665183676073218
"[0.20283925384030607, 0.6591982496589646, -0.9012157060319305, 0.5157404930692849]",29.423123505392144,2.5665812000887183
"[0.20283062134216323, 0.6591995955789651, -0.9012175424513511, 0.5157375959063324]",29.42317556587077,2.566644032570115
"[0.20282198831482273, 0.6592009417196869, -0.9012193790557086, 0.5157346982781089]",29.42322762611425,2.5667068650515112
"[0.20281335582603163, 0.6592022879146676, -0.9012212156178357, 0.5157318005429545]",29.423279686492524,2.566769697532908
"[0.2028047209743285, 0.6592036346164022, -0.9012230527550344, 0.5157289017268385]",29.423331748790314,2.5668325300143047
"[0.202796087626375, 0.6592049812218813, -0.9012248896446401, 0.5157260031277695]",29.423383809337036,2.566895362495701
"[0.20278745207286053, 0.6592063283096866, -0.9012267270758698, 0.515723103500331]",29.42343587381437,2.566958194977098
"[0.20277881711871104, 0.6592076754423145, -0.901228564451917, 0.5157202037862596]",29.423487937563163,2.5670210274584946
"[0.20277018165278007, 0.6592090227931137, -0.9012304020092037, 0.515717303612417]",29.4235400013815,2.567083859939891
"[0.20276154547237468, 0.6592103703937446, -0.9012322397908684, 0.5157144029106556]",29.42359206586602,2.5671466924212876
"[0.20275290848405586, 0.659211718258827, -0.9012340778168034, 0.5157115016495066]",29.423644132870436,2.5672095249026845
"[0.2027442728220314, 0.6592130660552941, -0.901235915632816, 0.5157086005458887]",29.423696198064462,2.567272357384081
"[0.2027356353383745, 0.6592144142744695, -0.9012377539088343, 0.5157056985422377]",29.423748265812932,2.5673351898654775
"[0.20272699734606772, 0.6592157627114716, -0.9012395923654427, 0.5157027960795584]",29.42380033064172,2.5673980223468744
"[0.2027183587692074, 0.6592171113781783, -0.901241431018801, 0.515699893132283]",29.423852399948057,2.5674608548282705
"[0.20270972139558685, 0.6592184599954667, -0.9012432694883726, 0.5156969903012093]",29.423904471142723,2.5675236873096674
"[0.2027010819635208, 0.6592198090726326, -0.9012451084684117, 0.5156940864901033]",29.423956538946097,2.567586519791064
"[0.20269244213478296, 0.6592211583502474, -0.9012469476052152, 0.5156911822573726]",29.424008608424597,2.567649352272461
"[0.20268380115448562, 0.6592225079462426, -0.9012487870594845, 0.5156882773491777]",29.424060680242558,2.5677121847538573
"[0.20267516121752482, 0.6592238575178151, -0.9012506263639719, 0.5156853725033775]",29.424112749418825,2.567775017235254
"[0.2026665208703479, 0.6592252072920014, -0.9012524658280979, 0.5156824672312906]",29.42416481979894,2.5678378497166507
"[0.20265787945014171, 0.6592265573723797, -0.9012543055929788, 0.5156795613099717]",29.424216894082765,2.567900682198047
"[0.20264923839086496, 0.659227907534943, -0.9012561453533242, 0.5156766552215774]",29.424268966210303,2.5679635146794437
"[0.20264059533850534, 0.6592292581475484, -0.9012579856103352, 0.5156737481743338]",29.4243210408371,2.56802634716084
"[0.2026319533487352, 0.6592306087327319, -0.9012598257134066, 0.5156708411959353]",29.424373116422366,2.5680891796422367
"[0.20262330911403656, 0.6592319598074066, -0.9012616663668044, 0.515667933173766]",29.424425189181694,2.5681520121236336
"[0.20261466673655693, 0.6592333107304553, -0.9012635066970317, 0.515665025487773]",29.424477266088484,2.56821484460503
"[0.20260602264267355, 0.6592346620604759, -0.9012653474650554, 0.5156621169356371]",29.424529343029615,2.5682776770864266
"[0.20259737793037919, 0.6592360136258886, -0.9012671884370762, 0.5156592078866701]",29.42458141652452,2.568340509567823
"[0.20258873255305954, 0.6592373654339927, -0.9012690296230293, 0.5156562983251408]",29.424633496057993,2.56840334204922
"[0.20258008806834057, 0.6592387172412527, -0.9012708706911764, 0.5156533887752373]",29.424685573273408,2.5684661745306165
"[0.20257144281653028, 0.6592400693072077, -0.9012727119949819, 0.5156504786783406]",29.424737651991585,2.568529007012013
"[0.20256279543998099, 0.6592414218442557, -0.9012745538236301, 0.5156475675772979]",29.424789730473783,2.56859183949341
"[0.20255414937083283, 0.6592427743156026, -0.901276395446101, 0.5156446566274687]",29.4248418105977,2.568654671974806
"[0.2025455031781683, 0.6592441269450496, -0.9012782371671578, 0.5156417453471511]",29.424893890804555,2.568717504456203
"[0.20253685555099274, 0.6592454799377501, -0.9012800792660625, 0.515638833294807]",29.424945970941263,2.5687803369376
"[0.20252820735953955, 0.6592468331575706, -0.9012819215574595, 0.5156359207634114]",29.424998055115854,2.5688431694189964
"[0.20251955918715156, 0.6592481865132851, -0.9012837639170741, 0.51563300794934]",29.42505013533448,2.568906001900393
"[0.20251090923089624, 0.6592495402870503, -0.9012856067290109, 0.515630094245283]",29.425102217198322,2.5689688343817894
"[0.20250226117423914, 0.6592508939024037, -0.9012874492085186, 0.5156271808919687]",29.42515430201525,2.5690316668631863
"[0.20249361077037523, 0.6592522480240748, -0.9012892922603819, 0.5156242664587094]",29.425206384882454,2.569094499344583
"[0.20248496012747239, 0.6592536023221183, -0.9012911354354584, 0.515621351655637]",29.425258469889766,2.5691573318259793
"[0.20247630955979853, 0.6592549567473454, -0.9012929786667794, 0.5156184365886197]",29.425310556732278,2.569220164307376
"[0.20246765903069847, 0.6592563113054905, -0.9012948219621457, 0.5156155212453085]",29.425362641027093,2.5692829967887723
"[0.20245900711795173, 0.6592576662193026, -0.9012966656246163, 0.5156126051463035]",29.425414727171496,2.569345829270169
"[0.20245035611932283, 0.6592590211289429, -0.9012985091645522, 0.5156096890660468]",29.425466815390006,2.5694086617515657
"[0.2024417036964388, 0.6592603764006767, -0.9013003530802588, 0.5156067722162634]",29.425518903709165,2.569471494232962
"[0.20243305009114496, 0.659261731996684, -0.9013021973202209, 0.5156038546783484]",29.425570990454244,2.569534326714359
"[0.20242439662559064, 0.6592630877098795, -0.9013040416026665, 0.5156009368979956]",29.425623078775345,2.5695971591957556
"[0.20241574295273515, 0.6592644435946367, -0.9013058860015519, 0.5155980187581779]",29.425675169597625,2.569659991677152
"[0.20240708869321108, 0.6592657997104208, -0.9013077305977334, 0.5155951001309158]",29.425727259805797,2.5697228241585486
"[0.2023984345603722, 0.6592671559454655, -0.9013095752391606, 0.5155921812567513]",29.42577935052284,2.5697856566399455
"[0.20238977889876825, 0.6592685125592426, -0.9013114202787036, 0.5155892615772522]",29.425831442161126,2.569848489121342
"[0.20238112411659032, 0.6592698691743288, -0.9013132652030316, 0.5155863419046977]",29.42588353484189,2.5699113216027385
"[0.2023724671098445, 0.6592712262773116, -0.9013151106738235, 0.5155834211918741]",29.42593562634091,2.5699741540841354
"[0.20236381138796883, 0.6592725833180728, -0.9013169559429507, 0.515580500622734]",29.425987719531793,2.570036986565532
"[0.20235515404976875, 0.6592739407514412, -0.9013188016289039, 0.5155775792183837]",29.426039815284785,2.5700998190469284
"[0.20234649734694268, 0.6592752982244128, -0.9013206472516335, 0.5155746577385634]",29.426091910491536,2.570162651528325
"[0.20233783995513646, 0.6592766559446754, -0.901322493093486, 0.5155717357363045]",29.42614400404017,2.570225484009722
"[0.2023291820236522, 0.6592780138888216, -0.901324339122637, 0.5155688132619601]",29.426196100513685,2.5702883164911183
"[0.20232052167202716, 0.6592793723518875, -0.9013261857400605, 0.5155658896805956]",29.426248196644305,2.570351148972515
"[0.20231186223977915, 0.6592807308100694, -0.9013280322336928, 0.5155629661194955]",29.426300294312092,2.5704139814539118
"[0.20230320295806636, 0.6592820893839596, -0.901329878767454, 0.5155600423191292]",29.42635238986211,2.570476813935308
"[0.2022945439330637, 0.6592834480568931, -0.9013317253186892, 0.5155571183153583]",29.426404488872077,2.5705396464167047
"[0.20228588428702665, 0.65928480696661, -0.9013335720745734, 0.5155541938117514]",29.42645658714256,2.5706024788981012
"[0.20227722256919603, 0.6592861663408365, -0.9013354193445197, 0.5155512683182211]",29.426508685573726,2.5706653113794977
"[0.20226856030112525, 0.6592875259408486, -0.9013372668040526, 0.5155483423485268]",29.426560785742193,2.5707281438608947
"[0.20225989854888088, 0.6592888855993247, -0.9013391142257948, 0.5155454162627561]",29.426612887264138,2.570790976342291
"[0.20225123755732935, 0.6592902452778062, -0.9013409615574944, 0.5155424901436757]",29.426664990753196,2.5708538088236876
"[0.20224257414704822, 0.6592916054754561, -0.9013428094773149, 0.5155395629170416]",29.426717090989094,2.570916641305084
"[0.20223391073238023, 0.6592929658132874, -0.90134465747029, 0.5155366353984705]",29.426769194632044,2.570979473786481
"[0.20222524753603352, 0.6592943262563243, -0.9013465054889033, 0.5155337076632265]",29.426821295644558,2.5710423062678776
"[0.20221658290456607, 0.6592956870642537, -0.9013483538858695, 0.5155307791524529]",29.42687339909871,2.571105138749274
"[0.20220791920548675, 0.6592970478652681, -0.9013502021561326, 0.5155278506662934]",29.42692550553613,2.571167971230671
"[0.20219925415041232, 0.6592984090188095, -0.9013520507878815, 0.5155249214312106]",29.4269776104516,2.5712308037120675
"[0.20219058909714893, 0.6592997703116336, -0.9013538994914428, 0.5155219919061214]",29.42702971480508,2.571293636193464
"[0.2021819230228091, 0.6593011319044563, -0.9013557484850563, 0.5155190617451526]",29.427081820950754,2.5713564686748605
"[0.20217325702560118, 0.6593024936247643, -0.9013575975344091, 0.515516131319562]",29.42713392907611,2.5714193011562574
"[0.20216459024658628, 0.6593038556075449, -0.9013594468227712, 0.5155132003388538]",29.427186034641128,2.571482133637654
"[0.20215592265958435, 0.6593052178569556, -0.9013612963557387, 0.5155102687940825]",29.42723814525115,2.5715449661190504
"[0.2021472551346963, 0.6593065802362659, -0.901363145947645, 0.5155073369794881]",29.427290253144836,2.5716077986004473
"[0.2021385869388453, 0.6593079428607278, -0.9013649957549221, 0.515504404647055]",29.42734236234846,2.5716706310818434
"[0.20212991869968117, 0.6593093056316819, -0.9013668456436283, 0.5155014720090825]",29.42739447307654,2.5717334635632403
"[0.20212124980587126, 0.6593106686452747, -0.9013686957442263, 0.5154985388586789]",29.427446584444617,2.5717962960446368
"[0.20211258054861378, 0.6593120318557463, -0.9013705459945716, 0.5154956052943143]",29.42749869495147,2.5718591285260333
"[0.2021039111375056, 0.6593133952301518, -0.9013723963499296, 0.5154926713868806]",29.42755080436772,2.57192196100743
"[0.20209524094628212, 0.6593147588670097, -0.9013742469439663, 0.5154897369243755]",29.4276029177263,2.5719847934888267
"[0.20208657015928785, 0.6593161227373616, -0.901376097737344, 0.515486801969114]",29.427655029517265,2.572047625970223
"[0.20207789896717815, 0.6593174868112474, -0.9013779486893699, 0.515483866585568]",29.427707144695635,2.5721104584516197
"[0.20206922597281338, 0.659318851308521, -0.9013798000982929, 0.5154809303006403]",29.427759257865876,2.5721732909330166
"[0.20206055562381423, 0.6593202155294029, -0.9013816510146717, 0.5154779946201674]",29.42781137259765,2.572236123414413
"[0.2020518826436438, 0.6593215803041585, -0.9013835025649087, 0.5154750577575213]",29.427863488821195,2.5722989558958096
"[0.20204320960753072, 0.6593229452276043, -0.9013853541992585, 0.5154721205846057]",29.427915604127566,2.5723617883772065
"[0.2020345362475467, 0.6593243103419235, -0.9013872059749154, 0.5154691830106494]",29.42796772217443,2.572424620858603
"[0.20202586184919555, 0.6593256757596123, -0.9013890580444329, 0.5154662447935768]",29.428019838107865,2.5724874533399995
"[0.2020171871445035, 0.6593270413654736, -0.9013909102515241, 0.5154633061812728]",29.428071955935906,2.572550285821396
"[0.20200851371850612, 0.659328406909964, -0.9013927622577335, 0.5154603677107183]",29.428124076175163,2.572613118302793
"[0.20199983792025888, 0.659329772967927, -0.9013946148426377, 0.5154574281449337]",29.42817619252747,2.5726759507841894
"[0.2019911628115311, 0.6593311390573111, -0.9013964673524536, 0.5154544885212261]",29.428228312656987,2.572738783265586
"[0.20198248688137824, 0.6593325054160539, -0.9013983201098253, 0.5154515483275854]",29.42828043488113,2.572801615746983
"[0.20197380935197842, 0.6593338721667162, -0.9014001732808783, 0.5154486073002819]",29.428332553960175,2.572864448228379
"[0.20196513144399358, 0.659335239117091, -0.9014020266049432, 0.5154456658529167]",29.428384675889152,2.572927280709776
"[0.20195645501741963, 0.6593366059741673, -0.9014038796847608, 0.5154427246159959]",29.428436798888274,2.5729901131911728
"[0.2019477767276045, 0.6593379732648655, -0.9014057332346656, 0.5154397824556787]",29.428488921173678,2.573052945672569
"[0.20193909970886864, 0.659339340495382, -0.9014075865852115, 0.5154368404345397]",29.428541043466453,2.5731157781539657
"[0.2019304205462384, 0.6593407082038397, -0.9014094404658145, 0.5154338973946427]",29.42859316431156,2.5731786106353622
"[0.201921741734015, 0.6593420759972134, -0.9014112943437015, 0.515430954181695]",29.428645291777308,2.573241443116759
"[0.20191306162296163, 0.6593434441354599, -0.901413148571167, 0.5154280102363292]",29.428697416973932,2.5733042755981557
"[0.20190438183861145, 0.6593448123623895, -0.9014150028009706, 0.5154250661098072]",29.428749541105717,2.573367108079552
"[0.20189570143329338, 0.6593461808274019, -0.9014168572355546, 0.5154221214806548]",29.4288016674707,2.573429940560949
"[0.20188701884081137, 0.6593475497774771, -0.9014187122095368, 0.5154191758174271]",29.42885379618216,2.573492773042345
"[0.20187833737345584, 0.6593489186904133, -0.9014205670152735, 0.5154162302437854]",29.428905924352858,2.573555605523742
"[0.20186965630914405, 0.659350287680034, -0.9014224218070102, 0.5154132845148012]",29.42895805020302,2.5736184380051386
"[0.20186097314053872, 0.6593516571417888, -0.9014242771204745, 0.515410337779566]",29.429010178879654,2.573681270486535
"[0.20185229168267899, 0.6593530264740048, -0.901426132140511, 0.5154073913327277]",29.42906231179098,2.573744102967932
"[0.20184360676810717, 0.6593543964917942, -0.9014279879712939, 0.5154044434203768]",29.429114438633917,2.5738069354493285
"[0.2018349238311613, 0.6593557663379488, -0.9014298434515983, 0.5154014958869985]",29.42916657101677,2.573869767930725
"[0.20182624025189785, 0.6593571364257699, -0.9014316991412605, 0.515398547843277]",29.42921870148625,2.5739326004121215
"[0.20181755431739443, 0.6593585070255971, -0.9014335554063619, 0.5153955987075204]",29.42927083029375,2.5739954328935184
"[0.2018088684519534, 0.6593598777549475, -0.9014354117288255, 0.5153926493027242]",29.429322965523333,2.574058265374915
"[0.2018001838423354, 0.6593612484265096, -0.9014372678549925, 0.5153897000319245]",29.429375099543893,2.5741210978563114
"[0.20179149902991023, 0.6593626192704726, -0.9014391240965877, 0.5153867503998193]",29.429427232766002,2.5741839303377083
"[0.20178281164042003, 0.6593639906616703, -0.9014409809610964, 0.5153837995998841]",29.42947936501479,2.5742467628191044
"[0.20177412459901953, 0.6593653621383971, -0.901442837823306, 0.5153808486255674]",29.4295315021784,2.5743095953005013
"[0.20176543754440435, 0.659366733757701, -0.901444694760431, 0.515377897354127]",29.42958363725132,2.574372427781898
"[0.20175674944771305, 0.6593681056820291, -0.9014465519924068, 0.515374945436002]",29.429635771050943,2.5744352602632947
"[0.20174806167998555, 0.6593694776949357, -0.9014484092261453, 0.5153719933369383]",29.429687908501002,2.574498092744691
"[0.20173937331015235, 0.6593708499434601, -0.901450266660681, 0.5153690407405471]",29.42974004655119,2.5745609252260877
"[0.20173068375858313, 0.6593722225191975, -0.9014521244199428, 0.5153660874497497]",29.429792184377224,2.5746237577074846
"[0.20172199396218002, 0.6593735952741971, -0.9014539823036362, 0.5153631337828836]",29.429844324093686,2.5746865901888807
"[0.20171330361380063, 0.6593749682569995, -0.9014558403774279, 0.515360179635505]",29.429896461702945,2.5747494226702776
"[0.20170461455781258, 0.6593763411762052, -0.9014576982469571, 0.5153572256345981]",29.429948600232358,2.574812255151674
"[0.20169592209693865, 0.659377714774063, -0.9014595569165987, 0.5153542701831239]",29.43000074191616,2.5748750876330706
"[0.20168723072033137, 0.6593790883412566, -0.9014614154264763, 0.5153513148072659]",29.430052882241284,2.5749379201144675
"[0.20167853855198944, 0.6593804621742432, -0.9014632741777316, 0.5153483588691452]",29.43010502272296,2.575000752595864
"[0.20166984677769617, 0.6593818360856388, -0.9014651329167855, 0.5153454027719542]",29.430157165366317,2.5750635850772605
"[0.20166115413098842, 0.6593832102756471, -0.9014669919144697, 0.5153424460849324]",29.430209307894355,2.575126417558657
"[0.2016524615869097, 0.6593845845901362, -0.9014688509622636, 0.5153394891396964]",29.430261452164643,2.575189250040054
"[0.20164376733516776, 0.6593859593153754, -0.9014707104473371, 0.515336531320328]",29.430313595547307,2.5752520825214504
"[0.20163507317471732, 0.6593873341669538, -0.9014725699849497, 0.5153335732387532]",29.4303657394243,2.575314915002847
"[0.20162637818404597, 0.6593887092906239, -0.9014744297721962, 0.5153306145813824]",29.43041788389915,2.575377747484244
"[0.20161768442009925, 0.6593900843610625, -0.9014762893690992, 0.5153276560481563]",29.43047003149361,2.5754405799656404
"[0.20160898847021058, 0.6593914599180668, -0.9014781495056305, 0.5153246964776713]",29.430522178005567,2.575503412447037
"[0.20160029247725336, 0.659392835622753, -0.9014800097234272, 0.5153217365990748]",29.430574323441096,2.5755662449284333
"[0.20159159624846457, 0.6593942115055815, -0.9014818700637244, 0.5153187763467879]",29.43062647066604,2.5756290774098303
"[0.2015828992892306, 0.6593955876448779, -0.9014837306323272, 0.5153158155523291]",29.43067861794781,2.5756919098912268
"[0.2015742025562176, 0.6593969638892672, -0.9014855912245731, 0.5153128545413695]",29.430730768133294,2.5757547423726233
"[0.20156550536013867, 0.6593983403478396, -0.9014874519879218, 0.5153098930791996]",29.430782916454955,2.57581757485402
"[0.2015568065004646, 0.6593997172106534, -0.901489313179242, 0.5153069307569107]",29.43083506760012,2.5758804073354162
"[0.20154810862170147, 0.6594010940591525, -0.9014911742327203, 0.5153039684750239]",29.430887218821283,2.575943239816813
"[0.20153940842148038, 0.6594024714161308, -0.9014930358549587, 0.515301005108753]",29.430939370944962,2.5760060722982097
"[0.20153070818985827, 0.6594038489191025, -0.9014948975559627, 0.5152980414379835]",29.430991521589878,2.576068904779606
"[0.20152200865578848, 0.6594052264526424, -0.9014967591797304, 0.515295077711049]",29.43104367393747,2.576131737261003
"[0.20151330813468288, 0.6594066042835082, -0.9014986210867428, 0.515292113354025]",29.431095826102876,2.5761945697423996
"[0.2015046071821494, 0.6594079823237493, -0.9015004831581085, 0.5152891485561334]",29.43114798042915,2.576257402223796
"[0.20149590635290598, 0.6594093604855262, -0.9015023452751065, 0.5152861835063592]",29.431200132479493,2.5763202347051926
"[0.2014872048642776, 0.659410738892826, -0.9015042076052396, 0.5152832179379483]",29.431252289090462,2.5763830671865895
"[0.20147850159660893, 0.6594121177230768, -0.9015060703881607, 0.5152802514691754]",29.431304443695577,2.576445899667986
"[0.20146979984172542, 0.6594134964547773, -0.9015079329193066, 0.5152772852220183]",29.431356600278875,2.5765087321493825
"[0.20146109618473085, 0.6594148756290064, -0.9015097959295986, 0.5152743180323809]",29.431408756642973,2.5765715646307794
"[0.20145239289674463, 0.6594162548859275, -0.901511658932915, 0.5152713506744269]",29.431460914373154,2.576634397112176
"[0.2014436890639889, 0.6594176343703589, -0.9015135221248497, 0.5152683828365878]",29.43151307264741,2.5766972295935724
"[0.20143498402705778, 0.6594190141868592, -0.9015153856465702, 0.5152654142939187]",29.43156522890343,2.576760062074969
"[0.2014262794849813, 0.659420394066141, -0.9015172491343566, 0.5152624456257655]",29.431617389200138,2.576822894556366
"[0.20141757502973187, 0.659421774072874, -0.9015191126755451, 0.5152594766929923]",29.431669549336863,2.5768857270377623
"[0.201408868103574, 0.6594231546126269, -0.9015209768177409, 0.5152565066230682]",29.43172170731897,2.576948559519159
"[0.20140016167228356, 0.6594245352152092, -0.9015228409259901, 0.5152535364275538]",29.431773869672426,2.5770113920005557
"[0.2013914548872769, 0.659425916015181, -0.9015247051819696, 0.5152505658169554]",29.431826029809404,2.577074224481952
"[0.20138274806650022, 0.6594272969621375, -0.9015265695175961, 0.5152475948997147]",29.43187819196982,2.5771370569633487
"[0.2013740407737914, 0.6594286781252713, -0.9015284340262589, 0.5152446235269719]",29.431930354696654,2.5771998894447457
"[0.20136533226175563, 0.6594300596231814, -0.9015302988680107, 0.5152416514435799]",29.431982517805444,2.5772627219261417
"[0.20135662290905676, 0.6594314413958469, -0.9015321639617802, 0.5152386787786615]",29.432034683416255,2.5773255544075386
"[0.20134791384222178, 0.6594328232645649, -0.9015340290663197, 0.515235705916673]",29.43208684458681,2.577388386888935
"[0.2013392051223854, 0.6594342052196257, -0.9015358941685188, 0.5152327328785026]",29.43213900995125,2.5774512193703316
"[0.20133049380470233, 0.6594355877283825, -0.9015377598990797, 0.5152297586587116]",29.432191175552575,2.5775140518517285
"[0.20132178422397326, 0.6594369701029289, -0.9015396253296037, 0.5152267847372171]",29.43224334175834,2.577576884333125
"[0.20131307325043324, 0.659438352840014, -0.9015414911304138, 0.5152238100453544]",29.432295508818633,2.5776397168145215
"[0.20130436328221307, 0.6594397355589694, -0.901543356787853, 0.5152208354020449]",29.432347677080173,2.577702549295918
"[0.2012956509229542, 0.659441118799026, -0.9015452230294183, 0.5152178596472551]",29.432399844710716,2.577765381777315
"[0.20128693889000954, 0.659442502128804, -0.9015470892730533, 0.5152148837090059]",29.432452013714332,2.5778282142587114
"[0.20127822577477836, 0.6594438857719895, -0.9015489558204993, 0.5152119071060837]",29.43250418184766,2.577891046740108
"[0.20126951317924333, 0.6594452694742071, -0.9015508223285726, 0.5152089303857221]",29.432556351309795,2.577953879221505
"[0.201260798534166, 0.6594466536435342, -0.9015526893476935, 0.5152059526700353]",29.432608522864147,2.5780167117029014
"[0.20125208588208515, 0.6594480376378893, -0.9015545560117816, 0.5152029753403088]",29.432660694136047,2.578079544184298
"[0.20124337073025583, 0.6594494221709585, -0.9015564232833926, 0.515199996861221]",29.432712865235775,2.5781423766656943
"[0.2012346562709622, 0.659450806735646, -0.9015582904785735, 0.5151970183236619]",29.43276503750394,2.5782052091470913
"[0.2012259398862579, 0.6594521917479276, -0.9015601581582626, 0.5151940388327648]",29.432817211329834,2.5782680416284878
"[0.20121722440925438, 0.659453576757661, -0.9015620257154044, 0.5151910593568958]",29.432869382019913,2.5783308741098843
"[0.2012085075792357, 0.6594549621241198, -0.9015638936344217, 0.5151880791231733]",29.432921556759492,2.578393706591281
"[0.20119979151286027, 0.6594563475109216, -0.9015657614617365, 0.5151850988552301]",29.432973730538702,2.5784565390726772
"[0.2011910753545649, 0.6594577330540419, -0.9015676293806749, 0.5151821182605493]",29.433025907307993,2.578519371554074
"[0.20118235647537186, 0.6594591191714654, -0.9015694979546655, 0.5151791364399628]",29.433078083284872,2.5785822040354707
"[0.20117363803678823, 0.6594605053606437, -0.9015713665061719, 0.5151761544745617]",29.43313025864787,2.578645036516867
"[0.20116492033693212, 0.6594618915741318, -0.9015732349712802, 0.5151731724663857]",29.433182435381486,2.578707868998264
"[0.20115620035863174, 0.6594632782917652, -0.9015751039966649, 0.5151701893832458]",29.43323461134914,2.5787707014796606
"[0.20114748154419299, 0.6594646649661307, -0.9015769728445158, 0.5151672064027063]",29.43328679109349,2.5788335339610575
"[0.20113876169589703, 0.6594660519467765, -0.9015788419858929, 0.5151642227728379]",29.43333897068986,2.5788963664424536
"[0.20113004151485284, 0.6594674391222191, -0.901580711270518, 0.5151612387334589]",29.433391148184366,2.5789591989238505
"[0.20112132001221014, 0.659468826649806, -0.9015825809103736, 0.5151582539460902]",29.43344332762732,2.579022031405247
"[0.20111259949276505, 0.6594702141628702, -0.901584450411373, 0.5151552691994853]",29.433495508314756,2.5790848638866435
"[0.20110387667635404, 0.6594716021833558, -0.9015863204767218, 0.5151522833708692]",29.43354768977757,2.5791476963680404
"[0.20109515622790214, 0.6594729899689572, -0.9015881901063064, 0.5151492980570442]",29.433599871922162,2.579210528849437
"[0.20108643252145447, 0.6594743784150207, -0.9015900605063103, 0.5151463113319967]",29.433652054634305,2.5792733613308334
"[0.20107770958294152, 0.6594757668808645, -0.9015919308135762, 0.515143324573928]",29.43370423744439,2.57933619381223
"[0.20106898584884436, 0.6594771556153404, -0.9015938013633366, 0.5151403372475039]",29.433756421333786,2.579399026293627
"[0.2010602622007983, 0.659478544478146, -0.9015956719665458, 0.5151373496545515]",29.433808603940893,2.5794618587750233
"[0.20105153710816803, 0.6594799337129993, -0.901597542951424, 0.5151343612708014]",29.433860787619626,2.57952469125642
"[0.201042812161712, 0.6594813230666506, -0.9015994139768592, 0.5151313726410198]",29.433912974647495,2.5795875237378167
"[0.201034086400525, 0.659482712692134, -0.9016012852489121, 0.5151283834360151]",29.43396516000986,2.579650356219213
"[0.20102536042021354, 0.6594841024946225, -0.9016031566398558, 0.5151253938597656]",29.434017346536574,2.5797131887006097
"[0.20101663441225853, 0.6594854924436344, -0.9016050281086176, 0.515122403977843]",29.434069534353153,2.579776021182006
"[0.20100790809455685, 0.6594868825841158, -0.9016068997156943, 0.5151194136935624]",29.434121722007394,2.5798388536634027
"[0.20099918137344014, 0.659488272931011, -0.9016087714811748, 0.515116422974778]",29.434173910265834,2.5799016861447996
"[0.2009904533949593, 0.6594896636204162, -0.9016106435882303, 0.515113431528739]",29.434226098941444,2.579964518626196
"[0.20098172559818883, 0.6594910544230637, -0.9016125157281898, 0.5151104398486124]",29.434278287405245,2.580027351107593
"[0.20097299559696447, 0.659492445719251, -0.9016143884129082, 0.5151074471163626]",29.434330476758532,2.580090183588989
"[0.2009642671887236, 0.6594938369038023, -0.9016162608277897, 0.5151044546337469]",29.434382667586206,2.580153016070386
"[0.2009555375978801, 0.6594952284190996, -0.901618133568237, 0.5151014614491832]",29.43443485791669,2.5802158485517825
"[0.20094680790860367, 0.6594966200923612, -0.9016200064016708, 0.5150984679343316]",29.43448705209196,2.580278681033179
"[0.20093807748340647, 0.6594980120252388, -0.9016218794648565, 0.5150954738705368]",29.434539242878817,2.580341513514576
"[0.2009293460358285, 0.6594994042634548, -0.9016237528192623, 0.5150924791594539]",29.43459143605303,2.5804043459959725
"[0.2009206138242923, 0.6595007967658439, -0.9016256264094575, 0.5150894838896233]",29.434643629631385,2.580467178477369
"[0.20091188351618636, 0.6595021891070216, -0.9016274996631003, 0.5150864889760435]",29.43469582513312,2.5805300109587654
"[0.20090315045641827, 0.6595035820294327, -0.9016293735790286, 0.5150834928217304]",29.434748018548998,2.5805928434401624
"[0.2008944180501791, 0.6595049749900003, -0.9016312474265833, 0.5150804965948301]",29.434800213444877,2.580655675921559
"[0.20088568526611147, 0.6595063681532398, -0.9016331214270644, 0.5150774999414722]",29.4348524096849,2.5807185084029554
"[0.2008769514256202, 0.6595077616274524, -0.9016349957261016, 0.5150745026287076]",29.434904605880494,2.5807813408843523
"[0.20086821816526934, 0.6595091551515364, -0.9016368699724825, 0.5150715052181506]",29.434956803734437,2.5808441733657483
"[0.20085948271601176, 0.6595105491673822, -0.9016387447604808, 0.515068506759318]",29.43500900180859,2.5809070058471453
"[0.20085074803815364, 0.6595119432026204, -0.9016406194547694, 0.5150655082682549]",29.4350612003537,2.5809698383285418
"[0.20084201226921808, 0.6595133375545076, -0.901642494455078, 0.5150625091055752]",29.435113398287307,2.5810326708099383
"[0.20083327658347447, 0.6595147320356453, -0.9016443695093707, 0.5150595096743639]",29.435165597518363,2.581095503291335
"[0.20082454073408784, 0.659516126685441, -0.9016462446706196, 0.5150565098898554]",29.435217796922487,2.5811583357727317
"[0.20081580342895394, 0.6595175217102187, -0.9016481202161868, 0.5150535093082635]",29.435269998233448,2.5812211682541286
"[0.20080706710859014, 0.6595189167203351, -0.9016499956221873, 0.5150505087676783]",29.435322200205654,2.581284000735525
"[0.20079832899859357, 0.659520312158829, -0.9016518714841967, 0.5150475073151635]",29.43537440073783,2.5813468332169216
"[0.20078958987701895, 0.6595217079015216, -0.9016537476352083, 0.5150445052178184]",29.435426604059113,2.5814096656983185
"[0.2007808515969678, 0.65952310365246, -0.9016556236773845, 0.5150415031122062]",29.43547880580146,2.5814724981797146
"[0.20077211277141493, 0.6595244996331839, -0.9016574999084942, 0.5150385005218143]",29.43553101113434,2.5815353306611115
"[0.20076337300937652, 0.6595258959061959, -0.9016593764124905, 0.5150354973122108]",29.435583214873635,2.581598163142508
"[0.20075463267166027, 0.6595272924139057, -0.9016612531119116, 0.5150324936072759]",29.435635418528864,2.5816609956239045
"[0.20074589227415665, 0.6595286890738693, -0.9016631298959898, 0.5150294895843044]",29.435687623218143,2.5817238281053014
"[0.2007371520425538, 0.6595300858500657, -0.9016650067162473, 0.5150264853208054]",29.43573983001043,2.581786660586698
"[0.200728410182565, 0.659531483029257, -0.901666883957989, 0.5150234801999755]",29.43579203828174,2.5818494930680944
"[0.20071966861606136, 0.6595328803043241, -0.9016687612085134, 0.5150204748823912]",29.43584424464261,2.581912325549491
"[0.2007109263681813, 0.6595342778311324, -0.9016706386771637, 0.5150174690328326]",29.435896451851182,2.581975158030888
"[0.2007021841241092, 0.6595356755000842, -0.9016725162168011, 0.5150144628869507]",29.435948661963764,2.5820379905122843
"[0.20069343931583106, 0.6595370737218919, -0.9016743943789577, 0.5150114555614497]",29.436000867747783,2.582100822993681
"[0.20068469697296648, 0.6595384716923423, -0.9016762720833951, 0.5150084487860239]",29.436053077543164,2.5821636554750778
"[0.2006759532486337, 0.6595398700265598, -0.901678150156333, 0.5150054412376509]",29.436105288977437,2.5822264879564742
"[0.20066720835412674, 0.6595412686908294, -0.9016800285524079, 0.5150024329888555]",29.43615749888326,2.5822893204378707
"[0.20065846330381673, 0.6595426675229292, -0.9016819070537428, 0.5149994243885287]",29.436209712093685,2.5823521529192672
"[0.20064971693003686, 0.6595440667096802, -0.9016837859111687, 0.5149964150348608]",29.436261923679076,2.582414985400664
"[0.20064097203455505, 0.6595454658028902, -0.9016856645228082, 0.5149934058918298]",29.436314135521826,2.5824778178820607
"[0.20063222531190436, 0.6595468653314052, -0.9016875435987489, 0.5149903958219962]",29.43636634716593,2.582540650363457
"[0.2006234773974194, 0.6595482651936506, -0.9016894230025279, 0.5149873850438301]",29.436418560693088,2.582603482844854
"[0.20061473105880726, 0.6595496649467092, -0.9016913021395173, 0.514984374509928]",29.436470775929052,2.58266631532625
"[0.2006059831163243, 0.6595510650994867, -0.9016931816928686, 0.5149813631257683]",29.43652298913266,2.582729147807647
"[0.20059723422832215, 0.6595524655466712, -0.9016950615211518, 0.5149783511178491]",29.43657520604322,2.5827919802890436
"[0.20058848590765607, 0.659553866046113, -0.9016969412993024, 0.5149753390069735]",29.436627422676167,2.58285481277044
"[0.20057973663116274, 0.6595552668416764, -0.9016988213546008, 0.5149723262686602]",29.436679640349112,2.582917645251837
"[0.20057098763021258, 0.6595566677361985, -0.9017007014224511, 0.5149693133269223]",29.436731855139296,2.5829804777332335
"[0.20056223655475394, 0.6595580691060572, -0.9017025820078618, 0.5149662993723082]",29.43678407275413,2.58304331021463
"[0.20055348759704686, 0.6595594702799056, -0.9017044622099174, 0.5149632858486822]",29.436836291814412,2.5831061426960265
"[0.20054473557256042, 0.659560872088095, -0.9017063431428051, 0.5149602709702001]",29.43688851034054,2.5831689751774234
"[0.20053598445369508, 0.6595622738944229, -0.9017082239528174, 0.514957256105147]",29.436940728495237,2.58323180765882
"[0.20052723149809187, 0.6595636761382048, -0.9017101052293486, 0.5149542403086882]",29.436992948923503,2.5832946401402164
"[0.20051847971401549, 0.6595650783375294, -0.9017119863258298, 0.5149512246172653]",29.43704517027348,2.5833574726216133
"[0.20050972704722064, 0.6595664808215305, -0.9017138676837831, 0.5149482083230192]",29.437097390663034,2.58342030510301
"[0.20050097432580288, 0.6595678834575261, -0.901715749125216, 0.5149451917112895]",29.43714961297342,2.5834831375844063
"[0.2004922198720246, 0.6595692865144421, -0.9017176310107756, 0.5149421742037219]",29.43720183626384,2.5835459700658028
"[0.20048346463383016, 0.6595706898404154, -0.9017195131367108, 0.5149391561269211]",29.43725405721009,2.5836088025471997
"[0.2004747114629456, 0.6595720929783312, -0.9017213948899563, 0.514936138463981]",29.43730628325293,2.583671635028596
"[0.2004659554361538, 0.6595734967174093, -0.9017232773289015, 0.5149331195175653]",29.437358506315096,2.5837344675099927
"[0.20045720022043154, 0.6595749004698248, -0.9017251596652083, 0.5149301005518775]",29.437410731743455,2.5837972999913896
"[0.20044844391760658, 0.659576304539929, -0.901727042306968, 0.5149270809123665]",29.43746295671721,2.5838601324727857
"[0.2004396879624639, 0.6595777086976818, -0.9017289249456949, 0.5149240610937676]",29.4375151847251,2.5839229649541826
"[0.20043093080631288, 0.6595791131914552, -0.9017308079143775, 0.5149210405619163]",29.437567407748514,2.583985797435579
"[0.2004221732753964, 0.6595805178887935, -0.9017326910353649, 0.5149180196016895]",29.43761963462192,2.5840486299169756
"[0.20041341549428499, 0.6595819227697152, -0.9017345742818708, 0.5149149982560406]",29.437671863547436,2.5841114623983725
"[0.20040465716724398, 0.6595833278817008, -0.901736457717486, 0.5149119764228718]",29.437724092280117,2.584174294879769
"[0.20039589759646712, 0.6595847333367458, -0.9017383414922829, 0.5149089538613243]",29.43777632146741,2.5842371273611655
"[0.2003871384822041, 0.6595861388620716, -0.9017402252406171, 0.5149059311580331]",29.437828550375247,2.584299959842562
"[0.20037837834222724, 0.6595875446955398, -0.9017421092812559, 0.5149029078014533]",29.43788077986862,2.584362792323959
"[0.2003696194750618, 0.6595889504682804, -0.9017439931198419, 0.5148998845848693]",29.437933012067464,2.5844256248053554
"[0.20036085793105943, 0.6595903568142415, -0.9017458776058644, 0.5148968601449311]",29.437985240676444,2.584488457286752
"[0.20035209610764507, 0.6595917633486789, -0.901747762223698, 0.5148938353090575]",29.438037475370013,2.584551289768149
"[0.20034333545101002, 0.65959316983942, -0.9017496466622534, 0.5148908105765481]",29.438089707588087,2.5846141222495453
"[0.20033457351511758, 0.6595945766791736, -0.9017515314476704, 0.5148877851028603]",29.438141940309603,2.584676954730942
"[0.2003258109873279, 0.6595959837576264, -0.9017534164321026, 0.5148847591252299]",29.43819417200751,2.5847397872123383
"[0.2003170477183387, 0.6595973910987901, -0.9017553016476749, 0.5148817325920191]",29.438246404818194,2.5848026196937353
"[0.20030828476408427, 0.6595987985331035, -0.9017571868672217, 0.5148787058678754]",29.43829864014889,2.5848654521751318
"[0.20029951967076934, 0.6596002064547181, -0.9017590726186544, 0.5148756781051615]",29.43835087672906,2.5849282846565282
"[0.20029075581985004, 0.659601614320511, -0.901760958174474, 0.5148726504718811]",29.438403112657376,2.584991117137925
"[0.20028199040481925, 0.6596030225813412, -0.9017628441384998, 0.5148696219984511]",29.43845534956086,2.5850539496193212
"[0.20027322576316697, 0.6596044308616884, -0.901764730007797, 0.5148665934924299]",29.438507585994643,2.585116782100718
"[0.20026446057468672, 0.6596058393736819, -0.9017666160664191, 0.5148635644976339]",29.438559823695897,2.585179614582115
"[0.20025569379589106, 0.659607248285058, -0.9017685025389157, 0.5148605346533471]",29.438612058875517,2.585242447063511
"[0.2002469270786408, 0.6596086573304073, -0.9017703890698384, 0.5148575045303465]",29.43866429964787,2.585305279544908
"[0.20023816013138393, 0.6596100665565522, -0.9017722757219249, 0.5148544740279]",29.438716538982625,2.5853681120263046
"[0.2002293929732007, 0.6596114759604745, -0.9017741624910606, 0.5148514431525254]",29.438768779541295,2.585430944507701
"[0.20022062447758734, 0.6596128857233142, -0.9017760496196866, 0.514848411514691]",29.43882101877642,2.585493776989098
"[0.20021185681349932, 0.6596142954963677, -0.9017779366410039, 0.5148453798642634]",29.43887326099401,2.5855566094704945
"[0.20020308719294902, 0.6596157057279535, -0.9017798241550616, 0.5148423472371554]",29.438925504255014,2.5856194419518914
"[0.20019431825503575, 0.6596171159937171, -0.9017817115938426, 0.5148393145459186]",29.438977745020097,2.5856822744332875
"[0.20018554700698638, 0.6596185267750102, -0.9017835996015269, 0.5148362807554308]",29.439029987796467,2.5857451069146844
"[0.20017677614437435, 0.6596199376383388, -0.9017854875979042, 0.5148332467979057]",29.439082231910742,2.585807939396081
"[0.2001680064456542, 0.6596213484584355, -0.9017873754153787, 0.5148302129427066]",29.439134474358013,2.5858707718774774
"[0.2001592343261448, 0.6596227598120226, -0.9017892638256156, 0.5148271779496418]",29.43918671999249,2.5859336043588743
"[0.20015046405109724, 0.6596241710128804, -0.9017911519104127, 0.5148241432943677]",29.439238965997152,2.585996436840271
"[0.20014169139342333, 0.6596255827411996, -0.9017930405797834, 0.5148211075142002]",29.43929121156802,2.5860592693216673
"[0.20013291851416432, 0.6596269946493031, -0.9017949293684947, 0.5148180713568025]",29.439343457493855,2.586122101803064
"[0.20012414558404887, 0.6596284067096713, -0.9017968182397913, 0.5148150348813031]",29.439395703038386,2.5861849342844607
"[0.20011537153615805, 0.6596298190941007, -0.9017987074233861, 0.5148119977183051]",29.439447950001984,2.586247766765857
"[0.20010659794710847, 0.6596312315488273, -0.9018005965798068, 0.5148089604135042]",29.439500197628035,2.5863105992472537
"[0.200097822874484, 0.6596326443865862, -0.9018024861273028, 0.5148059222944009]",29.43955244866378,2.5863734317286506
"[0.20008904808102787, 0.6596340573235875, -0.9018043756863073, 0.5148028839712362]",29.439604696041922,2.5864362642100467
"[0.20008027300928496, 0.6596354704495976, -0.9018062653768524, 0.5147998452509788]",29.43965694649324,2.5864990966914436
"[0.20007149663399304, 0.6596368839297787, -0.9018081554197321, 0.5147968057784825]",29.43970919535012,2.58656192917284
"[0.2000627201717584, 0.6596382975682247, -0.9018100455529523, 0.5147937659750099]",29.439761449520987,2.5866247616542366
"[0.20005394463712928, 0.6596397112015029, -0.9018119355579947, 0.5147907261919937]",29.439813700135137,2.5866875941356335
"[0.2000451659592932, 0.6596411254854331, -0.9018138263116147, 0.5147876850192055]",29.439865950225965,2.58675042661703
"[0.2000363885706536, 0.6596425397059981, -0.9018157168591718, 0.5147846439920277]",29.439918203496156,2.586813259098427
"[0.2000276107076334, 0.659643954147292, -0.9018176075805056, 0.5147816024995298]",29.439970456714917,2.586876091579823
"[0.20001883281634414, 0.6596453687374868, -0.9018194983795149, 0.5147785606961991]",29.440022711077688,2.58693892406122
"[0.20001005322503712, 0.659646783746024, -0.901821389616315, 0.5147755180026425]",29.440074965971714,2.5870017565426164
"[0.20000127362497827, 0.6596481989003699, -0.9018232809265962, 0.5147724750048919]",29.44012722075654,2.587064589024013
"[0.1999924930487396, 0.6596496143564908, -0.9018251725187646, 0.5147694313675745]",29.440179476019313,2.58712742150541
"[0.19998371104506155, 0.6596510301871901, -0.9018270644900541, 0.5147663869341398]",29.4402317320611,2.5871902539868064
"[0.19997493113168163, 0.6596524458253398, -0.9018289560825935, 0.5147633429240807]",29.44028398752303,2.587253086468203
"[0.19996615052640732, 0.6596538617194774, -0.9018308478957686, 0.5147602983728947]",29.440336246656223,2.5873159189495993
"[0.19995736839101808, 0.6596552780048519, -0.9018327401101909, 0.5147572529897843]",29.44038850433644,2.5873787514309963
"[0.19994858605701488, 0.6596566944667647, -0.9018346324389852, 0.5147542072363949]",29.440440762744164,2.5874415839123928
"[0.19993980333557096, 0.6596581111356983, -0.9018365249228347, 0.5147511610471878]",29.44049302151843,2.5875044163937893
"[0.19993101995678556, 0.6596595280552231, -0.9018384176198986, 0.5147481143284802]",29.44054528261406,2.587567248875186
"[0.19992223533098263, 0.6596609453204941, -0.9018403106572599, 0.5147450668756477]",29.44059754043214,2.5876300813565822
"[0.1999134515872975, 0.6596623625880441, -0.9018422035760931, 0.5147420194272446]",29.440649801315313,2.587692913837979
"[0.19990466644678268, 0.6596637802255955, -0.9018440968675141, 0.5147389711925785]",29.4407020637823,2.5877557463193757
"[0.19989588179413606, 0.6596651979290418, -0.9018459901253513, 0.5147359228255417]",29.440754324769777,2.5878185788007726
"[0.19988709545727482, 0.6596666160489686, -0.9018478838177328, 0.5147328735723098]",29.440806586154938,2.587881411282169
"[0.1998783102944158, 0.6596680341240485, -0.9018497773286346, 0.5147298244248099]",29.440858851538465,2.5879442437635656
"[0.19986952362048832, 0.6596694525877433, -0.9018516712367736, 0.5147267744510386]",29.44091111300999,2.5880070762449625
"[0.19986073508513355, 0.6596708714966795, -0.901853565617701, 0.5147237235292236]",29.44096337744132,2.5880699087263586
"[0.1998519483426464, 0.6596722902608787, -0.9018554596837189, 0.5147206729279296]",29.441015643421306,2.5881327412077555
"[0.19984316124444215, 0.6596737092272446, -0.9018573538979457, 0.5147176219012555]",29.44106790859117,2.588195573689152
"[0.1998343724086765, 0.659675128618981, -0.9018592485582771, 0.5147145699692788]",29.441120173784444,2.5882584061705485
"[0.19982558352581167, 0.6596765481631034, -0.9018611433003058, 0.5147115177189413]",29.44117243884168,2.5883212386519454
"[0.19981679391111684, 0.6596779679702542, -0.901863038271644, 0.5147084649123655]",29.44122470659006,2.588384071133342
"[0.19980800358533365, 0.6596793880371161, -0.9018649334678291, 0.5147054115566781]",29.441276976232356,2.5884469036147384
"[0.19979921425290398, 0.6596808080883367, -0.9018668285213686, 0.5147023582439264]",29.441329243646287,2.588509736096135
"[0.1997904234334051, 0.6596822285246825, -0.9018687239670574, 0.5146993041124045]",29.441381513447865,2.588572568577532
"[0.19978163159365786, 0.6596836492707928, -0.9018706197042629, 0.5146962493241521]",29.441433781569,2.5886354010589283
"[0.19977284087522118, 0.6596850699805892, -0.9018725152712005, 0.5146931946232751]",29.441486052760315,2.588698233540325
"[0.19976404863288993, 0.659686491081599, -0.9018744112382568, 0.514690139090542]",29.4415383241104,2.5887610660217217
"[0.19975525626599247, 0.6596879123476903, -0.9018763073036901, 0.5146870832121632]",29.44159059488244,2.588823898503118
"[0.19974646294005555, 0.6596893339137881, -0.9018782036474556, 0.5146840266980371]",29.4416428655637,2.5888867309845147
"[0.19973766989346267, 0.659690755579703, -0.9018801000024865, 0.5146809699785848]",29.441695139391918,2.588949563465911
"[0.19972887426816333, 0.6596921778075956, -0.9018819969851812, 0.5146779120601247]",29.441747409711894,2.589012395947308
"[0.19972008084156428, 0.6596935998249844, -0.9018838935651754, 0.5146748546035583]",29.44179968454015,2.5890752284287046
"[0.19971128532114832, 0.65969502232603, -0.9018857906682736, 0.514671796116381]",29.44185195740943,2.589138060910101
"[0.19970249025464765, 0.6596964448987354, -0.9018876877449662, 0.5146687374844215]",29.441904234497745,2.589200893391498
"[0.19969369356209887, 0.6596978678795564, -0.9018895852439005, 0.5146656779842724]",29.44195650816491,2.589263725872894
"[0.19968489766200376, 0.6596992908772972, -0.9018914826433911, 0.5146626184570325]",29.442008784919675,2.589326558354291
"[0.19967610108147626, 0.6597007141302416, -0.901893380261149, 0.5146595583903755]",29.4420610606774,2.589389390835688
"[0.1996673045308376, 0.6597021375234846, -0.9018952779439393, 0.5146564980313536]",29.442113335480094,2.589452223317084
"[0.1996585059126652, 0.6597035613964689, -0.9018971761442537, 0.5146534366501504]",29.442165612627562,2.589515055798481
"[0.19964970791342945, 0.6597049853144867, -0.9018990742825258, 0.5146503751814052]",29.4422178907323,2.5895778882798774
"[0.1996409096751532, 0.6597064094163931, -0.9019009725438448, 0.5146473133265742]",29.442270170523365,2.589640720761274
"[0.1996321106511171, 0.6597078337907121, -0.9019028710461712, 0.5146442508953282]",29.442322448902104,2.589703553242671
"[0.19962331058012933, 0.659709258479773, -0.9019047698458714, 0.5146411877966588]",29.44237472789293,2.5897663857240674
"[0.19961451070231848, 0.6597106832828364, -0.9019066686753628, 0.5146381244621631]",29.442427008470435,2.589829218205464
"[0.19960571002151478, 0.6597121083612029, -0.9019085677495942, 0.5146350605450336]",29.442479289768993,2.5898920506868603
"[0.19959690960795032, 0.6597135335415998, -0.9019104668376196, 0.5146319964178148]",29.442531573075645,2.5899548831682573
"[0.19958810793827844, 0.6597149590707503, -0.9019123662681717, 0.5146289315500507]",29.442583853469483,2.5900177156496538
"[0.1995793060961652, 0.6597163847731831, -0.901914265807399, 0.5146258663190031]",29.442636135323728,2.5900805481310503
"[0.19957050413066058, 0.6597178106409655, -0.9019161654447088, 0.5146228007417268]",29.442688418733077,2.590143380612447
"[0.19956169983777627, 0.6597192370311956, -0.9019180656557844, 0.5146197340504719]",29.442740701186082,2.5902062130938437
"[0.19955289750757071, 0.6597206632488531, -0.9019199655147063, 0.51461666773951]",29.442792986064003,2.59026904557524
"[0.1995440941521809, 0.659722089778032, -0.9019218656663411, 0.5146136007680524]",29.442845273149953,2.5903318780566367
"[0.19953528905416817, 0.6597235167350641, -0.9019237662655666, 0.5146105328859957]",29.442897556552765,2.5903947105380336
"[0.19952648408047813, 0.6597249438174412, -0.901925666909407, 0.5146074647437228]",29.442949841931334,2.59045754301943
"[0.19951767856533867, 0.6597263711330705, -0.901927567741573, 0.5146043961092258]",29.44300212901132,2.5905203755008266
"[0.19950887351104238, 0.6597277985195061, -0.9019294685456901, 0.5146013273317626]",29.4430544156516,2.5905832079822235
"[0.1995000671247705, 0.6597292262674058, -0.9019313697087858, 0.5145982577864379]",29.44310670480963,2.5906460404636196
"[0.1994912613020962, 0.6597306540694693, -0.9019332708216348, 0.5145951881339217]",29.443158993349154,2.5907088729450165
"[0.19948245380367283, 0.6597320822888273, -0.9019351723676983, 0.514592117593518]",29.443211281066127,2.590771705426413
"[0.19947364583601146, 0.6597335107298796, -0.9019370740865055, 0.5145890465857409]",29.44326357087384,2.5908345379078095
"[0.1994648379913273, 0.6597349392966064, -0.9019389758501857, 0.5145859753170323]",29.44331586137399,2.5908973703892064
"[0.19945603058665448, 0.6597363679375747, -0.9019408775902686, 0.5145829038979627]",29.443368152403526,2.590960202870603
"[0.1994472207195353, 0.6597377971236481, -0.9019427799334812, 0.5145798313162326]",29.44342044254456,2.5910230353519994
"[0.19943841181450303, 0.6597392262993177, -0.9019446821403626, 0.5145767587661186]",29.443472732788273,2.591085867833396
"[0.1994296017694985, 0.6597406558056348, -0.9019465846648225, 0.5145736855144006]",29.443525026358678,2.591148700314793
"[0.1994207911629278, 0.6597420855487903, -0.9019484873819689, 0.5145706117627543]",29.44357732037287,2.5912115327961893
"[0.19941198037658298, 0.659743515466876, -0.9019503902093449, 0.5145675376442933]",29.443629612065028,2.591274365277586
"[0.19940316969467356, 0.6597449455137263, -0.9019522930855677, 0.5145644632582256]",29.443681906923548,2.5913371977589827
"[0.19939435757582258, 0.6597463759396014, -0.9019541963435345, 0.5145613880665675]",29.443734200840908,2.5914000302403792
"[0.19938554608870745, 0.6597478064087127, -0.9019560995364495, 0.5145583127911991]",29.44378649628604,2.5914628627217757
"[0.19937673348131005, 0.6597492372055022, -0.901958003042727, 0.5145552368206159]",29.443838792137743,2.591525695203172
"[0.19936791957835293, 0.6597506683585141, -0.9019599069002417, 0.5145521600934734]",29.44389108929083,2.591588527684569
"[0.1993591055246729, 0.6597520996818335, -0.9019618108617193, 0.5145490830094019]",29.44394338631814,2.5916513601659656
"[0.19935029209824814, 0.6597535310491781, -0.9019637147590792, 0.5145460058399375]",29.443995680994902,2.591714192647362
"[0.19934147682453057, 0.6597549628624502, -0.9019656191268862, 0.51454292772105]",29.444047981351215,2.591777025128759
"[0.19933266239127864, 0.6597563946851304, -0.901967523384503, 0.514539849591179]",29.44410027826579,2.591839857610155
"[0.19932384611274742, 0.6597578269534932, -0.9019694281121606, 0.5145367705123954]",29.444152577428916,2.591902690091552
"[0.19931503132717596, 0.659759259125264, -0.9019713325886329, 0.5145336916505053]",29.444204878173142,2.5919655225729485
"[0.19930621424464187, 0.6597606918162136, -0.9019732376327518, 0.5145306116817189]",29.444257178665577,2.592028355054345
"[0.19929739808843494, 0.6597621245026326, -0.9019751425480896, 0.5145275317319005]",29.44430947744326,2.592091187535742
"[0.19928858020050036, 0.6597635576164981, -0.9019770479089744, 0.5145244508723987]",29.44436177850097,2.5921540200171385
"[0.19927976178153017, 0.6597649909627363, -0.901978953455977, 0.5145213695225827]",29.444414082708573,2.592216852498535
"[0.19927094403123338, 0.6597664243463259, -0.9019808589298481, 0.5145182881016807]",29.444466383776454,2.5922796849799314
"[0.19926212509333996, 0.6597678580690569, -0.9019827647317101, 0.5145152059609395]",29.444518687846784,2.5923425174613284
"[0.19925330581724404, 0.6597692919928735, -0.9019846706780161, 0.5145121233971358]",29.444570989574384,2.592405349942725
"[0.19924448674104844, 0.6597707260302961, -0.9019865766524666, 0.5145090405983294]",29.444623294917267,2.5924681824241214
"[0.19923566639916124, 0.6597721604196699, -0.9019884829718074, 0.5145059570521407]",29.444675599181117,2.5925310149055183
"[0.19922684594453213, 0.6597735949735367, -0.90199038938686, 0.514502873161554]",29.444727906528648,2.592593847386915
"[0.19921802484919748, 0.6597750297777901, -0.9019922960117353, 0.5144997887419238]",29.444780211257157,2.5926566798683113
"[0.19920920322046626, 0.6597764648150093, -0.9019942028232424, 0.5144967038307]",29.4448325174679,2.5927195123497078
"[0.1992003808853363, 0.6597779001133671, -0.9019961098587814, 0.5144936183673148]",29.444884824018096,2.5927823448311047
"[0.1991915581798186, 0.6597793356182441, -0.9019980170457206, 0.5144905324691973]",29.444937129968963,2.592845177312501
"[0.19918273492698474, 0.6597807713584372, -0.90199992442231, 0.5144874460744269]",29.444989438404267,2.5929080097938977
"[0.19917391241113777, 0.6597822071249645, -0.9020018317109003, 0.5144843596322497]",29.44504174626478,2.5929708422752946
"[0.19916508833740493, 0.6597836432913279, -0.9020037394076043, 0.5144812723397668]",29.445094057140043,2.5930336747566907
"[0.19915626366411476, 0.6597850797016065, -0.9020056473052557, 0.5144781845321532]",29.445146365931084,2.5930965072380876
"[0.19914743876966734, 0.6597865162942317, -0.9020075553220434, 0.5144750963417609]",29.44519867444019,2.593159339719484
"[0.19913861337056832, 0.6597879531153762, -0.9020094635192597, 0.5144720076693338]",29.445250987029965,2.5932221722008806
"[0.1991297873108293, 0.6597893901904706, -0.9020113719306359, 0.5144689184602063]",29.44530330024,2.5932850046822775
"[0.19912096211215943, 0.6597908272717463, -0.9020132802271269, 0.5144658292469916]",29.445355613206143,2.593347837163674
"[0.1991121339079394, 0.6597922649888968, -0.9020151892448387, 0.514462738676076]",29.44540792375006,2.593410669645071
"[0.19910330835507806, 0.6597937024206777, -0.9020170977605105, 0.5144596487277987]",29.44546023729657,2.593473502126467
"[0.19909448075087943, 0.6597951403330286, -0.9020190067910753, 0.514456557755682]",29.445512551267665,2.593536334607864
"[0.1990856516835139, 0.6597965786301991, -0.902020916209374, 0.5144534659655255]",29.44556486507231,2.593599167089261
"[0.19907682379760488, 0.6597980168814143, -0.9020228254434554, 0.5144503742833607]",29.445617182292743,2.593661999570657
"[0.19906799368635614, 0.6597994556417395, -0.9020247352301204, 0.5144472815160078]",29.445669495744603,2.593724832052054
"[0.1990591654854402, 0.6598008942373131, -0.9020266446748963, 0.5144441891119884]",29.445721811311827,2.5937876645334503
"[0.19905033432483862, 0.6598023334617834, -0.9020285548311144, 0.5144410953653002]",29.445774127470788,2.593850497014847
"[0.1990415041594571, 0.6598037726706332, -0.9020304648433582, 0.514438001661363]",29.44582644678817,2.5939133294962438
"[0.19903267222781726, 0.6598052123140019, -0.9020323753089446, 0.5144349070325875]",29.445878763018925,2.5939761619776402
"[0.1990238418775164, 0.6598066518462211, -0.9020342855037351, 0.5144318126519274]",29.44593108050962,2.5940389944590367
"[0.19901501001065783, 0.6598080917723099, -0.9020361960978612, 0.5144287174337989]",29.445983398988115,2.5941018269404332
"[0.19900617690326067, 0.6598095320473558, -0.9020381070316323, 0.514425621474762]",29.4460357209761,2.59416465942183
"[0.19899734460437227, 0.659810972337234, -0.9020400178617635, 0.5144225254930065]",29.446088039352663,2.5942274919032267
"[0.19898851116468347, 0.6598124129598673, -0.9020419290099662, 0.5144194288051696]",29.446140358366264,2.594290324384623
"[0.19897967781012926, 0.6598138537153375, -0.902043840211009, 0.5144163318409722]",29.446192679812683,2.59435315686602
"[0.1989708431688916, 0.659815294827433, -0.902045751761705, 0.5144132341193774]",29.446245003610706,2.594415989347416
"[0.19896200910322195, 0.6598167359924014, -0.9020476632591174, 0.514410136293307]",29.44629732531007,2.594478821828813
"[0.1989531728521274, 0.6598181776607137, -0.9020495753006725, 0.5144070373944676]",29.446349647017204,2.5945416543102096
"[0.19894433768812697, 0.6598196192984681, -0.9020514871782467, 0.5144039385704844]",29.44640197073502,2.5946044867916065
"[0.19893550215121888, 0.6598210611438893, -0.9020533992077553, 0.5144008393092948]",29.44645429502777,2.594667319273003
"[0.1989266655410727, 0.6598225033113018, -0.9020553115407588, 0.514397739365157]",29.44650661859904,2.5947301517543995
"[0.1989178278468276, 0.6598239458025348, -0.9020572241796228, 0.5143946387341393]",29.44655894448599,2.5947929842357964
"[0.19890899008106883, 0.6598253884523476, -0.9020591369052089, 0.5143915377714263]",29.446611269745212,2.5948558167171925
"[0.1989001525432721, 0.65982683121186, -0.9020610496526899, 0.5143884365820883]",29.44666359590084,2.5949186491985894
"[0.1988913139873837, 0.6598282742845126, -0.9020629626917541, 0.514385334728827]",29.44671592329656,2.594981481679986
"[0.1988824753744764, 0.6598297175134257, -0.9020648758143869, 0.5143822325488548]",29.446768249700384,2.5950443141613824
"[0.19887363493314575, 0.6598311611878935, -0.9020667894040222, 0.51437912942034]",29.446820577307886,2.5951071466427793
"[0.19886479522924222, 0.6598326048889462, -0.9020687029052606, 0.5143760262438526]",29.446872905030148,2.595169979124176
"[0.1988559556281118, 0.6598340487202115, -0.9020706164554653, 0.51437292279664]",29.4469252340809,2.5952328116055723
"[0.19884711325152732, 0.6598354931518838, -0.9020725306777189, 0.5143698180680464]",29.446977564048183,2.595295644086969
"[0.19883827244040145, 0.6598369374748926, -0.9020744446322941, 0.5143667135821792]",29.447029894626596,2.5953584765683657
"[0.1988294312209651, 0.6598383820116724, -0.9020763587464684, 0.5143636086459848]",29.447082225268296,2.595421309049762
"[0.19882058901441133, 0.6598398268568307, -0.9020782731455596, 0.5143605030561101]",29.447134554217257,2.5954841415311587
"[0.19881174556478548, 0.6598412720522522, -0.9020801878849997, 0.5143573967225298]",29.447186886274505,2.5955469740125556
"[0.1988029027703372, 0.6598427172877591, -0.9020821025537832, 0.514354290311959]",29.447239220618354,2.595609806493952
"[0.19879405923989718, 0.6598441627906845, -0.9020840174531275, 0.5143511833357265]",29.447291552224627,2.5956726389753486
"[0.19878521439654673, 0.659845608655418, -0.902085932707962, 0.5143480755909827]",29.447343885394034,2.595735471456745
"[0.19877637002159487, 0.6598470545907915, -0.9020878479325634, 0.5143449677035614]",29.447396221378348,2.595798303938142
"[0.19876752517498597, 0.6598485007504995, -0.9020897633304875, 0.5143418593431143]",29.44744855375581,2.5958611364195385
"[0.198758679477203, 0.6598499471966185, -0.9020916789839288, 0.5143387503762028]",29.447500891733814,2.595923968900935
"[0.198749833665707, 0.6598513938085879, -0.9020935947331797, 0.5143356410619586]",29.447553224716422,2.595986801382332
"[0.19874098712036123, 0.6598528406878621, -0.9020955107125423, 0.5143325311823298]",29.44760556101698,2.596049633863728
"[0.19873214059767366, 0.6598542877107281, -0.9020974267581721, 0.5143294210032152]",29.447657897579408,2.596112466345125
"[0.19872329214365686, 0.6598557351968518, -0.9020993432932898, 0.5143263098375386]",29.447710235122198,2.5961752988265214
"[0.19871444508522257, 0.659857182602018, -0.902101259597297, 0.5143231988550165]",29.447762572487388,2.596238131307918
"[0.19870559683764683, 0.6598586303490813, -0.9021031762300417, 0.5143200871467709]",29.44781490970784,2.596300963789315
"[0.19869674675031393, 0.6598600785446048, -0.9021050933324778, 0.5143169744837909]",29.447867248399152,2.5963637962707113
"[0.19868789852316926, 0.6598615265830982, -0.9021070101031208, 0.5143138621674356]",29.44791959051446,2.596426628752108
"[0.1986790483545252, 0.6598629750867706, -0.9021089273655044, 0.5143107488604083]",29.447971930606204,2.5964894612335043
"[0.1986701975188231, 0.6598644238470932, -0.9021108448435627, 0.5143076350108984]",29.448024271183442,2.5965522937149013
"[0.198661347153425, 0.6598658726779071, -0.902112762290883, 0.5143045210190217]",29.44807661084815,2.5966151261962978
"[0.1986524960849006, 0.6598673217712931, -0.9021146799616879, 0.5143014064719144]",29.448128953544682,2.5966779586776942
"[0.19864364476670007, 0.6598687710530683, -0.9021165977577301, 0.5142982915290418]",29.44818129486759,2.596740791159091
"[0.19863479178758756, 0.6598702207543498, -0.9021185159847913, 0.5142951756936609]",29.448233636784874,2.5968036236404877
"[0.1986259394099892, 0.6598716705046872, -0.9021204341526615, 0.5142920597619757]",29.448285982189617,2.596866456121884
"[0.19861708635567754, 0.6598731205134222, -0.902122352538302, 0.5142889432840504]",29.44833832551763,2.5969292886032806
"[0.19860823259363375, 0.6598745707856751, -0.9021242711484397, 0.5142858262488805]",29.448390670929797,2.5969921210846776
"[0.19859937770798114, 0.6598760213896193, -0.9021261900732075, 0.5142827085099456]",29.44844301340478,2.597054953566074
"[0.1985905231305127, 0.6598774720907236, -0.9021281090023225, 0.5142795905713149]",29.44849535914535,2.5971177860474706
"[0.1985816682622876, 0.659878922987125, -0.9021300280655746, 0.514276472222069]",29.448547707828688,2.5971806185288675
"[0.198572813622799, 0.6598803739936971, -0.9021319471503677, 0.5142733536451547]",29.448600053115754,2.5972434510102635
"[0.19856395638335658, 0.6598818255740535, -0.9021338668697858, 0.5142702338441636]",29.448652400216123,2.5973062834916605
"[0.19855510105254445, 0.6598832769893125, -0.9021357862466373, 0.5142671144071254]",29.448704749510664,2.597369115973057
"[0.19854624356995204, 0.6598847289050096, -0.902137706160999, 0.5142639939036542]",29.448757097583798,2.5974319484544535
"[0.19853738701408752, 0.6598861808165365, -0.9021396259455913, 0.5142608734182578]",29.448809446532085,2.5974947809358504
"[0.19852852923144662, 0.6598876330769567, -0.9021415460672085, 0.5142577521921331]",29.448861795986208,2.597557613417247
"[0.19851966872450758, 0.6598890859318908, -0.9021434668505088, 0.5142546296973877]",29.448914143977657,2.5976204458986434
"[0.19851081118045485, 0.6598905384488196, -0.9021453870626089, 0.5142515079382084]",29.448966495306177,2.59768327838004
"[0.19850195300080922, 0.6598919912177831, -0.9021473074835784, 0.5142483856464659]",29.449018846778607,2.597746110861437
"[0.19849309181691846, 0.6598934446273383, -0.9021492286269672, 0.5142452619870724]",29.449071198927477,2.5978089433428333
"[0.19848423187339836, 0.6598948979813418, -0.9021511495725328, 0.5142421384561845]",29.449123551623934,2.59787177582423
"[0.19847537100530463, 0.6598963516349233, -0.9021530707896469, 0.5142390142905628]",29.449175901717496,2.5979346083056267
"[0.19846650995907655, 0.6598978054656551, -0.9021549921164701, 0.5142358897533224]",29.449228258359724,2.597997440787023
"[0.19845764843000677, 0.6598992595235575, -0.9021569136190679, 0.5142327647369657]",29.449280610581084,2.5980602732684197
"[0.19844878607315905, 0.6599007138652637, -0.9021588353722396, 0.514229639119776]",29.449332965560295,2.5981231057498166
"[0.19843992323811255, 0.6599021684334312, -0.9021607573001885, 0.5142265130249809]",29.449385321705165,2.598185938231213
"[0.19843106006849903, 0.6599036232045299, -0.9021626793717641, 0.5142233865031652]",29.44943767729544,2.5982487707126096
"[0.19842219739639141, 0.6599050780419842, -0.9021646014065103, 0.5142202598478471]",29.449490032008722,2.598311603194006
"[0.1984133325113441, 0.6599065333907681, -0.9021665239922486, 0.5142171321027118]",29.449542388381,2.598374435675403
"[0.19840446845833934, 0.6599079887510276, -0.9021684464685978, 0.5142140043420173]",29.44959474663533,2.5984372681567995
"[0.19839560351778918, 0.6599094444050992, -0.9021703692085016, 0.51421087595898]",29.44964710444589,2.598500100638196
"[0.1983867375084211, 0.6599109003828073, -0.9021722922512879, 0.5142077468895107]",29.44969946185452,2.598562933119593
"[0.19837787254163175, 0.6599123563374304, -0.9021742151389828, 0.5142046178787592]",29.449751822215802,2.598625765600989
"[0.19836900491169107, 0.6599138128776023, -0.9021761386754035, 0.5142014876186786]",29.4498041810337,2.598688598082386
"[0.19836013745791894, 0.6599152695370504, -0.9021780622446695, 0.5141983571113661]",29.449856541781806,2.5987514305637824
"[0.19835127018635923, 0.6599167263147899, -0.9021799858454523, 0.514195226358947]",29.449908902499015,2.598814263045179
"[0.19834240392904065, 0.6599181830740454, -0.9021819092972426, 0.5141920956553097]",29.449961262955732,2.598877095526576
"[0.19833353525191422, 0.6599196403791423, -0.9021838333450213, 0.5141889637877215]",29.45001362583224,2.5989399280079724
"[0.19832466610574553, 0.6599210979095865, -0.9021857575655996, 0.5141858314449348]",29.450065986400695,2.5990027604893693
"[0.19831579768394986, 0.6599225554692562, -0.9021876817000453, 0.5141826990484307]",29.450118349743605,2.5990655929707653
"[0.1983069279394136, 0.65992401339462, -0.9021896061925047, 0.5141795658751124]",29.450170711653232,2.5991284254521623
"[0.19829805751244506, 0.6599254715804869, -0.9021915309040629, 0.5141764321510451]",29.450223075975796,2.5991912579335588
"[0.19828918615034963, 0.6599269300684426, -0.902193455889557, 0.5141732977868609]",29.450275441602994,2.5992540904149553
"[0.1982803153788937, 0.6599283886076583, -0.9021953808179074, 0.5141701633216023]",29.45032780453732,2.599316922896352
"[0.198271442910048, 0.6599298475743647, -0.9021973061856107, 0.514167027946732]",29.45038017205123,2.5993797553777487
"[0.1982625704051178, 0.6599313066954309, -0.9021992316321664, 0.5141638922492211]",29.450432537352274,2.599442587859145
"[0.1982536991145897, 0.6599327657651866, -0.9022011568861773, 0.5141607566710611]",29.45048490450903,2.5995054203405417
"[0.19824482524049325, 0.6599342254083232, -0.9022030827718882, 0.5141576198697708]",29.450537271125338,2.5995682528219386
"[0.19823595181047435, 0.6599356851268882, -0.9022050086322281, 0.5141544829154622]",29.450589639269033,2.599631085303335
"[0.19822707740160359, 0.6599371451549821, -0.902206934776019, 0.5141513453050526]",29.45064200561266,2.5996939177847316
"[0.19821820463219322, 0.6599386050618241, -0.9022088606349524, 0.51414820796429]",29.450694377848766,2.5997567502661285
"[0.19820932825631496, 0.6599400657106216, -0.9022107873476838, 0.5141450690381418]",29.450746745345967,2.5998195827475246
"[0.19820045316203364, 0.6599415262970854, -0.9022127138532233, 0.5141419302550241]",29.45079911525373,2.5998824152289215
"[0.19819157704591092, 0.6599429872002939, -0.9022146406515613, 0.5141387908003009]",29.450851485181776,2.599945247710318
"[0.1981827003036584, 0.6599444483551636, -0.9022165676568072, 0.5141356508138355]",29.450903857266738,2.6000080801917145
"[0.1981738240273689, 0.6599459095819403, -0.9022184946318756, 0.5141325106819159]",29.450956226593487,2.6000709126731114
"[0.19816494624773293, 0.6599473712048438, -0.9022204220042905, 0.5141293697078014]",29.451008601053022,2.600133745154508
"[0.1981560682630568, 0.6599488330101732, -0.9022223494921983, 0.5141262283507305]",29.451060972277457,2.600196577635905
"[0.198147189934459, 0.6599502950208159, -0.9022242771257472, 0.5141230865615206]",29.451113347264204,2.600259410117301
"[0.19813831158098671, 0.6599517571842456, -0.9022262048356604, 0.5141199444530443]",29.451165718481175,2.600322242598698
"[0.19812943206172107, 0.6599532196883928, -0.9022281328696631, 0.5141168016214501]",29.45121809462672,2.6003850750800943
"[0.19812055194022546, 0.6599546824404895, -0.9022300611053968, 0.5141136582660965]",29.451270469380724,2.600447907561491
"[0.1981116721910154, 0.6599561452800287, -0.902231989331246, 0.5141105147319058]",29.45132284197462,2.6005107400428877
"[0.1981027904547069, 0.6599576085957065, -0.9022339180595602, 0.5141073701835732]",29.45137521812849,2.6005735725242842
"[0.19809390997191792, 0.6599590718536712, -0.9022358465866109, 0.514104225768333]",29.451427595439938,2.6006364050056807
"[0.1980850285141646, 0.6599605354211004, -0.9022377753963344, 0.5141010806971397]",29.45147997338925,2.600699237487077
"[0.19807614586379635, 0.6599619993339302, -0.9022397045360105, 0.5140979348927813]",29.451532350775402,2.600762069968474
"[0.1980672635440083, 0.6599634633411284, -0.9022416336748352, 0.5140947888946765]",29.451584730385637,2.6008249024498706
"[0.19805838044105806, 0.6599649276263075, -0.9022435630546918, 0.5140916423082842]",29.451637106867206,2.600887734931267
"[0.1980494968751392, 0.6599663921367153, -0.9022454926060391, 0.5140884952469568]",29.451689484698182,2.600950567412664
"[0.19804061307312903, 0.6599678568349817, -0.9022474222795959, 0.5140853477910061]",29.451741866763676,2.60101339989406
"[0.19803172815443176, 0.6599693218663042, -0.9022493522666469, 0.5140821996283972]",29.45179424629851,2.601076232375457
"[0.1980228434801563, 0.6599707870063074, -0.9022512822715274, 0.5140790512413107]",29.451846627971573,2.6011390648568535
"[0.19801395811095462, 0.6599722524098932, -0.9022532124982869, 0.514075902296866]",29.45189900949229,2.6012018973382505
"[0.19800507297234246, 0.6599737179244504, -0.9022551427458637, 0.5140727531230124]",29.451951390238495,2.601264729819647
"[0.19799618567401286, 0.6599751839442849, -0.9022570735335509, 0.514069602872442]",29.45200377404512,2.6013275623010435
"[0.19798729821127029, 0.6599766501403223, -0.9022590044278809, 0.5140664522522883]",29.452056156105712,2.6013903947824404
"[0.19797841066477456, 0.6599781164992685, -0.9022609354113211, 0.5140633012911189]",29.45210854069501,2.6014532272638364
"[0.19796952364691403, 0.6599795829200739, -0.9022628663508035, 0.5140601502060661]",29.452160924511286,2.6015160597452334
"[0.1979606349894178, 0.6599810497605569, -0.902264797717444, 0.514056998228245]",29.45221330912737,2.6015788922266303
"[0.1979517465263348, 0.6599825167180959, -0.9022667291127379, 0.5140538460079351]",29.452265694689345,2.6016417247080263
"[0.19794285660018826, 0.6599839840662777, -0.9022686608968483, 0.5140506929572491]",29.45231808056835,2.6017045571894233
"[0.19793396719405748, 0.65998545147781, -0.9022705926388508, 0.5140475397794761]",29.452370466140362,2.6017673896708198
"[0.1979250762686802, 0.6599869192893574, -0.902272524781894, 0.5140443857511953]",29.452422852848894,2.6018302221522163
"[0.19791618649845125, 0.6599883870594013, -0.9022744567447848, 0.514041231821127]",29.452475240837106,2.601893054633613
"[0.1979072943155832, 0.6599898553770618, -0.9022763893028912, 0.5140380767233886]",29.452527627730717,2.6019558871150097
"[0.1978984028798752, 0.659991323720621, -0.9022783217694973, 0.5140349215790366]",29.452580018200507,2.602018719596406
"[0.19788950997163182, 0.6599927924566652, -0.9022802546270294, 0.5140317656003579]",29.452632405253812,2.6020815520778027
"[0.19788061881511287, 0.6599942610526811, -0.902282187174686, 0.5140286099316019]",29.452684796320458,2.6021443845591996
"[0.1978717242358782, 0.6599957303634038, -0.902284120537173, 0.514025452736145]",29.452737185843624,2.602207217040596
"[0.19786283118975692, 0.6599971995702187, -0.9022860536372835, 0.514022295772989]",29.45278957551138,2.6022700495219926
"[0.19785393747999896, 0.6599986690360435, -0.9022879869525058, 0.5140191382623231]",29.452841965891427,2.6023328820033895
"[0.19784504260887567, 0.6600001388431465, -0.9022899205910502, 0.5140159800273572]",29.452894358365533,2.602395714484786
"[0.19783614772215427, 0.6600016088022541, -0.902291854303841, 0.5140128214748101]",29.4529467500409,2.6024585469661825
"[0.19782725192908196, 0.6600030790605886, -0.9022937882845258, 0.5140096622883302]",29.45299914356659,2.602521379447579
"[0.19781835521495425, 0.6600045496206266, -0.9022957225363127, 0.5140065024625939]",29.453051537515712,2.602584211928976
"[0.1978094591456909, 0.6600060202235564, -0.902297656718743, 0.5140033425537253]",29.453103930060333,2.6026470444103724
"[0.19780056294161363, 0.6600074909982611, -0.902299591001317, 0.5140001822847905]",29.45315632625512,2.602709876891769
"[0.1977916640544445, 0.6600089623660947, -0.9023015259381265, 0.5139970207504085]",29.453208719654114,2.602772709373166
"[0.19778276714209606, 0.6600104335569421, -0.90230346051637, 0.5139938596053425]",29.453261115909488,2.602835541854562
"[0.19777386835109606, 0.6600119052080147, -0.902305395573949, 0.5139906974804156]",29.45331351203618,2.602898374335959
"[0.1977649694159366, 0.6600133770325207, -0.9023073307337088, 0.5139875349918535]",29.453365909507312,2.6029612068173553
"[0.19775607041199456, 0.6600148490180099, -0.9023092659792482, 0.5139843721664129]",29.453418303243296,2.603024039298752
"[0.19774717002932948, 0.6600163213811858, -0.9023112015954463, 0.5139812085384541]",29.453470703949222,2.6030868717801487
"[0.19773827011001166, 0.6600177938173645, -0.9023131371816947, 0.5139780447626582]",29.453523101705503,2.6031497042615452
"[0.19772936971747043, 0.6600192664814949, -0.9023150729416725, 0.5139748805060848]",29.453575498915015,2.6032125367429417
"[0.19772046768158338, 0.6600207395672849, -0.9023170091298791, 0.5139717153525589]",29.453627898671897,2.603275369224338
"[0.19771156616060948, 0.6600222127175117, -0.9023189452769149, 0.51396855006953]",29.453680298344544,2.603338201705735
"[0.19770266437356748, 0.6600236860615248, -0.9023208815526184, 0.5139653843791596]",29.45373269945039,2.6034010341871316
"[0.19769376062034894, 0.6600251598807486, -0.9023228183268093, 0.5139622176767497]",29.453785101253363,2.603463866668528
"[0.19768485694462937, 0.6600266338369448, -0.9023247551549526, 0.5139590506890473]",29.453837501321516,2.603526699149925
"[0.19767595490568415, 0.6600281076719459, -0.902326691697826, 0.5139558839707563]",29.453889906712327,2.6035895316313216
"[0.19766705004924656, 0.6600295821232648, -0.9023286289244065, 0.5139527159372583]",29.453942307113564,2.603652364112718
"[0.19765814511309887, 0.6600310567375939, -0.9023305662391317, 0.5139495475624821]",29.45399471166112,2.6037151965941145
"[0.19764924011043414, 0.6600325315128257, -0.902332503639111, 0.513946378851015]",29.45404711527792,2.6037780290755115
"[0.19764033554280924, 0.6600340063658695, -0.9023344410152128, 0.5139432099813643]",29.45409951836072,2.603840861556908
"[0.19763142881853085, 0.6600354817260325, -0.9023363789313231, 0.5139400400311223]",29.45415192210645,2.6039036940383045
"[0.1976225211067269, 0.6600369573997411, -0.9023383171330918, 0.5139368694162052]",29.454204328696655,2.6039665265197014
"[0.19761361473350122, 0.6600384330016379, -0.9023402551143733, 0.5139336989645816]",29.454256731892006,2.6040293590010974
"[0.1976047075166027, 0.660039908893271, -0.902342193349998, 0.5139305278994349]",29.45430914021121,2.6040921914824944
"[0.1975957999843661, 0.6600413849871354, -0.9023441317250007, 0.5139273564087797]",29.454361546626096,2.604155023963891
"[0.19758688971794028, 0.6600428616841459, -0.9023460707657748, 0.5139241836312252]",29.454413953939568,2.6042178564452874
"[0.19757798135576146, 0.6600443382156012, -0.9023480094629093, 0.5139210112183739]",29.454466362975293,2.6042806889266843
"[0.19756907279387928, 0.6600458149301872, -0.9023499482742481, 0.5139178384210515]",29.454518770648747,2.604343521408081
"[0.19756016261881826, 0.6600472920622694, -0.9023518875074207, 0.5139146647357244]",29.45457117813482,2.6044063538894773
"[0.19755125245922436, 0.6600487693418569, -0.902353826807979, 0.5139114907424468]",29.454623591093803,2.6044691863708738
"[0.1975423416479696, 0.6600502468796182, -0.9023557663211138, 0.5139083162034775]",29.454675998896064,2.6045320188522707
"[0.19753342936479434, 0.660051724811611, -0.9023577062253776, 0.5139051408264845]",29.454728411320314,2.604594851333667
"[0.1975245174791496, 0.6600532028278541, -0.9023596461138561, 0.5139019652774701]",29.454780821841425,2.6046576838150637
"[0.19751560557858416, 0.6600546809967432, -0.9023615860763136, 0.5138987894094795]",29.454833234563463,2.6047205162964606
"[0.1975066921646136, 0.6600561595668725, -0.9023635264389503, 0.5138956126884102]",29.45488564493985,2.604783348777857
"[0.19749777977835656, 0.6600576381167333, -0.9023654666485849, 0.513892436019875]",29.454938057601534,2.6048461812592536
"[0.197488865692238, 0.6600591170988483, -0.9023674072990018, 0.5138892584316288]",29.454990472461613,2.60490901374065
"[0.19747995054004344, 0.6600605964081373, -0.9023693482522439, 0.513886080149438]",29.455042885243536,2.604971846222047
"[0.19747103525713794, 0.660062075889429, -0.9023712893046727, 0.5138829015066876]",29.45509529841719,2.6050346787034435
"[0.19746212161046356, 0.6600635552494689, -0.9023732300715566, 0.5138797231334278]",29.45514771534912,2.60509751118484
"[0.19745320563709365, 0.6600650351459882, -0.9023751714157412, 0.5138765436165351]",29.45520013055785,2.605160343666237
"[0.1974442891018807, 0.6600665152861321, -0.9023771129529733, 0.513873363585206]",29.45525254653519,2.605223176147633
"[0.19743537285074164, 0.6600679955294926, -0.9023790544990513, 0.513870183341102]",29.455304963055177,2.60528600862903
"[0.19742645481666912, 0.6600694762192625, -0.9023809965040802, 0.5138670021468824]",29.455357378876716,2.6053488411104264
"[0.1974175377274021, 0.6600709569025812, -0.902382938374062, 0.5138638209755044]",29.455409797869187,2.605411673591823
"[0.1974086196866576, 0.660072437894327, -0.9023848805219385, 0.5138606391504633]",29.455462215235077,2.60547450607322
"[0.19739970045184782, 0.6600739192348478, -0.9023868230005538, 0.5138574565850785]",29.45551463157394,2.6055373385546163
"[0.19739078116686093, 0.6600754007341983, -0.90238876556079, 0.5138542736874352]",29.455567051999942,2.605600171036013
"[0.19738186175493172, 0.6600768824051377, -0.9023907082193571, 0.5138510904301192]",29.455619471693456,2.6056630035174093
"[0.1973729420158191, 0.6600783642809475, -0.9023926510198613, 0.5138479067416288]",29.455671892746675,2.6057258359988063
"[0.19736401995326316, 0.6600798466933472, -0.9023945943971278, 0.5138447219092941]",29.455724312461626,2.605788668480203
"[0.19735510033078796, 0.6600813288508734, -0.9023965373135661, 0.5138415376335039]",29.455776733109158,2.6058515009615992
"[0.19734617812269042, 0.6600828115886462, -0.9023984808638914, 0.5138383521200794]",29.45582915641753,2.605914333442996
"[0.1973372571493586, 0.6600842942718145, -0.9024004242159022, 0.5138351667329365]",29.45588157775841,2.6059771659243927
"[0.19732833459841614, 0.6600857773678145, -0.9024023679822417, 0.513831980467837]",29.45593400261977,2.606039998405789
"[0.19731941037550643, 0.660087260892417, -0.9024043121834926, 0.5138287932909035]",29.455986424447115,2.606102830887186
"[0.19731048832764433, 0.6600887442061026, -0.9024062559815406, 0.5138256065760646]",29.456038850107767,2.6061656633685826
"[0.19730156375331453, 0.6600902280905261, -0.9024082004006719, 0.5138224186440331]",29.456091275860896,2.606228495849979
"[0.19729263947259948, 0.6600917120768549, -0.9024101448264842, 0.5138192305020365]",29.45614369871633,2.6062913283313756
"[0.19728371474079012, 0.6600931962889385, -0.902412089421224, 0.5138160418840052]",29.456196125865187,2.6063541608127725
"[0.1972747893315359, 0.6600946807644368, -0.9024140342342153, 0.5138128527090178]",29.456248550512292,2.606416993294169
"[0.19726586254774386, 0.6600961656193651, -0.9024159794173633, 0.51380966272785]",29.45630097669701,2.6064798257755655
"[0.197256936031524, 0.660097650580606, -0.9024179246128478, 0.5138064725272473]",29.456353405578522,2.6065426582569624
"[0.19724800994815908, 0.6600991356206539, -0.9024198697846326, 0.5138032821663003]",29.45640583230874,2.6066054907383585
"[0.19723908273938384, 0.6601006209987772, -0.9024218152722917, 0.513800091088011]",29.456458260178685,2.6066683232197554
"[0.1972301543491007, 0.6601021067243957, -0.9024237610880638, 0.5137968992721639]",29.456510689383705,2.606731155701152
"[0.197221225962743, 0.6601035926002274, -0.9024257069736114, 0.5137937071425365]",29.456563117322496,2.606793988182549
"[0.19721229740954851, 0.6601050786547544, -0.9024276529661336, 0.5137905146379875]",29.456615548733705,2.6068568206639453
"[0.19720336872478042, 0.6601065648821017, -0.9024295990579404, 0.5137873217711199]",29.456667979055045,2.606919653145342
"[0.19719443908331408, 0.6601080514196491, -0.9024315454288767, 0.5137841282468028]",29.456720410782115,2.6069824856267387
"[0.19718550823667874, 0.6601095383088245, -0.9024334921331154, 0.5137809339760417]",29.456772841802916,2.607045318108135
"[0.1971765784886338, 0.66011102516608, -0.9024354386684842, 0.5137777397828045]",29.456825275807308,2.6071081505895317
"[0.19716764702242445, 0.6601125124604319, -0.9024373856489861, 0.5137745446595001]",29.456877706596135,2.607170983070928
"[0.19715871519968803, 0.6601139999652108, -0.9024393327778076, 0.5137713490930945]",29.456930140051313,2.6072338155523247
"[0.19714978325111795, 0.6601154876420149, -0.9024412800046517, 0.5137681531660855]",29.45698257294876,2.6072966480337216
"[0.19714084990279207, 0.6601169757030614, -0.902443227607251, 0.5137649564225684]",29.4570350067366,2.607359480515118
"[0.19713191659190452, 0.6601184639089877, -0.9024451752722809, 0.5137617593767545]",29.457087440254533,2.6074223129965146
"[0.19712298383933832, 0.6601199521730241, -0.9024471228861566, 0.5137585622150582]",29.457139877372846,2.607485145477911
"[0.19711404922717773, 0.6601214408980338, -0.9024490709760649, 0.5137553640720133]",29.45719231372303,2.607547977959308
"[0.19710511410240572, 0.6601229298596551, -0.9024510192483264, 0.5137521654296185]",29.457244748763884,2.6076108104407045
"[0.19709617935899498, 0.6601244189089199, -0.9024529675080045, 0.5137489666078872]",29.45729718616467,2.607673642922101
"[0.19708724370668484, 0.6601259082608785, -0.9024549160364416, 0.5137457671448415]",29.457349623930988,2.607736475403498
"[0.19707830778559185, 0.6601273978088759, -0.9024568646940546, 0.5137425672696021]",29.45740206195905,2.607799307884894
"[0.19706937193672744, 0.6601288874960772, -0.9024588134064707, 0.5137393671042603]",29.45745449921151,2.607862140366291
"[0.19706043487785224, 0.6601303775362787, -0.9024607624533197, 0.5137361661895387]",29.457506938181425,2.6079249728476874
"[0.19705149650861714, 0.6601318679462794, -0.9024627118565061, 0.5137329644893508]",29.457559378741244,2.6079878053290844
"[0.19704255999003206, 0.6601333581989953, -0.9024646609266147, 0.5137297631359782]",29.45761181748808,2.608050637810481
"[0.19703362104690827, 0.6601348490073754, -0.9024666105960668, 0.5137265605978663]",29.457664258761564,2.6081134702918773
"[0.19702468186456518, 0.6601363400070335, -0.9024685603882439, 0.5137233576577898]",29.45771670057818,2.6081763027732743
"[0.19701574212583917, 0.6601378312508945, -0.9024705103723242, 0.5137201542020544]",29.457769140398916,2.6082391352546703
"[0.19700680161686365, 0.6601393227746727, -0.9024724605949604, 0.5137169501539419]",29.457821581651167,2.6083019677360673
"[0.19699786207372372, 0.6601408142887432, -0.9024744106774414, 0.5137137461356155]",29.45787402539248,2.6083648002174638
"[0.19698892052347405, 0.660142306289155, -0.9024763612682905, 0.5137105410814785]",29.457926468716174,2.6084276326988602
"[0.1969799803929528, 0.6601437982041536, -0.9024783116199377, 0.5137073362197793]",29.457978913086126,2.608490465180257
"[0.19697103747361266, 0.6601452907360025, -0.9024802626505228, 0.5137041300418682]",29.458031357206035,2.6085532976616537
"[0.19696209563989656, 0.660146783238213, -0.9024822135147774, 0.5137009239365778]",29.458083802999504,2.60861613014305
"[0.1969531520062176, 0.660148276192422, -0.9024841648422579, 0.5136977168692611]",29.458136245800933,2.6086789626244467
"[0.19694420885220956, 0.6601497692181278, -0.9024861161355968, 0.5136945096572855]",29.45818869273179,2.6087417951058436
"[0.19693526503827383, 0.6601512625055936, -0.9024880676434323, 0.5136913018919417]",29.458241138633507,2.60880462758724
"[0.19692632162165405, 0.6601527558783141, -0.9024900191350689, 0.5136880939523871]",29.45829358682009,2.6088674600686366
"[0.19691737584046096, 0.6601542497975328, -0.9024919712131737, 0.5136848848478258]",29.45834603310754,2.6089302925500335
"[0.19690843065472943, 0.660155743768935, -0.902493923231848, 0.5136816756400596]",29.458398481527436,2.6089931250314295
"[0.1968994843173067, 0.6601572380843965, -0.9024958755723416, 0.5136784657021595]",29.45845092945175,2.6090559575128265
"[0.19689053932924178, 0.6601587323261418, -0.9024978276888466, 0.5136752559315263]",29.45850337958326,2.609118789994223
"[0.19688159174164022, 0.6601602271538758, -0.9024997804431537, 0.5136720449110653]",29.458555828079724,2.60918162247562
"[0.19687264454604522, 0.6601617220678451, -0.9025017331823979, 0.5136688337142639]",29.458608278445855,2.6092444549570164
"[0.19686369713205135, 0.660163217170074, -0.9025036860397828, 0.5136656221219953]",29.458660727192107,2.609307287438413
"[0.19685474831264335, 0.6601647126589394, -0.902505639274395, 0.5136624097081164]",29.45871317720987,2.60937011991981
"[0.19684579970113963, 0.6601662082648786, -0.9025075925341025, 0.5136591970516781]",29.458765630624544,2.609432952401206
"[0.19683685097917022, 0.6601677040410817, -0.902509545888387, 0.5136559840384037]",29.458818083913815,2.609495784882603
"[0.19682790023920738, 0.6601692003064739, -0.902511499753641, 0.5136527699832459]",29.458870534372238,2.6095586173639993
"[0.19681895081237352, 0.660170696504218, -0.902513453402708, 0.513649556082313]",29.458922990530137,2.609621449845396
"[0.19681000069160556, 0.6601721929698511, -0.9025154072737097, 0.5136463416148535]",29.45897544321672,2.6096842823267927
"[0.1968010505783906, 0.6601736895861059, -0.9025173612135037, 0.5136431268327614]",29.459027897815925,2.609747114808189
"[0.19679209641252746, 0.660175187032041, -0.9025193161085245, 0.5136399102774122]",29.459080349610087,2.6098099472895857
"[0.19678314511869124, 0.660176684149612, -0.9025212704469698, 0.5136366944362885]",29.45913280526873,2.609872779770982
"[0.19677419337238347, 0.6601781814948248, -0.9025232249546317, 0.5136334781151026]",29.45918526136842,2.609935612252379
"[0.1967652395444624, 0.6601796793402397, -0.9025251799872351, 0.5136302607283818]",29.45923771842492,2.6099984447337756
"[0.19675628621766195, 0.6601811772538508, -0.9025271349808577, 0.5136270432040825]",29.459290176520344,2.610061277215172
"[0.1967473323172504, 0.6601826754154727, -0.9025290901701611, 0.5136238251559633]",29.45934263339102,2.610124109696569
"[0.19673837751655396, 0.6601841738797982, -0.9025310456264833, 0.5136206064665372]",29.459395091464977,2.6101869421779655
"[0.19672942262366735, 0.6601856725116428, -0.9025330011733628, 0.5136173874261881]",29.459447550747555,2.610249774659362
"[0.19672046722580444, 0.6601871713801061, -0.9025349569009372, 0.5136141678864883]",29.459500009278774,2.610312607140759
"[0.19671151190350616, 0.6601886703880675, -0.902536912682414, 0.5136109480560763]",29.45955246693974,2.6103754396221555
"[0.1967025551682176, 0.6601901697846441, -0.9025388688429037, 0.5136077273997788]",29.459604928958406,2.610438272103552
"[0.19669359744026746, 0.6601916694996449, -0.9025408252906046, 0.5136045060684602]",29.459657388008402,2.6105011045849484
"[0.19668463947206613, 0.6601931694070492, -0.9025427818612008, 0.5136012843327324]",29.459709848946783,2.6105639370663454
"[0.19667568292847687, 0.6601946692281289, -0.9025447381910232, 0.51359806279134]",29.459762311113966,2.610626769547742
"[0.19666672361127027, 0.6601961696659249, -0.9025466951970764, 0.513594839934174]",29.459814772627613,2.6106896020291384
"[0.19665776627611592, 0.660197669924007, -0.902548651840567, 0.5135916174719108]",29.45986723740242,2.6107524345105353
"[0.19664880646267827, 0.6601991707494683, -0.9025506090958044, 0.5135883937998552]",29.45991969817474,2.6108152669919313
"[0.19663984663151526, 0.6602006717301994, -0.902552566425305, 0.513585169803176]",29.45997216482525,2.6108780994733283
"[0.19663088590772143, 0.660202173012813, -0.9025545240201943, 0.5135819451669755]",29.46002462582583,2.6109409319547248
"[0.19662192462499067, 0.6602036745414464, -0.9025564818075767, 0.5135787200112448]",29.460077091847015,2.6110037644361213
"[0.19661296309429738, 0.660205176263994, -0.9025584397195165, 0.513575494447881]",29.46012955625873,2.611066596917518
"[0.19660400158474525, 0.6602066781354039, -0.9025603976972063, 0.5135722685736777]",29.460182022127174,2.6111294293989147
"[0.19659503870907227, 0.6602081803881811, -0.9025623560437528, 0.5135690418892138]",29.46023448789248,2.611192261880311
"[0.1965860758404192, 0.6602096827922358, -0.902564314459134, 0.513565814888718]",29.46028695420398,2.6112550943617077
"[0.19657711291800184, 0.6602111853577565, -0.9025662729566213, 0.513562587550298]",29.46033942304554,2.6113179268431046
"[0.19656814906730963, 0.660212688231385, -0.9025682317273038, 0.5135593595589912]",29.460391889706475,2.611380759324501
"[0.19655918531161864, 0.6602141912415669, -0.9025701905475781, 0.5135561312832589]",29.460444357850683,2.6114435918058976
"[0.19655022012173803, 0.6602156946447707, -0.9025721497516148, 0.5135529021722571]",29.460496826305665,2.6115064242872945
"[0.1965412553912338, 0.6602171981234839, -0.9025741089256047, 0.5135496729079584]",29.460549297137746,2.611569256768691
"[0.19653228943142828, 0.6602187019609317, -0.9025760684385948, 0.5135464428820258]",29.460601765783856,2.6116320892500875
"[0.19652332318979993, 0.6602202059982474, -0.9025780280835173, 0.5135432124356906]",29.460654238010946,2.611694921731484
"[0.19651435652269583, 0.6602217102595518, -0.9025799878917675, 0.5135399815171446]",29.460706707322473,2.611757754212881
"[0.1965053895392234, 0.6602232147265632, -0.9025819478394953, 0.5135367501656535]",29.460759179180133,2.6118205866942774
"[0.19649642055919045, 0.6602247196812462, -0.9025839082939618, 0.5135335177756046]",29.46081165113408,2.611883419175674
"[0.19648745380200272, 0.6602262244156026, -0.9025858683328689, 0.5135302858676581]",29.460864123906042,2.611946251657071
"[0.19647848400649853, 0.6602277298125587, -0.9025878291062479, 0.5135270525454515]",29.46091659664867,2.612009084138467
"[0.19646951452047037, 0.6602292353103044, -0.9025897898823045, 0.5135238190156318]",29.460969070366513,2.612071916619864
"[0.19646054551759873, 0.6602307408796907, -0.9025917506230483, 0.513520585340819]",29.461021546044154,2.6121347491012603
"[0.19645157530288995, 0.6602322468052725, -0.9025937116990231, 0.5135173509098465]",29.46107401895709,2.612197581582657
"[0.19644260498621996, 0.6602337529007568, -0.9025956728675925, 0.513514116122831]",29.461126494370962,2.6122604140640537
"[0.19643363397509317, 0.6602352592656484, -0.90259763425829, 0.5135108807660573]",29.46117896819264,2.6123232465454502
"[0.1964246619980188, 0.6602367659455833, -0.902599595930482, 0.5135076447415112]",29.46123144656992,2.6123860790268467
"[0.19641568972773854, 0.6602382728276255, -0.9026015577370808, 0.5135044082917564]",29.46128392527439,2.612448911508243
"[0.1964067171253987, 0.6602397799183148, -0.9026035196865773, 0.5135011714027412]",29.46133639755578,2.61251174398964
"[0.19639774448549346, 0.6602412871682114, -0.9026054817145702, 0.5134979341806596]",29.46138887890988,2.6125745764710366
"[0.19638877065624305, 0.6602427947708222, -0.9026074440729207, 0.5134946962098965]",29.461441355763572,2.612637408952433
"[0.19637979622726318, 0.6602443026271491, -0.9026094066327027, 0.5134914577030834]",29.46149383615908,2.61270024143383
"[0.1963708210776124, 0.660245810757549, -0.9026113694203688, 0.5134882186164975]",29.461546312890125,2.6127630739152266
"[0.1963618467858873, 0.660247318896766, -0.9026133320906803, 0.5134849795198407]",29.461598792119403,2.612825906396623
"[0.19635287085243494, 0.6602488274648965, -0.9026152951903066, 0.513481739510856]",29.46165127454198,2.6128887388780195
"[0.1963438942132395, 0.6602503363046931, -0.9026172585145583, 0.5134784989272683]",29.461703754903763,2.6129515713594165
"[0.19633491871452854, 0.6602518451058346, -0.9026192216596198, 0.5134752584355698]",29.461756235710315,2.613014403840813
"[0.1963259414678435, 0.6602533543538839, -0.9026211852572612, 0.5134720169928917]",29.461808718750348,2.6130772363222095
"[0.19631696338814053, 0.6602548638951108, -0.902623149107369, 0.5134687749294247]",29.461861200770603,2.6131400688036064
"[0.19630798670934524, 0.6602563733538775, -0.9026251127212832, 0.5134655330519072]",29.461913684453624,2.6132029012850024
"[0.19629900770244219, 0.6602578833572805, -0.9026270769147086, 0.5134622900135378]",29.461966167115975,2.6132657337663994
"[0.19629002819997587, 0.6602593935972076, -0.9026290412867913, 0.5134590464760445]",29.462018649267065,2.613328566247796
"[0.19628104899458299, 0.6602609039403613, -0.9026310056641239, 0.5134558027257119]",29.46207113648629,2.6133913987291923
"[0.19627206893349797, 0.6602624145806631, -0.9026329702988903, 0.5134525583460581]",29.462123620204547,2.6134542312105893
"[0.19626308865381334, 0.6602639254109663, -0.9026349350517119, 0.513449313567195]",29.462176105368194,2.6135170636919858
"[0.1962541072244, 0.6602654365879707, -0.902636900126309, 0.5134460680525894]",29.462228590303525,2.6135798961733827
"[0.19624512640580438, 0.660266947815473, -0.9026388651374816, 0.5134428224383883]",29.46228107828091,2.6136427286547788
"[0.19623614477905438, 0.6602684593322502, -0.9026408303956939, 0.5134395762117713]",29.462333564291725,2.6137055611361757
"[0.19622716075706406, 0.6602699714054875, -0.9026427962482387, 0.513436328798924]",29.46238605228384,2.613768393617572
"[0.1962181790595808, 0.6602714832408276, -0.9026447616623472, 0.5134330819058543]",29.46243853830395,2.6138312260989687
"[0.19620919562003317, 0.660272995522754, -0.9026467275278663, 0.5134298340625213]",29.46249102928624,2.6138940585803656
"[0.19620021170214022, 0.660274508038601, -0.9026486935682672, 0.5134265857256645]",29.462543517606306,2.613956891061762
"[0.19619122740420802, 0.6602760207718599, -0.9026506597620328, 0.5134233369307516]",29.46259600851427,2.6140197235431586
"[0.19618224183644867, 0.6602775338723454, -0.902652626303908, 0.513420087355993]",29.462648497961855,2.614082556024555
"[0.19617325566037366, 0.6602790472287706, -0.9026545930491188, 0.5134168372404385]",29.462700987616287,2.614145388505952
"[0.19616427026248182, 0.660280560607616, -0.9026565596942007, 0.5134135870855807]",29.462753478510674,2.6142082209873485
"[0.19615528480236114, 0.6602820741504175, -0.9026585264230762, 0.5134103365874537]",29.46280597114158,2.614271053468745
"[0.1961462979881906, 0.6602835880748189, -0.9026604935185019, 0.5134070852786479]",29.462858461561105,2.614333885950142
"[0.19613731004598445, 0.660285102342813, -0.9026624609310248, 0.5134038332407883]",29.46291095478371,2.614396718431538
"[0.1961283221679742, 0.6602866167535669, -0.9026644283996725, 0.5134005809051833]",29.462963447290196,2.614459550912935
"[0.1961193339331853, 0.6602881313780274, -0.9026663960165884, 0.513397328119469]",29.46301594156425,2.614522383394332
"[0.19611034579088088, 0.6602896461404992, -0.9026683636834175, 0.5133940750462058]",29.463068436459558,2.614585215875728
"[0.19610135714327193, 0.6602911611417449, -0.9026703315310184, 0.5133908214689996]",29.463120933752684,2.614648048357125
"[0.19609236623476872, 0.6602926766777366, -0.902672299943756, 0.5133875667522296]",29.463173427179317,2.6147108808385213
"[0.1960833756375979, 0.6602941923149517, -0.9026742683584955, 0.5133843118269211]",29.46322592165251,2.6147737133199183
"[0.19607438562167423, 0.6602957080078589, -0.9026762367161193, 0.5133810567908433]",29.46327841908042,2.6148365458013147
"[0.19606539493195857, 0.6602972239680743, -0.9026782052914056, 0.5133778011895476]",29.46333091685665,2.6148993782827112
"[0.19605640184315673, 0.6602987404865868, -0.9026801744621454, 0.5133745443981209]",29.46338341164065,2.614962210764108
"[0.1960474099618799, 0.6603002569552463, -0.9026821434386191, 0.5133712877225952]",29.463435909943495,2.615025043245504
"[0.19603841716802967, 0.6603017737315996, -0.902684112685056, 0.5133680303951211]",29.463488410363887,2.615087875726901
"[0.1960294236963113, 0.6603032907761083, -0.9026860821500667, 0.5133647725006122]",29.46354090790842,2.6151507082082976
"[0.19602043051398452, 0.6603048079256472, -0.9026880516218229, 0.5133615143894006]",29.463593408072402,2.615213540689694
"[0.19601143557847198, 0.6603063255247822, -0.9026900215476555, 0.5133582553214725]",29.46364590629573,2.615276373171091
"[0.19600244228398325, 0.6603078430009186, -0.9026919911842004, 0.5133549965265342]",29.463698407801406,2.6153392056524876
"[0.19599344695437396, 0.660309360974345, -0.9026939613365719, 0.5133517366724935]",29.463750908795515,2.615402038133884
"[0.1959844511728893, 0.6603108791779594, -0.9026959316580259, 0.513348476332959]",29.46380341239684,2.6154648706152805
"[0.19597545371724887, 0.6603123978180958, -0.902697902416289, 0.5133452150648232]",29.46385591217136,2.6155277030966775
"[0.1959664572959923, 0.6603139164376236, -0.9026998730180913, 0.5133419538497799]",29.46390841433691,2.615590535578074
"[0.1959574609587948, 0.6603154351969275, -0.9027018436715699, 0.513338692343394]",29.463960918631418,2.6156533680594705
"[0.19594846216307116, 0.6603169545253189, -0.9027038149336969, 0.5133354296237355]",29.46401342199006,2.6157162005408674
"[0.19593946457378889, 0.6603184738040521, -0.902705786001632, 0.513332167019545]",29.464065925077787,2.615779033022264
"[0.19593046543514972, 0.6603199934984721, -0.9027077574790702, 0.513328903531511]",29.464118428585902,2.6158418655036604
"[0.19592146691372678, 0.660321513242728, -0.9027097288913718, 0.5133256399452769]",29.464170933488642,2.615904697985057
"[0.19591246677524177, 0.6603230334142023, -0.9027117007280259, 0.5133223754504386]",29.46422343972648,2.615967530466454
"[0.1959034671618974, 0.6603245536510972, -0.9027136725196991, 0.5133191108239379]",29.46427594605141,2.6160303629478503
"[0.19589446661561571, 0.6603260741997302, -0.9027156445858463, 0.5133158455368206]",29.464328451054936,2.616093195429247
"[0.19588546439416202, 0.6603275951855672, -0.9027176170891134, 0.5133125793196598]",29.46438095768492,2.6161560279106437
"[0.19587646333087702, 0.6603291161299153, -0.9027195894086729, 0.5133093132004165]",29.464433465867156,2.6162188603920398
"[0.19586746129898527, 0.6603306373921409, -0.902721562010532, 0.5133060464073737]",29.464485974790694,2.6162816928734367
"[0.1958584585332586, 0.6603321589326232, -0.9027235348432536, 0.5133027790256183]",29.464538481096334,2.616344525354833
"[0.19584945551295027, 0.6603336806703951, -0.9027255078018158, 0.5132995112290221]",29.464590991808716,2.6164073578362297
"[0.19584045175536535, 0.6603352026870738, -0.9027274809919984, 0.5132962428423171]",29.464643500011857,2.6164701903176266
"[0.19583144754917622, 0.6603367249338975, -0.9027294543505406, 0.5132929739702167]",29.46469601149554,2.616533022799023
"[0.19582244299741472, 0.6603382473935008, -0.9027314278548549, 0.5132897046500353]",29.46474852360189,2.6165958552804196
"[0.19581343737678628, 0.6603397701881389, -0.9027334016634816, 0.5132864346191749]",29.464801034143782,2.616658687761816
"[0.1958044318482963, 0.6603412931216022, -0.9027353755219443, 0.5132831642990429]",29.46485354392751,2.616721520243213
"[0.1957954268628092, 0.6603428161176068, -0.9027373493314073, 0.5132798938534241]",29.464906056546827,2.6167843527246095
"[0.19578641921177242, 0.66034433971887, -0.9027393237951665, 0.5132766221169044]",29.464958569069886,2.616847185206006
"[0.19577741238632673, 0.6603458633349352, -0.902741298147981, 0.5132733503574141]",29.465011082435005,2.616910017687403
"[0.19576840497470804, 0.6603473872046206, -0.9027432726993027, 0.5132700780621237]",29.46506359496226,2.6169728501687994
"[0.1957593960418518, 0.6603489114861741, -0.9027452476541244, 0.5132668048912153]",29.4651161091795,2.617035682650196
"[0.19575038766572295, 0.660350435828047, -0.90274722255691, 0.5132635315995944]",29.465168624238828,2.6170985151315924
"[0.1957413802317508, 0.6603519601649835, -0.902749197323133, 0.5132602583273816]",29.46522114270594,2.6171613476129894
"[0.19573236979368455, 0.6603534851648719, -0.9027511728179712, 0.5132569836403966]",29.46527365563312,2.617224180094386
"[0.19572335916566894, 0.6603550103515092, -0.9027531484244635, 0.513253708561209]",29.465326171772663,2.6172870125757823
"[0.1957143491128502, 0.6603565355953812, -0.9027551239748315, 0.5132504333679303]",29.465378689930315,2.6173498450571793
"[0.19570533811307622, 0.6603580611541735, -0.9027570998028176, 0.5132471575072226]",29.465431206499048,2.6174126775385753
"[0.19569632648453483, 0.6603595869740649, -0.9027590758386591, 0.5132438810946598]",29.465483724577982,2.6174755100199723
"[0.19568731465146186, 0.660361112983252, -0.9027610519893295, 0.5132406042844269]",29.465536243131623,2.6175383425013687
"[0.19567830159413108, 0.6603626393544504, -0.9027630284784436, 0.5132373267056504]",29.46558876018622,2.6176011749827652
"[0.19566928886263618, 0.660364165825181, -0.9027650049660759, 0.5132340489219555]",29.465641279058257,2.617664007464162
"[0.195660274806669, 0.6603656926749899, -0.9027669818141394, 0.5132307703330777]",29.4656938016366,2.6177268399455587
"[0.1956512617509863, 0.6603672195100897, -0.9027689585127922, 0.5132274917845746]",29.465746319971966,2.617789672426955
"[0.19564224716151052, 0.6603687467598021, -0.902770935617786, 0.5132242123545904]",29.46579884173252,2.6178525049083516
"[0.1956332321366687, 0.6603702742380807, -0.9027729128882238, 0.5132209324426138]",29.465851362821464,2.6179153373897486
"[0.19562421609926178, 0.6603718020427644, -0.9027748904507089, 0.5132176518385574]",29.465903882923612,2.617978169871145
"[0.19561520000922014, 0.6603733300112257, -0.902776868094691, 0.5132143708916299]",29.46595640436446,2.6180410023525416
"[0.1956061836932519, 0.6603748581728438, -0.9027788458581738, 0.5132110895387435]",29.466008929279518,2.6181038348339385
"[0.1955971662964943, 0.6603763866725516, -0.9027808239286766, 0.5132078074686965]",29.466061451833337,2.618166667315335
"[0.19558814984588083, 0.6603779151667691, -0.9027828018615606, 0.5132045254192285]",29.466113974604244,2.6182294997967315
"[0.1955791314872102, 0.6603794441393919, -0.9027847802829467, 0.51320124235131]",29.466166502732918,2.618292332278128
"[0.1955701125038019, 0.6603809733729107, -0.9027867589113235, 0.5131979587319825]",29.466219023866387,2.618355164759525
"[0.19556109494196075, 0.6603825025203472, -0.9027887372977409, 0.5131946753062891]",29.466271549631003,2.6184179972409214
"[0.19555207437151334, 0.6603840323329913, -0.9027907164141532, 0.513191390461042]",29.466324075352126,2.618480829722318
"[0.1955430547126336, 0.660385562146073, -0.9027926954004855, 0.5131881056236492]",29.466376602354067,2.618543662203715
"[0.1955340337438713, 0.660387092336411, -0.9027946747441309, 0.5131848199850227]",29.466429128616475,2.6186064946851113
"[0.1955250142489777, 0.6603886224317496, -0.9027966538342862, 0.5131815345591403]",29.4664816580101,2.618669327166508
"[0.19551599277217854, 0.6603901530183925, -0.9027986334292182, 0.51317824808712]",29.46653418636624,2.6187321596479047
"[0.1955069704970909, 0.6603916838956154, -0.902800613269223, 0.5131749609999703]",29.466586712849168,2.618794992129301
"[0.19549794811097096, 0.6603932149468231, -0.9028025932034899, 0.5131716735480328]",29.466639241784048,2.6188578246106977
"[0.19548892371733587, 0.6603947464939223, -0.9028045736482069, 0.5131683850401366]",29.46669176996351,2.618920657092094
"[0.19547990148709324, 0.6603962778290023, -0.9028065536880434, 0.5131650969962405]",29.466744300403228,2.6189834895734907
"[0.1954708771406442, 0.6603978096784849, -0.9028085342621911, 0.5131618078566287]",29.466796829919424,2.6190463220548876
"[0.1954618526372358, 0.6603993417098577, -0.9028105149406693, 0.5131585183352626]",29.466849360635987,2.619109154536284
"[0.19545282783337786, 0.660400873947491, -0.9028124957549651, 0.5131552283798086]",29.466901891746076,2.619171987017681
"[0.19544380275733522, 0.6604024063866069, -0.9028144766988696, 0.5131519380005276]",29.466954425705108,2.619234819499077
"[0.1954347761184096, 0.660403939246417, -0.902816458055692, 0.5131486467267401]",29.467006955857865,2.619297651980474
"[0.19542575019483518, 0.6604054721400682, -0.902818439325356, 0.5131453553890755]",29.467059489787932,2.6193604844618705
"[0.19541672248360767, 0.6604070054926857, -0.902820421057293, 0.5131420630747319]",29.467112023441818,2.619423316943267
"[0.19540769608455927, 0.6604085387777822, -0.902822402571033, 0.513138770914148]",29.46716455685227,2.619486149424664
"[0.19539866803985267, 0.6604100724978107, -0.9028243845158849, 0.5131354778284924]",29.46721709205235,2.6195489819060604
"[0.1953896390027767, 0.6604116065418622, -0.9028263667484491, 0.5131321840559047]",29.467269627607227,2.619611814387457
"[0.19538061110829813, 0.6604131405472743, -0.9028283487999913, 0.5131288903751229]",29.46732216255008,2.6196746468688534
"[0.19537158101705995, 0.6604146750812858, -0.9028303314036937, 0.5131255955680364]",29.467374697889372,2.6197374793502504
"[0.19536255120848645, 0.6604162097228237, -0.9028323140151617, 0.5131223005389239]",29.467427232252227,2.619800311831647
"[0.1953535203304361, 0.6604177447016409, -0.9028342969312843, 0.5131190047944186]",29.46747976943608,2.6198631443130433
"[0.1953444904744622, 0.6604192796622456, -0.9028362796928062, 0.5131157090977972]",29.46753230734405,2.6199259767944403
"[0.1953354573154518, 0.6604208153399163, -0.9028382632494428, 0.5131124118703535]",29.467584843464028,2.6199888092758363
"[0.19532642629027955, 0.6604223508103957, -0.9028402464073348, 0.5131091150965456]",29.467637384782332,2.6200516417572333
"[0.19531739365493236, 0.6604238867102274, -0.9028422299886272, 0.5131058174096529]",29.467689920862018,2.6201144742386298
"[0.1953083614624828, 0.6604254226903623, -0.9028442135424619, 0.5131025195591252]",29.467742462939626,2.6201773067200262
"[0.1952993277235409, 0.660426959089137, -0.9028461975057291, 0.5130992208185278]",29.467795001009545,2.620240139201423
"[0.19529029405954046, 0.6604284956308303, -0.9028481815223397, 0.5130959217798498]",29.467847543031738,2.6203029716828197
"[0.19528125948076577, 0.660430032483812, -0.9028501658096577, 0.5130926220815929]",29.467900082410626,2.6203658041642166
"[0.19527222477815342, 0.660431569513571, -0.9028521501939677, 0.5130893220125617]",29.467952625395807,2.6204286366456127
"[0.1952631888176834, 0.6604331069130759, -0.9028541349243503, 0.5130860211584468]",29.468005164412837,2.6204914691270096
"[0.1952541522403795, 0.6604346445733065, -0.9028561198600165, 0.5130827197533123]",29.468057708735685,2.620554301608406
"[0.19524511651517734, 0.6604361822443195, -0.9028581046782905, 0.5130794183338029]",29.468110249768007,2.6206171340898026
"[0.19523607950408065, 0.6604377202899631, -0.9028600898488062, 0.5130761161187217]",29.46816279368817,2.6206799665711995
"[0.19522704269788052, 0.6604392584565493, -0.9028620750440797, 0.5130728136527443]",29.46821533643097,2.620742799052596
"[0.19521800456551905, 0.6604407970047169, -0.9028640606004532, 0.5130695103762772]",29.468267882733517,2.6208056315339925
"[0.19520896732702936, 0.6604423355565692, -0.9028660460302085, 0.5130662071006675]",29.468320428051445,2.620868464015389
"[0.19519992775698908, 0.6604438746612595, -0.9028680320419576, 0.5130629026468785]",29.468372972809508,2.620931296496786
"[0.19519088851440053, 0.6604454138661214, -0.902870018051524, 0.5130595979867919]",29.46842551909569,2.6209941289781824
"[0.19518184728893193, 0.660446953564605, -0.9028720045665161, 0.5130562922756726]",29.468478061777,2.621056961459579
"[0.19517280794169314, 0.6604484930991834, -0.9028739907385707, 0.5130529869252234]",29.46853061393932,2.621119793940976
"[0.19516376735286523, 0.6604500330011931, -0.9028759772531715, 0.5130496807946696]",29.468583158977864,2.621182626422372
"[0.19515472527176925, 0.6604515733134206, -0.9028779641654191, 0.5130463737921633]",29.468635704851337,2.621245458903769
"[0.19514568334622392, 0.6604531137551728, -0.9028799511132289, 0.5130430665203195]",29.468688255051713,2.6213082913851653
"[0.19513664022193, 0.6604546545572368, -0.9028819383942014, 0.5130397584836719]",29.46874080277294,2.6213711238665622
"[0.19512759955302383, 0.6604561950969738, -0.9028839252052934, 0.5130364510189911]",29.468793352798276,2.6214339563479587
"[0.19511855480622178, 0.6604577364877093, -0.9028859129822902, 0.5130331417360222]",29.468845903088777,2.621496788829355
"[0.1951095110861536, 0.6604592778596123, -0.9028879006033621, 0.513029832502255]",29.468898452631308,2.621559621310752
"[0.195100466677569, 0.6604608195049946, -0.9028898884454739, 0.5130265226900904]",29.468951003241674,2.621622453792148
"[0.19509142065113466, 0.6604623615823552, -0.9028918767128917, 0.5130232119592665]",29.469003554781786,2.621685286273545
"[0.19508237611605028, 0.6604639035616685, -0.9028938647222204, 0.5130199014477027]",29.46905610653797,2.6217481187549416
"[0.1950733301547336, 0.6604654459403497, -0.9028958531147394, 0.5130165900874859]",29.46910865821548,2.621810951236338
"[0.19506428441315704, 0.6604669884377893, -0.9028978415286494, 0.5130132784810624]",29.469161212440735,2.621873783717735
"[0.1950552380398942, 0.6604685311991985, -0.9028998301511002, 0.5130099663166829]",29.46921376688804,2.6219366161991315
"[0.19504619032450313, 0.6604700743457748, -0.9029018191382795, 0.5130066533341353]",29.469266318740445,2.621999448680528
"[0.19503714207446496, 0.6604716177398604, -0.9029038083126832, 0.5130033398289662]",29.469318873523896,2.6220622811619245
"[0.19502809334697546, 0.6604731613717361, -0.9029057976617373, 0.5130000258220471]",29.469371429091876,2.6221251136433215
"[0.195019046081802, 0.6604747049104719, -0.9029077867589644, 0.5129967120238431]",29.46942398400678,2.622187946124718
"[0.1950099949069138, 0.6604762492726477, -0.9029097767854547, 0.5129933964665644]",29.469476538347852,2.6222507786061144
"[0.19500094635540433, 0.6604777933435922, -0.9029117663048196, 0.5129900815432781]",29.469529096074766,2.6223136110875114
"[0.19499189510970857, 0.6604793380307203, -0.9029137564862291, 0.5129867653058816]",29.46958165306102,2.6223764435689074
"[0.19498284412275374, 0.660480882830144, -0.9029157466804133, 0.5129834488361499]",29.469634209310055,2.6224392760503044
"[0.19497379212133414, 0.6604824279592125, -0.902917737167328, 0.5129801316674786]",29.469686767621404,2.6225021085317013
"[0.1949647415216438, 0.660483973005466, -0.9029197274156512, 0.512976814685338]",29.46973932595319,2.622564941013098
"[0.19495568866994184, 0.6604855185926911, -0.9029217182288457, 0.5129734965505699]",29.469791883317246,2.6226277734944943
"[0.19494663613104737, 0.6604870642830454, -0.9029237090428923, 0.5129701782031495]",29.46984444314679,2.6226906059758908
"[0.1949375818996979, 0.6604886104189752, -0.9029257002987863, 0.5129668589079112]",29.46989700184738,2.6227534384572877
"[0.19492852862154358, 0.6604901565487142, -0.9029276914146802, 0.5129635396347143]",29.469949564364835,2.622816270938684
"[0.19491947499665846, 0.6604917028942151, -0.9029296826764568, 0.5129602199070287]",29.470002123375433,2.6228791034200807
"[0.19491041921663785, 0.6604932497644842, -0.902931674481867, 0.5129568990615301]",29.47005468315668,2.6229419359014776
"[0.19490136305995612, 0.6604947968557767, -0.9029336664397576, 0.512953577750284]",29.470107246005607,2.6230047683828737
"[0.19489230834426988, 0.6604963438575545, -0.9029356581503009, 0.5129502566399543]",29.470159810076947,2.6230676008642706
"[0.19488325159680686, 0.6604978913631675, -0.9029376503773745, 0.5129469344567388]",29.470212371324966,2.623130433345667
"[0.19487419480779697, 0.6604994390326041, -0.9029396426831976, 0.5129436119305717]",29.470264934927933,2.6231932658270636
"[0.19486513738225816, 0.6605009869675557, -0.9029416351986508, 0.5129402888431379]",29.470317499806356,2.6232560983084605
"[0.1948560795520668, 0.6605025351284366, -0.9029436278727221, 0.5129369652794293]",29.470370062212794,2.623318930789857
"[0.1948470213998655, 0.6605040835011484, -0.9029456206872271, 0.5129336412697139]",29.470422626742504,2.6233817632712535
"[0.1948379619909971, 0.6605056322454913, -0.9029476138478008, 0.512930316470926]",29.470475194744083,2.62344459575265
"[0.19482890367988537, 0.6605071809589915, -0.9029496068364343, 0.5129269917470972]",29.470527758165606,2.623507428234047
"[0.1948198430537426, 0.6605087302251669, -0.9029516004040046, 0.5129236658455448]",29.47058032497831,2.6235702607154434
"[0.19481078291665702, 0.6605102795646068, -0.9029535939335492, 0.5129203397954537]",29.470632892510057,2.62363309319684
"[0.19480172176136037, 0.6605118292350826, -0.9029555877567109, 0.5129170130434519]",29.470685457450784,2.623695925678237
"[0.19479266004321638, 0.6605133791587615, -0.9029575817732981, 0.512913685756627]",29.470738026142154,2.6237587581596333
"[0.1947835983029834, 0.660514929243174, -0.9029595758643123, 0.5129103581334884]",29.470790595730563,2.62382159064103
"[0.19477453534108258, 0.6605164796935565, -0.9029615702937301, 0.512907029733449]",29.470843159815942,2.6238844231224263
"[0.19476547278437234, 0.6605180302316179, -0.9029635647035368, 0.5129037011539238]",29.470895730491236,2.6239472556038232
"[0.19475640969489402, 0.6605195810178481, -0.9029655593001393, 0.5129003720503862]",29.4709482993842,2.6240100880852197
"[0.1947473460502896, 0.6605211320561151, -0.902967554088458, 0.5128970424145417]",29.471000870832995,2.6240729205666162
"[0.194738281156744, 0.6605226834651751, -0.9029695492212039, 0.5128937119914319]",29.47105344198768,2.624135753048013
"[0.19472921650363806, 0.6605242349901842, -0.9029715443705694, 0.5128903813281551]",29.471106012757758,2.624198585529409
"[0.19472015042526464, 0.6605257869162846, -0.902973539903182, 0.5128870498125951]",29.4711585851838,2.624261418010806
"[0.19471108492172326, 0.6605273389011164, -0.9029755353787992, 0.5128837181796864]",29.471211155721114,2.6243242504922026
"[0.1947020186826933, 0.6605288911690214, -0.9029775310858346, 0.5128803859478431]",29.471263728776645,2.624387082973599
"[0.19469295187903918, 0.6605304436907813, -0.9029795269866792, 0.5128770531797859]",29.47131630157487,2.624449915454996
"[0.19468388401201756, 0.6605319965518466, -0.9029815231911301, 0.5128737196920833]",29.471368876312166,2.6245127479363926
"[0.19467481597921688, 0.6605335495985455, -0.902983519501593, 0.5128703858146211]",29.47142144796048,2.624575580417789
"[0.194665747559118, 0.6605351028688282, -0.9029855159668303, 0.5128670514659259]",29.471474023534572,2.6246384128991855
"[0.19465667853221716, 0.660536656400333, -0.9029875126351655, 0.5128637165652081]",29.471526597843845,2.6247012453805825
"[0.19464760899246183, 0.6605382101770003, -0.9029895094859164, 0.5128603811469434]",29.471579173301606,2.624764077861979
"[0.1946385393778814, 0.6605397641238041, -0.9029915064226357, 0.5128570453721824]",29.471631750445226,2.6248269103433755
"[0.19462946877469042, 0.6605413183973456, -0.90299350364652, 0.5128537089047617]",29.471684325551095,2.6248897428247724
"[0.19462039694158773, 0.6605428730390362, -0.9029955012107135, 0.5128503716557885]",29.47173690098165,2.624952575306169
"[0.1946113271877997, 0.6605444274817561, -0.9029974983865231, 0.5128470348426597]",29.471789481103,2.6250154077875654
"[0.19460225447650742, 0.6605459825887802, -0.902999496283062, 0.5128436966122435]",29.471842058966807,2.625078240268962
"[0.19459318197068148, 0.6605475378180449, -0.9030014942038342, 0.5128403581281554]",29.47189463810713,2.625141072750359
"[0.19458410981618612, 0.66054909314452, -0.9030034921167011, 0.5128370194441102]",29.47194721652868,2.6252039052317553
"[0.19457503571915896, 0.6605506489615284, -0.903005490526832, 0.5128336797158116]",29.47199979535794,2.6252667377131518
"[0.1945659623804556, 0.6605522048060207, -0.9030074888394131, 0.5128303399372414]",29.47205237409471,2.6253295701945487
"[0.19455688710329128, 0.6605537611404673, -0.9030094876483857, 0.5128269991156647]",29.47210495399211,2.6253924026759448
"[0.19454781253411768, 0.6605553175110475, -0.9030114863708784, 0.5128236582252402]",29.472157535062443,2.6254552351573417
"[0.1945387358339527, 0.6605568744047302, -0.903013485632195, 0.5128203162206594]",29.472210116217898,2.625518067638738
"[0.19452966126116683, 0.6605584310910914, -0.9030154844943618, 0.5128169746698327]",29.472262698733452,2.6255809001201347
"[0.19452058421532997, 0.6605599883593245, -0.9030174839707112, 0.5128136318786964]",29.472315281978865,2.6256437326015316
"[0.19451150689776192, 0.6605615458318423, -0.9030194835763591, 0.51281028865777]",29.47236786559463,2.625706565082928
"[0.19450242933511772, 0.6605631035040941, -0.9030214833054275, 0.5128069450168246]",29.472420446118363,2.6257693975643246
"[0.19449335085466526, 0.6605646614915516, -0.903023483306117, 0.5128036007079922]",29.472473029188446,2.625832230045721
"[0.19448427259904297, 0.6605662195981545, -0.9030254833266975, 0.5128002561521343]",29.472525612656085,2.625895062527118
"[0.19447519299364394, 0.6605677780941697, -0.903027483714071, 0.5127969107690932]",29.47257820005826,2.6259578950085145
"[0.194466115358402, 0.6605693364097452, -0.9030294837367814, 0.5127935657820968]",29.472630785078778,2.626020727489911
"[0.19445703449545862, 0.6605708954372073, -0.9030314845400446, 0.5127902192757284]",29.47268336927259,2.626083559971308
"[0.19444795414610008, 0.6605724545343143, -0.9030334852995556, 0.5127868726285812]",29.472735957079994,2.6261463924527044
"[0.19443887271494323, 0.6605740139750184, -0.9030354863668344, 0.5127835252526133]",29.4727885426118,2.626209224934101
"[0.19442979126182738, 0.6605755735773602, -0.9030374875083483, 0.5127801775384041]",29.472841129843665,2.6262720574154974
"[0.19442070896520225, 0.6605771334824557, -0.9030394889051294, 0.5127768291830459]",29.472893716978824,2.6263348898968943
"[0.19441162577610688, 0.6605786936987714, -0.9030414905679724, 0.5127734801683718]",29.472946303864077,2.626397722378291
"[0.19440254348485958, 0.6605802539187768, -0.9030434921023348, 0.5127701311544858]",29.472998894362075,2.6264605548596873
"[0.19439346057030088, 0.6605818144037993, -0.9030454938434294, 0.5127667815804587]",29.473051485233796,2.6265233873410843
"[0.1943843755826962, 0.6605833754029812, -0.9030474961107755, 0.5127634309115063]",29.47310407060408,2.6265862198224803
"[0.19437529183411684, 0.660584936347264, -0.9030494981744135, 0.5127600803691084]",29.47315666325661,2.6266490523038772
"[0.19436620550051775, 0.660586497893811, -0.903051500877168, 0.5127567285426766]",29.473209252353403,2.626711884785274
"[0.19435712045915265, 0.6605880593763279, -0.9030535033644632, 0.5127533768623964]",29.473261844109683,2.6267747172666702
"[0.1943480346804269, 0.6605896211436444, -0.9030555060836355, 0.512750024579516]",29.47331443687089,2.626837549748067
"[0.19433894787562028, 0.6605911832454341, -0.9030575090983344, 0.5127466715874092]",29.47336702889904,2.6269003822294636
"[0.19432986109456887, 0.660592745501259, -0.9030595121771412, 0.5127433182733847]",29.473419621334177,2.6269632147108606
"[0.19432077231408673, 0.6605943082590144, -0.903061515766056, 0.5127399638907023]",29.47347221156672,2.627026047192257
"[0.19431168509164898, 0.6605958709070308, -0.9030635190808387, 0.5127366097522791]",29.473524804875186,2.6270888796736536
"[0.19430259611063916, 0.6605974340156517, -0.9030655228526407, 0.5127332546339065]",29.473577399735046,2.6271517121550505
"[0.19429350728895078, 0.6605989972550815, -0.9030675266586466, 0.5127298992434663]",29.473629994959733,2.6272145446364465
"[0.19428441797852003, 0.6606005607368043, -0.903069530641726, 0.5127265433416707]",29.473682589080653,2.6272773771178435
"[0.19427532729589697, 0.6606021246128401, -0.903071534996668, 0.5127231866022212]",29.473735184033174,2.62734020959924
"[0.19426623696600373, 0.6606036885864799, -0.9030735393431537, 0.51271982966198]",29.473787782038066,2.6274030420806365
"[0.1942571459035023, 0.6606052528444706, -0.9030755439204834, 0.5127164721201111]",29.473840377303578,2.6274658745620334
"[0.19424805430520267, 0.6606068173529858, -0.9030775486852634, 0.5127131140492202]",29.47389297248011,2.62752870704343
"[0.19423896211112732, 0.6606083821223863, -0.9030795536507192, 0.5127097554270734]",29.473945573423098,2.6275915395248264
"[0.19422986891553837, 0.6606099472225405, -0.9030815589063292, 0.5127063961037002]",29.47399816793814,2.627654372006223
"[0.19422077557218292, 0.6606115125065445, -0.9030835642638226, 0.512703036394421]",29.474050766785926,2.62771720448762
"[0.19421168240069442, 0.6606130779193854, -0.9030855696526985, 0.5126996764173155]",29.474103368123146,2.6277800369690163
"[0.19420258793041878, 0.6606146437142708, -0.9030875753972926, 0.5126963156289]",29.474155964437152,2.627842869450413
"[0.19419349301932387, 0.6606162097435292, -0.9030895813083925, 0.5126929543461296]",29.474208563913468,2.6279057019318097
"[0.19418439813013008, 0.6606177759275169, -0.9030915872839346, 0.5126895927399615]",29.474261164453495,2.6279685344132058
"[0.1941753035535953, 0.6606193422161604, -0.9030935932597731, 0.5126862309178702]",29.474313766781126,2.6280313668946027
"[0.19416620681056354, 0.6606209090364688, -0.9030955997827421, 0.5126828679633324]",29.47436636576091,2.628094199375999
"[0.19415710934040198, 0.6606224761406073, -0.9030976065353722, 0.5126795044082928]",29.47441896851523,2.628157031857396
"[0.19414801206259094, 0.6606240433702213, -0.9030996133148333, 0.5126761405926471]",29.474471569948587,2.6282198643387926
"[0.19413891478367878, 0.6606256107586319, -0.903101620163786, 0.5126727764448699]",29.474524172158265,2.628282696820189
"[0.19412981597418666, 0.6606271785694019, -0.9031036274196367, 0.512669411399268]",29.474576775363328,2.628345529301586
"[0.19412071734004735, 0.6606287465086248, -0.9031056347060481, 0.5126660460866641]",29.47462937935781,2.628408361782982
"[0.19411161833004012, 0.6606303146713022, -0.9031076421446185, 0.512662680303154]",29.474681983616552,2.628471194264379
"[0.19410251858505842, 0.6606318831193595, -0.9031096498145734, 0.5126593139158266]",29.47473458857006,2.6285340267457755
"[0.19409341738843433, 0.6606334519763999, -0.9031116578740428, 0.5126559466594052]",29.47478719436925,2.628596859227172
"[0.19408431735176726, 0.6606350207922068, -0.9031136657468088, 0.512652579500156]",29.47483979702068,2.628659691708569
"[0.19407521595162155, 0.6606365900018647, -0.9031156739896369, 0.51264921150429]",29.474892404978803,2.6287225241899654
"[0.19406611402295, 0.6606381594614626, -0.9031176824183044, 0.5126458429806778]",29.474945011474592,2.628785356671362
"[0.19405701180918972, 0.6606397291290523, -0.903119690979091, 0.5126424740193546]",29.474997618567393,2.6288481891527584
"[0.19404790990850163, 0.6606412989014788, -0.9031216995399906, 0.512639104841712]",29.47505022463945,2.6289110216341554
"[0.19403880541731405, 0.6606428692795837, -0.9031237087417615, 0.5126357343728122]",29.475102833546362,2.628973854115552
"[0.1940297015972698, 0.6606444397008401, -0.9031257178646259, 0.5126323638199941]",29.475155439491648,2.6290366865969483
"[0.19402059821659043, 0.6606460102052052, -0.9031277269597107, 0.512628993097495]",29.475208049841406,2.6290995190783453
"[0.19401149259437028, 0.6606475812552419, -0.9031297366186932, 0.5126256212125362]",29.475260659469317,2.6291623515597413
"[0.19400238831641026, 0.6606491522322987, -0.9031317460501657, 0.5126222494929061]",29.47531327010674,2.6292251840411383
"[0.19399328190948179, 0.6606507237357159, -0.9031337560207129, 0.512618876652263]",29.475365878893808,2.6292880165225347
"[0.19398417531726284, 0.6606522954301421, -0.9031357661013377, 0.5126155034103628]",29.475418489015404,2.6293508490039317
"[0.1939750684333866, 0.6606538673339531, -0.9031377763155116, 0.5126121297277652]",29.47547110055191,2.629413681485328
"[0.19396596129238744, 0.6606554394412065, -0.9031397866556062, 0.5126087556172235]",29.475523712673276,2.6294765139667247
"[0.19395685310622043, 0.6606570118879794, -0.9031417972955792, 0.5126053807866873]",29.475576324391607,2.6295393464481216
"[0.19394774527310227, 0.6606585844329051, -0.903143807926768, 0.5126020057541839]",29.475628939065146,2.6296021789295176
"[0.19393863527030603, 0.6606601575116081, -0.9031458191060957, 0.5125986295847683]",29.475681549938624,2.6296650114109146
"[0.1939295260232237, 0.6606617306189856, -0.9031478301877376, 0.512595253362502]",29.475734162639263,2.629727843892311
"[0.19392041678756836, 0.6606633038835579, -0.9031498413359922, 0.5125918768115523]",29.475786779228585,2.6297906763737076
"[0.19391130617070204, 0.6606648775458906, -0.9031518528583313, 0.5125884994156167]",29.475839393235464,2.6298535088551045
"[0.19390219517414345, 0.6606664514330459, -0.9031538645336373, 0.512585121545858]",29.475892007327474,2.629916341336501
"[0.19389308283768542, 0.6606680257109482, -0.9031558765739288, 0.5125817428461726]",29.47594462247375,2.6299791738178975
"[0.19388397151897535, 0.6606695999722878, -0.9031578884586196, 0.5125783641907166]",29.47599723904184,2.630042006299294
"[0.1938748592146989, 0.6606711745632141, -0.9031599006300506, 0.5125749848365979]",29.47604985508398,2.630104838780691
"[0.1938657460800375, 0.6606727494569644, -0.9031619130539638, 0.5125716048412545]",29.476102471731807,2.6301676712620874
"[0.19385663310648868, 0.6606743244822104, -0.9031639255114062, 0.5125682245723824]",29.47615508861303,2.630230503743484
"[0.19384751825154237, 0.6606758999920229, -0.9031659384534392, 0.5125648432722402]",29.476207706228262,2.630293336224881
"[0.19383840467649813, 0.6606774754399942, -0.9031679511819101, 0.5125614621135106]",29.476260326147962,2.6303561687062773
"[0.19382928897874027, 0.6606790514143375, -0.9031699644482853, 0.5125580798337793]",29.476312943163002,2.630419001187674
"[0.19382017406172586, 0.660680627413148, -0.9031719776113156, 0.5125546975102299]",29.476365563720126,2.6304818336690703
"[0.1938110566698551, 0.6606822039993763, -0.903173991390055, 0.5125513139346863]",29.476418183039772,2.6305446661504672
"[0.1938019409857249, 0.6606837804497789, -0.9031760048606826, 0.5125479306593212]",29.47647080360419,2.6306074986318637
"[0.1937928235152683, 0.6606853573686339, -0.9031780187949522, 0.512544546387283]",29.476523424290736,2.63067033111326
"[0.1937837062400827, 0.6606869344132569, -0.9031800327551622, 0.5125411618540141]",29.476576045732013,2.630733163594657
"[0.19377458868163047, 0.6606885116664302, -0.9031820468470071, 0.5125377768818542]",29.476628666878323,2.630795996076053
"[0.19376546882157578, 0.6606900894773807, -0.9031840615163594, 0.5125343907213232]",29.476681289116048,2.63085882855745
"[0.19375635080313813, 0.6606916671293176, -0.9031860758479325, 0.5125310049107372]",29.476733911248406,2.630921661038847
"[0.19374723053529225, 0.6606932453301075, -0.9031880907454991, 0.5125276179309363]",29.476786532833415,2.630984493520243
"[0.19373811129954013, 0.6606948235119596, -0.9031901054840918, 0.5125242310004695]",29.47683915745565,2.63104732600164
"[0.19372899014629552, 0.6606964021853272, -0.9031921207153737, 0.5125208430238264]",29.476891782979507,2.6311101584830365
"[0.19371986931857144, 0.6606979809620696, -0.9031941359437744, 0.5125174548340193]",29.476944407419758,2.631172990964433
"[0.19371074712908745, 0.6606995601342777, -0.9031961515420946, 0.512514065804193]",29.47699703228359,2.63123582344583
"[0.19370162533379393, 0.660701139398001, -0.9031981671223465, 0.5125106765866482]",29.477049656068615,2.6312986559272264
"[0.19369250277824465, 0.6607027189531265, -0.903200182939612, 0.5125072867524129]",29.47710228374939,2.631361488408623
"[0.19368337908846728, 0.6607042988644664, -0.9032021990765363, 0.5125038961624019]",29.477154908798237,2.6314243208900194
"[0.19367425582413783, 0.6607058788619513, -0.9032042151884617, 0.5125005053961911]",29.47720753493427,2.6314871533714164
"[0.19366513159496054, 0.6607074591863877, -0.9032062315826173, 0.5124971139370045]",29.477260163714032,2.631549985852813
"[0.19365600703369593, 0.660709039728219, -0.9032082481191687, 0.5124937220199572]",29.477312791229664,2.6316128183342093
"[0.19364688109896241, 0.6607106206678808, -0.9032102650282698, 0.5124903292578252]",29.477365418084638,2.6316756508156063
"[0.19363775526653182, 0.6607122017497581, -0.9032122819837646, 0.512486936199173]",29.477418047261118,2.6317384832970028
"[0.19362862919093093, 0.6607137830337408, -0.9032142990619922, 0.5124835427154963]",29.477470678600827,2.6318013157783993
"[0.193619502667861, 0.6607153645551683, -0.903216316308117, 0.5124801487308831]",29.477523307034897,2.6318641482597958
"[0.1936103756343242, 0.6607169463250753, -0.903218333736048, 0.5124767542217296]",29.477575938208595,2.6319269807411927
"[0.19360124692858, 0.6607185285448312, -0.9032203516025923, 0.512473358755868]",29.477628565680195,2.631989813222589
"[0.19359211921728503, 0.6607201107522692, -0.9032223693182895, 0.5124699633251196]",29.477681198899077,2.6320526457039857
"[0.19358298912767227, 0.6607216935320667, -0.9032243876287064, 0.5124665666747585]",29.47773382832478,2.6321154781853826
"[0.19357386126966242, 0.6607232760850615, -0.9032264055147575, 0.5124631705197872]",29.47778646183071,2.6321783106667787
"[0.19356473120570722, 0.6607248591806316, -0.9032284239574333, 0.5124597732091288]",29.477839093558398,2.6322411431481756
"[0.19355560169414895, 0.6607264423405439, -0.9032304423469353, 0.512456375769066]",29.477891727783103,2.632303975629572
"[0.19354646981554263, 0.6607280260711194, -0.9032324613287148, 0.5124529771130449]",29.477944359761075,2.6323668081109686
"[0.19353733880340734, 0.6607296098116163, -0.9032344801878717, 0.5124495784444074]",29.4779969939429,2.6324296405923655
"[0.19352820678010416, 0.6607311938877062, -0.9032364993395412, 0.5124461790642626]",29.47804962993663,2.632492473073762
"[0.19351907432439172, 0.6607327781990516, -0.9032385186557578, 0.512442779187944]",29.47810226430838,2.632555305555159
"[0.1935099410539109, 0.6607343628120207, -0.9032405382210692, 0.5124393786730265]",29.478154898529787,2.632618138036555
"[0.19350080842023254, 0.660735947474782, -0.9032425577144905, 0.5124359780599334]",29.47820753507358,2.632680970517952
"[0.1934916740995478, 0.6607375325905683, -0.9032445776498845, 0.5124325764833292]",29.478260169855076,2.6327438029993484
"[0.19348254003784796, 0.6607391178217508, -0.9032465975969229, 0.5124291746677696]",29.478312807316463,2.632806635480745
"[0.19347340506885302, 0.6607407033707636, -0.9032486178135161, 0.5124257721788443]",29.47836544544289,2.632869467962142
"[0.19346426893572394, 0.6607422892822196, -0.9032506383564801, 0.5124223689207956]",29.478418081432416,2.6329323004435383
"[0.1934551336884923, 0.6607438752002962, -0.9032526587724176, 0.5124189656572137]",29.478470720182678,2.632995132924935
"[0.19344599686754493, 0.6607454615520174, -0.9032546796053089, 0.5124155614717373]",29.478523358410254,2.6330579654063313
"[0.19343685939167726, 0.660747048177915, -0.9032567006519547, 0.5124121567065671]",29.478575996655028,2.6331207978877282
"[0.19342772184751952, 0.6607486349761608, -0.9032587217825971, 0.5124087515802253]",29.478628636653276,2.6331836303691247
"[0.19341858433870787, 0.6607502219287589, -0.9032607429743014, 0.5124053461313245]",29.47868127776835,2.633246462850521
"[0.19340944520971579, 0.6607518093232988, -0.9032627645932683, 0.5124019397427432]",29.47873391698411,2.633309295331918
"[0.19340030666078173, 0.6607533967776008, -0.9032647861528004, 0.5123985332345586]",29.478786558696072,2.633372127813314
"[0.19339116745604923, 0.6607549845064035, -0.9032668079262659, 0.5123951261460086]",29.478839198839726,2.633434960294711
"[0.193382027096211, 0.6607565725964832, -0.9032688300241328, 0.5123917182908635]",29.478891842020783,2.6334977927761076
"[0.19337288551276333, 0.6607581610598188, -0.9032708524615681, 0.5123883096434292]",29.478944480613347,2.633560625257504
"[0.1933637446629852, 0.6607597495563157, -0.9032728748055487, 0.5123849009334964]",29.47899712540788,2.633623457738901
"[0.19335460399467777, 0.6607613381819284, -0.9032748971782208, 0.5123814919551661]",29.47904977034531,2.6336862902202975
"[0.19334546065752817, 0.6607629274321009, -0.903276920210231, 0.5123780816452816]",29.479102413346496,2.6337491227016945
"[0.19333631943924218, 0.6607645164746803, -0.9032789428422574, 0.5123746717895292]",29.47915505814556,2.6338119551830905
"[0.19332717694051288, 0.6607661059005596, -0.9032809658264263, 0.5123712611199346]",29.479207703372186,2.6338747876644875
"[0.1933180315770636, 0.6607676959852816, -0.9032829895133277, 0.51236784904523]",29.479260348060876,2.633937620145884
"[0.19330888835516122, 0.660769285858443, -0.9032850127951711, 0.512364437433167]",29.479312992993318,2.6340004526272804
"[0.19329974262966534, 0.6607708763277957, -0.9032870366998579, 0.5123610245504514]",29.479365638270377,2.6340632851086774
"[0.19329059850890526, 0.6607724666788768, -0.9032890603182383, 0.5123576119301668]",29.479418287378447,2.634126117590074
"[0.19328145195769691, 0.6607740576135731, -0.903291084543297, 0.5123541980662354]",29.479470932504544,2.6341889500714704
"[0.1932723058430787, 0.6607756486331994, -0.9032931087405484, 0.5123507840286998]",29.479523580265056,2.634251782552867
"[0.19326315890760007, 0.6607772399565476, -0.9032951331882754, 0.5123473693481032]",29.479576225438183,2.634314615034264
"[0.1932540119429268, 0.6607788314459144, -0.9032971577112587, 0.5123439543199293]",29.47962887649777,2.6343774475156603
"[0.1932448642855717, 0.6607804232167606, -0.9032991824563468, 0.5123405386964177]",29.479681523298694,2.6344402799970568
"[0.19323571592267785, 0.6607820152713676, -0.9033012074263888, 0.5123371224726752]",29.479734174944145,2.6345031124784537
"[0.19322656679423492, 0.6607836076202231, -0.903303232634671, 0.5123337056261982]",29.479786823058244,2.6345659449598497
"[0.19321741750139074, 0.6607852001587342, -0.9033052579481247, 0.512330288381425]",29.479839474652163,2.6346287774412467
"[0.1932082682059066, 0.6607867928587489, -0.9033072833309316, 0.5123268707987573]",29.479892125789096,2.634691609922643
"[0.1931991175401348, 0.6607883859583946, -0.90330930908585, 0.5123234523672342]",29.479944776303974,2.6347544424040397
"[0.1931899663145149, 0.6607899793166507, -0.9033113350334734, 0.5123200333894699]",29.479997428071346,2.6348172748854366
"[0.19318081529135045, 0.6607915728007524, -0.903313361005039, 0.5123166141503023]",29.480050078828544,2.634880107366833
"[0.19317166314096446, 0.6607931666423212, -0.9033153872949169, 0.5123131941527719]",29.480102731772448,2.63494293984823
"[0.19316251105526547, 0.6607947606337898, -0.9033174136392224, 0.5123097738422423]",29.480155384839257,2.635005772329626
"[0.19315335836053035, 0.6607963548925396, -0.9033194401871134, 0.5123063529668599]",29.480208038876786,2.635068604811023
"[0.19314420554360123, 0.6607979493337889, -0.903321466830793, 0.5123029317085394]",29.480260692732305,2.63513143729242
"[0.19313504995712427, 0.6607995444187956, -0.903323494156465, 0.5122995090775447]",29.480313347101507,2.635194269773816
"[0.19312589672630848, 0.6608011392546621, -0.9033255210292445, 0.5122960869897973]",29.480366002423928,2.635257102255213
"[0.1931167410518539, 0.6608027346776152, -0.9033275485118674, 0.5122926636509798]",29.48041865560871,2.6353199347366094
"[0.19310758513655693, 0.6608043303038925, -0.9033295761165505, 0.5122892398845522]",29.48047131136753,2.635382767218006
"[0.19309842953180012, 0.6608059260373854, -0.9033316037211786, 0.5122858158967164]",29.480523968682288,2.635445599699403
"[0.1930892724542047, 0.6608075221889707, -0.9033336317206975, 0.5122823910204336]",29.48057662670083,2.6355084321807993
"[0.19308011618580226, 0.6608091183608982, -0.9033356596097047, 0.5122789661091627]",29.480629281747742,2.635571264662196
"[0.19307095918439907, 0.6608107148220126, -0.9033376877297455, 0.5122755405860387]",29.48068194269176,2.6356340971435923
"[0.19306180101976436, 0.6608123116473826, -0.9033397161761169, 0.5122721142899936]",29.480734598559284,2.6356969296249892
"[0.19305264253297924, 0.6608139086903906, -0.9033417447625331, 0.5122686875356156]",29.480787256785685,2.6357597621063857
"[0.19304348307337177, 0.6608155060645504, -0.9033437736331167, 0.5122652600793494]",29.480839916150295,2.6358225945877822
"[0.19303432302610976, 0.6608171037027354, -0.9033458027025565, 0.5122618320652274]",29.480892574987237,2.635885427069179
"[0.19302516388053487, 0.660818701345181, -0.9033478316409278, 0.5122584040506188]",29.480945234995456,2.6359482595505757
"[0.19301600355424042, 0.6608202993551378, -0.9033498609095171, 0.5122549752561072]",29.480997896200247,2.636011092031972
"[0.19300684203707014, 0.6608218977344492, -0.9033518905105877, 0.5122515456777423]",29.481050556641797,2.6360739245133686
"[0.19299767939669027, 0.6608234964713763, -0.9033539204291622, 0.5122481153407146]",29.48110321800243,2.6361367569947656
"[0.1929885177402239, 0.6608250951982566, -0.9033559501984134, 0.5122446850338892]",29.481155880167066,2.636199589476162
"[0.19297935448651393, 0.6608266943655475, -0.9033579803901892, 0.5122412537907594]",29.48120854166426,2.6362624219575586
"[0.1929701920163926, 0.6608282935577676, -0.9033600104769953, 0.5122378225027939]",29.481261205964643,2.6363252544389555
"[0.19296102830770612, 0.6608298931278777, -0.9033620409068627, 0.5122343904126687]",29.481313866404864,2.6363880869203515
"[0.19295186376548604, 0.660831493005236, -0.9033640715900587, 0.5122309576719547]",29.48136653089317,2.6364509194017485
"[0.19294269941069056, 0.6608330930116375, -0.9033661023003531, 0.512227524663017]",29.481419195975203,2.636513751883145
"[0.19293353417054385, 0.6608346933344021, -0.9033681332754551, 0.5122240909839378]",29.48147186014231,2.6365765843645415
"[0.19292436729134574, 0.6608362941052027, -0.9033701646823975, 0.5122206563521986]",29.48152452653257,2.6366394168459384
"[0.19291520190509565, 0.660837894777126, -0.9033721958271081, 0.512217221941266]",29.481577191898822,2.636702249327335
"[0.1929060343352887, 0.6608394959922703, -0.9033742275243345, 0.5122137863734476]",29.481629856605473,2.6367650818087314
"[0.19289686745783727, 0.6608410972483736, -0.9033762591367268, 0.5122103507264008]",29.48168252231174,2.636827914290128
"[0.19288769981445805, 0.6608426988001743, -0.9033782909874656, 0.512206914453559]",29.481735189082627,2.636890746771525
"[0.19287853041901448, 0.6608443008200197, -0.9033803232951263, 0.5122034771851397]",29.481787855333238,2.6369535792529213
"[0.19286936197556348, 0.660845902835501, -0.903382355460378, 0.5122000399347353]",29.481840522812202,2.6370164117343178
"[0.19286019295114118, 0.6608475051144721, -0.9033843878229811, 0.5121966021276445]",29.48189319160622,2.6370792442157147
"[0.1928510220888854, 0.6608491078766392, -0.9033864206615412, 0.5121931632924744]",29.48194586014358,2.637142076697111
"[0.1928418517742239, 0.660850710705149, -0.9033884534472977, 0.5121897243236138]",29.481998528163473,2.6372049091785077
"[0.19283268066710502, 0.6608523138342324, -0.9033904864772917, 0.5121862847185032]",29.482051198377743,2.637267741659904
"[0.19282350968426806, 0.660853917103668, -0.9033925195482972, 0.5121828448209098]",29.482103868717836,2.637330574141301
"[0.19281433882142418, 0.6608555205142193, -0.9033945526612467, 0.5121794046292075]",29.482156539693282,2.6373934066226976
"[0.19280516516638577, 0.6608571245750855, -0.9033965864617738, 0.5121759630508563]",29.482209210714082,2.637456239104094
"[0.19279599344204565, 0.6608587284605015, -0.9033986199028057, 0.5121725218575941]",29.48226188364198,2.637519071585491
"[0.1927868185701042, 0.6608603330585581, -0.9034006541102407, 0.5121690791439881]",29.482314551710697,2.637581904066887
"[0.19277764456260413, 0.6608619376676556, -0.9034026881945614, 0.5121656364153464]",29.482367226665193,2.637644736548284
"[0.19276847030183755, 0.6608635424832807, -0.9034047224035694, 0.512162193252246]",29.4824198991975,2.6377075690296805
"[0.1927592955310141, 0.6608651475503716, -0.9034067567942002, 0.5121587495582652]",29.48247257402031,2.637770401511077
"[0.19275011915424473, 0.6608667530607173, -0.9034087916094621, 0.5121553049219284]",29.4825252459051,2.637833233992474
"[0.19274094332966044, 0.6608683586367824, -0.9034108263707973, 0.5121518601532582]",29.482577918842402,2.6378960664738704
"[0.19273176625709948, 0.6608699645935131, -0.9034128614774016, 0.5121484145764775]",29.482630594318127,2.637958898955267
"[0.1927225885187028, 0.6608715708291635, -0.9034148968001766, 0.5121449684099454]",29.482683268066793,2.6380217314366634
"[0.19271341204931758, 0.6608731770050748, -0.9034169319100217, 0.5121415223802303]",29.482735944976568,2.6380845639180603
"[0.1927042341957337, 0.6608747835856527, -0.9034189673953393, 0.512138075490955]",29.48278861982538,2.638147396399457
"[0.19269505452871152, 0.6608763906461264, -0.9034210033513512, 0.5121346275807211]",29.482841296605137,2.6382102288808533
"[0.19268587409016422, 0.6608779980041672, -0.903423039546987, 0.5121311790407146]",29.482893975526856,2.6382730613622503
"[0.1926766955715664, 0.6608796051885129, -0.9034250753852602, 0.5121277308820124]",29.482946650617663,2.6383358938436468
"[0.19266751602832563, 0.6608812127147541, -0.903427111519272, 0.5121242819984324]",29.482999329539442,2.6383987263250432
"[0.19265833466701118, 0.6608828207219141, -0.9034291481250336, 0.5121208320917054]",29.483052006885767,2.6384615588064397
"[0.19264915384480122, 0.6608844287972041, -0.9034311846796793, 0.5121173820474555]",29.483104685823836,2.6385243912878367
"[0.19263997074275857, 0.6608860374344312, -0.9034332218085309, 0.5121139308062468]",29.483157362726452,2.638587223769233
"[0.1926307890365584, 0.6608876459897425, -0.9034352586961948, 0.5121104797494304]",29.483210043876237,2.6386500562506296
"[0.19262160688611263, 0.6608892547854874, -0.9034372957508564, 0.5121070281854238]",29.483262723766202,2.6387128887320266
"[0.19261242320870312, 0.6608908640114255, -0.9034393332127244, 0.5121035757071122]",29.48331540540247,2.6387757212134226
"[0.1926032393238021, 0.6608924734364041, -0.9034413707890718, 0.5121001228104206]",29.48336808617218,2.6388385536948196
"[0.19259405364485324, 0.6608940833385167, -0.903443408831909, 0.5120966688987229]",29.483420765904725,2.6389013861762165
"[0.19258487026586424, 0.6608956930002312, -0.9034454464328721, 0.5120932155114231]",29.483473448839284,2.6389642186576125
"[0.19257568470423686, 0.6608973032072601, -0.9034474845865428, 0.5120897609628434]",29.483526130492187,2.6390270511390095
"[0.19256649834670697, 0.6608989137165993, -0.9034495229852422, 0.512086305774333]",29.483578814689174,2.639089883620406
"[0.19255731068946702, 0.6609005246166343, -0.9034515617407742, 0.5120828497562695]",29.48363149605492,2.6391527161018025
"[0.19254812322988868, 0.6609021356448614, -0.9034536005208689, 0.5120793934718293]",29.483684180194597,2.6392155485831994
"[0.1925389362089542, 0.6609037467590153, -0.9034556392720298, 0.5120759370116865]",29.483736865343797,2.639278381064596
"[0.19252974844798018, 0.6609053581658156, -0.9034576782558164, 0.5120724799323509]",29.483789548626344,2.639341213545993
"[0.19252056001770212, 0.6609069698528953, -0.903459717456534, 0.5120690222603511]",29.483842234075546,2.639404046027389
"[0.19251137020727366, 0.6609085819450041, -0.903461757031952, 0.5120655637280586]",29.483894917771998,2.639466878508786
"[0.1925021814863926, 0.6609101940089176, -0.9034637964339383, 0.5120621052648994]",29.483947607039703,2.6395297109901823
"[0.1924929915279739, 0.660911806452908, -0.9034658361789702, 0.5120586459949799]",29.484000291289533,2.639592543471579
"[0.19248380008251184, 0.6609134193208305, -0.9034678763224439, 0.5120551858242187]",29.484052977833677,2.6396553759529757
"[0.19247460955730533, 0.6609150321902879, -0.9034699163300256, 0.5120517256588084]",29.484105666056514,2.639718208434372
"[0.19246541737686945, 0.6609166455132842, -0.9034719567733871, 0.512048264529044]",29.4841583514673,2.6397810409157687
"[0.19245622560530679, 0.660918258927587, -0.9034739971943493, 0.5120448032120384]",29.484211041215808,2.639843873397165
"[0.1924470324053874, 0.6609198727557153, -0.9034760380007445, 0.5120413410158816]",29.48426372995566,2.639906705878562
"[0.19243783941696646, 0.6609214867098384, -0.90347807882854, 0.5120378785580668]",29.48431642063961,2.6399695383599586
"[0.19242864592765296, 0.66092310091504, -0.9034801198358772, 0.5120344155702493]",29.48436910890168,2.640032370841355
"[0.19241945111745265, 0.6609247155153513, -0.9034821612048055, 0.5120309517434382]",29.484421799812008,2.640095203322752
"[0.19241025688552194, 0.6609263301773091, -0.9034842025136832, 0.5120274877930192]",29.484474488615838,2.640158035804148
"[0.1924010599909599, 0.6609279454701316, -0.9034862444820675, 0.5120240224978448]",29.48452717631395,2.640220868285545
"[0.192391864982955, 0.6609295605948471, -0.9034882860999061, 0.5120205575719503]",29.484579870423797,2.6402837007669415
"[0.19238266821082398, 0.6609311761927157, -0.9034903281777665, 0.5120170916396456]",29.484632562138746,2.640346533248338
"[0.19237347216650438, 0.6609327918260081, -0.9034923701623307, 0.5120136256399858]",29.484685255181937,2.640409365729735
"[0.19236427411785914, 0.6609344079747711, -0.9034944126602711, 0.512010158543136]",29.484737947301518,2.6404721982111314
"[0.19235507658746587, 0.6609360241958179, -0.9034964551114335, 0.5120066912998587]",29.484790640422993,2.6405350306925284
"[0.19234587761127042, 0.660937640834311, -0.9034984979519637, 0.5120032231696859]",29.48484333229972,2.6405978631739244
"[0.19233667891449474, 0.6609392575870938, -0.903500540798737, 0.5119997548029711]",29.484896029205842,2.6406606956553214
"[0.1923274801907675, 0.6609408745080175, -0.9035025837197763, 0.5119962860841921]",29.484948724149675,2.640723528136718
"[0.19231827962189516, 0.6609424919167263, -0.9035046271188885, 0.5119928163276237]",29.485001417030386,2.6407863606181143
"[0.19230907886108617, 0.6609441095226632, -0.9035066706289129, 0.5119893461565944]",29.485054112407095,2.6408491930995113
"[0.19229987754532327, 0.6609457273896755, -0.903508714330473, 0.5119858754341339]",29.48510680856469,2.6409120255809078
"[0.19229067616441484, 0.6609473454316638, -0.9035107581147704, 0.5119824043449493]",29.48515950450235,2.6409748580623043
"[0.19228147287084565, 0.6609489639735666, -0.9035128023921802, 0.5119789321919687]",29.485212200680877,2.6410376905437007
"[0.19227227112143802, 0.660950582407468, -0.9035148463948475, 0.5119754602793188]",29.48526489652136,2.6411005230250977
"[0.19226306777793203, 0.6609522012853366, -0.903516890819868, 0.5119719874228941]",29.485317594689405,2.641163355506494
"[0.19225386421352392, 0.6609538203656912, -0.9035189353622071, 0.5119685141407379]",29.485370294943202,2.6412261879878907
"[0.19224466013857508, 0.6609554396994977, -0.9035209800862049, 0.5119650403235058]",29.485422991869825,2.6412890204692876
"[0.19223545536381492, 0.6609570593201008, -0.9035230250339066, 0.5119615658996743]",29.48547568957426,2.6413518529506836
"[0.19222624830018759, 0.6609586795071913, -0.9035250705583602, 0.511958090269255]",29.485528390005918,2.6414146854320806
"[0.1922170438792618, 0.6609602993929576, -0.9035271155639053, 0.511954615293888]",29.48558108936076,2.641477517913477
"[0.19220783809083208, 0.6609619196830845, -0.903529160941494, 0.5119511394596999]",29.48563379075585,2.641540350394874
"[0.19219863063097636, 0.6609635404311976, -0.9035312067586675, 0.5119476626516974]",29.485686489963655,2.6416031828762705
"[0.19218942217709634, 0.6609651615181191, -0.9035332528649317, 0.5119441851255291]",29.485739190087198,2.641666015357667
"[0.1921802163495784, 0.6609667823064671, -0.9035352984558106, 0.5119407082484925]",29.485791894883317,2.641728847839064
"[0.1921710082047946, 0.660968403666621, -0.9035373446297913, 0.5119372301534705]",29.485844596205137,2.64179168032046
"[0.1921617990327703, 0.660970025371529, -0.9035393911002376, 0.5119337513275304]",29.485897298433546,2.641854512801857
"[0.19215258967514406, 0.660971647273021, -0.9035414376801203, 0.5119302720885254]",29.485950002609826,2.6419173452832534
"[0.19214337909246273, 0.660973269554204, -0.9035434846004372, 0.5119267920436625]",29.486002704503072,2.64198017776465
"[0.19213416820648185, 0.6609748920527747, -0.903545531656346, 0.5119233115411097]",29.48605540832109,2.642043010246047
"[0.19212495818561462, 0.6609765145629068, -0.9035475785881556, 0.5119198310223929]",29.486108113135383,2.6421058427274433
"[0.19211574608687376, 0.6609781376031105, -0.9035496260499466, 0.5119163493752443]",29.486160815550107,2.64216867520884
"[0.19210653434901764, 0.6609797607437343, -0.9035516734996918, 0.5119128675213035]",29.486213522777952,2.6422315076902363
"[0.19209732120096534, 0.6609813842969117, -0.9035537213310401, 0.5119093847910271]",29.486266227913852,2.6422943401716332
"[0.1920881087066853, 0.6609830078989488, -0.9035557690852216, 0.5119059019645821]",29.486318934794905,2.6423571726530297
"[0.19207889495658728, 0.660984631886404, -0.9035578171866959, 0.5119024183200022]",29.48637164063242,2.642420005134426
"[0.19206968063528443, 0.6609862561386681, -0.903559865483288, 0.5118989341160137]",29.486424347287805,2.642482837615823
"[0.19206046576208746, 0.6609878806523763, -0.9035619139707052, 0.5118954493598379]",29.48647705548371,2.642545670097219
"[0.19205125105904416, 0.6609895053002547, -0.9035639624884249, 0.511891964324493]",29.486529763327862,2.642608502578616
"[0.192042035516, 0.6609911302604248, -0.9035660112610091, 0.5118884786278878]",29.486582469449374,2.6426713350600126
"[0.19203281953200144, 0.6609927554625666, -0.9035680601997447, 0.5118849924208682]",29.486635180141736,2.6427341675414096
"[0.19202360228103224, 0.6609943810523947, -0.9035701094882806, 0.5118815053908637]",29.486687887227095,2.642797000022806
"[0.1920143855559909, 0.6609960067137343, -0.9035721587279935, 0.5118780182160995]",29.486740597136823,2.6428598325042025
"[0.1920051672094446, 0.6609976328253928, -0.9035742083963405, 0.5118745300840066]",29.486793309079484,2.6429226649855995
"[0.19199594919908478, 0.6609992590420644, -0.9035762580580389, 0.511871041735285]",29.486846017271997,2.6429854974669955
"[0.19198672988816048, 0.6610008856525428, -0.9035783080770221, 0.5118675525504616]",29.48689872701913,2.6430483299483924
"[0.19197751031498358, 0.6610025124736809, -0.9035803582224148, 0.5118640629223998]",29.48695144023557,2.6431111624297894
"[0.1919682907684441, 0.6610041394545081, -0.9035824084299661, 0.5118605729604286]",29.487004150858017,2.6431739949111854
"[0.19195907150514432, 0.6610057665497485, -0.9035844586425975, 0.5118570827616739]",29.487056865357083,2.6432368273925824
"[0.19194984998706968, 0.6610073942073885, -0.9035865094247302, 0.511853591365183]",29.487109577433092,2.643299659873979
"[0.19194062779591797, 0.6610090221483343, -0.9035885604246287, 0.5118500993696284]",29.487162290745523,2.6433624923553753
"[0.19193140701213993, 0.6610106500053651, -0.9035906111795747, 0.5118466075627491]",29.487215004027995,2.6434253248367723
"[0.19192218410383835, 0.6610122784019011, -0.9035926624751016, 0.5118431146071718]",29.48726771933425,2.6434881573181688
"[0.1919129605855587, 0.6610139070707531, -0.9035947139743468, 0.5118396210761502]",29.487320432951478,2.6435509897995653
"[0.19190373634738137, 0.6610155360313187, -0.9035967657017697, 0.5118361269280303]",29.48737314808333,2.6436138222809618
"[0.19189451247285996, 0.6610171650922726, -0.9035988174163472, 0.511832632573217]",29.487425861223407,2.6436766547623587
"[0.19188528766390187, 0.6610187944828916, -0.9036008694068148, 0.5118291375199048]",29.487478576839614,2.643739487243755
"[0.19187606289428624, 0.6610204240312172, -0.9036029214565582, 0.5118256421369556]",29.487531293341103,2.6438023197251517
"[0.19186683757048567, 0.6610220538420898, -0.9036049736976034, 0.5118221461994655]",29.48758401110456,2.6438651522065486
"[0.19185761150384495, 0.6610236839489364, -0.9036070261719107, 0.511818649635784]",29.487636727698064,2.643927984687945
"[0.1918483844304647, 0.6610253143983394, -0.903609078938211, 0.5118151523459091]",29.48768944491937,2.6439908171693416
"[0.1918391567575236, 0.661026945118478, -0.9036111319059092, 0.5118116544839673]",29.487742162993825,2.644053649650738
"[0.1918299286968812, 0.66102857607193, -0.9036131850278719, 0.5118081561302159]",29.48779488169107,2.644116482132135
"[0.1918207009959661, 0.6610302071265981, -0.9036152381377938, 0.5118046575679955]",29.48784759960668,2.6441793146135315
"[0.19181147324008185, 0.6610318383557799, -0.9036172913279257, 0.5118011586400838]",29.48790032135841,2.644242147094928
"[0.19180224232566215, 0.6610334703081989, -0.903619345288839, 0.511797658169493]",29.48795303715023,2.644304979576325
"[0.19179301302636026, 0.6610351021400073, -0.9036213989583487, 0.5117941579662864]",29.488005761308777,2.644367812057721
"[0.1917837831451486, 0.6610367342394963, -0.9036234528253287, 0.5117906571974703]",29.48805848109981,2.644430644539118
"[0.1917745527013309, 0.6610383666034438, -0.9036255068854571, 0.5117871558700912]",29.48811120206874,2.6444934770205144
"[0.19176531940609567, 0.6610399996366509, -0.9036275616481013, 0.511783653115824]",29.488163919650315,2.644556309501911
"[0.19175608855329307, 0.6610416324028358, -0.9036296159351689, 0.5117801509429262]",29.48821664348357,2.644619141983308
"[0.19174685660031923, 0.6610432655286086, -0.9036316705350195, 0.5117766480073755]",29.48826936590709,2.6446819744647043
"[0.19173762232960023, 0.6610448992294613, -0.9036337257186529, 0.5117731438469669]",29.48832208898592,2.644744806946101
"[0.19172838995571992, 0.6610465327597652, -0.9036357805480628, 0.511769640061004]",29.488374811442352,2.6448076394274973
"[0.19171915576890436, 0.6610481667759207, -0.9036378358489092, 0.5117661352415687]",29.488427535914024,2.6448704719088942
"[0.19170992059824557, 0.6610498011312977, -0.9036398914366766, 0.5117626297031717]",29.488480259384552,2.6449333043902907
"[0.1917006848515796, 0.6610514357537691, -0.9036419472205904, 0.5117591236005204]",29.488532984824207,2.644996136871687
"[0.19169145096582832, 0.6610530702119995, -0.9036440026581898, 0.5117556178587859]",29.488585708294377,2.645058969353084
"[0.19168221300680707, 0.6610547055564494, -0.9036460590704185, 0.511752110224846]",29.488638435261144,2.6451218018344806
"[0.19167297714511847, 0.661056340694818, -0.9036481150836814, 0.5117486030415581]",29.488691160699723,2.645184634315877
"[0.1916637395396216, 0.6610579763071539, -0.9036501715530452, 0.5117450948503017]",29.488743887093566,2.6452474667972736
"[0.19165450234776113, 0.661059612011518, -0.9036522279982198, 0.5117415864703053]",29.48879661468947,2.6453102992786706
"[0.19164526444634228, 0.6610612480067787, -0.9036542846692551, 0.5117380774749887]",29.488849339930816,2.645373131760067
"[0.19163602528890625, 0.6610628843898075, -0.9036563416878131, 0.5117345676566083]",29.488902067132738,2.6454359642414635
"[0.19162678575243786, 0.661064521005317, -0.9036583988586481, 0.5117310573482267]",29.488954796938565,2.6454987967228605
"[0.19161754525120053, 0.6610661579571002, -0.9036604563121753, 0.5117275463272234]",29.489007522860476,2.6455616292042565
"[0.191608305563141, 0.6610677949302081, -0.9036625136525117, 0.5117240352691194]",29.48906025255333,2.6456244616856535
"[0.19159906428782988, 0.6610694323499455, -0.9036645714141411, 0.5117205232617008]",29.489112983531964,2.64568729416705
"[0.191589823264011, 0.6610710698905509, -0.9036666291876313, 0.5117170110036733]",29.48916571121093,2.6457501266484464
"[0.19158058102410946, 0.6610727078121229, -0.9036686872997749, 0.5117134979371728]",29.489218442083676,2.6458129591298434
"[0.191571339249845, 0.6610743458166496, -0.9036707453760734, 0.5117099847013856]",29.489271172863337,2.64587579161124
"[0.191562096096628, 0.6610759842310964, -0.9036728038272995, 0.5117064705950288]",29.48932390329297,2.6459386240926364
"[0.1915528528410146, 0.6610776228292305, -0.9036748623691679, 0.5117029561033327]",29.489376635334168,2.646001456574033
"[0.19154360765102293, 0.6610792619358776, -0.903676921409683, 0.5116994405296093]",29.48942936738533,2.64606428905543
"[0.19153436268718946, 0.661080901168042, -0.9036789804676681, 0.5116959246953124]",29.489482098367787,2.6461271215368263
"[0.1915251188320779, 0.6610825403692097, -0.9036810393465279, 0.5116924089361359]",29.489534832185416,2.6461899540182228
"[0.19151587245343382, 0.6610841801835203, -0.9036830988552756, 0.5116888918705237]",29.48958756426287,2.6462527864996197
"[0.19150662678386562, 0.6610858200377491, -0.9036851582738953, 0.5116853747279387]",29.489640298523938,2.646315618981016
"[0.1914973805404602, 0.6610874601594272, -0.9036872178881361, 0.5116818570203603]",29.489693033531445,2.6463784514624127
"[0.19148813249747962, 0.6610891007660628, -0.9036892779710439, 0.5116783382812958]",29.489745767691446,2.646441283943809
"[0.19147888527302534, 0.6610907413932308, -0.9036913379394116, 0.5116748195068307]",29.489798502055148,2.646504116425206
"[0.19146963741285655, 0.6610923822989435, -0.9036933981171793, 0.5116713001435873]",29.48985123876763,2.6465669489066026
"[0.19146038790570172, 0.6610940236627039, -0.903695458729644, 0.5116677798065755]",29.489903972608985,2.646629781387999
"[0.1914511382840868, 0.6610956652126139, -0.9036975194353938, 0.5116642590789564]",29.489956711010276,2.646692613869396
"[0.19144188715992816, 0.6610973071950688, -0.9036995805436815, 0.5116607374322723]",29.490009444881732,2.646755446350792
"[0.19143263810168498, 0.6610989489766952, -0.9037016412594518, 0.5116572162249529]",29.490062184381426,2.646818278832189
"[0.19142338736429673, 0.6611005912222686, -0.9037037024170967, 0.5116536940312226]",29.490114921470433,2.6468811113135855
"[0.19141413580401026, 0.661102233779852, -0.9037057638258502, 0.5116501711769466]",29.490167658687767,2.646943943794982
"[0.1914048840571957, 0.6611038765365085, -0.9037078253439144, 0.5116466479043574]",29.49022039695326,2.647006776276379
"[0.19139563132953552, 0.6611055196332914, -0.9037098871482859, 0.511643123910913]",29.490273135896036,2.6470696087577754
"[0.19138637804647715, 0.6611071629947224, -0.9037119491441608, 0.5116395993585178]",29.490325873006977,2.6471324412391724
"[0.19137712501560258, 0.6611088064773813, -0.9037140111515702, 0.5116360745547585]",29.490378614573498,2.6471952737205684
"[0.19136787040063188, 0.6611104504074652, -0.9037160735797239, 0.5116325488000395]",29.490431353426768,2.6472581062019653
"[0.19135861576841873, 0.6611120945067036, -0.9037181360794456, 0.5116290226911776]",29.49048409449478,2.6473209386833623
"[0.19134936105666298, 0.6611137387861534, -0.9037201986646104, 0.5116254962044415]",29.490536837267786,2.6473837711647583
"[0.1913401056368194, 0.6611153833575353, -0.9037222614752933, 0.511621969100242]",29.490589580233532,2.6474466036461552
"[0.19133084999727348, 0.6611170281341102, -0.9037243244026409, 0.5116184415646168]",29.490642321058843,2.6475094361275517
"[0.1913215926952621, 0.6611186733722816, -0.9037263877682347, 0.5116149130476282]",29.490695062445837,2.6475722686089482
"[0.19131233560935293, 0.6611203187382629, -0.903728451153356, 0.5116113842651723]",29.490747804723604,2.647635101090345
"[0.19130307853601877, 0.6611219642682254, -0.9037305146033564, 0.5116078551396706]",29.49080054746984,2.6476979335717417
"[0.19129381868699757, 0.6611236104578888, -0.9037325787397711, 0.5116043246079683]",29.49085329002752,2.647760766053138
"[0.19128456087109963, 0.6611252564523977, -0.903734642490648, 0.5116007945034611]",29.490906035075483,2.6478235985345346
"[0.19127530142834706, 0.6611269029024172, -0.9037367066718596, 0.5115972634306415]",29.490958780014346,2.6478864310159316
"[0.19126604163808256, 0.6611285495805892, -0.9037387709982049, 0.5115937318771737]",29.491011524180067,2.647949263497328
"[0.1912567797853592, 0.6611301967919206, -0.9037408358520224, 0.5115901991888978]",29.491064268416828,2.6480120959787246
"[0.19124751999683004, 0.661131843802511, -0.9037429003132929, 0.511586666939783]",29.49111701438029,2.6480749284601215
"[0.19123825702728361, 0.661133491545341, -0.9037449655514322, 0.5115831331289158]",29.491169762308143,2.6481377609415175
"[0.1912289958543595, 0.6611351391350112, -0.903747030456644, 0.5115795996551619]",29.49122250877567,2.6482005934229145
"[0.1912197335982825, 0.6611367870838264, -0.903749095670994, 0.5115760654198118]",29.491275255374084,2.648263425904311
"[0.19121046983377463, 0.6611384354675338, -0.9037511612893201, 0.5115725302604247]",29.491328000105877,2.648326258385708
"[0.191201206432023, 0.6611400839532043, -0.9037532268943895, 0.5115689948910004]",29.491380750334343,2.6483890908671044
"[0.19119194311318272, 0.6611417325906401, -0.903755292548584, 0.5115654592047373]",29.49143349841555,2.648451923348501
"[0.19118267855537935, 0.6611433816151508, -0.9037573585466697, 0.5115619226969998]",29.491486246753286,2.648514755829898
"[0.19117341294720192, 0.6611450309932029, -0.9037594248466081, 0.5115583854396774]",29.49153899685106,2.648577588311294
"[0.19116414780387375, 0.661146680455126, -0.9037614911104809, 0.5115548480111346]",29.49159174571417,2.648640420792691
"[0.19115488119503582, 0.6611483303446009, -0.9037635577687864, 0.5115513096743058]",29.491644496592606,2.6487032532740873
"[0.1911456150419806, 0.661149980319599, -0.9037656243930285, 0.5115477711627185]",29.4916972461515,2.648766085755484
"[0.1911363466770634, 0.6611516308551411, -0.9037676915781844, 0.5115442314576131]",29.491749996589984,2.6488289182368807
"[0.19112707904823367, 0.6611532814263416, -0.9037697586667475, 0.5115406916846899]",29.49180274897126,2.648891750718277
"[0.19111781075776038, 0.6611549322821326, -0.9037718259704608, 0.5115371513100881]",29.49185550030617,2.6489545831996737
"[0.19110854164934896, 0.661156583450379, -0.9037738935241928, 0.5115336102740328]",29.491908252323327,2.64901741568107
"[0.1910992734095006, 0.661158234630681, -0.9037759609517371, 0.5115300692207706]",29.491961005604807,2.649080248162467
"[0.19109000140071847, 0.6611598866493049, -0.90377802928758, 0.5115265263783196]",29.49201375685015,2.6491430806438636
"[0.19108073087257513, 0.6611615385709921, -0.903780097360695, 0.5115229837523982]",29.492066508548092,2.64920591312526
"[0.19107146065650937, 0.6611631906039298, -0.9037821654317313, 0.5115194408965379]",29.49211926298716,2.649268745606657
"[0.19106218847753972, 0.6611648431535847, -0.9037842340082152, 0.5115158969411951]",29.492172017543204,2.649331578088053
"[0.19105291676921457, 0.6611664957862873, -0.903786302547235, 0.5115123528163983]",29.492224774668777,2.64939441056945
"[0.19104364408250307, 0.6611681487603258, -0.9037883713720688, 0.5115088079682282]",29.49227752821975,2.6494572430508465
"[0.19103437155654218, 0.6611698018726812, -0.9037904402285554, 0.5115052628320822]",29.49233028313561,2.6495200755322434
"[0.1910250970535958, 0.6611714555045193, -0.9037925095936684, 0.5115017165905366]",29.492383039074234,2.64958290801364
"[0.19101582295560976, 0.6611731092311905, -0.9037945789359415, 0.5114981701542621]",29.492435795894064,2.6496457404950364
"[0.1910065484335752, 0.6611747632005313, -0.9037966484403389, 0.511494623206224]",29.49248855290826,2.6497085729764334
"[0.19099727366408822, 0.6611764173810686, -0.9037987180674496, 0.5114910758139132]",29.492541311113367,2.6497714054578294
"[0.19098799733937175, 0.6611780720061073, -0.9038007881091054, 0.5114875274770131]",29.492594065482784,2.6498342379392263
"[0.19097872087304277, 0.6611797268235509, -0.9038028582498567, 0.5114839787361452]",29.492646825057694,2.649897070420623
"[0.19096944383732592, 0.6611813819097436, -0.9038049285851609, 0.5114804294275971]",29.492699585110273,2.6499599029020193
"[0.19096016794900056, 0.6611830369583681, -0.9038069987318706, 0.5114768802082417]",29.492752343253695,2.6500227353834163
"[0.1909508878878003, 0.6611846929188037, -0.9038090698773528, 0.5114733290421779]",29.49280510180452,2.6500855678648128
"[0.19094161059384468, 0.6611863485526792, -0.9038111404726981, 0.5114697785850627]",29.492857861209355,2.6501484003462092
"[0.19093233105750052, 0.6611880047539928, -0.9038132116359872, 0.5114662269197274]",29.492910622465462,2.6502112328276057
"[0.19092305141850535, 0.6611896611409348, -0.9038152828896474, 0.5114626748649687]",29.49296338128385,2.6502740653090027
"[0.190913771564729, 0.6611913177335321, -0.9038173542586967, 0.5114591223778371]",29.49301614274198,2.650336897790399
"[0.19090449069949667, 0.6611929746740336, -0.9038194259209635, 0.51145556915328]",29.493068904533068,2.6503997302717957
"[0.19089520901337997, 0.6611946319284809, -0.903821497833914, 0.5114520152641292]",29.49312166568091,2.6504625627531926
"[0.1908859278481788, 0.6611962892573116, -0.9038235696980125, 0.511448461224116]",29.493174428680284,2.650525395234589
"[0.19087664506794955, 0.6611979470419644, -0.9038256419900726, 0.5114449062152604]",29.49322718879489,2.6505882277159856
"[0.19086736320698383, 0.6611996048298823, -0.9038277141443314, 0.5114413512080487]",29.493279955891346,2.650651060197382
"[0.19085808005899335, 0.6612012630151354, -0.9038297866533275, 0.5114377953574266]",29.49333271720547,2.650713892678779
"[0.19084879644414046, 0.661202921451275, -0.9038318593339622, 0.5114342389774417]",29.493385482791762,2.6507767251601755
"[0.1908395127191373, 0.6612045800746045, -0.9038339321065866, 0.5114306822046903]",29.493438246896872,2.650839557641572
"[0.19083022684624143, 0.6612062392492523, -0.903836005426178, 0.5114271242583341]",29.493491010510677,2.650902390122969
"[0.190820942475502, 0.661207898323072, -0.9038380784777571, 0.5114235665368497]",29.493543776195803,2.650965222604365
"[0.19081165671916064, 0.6612095578120472, -0.9038401519061073, 0.5114200079337181]",29.493596542467543,2.651028055085762
"[0.1908023694147808, 0.6612112177453522, -0.9038422257475083, 0.5114164483864332]",29.493649307819727,2.6510908875671584
"[0.19079308284755195, 0.6612128777145588, -0.9038442994916794, 0.5114128887708075]",29.493702075430328,2.651153720048555
"[0.19078379429901346, 0.6612145382056343, -0.9038463737456681, 0.5114093280447437]",29.49375484033671,2.651216552529952
"[0.19077450711602328, 0.6612161986202854, -0.9038484477620711, 0.5114057674912053]",29.493807607606705,2.6512793850113483
"[0.190765218406514, 0.661217859475589, -0.9038505221867336, 0.5114022060013903]",29.49386037593135,2.651342217492745
"[0.1907559290605483, 0.6612195206124647, -0.9038525968208897, 0.51139864391643]",29.49391314269362,2.6514050499741413
"[0.19074663946043344, 0.6612211819625747, -0.9038546715791538, 0.5113950813828635]",29.493965912987758,2.651467882455538
"[0.19073734999958553, 0.6612228434555727, -0.9038567463736471, 0.5113915185515401]",29.49401868229594,2.6515307149369347
"[0.1907280585311671, 0.661224505475497, -0.9038588216838701, 0.5113879545989504]",29.49407144979677,2.651593547418331
"[0.1907187681694295, 0.6612261674653087, -0.9038608968142318, 0.5113843907195769]",29.494124220651635,2.651656379899728
"[0.1907094756926796, 0.6612278300013896, -0.9038629724843379, 0.5113808256774657]",29.494176991632397,2.6517192123811246
"[0.19070018376579628, 0.6612294926070165, -0.9038650480989345, 0.5113772604948805]",29.494229761392084,2.651782044862521
"[0.1906908905418983, 0.6612311556126544, -0.9038671240705733, 0.5113736944631734]",29.49428253410334,2.651844877343918
"[0.19068159647682237, 0.6612328189368203, -0.9038692002974317, 0.5113701277570945]",29.49433530573293,2.6519077098253145
"[0.19067230317947018, 0.661234482291567, -0.9038712764200841, 0.5113665609940808]",29.49438807744746,2.651970542306711
"[0.1906630086367889, 0.6612361460372352, -0.9038733528882346, 0.5113629934014625]",29.49444084974847,2.6520333747881075
"[0.19065371388391134, 0.661237809988574, -0.9038754294706306, 0.5113594253764722]",29.494493620114966,2.6520962072695045
"[0.1906444180188259, 0.6612394743071034, -0.9038775063687953, 0.5113558565727613]",29.49454639473346,2.652159039750901
"[0.19063512229466983, 0.6612411387685, -0.9038795833027476, 0.5113522874713519]",29.494599169349755,2.6522218722322974
"[0.19062582440271106, 0.6612428037862262, -0.9038816607883311, 0.5113487171856667]",29.49465194230788,2.6522847047136944
"[0.190616527969418, 0.661244468710864, -0.9038837380152628, 0.511345147108218]",29.494704716324954,2.6523475371950904
"[0.1906072314353117, 0.6612461338217148, -0.9038858153319627, 0.5113415766401361]",29.49475749096925,2.6524103696764874
"[0.19059793294402672, 0.6612477994513236, -0.9038878931532466, 0.5113380050683426]",29.494810266948793,2.652473202157884
"[0.19058863398561784, 0.6612494653328493, -0.9038899711461643, 0.5113344329650205]",29.494863043330415,2.6525360346392803
"[0.19057933509114428, 0.6612511313711742, -0.9038920491920327, 0.5113308605341306]",29.49491581933591,2.6525988671206773
"[0.19057003553731458, 0.6612527976959098, -0.90389412745248, 0.5113272874977518]",29.494968594734985,2.6526616996020738
"[0.1905607341950341, 0.6612544645094373, -0.9038962061798496, 0.5113237134219237]",29.495021371426244,2.6527245320834707
"[0.19055143307853084, 0.6612561314508643, -0.9038982849239902, 0.5113201390805039]",29.495074149293455,2.6527873645648667
"[0.19054213201397835, 0.6612577985513372, -0.9039003637237352, 0.5113165644067005]",29.49512692638377,2.6528501970462637
"[0.190532830410263, 0.6612594659168273, -0.9039024427111904, 0.5113129891732875]",29.495179705026494,2.65291302952766
"[0.19052352769766268, 0.661261133649513, -0.9039045220136981, 0.5113094131611725]",29.49523248408612,2.6529758620090567
"[0.1905142249785506, 0.6612628015518022, -0.9039066013848582, 0.5113058367940395]",29.49528526430562,2.6530386944904536
"[0.19050492074907444, 0.6612644698933746, -0.9039086811608199, 0.5113022594936372]",29.495338042721205,2.65310152697185
"[0.1904956172057569, 0.6612661382804111, -0.9039107608505869, 0.5112986821044132]",29.49539082226917,2.6531643594532466
"[0.19048631302886626, 0.6612678069495477, -0.9039128407491608, 0.5112951041189371]",29.495443602058906,2.653227191934643
"[0.19047700725161232, 0.6612694760742772, -0.9039149210726658, 0.5112915251652381]",29.49549638289872,2.65329002441604
"[0.19046770131002957, 0.6612711453970731, -0.9039170015000816, 0.5112879457955012]",29.495549163122536,2.6533528568974365
"[0.1904583959528437, 0.6612728147836111, -0.9039190818640063, 0.5112843662977358]",29.495601945353318,2.653415689378833
"[0.1904490896603138, 0.6612744845065616, -0.9039211625041929, 0.5112807860872919]",29.495654728179183,2.65347852186023
"[0.19043978212141432, 0.6612761546217907, -0.9039232434901868, 0.5112772050443819]",29.49570750859554,2.653541354341626
"[0.19043047413160621, 0.6612778249866169, -0.9039253246441442, 0.5112736234749451]",29.4957602923566,2.653604186823023
"[0.19042116487839442, 0.6612794957469007, -0.9039274061477339, 0.5112700410662325]",29.49581307347353,2.6536670193044194
"[0.1904118562965432, 0.6612811665554263, -0.9039294875683445, 0.5112664585627372]",29.495865859778913,2.653729851785816
"[0.19040254767566886, 0.6612828375396878, -0.9039315690647991, 0.5112628756910865]",29.495918642876678,2.653792684267213
"[0.1903932374203708, 0.6612845089861322, -0.9039336509938484, 0.5112592918370965]",29.49597142738927,2.6538555167486093
"[0.19038392726011755, 0.6612861805843189, -0.9039357329687578, 0.5112557076664026]",29.49602421147198,2.6539183492300062
"[0.190374615465065, 0.6612878526448867, -0.9039378153763642, 0.5112521225129525]",29.496076997820307,2.6539811817114023
"[0.19036530443473051, 0.6612895247369883, -0.9039398976800576, 0.5112485373005397]",29.496129781502088,2.6540440141927992
"[0.1903559924542912, 0.6612911971686042, -0.9039419802633238, 0.5112449513688242]",29.496182568460988,2.6541068466741957
"[0.19034667970301733, 0.661292869907573, -0.9039440630860787, 0.5112413647867509]",29.496235357111804,2.654169679155592
"[0.19033736651045402, 0.661294542894752, -0.9039461460746151, 0.5112377776811401]",29.496288143796438,2.654232511636989
"[0.19032805162520638, 0.6612962163550032, -0.9039482295088295, 0.5112341895698626]",29.496340928231568,2.6542953441183856
"[0.19031873820582984, 0.6612978897208897, -0.9039503126822462, 0.511230601669574]",29.49639371624332,2.654358176599782
"[0.19030942309286622, 0.6612995635600987, -0.9039523963015423, 0.5112270127630894]",29.49644650473986,2.6544210090811786
"[0.19030010806835768, 0.6613012375524439, -0.9039544799681143, 0.5112234235369101]",29.496499293427934,2.6544838415625756
"[0.19029079215549313, 0.6613029118735163, -0.9039565639004563, 0.5112198336145686]",29.496552081924243,2.654546674043972
"[0.19028147507725965, 0.6613045865731603, -0.9039586481605433, 0.5112162428891923]",29.496604871968987,2.6546095065253685
"[0.19027215777424128, 0.6613062614823537, -0.9039607325379659, 0.511212651723182]",29.496657661142116,2.6546723390067655
"[0.19026284162035303, 0.6613079363541003, -0.903962816725341, 0.5112090606461216]",29.49671045006393,2.6547351714881615
"[0.190253524212424, 0.6613096116204642, -0.903964901260286, 0.5112054687316344]",29.49676324167348,2.6547980039695585
"[0.19024420448316226, 0.6613112874734124, -0.9039669863816108, 0.5112018755681011]",29.496816032722286,2.654860836450955
"[0.19023488646769643, 0.6613129631874237, -0.903969071186514, 0.5111982827111347]",29.496868824274127,2.6549236689323514
"[0.19022556616098701, 0.6613146394827495, -0.9039711565710766, 0.5111946886164452]",29.496921617126947,2.6549865014137484
"[0.19021624612744412, 0.6613163158982387, -0.9039732419615268, 0.511191094272782]",29.496974408956945,2.655049333895145
"[0.1902069256087439, 0.6613179925703085, -0.903975327527531, 0.5111874993876597]",29.497027200659304,2.655112166376542
"[0.190197604031928, 0.6613196696020617, -0.9039774133973006, 0.5111839037400094]",29.497079993535582,2.655174998857938
"[0.19018828276718072, 0.6613213467470448, -0.9039794992642212, 0.5111803078582651]",29.497132787606947,2.6552378313393348
"[0.1901789598577254, 0.6613230243573474, -0.9039815855661767, 0.5111767109875051]",29.49718558174344,2.6553006638207313
"[0.1901696378184327, 0.6613247019804697, -0.9039836717403763, 0.511173114097919]",29.497238376346832,2.6553634963021278
"[0.1901603142402775, 0.6613263800500154, -0.903985758325921, 0.5111695162598823]",29.49729116896291,2.6554263287835247
"[0.19015099008771316, 0.6613280583923726, -0.9039878451069928, 0.5111659178455472]",29.49734396532506,2.655489161264921
"[0.19014166587381692, 0.6613297369152773, -0.9039899319687469, 0.5111623190527875]",29.497396759863722,2.6555519937463177
"[0.19013234021358097, 0.6613314158681087, -0.9039920192211638, 0.5111587193469358]",29.497449555614253,2.6556148262277146
"[0.190123015256388, 0.661333094863899, -0.903994106383171, 0.511155119557634]",29.497502352696035,2.655677658709111
"[0.19011368940713527, 0.6613347741898833, -0.9039961938117793, 0.5111515190690624]",29.49755514910938,2.6557404911905076
"[0.19010436187733248, 0.6613364539881191, -0.9039982816834932, 0.5111479175766479]",29.497607946654533,2.655803323671904
"[0.190095035661877, 0.6613381337192707, -0.9040003693279247, 0.5111443162367288]",29.497660744888027,2.655866156153301
"[0.1900857070226601, 0.661339814056641, -0.9040024575818371, 0.5111407136057463]",29.497713543104314,2.6559289886346975
"[0.19007637891154702, 0.6613414944685775, -0.9040045457844489, 0.5111371108235615]",29.497766339313525,2.655991821116094
"[0.1900670507091137, 0.6613431750666628, -0.9040066340744078, 0.5111335076509435]",29.497819136472142,2.656054653597491
"[0.19005772110321312, 0.6613448560873483, -0.9040087227454631, 0.51112990358095]",29.497871936917935,2.6561174860788874
"[0.19004839100099988, 0.6613465373672298, -0.9040108115945327, 0.5111262989639086]",29.49792473800292,2.656180318560284
"[0.19003906125054273, 0.6613482187535079, -0.9040129004317355, 0.5111226941274276]",29.497977537765365,2.6562431510416804
"[0.1900297302127808, 0.6613499005416018, -0.9040149896240365, 0.5111190884381384]",29.498030337369933,2.6563059835230773
"[0.19002039877603202, 0.6613515825714497, -0.9040170789725502, 0.5111154822392031]",29.498083137416245,2.656368816004474
"[0.19001106723951147, 0.6613532647891458, -0.9040191684102704, 0.5111118756462011]",29.498135937120068,2.6564316484858703
"[0.19000173344612697, 0.6613549475836237, -0.9040212584202068, 0.5111082678252798]",29.4981887401868,2.6564944809672673
"[0.18999240075717233, 0.66135663034891, -0.904023348249702, 0.5111046600756134]",29.498241542073426,2.6565573134486633
"[0.18998306778924487, 0.661358313334435, -0.904025438208512, 0.5111010518624426]",29.498294345220128,2.6566201459300602
"[0.18997373343787416, 0.6613599967394069, -0.9040275285439694, 0.5110974427586706]",29.498347148675297,2.6566829784114567
"[0.18996439919284291, 0.6613616802951974, -0.9040296189224514, 0.5110938333402256]",29.49839995189853,2.656745810892853
"[0.1899550632043883, 0.6613633643354955, -0.9040317097582098, 0.5110902228917114]",29.498452753823624,2.65680864337425
"[0.18994572787058156, 0.6613650484277542, -0.9040338005141851, 0.5110866123404628]",29.498505559153678,2.6568714758556466
"[0.18993639234755055, 0.6613667327242158, -0.9040358913793535, 0.5110830013600963]",29.49855836426571,2.656934308337043
"[0.18992705455799888, 0.6613684175997315, -0.9040379828189755, 0.5110793891469643]",29.498611168319325,2.6569971408184396
"[0.18991771732649204, 0.6613701025446996, -0.9040400742004221, 0.5110757767936058]",29.498663974000785,2.6570599732998366
"[0.18990837873289027, 0.6613717879056477, -0.9040421659537669, 0.5110721635571024]",29.49871677805105,2.657122805781233
"[0.18989904073030558, 0.661373473330123, -0.9040442576415249, 0.5110685501930792]",29.498769583422305,2.6571856382626295
"[0.18988970049177128, 0.6613751593284184, -0.9040463498969341, 0.5110649356075262]",29.498822390460145,2.6572484707440265
"[0.1898803613641169, 0.6613768452964368, -0.9040484419702874, 0.511061321095558]",29.498875198140354,2.657311303225423
"[0.18987102204868256, 0.6613785314686074, -0.904050534152476, 0.5110577061545892]",29.49892800540882,2.6573741357068195
"[0.1898616819866297, 0.6613802179458507, -0.9040526265686867, 0.5110540905682533]",29.498980813631178,2.657436968188216
"[0.18985234013028446, 0.6613819049174239, -0.904054719453638, 0.5110504739308194]",29.49903361971047,2.657499800669613
"[0.1898429990127838, 0.6613835919259238, -0.9040568122398212, 0.5110468572228986]",29.499086428025084,2.6575626331510094
"[0.1898336560814008, 0.6613852794324002, -0.9040589054991479, 0.5110432394560593]",29.49913923850713,2.657625465632406
"[0.18982431415493023, 0.6613869669277689, -0.904060998600068, 0.5110396217217157]",29.49919204646598,2.657688298113803
"[0.18981497045410112, 0.6613886549140856, -0.9040630921652855, 0.511036002943528]",29.499244856091423,2.657751130595199
"[0.18980562659320033, 0.6613903430997855, -0.9040651858331069, 0.5110323837465726]",29.499297667511986,2.657813963076596
"[0.18979628180296632, 0.6613920316238946, -0.9040672797758972, 0.5110287638328052]",29.499350475864503,2.6578767955579923
"[0.1897869365810629, 0.6613937203965274, -0.9040693738821419, 0.5110251433949224]",29.499403288948475,2.6579396280393888
"[0.18977759126285942, 0.6613954093571051, -0.9040714680766827, 0.5110215225627992]",29.499456098240838,2.6580024605207857
"[0.18976824615169896, 0.6613970984508072, -0.9040735622915288, 0.5110179014539595]",29.49950891115101,2.658065293002182
"[0.18975889787230216, 0.6613987882877923, -0.9040756572830883, 0.5110142787603401]",29.499561721148314,2.6581281254835787
"[0.18974955185462516, 0.6614004778865482, -0.9040777518344791, 0.5110106565861194]",29.499614533467632,2.658190957964975
"[0.1897402043073808, 0.6614021679324621, -0.9040798467953517, 0.5110070334619596]",29.499667348273267,2.658253790446372
"[0.1897308557148279, 0.6614038583380556, -0.9040819420571876, 0.5110034095754002]",29.49972016200433,2.6583166229277686
"[0.1897215069808761, 0.6614055489399258, -0.9040840374173964, 0.5109997852767463]",29.499772975727055,2.658379455409165
"[0.18971215676688172, 0.6614072399801997, -0.9040861331760153, 0.5109961600469299]",29.49982578638031,2.658442287890562
"[0.18970280800174152, 0.6614089309291786, -0.9040882286765475, 0.5109925350215129]",29.499878602180694,2.6585051203719585
"[0.18969345827886036, 0.6614106222221467, -0.9040903244584052, 0.5109889092673409]",29.49993141803758,2.658567952853355
"[0.18968410647447584, 0.6614123140624739, -0.9040924207735037, 0.5109852823484384]",29.499984234986456,2.6586307853347515
"[0.18967475466840608, 0.6614140060739683, -0.9040945171556349, 0.5109816550712821]",29.50003704948188,2.6586936178161484
"[0.18966540390468384, 0.6614156980676985, -0.9040966133707363, 0.5109780278408835]",29.500089866360398,2.658756450297545
"[0.1896560516790086, 0.661417390496845, -0.9040987099802, 0.5109743996857463]",29.500142682565293,2.6588192827789414
"[0.189646697637161, 0.6614190834256017, -0.9041008070634574, 0.5109707704682557]",29.50019549875941,2.6588821152603384
"[0.18963734493253495, 0.6614207762832943, -0.9041029039135361, 0.5109671414118115]",29.500248316804555,2.6589449477417344
"[0.1896279908045451, 0.6614224695695411, -0.9041050011493511, 0.5109635114453055]",29.500301133709,2.6590077802231313
"[0.1896186358584165, 0.6614241631749118, -0.9041070986352059, 0.5109598808033825]",29.50035395080702,2.659070612704528
"[0.18960927987917392, 0.6614258571383699, -0.9041091964193099, 0.5109562494025062]",29.50040676838817,2.6591334451859243
"[0.18959992364356668, 0.6614275513193216, -0.9041112943275008, 0.5109526175440738]",29.50045958885647,2.6591962776673213
"[0.189590567697772, 0.6614292456188698, -0.9041133922372978, 0.5109489854400897]",29.500512406326838,2.6592591101487177
"[0.18958121122162644, 0.6614309401855561, -0.9041154903325967, 0.510945352772125]",29.500565227032347,2.6593219426301142
"[0.1895718546688907, 0.6614326349372257, -0.9041175885116386, 0.5109417197162995]",29.500618047307256,2.6593847751115107
"[0.18956249608145365, 0.6614343302286114, -0.904119687213533, 0.5109380855121676]",29.50067086678458,2.6594476075929077
"[0.18955313769984145, 0.661436025653907, -0.9041217859358379, 0.5109344510296642]",29.500723687676054,2.6595104400743046
"[0.1895437784937207, 0.6614377213997986, -0.9041238849096088, 0.510930815868592]",29.500776508346622,2.6595732725557006
"[0.18953441823780237, 0.661439417507159, -0.9041259841853782, 0.5109271799413312]",29.50082933120873,2.6596361050370976
"[0.1895250583123311, 0.661441113725916, -0.9041280834535836, 0.510923543783964]",29.500882154243815,2.659698937518494
"[0.18951569810311764, 0.661442810167377, -0.9041301828519633, 0.5109199071578809]",29.5009349768926,2.6597617699998906
"[0.1895063366053459, 0.6614445070137058, -0.9041322826058892, 0.5109162696725849]",29.50098779804349,2.6598246024812875
"[0.18949697475456928, 0.6614462040953786, -0.9041343825055236, 0.510912631691482]",29.501040621314473,2.659887434962684
"[0.18948761323472843, 0.6614479012884231, -0.9041364823974409, 0.5109089934803308]",29.501093446354375,2.6599502674440805
"[0.18947824981152692, 0.6614495989979592, -0.9041385827828206, 0.5109053541706957]",29.50114626929739,2.660013099925477
"[0.18946888712572618, 0.6614512967451944, -0.9041406830692954, 0.5109017147889219]",29.501199094898716,2.660075932406874
"[0.1894595223443758, 0.6614529950439118, -0.9041427838923618, 0.5108980742336708]",29.5012519176893,2.6601387648882704
"[0.1894501587548812, 0.6614546932979555, -0.9041448845145466, 0.510894433782877]",29.50130474242718,2.660201597369667
"[0.1894407934719333, 0.6614563920306535, -0.9041469855831298, 0.5108907923147157]",29.50135756873434,2.660264429851064
"[0.1894314279986358, 0.6614580909694213, -0.9041490867609004, 0.5108871504135125]",29.501410394363337,2.66032726233246
"[0.18942206206656448, 0.6614597901629773, -0.9041511881080735, 0.5108835079748341]",29.50146322154368,2.660390094813857
"[0.18941269466113425, 0.6614614897954519, -0.9041532898522888, 0.5108798646039766]",29.50151604688018,2.6604529272952533
"[0.18940332827486478, 0.6614631894146185, -0.9041553914342951, 0.5108762212703449]",29.501568875173145,2.66051575977665
"[0.18939396053598612, 0.661464889450873, -0.9041574933862485, 0.5108725770513343]",29.501621702628135,2.6605785922580467
"[0.18938459095572005, 0.6614665899930131, -0.9041595958178413, 0.5108689317566025]",29.501674531866527,2.660641424739443
"[0.18937522264985143, 0.6614682904755745, -0.904161698029915, 0.5108652865982972]",29.501727358872202,2.66070425722084
"[0.18936585309812137, 0.6614699913559807, -0.9041638005879982, 0.5108616405958445]",29.50178018571744,2.660767089702236
"[0.18935648320417686, 0.6614716924702886, -0.9041659032893055, 0.510857994100717]",29.50183301617226,2.660829922183633
"[0.18934711401965199, 0.6614733936275594, -0.9041680058978234, 0.5108543475221987]",29.50188584691602,2.6608927546650296
"[0.18933774281588087, 0.6614750953232575, -0.9041701090259141, 0.5108506997982039]",29.501938676507372,2.660955587146426
"[0.18932837012699835, 0.6614767974605174, -0.9041722125537247, 0.5108470511363967]",29.501991507342098,2.661018419627823
"[0.18931899886166628, 0.6614784995111104, -0.904174315828447, 0.5108434026690699]",29.50204433837098,2.6610812521092195
"[0.18930962564593662, 0.6614802020878486, -0.9041764196073172, 0.5108397530826174]",29.50209716757556,2.661144084590616
"[0.18930025314651536, 0.6614819047063824, -0.9041785232918038, 0.5108361034152741]",29.50215000006828,2.6612069170720125
"[0.18929087948103746, 0.6614836077086941, -0.9041806273043979, 0.5108324529339898]",29.502202830413506,2.6612697495534094
"[0.18928150495321566, 0.6614853110396509, -0.904182731576938, 0.5108288017569333]",29.502255664539465,2.661332582034806
"[0.18927212912279723, 0.661487014779334, -0.9041848362082522, 0.5108251497124677]",29.5023084951016,2.6613954145162024
"[0.18926275453227986, 0.6614887184657164, -0.9041869406276055, 0.5108214977909499]",29.502361328565232,2.6614582469975994
"[0.18925337877793882, 0.6614904225356628, -0.9041890453745713, 0.5108178450559597]",29.502414162522797,2.6615210794789954
"[0.1892440022388238, 0.6614921269203309, -0.9041911503640643, 0.5108141916550584]",29.502466998655393,2.6615839119603923
"[0.1892346248716798, 0.6614938316276392, -0.9041932556057982, 0.5108105375712781]",29.502519830015412,2.661646744441789
"[0.18922524849954567, 0.6614955363261792, -0.9041953606904806, 0.5108068835150003]",29.502572665143138,2.6617095769231858
"[0.1892158690776752, 0.6614972417513767, -0.9041974665262033, 0.5108032279098231]",29.502625499986323,2.6617724094045823
"[0.1892064914811026, 0.6614989470168718, -0.9041995720184378, 0.5107995726556831]",29.502678335198027,2.6618352418859788
"[0.18919711214374496, 0.6615006527711373, -0.9042016779678402, 0.5107959163625672]",29.50273116928226,2.6618980743673757
"[0.18918773216949997, 0.6615023588134917, -0.9042037841265617, 0.5107922594606447]",29.502784008828193,2.6619609068487717
"[0.1891783521938993, 0.6615040650283628, -0.9042058903518951, 0.5107886021976404]",29.502836845019928,2.6620237393301687
"[0.18916897191537418, 0.6615057714706326, -0.9042079967115435, 0.5107849444559258]",29.502889682242795,2.662086571811565
"[0.18915959013480477, 0.6615074783584814, -0.9042101034747783, 0.5107812857678207]",29.502942516755606,2.6621494042929617
"[0.18915020858667977, 0.6615091853764017, -0.9042122102521029, 0.5107776268096275]",29.502995356224687,2.6622122367743586
"[0.18914082601007143, 0.6615108927538463, -0.9042143173266716, 0.510773967089513]",29.503048193793266,2.662275069255755
"[0.18913144264107273, 0.6615126004479127, -0.9042164246454711, 0.5107703066994426]",29.50310103197143,2.6623379017371516
"[0.18912205910875815, 0.6615143083441527, -0.9042185320672186, 0.5107666458847382]",29.503153872019578,2.662400734218548
"[0.1891126746706711, 0.6615160165777235, -0.9042206397586593, 0.5107629843556851]",29.50320671176297,2.662463566699945
"[0.18910329098743545, 0.6615177248463703, -0.9042227473468119, 0.5107593227601671]",29.503259549694516,2.6625263991813415
"[0.1890939052668599, 0.6615194336584397, -0.9042248554588059, 0.5107556600085641]",29.50331238967201,2.662589231662738
"[0.18908451997960057, 0.6615211425641646, -0.9042269635397143, 0.5107519970649333]",29.503365231352028,2.662652064144135
"[0.18907513374605334, 0.6615228518147677, -0.9042290718994086, 0.510748333390792]",29.503418072658608,2.662714896625531
"[0.18906574733506212, 0.661524561270279, -0.9042311803651869, 0.5107446692861589]",29.503470913522463,2.662777729106928
"[0.18905635990345288, 0.6615262710843021, -0.9042332891264492, 0.5107410044218008]",29.503523754704094,2.6628405615883244
"[0.18904697167539747, 0.6615279812160577, -0.9042353981328431, 0.5107373388851231]",29.503576595734796,2.6629033940697213
"[0.18903758319428882, 0.6615296915666039, -0.9042375072622963, 0.5107336728882051]",29.50362943929265,2.662966226551118
"[0.18902819464793788, 0.661531402101741, -0.904239616472606, 0.5107300065043516]",29.503682282615863,2.6630290590325143
"[0.18901880612771846, 0.6615331128048304, -0.9042417257432287, 0.5107263397692269]",29.50373512646432,2.6630918915139112
"[0.18900941555922868, 0.6615348240539156, -0.9042438355402181, 0.5107226718725322]",29.50378796918159,2.6631547239953073
"[0.18900002345234032, 0.6615365357561891, -0.9042459457490445, 0.5107190030131965]",29.503840812794362,2.663217556476704
"[0.1889906322925542, 0.6615382474586952, -0.9042480558112593, 0.5107153341620864]",29.503893656875785,2.6632803889581007
"[0.1889812413206262, 0.6615399592997935, -0.9042501658974275, 0.5107116650226401]",29.503946501515756,2.663343221439497
"[0.1889718488774827, 0.6615416715819545, -0.904252276380331, 0.5107079949465501]",29.503999347278217,2.663406053920894
"[0.18896245693390626, 0.6615433839459296, -0.9042543868171309, 0.5107043247038245]",29.50405219187284,2.6634688864022906
"[0.18895306305110976, 0.661545096836414, -0.90425649775584, 0.5107006533413183]",29.5041050386609,2.663531718883687
"[0.1889436692953814, 0.6615468098766905, -0.9042586087321409, 0.5106969816664748]",29.504157885355855,2.6635945513650836
"[0.18893427399220256, 0.6615485233721746, -0.9042607201223322, 0.5106933090246827]",29.50421072875502,2.6636573838464805
"[0.18892487940817787, 0.6615502369095201, -0.9042628314170383, 0.510689636301896]",29.504263579749434,2.663720216327877
"[0.18891548521227036, 0.661551950549085, -0.9042649426906291, 0.5106859633687462]",29.504316425623042,2.6637830488092735
"[0.1889060881527652, 0.6615536648840905, -0.9042670546739155, 0.5106822889537421]",29.504369275096355,2.6638458812906705
"[0.1888966900181815, 0.6615553795883959, -0.9042691669649529, 0.5106786137559467]",29.50442212100391,2.6639087137720665
"[0.1888872946627953, 0.6615570939586926, -0.9042712786974436, 0.5106749392827454]",29.50447497078878,2.6639715462534634
"[0.18887789620731313, 0.6615588090678433, -0.9042733911928181, 0.5106712632346786]",29.5045278194532,2.6640343787348604
"[0.18886849800556674, 0.6615605243038802, -0.9042755036972528, 0.5106675869233832]",29.504580667457493,2.664097211216257
"[0.18885909942813575, 0.6615622397816876, -0.9042776163522143, 0.5106639101026267]",29.504633518687132,2.6641600436976534
"[0.1888497003076263, 0.661563955531854, -0.904279729195326, 0.5106602327068512]",29.504686369543503,2.66422287617905
"[0.18884029930616833, 0.6615656717986808, -0.9042818425273377, 0.5106565542124519]",29.504739219038708,2.664285708660447
"[0.18883089965060887, 0.661567387993052, -0.9042839556228572, 0.5106528758820554]",29.504792069541523,2.6643485411418433
"[0.1888214988443819, 0.6615691045708355, -0.904286069043104, 0.5106491967386338]",29.50484492116799,2.6644113736232398
"[0.18881209739610147, 0.6615708214392052, -0.9042881826737411, 0.5106455169811351]",29.50489777239563,2.6644742061046367
"[0.18880269525059348, 0.6615725386082784, -0.904290296527173, 0.5106418365878743]",29.504950623634087,2.6645370385860327
"[0.18879329040273282, 0.6615742564443648, -0.9042924110542262, 0.5106381547737496]",29.505003476085896,2.6645998710674297
"[0.18878388840495716, 0.6615759739333136, -0.9042945250065069, 0.5106344737123957]",29.505056327597956,2.664662703548826
"[0.18877448478400372, 0.6615776918921742, -0.9042966393897687, 0.5106307916525861]",29.505109182288958,2.6647255360302227
"[0.18876508133092518, 0.6615794099938669, -0.9042987538012861, 0.510627109295417]",29.50516203749715,2.6647883685116196
"[0.18875567613375607, 0.6615811285877109, -0.9043008686709875, 0.5106234258921482]",29.505214890467354,2.664851200993016
"[0.18874626971393915, 0.6615828475785567, -0.9043029838816287, 0.5106197416467517]",29.505267743280843,2.6649140334744126
"[0.18873686554204192, 0.6615845663321399, -0.9043050986527642, 0.5106160579186134]",29.505320598401006,2.664976865955809
"[0.18872745775776698, 0.6615862859195547, -0.9043072143022339, 0.5106123724120996]",29.505373453752487,2.665039698437206
"[0.1887180504932704, 0.6615880055856012, -0.9043093299008065, 0.5106086867457944]",29.505426308105328,2.6651025309186025
"[0.18870864360114226, 0.6615897253572218, -0.9043114454816059, 0.510605000861965]",29.505479166601035,2.665165363399999
"[0.1886992357193429, 0.6615914454834424, -0.9043135613509448, 0.510601314226883]",29.50553202193361,2.665228195881396
"[0.18868982633012182, 0.6615931660590079, -0.9043156776252782, 0.5105976266374957]",29.505584876190156,2.6652910283627924
"[0.18868041715501094, 0.6615948867691608, -0.9043177939174147, 0.5105939387683978]",29.505637735079873,2.665353860844189
"[0.18867100837005205, 0.6615966075817045, -0.9043199101877376, 0.5105902506885989]",29.505690592706976,2.6654166933255854
"[0.18866159687045977, 0.6615983290645637, -0.9043220271346001, 0.5105865611809197]",29.50574345083032,2.6654795258069823
"[0.18865218542263007, 0.6616000507117848, -0.9043241441357683, 0.5105828713297098]",29.50579630824669,2.665542358288379
"[0.1886427750735534, 0.6616017723318425, -0.9043262609557031, 0.5105791815454698]",29.50584916702427,2.6656051907697753
"[0.18863336382558887, 0.6616034942902025, -0.9043283780437495, 0.5105754910449287]",29.505902027390377,2.6656680232511722
"[0.18862395028697637, 0.6616052168415962, -0.9043304957130095, 0.5105717992821399]",29.505954884359323,2.6657308557325683
"[0.1886145368132125, 0.6616069395550783, -0.904332613433597, 0.5105681071807167]",29.506007744596133,2.6657936882139652
"[0.1886051239191147, 0.6616086623364229, -0.9043347310896749, 0.5105644149426003]",29.506060604157977,2.6658565206953617
"[0.188595709605538, 0.661610385551551, -0.9043368491309931, 0.5105607217835565]",29.506113464761935,2.665919353176758
"[0.18858629562265058, 0.661612108880148, -0.9043389671637934, 0.5105570283900805]",29.50616632663775,2.665982185658155
"[0.18857687944389015, 0.6616138327847784, -0.9043410857565284, 0.5105533337708119]",29.506219187452874,2.6660450181395516
"[0.18856746412206124, 0.6616155567065917, -0.9043432042223307, 0.5105496391234723]",29.506272049205986,2.666107850620948
"[0.18855804723999461, 0.6616172810881885, -0.9043453231050615, 0.5105459434994942]",29.506324911192532,2.6661706831023446
"[0.1885486309225346, 0.6616190055405156, -0.9043474419266072, 0.5105422477326861]",29.50637777285675,2.6662335155837416
"[0.18853921327367107, 0.6616207304108163, -0.9043495611135954, 0.5105385510788456]",29.50643063516705,2.666296348065138
"[0.18852979563813946, 0.6616224554528511, -0.9043516803634271, 0.5105348540657098]",29.5064834999064,2.6663591805465345
"[0.18852037566157362, 0.6616241810979461, -0.9043538002059158, 0.5105311557688899]",29.50653636075936,2.6664220130279315
"[0.18851095745935006, 0.6616259065922212, -0.9043559197149417, 0.5105274578040505]",29.50658922532516,2.666484845509328
"[0.18850153655404434, 0.6616276327560161, -0.9043580398981171, 0.5105237584130996]",29.506642089675804,2.6665476779907245
"[0.18849211657749318, 0.6616293589239353, -0.9043601599380978, 0.5105200590220668]",29.50669495533842,2.666610510472121
"[0.18848269564363362, 0.6616310854416028, -0.9043622802593425, 0.5105163588902403]",29.506747818540028,2.666673342953518
"[0.18847327472467063, 0.6616328121308805, -0.9043644006430371, 0.5105126583993919]",29.506800685273383,2.6667361754349144
"[0.18846385364984716, 0.661634539023077, -0.9043665211276022, 0.5105089574824249]",29.506853550016952,2.666799007916311
"[0.18845443048359073, 0.6616362664730534, -0.9043686421487026, 0.5105052553788356]",29.506906415970594,2.666861840397708
"[0.18844500790504942, 0.6616379939897244, -0.9043707631033006, 0.5105015531410787]",29.506959283206033,2.666924672879104
"[0.18843558387301546, 0.6616397219473437, -0.9043728844508528, 0.5104978499670858]",29.507012149847885,2.6669875053605008
"[0.18842615968994209, 0.6616414501071509, -0.9043750058981804, 0.5104941463685457]",29.507065016514527,2.6670503378418973
"[0.18841673461707908, 0.6616431786046569, -0.9043771276115754, 0.5104904420550543]",29.50711788551735,2.6671131703232938
"[0.18840730963492297, 0.661644907260073, -0.9043792493703094, 0.5104867374119142]",29.507170750877286,2.6671760028046907
"[0.18839788448850156, 0.6616466361201717, -0.9043813712317677, 0.5104830323388866]",29.50722361967191,2.667238835286087
"[0.18838845817363048, 0.661648365369197, -0.9043834934220198, 0.5104793264411274]",29.507276488228587,2.667301667767484
"[0.18837903072984882, 0.661650094999974, -0.9043856159321725, 0.5104756197340222]",29.50732935946627,2.66736450024888
"[0.18836960385660922, 0.6616518247007097, -0.9043877383796021, 0.5104719128857458]",29.50738222903521,2.667427332730277
"[0.1883601758896827, 0.6616535547768106, -0.9043898611389954, 0.5104682052418149]",29.507435095715863,2.6674901652116736
"[0.18835074734220253, 0.6616552851341608, -0.9043919840948222, 0.5104644970039208]",29.507487969101515,2.66755299769307
"[0.18834131910330928, 0.661657015609598, -0.9043941070468686, 0.5104607885217297]",29.507540838079656,2.667615830174467
"[0.1883318878151192, 0.6616587468195183, -0.9043962307512423, 0.510457078474283]",29.507593708546334,2.6676786626558635
"[0.18832245794099048, 0.6616604779446782, -0.9043983542029024, 0.5104533686172522]",29.507646580158053,2.66774149513726
"[0.1883130274050468, 0.6616622093661525, -0.904400477869279, 0.5104496581339826]",29.50769945227098,2.6678043276186565
"[0.18830359704058172, 0.6616639409309705, -0.9044026015627139, 0.5104459473522945]",29.507752324085978,2.6678671601000534
"[0.18829416461445395, 0.6616656730492392, -0.9044047257861075, 0.5104422353933279]",29.50780519489975,2.66792999258145
"[0.18828473348857244, 0.661667405103612, -0.9044068497823398, 0.5104385235800584]",29.507858071918175,2.6679928250628464
"[0.1882752992889846, 0.6616691378974415, -0.9044089745364772, 0.5104348101908994]",29.507910942412316,2.6680556575442433
"[0.18826586499925219, 0.6616708708828325, -0.9044110993765841, 0.5104310964000038]",29.507963814326303,2.6681184900256394
"[0.1882564309789304, 0.6616726039937371, -0.9044132242216644, 0.5104273823489093]",29.508016689822963,2.6681813225070363
"[0.18824699753274665, 0.6616743371741602, -0.904415349003059, 0.510423668157614]",29.50806956301435,2.6682441549884333
"[0.188237560914953, 0.6616760711123792, -0.9044174745644703, 0.510419952351151]",29.508122439734564,2.6683069874698293
"[0.1882281259491863, 0.6616778049221143, -0.9044195998193942, 0.5104162368288029]",29.508175312710694,2.6683698199512262
"[0.18821869088716378, 0.6616795389245992, -0.9044217251616069, 0.510412520902168]",29.508228190729884,2.6684326524326227
"[0.18820925318234283, 0.6616812735879412, -0.9044238511647547, 0.510408803568119]",29.508281065337282,2.6684954849140197
"[0.1881998156247455, 0.6616830083993999, -0.9044259772003497, 0.5104050859254411]",29.508333940752735,2.668558317395416
"[0.18819037768633995, 0.6616847434560603, -0.9044281033873309, 0.5104013677660924]",29.50838681979574,2.6686211498768126
"[0.1881809391864431, 0.6616864787911548, -0.9044302297663994, 0.5103976490188441]",29.508439692814374,2.6686839823582096
"[0.1881714996255858, 0.6616882144966, -0.9044323564500784, 0.5103939294867539]",29.508492570848553,2.6687468148396056
"[0.18816206146884754, 0.6616899501190693, -0.9044344828829879, 0.51039021014123]",29.508545450762124,2.6688096473210026
"[0.18815262089392878, 0.66169168636155, -0.9044366099262863, 0.5103864894758557]",29.508598327968055,2.668872479802399
"[0.188143180465104, 0.6616934227524929, -0.9044387370022322, 0.5103827685011224]",29.50865120675616,2.6689353122837955
"[0.18813373905854625, 0.6616951594986358, -0.9044408643640354, 0.5103790467740061]",29.508704087005206,2.6689981447651925
"[0.18812429648438841, 0.6616968966349707, -0.9044429920544849, 0.5103753242195236]",29.50875696435071,2.669060977246589
"[0.18811485456004842, 0.6616986338271901, -0.9044451196640502, 0.5103716015540882]",29.5088098435256,2.6691238097279855
"[0.18810541278019946, 0.6617003711682021, -0.9044472473065863, 0.5103678785785603]",29.50886272282211,2.669186642209382
"[0.18809596873922385, 0.661702109100772, -0.9044493755241815, 0.5103641543441799]",29.508915604122762,2.669249474690779
"[0.18808652436603543, 0.6617038472699951, -0.9044515038821693, 0.5103604296114644]",29.50896848382234,2.6693123071721754
"[0.18807708112230262, 0.6617055854068473, -0.9044536320511295, 0.510356704956907]",29.50902136715985,2.669375139653572
"[0.1880676342426076, 0.6617073243885361, -0.904455761105028, 0.5103529785007438]",29.509074248176482,2.669437972134969
"[0.18805818942355684, 0.6617090631664811, -0.9044578897600156, 0.5103492524899753]",29.50912712966363,2.669500804616365
"[0.18804874322845125, 0.6617108023733662, -0.9044600187906273, 0.5103455255688324]",29.50918001175485,2.669563637097762
"[0.1880392965779967, 0.6617125418397269, -0.9044621479893535, 0.5103417981004562]",29.509232894277137,2.6696264695791583
"[0.18802984867522265, 0.6617142817123663, -0.9044642775358294, 0.5103380697702663]",29.50928577599323,2.669689302060555
"[0.18802040078133947, 0.6617160217590783, -0.9044664071457763, 0.5103343410758612]",29.509338659315013,2.6697521345419517
"[0.18801095174364502, 0.6617177621921951, -0.9044685370790175, 0.5103306115622396]",29.5093915422267,2.669814967023348
"[0.18800150277719865, 0.6617195027879497, -0.9044706670616596, 0.5103268817089058]",29.509444426311273,2.669877799504745
"[0.1879920536941368, 0.6617212435809603, -0.9044727971360366, 0.5103231514416804]",29.509497311166953,2.669940631986141
"[0.18798260279084592, 0.661722984885138, -0.9044749276861933, 0.5103194200878973]",29.50955019502197,2.670003464467538
"[0.1879731536416184, 0.6617247260419428, -0.9044770579063508, 0.5103156890587126]",29.509603081014344,2.6700662969489346
"[0.1879637019497491, 0.6617264678431516, -0.9044791887651512, 0.5103119566574824]",29.509655966370314,2.670129129430331
"[0.1879542501804358, 0.6617282098345116, -0.9044813197068405, 0.5103082238575716]",29.509708852058218,2.670191961911728
"[0.18794479744775927, 0.6617299521793728, -0.9044834509311438, 0.5103044903089803]",29.509761736295918,2.6702547943931245
"[0.18793534547033558, 0.6617316945609623, -0.904485582050568, 0.5103007566904942]",29.509814622755734,2.670317626874521
"[0.18792589204780397, 0.6617334373849136, -0.9044877135612173, 0.5102970221329047]",29.509867512396266,2.6703804593559175
"[0.18791643835832392, 0.661735180434082, -0.90448984519745, 0.5102932871015209]",29.509920396996293,2.6704432918373144
"[0.18790698284948565, 0.6617369239947688, -0.9044919773093117, 0.5102895509828601]",29.509973284695494,2.670506124318711
"[0.187897527889773, 0.6617386676302688, -0.9044941093627353, 0.5102858147126943]",29.510026173899004,2.6705689568001074
"[0.18788807278217484, 0.6617404114691229, -0.9044962415148747, 0.5102820780155897]",29.510079062636578,2.6706317892815044
"[0.18787861640057027, 0.6617421557190724, -0.9044983740196728, 0.5102783404464004]",29.510131950054742,2.670694621762901
"[0.18786915904346677, 0.6617439003251275, -0.9045005068098217, 0.5102746021229616]",29.510184840127817,2.6707574542442973
"[0.18785970327392712, 0.6617456448144682, -0.9045026393072875, 0.5102708640584274]",29.510237731202732,2.670820286725694
"[0.18785024470031206, 0.6617473899973538, -0.9045047725024841, 0.5102671245165945]",29.510290620547014,2.6708831192070908
"[0.1878407865948889, 0.6617491352700774, -0.9045069056574293, 0.5102633847910603]",29.510343510589873,2.6709459516884873
"[0.18783132728567056, 0.6617508809412135, -0.9045090391492077, 0.5102596442206379]",29.510396399560285,2.6710087841698837
"[0.18782186727691474, 0.6617526269177588, -0.9045111728640925, 0.5102559030046109]",29.51044929004706,2.6710716166512807
"[0.18781240639025631, 0.6617543732326838, -0.9045133068423163, 0.5102521610723326]",29.510502180571013,2.6711344491326767
"[0.18780294530418112, 0.6617561197607904, -0.9045154409308369, 0.5102484186920758]",29.51055507443228,2.6711972816140737
"[0.18779348474967497, 0.6617578663671371, -0.9045175749647515, 0.510244676152988]",29.510607965811783,2.67126011409547
"[0.18778402355586832, 0.6617596132678983, -0.9045197092081618, 0.5102409329918598]",29.510660857788654,2.6713229465768666
"[0.18777456101098916, 0.6617613605945644, -0.9045218438216333, 0.510237188926952]",29.51071375042595,2.6713857790582636
"[0.18776509815734763, 0.6617631081547076, -0.9045239785700391, 0.5102334443705782]",29.510766645085774,2.67144861153966
"[0.18775563500536516, 0.6617648559464396, -0.9045261134510189, 0.5102296993267962]",29.51081953632174,2.6715114440210566
"[0.18774617147980502, 0.6617666039836687, -0.9045282484815401, 0.5102259537657947]",29.510872432020584,2.671574276502453
"[0.1877367055199049, 0.661768352647146, -0.9045303841265353, 0.5102222068717464]",29.510925324553153,2.67163710898385
"[0.1877272416271327, 0.66177010110532, -0.9045325193704039, 0.5102184604264286]",29.510978222400798,2.6716999414652465
"[0.18771777528812825, 0.6617718501920544, -0.9045346552314393, 0.510214712643112]",29.51103111355362,2.671762773946643
"[0.18770830901106253, 0.6617735994439897, -0.9045367911437409, 0.5102109645146438]",29.511084010577157,2.67182560642804
"[0.18769884220150274, 0.6617753489709914, -0.9045389272414223, 0.5102072158056162]",29.511136903106145,2.6718884389094364
"[0.1876893751493329, 0.6617770987195266, -0.9045410634590656, 0.5102034666307453]",29.511189801994572,2.671951271390833
"[0.1876799068985952, 0.661778848866301, -0.904543200012385, 0.5101997166113833]",29.51124269682283,2.6720141038722294
"[0.18767043886582202, 0.6617805991495388, -0.9045453365817244, 0.5101959663084598]",29.511295594869942,2.6720769363536263
"[0.18766097093520073, 0.6617823495906434, -0.9045474731932011, 0.5101922156761095]",29.511348489870535,2.672139768835023
"[0.18765150155558746, 0.6617841004764281, -0.9045496101968589, 0.5101884640997789]",29.511401388588972,2.6722026013164193
"[0.1876420299666989, 0.6617858519475904, -0.9045517477642967, 0.5101847112780143]",29.511454286774057,2.6722654337978162
"[0.1876325601092944, 0.661787603275422, -0.9045538850061468, 0.5101809587721882]",29.51150718470478,2.6723282662792127
"[0.18762308852678697, 0.6617893550991907, -0.9045560227025067, 0.5101772052125738]",29.5115600842847,2.672391098760609
"[0.18761361601843626, 0.6617911072711452, -0.9045581606730003, 0.5101734509157512]",29.511612981964802,2.672453931242006
"[0.18760414466626127, 0.6617928594061863, -0.9045602984476896, 0.5101696967068718]",29.511665883498576,2.672516763723402
"[0.1875946713823468, 0.6617946120755358, -0.9045624367235477, 0.5101659413619665]",29.511718781196503,2.672579596204799
"[0.1875851985172599, 0.6617963648444104, -0.9045645749700059, 0.510162185812666]",29.511771680264097,2.6726424286861956
"[0.18757572419563334, 0.661798118059831, -0.904566713610377, 0.5101584293154182]",29.511824581079303,2.672705261167592
"[0.18756624927307536, 0.6617998715635476, -0.9045688524515277, 0.5101546722093111]",29.51187748167474,2.672768093648989
"[0.18755677403476934, 0.6618016253027793, -0.9045709914290827, 0.5101509146074047]",29.51193038225817,2.6728309261303855
"[0.18754729917101137, 0.661803379149791, -0.9045731303871917, 0.5101471567834084]",29.511983284280966,2.6728937586117825
"[0.18753782244776954, 0.6618051335181684, -0.904575269830189, 0.5101433978511741]",29.512036185538793,2.6729565910931785
"[0.1875283460371164, 0.6618068880058542, -0.9045774092677146, 0.5101396386721516]",29.512089087585938,2.6730194235745754
"[0.18751886795700298, 0.6618086429798552, -0.904579549147244, 0.5101358784599922]",29.512141991605663,2.673082256055972
"[0.187509390242295, 0.6618103980634377, -0.9045816890093611, 0.510132118021889]",29.512194892954394,2.6731450885373684
"[0.18749991176029251, 0.6618121534663737, -0.9045838291097941, 0.5101283569083865]",29.51224779636874,2.6732079210187654
"[0.18749043160581788, 0.6618139093563786, -0.9045859696529288, 0.510124594760143]",29.51230070016701,2.673270753500162
"[0.1874809529158077, 0.6618156651524506, -0.9045881099304566, 0.5101208328220085]",29.512353602110064,2.6733335859815583
"[0.18747147347627752, 0.6618174212646842, -0.9045902504422716, 0.5101170702153174]",29.512406507481813,2.673396418462955
"[0.1874619924766283, 0.6618191778433234, -0.9045923913714196, 0.5101133066181686]",29.512459410496184,2.6734592509443518
"[0.18745251080702147, 0.6618209347235129, -0.9045945325168989, 0.5101095423837779]",29.51251231680375,2.6735220834257483
"[0.18744302905749188, 0.6618226917959599, -0.9045966737454603, 0.5101057777463206]",29.512565223683126,2.6735849159071448
"[0.18743354695385586, 0.6618244491114875, -0.9045988151190123, 0.5101020125969011]",29.51261812767935,2.6736477483885417
"[0.18742406340050952, 0.6618262068731856, -0.9046009568849833, 0.5100982465003773]",29.512671033066166,2.6737105808699377
"[0.18741457977374618, 0.6618279648260389, -0.904603098732549, 0.5100944800031595]",29.512723941025754,2.6737734133513347
"[0.18740509657091098, 0.6618297228778421, -0.9046052405493685, 0.5100907133027918]",29.512776847302057,2.673836245832731
"[0.1873956105271748, 0.6618314816339242, -0.9046073830728244, 0.5100869451023355]",29.512829753894657,2.6738990783141277
"[0.18738612730835147, 0.6618332400438257, -0.904609525023219, 0.5100831776524406]",29.512882662648096,2.6739619107955246
"[0.1873766411681379, 0.6618349991730574, -0.9046116676984403, 0.510079408670218]",29.512935569433843,2.674024743276921
"[0.1873671546661465, 0.6618367585470669, -0.9046138105203554, 0.5100756391724209]",29.51298847828154,2.674087575758318
"[0.1873576684083745, 0.6618385180534523, -0.9046159533520712, 0.5100718693998524]",29.513041387354537,2.674150408239714
"[0.18734818061839223, 0.6618402780217685, -0.904618096594856, 0.5100680986464555]",29.513094296364457,2.674213240721111
"[0.1873386922896016, 0.6618420382678075, -0.9046202400243123, 0.5100643273069022]",29.51314720436239,2.6742760732025075
"[0.18732920325364028, 0.6618437988228423, -0.9046223836784717, 0.5100605553141885]",29.513200115444224,2.674338905683904
"[0.1873197145336999, 0.6618455594970518, -0.9046245273261757, 0.5100567830750069]",29.51325302370359,2.674401738165301
"[0.1873102241423907, 0.6618473206592527, -0.9046266714164053, 0.5100530097991731]",29.513305933795777,2.6744645706466974
"[0.18730073519405813, 0.661849081731521, -0.9046288152455463, 0.5100492367248862]",29.513358843872016,2.674527403128094
"[0.18729124338035993, 0.6618508435134974, -0.9046309597869796, 0.5100454621389288]",29.51341175709632,2.6745902356094904
"[0.18728175298287253, 0.6618526052105234, -0.9046331040733417, 0.5100416877438447]",29.513464667312032,2.6746530680908873
"[0.18727226098475472, 0.6618543673826275, -0.9046352487862549, 0.5100379123397867]",29.513517580339872,2.674715900572284
"[0.18726276885727774, 0.6618561297567275, -0.9046373935932871, 0.5100341365118308]",29.513570491108307,2.6747787330536803
"[0.18725327567679947, 0.6618578925043531, -0.9046395387031387, 0.51003035989248]",29.513623403606626,2.6748415655350772
"[0.1872437811962724, 0.6618596556714536, -0.9046416841716421, 0.5100265823832972]",29.513676316203494,2.6749043980164733
"[0.18723428696208927, 0.661861418970894, -0.9046438296493552, 0.5100228045994575]",29.51372923012698,2.67496723049787
"[0.18722479246496693, 0.6618631824972673, -0.9046459752513485, 0.5100190263382997]",29.513782142979498,2.6750300629792667
"[0.18721529712162982, 0.6618649463589534, -0.904648121109429, 0.5100152473676308]",29.513835057085316,2.675092895460663
"[0.18720580164679995, 0.6618667104232178, -0.9046502670620717, 0.5100114679718262]",29.51388797249524,2.67515572794206
"[0.18719630521902492, 0.6618684748427178, -0.9046524132949181, 0.5100076878238381]",29.513940885552543,2.6752185604234566
"[0.18718680838431193, 0.6618702395160289, -0.9046545596845694, 0.5100039071409446]",29.51399380089867,2.6752813929048536
"[0.18717731070300936, 0.6618720045249098, -0.9046567063303861, 0.5100001257480037]",29.514046716315427,2.6753442253862496
"[0.1871678127793841, 0.6618737697571003, -0.9046588530957906, 0.5099963438855222]",29.514099632836462,2.6754070578676465
"[0.18715831394371496, 0.6618755353371113, -0.9046610001321532, 0.5099925612867491]",29.514152546335772,2.675469890349043
"[0.1871488152342043, 0.6618773010719968, -0.9046631472048001, 0.5099887783650544]",29.51420546481538,2.6755327228304395
"[0.1871393145663507, 0.6618790673493097, -0.9046652947849125, 0.5099849942901464]",29.514258379364172,2.6755955553118365
"[0.18712981501348727, 0.661880833597715, -0.9046674421777716, 0.5099812102860549]",29.51431129692838,2.675658387793233
"[0.1871203141968409, 0.6618826002595221, -0.904669589921088, 0.5099774254051912]",29.514364214328932,2.6757212202746294
"[0.18711081231209561, 0.6618843672983834, -0.9046717379706404, 0.5099736397253998]",29.514417130200176,2.675784052756026
"[0.1871013099045122, 0.6618861346129832, -0.9046738862031594, 0.5099698534637696]",29.514470049722103,2.675846885237423
"[0.18709180822754662, 0.6618879019701891, -0.9046760343352575, 0.5099660671197513]",29.514522969380902,2.6759097177188194
"[0.1870823041381088, 0.6618896699546855, -0.9046781830775241, 0.5099622794407339]",29.514575887828983,2.675972550200216
"[0.18707280031935627, 0.6618914380674251, -0.9046803318233391, 0.5099584914958788]",29.51462880633301,2.676035382681613
"[0.18706329731212923, 0.6618932062077209, -0.9046824804504041, 0.5099547035008544]",29.514681725941447,2.676098215163009
"[0.18705379262045066, 0.6618949748400536, -0.9046846295230445, 0.5099509144606152]",29.514734646709503,2.6761610476444058
"[0.18704428662171088, 0.6618967438942783, -0.904686778955948, 0.5099471245254311]",29.51478756676774,2.6762238801258027
"[0.1870347815520866, 0.6618985129542634, -0.9046889282434731, 0.5099433345868036]",29.514840485210552,2.676286712607199
"[0.18702527386838536, 0.6619002826795146, -0.90469107818681, 0.5099395432318453]",29.514893407268264,2.6763495450885957
"[0.1870157681358406, 0.6619020522203011, -0.9046932277536275, 0.5099357522809708]",29.514946329614006,2.676412377569992
"[0.1870062591236528, 0.6619038225504105, -0.9046953781267845, 0.5099319596480041]",29.514999250791522,2.676475210051389
"[0.1869967509303006, 0.6619055929068939, -0.9046975283794579, 0.5099281669674417]",29.51505217202351,2.6765380425327856
"[0.1869872435077592, 0.6619073632986441, -0.904699678522479, 0.5099243742202202]",29.515105093804777,2.676600875014182
"[0.18697773237027837, 0.6619091345610624, -0.9047018295703307, 0.5099205796166579]",29.515158017699793,2.676663707495579
"[0.18696822285992587, 0.6619109056993663, -0.9047039803148532, 0.5099167852879012]",29.515210939550386,2.676726539976975
"[0.18695871441702414, 0.6619126768176983, -0.9047061308825877, 0.5099129910108169]",29.515263863678353,2.676789372458372
"[0.18694920181983604, 0.6619144488888267, -0.9047082824545697, 0.5099091947014699]",29.515316784049865,2.6768522049397685
"[0.18693969019754994, 0.6619162209573349, -0.9047104338706932, 0.5099053984066426]",29.515369711903293,2.676915037421165
"[0.1869301775118291, 0.6619179934029916, -0.904712585591989, 0.509901601312764]",29.515422635386035,2.676977869902562
"[0.18692066478854844, 0.6619197660347028, -0.9047147373864045, 0.509897803829225]",29.515475560405605,2.6770407023839584
"[0.18691115204497333, 0.6619215388492303, -0.9047168892500246, 0.5098940059629385]",29.51552848539344,2.677103534865355
"[0.18690163782550986, 0.6619233121179052, -0.9047190415121138, 0.5098902071326513]",29.515581408904122,2.6771663673467514
"[0.1868921244796277, 0.6619250854028597, -0.9047211936411778, 0.5098864082764015]",29.51563433641662,2.6772291998281483
"[0.18688260940662912, 0.6619268591889064, -0.904723346225543, 0.5098826083556015]",29.515687262821892,2.677292032309545
"[0.1868730939266206, 0.6619286332299993, -0.9047254989665726, 0.5098788078973318]",29.51574018950456,2.6773548647909413
"[0.18686357742825013, 0.6619304076401867, -0.9047276520025722, 0.5098750066572925]",29.515793114883966,2.6774176972723382
"[0.1868540606974511, 0.6619321822729457, -0.9047298051557325, 0.5098712049493551]",29.515846042155765,2.6774805297537347
"[0.18684454424308136, 0.6619339570334154, -0.904731958310905, 0.5098674029767553]",29.515898969450745,2.6775433622351312
"[0.1868350260691088, 0.6619357322938851, -0.9047341119197044, 0.5098635999419541]",29.515951898151936,2.6776061947165277
"[0.18682550742052628, 0.661937507822216, -0.9047362657004431, 0.5098597963422514]",29.51600482661118,2.6776690271979247
"[0.18681598838838276, 0.6619392836014584, -0.904738419632512, 0.5098559922139612]",29.516057750874054,2.677731859679321
"[0.1868064687100338, 0.6619410596806462, -0.9047405737753367, 0.5098521874520437]",29.516110683835343,2.6777946921607176
"[0.18679694868271604, 0.6619428360043599, -0.9047427280616531, 0.5098483821752225]",29.516163611537078,2.6778575246421146
"[0.18678742836827808, 0.6619446125610845, -0.9047448824774557, 0.5098445764081662]",29.5162165412453,2.6779203571235106
"[0.18677790813845574, 0.6619463892814664, -0.9047470369386089, 0.5098407702994473]",29.516269472000065,2.6779831896049076
"[0.18676838513772365, 0.6619481666985042, -0.9047491920913403, 0.5098369627072754]",29.516322402770843,2.678046022086304
"[0.18675886434943098, 0.6619499438821066, -0.9047513468078566, 0.5098331556240991]",29.51637533291301,2.6781088545677005
"[0.18674934007320768, 0.661951721896368, -0.9047535023782471, 0.509829346770417]",29.516428262333363,2.6781716870490975
"[0.1867398165836833, 0.6619534999433753, -0.9047556578350728, 0.5098255378555204]",29.516481194429765,2.678234519530494
"[0.1867302927620984, 0.6619552782319986, -0.9047578134315236, 0.5098217284319707]",29.516534125617437,2.6782973520118905
"[0.18672076862314538, 0.6619570567595173, -0.904759969164266, 0.5098179185055944]",29.51658705752741,2.678360184493287
"[0.1867112444241701, 0.661958835477897, -0.9047621249750382, 0.5098141081792948]",29.516639989040655,2.678423016974684
"[0.18670171766030572, 0.6619606148550289, -0.9047642814308303, 0.5098102964507762]",29.51669292335661,2.6784858494560804
"[0.18669219121745012, 0.661962394351949, -0.9047664378784078, 0.5098064844745805]",29.516745854429793,2.678548681937477
"[0.1866826656585252, 0.661964173863497, -0.9047685941903142, 0.5098026724759919]",29.516798789190126,2.678611514418874
"[0.18667313751190062, 0.6619659540382734, -0.9047707511524293, 0.5097988590656035]",29.516851723010245,2.6786743469002703
"[0.18666361058021372, 0.6619677341658664, -0.904772907903919, 0.5097950457652296]",29.516904657530535,2.6787371793816668
"[0.18665408160722535, 0.6619695148547431, -0.9047750651819387, 0.5097912312714453]",29.51695759092323,2.6788000118630633
"[0.1866445518053648, 0.6619712958784248, -0.9047772227120189, 0.5097874160694059]",29.51701052411033,2.67886284434446
"[0.18663502329769643, 0.6619730768401272, -0.9047793800134809, 0.509783601009079]",29.517063461867536,2.6789256768258567
"[0.1866254917789426, 0.6619748585446007, -0.9047815380610633, 0.509779784366584]",29.517116394402002,2.678988509307253
"[0.18661596057840074, 0.6619766403695932, -0.9047836961009862, 0.5097759674748711]",29.517169331250688,2.67905134178865
"[0.18660643012381534, 0.6619784222351164, -0.9047858540363735, 0.5097721505052849]",29.51722226811416,2.679114174270046
"[0.18659689821909245, 0.6619802045517911, -0.9047880123644694, 0.5097683325782264]",29.517275203774062,2.679177006751443
"[0.1865873658373167, 0.66198198713773, -0.904790170864939, 0.5097645140833251]",29.517328141411106,2.6792398392328396
"[0.18657783361900337, 0.6619837698731721, -0.9047923293927336, 0.509760695277124]",29.51738107924024,2.679302671714236
"[0.18656829968863575, 0.6619855531089326, -0.9047944883725548, 0.5097568754081434]",29.517434014183184,2.679365504195633
"[0.1865587660407738, 0.6619873364719908, -0.9047966473527306, 0.5097530552754292]",29.517486952520002,2.6794283366770295
"[0.18654923031700008, 0.6619891204035779, -0.904798806867347, 0.5097492339338325]",29.51753988903747,2.679491169158426
"[0.1865396953635918, 0.661990904371263, -0.9048009662718179, 0.509745412523873]",29.517592828536543,2.6795540016398225
"[0.1865301602131791, 0.6619926885560145, -0.9048031257852063, 0.5097415906578864]",29.517645767814745,2.6796168341212194
"[0.186520622628099, 0.6619944733766355, -0.9048052859143059, 0.5097377674387825]",29.517698706897573,2.679679666602616
"[0.18651108644760603, 0.6619962581147125, -0.9048074457895715, 0.509733944405468]",29.517751646211458,2.6797424990840124
"[0.186501548218233, 0.6619980434165579, -0.9048096061931886, 0.5097301201734592]",29.51780458550826,2.6798053315654093
"[0.1864920109358396, 0.6619998287215121, -0.9048117664465835, 0.5097262959437672]",29.517857527228248,2.679868164046806
"[0.18648247192307982, 0.6620016145307686, -0.9048139271561866, 0.5097224706427953]",29.517910465661945,2.6799309965282023
"[0.18647293282847188, 0.6620034005357647, -0.9048160879485908, 0.5097186449315037]",29.517963407915165,2.679993829009599
"[0.18646339171035764, 0.6620051871001094, -0.904818249263625, 0.5097148180310315]",29.518016349639577,2.6800566614909958
"[0.18645385163414716, 0.6620069736498355, -0.9048204104068879, 0.5097109911708375]",29.518069291295742,2.6801194939723922
"[0.18644431117599966, 0.6620087604515795, -0.9048225717009045, 0.5097071637797824]",29.51812223165302,2.6801823264537887
"[0.1864347707293407, 0.6620105474316738, -0.9048247330565359, 0.5097033360156636]",29.518175174872706,2.6802451589351857
"[0.1864252286281876, 0.6620123349022228, -0.9048268948512063, 0.5096995072099494]",29.51822811688628,2.6803079914165817
"[0.18641568453228605, 0.6620141229270745, -0.9048290571620231, 0.5096956772258797]",29.518281059258495,2.6803708238979786
"[0.18640614103366512, 0.6620159110206787, -0.9048312194017337, 0.5096918471035184]",29.51833400176852,2.6804336563793756
"[0.1863965984570706, 0.662017699122154, -0.9048333814967319, 0.509688016973271]",29.51838694571122,2.6804964888607716
"[0.18638705402646272, 0.6620194877517127, -0.9048355440759877, 0.5096841857208404]",29.51843989030997,2.6805593213421686
"[0.186377508333142, 0.6620212767986425, -0.9048377070055407, 0.5096803535833793]",29.518492834876085,2.680622153823565
"[0.18636796371627962, 0.6620230658245521, -0.9048398697553511, 0.5096765214999232]",29.51854577723606,2.6806849863049615
"[0.18635841676800308, 0.6620248554682487, -0.9048420330976189, 0.5096726881021516]",29.51859872308607,2.6807478187863585
"[0.1863488709772556, 0.6620266450757646, -0.9048441962417415, 0.5096688547908755]",29.518651668323646,2.680810651267755
"[0.18633932302824233, 0.6620284352687219, -0.904846359939104, 0.5096650202345512]",29.518704614711197,2.680873483749152
"[0.18632977685640031, 0.6620302253093071, -0.9048485232978634, 0.5096611860135991]",29.518757561048464,2.680936316230548
"[0.18632022747931376, 0.6620320161318303, -0.9048506874471374, 0.5096573501267442]",29.518810506106572,2.680999148711945
"[0.186310679015994, 0.6620338069639156, -0.904852851453454, 0.5096535142283967]",29.518863453601835,2.6810619811933414
"[0.1863011290218179, 0.6620355982640768, -0.9048550158708387, 0.5096496773364341]",29.518916399403782,2.681124813674738
"[0.1862915789991192, 0.6620373897505777, -0.9048571803588017, 0.5096458400543307]",29.518969347981074,2.681187646156135
"[0.18628202808938674, 0.6620391815845014, -0.9048593451119158, 0.5096420020370583]",29.519022293168582,2.6812504786375313
"[0.18627247758268825, 0.6620409735238337, -0.9048615098377718, 0.5096381638029929]",29.51907524246759,2.681313311118928
"[0.18626292465073158, 0.662042766099315, -0.9048636751774366, 0.5096343242153304]",29.519128187847382,2.6813761436003243
"[0.18625337400824563, 0.6620445584262897, -0.9048658400622135, 0.5096304851689806]",29.51918113995045,2.681438976081721
"[0.18624382097548361, 0.662046351382882, -0.9048680055528863, 0.5096266447829618]",29.519234087308078,2.6815018085631177
"[0.18623426714876906, 0.6620481446696987, -0.9048701712875957, 0.5096228036986571]",29.51928703632636,2.681564641044514
"[0.1862247130548432, 0.6620499381878703, -0.9048723371469374, 0.5096189621278073]",29.51933998542361,2.681627473525911
"[0.18621515977692282, 0.6620517317340439, -0.9048745028853311, 0.5096151205059778]",29.519392936554915,2.681690306007307
"[0.18620560359450472, 0.6620535260067812, -0.9048766693462242, 0.5096112773369141]",29.519445886075168,2.681753138488704
"[0.1861960472246228, 0.6620553204960302, -0.904878835913659, 0.5096074337131102]",29.519498835577863,2.6818159709701006
"[0.18618649183865849, 0.6620571149818066, -0.9048810023220447, 0.5096035901057434]",29.51955178728093,2.6818788034514975
"[0.18617693416197645, 0.6620589100791312, -0.9048831693138063, 0.5095997451975084]",29.51960473833413,2.681941635932894
"[0.1861673773493039, 0.6620607051955616, -0.904885336173675, 0.5095959002573753]",29.519657688987717,2.6820044684142905
"[0.18615782018469848, 0.6620625005594378, -0.9048875031773344, 0.5095920547962205]",29.51971064126329,2.6820673008956875
"[0.1861482609570382, 0.6620642964923212, -0.9048896707127693, 0.5095882081253368]",29.5197635937553,2.6821301333770835
"[0.1861387007464937, 0.6620660927913641, -0.9048918385350689, 0.5095843606791992]",29.519816545809626,2.6821929658584804
"[0.1861291411359638, 0.6620678891591675, -0.9048940062852913, 0.5095805130947998]",29.519869498681604,2.682255798339877
"[0.18611958139573756, 0.6620696857328506, -0.904896174128887, 0.5095766650784488]",29.519922452710578,2.6823186308212734
"[0.18611002020927184, 0.6620714827598746, -0.904898342364407, 0.5095728161001122]",29.519975405915307,2.6823814633026704
"[0.1861004584302191, 0.6620732800798758, -0.9049005107982682, 0.5095689665032821]",29.52002836048861,2.682444295784067
"[0.18609089712480112, 0.6620750774924398, -0.9049026791886569, 0.5095651167172108]",29.520081313950982,2.6825071282654633
"[0.186081334572078, 0.6620768753211189, -0.9049048479258546, 0.5095612660489047]",29.520134267816573,2.68256996074686
"[0.18607177128111418, 0.6620786734702663, -0.9049070168944121, 0.5095574147032251]",29.52018722288687,2.6826327932282568
"[0.18606220785936844, 0.6620804718256965, -0.90490918595655, 0.509553562924741]",29.520240178794413,2.6826956257096533
"[0.18605264427833992, 0.6620822703927907, -0.9049113551187195, 0.5095497107019332]",29.520293134458537,2.6827584581910497
"[0.18604307868645378, 0.6620840695198306, -0.9049135248008907, 0.5095458572888427]",29.520346089919975,2.6828212906724467
"[0.18603351340001512, 0.6620858687712107, -0.9049156944776795, 0.5095420036184601]",29.520399045710743,2.6828841231538427
"[0.18602394751235182, 0.6620876683175159, -0.9049178643547269, 0.5095381493254427]",29.52045200309348,2.6829469556352397
"[0.18601438122818378, 0.6620894681202266, -0.9049200343855991, 0.5095342944922568]",29.520504959241507,2.683009788116636
"[0.18600481345101108, 0.6620912683857428, -0.9049222048190222, 0.5095304386768741]",29.520557914824217,2.683072620598033
"[0.18599524632836006, 0.6620930687100097, -0.9049243751678288, 0.5095265827446933]",29.52061087283504,2.6831354530794296
"[0.18598567821848494, 0.6620948694019723, -0.9049265458044464, 0.5095227260340067]",29.520663832754746,2.683198285560826
"[0.18597610884480406, 0.6620966705137684, -0.9049287167916262, 0.5095188684331617]",29.52071679014469,2.683261118042223
"[0.18596653984769793, 0.6620984717366823, -0.9049308877572105, 0.509515010603362]",29.52076974880737,2.683323950523619
"[0.18595697016631188, 0.6621002732704198, -0.9049330589418698, 0.5095111521168817]",29.520822706687607,2.683386783005016
"[0.18594740010035052, 0.6621020750586007, -0.9049352302776004, 0.5095072930944776]",29.520875667041203,2.6834496154864125
"[0.18593782828314728, 0.6621038773585987, -0.9049374020744888, 0.5095034329849172]",29.520928624795168,2.683512447967809
"[0.18592825614690106, 0.6621056799008144, -0.904939574007581, 0.5094995723656274]",29.52098158263141,2.683575280449206
"[0.18591868429626135, 0.6621074825713851, -0.9049417459396667, 0.5094957114804691]",29.521034546616164,2.6836381129306024
"[0.18590911146466943, 0.6621092856088856, -0.904943918158128, 0.509491849818487]",29.521087505196853,2.683700945411999
"[0.185899538971192, 0.6621110887648787, -0.904946090363642, 0.5094879879117593]",29.5211404660508,2.6837637778933954
"[0.18588996588709306, 0.6621128922143344, -0.9049482627669446, 0.509484125385554]",29.521193427843688,2.6838266103747923
"[0.18588039039998325, 0.6621146962987919, -0.9049504357793295, 0.5094802615083992]",29.52124638883015,2.683889442856189
"[0.1858708151047712, 0.6621165005293878, -0.9049526088119355, 0.5094763973272847]",29.521299351511843,2.6839522753375853
"[0.18586124121324243, 0.6621183046777857, -0.9049547815897188, 0.5094725333312731]",29.521352313351546,2.6840151078189822
"[0.18585166235172726, 0.6621201099451718, -0.9049569555591953, 0.509468666947749]",29.521405275392365,2.6840779403003787
"[0.18584208616697612, 0.6621219148904833, -0.9049591289849039, 0.5094648012630736]",29.52145823780217,2.684140772781775
"[0.18583250891538391, 0.6621237202192881, -0.904961302716468, 0.5094609347661182]",29.521511199827692,2.6842036052631717
"[0.185822931299741, 0.6621255257991586, -0.9049634765943741, 0.5094570677405089]",29.521564164651767,2.6842664377445686
"[0.18581335182862738, 0.6621273319113299, -0.9049656509571447, 0.5094531995839254]",29.521617125414583,2.684329270225965
"[0.18580377387522468, 0.6621291379198402, -0.9049678250391163, 0.509449331658411]",29.52167009242244,2.6843921027073616
"[0.18579419333457162, 0.6621309445987562, -0.9049699997720623, 0.5094454623061515]",29.521723054540306,2.6844549351887586
"[0.18578461354376777, 0.6621327513188356, -0.9049721743984809, 0.5094415928747942]",29.521776019942138,2.6845177676701546
"[0.1857750322794322, 0.6621345584994307, -0.9049743494230738, 0.509437722466221]",29.52182898503837,2.6845806001515515
"[0.18576545132243752, 0.6621363658046798, -0.9049765244415643, 0.5094338517997412]",29.52188195080545,2.6846434326329485
"[0.18575586945059996, 0.6621381734651587, -0.9049786997313964, 0.5094299803815417]",29.521934916896285,2.6847062651143445
"[0.1857462861405986, 0.6621399815796691, -0.9049808754113835, 0.5094261080000244]",29.521987881761685,2.6847690975957414
"[0.18573670397294714, 0.6621417896613515, -0.904983050895663, 0.5094222356978808]",29.52204085031357,2.684831930077138
"[0.18572711993849664, 0.6621435982780404, -0.9049852268674081, 0.5094183622590048]",29.522093814859296,2.6848947625585344
"[0.18571753608853447, 0.6621454070426906, -0.9049874028608923, 0.5094144885123181]",29.52214678286906,2.6849575950399314
"[0.1857079507398863, 0.6621472162730152, -0.9049895792582743, 0.509410613777393]",29.52219974899237,2.685020427521328
"[0.18569836572296738, 0.6621490256235657, -0.9049917556439456, 0.5094067387940621]",29.522252718879564,2.6850832600027243
"[0.18568877995309416, 0.6621508352991159, -0.9049939322641842, 0.5094028631237734]",29.522305685316752,2.685146092484121
"[0.18567919381412634, 0.6621526452272379, -0.9049961090318238, 0.5093989869216435]",29.522358651862,2.6852089249655178
"[0.1856696062681549, 0.6621544556039579, -0.904998286182548, 0.5093951097678634]",29.522411621910102,2.6852717574469143
"[0.1856600191295916, 0.6621562660867021, -0.9050004633043327, 0.5093912323960978]",29.522464590187216,2.6853345899283108
"[0.1856504300397574, 0.6621580771209499, -0.9050026409328046, 0.5093873538523038]",29.522517559749332,2.6853974224097077
"[0.1856408420107602, 0.6621598881378555, -0.9050048183839235, 0.5093834753547329]",29.522570529570054,2.685460254891104
"[0.18563125167260966, 0.6621616997739979, -0.9050069964230147, 0.5093795955400834]",29.52262349897907,2.6855230873725007
"[0.18562166095126897, 0.662163511665643, -0.9050091746126878, 0.5093757151873355]",29.522676468607305,2.685585919853897
"[0.18561207136508812, 0.6621653235259297, -0.9050113526080807, 0.5093718349108317]",29.522729440422804,2.685648752335294
"[0.18560247932539412, 0.66216713603295, -0.9050135312242532, 0.5093679532583764]",29.522782409649093,2.6857115848166906
"[0.18559288862252238, 0.6621689484705242, -0.9050157096003114, 0.5093640717637365]",29.522835380341995,2.685774417298087
"[0.18558329684219185, 0.6621707612948996, -0.9050178882846015, 0.5093601894498191]",29.522888355221387,2.685837249779484
"[0.1855737027151369, 0.6621725747460734, -0.9050200675654446, 0.5093563058026574]",29.522941324573743,2.68590008226088
"[0.18556411089124533, 0.6621743879451479, -0.9050222463866148, 0.5093524227044814]",29.52299429817072,2.685962914742277
"[0.1855545156810275, 0.662176201967679, -0.9050244260404975, 0.5093485378519108]",29.523047269249915,2.6860257472236735
"[0.18554492085445762, 0.6621780161010237, -0.9050266056707181, 0.5093446527711201]",29.523100242118254,2.68608857970507
"[0.18553532542283876, 0.6621798305321454, -0.9050287855018607, 0.5093407670617273]",29.523153214694755,2.686151412186467
"[0.18552573048625834, 0.6621816450530288, -0.9050309652839997, 0.5093368811692036]",29.523206188684924,2.6862142446678634
"[0.18551613395864447, 0.6621834600582179, -0.9050331454910454, 0.5093329942486173]",29.523259161456618,2.68627707714926
"[0.18550653662491284, 0.6621852753993449, -0.9050353259446817, 0.5093291066177158]",29.52331213523109,2.6863399096306564
"[0.1854969399287496, 0.6621870908033286, -0.905037506316901, 0.5093252188612984]",29.523365108414108,2.6864027421120533
"[0.18548734196719688, 0.6621889066301968, -0.9050396870400432, 0.5093213302083707]",29.523418086543806,2.68646557459345
"[0.18547774257257793, 0.6621907229117516, -0.9050418681522174, 0.5093174405908271]",29.523471058421748,2.6865284070748463
"[0.18546814326358935, 0.6621925393606912, -0.9050440493083527, 0.5093135506239359]",29.52352403539765,2.6865912395562432
"[0.18545854467089357, 0.6621943558576617, -0.9050462303651265, 0.5093096605632956]",29.523577010940446,2.6866540720376397
"[0.18544894407517765, 0.6621961729173302, -0.9050484119404355, 0.5093057693067425]",29.523629985758113,2.686716904519036
"[0.18543934336495527, 0.6621979901823385, -0.9050505936051503, 0.5093018776195707]",29.523682964224573,2.6867797370004327
"[0.18542974219280814, 0.662199807718459, -0.9050527754382118, 0.5092979853609181]",29.52373593883587,2.6868425694818296
"[0.18542013913971267, 0.6622016257944117, -0.9050549577620911, 0.5092940919553406]",29.523788916210666,2.686905401963226
"[0.18541053696208157, 0.6622034438883669, -0.9050571399503817, 0.5092901985203245]",29.523841893328186,2.6869682344446226
"[0.18540093532200447, 0.6622052620642868, -0.905059322079845, 0.5092863049189065]",29.523894871512425,2.6870310669260196
"[0.18539133033539854, 0.6622070810577415, -0.9050615050332161, 0.5092824095758663]",29.523947847730433,2.6870938994074156
"[0.18538172571009906, 0.6622089001666442, -0.905063687967817, 0.509278513994725]",29.524000826946512,2.6871567318888125
"[0.18537212073983397, 0.6622107195247682, -0.905065871044152, 0.5092746178890083]",29.524053804625254,2.687219564370209
"[0.18536251550160512, 0.6622125391175527, -0.9050680542447112, 0.5092707212898995]",29.524106785010066,2.6872823968516055
"[0.18535290888046063, 0.6622143591562686, -0.9050702378229142, 0.5092668237449737]",29.524159761995257,2.6873452293330025
"[0.1853433026099764, 0.6622161793125273, -0.9050724213847132, 0.5092629259574746]",29.524212741631757,2.687408061814399
"[0.18533369622780455, 0.6622179996739008, -0.9050746050351897, 0.5092590277398426]",29.52426572264717,2.687470894295796
"[0.18532408670734488, 0.6622198208140591, -0.9050767894623373, 0.5092551278636339]",29.524318701001043,2.687533726777192
"[0.18531447874360832, 0.6622216418432463, -0.9050789735988957, 0.5092512282341833]",29.524371682380753,2.687596559258589
"[0.18530487117641944, 0.6622234629813342, -0.905081157708563, 0.509247328380671]",29.524424664080836,2.6876593917399854
"[0.1852952616093052, 0.6622252846826281, -0.905083342336136, 0.509243427330228]",29.52447764383122,2.687722224221382
"[0.18528565156825266, 0.6622271066579195, -0.9050855271347077, 0.5092395257021761]",29.524530625223168,2.687785056702779
"[0.1852760409188155, 0.6622289289327402, -0.9050877121348375, 0.5092356234418456]",29.52458360788601,2.6878478891841753
"[0.1852664284606628, 0.6622307517347638, -0.9050898976094317, 0.509231720061697]",29.524636588720654,2.6879107216655718
"[0.1852568178324483, 0.6622325743740026, -0.9050920827311946, 0.5092278170392822]",29.524689570566718,2.6879735541469683
"[0.18524720490917673, 0.6622343976327765, -0.9050942684379943, 0.509223912699334]",29.52474255422583,2.688036386628365
"[0.18523759133096224, 0.6622362212001096, -0.9050964543569292, 0.5092200077077893]",29.52479553733118,2.6880992191097617
"[0.18522797722133894, 0.6622380450525933, -0.9050986404599062, 0.509216102114763]",29.524848518618295,2.688162051591158
"[0.18521836438446027, 0.6622398688479744, -0.9051008263366638, 0.5092121966531709]",29.524901503322365,2.688224884072555
"[0.18520874890473085, 0.6622416933291918, -0.9051030128775711, 0.5092082897320965]",29.524954487034698,2.688287716553951
"[0.1851991334627286, 0.6622435179876733, -0.9051051994730849, 0.5092043824405674]",29.525007471220366,2.688350549035348
"[0.1851895178767984, 0.6622453428579347, -0.9051073861644933, 0.5092004747047029]",29.525060455788136,2.6884133815167446
"[0.18517990212005245, 0.662247167945093, -0.9051095729578995, 0.5091965665135433]",29.52511344027356,2.688476213998141
"[0.18517028482420872, 0.6622489935088838, -0.9051117601644793, 0.509192657310881]",29.525166426057638,2.688539046479538
"[0.18516066705411077, 0.6622508193472698, -0.9051139475420611, 0.5091887475293785]",29.52521941146618,2.6886018789609345
"[0.1851510489391473, 0.6622526454357253, -0.9051161350612095, 0.5091848372215615]",29.525272396556836,2.6886647114423314
"[0.1851414310910046, 0.6622544716580824, -0.9051183225827951, 0.50918092663615]",29.5253253817061,2.6887275439237275
"[0.18513181120525193, 0.6622562984520083, -0.905120510630941, 0.5091770148359882]",29.525378367281615,2.6887903764051244
"[0.18512219116997014, 0.6622581254590248, -0.9051226987762097, 0.5091731025887001]",29.52543135609159,2.6888532088865214
"[0.185112571139144, 0.6622599526498766, -0.9051248869835642, 0.5091691899569126]",29.525484342212486,2.6889160413679174
"[0.185102949498932, 0.6622617803311703, -0.9051270756200919, 0.5091652762841019]",29.525537329723342,2.6889788738493143
"[0.1850933279807695, 0.6622636081740506, -0.9051292642919418, 0.5091613622744514]",29.525590316651567,2.689041706330711
"[0.18508370602796398, 0.6622654362842954, -0.9051314531257357, 0.5091574477014599]",29.525643305451535,2.6891045388121073
"[0.18507408277009033, 0.6622672648273389, -0.9051336423194816, 0.5091535322108837]",29.525696293996123,2.6891673712935042
"[0.18506445935889426, 0.6622690935843859, -0.9051358316111671, 0.5091496162712364]",29.525749282803012,2.6892302037749007
"[0.18505483675535414, 0.6622709223728055, -0.9051380207821512, 0.5091457002735852]",29.52580227093397,2.6892930362562972
"[0.1850452109050334, 0.6622727519632324, -0.9051402107548376, 0.5091417825677734]",29.525855258995204,2.6893558687376937
"[0.18503558552605986, 0.6622745816490456, -0.9051424006833276, 0.509137864666893]",29.52590824908916,2.6894187012190907
"[0.18502596028604265, 0.6622764114934228, -0.9051445906432242, 0.5091339464356646]",29.52596123857225,2.689481533700487
"[0.18501633492262998, 0.662278241546246, -0.9051467806942013, 0.5091300277672755]",29.526014227477,2.6895443661818836
"[0.18500670715785825, 0.662280072240702, -0.9051489713545708, 0.5091261077341545]",29.52606721873707,2.6896071986632806
"[0.18499708015532706, 0.6622819029752941, -0.9051511619045016, 0.509122187624277]",29.52612021054726,2.6896700311446766
"[0.18498745148019027, 0.6622837342130877, -0.9051533528980159, 0.5091182664460986]",29.526173199867905,2.6897328636260736
"[0.18497782261640958, 0.6622855656719151, -0.9051555439974422, 0.5091143448038195]",29.52622618968002,2.68979569610747
"[0.18496819468530018, 0.6622873971384834, -0.9051577349475962, 0.5091104231541564]",29.52627918390693,2.689858528588867
"[0.18495856499363433, 0.662289229125148, -0.9051599263613443, 0.5091065004000307]",29.526332175208964,2.6899213610702635
"[0.18494893358957876, 0.6622910616228392, -0.9051621182277463, 0.5091025765608549]",29.526385165672863,2.68998419355166
"[0.1849393034083725, 0.6622928940731289, -0.9051643098788011, 0.5090986528323812]",29.52643815915506,2.690047026033057
"[0.18492967232090635, 0.662294726881141, -0.9051665017990363, 0.5090947283471339]",29.52649115362712,2.690109858514453
"[0.18492004019952993, 0.6622965600712338, -0.9051686940175064, 0.5090908030529615]",29.526544146588815,2.69017269099585
"[0.18491040754807797, 0.6622983935475751, -0.9051708864195396, 0.5090868771550711]",29.526597138479616,2.6902355234772464
"[0.18490077474897357, 0.6623002272373977, -0.9051730789180871, 0.5090829508092717]",29.52665013372635,2.690298355958643
"[0.18489114029339865, 0.6623020614279698, -0.9051752718565709, 0.5090790234004532]",29.52670312619626,2.69036118844004
"[0.18488150655979937, 0.6623038956665378, -0.9051774646936128, 0.5090750958980772]",29.526756121794346,2.6904240209214363
"[0.18487187165089877, 0.6623057303143567, -0.9051796578610618, 0.5090711675286168]",29.526809117350368,2.690486853402833
"[0.18486223518214018, 0.6623075654447595, -0.9051818514464605, 0.5090672381350734]",29.52686211028305,2.6905496858842293
"[0.18485259987237598, 0.6623094005399396, -0.9051840448309046, 0.5090633088261285]",29.526915105650488,2.690612518365626
"[0.18484296237014558, 0.6623112362382969, -0.9051862387773035, 0.509059378234892]",29.526968100921174,2.6906753508470227
"[0.18483332537777794, 0.6623130720251449, -0.9051884326704867, 0.5090554474633964]",29.527021097665425,2.690738183328419
"[0.1848236871157167, 0.6623149082395189, -0.9051906269155646, 0.5090515157857138]",29.52707409237082,2.690801015809816
"[0.18481404952826297, 0.6623167445110006, -0.9051928210698916, 0.5090475839949556]",29.527127090577974,2.6908638482912126
"[0.18480441014314608, 0.6623185813107082, -0.9051950156963117, 0.5090436510824012]",29.527180084877816,2.690926680772609
"[0.1847947706415764, 0.6623204183183387, -0.9051972104120624, 0.5090397177338712]",29.527233085186843,2.6909895132540056
"[0.18478513037802477, 0.6623222556569441, -0.90519940536411, 0.5090357836858922]",29.527286079988567,2.6910523457354025
"[0.18477549037988555, 0.6623240931307379, -0.9052016003185189, 0.5090318493576792]",29.52733908035654,2.691115178216799
"[0.1847658486039322, 0.6623259311292305, -0.9052037957405159, 0.5090279139152315]",29.52739207736866,2.6911780106981955
"[0.1847562066213722, 0.6623277693529769, -0.9052059912723402, 0.5090239779997171]",29.52744507601162,2.6912408431795924
"[0.18474656341892812, 0.6623296079951857, -0.9052081871447221, 0.5090200411974323]",29.527498073217075,2.6913036756609885
"[0.1847369214553564, 0.6623314465870815, -0.9052103827977529, 0.5090161045121133]",29.527551071395543,2.6913665081423854
"[0.18472727744686906, 0.6623332857548657, -0.9052125789792048, 0.5090121666029735]",29.52760407167663,2.691429340623782
"[0.18471763367361932, 0.6623351250637575, -0.9052147751698316, 0.509008228400939]",29.527657072195517,2.6914921731051784
"[0.18470798876340194, 0.6623369647755085, -0.9052169716821192, 0.5090042893455703]",29.527710071545044,2.6915550055865753
"[0.1846983434381421, 0.6623388047524755, -0.9052191683516562, 0.5090003497315879]",29.52776307181522,2.691617838067972
"[0.18468869716800843, 0.662340645095758, -0.9052213652991093, 0.5089964093425108]",29.52781607092257,2.6916806705493683
"[0.18467905043123564, 0.6623424857141893, -0.9052235624155534, 0.5089924683735612]",29.527869073995312,2.691743503030765
"[0.18466940366530302, 0.6623443265243091, -0.9052257596013401, 0.5089885270034284]",29.52792207496933,2.6918063355121618
"[0.18465975652943445, 0.6623461675911727, -0.9052279569340718, 0.5089845850928313]",29.52797507544282,2.6918691679935582
"[0.18465010701836107, 0.6623480092975593, -0.9052301548704994, 0.50898064182221]",29.528028075617478,2.6919320004749547
"[0.18464045743595722, 0.6623498512037919, -0.9052323528858678, 0.508976698132926]",29.528081078187892,2.6919948329563517
"[0.18463080932366166, 0.6623516930156581, -0.9052345506290244, 0.5089727546549564]",29.528134081077248,2.692057665437748
"[0.18462115979389057, 0.6623535352843827, -0.9052367487577178, 0.5089688102080671]",29.528187084869614,2.6921204979191447
"[0.18461150844548563, 0.662355378086658, -0.9052389473633461, 0.5089648646280602]",29.52824008844375,2.692183330400541
"[0.18460185802415283, 0.66235722089826, -0.9052411458204211, 0.5089609190373426]",29.5282930892835,2.692246162881938
"[0.18459220530779089, 0.6623590643345182, -0.9052433448629655, 0.5089569721184527]",29.52834609304902,2.6923089953633346
"[0.18458255343539254, 0.6623609077960158, -0.9052455437758636, 0.5089530251547889]",29.528399097239866,2.692371827844731
"[0.18457290141262836, 0.6623627514726441, -0.905247742785624, 0.5089490777397742]",29.528452100349938,2.692434660326128
"[0.18456324650079098, 0.6623645958876425, -0.9052499425162156, 0.5089451287531386]",29.528505106378066,2.692497492807524
"[0.1845535928637231, 0.6623664402456272, -0.9052521420189674, 0.5089411798978392]",29.528558109990993,2.692560325288921
"[0.18454393800449534, 0.6623682850236567, -0.9052543418627674, 0.5089372301524772]",29.528611115396053,2.6926231577703175
"[0.18453428309766404, 0.6623701299973395, -0.9052565417799914, 0.5089332799974777]",29.528664119182153,2.692685990251714
"[0.1845246266676417, 0.662371975448726, -0.9052587421068552, 0.508929328828985]",29.528717125248782,2.692748822733111
"[0.18451497034959494, 0.6623738210653283, -0.9052609424707715, 0.5089253773160145]",29.528770131073497,2.6928116552145074
"[0.18450531293352396, 0.6623756670784863, -0.9052631431474476, 0.5089214249632948]",29.528823136463576,2.692874487695904
"[0.1844956559270408, 0.6623775132000408, -0.9052653437933289, 0.5089174723877757]",29.52887614306052,2.692937320177301
"[0.18448599776009333, 0.6623793597301612, -0.905267544766192, 0.5089135189467877]",29.528929152083187,2.6930001526586973
"[0.18447633848519362, 0.6623812066588906, -0.9052697460540743, 0.5089095646616599]",29.528982158286286,2.6930629851400942
"[0.18446667938331332, 0.6623830537413234, -0.9052719473650452, 0.5089056100567306]",29.529035165552635,2.6931258176214903
"[0.1844570184129727, 0.6623849013679137, -0.9052741491643561, 0.5089016542960508]",29.529088171592928,2.693188650102887
"[0.1844473598333565, 0.6623867487240958, -0.9052763504812904, 0.5088976991235977]",29.52914118079507,2.6932514825842837
"[0.1844376985923591, 0.6623885967761834, -0.9052785524672751, 0.5088937424705066]",29.52919418931899,2.69331431506568
"[0.1844280362025293, 0.6623904452349667, -0.9052807547775907, 0.5088897849559776]",29.529247199276554,2.693377147547077
"[0.18441837404076758, 0.6623922938370738, -0.9052829570983991, 0.5088858271438873]",29.529300205139343,2.6934399800284736
"[0.18440871140120396, 0.662394142717573, -0.9052851595905763, 0.5088818687450626]",29.529353214251973,2.69350281250987
"[0.18439904888682507, 0.6623959917611033, -0.9052873621166652, 0.5088779100064867]",29.529406224387433,2.6935656449912666
"[0.1843893834720033, 0.6623978415467489, -0.9052895653663543, 0.5088739496883694]",29.529459235844048,2.6936284774726635
"[0.1843797200551385, 0.6623996911370749, -0.9052917682230369, 0.5088699897977205]",29.529512245565822,2.69369130995406
"[0.18437005421406943, 0.6624015413785174, -0.9052939716947682, 0.5088660285223664]",29.529565254644066,2.6937541424354565
"[0.18436038908539434, 0.6624033916707153, -0.9052961750665153, 0.5088620671476458]",29.529618266676604,2.6938169749168535
"[0.18435072144918122, 0.6624052426301613, -0.9052983790723309, 0.5088581043536924]",29.52967127591594,2.6938798073982495
"[0.1843410555025881, 0.6624070934533015, -0.9053005827553469, 0.5088541418608694]",29.529724285903843,2.6939426398796464
"[0.18433138625232146, 0.6624089450963025, -0.9053027872539556, 0.5088501776220905]",29.529777298716027,2.694005472361043
"[0.18432171980892473, 0.6624107963890253, -0.9053049911749977, 0.5088462141425406]",29.529830311452535,2.6940683048424394
"[0.18431205047176374, 0.6624126484232542, -0.9053071958181865, 0.5088422490847939]",29.529883323454477,2.6941311373238364
"[0.18430238266210822, 0.6624145003522038, -0.9053094001754531, 0.5088382842617557]",29.52993633624612,2.694193969805233
"[0.1842927127968336, 0.6624163528622667, -0.9053116050637743, 0.508834318203919]",29.529989348841625,2.69425680228663
"[0.1842830422230827, 0.6624182056954551, -0.905313810175989, 0.5088303514636209]",29.53004236082206,2.694319634768026
"[0.1842733714389297, 0.662420058756371, -0.9053160153985185, 0.5088263842450971]",29.53009537639327,2.6943824672494228
"[0.18426369865535613, 0.6624219123879017, -0.9053182211393141, 0.5088224158142766]",29.530148388736535,2.6944452997308193
"[0.18425402680808428, 0.6624237660274785, -0.9053204267289241, 0.5088184473755409]",29.530201401784325,2.6945081322122157
"[0.18424435384055515, 0.6624256200692943, -0.9053226326363103, 0.5088144780849969]",29.530254416186924,2.6945709646936127
"[0.18423468095067236, 0.6624274742837539, -0.9053248385882904, 0.5088105084341596]",29.530307432068525,2.694633797175009
"[0.1842250068616788, 0.6624293289156509, -0.9053270448760301, 0.5088065378989648]",29.53036044538991,2.6946966296564057
"[0.18421533177675614, 0.6624311839261167, -0.9053292514531925, 0.50880256656264]",29.5304134604842,2.694759462137802
"[0.1842056570547125, 0.6624330390546475, -0.9053314580098681, 0.5087985949828877]",29.53046647773841,2.694822294619199
"[0.18419598069299986, 0.6624348946852814, -0.9053336650027825, 0.5087946223375399]",29.530519490519694,2.6948851271005956
"[0.18418630579089534, 0.6624367502236741, -0.9053358717250369, 0.5087906498989965]",29.530572508857855,2.694947959581992
"[0.18417662811798274, 0.6624386064812308, -0.905338079141529, 0.5087866759301704]",29.530625524567984,2.695010792063389
"[0.18416695227861724, 0.662440462574831, -0.9053402862020279, 0.50878270232169]",29.53067854037661,2.695073624544785
"[0.18415727360971004, 0.6624423193990225, -0.9053424939701775, 0.5087787271584707]",29.530731558994223,2.695136457026182
"[0.18414759528458724, 0.662444176345093, -0.9053447017221297, 0.5087747517436731]",29.53078457514936,2.6951992895075785
"[0.1841379151828261, 0.6624460338199315, -0.9053469099415764, 0.508770775206219]",29.53083759132929,2.695262121988975
"[0.18412823517621402, 0.6624478914644466, -0.9053491182015233, 0.5087667983148834]",29.530890609397293,2.695324954470372
"[0.18411855502019717, 0.6624497493255175, -0.9053513265577543, 0.5087628209692546]",29.530943628821944,2.6953877869517684
"[0.1841088739682701, 0.6624516075465191, -0.9053535351805534, 0.5087588428624495]",29.530996646240858,2.6954506194331653
"[0.18409919329727448, 0.6624534658823725, -0.9053557437786162, 0.5087548645191212]",29.531049665869002,2.6955134519145614
"[0.18408951019624167, 0.6624553248727504, -0.9053579529932541, 0.508750884783939]",29.531102683323915,2.6955762843959583
"[0.18407982792522937, 0.6624571838918315, -0.9053601620806793, 0.5087469049966659]",29.531155703741376,2.695639116877355
"[0.18407014520854265, 0.6624590431845641, -0.9053623713319284, 0.5087429246329312]",29.53120872178257,2.6957019493587513
"[0.18406046069055257, 0.6624609030113038, -0.9053645810563189, 0.5087389431353454]",29.531261743842,2.6957647818401482
"[0.18405077625435692, 0.6624627630104959, -0.905366790824178, 0.5087349612779425]",29.531314760243664,2.6958276143215447
"[0.18404109137812705, 0.6624646232823742, -0.9053690007545648, 0.5087309788461376]",29.531367782157403,2.695890446802941
"[0.18403140455200073, 0.6624664841170461, -0.905371211192008, 0.5087269952188932]",29.53142080100375,2.6959532792843377
"[0.18402171907178166, 0.662468344881406, -0.9053734213844292, 0.5087230117515392]",29.531473821599583,2.6960161117657346
"[0.18401203270344274, 0.6624702060046513, -0.9053756318416043, 0.5087190275252658]",29.531526844612166,2.696078944247131
"[0.1840023445790568, 0.6624720676536335, -0.9053778427616046, 0.5087150421828929]",29.53157986411309,2.6961417767285276
"[0.18399265699153677, 0.6624739293877814, -0.9053800536211644, 0.5087110566675669]",29.531632887724037,2.6962046092099246
"[0.18398296769411562, 0.6624757916389317, -0.9053822649330217, 0.5087070700548499]",29.53168590700889,2.6962674416913206
"[0.18397327961457705, 0.6624776538443918, -0.9053844760289813, 0.5087030835493227]",29.53173893238594,2.6963302741727175
"[0.1839635890772947, 0.6624795167107217, -0.9053866877479215, 0.5086990956384246]",29.53179195294598,2.696393106654114
"[0.18395389923156846, 0.6624813796325746, -0.9053888993710618, 0.5086951076180501]",29.531844978915277,2.696455939135511
"[0.18394420815877768, 0.6624832429788388, -0.9053911113362998, 0.5086911186985091]",29.531898001367708,2.6965187716169075
"[0.18393451675476105, 0.6624851065773233, -0.9053933234391599, 0.5086871292484209]",29.53195102350862,2.696581604098304
"[0.18392482389552595, 0.6624869706442247, -0.9053955359361993, 0.5086831388049713]",29.532004045852037,2.696644436579701
"[0.18391513124480463, 0.6624888348596466, -0.9053977484476461, 0.5086791480529863]",29.532057072217672,2.696707269061097
"[0.18390543855882632, 0.6624906992704345, -0.9053999610291333, 0.5086751568921468]",29.532110096072536,2.696770101542494
"[0.18389574521603336, 0.6624925639962174, -0.9054021738225296, 0.508671165066401]",29.53216312131189,2.696832934023891
"[0.18388605107970848, 0.6624944290633346, -0.9054043868590441, 0.5086671725193567]",29.532216147701664,2.696895766505287
"[0.18387635562000273, 0.6624962945737944, -0.9054066002596374, 0.5086631790326488]",29.53226917198708,2.6969585989866838
"[0.1838666598364719, 0.6624981603353294, -0.9054088137961175, 0.5086591850178688]",29.532322196608618,2.6970214314680803
"[0.18385696397333823, 0.6625000263009652, -0.9054110274127157, 0.5086551905755765]",29.532375220395704,2.6970842639494768
"[0.1838472663412163, 0.662501892795885, -0.9054132414951291, 0.5086511950096599]",29.532428247863848,2.6971470964308737
"[0.18383756949950592, 0.662503759327521, -0.9054154554590094, 0.5086471993745527]",29.532481272786473,2.69720992891227
"[0.1838278718109196, 0.662505626211046, -0.9054176696781618, 0.5086432029955765]",29.532534300125924,2.6972727613936667
"[0.18381817299777328, 0.662507493499979, -0.905419884215992, 0.5086392057581665]",29.53258732767173,2.697335593875063
"[0.1838084732804298, 0.6625093611519679, -0.9054220990221851, 0.508635207752993]",29.532640353563423,2.69739842635646
"[0.1837987746158229, 0.6625112287902063, -0.9054243136498846, 0.5086312097866638]",29.53269338433045,2.6974612588378566
"[0.18378907392439287, 0.6625130970077611, -0.9054265288022788, 0.5086272105896394]",29.532746411689402,2.697524091319253
"[0.18377937312716924, 0.662514965434742, -0.9054287440407042, 0.5086232109537314]",29.5327994397429,2.69758692380065
"[0.1837696712156117, 0.6625168342654345, -0.905430959595464, 0.5086192104630387]",29.53285246652155,2.6976497562820465
"[0.18375996908266992, 0.6625187033278837, -0.9054331752626372, 0.5086152094856596]",29.532905495201483,2.697712588763443
"[0.18375026700199867, 0.6625205725693936, -0.9054353909797132, 0.508611208134406]",29.5329585253223,2.6977754212448395
"[0.18374056322815194, 0.6625224423263, -0.9054376071453089, 0.508607205689307]",29.533011554352797,2.6978382537262364
"[0.1837308597653748, 0.6625243122124705, -0.905439823301687, 0.5086032029769326]",29.533064581931935,2.697901086207633
"[0.18372115569430097, 0.6625261824050855, -0.9054420396588064, 0.5085991996180087]",29.533117612488237,2.6979639186890294
"[0.18371145104089057, 0.6625280528991847, -0.9054442562107333, 0.5085951956231551]",29.533170643166674,2.6980267511704263
"[0.18370174444350726, 0.662529923957299, -0.9054464732684722, 0.5085911904304049]",29.533223673724017,2.6980895836518224
"[0.18369203837497722, 0.6625317951028117, -0.9054486902672095, 0.5085871850600074]",29.5332767033017,2.6981524161332193
"[0.18368233142259693, 0.6625336666080891, -0.9054509075296113, 0.5085831789289426]",29.533329735777034,2.698215248614616
"[0.18367262469986836, 0.6625355382584619, -0.9054531248013237, 0.50857917249672]",29.53338276554701,2.6982780810960123
"[0.18366291555837874, 0.6625374105646872, -0.9054553426873145, 0.5085751646700398]",29.533435795754407,2.6983409135774092
"[0.18365320830188236, 0.6625392826968443, -0.9054575602044572, 0.508571157225408]",29.533488828410366,2.6984037460588057
"[0.18364349781808992, 0.6625411556409383, -0.9054597785205915, 0.5085671480522125]",29.533541860293816,2.698466578540202
"[0.18363378914465825, 0.6625430284253625, -0.9054619964848858, 0.5085631392302511]",29.533594894429363,2.6985294110215987
"[0.18362407958289956, 0.6625449015706749, -0.9054642147138333, 0.5085591296452382]",29.533647927900297,2.6985922435029956
"[0.18361436799569975, 0.6625467752963292, -0.9054664334672298, 0.508555118827417]",29.533700958501875,2.698655075984392
"[0.18360465585243657, 0.6625486493189209, -0.9054686524093813, 0.5085511073834431]",29.533753991298504,2.6987179084657886
"[0.1835949433681274, 0.6625505235969967, -0.9054708714911542, 0.5085470954020539]",29.533807025595124,2.6987807409471856
"[0.18358523091663204, 0.6625523980584233, -0.9054730906271165, 0.5085430830376512]",29.53386005848324,2.698843573428582
"[0.1835755183065558, 0.6625542727401572, -0.9054753098609823, 0.5085390702111346]",29.53391309183686,2.6989064059099785
"[0.18356580330120173, 0.6625561480739955, -0.9054775297038231, 0.5085350559982292]",29.533966126968735,2.698969238391375
"[0.183556089848268, 0.6625580232979313, -0.9054797492535943, 0.5085310420300401]",29.534019160525112,2.699032070872772
"[0.1835463736601415, 0.6625598992397498, -0.9054819694900224, 0.5085270265346735]",29.534072196343597,2.6990949033541685
"[0.18353665803931996, 0.6625617752618975, -0.9054841896584597, 0.5085230108768316]",29.534125231919862,2.699157735835565
"[0.18352694372544076, 0.6625636512215226, -0.9054864095898512, 0.5085189953623018]",29.53417826677346,2.699220568316962
"[0.18351722621278885, 0.6625655279887652, -0.9054886303138585, 0.5085149781285113]",29.53423130272509,2.699283400798358
"[0.18350750824186926, 0.6625674050345002, -0.90549085120421, 0.5085109603080977]",29.534284337560475,2.699346233279755
"[0.1834977910894033, 0.6625692821121021, -0.9054930719691139, 0.5085069424289446]",29.534337375411948,2.6994090657611514
"[0.18348807289306515, 0.6625711595813507, -0.9054952930341703, 0.5085029237209604]",29.53439041355532,2.699471898242548
"[0.18347835343462213, 0.6625730374844847, -0.9054975144492616, 0.5084989040937394]",29.534443449734308,2.699534730723945
"[0.18346863354803597, 0.6625749156603941, -0.9054997360237879, 0.508494883892107]",29.53449648440899,2.6995975632053413
"[0.18345891189504218, 0.6625767943677916, -0.9055019580636188, 0.5084908625623377]",29.53454952196156,2.6996603956867378
"[0.1834491923983159, 0.6625786728486021, -0.9055041796721457, 0.5084868417270612]",29.534602559570466,2.6997232281681343
"[0.18343947073108352, 0.6625805519390705, -0.9055064018383331, 0.5084828195963225]",29.534655598678533,2.699786060649531
"[0.18342974847837243, 0.6625824313329125, -0.9055086241998864, 0.5084787968257136]",29.534708636276132,2.6998488931309277
"[0.18342002616049957, 0.6625843109295875, -0.9055108466378572, 0.508474773630452]",29.534761674520425,2.699911725612324
"[0.18341030256496366, 0.662586190963535, -0.9055130694294126, 0.5084707495087166]",29.534814714967887,2.699974558093721
"[0.18340057822300826, 0.6625880713321224, -0.9055152924531097, 0.5084667246802043]",29.53486775422898,2.7000373905751176
"[0.18339085352991488, 0.6625899519589618, -0.9055175156185793, 0.5084626993084271]",29.53492078993331,2.700100223056514
"[0.18338112921297367, 0.6625918327033942, -0.9055197387595408, 0.5084586736944426]",29.534973830777734,2.7001630555379106
"[0.1833714039798332, 0.6625937138154109, -0.9055219621714335, 0.5084546473031781]",29.53502687184931,2.7002258880193075
"[0.18336167670659764, 0.6625955955124936, -0.9055241861112164, 0.5084506196691311]",29.53507991221699,2.700288720500704
"[0.18335194997840193, 0.6625974772946124, -0.9055264099878504, 0.508446591862582]",29.53513295082392,2.7003515529821005
"[0.1833422221571573, 0.662599359478705, -0.9055286341758484, 0.5084425632051531]",29.535185989328284,2.7004143854634974
"[0.18333249450431427, 0.6626012418207449, -0.9055308583867803, 0.5084385342191735]",29.535239032415966,2.7004772179448935
"[0.18332276591512064, 0.6626031245345196, -0.9055330828732394, 0.5084345044470364]",29.535292075285806,2.7005400504262904
"[0.1833130367018713, 0.6626050075596573, -0.9055353075638144, 0.5084304740179749]",29.53534511556395,2.700602882907687
"[0.18330330600171033, 0.6626068910632347, -0.9055375326558085, 0.5084264425743881]",29.535398158364725,2.7006657153890834
"[0.18329357693340712, 0.6626087744415743, -0.9055397574360439, 0.5084224114083818]",29.535451200380564,2.7007285478704803
"[0.18328384612109683, 0.662610658348198, -0.9055419826764753, 0.5084183791211673]",29.535504243193355,2.700791380351877
"[0.1832741142303597, 0.6626125426543399, -0.905544208224908, 0.5084143459883582]",29.53555728427513,2.7008542128332733
"[0.1832643822495147, 0.6626144271686824, -0.9055464338553206, 0.5084103124194509]",29.535610327818723,2.70091704531467
"[0.1832546486375745, 0.6626163121896862, -0.905548659920125, 0.5084062777756323]",29.53566337285013,2.7009798777960667
"[0.18324491640894355, 0.6626181971335945, -0.9055508857299157, 0.5084022433063607]",29.535716413627622,2.7010427102774637
"[0.18323518201236108, 0.6626200826882497, -0.9055531120968743, 0.5083982075394047]",29.53576945738856,2.7011055427588597
"[0.18322544729472484, 0.6626219684959911, -0.9055553385986013, 0.5083941712402933]",29.535822502417147,2.7011683752402567
"[0.18321571072651252, 0.6626238548531885, -0.9055575655849284, 0.5083901337746933]",29.535875545152166,2.701231207721653
"[0.18320597560909846, 0.6626257411202591, -0.9055597923007388, 0.5083860965115415]",29.535928590288478,2.7012940402030496
"[0.1831962394532291, 0.6626276277795144, -0.9055620193153797, 0.508382058418524]",29.5359816355375,2.7013568726844466
"[0.18318650294816322, 0.6626295146974404, -0.905564246471188, 0.5083780197814107]",29.536034680130093,2.701419705165843
"[0.1831767648890014, 0.6626314021076105, -0.9055664740437771, 0.5083739801002809]",29.536087723848784,2.7014825376472396
"[0.1831670273192341, 0.6626332896139999, -0.9055687015656931, 0.5083699402227617]",29.53614077206789,2.701545370128636
"[0.18315728901162956, 0.6626351774545098, -0.9055709293176569, 0.508365899639671]",29.536193816567668,2.701608202610033
"[0.18314754910062045, 0.6626370657970136, -0.9055731574976829, 0.5083618579917097]",29.536246861814874,2.7016710350914295
"[0.18313780910010602, 0.6626389543480619, -0.9055753857594371, 0.5083578159069577]",29.536299909701462,2.701733867572826
"[0.1831280695657257, 0.6626408429999155, -0.9055776139757842, 0.5083537736160114]",29.53635295680642,2.701796700054223
"[0.1831183267381371, 0.6626427324816675, -0.9055798430067966, 0.5083497295583979]",29.53640600171912,2.701859532535619
"[0.18310858573693625, 0.6626446218004891, -0.9055820716811768, 0.5083456858590653]",29.536459050775843,2.701922365017016
"[0.18309884387231246, 0.6626465114780719, -0.9055843006143071, 0.5083416414014467]",29.53651209756913,2.7019851974984124
"[0.183089101235158, 0.6626484014968425, -0.9055865297853909, 0.5083375962231589]",29.536565145602687,2.7020480299798093
"[0.18307935735793215, 0.6626502919475717, -0.9055887593014039, 0.5083335501299326]",29.536618193775283,2.702110862461206
"[0.18306961294512522, 0.6626521826936285, -0.9055909890011538, 0.5083295034141916]",29.5366712425075,2.7021736949426023
"[0.18305986867305263, 0.6626540736038175, -0.9055932187298705, 0.508325456356742]",29.53672428962763,2.7022365274239992
"[0.1830501230442865, 0.662655964968762, -0.9055954488301976, 0.5083214083355733]",29.53677733790064,2.7022993599053953
"[0.18304037692092967, 0.6626578566212168, -0.9055976791048589, 0.5083173597086411]",29.536830388598887,2.702362192386792
"[0.18303063196271077, 0.6626597482390242, -0.9055999091740252, 0.5083133111654415]",29.536883437136638,2.7024250248681887
"[0.1830208849869016, 0.6626616404400316, -0.9056021397660321, 0.5083092613836333]",29.536936487132962,2.702487857349585
"[0.1830111369831466, 0.6626635330322139, -0.9056043706544117, 0.5083052107742014]",29.53698953971922,2.702550689830982
"[0.18300138863859877, 0.6626654258822101, -0.9056066016819009, 0.5083011596225766]",29.53704258862188,2.7026135223123786
"[0.1829916397419042, 0.6626673190310943, -0.905608832896862, 0.5082971078408531]",29.537095638085955,2.702676354793775
"[0.18298189064581646, 0.6626692124103989, -0.9056110642185495, 0.5082930555755732]",29.5371486883237,2.7027391872751716
"[0.1829721407300173, 0.6626711061406286, -0.9056132957889332, 0.5082890025688263]",29.53720173979175,2.7028020197565685
"[0.18296239030798445, 0.6626730001609503, -0.9056155275362575, 0.5082849489508172]",29.53725479041906,2.702864852237965
"[0.1829526382695766, 0.6626748946870824, -0.9056177597146229, 0.5082808942598682]",29.537307842741665,2.7029276847193615
"[0.18294288645104043, 0.6626767893623464, -0.9056199919037203, 0.5082768392593493]",29.53736089606176,2.7029905172007584
"[0.18293313408886186, 0.6626786843351044, -0.9056222242783033, 0.5082727836317383]",29.537413944883838,2.7030533496821545
"[0.18292338098777994, 0.6626805796433434, -0.9056244568830639, 0.508268727295738]",29.53746699778655,2.7031161821635514
"[0.1829136267968032, 0.6626824753553368, -0.9056266897983475, 0.5082646701052362]",29.537520050445533,2.703179014644948
"[0.18290387365330404, 0.6626843710556988, -0.9056289225348554, 0.5082606129492391]",29.537573105048953,2.703241847126345
"[0.18289411801834618, 0.6626862674323378, -0.90563115590273, 0.5082565543554988]",29.537626157624153,2.7033046796077413
"[0.18288436376268946, 0.6626881637328685, -0.9056333890158305, 0.5082524959342616]",29.537679210916703,2.703367512089138
"[0.18287460678788695, 0.6626900607541121, -0.9056356228124389, 0.5082484359801943]",29.537732264187714,2.7034303445705348
"[0.18286485063933922, 0.6626919578068005, -0.9056378564808599, 0.5082443759684467]",29.53778531732585,2.703493177051931
"[0.1828550939402101, 0.6626938551586674, -0.9056400903362984, 0.5082403153260334]",29.53783837236971,2.7035560095333278
"[0.18284533652929744, 0.6626957528411043, -0.9056423244156583, 0.5082362539857727]",29.5378914273263,2.7036188420147242
"[0.18283557838363743, 0.6626976508586302, -0.9056445587241938, 0.5082321919379985]",29.53794448451977,2.7036816744961207
"[0.18282581874755488, 0.6626995493583059, -0.9056467934349329, 0.5082281288679852]",29.53799753620645,2.7037445069775177
"[0.18281605926087358, 0.6627014480211836, -0.9056490281723955, 0.5082240654583243]",29.53805059139958,2.703807339458914
"[0.18280629965668527, 0.6627033468992073, -0.905651262997678, 0.5082200015978593]",29.538103646305792,2.7038701719403107
"[0.1827965393648237, 0.6627052461033432, -0.9056534980413323, 0.5082159370491083]",29.538156703471778,2.703933004421707
"[0.18278677679147257, 0.6627071459438162, -0.9056557336683432, 0.5082118711481518]",29.53820975812965,2.703995836903104
"[0.18277701428894008, 0.6627090459629359, -0.9056579693400366, 0.5082078048745152]",29.538262813760554,2.7040586693845006
"[0.18276725227610618, 0.6627109460791702, -0.9056602049604614, 0.5082037384026875]",29.538315871829504,2.704121501865897
"[0.18275748973262987, 0.6627128464911317, -0.9056624407632737, 0.5081996713076155]",29.538368928194128,2.704184334347294
"[0.18274772548717663, 0.6627147474269122, -0.9056646770167337, 0.5081956031011623]",29.538421986122906,2.7042471668286905
"[0.1827379620946484, 0.662716648389156, -0.9056669131356955, 0.5081915348477317]",29.53847504448078,2.704309999310087
"[0.18272819609942811, 0.6627185500507281, -0.9056691499116033, 0.5081874651073154]",29.538528100475958,2.7043728317914835
"[0.1827184313014072, 0.6627204516717767, -0.9056713864741336, 0.508183395463291]",29.53858115889106,2.7044356642728804
"[0.18270866501171323, 0.6627223537759277, -0.9056736234391444, 0.5081793247950291]",29.538634218097513,2.704498496754277
"[0.18269889912211243, 0.6627242559948044, -0.9056758603733164, 0.5081752538909126]",29.53868727377031,2.7045613292356734
"[0.18268913192828976, 0.6627261586604042, -0.9056780976670259, 0.5081711820404365]",29.538740333927066,2.7046241617170703
"[0.1826793633151217, 0.6627280617952422, -0.9056803353466509, 0.5081671091954217]",29.538793393377635,2.7046869941984664
"[0.1826695944040861, 0.6627299651808934, -0.9056825731552947, 0.5081630358233206]",29.538846452929267,2.7047498266798633
"[0.182659825500364, 0.6627318687579187, -0.9056848110230337, 0.5081589620513429]",29.53889951117972,2.70481265916126
"[0.18265005732976552, 0.6627337723848586, -0.9056870487835759, 0.5081548881822088]",29.538952570842213,2.7048754916426563
"[0.18264028578244415, 0.6627356768627377, -0.9056892873784398, 0.5081508125016931]",29.539005631450898,2.704938324124053
"[0.18263051493748664, 0.6627375813966393, -0.9056915258731408, 0.508146736710973]",29.5390586927595,2.7050011566054497
"[0.18262074300429704, 0.6627394863355931, -0.905693764677892, 0.5081426600630986]",29.53911175257555,2.705063989086846
"[0.18261097242380672, 0.6627413912037738, -0.9056960032334401, 0.5081385835763652]",29.539164813405165,2.7051268215682427
"[0.18260119900489155, 0.6627432968183332, -0.9056982425000198, 0.5081345055020406]",29.53921787441465,2.7051896540496396
"[0.1825914259899103, 0.6627452025471657, -0.905700481734751, 0.5081304271928613]",29.539270935635503,2.705252486531036
"[0.182581653243863, 0.6627471084165706, -0.9057027209685452, 0.5081263485925341]",29.539323997790696,2.7053153190124326
"[0.18257187782597473, 0.6627490150001498, -0.9057049608752255, 0.5081222684735577]",29.539377058440447,2.7053781514938295
"[0.18256210252870173, 0.662750921753348, -0.9057072008149454, 0.5081181880012916]",29.53943011959841,2.705440983975226
"[0.18255232631461468, 0.6627528288785539, -0.9057094410254144, 0.5081141067426216]",29.539483183318122,2.7055038164566225
"[0.1825425510491457, 0.6627547360118752, -0.9057116810791525, 0.5081100254762857]",29.539536246534077,2.7055666489380195
"[0.18253277322787542, 0.6627566438370728, -0.9057139217792134, 0.508105942739038]",29.539589307863835,2.705629481419416
"[0.18252299664305127, 0.6627585516142623, -0.9057161622565549, 0.5081018601142334]",29.539642369489762,2.7056923139008124
"[0.18251321836230675, 0.6627604599156792, -0.9057184031831684, 0.5080977763772943]",29.539695434611403,2.705755146382209
"[0.18250343975078667, 0.662762368474969, -0.9057206442461995, 0.5080936920982154]",29.539748498452344,2.705817978863606
"[0.18249366050739638, 0.6627642773509558, -0.9057228855146418, 0.508089607151135]",29.539801560832977,2.7058808113450024
"[0.18248388089636414, 0.662766186492075, -0.9057251269279347, 0.5080855216463787]",29.539854628053313,2.705943643826399
"[0.18247409954272756, 0.6627680961668373, -0.9057273688012076, 0.5080814350093685]",29.539907689523073,2.706006476307796
"[0.1824643190072961, 0.6627700058753128, -0.905729610547518, 0.5080773483099357]",29.539960755184275,2.706069308789192
"[0.18245453723375155, 0.6627719160190269, -0.9057318526381716, 0.5080732606888313]",29.540013820775844,2.7061321412705888
"[0.1824447556384662, 0.6627738263214276, -0.9057340947485134, 0.5080691727378591]",29.54006688548881,2.7061949737519853
"[0.18243497253487326, 0.6627757371119625, -0.905736337265126, 0.508065083752039]",29.540119950738,2.7062578062333817
"[0.18242518952533754, 0.6627776480777069, -0.905738579820707, 0.5080609944010078]",29.540173017888886,2.7063206387147787
"[0.18241540467965672, 0.662779559595763, -0.9057408228577136, 0.5080569038777989]",29.540226082935888,2.706383471196175
"[0.18240562053125725, 0.6627814711712495, -0.9057430657953888, 0.5080528132414233]",29.54027914827585,2.7064463036775717
"[0.18239583542949392, 0.6627833831266852, -0.9057453090121125, 0.5080487218017222]",29.540332213245808,2.706509136158968
"[0.1823860496209188, 0.662785295413964, -0.9057475524513595, 0.5080446296616523]",29.54038528275923,2.706571968640365
"[0.18237626273568558, 0.6627872081053823, -0.9057497961979253, 0.5080405366664765]",29.540438348890486,2.7066348011217616
"[0.1823664759919352, 0.662789120962952, -0.9057520399725214, 0.5080364433255068]",29.54049141664386,2.706697633603158
"[0.18235668756440482, 0.6627910343434773, -0.9057542841936187, 0.5080323488752143]",29.540544483605895,2.706760466084555
"[0.18234690009422988, 0.6627929477306906, -0.9057565282556692, 0.5080282544203433]",29.54059755150261,2.7068232985659515
"[0.18233711108155426, 0.6627948616133522, -0.9057587727318209, 0.5080241589150231]",29.540650620687387,2.706886131047348
"[0.1823273222018202, 0.6627967756639356, -0.9057610172379166, 0.5080200630601235]",29.540703688430437,2.7069489635287445
"[0.18231753168414175, 0.6627986902287555, -0.9057632621800032, 0.5080159661145681]",29.54075675563354,2.7070117960101414
"[0.18230774134600997, 0.6628006049524553, -0.9057655071413283, 0.5080118688387897]",29.540809824593932,2.707074628491538
"[0.1822979500515199, 0.662802520057219, -0.9057677523823495, 0.5080077707573438]",29.540862893580016,2.7071374609729344
"[0.18228815778416715, 0.6628044355463395, -0.9057699979068521, 0.5080036718631866]",29.540915963972832,2.7072002934543313
"[0.18227836612775494, 0.6628063511100266, -0.9057722433516304, 0.5079995728192324]",29.54096903247012,2.7072631259357274
"[0.18226857210060785, 0.662808267331657, -0.9057744894004469, 0.5079954723771423]",29.54102210165292,2.7073259584171243
"[0.18225877938120869, 0.6628101834915621, -0.9057767352097144, 0.5079913720769024]",29.541075172452445,2.707388790898521
"[0.18224898532126624, 0.6628121001079561, -0.905778981386759, 0.5079872708096191]",29.541128241538292,2.7074516233799173
"[0.18223919022684495, 0.6628140171210217, -0.9057812278613936, 0.5079831687032957]",29.541181313339496,2.7075144558613142
"[0.1822293951713499, 0.6628159343207208, -0.9057834743874261, 0.5079790662073851]",29.541234384534786,2.7075772883427107
"[0.18221959757836384, 0.6628178522114244, -0.9057857215557718, 0.5079749622426215]",29.541287454159395,2.7076401208241077
"[0.1822098015857204, 0.6628197699831818, -0.905787968417372, 0.5079708585421658]",29.54134052572181,2.7077029533055037
"[0.1822000051652602, 0.6628216880330247, -0.9057902154373877, 0.5079667542564412]",29.54139359725401,2.7077657857869006
"[0.1821902072051305, 0.6628236065787128, -0.9057924628708458, 0.507962648919486]",29.54144666972936,2.707828618268297
"[0.1821804085023661, 0.6628255254642569, -0.9057947105349279, 0.5079585428650961]",29.54149974305546,2.7078914507496936
"[0.1821706095111178, 0.6628274446007488, -0.905796958325454, 0.5079544362835107]",29.541552814464552,2.7079542832310906
"[0.18216081053748895, 0.6628293639282706, -0.9057992061721885, 0.5079503293029589]",29.54160588658673,2.708017115712487
"[0.18215101006890447, 0.6628312837431397, -0.905801454422107, 0.5079462212893804]",29.541658959898104,2.7080799481938835
"[0.18214120927955466, 0.6628332038154074, -0.9058037028058468, 0.5079421127348238]",29.54171203074254,2.70814278067528
"[0.18213140758367014, 0.6628351242598814, -0.905805951457782, 0.5079380033936307]",29.54176510400996,2.708205613156677
"[0.18212160514069822, 0.6628370450453679, -0.9058082003413329, 0.5079338933325441]",29.54181817989355,2.7082684456380735
"[0.18211180149508113, 0.6628389662612169, -0.9058104495610108, 0.5079297823603931]",29.541871252379046,2.70833127811947
"[0.18210199953252834, 0.6628408873419027, -0.9058126984547363, 0.5079256716872693]",29.541924326890094,2.708394110600867
"[0.18209219616480346, 0.662842808892691, -0.905814947731032, 0.5079215600180469]",29.54197740167209,2.708456943082263
"[0.18208239134924617, 0.6628447309220397, -0.9058171973996944, 0.507917447334636]",29.542030476531995,2.70851977556366
"[0.18207258684571148, 0.6628466530850159, -0.9058194470569254, 0.5079133343751189]",29.542083551091217,2.7085826080450564
"[0.182062780242405, 0.6628485758544912, -0.9058216972561157, 0.5079092201276536]",29.542136625825012,2.708645440526453
"[0.18205297417457356, 0.662850498713853, -0.9058239473925821, 0.5079051056976845]",29.54218970085761,2.7087082730078498
"[0.1820431670717013, 0.662852421971084, -0.9058261978266882, 0.5079009904262084]",29.542242776149035,2.7087711054892463
"[0.18203335947054938, 0.6628543455209703, -0.9058284484352608, 0.5078968745383544]",29.542295852515355,2.708833937970643
"[0.18202355195374717, 0.662856269249257, -0.9058306990845879, 0.5078927582785961]",29.54234892921663,2.7088967704520392
"[0.1820137436443583, 0.662858193328011, -0.9058329499758949, 0.507888641278782]",29.542402005776218,2.708959602933436
"[0.18200393502736442, 0.6628601176620951, -0.9058352009978843, 0.5078845237424474]",29.542455082200494,2.7090224354148327
"[0.1819941243647752, 0.6628620425925988, -0.9058374525494115, 0.5078804049397946]",29.542508158443027,2.709085267896229
"[0.1819843129564417, 0.6628639678645608, -0.9058397043321718, 0.5078762854163621]",29.542561233855274,2.709148100377626
"[0.1819745031438849, 0.6628658930184967, -0.9058419558087433, 0.5078721661553179]",29.542614310940614,2.7092109328590226
"[0.18196469234738324, 0.6628678185606564, -0.9058442075711834, 0.5078680460734321]",29.542667390931005,2.709273765340419
"[0.18195487791117654, 0.662869745012434, -0.9058464602290628, 0.5078639240550928]",29.54272046629831,2.7093365978218156
"[0.18194506620963133, 0.6628716711226564, -0.9058487123192962, 0.5078598027774309]",29.542773545902875,2.7093994303032125
"[0.18193525221939383, 0.6628735978774376, -0.905850964994877, 0.5078556801304674]",29.542826623826425,2.709462262784609
"[0.18192543834654049, 0.6628755248044793, -0.9058532177035238, 0.5078515571247815]",29.542879701265836,2.7095250952660055
"[0.1819156247249008, 0.662877451877498, -0.9058554704144963, 0.5078474338166094]",29.542932782447608,2.7095879277474024
"[0.1819058082858909, 0.6628793796991534, -0.9058577238321914, 0.5078433089164647]",29.5429858593081,2.709650760228799
"[0.18189599334655815, 0.6628813074216814, -0.9058599769656004, 0.5078391842382867]",29.543038940714094,2.7097135927101954
"[0.181886175454684, 0.6628832359195804, -0.9058622308367792, 0.5078350579109447]",29.543092017318195,2.7097764251915923
"[0.18187636014103725, 0.6628851641064812, -0.9058644841760257, 0.5078309322589025]",29.543145101320107,2.709839257672989
"[0.18186654108223294, 0.6628870932246396, -0.9058667384350179, 0.5078268046241704]",29.543198178499754,2.7099020901543853
"[0.18185672322208365, 0.6628890223028444, -0.9058689924787606, 0.5078226770848013]",29.5432512588315,2.709964922635782
"[0.18184690464807068, 0.6628909517168682, -0.9058712467463201, 0.507818548836773]",29.54330434001198,2.7100277551171787
"[0.18183708479491373, 0.6628928815778725, -0.9058735013674795, 0.5078144196422539]",29.54335741966333,2.7100905875985752
"[0.1818272642902908, 0.662894811762566, -0.9058757561981249, 0.5078102897650445]",29.543410499625743,2.7101534200799717
"[0.18181744271738742, 0.6628967423529339, -0.9058780113339573, 0.5078061590297328]",29.543463581895363,2.7102162525613687
"[0.1818076229915049, 0.662898672775911, -0.9058802661055682, 0.507802028662462]",29.54351666347065,2.7102790850427647
"[0.18179780019727146, 0.6629006039978399, -0.9058825216416005, 0.5077978965956339]",29.54356974476546,2.7103419175241616
"[0.1817879775250613, 0.66290253539157, -0.9058847772094828, 0.5077937641711134]",29.54362282744943,2.710404750005558
"[0.18177815494703792, 0.6629044669625922, -0.9058870328155841, 0.5077896313771666]",29.54367591053189,2.7104675824869546
"[0.18176833034555098, 0.6629063991273609, -0.9058892889461978, 0.5077854973227172]",29.54372899132005,2.7105304149683516
"[0.1817585075589461, 0.6629083311310605, -0.9058915447198597, 0.5077813636228034]",29.5437820763265,2.710593247449748
"[0.18174868125643878, 0.6629102640222324, -0.9058938013607678, 0.5077772280339717]",29.543835158265924,2.7106560799311445
"[0.18173885574536447, 0.6629121969536814, -0.9058960578797377, 0.5077730923688688]",29.543888240329867,2.710718912412541
"[0.1817290293591304, 0.6629141302532884, -0.9058983146594997, 0.5077689559259754]",29.54394132528835,2.710781744893938
"[0.18171920412881365, 0.6629160635214484, -0.9059005712335652, 0.507764819560278]",29.54399440761277,2.7108445773753345
"[0.18170937572088247, 0.6629179976109248, -0.9059028285972236, 0.5077606814472359]",29.544047491506536,2.710907409856731
"[0.1816995473038001, 0.6629199318983023, -0.9059050860227621, 0.5077565429206847]",29.544100576344775,2.710970242338128
"[0.18168971931042258, 0.6629218662984039, -0.9059073434107379, 0.5077524041628794]",29.54415366078909,2.7110330748195244
"[0.1816798898473907, 0.6629238011839279, -0.9059096011960276, 0.5077482643764116]",29.544206744737835,2.711095907300921
"[0.18167006086180532, 0.6629257361716375, -0.9059118589313824, 0.5077441243812406]",29.544259831337065,2.7111587397823174
"[0.18166022973514465, 0.6629276717770815, -0.905914117218279, 0.5077399830743256]",29.544312913800642,2.7112215722637143
"[0.18165039914428677, 0.6629296074732866, -0.9059163754418135, 0.5077358415831577]",29.544366000547257,2.711284404745111
"[0.1816405669187706, 0.6629315436876704, -0.9059186341005632, 0.5077316989932653]",29.54441908445486,2.7113472372265073
"[0.18163073503973495, 0.6629334800301439, -0.9059208927394149, 0.5077275561392595]",29.544472173149067,2.711410069707904
"[0.1816209021023627, 0.6629354167774111, -0.9059231516810803, 0.5077234124291292]",29.54452525771842,2.7114729021893003
"[0.18161106769985289, 0.662937354009682, -0.9059254110190199, 0.5077192676912684]",29.54457834296255,2.711535734670697
"[0.18160123576214113, 0.6629392909527982, -0.9059276698503501, 0.5077151235820028]",29.54463143029609,2.7115985671520937
"[0.18159140044955413, 0.6629412287572434, -0.9059299295166927, 0.5077109776398651]",29.544684517239443,2.71166139963349
"[0.18158156488375427, 0.6629431668080885, -0.9059321893008603, 0.5077068311805055]",29.544737603772123,2.711724232114887
"[0.18157172925049475, 0.6629451050687533, -0.9059344491601594, 0.5077026842821921]",29.544790691799562,2.7117870645962836
"[0.18156189279643303, 0.6629470436877412, -0.9059367092676679, 0.5076985366272155]",29.544843779253522,2.71184989707768
"[0.18155205503774624, 0.6629489827604496, -0.9059389697345603, 0.5076943880114518]",29.544896867145802,2.7119127295590766
"[0.18154221743525437, 0.6629509219990221, -0.905941230225164, 0.5076902390507998]",29.544949954680526,2.7119755620404735
"[0.18153237936719416, 0.6629528615260228, -0.9059434908823365, 0.5076860894830219]",29.54500304073311,2.71203839452187
"[0.18152254130936096, 0.6629548012476848, -0.9059457515967297, 0.5076819395087413]",29.54505613140536,2.7121012270032665
"[0.18151270115200305, 0.6629567415800455, -0.9059480128531526, 0.507677788237861]",29.54510921969801,2.7121640594846634
"[0.18150286167769364, 0.6629586819744867, -0.905950274012165, 0.5076736368441442]",29.545162308520062,2.71222689196606
"[0.1814930211580601, 0.6629606227718448, -0.9059525354709467, 0.5076694845983641]",29.545215396762284,2.7122897244474564
"[0.18148317870675035, 0.6629625641470557, -0.9059547974331944, 0.507665331126283]",29.545268485802843,2.712352556928853
"[0.18147333744896366, 0.6629645054837151, -0.9059570591806749, 0.5076611777466639]",29.545321575981212,2.71241538941025
"[0.18146349440166862, 0.6629664473702971, -0.9059593213989451, 0.5076570232005017]",29.545374663998686,2.7124782218916463
"[0.18145365188477308, 0.6629683893491662, -0.905961583554816, 0.507652868466884]",29.54542775611478,2.712541054373043
"[0.18144380720645106, 0.6629703319514938, -0.9059638462669605, 0.5076487124094116]",29.545480846198654,2.7126038868544398
"[0.18143396367833517, 0.6629722745238537, -0.9059661087742193, 0.5076445564260477]",29.545533937750907,2.712666719335836
"[0.1814241192505127, 0.662974217470781, -0.905968371547741, 0.5076403996513168]",29.54558703013447,2.7127295518172327
"[0.18141427281716346, 0.6629761610106303, -0.9059706348417089, 0.50763624161808]",29.545640119012152,2.7127923842986292
"[0.18140442671431986, 0.6629781046823625, -0.9059728981191615, 0.5076320833126937]",29.545693211082977,2.7128552167800257
"[0.18139458029882746, 0.6629800486129477, -0.9059751615279197, 0.5076279244635192]",29.545746302550164,2.7129180492614227
"[0.1813847330488459, 0.662981992905457, -0.9059774251879316, 0.5076237648500521]",29.545799393822687,2.712980881742819
"[0.18137488575793262, 0.6629839374032412, -0.9059796889167666, 0.5076196048074294]",29.545852487824533,2.7130437142242156
"[0.1813650363193689, 0.6629858825223829, -0.9059819531987253, 0.5076154434454961]",29.54590557757111,2.713106546705612
"[0.1813551869584217, 0.6629878278235012, -0.9059842175222429, 0.5076112817042674]",29.54595867076149,2.713169379187009
"[0.18134533786797147, 0.6629897732684683, -0.9059864818429602, 0.5076071196652873]",29.54601176449422,2.713232211668406
"[0.18133548673251768, 0.6629917193147589, -0.9059887466932066, 0.5076029563498861]",29.546064858997493,2.713295044149802
"[0.18132563506938584, 0.6629936656627039, -0.9059910117241451, 0.5075987923991597]",29.54611795014393,2.713357876631199
"[0.18131578354760916, 0.6629956121801429, -0.905993276781941, 0.5075946280958479]",29.546171043523618,2.7134207091125955
"[0.18130593115264598, 0.6629975590675731, -0.9059955420998461, 0.5075904630110231]",29.546224134811393,2.713483541593992
"[0.18129607884376503, 0.6629995061354699, -0.9059978074572885, 0.5075862975501492]",29.5462772300284,2.713546374075389
"[0.18128622546489231, 0.6630014536123422, -0.9060000731200776, 0.5075821312243688]",29.546330323586982,2.7136092065567854
"[0.18127637135200647, 0.6630034014318528, -0.9060023390109561, 0.5075779641756081]",29.5463834181211,2.713672039038182
"[0.18126651707949698, 0.6630053494804905, -0.9060046049978391, 0.5075737966467005]",29.54643651586612,2.7137348715195784
"[0.1812566613558939, 0.6630072980136302, -0.9060068713776942, 0.5075696280913289]",29.54648960925987,2.7137977040009753
"[0.18124680460856427, 0.6630092469468603, -0.906009138052251, 0.5075654586900803]",29.54654270256325,2.713860536482372
"[0.18123694928369133, 0.6630111957965052, -0.9060114044589589, 0.5075612894776964]",29.546595798463237,2.7139233689637683
"[0.181227091567341, 0.663013145316794, -0.9060136714748906, 0.5075571188406444]",29.546648894492396,2.7139862014451652
"[0.18121723410442325, 0.6630150949847317, -0.9060159384917867, 0.5075529478977833]",29.546701989979322,2.7140490339265613
"[0.18120737634684753, 0.6630170449087344, -0.9060182056356786, 0.507548776417181]",29.546755084649355,2.714111866407958
"[0.1811975168226554, 0.663018995380012, -0.9060204732451008, 0.5075446037758354]",29.546808180159086,2.7141746988893547
"[0.18118765721224464, 0.663020946066238, -0.9060227409335686, 0.5075404306847277]",29.546861278841714,2.714237531370751
"[0.18117779641853923, 0.6630228971844998, -0.9060250089534025, 0.5075362566794361]",29.546914373336435,2.714300363852148
"[0.18116793630046485, 0.663024848367001, -0.9060272768770298, 0.5075320825467847]",29.54696747114281,2.7143631963335446
"[0.18115807380487683, 0.6630268002179837, -0.9060295454066991, 0.5075279069941385]",29.547020569568343,2.7144260288149415
"[0.1811482121399959, 0.6630287521025763, -0.9060318138044655, 0.507523731379668]",29.54707366625733,2.7144888612963376
"[0.18113835170416792, 0.6630307039418974, -0.906034081978662, 0.5075195558721338]",29.547126763173083,2.7145516937777345
"[0.1811284870057311, 0.6630326568230541, -0.9060363511925401, 0.5075153781458862]",29.547179861873893,2.714614526259131
"[0.18111862322274597, 0.6630346097211303, -0.9060386202549741, 0.507511200393547]",29.547232958993206,2.7146773587405275
"[0.1811087591214293, 0.6630365628803644, -0.9060408894497639, 0.5075070220926059]",29.54728605634447,2.7147401912219244
"[0.1810988934570101, 0.6630385165473067, -0.9060431590632613, 0.5075028427156438]",29.547339154876365,2.714803023703321
"[0.18108902878856675, 0.6630404702152086, -0.906045428506733, 0.5074986633467172]",29.547392254235792,2.7148658561847174
"[0.18107916163408747, 0.6630424245737357, -0.9060476985812381, 0.507494482510476]",29.547445353722324,2.714928688666114
"[0.18106929560833548, 0.6630443789069642, -0.9060499684551453, 0.5074903017384483]",29.54749845204908,2.714991521147511
"[0.1810594274085993, 0.6630463338691798, -0.9060522388882963, 0.5074861196309859]",29.54755155272875,2.7150543536289073
"[0.1810495587362498, 0.6630482891233829, -0.9060545094892596, 0.5074819369089835]",29.54760465088455,2.715117186110304
"[0.18103969046679239, 0.6630502444961565, -0.9060567800565735, 0.5074777539434485]",29.547657751759836,2.7151800185917008
"[0.18102982226697711, 0.66305220005352, -0.9060590506668939, 0.5074735705931458]",29.54771085251766,2.715242851073097
"[0.18101995195848603, 0.6630541562272125, -0.9060613218214387, 0.5074693859344961]",29.547763952120857,2.7153056835544938
"[0.18101008055594547, 0.6630561128162599, -0.9060635932867528, 0.5074652003974367]",29.547817054053304,2.7153685160358902
"[0.1810002101240155, 0.6630580694114411, -0.9060658645877293, 0.5074610148573737]",29.54787015196351,2.7154313485172867
"[0.18099033840482584, 0.6630600264603501, -0.9060681362439149, 0.5074568283568203]",29.54792325381479,2.7154941809986837
"[0.18098046654553218, 0.6630619837356188, -0.9060704079913234, 0.5074526413821655]",29.547976355143,2.71555701348008
"[0.18097059267820187, 0.6630639416076729, -0.9060726802598111, 0.5074484531410046]",29.5480294570539,2.715619845961477
"[0.1809607195019591, 0.6630658995413584, -0.9060749524282237, 0.5074442647781342]",29.54808255825615,2.715682678442873
"[0.1809508458470741, 0.6630678577686462, -0.9060772247657367, 0.5074400757973303]",29.54813566248994,2.71574551092427
"[0.18094097086758343, 0.6630698164573794, -0.9060794974670401, 0.5074358858395528]",29.548188762431096,2.7158083434056666
"[0.18093109422152284, 0.6630717756754938, -0.9060817706108423, 0.5074316947594898]",29.54824186367168,2.715871175887063
"[0.1809212187198503, 0.6630737348653892, -0.9060840435501826, 0.5074275037499233]",29.54829496716867,2.71593400836846
"[0.180911341956076, 0.6630756945045198, -0.9060863168389162, 0.5074233117895248]",29.54834806951467,2.7159968408498565
"[0.18090146407704746, 0.6630776545638247, -0.9060885904432479, 0.5074191189404602]",29.548401171706963,2.716059673331253
"[0.1808915873748893, 0.6630796145884891, -0.9060908638355769, 0.5074149261756478]",29.54845427716675,2.7161225058126495
"[0.18088170878951704, 0.6630815751858148, -0.9060931377202549, 0.5074107321959866]",29.548507382713222,2.7161853382940464
"[0.18087182864831372, 0.663083536290947, -0.9060954120219337, 0.507406537140224]",29.548560480944428,2.716248170775443
"[0.1808619498482591, 0.6630854973288655, -0.9060976860737467, 0.5074023422383904]",29.548613588485996,2.7163110032568394
"[0.18085207043752188, 0.6630874586870324, -0.9060999603249685, 0.5073981466616729]",29.548666693105286,2.7163738357382363
"[0.18084218802897242, 0.6630894208394789, -0.9061022353251333, 0.5073939493960672]",29.54871979648312,2.7164366682196324
"[0.18083230767398983, 0.6630913827832906, -0.9061045099113691, 0.5073897525869223]",29.548772900215685,2.7164995007010293
"[0.18082242593426295, 0.6630933452012063, -0.906106784875194, 0.5073855547737912]",29.54882600790583,2.716562333182426
"[0.18081254214014758, 0.6630953082263219, -0.906109060370787, 0.5073813556719728]",29.548879110083195,2.7166251656638227
"[0.18080265958783398, 0.6630972712040145, -0.9061113356392709, 0.5073771566817741]",29.54893221560759,2.716687998145219
"[0.18079277578878336, 0.6630992346285989, -0.9061136112535656, 0.507372956745816]",29.548985321480032,2.7167508306266157
"[0.18078289133082195, 0.6631011983833639, -0.9061158870783308, 0.5073687561137539]",29.549038428516276,2.7168136631080126
"[0.18077300591678394, 0.663103162527413, -0.9061181631819829, 0.5073645546591712]",29.5490915322285,2.7168764955894087
"[0.18076311959092062, 0.663105127052019, -0.9061204395543312, 0.5073603524007405]",29.54914463968375,2.7169393280708056
"[0.18075323288268064, 0.6631070918520223, -0.9061227160734608, 0.5073561495634082]",29.549197745556324,2.717002160552202
"[0.18074334603614825, 0.6631090568789431, -0.9061249926831553, 0.5073519462508814]",29.549250850992863,2.7170649930335986
"[0.18073345715756126, 0.6631110225092461, -0.9061272698194849, 0.5073477416578858]",29.549303956812665,2.7171278255149955
"[0.18072356932557146, 0.663112988131022, -0.9061295467735122, 0.5073435370933327]",29.54935706478272,2.717190657996392
"[0.18071368284874753, 0.6631149536828655, -0.9061318234741403, 0.5073393326885695]",29.549410174116318,2.7172534904777885
"[0.18070379106051068, 0.6631169204903066, -0.9061341014565947, 0.5073351256082381]",29.549463280102508,2.717316322959185
"[0.1806939006374774, 0.6631188872259531, -0.9061363791833311, 0.5073309186916976]",29.54951638970504,2.717379155440582
"[0.18068400985783073, 0.6631208542321526, -0.9061386570508533, 0.5073267112066391]",29.549569495689845,2.7174419879219784
"[0.18067411979105463, 0.6631228212962335, -0.9061409348128321, 0.5073225036079919]",29.549622605069107,2.717504820403375
"[0.1806642283932909, 0.6631247888247246, -0.9061432129399727, 0.5073182950261776]",29.549675714006693,2.717567652884772
"[0.18065433495224292, 0.6631267569594285, -0.9061454915963385, 0.50731408515789]",29.549728818855744,2.717630485366168
"[0.1806444408240148, 0.6631287254306608, -0.9061477704695972, 0.5073098745799921]",29.549781927962346,2.717693317847565
"[0.18063454723663872, 0.6631306939941141, -0.9061500492768852, 0.5073056638150611]",29.549835038854965,2.717756150328962
"[0.18062465357975457, 0.6631326627712347, -0.9061523281587632, 0.5073014526033304]",29.54988814952901,2.7178189828103583
"[0.18061475885179643, 0.6631346319613692, -0.9061546073459231, 0.507297240518398]",29.54994125786185,2.7178818152917548
"[0.18060486303659384, 0.6631366015678093, -0.9061568868420901, 0.5072930275532278]",29.549994368385796,2.7179446477731513
"[0.1805949668836759, 0.6631385714414306, -0.906159166474604, 0.5072888140268035]",29.550047476332566,2.718007480254548
"[0.18058507018740086, 0.6631405416232039, -0.9061614462908252, 0.5072845998514934]",29.55010058700657,2.7180703127359447
"[0.18057517097574774, 0.6631425125058106, -0.9061637267450398, 0.5072803841873677]",29.55015369655742,2.718133145217341
"[0.18056527403363432, 0.6631444831366164, -0.9061660067349431, 0.5072761690720877]",29.550206807512726,2.718195977698738
"[0.18055537424807416, 0.6631464545337217, -0.906168287438416, 0.507271952327975]",29.550259920574707,2.718258810180134
"[0.1805454762287951, 0.6631484257792094, -0.9061705677934657, 0.5072677359184217]",29.5503130306176,2.718321642661531
"[0.18053557499449416, 0.6631503978651893, -0.9061728489477032, 0.5072635177213555]",29.550366138936358,2.7183844751429276
"[0.18052567507659822, 0.6631523698891771, -0.9061751298571278, 0.50725929966715]",29.550419253231393,2.718447307624324
"[0.18051577430207064, 0.6631543422840317, -0.9061774110223771, 0.5072550808299477]",29.55047236367764,2.718510140105721
"[0.18050587265686563, 0.6631563150526114, -0.9061796924466847, 0.507250861203638]",29.550525474694634,2.7185729725871175
"[0.18049596969607198, 0.6631582882836384, -0.9061819742325626, 0.507246640598459]",29.550578586134026,2.718635805068514
"[0.18048606774472015, 0.663160261513852, -0.9061842558442735, 0.5072424200052937]",29.55063170086776,2.7186986375499105
"[0.18047616269026545, 0.6631622355628626, -0.9061865382294328, 0.5072381976710644]",29.550684812291937,2.7187614700313074
"[0.18046626004167157, 0.6631642093327829, -0.9061888201186168, 0.5072339759440699]",29.550737926096847,2.718824302512704
"[0.18045635335786275, 0.6631661841074855, -0.9061911029960537, 0.5072297520782156]",29.55079103680135,2.7188871349941004
"[0.18044644931382994, 0.6631681585564555, -0.9061933853235643, 0.5072255289193672]",29.550844149427157,2.7189499674754973
"[0.18043654344075924, 0.6631701335705585, -0.9061956681309349, 0.5072213045620368]",29.550897263995807,2.719012799956894
"[0.18042663733510067, 0.6631721088315827, -0.906197951050263, 0.5072170796868652]",29.550950377896353,2.7190756324382903
"[0.18041672964067, 0.6631740846100098, -0.9062002343940864, 0.5072128537153215]",29.551003493491958,2.719138464919687
"[0.18040682137458866, 0.6631760607030871, -0.9062025179279982, 0.5072086270810816]",29.551056604905042,2.7192012974010837
"[0.18039691263698227, 0.663178037090878, -0.906204801628914, 0.5072043998267832]",29.551109719796976,2.7192641298824802
"[0.18038700255913812, 0.6631800139467294, -0.9062070856970459, 0.5072001715816714]",29.55116283306353,2.7193269623638767
"[0.18037709275490724, 0.6631819909487522, -0.9062093697604251, 0.50719594303423]",29.55121594912826,2.7193897948452737
"[0.18036718251660297, 0.6631839682381443, -0.9062116539821459, 0.5071917138824572]",29.55126906346874,2.7194526273266697
"[0.18035727148472222, 0.6631859458866824, -0.9062139384450629, 0.5071874839728385]",29.551322179537248,2.7195154598080666
"[0.18034736006304664, 0.6631879238138433, -0.9062162230560973, 0.5071832534776066]",29.55137529341759,2.719578292289463
"[0.18033744745185828, 0.6631899021792712, -0.9062185079995823, 0.5071790220553071]",29.551428408601936,2.7196411247708596
"[0.1803275344755485, 0.663191880818498, -0.9062207930854831, 0.5071747900577218]",29.551481523317715,2.7197039572522566
"[0.18031762141675955, 0.6631938596751324, -0.9062230782486317, 0.5071705576054679]",29.551534642012523,2.719766789733653
"[0.18030770755095193, 0.6631958388938378, -0.9062253636560397, 0.5071663243891312]",29.55158775834202,2.7198296222150495
"[0.18029779232182117, 0.6631978185857603, -0.9062276494359482, 0.5071620901710027]",29.551640872296964,2.719892454696446
"[0.18028787677611574, 0.6631997985419634, -0.9062299353470459, 0.5071578553979642]",29.551693988761077,2.719955287177843
"[0.18027796160207987, 0.6632017786250244, -0.9062322212306465, 0.5071536203639404]",29.551747106552433,2.7200181196592395
"[0.18026804481383216, 0.6632037592315786, -0.9062345075445754, 0.5071493842206077]",29.55180022284048,2.720080952140636
"[0.18025812803799884, 0.6632057400368102, -0.9062367939138098, 0.5071451476626898]",29.551853339548316,2.720143784622033
"[0.1802482090847791, 0.6632077214781926, -0.9062390808432205, 0.5071409097545232]",29.55190645798896,2.7202066171034294
"[0.18023829165947403, 0.6632097028155742, -0.9062413674784953, 0.5071366720791478]",29.55195957616136,2.720269449584826
"[0.1802283721443884, 0.663211684771737, -0.9062436546537423, 0.5071324330906855]",29.552012693085857,2.7203322820662224
"[0.1802184525109155, 0.6632136669528681, -0.9062459419144124, 0.5071281936314254]",29.55206581330229,2.7203951145476193
"[0.1802085329452971, 0.6632156493217675, -0.9062482292175429, 0.5071239537809366]",29.55211892971139,2.7204579470290158
"[0.1801986119882904, 0.6632176321700969, -0.9062505168996082, 0.5071197129154151]",29.55217205007773,2.7205207795104123
"[0.18018869025301146, 0.6632196153754097, -0.9062528048192264, 0.5071154712967683]",29.55222516786127,2.720583611991809
"[0.1801787675881793, 0.6632215989679823, -0.9062550930112834, 0.5071112288602247]",29.5522782854412,2.7206464444732052
"[0.18016884569163014, 0.6632235826084527, -0.9062573810842315, 0.5071069863316289]",29.552331405295167,2.720709276954602
"[0.1801589218906156, 0.663225566831189, -0.9062596696544247, 0.5071027425680766]",29.552384525023225,2.7207721094359987
"[0.1801489981051565, 0.6632275512523796, -0.9062619582790732, 0.5070984983904704]",29.55243764446271,2.720834941917395
"[0.18013907419978584, 0.66322953589912, -0.9062642469894023, 0.5070942537408564]",29.552490762903084,2.720897774398792
"[0.18012914840386565, 0.6632315211255857, -0.9062665361937651, 0.5070900078617507]",29.552543885089886,2.7209606068801886
"[0.18011922308146855, 0.6632335064590092, -0.9062688253469243, 0.5070857617642924]",29.5525970047912,2.721023439361585
"[0.18010929638939396, 0.6632354922681065, -0.9062711148739815, 0.5070815146598903]",29.552650123860186,2.7210862718429816
"[0.18009936938213084, 0.663237478341975, -0.906273404531726, 0.507077266999599]",29.552703243741167,2.7211491043243785
"[0.18008944081753936, 0.6632394649292247, -0.9062756946066475, 0.5070730182517429]",29.552756364744393,2.721211936805775
"[0.1800795126552453, 0.6632414516377961, -0.9062779846467417, 0.5070687692548242]",29.552809488156612,2.7212747692871715
"[0.1800695838776961, 0.6632434386713226, -0.906280274886702, 0.5070645195733297]",29.552862607447814,2.7213376017685684
"[0.18005965528729329, 0.6632454258692464, -0.9062825651414255, 0.5070602695506508]",29.552915729664768,2.721400434249965
"[0.18004972377487485, 0.6632474138539557, -0.9062848561281164, 0.5070560178556909]",29.552968849865643,2.7214632667313614
"[0.18003979386294425, 0.6632494017202362, -0.9062871468035228, 0.5070517664244351]",29.553021971545874,2.721526099212758
"[0.18002986263763052, 0.6632513900514164, -0.9062894378398075, 0.5070475140093256]",29.55307509387348,2.721588931694155
"[0.1800199302559695, 0.663253378816142, -0.9062917292007476, 0.507043260677427]",29.553128216169963,2.7216517641755513
"[0.18000999736833956, 0.6632553678842517, -0.9062940207362984, 0.5070390067071203]",29.55318133780962,2.721714596656948
"[0.18000006557281645, 0.6632573569357249, -0.9062963120777557, 0.5070347527828298]",29.553234462388772,2.7217774291383448
"[0.179990129644838, 0.6632593470169652, -0.9062986044304792, 0.5070304966666278]",29.5532875825169,2.721840261619741
"[0.17998019508007412, 0.6632613370273688, -0.9063008965265432, 0.5070262407123746]",29.553340705844494,2.7219030941011377
"[0.1799702612418345, 0.6632633270944073, -0.9063031885128093, 0.507021984647442]",29.553393830920722,2.7219659265825347
"[0.17996032477376112, 0.6632653178905309, -0.9063054811636716, 0.5070177270336936]",29.553446953521103,2.7220287590639307
"[0.17995038870321664, 0.6632673088092994, -0.9063077737806217, 0.5070134691681156]",29.553500078015343,2.7220915915453276
"[0.1799404517574405, 0.6632693001057265, -0.9063100666573238, 0.5070092105052968]",29.553553200455696,2.722154424026724
"[0.1799305146277059, 0.6632712916413421, -0.9063123596342595, 0.5070049513413902]",29.553606324380702,2.722217256508121
"[0.17992057661876723, 0.6632732835555447, -0.9063146528718439, 0.5070006913782938]",29.553659448062074,2.7222800889895176
"[0.1799106372328606, 0.6632752759481723, -0.9063169464849399, 0.5069964304024901]",29.553712574819265,2.722342921470914
"[0.17990069759229704, 0.6632772685943115, -0.9063192402145587, 0.5069921688949874]",29.553765698380786,2.722405753952311
"[0.17989075802199855, 0.6632792614288403, -0.9063215339857024, 0.5069879069950605]",29.553818823561176,2.722468586433707
"[0.17988081634820513, 0.6632812548876608, -0.9063238283000109, 0.5069836437704917]",29.553871947214002,2.722531418915104
"[0.17987087486580428, 0.6632832485106803, -0.9063261226278752, 0.5069793802052425]",29.55392507123561,2.7225942513965005
"[0.17986093444566084, 0.663285242123239, -0.9063284167682821, 0.5069751166728487]",29.553978198918205,2.722657083877897
"[0.17985099134603957, 0.6632872364758073, -0.9063307115847825, 0.5069708515683465]",29.554031323151644,2.722719916359294
"[0.17984104880292978, 0.6632892309194129, -0.9063330063305225, 0.5069665862796439]",29.55408445277621,2.7227827488406904
"[0.17983110458011572, 0.6632912259026761, -0.9063353015216143, 0.5069623198473286]",29.554137577643576,2.722845581322087
"[0.17982116047608043, 0.6632932210648443, -0.9063375967429516, 0.5069580530429019]",29.55419070194216,2.7229084138034834
"[0.17981121530800925, 0.6632952166432788, -0.9063398922675308, 0.5069537853587575]",29.55424382914338,2.7229712462848803
"[0.1798012692806761, 0.6632972125969642, -0.9063421880480834, 0.5069495168826195]",29.55429695692028,2.723034078766277
"[0.1797913227220617, 0.6632992088601138, -0.9063444840089008, 0.5069452477551637]",29.554350081585294,2.7230969112476733
"[0.17978137518232737, 0.663301205523089, -0.9063467802538097, 0.5069409777831723]",29.554403207903686,2.72315974372907
"[0.17977142909853303, 0.6633032020967142, -0.9063490762202271, 0.50693670801277]",29.554456336395297,2.7232225762104663
"[0.17976147950166202, 0.6633051995785394, -0.906351373055208, 0.5069324363106513]",29.55450946178512,2.723285408691863
"[0.17975153187846138, 0.6633071968671053, -0.9063536694921464, 0.5069281650323431]",29.554562592080394,2.7233482411732597
"[0.17974158234739518, 0.6633091947417634, -0.9063559664270844, 0.5069238925111804]",29.55461571856346,2.7234110736546566
"[0.17973163237934142, 0.6633111929072224, -0.9063582635204633, 0.5069196193786435]",29.5546688469221,2.723473906136053
"[0.179721682708236, 0.6633131912161264, -0.9063605606028216, 0.5069153459498758]",29.5547219765753,2.7235367386174496
"[0.17971173092965115, 0.6633151901514455, -0.9063628582292679, 0.506911071192037]",29.554775106434498,2.7235995710988465
"[0.1797017783661125, 0.6633171894476331, -0.9063651560944693, 0.5069067956730101]",29.554828232697727,2.7236624035802426
"[0.17969182617301827, 0.6633191888726145, -0.9063674539316495, 0.5069025198890948]",29.554881361244828,2.7237252360616395
"[0.17968187341532355, 0.6633211886142577, -0.9063697519566821, 0.506898243438535]",29.55493449046852,2.723788068543036
"[0.1796719193463369, 0.6633231888226895, -0.906372050341964, 0.506893966000318]",29.55498762156657,2.7238509010244325
"[0.17966196523701092, 0.6633251892424881, -0.9063743487940426, 0.5068896881205945]",29.55504075103366,2.7239137335058294
"[0.17965201079698886, 0.6633271899321024, -0.9063766473799322, 0.5068854096744413]",29.555093880907783,2.723976565987226
"[0.17964205452425783, 0.6633291911934813, -0.9063789464464657, 0.506881130016143]",29.555147010829902,2.7240393984686224
"[0.17963209745316722, 0.6633311928187806, -0.9063812457548024, 0.5068768495901557]",29.55520013925457,2.724102230950019
"[0.17962214091337475, 0.6633331945407454, -0.9063835449978754, 0.5068725689680187]",29.55525327002084,2.724165063431416
"[0.17961218454111824, 0.6633351964324925, -0.9063858442596622, 0.5068682879933715]",29.55530640055422,2.7242278959128123
"[0.17960222530886277, 0.6633371991028483, -0.9063881442393292, 0.5068640053642656]",29.555359530318537,2.724290728394209
"[0.1795922676736439, 0.6633392016556137, -0.9063904439075612, 0.506859722997194]",29.55541266346185,2.7243535608756058
"[0.17958230837873027, 0.6633412047457516, -0.9063927440164662, 0.5068554394915499]",29.5554657925395,2.7244163933570023
"[0.17957234770185682, 0.6633432083175078, -0.9063950445019089, 0.5068511549665705]",29.555518922164367,2.7244792258383987
"[0.1795623878421547, 0.6633452119285576, -0.9063973448559706, 0.5068468703681455]",29.555572056097258,2.7245420583197952
"[0.17955242655560885, 0.6633472160303652, -0.9063996455969195, 0.5068425847308577]",29.55562518606163,2.724604890801192
"[0.1795424634338588, 0.6633492207051758, -0.9064019468190873, 0.50683829787882]",29.555678317150846,2.7246677232825887
"[0.17953250292672496, 0.6633512250576508, -0.9064042474946507, 0.5068340117266693]",29.555731451303494,2.724730555763985
"[0.17952253937654133, 0.6633532302263009, -0.9064065489304034, 0.5068297238397877]",29.555784583527515,2.724793388245382
"[0.17951257509129676, 0.6633552357467689, -0.9064088505932452, 0.5068254352111742]",29.555837715901394,2.724856220726778
"[0.17950261050323585, 0.6633572415320996, -0.9064111523833223, 0.5068211460267792]",29.555890846633503,2.724919053208175
"[0.17949264543902493, 0.6633592476172145, -0.906413454340662, 0.5068168562119283]",29.555943979377805,2.7249818856895716
"[0.1794826800735916, 0.6633612539669387, -0.9064157564248418, 0.5068125658418489]",29.555997111250477,2.725044718170968
"[0.17947271388945268, 0.663363260685505, -0.9064180587553962, 0.506808274693655]",29.55605024622687,2.725107550652365
"[0.17946274705314114, 0.6633652677394252, -0.9064203612938482, 0.506803982838954]",29.556103380777515,2.7251703831337615
"[0.17945277996889525, 0.6633672750473486, -0.9064226639467977, 0.5067996904517205]",29.55615651405753,2.725233215615158
"[0.17944281192353806, 0.6633692827529466, -0.9064249668789989, 0.5067953972247304]",29.556209646628737,2.7252960480965545
"[0.17943284294754758, 0.6633712908501508, -0.9064272700834075, 0.5067911031709683]",29.556262781133054,2.7253588805779514
"[0.1794228738492956, 0.6633732991761696, -0.9064295733732499, 0.5067868086385462]",29.55631591452484,2.725421713059348
"[0.17941290473374746, 0.6633753077098733, -0.9064318767242556, 0.5067825136726525]",29.55636905019847,2.7254845455407444
"[0.17940293369028606, 0.6633773168362741, -0.9064341805778687, 0.5067782174499972]",29.556422184332497,2.7255473780221413
"[0.17939296225579643, 0.6633793262457813, -0.9064364845789855, 0.5067739206326052]",29.55647531927257,2.725610210503538
"[0.17938299029485402, 0.6633813359657165, -0.9064387887588865, 0.5067696231620514]",29.55652845231517,2.7256730429849343
"[0.17937301873763944, 0.6633833458086362, -0.9064410929026198, 0.5067653254391646]",29.556581589263548,2.725735875466331
"[0.17936304541830644, 0.6633853562111324, -0.9064433975106435, 0.506761026530366]",29.556634724477906,2.7257987079477277
"[0.1793530718369653, 0.6633873668708893, -0.9064457022363153, 0.5067567270821138]",29.556687860684118,2.725861540429124
"[0.1793430976677191, 0.6633893778536454, -0.9064480071549313, 0.5067524269538438]",29.55674099564336,2.7259243729105207
"[0.17933312358099843, 0.6633913890242642, -0.9064503121115461, 0.5067481264345326]",29.55679413109464,2.7259872053919176
"[0.17932314719107917, 0.6633934008638641, -0.9064526176574923, 0.5067438244953886]",29.556847268530685,2.7260500378733137
"[0.17931317158728538, 0.6633954127495015, -0.9064549230788188, 0.5067395224684587]",29.55690040423688,2.7261128703547106
"[0.1793031930504329, 0.663397425431369, -0.9064572292350471, 0.5067352187496319]",29.55695353977682,2.7261757028361076
"[0.1792932164319637, 0.6633994379309628, -0.9064595350049427, 0.5067309154312454]",29.55700667572454,2.7262385353175036
"[0.17928323820076292, 0.6634014509605629, -0.9064618412045891, 0.5067266109902153]",29.557059812739475,2.7263013677989005
"[0.17927325994715926, 0.6634034641994176, -0.9064641474664156, 0.5067223061124289]",29.5571129516299,2.726364200280297
"[0.17926328120839166, 0.6634054777409141, -0.9064664538973661, 0.5067180005981955]",29.557166088899148,2.7264270327616935
"[0.17925330064150827, 0.6634074918561178, -0.9064687608078446, 0.506713693867906]",29.557219224665413,2.7264898652430904
"[0.17924332067432486, 0.6634095060551376, -0.9064710676366755, 0.5067093869690904]",29.55727236350702,2.726552697724487
"[0.17923333914624606, 0.6634115207740734, -0.9064733748832601, 0.5067050789692533]",29.55732550247899,2.7266155302058834
"[0.17922335721367777, 0.6634135357795836, -0.906475682280292, 0.5067007703673484]",29.55737863965826,2.72667836268728
"[0.17921337464010778, 0.663415551119452, -0.9064779898824321, 0.5066964610612035]",29.557431775289235,2.726741195168677
"[0.17920339161479854, 0.6634175667555161, -0.90648029764592, 0.5066921511324268]",29.557484913232102,2.7268040276500733
"[0.17919340749411913, 0.6634195828177878, -0.9064826057195365, 0.5066878403030275]",29.557538051043124,2.72686686013147
"[0.17918342304335413, 0.6634215991517978, -0.9064849139263591, 0.5066835289033095]",29.557591191131394,2.7269296926128668
"[0.1791734387861982, 0.6634236156517783, -0.9064872221453069, 0.5066792171594123]",29.557644330075256,2.7269925250942633
"[0.17916345262840588, 0.6634256327407881, -0.90648953086053, 0.5066749041667655]",29.55769746887461,2.7270553575756598
"[0.17915346719302466, 0.6634276498890391, -0.9064918394655944, 0.5066705910581731]",29.557750609071128,2.7271181900570562
"[0.1791434796136615, 0.6634296676756274, -0.9064941486231948, 0.5066662765954083]",29.557803746604478,2.727181022538453
"[0.1791334919585194, 0.6634316856827894, -0.9064964578551573, 0.5066619616717424]",29.557856888393907,2.7272438550198497
"[0.17912350494895252, 0.6634337037647717, -0.9064987669946734, 0.5066576465988322]",29.55791002805748,2.727306687501246
"[0.17911351680956222, 0.6634357222803572, -0.9065010764522252, 0.5066533306095313]",29.55796316827461,2.727369519982643
"[0.1791035275201593, 0.6634377412337061, -0.9065033862324818, 0.5066490136949502]",29.55801630891249,2.727432352464039
"[0.17909353671311043, 0.6634397606992115, -0.9065056964204532, 0.5066446956960265]",29.55806945009721,2.727495184945436
"[0.17908354687481873, 0.6634417801743241, -0.9065080064411892, 0.5066403776873153]",29.558122590066045,2.7275580174268326
"[0.17907355468265926, 0.6634438003307734, -0.9065103170629967, 0.5066360582325381]",29.558175730021674,2.727620849908229
"[0.17906356311871915, 0.6634458205657245, -0.9065126275962856, 0.5066317386206698]",29.558228869329,2.727683682389626
"[0.17905357045267462, 0.6634478412290647, -0.9065149384411746, 0.5066274181035958]",29.558282011163655,2.7277465148710225
"[0.17904357853278083, 0.6634498619470721, -0.9065172491702311, 0.5066230974803996]",29.55833515358471,2.7278093473524194
"[0.17903358402088485, 0.6634518833949069, -0.9065195605554319, 0.5066187753074861]",29.558388294991577,2.7278721798338155
"[0.17902359052578254, 0.6634539048427402, -0.9065218717621791, 0.5066144531453592]",29.558441437958226,2.7279350123152124
"[0.17901359459143912, 0.6634559269896663, -0.9065241835897527, 0.506610129499226]",29.558494578753017,2.727997844796609
"[0.17900359929508738, 0.663457949213279, -0.9065264953264485, 0.5066058056999234]",29.558547720518305,2.7280606772780054
"[0.17899360222411081, 0.663459972001704, -0.9065288075302586, 0.5066014807037457]",29.558600862568646,2.7281235097594023
"[0.17898360689065793, 0.663461994644337, -0.9065311193888423, 0.5065971560300858]",29.55865400745983,2.728186342240799
"[0.17897360952973657, 0.6634640179030683, -0.9065334317730024, 0.5065928300499194]",29.55870714813994,2.7282491747221953
"[0.17896361157676252, 0.6634660414874904, -0.9065357443507318, 0.5065885033841806]",29.558760291715952,2.728312007203592
"[0.17895361214379954, 0.6634680655773982, -0.9065380573274122, 0.5065841756484556]",29.558813432508135,2.7283748396849887
"[0.1789436131696627, 0.6634700897803785, -0.9065403702545639, 0.506579847681773]",29.558866574985927,2.728437672166385
"[0.17893361244121223, 0.6634721145445114, -0.906542683644115, 0.5065755185260931]",29.558919720213304,2.7285005046477817
"[0.17892361215510968, 0.663474139425114, -0.9065449969879197, 0.506571189132204]",29.55897286266102,2.7285633371291786
"[0.17891361060501604, 0.6634761647677128, -0.906547310680691, 0.5065668587613293]",29.559026005296584,2.7286261696105747
"[0.17890360841385078, 0.6634781904462544, -0.9065496245783198, 0.5065625276830069]",29.5590791481322,2.7286890020919716
"[0.17889360656778272, 0.663480216261014, -0.9065519384526547, 0.5065581963242498]",29.559132295440428,2.728751834573368
"[0.17888360307819892, 0.6634822426148426, -0.9065542527637386, 0.5065538638237509]",29.559185438082245,2.7288146670547646
"[0.17887359937247144, 0.663484269218668, -0.9065565671813463, 0.5065495307995695]",29.55923858458302,2.7288774995361615
"[0.17886359535054375, 0.6634862960927864, -0.9065588817286111, 0.5065451972083148]",29.559291728654113,2.728940332017558
"[0.178853590217088, 0.6634883233984233, -0.9065611965895292, 0.5065408627053093]",29.55934487196942,2.729003164498955
"[0.1788435851857364, 0.6634903508896199, -0.906563511483309, 0.5065365278163577]",29.55939801712764,2.729065996980351
"[0.1788335791832816, 0.6634923787839738, -0.9065658266582369, 0.5065321920762961]",29.559451163563498,2.729128829461748
"[0.17882357270738525, 0.6634944069806663, -0.9065681419991597, 0.5065278557006732]",29.559504308098933,2.7291916619431444
"[0.17881356524104067, 0.6634964355845365, -0.9065704576256988, 0.5065235184653362]",29.5595574550872,2.729254494424541
"[0.1788035560753769, 0.6634984647393757, -0.9065727737018828, 0.5065191800628641]",29.559610598540814,2.729317326905938
"[0.17879354877782466, 0.6635004937219622, -0.9065750894022034, 0.5065148420395298]",29.55966374750152,2.7293801593873344
"[0.17878353786557624, 0.6635025236440077, -0.9065774059953842, 0.5065105020184718]",29.559716891154746,2.729442991868731
"[0.17877352896690277, 0.6635045533643211, -0.9065797221789976, 0.506506162439589]",29.559770035412438,2.7295058243501273
"[0.17876351814583247, 0.6635065836811072, -0.9065820388638552, 0.5065018215963205]",29.559823185958344,2.7295686568315243
"[0.17875350560226735, 0.6635086145539034, -0.9065843560037146, 0.5064974795751471]",29.559876330168386,2.7296314893129208
"[0.17874349427549818, 0.6635106453866039, -0.9065866729183285, 0.5064931376505971]",29.559929476047333,2.7296943217943173
"[0.17873348067320682, 0.6635126768876399, -0.90658899041592, 0.5064887943080122]",29.55998262220812,2.729757154275714
"[0.1787234696642185, 0.6635147080692846, -0.9065913073696452, 0.5064844516591787]",29.560035771320546,2.7298199867571102
"[0.17871345386873308, 0.6635167404289356, -0.9065936254874881, 0.5064801065026763]",29.56008891837713,2.729882819238507
"[0.17870344066013644, 0.6635187724704701, -0.9065959430629111, 0.5064757620371771]",29.560142067706046,2.729945651719904
"[0.17869342501911784, 0.6635208052125268, -0.9065982612576159, 0.5064714160848838]",29.560195213943913,2.7300084842013006
"[0.17868341062888873, 0.663522837907622, -0.9066005792190862, 0.5064670702439036]",29.56024836295136,2.730071316682697
"[0.17867339334154886, 0.6635248713977083, -0.906602897907409, 0.5064627227141397]",29.560301509305045,2.7301341491640936
"[0.1786633764711546, 0.6635269050101663, -0.9066052165554783, 0.5064583749336705]",29.560354658279877,2.7301969816454905
"[0.17865335908247554, 0.6635289389348674, -0.9066075353797595, 0.5064540264965509]",29.56040780738981,2.730259814126887
"[0.1786433410062296, 0.663530973206229, -0.9066098544194283, 0.5064496773292027]",29.560460955707715,2.7303226466082835
"[0.17863332207734164, 0.6635330078578324, -0.9066121737126908, 0.5064453273598385]",29.560514103134917,2.7303854790896804
"[0.17862330295621687, 0.6635350427556067, -0.9066144931066576, 0.5064409768751003]",29.560567253006383,2.7304483115710765
"[0.17861328225599624, 0.6635370781812865, -0.9066168129223787, 0.5064366252726599]",29.560620401250844,2.7305111440524734
"[0.1786032623861113, 0.6635391136455117, -0.906619132602049, 0.5064322735987524]",29.560673550849433,2.73057397653387
"[0.17859324128817913, 0.6635411495664182, -0.9066214526221897, 0.50642792095941]",29.560726699717204,2.7306368090152664
"[0.17858321873329516, 0.6635431859906497, -0.906623773035791, 0.5064235672549577]",29.56077985070517,2.7306996414966633
"[0.17857319639105537, 0.6635452225789802, -0.9066260934563074, 0.5064192132106031]",29.56083299970222,2.73076247397806
"[0.17856317206992217, 0.6635472597768287, -0.9066284143911251, 0.5064148578741051]",29.56088615031815,2.7308253064594563
"[0.17855314807842235, 0.6635492971151067, -0.9066307353057446, 0.5064105022483386]",29.560939298361,2.730888138940853
"[0.17854312526616112, 0.6635513344210969, -0.9066330560034189, 0.5064061467025537]",29.56099245007843,2.7309509714222497
"[0.17853309972721787, 0.6635533724887953, -0.9066353773885265, 0.5064017895392701]",29.56104560129338,2.7310138039036462
"[0.17852307303783463, 0.6635554109979134, -0.9066376990961039, 0.5063974314432487]",29.56109875097787,2.7310766363850427
"[0.1785130473537484, 0.6635574495101829, -0.9066400206269668, 0.5063930733514548]",29.56115190096977,2.7311394688664397
"[0.17850301974821292, 0.6635594886207368, -0.9066423426588157, 0.5063887139915731]",29.561205052761906,2.731202301347836
"[0.17849299189196052, 0.6635615279899095, -0.9066446648047674, 0.5063843540897709]",29.561258202271684,2.7312651338292326
"[0.17848296308798756, 0.6635635677595005, -0.9066469872262172, 0.506379993342907]",29.56131135493178,2.731327966310629
"[0.17847293517486726, 0.6635656075555749, -0.9066493094973781, 0.5063756325504067]",29.561364506907374,2.731390798792026
"[0.1784629048961643, 0.663567648040585, -0.9066516323723701, 0.5063712702960466]",29.561417657149644,2.7314536312734226
"[0.17845287512027735, 0.6635696886310753, -0.906653955186908, 0.5063669078271748]",29.56147081139116,2.731516463754819
"[0.17844284428857496, 0.6635717296441828, -0.9066562783019422, 0.5063625444658062]",29.56152396094613,2.731579296236216
"[0.17843281267489858, 0.6635737710242562, -0.906658601654048, 0.5063581803309205]",29.561577114336117,2.731642128717612
"[0.17842278002044387, 0.6635758128240291, -0.9066609253031603, 0.5063538153097891]",29.56163026601313,2.731704961199009
"[0.1784127485166064, 0.6635778545975267, -0.9066632487417126, 0.5063494503558339]",29.561683419159742,2.7317677936804055
"[0.1784027143003776, 0.6635798971310698, -0.9066655728644258, 0.5063450837880441]",29.561736571181527,2.731830626161802
"[0.17839268079737117, 0.663581939727426, -0.9066678968778575, 0.5063407170969848]",29.561789725347634,2.731893458643199
"[0.17838264524718064, 0.6635839829486048, -0.9066702214213782, 0.5063363490811901]",29.56184287632936,2.7319562911245954
"[0.17837261074277228, 0.6635860261649248, -0.9066725457785509, 0.5063319810868018]",29.561896030922266,2.732019123605992
"[0.17836257440774345, 0.6635880699621182, -0.9066748706156409, 0.5063276118616509]",29.56194918599509,2.7320819560873884
"[0.17835253795292313, 0.6635901139918489, -0.906677195536347, 0.5063232421504029]",29.56200233706486,2.7321447885687853
"[0.17834250058120818, 0.663592158416513, -0.906679520725303, 0.5063188716059055]",29.562055489708488,2.732207621050182
"[0.1783324633456969, 0.663594203021647, -0.9066818459385427, 0.5063145006866393]",29.562108645540242,2.7322704535315783
"[0.1783224252794098, 0.6635962480042575, -0.9066841714000614, 0.5063101289714502]",29.562161798876584,2.732333286012975
"[0.17831238535052682, 0.6635982935746452, -0.9066864973488983, 0.5063057560107705]",29.562214953626587,2.7323961184943717
"[0.17830234659611843, 0.6636003391140617, -0.9066888230814405, 0.5063013831273495]",29.56226810782002,2.732458950975768
"[0.17829230585549027, 0.663602385266576, -0.9066911493299309, 0.5062970089443198]",29.562321263611,2.7325217834571647
"[0.17828226472734435, 0.6636044317064859, -0.9066934757239803, 0.5062926341579659]",29.56237441822995,2.7325846159385616
"[0.1782722226988543, 0.663606478538364, -0.9066958023823936, 0.5062882585447465]",29.562427569753066,2.732647448419958
"[0.17826218089747162, 0.6636085255324203, -0.9066981290439385, 0.5062838825958842]",29.562480725656062,2.7327102809013546
"[0.17825213712238172, 0.6636105731373702, -0.9067004562185289, 0.5062795053521646]",29.562533880337156,2.7327731133827515
"[0.17824209436126065, 0.6636126207441527, -0.9067027832139021, 0.5062751281155958]",29.56258703735502,2.7328359458641476
"[0.1782320505732898, 0.6636146687688845, -0.9067051105029118, 0.5062707499966399]",29.562640192805137,2.7328987783455445
"[0.17822200591597295, 0.6636167171795185, -0.9067074380490591, 0.5062663710638114]",29.562693349945313,2.732961610826941
"[0.17821196170527911, 0.6636187657077122, -0.9067097655473911, 0.5062619918907548]",29.56274650557302,2.7330244433083375
"[0.17820191519393164, 0.6636208149138462, -0.9067120936345174, 0.5062576112795425]",29.562799660668773,2.7330872757897344
"[0.17819186756822505, 0.6636228645560653, -0.9067144220355451, 0.5062532297471996]",29.562852817286633,2.733150108271131
"[0.1781818194188271, 0.6636249145139433, -0.9067167506135889, 0.5062488475511704]",29.562905973496296,2.7332129407525274
"[0.17817177274216245, 0.6636269643801619, -0.9067190789059658, 0.5062444655621794]",29.56295912889896,2.733275773233924
"[0.17816172362141586, 0.6636290149539279, -0.9067214078203755, 0.5062400820717724]",29.56301228504584,2.733338605715321
"[0.17815167461122486, 0.6636310657140397, -0.9067237367647734, 0.5062356981941243]",29.563065443527673,2.7334014381967173
"[0.17814162437106226, 0.6636331169341131, -0.9067260660498265, 0.5062313133443375]",29.563118600113445,2.733464270678114
"[0.17813157399809798, 0.663635168390272, -0.9067283954212426, 0.5062269280009917]",29.563171755987455,2.7335271031595108
"[0.1781215229540675, 0.6636372201924303, -0.9067307250037601, 0.5062225419291387]",29.56322491524014,2.7335899356409072
"[0.17811147188221635, 0.6636392722092869, -0.9067330546482802, 0.5062181554094421]",29.56327807175208,2.7336527681223037
"[0.1781014192008216, 0.6636413247638554, -0.9067353847214052, 0.5062137677514379]",29.563331231499568,2.7337156006037002
"[0.17809136650125676, 0.6636433775312508, -0.9067377148542736, 0.5062093796496075]",29.563384386196656,2.733778433085097
"[0.17808131234892097, 0.66364543080449, -0.9067400453794033, 0.5062049904776005]",29.563437545009137,2.7338412655664937
"[0.17807125813063493, 0.6636474843004093, -0.9067423759753276, 0.5062006008407235]",29.563490703348617,2.73390409804789
"[0.17806120395435215, 0.6636495379969712, -0.9067447066170022, 0.5061962107860871]",29.56354386436956,2.733966930529287
"[0.17805114805249936, 0.6636515922552916, -0.9067470377141595, 0.5061918195417663]",29.563597020676568,2.734029763010683
"[0.17804109109697025, 0.6636536469382087, -0.9067493691110481, 0.5061874274009672]",29.563650178070905,2.73409259549208
"[0.1780310346728783, 0.6636557017219076, -0.9067517004401924, 0.5061830350558929]",29.563703338087368,2.734155427973477
"[0.1780209765449618, 0.6636577570631537, -0.9067540322197714, 0.5061786415301551]",29.56375649768246,2.734218260454873
"[0.17801091837851193, 0.6636598126217195, -0.9067563640637148, 0.5061742475510371]",29.56380965747228,2.73428109293627
"[0.17800086100885895, 0.6636618682268782, -0.9067586957783362, 0.5061698534834892]",29.563862817267793,2.7343439254176665
"[0.1779908018930619, 0.663663924398417, -0.906761027953183, 0.5061654582164171]",29.563915975139587,2.734406757899063
"[0.1779807418105643, 0.6636659809771078, -0.9067633604075452, 0.5061610620901955]",29.563969134987993,2.73446959038046
"[0.177970680884076, 0.6636680379379345, -0.9067656931129681, 0.5061566651583064]",29.564022293642363,2.7345324228618564
"[0.17796062079583608, 0.6636700949369699, -0.9067680256793913, 0.5061522681559243]",29.56407545610617,2.7345952553432533
"[0.17795055751765274, 0.6636721527979553, -0.9067703590408033, 0.5061478693222483]",29.56412861442871,2.7346580878246494
"[0.17794049581564725, 0.6636742105463078, -0.9067726920920837, 0.5061434707405212]",29.56418177684019,2.7347209203060463
"[0.1779304325707446, 0.6636762688199415, -0.9067750255564445, 0.506139071047171]",29.564234936317586,2.734783752787443
"[0.17792036835056393, 0.6636783275028407, -0.9067773593022677, 0.5061346704901887]",29.56428809545583,2.7348465852688393
"[0.17791030407111505, 0.6636803864076778, -0.9067796931171326, 0.5061302694700066]",29.56434125897987,2.734909417750236
"[0.1779002387557058, 0.6636824457343075, -0.9067820272275136, 0.5061258675594316]",29.564394416646728,2.7349722502316327
"[0.1778901729857048, 0.6636845053638405, -0.9067843614985861, 0.5061214650125999]",29.564447579804504,2.735035082713029
"[0.17788010654779465, 0.6636865653399954, -0.9067866959798035, 0.5061170617360873]",29.564500739199065,2.7350979151944257
"[0.1778700399374143, 0.6636886255613565, -0.9067890305562694, 0.50611265794662]",29.564553902351545,2.7351607476758226
"[0.17785997208367474, 0.663690686247213, -0.9067913654763159, 0.5061082531755249]",29.564607062788824,2.735223580157219
"[0.17784990325510408, 0.6636927473426623, -0.9067937006776685, 0.5061038475401455]",29.564660224635006,2.7352864126386156
"[0.1778398347881844, 0.6636948085741556, -0.9067960358503505, 0.5060994416252028]",29.564713387347023,2.7353492451200125
"[0.17782976541408319, 0.6636968702014802, -0.9067983712886256, 0.5060950348754034]",29.564766549981368,2.7354120776014086
"[0.17781969602723083, 0.6636989320415482, -0.9068007067850311, 0.5060906276821051]",29.564819712525974,2.7354749100828055
"[0.17780962431637512, 0.6637009945677197, -0.9068030428756364, 0.5060862190335191]",29.56487287340544,2.735537742564202
"[0.17779955278853798, 0.6637030572666246, -0.9068053789789551, 0.5060818100269378]",29.564926037326636,2.735600575045599
"[0.17778948051960802, 0.6637051203276069, -0.9068077153093106, 0.5060774002576897]",29.56497919865779,2.7356634075269954
"[0.17777940746776985, 0.6637071837592724, -0.9068100518763977, 0.50607298970737]",29.565032360863245,2.735726240008392
"[0.17776933482831214, 0.6637092473167936, -0.9068123884029387, 0.5060685788992983]",29.565085526671574,2.735789072489789
"[0.17775925958395228, 0.6637113116183948, -0.9068147255888421, 0.5060641665120424]",29.565138687629965,2.735851904971185
"[0.1777491868086344, 0.6637133756244988, -0.9068170622570709, 0.5060597547676733]",29.565191850533164,2.735914737452582
"[0.17773911061409156, 0.663715440541709, -0.9068193997735643, 0.5060553410871227]",29.565245015258345,2.7359775699339783
"[0.1777290352918029, 0.6637175054906602, -0.9068217371427685, 0.5060509273500047]",29.565298178293684,2.736040402415375
"[0.17771895862494722, 0.663719570925722, -0.9068240748789459, 0.5060465125851331]",29.565351342519204,2.7361032348967718
"[0.17770888077023272, 0.6637216368148645, -0.9068264129457426, 0.5060420968609773]",29.56540450628782,2.7361660673781683
"[0.17769880335888158, 0.6637237028237294, -0.9068287509647, 0.5060376808922116]",29.565457668596952,2.7362288998595647
"[0.17768872480266937, 0.6637257692779632, -0.9068310893042805, 0.5060332639827954]",29.565510832308075,2.7362917323409612
"[0.17767864552657803, 0.6637278360904976, -0.9068334278658793, 0.5060288463188367]",29.56556400048333,2.736354564822358
"[0.17766856561411, 0.6637299032442672, -0.9068357666301123, 0.5060244279368203]",29.56561716174879,2.7364173973037547
"[0.17765848567317388, 0.6637319706146294, -0.9068381054559179, 0.5060200091031589]",29.565670327078134,2.736480229785151
"[0.1776484041896364, 0.6637340385121985, -0.9068404446946086, 0.5060155891539537]",29.56572349182205,2.736543062266548
"[0.1776383220091052, 0.6637361067636045, -0.9068427841499728, 0.5060111684597741]",29.5657766551479,2.736605894747944
"[0.17762823981218495, 0.6637381752292564, -0.906845123664072, 0.5060067473189821]",29.565829820372148,2.736668727229341
"[0.17761815827249763, 0.6637402437709559, -0.9068474630805676, 0.5060023260269751]",29.565882988908214,2.7367315597107376
"[0.17760807457282865, 0.66374231296679, -0.906849803053188, 0.5059979033481492]",29.565936154346673,2.7367943921921345
"[0.17759798963926599, 0.6637443826268499, -0.9068521433670351, 0.5059934796884306]",29.56598932175101,2.736857224673531
"[0.17758790486099993, 0.6637464524660844, -0.9068544836997231, 0.5059890556570857]",29.566042485041535,2.7369200571549275
"[0.1775778196773952, 0.6637485225995811, -0.9068568241813362, 0.5059846310081353]",29.566095650553812,2.7369828896363244
"[0.17756773321900635, 0.6637505932058699, -0.9068591650136427, 0.5059802053599989]",29.56614881735348,2.7370457221177205
"[0.1775576470214693, 0.6637526639697524, -0.9068615058402446, 0.5059757793863798]",29.566201983504023,2.7371085545991174
"[0.1775475589021177, 0.6637547353394043, -0.9068638471676937, 0.5059713521293673]",29.566255150830813,2.737171387080514
"[0.17753747157701552, 0.6637568067571916, -0.906866188365614, 0.5059669247808308]",29.566308316657356,2.7372342195619104
"[0.17752738231884868, 0.6637588787832288, -0.9068685300669815, 0.5059624961436309]",29.566361483010343,2.7372970520433073
"[0.17751729285638707, 0.6637609510625121, -0.9068708718705575, 0.5059580669765]",29.566414648211623,2.737359884524704
"[0.17750720333832748, 0.6637630235645644, -0.9068732137418019, 0.5059536373446213]",29.566467817520046,2.7374227170061003
"[0.17749711350522432, 0.6637650963426884, -0.9068755557409212, 0.5059492071340611]",29.566520983181157,2.737485549487497
"[0.1774870214471953, 0.6637671697893279, -0.9068778983112258, 0.5059447755060468]",29.566574150991194,2.7375483819688937
"[0.17747692915649674, 0.6637692434952535, -0.9068802409902745, 0.50594034333524]",29.566627317315916,2.73761121445029
"[0.17746683646511582, 0.6637713174950224, -0.9068825838170504, 0.5059359105477887]",29.56668048531671,2.7376740469316867
"[0.17745674260685004, 0.6637733919461419, -0.9068849269694066, 0.5059314768070534]",29.56673365368547,2.7377368794130836
"[0.1774466501146709, 0.6637754663280558, -0.9068872698593254, 0.5059270432256308]",29.566786820741576,2.7377997118944797
"[0.1774365564123025, 0.6637775411702891, -0.9068896130848471, 0.5059226086717673]",29.56683998997128,2.7378625443758766
"[0.17742646062185485, 0.6637796166534291, -0.9068919568497749, 0.5059181727595168]",29.566893157990283,2.737925376857273
"[0.17741636466429833, 0.6637816923826076, -0.9068943007081567, 0.5059137363328007]",29.566946325645038,2.73798820933867
"[0.17740626894348857, 0.6637837682748385, -0.9068966445662053, 0.5059092995690205]",29.56699949552884,2.7380510418200665
"[0.17739617123381934, 0.6637858447878103, -0.9068989889406212, 0.505904861489966]",29.567052663264906,2.738113874301463
"[0.17738607427437167, 0.6637879213583197, -0.906901333195462, 0.5059004232993772]",29.567105831811926,2.73817670678286
"[0.17737597423168178, 0.6637899987747992, -0.9069036782207676, 0.5058959833121227]",29.56715900034043,2.738239539264256
"[0.17736587637958887, 0.6637920759526008, -0.9069060227920357, 0.505891543846436]",29.56721216969392,2.738302371745653
"[0.1773557772729555, 0.6637941536003673, -0.9069083677091532, 0.5058871033877476]",29.567265338288106,2.73836520422705
"[0.17734567697337617, 0.6637962317055246, -0.9069107129578153, 0.5058826619629475]",29.56731850955842,2.738428036708446
"[0.17733557535530536, 0.6637983102939763, -0.9069130585671767, 0.5058782195166662]",29.567371678912135,2.738490869189843
"[0.17732547449444128, 0.6638003889386553, -0.9069154040552386, 0.5058737769616682]",29.567424848987674,2.7385537016712393
"[0.17731537305365472, 0.663802467914731, -0.9069177497324709, 0.5058693337098518]",29.567478019545415,2.738616534152636
"[0.17730526966471144, 0.6638045475038896, -0.9069200959165935, 0.5058648891591959]",29.567531188473954,2.7386793666340328
"[0.17729516562586198, 0.6638066274390073, -0.9069224423061302, 0.5058604438806156]",29.567584354945666,2.7387421991154293
"[0.17728506064270314, 0.6638087077807449, -0.9069247889694425, 0.5058559977444669]",29.56763752459964,2.7388050315968258
"[0.1772749578069762, 0.6638107878925695, -0.9069271351885089, 0.5058515521111593]",29.56769069797162,2.7388678640782222
"[0.17726485247794777, 0.6638128687300089, -0.9069294820410465, 0.50584710493854]",29.567743870342266,2.738930696559619
"[0.17725474435561644, 0.6638149503550141, -0.90693182959675, 0.5058426560942185]",29.567797037432545,2.7389935290410157
"[0.1772446387473962, 0.6638170316746174, -0.9069341766229835, 0.5058382079140864]",29.56785020895728,2.739056361522412
"[0.1772345319451481, 0.6638191134525061, -0.9069365239809306, 0.505833758765999]",29.567903380909172,2.739119194003809
"[0.17722442387973442, 0.6638211957030264, -0.9069388716866452, 0.5058293086193183]",29.56795655187954,2.7391820264852056
"[0.17721431541742488, 0.6638232782477469, -0.9069412195389289, 0.5058248578553517]",29.56800972364108,2.739244858966602
"[0.17720420526640587, 0.6638253613529274, -0.9069435678378138, 0.505820405905101]",29.568062893882598,2.7393076914479986
"[0.17719409652474022, 0.6638274443802659, -0.90694591586369, 0.5058159541327342]",29.568116065459712,2.7393705239293955
"[0.1771839856744274, 0.6638295280546676, -0.9069482644337017, 0.5058115009889684]",29.5681692387025,2.739433356410792
"[0.1771738748688708, 0.6638316119324841, -0.9069506130476386, 0.5058070474220049]",29.568222410318533,2.7394961888921885
"[0.17716376260076053, 0.6638336963244159, -0.9069529620556239, 0.5058025927678196]",29.56827558118681,2.7395590213735854
"[0.1771536507797638, 0.663835780836878, -0.906955311014043, 0.5057981378675689]",29.568328753279737,2.7396218538549815
"[0.17714353744970343, 0.6638378658731734, -0.9069576603773014, 0.5057936818593415]",29.568381925182038,2.7396846863363784
"[0.1771334240189423, 0.6638399511430068, -0.9069600098182228, 0.5057892253635465]",29.568435099415296,2.739747518817775
"[0.17712330984498598, 0.663842036778901, -0.9069623594860491, 0.5057847680969778]",29.5684882721279,2.7398103512991714
"[0.17711319425728977, 0.6638441229191786, -0.9069647095365599, 0.5057803097640055]",29.568541444599656,2.7398731837805683
"[0.17710307914272885, 0.6638462091747808, -0.9069670595313787, 0.5057758511961267]",29.568594615444617,2.739936016261965
"[0.17709296207095374, 0.6638482960470189, -0.906969410035129, 0.5057713913219792]",29.56864778874191,2.7399988487433613
"[0.17708284591274423, 0.6638503829437771, -0.9069717603808299, 0.5057669314069868]",29.568700965125277,2.740061681224758
"[0.17707272871899946, 0.6638524702671541, -0.9069741110213073, 0.5057624705918248]",29.568754135593,2.7401245137061547
"[0.1770626105392583, 0.6638545580070193, -0.9069764619450448, 0.5057580088981619]",29.568807308373472,2.740187346187551
"[0.17705249155629196, 0.6638566461256935, -0.9069788131095774, 0.5057535464064993]",29.56886048227409,2.7402501786689477
"[0.17704237200308845, 0.6638587345751891, -0.9069811644607523, 0.5057490832194282]",29.568913656539014,2.7403130111503446
"[0.17703225139193704, 0.6638608234562092, -0.9069835161118883, 0.5057446191217334]",29.56896682941514,2.740375843631741
"[0.177022131117772, 0.6638629124808827, -0.9069858677388386, 0.5057401547286287]",29.56902000562495,2.7404386761131376
"[0.17701200885809645, 0.6638650021286668, -0.9069882198812728, 0.505735689015473]",29.569073177268116,2.740501508594534
"[0.17700188808673253, 0.6638670916824633, -0.9069905717319482, 0.5057312235147684]",29.569126353436637,2.740564341075931
"[0.17699176342096248, 0.6638691822536849, -0.9069929245416927, 0.5057267558513668]",29.569179525402276,2.7406271735573275
"[0.17698163995634358, 0.6638712727902829, -0.9069952771263812, 0.5057222882735618]",29.569232700704962,2.740690006038724
"[0.1769715163210223, 0.6638733635755273, -0.9069976298047893, 0.5057178201759917]",29.56928587442041,2.740752838520121
"[0.17696139214003948, 0.6638754546868909, -0.9069999826640407, 0.5057133513930988]",29.569339049868177,2.740815671001517
"[0.17695126689774268, 0.6638775462309457, -0.9070023358239647, 0.5057088816971446]",29.569392226816774,2.740878503482914
"[0.17694114095359245, 0.6638796381335076, -0.9070046892010142, 0.5057044112466712]",29.5694454002355,2.7409413359643104
"[0.17693101447017826, 0.6638817303610318, -0.9070070427573922, 0.5056999401133644]",29.569498574694006,2.741004168445707
"[0.176920887003386, 0.663883823005344, -0.9070093965963082, 0.5056954681010053]",29.569551748890497,2.741067000927104
"[0.17691075951187465, 0.6638859158683965, -0.9070117504949374, 0.5056909956328259]",29.569604926383843,2.7411298334085004
"[0.17690063057087865, 0.6638880092446795, -0.9070141047844236, 0.5056865220795075]",29.569658100588452,2.741192665889897
"[0.17689050118495195, 0.6638901029266497, -0.9070164592312719, 0.5056820478845764]",29.56971127920079,2.7412554983712933
"[0.17688037203449217, 0.6638921967736929, -0.9070188136773126, 0.505677573348531]",29.56976445588505,2.7413183308526903
"[0.17687024149006952, 0.6638942911226845, -0.9070211685012843, 0.5056730977514758]",29.569817628423827,2.7413811633340868
"[0.17686011014408093, 0.6638963858512553, -0.9070235235654778, 0.5056686213549376]",29.569870804243347,2.7414439958154833
"[0.17684997817994802, 0.6638984809215047, -0.9070258788272533, 0.505664144239886]",29.569923981610483,2.74150682829688
"[0.1768398463004873, 0.6639005761881257, -0.9070282341232211, 0.5056596667168365]",29.569977158700503,2.7415696607782767
"[0.176829714177364, 0.6639026717190774, -0.9070305895296786, 0.5056551886406044]",29.570030334173687,2.741632493259673
"[0.1768195796628401, 0.6639047679586344, -0.9070329455459131, 0.5056507090617831]",29.570083511150614,2.7416953257410697
"[0.17680944503928894, 0.6639068644348194, -0.9070353016413256, 0.5056462289889972]",29.57013668879278,2.7417581582224666
"[0.17679931069724733, 0.6639089610667842, -0.9070376577251154, 0.5056417485949608]",29.570189866292626,2.741820990703863
"[0.1767891756216658, 0.6639110580646198, -0.9070400140332361, 0.5056372674307834]",29.5702430429662,2.7418838231852596
"[0.17677903896339317, 0.663913155604082, -0.9070423707631095, 0.5056327851208732]",29.570296218602465,2.7419466556666565
"[0.17676890161242856, 0.6639152535010914, -0.9070447277078116, 0.5056283020586049]",29.57034939693516,2.7420094881480526
"[0.17675876402812907, 0.6639173516606282, -0.9070470847605283, 0.5056238184470364]",29.570402574543493,2.7420723206294495
"[0.17674862544099748, 0.6639194502420028, -0.9070494421001616, 0.5056193339457375]",29.570455753269073,2.742135153110846
"[0.1767384865738985, 0.6639215490956449, -0.9070517995586264, 0.5056148488743365]",29.57050893152522,2.7421979855922425
"[0.17672834712120636, 0.6639236482848626, -0.9070541572069717, 0.5056103630975564]",29.57056210730644,2.7422608180736394
"[0.17671820645888964, 0.663925747938911, -0.9070565151902933, 0.50560587633919]",29.57061528515891,2.742323650555036
"[0.17670806668478636, 0.6639278476234596, -0.9070588730207665, 0.5056013895273748]",29.570668464392053,2.742386483036433
"[0.17669792490983321, 0.6639299479368104, -0.9070612313701806, 0.5055969013836099]",29.570721641807605,2.742449315517829
"[0.17668778347516798, 0.6639320483941623, -0.9070635896941289, 0.5055924129438473]",29.570774821368634,2.742512147999226
"[0.17667764003593897, 0.6639341494812654, -0.9070659485378787, 0.5055879231701246]",29.570828000464378,2.7425749804806228
"[0.17666749578108687, 0.6639362509519388, -0.9070683076249461, 0.5055834325885037]",29.570881177029978,2.742637812962019
"[0.1766573526603505, 0.6639383524022943, -0.9070706665018847, 0.50557894206206]",29.570934357437896,2.7427006454434157
"[0.17664720812505613, 0.6639404543603364, -0.907073025761406, 0.5055744504624783]",29.570987536155975,2.7427634779248122
"[0.176637062931666, 0.663942556669454, -0.907075385227567, 0.505569958124466]",29.5710407155861,2.7428263104062087
"[0.17662691822232848, 0.6639446590929742, -0.9070777446347218, 0.5055654655537551]",29.57109389581775,2.7428891428876057
"[0.17661676954846026, 0.6639467625529486, -0.9070801050175096, 0.5055609707800571]",29.571147072732803,2.742951975369002
"[0.17660662211619632, 0.6639488659704423, -0.9070824651650826, 0.5055564761089133]",29.571200252217164,2.7430148078503986
"[0.17659647464036915, 0.6639509696118092, -0.9070848253763258, 0.5055519809711545]",29.571253433174522,2.743077640331795
"[0.1765863279553642, 0.6639530733040783, -0.9070871854571394, 0.5055474857364066]",29.57130661358402,2.743140472813192
"[0.17657617699505218, 0.663955178097719, -0.907089546585893, 0.5055429881600012]",29.571359791518322,2.7432033052945886
"[0.1765660269532751, 0.663957282915909, -0.9070919075544975, 0.5055384905429282]",29.57141297120038,2.743266137775985
"[0.17655587726369001, 0.6639593878760652, -0.9070942684946568, 0.5055339926342929]",29.571466153335756,2.743328970257382
"[0.17654572686542883, 0.6639614931982281, -0.907096629653123, 0.5055294939639158]",29.571519335177687,2.743391802738778
"[0.17653557372951786, 0.6639635993033504, -0.9070989915018778, 0.505524993632309]",29.571572512462435,2.743454635220175
"[0.176525422788135, 0.663965705168357, -0.9071013528935683, 0.5055204938255848]",29.57162569376876,2.7435174677015715
"[0.17651526917096355, 0.6639678118036556, -0.9071037149611488, 0.5055159923847184]",29.57167887464142,2.7435803001829684
"[0.17650511534575503, 0.6639699186973466, -0.9071060771305401, 0.5055114904035396]",29.571732054468235,2.743643132664365
"[0.17649496062712489, 0.6639720259916918, -0.9071084395611774, 0.5055069875780698]",29.57178523610784,2.7437059651457614
"[0.17648480589036655, 0.6639741335050994, -0.907110802049414, 0.5055024842963441]",29.571838417743948,2.7437687976271583
"[0.17647465041450333, 0.6639762413872231, -0.9071131647629713, 0.5054979802385785]",29.57189159806782,2.7438316301085544
"[0.1764644948925925, 0.6639783494942614, -0.9071155275405901, 0.5054934757120618]",29.571944780949526,2.7438944625899513
"[0.17645433672927088, 0.6639804583650634, -0.9071178909861072, 0.5054889695654088]",29.57199795950634,2.743957295071348
"[0.17644417812596894, 0.6639825675427019, -0.9071202545873319, 0.5054844627749616]",29.57205114257149,2.7440201275527443
"[0.1764340208728132, 0.6639846766554981, -0.9071226179277255, 0.50547995613492]",29.572104324094923,2.744082960034141
"[0.17642386154125023, 0.6639867864154081, -0.9071249818050132, 0.5054754481240147]",29.572157504477076,2.7441457925155377
"[0.17641370255951422, 0.6639888963182452, -0.9071273456541827, 0.5054709398195795]",29.57221068806863,2.744208624996934
"[0.1764035417750567, 0.6639910068110993, -0.9071297099760974, 0.5054664302662838]",29.572263871226607,2.7442714574783307
"[0.1763933805147739, 0.6639931176184709, -0.9071320744619922, 0.5054619200528261]",29.57231705226891,2.7443342899597276
"[0.17638321965775716, 0.6639952285577552, -0.9071344389072866, 0.5054574095693828]",29.572370236223133,2.744397122441124
"[0.17637305750793805, 0.6639973399813518, -0.9071368037066458, 0.5054528980629777]",29.572423414796273,2.7444599549225206
"[0.17636289536757835, 0.6639994516187405, -0.9071391685570116, 0.5054483861116448]",29.57247660030141,2.7445227874039175
"[0.17635273225708895, 0.6640015636735155, -0.9071415336863344, 0.5054438732803658]",29.572529781160927,2.744585619885314
"[0.17634256680550647, 0.6640036764307191, -0.9071438994136622, 0.5054393589601159]",29.572582965297077,2.7446484523667105
"[0.17633240242216855, 0.6640057891817714, -0.9071462649455632, 0.5054348446648814]",29.572636145450655,2.744711284848107
"[0.17632223684239653, 0.6640079023974657, -0.9071486308090627, 0.5054303293887669]",29.572689332595104,2.744774117329504
"[0.17631207066582774, 0.6640100159532112, -0.9071509968645995, 0.5054258133979834]",29.572742512182433,2.7448369498109004
"[0.17630190420400463, 0.6640121297842613, -0.9071533630396554, 0.5054212968308655]",29.57279569748299,2.744899782292297
"[0.17629173748935287, 0.6640142438839185, -0.907155729326664, 0.5054167797017415]",29.57284888084677,2.744962614773694
"[0.17628156851747334, 0.6640163586690733, -0.9071580961921447, 0.5054122611198616]",29.572902063709417,2.74502544725509
"[0.17627140056460597, 0.6640184734584744, -0.9071604628735221, 0.5054077425408694]",29.572955247724394,2.745088279736487
"[0.17626123130874113, 0.6640205887349717, -0.9071628299112684, 0.505403222932985]",29.573008429342064,2.7451511122178833
"[0.17625106003015115, 0.6640227046485017, -0.907165197472893, 0.5053987019759516]",29.573061615881752,2.74521394469928
"[0.17624089047713726, 0.664024820419304, -0.9071675646858949, 0.5053941813358199]",29.57311479845483,2.7452767771806768
"[0.17623071935042944, 0.6640269367337944, -0.9071699323182378, 0.5053896595459682]",29.573167984015345,2.7453396096620732
"[0.17622054678270588, 0.6640290535644747, -0.9071723003390398, 0.5053851366651594]",29.573221167016154,2.7454024421434697
"[0.17621037509147475, 0.6640311704291236, -0.907174668208802, 0.50538061372373]",29.573274353776238,2.7454652746248662
"[0.17620020163913402, 0.6640332878766931, -0.9071770365415199, 0.5053760895487753]",29.573327537323358,2.745528107106263
"[0.17619002635187897, 0.6640354059226795, -0.9071794053543804, 0.505371564107203]",29.57338071992007,2.7455909395876597
"[0.1761798535131394, 0.6640375236754521, -0.9071817736501733, 0.5053670393040831]",29.573433907332053,2.745653772069056
"[0.17616967809565215, 0.6640396421815894, -0.9071841425992537, 0.5053625129032949]",29.573487093064784,2.745716604550453
"[0.1761595026026269, 0.6640417609200231, -0.9071865116188476, 0.5053579860181617]",29.573540275762877,2.7457794370318496
"[0.17614932570012434, 0.6640438801685665, -0.9071888810195068, 0.5053534580551169]",29.573593462363885,2.745842269513246
"[0.1761391480439517, 0.6640459997907368, -0.9071912506485419, 0.5053489293057777]",29.573646645258645,2.7459051019946425
"[0.17612897006572795, 0.6640481196966833, -0.907193620405448, 0.5053443999621186]",29.57369982983761,2.7459679344760395
"[0.17611879215628115, 0.6640502398050323, -0.9071959901992085, 0.5053398701980121]",29.57375301774886,2.746030766957436
"[0.17610861265342725, 0.6640523604620813, -0.9071983604168317, 0.5053353392735729]",29.573806200366608,2.7460935994388325
"[0.17609843316674975, 0.6640544813325762, -0.90720073068353, 0.505330807905102]",29.573859388953462,2.7461564319202294
"[0.17608825369626374, 0.664056602416525, -0.9072031009992781, 0.5053262760925866]",29.57391257414203,2.7462192644016254
"[0.17607807239101833, 0.6640587240996846, -0.9072054717950669, 0.5053217430118491]",29.573965760026052,2.7462820968830224
"[0.17606788987876146, 0.6640608462513312, -0.9072078429247263, 0.5053172089421819]",29.574018945950407,2.746344929364419
"[0.17605770821818828, 0.6640629684424533, -0.9072102139088399, 0.5053126748002102]",29.574072132165668,2.7464077618458154
"[0.17604752535573073, 0.6640650911010846, -0.9072125852256029, 0.5053081396714112]",29.574125319264038,2.7464705943272123
"[0.1760373418560505, 0.6640672141096077, -0.9072149567435118, 0.5053036038071005]",29.574178505005403,2.746533426808609
"[0.1760271573372058, 0.6640693375477081, -0.9072173285515047, 0.5052990670370308]",29.57423169286449,2.7465962592900053
"[0.1760169727263331, 0.6640714612221286, -0.907219700433654, 0.5052945297741075]",29.574284879401635,2.746659091771402
"[0.17600678702484737, 0.6640735853411415, -0.9072220726225085, 0.5052899915733577]",29.5743380638378,2.7467219242527987
"[0.1759965996354675, 0.6640757100294049, -0.9072244452571696, 0.5052854521684598]",29.57439125148631,2.746784756734195
"[0.17598641338205492, 0.6640778346980072, -0.9072268176799452, 0.5052809128176343]",29.574444440270376,2.7468475892155917
"[0.175976226095327, 0.6640799597994185, -0.9072291903960512, 0.5052763725541738]",29.57449762557781,2.7469104216969886
"[0.17596603734127167, 0.6640820854242796, -0.9072315635065692, 0.5052718311844437]",29.57455081287763,2.746973254178385
"[0.17595584893201457, 0.6640842111945815, -0.9072339365894161, 0.5052672895160597]",29.574604000123347,2.7470360866597816
"[0.17594566000717068, 0.6640863372898583, -0.9072363098449728, 0.5052627471654553]",29.574657186526775,2.7470989191411785
"[0.17593546832065796, 0.6640884641789088, -0.907238683796413, 0.5052582031310621]",29.574710374971634,2.747161751622575
"[0.17592527871885097, 0.6640905908503862, -0.9072410573148528, 0.5052536595735996]",29.574763564500472,2.7472245841039715
"[0.1759150858689703, 0.6640927184173441, -0.9072434316424729, 0.5052491141150751]",29.574816750376048,2.747287416585368
"[0.17590489466632922, 0.6640948458580416, -0.9072458056389475, 0.5052445689384035]",29.57486993817481,2.747350249066765
"[0.1758947018871765, 0.6640969738454678, -0.9072481800552111, 0.5052400226057903]",29.574923127523316,2.7474130815481614
"[0.17588450757531504, 0.664099102370549, -0.9072505548810718, 0.5052354751365961]",29.574976315147726,2.747475914029558
"[0.17587431436149345, 0.6641012308840685, -0.9072529295036522, 0.5052309277042345]",29.575029503519616,2.747538746510955
"[0.17586412001554705, 0.6641033598517134, -0.9072553044424785, 0.5052263793137802]",29.575082690707013,2.747601578992351
"[0.1758539238201364, 0.6641054894234069, -0.9072576798646671, 0.5052218296449497]",29.575135880135846,2.747664411473748
"[0.17584372738144277, 0.664107619263761, -0.9072600553960174, 0.5052172794142805]",29.575189069191758,2.7477272439551443
"[0.175833530983797, 0.6641097493134042, -0.9072624309702688, 0.5052127287486211]",29.575242256067913,2.747790076436541
"[0.17582333316209026, 0.6641118798784532, -0.9072648069287533, 0.5052081769939831]",29.57529544524064,2.7478529089179378
"[0.17581313652057143, 0.6641140104148449, -0.9072671826646973, 0.505203625312716]",29.57534863726057,2.7479157413993343
"[0.1758029379678303, 0.6641161415685464, -0.9072695588983555, 0.5051990723247789]",29.57540182490962,2.747978573880731
"[0.1757927380616959, 0.6641182732231112, -0.9072719354997621, 0.5051945182789599]",29.575455013136967,2.7480414063621272
"[0.1757825383587082, 0.6641204050532833, -0.9072743121062268, 0.5051899638701345]",29.57550820399465,2.748104238843524
"[0.17577233804153922, 0.6641225372299256, -0.9072766889081741, 0.5051854087332848]",29.57556139337155,2.7481670713249207
"[0.17576213481377329, 0.6641246702331932, -0.9072790664407018, 0.5051808518426371]",29.57561458152141,2.748229903806317
"[0.1757519337084065, 0.6641268030109382, -0.9072814435310219, 0.5051762954459527]",29.57566776990535,2.748292736287714
"[0.17574173136501875, 0.6641289362657445, -0.907283820962157, 0.5051717380422799]",29.57572096259954,2.7483555687691106
"[0.17573152824735455, 0.6641310699007016, -0.9072861986260395, 0.5051671798386451]",29.575774150485216,2.748418401250507
"[0.17572132431238657, 0.664133203924892, -0.9072885765326828, 0.50516262081567]",29.575827341322626,2.7484812337319036
"[0.17571111988470203, 0.6641353382704787, -0.9072909546064357, 0.5051580611182777]",29.575880530542893,2.7485440662133005
"[0.1757009148083251, 0.6641374729701344, -0.9072933328836352, 0.5051535006766757]",29.575933719920382,2.748606898694697
"[0.17569070893801042, 0.6641396080543014, -0.9072957113981199, 0.5051489394258364]",29.57598690955482,2.7486697311760935
"[0.1756805025449706, 0.664141743466293, -0.907298090086672, 0.5051443774868656]",29.576040101166228,2.7487325636574904
"[0.17567029474886264, 0.6641438793903784, -0.9073004691544545, 0.5051398144661184]",29.576093290755196,2.7487953961388865
"[0.17566008712719713, 0.6641460154965139, -0.9073028482337978, 0.505135251068672]",29.5761464834193,2.7488582286202834
"[0.17564987821412603, 0.6641481520915115, -0.9073052276663299, 0.5051306866390953]",29.57619967334837,2.74892106110168
"[0.17563967032341257, 0.6641502886911497, -0.9073076069127534, 0.5051261222118402]",29.576252864407014,2.7489838935830764
"[0.17562945863210616, 0.6641524263049988, -0.9073099870972009, 0.5051215556301518]",29.576306054127887,2.7490467260644733
"[0.17561924936574627, 0.6641545636299436, -0.9073123667685822, 0.5051169896778988]",29.57635924612184,2.74910955854587
"[0.17560903870591085, 0.6641567014653482, -0.9073147468169028, 0.5051124226474009]",29.576412438211964,2.7491723910272667
"[0.17559882679505065, 0.6641588397814882, -0.9073171272089565, 0.5051078546021713]",29.576465628241994,2.749235223508663
"[0.17558861338488307, 0.6641609786304457, -0.9073195080026191, 0.5051032854309502]",29.576518819332392,2.7492980559900597
"[0.17557840015810666, 0.6641631176598997, -0.9073218888056322, 0.5050987158864063]",29.576572011472873,2.749360888471456
"[0.1755681869380354, 0.6641652569068592, -0.9073242696591616, 0.5050941458894809]",29.576625202231277,2.7494237209528527
"[0.17555797259984665, 0.6641673966069762, -0.9073266508254064, 0.5050895749367657]",29.576678394985564,2.7494865534342496
"[0.17554775662491937, 0.6641695368689915, -0.9073290324252669, 0.5050850027959711]",29.576731585655008,2.749549385915646
"[0.17553754102300786, 0.6641716772719138, -0.9073314139902076, 0.5050804303664493]",29.576784776554376,2.7496122183970426
"[0.17552732640396979, 0.6641738176879326, -0.9073337953780201, 0.5050758579212375]",29.576837970857603,2.749675050878439
"[0.17551710844218402, 0.6641759590235464, -0.9073361775971557, 0.5050712835238449]",29.576891162378974,2.749737883359836
"[0.17550689103100062, 0.6641781004629495, -0.9073385597399161, 0.5050667089170395]",29.576944354346818,2.7498007158412325
"[0.1754966716814953, 0.664180242527826, -0.9073409423865756, 0.5050621329863738]",29.57699754560297,2.749863548322629
"[0.17548645429397453, 0.6641823844006718, -0.9073433246277497, 0.5050575574782438]",29.577050740141043,2.749926380804026
"[0.175476233846059, 0.6641845271343695, -0.9073457076344225, 0.5050529801434622]",29.577103930549757,2.749989213285422
"[0.17546601383298094, 0.6641866699962361, -0.9073480905916415, 0.5050484025472062]",29.577157124331848,2.750052045766819
"[0.17545579293928812, 0.6641888132621122, -0.9073504738061078, 0.5050438241002275]",29.57721031742101,2.7501148782482154
"[0.17544557030624333, 0.6641909571121688, -0.9073528574780508, 0.505039244417656]",29.5772635092414,2.7501777107296124
"[0.17543534897357183, 0.6641931009089552, -0.9073552408986622, 0.5050346648612172]",29.57731670430057,2.750240543211009
"[0.1754251250956018, 0.6641952454590974, -0.9073576249646692, 0.505030083707805]",29.577369894711705,2.7503033756924053
"[0.175414901509463, 0.6641973901675774, -0.9073600090144853, 0.5050255022285052]",29.577423089492452,2.7503662081738023
"[0.1754046776267616, 0.6641995351578374, -0.9073623931852984, 0.5050209201596244]",29.57747628291198,2.7504290406551983
"[0.17539445356262934, 0.664201680405751, -0.9073647774502427, 0.5050163375527066]",29.577529476093627,2.7504918731365953
"[0.17538422612708912, 0.6642038265807761, -0.9073671625532297, 0.5050117529776884]",29.57758266699255,2.750554705617992
"[0.17537400095730973, 0.6642059725000328, -0.9073695471796224, 0.505007168961401]",29.577635863212414,2.7506175380993882
"[0.17536377444339693, 0.6642081189210999, -0.9073719321712609, 0.5050025838855421]",29.57768905721587,2.750680370580785
"[0.1753535462101265, 0.6642102659228375, -0.9073743176156568, 0.5049979975816591]",29.57774224708913,2.7507432030621817
"[0.17534331901863448, 0.6642124129257106, -0.9073767028688321, 0.504993411287745]",29.577795444659664,2.750806035543578
"[0.17533309005981176, 0.664214560519443, -0.9073790885859375, 0.5049888237440476]",29.577848637663113,2.750868868024975
"[0.17532286005258077, 0.6642167085532145, -0.9073814745992927, 0.5049842352727624]",29.57790183097399,2.7509317005063716
"[0.17531263001186234, 0.6642188568139743, -0.9073838606721667, 0.5049796463290064]",29.577955025344956,2.750994532987768
"[0.17530239892413024, 0.6642210055145983, -0.9073862470409436, 0.5049750564580517]",29.578008218971174,2.7510573654691646
"[0.17529216717166826, 0.6642231545748695, -0.9073886336164484, 0.50497046583126]",29.578061413762327,2.7511201979505615
"[0.17528193552201465, 0.6642253038336079, -0.9073910202196336, 0.5049658747929364]",29.578114609041393,2.751183030431958
"[0.1752717023419189, 0.6642274536339547, -0.9073934072314548, 0.5049612826101051]",29.578167802873487,2.7512458629133545
"[0.1752614690543957, 0.6642296036770108, -0.9073957943199699, 0.5049566899212384]",29.578220998813897,2.7513086953947514
"[0.17525123445478177, 0.6642317542159559, -0.9073981817661734, 0.5049520961855438]",29.578274192109095,2.751371527876148
"[0.17524100075515409, 0.6642339047859968, -0.9074005690540327, 0.5049475023958577]",29.578327386257964,2.7514343603575444
"[0.17523076594695888, 0.6642360558092477, -0.9074029566520758, 0.5049429076505213]",29.578380580848297,2.751497192838941
"[0.17522052976538857, 0.6642382073414518, -0.9074053446220753, 0.5049383118304682]",29.57843377770136,2.751560025320338
"[0.17521029093650275, 0.6642403596505202, -0.9074077332612338, 0.5049337143634356]",29.578486971176225,2.7516228578017343
"[0.1752000552265944, 0.6642425115243173, -0.9074101212242949, 0.5049291178386257]",29.578540169190823,2.751685690283131
"[0.1751898160643082, 0.6642446643443858, -0.9074125100443156, 0.5049245193049994]",29.578593362719076,2.7517485227645277
"[0.17517957776807175, 0.6642468172028202, -0.9074148987138025, 0.5049199207018669]",29.578646559531073,2.751811355245924
"[0.17516933799082446, 0.6642489705932215, -0.907417287780317, 0.5049153209749143]",29.5786997534576,2.7518741877273207
"[0.1751590982231739, 0.6642511242021651, -0.907419676896074, 0.5049107207936236]",29.578752950501713,2.751937020208717
"[0.175148857455963, 0.6642532782419421, -0.9074220662965129, 0.5049061197045427]",29.57880614630407,2.7519998526901137
"[0.17513861581985926, 0.66425543268514, -0.9074244559511385, 0.5049015177662327]",29.578859341742042,2.7520626851715106
"[0.17512837463775008, 0.6642575872535008, -0.9074268455512656, 0.5048969155730643]",29.57891253840384,2.752125517652907
"[0.17511813015228234, 0.6642597427376126, -0.9074292359736074, 0.5048923114363394]",29.57896573075961,2.7521883501343036
"[0.17510788880226186, 0.6642618977827408, -0.9074316257157279, 0.5048877082497902]",29.579018928557538,2.7522511826157
"[0.17509764454969037, 0.6642640536594432, -0.907434016186525, 0.5048831032995051]",29.57907212489157,2.752314015097097
"[0.17508739965349787, 0.6642662098924588, -0.9074364068588886, 0.5048784976006503]",29.579125320584843,2.7523768475784935
"[0.17507715438185567, 0.664268366425392, -0.9074387976702256, 0.5048738912736939]",29.579178519502708,2.75243968005989
"[0.17506690943108824, 0.6642705231116894, -0.9074411884580212, 0.5048692846316781]",29.579231714562,2.752502512541287
"[0.17505666173353912, 0.6642726805972206, -0.9074435799381493, 0.5048646762950467]",29.57928491119957,2.7525653450226835
"[0.17504641376973018, 0.6642748383598628, -0.9074459715317366, 0.5048600673790519]",29.57933810699278,2.75262817750408
"[0.17503616627444443, 0.6642769962449131, -0.9074483630672809, 0.5048554582141416]",29.57939130597268,2.7526910099854764
"[0.1750259181392238, 0.6642791544857956, -0.9074507548034535, 0.5048508483017268]",29.579444502821733,2.7527538424668734
"[0.17501566790784323, 0.6642813133893017, -0.907453147080107, 0.5048462369865345]",29.57949769787002,2.75281667494827
"[0.17500541841728864, 0.6642834723579559, -0.9074555392351148, 0.5048416255447453]",29.579550895644374,2.7528795074296664
"[0.1749951671289769, 0.6642856319265409, -0.9074579318609487, 0.5048370128341029]",29.579604093113627,2.7529423399110633
"[0.1749849162552438, 0.6642877916290585, -0.9074603244412421, 0.504832399849961]",29.579657290157833,2.7530051723924593
"[0.1749746635753243, 0.6642899519334353, -0.9074627174943192, 0.5048277855928549]",29.5797104858589,2.7530680048738563
"[0.17496441208338762, 0.6642921122088209, -0.9074651103212982, 0.5048231714102496]",29.579763683993615,2.7531308373552528
"[0.17495415873485265, 0.6642942730968442, -0.9074675036328044, 0.504818555931694]",29.579816882618477,2.7531936698366493
"[0.1749439048073864, 0.664296434328295, -0.9074698971306094, 0.5048139397321794]",29.579870079476866,2.753256502318046
"[0.17493365123217744, 0.6642985957069558, -0.9074722905973274, 0.5048093232308402]",29.57992327792559,2.7533193347994427
"[0.1749233938551193, 0.6643007581085963, -0.9074746850026475, 0.5048047045571168]",29.57997647440201,2.753382167280839
"[0.17491313828407465, 0.6643029203510852, -0.9074770790375029, 0.5048000862359403]",29.58002967268877,2.7534449997622357
"[0.1749028811671283, 0.6643050831411077, -0.9074794734843369, 0.5047954667578898]",29.58008287074547,2.7535078322436326
"[0.17489262386904855, 0.6643072461909847, -0.9074818680245409, 0.5047908467374449]",29.580136067802446,2.753570664725029
"[0.1748823662216762, 0.664309409536199, -0.9074842626973555, 0.5047862260988167]",29.580189266120662,2.7536334972064256
"[0.17487210827119842, 0.664311573167046, -0.9074866574919807, 0.504781604862741]",29.580242466253555,2.7536963296878225
"[0.17486184903745228, 0.6643137372903231, -0.907489052637233, 0.5047769825875293]",29.58029566522826,2.753759162169219
"[0.17485158976121773, 0.6643159016443569, -0.9074914478434243, 0.5047723598320922]",29.58034886239212,2.7538219946506155
"[0.17484132859678136, 0.6643180666186037, -0.9074938435414606, 0.5047677357646143]",29.580402061869197,2.753884827132012
"[0.1748310679689033, 0.6643202317015258, -0.9074962391652164, 0.5047631114776712]",29.580455260191627,2.753947659613409
"[0.17482080608858858, 0.6643223972706536, -0.9074986351323645, 0.5047584861649218]",29.580508461459313,2.7540104920948054
"[0.17481054319073933, 0.6643245632765031, -0.9075010313880543, 0.5047538599320676]",29.580561657537007,2.754073324576202
"[0.17480028062845623, 0.6643267294335432, -0.9075034276163346, 0.5047492333889686]",29.580614854679087,2.754136157057599
"[0.17479001568308256, 0.664328896315664, -0.9075058244519901, 0.5047446053098795]",29.58066805589593,2.754198989538995
"[0.17477975177796448, 0.6643310632002961, -0.9075082210956613, 0.5047399772381118]",29.580721255540528,2.754261822020392
"[0.1747694863887215, 0.6643332306204002, -0.9075106181367787, 0.5047353480353592]",29.58077445247523,2.7543246545017883
"[0.1747592195359463, 0.6643353985717289, -0.9075130155705361, 0.5047307177106964]",29.580827651206736,2.754387486983185
"[0.17474895455222003, 0.6643375663505963, -0.907515412618706, 0.5047260877670846]",29.58088085175595,2.7544503194645817
"[0.1747386851396107, 0.664339735287061, -0.9075178107519669, 0.5047214553637536]",29.580934050174427,2.7545131519459782
"[0.17472841851658624, 0.6643419038566692, -0.9075202082846315, 0.5047168237566709]",29.58098725081306,2.7545759844273747
"[0.1747181493900131, 0.6643440731774729, -0.9075226064527633, 0.5047121905579233]",29.581040450074507,2.754638816908771
"[0.17470788077534835, 0.6643462426124925, -0.9075250045521587, 0.5047075571279247]",29.581093648711928,2.754701649390168
"[0.17469761157754507, 0.6643484123931186, -0.9075274028385258, 0.5047029229725045]",29.581146849274454,2.754764481871565
"[0.17468734081067167, 0.6643505827277678, -0.9075298015421108, 0.5046982876465554]",29.581200050225515,2.754827314352961
"[0.17467707070150518, 0.6643527531459281, -0.9075322001428447, 0.5046936521549786]",29.58125325132703,2.754890146834358
"[0.17466679738917013, 0.6643549244636263, -0.9075345995424375, 0.5046890147549462]",29.581306450514642,2.7549529793157546
"[0.17465652528923606, 0.664357095747687, -0.9075369987095974, 0.5046843774394993]",29.581359649131382,2.755015811797151
"[0.17464625291661912, 0.6643592673120057, -0.9075393979911534, 0.5046797395382407]",29.581412852485478,2.755078644278548
"[0.1746359781419144, 0.6643614396068627, -0.9075417978844545, 0.5046751000895213]",29.581466050781298,2.7551414767599445
"[0.17462570368415622, 0.6643636120574085, -0.9075441977544209, 0.5046704603210154]",29.581519249720735,2.755204309241341
"[0.17461542992946452, 0.6643657845820276, -0.9075465975108237, 0.5046658204070749]",29.581572453585487,2.7552671417227375
"[0.17460515206917362, 0.6643679581977116, -0.9075489982768792, 0.5046611781757063]",29.581625650932533,2.7553299742041344
"[0.17459487558131925, 0.6643701317460359, -0.9075513987729927, 0.5046565361009865]",29.581678849485797,2.755392806685531
"[0.17458459872818627, 0.6643723055945012, -0.907553799405052, 0.5046518933980269]",29.581732051863128,2.7554556391669274
"[0.17457432240201182, 0.6643744795543799, -0.9075561999646117, 0.5046472504698977]",29.581785254393782,2.7555184716483243
"[0.1745640427845956, 0.6643766544335382, -0.9075586013436007, 0.5046426055912675]",29.581838453187157,2.7555813041297204
"[0.17455376399054306, 0.6643788293615214, -0.9075610025808226, 0.5046379606211604]",29.58189165547924,2.7556441366111173
"[0.1745434847626745, 0.6643810046043439, -0.9075634039699413, 0.5046333149914592]",29.581944855203794,2.755706969092514
"[0.17453320420625995, 0.664383180351429, -0.9075658057199687, 0.5046286682976365]",29.581998057310457,2.7557698015739107
"[0.17452292192248023, 0.66438535668725, -0.9075682079240851, 0.504624020359258]",29.582051258817547,2.755832634055307
"[0.1745126405213891, 0.6643875330594509, -0.9075706099724915, 0.5046193723560186]",29.582104459597538,2.7558954665367037
"[0.17450235843081816, 0.6643897098008225, -0.9075730122324736, 0.5046147235771821]",29.582157660825093,2.7559582990181006
"[0.17449207499731545, 0.6643918870497788, -0.9075754148566935, 0.5046100737271495]",29.58221086342349,2.7560211314994967
"[0.17448179162196378, 0.6643940645097365, -0.9075778175177884, 0.5046054234393329]",29.582264064127063,2.7560839639808936
"[0.17447150584446153, 0.6643962427017372, -0.9075802207905918, 0.5046007716009738]",29.58231726527433,2.75614679646229
"[0.17446122186812824, 0.6643984207356933, -0.9075826236929796, 0.5045961201129925]",29.582370467044687,2.7562096289436866
"[0.17445093633862152, 0.6644005993220204, -0.9075850270086862, 0.5045914674582026]",29.582423669270003,2.7562724614250835
"[0.17444064930382355, 0.6644027784506895, -0.9075874307265245, 0.5045868136580324]",29.582476870174347,2.75633529390648
"[0.17443036201032616, 0.664404957857704, -0.9075898345551997, 0.5045821592762905]",29.582530072674707,2.7563981263878765
"[0.17442007441475968, 0.6644071375522834, -0.907592238504828, 0.504577504293293]",29.58258327633683,2.756460958869273
"[0.17440978634626084, 0.6644093175706878, -0.9075946426153154, 0.5045728486316262]",29.582636477145066,2.75652379135067
"[0.17439949704311108, 0.6644114980743311, -0.9075970470646624, 0.5045681919465296]",29.582689678139356,2.7565866238320664
"[0.17438920708617345, 0.6644136789402515, -0.9075994517171098, 0.5045635345006604]",29.58274287846485,2.756649456313463
"[0.17437891659921628, 0.6644158601422517, -0.9076018565437246, 0.5045588763499569]",29.582796082510185,2.75671228879486
"[0.17436862532417996, 0.6644180417350875, -0.9076042616048003, 0.504554217377493]",29.582849285333523,2.756775121276256
"[0.17435833416598412, 0.6644202235269626, -0.9076066666888417, 0.5045495579928693]",29.582902490115835,2.756837953757653
"[0.17434804203799753, 0.6644224057482915, -0.9076090720497828, 0.5045448977040252]",29.582955690789998,2.7569007862390493
"[0.17433774836245283, 0.6644245885216746, -0.9076114778226485, 0.5045402362491509]",29.583008894814416,2.7569636187204463
"[0.17432745406189784, 0.6644267716515687, -0.9076138837918203, 0.50453557404585]",29.583062095190773,2.7570264512018428
"[0.17431715903946807, 0.6644289551585718, -0.9076162899799247, 0.5045309110501413]",29.583115298608124,2.7570892836832392
"[0.17430686557719086, 0.6644311385586672, -0.907618695853571, 0.5045262482956716]",29.58316850294128,2.757152116164636
"[0.1742965695071102, 0.6644333227359918, -0.9076211023869124, 0.5045215838943344]",29.583221705375635,2.7572149486460322
"[0.17428627250094542, 0.6644355073360392, -0.9076235091892164, 0.5045169186032031]",29.58327490696825,2.757277781127429
"[0.1742759750539026, 0.6644376922538049, -0.9076259161447231, 0.5045122526465267]",29.58332811127028,2.7573406136088257
"[0.1742656782195311, 0.6644398772657575, -0.9076283230071479, 0.5045075865016704]",29.583381313538663,2.757403446090222
"[0.17425537965305443, 0.6644420628695195, -0.9076307303245625, 0.5045029191059627]",29.58343451632136,2.757466278571619
"[0.1742450804256978, 0.6644442488378115, -0.9076331378465644, 0.5044982509447451]",29.583487719815547,2.7575291110530156
"[0.17423478030450062, 0.6644464352201781, -0.9076355456275937, 0.5044935819122539]",29.583540923076,2.757591943534412
"[0.174224480366144, 0.664448621788098, -0.9076379534159479, 0.5044889124964926]",29.5835941269149,2.7576547760158086
"[0.1742141776665447, 0.664450809166668, -0.9076403618998534, 0.5044842413625795]",29.58364732992678,2.7577176084972055
"[0.17420387722865074, 0.6644529962894883, -0.9076427699050663, 0.5044795707878088]",29.583700533815673,2.757780440978602
"[0.17419357431421234, 0.6644551841626737, -0.9076451785392581, 0.5044748986236478]",29.5837537369682,2.7578432734599985
"[0.1741832711474363, 0.6644573723139845, -0.9076475872824504, 0.5044702258785476]",29.583806941248188,2.7579061059413954
"[0.17417296644919447, 0.6644595610151793, -0.907649996433672, 0.5044655519722092]",29.583860146184048,2.7579689384227914
"[0.17416266351862675, 0.6644617495654999, -0.9076524052215934, 0.5044608784010582]",29.583913348484483,2.7580317709041884
"[0.17415235745332433, 0.6644639390063988, -0.9076548147923639, 0.5044562029411382]",29.5839665513895,2.758094603385585
"[0.17414205271822347, 0.6644661283894048, -0.9076572241020662, 0.5044515276178759]",29.584019758716295,2.758157435866982
"[0.17413174530522132, 0.664468318566141, -0.9076596340878088, 0.5044468506126695]",29.584072961224933,2.7582202683483783
"[0.17412143831788326, 0.6644705088772416, -0.9076620440239362, 0.5044421733335768]",29.584126167788156,2.758283100829775
"[0.17411113005166642, 0.6644726996849734, -0.9076644543089817, 0.5044374950070047]",29.584179369979022,2.7583459333111717
"[0.17410082139092542, 0.6644748908014527, -0.9076668647361551, 0.5044328160341733]",29.58423257234995,2.7584087657925678
"[0.1740905126845936, 0.6644770821525501, -0.9076692752238456, 0.5044281365733957]",29.584285780842954,2.7584715982739647
"[0.17408020229569282, 0.6644792740862883, -0.9076716861548223, 0.5044234558814836]",29.58433898270337,2.758534430755361
"[0.17406989282060975, 0.6644814660507518, -0.9076740969219381, 0.5044187751370338]",29.584392187363946,2.7585972632367577
"[0.1740595809017405, 0.6644836587598786, -0.9076765083103249, 0.5044140928154978]",29.58444539243451,2.7586600957181546
"[0.17404926961923659, 0.6644858515587816, -0.9076789195996958, 0.5044094103153319]",29.5844985964487,2.758722928199551
"[0.17403895670465006, 0.6644880449299174, -0.9076813313205112, 0.5044047266063084]",29.58455180170374,2.7587857606809476
"[0.17402864463725745, 0.664490238346026, -0.9076837428929643, 0.5044000428143395]",29.584605008329515,2.758848593162344
"[0.17401832969819986, 0.6644924325982033, -0.907686155186737, 0.5043953572501397]",29.584658211602104,2.758911425643741
"[0.17400801613833086, 0.6644946267822465, -0.9076885672076953, 0.5043906718445352]",29.584711415823232,2.7589742581251375
"[0.17399769972523402, 0.6644968217986533, -0.9076909799456577, 0.5043859846746337]",29.584764622636094,2.759037090606534
"[0.17398738478125078, 0.6644990167278207, -0.9076933923897306, 0.5043812977041349]",29.58481782750335,2.759099923087931
"[0.17397706842327182, 0.6645012121832622, -0.9076958052141869, 0.5043766096229719]",29.584871032171385,2.7591627555693274
"[0.17396674990439864, 0.6645034083240522, -0.9076982185937181, 0.5043719200914712]",29.58492423726403,2.759225588050724
"[0.1739564326555694, 0.6645056044200169, -0.907700631725852, 0.504367230668823]",29.58497744306955,2.759288420532121
"[0.17394611477924682, 0.6645078008750501, -0.9077030450543818, 0.5043625404925771]",29.58503064620725,2.7593512530135174
"[0.17393579622531744, 0.664509997699877, -0.9077054585910154, 0.5043578495398406]",29.58508385378799,2.759414085494914
"[0.17392547532685745, 0.6645121952494945, -0.9077078727256507, 0.5043531570525839]",29.585137058930936,2.7594769179763103
"[0.17391515424206, 0.6645143930644773, -0.907710286953465, 0.5043484640118453]",29.585190264517816,2.7595397504577073
"[0.17390483370523532, 0.6645165909884617, -0.9077127011026688, 0.504343770751519]",29.585243470724265,2.7596025829391038
"[0.1738945120766244, 0.6645187893706808, -0.9077151155568133, 0.5043390765258776]",29.58529667510341,2.7596654154205003
"[0.1738841903264405, 0.6645209880045556, -0.9077175300889275, 0.5043343817760497]",29.585349883554056,2.759728247901897
"[0.17387386627629453, 0.6645231873541927, -0.9077199452085906, 0.5043296855110334]",29.585403087487045,2.7597910803832932
"[0.1738635419387838, 0.6645253869909448, -0.9077223604449891, 0.5043249886461293]",29.58545629311867,2.75985391286469
"[0.173853217666664, 0.6645275868396768, -0.9077247757155786, 0.5043202913417784]",29.585509499056094,2.7599167453460867
"[0.1738428930326558, 0.6645297869914536, -0.9077271911202984, 0.5043155934035366]",29.585562706760506,2.759979577827483
"[0.17383256624734592, 0.6645319878276915, -0.9077296070777681, 0.5043108940169848]",29.585615912813463,2.76004241030888
"[0.1738222396058067, 0.6645341888593467, -0.907732023051046, 0.5043061942263757]",29.58566911831183,2.7601052427902766
"[0.17381191250545938, 0.6645363902148762, -0.9077344391810891, 0.5043014937574235]",29.585722325040358,2.760168075271673
"[0.17380158467716758, 0.6645385919517014, -0.9077368555308498, 0.5042967924875262]",29.58577553089677,2.7602309077530696
"[0.1737912569149331, 0.6645407939005914, -0.9077392719145425, 0.5042920907780437]",29.585828738636376,2.7602937402344665
"[0.17378092672901266, 0.6645429965924642, -0.9077416889146843, 0.504287387495342]",29.585881943952863,2.760356572715863
"[0.17377059763098895, 0.6645451992786089, -0.907744105709642, 0.5042826842381101]",29.585935149804115,2.7604194051972595
"[0.17376026650748827, 0.6645474026229997, -0.9077465230278651, 0.5042779795886139]",29.58598835626555,2.7604822376786564
"[0.1737499352592951, 0.6645496062203338, -0.9077489404245924, 0.5042732744122768]",29.586041563690763,2.760545070160053
"[0.17373960338553396, 0.6645518101774847, -0.9077513580170058, 0.5042685684809077]",29.586094770560653,2.7606079026414494
"[0.1737292704176004, 0.6645540145944837, -0.907753775914745, 0.5042638615809274]",29.586147979072116,2.760670735122846
"[0.1737189371730585, 0.6645562192969707, -0.9077561939264895, 0.5042591540846384]",29.586201183943302,2.760733567604243
"[0.17370860373552935, 0.6645584242671334, -0.9077586120326513, 0.504254446030081]",29.586254390844022,2.7607964000856393
"[0.17369826917711081, 0.6645606297030273, -0.9077610304503535, 0.5042497369943753]",29.5863075986448,2.760859232567036
"[0.17368793287058204, 0.6645628357386116, -0.907763449326372, 0.5042450266915038]",29.586360805187805,2.7609220650484327
"[0.17367759686485176, 0.6645650419366576, -0.9077658681812135, 0.504240316055041]",29.586414011447655,2.760984897529829
"[0.1736672608010049, 0.6645672483737793, -0.9077682870988478, 0.5042356049214055]",29.586467219265273,2.7610477300112257
"[0.1736569234136099, 0.6645694553201681, -0.9077707063754072, 0.5042308927137007]",29.58652042642564,2.761110562492622
"[0.1736465847403197, 0.664571662767886, -0.9077731260020749, 0.5042261794488865]",29.586573634326616,2.7611733949740187
"[0.17363624732187882, 0.6645738701744621, -0.9077755453842021, 0.5042214662852325]",29.58662684080793,2.7612362274554156
"[0.17362590710889741, 0.664576078404656, -0.9077779654695002, 0.504216751376353]",29.586680048526034,2.761299059936812
"[0.17361556737341816, 0.6645782867597725, -0.9077803854921567, 0.5042120362140659]",29.58673325618012,2.761361892418209
"[0.17360522662229927, 0.6645804955587629, -0.9077828058016207, 0.5042073201173837]",29.586786464197115,2.761424724899605
"[0.17359488527889713, 0.6645827047112609, -0.9077852262987934, 0.5042026032792569]",29.58683967031161,2.761487557381002
"[0.1735845419196128, 0.6645849145214815, -0.9077876473168774, 0.5041978850501568]",29.586892878358185,2.7615503898623985
"[0.17357419967878537, 0.6645871243198173, -0.90779006812222, 0.5041931668597781]",29.586946085691785,2.761613222343795
"[0.1735638572707059, 0.6645893343809807, -0.9077924890157337, 0.5041884481215928]",29.58699929516924,2.761676054825192
"[0.17355351281880846, 0.6645915451060557, -0.9077949104366695, 0.5041837279792458]",29.58705250127439,2.7617388873065885
"[0.17354316850683094, 0.6645937560284279, -0.9077973318738497, 0.5041790074290198]",29.58710570988993,2.761801719787985
"[0.17353282321503133, 0.6645959673874672, -0.9077997535893699, 0.5041742859598434]",29.58715891710244,2.7618645522693814
"[0.17352247629194775, 0.6645981793225252, -0.907802175735728, 0.5041695632741967]",29.58721212320345,2.7619273847507784
"[0.17351212979598774, 0.6646003913936109, -0.907804597831049, 0.5041648403115064]",29.587265333806457,2.761990217232175
"[0.17350178232255228, 0.6646026039010638, -0.9078070202041277, 0.5041601164305333]",29.587318543308818,2.7620530497135714
"[0.17349143279223794, 0.6646048170757963, -0.9078094431076535, 0.5041553911382716]",29.58737174851309,2.7621158821949683
"[0.1734810849833, 0.6646070301098773, -0.907811865657089, 0.5041506661597185]",29.58742495805263,2.7621787146763643
"[0.17347073610759733, 0.6646092435995861, -0.9078142885051436, 0.5041459402217832]",29.587478168467566,2.7622415471577613
"[0.1734603867339398, 0.6646114574233271, -0.907816711518638, 0.5041412135840884]",29.58753137572685,2.7623043796391578
"[0.1734500351174491, 0.6646136719544526, -0.9078191351060817, 0.5041364854495193]",29.587584583671397,2.7623672121205542
"[0.17343968403360405, 0.6646158865992621, -0.9078215586176537, 0.5041317570856575]",29.58763779091823,2.762430044601951
"[0.17342933200042457, 0.6646181016748673, -0.9078239824003084, 0.5041270278154704]",29.58769100099319,2.7624928770833477
"[0.1734189788257022, 0.6646203172224755, -0.9078264064990416, 0.5041222975509859]",29.58774420760146,2.7625557095647446
"[0.17340862585373407, 0.6646225329544551, -0.9078288305990825, 0.5041175669063142]",29.58779741870385,2.7626185420461407
"[0.17339827036089742, 0.6646247494538046, -0.9078312553381485, 0.5041128346367485]",29.58785062583499,2.7626813745275376
"[0.17338791694987832, 0.6646269657353876, -0.9078336796384999, 0.5041081028455813]",29.58790383513635,2.762744207008934
"[0.17337756109683722, 0.6646291827676177, -0.9078361045593952, 0.5041033694652429]",29.587957043828744,2.7628070394903306
"[0.17336720448652346, 0.6646314001899348, -0.9078385297063335, 0.5040986352655451]",29.588010252905907,2.7628698719717275
"[0.17335684773974555, 0.664633617869462, -0.9078409549339277, 0.5040939005301862]",29.588063461737878,2.762932704453124
"[0.17334649082316692, 0.6646358358133603, -0.9078433802499631, 0.5040891652438827]",29.588116672199504,2.7629955369345205
"[0.17333613064782424, 0.6646380546832638, -0.9078458063777939, 0.5040844279940682]",29.58816987804026,2.763058369415917
"[0.17332577250609443, 0.664640273345742, -0.9078482320780468, 0.5040796912006049]",29.588223086731155,2.763121201897314
"[0.17331541367847847, 0.6646424923832666, -0.9078506579875488, 0.5040749536199324]",29.588276296836053,2.7631840343787104
"[0.17330505307186395, 0.664644712030101, -0.9078530843622882, 0.5040702147519188]",29.588329505062703,2.763246866860107
"[0.17329469155499153, 0.664646932100217, -0.9078555109988083, 0.5040654749937289]",29.588382714944313,2.763309699341504
"[0.17328433159267675, 0.6646491520655057, -0.9078579373198292, 0.5040607354728684]",29.588435923931716,2.7633725318229003
"[0.17327396818992066, 0.6646513729963824, -0.9078603644951783, 0.5040559939040565]",29.588489134785203,2.763435364304297
"[0.17326360613399383, 0.6646535938669946, -0.9078627914036377, 0.504051252477445]",29.588542344820706,2.7634981967856938
"[0.17325324265677539, 0.6646558152706419, -0.9078652186935097, 0.5040465099263797]",29.588595554619445,2.76356102926709
"[0.17324287720587372, 0.6646580373258545, -0.9078676464941733, 0.5040417659978185]",29.58864876247476,2.7636238617484867
"[0.17323251248487698, 0.6646602594531167, -0.9078700741723792, 0.5040370219289951]",29.588701972354713,2.7636866942298832
"[0.17322214611134004, 0.6646624821632565, -0.9078725022861389, 0.5040322766293419]",29.58875518335303,2.76374952671128
"[0.17321178001376594, 0.6646647050428277, -0.9078749303837255, 0.5040275309815362]",29.5888083923702,2.7638123591926766
"[0.17320141333112027, 0.6646669282764849, -0.9078773586668041, 0.5040227845913572]",29.588861598824476,2.763875191674073
"[0.17319104500904567, 0.664669152090448, -0.9078797873823364, 0.5040180369758706]",29.588914809356165,2.76393802415547
"[0.17318067707374832, 0.6646713760501813, -0.9078822160556832, 0.5040132890627674]",29.588968020371244,2.764000856636866
"[0.17317030845092446, 0.6646736003861532, -0.9078846449384772, 0.5040085403600312]",29.58902123269097,2.764063689118263
"[0.17315993891285655, 0.6646758251472781, -0.9078870740840499, 0.5040037907632419]",29.589074441014226,2.7641265215996595
"[0.1731495687052806, 0.6646780502809033, -0.9078895034348239, 0.5039990403848176]",29.589127650695495,2.764189354081056
"[0.17313919652507248, 0.6646802760667382, -0.9078919332960672, 0.5039942886276229]",29.58918085975079,2.764252186562453
"[0.17312882498438867, 0.6646825019442965, -0.9078943630558242, 0.5039895366882329]",29.58923407036984,2.7643150190438495
"[0.17311845343351684, 0.6646847280530084, -0.9078967928662757, 0.5039847842689877]",29.589287280667552,2.764377851525246
"[0.17310807977243978, 0.664686954843696, -0.9078992232193986, 0.503980030407456]",29.589340489217097,2.7644406840066424
"[0.17309770622895446, 0.664689181838226, -0.9079016535932524, 0.5039752761243923]",29.589393701724717,2.7645035164880394
"[0.17308733127252945, 0.6646914093652294, -0.9079040843464049, 0.5039705207182282]",29.589446911719484,2.764566348969436
"[0.1730769575331746, 0.6646936368600587, -0.9079065148626477, 0.5039657653944017]",29.58950012180692,2.7646291814508324
"[0.17306658040221368, 0.6646958653123902, -0.9079089462217645, 0.5039610080401271]",29.589553331549936,2.7646920139322293
"[0.1730562047515287, 0.6646980936760878, -0.9079113772822631, 0.5039562508887364]",29.589606542148868,2.764754846413626
"[0.17304582641552838, 0.6647003228458406, -0.9079138090201454, 0.503951492030237]",29.589659751459724,2.7648176788950223
"[0.17303544919270222, 0.6647025520058476, -0.9079162405453766, 0.5039467332062306]",29.589712963972843,2.7648805113764188
"[0.17302506979741888, 0.6647047818619206, -0.9079186726278157, 0.5039419729099264]",29.58976617295864,2.7649433438578157
"[0.17301469123519528, 0.6647070117684553, -0.9079211045631947, 0.5039372125195921]",29.589819384618128,2.765006176339212
"[0.17300431076534778, 0.6647092423143505, -0.9079235369937053, 0.5039324507780525]",29.589872592506264,2.7650690088206087
"[0.17299393089855947, 0.66471147296017, -0.9079259693310103, 0.5039276888368986]",29.589925805888367,2.7651318413020056
"[0.17298354909143443, 0.6647137042525517, -0.9079284021710959, 0.5039229255291865]",29.589979016822383,2.7651946737834017
"[0.17297316692578013, 0.6647159358516159, -0.907930835143279, 0.503918161580492]",29.59003222626789,2.7652575062647986
"[0.17296278483378372, 0.6647181676644927, -0.9079332681462586, 0.5039133971890798]",29.590085437355253,2.765320338746195
"[0.17295240200287657, 0.6647203998658907, -0.9079357013704384, 0.5039086319819924]",29.590138648761013,2.7653831712275916
"[0.17294201840331883, 0.6647226324622707, -0.9079381348227754, 0.5039038659454502]",29.590191859435095,2.7654460037089885
"[0.17293163263400368, 0.664724865754997, -0.907940568831623, 0.5038990984361247]",29.59024507238643,2.765508836190385
"[0.17292124801033004, 0.6647270990311952, -0.9079430026199686, 0.5038943309758306]",29.590298281596947,2.7655716686717815
"[0.17291086198104236, 0.6647293328395508, -0.907945436785715, 0.5038895623932728]",29.59035149175643,2.765634501153178
"[0.17290047564857727, 0.6647315669430245, -0.9079478710704724, 0.5038847931944774]",29.590404703106458,2.765697333634575
"[0.17289008728187796, 0.6647338017140577, -0.9079503058799494, 0.5038800225843931]",29.590457915049555,2.7657601661159714
"[0.1728796996287114, 0.664736036561605, -0.9079527405701132, 0.5038752518247479]",29.590511126575187,2.765822998597368
"[0.17286931045045956, 0.6647382719673307, -0.9079551756656412, 0.5038704798873308]",29.59056433595694,2.765885831078765
"[0.17285892188507251, 0.6647405074712658, -0.907957610665407, 0.5038657077540504]",29.5906175494781,2.7659486635601613
"[0.1728485332063187, 0.6647427432297199, -0.9079600457395988, 0.5038609350912693]",29.590670760616913,2.766011496041558
"[0.17283814146811358, 0.6647449798767334, -0.9079624815787907, 0.5038561605454224]",29.59072397165586,2.7660743285229543
"[0.1728277481945658, 0.6647472170845437, -0.9079649178257165, 0.5038513848162892]",29.59077718007726,2.7661371610043513
"[0.17281735736429535, 0.6647494539966797, -0.9079673535477393, 0.5038466097321386]",29.590830391800743,2.7661999934857477
"[0.17280696372270613, 0.6647516917443778, -0.9079697899765711, 0.5038418328781645]",29.590883604268626,2.7662628259671442
"[0.17279657204127344, 0.6647539293003415, -0.9079722259936935, 0.5038370564472789]",29.590936818092597,2.766325658448541
"[0.17278617675765043, 0.6647561678623768, -0.9079746629030124, 0.5038322778826133]",29.590990027709097,2.766388490929937
"[0.17277578167988444, 0.6647584066105532, -0.9079770998118317, 0.5038274989344367]",29.591043238714818,2.766451323411334
"[0.17276538644818423, 0.6647606456223814, -0.9079795368044702, 0.5038227194373074]",29.5910964508896,2.7665141558927306
"[0.1727549908060737, 0.6647628849531136, -0.90798197394104, 0.5038179392732685]",29.591149662774182,2.766576988374127
"[0.17274459301408532, 0.6647651249775693, -0.9079844116293286, 0.5038131576422448]",29.591202871664326,2.766639820855524
"[0.1727341962918156, 0.6647673650021859, -0.9079868491145101, 0.503808376024741]",29.59125608684076,2.7667026533369206
"[0.17272379712616537, 0.6647696057839416, -0.9079892872202067, 0.503803592804903]",29.591309295911547,2.766765485818317
"[0.1727133985935683, 0.6647718466600009, -0.9079917252251328, 0.5037988093976352]",29.591362509988723,2.7668283182997135
"[0.1727029988887379, 0.6647740880194379, -0.9079941635525294, 0.503794024972425]",29.59141572068073,2.7668911507811105
"[0.17269259842099124, 0.6647763297741219, -0.9079966021064165, 0.5037892397174132]",29.59146893322452,2.766953983262507
"[0.17268219717686262, 0.6647785719270023, -0.9079990408899408, 0.5037844536262982]",29.591522146922134,2.7670168157439035
"[0.17267179601897462, 0.6647808142922165, -0.9080014797008158, 0.5037796670958725]",29.591575356534214,2.7670796482253004
"[0.17266139400341685, 0.6647830570731944, -0.9080039187603647, 0.5037748796918146]",29.591628568999187,2.767142480706697
"[0.17265099061716663, 0.6647853003807374, -0.908006358188855, 0.5037700911777058]",29.59168177978003,2.7672053131880934
"[0.17264058778116076, 0.6647875438006323, -0.9080087975358466, 0.5037653024376908]",29.59173499247419,2.7672681456694903
"[0.1726301837975107, 0.6647897876990772, -0.9080112371994548, 0.5037605126901069]",29.591788206501107,2.767330978150887
"[0.17261977711218554, 0.6647920324113803, -0.908013677544092, 0.5037557212192281]",29.591841418124393,2.7673938106322833
"[0.17260937266328297, 0.6647942768724296, -0.9080161174117654, 0.5037509302986073]",29.591894630313817,2.76745664311368
"[0.17259896621366883, 0.66479652199627, -0.908018557796067, 0.503746137977172]",29.59194784220972,2.7675194755950767
"[0.17258855883002708, 0.6647987675528849, -0.9080209984468495, 0.5037413447459163]",29.592001053258354,2.767582308076473
"[0.1725781510802667, 0.6648010134197953, -0.9080234392309164, 0.503736550866284]",29.59205426719001,2.7676451405578697
"[0.17256774202980701, 0.6648032597987423, -0.9080258803674301, 0.503731755907662]",29.592107479589313,2.7677079730392666
"[0.1725573331284533, 0.6648055063769006, -0.9080283215163651, 0.503726960537797]",29.592160690497888,2.7677708055206627
"[0.17254692358027843, 0.6648077533260763, -0.9080307628643675, 0.5037221643899623]",29.592213903244208,2.7678336380020596
"[0.17253651229399483, 0.6648100008819342, -0.9080332046673674, 0.503717366961149]",29.592267115581027,2.767896470483456
"[0.1725261016348049, 0.664812248533928, -0.9080356463706296, 0.5037125693411261]",29.592320327731464,2.7679593029648526
"[0.1725156902401419, 0.6648144965762571, -0.9080380882937042, 0.5037077709019351]",29.592373540689792,2.7680221354462495
"[0.172505276558074, 0.6648167453441232, -0.9080405308005853, 0.5037029709280942]",29.592426752148764,2.768084967927646
"[0.17249486444578707, 0.6648189940046394, -0.9080429729865584, 0.5036981711974073]",29.592479966907092,2.768147800409043
"[0.17248444957917866, 0.6648212434917112, -0.9080454158658366, 0.5036933697164715]",29.59253317888229,2.768210632890439
"[0.17247403652008295, 0.6648234928200852, -0.9080478583683932, 0.5036885685882989]",29.592586392739886,2.768273465371836
"[0.17246361960740766, 0.6648257432127028, -0.9080503018220915, 0.503683765202569]",29.592639603167967,2.7683362978532324
"[0.1724532050204514, 0.6648279933346948, -0.9080527447774657, 0.5036789624085205]",29.592692816028155,2.768399130334629
"[0.1724427868387316, 0.6648302444652572, -0.9080551886232737, 0.5036741574757608]",29.592746029127017,2.768461962816026
"[0.17243236954602315, 0.6648324956356746, -0.9080576323077245, 0.5036693524719986]",29.59279924139738,2.7685247952974223
"[0.17242195270844074, 0.6648347469396606, -0.908060075932569, 0.5036645471971942]",29.592852454423,2.768587627778819
"[0.17241153378807922, 0.6648369989257905, -0.9080625200931447, 0.5036597404804647]",29.59290566773972,2.7686504602602153
"[0.17240111407753508, 0.6648392513147878, -0.9080649644862197, 0.50365493291792]",29.59295888135685,2.7687132927416123
"[0.17239069406838517, 0.6648415040004325, -0.9080674089964581, 0.5036501247362799]",29.59301209534681,2.7687761252230088
"[0.17238027309494794, 0.664843757126701, -0.9080698537800109, 0.5036453156282534]",29.593065306053987,2.7688389577044052
"[0.172369852771025, 0.6648460103446964, -0.9080722984582554, 0.5036405063385375]",29.5931185222633,2.768901790185802
"[0.1723594304074614, 0.6648482642359619, -0.9080747436620711, 0.5036356956258895]",29.593171731550694,2.7689646226671982
"[0.17234900716515744, 0.6648505185495612, -0.9080771891190936, 0.5036308840259217]",29.593224947720692,2.769027455148595
"[0.1723385839212977, 0.6648527730958166, -0.9080796346235048, 0.5036260719434854]",29.593278157515613,2.7690902876299917
"[0.17232815896163384, 0.6648550282456007, -0.9080820805774878, 0.5036212585870112]",29.593331369813388,2.769153120111388
"[0.17231773504104145, 0.664857283403002, -0.9080845263346645, 0.5036164452284037]",29.593384585132593,2.769215952592785
"[0.17230730892270563, 0.6648595392683403, -0.9080869726544688, 0.5036116303729241]",29.593437797175362,2.7692787850741816
"[0.17229688269588897, 0.6648617953896666, -0.9080894190466808, 0.5036068149852166]",29.593491009824156,2.7693416175555785
"[0.17228645521450497, 0.6648640520150376, -0.9080918657802017, 0.5036019985358426]",29.59354422247466,2.7694044500369746
"[0.1722760285776478, 0.664866308690216, -0.9080943123624735, 0.5035971819943177]",29.593597436565965,2.7694672825183715
"[0.1722656000579304, 0.6648685660055462, -0.9080967594334528, 0.5035923641006438]",29.593650648330907,2.769530114999768
"[0.172255170795676, 0.6648708237143028, -0.9080992067255554, 0.503587545381432]",29.59370386297462,2.7695929474811645
"[0.17224474188067268, 0.6648730815806003, -0.9081016539830339, 0.5035827263401517]",29.593757077298978,2.7696557799625614
"[0.1722343101122753, 0.6648753402974696, -0.9081041019569486, 0.5035779054976465]",29.593810291180368,2.769718612443958
"[0.1722238798670638, 0.6648775989173494, -0.9081065496202518, 0.5035730848763409]",29.59386350470382,2.7697814449253544
"[0.17221344835351066, 0.6648798580447428, -0.908108997628004, 0.5035682631860403]",29.59391671776011,2.769844277406751
"[0.17220301614982747, 0.6648821175544853, -0.9081114458445073, 0.5035634406938772]",29.593969930730097,2.769907109888148
"[0.17219258227242865, 0.6648843776597377, -0.9081138945005746, 0.5035586169449386]",29.59402314212658,2.7699699423695443
"[0.17218214986606695, 0.6648866376792869, -0.908116342858171, 0.5035537933931103]",29.594076356776736,2.770032774850941
"[0.17217171444259424, 0.6648888985855204, -0.908118791970589, 0.5035489679630674]",29.594129572006185,2.7700956073323377
"[0.17216128034512712, 0.6648911594375378, -0.9081212408185223, 0.5035441426629693]",29.594182785277077,2.7701584398137338
"[0.17215084445813272, 0.6648934209104375, -0.9081236901331553, 0.5035393160519694]",29.594235998638727,2.7702212722951307
"[0.17214040650910506, 0.6648956830634121, -0.9081261399784488, 0.5035344880037453]",29.594289211199165,2.770284104776527
"[0.17212996830017377, 0.6648979455059949, -0.9081285899314228, 0.503529659351675]",29.594342422020404,2.770346937257924
"[0.17211953217265463, 0.6649002077306628, -0.9081310394425126, 0.5035248311789458]",29.59439563974728,2.7704097697393206
"[0.1721090939032945, 0.6649024706529045, -0.9081334895029523, 0.5035200015316768]",29.594448852219458,2.770472602220717
"[0.17209865456786644, 0.664904734039623, -0.9081359398602357, 0.5035151709073685]",29.594502065603447,2.770535434702114
"[0.17208821499234458, 0.6649069977117945, -0.9081383903204717, 0.5035103396881107]",29.59455528013458,2.77059826718351
"[0.17207777389796694, 0.6649092619467752, -0.9081408411838093, 0.50350550728197]",29.59460849473046,2.770661099664907
"[0.17206733220565595, 0.6649115265449412, -0.9081432922340688, 0.5035006741150011]",29.59466170786937,2.7707239321463035
"[0.17205689048193842, 0.6649137913834536, -0.908145743338246, 0.5034958404493727]",29.59471492093967,2.7707867646277
"[0.17204644846403308, 0.6649160565193429, -0.9081481945580046, 0.5034910061633828]",29.59476813405205,2.770849597109097
"[0.17203600361066596, 0.6649183225039924, -0.908150646489894, 0.5034861700802707]",29.59482134815078,2.7709124295904934
"[0.1720255595736734, 0.6649205885452292, -0.9081530982766347, 0.5034813338907119]",29.594874561625463,2.77097526207189
"[0.17201511673694675, 0.6649228545597047, -0.9081555498280697, 0.5034764977725881]",29.59492777543564,2.7710380945532864
"[0.17200467119971496, 0.6649251213939232, -0.9081580020599261, 0.5034716599193051]",29.594980989780304,2.7711009270346834
"[0.17199422372348358, 0.6649273888827951, -0.9081604547934373, 0.5034668206832101]",29.59503420392008,2.77116375951608
"[0.1719837764320619, 0.6649296565654508, -0.9081629075299884, 0.5034619810478944]",29.595087415884855,2.7712265919974763
"[0.17197332924344888, 0.6649319244596928, -0.908165360288805, 0.5034571409753694]",29.595140631851688,2.7712894244788733
"[0.1719628808745914, 0.6649341928441063, -0.9081678133711003, 0.5034522998711017]",29.59519384509137,2.7713522569602693
"[0.1719524322149627, 0.6649364615256286, -0.9081702665680318, 0.5034474581471119]",29.595247060633817,2.7714150894416663
"[0.17194198212152692, 0.6649387307525338, -0.9081727201479526, 0.5034426152735701]",29.595300273908904,2.771477921923063
"[0.17193153275486162, 0.6649410000556873, -0.9081751736035611, 0.5034377722516831]",29.595353488769913,2.7715407544044597
"[0.17192108310540144, 0.6649432696543366, -0.9081776271718721, 0.50343292861355]",29.59540670288548,2.771603586885856
"[0.17191063027022552, 0.6649455401791099, -0.9081800815344866, 0.503428083013337]",29.595459914827078,2.7716664193672527
"[0.17190017627005, 0.6649478111912362, -0.9081825362169389, 0.5034232363874552]",29.595513128462752,2.7717292518486496
"[0.1718897256998242, 0.664950081692454, -0.9081849901402586, 0.5034183908663227]",29.595566344260938,2.771792084330046
"[0.1718792705101987, 0.6649523534316261, -0.9081874451945172, 0.5034135427176647]",29.595619557597804,2.7718549168114426
"[0.17186881644654586, 0.6649546251605131, -0.9081899000306033, 0.5034086946053811]",29.595672771828745,2.7719177492928395
"[0.17185836251543118, 0.6649568970949622, -0.9081923548817645, 0.5034038460688318]",29.595725986243004,2.7719805817742356
"[0.17184790567184327, 0.6649591698968538, -0.9081948104630414, 0.5033989956955138]",29.59577919887418,2.7720434142556325
"[0.1718374487085068, 0.6649614429593383, -0.9081972661186063, 0.5033941447805441]",29.595832415628117,2.772106246737029
"[0.17182699284418654, 0.6649637160173976, -0.9081997215622369, 0.5033892938894359]",29.595885627877838,2.7721690792184255
"[0.17181653500250887, 0.6649659897398602, -0.9082021775163669, 0.5033844415948584]",29.59593884294734,2.7722319116998224
"[0.17180607537593504, 0.6649682640851076, -0.9082046339357822, 0.5033795879857157]",29.59599205534541,2.772294744181219
"[0.17179561713412161, 0.6649705383639087, -0.9082070900760848, 0.5033747345328402]",29.59604527234179,2.7723575766626154
"[0.1717851574685989, 0.6649728131870244, -0.9082095465968235, 0.5033698799328442]",29.596098486226424,2.772420409144012
"[0.17177469675490634, 0.6649750884728752, -0.9082120034097941, 0.5033650243598305]",29.596151699920753,2.772483241625409
"[0.17176423465467203, 0.6649773642951586, -0.9082144605944582, 0.5033601676565391]",29.596204912905584,2.7725460741068053
"[0.1717537736777218, 0.6649796401079344, -0.9082169175613222, 0.5033553109880367]",29.596258128206244,2.772608906588202
"[0.17174331054971376, 0.6649819166235946, -0.9082193750794126, 0.5033504528340619]",29.596311343175138,2.7726717390695987
"[0.1717328469363517, 0.664984193479824, -0.9082218327574926, 0.5033455939678156]",29.596364556776187,2.7727345715509952
"[0.1717223834026879, 0.6649864705536999, -0.9082242904628212, 0.5033407346516279]",29.596417769859098,2.7727974040323917
"[0.17171191861037724, 0.6649887481365253, -0.9082267485097371, 0.5033358742638598]",29.596470984376694,2.772860236513788
"[0.17170145346956206, 0.6649910260302855, -0.908229206684445, 0.5033310132270895]",29.596524200396647,2.772923068995185
"[0.1716909872457865, 0.6649933043949081, -0.9082316651594481, 0.5033261512000393]",29.596577414466214,2.7729859014765816
"[0.1716805197076854, 0.6649955832808538, -0.9082341239890849, 0.5033212880750375]",29.596630627771564,2.773048733957978
"[0.17167005309857844, 0.6649978621997578, -0.9082365826463763, 0.5033164248942589]",29.596683844339896,2.773111566439375
"[0.17165958407496354, 0.6650001418796727, -0.9082390419167136, 0.5033115601040582]",29.596737059252767,2.773174398920771
"[0.17164911612958147, 0.665002421560098, -0.9082415009796034, 0.5033066953273382]",29.5967902711814,2.773237231402168
"[0.17163864651651867, 0.6650047018390678, -0.9082439604800782, 0.50330182928792]",29.596843487145073,2.7733000638835645
"[0.17162817666031477, 0.6650069824063938, -0.9082464200834757, 0.5032969626477425]",29.596896700387227,2.773362896364961
"[0.17161770518904132, 0.6650092635610013, -0.9082488801120796, 0.5032920947689311]",29.59694991596536,2.773425728846358
"[0.17160723377898007, 0.6650115449377546, -0.9082513401720788, 0.50328722643065]",29.597003129850847,2.7734885613277545
"[0.17159676079596137, 0.665013826892788, -0.9082538006473686, 0.5032823568729683]",29.59705634329065,2.773551393809151
"[0.17158628841657728, 0.6650161089518819, -0.9082562610265748, 0.5032774871078428]",29.59710955968921,2.7736142262905474
"[0.171575814429995, 0.6650183915968445, -0.9082587218290934, 0.5032726161071281]",29.59716277294628,2.7736770587719444
"[0.1715653397477345, 0.6650206746291241, -0.908261182840758, 0.5032677442945372]",29.597215987315355,2.773739891253341
"[0.17155486532564732, 0.6650229578404175, -0.9082636438369706, 0.5032628721145829]",29.59726920309223,2.7738027237347374
"[0.17154438922896248, 0.665025241652516, -0.9082661052722985, 0.5032579986671961]",29.597322417631695,2.7738655562161343
"[0.17153391308280483, 0.6650275257112238, -0.908268566764891, 0.5032531247082205]",29.597375631530614,2.773928388697531
"[0.17152343489042532, 0.6650298104519633, -0.9082710287838984, 0.5032482493085141]",29.597428844222488,2.7739912211789273
"[0.1715129573733537, 0.6650320952813735, -0.908273490689838, 0.5032433737342575]",29.5974820601531,2.7740540536603238
"[0.1715024792804721, 0.6650343804723002, -0.9082759527766598, 0.5032384974032369]",29.597535275448614,2.7741168861417207
"[0.17149200052206692, 0.6650366660443565, -0.9082784150654301, 0.5032336202736015]",29.597588490880863,2.774179718623117
"[0.17148152047004775, 0.665038952134626, -0.9082808777037235, 0.503228742052849]",29.597641703869908,2.7742425511045137
"[0.17147103951770648, 0.6650412386574082, -0.908283340599113, 0.503223862923865]",29.59769491887483,2.7743053835859106
"[0.17146055843912691, 0.6650435254438755, -0.9082858035696814, 0.5032189832469122]",29.597748135163133,2.7743682160673067
"[0.17145007762427186, 0.6650458124089551, -0.908288266523765, 0.5032141032035296]",29.597801351711052,2.7744310485487036
"[0.17143959385441812, 0.6650481002550958, -0.9082907302177446, 0.50320922129481]",29.597854564546736,2.7744938810301
"[0.1714291102940293, 0.6650503882918354, -0.908293193907963, 0.503204338994107]",29.597907777578648,2.7745567135114966
"[0.17141862775606995, 0.6650526763417078, -0.9082956574033377, 0.5031994566801015]",29.597960993438573,2.7746195459928935
"[0.17140814190287612, 0.6650549653516031, -0.9082981217232502, 0.5031945723323044]",29.598014208656714,2.77468237847429
"[0.17139765614930424, 0.6650572545762028, -0.9083005860651587, 0.5031896875411119]",29.598067421816005,2.7747452109556865
"[0.1713871697709902, 0.66505954417369, -0.9083030505992785, 0.5031848019690063]",29.598120636740617,2.774808043437083
"[0.1713766839469398, 0.6650618338866224, -0.9083055150485003, 0.5031799161652968]",29.59817385207484,2.77487087591848
"[0.17136619571770523, 0.6650641243613442, -0.9083079801083542, 0.5031750287508511]",29.598227065929905,2.7749337083998764
"[0.17135570749366744, 0.6650664150715541, -0.9083104452123182, 0.5031701408486964]",29.598280280179758,2.774996540881273
"[0.17134521827378696, 0.6650687062359397, -0.9083129105956522, 0.5031652519922117]",29.598333495607584,2.77505937336267
"[0.17133472924891477, 0.6650709975944017, -0.9083153759784454, 0.5031603627363821]",29.598386709794923,2.7751222058440663
"[0.17132423856546775, 0.6650732895519663, -0.9083178417963476, 0.5031554722170155]",29.598439925796917,2.775185038325463
"[0.17131374817646014, 0.6650755816819247, -0.9083203075903075, 0.5031505813445499]",29.598493142311835,2.7752478708068593
"[0.17130325650942507, 0.6650778743279996, -0.9083227737299008, 0.5031456893856493]",29.59854635524031,2.7753107032882562
"[0.1712927646203327, 0.6650801672594688, -0.9083252399669071, 0.5031407968325987]",29.598599570408656,2.7753735357696527
"[0.17128227113297173, 0.6650824607771737, -0.9083277066248066, 0.50313590304349]",29.598652785046458,2.7754363682510492
"[0.17127177706061414, 0.6650847546597416, -0.908330173465403, 0.5031310084906918]",29.598705999976936,2.775499200732446
"[0.17126128294670928, 0.6650870487883946, -0.9083326403609311, 0.5031261134276354]",29.598759214688428,2.775562033213842
"[0.1712507877519133, 0.6650893433904258, -0.908335107555692, 0.5031212173693697]",29.598812427676158,2.775624865695239
"[0.17124029168721955, 0.6650916384197653, -0.9083375750000758, 0.5031163204141897]",29.59886564445947,2.775687698176636
"[0.17122979525129645, 0.6650939337674455, -0.9083400425768379, 0.503111422794621]",29.598918856116022,2.775750530658032
"[0.17121929777183875, 0.6650962295805448, -0.9083425104440116, 0.5031065241968481]",29.598972072252806,2.775813363139429
"[0.17120879948405432, 0.6650985258077001, -0.9083449785462904, 0.5031016247304736]",29.599025286522778,2.7758761956208255
"[0.17119830080477252, 0.6651008223577982, -0.9083474467856616, 0.5030967245899188]",29.599078501126016,2.7759390281022225
"[0.1711878021849628, 0.6651031191322294, -0.9083499150560783, 0.503091823985603]",29.59913171771924,2.776001860583619
"[0.17117730283329427, 0.6651054163041087, -0.9083523835435728, 0.5030869225481259]",29.599184933444104,2.7760646930650155
"[0.17116680120337752, 0.6651077142119334, -0.9083548526117013, 0.5030820195552916]",29.599238145115358,2.7761275255464124
"[0.1711562998651935, 0.6651100122934224, -0.9083573216562194, 0.503077116206825]",29.59929136218533,2.7761903580278084
"[0.1711457986077236, 0.6651123105947581, -0.9083597907267135, 0.5030722124041946]",29.599344575611546,2.7762531905092054
"[0.17113529488524842, 0.6651146096731896, -0.9083622604217287, 0.5030673069584288]",29.599397789397067,2.776316022990602
"[0.1711247915171812, 0.6651169089116878, -0.9083647300783356, 0.5030624011860707]",29.599451006998912,2.7763788554719984
"[0.17111428785281238, 0.6651192084527032, -0.908367199849512, 0.5030574947831826]",29.599504220899572,2.7764416879533953
"[0.1711037827192125, 0.6651215085531056, -0.90836967001104, 0.503052587201713]",29.599557437016305,2.776504520434792
"[0.1710932762335452, 0.6651238091873426, -0.9083721405353636, 0.5030476784961855]",29.599610648390374,2.7765673529161883
"[0.171082770885488, 0.6651261098102731, -0.9083746108370295, 0.5030427698297455]",29.59966386402607,2.7766301853975848
"[0.17107226307109258, 0.6651284112112051, -0.9083770817634794, 0.5030378595183143]",29.59971707998257,2.7766930178789817
"[0.171061756557903, 0.6651307125650299, -0.9083795524287528, 0.5030329493223663]",29.59977029542852,2.776755850360378
"[0.17105124771809505, 0.6651330146664379, -0.9083820236859356, 0.5030280375463491]",29.599823510587708,2.7768186828417747
"[0.17104073921860719, 0.6651353169312882, -0.9083844949078583, 0.5030231254366035]",29.59987672574112,2.7768815153231716
"[0.1710302298540231, 0.6651376196237005, -0.90838696637797, 0.5030182124296109]",29.59992994068685,2.7769443478045677
"[0.17101971837179863, 0.665139923018232, -0.9083894383908241, 0.5030132979395886]",29.599983154001166,2.7770071802859646
"[0.17100920774230677, 0.6651422264640431, -0.9083919102478544, 0.5030083833551716]",29.600036369425943,2.777070012767361
"[0.1709986954416809, 0.6651445305142919, -0.9083943825425947, 0.5030034674961621]",29.6000895837076,2.777132845248758
"[0.17098818280661504, 0.6651468348760877, -0.9083968549606696, 0.5029985509874733]",29.600142796681848,2.7771956777301545
"[0.1709776697773362, 0.665149139562581, -0.9083993275161146, 0.5029936338010632]",29.600196012340493,2.777258510211551
"[0.17096715648029015, 0.6651514445460699, -0.9084018001791738, 0.5029887159960273]",29.600249228100147,2.777321342692948
"[0.17095664128632534, 0.6651537501838445, -0.9084042733329999, 0.5029837968100953]",29.60030244425903,2.777384175174344
"[0.1709461268645601, 0.6651560558907013, -0.9084067463498045, 0.5029788774918306]",29.60035565725828,2.777447007655741
"[0.1709356113209841, 0.6651583620820307, -0.9084092196750361, 0.5029739571550103]",29.600408872516624,2.7775098401371374
"[0.170925093861623, 0.6651606689320078, -0.9084116934954515, 0.502969035427978]",29.60046208507504,2.777572672618534
"[0.17091457526148054, 0.6651629762708337, -0.9084141676287413, 0.5029641126730766]",29.600515300567942,2.777635505099931
"[0.17090405866752806, 0.6651652834081615, -0.9084166413346657, 0.5029591903631626]",29.60056851638841,2.7776983375813273
"[0.17089354017237637, 0.6651675912012115, -0.9084191155322909, 0.502954266669355]",29.600621731586156,2.777761170062724
"[0.17088302093080207, 0.6651698993967156, -0.9084215899499815, 0.5029493421320054]",29.600674946810187,2.7778240025441203
"[0.17087249847653463, 0.6651722085360006, -0.9084240651678698, 0.5029444155962198]",29.60072815877104,2.7778868350255173
"[0.17086197908449408, 0.6651745172420693, -0.9084265397098693, 0.5029394899998253]",29.60078137525607,2.7779496675069137
"[0.17085145805133886, 0.6651768265470984, -0.9084290146823498, 0.5029345631406564]",29.600834590527064,2.7780124999883102
"[0.17084093500017403, 0.6651791365339975, -0.9084314901739634, 0.5029296348418794]",29.60088780349953,2.778075332469707
"[0.17083041206711672, 0.6651814467339165, -0.9084339656821878, 0.5029247061037712]",29.60094101691677,2.778138164951103
"[0.1708198870058498, 0.6651837576400964, -0.9084364417354559, 0.5029197758740304]",29.600994232714317,2.7782009974325
"[0.17080936375456535, 0.6651860683878854, -0.9084389174072728, 0.5029148459973672]",29.601047448152347,2.7782638299138966
"[0.1707988377435655, 0.6651883799807962, -0.9084413937726686, 0.5029099143328651]",29.601100660825054,2.7783266623952936
"[0.17078831323542032, 0.6651906914827056, -0.9084438698288249, 0.5029049828776293]",29.601153877164194,2.77838949487669
"[0.17077778555415588, 0.6651930039207571, -0.9084463466758073, 0.5029000494403923]",29.60120709081503,2.7784523273580866
"[0.17076725858196673, 0.6651953164422902, -0.9084488234002468, 0.5028951158402425]",29.60126030779833,2.7785151598394835
"[0.1707567318000392, 0.6651976291612699, -0.9084513001241749, 0.5028901818340578]",29.60131352045291,2.7785779923208795
"[0.17074620313099223, 0.6651999425341306, -0.908453777336348, 0.5028852464480487]",29.601366735462022,2.7786408248022765
"[0.17073567354996763, 0.6652022563467597, -0.908456254807317, 0.5028803101390519]",29.601419950720576,2.778703657283673
"[0.17072514410880546, 0.6652045703680527, -0.9084587322895796, 0.5028753734001078]",29.60147316693127,2.7787664897650695
"[0.1707146120480104, 0.6652068852045537, -0.9084612104324121, 0.5028704349372238]",29.601526378657375,2.7788293222464664
"[0.17070408152129501, 0.6652091999433712, -0.9084636882584476, 0.5028654966979684]",29.601579593416194,2.778892154727863
"[0.17069354955505625, 0.6652115152381536, -0.9084661664673469, 0.5028605572878633]",29.601632807924766,2.7789549872092594
"[0.17068301741945605, 0.6652138308097452, -0.9084686447602219, 0.5028556173024652]",29.601686024922227,2.779017819690656
"[0.17067248379224192, 0.6652161469489271, -0.9084711234481935, 0.502850676121441]",29.601739238249856,2.779080652172053
"[0.17066194991182296, 0.6652184633834687, -0.9084736022398364, 0.5028457343255667]",29.601792453899588,2.7791434846534493
"[0.17065141492597383, 0.6652207803008382, -0.9084760813356767, 0.5028407915149147]",29.601845667244476,2.779206317134846
"[0.1706408799510075, 0.6652230974555863, -0.908478560473004, 0.5028358482131284]",29.601898881133614,2.7792691496162427
"[0.17063034322454676, 0.6652254152354226, -0.9084810400665346, 0.5028309035931007]",29.60195209716379,2.779331982097639
"[0.17061980672416, 0.6652277332053926, -0.9084835196508768, 0.5028259585827378]",29.60200531109726,2.7793948145790357
"[0.17060926907679175, 0.6652300516676316, -0.9084859995491321, 0.502821012537514]",29.602058525067573,2.779457647060432
"[0.17059872954789035, 0.6652323707838372, -0.9084884799341681, 0.5028160651124578]",29.602111738840524,2.779520479541829
"[0.17058819151885662, 0.6652346898100243, -0.9084909600101739, 0.5028111178947636]",29.602164953409055,2.7795833120232256
"[0.17057765221804602, 0.6652370093561281, -0.9084934404294185, 0.5028061695832464]",29.602218169496755,2.779646144504622
"[0.1705671111643167, 0.6652393295281582, -0.9084959213051318, 0.5028012199517673]",29.602271383058294,2.779708976986019
"[0.17055657159658577, 0.6652416496132266, -0.9084984018749992, 0.5027962705211407]",29.60232459941187,2.779771809467415
"[0.17054602771183722, 0.6652439708888708, -0.9085008835047997, 0.5027913185660142]",29.602377810019984,2.779834641948812
"[0.17053548498456975, 0.6652462921499808, -0.9085033649060382, 0.5027863666572501]",29.6024310260393,2.779897474430209
"[0.17052494177595054, 0.6652486137573832, -0.9085058464644113, 0.5027814140251098]",29.602484240446188,2.779960306911605
"[0.17051439875473437, 0.6652509355638413, -0.9085083280224908, 0.5027764609836956]",29.602537455187473,2.780023139393002
"[0.17050385350966202, 0.6652532581004812, -0.908510810147808, 0.5027715064000082]",29.602590668243828,2.7800859718743984
"[0.1704933085847183, 0.6652555808070145, -0.9085132922415646, 0.5027665514692422]",29.602643882983887,2.780148804355795
"[0.17048276226115777, 0.6652579040621314, -0.9085157747082931, 0.5027615953836102]",29.60269709824718,2.780211636837192
"[0.17047221538505392, 0.6652602276795314, -0.9085182573488266, 0.5027566385405482]",29.602750310632132,2.7802744693185883
"[0.17046166897694195, 0.665262551434386, -0.9085207399229176, 0.5027516814196702]",29.60280352639144,2.780337301799985
"[0.17045112074938445, 0.6652648758307521, -0.9085232229690031, 0.5027467229457044]",29.602856739099064,2.7804001342813813
"[0.17044057010732888, 0.665267200999937, -0.9085257066271554, 0.5027417628385774]",29.602909952998658,2.7804629667627783
"[0.1704300215015497, 0.665269525961075, -0.9085281898496275, 0.502736803190683]",29.60296316819021,2.7805257992441748
"[0.17041947143606898, 0.665271851484736, -0.9085306734593629, 0.5027318423582718]",29.60301638359411,2.7805886317255712
"[0.17040892081141798, 0.6652741773724169, -0.9085331572443699, 0.5027268807647312]",29.603069595047735,2.780651464206968
"[0.17039836856105828, 0.6652765038594086, -0.908535641455701, 0.5027219179082196]",29.603122811822992,2.7807142966883647
"[0.17038781584709956, 0.6652788306895547, -0.9085381258197652, 0.5027169543351558]",29.603176025536982,2.780777129169761
"[0.17037726354855962, 0.6652811576690548, -0.9085406101295962, 0.5027119904589632]",29.603229238681404,2.7808399616511577
"[0.17036670943230306, 0.6652834852904197, -0.9085430949109204, 0.502707025229034]",29.603282453270477,2.7809027941325546
"[0.17035615490530662, 0.665285813243445, -0.9085455798324782, 0.5027020593071028]",29.60333566632152,2.780965626613951
"[0.17034560068507748, 0.6652881413698944, -0.9085480647253174, 0.5026970930307229]",29.603388883249025,2.7810284590953476
"[0.17033504365439422, 0.6652904703574898, -0.9085505503233496, 0.5026921249328842]",29.60344209602225,2.7810912915767445
"[0.1703244871109406, 0.6652927994788106, -0.9085530358501422, 0.5026871565652911]",29.60349530960076,2.7811541240581406
"[0.17031392965936276, 0.6652951290417733, -0.9085555216342039, 0.5026821872711406]",29.603548522893167,2.7812169565395375
"[0.1703033719188038, 0.6652974589097911, -0.9085580075297423, 0.5026772173417805]",29.603601736246326,2.781279789020934
"[0.17029281393262824, 0.6652997890733375, -0.9085604935265227, 0.5026722467975482]",29.60365495121967,2.7813426215023305
"[0.1702822536304115, 0.6653021199894947, -0.9085629801120344, 0.5026672746634689]",29.603708162477986,2.7814054539837274
"[0.17027169482604645, 0.6653044508164034, -0.9085654663882339, 0.5026623027352705]",29.60376137981137,2.781468286465124
"[0.1702611327321031, 0.6653067826110328, -0.9085679534823847, 0.5026573287583933]",29.60381459168205,2.781531118946521
"[0.17025057215694267, 0.6653091143118903, -0.9085704402622358, 0.5026523549971079]",29.603867806564296,2.781593951427917
"[0.17024000881192794, 0.6653114468659355, -0.9085729277376479, 0.5026473794314601]",29.603921020043874,2.781656783909314
"[0.17022944689902214, 0.6653137793453666, -0.9085754149191185, 0.5026424040405499]",29.603974235270005,2.7817196163907103
"[0.17021888278782227, 0.665316112551963, -0.9085779026615354, 0.5026374271141212]",29.604027449536613,2.781782448872107
"[0.17020831926224908, 0.6653184458709378, -0.9085803903092968, 0.5026324499635805]",29.604080662901808,2.7818452813535037
"[0.1701977536125381, 0.6653207799008919, -0.9085828785005222, 0.502627471312065]",29.604133875670662,2.7819081138349
"[0.1701871883402653, 0.6653231140892959, -0.9085853666460791, 0.5026224923381809]",29.604187089400153,2.7819709463162967
"[0.17017662168992825, 0.6653254488240405, -0.9085878551593733, 0.5026175122145392]",29.604240302981864,2.782033778797693
"[0.17016605538537033, 0.6653277837242854, -0.9085903436344103, 0.5026125317535022]",29.604293518126937,2.78209661127909
"[0.170155487356352, 0.6653301192475708, -0.9085928325587348, 0.5026075499791264]",29.604346731659387,2.7821594437604866
"[0.17014491798510903, 0.6653324553095428, -0.9085953218423197, 0.5026025670713556]",29.60439994498502,2.782222276241883
"[0.1701343489161301, 0.6653347915467837, -0.9085978110978377, 0.5025975838053832]",29.60445315775752,2.78228510872328
"[0.17012378034388656, 0.6653371279162954, -0.9086003002794557, 0.5025926002729303]",29.60450637322123,2.782347941204676
"[0.17011320854594617, 0.6653394652410979, -0.9086027902638985, 0.5025876147184908]",29.604559584273073,2.782410773686073
"[0.17010263815469123, 0.6653418024970921, -0.9086052799600814, 0.5025826293264964]",29.604612799612596,2.7824736061674695
"[0.17009206567139915, 0.665344140457938, -0.9086077701920549, 0.5025776424467356]",29.604666011210035,2.782536438648866
"[0.17008149229393205, 0.6653464788588462, -0.9086102606776709, 0.5025726546440051]",29.604719226359347,2.782599271130263
"[0.1700709192968521, 0.6653488174179862, -0.9086127511166894, 0.5025676665194727]",29.604772440440836,2.7826621036116594
"[0.17006034509001036, 0.6653511564871083, -0.9086152418836475, 0.5025626773228611]",29.60482565072158,2.7827249360930564
"[0.17004977035846225, 0.6653534959147515, -0.9086177328171632, 0.5025576873772477]",29.604878865576314,2.7827877685744524
"[0.1700391950893243, 0.6653558357038192, -0.9086202239202527, 0.5025526966764496]",29.604932081261023,2.7828506010558494
"[0.17002861938034383, 0.6653581758327298, -0.9086227151698719, 0.502547705266506]",29.604985293866072,2.782913433537246
"[0.17001804188707434, 0.6653605165990681, -0.9086252068827108, 0.5025427125126934]",29.605038507612452,2.7829762660186423
"[0.17000746414463638, 0.6653628576632048, -0.9086276986971318, 0.5025377191394402]",29.605091718851405,2.7830390985000393
"[0.16999688648892836, 0.6653651989508186, -0.9086301905339823, 0.5025327253052767]",29.605144933694003,2.7831019309814358
"[0.1699863076401596, 0.6653675407452436, -0.9086326826947294, 0.5025277304058838]",29.605198148174654,2.7831647634628323
"[0.16997572757463086, 0.6653698830518038, -0.908635175184949, 0.5025227344299017]",29.605251359651252,2.7832275959442287
"[0.16996514721333017, 0.6653722256666913, -0.9086376677876524, 0.5025177378120654]",29.605304573378717,2.7832904284256257
"[0.16995456481209567, 0.6653745689761722, -0.9086401609137313, 0.5025127397285063]",29.60535778615104,2.783353260907022
"[0.16994398351075302, 0.6653769122850302, -0.9086426538234503, 0.5025077416620729]",29.605411000175394,2.7834160933884187
"[0.1699334006203007, 0.6653792561887976, -0.9086451471503024, 0.5025027423425575]",29.6054642122853,2.7834789258698156
"[0.16992281759018646, 0.6653816003665265, -0.9086476405527841, 0.5024977424545233]",29.605517423793664,2.7835417583512116
"[0.16991223264137895, 0.6653839452123578, -0.9086501344500294, 0.5024927411573142]",29.60557063626035,2.7836045908326086
"[0.16990165000224042, 0.6653862897896092, -0.9086526278457734, 0.5024877404487861]",29.605623852142514,2.783667423314005
"[0.16989106364272588, 0.6653886354342946, -0.9086551221607507, 0.5024827374793841]",29.60567706364547,2.7837302557954016
"[0.1698804777449309, 0.6653909812199071, -0.9086576164095855, 0.5024777342252501]",29.605730277594194,2.7837930882767985
"[0.16986989061507218, 0.6653933275218179, -0.908660110991349, 0.5024727298857702]",29.60578349088701,2.783855920758195
"[0.1698593044219823, 0.6653956738594036, -0.9086626053949862, 0.5024677254860598]",29.60583670295795,2.783918753239592
"[0.16984871392895373, 0.6653980213934682, -0.9086651008544072, 0.5024627185503076]",29.60588991351085,2.7839815857209884
"[0.16983812561483438, 0.66540036868797, -0.9086675958429746, 0.5024577121413853]",29.605943128484988,2.784044418202385
"[0.16982753672289003, 0.6654027163540038, -0.90867009101024, 0.5024527049559291]",29.605996342274338,2.784107250683782
"[0.16981694457058047, 0.6654050649864626, -0.9086725869883142, 0.5024476957251442]",29.606049552497716,2.784170083165178
"[0.16980635571338676, 0.6654074131317945, -0.9086750822324113, 0.5024426875492174]",29.606102768458406,2.784232915646575
"[0.16979576286451684, 0.6654097624059304, -0.9086775784596286, 0.5024376769816641]",29.606155980243116,2.7842957481279713
"[0.16978517046102223, 0.6654121118249622, -0.9086800746243611, 0.5024326661209937]",29.606209191613733,2.784358580609368
"[0.16977457667646617, 0.6654144617940458, -0.9086825711570001, 0.5024276541030956]",29.60626240353947,2.7844214130907647
"[0.16976398407582785, 0.665416811744228, -0.9086850674530571, 0.5024226421414447]",29.60631561717972,2.7844842455721612
"[0.16975338959574293, 0.6654191623551508, -0.9086875642344365, 0.5024176287865121]",29.606368830720168,2.7845470780535577
"[0.16974279354804828, 0.665421513557761, -0.9086900614276425, 0.5024126141855887]",29.60642204375818,2.784609910534954
"[0.16973219757750474, 0.6654238649871614, -0.9086925586450351, 0.5024075991169303]",29.60647525351333,2.784672743016351
"[0.16972160138287115, 0.6654262167102302, -0.9086950559575834, 0.5024025834379152]",29.606528467324278,2.7847355754977476
"[0.1697110036578988, 0.6654285690169401, -0.908697553673131, 0.5023975665300985]",29.606581681280307,2.784798407979144
"[0.16970040486402904, 0.6654309218049885, -0.908700051682911, 0.502392548611694]",29.60663489296474,2.784861240460541
"[0.16968980620453442, 0.6654332748073023, -0.9087025497033088, 0.5023875302523029]",29.606688103462822,2.7849240729419376
"[0.1696792064582139, 0.6654356282950585, -0.9087050480221288, 0.5023825108735913]",29.606741317731014,2.784986905423334
"[0.16966860853384783, 0.6654379816223941, -0.9087075459537561, 0.5023774918530151]",29.6067945298292,2.7850497379047305
"[0.16965800538113368, 0.6654403363550041, -0.9087100451599398, 0.5023724698513823]",29.606847741273523,2.7851125703861275
"[0.16964740416451193, 0.6654426909019533, -0.9087125439519874, 0.5023674482617408]",29.60690095350702,2.785175402867524
"[0.16963680069558876, 0.6654450461935246, -0.90871504331711, 0.5023624251000726]",29.60695416546413,2.7852382353489205
"[0.1696261997149486, 0.6654474011767009, -0.9087175421378739, 0.5023574026121471]",29.60700737855628,2.7853010678303174
"[0.16961559490304903, 0.6654497572554392, -0.908720041903873, 0.5023523778037671]",29.607060590023984,2.7853639003117134
"[0.16960499037527116, 0.665452113515554, -0.9087225416450271, 0.5023473526246245]",29.607113802402232,2.7854267327931104
"[0.16959438434318358, 0.6654544703544815, -0.9087250417828939, 0.5023423262271214]",29.60716701408277,2.785489565274507
"[0.16958377942823635, 0.6654568271897202, -0.9087275416995007, 0.5023372998535579]",29.607220226569677,2.7855523977559034
"[0.16957317280335682, 0.6654591846495964, -0.908730042061256, 0.5023322721639267]",29.607273438815326,2.7856152302373003
"[0.1695625653733956, 0.6654615425330984, -0.9087325426548436, 0.5023272435869327]",29.607326649274416,2.785678062718697
"[0.1695519561446779, 0.6654639010612257, -0.9087350437144993, 0.5023222136512837]",29.607379862752154,2.7857408952000933
"[0.16954134914798724, 0.665466259337854, -0.9087375442899711, 0.5023171842680743]",29.60743307422119,2.7858037276814898
"[0.1695307392156662, 0.6654686185120084, -0.9087400455994917, 0.5023121529868851]",29.607486285528896,2.7858665601628867
"[0.16952012833916613, 0.6654709781410119, -0.9087425471735734, 0.50230712075179]",29.607539497447597,2.785929392644283
"[0.16950951867549455, 0.6654733377452081, -0.9087450485036609, 0.5023020885857374]",29.607592709494124,2.7859922251256797
"[0.16949890687782085, 0.6654756980689628, -0.9087475503787853, 0.5022970549012602]",29.607645921110798,2.7860550576070766
"[0.16948829436111518, 0.6654780587977092, -0.9087500524653304, 0.5022920203692623]",29.607699132425413,2.786117890088473
"[0.16947768152753365, 0.6654804198419739, -0.9087525546684754, 0.5022869851805091]",29.607752344589162,2.7861807225698696
"[0.16946706772374873, 0.6654827813472194, -0.9087550571422259, 0.5022819490248445]",29.607805553433476,2.786243555051266
"[0.16945645278429436, 0.6654851433503359, -0.908757559925585, 0.5022769118235964]",29.60785876675838,2.786306387532663
"[0.16944583770096694, 0.665487505630722, -0.9087600627846824, 0.5022718740472547]",29.607911976745644,2.7863692200140595
"[0.16943522191571733, 0.665489868312514, -0.9087625658510963, 0.5022668354310147]",29.607965190330102,2.786432052495456
"[0.16942460520502087, 0.6654922314456292, -0.9087650691774942, 0.5022617958685176]",29.60801839895775,2.786494884976853
"[0.1694139878007549, 0.6654945949784964, -0.9087675727091924, 0.5022567554697273]",29.608071609885737,2.786557717458249
"[0.16940337027688818, 0.6654969587833899, -0.9087700763108298, 0.5022517145070392]",29.608124824009856,2.786620549939646
"[0.16939275214257749, 0.6654993229696282, -0.9087725800981259, 0.502246672747333]",29.608178033966496,2.7866833824210424
"[0.16938213117466652, 0.6655016880323416, -0.9087750845953014, 0.5022416291347295]",29.608231243643505,2.786746214902439
"[0.16937151137306242, 0.6655040530809153, -0.9087775888591347, 0.5022365855685237]",29.608284456529585,2.786809047383836
"[0.169360891387734, 0.6655064184159826, -0.9087800932079458, 0.5022315414076063]",29.608337667871403,2.7868718798652323
"[0.16935026980073795, 0.6655087843534336, -0.9087825979760915, 0.5022264959783416]",29.60839087976413,2.786934712346629
"[0.16933964702994192, 0.6655111508003022, -0.9087851030650211, 0.5022214494789986]",29.608444089337112,2.7869975448280253
"[0.16932902341324746, 0.6655135176814014, -0.9087876083950351, 0.5022164020699283]",29.608497300854953,2.7870603773094222
"[0.16931840078699362, 0.6655158845876126, -0.9087901135330503, 0.5022113546235861]",29.60855051060141,2.7871232097908187
"[0.16930777592451707, 0.6655182522379565, -0.908792619239993, 0.502206305606669]",29.60860372131316,2.7871860422722152
"[0.16929715133341386, 0.665520620073724, -0.9087951249244702, 0.502201256210638]",29.608656932179574,2.787248874753612
"[0.16928652428568472, 0.6655229887029754, -0.9087976312298364, 0.5021962051388185]",29.60871014058102,2.7873117072350087
"[0.16927589797796466, 0.6655253574132963, -0.9088001374021752, 0.5021911539104343]",29.608763353287834,2.787374539716405
"[0.16926527281272594, 0.6655277261149282, -0.9088026433465263, 0.5021861027169022]",29.60881656557055,2.7874373721978016
"[0.1692546438427367, 0.6655300959108812, -0.9088051502296847, 0.502181049206096]",29.608869775528007,2.7875002046791986
"[0.1692440158530801, 0.6655324657344089, -0.908807656923059, 0.5021759956528347]",29.608922988190344,2.787563037160595
"[0.1692333856275017, 0.6655348363027189, -0.9088101641852113, 0.5021709405277034]",29.608976195487706,2.7876258696419915
"[0.16922275506965637, 0.6655372071913991, -0.9088126715671307, 0.5021658847357572]",29.609029405898312,2.7876887021233885
"[0.169212124495752, 0.665539578329966, -0.9088151789942093, 0.5021608284273151]",29.60908261548503,2.7877515346047845
"[0.16920149206276236, 0.6655419501295773, -0.9088176869011463, 0.5021557707256145]",29.609135826363595,2.7878143670861815
"[0.16919086108176218, 0.665544321851681, -0.908820194506919, 0.5021507132055982]",29.609189038243976,2.7878771995675784
"[0.16918022721700773, 0.6655466944635531, -0.9088227028342274, 0.5021456538045703]",29.609242249557624,2.7879400320489744
"[0.16916959416835806, 0.6655490671398467, -0.9088252110103168, 0.5021405942825895]",29.609295458684542,2.7880028645303714
"[0.16915896020090856, 0.6655514402676918, -0.9088277194444028, 0.5021355338141283]",29.60934867111233,2.788065697011768
"[0.1691483247376473, 0.665553813975955, -0.9088302282725845, 0.502130472124401]",29.609401879035428,2.7881285294931644
"[0.16913768923182837, 0.6655561879403579, -0.908832737152033, 0.5021254099049113]",29.60945508973386,2.7881913619745613
"[0.16912705329227057, 0.665558562248263, -0.9088352461749997, 0.5021203469693886]",29.60950830114852,2.788254194455958
"[0.16911641593056487, 0.6655609371203532, -0.9088377555746459, 0.5021152828472262]",29.60956150805803,2.7883170269373547
"[0.16910577771541707, 0.6655633124298025, -0.9088402652167872, 0.5021102178089181]",29.60961472091548,2.7883798594187508
"[0.16909513944391524, 0.6655656879986687, -0.9088427749133676, 0.5021051522338996]",29.6096679289622,2.7884426919001477
"[0.16908450043214648, 0.6655680639797168, -0.9088452848257083, 0.5021000857964304]",29.60972113945505,2.788505524381544
"[0.169073859429349, 0.6655704406523867, -0.9088477952488736, 0.5020950179006589]",29.609774349594506,2.7885683568629407
"[0.16906321947400596, 0.6655728173380813, -0.9088503054660045, 0.5020899499936023]",29.609827557847797,2.7886311893443376
"[0.1690525777046963, 0.6655751946760088, -0.9088528161521566, 0.5020848807122579]",29.60988076823588,2.788694021825734
"[0.16904193503138196, 0.665577572463, -0.9088553270926332, 0.5020798104898676]",29.609933978213437,2.7887568543071306
"[0.16903129185434174, 0.6655799506096879, -0.908857838192979, 0.5020747395170008]",29.60998718611915,2.788819686788527
"[0.169020649185324, 0.6655823288900207, -0.90886034921446, 0.502069668275681]",29.610040398360198,2.788882519269924
"[0.16901000506582992, 0.6655847077417073, -0.9088628606191423, 0.5020645958325861]",29.610093606531994,2.7889453517513205
"[0.16899935899414573, 0.6655870872770105, -0.9088653725253939, 0.5020595219483532]",29.610146815586486,2.789008184232717
"[0.16898871407966276, 0.6655894668009865, -0.908867884199544, 0.5020544481048225]",29.610200026566947,2.789071016714114
"[0.16897806783855013, 0.6655918468688788, -0.9088703962276279, 0.5020493731180565]",29.610253234340597,2.78913384919551
"[0.16896742071923918, 0.6655942273805339, -0.9088729085038222, 0.5020442972016278]",29.610306443430204,2.789196681676907
"[0.16895677154765587, 0.6655966085985717, -0.9088754213051508, 0.5020392197955711]",29.610359653771802,2.7892595141583034
"[0.16894612333081901, 0.6655989898506636, -0.90887793392205, 0.5020341423334885]",29.61041286135567,2.7893223466397
"[0.16893547328932154, 0.6656013717584037, -0.9088804470103454, 0.5020290634899788]",29.610466069708114,2.789385179121097
"[0.168924823275837, 0.6656037539075239, -0.9088829601328452, 0.5020239841483876]",29.610519280311802,2.7894480116024933
"[0.16891417284397345, 0.6656061363979004, -0.908885473394862, 0.5020189040957617]",29.610572489163957,2.7895108440838903
"[0.16890352224233368, 0.6656085191739559, -0.9088879867377081, 0.5020138234506137]",29.61062569875039,2.7895736765652863
"[0.16889287014251667, 0.6656109025329594, -0.9088905004748448, 0.5020087415791087]",29.61067890940132,2.7896365090466833
"[0.16888221634818013, 0.6656132865189686, -0.9088930146525982, 0.5020036583873201]",29.610732115543236,2.7896993415280797
"[0.16887156390925065, 0.6656156704495331, -0.9088955285511945, 0.5019985753303942]",29.610785325387663,2.7897621740094762
"[0.16886090846371932, 0.6656180553009112, -0.9088980432000194, 0.5019934903267487]",29.610838533545532,2.789825006490873
"[0.16885025335450685, 0.6656204403250158, -0.9089005578101436, 0.5019884049714782]",29.610891741340698,2.7898878389722697
"[0.1688395976139389, 0.6656228257384763, -0.9089030726099143, 0.5019833188026923]",29.610944949620293,2.789950671453666
"[0.16882894049811822, 0.6656252117079074, -0.9089055877748798, 0.5019782314651478]",29.610998158087416,2.7900135039350626
"[0.1688182853130193, 0.6656275974931517, -0.9089081025247734, 0.5019731445370099]",29.611051369090944,2.7900763364164596
"[0.1688076261253721, 0.665629984422814, -0.9089106182599005, 0.5019680551854709]",29.611104574158833,2.790139168897856
"[0.16879696721111462, 0.6656323715394931, -0.9089131339710745, 0.5019629654518685]",29.611157784959325,2.7902020013792526
"[0.16878630850448048, 0.6656347588579493, -0.9089156496737812, 0.501957875304766]",29.611210992952692,2.7902648338606495
"[0.1687756492803437, 0.6656371465406112, -0.9089181655391454, 0.501952784397839]",29.61126420224362,2.7903276663420455
"[0.16876498762942913, 0.6656395350152794, -0.9089206820177976, 0.5019476918189658]",29.611317407449455,2.7903904988234425
"[0.16875432590683195, 0.6656419237544582, -0.9089231985538506, 0.5019425986928601]",29.611370616091502,2.790453331304839
"[0.1687436641810063, 0.6656443127428293, -0.9089257151311206, 0.5019375050521894]",29.611423824762674,2.790516163786236
"[0.16873300060214516, 0.6656467023949634, -0.9089282321862172, 0.5019324100130482]",29.611477033100837,2.7905789962676324
"[0.16872233838014825, 0.6656490919915713, -0.9089307489614459, 0.5019273151090585]",29.611530241092137,2.790641828749029
"[0.16871167290909098, 0.6656514825650091, -0.9089332665439996, 0.5019222181391303]",29.61158344804676,2.790704661230426
"[0.16870100756049677, 0.6656538733597028, -0.9089357841380231, 0.5019171207142454]",29.611636657788193,2.790767493711822
"[0.1686903428450272, 0.6656562642611717, -0.9089383016229418, 0.5019120230784962]",29.611689863523274,2.790830326193219
"[0.16867967563768851, 0.6656586559700849, -0.9089408197364165, 0.501906923738002]",29.61174307199855,2.7908931586746153
"[0.1686690088582848, 0.6656610478318732, -0.9089433377891823, 0.501901824088372]",29.611796281177725,2.790955991156012
"[0.1686583399886485, 0.6656634404112752, -0.9089458563756718, 0.5018967229255521]",29.61184948683159,2.7910188236374087
"[0.16864767295154287, 0.6656658328286065, -0.9089483745698176, 0.5018916221251063]",29.61190269417227,2.791081656118805
"[0.1686370030757628, 0.665668226131581, -0.9089508934743433, 0.5018865194532445]",29.611955902864317,2.7911444886002017
"[0.1686263334862004, 0.6656706196193772, -0.908953412351523, 0.5018814164041772]",29.612009109917977,2.791207321081598
"[0.16861566242692433, 0.66567301368596, -0.9089559316158773, 0.5018763121379619]",29.61206231619011,2.791270153562995
"[0.16860498993397968, 0.6656754083233568, -0.9089584512588864, 0.5018712066716087]",29.612115524455405,2.7913329860443916
"[0.16859431825216745, 0.6656778030279332, -0.9089609707505584, 0.5018661010788993]",29.6121687305647,2.791395818525788
"[0.1685836455382564, 0.6656801982133292, -0.908963490526037, 0.501860994477947]",29.61222193767281,2.791458651007185
"[0.168572971230775, 0.665682594005661, -0.9089660107178723, 0.5018558865998841]",29.612275146497595,2.791521483488581
"[0.16856229735040681, 0.6656849899514553, -0.9089685308489632, 0.5018507784115367]",29.612328352500317,2.791584315969978
"[0.16855162217102007, 0.6656873864382146, -0.9089710513268332, 0.5018456690867495]",29.61238156094995,2.7916471484513745
"[0.1685409469015018, 0.665689783194626, -0.9089735718660351, 0.5018405592039809]",29.61243476643132,2.7917099809327715
"[0.16853026962639722, 0.6656921806508262, -0.9089760929188142, 0.5018354478461914]",29.612487975235975,2.791772813414168
"[0.16851959270256311, 0.665694578277686, -0.9089786139286659, 0.5018303361414933]",29.61254118082674,2.7918356458955644
"[0.1685089148119543, 0.6656969763712238, -0.9089811352067808, 0.5018252234587878]",29.612594384899314,2.7918984783769614
"[0.16849823520944796, 0.6656993750989072, -0.9089836569290853, 0.5018201094410639]",29.612647591126873,2.7919613108583574
"[0.1684875571709562, 0.6657017737249257, -0.9089861783220327, 0.5018149956570276]",29.61270080091566,2.7920241433397543
"[0.1684768762084165, 0.6657041732575385, -0.9089887004453608, 0.5018098799571457]",29.612754006766473,2.7920869758211513
"[0.16846619626016343, 0.6657065728120585, -0.9089912223690848, 0.5018047642275437]",29.612807213708578,2.7921498083025473
"[0.16845551394774927, 0.6657089731475958, -0.9089937448909631, 0.5017996468498321]",29.612860422476288,2.7922126407839443
"[0.1684448314916882, 0.6657113737653283, -0.9089962674866253, 0.5017945288875095]",29.61291362351984,2.7922754732653408
"[0.16843414793475117, 0.6657137748803966, -0.9089987903821017, 0.5017894098818919]",29.61296683176003,2.7923383057467372
"[0.16842346431742894, 0.6657161762590458, -0.9090013133316562, 0.5017842903313705]",29.613020036627418,2.792401138228134
"[0.1684127804836019, 0.6657185779363592, -0.9090038363721381, 0.5017791701611304]",29.61307324409725,2.7924639707095307
"[0.16840209469478457, 0.6657209803032588, -0.90900635991408, 0.501774048537795]",29.61312644897292,2.792526803190927
"[0.1683914095437013, 0.6657233827769033, -0.9090088833451694, 0.5017689267039288]",29.613179657694495,2.7925896356723237
"[0.16838072209321814, 0.6657257860177641, -0.9090114073590293, 0.5017638032514907]",29.613232861204406,2.7926524681537206
"[0.1683700355663468, 0.665728189301163, -0.9090139311944743, 0.5017586797254291]",29.613286068030206,2.792715300635117
"[0.16835934765361688, 0.6657305931464966, -0.9090164553969083, 0.50175355501845]",29.613339273697953,2.7927781331165136
"[0.16834865845914934, 0.6657329975304694, -0.9090189799417284, 0.5017484291802413]",29.61339247863112,2.7928409655979105
"[0.16833796947414648, 0.6657354021177058, -0.9090215044767256, 0.5017433029257881]",29.613445685430698,2.792903798079307
"[0.16832727907618816, 0.6657378072732455, -0.9090240293850639, 0.5017381754768883]",29.613498891947472,2.7929666305607035
"[0.16831658754000534, 0.6657402129353802, -0.909026554601845, 0.5017330469651048]",29.613552094177315,2.7930294630421
"[0.16830589677416297, 0.6657426186747081, -0.9090290796762616, 0.5017279183058746]",29.613605299913864,2.793092295523497
"[0.16829520467442308, 0.6657450249647758, -0.9090316051052956, 0.501722788489675]",29.613658505474618,2.7931551280048934
"[0.16828451142777512, 0.6657474317636098, -0.909034130844766, 0.5017176576060055]",29.613711711125326,2.79321796048629
"[0.16827381703128028, 0.6657498390719693, -0.909036656895355, 0.5017125256532607]",29.61376491635384,2.793280792967687
"[0.16826312342806218, 0.6657522464524768, -0.9090391827980648, 0.5017073935638545]",29.613818123257772,2.793343625449083
"[0.16825242832251652, 0.6657546544219793, -0.9090417090951098, 0.5017022602359832]",29.61387132747603,2.79340645793048
"[0.16824173160923436, 0.6657570630043322, -0.9090442358113796, 0.5016971256188046]",29.613924531114737,2.7934692904118763
"[0.1682310358271448, 0.6657594716278876, -0.9090467623471188, 0.5016919909309715]",29.613977737133222,2.793532122893273
"[0.1682203369285953, 0.6657618812042377, -0.9090492896584417, 0.5016868542291643]",29.614030938939422,2.7935949553746697
"[0.16820963896122987, 0.6657642908218848, -0.9090518167891918, 0.5016817174565217]",29.614084145766274,2.793657787856066
"[0.16819894087357312, 0.6657667007176468, -0.9090543439877238, 0.5016765801082026]",29.61413735141973,2.7937206203374627
"[0.16818824164460686, 0.6657691111215884, -0.9090568714952102, 0.5016714416937768]",29.614190556099846,2.793783452818859
"[0.16817754018206207, 0.6657715222799228, -0.9090593995696734, 0.5016663016883941]",29.614243758602267,2.793846285300256
"[0.1681668404287633, 0.6657739333043111, -0.909061927279651, 0.5016611619857787]",29.614296965415715,2.7939091177816526
"[0.16815613704132448, 0.6657763453988951, -0.9090644558874482, 0.5016560200190198]",29.614350165705083,2.793971950263049
"[0.1681454359294327, 0.6657787572319563, -0.9090669839969173, 0.5016508786270205]",29.61440337086728,2.794034782744446
"[0.1681347318929017, 0.6657811699755466, -0.9090695128365662, 0.5016457353112758]",29.61445657525594,2.7940976152258425
"[0.1681240279885768, 0.6657835829407298, -0.9090720416842074, 0.5016405915404051]",29.61450977773929,2.794160447707239
"[0.16811332425075015, 0.6657859961198257, -0.9090745705316997, 0.5016354473308262]",29.614562983500083,2.7942232801886355
"[0.1681026177378002, 0.6657884101761168, -0.9090771000740189, 0.5016303012686073]",29.61461618802927,2.7942861126700325
"[0.1680919125756681, 0.6657908241793759, -0.909079629336341, 0.501625155336736]",29.61466938998712,2.794348945151429
"[0.16808120577240987, 0.6657932388043237, -0.9090821590255311, 0.5016200080969311]",29.61472259338992,2.7944117776328254
"[0.16807049865402673, 0.665795653751954, -0.9090846888282905, 0.5016148601865533]",29.61477579765265,2.7944746101142224
"[0.16805978970155558, 0.6657980693650077, -0.9090872191034829, 0.5016097108750452]",29.614829002336638,2.7945374425956184
"[0.16804908140030728, 0.6658004850829138, -0.9090897492638709, 0.5016045613573588]",29.614882207490442,2.7946002750770154
"[0.16803837096576715, 0.6658029015339113, -0.9090922799673602, 0.5015994102943097]",29.614935409162754,2.794663107558412
"[0.1680276603732255, 0.6658053182724378, -0.9090948107472081, 0.5015942586356997]",29.614988613457843,2.7947259400398083
"[0.1680169503437444, 0.6658077351358002, -0.9090973414330064, 0.5015891067283466]",29.615041815481717,2.7947887725212053
"[0.1680062387929109, 0.6658101525944169, -0.909099872517263, 0.5015839535694866]",29.615095017876428,2.7948516050026018
"[0.1679955259419063, 0.6658125705984915, -0.9091024039477018, 0.501578799265287]",29.61514822273959,2.7949144374839983
"[0.16798481268031973, 0.6658149889473118, -0.909104935514096, 0.5015736442436072]",29.61520142659888,2.7949772699653948
"[0.1679740982604825, 0.665817407809726, -0.9091074673931026, 0.5015684881445387]",29.61525463037464,2.7950401024467917
"[0.16796338455519536, 0.6658198267629658, -0.9091099991421441, 0.5015633318692713]",29.615307831884724,2.795102934928188
"[0.16795266863908287, 0.6658222464675959, -0.909112531452495, 0.5015581740097481]",29.615361035873605,2.7951657674095847
"[0.16794195098521938, 0.6658246668169548, -0.9091150642123543, 0.5015530147933535]",29.615414237448114,2.7952285998909816
"[0.16793123488043957, 0.6658270870687968, -0.9091175966449653, 0.5015478558022571]",29.615467439462716,2.795291432372378
"[0.1679205170247438, 0.6658295079684626, -0.909120129530157, 0.501542695447712]",29.615520643785818,2.7953542648537746
"[0.1679097986268657, 0.6658319292430294, -0.9091226625822615, 0.501537534311492]",29.61557384445255,2.795417097335171
"[0.16789907923336506, 0.6658343509949974, -0.9091251959084212, 0.5015323721751199]",29.615627046061366,2.795479929816568
"[0.16788835962598195, 0.6658367730478243, -0.9091277293238649, 0.5015272094149291]",29.615680250527674,2.7955427622979645
"[0.1678776401048682, 0.6658391953336836, -0.9091302627576333, 0.5015220461754798]",29.615733451692996,2.795605594779361
"[0.16786691909198556, 0.6658416182092611, -0.9091327965826538, 0.5015168816965138]",29.615786654205674,2.795668427260758
"[0.16785619595904425, 0.6658440418166793, -0.9091353309474114, 0.5015117156750978]",29.615839857689565,2.795731259742154
"[0.16784547342775874, 0.6658464655408615, -0.9091378652086218, 0.5015065494223108]",29.61589305851036,2.795794092223551
"[0.1678347510704088, 0.6658488894784695, -0.9091403994673454, 0.5015013827321135]",29.615946259586035,2.7958569247049474
"[0.16782402572539992, 0.6658513143443503, -0.9091429344708218, 0.5014962140808119]",29.615999462498674,2.795919757186344
"[0.16781330237365358, 0.6658537390124353, -0.9091454690417553, 0.5014910458686588]",29.616052665323323,2.795982589667741
"[0.16780257593194786, 0.6658561646321417, -0.909148004381597, 0.5014858756456576]",29.616105865439053,2.7960454221491373
"[0.16779184904173397, 0.6658585906062936, -0.9091505398659948, 0.5014807046847141]",29.61615906582171,2.7961082546305343
"[0.16778112179645124, 0.6658610169138083, -0.9091530754728391, 0.5014755330307802]",29.61621226836016,2.7961710871119303
"[0.1677703944427392, 0.6658634434989318, -0.9091556111438073, 0.5014703608027035]",29.616265469987443,2.7962339195933272
"[0.16775966698325043, 0.6658658703610878, -0.9091581468782463, 0.501465188001721]",29.61631867154035,2.796296752074724
"[0.16774893602998495, 0.6658682982668858, -0.9091606834769967, 0.5014600129938402]",29.616371871379137,2.79635958455612
"[0.1677382060948643, 0.6658707261955957, -0.9091632198735098, 0.5014548379547306]",29.61642507170288,2.796422417037517
"[0.16772747660105314, 0.6658731542777083, -0.9091657562041054, 0.5014496626062623]",29.61647827559387,2.7964852495189136
"[0.16771674423409272, 0.6658755832633901, -0.9091682932522697, 0.5014444853495063]",29.61653147593988,2.79654808200031
"[0.16770601223197373, 0.6658780124199072, -0.909170830252553, 0.5014393077462544]",29.616584678338274,2.796610914481707
"[0.16769528081808657, 0.665880441696687, -0.9091733671521144, 0.5014341299043132]",29.616637877792538,2.7966737469631036
"[0.16768454604918903, 0.6658828719864809, -0.9091759048831209, 0.5014289499208596]",29.616691076492142,2.7967365794445
"[0.16767381268425963, 0.665885302211953, -0.9091784423205215, 0.5014237700921551]",29.61674427997601,2.7967994119258965
"[0.1676630770153668, 0.6658877332127131, -0.90918098034087, 0.5014185886286662]",29.61679748149541,2.7968622444072935
"[0.16765234164107107, 0.665890164400442, -0.9091835183298198, 0.5014134067843695]",29.6168506803559,2.79692507688869
"[0.1676416041109128, 0.6658925963301037, -0.9091860568666899, 0.5014082233763723]",29.616903879524884,2.7969879093700865
"[0.16763086787908485, 0.665895028219474, -0.909188595134813, 0.5014030400719701]",29.616957081054547,2.7970507418514834
"[0.16762012982375624, 0.6658974607757064, -0.9091911338722335, 0.5013978553639403]",29.617010280601864,2.7971135743328794
"[0.16760939106229425, 0.6658998937457642, -0.9091936728147685, 0.5013926697915997]",29.617063479680613,2.7971764068142764
"[0.16759865246544983, 0.6659023269324276, -0.9091962117565197, 0.501387483775325]",29.617116681222193,2.797239239295673
"[0.16758791090277392, 0.6659047610451149, -0.9091987514376123, 0.5013822958030957]",29.617169878751582,2.79730207177707
"[0.16757717067534794, 0.6659071951092473, -0.9092012908411018, 0.5013771079521044]",29.61722307896284,2.7973649042584663
"[0.16756642869259267, 0.6659096298252687, -0.9092038306976957, 0.5013719187294613]",29.61727627972751,2.797427736739863
"[0.1675556870765488, 0.6659120647122864, -0.9092063705056328, 0.5013667291601361]",29.617329480363054,2.7974905692212597
"[0.16754494438117595, 0.6659145000981254, -0.9092089106067995, 0.5013615385454311]",29.61738267944104,2.7975534017026558
"[0.16753419984343318, 0.6659169361558868, -0.9092114511816055, 0.5013563465164238]",29.61743587897372,2.7976162341840527
"[0.1675234556808048, 0.6659193723828821, -0.9092139917056996, 0.501351154144521]",29.61748907792248,2.797679066665449
"[0.16751271048968938, 0.665921809097421, -0.9092165325109485, 0.501345960751318]",29.61754227590332,2.7977418991468457
"[0.16750196443929352, 0.6659242462612053, -0.9092190735573256, 0.501340766418444]",29.617595476788217,2.7978047316282426
"[0.16749121775986772, 0.6659266838220982, -0.9092216147903633, 0.5013355712570419]",29.617648675159305,2.797867564109639
"[0.16748047087801757, 0.665929121683374, -0.9092241561091615, 0.5013303754732664]",29.61770187431105,2.7979303965910356
"[0.16746972250752315, 0.6659315601368879, -0.9092266978178544, 0.5013251784451079]",29.617755072975264,2.797993229072432
"[0.16745897387550984, 0.6659339989043286, -0.9092292396262391, 0.501319980765743]",29.617808273032246,2.798056061553829
"[0.16744822428467132, 0.66593643814395, -0.9092317816991957, 0.5013147820978852]",29.61786147039819,2.7981188940352255
"[0.16743747434649203, 0.6659388777170827, -0.9092343238920954, 0.501309582737106]",29.617914670773235,2.798181726516622
"[0.1674267229258741, 0.6659413178813991, -0.9092368664733539, 0.5013043821342468]",29.6179678705553,2.798244558998019
"[0.16741597091853908, 0.6659437584336932, -0.9092394092311286, 0.5012991807224025]",29.61802106722145,2.798307391479415
"[0.16740521841850153, 0.6659461993526721, -0.9092419521431642, 0.5012939785469585]",29.618074265393535,2.798370223960812
"[0.16739446522468898, 0.6659486406840712, -0.9092444952569874, 0.5012887755104791]",29.618127464174723,2.7984330564422084
"[0.16738371167289026, 0.6659510823516637, -0.9092470384931715, 0.5012835717753937]",29.618180662596675,2.7984958889236053
"[0.16737295732985172, 0.6659535244539202, -0.9092495819541516, 0.5012783671318845]",29.618233860077776,2.798558721405002
"[0.16736220187452003, 0.6659559670638182, -0.9092521257158448, 0.5012731614244245]",29.618287057595378,2.7986215538863983
"[0.1673514454368223, 0.6659584101519418, -0.9092546697475055, 0.501267954715718]",29.618340255005776,2.7986843863677953
"[0.16734068799460602, 0.6659608537234117, -0.9092572140543548, 0.5012627469948664]",29.61839344952398,2.7987472188491913
"[0.16732993178052366, 0.6659632972710857, -0.9092597581083067, 0.5012575393426963]",29.618446650242802,2.7988100513305882
"[0.16731917298738358, 0.6659657416599303, -0.9092623028098158, 0.5012523299158164]",29.618499848386865,2.7988728838119847
"[0.16730841359785759, 0.6659681864396145, -0.909264847689923, 0.5012471196739788]",29.618553047097752,2.7989357162933812
"[0.1672976534903285, 0.6659706316378453, -0.909267392777372, 0.5012419085581551]",29.618606243181365,2.798998548774778
"[0.16728689313104703, 0.6659730771487035, -0.9092699379618612, 0.5012366967940737]",29.618659438318154,2.7990613812561747
"[0.1672761322247588, 0.6659755230393404, -0.9092724833132041, 0.5012314842386371]",29.618712637098906,2.799124213737571
"[0.1672653702630525, 0.6659779694254035, -0.9092750289516364, 0.501226270645409]",29.618765835364886,2.7991870462189676
"[0.16725460792101307, 0.6659804161535217, -0.9092775747174497, 0.5012210563412742]",29.61881903087826,2.7992498787003646
"[0.16724384379464813, 0.6659828635428948, -0.9092801209427497, 0.5012158406459207]",29.618872228383925,2.799312711181761
"[0.1672330803688668, 0.6659853110286773, -0.9092826670396988, 0.501210624763186]",29.618925425280075,2.7993755436631576
"[0.16722231580660266, 0.6659877590286059, -0.9092852134428366, 0.5012054078028132]",29.61897862168797,2.7994383761445545
"[0.16721155024887568, 0.6659902075107056, -0.9092877601187874, 0.501200189832959]",29.619031818317048,2.799501208625951
"[0.16720078238409763, 0.6659926567734065, -0.9092903073778082, 0.5011949702176492]",29.61908501398481,2.7995640411073475
"[0.16719001668593367, 0.6659951057991617, -0.9092928541615749, 0.5011897511253935]",29.619138211722774,2.799626873588744
"[0.16717924806762807, 0.6659975557451606, -0.9092954016734119, 0.5011845300901199]",29.619191407547426,2.799689706070141
"[0.1671684793281117, 0.6660000059747576, -0.909297949251168, 0.5011793084685956]",29.61924460236309,2.7997525385515374
"[0.16715771003017862, 0.6660024565874721, -0.909300496998249, 0.5011740860487479]",29.619297798915632,2.799815371032934
"[0.1671469407067753, 0.666004907462066, -0.9093030447885503, 0.5011688630889518]",29.61935099500709,2.799878203514331
"[0.16713616963927613, 0.6660073589897452, -0.9093055930286421, 0.5011636387555397]",29.61940419241547,2.799941035995727
"[0.16712539836854115, 0.6660098108198891, -0.9093081413539656, 0.5011584137957144]",29.619457385276384,2.800003868477124
"[0.1671146261680769, 0.6660122631179284, -0.9093106899363789, 0.50115318785695]",29.61951058345304,2.8000667009585203
"[0.16710385421386315, 0.666014715616192, -0.9093132384976328, 0.5011479615096739]",29.619563779076486,2.8001295334399168
"[0.16709307973834508, 0.666017168944884, -0.9093157876924927, 0.5011427334109207]",29.619616974895838,2.8001923659213137
"[0.16708230496643345, 0.6660196225975029, -0.9093183369945433, 0.5011375046400637]",29.619670169570504,2.80025519840271
"[0.1670715302997265, 0.6660220764826301, -0.909320886308738, 0.5011322753919346]",29.61972336173388,2.8003180308841067
"[0.16706075365604897, 0.6660245310746066, -0.9093234361276962, 0.5011270446557657]",29.61977655728772,2.800380863365503
"[0.16704997929890064, 0.6660269854022004, -0.9093259854426489, 0.5011218145011392]",29.61982975574059,2.8004436958469
"[0.16703920085551566, 0.6660294409172877, -0.9093285357614082, 0.5011165818342341]",29.61988295083016,2.8005065283282966
"[0.16702842320999897, 0.6660318965073075, -0.9093310859283248, 0.5011113490259081]",29.619936145003358,2.800569360809693
"[0.16701764414783923, 0.6660343526768301, -0.909333636467368, 0.5011061150009212]",29.619989339444892,2.80063219329109
"[0.16700686449861438, 0.6660368092369283, -0.9093361871822233, 0.5011008801618998]",29.62004253472051,2.8006950257724865
"[0.16699608453889625, 0.6660392661246182, -0.9093387380074246, 0.5010956446430662]",29.620095728010057,2.800757858253883
"[0.16698530386114016, 0.6660417234328404, -0.909341289039385, 0.5010904082463817]",29.620148923140874,2.80082069073528
"[0.16697452225674592, 0.6660441812092185, -0.9093438403274466, 0.5010851708703754]",29.620202118416923,2.8008835232166764
"[0.16696374032408876, 0.6660466393174092, -0.9093463917299925, 0.5010799328056001]",29.620255312373324,2.800946355698073
"[0.16695295607033672, 0.6660490982118589, -0.9093489437185852, 0.5010746930836762]",29.620308504480455,2.8010091881794694
"[0.16694217187388496, 0.6660515573503792, -0.909351495730383, 0.5010694528599874]",29.62036169722076,2.8010720206608664
"[0.1669313877787729, 0.6660540167229239, -0.9093540477549394, 0.5010642121559367]",29.620414892729496,2.801134853142263
"[0.1669206021322081, 0.6660564767065061, -0.9093566001833585, 0.5010589701681686]",29.620468086363797,2.8011976856236593
"[0.16690981518004372, 0.6660589372451675, -0.9093591529574477, 0.5010537270159375]",29.62052128014151,2.8012605181050563
"[0.1668990287280467, 0.6660613979270537, -0.9093617056498398, 0.5010484835768748]",29.620574471624064,2.8013233505864523
"[0.16688824195965166, 0.6660638589384567, -0.9093642584537527, 0.5010432394540214]",29.620627667313293,2.8013861830678493
"[0.1668774533259302, 0.6660663206328672, -0.9093668117357387, 0.5010379938941502]",29.620680859117297,2.8014490155492457
"[0.16686666501523859, 0.6660687825110139, -0.909369364977878, 0.5010327479611445]",29.62073405326342,2.8015118480306422
"[0.16685587395665344, 0.6660712452737928, -0.9093719189069353, 0.5010275001615141]",29.620787246138455,2.801574680512039
"[0.16684508334218393, 0.6660737081928199, -0.909374472767442, 0.5010222520473608]",29.620840438700398,2.8016375129934357
"[0.16683429274278821, 0.6660761713660206, -0.9093770266609102, 0.5010170034100254]",29.620893632675344,2.8017003454748326
"[0.16682350179168076, 0.6660786348771494, -0.9093795806741247, 0.5010117540710495]",29.620946826127927,2.8017631779562286
"[0.16681270904789108, 0.666081099055267, -0.9093821351481178, 0.5010065033292739]",29.62100001679417,2.8018260104376256
"[0.16680191525396518, 0.666083563730953, -0.9093846899071267, 0.5010012515457186]",29.621053210849105,2.801888842919022
"[0.16679112039038307, 0.6660860289087726, -0.9093872449557522, 0.5009959987106832]",29.62110640335152,2.8019516754004186
"[0.1667803267787325, 0.666088494058542, -0.9093897997444712, 0.5009907459538788]",29.621159596035152,2.8020145078818155
"[0.16676953086612037, 0.6660909599917775, -0.9093923551142067, 0.5009854915461481]",29.621212788632462,2.802077340363212
"[0.16675873364505914, 0.6660934264819222, -0.9093949108300248, 0.5009802359702559]",29.621265978927823,2.8021401728446085
"[0.16674793678579536, 0.6660958931474774, -0.9093974664965525, 0.5009749800391053]",29.621319170843037,2.802203005326005
"[0.16673713932169856, 0.6660983602093093, -0.9094000223425687, 0.5009697232820904]",29.621372362747014,2.802265837807402
"[0.16672634162973812, 0.6661008275813322, -0.909402578278818, 0.5009644658826505]",29.621425554834488,2.8023286702887984
"[0.16671554136274822, 0.6661032958000151, -0.9094051348608874, 0.500959206697712]",29.621478746357596,2.802391502770195
"[0.16670474177651082, 0.6661057641213883, -0.909407691318066, 0.5009539473125103]",29.62153193730007,2.802454335251592
"[0.16669394159490042, 0.6661082328371366, -0.9094102479524079, 0.5009486871055482]",29.621585129423725,2.802517167732988
"[0.1666831397582205, 0.6661107021895818, -0.9094128050147489, 0.5009434255605115]",29.62163832030651,2.802580000214385
"[0.16667233722170122, 0.6661131719604594, -0.9094153622789457, 0.500938163142484]",29.621691512552843,2.8026428326957813
"[0.1666615339086816, 0.6661156421673654, -0.9094179197631258, 0.5009328998139849]",29.621744701975484,2.802705665177178
"[0.1666507305675313, 0.6661181126392286, -0.9094204772901026, 0.5009276359395299]",29.621797892735955,2.8027684976585747
"[0.16663992506583983, 0.6661205838637805, -0.9094230353646736, 0.5009223704799193]",29.621851084431928,2.802831330139971
"[0.16662912104489672, 0.666123055008299, -0.9094255931247824, 0.5009171052094529]",29.62190427615033,2.802894162621368
"[0.16661831588608156, 0.6661255266717283, -0.9094281511903362, 0.5009118388519649]",29.62195746607522,2.802956995102764
"[0.16660750899030366, 0.6661279989912359, -0.9094307097031503, 0.5009065711152149]",29.622010658749364,2.803019827584161
"[0.1665967005828757, 0.6661304719154083, -0.909433268609873, 0.5009013021087642]",29.622063846773763,2.8030826600655576
"[0.16658589202542756, 0.6661329451327869, -0.9094358275881149, 0.5008960324962443]",29.622117035099297,2.803145492546954
"[0.16657508296746618, 0.6661354187236174, -0.9094383867208314, 0.5008907621066937]",29.622170227024174,2.803208325028351
"[0.16656427419283767, 0.6661378925085388, -0.9094409458224154, 0.5008854913222732]",29.622223417454467,2.8032711575097475
"[0.1665534646915541, 0.6661403667187498, -0.9094435051319651, 0.5008802196503981]",29.622276608174683,2.803333989991144
"[0.16654265307225616, 0.6661428416728433, -0.9094460649788897, 0.5008749464122768]",29.622329798930462,2.8033968224725405
"[0.1665318410862941, 0.6661453169699822, -0.9094486249485174, 0.5008696724619379]",29.62238298735491,2.8034596549539375
"[0.16652102858881543, 0.6661477926434403, -0.909451185075108, 0.5008643977285517]",29.622436175273357,2.803522487435334
"[0.16651021604079527, 0.6661502685876283, -0.9094537452495047, 0.5008591224370319]",29.622489366067473,2.8035853199167304
"[0.16649940178298755, 0.6661527451826412, -0.9094563058645487, 0.5008538457776109]",29.622542555696892,2.8036481523981274
"[0.16648858688874701, 0.6661552221827485, -0.9094588666660761, 0.5008485682738432]",29.622595743797756,2.8037109848795234
"[0.16647777175351647, 0.6661576994974396, -0.9094614275604262, 0.5008432901185904]",29.622648933319276,2.8037738173609204
"[0.16646695491998603, 0.6661601774605829, -0.9094639888926612, 0.5008380106005037]",29.622702122537707,2.803836649842317
"[0.16645613979582735, 0.666162655291584, -0.909466549855838, 0.5008327313827432]",29.62275531377907,2.8038994823237133
"[0.16644531990037373, 0.6661651344753327, -0.9094691119845333, 0.5008274493016409]",29.62280849996306,2.8039623148051103
"[0.16643450257154968, 0.666167613330575, -0.9094716735411236, 0.5008221679392467]",29.622861689526378,2.8040251472865068
"[0.16642368348352524, 0.6661700928485884, -0.9094742355499391, 0.5008168851835867]",29.62291487701481,2.8040879797679037
"[0.16641286268847472, 0.6661725730175583, -0.9094767979986129, 0.5008116010598509]",29.622968065223148,2.8041508122492997
"[0.16640204103696749, 0.6661750536426426, -0.9094793606857079, 0.5008063159831772]",29.623021253792864,2.8042136447306967
"[0.16639122064811085, 0.6661775342380857, -0.9094819231093657, 0.5008010309884977]",29.62307444204293,2.8042764772120936
"[0.16638039985861097, 0.6661800151851868, -0.9094844856634453, 0.5007957452634465]",29.62312763067606,2.8043393096934897
"[0.16636957661359908, 0.6661824969552013, -0.9094870488345614, 0.5007904578040214]",29.623180817755486,2.8044021421748866
"[0.16635875358080637, 0.6661849789365165, -0.9094896119909228, 0.500785169913289]",29.623234005718235,2.804464974656283
"[0.16634792782953442, 0.6661874618013187, -0.9094921758265722, 0.5007798801591642]",29.623287194402465,2.8045278071376796
"[0.16633710346477662, 0.6661899446082039, -0.9094947393693137, 0.5007745905473263]",29.623340379999327,2.8045906396190765
"[0.16632627666603983, 0.666192428233547, -0.9094973035239332, 0.5007692992106788]",29.623393567358455,2.804653472100473
"[0.16631545161375294, 0.6661949117184024, -0.9094998673003398, 0.5007640081922438]",29.623446755524032,2.8047163045818695
"[0.16630462349627356, 0.6661973961667377, -0.9095024318380857, 0.5007587151400631]",29.623499940356897,2.804779137063266
"[0.16629379595419577, 0.666199880743349, -0.909504996274914, 0.5007534218335357]",29.62355312961884,2.804841969544663
"[0.16628296655458902, 0.6662023660065665, -0.9095075611870292, 0.5007481270831582]",29.623606316331493,2.8049048020260594
"[0.1662721378619821, 0.666204851367921, -0.9095101259670064, 0.5007428321426608]",29.623659504024833,2.804967634507456
"[0.16626130711136325, 0.6662073374620945, -0.9095126912697165, 0.5007375356598991]",29.623712689337914,2.805030466988853
"[0.1662504758202681, 0.6662098239408621, -0.9095152567357108, 0.5007322383767613]",29.62376587673856,2.8050932994702493
"[0.16623964407229702, 0.6662123107850831, -0.9095178223451641, 0.5007269403340355]",29.62381906214028,2.805156131951646
"[0.16622881219236046, 0.6662147979202067, -0.9095203880210928, 0.5007216416905627]",29.62387224819442,2.8052189644330423
"[0.1662179790881242, 0.6662172855971116, -0.9095229540222082, 0.5007163419118774]",29.623925433889177,2.8052817969144392
"[0.1662071444281172, 0.6662197738920331, -0.90952552042701, 0.5007110408355828]",29.62397861959086,2.8053446293958357
"[0.16619631044066785, 0.6662222622932675, -0.909528086707649, 0.5007057395518325]",29.624031807255857,2.8054074618772322
"[0.16618547471945982, 0.6662247513535847, -0.9095306534340895, 0.5007004368830357]",29.624084992698748,2.805470294358629
"[0.16617463905539492, 0.6662272406615957, -0.9095332201821063, 0.5006951337055551]",29.62413817767079,2.805533126840025
"[0.16616380233984857, 0.6662297304721425, -0.9095357872142643, 0.5006898294765793]",29.624191362754914,2.805595959321422
"[0.1661529639582222, 0.6662322209264862, -0.9095383546761497, 0.5006845238951305]",29.624244548673435,2.8056587918028186
"[0.16614212631577843, 0.6662347114720295, -0.9095409219979581, 0.5006792181384864]",29.624297733344505,2.805721624284215
"[0.16613128796461787, 0.6662372024415084, -0.9095434895226554, 0.5006739114977957]",29.624350919164684,2.805784456765612
"[0.16612044644218737, 0.6662396944010524, -0.9095460578335922, 0.5006686027670278]",29.624404104720842,2.8058472892470085
"[0.16610960663061, 0.6662421862285596, -0.9095486257741918, 0.5006632943366583]",29.62445728772535,2.805910121728405
"[0.16609876541870708, 0.666244678639226, -0.909551194081459, 0.5006579846830879]",29.62451047357048,2.8059729542098015
"[0.16608792248600304, 0.6662471717068627, -0.9095537628313026, 0.5006526736490944]",29.62456365754833,2.8060357866911985
"[0.16607708008318064, 0.6662496649140387, -0.9095563314905006, 0.5006473623369823]",29.624616841638243,2.806098619172595
"[0.1660662380575217, 0.6662521582958594, -0.9095589000951989, 0.5006420506719764]",29.62467002794305,2.8061614516539914
"[0.16605539292687438, 0.6662546526532505, -0.9095614694703451, 0.5006367369478811]",29.62472321189173,2.8062242841353884
"[0.16604454776399788, 0.6662571472795978, -0.9095640388879456, 0.5006314226699984]",29.62477639513548,2.806287116616785
"[0.16603370193994837, 0.6662596423196344, -0.9095666084969799, 0.5006261075300324]",29.624829579702627,2.8063499490981814
"[0.16602285606897393, 0.6662621376321038, -0.9095691781518926, 0.5006207918289153]",29.62488276154906,2.806412781579578
"[0.16601200826706702, 0.6662646336505144, -0.9095717482990401, 0.5006154746431402]",29.62493594628991,2.806475614060975
"[0.16600115951377023, 0.6662671301496391, -0.9095743187063191, 0.5006101564525504]",29.624989128205144,2.8065384465423713
"[0.16599031105932402, 0.6662696268418021, -0.9095768890774851, 0.5006048378699688]",29.625042312514918,2.8066012790237678
"[0.16597946189969026, 0.666272123958111, -0.9095794596504029, 0.5005995184030924]",29.625095497753822,2.8066641115051647
"[0.16596861071614036, 0.66627462180221, -0.9095820307375121, 0.5005941974051011]",29.625148677350374,2.8067269439865608
"[0.1659577596720994, 0.6662771198761837, -0.9095846018261906, 0.5005888759366862]",29.625201860721507,2.8067897764679577
"[0.16594690826282069, 0.6662796182962597, -0.9095871730360068, 0.5005835537502675]",29.625255042184396,2.806852608949354
"[0.16593605654196134, 0.6662821170501273, -0.9095897443542208, 0.5005782308720822]",29.625308226861726,2.8069154414307507
"[0.16592520450954898, 0.6662846161378221, -0.9095923157808012, 0.500572907302066]",29.625361411385253,2.8069782739121476
"[0.16591434940242392, 0.666287116195804, -0.9095948879704747, 0.5005675816844467]",29.62541459162588,2.807041106393544
"[0.16590349490611664, 0.6662896163753624, -0.9095974600499139, 0.5005622558271631]",29.62546777594092,2.8071039388749406
"[0.1658926395740417, 0.666292117009724, -0.9096000323618728, 0.5005569290203903]",29.62552095795707,2.807166771356337
"[0.1658817831922081, 0.6662946181482701, -0.9096026049570404, 0.5005516011589513]",29.625574138682143,2.807229603837734
"[0.1658709264336994, 0.6662971196360031, -0.909605177675896, 0.5005462725730319]",29.625627319238664,2.8072924363191305
"[0.16586006914332174, 0.666299621508734, -0.9096077505551909, 0.5005409431863628]",29.62568050055379,2.807355268800527
"[0.16584921074416406, 0.6663021238994771, -0.9096103237316172, 0.5005356127156141]",29.625733683870028,2.807418101281924
"[0.16583835225662227, 0.6663046265731386, -0.9096128969633418, 0.500530281661586]",29.625786864873245,2.8074809337633204
"[0.16582749047678075, 0.6663071302683069, -0.9096154710096113, 0.5005249484510034]",29.625840045790646,2.807543766244717
"[0.16581663024834153, 0.666309633868551, -0.9096180447225372, 0.5005196154620175]",29.62589322878696,2.8076065987261134
"[0.16580577024386486, 0.6663121376798586, -0.909620618416662, 0.500514282042858]",29.62594640930979,2.8076694312075103
"[0.16579490713641182, 0.6663146424693666, -0.9096231928804208, 0.5005089465594293]",29.625999588700648,2.807732263688907
"[0.16578404495583693, 0.6663171473079981, -0.9096257671587501, 0.5005036109908023]",29.62605277121294,2.8077950961703033
"[0.16577317976810937, 0.6663196531030393, -0.9096283421839753, 0.5004982734043754]",29.626105949697084,2.8078579286517003
"[0.16576231725630938, 0.6663221585438401, -0.9096309166091937, 0.50049293659196]",29.626159131671475,2.8079207611330963
"[0.16575145194379626, 0.6663246648936287, -0.9096334917323435, 0.5004875978627912]",29.626212314679194,2.8079835936144932
"[0.1657405859754267, 0.6663271716577778, -0.9096360670450735, 0.5004822582704788]",29.626265492057847,2.8080464260958897
"[0.16572971898703753, 0.6663296789203796, -0.9096386426336713, 0.5004769176359155]",29.62631867258332,2.808109258577286
"[0.1657188523310175, 0.666332186369455, -0.9096412181775803, 0.5004715766236532]",29.626371853421574,2.808172091058683
"[0.16570798465431932, 0.6663346943172506, -0.9096437939974679, 0.5004662345685919]",29.626425033234177,2.8082349235400796
"[0.16569711544349883, 0.6663372028823827, -0.9096463702150075, 0.5004608912181056]",29.626478212286575,2.808297756021476
"[0.16568624566723394, 0.6663397118413598, -0.9096489466005881, 0.500455547048239]",29.626531391620112,2.8083605885028726
"[0.16567537515842598, 0.6663422212328146, -0.9096515231937944, 0.5004502019767144]",29.626584569257446,2.8084234209842696
"[0.1656645038696277, 0.6663447310677957, -0.909654100005845, 0.500444855980031]",29.626637751750337,2.8084862534656665
"[0.1656536331615353, 0.6663472410321765, -0.9096566767141903, 0.5004395097272862]",29.62669092913681,2.8085490859470625
"[0.16564275953764904, 0.6663497519333768, -0.9096592541475944, 0.5004341614986839]",29.626744107294975,2.8086119184284595
"[0.16563188788792702, 0.6663522626422758, -0.9096618311469404, 0.500428813699267]",29.62679728881691,2.808674750909856
"[0.16562101225943127, 0.6663547745337421, -0.9096644091232841, 0.5004234634005871]",29.6268504673983,2.8087375833912525
"[0.1656101377013324, 0.6663572864417178, -0.909666986879746, 0.500418113086352]",29.626903643967175,2.8088004158726494
"[0.1655992637334416, 0.6663597984770809, -0.9096695645301148, 0.5004127625204007]",29.62695682233763,2.808863248354046
"[0.16558838680946297, 0.6663623114591773, -0.9096721429150161, 0.5004074099575629]",29.627010002589902,2.8089260808354424
"[0.16557750987657063, 0.6663648247072266, -0.9096747213358021, 0.5004020568478988]",29.627063180020272,2.808988913316839
"[0.16556663156983717, 0.6663673385366793, -0.9096773001160124, 0.5003967025195234]",29.62711635670804,2.809051745798236
"[0.16555575364223232, 0.6663698525425032, -0.9096798788400691, 0.5003913478351487]",29.62716953503536,2.8091145782796323
"[0.16554487509690827, 0.6663723669551087, -0.9096824577442564, 0.5003859923040258]",29.62722271255489,2.809177410761029
"[0.16553399466978383, 0.666374882066778, -0.9096850371282246, 0.500380635303629]",29.627275888425434,2.8092402432424257
"[0.16552311364698322, 0.6663773975803213, -0.9096876166870583, 0.5003752774669677]",29.627329065931498,2.8093030757238218
"[0.16551223265487763, 0.6663799133509811, -0.9096901962722362, 0.500369919102385]",29.627382244832198,2.8093659082052187
"[0.1655013509318319, 0.6663824295548793, -0.9096927760642988, 0.5003645598347526]",29.627435424252,2.809428740686615
"[0.16549046742906512, 0.6663849464346334, -0.9096953563118684, 0.5003591991473325]",29.627488598463763,2.8094915731680117
"[0.1654795840806619, 0.6663874635430762, -0.9096979365563902, 0.5003538379925792]",29.62754177636823,2.8095544056494086
"[0.16546869856379515, 0.6663899814175145, -0.9097005173485454, 0.5003484752260972]",29.627594951628,2.809617238130805
"[0.16545781440901136, 0.666392499241361, -0.9097030978512695, 0.5003431125871283]",29.627648130871986,2.809680070612202
"[0.16544692798602612, 0.6663950178544655, -0.9097056789252335, 0.5003377482869195]",29.62770130291503,2.809742903093598
"[0.16543604062028572, 0.6663975369503049, -0.9097082602561737, 0.5003323829783323]",29.62775448090047,2.809805735574995
"[0.16542515435003935, 0.6664000560572971, -0.9097108413608006, 0.5003270176657869]",29.627807657963146,2.8098685680563915
"[0.16541426627337993, 0.6664025758469962, -0.9097134229271227, 0.5003216509189892]",29.627860832473417,2.809931400537788
"[0.1654033760456574, 0.6664050963993122, -0.9097160050368482, 0.500316282567753]",29.627914009151986,2.809994233019185
"[0.16539248744220503, 0.6664076168404941, -0.9097185867948022, 0.5003109144730454]",29.627967184586645,2.8100570655005814
"[0.16538159682153689, 0.6664101380134829, -0.9097211690643796, 0.5003055448395565]",29.628020359312462,2.810119897981978
"[0.1653707055034077, 0.6664126596128754, -0.9097237515326356, 0.5003001743177588]",29.62807353483179,2.8101827304633744
"[0.16535981431001, 0.666415181448352, -0.9097263340045924, 0.500294803313006]",29.62812671072659,2.8102455629447713
"[0.1653489203737911, 0.6664177041840048, -0.9097289171601736, 0.5002894304109338]",29.62817988457383,2.810308395426168
"[0.1653380282516732, 0.66642022676463, -0.909731499918823, 0.5002840578589203]",29.62823306054918,2.8103712279075643
"[0.16532713349613093, 0.6664227502203083, -0.9097340833351198, 0.5002786834631284]",29.628286233929554,2.8104340603889613
"[0.16531623813743568, 0.6664252740809223, -0.9097366669276211, 0.5002733082248216]",29.628339409863404,2.8104968928703573
"[0.16530534248993262, 0.6664277982737165, -0.9097392506217613, 0.5002679322989732]",29.628392582415067,2.8105597253517542
"[0.16529444699215204, 0.6664303226970939, -0.9097418343135264, 0.5002625559019487]",29.628445756781836,2.8106225578331507
"[0.16528354954293267, 0.6664328478379942, -0.9097444185011474, 0.5002571779967263]",29.628498931831693,2.8106853903145477
"[0.16527265164321603, 0.6664353733487154, -0.9097470028286787, 0.5002517993238289]",29.62855210393092,2.810748222795944
"[0.165261754613195, 0.6664378989233212, -0.909749586983018, 0.5002464205348339]",29.62860528006572,2.8108110552773407
"[0.16525085486729937, 0.6664404253929097, -0.9097521718144381, 0.5002410398597384]",29.62865845463714,2.8108738877587376
"[0.16523995397667443, 0.6664429523934677, -0.9097547569503354, 0.5002356580738143]",29.628711626873013,2.8109367202401336
"[0.16522905264517188, 0.6664454797619115, -0.9097573422237695, 0.5002302755244004]",29.62876480035786,2.8109995527215306
"[0.1652181504791083, 0.666448007589562, -0.9097599277280819, 0.5002248920170109]",29.6288179732389,2.811062385202927
"[0.16520724892061686, 0.6664505355420838, -0.9097625131212324, 0.5002195082637039]",29.62887114715762,2.8111252176843236
"[0.16519634698389815, 0.6664530638480779, -0.9097650986369816, 0.500214123777636]",29.62892432141121,2.8111880501657205
"[0.16518544215086275, 0.6664555930916631, -0.9097676848725078, 0.5002087373148403]",29.62897749260177,2.811250882647117
"[0.16517453755567943, 0.6664581225460213, -0.9097702710844807, 0.500203350423219]",29.6290306645705,2.8113137151285135
"[0.16516363278030197, 0.6664606523081404, -0.9097728573720184, 0.5001979628962299]",29.629083838409922,2.81137654760991
"[0.16515272616073337, 0.666463182764149, -0.9097754441297483, 0.5001925739115769]",29.629137008337594,2.811439380091307
"[0.16514182038540118, 0.6664657132903306, -0.9097780307200282, 0.5001871847975471]",29.629190182473923,2.8115022125727034
"[0.16513091118337045, 0.6664682448778342, -0.9097806181557988, 0.5001817934433898]",29.629243349629267,2.8115650450541
"[0.16512000338784896, 0.6664707764051491, -0.9097832052907047, 0.5001764022375189]",29.629296523177594,2.811627877535497
"[0.1651090939652414, 0.6664733085763537, -0.9097857928442328, 0.5001710096805239]",29.629349694755778,2.811690710016893
"[0.16509818439094523, 0.6664758410490801, -0.9097883804664186, 0.5001656165015331]",29.62940286738885,2.81175354249829
"[0.16508727406472265, 0.6664783739627125, -0.9097909682996064, 0.500160222403723]",29.62945603936396,2.8118163749796863
"[0.16507636271504506, 0.6664809073803761, -0.9097935564081785, 0.5001548272526812]",29.629509209756172,2.811879207461083
"[0.16506544987361585, 0.6664834414109084, -0.9097961449031939, 0.5001494308166422]",29.62956237937927,2.8119420399424797
"[0.1650545376247799, 0.6664859755703678, -0.9097987332902253, 0.500144034126218]",29.62961555120759,2.812004872423876
"[0.16504362414283116, 0.6664885102827812, -0.909801322002305, 0.5001386362784225]",29.629668721986725,2.812067704905273
"[0.1650327094035965, 0.666491045553867, -0.909803911045149, 0.5001332372610895]",29.629721891802824,2.812130537386669
"[0.1650217945114927, 0.6664935811271705, -0.9098065001567577, 0.5001278376203769]",29.62977506409561,2.812193369868066
"[0.16501087886659924, 0.6664961171421042, -0.9098090894794131, 0.5001224370594082]",29.629828232989095,2.8122562023494626
"[0.16499996218052632, 0.6664986536657578, -0.9098116790815027, 0.500117035435331]",29.629881405101866,2.812319034830859
"[0.16498904501515396, 0.6665011905676637, -0.9098142688297144, 0.5001116330260071]",29.629934574160774,2.812381867312256
"[0.16497812646653348, 0.6665037280579178, -0.9098168589384702, 0.5001062293840045]",29.629987743018557,2.8124446997936525
"[0.16496720838002016, 0.6665062657077613, -0.9098194489699759, 0.5001008254224324]",29.63004091285585,2.812507532275049
"[0.16495628855025082, 0.6665088040298235, -0.9098220394473775, 0.500095420049636]",29.63009408122136,2.8125703647564455
"[0.1649453676036102, 0.6665113428786291, -0.9098246302220618, 0.5000900135754275]",29.630147251617238,2.8126331972378424
"[0.16493444651550881, 0.6665138820274856, -0.9098272210626078, 0.5000846064825637]",29.630200421951397,2.812696029719239
"[0.1649235241810982, 0.6665164217333381, -0.9098298122310989, 0.500079198223895]",29.63025358996954,2.8127588622006354
"[0.1649126027825264, 0.6665189614888156, -0.9098324032098228, 0.5000737898798719]",29.63030675771802,2.8128216946820324
"[0.16490167877208942, 0.6665215021190143, -0.9098349948404099, 0.5000683796934887]",29.630359926258226,2.812884527163429
"[0.16489075477159157, 0.6665240430142808, -0.9098375865008416, 0.5000629689629951]",29.630413096133267,2.8129473596448253
"[0.16487982925230646, 0.6665265845302758, -0.9098401785537757, 0.5000575569310478]",29.630466262555778,2.8130101921262223
"[0.16486890431772, 0.6665291261777321, -0.9098427705001408, 0.5000521446395266]",29.630519429990088,2.8130730246076188
"[0.16485797782478542, 0.6665316684552862, -0.9098453628483466, 0.5000467310266367]",29.630572598013057,2.8131358570890153
"[0.16484705074673414, 0.6665342111365662, -0.9098479553674791, 0.5000413165744144]",29.63062576597328,2.8131986895704117
"[0.16483612250734556, 0.6665367543557689, -0.9098505481942194, 0.5000359009971389]",29.63067893319788,2.8132615220518087
"[0.16482519463676043, 0.6665392977568376, -0.9098531409655037, 0.500030485053008]",29.63073210346484,2.813324354533205
"[0.16481426471724145, 0.6665418419025708, -0.9098557342549477, 0.5000250675436094]",29.63078526861456,2.8133871870146017
"[0.1648033346647668, 0.6665443863470816, -0.909858327607937, 0.5000196494184287]",29.630838434635955,2.8134500194959986
"[0.16479240375100643, 0.66654693125998, -0.9098609211972548, 0.5000142303163146]",29.630891601171314,2.8135128519773946
"[0.16478147282183003, 0.6665494764443898, -0.9098635148221741, 0.5000088106565119]",29.63094477025455,2.8135756844587916
"[0.16477054044306647, 0.6665520222343057, -0.909866108822965, 0.5000033897278223]",29.63099793668516,2.813638516940188
"[0.16475960703887282, 0.6665545685310832, -0.9098687030989628, 0.4999979677403282]",29.631051103542426,2.8137013494215846
"[0.1647486733980521, 0.6665571151510743, -0.9098712974629777, 0.49999254508509094]",29.631104269012212,2.8137641819029815
"[0.1647377387071631, 0.6665596622837969, -0.9098738921080033, 0.4999871213585633]",29.63115743467803,2.813827014384378
"[0.1647268032076792, 0.6665622098731094, -0.909876486976716, 0.4999816966803233]",29.631210599243804,2.8138898468657745
"[0.1647158671721899, 0.6665647578555716, -0.9098790820044104, 0.49997627118546656]",29.631263765671353,2.813952679347171
"[0.16470493075551484, 0.6665673061951587, -0.9098816771543243, 0.4999708449507095]",29.631316932266984,2.814015511828568
"[0.16469399180390865, 0.6665698553938677, -0.9098842729375085, 0.49996541690717283]",29.631370097663353,2.8140783443099644
"[0.16468305354846574, 0.6665724046987821, -0.9098868685872182, 0.4999599886580395]",29.631423262191042,2.814141176791361
"[0.16467211517626998, 0.6665749542993914, -0.9098894642963202, 0.4999545597998642]",29.631476427893602,2.814204009272758
"[0.16466117547176332, 0.6665775044790957, -0.9098920603532471, 0.49994912972921407]",29.631529594128583,2.8142668417541543
"[0.16465023420252295, 0.6665800552921864, -0.9098946568131399, 0.4999436983304938]",29.631582759000455,2.814329674235551
"[0.16463929278763093, 0.6665826064079218, -0.909897253339212, 0.49993826630797517]",29.631635921919248,2.8143925067169473
"[0.16462834999605908, 0.6665851581133972, -0.909899850223579, 0.4999328330503614]",29.631689086941773,2.8144553391983442
"[0.16461740821677348, 0.6665877098515756, -0.9099024468992755, 0.4999273997437474]",29.6317422498846,2.8145181716797407
"[0.1646064645816563, 0.6665902622913854, -0.9099050440469293, 0.4999219649638276]",29.63179541431924,2.814581004161137
"[0.16459551890334867, 0.6665928154766834, -0.9099076417109913, 0.49991652861723834]",29.63184857779281,2.814643836642534
"[0.1645845737610968, 0.6665953688059088, -0.9099102392793247, 0.49991109198486067]",29.6319017406772,2.81470666912393
"[0.16457362858849411, 0.6665979224112072, -0.909912836886317, 0.4999056547853449]",29.631954905099697,2.814769501605327
"[0.164562682160988, 0.666600476578316, -0.9099154348225716, 0.499900216410283]",29.63200806851943,2.8148323340867236
"[0.16455173415693772, 0.6666030313824474, -0.9099180331643987, 0.4998947766995828]",29.63206123089258,2.81489516656812
"[0.16454078619299925, 0.666605586446388, -0.9099206315280924, 0.4998893364564013]",29.63211439596009,2.814957999049517
"[0.1645298358430399, 0.6666081423364802, -0.9099232304894406, 0.49988389447491527]",29.6321675568617,2.8150208315309135
"[0.1645188883229529, 0.6666106978353056, -0.9099258288104681, 0.4998784533472574]",29.632220721821362,2.81508366401231
"[0.1645079369790721, 0.6666132544960559, -0.9099284280703606, 0.4998730097663748]",29.632273883779654,2.8151464964937065
"[0.16449698500400778, 0.6666158115736314, -0.9099310275113435, 0.49986756531878335]",29.632327043120927,2.8152093289751035
"[0.1644860343106473, 0.6666183686213656, -0.9099336266793678, 0.4998621209554871]",29.632380208470263,2.8152721614565
"[0.16447508043648812, 0.6666209266813908, -0.909936226633593, 0.4998566744576561]",29.632433367302777,2.8153349939378964
"[0.16446412738667374, 0.6666234848184917, -0.9099388264233571, 0.4998512278165231]",29.63248653186413,2.8153978264192934
"[0.1644531726140316, 0.6666260436276066, -0.9099414266532292, 0.4998457797653773]",29.632539693174472,2.81546065890069
"[0.1644422185861806, 0.666628602532439, -0.9099440267374618, 0.4998403315312731]",29.63259285382804,2.8155234913820864
"[0.16443126249887127, 0.6666311621881102, -0.9099466273416618, 0.499834881719363]",29.632646015147927,2.815586323863483
"[0.1644203072173894, 0.6666337219252567, -0.909949227785686, 0.49982943175480193]",29.632699177999548,2.8156491563448798
"[0.16440934890316197, 0.6666362826409231, -0.9099518289806626, 0.49982397972774034]",29.63275233674557,2.8157119888262763
"[0.16439839206464685, 0.6666388432816387, -0.9099544298563915, 0.4998185278811237]",29.632805498779025,2.8157748213076728
"[0.16438743282325965, 0.6666414047539021, -0.9099570313335217, 0.49981307428495253]",29.63285865900281,2.8158376537890697
"[0.16437647278598394, 0.666643966682226, -0.9099596330305806, 0.49980761973866683]",29.632911819482725,2.8159004862704657
"[0.16436551211708966, 0.666646529028312, -0.9099622349085448, 0.4998021643238459]",29.63296497849191,2.8159633187518627
"[0.16435455110346386, 0.6666490917251452, -0.9099648368992853, 0.4997967081831808]",29.633018139931448,2.816026151233259
"[0.16434358890926506, 0.6666516549682165, -0.909967439201198, 0.49979125090046833]",29.633071299367387,2.8160889837146557
"[0.16433262768145973, 0.6666542182555496, -0.9099700413045844, 0.499785793544467]",29.63312446011545,2.8161518161960526
"[0.1643216632749062, 0.6666567825565443, -0.9099726441934549, 0.4997803340512586]",29.633177618609405,2.816214648677449
"[0.16431070057813973, 0.6666593467280216, -0.9099752467072635, 0.4997748748547751]",29.633230780004908,2.816277481158846
"[0.16429973557050986, 0.6666619117104412, -0.9099778498004758, 0.4997694139527543]",29.633283938547258,2.816340313640242
"[0.1642887688616394, 0.6666644773613399, -0.9099804533283598, 0.49976395164850296]",29.633337096639366,2.816403146121639
"[0.16427780241315543, 0.6666670432218956, -0.909983056825189, 0.49975848891889785]",29.633390253170813,2.8164659786030355
"[0.1642668359323533, 0.6666696093605964, -0.9099856603604249, 0.49975302561812984]",29.633443414098227,2.816528811084432
"[0.16425586761082797, 0.6666721762006953, -0.9099882643633748, 0.499747560845112]",29.633496574635195,2.816591643565829
"[0.16424489927543628, 0.6666747433147766, -0.9099908684002952, 0.499742095509843]",29.633549731584857,2.8166544760472254
"[0.16423392842119788, 0.66667731128917, -0.9099934730658984, 0.49973662836399807]",29.63360288671222,2.816717308528622
"[0.16422295965582773, 0.6666798790454417, -0.9099960772661925, 0.4997311617036043]",29.633656046759334,2.8167801410100184
"[0.1642119891142329, 0.6666824474883964, -0.9099986819187964, 0.4997256936023674]",29.63370920347844,2.8168429734914153
"[0.16420101735832138, 0.666685016486571, -0.9100012868902905, 0.4997202243401528]",29.63376236174212,2.816905805972812
"[0.16419004587139036, 0.6666875856927527, -0.9100038918284689, 0.49971475465620696]",29.63381552042404,2.8169686384542083
"[0.16417907131024093, 0.6666901558899265, -0.9100064975270843, 0.49970928288360555]",29.633868675638034,2.8170314709356052
"[0.16416809810816788, 0.6666927260399227, -0.9100091029335127, 0.4997038112325626]",29.633921833754957,2.8170943034170013
"[0.1641571225019287, 0.6666952970242259, -0.9100117089412483, 0.4996983378264761]",29.633974989038652,2.8171571358983982
"[0.164146147387238, 0.66669786816462, -0.9100143148627209, 0.49969286410922803]",29.63402814371329,2.817219968379795
"[0.16413516976818782, 0.6667004401630522, -0.9100169214092533, 0.49968738858645706]",29.63408130081959,2.817282800861191
"[0.16412419366887243, 0.6667030120767568, -0.9100195276253308, 0.4996819132652311]",29.63413445765169,2.817345633342588
"[0.1641132158920318, 0.6667055846549282, -0.9100221342700978, 0.49967643655059946]",29.634187615732593,2.8174084658239846
"[0.16410223800256263, 0.6667081575309448, -0.9100247409719475, 0.49967095922308735]",29.634240770966834,2.8174712983053816
"[0.16409125974254252, 0.6667107307652774, -0.9100273477920983, 0.4996654811539591]",29.6342939270092,2.817534130786778
"[0.1640802795889515, 0.6667133047150274, -0.9100299550921719, 0.4996600015830212]",29.63434708187088,2.8175969632681745
"[0.16406929770053844, 0.6667158793431319, -0.9100325628344584, 0.49965452058919385]",29.63440023669548,2.8176597957495715
"[0.16405831554402434, 0.6667184543058222, -0.9100351706706501, 0.4996490389043257]",29.634453391060696,2.8177226282309675
"[0.16404733526553347, 0.6667210290998641, -0.9100377780910875, 0.49964355759973167]",29.6345065478871,2.8177854607123645
"[0.16403635091032542, 0.6667236051216946, -0.9100403865097877, 0.4996380737026429]",29.634559701650602,2.817848293193761
"[0.164025367181536, 0.6667261812685017, -0.9100429948098945, 0.4996325895607792]",29.634612855053827,2.8179111256751574
"[0.16401438375166041, 0.6667287576170831, -0.9100456030691455, 0.4996271050106606]",29.63466601111054,2.8179739581565544
"[0.1640033972414425, 0.6667313349602219, -0.9100482120900019, 0.49962161836462166]",29.63471916448397,2.818036790637951
"[0.1639924118925049, 0.6667339123029613, -0.9100508208651619, 0.49961613174074415]",29.63477231788878,2.8180996231193474
"[0.1639814247401782, 0.6667364903409159, -0.9100534300986379, 0.49961064365823193]",29.63482547265575,2.818162455600744
"[0.16397043745013212, 0.6667390686833105, -0.9100560393948496, 0.49960515494895097]",29.63487862867916,2.818225288082141
"[0.1639594481870558, 0.6667416477609602, -0.9100586491896244, 0.49959966469583644]",29.634931779431643,2.8182881205635373
"[0.16394845890418266, 0.6667442271155429, -0.9100612590190765, 0.4995941738745581]",29.63498493055321,2.8183509530449338
"[0.1639374694007283, 0.666746806794232, -0.9100638689308573, 0.4995886823847214]",29.635038084102653,2.8184137855263307
"[0.16392647777746025, 0.6667493872429134, -0.9100664793760058, 0.49958318927712564]",29.635091238894493,2.818476618007727
"[0.1639154866689612, 0.6667519678432012, -0.9100690897287917, 0.4995776958682062]",29.635144390944436,2.8185394504891237
"[0.16390449600375942, 0.6667545486118499, -0.910071700006157, 0.49957220212229664]",29.635197544823274,2.81860228297052
"[0.16389350276748313, 0.6667571302567787, -0.9100743109239915, 0.4995667065324512]",29.635250696112312,2.818665115451917
"[0.1638825076257747, 0.6667597126218482, -0.9100769223241918, 0.4995612094310652]",29.635303847417436,2.8187279479333136
"[0.16387151524835378, 0.6667622946103077, -0.9100795330976416, 0.4995557131528185]",29.635357001476752,2.81879078041471
"[0.16386051898313123, 0.6667648777847047, -0.9100821448242382, 0.4995502143715176]",29.63541015056948,2.818853612896107
"[0.16384952264025507, 0.6667674612501647, -0.9100847565990153, 0.4995447149921094]",29.635463302439152,2.818916445377503
"[0.16383852712489885, 0.6667700447940158, -0.9100873682069502, 0.49953921546731117]",29.635516455724808,2.8189792778589
"[0.16382752933062172, 0.6667726291462315, -0.910089980385846, 0.49953371424326176]",29.63556960619523,2.8190421103402965
"[0.16381653060382492, 0.6667752139905628, -0.9100925928158901, 0.4995282119931704]",29.635622756429388,2.819104942821693
"[0.16380553136891535, 0.6667777992273431, -0.9100952053962512, 0.4995227089292106]",29.635675906053773,2.81916777530309
"[0.16379453240782665, 0.6667803846728179, -0.9100978179411722, 0.4995172054425433]",29.635729058978292,2.8192306077844864
"[0.1637835317138532, 0.6667829707987574, -0.9101004309272749, 0.4995117005289503]",29.63578220619908,2.819293440265883
"[0.16377253025123675, 0.6667855573786011, -0.9101030441255019, 0.4995061946707202]",29.635835360515134,2.8193562727472794
"[0.16376152686450862, 0.6667881446841312, -0.9101056578102937, 0.4995006872893489]",29.635888505727763,2.8194191052286763
"[0.16375052585036468, 0.6667907317050379, -0.9101082709610048, 0.4994951805354073]",29.635941657643304,2.819481937710073
"[0.16373952105479705, 0.6667933198885844, -0.9101108850394153, 0.49948967132825645]",29.635994806172047,2.8195447701914693
"[0.16372851860684212, 0.6667959077933736, -0.9101134985896099, 0.4994841627360684]",29.63604795820492,2.8196076026728663
"[0.1637175126216424, 0.6667984968036581, -0.9101161130094666, 0.49947865181235107]",29.636101105063265,2.8196704351542627
"[0.16370650651192967, 0.6668010861167956, -0.9101187274882911, 0.4994731402656174]",29.63615425488183,2.8197332676356592
"[0.16369549989358306, 0.6668036758231993, -0.9101213421173018, 0.49946762790343036]",29.63620740334702,2.8197961001170557
"[0.16368449187828032, 0.6668062661319809, -0.9101239571074955, 0.4994621142807075]",29.636260552050985,2.8198589325984527
"[0.16367348432789502, 0.6668088566050399, -0.9101265720165563, 0.4994566003299561]",29.636313702046877,2.819921765079849
"[0.16366247644558857, 0.6668114474299538, -0.9101291870337411, 0.4994510856519502]",29.63636684927241,2.8199845975612456
"[0.16365146486354482, 0.6668140393995419, -0.9101318029590886, 0.49944556855916256]",29.636419996132652,2.8200474300426426
"[0.16364045457819834, 0.6668166313377959, -0.910134418605624, 0.49944005155475935]",29.636473144868408,2.8201102625240386
"[0.16362944318540895, 0.6668192238107179, -0.9101370345444467, 0.4994345334340271]",29.636526291057315,2.8201730950054356
"[0.16361843229028036, 0.6668218164404437, -0.9101396503942109, 0.49942901500126197]",29.636579440263976,2.820235927486832
"[0.16360741950699664, 0.6668244097888089, -0.9101422667216882, 0.4994234950606065]",29.636632585499488,2.8202987599682285
"[0.16359640545484364, 0.66682700371012, -0.9101448833797348, 0.4994179739221918]",29.636685733429,2.8203615924496255
"[0.16358539150803067, 0.6668295978808002, -0.9101475000418477, 0.4994124522747628]",29.636738879659813,2.820424424931022
"[0.16357437685713225, 0.666832192491541, -0.9101501169002983, 0.49940692971245054]",29.636792026806777,2.8204872574124185
"[0.1635633610398707, 0.6668347876513268, -0.9101527340648922, 0.4994014060033009]",29.636845173736187,2.820550089893815
"[0.16355234437451235, 0.6668373832852722, -0.9101553514599914, 0.4993958813067215]",29.63689832044745,2.820612922375212
"[0.16354132727428997, 0.6668399792960856, -0.9101579689873914, 0.4993903558298108]",29.636951468233683,2.8206757548566084
"[0.16353031044654684, 0.6668425755171193, -0.9101605864790067, 0.499384829927282]",29.637004612034143,2.820738587338005
"[0.16351929098605247, 0.6668451726331238, -0.9101632046250699, 0.49937930214170034]",29.637057758314672,2.820801419819402
"[0.1635082708991947, 0.666847770171374, -0.9101658229488585, 0.4993737734792571]",29.63711090353743,2.8208642523007983
"[0.16349724988447636, 0.6668503682030033, -0.9101684415219828, 0.4993682437885573]",29.63716404685706,2.820927084782195
"[0.16348622940797533, 0.6668529663824495, -0.9101710599960756, 0.4993627138051207]",29.63721719303006,2.8209899172635917
"[0.1634752068839589, 0.6668555653194004, -0.910173678985484, 0.49935718223129943]",29.637270337821732,2.821052749744988
"[0.16346418422031617, 0.6668581645641045, -0.9101762980368642, 0.49935165002436044]",29.637323483853404,2.8211155822263847
"[0.16345316167434037, 0.6668607640559107, -0.9101789170890514, 0.4993461173134039]",29.637376625806183,2.821178414707781
"[0.16344213676619254, 0.6668633643797583, -0.9101815367312535, 0.49934058285347815]",29.637429769609046,2.821241247189178
"[0.16343111174698996, 0.6668659650048052, -0.91018415642856, 0.4993350477744251]",29.63748291373434,2.8213040796705746
"[0.16342008637411554, 0.6668685659883264, -0.9101867762385889, 0.49932951195436265]",29.637536057544377,2.821366912151971
"[0.16340906040886424, 0.6668711673866901, -0.9101893962180334, 0.4993239752733335]",29.63758920295157,2.821429744633368
"[0.16339803218037732, 0.6668737695942322, -0.9101920167639019, 0.49931843689207106]",29.637642344201492,2.821492577114764
"[0.1633870035262239, 0.6668763721774855, -0.9101946374395276, 0.4993128977331628]",29.637695486958517,2.821555409596161
"[0.163375975127321, 0.6668789749757902, -0.9101972580830774, 0.4993073581385565]",29.637748631334443,2.8216182420775575
"[0.16336494655361225, 0.6668815780906613, -0.9101998787967124, 0.49930181789220884]",29.6378017742741,2.821681074558954
"[0.1633539149423466, 0.6668841821979481, -0.9102025002606875, 0.49929627555572303]",29.637854916186516,2.821743907040351
"[0.16334288434438848, 0.6668867863415059, -0.9102051215123643, 0.4992907331640865]",29.637908059352224,2.8218067395217474
"[0.16333185349357296, 0.6668893908202312, -0.910207742852596, 0.49928519008115424]",29.637961201825945,2.8218695720031444
"[0.16332082081234459, 0.6668919960067156, -0.9102103646562424, 0.49927964551397724]",29.638014342598595,2.8219324044845404
"[0.1633097867863485, 0.6668946017864182, -0.9102129868078759, 0.4992740997063499]",29.63806748434615,2.8219952369659373
"[0.16329875278729777, 0.6668972078354607, -0.9102156089814947, 0.49926855334758397]",29.638120626773915,2.822058069447334
"[0.1632877175842016, 0.6668998144446537, -0.9102182314696098, 0.4992630058187781]",29.638173766534575,2.8221209019287303
"[0.16327668110209656, 0.6669024216318147, -0.9102208542900145, 0.49925745708202895]",29.63822690792188,2.8221837344101273
"[0.1632656447706519, 0.6669050290592724, -0.9102234771029211, 0.49925190785600115]",29.638280048020466,2.8222465668915238
"[0.16325460911056222, 0.6669076366039952, -0.910226099784551, 0.49924635840254267]",29.638333190100607,2.8223093993729202
"[0.16324357002435425, 0.6669102452342749, -0.9102287233086687, 0.4992408066609287]",29.63838633025179,2.8223722318543167
"[0.16323253218112638, 0.6669128538468646, -0.9102313465656043, 0.49923525497912946]",29.638439471625006,2.8224350643357137
"[0.16322149276831735, 0.6669154631065012, -0.9102339702237616, 0.49922970194245747]",29.638492611791367,2.82249789681711
"[0.16321045099252307, 0.6669180732008801, -0.9102365944716875, 0.49922414715148294]",29.638545749117828,2.8225607292985067
"[0.1631994090494728, 0.6669206836110841, -0.9102392187875108, 0.499218591710583]",29.638598888862283,2.8226235617799036
"[0.16318836880174833, 0.6669232938967395, -0.9102418427285192, 0.49921303655695815]",29.638652028831235,2.8226863942612996
"[0.16317732652013942, 0.6669259049395971, -0.9102444671810054, 0.4992074798141034]",29.638705167493516,2.8227492267426966
"[0.16316628145836115, 0.6669285169163223, -0.9102470923223275, 0.4992019211060708]",29.63875830607454,2.822812059224093
"[0.16315523902119222, 0.6669311285487982, -0.9102497168678717, 0.49919636315291044]",29.63881144698979,2.8228748917054896
"[0.16314419409840347, 0.6669337410456562, -0.9102523420321957, 0.4991908033824829]",29.638864586768015,2.8229377241868865
"[0.16313314863521552, 0.6669363539469159, -0.9102549673529379, 0.49918524277371124]",29.63891772343765,2.823000556668283
"[0.16312210144170328, 0.6669389675341747, -0.9102575931129019, 0.49917968072733976]",29.63897085883419,2.82306338914968
"[0.16311105430063333, 0.666941581385747, -0.9102602188883215, 0.49917411814079066]",29.639023999259777,2.823126221631076
"[0.16310000741886208, 0.66694419545268, -0.9102628446300013, 0.49916855511823716]",29.639077136502703,2.823189054112473
"[0.16308895749412317, 0.6669468105165446, -0.9102654711228354, 0.4991629899964457]",29.63913027512421,2.8232518865938694
"[0.16307790837884165, 0.6669494256657289, -0.9102680974511059, 0.4991574247154328]",29.63918341232225,2.823314719075266
"[0.1630668587493292, 0.6669520412135385, -0.9102707239294154, 0.499151858608467]",29.639236550655784,2.823377551556663
"[0.16305580665387792, 0.6669546576220947, -0.910273351021661, 0.499146290692137]",29.639289686292187,2.8234403840380593
"[0.16304475578059857, 0.6669572740183567, -0.9102759778511501, 0.49914072282435074]",29.639342823784997,2.823503216519456
"[0.16303370289756475, 0.6669598911675707, -0.910278605186093, 0.49913515337663333]",29.639395960104725,2.8235660490008523
"[0.1630226481528708, 0.6669625090348336, -0.9102812329912696, 0.4991295824232822]",29.639449094664506,2.823628881482249
"[0.1630115952203525, 0.6669651267501695, -0.9102838603933482, 0.49912401181566224]",29.639502233480883,2.8236917139636457
"[0.16300054103848816, 0.6669677450386512, -0.9102864881200513, 0.49911844001079825]",29.639555365986183,2.823754546445042
"[0.16298948429462481, 0.6669703642113713, -0.9102891164833936, 0.4991128663467106]",29.63960850123941,2.823817378926439
"[0.16297842830468778, 0.666972983482886, -0.9102917446951121, 0.49910729249482616]",29.63966163916243,2.823880211407835
"[0.16296737147242038, 0.6669756032314293, -0.9102943731346257, 0.4991017176503037]",29.63971477191453,2.823943043889232
"[0.16295631259162416, 0.6669782237429075, -0.910297002088655, 0.499096141204743]",29.639767905545778,2.8240058763706286
"[0.16294525522374823, 0.6669808441734442, -0.9102996307105307, 0.49909056495392756]",29.639821042075322,2.824068708852025
"[0.16293419457260286, 0.6669834656597399, -0.9103022601404075, 0.4990849864789781]",29.639874175019745,2.824131541333422
"[0.16292313400682312, 0.6669860874035533, -0.9103048895774429, 0.499079407478574]",29.63992731009671,2.8241943738148185
"[0.16291207393994162, 0.6669887093068414, -0.9103075189232972, 0.4990738281613423]",29.639980444791036,2.8242572062962155
"[0.16290101189746117, 0.6669913319563009, -0.9103101487662122, 0.49906824727884275]",29.640033580221512,2.8243200387776115
"[0.16288994901904186, 0.6669939550818574, -0.910312778835229, 0.4990626654057983]",29.640086714779272,2.8243828712590084
"[0.1628788852486964, 0.6669965786968711, -0.9103154091436332, 0.4990570825137968]",29.64013984729592,2.824445703740405
"[0.16286782129998748, 0.6669992026321929, -0.9103180395217537, 0.49905149896279294]",29.64019297897229,2.8245085362218014
"[0.16285675613186837, 0.6670018271347911, -0.9103206702170669, 0.4990459142272712]",29.64024611106923,2.8245713687031984
"[0.16284569071799554, 0.6670044519738046, -0.9103233009980628, 0.49904032879850335]",29.64029924475989,2.824634201184595
"[0.16283462522904657, 0.6670070771087933, -0.9103259318241306, 0.49903474276256726]",29.640352376506794,2.8246970336659913
"[0.16282355672470952, 0.6670097032374022, -0.9103285633943182, 0.49902915463492825]",29.64040550729866,2.824759866147388
"[0.16281248876002014, 0.6670123295163128, -0.9103311948633755, 0.4990235662101332]",29.6404586412861,2.8248226986287848
"[0.16280142002479714, 0.667014956256431, -0.910333826542777, 0.4990179768266127]",29.64051177259238,2.8248855311101813
"[0.1627903506724324, 0.6670175834214285, -0.9103364583960247, 0.49901238656168617]",29.640564904686382,2.8249483635915777
"[0.1627792813169776, 0.6670202108656115, -0.9103390902770928, 0.4990067957253839]",29.64061803670782,2.8250111960729747
"[0.16276821049355397, 0.6670228389367626, -0.9103417225342489, 0.4990012035776889]",29.64067116913427,2.8250740285543707
"[0.16275713899118058, 0.6670254674476804, -0.910344354979868, 0.4989956105169577]",29.640724297614245,2.8251368610357677
"[0.16274606485608273, 0.6670280968623632, -0.9103469880784746, 0.4989900155558982]",29.640777425835502,2.8251996935171646
"[0.1627349911152972, 0.6670307264621831, -0.9103496211103053, 0.49898442022365064]",29.640830559228068,2.825262525998561
"[0.1627239183402412, 0.6670333561114191, -0.9103522539394573, 0.49897882480901296]",29.640883688716922,2.8253253584799576
"[0.16271284351584647, 0.6670359865261758, -0.9103548872828103, 0.4989732277882621]",29.640936820606893,2.825388190961354
"[0.16270176718033721, 0.6670386175787727, -0.9103575210123678, 0.4989676294331001]",29.640989949532045,2.825451023442751
"[0.16269069098706618, 0.6670412488765493, -0.9103601547349685, 0.49896203057904803]",29.641043079055645,2.8255138559241475
"[0.16267961326591993, 0.6670438808163377, -0.9103627888477095, 0.4989564303817474]",29.641096207369017,2.825576688405544
"[0.16266853412779203, 0.6670465133719187, -0.9103654233242012, 0.4989508288970043]",29.641149336366368,2.825639520886941
"[0.1626574562122972, 0.6670491459161138, -0.9103680575367455, 0.49894522745932807]",29.64120246672964,2.825702353368337
"[0.1626463767630518, 0.6670517791039823, -0.9103706921407512, 0.4989396246749217]",29.64125559522316,2.825765185849734
"[0.1626352964562281, 0.6670544127749443, -0.9103733269754036, 0.49893402088548855]",29.64130872364836,2.8258280183311304
"[0.1626242146423253, 0.6670570470834528, -0.9103759621951358, 0.49892841576238006]",29.641361851285524,2.825890850812527
"[0.16261313498839663, 0.6670596811578291, -0.9103785969278916, 0.49892281116034365]",29.6414149803045,2.825953683293924
"[0.16260205108243866, 0.6670623165225492, -0.9103812326984184, 0.4989172038357125]",29.641468108878332,2.8260165157753203
"[0.16259096704462236, 0.6670649521981674, -0.9103838685269171, 0.4989115958725013]",29.64152123292955,2.826079348256717
"[0.16257988270796225, 0.6670675882244294, -0.9103865044530672, 0.49890598718615653]",29.641574361396266,2.8261421807381133
"[0.16256879823221046, 0.6670702245633807, -0.9103891404388479, 0.4989003778574488]",29.6416274888162,2.8262050132195102
"[0.16255771263075727, 0.6670728614497464, -0.9103917767188571, 0.4988947673869696]",29.641680615604006,2.8262678457009067
"[0.1625466269694153, 0.6670754986300724, -0.9103944130396037, 0.4988891563140072]",29.6417337439662,2.826330678182303
"[0.1625355391347633, 0.6670781366072389, -0.9103970499036624, 0.49888354356862286]",29.641786869577675,2.8263935106637
"[0.1625244514239851, 0.6670807748347716, -0.9103996867647091, 0.4988779303135214]",29.64183999483989,2.8264563431450966
"[0.1625133618242249, 0.6670834137917384, -0.9104023241014038, 0.4988723155294592]",29.64189312155496,2.826519175626493
"[0.16250227100989803, 0.6670860533177806, -0.9104049617533382, 0.49886669955763907]",29.641946245898524,2.8265820081078896
"[0.16249118230932336, 0.667088692620757, -0.9104075989289293, 0.49886108408345153]",29.641999373345204,2.8266448405892866
"[0.16248009005871816, 0.6670913330488363, -0.9104102369751371, 0.4988554662385161]",29.642052497589855,2.826707673070683
"[0.1624689989249661, 0.6670939734912111, -0.9104128747820256, 0.49884984838623225]",29.642105624731567,2.8267705055520795
"[0.16245790591517145, 0.6670966146604425, -0.9104155130613671, 0.4988442290105563]",29.642158746927223,2.8268333380334765
"[0.16244681309980186, 0.6670992560636531, -0.9104181513207094, 0.4988386091601584]",29.64221187144629,2.8268961705148725
"[0.16243571743409405, 0.6671018984259739, -0.9104207902841823, 0.4988329872922666]",29.642264995773342,2.8269590029962695
"[0.16242462392372434, 0.6671045405553876, -0.9104234287612186, 0.49882736594302524]",29.642318120442344,2.827021835477666
"[0.16241352833449968, 0.6671071834603648, -0.9104260677588455, 0.49882174296684206]",29.642371245448878,2.8270846679590624
"[0.16240243104188065, 0.6671098270516389, -0.9104287071877436, 0.49881611855366287]",29.6424243659668,2.8271475004404594
"[0.16239133340029313, 0.6671124710066509, -0.9104313467257463, 0.49881049338976674]",29.642477490877113,2.827210332921856
"[0.1623802356228606, 0.6671151152746719, -0.9104339863221319, 0.49880486758310216]",29.642530614082364,2.8272731654032524
"[0.1623691370780008, 0.6671177600062462, -0.9104366261270924, 0.49879924081339516]",29.642583737454164,2.827335997884649
"[0.16235803580297653, 0.6671204056692361, -0.9104392666074477, 0.4987936120852725]",29.642636859759712,2.827398830366046
"[0.16234693622545826, 0.6671230512084875, -0.9104419067100336, 0.49878798364361415]",29.6426899813646,2.8274616628474423
"[0.16233583564039736, 0.6671256972687466, -0.9104445470782248, 0.4987823541167311]",29.642743105324094,2.8275244953288388
"[0.16232473299183123, 0.6671283441018588, -0.91044718796317, 0.49877672296883796]",29.642796225535925,2.8275873278102357
"[0.16231362926542509, 0.6671309914729815, -0.9104498291303984, 0.4987710906995826]",29.642849348280077,2.827650160291632
"[0.16230252737581624, 0.6671336386872049, -0.9104524698865869, 0.4987654587874025]",29.642902470131993,2.8277129927730287
"[0.16229142303943675, 0.667136286765954, -0.9104551112506253, 0.49875982505922317]",29.64295559306849,2.827775825254425
"[0.162280317817841, 0.6671389353370126, -0.9104577528510429, 0.4987541903069702]",29.643008712111587,2.827838657735822
"[0.16226921146145196, 0.6671415844599952, -0.9104603947471841, 0.49874855440382776]",29.643061832555418,2.8279014902172186
"[0.16225810515529665, 0.6671442338523047, -0.9104630366571348, 0.4987429179510242]",29.643114954337275,2.827964322698615
"[0.16224699737690834, 0.6671468838772019, -0.9104656789430241, 0.4987372801757597]",29.643168071837255,2.828027155180012
"[0.1622358891089708, 0.667149534300339, -0.9104683213710681, 0.49873164157661326]",29.64322119420875,2.828089987661408
"[0.16222478021971204, 0.6671521851532206, -0.9104709639725846, 0.49872600208657836]",29.643274313468496,2.828152820142805
"[0.16221367007082169, 0.6671548365882574, -0.9104736068993908, 0.49872036138143166]",29.643327431979714,2.8282156526242015
"[0.16220256026035962, 0.6671574882241242, -0.9104762497713045, 0.4987147202724222]",29.64338055106235,2.828278485105598
"[0.16219144839725053, 0.6671601406316019, -0.9104788931571024, 0.49870907754528865]",29.643433671319656,2.828341317586995
"[0.1621803357503761, 0.6671627935079373, -0.9104815367549107, 0.4987034338441291]",29.643486789757183,2.8284041500683914
"[0.16216922409898618, 0.6671654464283912, -0.9104841801414283, 0.4986977900725424]",29.6435399085572,2.828466982549788
"[0.1621581087465764, 0.6671681005143781, -0.9104868244338992, 0.49869214384486876]",29.643593027143048,2.8285298150311844
"[0.1621469955140515, 0.667170754376118, -0.9104894682475237, 0.4986864981177341]",29.64364614558595,2.8285926475125813
"[0.16213587943308577, 0.6671734092000268, -0.9104921127642406, 0.49868085036714893]",29.643699264416295,2.828655479993978
"[0.16212476310417068, 0.6671760643652457, -0.9104947573653577, 0.4986752019139818]",29.643752380701088,2.8287183124753743
"[0.16211364707734544, 0.6671787197403933, -0.9104974019199905, 0.4986695530377209]",29.64380549804439,2.8287811449567712
"[0.1621025299138289, 0.6671813756692209, -0.910500046770402, 0.4986639030071105]",29.64385861577379,2.8288439774381677
"[0.16209141104050892, 0.6671840322887729, -0.9105026920529172, 0.4986582515306306]",29.64391173206841,2.8289068099195642
"[0.16208029245230193, 0.6671866891224902, -0.9105053372928983, 0.4986525996220995]",29.643964848559154,2.8289696424009607
"[0.162069172786387, 0.6671893464960553, -0.9105079828145498, 0.4986469465886867]",29.644017965094175,2.8290324748823577
"[0.1620580512627099, 0.6671920045960407, -0.9105106288034317, 0.49864129203353724]",29.644071080956376,2.829095307363754
"[0.16204693047763655, 0.6671946628019527, -0.9105132746417999, 0.49863563727662774]",29.644124199074216,2.8291581398451506
"[0.16203580794954134, 0.667197321707045, -0.9105159209200478, 0.49862998105596396]",29.6441773130267,2.8292209723265476
"[0.16202468523967406, 0.667199980938176, -0.910518567266698, 0.49862432416533076]",29.644230429563184,2.8292838048079436
"[0.16201356075311382, 0.6672026408767654, -0.9105212140611919, 0.4986186657933726]",29.64428354424161,2.8293466372893405
"[0.16200243699390773, 0.6672053009241381, -0.9105238607077246, 0.4986130072136398]",29.644336659862685,2.8294094697707375
"[0.1619913105123312, 0.6672079619053317, -0.9105265080270548, 0.49860734667109197]",29.644389772307235,2.8294723022521335
"[0.16198018557554397, 0.6672106227998887, -0.9105291550038698, 0.4986016863365025]",29.644442888438235,2.8295351347335305
"[0.16196905926387437, 0.6672132843061597, -0.91053180233282, 0.4985960247243311]",29.644496003337526,2.829597967214927
"[0.161957931350918, 0.6672159464784383, -0.9105344500677515, 0.49859036171910653]",29.644549117333906,2.8296607996963234
"[0.16194680242406329, 0.6672186091763236, -0.9105370980688798, 0.4985846976195137]",29.644602230488335,2.8297236321777204
"[0.16193567232943026, 0.6672212724367347, -0.9105397463727944, 0.498579032347035]",29.644655343451465,2.829786464659117
"[0.1619245437807746, 0.6672239356103215, -0.9105423943337468, 0.498573367282979]",29.644708457689692,2.829849297140514
"[0.16191341279535756, 0.667226599650248, -0.9105450428993741, 0.4985677003998029]",29.644761571525837,2.82991212962191
"[0.16190228131318812, 0.6672292640923353, -0.910547691608036, 0.49856203268492194]",29.644814683742048,2.829974962103307
"[0.16189114906037205, 0.667231929002215, -0.9105503405248772, 0.4985563639987438]",29.64486779454985,2.8300377945847033
"[0.1618800145703476, 0.6672345947310899, -0.9105529899988438, 0.4985506935942207]",29.644920907728483,2.8301006270660998
"[0.16186888101082128, 0.6672372605206545, -0.9105556392761446, 0.49854502308440685]",29.644974019850206,2.8301634595474967
"[0.16185774692755353, 0.6672399267191114, -0.9105582887027887, 0.4985393517286355]",29.645027133924376,2.830226292028893
"[0.16184661174117587, 0.6672425934652806, -0.9105609384166122, 0.4985336792316366]",29.645080244798418,2.8302891245102897
"[0.161835476082429, 0.6672452606081892, -0.9105635882674988, 0.49852800591456503]",29.645133354468985,2.830351956991686
"[0.16182433790484269, 0.6672479286381316, -0.910566238742405, 0.4985223307345327]",29.645186464564368,2.830414789473083
"[0.16181320042160602, 0.6672505967855147, -0.9105688890766839, 0.4985166553285643]",29.645239576740792,2.8304776219544796
"[0.1618020606102172, 0.667253265774505, -0.9105715399895585, 0.4985109781563043]",29.645292688036978,2.830540454435876
"[0.16179092183969532, 0.6672559347979928, -0.9105741906792839, 0.498505300934565]",29.64534579695256,2.830603286917273
"[0.16177978252742464, 0.6672586042351983, -0.9105768415224396, 0.49849962285672594]",29.64539890833712,2.830666119398669
"[0.16176864141655659, 0.6672612743874273, -0.910579492818096, 0.49849394328191016]",29.645452018627385,2.830728951880066
"[0.16175749995458238, 0.66726394490788, -0.9105821442217571, 0.4984882629478131]",29.645505127098815,2.8307917843614625
"[0.16174635809907717, 0.6672666158067379, -0.9105847957435003, 0.4984825818327606]",29.64555823795097,2.8308546168428594
"[0.16173521336529242, 0.6672692876798156, -0.9105874479746112, 0.4984768986694786]",29.645611342194563,2.830917449324256
"[0.1617240699428351, 0.6672719595227616, -0.9105900999180191, 0.49847121559427177]",29.64566445395131,2.8309802818056524
"[0.16171292479372953, 0.6672746320640266, -0.9105927522966771, 0.4984655310577231]",29.645717562392573,2.8310431142870494
"[0.16170177966092622, 0.6672773048857447, -0.9105954046957634, 0.4984598459486565]",29.645770670541907,2.8311059467684454
"[0.16169063264548617, 0.6672799784434154, -0.9105980575671745, 0.49845415929824244]",29.64582377874609,2.8311687792498423
"[0.16167948578657898, 0.667282652248035, -0.9106007104255822, 0.4984484721466043]",29.645876886795342,2.831231611731239
"[0.16166833811203224, 0.6672853265328532, -0.9106033635023244, 0.4984427839976443]",29.645929995018356,2.8312944442126353
"[0.16165718900728349, 0.6672880014454035, -0.9106060169436382, 0.49843709453757645]",29.645983099429206,2.8313572766940323
"[0.16164603963009233, 0.6672906767080184, -0.9106086704739507, 0.4984314043570249]",29.646036207425432,2.8314201091754287
"[0.16163488926283673, 0.66729335249292, -0.9106113242640351, 0.49842571308966405]",29.64608931533847,2.8314829416568252
"[0.16162373737224103, 0.6672960289282311, -0.9106139784407785, 0.498420020463032]",29.64614242043878,2.8315457741382217
"[0.16161258625869984, 0.6672987054619072, -0.9106166324566519, 0.4984143276513086]",29.646195527786208,2.8316086066196187
"[0.1616014325025797, 0.6673013829148298, -0.9106192871255183, 0.49840863290854703]",29.64624863115406,2.831671439101015
"[0.16159028020833097, 0.6673040603017973, -0.9106219414704612, 0.49840293833021676]",29.64630173939413,2.8317342715824116
"[0.16157912576757377, 0.6673067384891378, -0.9106245963502767, 0.4983972420737243]",29.64635484431627,2.8317971040638086
"[0.16156797020451907, 0.667309417231087, -0.9106272515211684, 0.49839154466181285]",29.646407947983988,2.8318599365452046
"[0.16155681522605958, 0.6673120961178252, -0.9106299065768415, 0.4983858469661492]",29.646461053483126,2.8319227690266016
"[0.16154565839082266, 0.6673147757357016, -0.9106325620983537, 0.4983801477396324]",29.64651415857934,2.831985601507998
"[0.16153450109594927, 0.667317455749285, -0.9106352177531338, 0.49837444769572203]",29.6465672625984,2.832048433989395
"[0.16152334309073516, 0.6673201362188571, -0.9106378736008244, 0.4983687467062194]",29.64662036803387,2.8321112664707915
"[0.16151218467628045, 0.6673228170721337, -0.9106405295697326, 0.49836304492486655]",29.646673472254577,2.832174098952188
"[0.16150102448058481, 0.6673254986388756, -0.9106431859863943, 0.4983573416503532]",29.646726573583685,2.832236931433585
"[0.1614898633511467, 0.6673281807155597, -0.9106458426490625, 0.49835163731555243]",29.646779678316207,2.832299763914981
"[0.16147870230715286, 0.6673308630573382, -0.9106484993151082, 0.4983459324412429]",29.64683278126709,2.832362596396378
"[0.16146753984581846, 0.6673335460254143, -0.9106511563422176, 0.49834022625919644]",29.64688588271135,2.8324254288777744
"[0.16145637715407074, 0.6673362293346219, -0.91065381344783, 0.49833451937595585]",29.64693898950418,2.832488261359171
"[0.16144521342923646, 0.6673389131779687, -0.9106564708229825, 0.4983288113810399]",29.6469920883059,2.832551093840568
"[0.16143404946559936, 0.6673415973645738, -0.9106591282785764, 0.49832310268043134]",29.647045189358114,2.8326139263219643
"[0.16142288528289828, 0.6673442818897314, -0.9106617858098818, 0.4983173932841534]",29.647098294135958,2.832676758803361
"[0.16141171773584234, 0.6673469675099121, -0.9106644441655858, 0.49831168158338285]",29.647151391625695,2.8327395912847573
"[0.1614005512653595, 0.6673496531572539, -0.9106671022885299, 0.4983059698492404]",29.64720449475966,2.832802423766154
"[0.1613893837147367, 0.6673523393504897, -0.9106697606920761, 0.4983002569785178]",29.647257597390272,2.8328652562475507
"[0.1613782154193549, 0.6673550260090422, -0.9106724192963598, 0.49829454314260385]",29.647310699372966,2.832928088728947
"[0.16136704651919334, 0.667357713099322, -0.910675078068029, 0.49828882841296107]",29.647363797891725,2.832990921210344
"[0.16135587563111778, 0.6673604009541735, -0.9106777373363233, 0.4982831120817047]",29.647416897382577,2.8330537536917406
"[0.1613447060645366, 0.6673630887774019, -0.9106803963133875, 0.4982773958421746]",29.64746999940043,2.833116586173137
"[0.1613335347318681, 0.667365777312025, -0.9106830557342075, 0.4982716781141873]",29.64752309799477,2.8331794186545336
"[0.1613223620894222, 0.6673684664483638, -0.9106857154901327, 0.4982659591310197]",29.64757619745817,2.8332422511359305
"[0.16131118898845018, 0.6673711559816382, -0.9106883753784829, 0.4982602393282116]",29.64762929669675,2.833305083617327
"[0.16130001577556596, 0.6673738458284064, -0.9106910353167221, 0.4982545188831901]",29.647682394841304,2.8333679160987235
"[0.1612888397387141, 0.6673765366417566, -0.9106936959504578, 0.4982487964071108]",29.64773549434701,2.8334307485801205
"[0.16127766526351145, 0.6673792273658341, -0.9106963562355975, 0.4982430741454348]",29.64778859145513,2.8334935810615165
"[0.161266489490562, 0.6673819186891724, -0.9106990168528389, 0.4982373506338967]",29.647841691722977,2.8335564135429134
"[0.16125531223348633, 0.6673846106567769, -0.9107016778465294, 0.49823162577680286]",29.64789478930925,2.8336192460243104
"[0.16124413430641027, 0.6673873030726863, -0.9107043390228194, 0.4982258999909226]",29.647947885685372,2.8336820785057064
"[0.16123295595501647, 0.6673899958777836, -0.9107070003231903, 0.49822017340199015]",29.648000982644426,2.8337449109871033
"[0.1612217768073038, 0.6673926891617372, -0.910709661836179, 0.49821444581931934]",29.648054080406293,2.8338077434685
"[0.1612105972709075, 0.6673953828264279, -0.9107123234647027, 0.49820871745160833]",29.648107179352365,2.8338705759498963
"[0.16119941511950087, 0.6673980774084105, -0.9107149857387841, 0.49820298715783135]",29.64816027371725,2.8339334084312933
"[0.16118823313951935, 0.6674007722363519, -0.9107176479949951, 0.4981972563656692]",29.648213367386273,2.8339962409126898
"[0.16117705160100332, 0.6674034672451616, -0.9107203101690108, 0.49819152521354476]",29.648266467072226,2.8340590733940862
"[0.1611658671254045, 0.6674061632492778, -0.9107229730651895, 0.49818579196952223]",29.648319558748543,2.8341219058754827
"[0.16115468439063557, 0.6674088591211582, -0.9107256355697444, 0.4981800590314135]",29.648372657816182,2.8341847383568797
"[0.1611434982534102, 0.6674115561008057, -0.9107282989072163, 0.4981743237622959]",29.648425752324822,2.834247570838276
"[0.16113231270881456, 0.6674142532251334, -0.9107309621263799, 0.4981685882102454]",29.64847884729088,2.8343104033196727
"[0.16112112798404132, 0.6674169504393297, -0.9107336251731033, 0.4981628524918336]",29.648531941175452,2.8343732358010696
"[0.16110993888087186, 0.6674196489971101, -0.9107362892850437, 0.49815711394101386]",29.648585035782894,2.834436068282466
"[0.1610987517452488, 0.6674223473680948, -0.9107389529512129, 0.4981513758122012]",29.648638130522002,2.8344989007638626
"[0.16108756318874168, 0.6674250463695882, -0.9107416169783642, 0.4981456363673993]",29.64869122390477,2.834561733245259
"[0.16107637291457094, 0.6674277460733099, -0.9107442814371393, 0.4981398954541073]",29.648744318649737,2.834624565726656
"[0.16106518365737815, 0.6674304458195823, -0.9107469456763733, 0.49813415447515813]",29.64879741051867,2.8346873982080525
"[0.16105399263473327, 0.667433146279794, -0.9107496103585522, 0.4981284120028621]",29.648850504593035,2.834750230689449
"[0.1610428003756525, 0.667435847326431, -0.910752275357687, 0.49812266830840024]",29.648903596246583,2.834813063170846
"[0.16103160688098703, 0.6674385489594041, -0.9107549406735498, 0.49811692339198343]",29.648956688803146,2.834875895652242
"[0.1610204127753781, 0.6674412510280463, -0.9107576061573777, 0.4981111775740198]",29.64900977894972,2.834938728133639
"[0.1610092192350739, 0.6674439532484532, -0.9107602715290544, 0.49810543145822994]",29.64906287280017,2.8350015606150354
"[0.16099802537005206, 0.6674466558354998, -0.9107629370004757, 0.4980996845877101]",29.649115964495852,2.835064393096432
"[0.16098682880434248, 0.6674493593629651, -0.9107656031373804, 0.4980939357423802]",29.6491690576462,2.835127225577829
"[0.16097563215549157, 0.667452063198946, -0.9107682693164509, 0.4980881862659576]",29.649222146878817,2.8351900580592253
"[0.16096443420410722, 0.6674547676379848, -0.910770935828023, 0.49808243553214077]",29.649275236762996,2.835252890540622
"[0.16095323675500836, 0.6674574722442502, -0.9107736022422924, 0.4980766844677025]",29.64932832881908,2.8353157230220183
"[0.16094203732382473, 0.6674601776179009, -0.9107762691508245, 0.49807093179649325]",29.649381418671545,2.835378555503415
"[0.16093083707271616, 0.6674628834782983, -0.9107789362768562, 0.4980651781152551]",29.649434507548637,2.8354413879848117
"[0.1609196367129226, 0.6674655896537081, -0.910781603450982, 0.4980594237892051]",29.649487596994664,2.835504220466208
"[0.16090843399457974, 0.6674682966878367, -0.9107842712089441, 0.4980536676622359]",29.649540685630765,2.835567052947605
"[0.16089723200765874, 0.6674710038341141, -0.910786938814883, 0.49804791132184917]",29.649593774285066,2.8356298854290016
"[0.16088603050220726, 0.6674737111529002, -0.9107896063282885, 0.49804215463969]",29.64964686314689,2.835692717910398
"[0.16087482586357524, 0.6674764195179735, -0.910792274609919, 0.49803639575784836]",29.649699953276865,2.8357555503917946
"[0.16086362143043045, 0.6674791281224475, -0.9107949428646781, 0.4980306363920505]",29.649753039617785,2.8358183828731915
"[0.16085241653024634, 0.6674818371289339, -0.9107976112526897, 0.4980248761965467]",29.649806130390502,2.835881215354588
"[0.1608412107792987, 0.6674845466302761, -0.9108002798653067, 0.4980191149739382]",29.649859219001144,2.8359440478359845
"[0.1608300032271731, 0.6674872568564094, -0.9108029489288407, 0.4980133522353395]",29.649912305285746,2.8360068803173815
"[0.16081879464576826, 0.6674899676208043, -0.9108056182594398, 0.49800758837738973]",29.649965391956798,2.8360697127987775
"[0.16080758731890385, 0.6674926783711368, -0.9108082873131765, 0.4980018245744992]",29.650018479422727,2.8361325452801744
"[0.1607963765884618, 0.6674953902341865, -0.9108109571993669, 0.49799605843084505]",29.65007156465284,2.836195377761571
"[0.1607851672025951, 0.6674981020614827, -0.9108136267871884, 0.4979902923884028]",29.650124651174114,2.8362582102429674
"[0.16077395608070175, 0.6675008145983331, -0.9108162968102753, 0.4979845248624681]",29.65017773822404,2.8363210427243644
"[0.16076274462769682, 0.6675035275049284, -0.9108189669340052, 0.49797875657558827]",29.65023082437917,2.836383875205761
"[0.1607515322505683, 0.6675062409248304, -0.9108216372995814, 0.4979729872225312]",29.650283908443942,2.836446707687158
"[0.16074031955366722, 0.6675089547118566, -0.9108243077630397, 0.49796721711413255]",29.650336996393474,2.836509540168554
"[0.1607291046190002, 0.6675116693303365, -0.9108269787811508, 0.4979614452631485]",29.65039007585406,2.8365723726499508
"[0.16071789102602294, 0.6675143839139079, -0.9108296495013791, 0.4979556735116656]",29.650443165249733,2.8366352051313473
"[0.16070667463895444, 0.6675170994638335, -0.9108323209087062, 0.49794989973081283]",29.650496247822677,2.8366980376127438
"[0.16069545860220802, 0.667519815218959, -0.9108349922541991, 0.49794412553897976]",29.65054933299971,2.8367608700941407
"[0.1606842410506807, 0.6675225316309417, -0.9108376639820442, 0.49793834997586867]",29.650602417420124,2.836823702575537
"[0.16067302233619618, 0.6675252486147212, -0.9108403360084194, 0.4979325732223644]",29.65065549731431,2.8368865350569337
"[0.16066180383432443, 0.6675279658372115, -0.9108430080056654, 0.49792679598667566]",29.650708580802068,2.83694936753833
"[0.1606505846926491, 0.667530683504917, -0.9108456801767771, 0.49792101782975845]",29.650761664475766,2.837012200019727
"[0.160639364456956, 0.6675334017279538, -0.9108483526299104, 0.49791523851750985]",29.6508147475344,2.8370750325011236
"[0.16062814201885997, 0.6675361207749902, -0.910851025629037, 0.497909457478729]",29.65086782841443,2.83713786498252
"[0.1606169212242606, 0.6675388397142661, -0.9108536982580945, 0.49790367669447755]",29.650920910440483,2.837200697463917
"[0.16060569865933635, 0.6675415593730073, -0.9108563713301739, 0.4978978944059785]",29.650973992927685,2.837263529945313
"[0.16059447427515833, 0.6675442797632457, -0.9108590448569039, 0.4978921105876877]",29.65102707509297,2.83732636242671
"[0.16058325043597657, 0.6675470003120417, -0.9108617182751152, 0.497886326457748]",29.651080157601353,2.8373891949081065
"[0.16057202491015896, 0.6675497215603837, -0.9108643921163336, 0.49788054086598393]",29.65113323562782,2.837452027389503
"[0.1605607990765957, 0.6675524431741102, -0.9108670660520874, 0.4978747545228734]",29.651186317696272,2.8375148598709
"[0.16054957353922653, 0.6675551650068243, -0.9108697399384879, 0.4978689677396812]",29.651239398673614,2.8375776923522964
"[0.1605383446035274, 0.6675578879544753, -0.9108724146555327, 0.49786317861159063]",29.651292476994392,2.8376405248336933
"[0.16052711668021089, 0.6675606109475958, -0.9108750891525714, 0.49785738941235685]",29.65134555715498,2.83770335731509
"[0.16051588790651272, 0.6675633344379732, -0.9108777638732786, 0.4978515991814857]",29.651398636312283,2.8377661897964863
"[0.1605046581599277, 0.6675660584554131, -0.910880438846806, 0.497845807855629]",29.651451718760388,2.8378290222778833
"[0.16049342678382025, 0.6675687831593177, -0.9108831142295416, 0.4978400150959143]",29.651504794967305,2.8378918547592793
"[0.16048219640960462, 0.6675715079113478, -0.9108857893946359, 0.4978342222594668]",29.651557877061016,2.8379546872406762
"[0.16047096419200682, 0.6675742334019094, -0.9108884650198208, 0.4978284278785134]",29.651610953151295,2.8380175197220727
"[0.16045973026280175, 0.6675769595991752, -0.9108911410736845, 0.49782263202073374]",29.651664030401957,2.838080352203469
"[0.1604484958365584, 0.667579686208521, -0.9108938172668716, 0.49781683531252807]",29.651717108662908,2.838143184684866
"[0.1604372623660054, 0.6675824128773559, -0.9108964932532913, 0.49781103850349456]",29.65177018556035,2.8382060171662626
"[0.16042602644926657, 0.6675851404314965, -0.9108991698432907, 0.497805239838]",29.65182326342771,2.838268849647659
"[0.16041478958600983, 0.6675878685070735, -0.9109018466795931, 0.4977994400896624]",29.651876340004524,2.8383316821290556
"[0.16040355246774218, 0.6675905969362053, -0.9109045235974529, 0.4977936396153497]",29.651929415230853,2.8383945146104526
"[0.16039231487887595, 0.6675933257713543, -0.9109072006481804, 0.49778783830360274]",29.651982492481647,2.838457347091849
"[0.16038107643952607, 0.6675960551048217, -0.910909877922248, 0.4977820359581964]",29.652035566717842,2.8385201795732455
"[0.16036983681347938, 0.667598785018361, -0.9109125554997208, 0.4977762324053501]",29.652088643997146,2.8385830120546425
"[0.16035859743911868, 0.6676015151626705, -0.9109152330379066, 0.49777042838766405]",29.652141721284362,2.838645844536039
"[0.16034735624929902, 0.6676042460399656, -0.9109179110292284, 0.4977646228375]",29.65219479689078,2.8387086770174355
"[0.1603361140756326, 0.6676069774483484, -0.910920589275544, 0.497758816184093]",29.65224786956491,2.838771509498832
"[0.16032487073227147, 0.6676097094330816, -0.9109232678211003, 0.49775300833124325]",29.652300944207518,2.838834341980229
"[0.16031362814715555, 0.6676124415257385, -0.9109259462065639, 0.49774720027478153]",29.652354019563393,2.8388971744616254
"[0.16030238392051727, 0.6676151743095509, -0.9109286250036129, 0.497741390774853]",29.652407090405678,2.838960006943022
"[0.16029113944751852, 0.6676179074455376, -0.9109313038798388, 0.49773558055210443]",29.65246016627144,2.839022839424419
"[0.160279893487525, 0.6676206412353449, -0.9109339831307796, 0.49772976896530347]",29.652513241556594,2.839085671905815
"[0.16026864581018835, 0.6676233757351137, -0.9109366628112886, 0.49772395589512697]",29.65256631120782,2.839148504387212
"[0.16025739991940127, 0.6676261100930099, -0.910939342086553, 0.4977181431524412]",29.65261938534943,2.8392113368686083
"[0.16024615118426655, 0.6676288454350736, -0.9109420220598285, 0.49771232834351453]",29.65267245787942,2.8392741693500048
"[0.16023490267272808, 0.6676315810153851, -0.9109447020001625, 0.4977065130540377]",29.65272553100451,2.8393370018314017
"[0.16022365396462993, 0.6676343169361635, -0.9109473820076197, 0.49770069706674297]",29.65277860185997,2.839399834312798
"[0.16021240153310348, 0.6676370540553852, -0.9109500629224555, 0.4976948785577749]",29.652831670212848,2.8394626667941947
"[0.16020115040221777, 0.6676397911510816, -0.9109527435476455, 0.4976890601247944]",29.652884746439828,2.839525499275591
"[0.16018989932905278, 0.6676425285255883, -0.9109554241792842, 0.49768324112511203]",29.652937816138504,2.839588331756988
"[0.16017864556577197, 0.6676452668475789, -0.9109581054720306, 0.49767742013731453]",29.652990886368485,2.8396511642383846
"[0.16016739201443866, 0.6676480054110311, -0.9109607867344189, 0.49767159866225275]",29.653043955478378,2.839713996719781
"[0.16015613673413973, 0.6676507446883436, -0.9109634684288604, 0.4976657756957447]",29.65309702512743,2.839776829201178
"[0.16014488102413604, 0.6676534843634196, -0.9109661502457622, 0.4976599519097534]",29.653150093641003,2.8398396616825745
"[0.16013362598544015, 0.6676562241682807, -0.9109688319227596, 0.4976541278739382]",29.653203165395727,2.839902494163971
"[0.16012236948038552, 0.6676589646233545, -0.9109715139691493, 0.49764830248204006]",29.653256236928538,2.8399653266453675
"[0.1601111111031482, 0.6676617058275885, -0.9109741964816016, 0.49764247552374663]",29.65330930238167,2.8400281591267644
"[0.1600998522881982, 0.6676644474318351, -0.9109768791182989, 0.49763664774126576]",29.65336237040915,2.840090991608161
"[0.16008859227826516, 0.6676671896205799, -0.9109795620596458, 0.4976308187424578]",29.653415440225867,2.8401538240895574
"[0.16007733244970207, 0.6676699320586976, -0.9109822449776653, 0.49762498923970744]",29.653468505820562,2.8402166565709543
"[0.1600660712385977, 0.66767267512717, -0.9109849282449625, 0.4976191584231996]",29.653521575322202,2.8402794890523504
"[0.16005481042965658, 0.6676754183913173, -0.9109876114362581, 0.49761332721692025]",29.653574640976874,2.8403423215337473
"[0.16004354795140308, 0.6676781623558556, -0.910990295045104, 0.4976074945480474]",29.65362771119878,2.840405154015144
"[0.1600322841639178, 0.6676809069332043, -0.9109929789856724, 0.49760166060277816]",29.65368077589818,2.8404679864965403
"[0.160021020541099, 0.6676836517642731, -0.9109956629067347, 0.49759582614440334]",29.653733843897285,2.8405308189779372
"[0.16000975534399864, 0.6676863972729251, -0.910998347222617, 0.49758999027198964]",29.65378690997736,2.8405936514593337
"[0.15999848959798738, 0.6676891432093603, -0.9110010316889624, 0.49758415351652985]",29.65383997429071,2.8406564839407302
"[0.1599872234295677, 0.6676918895428068, -0.9110037162755946, 0.49757831594345087]",29.65389304219244,2.8407193164221267
"[0.15997595608937287, 0.6676946364560213, -0.9110064011610477, 0.4975724771643072]",29.65394610619363,2.8407821489035237
"[0.15996468782235648, 0.6676973838893909, -0.9110090862869237, 0.49756663730583234]",29.653999169489737,2.84084498138492
"[0.15995341854777542, 0.6677001318627042, -0.9110117716724326, 0.49756079632598804]",29.654052235566116,2.8409078138663166
"[0.1599421484138885, 0.6677028803398978, -0.9110144572822167, 0.4975549543014441]",29.654105299395994,2.8409706463477136
"[0.1599308786753264, 0.66770562901505, -0.9110171428172705, 0.4975491118824743]",29.654158362896307,2.84103347882911
"[0.15991960687601375, 0.667708378487282, -0.911019828862837, 0.4975432677956421]",29.654211426722867,2.8410963113105066
"[0.15990833534941357, 0.6677111281874977, -0.9110225148628266, 0.4975374232505999]",29.65426449196368,2.841159143791903
"[0.15989706121625655, 0.6677138788182102, -0.9110252015033394, 0.49753157675416226]",29.654317553765654,2.8412219762733
"[0.15988578891550753, 0.6677166292964701, -0.9110278877265324, 0.4975257306081697]",29.654370617408766,2.8412848087546965
"[0.15987451443257863, 0.6677193806018848, -0.9110305744890596, 0.4975198827304795]",29.654423678146806,2.841347641236093
"[0.1598632388410057, 0.6677221324726339, -0.9110332615350668, 0.4975140336776166]",29.654476741571436,2.84141047371749
"[0.1598519621822351, 0.6677248848987104, -0.9110359488546467, 0.49750818347087195]",29.65452980332469,2.841473306198886
"[0.1598406853027714, 0.6677276376735723, -0.9110386362460402, 0.49750233254926485]",29.654582861988924,2.841536138680283
"[0.1598294076994292, 0.6677303909201102, -0.9110413238291288, 0.49749648065161284]",29.654635924727632,2.84159897116168
"[0.15981813033592257, 0.6677331444030934, -0.9110440113742145, 0.497490628277906]",29.654688987373977,2.841661803643076
"[0.159806850242756, 0.6677358988476736, -0.9110466995889389, 0.49748477388689766]",29.65474204672454,2.841724636124473
"[0.1597955705207699, 0.6677386534967855, -0.9110493877342969, 0.4974789190877034]",29.654795107859968,2.8417874686058693
"[0.15978428890381424, 0.6677414089039333, -0.9110520763503192, 0.49747306270391206]",29.654848167205383,2.8418503010872658
"[0.15977300707649716, 0.6677441646577925, -0.9110547650354998, 0.49746720560979363]",29.65490122548956,2.8419131335686627
"[0.15976172591625287, 0.6677469205439979, -0.9110574535807016, 0.4974613482609378]",29.65495428692117,2.841975966050059
"[0.15975044281313497, 0.6677496772002515, -0.9110601426078919, 0.4974554893020291]",29.65500734745325,2.842038798531456
"[0.15973915881100273, 0.667752434371649, -0.9110628318682679, 0.4974496292748577]",29.655060404488236,2.842101631012852
"[0.15972787393106533, 0.6677551920530875, -0.9110655213567473, 0.49744376819027786]",29.655113463308073,2.842164463494249
"[0.1597165866985576, 0.6677579506051141, -0.9110682114247782, 0.497437905282029]",29.655166519676296,2.8422272959756456
"[0.15970530053744625, 0.667760709191, -0.9110709012562993, 0.4974320423284781]",29.65521957870395,2.842290128457042
"[0.15969401231158475, 0.6677634685773491, -0.9110735915987179, 0.49742617770034236]",29.65527263448451,2.842352960938439
"[0.15968272584091744, 0.6677662278304236, -0.9110762815415839, 0.4974203133821501]",29.65532569279056,2.8424157934198355
"[0.15967143630120761, 0.6677689881296887, -0.9110789722346458, 0.49741444686716024]",29.6553787487456,2.842478625901232
"[0.159660146384769, 0.6677717488170422, -0.9110816630362019, 0.49740857955408563]",29.65543180685246,2.8425414583826285
"[0.15964885624600816, 0.6677745098547769, -0.9110843539094167, 0.4974027115230845]",29.65548486431888,2.8426042908640254
"[0.15963756350839742, 0.6677772718241987, -0.9110870454206851, 0.49739684153871994]",29.655537917145665,2.842667123345422
"[0.15962627201166926, 0.6677800337862819, -0.9110897366548091, 0.4973909715967264]",29.655590973891115,2.8427299558268184
"[0.15961497881821804, 0.6677827964596152, -0.91109242831191, 0.49738510016991266]",29.655644027804154,2.8427927883082154
"[0.15960368547319276, 0.6677855594663049, -0.9110951200236818, 0.49737922806142865]",29.65569708382091,2.8428556207896114
"[0.15959239126541, 0.6677883229804148, -0.9110978119595977, 0.4973733549013639]",29.655750138896448,2.8429184532710083
"[0.15958109548108862, 0.667791087176701, -0.9111005042897591, 0.4973674803183306]",29.65580319159823,2.842981285752405
"[0.15956980026773793, 0.6677938515297237, -0.9111031965022758, 0.4973616054290452]",29.655856246762195,2.8430441182338013
"[0.15955850258097737, 0.6677966167846506, -0.9111058893227452, 0.4973557286498745]",29.65590930048391,2.8431069507151983
"[0.1595472047278036, 0.6677993823769344, -0.9111085822012647, 0.49734985118062336]",29.65596235320505,2.8431697831965947
"[0.1595359068903019, 0.6678021482620401, -0.9111112750943965, 0.4973439731159616]",29.656015409778405,2.8432326156779917
"[0.15952460809191327, 0.6678049146791081, -0.9111139682348758, 0.49733809394768674]",29.65606846152925,2.8432954481593877
"[0.15951330769721922, 0.6678076817838234, -0.9111166617741323, 0.49733221334495]",29.656121511942963,2.8433582806407847
"[0.15950200543145676, 0.6678104496436429, -0.9111193557776296, 0.49732633116443326]",29.65617456481071,2.843421113122181
"[0.15949070381338687, 0.6678132176418051, -0.9111220496449635, 0.4973204487168782]",29.6562276141188,2.8434839456035776
"[0.15947940157416438, 0.6678159860890958, -0.9111247436785442, 0.49731456534182583]",29.656280666945868,2.8435467780849746
"[0.15946809930762584, 0.6678187548401081, -0.9111274377367888, 0.4973086813483081]",29.65633371889118,2.843609610566371
"[0.15945679498584733, 0.6678215243917336, -0.9111301323030521, 0.4973027956803807]",29.65638676943062,2.8436724430477676
"[0.15944548938481887, 0.6678242945540118, -0.9111328271923382, 0.49729690874176274]",29.656439820923886,2.843735275529164
"[0.1594341845726041, 0.6678270648202556, -0.9111355219116526, 0.49729102160924304]",29.656492869892446,2.843798108010561
"[0.1594228766453016, 0.6678298361472407, -0.9111382173915361, 0.4972851322495888]",29.656545918859017,2.8438609404919575
"[0.15941156909158707, 0.6678326076801041, -0.9111409128003607, 0.4972792424795006]",29.656598967164502,2.843923772973354
"[0.15940026124544607, 0.6678353795820964, -0.9111436082968531, 0.49727335195206]",29.656652019434436,2.843986605454751
"[0.15938895315418175, 0.6678381518416802, -0.9111463038697017, 0.4972674606918118]",29.656705068963852,2.844049437936147
"[0.15937764266069485, 0.6678409249878079, -0.9111490000330775, 0.4972615675747144]",29.656758115274865,2.844112270417544
"[0.15936633196206806, 0.6678436984819198, -0.9111516962632161, 0.49725567374526847]",29.65681116341072,2.8441751028989404
"[0.15935502208582744, 0.6678464720720563, -0.9111543923151423, 0.49724977973891543]",29.656864212369015,2.8442379353803373
"[0.15934370954099839, 0.6678492466144149, -0.911157089021006, 0.49724388373620704]",29.65691725821937,2.844300767861734
"[0.1593323958710474, 0.6678520217306333, -0.9111597860128432, 0.49723798654122187]",29.656970306290727,2.8443636003431303
"[0.15932108165810488, 0.667854797278, -0.9111624831518539, 0.4972320884572373]",29.65702335185008,2.8444264328245272
"[0.15930976763849322, 0.6678575730759254, -0.9111651802624756, 0.49722618986802886]",29.65707640322037,2.8444892653059233
"[0.1592984519759101, 0.6678603495750113, -0.9111678777824262, 0.49722028981608435]",29.657129446463397,2.84455209778732
"[0.15928713629110916, 0.6678631263776674, -0.9111705753253049, 0.497214389146304]",29.657182494098624,2.8446149302687167
"[0.15927581937300272, 0.6678659037811586, -0.9111732731797916, 0.49720848722702143]",29.657235537876048,2.844677762750113
"[0.1592645004635055, 0.6678686819716975, -0.9111759715265769, 0.4972025836625759]",29.65728858412784,2.84474059523151
"[0.15925318276914277, 0.6678714601622793, -0.9111786696012202, 0.49719668012532153]",29.657341627756715,2.8448034277129066
"[0.15924186215010128, 0.6678742393692356, -0.9111813683905928, 0.4971907744556401]",29.657394672896963,2.844866260194303
"[0.159230542613183, 0.6678770186089855, -0.9111840669394603, 0.49718486874360435]",29.65744771695009,2.8449290926756996
"[0.15921922133756583, 0.6678797985741656, -0.9111867659202658, 0.49717896151742313]",29.657500759916037,2.8449919251570965
"[0.15920790011711589, 0.6678825788243786, -0.9111894649053213, 0.4971730537129307]",29.657553805396276,2.845054757638493
"[0.159196576350019, 0.6678853599986928, -0.9111921645148724, 0.49716714397217965]",29.657606846497348,2.8451175901198895
"[0.15918525405389844, 0.6678881411104312, -0.9111948637910754, 0.4971612343917919]",29.65765989247438,2.8451804226012865
"[0.15917392901942215, 0.667890923193611, -0.9111975637374173, 0.4971553227746045]",29.65771293344291,2.8452432550826825
"[0.1591626050405366, 0.66789370531631, -0.9112002634493716, 0.4971494111008695]",29.657765976372566,2.8453060875640794
"[0.1591512784273476, 0.6678964883851639, -0.9112029638066006, 0.4971434974441178]",29.657819019048702,2.845368920045476
"[0.15913995067711764, 0.6678992720324495, -0.9112056644521191, 0.49713758258573837]",29.65787206022162,2.845431752526873
"[0.1591286244973094, 0.667902055592855, -0.9112083647404042, 0.49713166793944424]",29.65792510300236,2.8454945850082694
"[0.15911729556429097, 0.6679048401290384, -0.9112110657022258, 0.4971257512472636]",29.657978143876356,2.845557417489666
"[0.15910596681345154, 0.6679076249196381, -0.91121376663772, 0.497119834042]",29.658031182607107,2.8456202499710628
"[0.15909463727462797, 0.6679104102031842, -0.911216467778154, 0.4971139158168348]",29.658084223404174,2.845683082452459
"[0.1590833054609633, 0.6679131963453546, -0.9112191694779883, 0.49710799579479525]",29.658137262928747,2.8457459149338558
"[0.15907197507908008, 0.667915982434863, -0.9112218708534676, 0.49710207591220956]",29.658190304361142,2.8458087474152527
"[0.15906064247641752, 0.6679187693699125, -0.9112245727753965, 0.49709615426059406]",29.658243343523683,2.8458715798966487
"[0.1590493088001739, 0.6679215568685385, -0.9112272749702311, 0.4970902314390931]",29.658296381877264,2.8459344123780457
"[0.1590379753507741, 0.6679243446109596, -0.9112299771278899, 0.4970843081271883]",29.658349420511712,2.845997244859442
"[0.1590266395177089, 0.6679271332394375, -0.9112326798707389, 0.4970783829602734]",29.658402459631247,2.8460600773408387
"[0.15901530461135308, 0.667929921939601, -0.9112353824094935, 0.4970724576686302]",29.658455497173634,2.8461229098222356
"[0.15900396871217023, 0.667932711183834, -0.9112380852017646, 0.49706653124865874]",29.6585085344745,2.846185742303632
"[0.1589926309665731, 0.667935501182268, -0.9112407884510476, 0.4970606032538823]",29.658561573407376,2.8462485747850286
"[0.15898129267539834, 0.667938291614913, -0.9112434918471564, 0.49705467436421774]",29.658614609221754,2.846311407266425
"[0.15896995296643432, 0.6679410826965277, -0.9112461955980207, 0.49704874412338634]",29.658667645080875,2.846374239747822
"[0.1589586154371495, 0.6679438735416522, -0.9112488988458509, 0.4970428144127489]",29.658720681789738,2.8464370722292185
"[0.1589472737172258, 0.6679466657184979, -0.9112516031095153, 0.4970368819003401]",29.658773717568135,2.846499904710615
"[0.15893593254294475, 0.6679494580612344, -0.9112543072596886, 0.4970309490632264]",29.658826752245954,2.846562737192012
"[0.15892459087343844, 0.6679522508261573, -0.9112570115445171, 0.49702501535687404]",29.65887978734044,2.8466255696734084
"[0.15891324795392706, 0.6679550441992158, -0.9112597161439369, 0.4970190803862241]",29.658932823376652,2.846688402154805
"[0.15890190402820073, 0.6679578381204871, -0.9112624209997879, 0.4970131442786165]",29.65898585661422,2.8467512346362014
"[0.1588905595298465, 0.6679606324832704, -0.9112651260086531, 0.49700720726077563]",29.65903889225676,2.8468140671175983
"[0.15887921354962756, 0.6679634275116356, -0.911267831387301, 0.4970012688566575]",29.6590919271161,2.846876899598995
"[0.15886786782957607, 0.6679662227764998, -0.9112705367203243, 0.49699532997791435]",29.659144958016764,2.8469397320803913
"[0.1588565208854875, 0.6679690186436076, -0.9112732423615885, 0.49698938984750896]",29.659197993264495,2.8470025645617882
"[0.1588451736373717, 0.6679718148863516, -0.9112759480916883, 0.4969834489469122]",29.65925102868852,2.8470653970431843
"[0.15883382552748646, 0.6679746116422447, -0.9112786540435824, 0.49697750698398463]",29.659304058245684,2.8471282295245812
"[0.158822476043859, 0.6679774090375691, -0.9112813603393215, 0.4969715636904459]",29.659357092126353,2.8471910620059777
"[0.15881112493049174, 0.6679802071355749, -0.9112840670399178, 0.49696561893195024]",29.659410122768012,2.847253894487374
"[0.15879977527760133, 0.6679830051745385, -0.9112867734084659, 0.49695967432684746]",29.659463154979356,2.847316726968771
"[0.15878842214027278, 0.6679858043736373, -0.9112894806240688, 0.496953727284942]",29.659516185181953,2.8473795594501676
"[0.15877706896156882, 0.667988603884126, -0.9112921878656818, 0.4969477796094678]",29.659569217236765,2.847442391931564
"[0.15876571753240862, 0.6679914032643472, -0.9112948947062086, 0.4969418322387519]",29.65962224777947,2.8475052244129606
"[0.158754362082617, 0.6679942039374023, -0.9112976025215632, 0.49693588214939594]",29.659675276950598,2.8475680568943575
"[0.15874300693345178, 0.6679970048376899, -0.9113003102812712, 0.4969299316053291]",29.6597283086053,2.847630889375754
"[0.15873165165229125, 0.6679998060719166, -0.9113030180884639, 0.49692398037984764]",29.65978133614749,2.8476937218571505
"[0.15872029507843818, 0.6680026079265201, -0.9113057262198865, 0.4969180278644558]",29.659834367216394,2.8477565543385475
"[0.15870893642849307, 0.6680054105949191, -0.9113084348623259, 0.4969120736482501]",29.65988739347805,2.847819386819944
"[0.15869757875136156, 0.6680082133249016, -0.911311143288688, 0.4969061193293245]",29.659940423325757,2.8478822193013404
"[0.15868622099886484, 0.6680110163751021, -0.9113138517488926, 0.4969001643582195]",29.659993452729427,2.847945051782737
"[0.15867486042506365, 0.6680138204233549, -0.9113165608977268, 0.4968942072949341]",29.660046480287974,2.848007884264134
"[0.15866349993506834, 0.6680166247527444, -0.9113192700423814, 0.4968882496625454]",29.660099508948132,2.8480707167455304
"[0.15865213770786188, 0.6680194298128781, -0.9113219796170833, 0.4968822905059104]",29.660152534562858,2.848133549226927
"[0.15864077570872576, 0.66802223511866, -0.9113246891531341, 0.4968763308556044]",29.66020556200767,2.848196381708324
"[0.1586294124104146, 0.6680250410472383, -0.9113273990147082, 0.4968703699104248]",29.660258587647398,2.84825921418972
"[0.1586180487134013, 0.6680278473763497, -0.9113301089870333, 0.49686440814257066]",29.660311613650684,2.8483220466711168
"[0.15860668401198683, 0.6680306542556576, -0.9113328192145206, 0.4968584452341198]",29.66036463876774,2.8483848791525133
"[0.15859531966867418, 0.6680334613486995, -0.9113355293722083, 0.49685248189986986]",29.66041766597388,2.8484477116339098
"[0.1585839534786726, 0.668036269200168, -0.9113382399858594, 0.49684651698271165]",29.66047068998244,2.8485105441153067
"[0.1585725855993587, 0.6680390777713286, -0.9113409510179178, 0.49684055056494214]",29.66052371393556,2.848573376596703
"[0.15856121669444737, 0.6680418868983585, -0.9113436623100646, 0.4968345829946257]",29.660576739273218,2.8486362090780997
"[0.1585498480093186, 0.6680446962735881, -0.9113463735652645, 0.49682861492537306]",29.66062976060723,2.848699041559496
"[0.1585384785998375, 0.668047506130376, -0.9113490850086441, 0.49682264586147223]",29.66068278584385,2.848761874040893
"[0.15852710777055404, 0.668050316640694, -0.9113517968060276, 0.49681667543761066]",29.660735807472616,2.8488247065222896
"[0.15851573677069766, 0.6680531274958755, -0.9113545086594552, 0.49681070430953034]",29.66078883220516,2.848887539003686
"[0.15850436524795244, 0.6680559387830736, -0.9113572206529137, 0.49680473229211763]",29.660841854027122,2.848950371485083
"[0.15849299194878086, 0.6680587508122513, -0.9113599330853377, 0.49679875872689616]",29.660894877095892,2.8490132039664795
"[0.1584816183085568, 0.668061563228683, -0.91136264561436, 0.4967927843674799]",29.66094790123113,2.849076036447876
"[0.1584702436502975, 0.6680643761998288, -0.911365358401406, 0.496786808858141]",29.661000920655393,2.8491388689292725
"[0.1584588689523356, 0.6680671894838127, -0.9113680712131155, 0.49678083271270956]",29.66105394212474,2.8492017014106694
"[0.15844749309836303, 0.6680700033568006, -0.9113707843156891, 0.4967748553445569]",29.661106962640588,2.849264533892066
"[0.1584361155165057, 0.6680728179603893, -0.9113734978454863, 0.4967688764529237]",29.661159984147307,2.8493273663734624
"[0.15842473806600327, 0.6680756328347243, -0.9113762113590497, 0.49676289701467174]",29.661213003949825,2.8493901988548593
"[0.1584133577687977, 0.6680784487167368, -0.9113789255666119, 0.49675691546441847]",29.66126602176146,2.8494530313362554
"[0.15840198065437686, 0.6680812641145313, -0.9113816390301014, 0.4967509349712896]",29.661319045200653,2.8495158638176523
"[0.15839059954576123, 0.6680840808041921, -0.9113843534612047, 0.4967449517625317]",29.661372061768734,2.849578696299049
"[0.15837921748445233, 0.6680868980332071, -0.9113870681344886, 0.4967389674366653]",29.661425079787875,2.8496415287804453
"[0.15836783738479024, 0.6680897150802135, -0.9113897823548323, 0.4967329835260085]",29.66147809964673,2.8497043612618422
"[0.1583564533573783, 0.6680925334031907, -0.9113924975268569, 0.4967269969335824]",29.661531117201832,2.8497671937432387
"[0.15834507102182133, 0.6680953516110157, -0.9113952123102158, 0.4967210106143888]",29.661584136456085,2.849830026224635
"[0.1583336873104405, 0.6680981704632406, -0.9113979274365397, 0.4967150229550321]",29.6616371536277,2.8498928587060317
"[0.15832230139499784, 0.6681009901651369, -0.9114006431033387, 0.4967090335195266]",29.661690168389143,2.8499556911874286
"[0.15831091620852264, 0.6681038099903914, -0.9114033586110281, 0.4967030438506519]",29.66174318614663,2.8500185236688256
"[0.15829952841848455, 0.6681066307645291, -0.9114060747544152, 0.4966970521949453]",29.661796202313695,2.8500813561502216
"[0.15828814135461397, 0.6681094516628482, -0.9114087907392867, 0.49669106030417454]",29.66184921606054,2.8501441886316186
"[0.1582767517086703, 0.6681122735050018, -0.9114115073546717, 0.4966850664373396]",29.661902232557793,2.850207021113015
"[0.1582653644323224, 0.6681150950642202, -0.9114142234194829, 0.49667907320023313]",29.66195524806061,2.8502698535944115
"[0.1582539730430997, 0.6681179179468356, -0.9114169404798682, 0.4966730771808887]",29.662008263591336,2.8503326860758085
"[0.15824258287846246, 0.6681207408303209, -0.9114196572627137, 0.49666708118848235]",29.66206127861255,2.850395518557205
"[0.1582311908254037, 0.6681235644862393, -0.9114223745104981, 0.4966610835841802]",29.66211429108508,2.8504583510386015
"[0.15821979912178954, 0.6681263883599976, -0.9114250916894093, 0.4966550855459932]",29.66216730692338,2.850521183519998
"[0.15820840512238568, 0.6681292131074248, -0.9114278094303623, 0.4966490856809361]",29.662220319537777,2.850584016001395
"[0.1581970107241962, 0.6681320382583454, -0.911430527280846, 0.4966430849876953]",29.662273332402915,2.8506468484827914
"[0.15818561684704915, 0.6681348635847281, -0.9114332450214209, 0.49663708395064066]",29.66232634487863,2.850709680964188
"[0.15817421978516336, 0.6681376900056183, -0.9114359635359817, 0.4966310806177288]",29.66237935514906,2.850772513445585
"[0.15816282403431722, 0.6681405164061837, -0.9114386817521287, 0.49662507735689343]",29.66243236894382,2.850835345926981
"[0.1581514258010707, 0.6681433437273543, -0.9114414005746723, 0.4966190721696242]",29.66248537829014,2.850898178408378
"[0.15814002862934787, 0.6681461710901431, -0.9114441191582462, 0.49661306692289664]",29.662538391225773,2.8509610108897743
"[0.15812862927171048, 0.6681489993002337, -0.9114468382774316, 0.49660705990548143]",29.662591403758395,2.851023843371171
"[0.15811722898566954, 0.6681518280457852, -0.9114495576322403, 0.4966010517797468]",29.662644412846486,2.8510866758525677
"[0.15810583004323958, 0.668154656763045, -0.9114522766806834, 0.496595043743086]",29.662697423320072,2.851149508333964
"[0.15809442823112538, 0.6681574864976643, -0.911454996427745, 0.49658903357462536]",29.662750432680433,2.851212340815361
"[0.1580830254976483, 0.6681603167662733, -0.9114577164086504, 0.49658302230103335]",29.662803442344778,2.851275173296757
"[0.15807162262476834, 0.6681631473748699, -0.9114604364368348, 0.496577010334395]",29.662856452738374,2.851338005778154
"[0.15806021910307527, 0.6681659784499159, -0.9114631566337867, 0.4965709974060932]",29.66290945989338,2.8514008382595506
"[0.1580488141964206, 0.6681688101743256, -0.9114658771750644, 0.4965649831277017]",29.662962466456865,2.851463670740947
"[0.15803740853332474, 0.6681716423921336, -0.9114685979107116, 0.49655896783048104]",29.66301547482107,2.851526503222344
"[0.15802600154044932, 0.6681744752458257, -0.9114713189774586, 0.4965529512118378]",29.66306848280029,2.8515893357037405
"[0.15801459495641526, 0.6681773083036826, -0.9114740399605363, 0.49654693418870394]",29.663121490734298,2.851652168185137
"[0.15800318693737755, 0.668180142023731, -0.9114767612997469, 0.496540915788318]",29.663174497892243,2.8517150006665335
"[0.15799177764725833, 0.6681829763653855, -0.9114794829559576, 0.496534896096902]",29.66322750252306,2.8517778331479304
"[0.15798036868924428, 0.66818581093044, -0.9114822045466964, 0.49652887596020384]",29.663280510742158,2.851840665629327
"[0.1579689574497735, 0.6681886463683389, -0.9114849266953919, 0.49652285399893675]",29.663333515972866,2.8519034981107234
"[0.15795754627855615, 0.6681914820953463, -0.9114876488414885, 0.4965168314528762]",29.6633865209389,2.8519663305921203
"[0.15794613555499915, 0.6681943180171828, -0.9114903708944406, 0.49651080852226825]",29.663439527272818,2.8520291630735164
"[0.15793472163194597, 0.6681971550404149, -0.9114930937242538, 0.4965047832817725]",29.663492528855265,2.8520919955549133
"[0.1579233083043397, 0.668199992221921, -0.9114958164255967, 0.4964987577344183]",29.663545534871975,2.85215482803631
"[0.15791189327632632, 0.6682028301324536, -0.9114985395461281, 0.4964927306680466]",29.66359853782,2.8522176605177068
"[0.15790047883745537, 0.668205668202905, -0.911501262539621, 0.4964867032913582]",29.663651541923432,2.8522804929991032
"[0.15788906206080305, 0.6682085071611074, -0.911503986104282, 0.49648067405862767]",29.663704545004673,2.8523433254804997
"[0.15787764565828935, 0.6682113463328029, -0.9115067095931274, 0.49647464440183237]",29.663757548257486,2.8524061579618967
"[0.1578662285281826, 0.6682141859920248, -0.9115094332689492, 0.49646861373901663]",29.663810551511467,2.8524689904432927
"[0.15785480806451627, 0.6682170267871149, -0.9115121577533978, 0.4964625806933104]",29.6638635533544,2.8525318229246897
"[0.15784339054310756, 0.6682198671570289, -0.9115148815492685, 0.49645654857994775]",29.663916554697643,2.852594655406086
"[0.15783196956354492, 0.6682227086940628, -0.9115176061834248, 0.49645051401737855]",29.663969555887466,2.8526574878874826
"[0.15782054711192864, 0.6682255509043027, -0.9115203311820266, 0.49644447805456365]",29.664022555053105,2.8527203203688796
"[0.157809126853381, 0.6682283928757546, -0.9115230556706669, 0.4964384426282983]",29.664075557571717,2.852783152850276
"[0.1577977045166119, 0.6682312356713774, -0.9115257806682919, 0.49643240548122863]",29.664128557316207,2.8528459853316726
"[0.15778628003554124, 0.6682340793078011, -0.9115285061906389, 0.49642636657806083]",29.664181556763804,2.852908817813069
"[0.1577748550678679, 0.6682369233725534, -0.9115312318421983, 0.49642032679477993]",29.664234555533355,2.852971650294466
"[0.15776342977321878, 0.6682397678259511, -0.9115339575848542, 0.4964142862156734]",29.66428755450466,2.8530344827758625
"[0.157752005378663, 0.6682426123625043, -0.911536683125825, 0.4964082454895052]",29.66434055629041,2.853097315257259
"[0.15774057769898497, 0.6682454580244044, -0.9115394094635527, 0.4964022024030803]",29.664393553668184,2.853160147738656
"[0.1577291501824899, 0.6682483039531221, -0.9115421357753338, 0.49639615877960996]",29.66444655001045,2.8532229802200524
"[0.15771772298746253, 0.6682511501092467, -0.9115448620233662, 0.4963901147028047]",29.66449954914652,2.853285812701449
"[0.15770629305463538, 0.6682539972548622, -0.9115475889374847, 0.49638406855432887]",29.664552546534804,2.8533486451828454
"[0.15769486297648552, 0.6682568447443421, -0.9115503158991518, 0.49637802170525647]",29.664605540227416,2.8534114776642423
"[0.15768343259131098, 0.6682596926180123, -0.9115530429469099, 0.49637197406996997]",29.664658541512075,2.853474310145639
"[0.15767200027950376, 0.6682625412795112, -0.9115557704671302, 0.496365924791342]",29.6647115358874,2.8535371426270353
"[0.157660567477578, 0.6682653903710221, -0.9115584981170548, 0.49635987462924674]",29.664764530074017,2.853599975108432
"[0.157649134551746, 0.6682682398013213, -0.911561225809279, 0.49635382377740855]",29.664817524849454,2.8536628075898283
"[0.15763770041640943, 0.6682710898410655, -0.9115639538027699, 0.4963477716611131]",29.664870520589464,2.853725640071225
"[0.1576262646800739, 0.6682739405879758, -0.9115666821908993, 0.4963417180728755]",29.664923515906967,2.8537884725526217
"[0.15761482935953575, 0.6682767915393572, -0.9115694104924584, 0.49633566408018315]",29.664976509665436,2.853851305034018
"[0.1576033914785556, 0.6682796434373388, -0.9115721394175, 0.49632960810715687]",29.66502950328754,2.853914137515415
"[0.1575919555739429, 0.6682824951507764, -0.9115748678835641, 0.4963235525557931]",29.665082498456805,2.8539769699968116
"[0.15758051545286922, 0.668285348224055, -0.9115775973681514, 0.4963174941466443]",29.665135488733583,2.854039802478208
"[0.15756907634323372, 0.6682882013535357, -0.9115803266239114, 0.4963114356479767]",29.665188482287867,2.8541026349596046
"[0.1575576385766539, 0.6682910544564363, -0.9115830555716827, 0.49630537723558127]",29.66524147532577,2.8541654674410015
"[0.15754619667020117, 0.668293908900589, -0.9115857855196106, 0.4962993160049669]",29.665294466818075,2.854228299922398
"[0.1575347554181289, 0.6682967634901246, -0.9115885153237914, 0.49629325449551664]",29.665347457672706,2.8542911324037945
"[0.15752331355273885, 0.6682996185413589, -0.9115912452866526, 0.4962871920355744]",29.665400451654126,2.8543539648851914
"[0.15751186922226054, 0.6683024745165193, -0.9115939758499817, 0.49628112764367815]",29.665453439435087,2.854416797366588
"[0.15750042589348878, 0.668305330550501, -0.9115967061865902, 0.4962750631567864]",29.665506429978173,2.8544796298479844
"[0.15748898090037203, 0.6683081873087906, -0.9115994369325434, 0.49626899716186035]",29.665559421620245,2.8545424623293814
"[0.15747753498434466, 0.6683110446064384, -0.9116021679109074, 0.4962629300516365]",29.66561241087942,2.854605294810778
"[0.1574660879815057, 0.6683139024844686, -0.9116048991607544, 0.4962568617390309]",29.66566539977931,2.8546681272921743
"[0.15745464146608915, 0.6683167605498965, -0.9116076303064375, 0.49625079305850517]",29.66571838859016,2.854730959773571
"[0.15744319239194776, 0.6683196195634495, -0.9116103620747299, 0.49624472239481593]",29.66577137668678,2.8547937922549678
"[0.15743174260509057, 0.6683224790642458, -0.9116130940251511, 0.49623865072655104]",29.665824365196727,2.8548566247363643
"[0.1574202927551987, 0.6683253388901487, -0.9116158260026374, 0.4962325783980496]",29.665877352024644,2.8549194572177607
"[0.1574088424131103, 0.6683281991483789, -0.9116185581095553, 0.496226505181651]",29.665930337922003,2.8549822896991577
"[0.1573973921025499, 0.6683310597081551, -0.9116212902209061, 0.49622043135506205]",29.665983326755676,2.8550451221805537
"[0.15738593898927183, 0.6683339212776779, -0.9116240230129236, 0.4962143554145894]",29.666036313198795,2.8551079546619507
"[0.15737448545958072, 0.668336783260897, -0.9116267559161834, 0.49620827862586103]",29.66608929703216,2.855170787143347
"[0.1573630319434075, 0.6683396455503832, -0.9116294888280737, 0.4962022012169631]",29.666142282561783,2.8552336196247436
"[0.15735157699373598, 0.6683425085078777, -0.911632222093821, 0.49619612241988015]",29.66619527103627,2.8552964521061406
"[0.1573401228698468, 0.66834537156875, -0.9116349551743045, 0.49619004343347495]",29.666248255718987,2.855359284587537
"[0.15732866505813115, 0.6683482358613602, -0.9116376891464882, 0.4961839618619892]",29.666301238179926,2.8554221170689336
"[0.1573172080491142, 0.6683511002632819, -0.9116404229388461, 0.4961778800886278]",29.666354225093503,2.85548494955033
"[0.15730575089073362, 0.6683539650125414, -0.9116431567785135, 0.4961717976080209]",29.666407209223802,2.855547782031727
"[0.157294291063218, 0.6683568307393316, -0.9116458912667094, 0.49616571308216856]",29.6664601908834,2.8556106145131235
"[0.15728283170150578, 0.6683596966598024, -0.9116486256553593, 0.496159628175354]",29.666513176340374,2.85567344699452
"[0.15727136981097617, 0.6683625635230197, -0.91165136065899, 0.4961535412972062]",29.666566156089512,2.855736279475917
"[0.1572599095480101, 0.6683654302894405, -0.9116540952857836, 0.4961474546548812]",29.666619137146874,2.8557991119573134
"[0.15724844730098064, 0.6683682978625469, -0.9116568303975018, 0.496141366330148]",29.666672122487626,2.85586194443871
"[0.15723698394055244, 0.6683711660246755, -0.9116595657863548, 0.4961352767851739]",29.666725102543225,2.8559247769201064
"[0.15722551999273157, 0.668374034644311, -0.9116623013267914, 0.4961291862992084]",29.666778084396977,2.8559876094015033
"[0.157214055150305, 0.6683769037984024, -0.9116650370920868, 0.49612309470889077]",29.666831065424127,2.8560504418829
"[0.15720258939378134, 0.6683797734919442, -0.911667773086853, 0.49611700200365677]",29.666884043716426,2.8561132743642963
"[0.15719112446206276, 0.6683826432897408, -0.9116705088961116, 0.4961109091074914]",29.666937023934008,2.8561761068456932
"[0.15717965668650172, 0.6683855141102016, -0.9116732453952564, 0.49610481407053436]",29.666990003867888,2.8562389393270893
"[0.1571681891885841, 0.6683883851720241, -0.91167598183939, 0.4960987185515909]",29.66704298513695,2.856301771808486
"[0.15715671942672493, 0.6683912571116576, -0.9116787188349619, 0.4960926211994635]",29.667095963253505,2.8563646042898827
"[0.1571452503354445, 0.668394129194385, -0.9116814556816865, 0.49608652357401445]",29.667148941349804,2.856427436771279
"[0.15713377962533287, 0.6683970019936065, -0.9116841929258406, 0.49608042445791745]",29.667201921480164,2.856490269252676
"[0.157122308382036, 0.6683998752375315, -0.9116869303083237, 0.49607432442821825]",29.66725489785437,2.8565531017340726
"[0.15711083656989733, 0.6684027489351558, -0.9116896678376103, 0.4960682234658347]",29.667307872206766,2.8566159342154696
"[0.1570993637444519, 0.6684056231979183, -0.9116924056197263, 0.49606212133421046]",29.667360850802776,2.8566787666968656
"[0.15708788989631106, 0.6684084980282757, -0.9116951436568774, 0.496056018028151]",29.667413827238224,2.8567415991782625
"[0.1570764149257648, 0.6684113734513256, -0.9116978819728241, 0.496049913494401]",29.66746680284944,2.856804431659659
"[0.15706493885930192, 0.6684142494605452, -0.9117006205612096, 0.4960438077468334]",29.66751977737084,2.8568672641410555
"[0.15705346430255968, 0.6684171254029517, -0.9117033588001993, 0.49603770217174575]",29.667572754243647,2.8569300966224525
"[0.15704198566314836, 0.6684200026803185, -0.9117060980243072, 0.4960315937932132]",29.667625728533775,2.856992929103849
"[0.15703050795759746, 0.6684228800353565, -0.9117088370363667, 0.49602548528047075]",29.667678702645585,2.8570557615852454
"[0.15701902952717958, 0.6684257578838961, -0.9117115762321779, 0.4960193757507304]",29.667731677303244,2.857118594066642
"[0.15700754967331354, 0.668428636401211, -0.9117143157784124, 0.4960132648319315]",29.667784649637145,2.857181426548039
"[0.15699606906867838, 0.6684315154187341, -0.9117170555145093, 0.4960071528819492]",29.667837622320743,2.8572442590294354
"[0.15698458811689797, 0.6684343948353239, -0.9117197953441102, 0.4960010401155262]",29.667890597358536,2.857307091510832
"[0.15697310716941998, 0.6684372745628768, -0.9117225351833081, 0.4959949267197164]",29.667943570924223,2.8573699239922288
"[0.156961622254323, 0.6684401555978443, -0.9117252759799392, 0.4959888105791797]",29.667996541211444,2.857432756473625
"[0.15695013959455595, 0.6684430363792853, -0.9117280162489002, 0.4959826950076684]",29.66804951247141,2.8574955889550218
"[0.15693865562976117, 0.6684459178003741, -0.911730756839819, 0.49597657810905504]",29.66810248494289,2.8575584214364183
"[0.15692716914090532, 0.6684488001671953, -0.9117334980435715, 0.49597045923362454]",29.668155454923816,2.8576212539178147
"[0.15691568349160362, 0.6684516826357846, -0.9117362390574106, 0.495964340173016]",29.66820842467868,2.8576840863992117
"[0.15690419751103943, 0.6684545654999756, -0.9117389801607102, 0.4959582203034755]",29.668261396583933,2.857746918880608
"[0.15689270822975898, 0.6684574495052468, -0.9117417220620907, 0.4959520980425025]",29.668314365030017,2.857809751362005
"[0.15688121993164747, 0.6684603335763912, -0.9117444637391727, 0.4959459756726093]",29.66836733355073,2.857872583843401
"[0.15686972939726904, 0.6684632185217068, -0.9117472059602388, 0.4959398514779441]",29.668420302741698,2.857935416324798
"[0.15685823995057388, 0.6684661035067161, -0.9117499479319883, 0.4959337272299676]",29.668473271166196,2.8579982488061946
"[0.15684674939019697, 0.6684689890842084, -0.9117526901797436, 0.4959276017552364]",29.668526241067884,2.858061081287591
"[0.1568352568740976, 0.6684718754657965, -0.9117554329044241, 0.4959214746045745]",29.668579207232458,2.858123913768988
"[0.15682376376098828, 0.6684747623103543, -0.9117581757817365, 0.495915346502134]",29.668632173921125,2.8581867462503845
"[0.15681226938149365, 0.6684776497861303, -0.9117609189713926, 0.49590921709079816]",29.668685140992203,2.858249578731781
"[0.15680077669047415, 0.668480537150846, -0.911763661768162, 0.495903087946257]",29.668738110420133,2.858312411213178
"[0.15678928006184076, 0.6684834258180903, -0.9117664055147082, 0.49589695606784645]",29.66879107491657,2.8583752436945744
"[0.15677778348549679, 0.6684863147855353, -0.911769149258782, 0.49589082358327574]",29.66884403712188,2.858438076175971
"[0.15676628734483497, 0.6684892039568455, -0.9117718929088442, 0.49588469069705576]",29.668897003290926,2.8585009086573674
"[0.15675478950162308, 0.6684920938694779, -0.9117746369751653, 0.495878556268345]",29.668949968817273,2.8585637411387643
"[0.1567432906454185, 0.6684949843502378, -0.9117773812931437, 0.49587242066480053]",29.669002934075852,2.858626573620161
"[0.1567317914332725, 0.6684978752340606, -0.9117801257059281, 0.49586628423684026]",29.66905589967688,2.8586894061015573
"[0.15672029141647217, 0.6685007666338199, -0.9117828703205734, 0.4958601467448878]",29.66910886166924,2.8587522385829542
"[0.15670879003514063, 0.6685036586903962, -0.9117856152706659, 0.495854007889924]",29.669161825828787,2.8588150710643507
"[0.15669728742320965, 0.6685065513702481, -0.9117883605242056, 0.495847867743177]",29.669214786276548,2.8588779035457472
"[0.1566857840267337, 0.6685094445613092, -0.9117911059746997, 0.4958417265425497]",29.66926774760896,2.8589407360271437
"[0.1566742821029061, 0.6685123376958756, -0.9117938510833982, 0.49583558549308643]",29.6693207117688,2.8590035685085406
"[0.15666277673765586, 0.6685152320101212, -0.9117965970230816, 0.495829441970881]",29.66937367242408,2.859066400989937
"[0.15665127129575687, 0.668518126657751, -0.9117993429906625, 0.4958232977723125]",29.669426633527515,2.8591292334713336
"[0.1566397660914751, 0.6685210215597367, -0.9118020889110932, 0.49581715306515906]",29.66947959664419,2.8591920659527306
"[0.15662825775879458, 0.6685239175631568, -0.9118048355877015, 0.49581100605143497]",29.66953255525282,2.8592548984341266
"[0.1566167504968236, 0.6685268136114491, -0.9118075820182544, 0.4958048589738151]",29.66958551455039,2.8593177309155235
"[0.15660524222511613, 0.6685297102282188, -0.9118103286992546, 0.49579871072092024]",29.66963847548816,2.85938056339692
"[0.15659373375227167, 0.6685326072100272, -0.9118130754376745, 0.4957925617245922]",29.66969143468466,2.8594433958783165
"[0.15658222216506268, 0.6685355052903661, -0.9118158229287838, 0.4957864104279816]",29.66974439273524,2.8595062283597135
"[0.15657071027254504, 0.6685384037622147, -0.9118185705021065, 0.4957802583318032]",29.66979734951328,2.85956906084111
"[0.15655919980883526, 0.6685413021889373, -0.9118213177437154, 0.4957741063628442]",29.66985030889035,2.8596318933225064
"[0.15654768665612778, 0.6685442016075076, -0.9118240656363849, 0.4957679523201287]",29.669903266691666,2.859694725803903
"[0.15653617464215086, 0.6685471010540599, -0.9118268132664991, 0.4957617982494962]",29.66995622507215,2.8597575582853
"[0.1565246578436443, 0.6685500020206192, -0.9118295620477572, 0.49575564098415914]",29.670009177329366,2.8598203907666964
"[0.15651314257768995, 0.6685529029161259, -0.9118323104723921, 0.4957494839011448]",29.670062135317064,2.859883223248093
"[0.15650162597845466, 0.6685558044625641, -0.9118350592243702, 0.4957433254680862]",29.67011509206488,2.85994605572949
"[0.15649010982354017, 0.6685587062121362, -0.9118378078793813, 0.495737166635438]",29.670168048369977,2.8600088882108863
"[0.15647859194666405, 0.6685616087107596, -0.9118405569544334, 0.4957310062445334]",29.67022100216119,2.8600717206922828
"[0.15646707313602606, 0.6685645117599595, -0.9118433062613628, 0.4957248447166663]",29.670273955811524,2.8601345531736793
"[0.15645555352988447, 0.6685674153249644, -0.9118460557671368, 0.49571868212564135]",29.670326909054165,2.860197385655076
"[0.15644403347546754, 0.6685703193183357, -0.9118488053888416, 0.49571251865706717]",29.67037986475017,2.8602602181364727
"[0.15643251160279378, 0.6685732240855577, -0.9118515554534272, 0.49570635357772497]",29.670432816710225,2.860323050617869
"[0.15642099172375432, 0.6685761286656282, -0.9118543050510264, 0.49570018892725537]",29.670485771959676,2.860385883099266
"[0.15640946759604196, 0.6685790346325805, -0.9118570556715346, 0.4956940213649758]",29.670538723274202,2.860448715580662
"[0.15639794490422448, 0.6685819405531135, -0.9118598059581037, 0.49568785393292175]",29.670591676285365,2.860511548062059
"[0.15638641980132817, 0.6685848473974674, -0.9118625568289085, 0.495681684571909]",29.670644626826668,2.8605743805434556
"[0.15637489389856157, 0.6685877547594241, -0.9118653078993432, 0.4956755141441086]",29.6706975771938,2.860637213024852
"[0.15636336799953957, 0.6685906624363338, -0.9118680589775585, 0.49566934307963445]",29.670750527889645,2.860700045506249
"[0.15635184223337742, 0.6685935703956465, -0.9118708100326969, 0.4956631714475867]",29.670803480024396,2.8607628779876455
"[0.15634031434129045, 0.6685964792073643, -0.9118735616038656, 0.49565699803826274]",29.670856430174137,2.860825710469042
"[0.15632878512714343, 0.6685993886688174, -0.9118763134991578, 0.49565082328182314]",29.67090938036165,2.8608885429504385
"[0.1563172548416615, 0.6686022987168574, -0.9118790656586911, 0.4956446473123144]",29.67096232695274,2.8609513754318354
"[0.1563057251780488, 0.6686052089241976, -0.9118818176782777, 0.4956384710365867]",29.67101527710512,2.861014207913232
"[0.15629419324421465, 0.6686081200209236, -0.9118845702481948, 0.4956322929052159]",29.671068223143497,2.8610770403946284
"[0.15628266304018626, 0.6686110309973244, -0.9118873224136338, 0.49562611506109994]",29.6711211731131,2.8611398728760253
"[0.1562711290309686, 0.6686139432509114, -0.9118900754957161, 0.4956199345383886]",29.67117411858679,2.861202705357422
"[0.15625959650188817, 0.6686168554473001, -0.9118928282328363, 0.49561375416900433]",29.671227068296396,2.8612655378388183
"[0.15624806149869444, 0.6686197685850799, -0.9118955815688125, 0.49560757183372023]",29.671280014486918,2.861328370320215
"[0.15623652647134642, 0.6686226820456557, -0.9118983349188159, 0.495601388845369]",29.671332959491025,2.8613912028016117
"[0.15622498974091598, 0.6686255962531793, -0.9119010886835617, 0.49559520430383336]",29.671385905105726,2.8614540352830082
"[0.15621345284128338, 0.6686285108203138, -0.9119038424968783, 0.49558901903116487]",29.671438851339587,2.8615168677644047
"[0.15620191541561596, 0.6686314258371976, -0.9119065964439157, 0.49558283283604]",29.671491796011757,2.8615797002458017
"[0.1561903760852181, 0.6686343416523732, -0.9119093508537114, 0.4955766449788815]",29.6715447406484,2.8616425327271977
"[0.15617883836706783, 0.6686372573771293, -0.9119121048867473, 0.49557045734565275]",29.67159768497616,2.8617053652085946
"[0.15616729739800755, 0.6686401742405936, -0.9119148597038012, 0.4955642673280183]",29.671650628708658,2.861768197689991
"[0.15615575486906771, 0.6686430918155526, -0.9119176149012025, 0.49555807583258693]",29.671703570439973,2.8618310301713876
"[0.15614421388479838, 0.668646009317339, -0.9119203697378502, 0.4955518845245773]",29.67175651443313,2.8618938626527846
"[0.15613266975372694, 0.6686489279320154, -0.9119231253335656, 0.4955456908870304]",29.671809456418,2.861956695134181
"[0.15612112675790726, 0.6686518465771026, -0.9119258806661796, 0.49553949721712715]",29.671862399524233,2.8620195276155775
"[0.15610958072942482, 0.6686547663065306, -0.9119286367305492, 0.49553330127831724]",29.671915336373978,2.862082360096974
"[0.15609803539175707, 0.6686576861788739, -0.911931392637829, 0.49552710506845005]",29.6719682786581,2.862145192578371
"[0.15608649044067607, 0.6686606062710427, -0.9119341484606007, 0.4955209084243189]",29.672021219851878,2.862208025059768
"[0.15607494376341652, 0.6686635271175038, -0.9119369047031539, 0.495514710211769]",29.672074160969142,2.862270857541164
"[0.15606339445811027, 0.6686664489466053, -0.9119396615807313, 0.4955085099462723]",29.67212710156146,2.862333690022561
"[0.15605184621557375, 0.6686693708247073, -0.9119424182122796, 0.49550230960908215]",29.672180040261875,2.8623965225039574
"[0.15604029735063915, 0.6686722931781958, -0.9119451750000191, 0.4954961082954118]",29.672232979869584,2.862459354985354
"[0.1560287468808605, 0.6686752162557772, -0.9119479321784304, 0.49548990547751554]",29.67228591809159,2.862522187466751
"[0.1560171952328828, 0.6686781399496357, -0.9119506896456315, 0.4954837013842223]",29.672338856558188,2.8625850199481473
"[0.1560056448778836, 0.6686810636343413, -0.9119534468116951, 0.495477497342712]",29.672391795630023,2.862647852429544
"[0.1559940901556254, 0.6686839887427889, -0.9119562050277332, 0.4954712903124152]",29.67244473074455,2.8627106849109403
"[0.1559825357672898, 0.6686869140850642, -0.9119589631714938, 0.4954650828183527]",29.67249766717676,2.862773517392337
"[0.1559709816259524, 0.668689839683177, -0.9119617212636879, 0.49545887481383494]",29.672550605272995,2.8628363498737337
"[0.15595942706199337, 0.6686927657067131, -0.9119644794641218, 0.4954526659390259]",29.672603540928403,2.86289918235513
"[0.15594787009433123, 0.6686956926574975, -0.9119672382456644, 0.49544645512910934]",29.6726564753031,2.862962014836527
"[0.15593631296926408, 0.6686986199667571, -0.9119699970720627, 0.4954402435910138]",29.67270941124017,2.863024847317923
"[0.15592475517191337, 0.6687015477649698, -0.9119727560661857, 0.49543403104789924]",29.672762345851176,2.86308767979932
"[0.1559131962735604, 0.6687044761608365, -0.9119755153303366, 0.4954278172691352]",29.6728152779022,2.8631505122807166
"[0.1559016375457964, 0.6687074048322721, -0.9119782745609312, 0.4954216029381796]",29.672868212324786,2.863213344762113
"[0.15589007589192713, 0.6687103345640351, -0.9119810344971573, 0.49541538638988675]",29.672921146730463,2.86327617724351
"[0.15587851561579058, 0.6687132642656248, -0.9119837941115881, 0.4954091699381987]",29.672974080800277,2.8633390097249065
"[0.1558669530332119, 0.6687161948707978, -0.9119865542836494, 0.49540295160184117]",29.673027010869674,2.8634018422063034
"[0.15585538990321557, 0.6687191259338059, -0.9119893145934116, 0.4953967323266105]",29.673079945907382,2.8634646746876995
"[0.15584382609655123, 0.6687220574875462, -0.9119920750716778, 0.4953905120427749]",29.67313287519801,2.8635275071690964
"[0.1558322606012645, 0.6687249897886786, -0.911994835959983, 0.4953842902057667]",29.673185805987778,2.863590339650493
"[0.15582069607570193, 0.6687279221632425, -0.9119975966237001, 0.4953780682456152]",29.673238739606983,2.8636531721318894
"[0.15580913104727387, 0.6687308549846718, -0.9120003574143171, 0.49537184537000106]",29.673291668236548,2.8637160046132863
"[0.15579756240637727, 0.6687337890417182, -0.912003119074125, 0.49536561990536426]",29.67334459669486,2.863778837094683
"[0.15578599503601193, 0.6687367230960876, -0.9120058804374158, 0.4953593944791515]",29.67339752769107,2.8638416695760793
"[0.15577442514224143, 0.6687396581101813, -0.9120086424098415, 0.495353167049374]",29.67345045569831,2.863904502057476
"[0.1557628557358914, 0.6687425933203376, -0.9120114042726178, 0.4953469392363777]",29.67350338413169,2.8639673345388728
"[0.15575128507501101, 0.668745529168568, -0.9120141664415438, 0.49534071010235153]",29.67355631326466,2.8640301670202692
"[0.1557397138314616, 0.668748465484462, -0.9120169287562037, 0.4953344800088553]",29.673609241393127,2.8640929995016657
"[0.1557281416591775, 0.6687514023559701, -0.9120196912991636, 0.4953282487693427]",29.6736621680265,2.8641558319830627
"[0.15571656790954994, 0.6687543399478231, -0.9120224542252245, 0.4953220160343217]",29.673715093370355,2.8642186644644587
"[0.1557049948830515, 0.6687572776761708, -0.912025216985177, 0.4953157830425622]",29.673768020172712,2.8642814969458557
"[0.1556934199350091, 0.6687602162124423, -0.9120279802103246, 0.49530954836953245]",29.67382094605997,2.864344329427252
"[0.15568184423994003, 0.6687631552585924, -0.9120307436202448, 0.4953033126476159]",29.67387387151479,2.864407161908649
"[0.1556702685803635, 0.6687660946159957, -0.9120335070280937, 0.49529707629825226]",29.67392679700323,2.8644699943900456
"[0.15565869161047902, 0.6687690346264712, -0.9120362707551088, 0.4952908385962419]",29.67397972307304,2.864532826871442
"[0.15564711265419326, 0.6687719754618766, -0.9120390349626544, 0.49528459917699286]",29.674032646174926,2.864595659352839
"[0.15563553409514339, 0.6687749165169059, -0.9120417990816553, 0.49527835932477565]",29.674085568259475,2.864658491834235
"[0.1556239527987936, 0.6687778585878941, -0.9120445638603705, 0.4952721173500947]",29.674138492136038,2.864721324315632
"[0.15561237316840537, 0.6687808005563006, -0.9120473282475857, 0.4952658756260779]",29.67419141589157,2.8647841567970285
"[0.15560079135669375, 0.6687837433996464, -0.9120500931617146, 0.4952596320788355]",29.67424433799078,2.864846989278425
"[0.15558920910789642, 0.6687866866748746, -0.9120528581863188, 0.49525338764839205]",29.67429726055553,2.864909821759822
"[0.1555776265766178, 0.6687896303427511, -0.9120556232844523, 0.4952471424180046]",29.67435018172094,2.8649726542412184
"[0.15556604078603786, 0.6687925751600002, -0.912058389166734, 0.4952408947822551]",29.674403100721104,2.865035486722615
"[0.15555445768080242, 0.6687955196157113, -0.912061154413953, 0.4952346479466816]",29.67445602400415,2.8650983192040114
"[0.15554287126918315, 0.6687984652329997, -0.9120639204564934, 0.4952283986798839]",29.67450894229552,2.8651611516854083
"[0.15553128363678032, 0.6688014114819087, -0.9120666867964085, 0.4952221481062711]",29.674561861846726,2.865223984166805
"[0.1555196967739291, 0.6688043578564106, -0.9120694529585063, 0.4952158972994078]",29.674614781626524,2.8652868166482013
"[0.15550810992320305, 0.6688073045491064, -0.912072219123568, 0.4952096458507031]",29.67466770077984,2.865349649129598
"[0.15549651931058406, 0.6688102525199505, -0.9120749861925433, 0.49520339172362565]",29.674720617658977,2.8654124816109943
"[0.15548492966097321, 0.6688132005673751, -0.9120777530373958, 0.49519713746735594]",29.674773535494026,2.865475314092391
"[0.15547333846279437, 0.6688161493302587, -0.9120805202576944, 0.49519088172650716]",29.67482645339395,2.8655381465737877
"[0.15546174828224363, 0.6688190981558565, -0.9120832872407522, 0.4951846258859153]",29.67487937092129,2.8656009790551846
"[0.15545015497036155, 0.668822048099876, -0.9120860549770338, 0.49517836770595564]",29.674932289425715,2.865663811536581
"[0.15543856234241563, 0.6688249981916182, -0.9120888225556669, 0.4951721092459316]",29.67498520533112,2.8657266440179776
"[0.1554269675694112, 0.6688279491511208, -0.9120915906519906, 0.49516584897837035]",29.6750381194059,2.8657894764993745
"[0.1554153727867192, 0.6688309004350241, -0.9120943587561773, 0.4951595880559946]",29.675091034295228,2.8658523089807706
"[0.15540377759171883, 0.668833852145854, -0.9120971269643087, 0.49515332626132375]",29.675143951792002,2.8659151414621675
"[0.15539217978696743, 0.6688368048431513, -0.9120998958009583, 0.49514706240737244]",29.67519686286168,2.865977973943564
"[0.15538058307286493, 0.6688397575849215, -0.9121026643826619, 0.4951407984925168]",29.675249778272487,2.8660408064249605
"[0.15536898425610055, 0.6688427111843087, -0.9121054334717463, 0.49513453279178216]",29.67530269114956,2.8661036389063574
"[0.15535738544020947, 0.6688456651057743, -0.9121082025659775, 0.4951282664412806]",29.67535560466495,2.866166471387754
"[0.1553457864232931, 0.6688486194007652, -0.9121109717135181, 0.49512199933188694]",29.675408517235585,2.8662293038691504
"[0.15533418491041884, 0.6688515746539536, -0.9121137414622204, 0.49511573022334177]",29.67546142997077,2.866292136350547
"[0.15532258249943184, 0.6688545304584864, -0.9121165114305777, 0.49510945997875017]",29.675514340475587,2.866354968831944
"[0.1553109797957523, 0.6688574866602075, -0.9121192814740121, 0.49510318892515554]",29.67556725234857,2.8664178013133403
"[0.1552993765441721, 0.668860443324201, -0.9121220516534133, 0.4950969169245138]",29.675620162328592,2.866480633794737
"[0.15528777210902947, 0.668863400612543, -0.9121248221205019, 0.49509064363303884]",29.675673071476595,2.8665434662761338
"[0.1552761668141851, 0.668866358442821, -0.9121275927979194, 0.495084369225586]",29.675725982354187,2.86660629875753
"[0.15526456203983444, 0.6688693164632914, -0.9121303633561153, 0.49507809444831236]",29.675778893070454,2.8666691312389267
"[0.15525295267375394, 0.6688722759772525, -0.91213313501556, 0.4950718165366075]",29.675831798516544,2.8667319637203237
"[0.15524134736276388, 0.6688752347804785, -0.9121359057118401, 0.4950655401662487]",29.675884710582142,2.86679479620172
"[0.15522973860576936, 0.668878194785354, -0.9121386772357627, 0.4950592612805669]",29.675937616167644,2.8668576286831167
"[0.15521812811037036, 0.6688811555567631, -0.9121414491796039, 0.4950529808026267]",29.675990524012835,2.866920461164513
"[0.15520651878980327, 0.668884116351842, -0.9121442208478068, 0.4950467003082212]",29.6760434314686,2.86698329364591
"[0.15519490727576382, 0.6688870780297034, -0.9121469930444976, 0.49504041797501047]",29.67609633883328,2.8670461261273066
"[0.15518329634298922, 0.6688900398826955, -0.9121497651071838, 0.49503413530408746]",29.676149244442286,2.867108958608703
"[0.15517168282974864, 0.6688930027174753, -0.9121525377906745, 0.4950278505844143]",29.676202149128994,2.8671717910901
"[0.15516006902298135, 0.6688959659507528, -0.9121553105489316, 0.49502156505329215]",29.67625505483281,2.867234623571496
"[0.15514845495384513, 0.6688989295745962, -0.9121580833744837, 0.49501527872754]",29.676307960252014,2.867297456052893
"[0.15513683957445137, 0.6689018938565356, -0.912160856517463, 0.4950089910397437]",29.676360863660193,2.8673602885342895
"[0.1551252233951244, 0.6689048586664208, -0.9121636298559995, 0.49500270226597476]",29.67641376823494,2.867423121015686
"[0.1551136063807589, 0.6689078240133266, -0.9121664033984309, 0.49499641238702574]",29.67646667297312,2.867485953497083
"[0.15510198871943962, 0.6689107898493345, -0.9121691770998128, 0.4949901215045655]",29.676519575706468,2.8675487859784794
"[0.15509036860852826, 0.6689137566347736, -0.9121719513904881, 0.4949838286421997]",29.67657247724486,2.867611618459876
"[0.1550787504175568, 0.6689167232540948, -0.9121747252271936, 0.49497753616615253]",29.676625380547826,2.8676744509412724
"[0.15506712982174162, 0.6689196908116585, -0.912177499642428, 0.49497124173400203]",29.676678280537047,2.8677372834226693
"[0.15505550855486397, 0.6689226588648577, -0.912180274222214, 0.494964946284581]",29.67673118355213,2.867800115904066
"[0.15504388705228558, 0.6689256273025692, -0.9121830488625685, 0.49495865005361406]",29.676784084291484,2.8678629483854623
"[0.15503226378879212, 0.6689285965144841, -0.9121858239275993, 0.4949523522145713]",29.676836984060017,2.8679257808668592
"[0.15502064051382392, 0.6689315660538017, -0.9121885989995859, 0.49494605371516404]",29.676889882731583,2.8679886133482557
"[0.1550090143580415, 0.6689345366537387, -0.9121913747635485, 0.4949397530002477]",29.67694278134716,2.868051445829652
"[0.15499738976915614, 0.6689375071779411, -0.912194150157549, 0.4949334524800801]",29.676995681592533,2.8681142783110487
"[0.15498576293328567, 0.6689404786010588, -0.9121969260921202, 0.4949271500874399]",29.67704857789348,2.8681771107924456
"[0.15497413611352343, 0.6689434503448434, -0.912199702026903, 0.4949208470488214]",29.67710147700538,2.868239943273842
"[0.15496250890659075, 0.6689464225124147, -0.9122024780581424, 0.4949145431455302]",29.677154376136844,2.8683027757552386
"[0.1549508780657124, 0.6689493959339184, -0.9122052549609767, 0.4949082366168844]",29.67720727100696,2.8683656082366356
"[0.15493925040542827, 0.668952368867258, -0.912208031108373, 0.494901931157827]",29.677260170910237,2.8684284407180316
"[0.15492761882102576, 0.6689553431290176, -0.912210808196566, 0.4948956229154949]",29.677313064652694,2.8684912731994285
"[0.15491598706888662, 0.6689583177588668, -0.9122135853286668, 0.4948893139267296]",29.67736595850513,2.868554105680825
"[0.1549043562436843, 0.668961292476857, -0.9122163622432774, 0.49488300478529934]",29.677418856185575,2.8686169381622215
"[0.15489272151987246, 0.6689642685173315, -0.9122191400924798, 0.4948766928732935]",29.67747174781514,2.8686797706436185
"[0.15488108849202842, 0.6689672444493746, -0.9122219175405017, 0.4948703812255814]",29.677524643698302,2.868742603125015
"[0.15486945320794288, 0.6689702212841039, -0.9122246955309101, 0.4948640676977268]",29.67757753581676,2.8688054356064114
"[0.1548578172589495, 0.6689731986144748, -0.9122274736837388, 0.49485775315300673]",29.677630432205532,2.868868268087808
"[0.15484618100965356, 0.6689761763473235, -0.9122302519118829, 0.4948514377890841]",29.67768332346731,2.868931100569205
"[0.15483454397176627, 0.6689791546076594, -0.9122330303318887, 0.4948451213408402]",29.677736218183654,2.8689939330506014
"[0.15482290619229938, 0.6689821333835373, -0.9122358089324933, 0.4948388038336303]",29.67778910798214,2.869056765531998
"[0.1548112658856575, 0.6689851131321662, -0.9122385881399797, 0.49483248429782706]",29.677841996878378,2.869119598013395
"[0.15479962734145988, 0.6689880927555241, -0.9122413669301309, 0.4948261650621681]",29.67789489065054,2.8691824304947913
"[0.15478798595868182, 0.6689910734316079, -0.9122441464014363, 0.4948198436283607]",29.67794778091921,2.8692452629761878
"[0.15477634493793505, 0.6689940543410652, -0.9122469257896841, 0.4948135217341264]",29.67800067069699,2.8693080954575843
"[0.154764701223846, 0.6689970362664039, -0.912249705824332, 0.4948071977199526]",29.67805355991918,2.869370927938981
"[0.15475305869912892, 0.6690000182133617, -0.9122524855783091, 0.494800873694478]",29.67810644840385,2.8694337604203777
"[0.15474141327112284, 0.6690030012302809, -0.9122552660287331, 0.49479454743444257]",29.67815933698512,2.869496592901774
"[0.15472976975654243, 0.6690059840834086, -0.9122580460255305, 0.4947882215563593]",29.678212226527936,2.869559425383171
"[0.1547181226972728, 0.6690089681711279, -0.9122608268718336, 0.49478189309465276]",29.67826511431746,2.869622257864567
"[0.15470647654194275, 0.6690119523537501, -0.9122636075054597, 0.49477556446629367]",29.67831799835643,2.869685090345964
"[0.1546948282002494, 0.6690149374232539, -0.9122663886641998, 0.49476923399177564]",29.678370886140947,2.8697479228273606
"[0.15468318047890828, 0.6690179226604568, -0.9122691696778853, 0.4947629031962958]",29.678423771079107,2.869810755308757
"[0.15467153155892055, 0.6690209085316066, -0.9122719509807807, 0.49475657109110105]",29.67847665763375,2.869873587790154
"[0.15465988067160114, 0.6690238952338979, -0.9122747327563776, 0.4947502372580386]",29.678529545586077,2.8699364202715505
"[0.1546482295775632, 0.6690268823161155, -0.9122775145842719, 0.4947439026540181]",29.678582427727083,2.8699992527529474
"[0.15463657803438008, 0.6690298698404737, -0.9122802965223038, 0.4947375671471308]",29.678635312191197,2.8700620852343435
"[0.15462492534762098, 0.6690328579851162, -0.9122830787362386, 0.494731230359616]",29.67868819711197,2.8701249177157404
"[0.15461327242169723, 0.6690358465182249, -0.9122858610100936, 0.4947248927831168]",29.678741080430285,2.870187750197137
"[0.15460161674156925, 0.6690388360849419, -0.9122886439443298, 0.49471855304953766]",29.678793961249728,2.8702505826785334
"[0.15458996254361948, 0.6690418255987641, -0.9122914265274187, 0.49471221346296745]",29.678846845263283,2.8703134151599303
"[0.15457830619552723, 0.6690448159915214, -0.9122942096265773, 0.4947058720473974]",29.678899726380607,2.870376247641327
"[0.15456664898515746, 0.6690478069329642, -0.9122969929342734, 0.49469952950318036]",29.678952607486373,2.8704390801227233
"[0.15455499016910962, 0.6690507986139613, -0.9122997766279648, 0.49469318542559243]",29.679005488611363,2.87050191260412
"[0.1545433327762167, 0.6690537902573531, -0.9123025599844348, 0.49468684146268654]",29.67905837009501,2.8705647450855167
"[0.1545316726034137, 0.6690567829418304, -0.912305344007186, 0.49468049532703356]",29.679111248274776,2.8706275775669132
"[0.1545200126168693, 0.6690597759062695, -0.9123081279879608, 0.49467414863269155]",29.679164127605777,2.8706904100483097
"[0.1545083519336435, 0.6690627693773491, -0.9123109121375341, 0.49466780089899304]",29.679217007603633,2.8707532425297067
"[0.15449668915535897, 0.6690657637141999, -0.9123136967897476, 0.4946614513644242]",29.679269886189516,2.8708160750111027
"[0.15448502665388636, 0.6690687583079667, -0.9123164813782438, 0.49465510132010115]",29.67932276369851,2.8708789074924996
"[0.15447336309216392, 0.6690717535020289, -0.9123192662222249, 0.4946487500379084]",29.67937564316512,2.8709417399738966
"[0.15446169781907168, 0.6690747494637476, -0.9123220514771139, 0.4946423971629971]",29.67942851959993,2.8710045724552926
"[0.15445003210505456, 0.6690777458669362, -0.9123248368395365, 0.4946360433870524]",29.679481395299792,2.8710674049366895
"[0.1544383668483467, 0.6690807424809269, -0.9123276220949813, 0.4946296891992346]",29.679534273917195,2.871130237418086
"[0.15442669914791765, 0.6690837400510522, -0.9123304079360747, 0.49462333301912137]",29.67958714687258,2.871193069899483
"[0.15441503163267892, 0.6690867379020409, -0.9123331937350826, 0.49461697627862056]",29.679640022861314,2.8712559023808795
"[0.15440336206056526, 0.6690897366100729, -0.9123359800272938, 0.4946106177560066]",29.67969289642105,2.871318734862276
"[0.15439169256429225, 0.6690927356272233, -0.9123387663034471, 0.494604258613142]",29.679745773171277,2.871381567343673
"[0.15438002131650402, 0.6690957354232157, -0.9123415529998126, 0.49459789785404884]",29.679798644870996,2.871444399825069
"[0.1543683505515876, 0.6690987354238441, -0.9123443395828533, 0.4945915366963001]",29.67985151995752,2.871507232306466
"[0.15435667661873073, 0.669101736567686, -0.9123471269242226, 0.4945851731497696]",29.679904389343065,2.8715700647878624
"[0.15434500566805254, 0.6691047372737192, -0.9123499135554342, 0.494578810566851]",29.679957264589298,2.871632897269259
"[0.15433332930902335, 0.6691077396993487, -0.9123527014798266, 0.49457244437309056]",29.68001013347583,2.871695729750656
"[0.15432165585541255, 0.6691107417069305, -0.9123554887123086, 0.49456607910107375]",29.680063008154917,2.8717585622320523
"[0.15430997926207413, 0.6691137448511039, -0.912358276696219, 0.4945597114544586]",29.680115877528902,2.8718213947134488
"[0.15429830400691427, 0.6691167479802848, -0.9123610643623417, 0.4945533438750084]",29.680168749086643,2.8718842271948453
"[0.15428662502640386, 0.6691197523970548, -0.91236385291964, 0.49454697360087174]",29.680221617244985,2.871947059676242
"[0.15427494725143576, 0.6691227568330795, -0.9123666411907377, 0.49454060332133565]",29.680274487306516,2.8720098921576387
"[0.15426326706194474, 0.6691257622198011, -0.9123694300399469, 0.4945342310614956]",29.680327354867096,2.872072724639035
"[0.15425158814517045, 0.6691287676085453, -0.9123722185868347, 0.4945278588328296]",29.680380224560064,2.872135557120432
"[0.15423990656389722, 0.6691317740125841, -0.9123750077714389, 0.49452148448695993]",29.68043309201255,2.872198389601828
"[0.15422822564850794, 0.6691347805749137, -0.9123777967985314, 0.49451510984098174]",29.68048596109899,2.872261222083225
"[0.154216543153031, 0.6691377878736944, -0.9123805862043365, 0.49450873366907827]",29.68053882711883,2.8723240545646216
"[0.15420485859635136, 0.6691407960329572, -0.9123833761036892, 0.49450235570831114]",29.68059169310152,2.8723868870460185
"[0.1541931745625357, 0.6691438043875417, -0.9123861658795539, 0.49449597736900025]",29.680644557616596,2.872449719527415
"[0.1541814899458715, 0.6691468132221559, -0.912388955795903, 0.4944895980475117]",29.680697424742046,2.8725125520088115
"[0.1541698034901207, 0.6691498228604422, -0.9123917461526394, 0.4944832170577104]",29.680750288996382,2.8725753844902084
"[0.15415811716506833, 0.6691528327951917, -0.9123945364794065, 0.49447683547497917]",29.68080315563203,2.8726382169716045
"[0.15414642892699118, 0.669155843552919, -0.9123973272641329, 0.4944704521830675]",29.680856018029715,2.8727010494530014
"[0.1541347404467974, 0.669158854703319, -0.9124001181078226, 0.4944640680943062]",29.680908882803415,2.872763881934398
"[0.15412305218841543, 0.6691618661269061, -0.9124029088996618, 0.494457683462043]",29.680961746529434,2.8728267144157944
"[0.15411136114059093, 0.6691648785996649, -0.9124057003586011, 0.4944512966411257]",29.68101460688726,2.8728895468971913
"[0.15409966906106742, 0.669167891668855, -0.9124084920649066, 0.4944449085914524]",29.68106746985485,2.872952379378588
"[0.15408797716120262, 0.6691709050223752, -0.9124112837293021, 0.4944385199747393]",29.68112032991928,2.8730152118599843
"[0.15407628265478387, 0.669173919378448, -0.912414076017008, 0.4944321292683127]",29.68117318960915,2.873078044341381
"[0.15406459041648973, 0.6691769334806379, -0.9124168677640586, 0.49442573913595933]",29.681226051817315,2.8731408768227777
"[0.1540528956332812, 0.6691799485696913, -0.9124196601196234, 0.4944193469471951]",29.68127891439076,2.8732037093041742
"[0.15404120092555496, 0.6691829639701983, -0.912422452457985, 0.49441295413399394]",29.681331772174172,2.8732665417855707
"[0.15402950441347657, 0.6691859801669507, -0.9124252452279519, 0.49440655966858754]",29.681384631504933,2.8733293742669677
"[0.15401780614904267, 0.6691889971467234, -0.9124280384170669, 0.49440016357905303]",29.681437489813003,2.873392206748364
"[0.15400610800807144, 0.6691920144258375, -0.9124308315774017, 0.4943937668908292]",29.68149034800239,2.8734550392297606
"[0.15399440892723174, 0.6691950322786236, -0.9124336249628051, 0.4943873690223575]",29.681543205187054,2.873517871711157
"[0.15398271118426052, 0.6691980501175374, -0.9124364180293811, 0.4943809712192546]",29.681596063359816,2.873580704192554
"[0.15397100911977246, 0.6692010694027684, -0.9124392121283789, 0.49437457038595906]",29.681648917843138,2.8736435366739506
"[0.15395930874932015, 0.6692040885823701, -0.9124420058234237, 0.4943681698126063]",29.6817017739404,2.873706369155347
"[0.1539476050458575, 0.6692071089536171, -0.9124448003147836, 0.49436176674903204]",29.68175463144883,2.873769201636744
"[0.1539359013595507, 0.669210129652114, -0.9124475948024963, 0.49435536302776384]",29.681807483679062,2.87383203411814
"[0.15392419834495757, 0.6692131505089188, -0.9124503891302321, 0.494348959006965]",29.681860339348752,2.873894866599537
"[0.15391249274873808, 0.6692161723639113, -0.91245318407475, 0.4943425529061717]",29.6819131949018,2.8739576990809335
"[0.15390078754712094, 0.6692191944488922, -0.912455978925373, 0.4943361463539428]",29.681966047928572,2.87402053156233
"[0.15388908182609462, 0.6692222169998707, -0.9124587739002997, 0.49432973884997483]",29.68201890123338,2.874083364043727
"[0.1538773738024429, 0.6692252404774492, -0.9124615694252662, 0.4943233294178751]",29.68207175462905,2.8741461965251234
"[0.15386566483492914, 0.6692282645309106, -0.9124643651757992, 0.4943169188011624]",29.68212460555074,2.87420902900652
"[0.15385395598507132, 0.6692312888861512, -0.9124671608983996, 0.49431050758091627]",29.68217745823856,2.8742718614879164
"[0.15384224562587667, 0.669234313963518, -0.9124699569815011, 0.4943040948660964]",29.682230308935424,2.8743346939693133
"[0.1538305342387297, 0.6692373396387924, -0.9124727533101222, 0.49429768092005744]",29.682283156155837,2.87439752645071
"[0.1538188215335278, 0.6692403659870514, -0.9124755499534898, 0.49429126558367875]",29.682336006951502,2.8744603589321063
"[0.15380711026722232, 0.6692433922959744, -0.9124783462532841, 0.4942848503669785]",29.682388859204316,2.874523191413503
"[0.15379539532859993, 0.6692464198864744, -0.9124811434298687, 0.49427843246989445]",29.68244170810238,2.8745860238948997
"[0.1537836817650967, 0.6692494474542262, -0.9124839402780254, 0.4942720146573708]",29.682494556495506,2.874648856376296
"[0.15377196666451973, 0.6692524757519794, -0.9124867374930548, 0.4942655953337635]",29.682547404246826,2.8747116888576927
"[0.15376025122751133, 0.6692555044694655, -0.912489534788242, 0.4942591751567882]",29.682600250709793,2.8747745213390896
"[0.15374853320791693, 0.669258534187568, -0.9124923326998498, 0.4942527528951792]",29.682653098130803,2.874837353820486
"[0.15373681635983774, 0.6692615639356537, -0.9124951303314891, 0.4942463306063915]",29.682705946090778,2.8749001863018826
"[0.15372509762619654, 0.6692645945043696, -0.9124979284130379, 0.4942399066145531]",29.682758791882872,2.8749630187832795
"[0.15371337873245194, 0.6692676254475851, -0.9125007265324727, 0.4942334818653475]",29.682811635810623,2.875025851264676
"[0.1537016569202784, 0.6692706574788709, -0.9125035253483565, 0.4942270548462435]",29.682864480803186,2.8750886837460725
"[0.15368993600496453, 0.6692736896114471, -0.9125063239496728, 0.4942206276489465]",29.68291732756105,2.8751515162274695
"[0.15367821255374503, 0.6692767227334605, -0.9125091231560187, 0.4942141983908937]",29.6829701705004,2.8752143487088655
"[0.15366648953570855, 0.669279756076857, -0.9125119222584244, 0.4942077687001439]",29.683023013362167,2.8752771811902624
"[0.15365476671762926, 0.6692827897019858, -0.9125147213125351, 0.4942013384487949]",29.68307585614234,2.875340013671659
"[0.153643041086638, 0.6692858243886588, -0.9125175210376906, 0.49419490598394533]",29.68312869870827,2.8754028461530554
"[0.15363131616325584, 0.6692888592258612, -0.9125203205932536, 0.4941884732366599]",29.68318154069407,2.8754656786344523
"[0.1536195900247142, 0.6692918947113083, -0.9125231204382852, 0.49418203915197134]",29.683234382282514,2.875528511115849
"[0.15360786236729593, 0.6692949309237868, -0.9125259206452575, 0.49417560356293083]",29.6832872255466,2.8755913435972453
"[0.1535961339789926, 0.6692979676594124, -0.9125287210259819, 0.49416916690172163]",29.683340064115324,2.875654176078642
"[0.15358440426427664, 0.6693010050724956, -0.9125315217226093, 0.494162728841296]",29.68339290351377,2.8757170085600388
"[0.15357267508998565, 0.6693040426796837, -0.9125343222893538, 0.49415629040618914]",29.68344574354613,2.8757798410414352
"[0.15356094334018217, 0.6693070812880538, -0.9125371234701641, 0.49414984988576927]",29.68349858169699,2.8758426735228317
"[0.15354921210916092, 0.6693101200962861, -0.912539924526174, 0.4941434089785208]",29.683551420432437,2.8759055060042287
"[0.15353747924114594, 0.6693131596628737, -0.9125427259720752, 0.4941369665007104]",29.6836042586155,2.875968338485625
"[0.15352574713068323, 0.6693161993675214, -0.9125455272360873, 0.4941305237670836]",29.68365709675464,2.8760311709670217
"[0.15351401159696806, 0.6693192402936293, -0.9125483293164054, 0.49412407848141326]",29.683709931078685,2.876094003448418
"[0.15350227799376057, 0.6693222810539935, -0.9125511309346805, 0.4941176335839051]",29.68376277123492,2.876156835929815
"[0.1534905414949475, 0.6693253228993815, -0.9125539332431947, 0.49411118642358925]",29.68381560622347,2.8762196684112116
"[0.15347880355534962, 0.6693283654529457, -0.9125567358945399, 0.49410473779922737]",29.683868441506306,2.876282500892608
"[0.15346706587555456, 0.6693314082739649, -0.9125595384826263, 0.494098288644947]",29.683921275925705,2.876345333374005
"[0.15345532861359104, 0.6693344513214722, -0.9125623409696809, 0.49409183904759296]",29.683974110259438,2.876408165855401
"[0.15344358740476516, 0.669337495727256, -0.9125651443978103, 0.49408538660843065]",29.68402694294847,2.876470998336798
"[0.1534318486305038, 0.6693405398367556, -0.912567947243291, 0.49407893483423165]",29.684079777384614,2.8765338308181945
"[0.15342010676267354, 0.6693435850835899, -0.9125707508260223, 0.49407248068656767]",29.684132608604727,2.876596663299591
"[0.15340836432745963, 0.6693466308127801, -0.91257355454279, 0.49406602555364937]",29.68418544153713,2.876659495780988
"[0.15339662212124194, 0.6693496768178088, -0.9125763582034003, 0.4940595698731949]",29.684238274540345,2.8767223282623844
"[0.15338487744534257, 0.6693527237988568, -0.9125791624521686, 0.49405311216127823]",29.684291103669107,2.8767851607437813
"[0.1533731329467688, 0.6693557710693323, -0.9125819666570314, 0.4940466538730857]",29.68434393422732,2.8768479932251774
"[0.15336138844378058, 0.669358818676389, -0.9125847708613446, 0.49404019490868234]",29.684396766417144,2.8769108257065743
"[0.153349640950114, 0.6693618673951228, -0.9125875757780828, 0.49403373362541997]",29.684449596041762,2.876973658187971
"[0.1533378949598542, 0.6693649160593081, -0.9125903803341647, 0.49402727249495143]",29.68450242508262,2.8770364906693673
"[0.1533261478385561, 0.6693679653527316, -0.9125931851585671, 0.4940208100681284]",29.684555254040966,2.877099323150764
"[0.153314397837098, 0.6693710157296255, -0.912595990668879, 0.49401434538232547]",29.684608081359094,2.8771621556321607
"[0.15330264778966163, 0.6693740664543749, -0.912598796188349, 0.4940078799965733]",29.684660909023915,2.877224988113557
"[0.1532908963470943, 0.6693771178773614, -0.9126016020390665, 0.49400141316833984]",29.6847137343833,2.8772878205949537
"[0.15327914374199442, 0.6693801699383249, -0.9126044081654527, 0.4939949450253649]",29.684766561684,2.8773506530763506
"[0.15326739400974831, 0.6693832215892583, -0.9126072136039519, 0.49398847778866745]",29.684819388918793,2.877413485557747
"[0.15325563917689647, 0.6693862749011691, -0.912610020258312, 0.4939820070692871]",29.684872214939233,2.8774763180391436
"[0.15324388584631754, 0.6693893281591449, -0.9126128265519471, 0.49397553650158005]",29.684925038273608,2.8775391505205405
"[0.1532321311027991, 0.6693923821205208, -0.9126156331808678, 0.49396906448059874]",29.684977863243,2.8776019830019366
"[0.1532203733108912, 0.6693954372104199, -0.9126184405355205, 0.49396259010545535]",29.685030685505783,2.8776648154833335
"[0.15320861723202353, 0.6693984921917389, -0.9126212474789973, 0.4939561159978565]",29.685083509396488,2.87772764796473
"[0.1531968599225093, 0.6694015478294495, -0.9126240547141052, 0.49394964053669893]",29.685136334098566,2.8777904804461265
"[0.15318510111095324, 0.6694046041942314, -0.9126268623056013, 0.4939431635722318]",29.685189155520575,2.8778533129275234
"[0.15317334210858452, 0.6694076609453692, -0.9126296699403674, 0.49393668582651856]",29.68524197778998,2.87791614540892
"[0.15316158136477612, 0.6694107184860644, -0.9126324779885946, 0.49393020644514335]",29.68529479743478,2.877978977890317
"[0.1531498213773987, 0.6694137761669982, -0.9126352858538379, 0.49392372680413577]",29.685347619541453,2.878041810371713
"[0.1531380586655894, 0.6694168348933276, -0.9126380943671597, 0.49391724498537054]",29.685400438730966,2.87810464285311
"[0.15312629549698667, 0.6694198940755735, -0.9126409029870823, 0.49391076223808145]",29.68545325957582,2.8781674753345063
"[0.15311453169073105, 0.6694229537608035, -0.9126437117567561, 0.4939042784625156]",29.68550607853961,2.878230307815903
"[0.15310276676425455, 0.6694260140746836, -0.9126465207913459, 0.49389779339244405]",29.685558896013422,2.8782931402972998
"[0.15309100189699681, 0.6694290747104641, -0.9126493298092087, 0.4938913076778995]",29.6856117150012,2.8783559727786963
"[0.1530792347321349, 0.6694321362814163, -0.9126521393730195, 0.4938848200193606]",29.685664532039773,2.8784188052600927
"[0.15306746824861525, 0.6694351980125802, -0.9126549487714738, 0.4938783320590444]",29.68571734905513,2.8784816377414892
"[0.1530557009556954, 0.6694382602918668, -0.9126577583604674, 0.49387184297494735]",29.685770165988284,2.878544470222886
"[0.15304393133511263, 0.6694413235145785, -0.912660568502456, 0.4938653519294706]",29.685822982470462,2.8786073027042827
"[0.15303216187639937, 0.6694443870328941, -0.91266337860299, 0.49385886029539017]",29.685875800630946,2.878670135185679
"[0.15302038991752293, 0.6694474515398517, -0.9126661892976197, 0.49385236660417864]",29.6859286117954,2.878732967667076
"[0.15300861765290052, 0.6694505164643479, -0.9126690000623572, 0.493845872066042]",29.68598142436819,2.878795800148472
"[0.15299684723842172, 0.6694535812450699, -0.9126718103824143, 0.49383937787041904]",29.686034241930873,2.878858632629869
"[0.15298507366309766, 0.6694566471868485, -0.9126746214541828, 0.49383288125241825]",29.68608705429083,2.878921465111266
"[0.15297329918912653, 0.6694597137007696, -0.9126774327374978, 0.493826383459949]",29.686139866658724,2.8789842975926625
"[0.1529615245377667, 0.6694627805991163, -0.9126802440600976, 0.4938198848908419]",29.68619268064159,2.879047130074059
"[0.1529497486103007, 0.6694658481681477, -0.9126830556842712, 0.4938133849385494]",29.68624549137683,2.8791099625554555
"[0.15293797139024407, 0.6694689164122745, -0.9126858676139173, 0.49380688359373964]",29.68629830099,2.8791727950368524
"[0.1529261936854936, 0.6694719851211554, -0.912688679656092, 0.49380038130216064]",29.686351112729888,2.879235627518249
"[0.1529144152025221, 0.6694750543713408, -0.9126914918808379, 0.49379387790162593]",29.68640392298349,2.8792984599996454
"[0.15290263605952875, 0.6694781241321247, -0.9126943042598891, 0.4937873734572293]",29.686456733790223,2.8793612924810423
"[0.15289085593509522, 0.669481194487377, -0.9126971168699438, 0.4937808677912929]",29.686509542353917,2.8794241249624384
"[0.15287907439647194, 0.6694842655500168, -0.9126999298142816, 0.49377436066458463]",29.686562352590578,2.8794869574438353
"[0.15286729189997794, 0.6694873372012353, -0.9127027429839079, 0.4937678523288816]",29.686615158010706,2.879549789925232
"[0.15285550945823348, 0.6694904091771132, -0.912705556137008, 0.4937613433434098]",29.686667966564446,2.8796126224066283
"[0.15284372586707248, 0.6694934817916859, -0.912708369561042, 0.49375483304281115]",29.686720773117084,2.8796754548880252
"[0.15283194155894983, 0.6694965549322964, -0.9127111831527159, 0.49374832166581273]",29.686773581085824,2.8797382873694217
"[0.15282015584663616, 0.6694996287782874, -0.9127139970760658, 0.4937418088324566]",29.686826387836707,2.879801119850818
"[0.15280836922702826, 0.6695027032001956, -0.9127168112124103, 0.4937352948170845]",29.686879190039356,2.8798639523322147
"[0.1527965810239588, 0.6695057783745245, -0.9127196257231451, 0.49372877924575315]",29.68693199634901,2.8799267848136116
"[0.15278479482517765, 0.6695088533653626, -0.9127224397516273, 0.4937222641014658]",29.686984800593464,2.879989617295008
"[0.15277300460772367, 0.669511929744194, -0.9127252547358339, 0.4937157460546604]",29.687037603822382,2.8800524497764046
"[0.15276121475479637, 0.6695150063675223, -0.912728069629205, 0.4937092275281538]",29.687090407746723,2.8801152822578016
"[0.15274942404369682, 0.6695180835544675, -0.9127308847236232, 0.4937027078458411]",29.68714321134024,2.880178114739198
"[0.15273763246375202, 0.6695211613079197, -0.912733700021593, 0.4936961870016285]",29.687196011148963,2.8802409472205945
"[0.15272584044321671, 0.6695242395161961, -0.9127365154208202, 0.4936896652321757]",29.687248813038106,2.880303779701991
"[0.15271404748352002, 0.6695273183095057, -0.9127393310403045, 0.49368314226161364]",29.687301613245143,2.880366612183388
"[0.15270225190037925, 0.6695303981277795, -0.9127421472821236, 0.49367661715793537]",29.68735441418347,2.8804294446647845
"[0.15269045877106324, 0.6695334776453757, -0.9127449629340181, 0.49367009272974693]",29.68740721777891,2.880492277146181
"[0.15267866078660752, 0.6695365587710013, -0.9127477797409861, 0.4936635649331923]",29.687460011849467,2.880555109627578
"[0.15266686466991497, 0.6695396397490877, -0.912750596097867, 0.4936570374877297]",29.687512813741268,2.880617942108974
"[0.15265506684868255, 0.6695427215126918, -0.912753412857516, 0.4936505084165783]",29.687565610533095,2.880680774590371
"[0.1526432682772048, 0.6695458038126748, -0.9127562297920485, 0.4936439782476016]",29.687618408929172,2.8807436070717674
"[0.15263146942045927, 0.6695488865276399, -0.912759046790406, 0.493637447238018]",29.687671209042012,2.880806439553164
"[0.15261966854523426, 0.6695519701105593, -0.9127618642663514, 0.4936309144282]",29.687724002008913,2.880869272034561
"[0.1526078671155798, 0.6695550541790153, -0.9127646818702962, 0.4936243806283621]",29.687776799219865,2.8809321045159573
"[0.15259606619586638, 0.6695581384548908, -0.9127674993480777, 0.49361784642773726]",29.687829594922118,2.8809949369973538
"[0.15258426317476184, 0.6695612236207795, -0.9127703173231084, 0.4936113103802442]",29.687882390529257,2.8810577694787503
"[0.15257245909756545, 0.6695643094036415, -0.9127731355457741, 0.4936047730643838]",29.6879351849404,2.881120601960147
"[0.15256065342126643, 0.6695673959455138, -0.9127759541456861, 0.4935982341792309]",29.68798797788518,2.8811834344415437
"[0.15254884814888167, 0.6695704827228587, -0.912778772644569, 0.49359169483398574]",29.688040773204694,2.88124626692294
"[0.15253704262496467, 0.6695735699070812, -0.9127815911988661, 0.49358515466554653]",29.688093564463834,2.881309099404337
"[0.15252523479196997, 0.6695766580363292, -0.9127844102997816, 0.4935786125338455]",29.688146356569696,2.8813719318857336
"[0.15251342674894414, 0.6695797465618222, -0.9127872294461151, 0.49357206960153616]",29.688199150547224,2.88143476436713
"[0.15250161759518274, 0.6695828357192497, -0.9127900488528605, 0.4935655253693585]",29.688251942287703,2.8814975968485266
"[0.15248980816036337, 0.6695859252915878, -0.9127928683219089, 0.4935589802970285]",29.688304731403726,2.8815604293299235
"[0.15247799699403017, 0.6695890156584983, -0.9127956881994904, 0.4935524335803518]",29.688357521077222,2.88162326181132
"[0.15246618490533104, 0.6695921066083929, -0.9127985082923836, 0.4935458856675801]",29.688410310261105,2.8816860942927165
"[0.152454373028683, 0.6695951978444813, -0.9128013283297073, 0.49353933718746157]",29.688463100505988,2.8817489267741134
"[0.15244255935550746, 0.6695982898925387, -0.9128041487909523, 0.49353278702624]",29.688515888513557,2.8818117592555095
"[0.1524307447197223, 0.6696013825343962, -0.9128069694769915, 0.4935262356460718]",29.68856867654075,2.8818745917369064
"[0.15241893000369156, 0.6696044755392133, -0.9128097901771087, 0.4935196835360365]",29.688621465574588,2.881937424218303
"[0.15240711317118313, 0.6696075694401704, -0.9128126113774027, 0.4935131295666838]",29.68867425327093,2.8820002566996994
"[0.15239529625551745, 0.6696106637050195, -0.9128154325923864, 0.4935065748655283]",29.688727035442874,2.8820630891810963
"[0.1523834787443756, 0.6696137584679817, -0.9128182539443264, 0.4935000191482789]",29.68877982274988,2.882125921662493
"[0.1523716601204351, 0.669616853864636, -0.9128210755566857, 0.49349346212776296]",29.688832609079466,2.8821887541438893
"[0.15235983908723683, 0.6696199502347236, -0.912823897738939, 0.4934869030843448]",29.688885392161684,2.882251586625286
"[0.15234801876702905, 0.6696230467605122, -0.9128267197456285, 0.4934803437502558]",29.688938176225125,2.8823144191066827
"[0.1523361992451838, 0.6696261434195889, -0.9128295415563328, 0.4934737841729758]",29.688990963354595,2.8823772515880792
"[0.1523243767285764, 0.6696292412058842, -0.9128323640765786, 0.4934672222471387]",29.689043745231913,2.8824400840694757
"[0.1523125521570239, 0.6696323398733911, -0.9128351870819461, 0.49346065849389736]",29.68909652455699,2.8825029165508727
"[0.1523007284547337, 0.6696354386558724, -0.9128380098742686, 0.4934540945363433]",29.689149307598413,2.882565749032269
"[0.15228890483830654, 0.6696385377586566, -0.912840832640527, 0.49344752993958085]",29.68920209027743,2.8826285815136656
"[0.15227707802617982, 0.6696416380420486, -0.9128436561641132, 0.49344096288133055]",29.689254870101998,2.882691413995062
"[0.15226525145303155, 0.6696447386058043, -0.9128464796249982, 0.49343439526850785]",29.68930764792131,2.882754246476459
"[0.15225342383625542, 0.6696478397862885, -0.9128493033293364, 0.49342782638868365]",29.68936043023672,2.8828170789578555
"[0.1522415961892784, 0.6696509413178432, -0.912852127035143, 0.49342125680458443]",29.689413209752278,2.882879911439252
"[0.1522297677387242, 0.6696540434033417, -0.912854950927007, 0.49341468608652045]",29.689465988603075,2.882942743920649
"[0.1522179365660783, 0.6696571465461103, -0.9128577754629031, 0.49340811316840516]",29.689518766724508,2.883005576402045
"[0.1522061057088457, 0.6696602499495886, -0.9128605999176228, 0.4934015397375024]",29.689571543340556,2.883068408883442
"[0.15219427394616794, 0.6696633539340874, -0.9128634245825834, 0.49339496511538133]",29.689624317909608,2.883131241364839
"[0.1521824419420175, 0.6696664583254958, -0.9128662492992281, 0.49338838967085447]",29.6896770956902,2.883194073846235
"[0.15217060694932738, 0.669669563844743, -0.9128690747233302, 0.4933818118769561]",29.689729873185513,2.883256906327632
"[0.15215877239680423, 0.6696726695922717, -0.9128719000362944, 0.49337523363906943]",29.689782645734695,2.8833197388090284
"[0.15214693748727295, 0.669675775777314, -0.9128747254283889, 0.4933686545140467]",29.68983542084229,2.883382571290425
"[0.152135100832045, 0.6696788827644673, -0.912877551231095, 0.4933620737296771]",29.689888195814778,2.883445403771822
"[0.15212326253889788, 0.6696819905256245, -0.9128803774186355, 0.4933554913455364]",29.689940967391756,2.8835082362532183
"[0.15211142588890628, 0.6696850981994834, -0.9128832032076656, 0.4933489091859311]",29.68999374147787,2.883571068734615
"[0.15209958745761223, 0.6696882066851205, -0.9128860294156775, 0.4933423253465755]",29.69004651560254,2.8836339012160113
"[0.15208774604286887, 0.6696913162984737, -0.9128888563296055, 0.4933357391583898]",29.690099285373805,2.883696733697408
"[0.15207590608255173, 0.6696944258742223, -0.9128916828899474, 0.49332915308955444]",29.690152055495375,2.8837595661788047
"[0.15206406508326523, 0.6696975360672289, -0.9128945096919099, 0.4933225657530923]",29.690204828602944,2.883822398660201
"[0.15205222251617256, 0.6697006470165481, -0.9128973368616952, 0.49331597685452744]",29.690257599070385,2.883885231141598
"[0.15204038076820445, 0.6697037580952065, -0.9129001638294295, 0.4933093877217889]",29.69031037009037,2.8839480636229946
"[0.15202853615153644, 0.6697068702721956, -0.9129029914754582, 0.4933027963026283]",29.69036313667083,2.884010896104391
"[0.15201668994140294, 0.6697099832126834, -0.9129058194952968, 0.4932962033062535]",29.690415905394755,2.8840737285857876
"[0.15200484376275003, 0.6697130964897618, -0.9129086475009807, 0.4932896096368541]",29.6904686744424,2.8841365610671845
"[0.1519929983287395, 0.6697162099160042, -0.9129114753222154, 0.4932830156914033]",29.69052144267497,2.884199393548581
"[0.15198115006149726, 0.6697193244319398, -0.9129143038130885, 0.4932764194779871]",29.69057420730509,2.8842622260299775
"[0.15196929984297966, 0.6697224398059537, -0.9129171327630085, 0.4932698214871733]",29.69062697211073,2.8843250585113744
"[0.15195745066467367, 0.669725555251686, -0.9129199614577831, 0.49326322338442025]",29.69067973868922,2.8843878909927705
"[0.15194560178656819, 0.6697286709636706, -0.9129227900740298, 0.493256624757742]",29.690732504776776,2.8844507234741674
"[0.15193375048880706, 0.6697317876572346, -0.9129256192609975, 0.49325002409221747]",29.690785268812263,2.884513555955564
"[0.15192189751376073, 0.6697349051373438, -0.9129284488414202, 0.49324342180092956]",29.690838034071508,2.884576388436961
"[0.15191004376036968, 0.6697380231677187, -0.9129312786006503, 0.4932368183843258]",29.690890796443405,2.8846392209183573
"[0.1518981909386658, 0.6697411412985708, -0.9129341081304204, 0.49323021479499435]",29.690943559629098,2.884702053399754
"[0.15188633611947394, 0.6697442603005599, -0.9129369381299454, 0.49322360940085785]",29.69099632130766,2.8847648858811508
"[0.15187448006580612, 0.6697473799731043, -0.9129397684170316, 0.49321700262674073]",29.691049082789178,2.884827718362547
"[0.1518626243861085, 0.6697504998930532, -0.9129425986076619, 0.49321039536881733]",29.691101845003548,2.8848905508439437
"[0.1518507659946813, 0.6697536208725856, -0.9129454294384064, 0.4932037859071322]",29.691154604580486,2.8849533833253402
"[0.15183890852195847, 0.6697567419562602, -0.9129482600425768, 0.49319717626505]",29.69120736425007,2.8850162158067367
"[0.151827048818581, 0.6697598639731986, -0.9129510911719246, 0.4931905646867946]",29.69126012610806,2.8850790482881337
"[0.15181518843471353, 0.669762986515462, -0.9129539224563561, 0.4931839520362862]",29.69131288082452,2.88514188076953
"[0.15180332836721036, 0.669766109320657, -0.912956753657858, 0.49317733886922854]",29.691365641680893,2.8852047132509266
"[0.151791464925374, 0.6697692333607135, -0.912959585657418, 0.49317072312739396]",29.691418395561385,2.885267545732323
"[0.1517796026573796, 0.6697723574380836, -0.9129624173692634, 0.49316410734685784]",29.691471154593195,2.88533037821372
"[0.1517677397181346, 0.6697754820387068, -0.9129652492338041, 0.4931574904985789]",29.691523911753713,2.8853932106951166
"[0.1517558745021074, 0.6697786075856165, -0.9129680816342578, 0.49315087168674543]",29.691576667634866,2.885456043176513
"[0.1517440105191666, 0.6697817331543262, -0.9129709137327224, 0.4931442528691303]",29.691629422170312,2.88551887565791
"[0.15173214369220026, 0.6697848598190551, -0.9129737465024143, 0.4931376317709605]",29.69168217669598,2.885581708139306
"[0.1517202761399304, 0.6697879870217492, -0.9129765794375195, 0.49313100957402306]",29.691734931743305,2.885644540620703
"[0.15170840760391524, 0.6697911148306179, -0.9129794125996847, 0.4931243861339098]",29.691787683717294,2.8857073731020995
"[0.15169654054625456, 0.6697942425968153, -0.9129822454011334, 0.49311776282463576]",29.691840439386922,2.8857702055834964
"[0.15168466961079932, 0.6697973717321817, -0.9129850791203926, 0.4931111366565441]",29.69189319087904,2.885833038064893
"[0.1516727988186204, 0.6698005011769761, -0.912987912797541, 0.49310450987375704]",29.691945943473044,2.8858958705462894
"[0.15166092800669814, 0.6698036309741989, -0.9129907464714487, 0.49309788238523916]",29.691998693499727,2.8859587030276863
"[0.15164905522697988, 0.6698067616375842, -0.9129935806070878, 0.4930912531031694]",29.692051444260148,2.8860215355090824
"[0.15163718099351695, 0.6698098930317651, -0.9129964150817024, 0.4930846223142311]",29.69210419250801,2.8860843679904793
"[0.15162530849235173, 0.6698130243165625, -0.9129992491347131, 0.4930779917975443]",29.692156944642818,2.886147200471876
"[0.1516134328918103, 0.6698161567663857, -0.9130020839194305, 0.4930713588545679]",29.692209693624022,2.8862100329532723
"[0.15160155622509894, 0.669819289845147, -0.9130049189504662, 0.49306472462050893]",29.692262442143182,2.886272865434669
"[0.1515896801756549, 0.6698224231088041, -0.9130077538259281, 0.493058090035643]",29.692315190224736,2.8863356979160657
"[0.1515778019734251, 0.6698255572882827, -0.9130105892069972, 0.49305145355229146]",29.692367937419423,2.886398530397462
"[0.15156592284421844, 0.6698286920603089, -0.913013424801018, 0.49304481585501103]",29.69242068386162,2.8864613628788587
"[0.1515540445150745, 0.6698318269691727, -0.9130162601956953, 0.4930381779087647]",29.69247342926689,2.8865241953602556
"[0.15154216353840796, 0.6698349629248715, -0.9130190962139323, 0.4930315377867333]",29.692526173910906,2.886587027841652
"[0.15153028262224585, 0.6698380992127668, -0.9130219322092692, 0.49302489700213414]",29.692578920354606,2.8866498603230486
"[0.15151839951685864, 0.6698412364268663, -0.913024768718673, 0.49301825429725277]",29.692631664402917,2.8867126928044455
"[0.15150651789757758, 0.6698443735969293, -0.9130276048647912, 0.49301161172649943]",29.692684411370713,2.8867755252858416
"[0.15149463312239722, 0.6698475119486962, -0.9130304417556292, 0.4930049666945352]",29.69273715209686,2.8868383577672385
"[0.1514827478406656, 0.6698506507827786, -0.9130332787587373, 0.4929983206822769]",29.692789894093373,2.886901190248635
"[0.15147086292885434, 0.6698537898677394, -0.9130361156648578, 0.49299167417977907]",29.69284263722536,2.886964022730032
"[0.15145897600690014, 0.6698569298323119, -0.9130389530420612, 0.49298502585583104]",29.692895377708513,2.8870268552114284
"[0.15144708772925253, 0.6698600705038048, -0.9130417907340835, 0.49297837607612055]",29.692948115623917,2.887089687692825
"[0.15143519931525887, 0.6698632115601858, -0.9130446284498241, 0.4929717255225201]",29.69300085768822,2.887152520174222
"[0.15142331055011346, 0.6698663530582518, -0.9130474662405125, 0.4929650740747918]",29.69305359816065,2.887215352655618
"[0.15141142070659483, 0.6698694951902749, -0.9130503042796841, 0.4929584213258829]",29.69310633772203,2.887278185137015
"[0.1513995309362541, 0.6698726376520046, -0.9130531422924251, 0.4929517679199995]",29.69315907739796,2.8873410176184118
"[0.15138763845763503, 0.6698757811787277, -0.9130559809426034, 0.4929451123003853]",29.693211814905055,2.887403850099808
"[0.15137574463338085, 0.669878925410472, -0.913058819904916, 0.49293845522923746]",29.69326455052312,2.8874666825812048
"[0.15136385129942792, 0.6698820698619545, -0.913061658741095, 0.492931797734035]",29.69331728861219,2.8875295150626012
"[0.15135195659800071, 0.669885215024432, -0.9130644978945265, 0.49292513877471755]",29.69337002422681,2.8875923475439977
"[0.15134006045689508, 0.6698883609171357, -0.913067337382401, 0.4929184783105927]",29.693422759504994,2.8876551800253947
"[0.15132816460578866, 0.6698915070827629, -0.9130701767918101, 0.4929118173099068]",29.693475494594278,2.887718012506791
"[0.15131626700072315, 0.6698946540619626, -0.9130730166105842, 0.4929051546280178]",29.693528228145215,2.8877808449881877
"[0.15130436872905154, 0.6698978015672833, -0.9130758565791324, 0.49289849087356147]",29.693580963260917,2.887843677469584
"[0.15129247057709175, 0.6699009493907707, -0.9130786965097252, 0.4928918264868336]",29.69363369505113,2.887906509950981
"[0.1512805713081547, 0.6699040978596782, -0.9130815366974994, 0.49288516077501593]",29.69368643165705,2.8879693424323776
"[0.15126867078234238, 0.6699072470111742, -0.9130843771757952, 0.4928784936594666]",29.693739162144286,2.888032174913774
"[0.15125676821227071, 0.6699103970537599, -0.9130872181325084, 0.49287182469877594]",29.69379189311792,2.888095007395171
"[0.15124486656466893, 0.6699135472024066, -0.9130900588594727, 0.49286515555499244]",29.6938446223665,2.8881578398765675
"[0.15123296142263484, 0.6699166986263145, -0.9130929004108845, 0.4928584837528365]",29.69389735298699,2.888220672357964
"[0.15122105754064302, 0.6699198500670566, -0.9130957416518858, 0.4928518119565327]",29.69395008042805,2.8882835048393605
"[0.15120915300368115, 0.6699230020316197, -0.9130985830395096, 0.4928451390927789]",29.694002813382482,2.8883463373207574
"[0.1511972470475343, 0.6699261547224753, -0.9131014247561117, 0.49283846473297194]",29.694055541498834,2.888409169802154
"[0.15118533993903038, 0.6699293080690947, -0.9131042667379609, 0.4928317890264454]",29.694108270795642,2.8884720022835504
"[0.15117343180924944, 0.6699324620369113, -0.913107108953719, 0.49282511204642815]",29.69416099441576,2.8885348347649473
"[0.1511615235721806, 0.6699356163839247, -0.9131099511851918, 0.4928184343052623]",29.69421372342125,2.8885976672463434
"[0.151149612642478, 0.6699387717951205, -0.9131127940493935, 0.49281175435287755]",29.694266446190287,2.8886604997277403
"[0.15113770351019168, 0.6699419270810827, -0.913115636474606, 0.4928050747072788]",29.694319175113716,2.888723332209137
"[0.15112579017628652, 0.6699450838313463, -0.9131184798926139, 0.4927983920034796]",29.69437189840851,2.8887861646905333
"[0.15111387786427916, 0.669948240662012, -0.9131213230566358, 0.49279170917120635]",29.6944246217479,2.88884899717193
"[0.1511019650780478, 0.6699513979695565, -0.9131241663237162, 0.49278502537114965]",29.694477345812135,2.8889118296533267
"[0.15109005162254865, 0.6699545558057558, -0.9131270097403605, 0.4927783404937333]",29.694530071181777,2.888974662134723
"[0.1510781363632685, 0.6699577144714813, -0.9131298535772946, 0.49277165390208233]",29.69458279291177,2.8890374946161197
"[0.15106622019985635, 0.6699608737283664, -0.913132697619755, 0.4927649661008113]",29.69463551481682,2.8891003270975166
"[0.15105430400168063, 0.6699640333460287, -0.9131355416601955, 0.4927582775776718]",29.694688235800207,2.889163159578913
"[0.15104238498164435, 0.6699671940636217, -0.9131383863637663, 0.4927515867679935]",29.694740954760658,2.8892259920603096
"[0.15103046687136068, 0.6699703548916816, -0.9131412308398028, 0.4927448957663534]",29.69479367663598,2.8892888245417065
"[0.15101854884535545, 0.6699735160491564, -0.9131440752852688, 0.49273820410931723]",29.69484639664366,2.889351657023103
"[0.15100662785917485, 0.669976678343709, -0.91314692042673, 0.49273151008722216]",29.694899113793813,2.8894144895044995
"[0.15099470658681516, 0.6699798410662146, -0.9131497656259346, 0.49272481520122985]",29.69495183559889,2.889477321985896
"[0.1509827839591236, 0.6699830045003322, -0.913152611138029, 0.49271811885084094]",29.69500455158775,2.889540154467293
"[0.15097086091884396, 0.6699861683961226, -0.9131554567379426, 0.4927114215652352]",29.69505726802316,2.8896029869486894
"[0.15095893744846337, 0.6699893327582799, -0.9131583024298157, 0.49270472333448345]",29.695109984834968,2.889665819430086
"[0.15094701239912156, 0.6699924978918169, -0.9131611484877908, 0.49269802351297526]",29.695162698799876,2.889728651911483
"[0.1509350861984485, 0.6699956636833885, -0.9131639948097596, 0.4926913223406752]",29.69521541498114,2.889791484392879
"[0.15092315936831713, 0.6699988299945754, -0.9131668412711235, 0.4926846201106138]",29.695268128396094,2.889854316874276
"[0.15091123148957206, 0.670001996936761, -0.91316968797187, 0.4926779165870558]",29.695320844078267,2.8899171493556723
"[0.15089930368482585, 0.6700051642119638, -0.9131725346440295, 0.4926712124007767]",29.69537356046012,2.889979981837069
"[0.15088737309289266, 0.6700083325800782, -0.913175381970402, 0.4926645059433341]",29.695426270194602,2.8900428143184658
"[0.15087544472443326, 0.670011500710507, -0.9131782287551056, 0.49265780003122783]",29.69547898269379,2.8901056467998623
"[0.15086351366062684, 0.670014669909722, -0.9131810761720046, 0.49265109189910117]",29.69553169632031,2.890168479281259
"[0.15085158142282495, 0.6700178397738152, -0.9131839238579696, 0.4926443824019352]",29.695584404930326,2.8902313117626552
"[0.15083964861104074, 0.6700210101435062, -0.9131867716697549, 0.49263767187690943]",29.6956371171719,2.890294144244052
"[0.1508277135314898, 0.6700241814689593, -0.9131896200115405, 0.4926309593712216]",29.695689825346353,2.8903569767254487
"[0.15081577934023258, 0.6700273529116699, -0.9131924681300736, 0.49262424665971283]",29.695742536096077,2.890419809206845
"[0.1508038442097478, 0.670030524957308, -0.9131953164614538, 0.4926175327144182]",29.69579524374806,2.890482641688242
"[0.15079190821325186, 0.6700336975865417, -0.9131981649881566, 0.49261081757630054]",29.695847953701847,2.8905454741696386
"[0.15077997003440669, 0.6700368711494245, -0.9132010140242774, 0.49260410050448106]",29.695900659359182,2.890608306651035
"[0.15076803164241673, 0.6700400451226168, -0.9132038630998167, 0.4925973826066824]",29.6959533656556,2.8906711391324316
"[0.15075609408872537, 0.6700432192265823, -0.9132067119638058, 0.49259066447457905]",29.69600607381564,2.8907339716138285
"[0.15074415413663703, 0.6700463943220368, -0.9132095613886249, 0.49258394428646074]",29.696058778552953,2.890796804095225
"[0.15073221250116844, 0.6700495702190564, -0.9132124112035861, 0.49257722244435387]",29.69611148384648,2.8908596365766215
"[0.15072026983996323, 0.6700527467428933, -0.9132152612516959, 0.49257049931815433]",29.696164186079933,2.8909224690580184
"[0.15070832779104365, 0.6700559234579173, -0.9132181111420039, 0.49256377582990213]",29.69621689226616,2.8909853015394145
"[0.15069638421373754, 0.6700591009336416, -0.9132209613853196, 0.4925570507742554]",29.696269594783985,2.8910481340208114
"[0.15068443987915256, 0.6700622789650574, -0.9132238117975747, 0.49255032458514936]",29.696322297628406,2.891110966502208
"[0.15067249470334793, 0.6700654575746064, -0.913226662398752, 0.49254359721512236]",29.696374998430286,2.8911737989836044
"[0.15066054834542011, 0.670068636853116, -0.9132295132701584, 0.49253686847196887]",29.696427699870497,2.8912366314650013
"[0.15064860167230218, 0.6700718165699797, -0.9132323642048589, 0.4925301388437952]",29.696480400826854,2.891299463946398
"[0.15063665223792883, 0.6700749973764087, -0.9132352157865292, 0.49252340695240093]",29.696533099309384,2.8913622964277947
"[0.15062470299442343, 0.6700781784867236, -0.9132380673106324, 0.4925166744606412]",29.696585799861648,2.891425128909191
"[0.15061275250737843, 0.6700813602828762, -0.9132409191194222, 0.4925099405601887]",29.696638496493968,2.8914879613905877
"[0.1506008028979172, 0.6700845422001687, -0.9132437707066776, 0.49250320644618567]",29.696691196923286,2.8915507938719847
"[0.15058885188867135, 0.6700877248450697, -0.9132466226158099, 0.4924964708351466]",29.69674389394422,2.8916136263533807
"[0.15057689913000183, 0.6700909083108672, -0.9132494749302037, 0.4924897335296848]",29.69679659287281,2.8916764588347776
"[0.15056494529059478, 0.6700940924196195, -0.9132523274902399, 0.49248299490642106]",29.696849287192332,2.891739291316174
"[0.1505529913586282, 0.6700972769081995, -0.9132551800600583, 0.4924762555222549]",29.696901982956536,2.8918021237975706
"[0.1505410350199962, 0.6701004623932204, -0.9132580331918262, 0.49246951407227424]",29.696954677397496,2.8918649562789676
"[0.15052907953865258, 0.6701036480051804, -0.9132608861066197, 0.49246277239664044]",29.697007372923988,2.891927788760364
"[0.150517122001134, 0.6701068345204786, -0.9132637394996254, 0.49245602885230105]",29.697060065514997,2.8919906212417605
"[0.15050516579070547, 0.6701100210375871, -0.9132665925634573, 0.4924492853471652]",29.697112761713147,2.892053453723157
"[0.1504932060010172, 0.670113208864259, -0.9132694464688493, 0.49244253911372177]",29.69716545374627,2.892116286204554
"[0.15048124669267945, 0.6701163969183289, -0.9132723002467863, 0.49243579244214253]",29.69721814763563,2.8921791186859505
"[0.1504692856899337, 0.6701195857798886, -0.9132751544164085, 0.4924290441048494]",29.697270836906526,2.892241951167347
"[0.15045732495973668, 0.6701227749246348, -0.9132780085083071, 0.49242229521141656]",29.69732352802814,2.892304783648744
"[0.15044536142662931, 0.6701259651727375, -0.9132808632563031, 0.4924155440262321]",29.69737621660764,2.89236761613014
"[0.15043339797265304, 0.6701291557558131, -0.9132837179726316, 0.4924087921753834]",29.69742890742647,2.892430448611537
"[0.150421433464194, 0.6701323469762686, -0.9132865729277464, 0.49240203901895485]",29.697481596066112,2.8924932810929334
"[0.1504094688181995, 0.6701355385896179, -0.9132894279027995, 0.49239528507434943]",29.697534284256683,2.8925561135743303
"[0.15039750345989153, 0.6701387307492573, -0.9132922830348951, 0.49238853001698674]",29.69758697104902,2.892618946055727
"[0.15038553564518925, 0.6701419239206536, -0.9132951387401482, 0.4923817728619162]",29.697639659867747,2.8926817785371233
"[0.15037356722407977, 0.6701451176103774, -0.9132979945770723, 0.49237501465333977]",29.6976923450536,2.89274461101852
"[0.1503615990703249, 0.6701483115853194, -0.9133008503371277, 0.4923682558845678]",29.697745031856787,2.8928074434999163
"[0.150349629947997, 0.6701515061753798, -0.9133037063151771, 0.49236149585752814]",29.697797718700652,2.892870275981313
"[0.1503376595753082, 0.6701547014559021, -0.9133065625784069, 0.49235473441282435]",29.697850401703057,2.8929331084627097
"[0.15032568808879498, 0.6701578973905786, -0.9133094190941892, 0.4923479716273228]",29.69790308587366,2.892995940944106
"[0.15031371577696562, 0.6701610939025111, -0.913312275793632, 0.4923412076637833]",29.697955769513474,2.893058773425503
"[0.15030174268563595, 0.6701642909795704, -0.9133151326657553, 0.4923344425479021]",29.698008454691955,2.8931216059068996
"[0.15028976738260685, 0.6701674890043627, -0.9133179900522398, 0.4923276754701227]",29.698061132348663,2.893184438388296
"[0.15027779286427487, 0.6701706871767665, -0.9133208472380807, 0.4923209081235278]",29.69811381436293,2.8932472708696926
"[0.1502658177782164, 0.6701738858580395, -0.9133237045459233, 0.49231413974373933]",29.69816649677735,2.8933101033510895
"[0.15025384147079346, 0.67017708522288, -0.9133265621316807, 0.492307369961125]",29.698219177804674,2.893372935832486
"[0.1502418629225664, 0.6701802855438123, -0.9133294202385421, 0.49230059819907374]",29.698271857179453,2.8934357683138825
"[0.1502298856354814, 0.6701834858852955, -0.9133322780308878, 0.49229382643718644]",29.69832453677725,2.8934986007952794
"[0.1502179046274728, 0.6701866875786862, -0.9133351366973921, 0.49228705185841853]",29.698377212475233,2.893561433276676
"[0.15020592365956448, 0.6701898896191204, -0.9133379953406238, 0.4922802765890418]",29.69842989131287,2.8936242657580724
"[0.15019394276037004, 0.6701930919989811, -0.9133408539537076, 0.4922735006451985]",29.6984825672987,2.893687098239469
"[0.15018196135070383, 0.6701962948731341, -0.9133437126747898, 0.49226672369923574]",29.698535244194293,2.893749930720866
"[0.15016997790391365, 0.6701994986498319, -0.9133465718680722, 0.4922599448873723]",29.698587919944213,2.8938127632022623
"[0.15015799334924276, 0.6702027030808099, -0.9133494313117919, 0.4922531647349437]",29.69864059572795,2.893875595683659
"[0.15014600968831074, 0.6702059076309274, -0.9133522905283248, 0.4922463843742713]",29.698693270219902,2.8939384281650558
"[0.1501340232100254, 0.6702091132926835, -0.9133551504030624, 0.4922396017054032]",29.698745944321068,2.894001260646452
"[0.1501220364496295, 0.67021231938823, -0.9133580103310637, 0.4922328181626045]",29.698798615999888,2.8940640931278487
"[0.15011004874714817, 0.6702155260941709, -0.913360870469745, 0.49222603337223647]",29.698851288585495,2.8941269256092452
"[0.1500980605481753, 0.6702187332914161, -0.9133637307127425, 0.4922192475863102]",29.69890396240728,2.8941897580906417
"[0.15008607092357654, 0.6702219412286555, -0.9133665912816858, 0.4922124602786833]",29.698956632459353,2.8942525905720387
"[0.1500740800255637, 0.6702251498653162, -0.9133694521402094, 0.49220567153523676]",29.69900930239039,2.894315423053435
"[0.15006208885087757, 0.6702283589347849, -0.9133723130504545, 0.4921988819200989]",29.699061973806796,2.8943782555348316
"[0.1500500977429371, 0.6702315683452019, -0.9133751739304393, 0.49219209162764976]",29.699114643375495,2.894441088016228
"[0.15003810314436752, 0.6702347790488818, -0.9133780356288413, 0.4921852986430783]",29.699167310946063,2.894503920497625
"[0.15002610986397155, 0.6702379897587424, -0.9133808969983161, 0.49217850568954297]",29.69921997969304,2.8945667529790216
"[0.1500141161540749, 0.6702412009426566, -0.9133837584557762, 0.4921717117771863]",29.69927264879148,2.894629585460418
"[0.15000211911833514, 0.6702444133762491, -0.9133866206921876, 0.49216491526502754]",29.699325314451478,2.894692417941815
"[0.14999012217755042, 0.6702476261437635, -0.913389482891357, 0.49215811809060594]",29.699377978701477,2.8947552504232115
"[0.14997812542329841, 0.6702508392206742, -0.9133923450313945, 0.49215132030581504]",29.699430646536573,2.894818082904608
"[0.14996612814132598, 0.670254052798335, -0.9133952072826557, 0.4921445215058471]",29.699483310591305,2.8948809153860044
"[0.14995412839988403, 0.6702572673943494, -0.9133980701059553, 0.4921377205956766]",29.699535975170065,2.8949437478674014
"[0.14994212796274772, 0.6702604825363961, -0.91340093308045, 0.49213091857460434]",29.69958864023202,2.895006580348798
"[0.14993012674250591, 0.6702636982479954, -0.9134037962269442, 0.4921241153929046]",29.699641303524253,2.8950694128301944
"[0.149918123706536, 0.6702669148059887, -0.9134066597917406, 0.49211731046492896]",29.699693964158367,2.8951322453115913
"[0.149906122081523, 0.6702701313457463, -0.9134095230050001, 0.4921105056199113]",29.69974662695044,2.8951950777929873
"[0.14989411805327832, 0.670273348889584, -0.9134123867766212, 0.4921036986950931]",29.69979929019669,2.8952579102743843
"[0.14988211223756692, 0.6702765672726696, -0.9134152509596475, 0.4920968900392313]",29.699851948648355,2.895320742755781
"[0.14987010787103794, 0.670279785627415, -0.9134181147818754, 0.492090081487786]",29.699904609791968,2.8953835752371773
"[0.14985810050069082, 0.6702830051477666, -0.9134209793055854, 0.4920832705149519]",29.699957269017048,2.895446407718574
"[0.14984609309205874, 0.67028622503875, -0.9134238438232563, 0.4920764588025576]",29.700009925427818,2.8955092401999707
"[0.14983408452405492, 0.6702894456010886, -0.9134267086022869, 0.49206964571445677]",29.700062583663634,2.895572072681367
"[0.1498220743133642, 0.6702926669645463, -0.9134295737579277, 0.49206283097616244]",29.700115239703013,2.895634905162764
"[0.1498100655789628, 0.6702958882926129, -0.9134324385460658, 0.4920560163573363]",29.70016789979807,2.8956977376441606
"[0.1497980544983012, 0.6702991106107529, -0.9134353038785549, 0.4920491996886687]",29.70022055501462,2.8957605701255575
"[0.14978604275872096, 0.6703023334664552, -0.9134381693528165, 0.4920423819274659]",29.700273211230552,2.8958234026069536
"[0.14977402936607317, 0.6703055571266002, -0.9134410352059567, 0.49203556250919894]",29.700325864774893,2.8958862350883505
"[0.1497620149927536, 0.6703087814109084, -0.913443901277522, 0.49202874181527473]",29.70037851831754,2.895949067569747
"[0.14975000045234957, 0.6703120061011263, -0.9134467673733776, 0.49202192030742264]",29.700431170887168,2.8960119000511435
"[0.1497379855600427, 0.6703152312469165, -0.9134496335375647, 0.49201509788061487]",29.70048382517867,2.8960747325325404
"[0.1497259696642226, 0.6703184570232883, -0.9134524999254751, 0.49200827416467524]",29.700536477266088,2.896137565013937
"[0.14971395082761446, 0.670321683950528, -0.9134553669991912, 0.49200144805904755]",29.700589129239066,2.8962003974953334
"[0.14970193376276222, 0.6703249107634579, -0.9134582336344933, 0.49199462224006957]",29.700641780621734,2.89626322997673
"[0.14968991348347746, 0.6703281388010661, -0.9134611010207716, 0.4919877938753559]",29.700694429756265,2.896326062458127
"[0.14967789359158645, 0.6703313670962489, -0.9134639682987732, 0.4919809650106929]",29.70074707897524,2.8963888949395233
"[0.14966587180689034, 0.6703345962615185, -0.9134668360123762, 0.4919741343504542]",29.700799727501963,2.89645172742092
"[0.14965385164710798, 0.6703378253520313, -0.9134697033224058, 0.49196730389329885]",29.70085237695567,2.8965145599023168
"[0.14964182781033833, 0.6703410557922256, -0.9134725714935329, 0.49196047062617554]",29.700905023043408,2.896577392383713
"[0.14962980365292072, 0.6703442866805406, -0.9134754397250859, 0.49195363645615625]",29.70095766958254,2.8966402248651097
"[0.14961777840450113, 0.6703475182240963, -0.9134783082007676, 0.491946800945185]",29.701010316341314,2.8967030573465062
"[0.14960575304510612, 0.6703507501596118, -0.9134811766867575, 0.49193996465019274]",29.701062962435635,2.8967658898279027
"[0.14959372723267536, 0.6703539825790764, -0.9134840452646008, 0.49193312737662637]",29.70111560681417,2.8968287223092997
"[0.14958169992725084, 0.6703572157621466, -0.9134869141823121, 0.4919262885329918]",29.70116825342364,2.896891554790696
"[0.14956967125984375, 0.6703604496737658, -0.9134897834085877, 0.4919194481934811]",29.701220896310428,2.896954387272093
"[0.14955764211069436, 0.6703636840773984, -0.9134926527334111, 0.4919126068584479]",29.701273538719356,2.897017219753489
"[0.14954561322301396, 0.6703669187732547, -0.9134955219794556, 0.4919057649505102]",29.701326182320113,2.897080052234886
"[0.14953358104319606, 0.6703701547171113, -0.9134983919943067, 0.4918989204480904]",29.701378822422807,2.8971428847162826
"[0.14952154920660393, 0.6703733909314361, -0.9135012619107752, 0.491892075418854]",29.701431461970227,2.897205717197679
"[0.1495095166949594, 0.6703766276901665, -0.9135041319716994, 0.491885229283415]",29.701484103153682,2.897268549679076
"[0.149497481388022, 0.6703798655638429, -0.9135070026827556, 0.49187838083505847]",29.701536742888504,2.8973313821604725
"[0.1494854460607963, 0.6703831038060633, -0.9135098733819849, 0.49187153165254516]",29.70158938078353,2.897394214641869
"[0.1494734125326025, 0.6703863419272745, -0.9135127436353946, 0.4918646827713421]",29.70164202150232,2.8974570471232655
"[0.14946137600458562, 0.6703895812189016, -0.9135156145875624, 0.4918578314600212]",29.70169465905841,2.8975198796046624
"[0.14944933895778567, 0.6703928210134192, -0.9135184856466594, 0.4918509791304723]",29.70174729762321,2.897582712086059
"[0.14943730127681712, 0.6703960613419924, -0.9135213568401539, 0.4918441257168303]",29.701799933823555,2.8976455445674554
"[0.14942526015642493, 0.6703993029599511, -0.9135242288370921, 0.4918372696215831]",29.701852569714724,2.8977083770488523
"[0.1494132222992314, 0.6704025440629159, -0.9135271000387448, 0.4918304146610653]",29.701905206071395,2.8977712095302484
"[0.1494011806610679, 0.6704057865475458, -0.9135299721251963, 0.49182355682386547]",29.701957839506537,2.8978340420116453
"[0.1493891385070101, 0.6704090295348439, -0.9135328443176336, 0.49181669796908245]",29.702010471362986,2.897896874493042
"[0.1493770948148598, 0.6704122733002396, -0.913535716859806, 0.4918098375142426]",29.702063106032366,2.8979597069744383
"[0.14936505226063226, 0.6704155171230497, -0.9135385891134072, 0.4918029769835985]",29.702115738016918,2.898022539455835
"[0.1493530063373392, 0.670418762217423, -0.9135414621533421, 0.4917961138093181]",29.70216836813303,2.8980853719372317
"[0.14934096179991876, 0.6704220073025322, -0.9135443348454715, 0.49178925070030727]",29.70222100166372,2.8981482044186286
"[0.14932891438578275, 0.6704252535269263, -0.9135472082063963, 0.4917823852275096]",29.702273630547936,2.8982110369000247
"[0.14931686792716256, 0.6704284998581167, -0.9135500813220606, 0.49177551957458315]",29.70232626140317,2.8982738693814216
"[0.14930481877377433, 0.6704317472799095, -0.9135529550630163, 0.49176865166091394]",29.70237889116226,2.898336701862818
"[0.1492927703579937, 0.6704349948673589, -0.9135558286105838, 0.4917617834426956]",29.702431520501687,2.8983995343442146
"[0.14928072058847253, 0.6704382431842313, -0.9135587024635019, 0.491754913727659]",29.70248414752352,2.8984623668256115
"[0.14926866901005728, 0.670441492353405, -0.9135615767302695, 0.4917480422559808]",29.702536775473323,2.898525199307008
"[0.14925661673647073, 0.6704447420747689, -0.9135644511452121, 0.4917411696623927]",29.702589402613757,2.8985880317884045
"[0.14924456330528546, 0.6704479924731274, -0.9135673258185649, 0.49173429568299076]",29.702642026864876,2.898650864269801
"[0.14923251008305782, 0.6704512431800435, -0.913570200424363, 0.4917274210969803]",29.702694651289093,2.898713696751198
"[0.14922045617424745, 0.6704544944370984, -0.9135730751761365, 0.49172054539349536]",29.702747276645397,2.8987765292325944
"[0.14920839991256427, 0.6704577466939089, -0.9135759504712265, 0.491713667621739]",29.702799898882954,2.898839361713991
"[0.14919634309638835, 0.6704609994655156, -0.9135788258806834, 0.4917067888073298]",29.70285252394517,2.898902194195388
"[0.14918428576138312, 0.6704642527423862, -0.9135817013959507, 0.4916999089704633]",29.70290514596389,2.898965026676784
"[0.14917222866053778, 0.6704675063213855, -0.9135845768374047, 0.4916930285407344]",29.702957766451448,2.899027859158181
"[0.1491601685675397, 0.670470761073302, -0.9135874529744156, 0.49168614567671826]",29.703010389912752,2.8990906916395773
"[0.14914810709684187, 0.6704740165626577, -0.9135903294219069, 0.49167926129937173]",29.7030630078907,2.8991535241209743
"[0.1491360474032148, 0.6704772719379765, -0.9135932054274735, 0.4916723772093375]",29.703115627723896,2.8992163566023708
"[0.1491239852820098, 0.670480528334308, -0.9135960819937943, 0.49166549100636625]",29.703168246269513,2.8992791890837672
"[0.14911192156336164, 0.6704837855277723, -0.9135989589228423, 0.49165860316394844]",29.703220866839732,2.899342021565164
"[0.14909985851634272, 0.6704870429057951, -0.9136018356734436, 0.49165171497749716]",29.70327348427098,2.8994048540465602
"[0.1490877934773399, 0.6704903011877255, -0.9136047128807553, 0.49164482492588013]",29.703326103827322,2.899467686527957
"[0.14907572780895048, 0.670493560005747, -0.9136075902197766, 0.49163793378694337]",29.703378717605315,2.899530519009354
"[0.14906366166489524, 0.6704968193183924, -0.9136104676538047, 0.4916310416483792]",29.70343133360507,2.89959335149075
"[0.14905159464214945, 0.6705000792346587, -0.9136133452788918, 0.49162414827976525]",29.70348394922725,2.899656183972147
"[0.1490395268432419, 0.6705033397269486, -0.9136162230705381, 0.49161725373948667]",29.70353656639547,2.8997190164535436
"[0.1490274573846112, 0.6705066010341263, -0.9136191012393918, 0.4916103575224855]",29.703589179781172,2.89978184893494
"[0.14901538651360877, 0.6705098630895323, -0.9136219797264121, 0.49160345976976355]",29.703641792233558,2.899844681416337
"[0.1490033161412288, 0.6705131253768138, -0.9136248580758417, 0.49159656157320303]",29.703694404335437,2.8999075138977335
"[0.14899124311915016, 0.6705163887470075, -0.9136277370383896, 0.49158966113330194]",29.70374701453259,2.89997034637913
"[0.14897917003106687, 0.6705196525018934, -0.9136306159978863, 0.4915827599264983]",29.703799626558464,2.9000331788605265
"[0.1489670974151828, 0.6705229164959942, -0.9136334948259447, 0.4915758582604278]",29.703852237941064,2.9000960113419234
"[0.14895502167164495, 0.6705261817027339, -0.9136363743809277, 0.49156895407684165]",29.703904845586607,2.90015884382332
"[0.14894294691829002, 0.670529447008815, -0.9136392536808515, 0.4915620497298195]",29.703957455732994,2.9002216763047164
"[0.14893086946653977, 0.6705327134118199, -0.9136421336052305, 0.4915551431100438]",29.704010064205946,2.9002845087861133
"[0.1489187926199938, 0.6705359800184089, -0.9136450133662519, 0.4915482361064707]",29.704062672439196,2.90034734126751
"[0.14890671417421147, 0.6705392474249375, -0.9136478934895194, 0.4915413274581878]",29.704115278461053,2.9004101737489063
"[0.1488946336527592, 0.6705425157605004, -0.9136507740885789, 0.4915344168922911]",29.704167884661352,2.900473006230303
"[0.1488825534045364, 0.6705457843896961, -0.9136536546032925, 0.49152750575228116]",29.70422048855709,2.9005358387116997
"[0.14887047371117304, 0.6705490532363536, -0.9136565349664509, 0.4915205941992631]",29.704273097959543,2.9005986711930962
"[0.1488583908019644, 0.6705523233209977, -0.9136594160771139, 0.4915136800755035]",29.704325700525622,2.9006615036744927
"[0.14884630713652813, 0.6705555939781807, -0.9136622973487404, 0.49150676478804384]",29.70437830332346,2.9007243361558896
"[0.14883422355331086, 0.6705588649810293, -0.9136651785813573, 0.49149984881660413]",29.704430906995615,2.9007871686372857
"[0.1488221388753307, 0.6705621366482301, -0.9136680600555557, 0.49149293148740847]",29.704483510499767,2.9008500011186826
"[0.14881005363046193, 0.670565408836987, -0.9136709416454165, 0.4914860131024097]",29.70453611099496,2.900912833600079
"[0.14879796727341235, 0.670568681695054, -0.9136738234809059, 0.49147909334924866]",29.704588711732825,2.9009756660814756
"[0.1487858795909376, 0.6705719552803232, -0.9136767056128146, 0.49147217210556615]",29.70464131291079,2.9010384985628725
"[0.14877379245172506, 0.6705752290867937, -0.9136795875955298, 0.49146525044122086]",29.704693913538442,2.901101331044269
"[0.14876170117423096, 0.6705785043826468, -0.9136824705452359, 0.49145832567498743]",29.704746510671573,2.9011641635256655
"[0.14874961111638105, 0.6705817797167086, -0.9136853531843722, 0.4914514008750552]",29.704799109529862,2.901226996007062
"[0.14873751964134388, 0.6705850558033664, -0.9136882361415904, 0.4914444745310716]",29.704851705997747,2.901289828488459
"[0.14872542688570925, 0.6705883326057717, -0.9136911193842702, 0.49143754672098444]",29.70490430277029,2.9013526609698554
"[0.14871333536154202, 0.6705916094432632, -0.9136940023134165, 0.49143061888387535]",29.704956900579162,2.901415493451252
"[0.14870124040948357, 0.6705948875786734, -0.9136968860398865, 0.4914236883499212]",29.705009494701557,2.901478325932649
"[0.1486891456169715, 0.6705981660398793, -0.9136997697082911, 0.4914167571744064]",29.705062090072513,2.9015411584140454
"[0.1486770507152263, 0.6706014448997671, -0.9137026533826649, 0.4914098252032624]",29.705114683642673,2.901603990895442
"[0.1486649528087056, 0.670604724943473, -0.9137055377533116, 0.4914028907766392]",29.705167276244755,2.9016668233768383
"[0.14865285595581443, 0.6706080050708001, -0.9137084218525725, 0.4913959562205418]",29.70521987193957,2.9017296558582353
"[0.14864075651848443, 0.6706112862683289, -0.913711306547776, 0.4913890194492575]",29.705272460713793,2.9017924883396318
"[0.14862865849770585, 0.6706145674511398, -0.9137141908849707, 0.49138208275645]",29.70532505391149,2.9018553208210283
"[0.14861655704412868, 0.6706178499345852, -0.913717076020255, 0.4913751433613939]",29.70537764431984,2.901918153302425
"[0.14860445628287372, 0.6706211325998983, -0.913719960970095, 0.4913682036292808]",29.705430235551802,2.9019809857838212
"[0.148592354378392, 0.6706244159450822, -0.9137228461720532, 0.49136126250733814]",29.705482825458756,2.902043818265218
"[0.14858024976785322, 0.6706277003943494, -0.9137257319986662, 0.4913543190988061]",29.70553541136412,2.9021066507466147
"[0.1485681457569068, 0.6706309850508912, -0.9137286176617871, 0.4913473752996087]",29.70558800092357,2.902169483228011
"[0.1485560413103016, 0.6706342701956686, -0.9137315034081772, 0.4913404305158158]",29.705640588628633,2.902232315709408
"[0.14854393606647284, 0.6706375559269014, -0.9137343893239835, 0.49133348453982295]",29.70569317479811,2.9022951481908046
"[0.14853182828531356, 0.6706408427170992, -0.9137372758239928, 0.49132653637280416]",29.705745760817212,2.902357980672201
"[0.1485197194830617, 0.6706441301548615, -0.9137401625466756, 0.491319586884494]",29.705798341099126,2.9024208131535976
"[0.14850761124007547, 0.6706474178111884, -0.913743049115227, 0.4913126369818051]",29.705850928725994,2.9024836456349945
"[0.1484955026548179, 0.6706507059308948, -0.9137459357445222, 0.49130568614724124]",29.705903513428144,2.902546478116391
"[0.14848339231133542, 0.6706539948986223, -0.913748822772062, 0.49129873356774273]",29.705956097634836,2.9026093105977875
"[0.14847128164804738, 0.6706572843238507, -0.9137517098548831, 0.49129178006887136]",29.706008679000522,2.9026721430791844
"[0.14845916868598608, 0.6706605747442498, -0.9137545974646994, 0.4912848245140913]",29.706061257649754,2.902734975560581
"[0.14844705523197382, 0.6706638656691718, -0.9137574851707255, 0.4912778679406188]",29.706113841008687,2.9027978080419774
"[0.1484349403192622, 0.6706671573613844, -0.9137603732033697, 0.49127090979303717]",29.70616641977512,2.902860640523374
"[0.14842282560597808, 0.6706704493704587, -0.9137632611673031, 0.4912639510235208]",29.70621899943115,2.902923473004771
"[0.14841071036329068, 0.6706737418944937, -0.9137661492362192, 0.4912569912133483]",29.706271580479715,2.9029863054861673
"[0.14839859252009432, 0.6706770354965379, -0.9137690379037747, 0.4912500291723899]",29.706324155816827,2.903049137967564
"[0.1483864756423364, 0.6706803292074693, -0.9137719263198651, 0.4912430669492058]",29.70637673554405,2.9031119704489607
"[0.14837435734044702, 0.670683623676919, -0.9137748150540597, 0.491236103170658]",29.706429313216073,2.903174802930357
"[0.1483622368759096, 0.6706869191058418, -0.9137777042823495, 0.49122913741200597]",29.706481887412497,2.9032376354117537
"[0.1483501163573938, 0.670690214921048, -0.9137805935020242, 0.4912221708848759]",29.706534463034856,2.90330046789315
"[0.1483379938922191, 0.670693511637348, -0.9137834831641902, 0.49121520250114636]",29.70658703641579,2.9033633003745467
"[0.14832587121152335, 0.6706968087840819, -0.9137863728561391, 0.4912082332556999]",29.70663961190124,2.9034261328559436
"[0.14831374873284334, 0.6707001062477065, -0.9137892624782972, 0.4912012633885473]",29.706692184468384,2.90348896533734
"[0.14830162376522543, 0.670703404760362, -0.9137921526720432, 0.49119429135222226]",29.70674475750176,2.9035517978187366
"[0.1482894976809383, 0.6707067039489355, -0.9137950431102135, 0.4911873179354206]",29.706797329745473,2.903614630300133
"[0.14827737177456082, 0.6707100034612503, -0.9137979334841823, 0.4911803438825332]",29.706849900625013,2.90367746278153
"[0.14826524504280825, 0.6707133035704086, -0.9138008240330356, 0.49117336861637795]",29.70690247284999,2.903740295262927
"[0.14825311696577173, 0.6707166044180161, -0.9138037148806495, 0.49116639183767663]",29.706955042081244,2.903803127744323
"[0.14824098830705806, 0.6707199057963873, -0.9138066058449505, 0.49115941398545415]",29.707007611572312,2.90386596022572
"[0.1482288597792302, 0.6707232075115854, -0.9138094967560527, 0.4911524354696181]",29.707060180995793,2.9039287927071165
"[0.1482167287544171, 0.6707265102791755, -0.9138123882402601, 0.49114545477782473]",29.70711274770597,2.903991625188513
"[0.14820459671213584, 0.6707298136965126, -0.9138152799448709, 0.4911384727611204]",29.70716531503283,2.90405445766991
"[0.14819246273427236, 0.6707331180137838, -0.9138181720886588, 0.49113148889078073]",29.70721787921329,2.9041172901513064
"[0.14818033049282647, 0.6707364222310715, -0.9138210637963496, 0.49112450528021373]",29.707270445171595,2.904180122632703
"[0.14816819603106324, 0.6707397274260547, -0.9138239560109769, 0.49111751965173095]",29.707323012057287,2.9042429551140994
"[0.14815605943658125, 0.6707430335750996, -0.9138268487116016, 0.49111053205532734]",29.707375571856975,2.9043057875954963
"[0.14814392414129227, 0.670746339743416, -0.9138297410801864, 0.4911035444667515]",29.707428138999507,2.904368620076893
"[0.148131787569974, 0.6707496466325865, -0.9138326337304812, 0.49109655540319264]",29.70748070211681,2.9044314525582893
"[0.14811964810180758, 0.6707529546845196, -0.9138355270487214, 0.49108956393077763]",29.707533263104786,2.904494285039686
"[0.14810750899011108, 0.6707562630128122, -0.9138384202594597, 0.49108257192292437]",29.70758582403741,2.9045571175210823
"[0.14809536905893436, 0.670759571938006, -0.9138413136429192, 0.49107557870220986]",29.70763838576928,2.904619950002479
"[0.14808322977266522, 0.6707628810610069, -0.9138442068500321, 0.4910685851121266]",29.707690948001368,2.9046827824838757
"[0.14807108610609046, 0.6707661917518779, -0.9138471010784189, 0.4910615882571983]",29.707743503561762,2.9047456149652726
"[0.14805894424809302, 0.6707695023235349, -0.9138499948530086, 0.4910545917029852]",29.707796062061117,2.904808447446669
"[0.14804680073566673, 0.6707728137201731, -0.9138528889991026, 0.49104759345401366]",29.707848621203013,2.9048712799280656
"[0.14803465560178847, 0.6707761259330586, -0.9138557835087663, 0.4910405935288481]",29.707901176960096,2.9049341124094625
"[0.1480225105406475, 0.6707794385001822, -0.9138586779781939, 0.4910335929038552]",29.707953734606537,2.9049969448908586
"[0.1480103643883327, 0.6707827517391632, -0.9138615726847037, 0.49102659090789263]",29.70800629052876,2.9050597773722555
"[0.14799821607062694, 0.6707860659431489, -0.9138644678842612, 0.4910195869214336]",29.708058844681958,2.905122609853652
"[0.14798606757957317, 0.6707893805688807, -0.9138673631020545, 0.4910125820926429]",29.708111397976282,2.9051854423350485
"[0.14797391914755276, 0.6707926955529682, -0.9138702582826586, 0.49100557655548865]",29.708163953480454,2.9052482748164454
"[0.14796176866089272, 0.6707960114723207, -0.9138731539297392, 0.49099856909084416]",29.708216506743316,2.905311107297842
"[0.14794961857670513, 0.6707993276564916, -0.9138760494576749, 0.49099156111558556]",29.708269059176434,2.9053739397792384
"[0.14793746577788916, 0.6708026449563871, -0.9138789456092574, 0.4909845508315627]",29.70832160891549,2.905436772260635
"[0.14792531180909424, 0.6708059629505905, -0.9138818420163168, 0.4909775391293871]",29.708374158826786,2.905499604742032
"[0.14791315880116362, 0.6708092810574346, -0.9138847381710032, 0.49097052723828877]",29.708426710227684,2.9055624372234283
"[0.14790100422135477, 0.6708125999684931, -0.9138876346768359, 0.4909635136968517]",29.70847925952942,2.905625269704825
"[0.14788884854837628, 0.670815919553212, -0.9138905314196784, 0.490956498781008]",29.708531806200185,2.9056881021862218
"[0.14787669184769353, 0.6708192397938595, -0.9138934283838722, 0.49094948252827864]",29.708584355557697,2.905750934667618
"[0.14786453370612393, 0.6708225608034025, -0.9138963256678287, 0.49094246469996095]",29.708636901135062,2.9058137671490147
"[0.14785237490964817, 0.6708258823673117, -0.9138992230841873, 0.49093544574945375]",29.70868944894307,2.9058765996304112
"[0.1478402155786567, 0.6708292044527853, -0.9139021206042061, 0.4909284257461036]",29.708741992654282,2.905939432111808
"[0.14782805624796114, 0.6708325269137653, -0.91390501810039, 0.4909214049985797]",29.70879453943335,2.9060022645932047
"[0.14781589480364613, 0.6708358503280213, -0.9139079160764132, 0.4909143822860453]",29.708847083048024,2.906065097074601
"[0.14780373145013664, 0.6708391746398588, -0.913910814483513, 0.49090735772619687]",29.708899626383445,2.906127929555998
"[0.14779156896155818, 0.6708424990912426, -0.9139137126605746, 0.49090033292091595]",29.708952171749903,2.906190762037394
"[0.1477794043851957, 0.6708458244893017, -0.9139166113111528, 0.4908933061646752]",29.70900470972329,2.906253594518791
"[0.14776723960798055, 0.6708491503183855, -0.9139195099855533, 0.4908862785471426]",29.709057252565014,2.9063164270001876
"[0.14775507412426722, 0.6708524767168065, -0.9139224088042138, 0.49087924977608455]",29.709109794037953,2.906379259481584
"[0.14774290754053337, 0.6708558037922859, -0.9139253078608475, 0.49087221962392136]",29.709162334047246,2.906442091962981
"[0.14773073891784394, 0.6708591318017664, -0.9139282073791251, 0.4908651875477778]",29.709214871643244,2.9065049244443775
"[0.1477185706037495, 0.6708624601033327, -0.913931106799621, 0.4908581549040577]",29.709267410420754,2.906567756925774
"[0.1477064013055276, 0.6708657890506429, -0.9139340064303068, 0.4908511209455231]",29.709319947323433,2.9066305894071705
"[0.14769422982980973, 0.6708691189703279, -0.913936906555473, 0.49084408498205834]",29.709372485642106,2.9066934218885674
"[0.1476820587052362, 0.6708724491707155, -0.9139398065725594, 0.49083704847517456]",29.70942502017132,2.906756254369964
"[0.14766988612779064, 0.6708757801455004, -0.9139427069113548, 0.49083001038176177]",29.709477558280835,2.9068190868513604
"[0.14765771386194787, 0.6708791114119356, -0.9139456071513868, 0.49082297172186556]",29.709530094955532,2.9068819193327573
"[0.1476455372526353, 0.6708824442442204, -0.9139485084017412, 0.49081592980326455]",29.70958262570659,2.9069447518141533
"[0.1476333636671316, 0.6708857766259901, -0.9139514089070021, 0.4908088888863734]",29.70963515953486,2.9070075842955503
"[0.1476211870907931, 0.6708891102037163, -0.9139543101001809, 0.49080184549242273]",29.709687691755796,2.9070704167769468
"[0.14760901049353092, 0.6708924441644606, -0.913957211273619, 0.49079480133904957]",29.709740224509765,2.9071332492583437
"[0.14759683274401283, 0.6708957788181408, -0.9139601126967946, 0.49078775577153694]",29.70979275497986,2.90719608173974
"[0.14758465329968964, 0.6708991143134578, -0.9139630144989226, 0.49078070847572003]",29.709845286372783,2.9072589142211367
"[0.14757247454872302, 0.6709024499964857, -0.9139659161109565, 0.4907736608332758]",29.709897815231933,2.9073217467025336
"[0.14756029263346798, 0.6709057869239383, -0.9139688184519353, 0.49076661061160076]",29.709950344769766,2.9073845791839297
"[0.14754811205745333, 0.6709091238623334, -0.9139717204488316, 0.4907595604168409]",29.710002874441575,2.9074474116653266
"[0.14753592891331424, 0.6709124618821933, -0.9139746230325173, 0.49075250798724623]",29.710055400244073,2.907510244146723
"[0.1475237442148704, 0.6709158007059854, -0.9139775259613879, 0.49074545390924124]",29.71010792583413,2.9075730766281196
"[0.1475115595720841, 0.6709191398926537, -0.913980428851826, 0.49073839911469663]",29.7101604530221,2.9076359091095165
"[0.1474993750204574, 0.6709224794325019, -0.913983331695323, 0.49073134362412796]",29.710212978616713,2.907698741590913
"[0.1474871874580595, 0.6709258201758785, -0.9139862352308221, 0.49072428564103837]",29.710265501835067,2.9077615740723095
"[0.14747500161278745, 0.6709291608269143, -0.9139891383319064, 0.49071722790324623]",29.710318026638415,2.907824406553706
"[0.14746281327295455, 0.6709325025402958, -0.9139920420018928, 0.49071016797130884]",29.71037054984697,2.907887239035103
"[0.147450621901892, 0.6709358454634181, -0.9139949463685756, 0.49070310553385865]",29.710423069981324,2.9079500715164994
"[0.1474384329870467, 0.6709391880917064, -0.9139978501246109, 0.4906960437696073]",29.710475593602773,2.908012903997896
"[0.14742624259941614, 0.6709425315026102, -0.9140007542059571, 0.49068898040230624]",29.71052811333275,2.908075736479293
"[0.14741405157697732, 0.6709458754664347, -0.9140036584129287, 0.49068191591725435]",29.710580637646554,2.9081385689606893
"[0.14740185722605698, 0.6709492207222706, -0.914006563387163, 0.4906748487530964]",29.710633153954348,2.908201401442086
"[0.1473896634999663, 0.6709525661857767, -0.9140094681868308, 0.4906677812006505]",29.710685672107843,2.9082642339234828
"[0.1473774673414865, 0.6709559126958581, -0.9140123735401681, 0.4906607114877096]",29.710738191310437,2.9083270664048793
"[0.1473652734559738, 0.6709592589614355, -0.9140152783262234, 0.49065364234177367]",29.71079070821704,2.9083898988862757
"[0.14735307630238278, 0.6709626065031956, -0.9140181838649074, 0.49064657055037153]",29.710843224339857,2.9084527313676722
"[0.14734087929545894, 0.6709659543841289, -0.9140210893427195, 0.4906394980930089]",29.71089574035511,2.908515563849069
"[0.147328681098169, 0.6709693029713165, -0.9140239950781028, 0.4906324241942563]",29.710948257031205,2.9085783963304657
"[0.1473164811221537, 0.6709726524264453, -0.9140269012111514, 0.4906253485125952]",29.711000771130212,2.908641228811862
"[0.14730428132288767, 0.6709760022127639, -0.9140298072759983, 0.49061827218194803]",29.711053284549166,2.908704061293259
"[0.14729208013358686, 0.670979352760577, -0.914032713645805, 0.4906111942933514]",29.711105796219044,2.908766893774655
"[0.1472798767930845, 0.670982704279086, -0.9140356205018266, 0.49060411440490603]",29.711158309338796,2.908829726256052
"[0.14726767508406538, 0.6709860557295034, -0.9140385269429635, 0.4905970347110438]",29.711210821441743,2.9088925587374486
"[0.14725547104995915, 0.6709894081986436, -0.9140414339116181, 0.49058995291597446]",29.711263330332965,2.908955391218845
"[0.1472432656713892, 0.6709927614173417, -0.9140443411741451, 0.4905828695883411]",29.711315841905538,2.909018223700242
"[0.14723105970192077, 0.6709961151786868, -0.9140472485509928, 0.4905757851652543]",29.711368348718192,2.9090810561816385
"[0.1472188524266174, 0.6709994696792552, -0.9140501562123952, 0.4905686992315201]",29.711420858200025,2.909143888663035
"[0.14720664508780446, 0.6710028245777588, -0.9140530638623877, 0.49056161250809727]",29.71147336540319,2.9092067211444315
"[0.14719443564798165, 0.6710061804342958, -0.9140559719862207, 0.4905545238119054]",29.71152587224777,2.9092695536258284
"[0.14718222621646387, 0.6710095366692423, -0.9140588800814267, 0.4905474343673477]",29.711578379616448,2.909332386107225
"[0.14717001410099517, 0.6710128940228324, -0.9140617887891989, 0.49054034261085877]",29.711630883334585,2.9093952185886214
"[0.14715780303171777, 0.6710162514696898, -0.9140646972210273, 0.4905332507083853]",29.71168338822908,2.9094580510700183
"[0.14714559133486754, 0.6710196094700355, -0.9140676057755198, 0.4905261576878336]",29.711735891736677,2.909520883551415
"[0.14713337800760898, 0.6710229682997765, -0.9140705146914706, 0.4905190629664562]",29.71178839378568,2.9095837160328113
"[0.14712116402361727, 0.671026327691284, -0.9140734237369151, 0.4905119671095986]",29.711840898848035,2.909646548514208
"[0.14710894898142232, 0.6710296877550992, -0.914076333007417, 0.49050486988381087]",29.711893400732407,2.9097093809956047
"[0.14709673224263936, 0.6710330486669926, -0.9140792426549592, 0.4904977709178722]",29.711945902109015,2.909772213477001
"[0.1470845161571906, 0.6710364097805709, -0.9140821521198105, 0.4904906715771391]",29.71199840168625,2.9098350459583977
"[0.1470722979640044, 0.6710397718556176, -0.9140850620595089, 0.4904835702568364]",29.712050902739,2.9098978784397946
"[0.14706007683381406, 0.6710431351205961, -0.9140879726714886, 0.49047646647446913]",29.7121033982405,2.9099607109211907
"[0.14704785686175284, 0.6710464984486456, -0.9140908829803862, 0.4904693626101989]",29.71215589629327,2.9100235434025876
"[0.14703563619362905, 0.6710498623501117, -0.9140937934277464, 0.4904622575861211]",29.712208393499758,2.910086375883984
"[0.14702341506119854, 0.6710532267613176, -0.9140967039583143, 0.4904551515367866]",29.712260891308524,2.9101492083653806
"[0.14701119195395912, 0.6710565920981855, -0.9140996149317808, 0.49044804358370897]",29.712313387069095,2.9102120408467775
"[0.14699896785905459, 0.6710599580891685, -0.9141025261129769, 0.49044093430052477]",29.712365882020038,2.910274873328174
"[0.14698674422103958, 0.6710633243365471, -0.9141054371578319, 0.49043382452727446]",29.71241837700376,2.910337705809571
"[0.14697451898584843, 0.6710666914060623, -0.9141083485554667, 0.49042671306909325]",29.71247086940132,2.910400538290967
"[0.14696229231794486, 0.6710700592526166, -0.9141112602666497, 0.4904196000212936]",29.71252336205206,2.910463370772364
"[0.14695006488927154, 0.6710734276912532, -0.9141141721313044, 0.4904124857745475]",29.712575855442843,2.9105262032537604
"[0.1469378369362276, 0.6710767966569484, -0.9141170840930792, 0.49040537046622595]",29.71262834605987,2.910589035735157
"[0.1469256069024274, 0.6710801665786702, -0.9141199965225505, 0.4903982531903892]",29.712680835460183,2.910651868216554
"[0.1469133757028582, 0.6710835372044914, -0.914122909201762, 0.49039113447915983]",29.71273332474655,2.9107147006979504
"[0.14690114498220197, 0.6710869080812444, -0.9141258217390036, 0.4903840152896524]",29.712785813301338,2.910777533179347
"[0.14688891286299935, 0.6710902797264727, -0.9141287345813024, 0.49037689452888295]",29.712838300767665,2.9108403656607433
"[0.1468766804926316, 0.6710936518239732, -0.914131647455386, 0.49036977286465144]",29.71289079046121,2.9109031981421403
"[0.14686444580125718, 0.6710970249445615, -0.9141345608540685, 0.4903626490915281]",29.712943275497228,2.9109660306235368
"[0.14685221084668965, 0.6711003985210163, -0.9141374742872793, 0.4903555244074552]",29.71299576272183,2.9110288631049333
"[0.14683997503440993, 0.6711037727173782, -0.9141403878965269, 0.4903483984660479]",29.713048248451894,2.91109169558633
"[0.14682773824331577, 0.6711071475671707, -0.9141433017105893, 0.4903412711965527]",29.71310073137335,2.9111545280677262
"[0.14681550075734232, 0.6711105229921717, -0.914146215661808, 0.4903341427641788]",29.71315321567408,2.911217360549123
"[0.14680326205563973, 0.6711138991362067, -0.9141491298741381, 0.49032701286525643]",29.71320569760973,2.9112801930305197
"[0.1467910218573088, 0.6711172760769168, -0.9141520444144086, 0.4903198813358553]",29.713258180023175,2.911343025511916
"[0.14677878148526377, 0.671120653449446, -0.9141549589675592, 0.4903127489465339]",29.71331066259432,2.911405857993313
"[0.1467665400065779, 0.6711240315113001, -0.9141578737556735, 0.4903056151535206]",29.71336314296647,2.9114686904747096
"[0.14675429702395992, 0.6711274103722805, -0.9141607888732886, 0.49029847972498736]",29.7134156221368,2.9115315229561065
"[0.14674205373209828, 0.6711307897027946, -0.914163704035884, 0.49029134335700386]",29.713468100611195,2.9115943554375026
"[0.14672980834546456, 0.6711341699958259, -0.9141666196685403, 0.4902842050085464]",29.713520577446687,2.9116571879188995
"[0.14671756505784764, 0.6711375500937351, -0.9141695347726612, 0.4902770671242966]",29.713573057557518,2.911720020400296
"[0.14670531774143916, 0.6711409316884017, -0.9141724508072085, 0.49026992613148773]",29.71362553445945,2.9117828528816925
"[0.14669307057431458, 0.6711443136264414, -0.9141753667773351, 0.4902627844658031]",29.713678008760017,2.9118456853630894
"[0.1466808237181871, 0.6711476958632197, -0.9141782826444869, 0.4902556422215272]",29.71373048525275,2.911908517844486
"[0.14666857400624475, 0.6711510792734732, -0.914181199162594, 0.4902484975515263]",29.713782958810018,2.9119713503258824
"[0.14665632459125397, 0.6711544629865623, -0.9141841155809562, 0.49024135229436183]",29.713835433534875,2.9120341828072793
"[0.1466440739488458, 0.6711578474236578, -0.9141870322624491, 0.49023420556070263]",29.713887907252957,2.912097015288676
"[0.14663182055039325, 0.6711612330072773, -0.9141899495709515, 0.4902270564583833]",29.713940377327166,2.9121598477700723
"[0.14661956758361488, 0.6711646188568263, -0.9141928667474629, 0.49021990684695194]",29.713992848651056,2.912222680251469
"[0.14660731303077465, 0.6711680055299547, -0.9141957842723084, 0.4902127555489021]",29.714045317611667,2.9122855127328657
"[0.1465950597698171, 0.6711713922313601, -0.9141987014602647, 0.4902056042436219]",29.714097789587804,2.9123483452142622
"[0.1465828041335884, 0.6711747799747064, -0.9142016191843305, 0.4901984507907143]",29.71415025995885,2.9124111776956587
"[0.14657054743077438, 0.6711781683984448, -0.9142045371328799, 0.4901912959536671]",29.714202725908414,2.9124740101770556
"[0.14655829008545113, 0.6711815573854645, -0.9142074552048938, 0.49018413997981364]",29.7142551948466,2.9125368426584517
"[0.14654603115621517, 0.671184947196171, -0.9142103736244344, 0.490176982319323]",29.71430766164259,2.9125996751398486
"[0.14653377129621656, 0.671188337650137, -0.9142132922359433, 0.4901698233532357]",29.714360128805367,2.912662507621245
"[0.14652151135182973, 0.6711917285133793, -0.9142162108378764, 0.49016266357564164]",29.71441259266525,2.912725340102642
"[0.14650925094451722, 0.6711951198906596, -0.9142191295202937, 0.4901555027653716]",29.714465059910058,2.9127881725840385
"[0.14649698793713692, 0.6711985123733163, -0.9142220487918967, 0.4901483396738746]",29.71451752062843,2.912851005065435
"[0.14648472581722408, 0.6712019049966684, -0.9142249678223997, 0.49014117633808085]",29.714569987692425,2.912913837546832
"[0.14647246112556853, 0.6712052987179137, -0.9142278874352189, 0.4901340107369633]",29.714622446078785,2.912976670028228
"[0.14646019717974004, 0.671208692619187, -0.9142308068405465, 0.4901268448085725]",29.714674910252896,2.913039502509625
"[0.1464479293169603, 0.67121208799103, -0.9142337271482859, 0.4901196758280801]",29.714727369573204,2.9131023349910214
"[0.14643566258907623, 0.6712154834354314, -0.9142366471558028, 0.4901125067473055]",29.714779829025982,2.913165167472418
"[0.14642339435324492, 0.6712188796839864, -0.9142395674921547, 0.49010533602160106]",29.71483228684514,2.913227999953815
"[0.14641112539007894, 0.6712222765207406, -0.9142424879714629, 0.49009816410697116]",29.714884747073825,2.9132908324352114
"[0.14639885611411288, 0.6712256738310098, -0.9142454084949987, 0.49009099124558864]",29.714937203793205,2.913353664916608
"[0.1463865858046517, 0.6712290718144561, -0.9142483292342528, 0.49008381701594106]",29.714989662130797,2.9134164973980043
"[0.14637431323082659, 0.6712324708121371, -0.9142512504821502, 0.49007664069799906]",29.71504211624815,2.9134793298794013
"[0.14636204061771652, 0.6712358702079441, -0.914254171708992, 0.4900694635926004]",29.715094571634115,2.9135421623607978
"[0.14634976873722136, 0.6712392697880759, -0.9142570927309962, 0.4900622861511667]",29.715147027669477,2.9136049948421943
"[0.14633749416290398, 0.6712426705018667, -0.9142600143636802, 0.4900551063694422]",29.715199481433668,2.913667827323591
"[0.14632521776781543, 0.6712460721076761, -0.9142629363991718, 0.4900479247576422]",29.71525193300274,2.9137306598049877
"[0.1463129406746773, 0.6712494742945837, -0.9142658585701764, 0.49004074197224895]",29.715304384582662,2.913793492286384
"[0.14630066418276383, 0.6712528767025808, -0.9142687805673901, 0.4900335587733533]",29.71535683486334,2.9138563247677807
"[0.14628838539305083, 0.6712562801352457, -0.9142717030807676, 0.4900263734644726]",29.715409287337188,2.9139191572491776
"[0.14627610526266313, 0.6712596843274957, -0.9142746258824346, 0.49001918660530347]",29.71546173458051,2.913981989730574
"[0.1462638253558718, 0.6712630888457872, -0.9142775486000211, 0.49001199911117055]",29.71551418371767,2.9140448222119706
"[0.1462515456086161, 0.6712664937079036, -0.9142804712487234, 0.49000481094455905]",29.71556663439704,2.9141076546933675
"[0.14623926344957475, 0.6712698996269526, -0.9142833944404687, 0.48999762060003915]",29.71561908198257,2.9141704871747636
"[0.14622697997620432, 0.6712733062988191, -0.9142863179139934, 0.4899904287196925]",29.715671530391,2.9142333196561605
"[0.14621469577046423, 0.6712767135622407, -0.9142892415307288, 0.48998323564400753]",29.71572397201358,2.914296152137557
"[0.14620241008583373, 0.6712801216244222, -0.914292165468286, 0.4899760409355982]",29.715776416447547,2.9143589846189535
"[0.14619012568374765, 0.6712835297194023, -0.9142950890693992, 0.4899688462115175]",29.715828864803306,2.9144218171003504
"[0.146177839150468, 0.6712869387943043, -0.9142980131464662, 0.48996164947232734]",29.715881307352568,2.914484649581747
"[0.14616555063859107, 0.6712903488070601, -0.9143009376630945, 0.489954450806924]",29.71593374924152,2.9145474820631434
"[0.14615326294019684, 0.6712937589829627, -0.914303861954748, 0.48994725185077276]",29.7159861934551,2.91461031454454
"[0.1461409734676993, 0.6712971700402225, -0.9143067866371787, 0.4899400510877515]",29.716038633820613,2.914673147025937
"[0.14612868150373692, 0.6713005821781952, -0.9143097118810353, 0.4899328480970809]",29.716091074741612,2.9147359795073333
"[0.14611638989010295, 0.67130399460816, -0.9143126370099685, 0.48992564454378257]",29.716143512068914,2.91479881198873
"[0.14610409854427783, 0.6713074073530395, -0.9143155620435652, 0.48991844037949717]",29.716195953047674,2.9148616444701267
"[0.14609180445499495, 0.6713108212490855, -0.9143184876983685, 0.48991123383898155]",29.716248389195915,2.9149244769515232
"[0.14607950998463326, 0.6713142356404811, -0.9143214134121331, 0.48990402630667473]",29.716300827984924,2.9149873094329197
"[0.1460672146577831, 0.6713176506593586, -0.9143243392979346, 0.4898968175036972]",29.71635326450052,2.915050141914316
"[0.1460549183061672, 0.671321066352584, -0.9143272653957573, 0.4898896073311609]",29.716405698870645,2.915112974395713
"[0.14604262068592347, 0.6713244827880479, -0.9143301917635697, 0.4898823956458033]",29.716458132177312,2.9151758068771096
"[0.1460303235791826, 0.6713278994707256, -0.9143331179772369, 0.4898751834925968]",29.716510569154945,2.915238639358506
"[0.146018025151328, 0.6713313169104349, -0.9143360444732669, 0.4898679697954226]",29.716563001535672,2.915301471839903
"[0.14600572387692717, 0.6713347355312946, -0.9143389716145779, 0.4898607536590886]",29.716615432906597,2.915364304321299
"[0.1459934233857743, 0.6713381543246938, -0.9143418985373838, 0.4898535372126477]",29.716667867895925,2.915427136802696
"[0.14598111993460286, 0.6713415743311795, -0.9143448261323397, 0.48984631825974256]",29.716720295554904,2.9154899692840925
"[0.14596881792255642, 0.6713449943280263, -0.914347753352615, 0.48983909938134257]",29.716772726523757,2.915552801765489
"[0.14595651402204743, 0.6713484152403758, -0.914350680989942, 0.4898318786247081]",29.716825157425806,2.915615634246886
"[0.14594420862420793, 0.6713518369596848, -0.9143536089511866, 0.4898246562190046]",29.716877583787767,2.9156784667282825
"[0.14593190423222638, 0.6713552587899526, -0.9143565366406831, 0.4898174336333444]",29.716930011657393,2.915741299209679
"[0.14591959726425666, 0.6713586817274095, -0.914359464910631, 0.4898102087649957]",29.716982438048106,2.9158041316910754
"[0.1459072891049747, 0.6713621053871542, -0.9143623934314979, 0.48980298242643494]",29.71703486548302,2.9158669641724724
"[0.14589498171242452, 0.6713655292245874, -0.9143653217373467, 0.4897957557671788]",29.717087291801484,2.9159297966538693
"[0.1458826719428926, 0.671368954114393, -0.9143682505761018, 0.48978852694108793]",29.717139715387695,2.9159926291352654
"[0.14587036032018894, 0.6713723799110733, -0.914371179823065, 0.48978129625531863]",29.717192138780174,2.9160554616166623
"[0.14585804892287943, 0.67137580603637, -0.9143741089836334, 0.4897740649304177]",29.71724456272794,2.916118294098059
"[0.14584573778928667, 0.6713792324796357, -0.9143770380486378, 0.4897668329888875]",29.717296986295267,2.9161811265794553
"[0.1458334245335763, 0.671382659905025, -0.9143799675856551, 0.48975959902898775]",29.717349408062848,2.916243959060852
"[0.14582111002876924, 0.6713860880697406, -0.9143828973869106, 0.4897523635632307]",29.717401827554273,2.9163067915422487
"[0.1458087945513709, 0.6713895168969296, -0.9143858273865614, 0.48974512675384824]",29.717454247036223,2.916369624023645
"[0.14579647822634834, 0.6713929463519566, -0.9143887575548099, 0.48973788867400975]",29.71750666589591,2.9164324565050417
"[0.1457841614378092, 0.6713963763279408, -0.9143916878002224, 0.4897306495493088]",29.71755908265459,2.9164952889864386
"[0.145771843142099, 0.671399807115676, -0.9143946183710229, 0.4897234087660756]",29.71761150029881,2.916558121467835
"[0.14575952439339446, 0.6714032384216881, -0.9143975490163607, 0.4897161669437346]",29.717663917717942,2.9166209539492316
"[0.14574720302564304, 0.6714066708495017, -0.9144004802514759, 0.4897089228085888]",29.717716331165793,2.9166837864306285
"[0.14573488298408077, 0.6714101033001748, -0.9144034111377446, 0.48970167867999453]",29.717768749264252,2.9167466189120246
"[0.1457225612626712, 0.6714135366112692, -0.9144063423902347, 0.4896944327903268]",29.71782116320055,2.9168094513934215
"[0.14571023769423155, 0.6714169708295754, -0.9144092740486502, 0.4896871850408907]",29.717873577782434,2.916872283874818
"[0.1456979138469894, 0.6714204055182164, -0.9144122057398637, 0.4896799363537393]",29.717925986848623,2.9169351163562145
"[0.1456855887970267, 0.6714238409348045, -0.9144151376836036, 0.4896726861852409]",29.717978400068557,2.9169979488376114
"[0.1456732652668169, 0.6714272763205122, -0.9144180692321827, 0.48966543613686625]",29.718030813924873,2.917060781319008
"[0.1456609376789083, 0.6714307132303092, -0.9144210017123134, 0.4896581829270529]",29.718083221586145,2.917123613800405
"[0.1456486101992955, 0.6714341505029544, -0.9144239341329216, 0.48965092900652746]",29.718135632612313,2.917186446281801
"[0.14563628049853775, 0.6714375887881076, -0.9144268670480648, 0.48964367300431316]",29.71818803958813,2.917249278763198
"[0.1456239525523867, 0.6714410269771492, -0.9144297995119592, 0.4896364172600282]",29.71824044775795,2.9173121112445943
"[0.1456116214845002, 0.6714444664301523, -0.9144327326844892, 0.48962915890348724]",29.718292855237376,2.917374943725991
"[0.1455992901811561, 0.6714479063422761, -0.9144356658790299, 0.48962189963323044]",29.718345263366796,2.9174377762073878
"[0.14558695783259704, 0.6714513469395246, -0.9144385992881335, 0.4896146389723722]",29.718397666898507,2.9175006086887842
"[0.1455746242462029, 0.6714547882757277, -0.9144415329575664, 0.4896073768073138]",29.71845007029942,2.9175634411701807
"[0.14556228934672064, 0.6714582303721044, -0.9144444669051518, 0.4896001130933759]",29.718502474731345,2.9176262736515772
"[0.14554995384188685, 0.671461673031272, -0.9144474009624909, 0.4895928482471158]",29.71855487792639,2.917689106132974
"[0.14553761872798887, 0.6714651159752295, -0.9144503348925588, 0.4895855828552144]",29.718607279624855,2.9177519386143707
"[0.1455252803510864, 0.6714685602240362, -0.914453269564385, 0.4895783147651689]",29.718659678496884,2.917814771095767
"[0.14551294338185758, 0.6714720044740045, -0.9144562038669924, 0.4895710467280788]",29.718712083098914,2.917877603577164
"[0.14550060494572709, 0.6714754495277018, -0.914459138484035, 0.48956377705039994]",29.718764481313837,2.91794043605856
"[0.14548826456391414, 0.6714788955190201, -0.9144620735293176, 0.48955650544965607]",29.718816880329022,2.918003268539957
"[0.14547592417497518, 0.6714823419067542, -0.9144650085417126, 0.4895492330679173]",29.718869279646253,2.9180661010213536
"[0.14546358113419858, 0.6714857894296847, -0.9144679441501665, 0.4895419583463032]",29.718921675778798,2.91812893350275
"[0.14545123847661304, 0.6714892372402499, -0.9144708796327793, 0.4895346830733259]",29.718974072356318,2.918191765984147
"[0.14543889493692666, 0.67149268569196, -0.9144738152904237, 0.4895274065030714]",29.719026466545575,2.9182545984655435
"[0.14542655024403126, 0.6714961348606961, -0.9144767511875137, 0.4895201284754721]",29.71907886350042,2.9183174309469404
"[0.14541420424251406, 0.6714995847900393, -0.9144796873609459, 0.4895128488986159]",29.719131255551684,2.9183802634283365
"[0.14540185798626115, 0.6715030351856087, -0.9144826235600225, 0.4895055683937059]",29.719183648620522,2.9184430959097334
"[0.1453895087064108, 0.6715064868214162, -0.9144855604431669, 0.4894982853275968]",29.71923604234984,2.91850592839113
"[0.14537716186006297, 0.6715099381722676, -0.914488496712526, 0.4894910029185352]",29.719288434812484,2.9185687608725264
"[0.14536481158419703, 0.6715133908771519, -0.9144914337623589, 0.4894837177082595]",29.71934082364405,2.9186315933539233
"[0.14535246077286987, 0.6715168441272303, -0.9144943709043503, 0.4894764314034855]",29.719393214009074,2.91869442583532
"[0.14534010980690218, 0.6715202978160978, -0.9144973080478811, 0.4894691442287602]",29.719445603792767,2.9187572583167163
"[0.14532775740846884, 0.6715237523011889, -0.9145002454967658, 0.4894618554299511]",29.71949799159133,2.9188200907981128
"[0.1453154041574598, 0.6715272074204888, -0.9145031831130395, 0.489454565348956]",29.71955038090596,2.9188829232795097
"[0.14530305024139037, 0.6715306631216443, -0.9145061208520538, 0.48944727409626226]",29.719602767598733,2.918945755760906
"[0.14529069595828914, 0.6715341193214012, -0.9145090586428756, 0.4894399818475863]",29.719655153040335,2.9190085882423027
"[0.14527833809526935, 0.6715375769188072, -0.914511997249445, 0.4894326867060737]",29.719707536279287,2.9190714207236996
"[0.14526598238085917, 0.6715410343111987, -0.9145149353095003, 0.4894253920532132]",29.7197599222686,2.9191342532050957
"[0.14525362400601088, 0.6715444928443071, -0.9145178739665277, 0.4894180950497128]",29.71981230712225,2.9191970856864926
"[0.14524126459586378, 0.671547952063563, -0.9145208128340179, 0.4894107966547161]",29.719864686092528,2.919259918167889
"[0.14522890334796024, 0.6715514121937225, -0.9145237521027201, 0.4894034963940603]",29.719917068926847,2.919322750649286
"[0.14521654250798274, 0.6715548726063016, -0.9145266912385909, 0.48939619559378633]",29.7199694482795,2.9193855831306825
"[0.14520417961936513, 0.6715583339891392, -0.9145296308256852, 0.48938889280273495]",29.720021831343843,2.919448415612079
"[0.1451918171540738, 0.6715617956502411, -0.9145325702761713, 0.48938158948090543]",29.720074207589565,2.919511248093476
"[0.14517945455637135, 0.6715652577452522, -0.9145355097221346, 0.48937428529995536]",29.72012658712255,2.919574080574872
"[0.14516708864537933, 0.6715687211651714, -0.9145384499198208, 0.48936697838014914]",29.720178966445108,2.919636913056269
"[0.14515472328315296, 0.6715721848284958, -0.9145413899508972, 0.48935967100322914]",29.720231341419453,2.9196997455376654
"[0.14514235726773703, 0.6715756490719519, -0.9145443301010896, 0.489352362458828]",29.720283719740863,2.919762578019062
"[0.145129988285575, 0.6715791145438814, -0.9145472709204, 0.48934505137919243]",29.72033609410068,2.919825410500459
"[0.14511761972646492, 0.6715825802947265, -0.9145502116028082, 0.4893377397676584]",29.720388469320554,2.9198882429818553
"[0.14510525079992823, 0.6715860465459723, -0.9145531523362151, 0.4893304271569528]",29.72044084055924,2.919951075463252
"[0.14509288004921345, 0.6715895137060788, -0.9145560934668816, 0.4893231126854755]",29.720493214286382,2.9200139079446483
"[0.14508050835792144, 0.671592981527495, -0.9145590347846846, 0.4893157968754559]",29.720545585724043,2.9200767404260453
"[0.14506813558051185, 0.6715964500512136, -0.9145619763241496, 0.4893084796405108]",29.72059795695599,2.9201395729074417
"[0.14505576217724225, 0.6715999191483158, -0.9145649179757949, 0.4893011612526393]",29.72065032836111,2.9202024053888382
"[0.14504338811378767, 0.6716033888285202, -0.9145678597477225, 0.4892938416913729]",29.720702694644295,2.920265237870235
"[0.14503101289533893, 0.6716068592307081, -0.9145708017575028, 0.4892865206637839]",29.7207550653625,2.9203280703516312
"[0.1450186372784996, 0.6716103301428321, -0.9145737438252007, 0.48927919861725117]",29.720807433740674,2.920390902833028
"[0.1450062594964767, 0.671613802060536, -0.914576686370782, 0.4892718745062073]",29.720859799668364,2.920453735314425
"[0.14499388021602877, 0.6716172747970568, -0.914579629235659, 0.4892645487247263]",29.72091216469898,2.9205165677958216
"[0.14498150095868997, 0.6716207479256608, -0.9145825720580666, 0.48925722217304074]",29.72096453198437,2.920579400277218
"[0.14496912228971534, 0.6716242212877712, -0.9145855147035791, 0.4892498951856955]",29.721016893580245,2.9206422327586146
"[0.1449567395160486, 0.6716276962004457, -0.9145884582877531, 0.48924256498444946]",29.721069257391772,2.9207050652400115
"[0.14494435758005586, 0.6716311712769063, -0.9145914016356459, 0.48923523449469286]",29.721121621596286,2.920767897721408
"[0.14493197539178784, 0.6716346468230929, -0.9145943450062949, 0.48922790307111036]",29.72117398344029,2.9208307302028045
"[0.14491959195032172, 0.6716381231200619, -0.9145972886375691, 0.489220570120872]",29.721226344746768,2.9208935626842014
"[0.14490720547336963, 0.6716416006683866, -0.9146002329530577, 0.4892132345881219]",29.721278705457046,2.9209563951655975
"[0.14489482020950006, 0.6716450782753969, -0.9146031769427946, 0.4892058989887226]",29.721331065716882,2.9210192276469944
"[0.14488243218446176, 0.6716485570571227, -0.914606121551403, 0.4891985609685846]",29.721383418781,2.921082060128391
"[0.14487004478207485, 0.6716520360634691, -0.9146090659744907, 0.48919122253185027]",29.72143577674136,2.9211448926097874
"[0.14485765679772292, 0.671655515632799, -0.9146120104983332, 0.48918388296483345]",29.721488137141552,2.9212077250911843
"[0.14484526685890234, 0.6716589961507768, -0.9146149554490998, 0.4891765414540792]",29.721540490480372,2.921270557572581
"[0.1448328751734604, 0.671662477559247, -0.9146179007773134, 0.48916919812232434]",29.721592848563027,2.9213333900539773
"[0.1448204839652089, 0.6716659592335364, -0.9146208459543457, 0.48916185428723064]",29.72164520327198,2.921396222535374
"[0.14480809070016967, 0.6716694418857568, -0.9146237915824171, 0.4891545084467951]",29.72169755421615,2.9214590550167707
"[0.14479569763527958, 0.6716729248818167, -0.9146267371250367, 0.4891471619385337]",29.721749908145284,2.921521887498167
"[0.1447833041780824, 0.6716764083882724, -0.9146296827229614, 0.4891398144111716]",29.721802262324776,2.9215847199795637
"[0.14477090726087322, 0.671679893267609, -0.9146326291052315, 0.48913246404558375]",29.721854610373224,2.9216475524609606
"[0.1447585116349761, 0.6716833781843397, -0.9146355751425314, 0.48912511365865335]",29.721906961919238,2.921710384942357
"[0.14474611399006193, 0.6716868640692063, -0.9146385216215616, 0.48911776128729406]",29.72195931097406,2.9217732174237536
"[0.14473371477715427, 0.6716903507956121, -0.9146414684350568, 0.48911040719858356]",29.72201165885693,2.92183604990515
"[0.14472131470229196, 0.6716938381651796, -0.9146444154151517, 0.4891030518109859]",29.722064006627466,2.921898882386547
"[0.14470891501080832, 0.6716973258277186, -0.9146473622658305, 0.48909569586312546]",29.722116355608126,2.9219617148679435
"[0.14469651290775384, 0.6717008145695262, -0.914650309651258, 0.4890883376966603]",29.72216869951744,2.92202454734934
"[0.1446841116222505, 0.6717043034823618, -0.9146532568039636, 0.48908097922722193]",29.722221043670917,2.922087379830737
"[0.14467170768939913, 0.6717077935411342, -0.9146562045473182, 0.4890736183986591]",29.72227338830375,2.922150212312133
"[0.14465930405053173, 0.6717112839184303, -0.9146591521822544, 0.4890662569561265]",29.722325732386906,2.92221304479353
"[0.1446468986965166, 0.6717147751796946, -0.9146621001861742, 0.4890588937070775]",29.722378075541673,2.9222758772749264
"[0.144634492627208, 0.6717182670437304, -0.9146650483213977, 0.4890515292446494]",29.72243041732955,2.922338709756323
"[0.14462208589461747, 0.671721759495994, -0.9146679965755075, 0.4890441635995461]",29.722482757127406,2.92240154223772
"[0.14460967770381258, 0.6717252527604031, -0.9146709451373393, 0.48903679629957286]",29.722535099093644,2.9224643747191164
"[0.1445972682719363, 0.6717287467759966, -0.9146738939552266, 0.48902942747334543]",29.72258743785203,2.922527207200513
"[0.144584857944767, 0.6717322414455688, -0.9146768429469353, 0.48902205732592374]",29.722639775453388,2.9225900396819093
"[0.14457244688043927, 0.6717357367246936, -0.9146797920748326, 0.48901468595103054]",29.722692111537725,2.9226528721633063
"[0.14456003515861696, 0.6717392325910646, -0.91468274131992, 0.48900731339576803]",29.72274445187096,2.9227157046447028
"[0.14454762142615096, 0.6717427294259816, -0.9146856910036623, 0.4889999388560543]",29.722796785772015,2.9227785371260993
"[0.14453520846814277, 0.6717462264450089, -0.9146886404642164, 0.4889925639862417]",29.72284912128372,2.922841369607496
"[0.14452279321307665, 0.671749724513526, -0.9146915904313615, 0.488985186961329]",29.72290145409015,2.9229042020888927
"[0.14451037790594806, 0.6717532229992231, -0.9146945403715834, 0.4889778091148966]",29.722953789144878,2.922967034570289
"[0.144497961206872, 0.6717567222797507, -0.914697490603189, 0.4889704296505519]",29.723006121638576,2.9230298670516857
"[0.1444855426997925, 0.6717602224725483, -0.9147004412249662, 0.48896304832067844]",29.723058452604043,2.9230926995330826
"[0.14447312385577935, 0.6717637231631496, -0.9147033918873226, 0.4889556659993768]",29.72311078352706,2.923155532014479
"[0.14446070524654556, 0.6717672241904414, -0.9147063424543664, 0.4889482830264369]",29.723163111637653,2.9232183644958756
"[0.14444828473220406, 0.6717707261578181, -0.9147092934344547, 0.48894089812946434]",29.7232154433461,2.9232811969772725
"[0.14443586261818794, 0.671774228979375, -0.9147122447549481, 0.48893351148967057]",29.723267770019827,2.9233440294586686
"[0.14442344007223176, 0.6717777323259936, -0.9147151961383384, 0.4889261238011571]",29.723320096840574,2.9234068619400655
"[0.14441101728999736, 0.671781236142513, -0.914718147538096, 0.48891873518023543]",29.72337242503958,2.923469694421462
"[0.14439859071806266, 0.6717847414315005, -0.914721099798342, 0.4889113435128977]",29.723424749385142,2.9235325269028585
"[0.14438616634732815, 0.6717882465030164, -0.914724051495753, 0.48890395236267425]",29.723477074445242,2.9235953593842554
"[0.1443737398397499, 0.6717917525810679, -0.9147270036608395, 0.48889655914865876]",29.72352939808354,2.923658191865652
"[0.14436131302013622, 0.6717952591508539, -0.914729955860039, 0.4888891649563707]",29.723581720046887,2.9237210243470484
"[0.1443488849934179, 0.6717987664651156, -0.9147329083059139, 0.48888176925295307]",29.723634043257945,2.923783856828445
"[0.1443364558882435, 0.6718022744876835, -0.9147358609678395, 0.4888743721147112]",29.723686364940946,2.923846689309842
"[0.1443240239163223, 0.6718057837235223, -0.9147388142705679, 0.488866972476919]",29.72373868424828,2.9239095217912383
"[0.14431159328400225, 0.671809292985413, -0.9147417672147861, 0.4888595728430212]",29.72379100359135,2.923972354272635
"[0.14429916018261593, 0.6718128033486399, -0.9147447207052033, 0.4888521709456902]",29.723843320174677,2.9240351867540317
"[0.1442867281382977, 0.6718163138177751, -0.914747673904114, 0.48884476888393863]",29.72389564159139,2.9240980192354282
"[0.14427429319492746, 0.6718198255100467, -0.9147506277512207, 0.48883736430205815]",29.723947956151264,2.9241608517168247
"[0.14426185782623366, 0.6718233377270423, -0.9147535816588372, 0.48882995867272566]",29.724000273514083,2.924223684198221
"[0.1442494229524232, 0.6718268502089267, -0.9147565354083148, 0.48882255254386775]",29.724052590409393,2.924286516679618
"[0.14423698477541833, 0.6718303640287131, -0.9147594899017729, 0.4888151436530628]",29.724104902667364,2.9243493491610146
"[0.14422454629261308, 0.6718338783398491, -0.9147624444271538, 0.4888077337853272]",29.724157215744423,2.924412181642411
"[0.14421210866467926, 0.6718373928144192, -0.914765398708709, 0.48880032363209536]",29.72420953071544,2.924475014123808
"[0.14419966789765104, 0.6718409085811466, -0.9147683536950478, 0.4887929108135436]",29.72426184079014,2.924537846605204
"[0.14418722641988496, 0.6718444249540036, -0.9147713088093025, 0.48878549677618605]",29.724314151340977,2.924600679086601
"[0.14417478452146587, 0.6718479418511017, -0.9147742639825105, 0.4887780816927217]",29.724366460921512,2.924663511567998
"[0.14416234167825365, 0.6718514594207087, -0.9147772193391007, 0.4887706652505862]",29.72441876971355,2.924726344049394
"[0.14414989718966437, 0.6718549778610455, -0.9147801750454035, 0.4887632470319008]",29.72447107871553,2.924789176530791
"[0.14413745350930893, 0.6718584964784863, -0.914783130518599, 0.48875582849913607]",29.72452338824048,2.9248520090121874
"[0.14412500772691225, 0.6718620160960768, -0.9147860864498324, 0.4887484079170712]",29.724575695028168,2.9249148414935844
"[0.14411255969437062, 0.6718655367558926, -0.914789042874217, 0.48874098519700837]",29.72462799908989,2.924977673974981
"[0.14410011267989303, 0.6718690575337596, -0.9147919990154708, 0.4887335622875112]",29.724680302892974,2.9250405064563774
"[0.14408766383308425, 0.6718725792359969, -0.914794955550504, 0.4887261374886201]",29.724732609112127,2.9251033389377743
"[0.1440752138187883, 0.6718761016747313, -0.9147979123213441, 0.488718711196499]",29.724784913835865,2.9251661714191703
"[0.1440627640610343, 0.6718796244471285, -0.9148008689897424, 0.4887112842604531]",29.72483721408661,2.9252290039005673
"[0.14405031142481928, 0.6718831484404608, -0.9148038263001498, 0.48870385480995143]",29.7248895146186,2.9252918363819638
"[0.14403786027533355, 0.6718866724195223, -0.9148067832158379, 0.4886964254491546]",29.72494181699704,2.9253546688633603
"[0.14402540526780655, 0.6718901978971565, -0.914809741006026, 0.48868899298867674]",29.724994113778855,2.925417501344757
"[0.14401295120604093, 0.6718937235138185, -0.9148126985298412, 0.4886815602948017]",29.7250464142812,2.9254803338261537
"[0.14400049687174016, 0.6718972496143991, -0.914815656076546, 0.4886741266404555]",29.725098713482375,2.92554316630755
"[0.14398803893545653, 0.6719007771417721, -0.9148186144367139, 0.4886666900379528]",29.72515100777188,2.9256059987889467
"[0.14397558195047208, 0.6719043048068146, -0.9148215725290184, 0.488659253205019]",29.72520330646511,2.9256688312703436
"[0.1439631231920814, 0.6719078333812306, -0.9148245310004167, 0.48865181451484363]",29.725255600732584,2.92573166375174
"[0.14395066312268698, 0.6719113627342419, -0.9148274897410366, 0.4886443742431726]",29.72530789472122,2.9257944962331366
"[0.14393820309179473, 0.6719148924837074, -0.9148304484303627, 0.48863693319564994]",29.72536018874388,2.9258573287145335
"[0.14392574123489624, 0.6719184231579475, -0.9148334075110659, 0.48862949025857333]",29.725412480662683,2.9259201611959296
"[0.14391328007235174, 0.6719219540429892, -0.914836366384623, 0.48862204693709144]",29.725464774564834,2.9259829936773265
"[0.14390081584267816, 0.6719254862048171, -0.91483932594412, 0.4886146009840985]",29.72551706366483,2.926045826158723
"[0.1438883514479732, 0.6719290188212262, -0.9148422855003974, 0.4886071541328972]",29.725569353188725,2.92610865864012
"[0.14387588618889327, 0.6719325520905186, -0.9148452452194457, 0.4885997059655061]",29.72562164331714,2.9261714911215164
"[0.14386342027466645, 0.6719360859535018, -0.9148482050515226, 0.488592256606745]",29.7256739317269,2.926234323602913
"[0.14385095302817724, 0.6719396206022575, -0.9148511651573344, 0.48858480565174867]",29.72572621904783,2.92629715608431
"[0.1438384839519516, 0.6719431561780488, -0.9148541256549185, 0.4885773528028138]",29.72577850384235,2.926359988565706
"[0.14382601431383646, 0.6719466923215172, -0.9148570862431898, 0.48856989881748647]",29.725830789984823,2.926422821047103
"[0.14381354475296174, 0.671950228851501, -0.9148600467703417, 0.4885624440776948]",29.72588307651635,2.9264856535284993
"[0.14380107437965578, 0.671953766020399, -0.9148630074475402, 0.4885549880514398]",29.725935360789848,2.926548486009896
"[0.14378860238895896, 0.6719573040566953, -0.9148659684658274, 0.48854753025714825]",29.72598764230761,2.9266113184912927
"[0.14377612972632348, 0.671960842692342, -0.9148689296006725, 0.48854007125988735]",29.726039927061912,2.9266741509726892
"[0.14376365517410103, 0.6719643822729703, -0.9148718911410865, 0.48853261033116496]",29.72609220703939,2.9267369834540857
"[0.14375118029148823, 0.6719679223563148, -0.914874852716839, 0.48852514840325983]",29.72614448738427,2.926799815935482
"[0.143738704494323, 0.6719714631082592, -0.9148778144665468, 0.48851768512656535]",29.726196766913052,2.926862648416879
"[0.14372622633230103, 0.6719750049406129, -0.9148807767344402, 0.4885102196331143]",29.726249044639463,2.9269254808982756
"[0.1437137498177775, 0.6719785467145847, -0.9148837385679386, 0.48850275432330337]",29.72630132387771,2.926988313379672
"[0.14370127067914115, 0.6719820896428598, -0.9148867009810318, 0.4884952866410809]",29.726353601055006,2.927051145861069
"[0.14368878940298838, 0.6719856335875779, -0.9148896638581238, 0.4884878168771028]",29.726405877020266,2.9271139783424656
"[0.14367630998708295, 0.6719891774136629, -0.9148926262501444, 0.48848034742386415]",29.726458152044422,2.927176810823862
"[0.14366382732217223, 0.6719927225721197, -0.9148955893698762, 0.48847287522307264]",29.726510423804378,2.9272396433052585
"[0.14365134481630068, 0.6719962680952432, -0.9148985524082471, 0.48846540231444235]",29.72656269648478,2.9273024757866555
"[0.14363886020124306, 0.6719998146274279, -0.9149015159036133, 0.4884579273398211]",29.72661496986497,2.927365308268052
"[0.1436263759324042, 0.6720033614713017, -0.9149044792730623, 0.4884504517691063]",29.726667242227332,2.9274281407494485
"[0.14361389039643327, 0.6720069090853059, -0.9149074428994927, 0.4884429746360901]",29.72671951381607,2.9274909732308454
"[0.14360140431094548, 0.6720104572656801, -0.9149104066124999, 0.4884354963702835]",29.726771784337178,2.9275538057122414
"[0.1435889161020264, 0.6720140064598565, -0.9149133707855991, 0.48842801602871444]",29.726824051616198,2.9276166381936384
"[0.1435764274994636, 0.6720175561763916, -0.9149163350081423, 0.4884205346472117]",29.726876320206497,2.927679470675035
"[0.14356393911188814, 0.6720211062423425, -0.9149192991356104, 0.4884130525903059]",29.726928587139227,2.9277423031564314
"[0.1435514462890433, 0.6720246579798868, -0.914922264271666, 0.48840556707146465]",29.726980851907136,2.9278051356378283
"[0.1435389550818796, 0.6720282096689149, -0.9149252289800579, 0.48839808171599275]",29.727033116850663,2.927867968119225
"[0.1435264628992353, 0.6720317620461782, -0.9149281938757343, 0.4883905949711652]",29.72708538502881,2.9279308006006213
"[0.14351397005058988, 0.6720353150238145, -0.9149311588851726, 0.48838310702221754]",29.72713764673728,2.9279936330820178
"[0.14350147417161285, 0.6720388692744651, -0.9149341245694386, 0.4883756164516096]",29.727189907306727,2.9280564655634147
"[0.14348897895164414, 0.6720424237489075, -0.9149370900528636, 0.4883681254706174]",29.72724216829405,2.928119298044811
"[0.14347648261263496, 0.6720459789530131, -0.9149400557573676, 0.4883606330131741]",29.727294431000157,2.9281821305262077
"[0.14346398528920704, 0.6720495348486285, -0.9149430216509342, 0.4883531391597364]",29.727346692675805,2.9282449630076046
"[0.1434514866190852, 0.6720530915389931, -0.9149459878194698, 0.48834564369278566]",29.727398949600467,2.928307795489001
"[0.14343898727522025, 0.6720566488327447, -0.9149489541032035, 0.4883381470156486]",29.727451206456745,2.9283706279703976
"[0.14342648668825916, 0.6720602068920665, -0.9149519206371822, 0.48833064878659405]",29.72750346621103,2.928433460451794
"[0.1434139856585802, 0.6720637654892837, -0.9149548872313986, 0.4883231494854786]",29.727555721547077,2.928496292933191
"[0.14340148294703073, 0.6720673249772489, -0.9149578541798532, 0.48831564836872954]",29.72760797619909,2.9285591254145875
"[0.14338897942136333, 0.6720708851091227, -0.914960821276545, 0.48830814595661065]",29.727660232156715,2.928621957895984
"[0.14337647570775072, 0.6720744457066938, -0.9149637883728228, 0.4883006426247064]",29.727712485692084,2.928684790377381
"[0.1433639708276696, 0.6720780070487187, -0.9149667557008238, 0.4882931377856295]",29.727764739347133,2.928747622858777
"[0.14335146475804825, 0.672081569141935, -0.9149697232659506, 0.48828563142524045]",29.727816992314036,2.928810455340174
"[0.14333895599990631, 0.6720851324135324, -0.9149726914238178, 0.48827812264339115]",29.72786924080134,2.928873287821571
"[0.14332644891419818, 0.6720886956213166, -0.9149756591395721, 0.48827061405775085]",29.727921493948255,2.928936120302967
"[0.14331393896843597, 0.6720922600566949, -0.9149786274886257, 0.48826310294705705]",29.72797374027814,2.928998952784364
"[0.1433014284384774, 0.672095825071419, -0.9149815959308907, 0.488255590677378]",29.728025989903216,2.9290617852657603
"[0.1432889186971544, 0.6720993902743203, -0.9149845641405708, 0.48824807807302667]",29.728078237075753,2.929124617747157
"[0.14327640579377143, 0.6721029567914848, -0.9149875330549844, 0.4882405627611647]",29.728130483214315,2.9291874502285538
"[0.14326389221140656, 0.6721065239154032, -0.9149905020848978, 0.48823304623270963]",29.7281827282515,2.9292502827099502
"[0.14325137825663017, 0.6721100915587764, -0.9149934711575104, 0.48822552867165525]",29.72823497350656,2.9293131151913467
"[0.14323886301031613, 0.6721136599837784, -0.9149964404908254, 0.48821800952561856]",29.728287217141418,2.9293759476727432
"[0.14322634776434928, 0.6721172288221501, -0.9149994097782729, 0.4882104895706012]",29.728339460077144,2.92943878015414
"[0.14321383035683874, 0.6721207986905416, -0.9150023795326967, 0.48820296750731496]",29.728391702214132,2.9295016126355367
"[0.14320131228069163, 0.6721243691633657, -0.9150053493998324, 0.4881954442325652]",29.728443944081246,2.929564445116933
"[0.1431887929668722, 0.6721279404030718, -0.9150083195146126, 0.48818791940411443]",29.72849618196783,2.92962727759833
"[0.1431762724478125, 0.6721315124005577, -0.9150112898692753, 0.488180393041181]",29.728548422236962,2.9296901100797266
"[0.1431637515295904, 0.6721350849259915, -0.9150142602725175, 0.4881728656280888]",29.728600658323025,2.929752942561123
"[0.1431512303354011, 0.6721386579443034, -0.9150172306950518, 0.48816533723877464]",29.728652897049624,2.9298157750425196
"[0.1431387062819331, 0.6721422321928522, -0.9150202017496475, 0.488157806319667]",29.728705134847463,2.9298786075239165
"[0.1431261828127741, 0.672145806689034, -0.9150231726193184, 0.48815027494116364]",29.728757371153584,2.929941440005313
"[0.14311365685747385, 0.6721493823093653, -0.9150261440323809, 0.48814274125651447]",29.728809602536813,2.9300042724867095
"[0.14310113179985862, 0.6721529580880344, -0.9150291151860555, 0.48813520730069354]",29.728861835461064,2.9300671049681064
"[0.14308860551397118, 0.6721565346320372, -0.9150320865845966, 0.4881276717948309]",29.728914070876534,2.9301299374495025
"[0.14307607732309946, 0.6721601121347961, -0.9150350583884516, 0.4881201343314637]",29.72896630235904,2.9301927699308994
"[0.14306354769461002, 0.6721636904630596, -0.9150380304866815, 0.4881125951913997]",29.729018531545528,2.930255602412296
"[0.14305101914036883, 0.6721672688995287, -0.9150410022833979, 0.48810505588594644]",29.72907076347358,2.9303184348936924
"[0.1430384874097239, 0.6721708486584342, -0.9150439747867932, 0.48809751385692834]",29.729122992296645,2.9303812673750893
"[0.1430259556671609, 0.6721744288360249, -0.9150469472461819, 0.4880899710084758]",29.72917522109736,2.930444099856486
"[0.14301342191629243, 0.6721780100027931, -0.9150499201350262, 0.48808242613870745]",29.729227446400508,2.9305069323378827
"[0.14300088864640195, 0.6721815914476202, -0.9150528928628241, 0.4880748807458716]",29.729279672781065,2.9305697648192788
"[0.14298835587933287, 0.6721851731642524, -0.9150558654243435, 0.4880673348431666]",29.729331901998727,2.9306325973006757
"[0.14297581747012586, 0.6721887569091458, -0.9150588392769785, 0.48805978473019335]",29.729384125162454,2.930695429782072
"[0.14296328161681474, 0.6721923403393429, -0.9150618124762455, 0.48805223534308784]",29.729436348851138,2.9307582622634687
"[0.14295074380066922, 0.6721959247465291, -0.9150647860938288, 0.4880446839606021]",29.729488571800445,2.9308210947448656
"[0.14293820617352418, 0.6721995095156801, -0.9150677596192994, 0.48803713187849795]",29.729540795646987,2.930883927226262
"[0.1429256655938362, 0.6722030955452006, -0.9150707337976606, 0.4880295772041416]",29.729593012306662,2.9309467597076586
"[0.14291312468856393, 0.672206682084111, -0.9150737080058141, 0.48802202151968144]",29.729645233578857,2.931009592189055
"[0.14290058320721044, 0.6722102692041401, -0.9150766823031037, 0.4880144646740517]",29.72969745452326,2.931072424670452
"[0.14288804092970284, 0.6722138569683463, -0.9150796567416561, 0.4880069065344554]",29.729749673805095,2.9311352571518485
"[0.14287549765416183, 0.672217445434611, -0.915082631369279, 0.4879993469790063]",29.729801891089473,2.931198089633245
"[0.14286295369701735, 0.6722210345125375, -0.9150856061108633, 0.4879917861981866]",29.72985410535265,2.931260922114642
"[0.14285040671158564, 0.6722246248737919, -0.9150885815228346, 0.48798422277712505]",29.729906320610837,2.931323754596038
"[0.14283786034643559, 0.6722282154744793, -0.9150915567398956, 0.48797665891492753]",29.729958535397365,2.931386587077435
"[0.14282531250478628, 0.6722318069147676, -0.9150945322592062, 0.487969093347348]",29.73001074990155,2.9314494195588314
"[0.1428127638576055, 0.6722353990027692, -0.9150975079215863, 0.4879615264786596]",29.73006296349992,2.931512252040228
"[0.14280021512791308, 0.6722389915316052, -0.9151004835555238, 0.4879539587447026]",29.73011517398414,2.931575084521625
"[0.14278766505084498, 0.6722425848635097, -0.9151034594608829, 0.48794638938247437]",29.73016738673011,2.9316379170030213
"[0.1427751125087177, 0.6722461793187205, -0.9151064359026139, 0.4879388177174491]",29.730219593045835,2.9317007494844183
"[0.14276256125761516, 0.6722497738217891, -0.9151094119900113, 0.4879312460150985]",29.730271804239983,2.9317635819658143
"[0.14275000670451615, 0.6722533696882329, -0.91511238881208, 0.4879236715043754]",29.73032401355365,2.9318264144472113
"[0.14273745075550254, 0.6722569663723934, -0.9151153659167809, 0.48791609533475505]",29.730376217616325,2.9318892469286078
"[0.14272489683691, 0.6722605628928072, -0.9151183424916496, 0.4879085195736594]",29.730428424443513,2.9319520794100042
"[0.14271234010136186, 0.6722641606382467, -0.915121319685955, 0.48790094129578765]",29.730480630834705,2.932014911891401
"[0.1426997828870178, 0.6722677589390109, -0.9151242969452403, 0.4878933619118704]",29.730532835567168,2.9320777443727977
"[0.142687223596109, 0.6722713582531109, -0.9151272746482567, 0.4878857804572142]",29.73058503576603,2.932140576854194
"[0.14267466520943647, 0.6722749577263994, -0.9151302520882152, 0.48787819873100996]",29.730637241203198,2.9322034093355906
"[0.14266210549905678, 0.6722785579975062, -0.9151332297932747, 0.48787061538811793]",29.730689443482383,2.9322662418169876
"[0.14264954241727945, 0.6722821596536974, -0.915136208248821, 0.48786302919164626]",29.73074164285257,2.932329074298384
"[0.1426369807491823, 0.6722857613232902, -0.9151391863203409, 0.48785544303082207]",29.730793841803987,2.9323919067797806
"[0.1426244173654003, 0.6722893639035987, -0.9151421647496697, 0.4878478550156851]",29.730846042741625,2.9324547392611775
"[0.142611853693662, 0.6722929669853679, -0.9151451431982619, 0.4878402660082925]",29.730898240494263,2.9325175717425735
"[0.1425992875993663, 0.672296571180949, -0.9151481221720906, 0.48783267471893277]",29.730950435255185,2.9325804042239705
"[0.14258672109417309, 0.672300175913545, -0.9151511011941865, 0.4878250823625336]",29.73100263200882,2.9326432367053674
"[0.1425741537968388, 0.6723037812926266, -0.9151540803548611, 0.48781748870857533]",29.731054830058532,2.9327060691867635
"[0.14256158530801902, 0.6723073874328996, -0.9151570597487124, 0.4878098935155121]",29.73110702115739,2.9327689016681604
"[0.1425490173394706, 0.6723109938433375, -0.9151600389698937, 0.48780229781760354]",29.731159215309148,2.932831734149557
"[0.14253644549128697, 0.6723146017866394, -0.9151630190613382, 0.48779469895539207]",29.73121140786902,2.932894566630954
"[0.1425238748143167, 0.6723182098135346, -0.9151659988256765, 0.48778709998137354]",29.731263598342988,2.9329573991123503
"[0.1425113019191311, 0.6723218188969379, -0.9151689790662791, 0.4877794988464955]",29.731315787088512,2.933020231593747
"[0.14249872841979316, 0.6723254285737094, -0.9151719594004806, 0.4877718965262361]",29.73136797787393,2.9330830640751437
"[0.14248615592010871, 0.6723290383834454, -0.915174939448069, 0.4877642939902834]",29.7314201677722,2.93314589655654
"[0.1424735799334561, 0.6723326496145124, -0.9151779202724301, 0.4877566885252946]",29.73147235535766,2.9332087290379367
"[0.14246100247584453, 0.6723362616883094, -0.9151809013956286, 0.4877490813499201]",29.731524540677395,2.933271561519333
"[0.1424484273004071, 0.672339873526971, -0.9151838819280439, 0.48774147473420026]",29.731576727086946,2.9333343940007297
"[0.14243584834326842, 0.6723434868723033, -0.9151868633068458, 0.4877338650099174]",29.731628911883725,2.9333972264821266
"[0.14242326910986705, 0.6723471007176021, -0.9151898447011171, 0.48772625429725924]",29.731681097950922,2.933460058963523
"[0.14241068967398432, 0.6723507150417395, -0.9151928260933094, 0.4877186426407612]",29.73173327846998,2.9335228914449196
"[0.14239810787886503, 0.6723543304645684, -0.9151958079945105, 0.48771102873508854]",29.73178546215064,2.933585723926316
"[0.1423855259450431, 0.6723579463481825, -0.9151987898783773, 0.487703413923698]",29.731837643100423,2.933648556407713
"[0.1423729416880849, 0.6723615633205317, -0.9152017722625394, 0.487695796884227]",29.731889821649116,2.9337113888891095
"[0.14236035586591275, 0.6723651811640075, -0.9152047549672935, 0.48768817807500253]",29.731941998621583,2.933774221370506
"[0.14234777209085012, 0.6723687988402577, -0.9152077371365015, 0.4876805596827233]",29.731994178187854,2.933837053851903
"[0.14233518574047108, 0.6723724176782467, -0.9152107198655467, 0.48767293890879415]",29.732046353910633,2.9338998863332995
"[0.14232259882731016, 0.6723760370995313, -0.915213702677418, 0.4876653169713977]",29.732098530687658,2.933962718814696
"[0.14231001172083632, 0.672379656997952, -0.9152166854844964, 0.4876576940941308]",29.732150707944033,2.9340255512960924
"[0.14229742192136557, 0.6723832780925793, -0.9152196688790634, 0.4876500687628163]",29.732202881995978,2.9340883837774894
"[0.1422848310221396, 0.6723868999253989, -0.9152226524834871, 0.48764244194201145]",29.732255053622413,2.934151216258886
"[0.14227224113547535, 0.672390521888843, -0.915225635797163, 0.48763481491116445]",29.732307228601325,2.9342140487402824
"[0.14225964740419916, 0.6723941453804522, -0.9152286199709753, 0.4876271847274316]",29.732359399104556,2.9342768812216793
"[0.14224705581865663, 0.6723977686768053, -0.915231603585399, 0.487619555019967]",29.732411571549022,2.9343397137030753
"[0.14223446252694924, 0.6724013928863292, -0.9152345875530977, 0.4876119234547477]",29.732463741060126,2.9344025461844723
"[0.14222186639273823, 0.6724050183363265, -0.9152375721432379, 0.48760428934264155]",29.73251590928335,2.9344653786658688
"[0.14220926964971636, 0.6724086443841089, -0.9152405568264769, 0.48759665403702046]",29.73256807614506,2.9345282111472653
"[0.14219667402826466, 0.6724122705315927, -0.9152435411927612, 0.48758901858672155]",29.732620242685943,2.934591043628662
"[0.1421840751178591, 0.6724158980486826, -0.9152465262870327, 0.4875813803178107]",29.732672407682944,2.9346538761100587
"[0.1421714762018844, 0.6724195259902257, -0.9152495113312706, 0.4875737412205067]",29.7327245762401,2.934716708591455
"[0.14215887590763274, 0.6724231547516187, -0.9152524966506406, 0.4875661004622998]",29.7327767379185,2.9347795410728517
"[0.14214627442851907, 0.6724267842773337, -0.9152554821992435, 0.4875584581601667]",29.7328289012146,2.9348423735542486
"[0.14213367250957779, 0.6724304143529299, -0.9152584678004907, 0.487550814765698]",29.732881062433513,2.934905206035645
"[0.14212106804756752, 0.6724340455844099, -0.9152614539526095, 0.4875431690029309]",29.73293322430259,2.9349680385170416
"[0.14210846645975306, 0.6724376764111797, -0.9152644393721137, 0.4875355241578542]",29.732985386441822,2.9350308709984385
"[0.1420958592946744, 0.6724413092684862, -0.9152674260611505, 0.48752787510301265]",29.73303754349906,2.935093703479835
"[0.14208325599001478, 0.6724449414369151, -0.9152704117838244, 0.4875202275642391]",29.733089703667673,2.9351565359612315
"[0.14207064684105636, 0.6724485757134318, -0.9152733988391107, 0.4875125756525685]",29.733141860917122,2.935219368442628
"[0.14205803919279872, 0.6724522099812869, -0.9152763854869229, 0.48750492382485555]",29.73319401418777,2.935282200924025
"[0.14204543066328432, 0.6724558449271149, -0.9152793722914715, 0.48749727063544623]",29.733246174016394,2.9353450334054214
"[0.14203282054634775, 0.6724594807546722, -0.9152823594199623, 0.4874896156554025]",29.733298326905416,2.935407865886818
"[0.142020208777888, 0.6724631174826446, -0.9152853468875016, 0.48748195884543993]",29.733350480162137,2.935470698368215
"[0.14200759698286922, 0.6724667546425955, -0.9152883343090973, 0.4874743011918681]",29.733402632073833,2.935533530849611
"[0.1419949838687639, 0.6724703926073915, -0.9152913219908492, 0.4874666419097001]",29.733454785139536,2.935596363331008
"[0.1419823700362509, 0.672474031203949, -0.9152943097903972, 0.48745898136341237]",29.7335069343911,2.9356591958124043
"[0.14196975459893674, 0.6724776706880689, -0.9152972979176374, 0.4874513190144644]",29.73355908320513,2.935722028293801
"[0.14195713790031947, 0.6724813109609038, -0.9153002862911152, 0.4874436550710724]",29.733611231666195,2.9357848607751977
"[0.1419445211563548, 0.6724849516716918, -0.9153032746227624, 0.48743599027172096]",29.73366337876554,2.9358476932565942
"[0.14193190402614742, 0.6724885929188906, -0.9153062629932537, 0.48742832440918454]",29.733715526223083,2.9359105257379907
"[0.1419192845155627, 0.6724922352781781, -0.9153092518748247, 0.4874206562715514]",29.733767673064776,2.935973358219387
"[0.141906665006881, 0.6724958780621255, -0.9153122407031673, 0.48741298730609944]",29.733819818731416,2.936036190700784
"[0.1418940442841161, 0.6724995216218518, -0.9153152297662098, 0.4874053167736838]",29.73387196080713,2.9360990231821806
"[0.14188142237338502, 0.6725031659499818, -0.9153182190576925, 0.4873976446898851]",29.73392410586161,2.936161855663577
"[0.14186880055522336, 0.6725068106768997, -0.9153212082742718, 0.48738997183287996]",29.733976249440037,2.936224688144974
"[0.14185617582641738, 0.6725104566699895, -0.9153241981271246, 0.4873822963766961]",29.734028389326994,2.9362875206263706
"[0.14184355101121077, 0.6725141031138381, -0.9153271879473156, 0.4873746200380025]",29.734080530537053,2.936350353107767
"[0.141830923276812, 0.6725177508268503, -0.9153301784056269, 0.48736694109399586]",29.734132666634675,2.9364131855891635
"[0.1418182976258831, 0.6725213983639774, -0.9153331683172901, 0.48735926258671397]",29.7341848073511,2.9364760180705605
"[0.14180566943527476, 0.6725250470609555, -0.9153361587770512, 0.4873515817043487]",29.734236943955924,2.936538850551957
"[0.14179304073534532, 0.6725286963313368, -0.9153391493040284, 0.4873438996814853]",29.734289078465427,2.9366016830333534
"[0.14178040975467, 0.6725323466871829, -0.915342140317625, 0.487336215440244]",29.734341213316387,2.9366645155147504
"[0.1417677812011257, 0.672535996767964, -0.9153451307029568, 0.4873285318446729]",29.734393351248702,2.9367273479961464
"[0.14175514797628538, 0.6725396486255257, -0.9153481221408251, 0.4873208445755949]",29.734445483527857,2.9367901804775434
"[0.14174251453854583, 0.672543300971383, -0.9153511135754292, 0.48731315634538475]",29.734497614787248,2.9368530129589403
"[0.14172988089452226, 0.6725469538036919, -0.9153541050051394, 0.48730546715796674]",29.73454974557383,2.9369158454403363
"[0.14171724549400438, 0.6725506075708189, -0.9153570967969463, 0.48729777606958524]",29.73460187562663,2.9369786779217333
"[0.14170460997127748, 0.6725542618003216, -0.9153600885638139, 0.48729008407477364]",29.734654006362472,2.9370415104031298
"[0.14169197186574944, 0.6725579172039945, -0.915363080888269, 0.4872823896752951]",29.734706132074013,2.9371043428845263
"[0.14167933579961992, 0.6725615724450027, -0.9153660726758497, 0.4872746956851477]",29.73475826304104,2.937167175365923
"[0.141666696057818, 0.6725652291766777, -0.9153690652796183, 0.4872669986242522]",29.73481038867717,2.9372300078473197
"[0.14165405625745076, 0.6725688863528105, -0.9153720578430983, 0.48725930069484363]",29.734862514291905,2.9372928403287166
"[0.14164141384601567, 0.6725725447121202, -0.9153750509705354, 0.4872516003420642]",29.734914637111185,2.9373556728101127
"[0.1416287715115841, 0.6725762034769307, -0.9153780440254446, 0.48724389920287614]",29.73496675969613,2.9374185052915096
"[0.14161612936985205, 0.672579862613792, -0.9153810369803757, 0.4872361973477233]",29.735018884117682,2.937481337772906
"[0.14160348610154316, 0.6725835225046526, -0.915384030147593, 0.48722849397271784]",29.735071005970383,2.9375441702543026
"[0.14159084112088338, 0.6725871833192598, -0.9153870236656959, 0.4872207887206268]",29.735123126599664,2.9376070027356995
"[0.14157819481258227, 0.6725908449464508, -0.9153900174435269, 0.48721308182549755]",29.735175246405454,2.937669835217096
"[0.14156554808266866, 0.6725945071240268, -0.9153930112665288, 0.4872053738392497]",29.735227365138048,2.9377326676984925
"[0.14155289965710982, 0.6725981702210589, -0.9153960054362285, 0.4871976639851247]",29.73527948220984,2.937795500179889
"[0.14154025111970392, 0.6726018337790323, -0.9153989995776256, 0.48718995322825287]",29.735331598730276,2.937858332661286
"[0.14152760194883587, 0.6726054979490689, -0.915401993814142, 0.48718224125057147]",29.735383718118943,2.9379211651426824
"[0.14151494978803142, 0.6726091634140621, -0.9154049887034911, 0.48717452661490135]",29.735435830048157,2.937983997624079
"[0.14150229786339197, 0.6726128292395273, -0.9154079834819552, 0.4871668112880653]",29.735487944612288,2.938046830105476
"[0.1414896446421346, 0.6726164958697065, -0.9154109785122778, 0.48715909433515203]",29.735540056937026,2.938109662586872
"[0.14147699067311414, 0.672620163145695, -0.9154139736644727, 0.48715137609064674]",29.735592168385036,2.938172495068269
"[0.1414643365985951, 0.6726238308814638, -0.9154169687864481, 0.4871436569461297]",29.73564427972753,2.9382353275496653
"[0.1414516795569113, 0.6726274999066176, -0.9154199645554663, 0.48713593515563786]",29.735696386543125,2.938298160031062
"[0.14143902275673803, 0.6726311692912462, -0.9154229602119865, 0.4871282126763388]",29.735748499500968,2.9383609925124587
"[0.14142636502454597, 0.6726348393756506, -0.9154259560336994, 0.4871204887920871]",29.73580060609624,2.9384238249938552
"[0.1414137058451973, 0.6726385103093582, -0.9154289521424517, 0.4871127631882479]",29.73585271308633,2.938486657475252
"[0.14140104635524697, 0.6726421817629379, -0.9154319482691738, 0.4871050365581838]",29.735904818822387,2.938549489956648
"[0.1413883852295256, 0.6726458541208212, -0.9154349447274293, 0.48709730809287827]",29.735956924767983,2.938612322438045
"[0.14137572324508688, 0.6726495271578339, -0.91543794133323, 0.4870895782662982]",29.73600902867266,2.9386751549194416
"[0.14136306042129565, 0.6726532008684813, -0.9154409380819237, 0.4870818470900501]",29.736061132703263,2.938737987400838
"[0.1413503956773018, 0.6726568755665226, -0.9154439352292216, 0.4870741139038994]",29.73611323226599,2.938800819882235
"[0.14133773154838639, 0.6726605505164593, -0.9154469321750734, 0.48706638025571164]",29.736165334357405,2.9388636523636316
"[0.141325064903143, 0.6726642266271246, -0.9154499296604467, 0.4870586442329724]",29.736217434471822,2.938926484845028
"[0.14131239769249684, 0.672667903332526, -0.9154529272235864, 0.4870509070268211]",29.73626953136936,2.9389893173264245
"[0.14129972895602344, 0.6726715809115841, -0.9154559250916914, 0.48704316805035774]",29.736321630237956,2.9390521498078215
"[0.14128706028954333, 0.6726752589011948, -0.915458922887058, 0.4870354282781912]",29.736373729108553,2.939114982289218
"[0.14127439074320292, 0.6726789375771517, -0.9154619208343997, 0.48702768712995315]",29.736425823349304,2.9391778147706145
"[0.14126171974199647, 0.6726826171066371, -0.9154649190696853, 0.4870199442539439]",29.73647792087259,2.9392406472520114
"[0.14124904793468668, 0.6726862973013907, -0.9154679174393361, 0.48701220004635476]",29.73653001406161,2.9393034797334074
"[0.1412363735247889, 0.6726899786833891, -0.9154709163683432, 0.48700445340887194]",29.736582105394255,2.9393663122148044
"[0.14122369950207467, 0.6726936603843867, -0.9154739151492133, 0.48699670616857577]",29.736634197954043,2.939429144696201
"[0.14121102555640672, 0.6726973424944996, -0.9154769138552691, 0.48698895813587484]",29.736686291112136,2.939491977177598
"[0.14119834934666592, 0.6727010256940442, -0.9154799130403528, 0.48698120787927957]",29.73673838014447,2.9395548096589943
"[0.14118567229117984, 0.6727047095711153, -0.9154829123688073, 0.4869734562655908]",29.736790472693176,2.939617642140391
"[0.14117299434672778, 0.6727083941384109, -0.915485911850785, 0.4869657032681445]",29.73684256004607,2.9396804746217877
"[0.14116031492760311, 0.6727120795663236, -0.9154889116247806, 0.4869579485284631]",29.736894645596962,2.9397433071031838
"[0.1411476352296282, 0.672715765507409, -0.9154919114078073, 0.48695019277767854]",29.736946732889077,2.9398061395845807
"[0.14113495340755836, 0.6727194524982464, -0.9154949116363365, 0.486942434886812]",29.7369988153604,2.939868972065977
"[0.1411222719572876, 0.6727231398133349, -0.915497911719826, 0.48693467638245685]",29.73705090225383,2.9399318045473737
"[0.1411095886885282, 0.6727268280896598, -0.9155009121763652, 0.48692691592438325]",29.73710298374755,2.9399946370287706
"[0.14109690351637422, 0.6727305173521495, -0.9155039130259529, 0.48691915346020936]",29.737155065613106,2.940057469510167
"[0.14108421966139376, 0.6727342066642361, -0.9155069135066554, 0.48691139096058433]",29.737207149040696,2.9401203019915636
"[0.1410715327603412, 0.6727378972951777, -0.9155099146505646, 0.4869036257549763]",29.737259227351867,2.94018313447296
"[0.14105884512838113, 0.6727415885717332, -0.9155129159099303, 0.4868958592599774]",29.737311306427227,2.940245966954357
"[0.1410461561972376, 0.6727452806593857, -0.9155159174191034, 0.48688809112746495]",29.737363383739726,2.9403087994357535
"[0.14103346720844018, 0.672748973197006, -0.9155189188843341, 0.4868803221173033]",29.73741546127552,2.94037163191715
"[0.14102077839943802, 0.6727526661155375, -0.9155219202493956, 0.4868725523748251]",29.737467539861104,2.940434464398547
"[0.14100808556460742, 0.6727563606392211, -0.9155249225089825, 0.4868647793243519]",29.737519612109317,2.940497296879943
"[0.14099539445970175, 0.6727600550928843, -0.9155279243015993, 0.48685700649040026]",29.73757168781285,2.94056012936134
"[0.14098270240096028, 0.672763750257794, -0.9155309262619717, 0.48684923222928145]",29.737623763334117,2.9406229618427364
"[0.14097000831953235, 0.6727674464453374, -0.915533928642825, 0.4868414558859327]",29.73767583362763,2.9406857943241334
"[0.14095731252337695, 0.6727711435660847, -0.9155369313712343, 0.48683367764857355]",29.737727904318174,2.94074862680553
"[0.1409446155354612, 0.6727748414679398, -0.9155399343234292, 0.4868258978372567]",29.737779974705255,2.9408114592869263
"[0.1409319170404581, 0.6727785402429257, -0.9155429375739063, 0.4868181162584417]",29.73783204336034,2.9408742917683233
"[0.14091922006450064, 0.6727822390096698, -0.9155459404069051, 0.48681033476644076]",29.737884112580982,2.9409371242497193
"[0.14090652104600737, 0.6727859388057142, -0.9155489436646896, 0.486802551178459]",29.737936178192115,2.9409999567311162
"[0.14089382109951373, 0.6727896393066052, -0.9155519470835791, 0.4867947661771925]",29.737988245698443,2.941062789212513
"[0.1408811188364426, 0.6727933409171413, -0.9155549509918802, 0.4867869789110891]",29.738040311647016,2.9411256216939092
"[0.14086841564324215, 0.672797043233506, -0.9155579550616327, 0.4867791902297435]",29.73809237357548,2.941188454175306
"[0.1408557126831533, 0.6728007459167621, -0.915560959017685, 0.4867714008462365]",29.738144436766703,2.9412512866567027
"[0.14084300936843927, 0.6728044491382887, -0.9155639629989573, 0.486763610400084]",29.738196501291515,2.941314119138099
"[0.1408303037460087, 0.6728081534675948, -0.9155669674672301, 0.4867558176932472]",29.738248560682464,2.941376951619496
"[0.14081759759723336, 0.6728118583855491, -0.9155699720011764, 0.4867480238179022]",29.738300622444854,2.9414397841008926
"[0.14080488992330148, 0.6728155641835334, -0.9155729768369043, 0.4867402281611294]",29.738352679526958,2.941502616582289
"[0.14079218059089166, 0.672819270900639, -0.9155759820058549, 0.4867324306407617]",29.738404738164274,2.9415654490636856
"[0.14077947174113428, 0.6728229779125066, -0.9155789870016793, 0.48672463257026244]",29.738456792962513,2.9416282815450825
"[0.1407667618277523, 0.6728266856702434, -0.9155819921899278, 0.4867168330007257]",29.738508850163967,2.941691114026479
"[0.14075405037524344, 0.6728303943127496, -0.9155849976829485, 0.4867090316400288]",29.738560907283393,2.9417539465078755
"[0.1407413372371457, 0.6728341038829677, -0.9155880035152881, 0.4867012283979037]",29.738612959095747,2.9418167789892724
"[0.1407286232692153, 0.672837814131376, -0.9155910094845349, 0.4866934237992926]",29.73866501306904,2.941879611470669
"[0.1407159091814676, 0.6728415248508718, -0.9155940154227505, 0.48668561827988804]",29.738717064836198,2.9419424439520654
"[0.14070319367981743, 0.6728452364192729, -0.915597021635818, 0.4866778110450022]",29.738769116891778,2.942005276433462
"[0.14069047750600347, 0.672848948620233, -0.9156000279482958, 0.486670002549778]",29.738821166750903,2.942068108914859
"[0.14067775930475712, 0.6728526618495643, -0.9156030346805137, 0.4866621919616878]",29.738873214706008,2.9421309413962553
"[0.14066504122269616, 0.6728563754806993, -0.9156060413249074, 0.48665438059875277]",29.738925262379098,2.942193773877652
"[0.1406523226659409, 0.6728600896871093, -0.9156090480218109, 0.4866465680961269]",29.738977311052047,2.9422566063590487
"[0.14063960080314564, 0.6728638052958786, -0.9156120554404709, 0.48663875271418433]",29.739029354763964,2.942319438840445
"[0.14062688006579704, 0.6728675210128864, -0.915615062533217, 0.48663093717502726]",29.7390814007549,2.9423822713218417
"[0.14061415718773995, 0.6728712377922762, -0.9156180700720763, 0.4866231194717847]",29.73913344534935,2.942445103803238
"[0.14060143496117103, 0.6728749548184844, -0.9156210773969312, 0.48661530131993286]",29.739185491074718,2.9425079362846347
"[0.14058871007614593, 0.6728786730587044, -0.9156240852901261, 0.48660748068518206]",29.739237532145925,2.9425707687660316
"[0.1405759832643487, 0.6728823922994414, -0.9156270935786068, 0.4865996580166744]",29.7392895706502,2.942633601247428
"[0.14056325815658577, 0.6728861114796963, -0.9156301014040815, 0.48659183554604385]",29.739341612209547,2.9426964337288246
"[0.14055052909365084, 0.6728898322536514, -0.9156331101041362, 0.4865840097941404]",29.73939364859352,2.942759266210221
"[0.14053780119966125, 0.672893553123701, -0.9156361184675262, 0.4865761839108884]",29.739445686060762,2.942822098691618
"[0.1405250729029224, 0.6728972745493114, -0.9156391268656833, 0.4865683569299437]",29.73949772599751,2.9428849311730145
"[0.14051234029754422, 0.6729009976727782, -0.915642136221683, 0.48656052644890424]",29.739549758262523,2.942947763654411
"[0.14049960870010592, 0.6729047209396783, -0.9156451452788693, 0.48655269573708]",29.739601795282272,2.943010596135808
"[0.14048687616325758, 0.6729084449195541, -0.9156481544974276, 0.4865448635966654]",29.739653828567366,2.9430734286172044
"[0.1404741425978813, 0.6729121696386368, -0.9156511638983389, 0.48653702997256243]",29.739705862082037,2.943136261098601
"[0.140461407168321, 0.6729158953415618, -0.9156541736790165, 0.4865291943503297]",29.73975789242839,2.9431990935799974
"[0.14044867152544355, 0.6729196215455109, -0.9156571834492353, 0.4865213577454365]",29.739809922335496,2.9432619260613944
"[0.1404359346540604, 0.6729233485476531, -0.9156601934488333, 0.48651351953297506]",29.739861951554982,2.943324758542791
"[0.14042319679472473, 0.672927076277756, -0.915663203620886, 0.4865056798607035]",29.739913978766655,2.9433875910241873
"[0.14041045722124004, 0.6729308049485292, -0.9156662141369234, 0.4864978382813423]",29.739966007960764,2.9434504235055843
"[0.14039771807381174, 0.6729345339336845, -0.9156692244911171, 0.4864899961120581]",29.74001803514091,2.9435132559869803
"[0.1403849777693748, 0.672938263696715, -0.9156722350574854, 0.48648215237816883]",29.74007006105127,2.9435760884683773
"[0.1403722347134394, 0.6729419947046358, -0.9156752462127262, 0.4864743060975872]",29.740122084909956,2.9436389209497738
"[0.14035949422154054, 0.6729457254011909, -0.9156782567007252, 0.4864664605431553]",29.74017411057256,2.9437017534311702
"[0.14034674950972925, 0.672949457773023, -0.9156812681244011, 0.4864586115370874]",29.74022613245999,2.943764585912567
"[0.14033400525774556, 0.6729531904498735, -0.9156842793779001, 0.4864507619610378]",29.740278151865347,2.9438274183939637
"[0.14032125919616437, 0.6729569240965577, -0.9156872909973759, 0.48644291041699794]",29.740330174736638,2.94389025087536
"[0.14030851044362533, 0.6729606589715306, -0.9156903031909801, 0.48643505636153617]",29.74038219047506,2.9439530833567567
"[0.14029576352947584, 0.6729643937479924, -0.9156933148884706, 0.48642720258484423]",29.740434209390045,2.9440159158381536
"[0.140283013572031, 0.6729681298562838, -0.9156963272431865, 0.48641934607907716]",29.740486228127953,2.94407874831955
"[0.14027026568563827, 0.6729718657979307, -0.9156993390467013, 0.4864114899954278]",29.74053824408383,2.9441415808009466
"[0.1402575143826081, 0.672975603181271, -0.9157023515954648, 0.4864036309518535]",29.740590262422785,2.9442044132823435
"[0.14024476065069957, 0.6729793417171457, -0.9157053646560089, 0.4863957695564934]",29.74064227315806,2.94426724576374
"[0.14023200854202553, 0.6729830802178386, -0.9157083772709562, 0.4863879083069243]",29.740694285844334,2.9443300782451365
"[0.14021925470669874, 0.6729868196654832, -0.9157113902316346, 0.48638004513797795]",29.740746298908796,2.944392910726533
"[0.14020649869747387, 0.6729905601914641, -0.9157144036436097, 0.48637217977345754]",29.740798308379926,2.94445574320793
"[0.1401937422806264, 0.6729943012780281, -0.9157174170895441, 0.48636431330212715]",29.740850316225803,2.9445185756893264
"[0.1401809866858472, 0.6729980425645716, -0.9157204302788868, 0.4863564464822753]",29.74090232850577,2.944581408170723
"[0.140168227527698, 0.6730017853375597, -0.9157234442475053, 0.48634857660891007]",29.740954335494376,2.94464424065212
"[0.14015546757736633, 0.6730055287843685, -0.915726458340694, 0.48634070539080315]",29.741006342079285,2.944707073133516
"[0.14014270922882205, 0.6730092722026869, -0.9157294719928996, 0.4863328343047237]",29.74105834994056,2.944769905614913
"[0.14012994675704407, 0.6730130172724323, -0.9157324865563601, 0.4863249598184302]",29.7411103521958,2.9448327380963093
"[0.14011718474405072, 0.6730167626493195, -0.9157355009486763, 0.48631708475855995]",29.741162355290083,2.944895570577706
"[0.14010442123867398, 0.673020508906063, -0.9157385156306486, 0.4863092079209557]",29.741214358494336,2.9449584030591027
"[0.14009165662979006, 0.6730242559287096, -0.9157415305103421, 0.4863013295452806]",29.741266360783772,2.945021235540499
"[0.140078891072834, 0.6730280036717877, -0.9157445455509671, 0.4862934497271989]",29.741318362293367,2.945084068021896
"[0.14006612611908512, 0.673031751679933, -0.9157475603860682, 0.4862855694241798]",29.741370359826178,2.945146900503292
"[0.14005335808786196, 0.673035501034039, -0.9157505758848676, 0.48627768636367635]",29.74142235968354,2.945209732984689
"[0.1400405903687854, 0.6730392507389321, -0.9157535912467364, 0.4862698026381179]",29.741474358219733,2.945272565466086
"[0.14002781987590518, 0.6730430017010891, -0.9157566072004036, 0.48626191634170496]",29.7415263520789,2.945335397947482
"[0.14001505026087707, 0.6730467528480929, -0.9157596228833952, 0.4862540297292252]",29.74157835107338,2.945398230428879
"[0.14000227893199224, 0.6730505049413654, -0.9157626389077012, 0.48624614119987186]",29.741630344112423,2.9454610629102755
"[0.13998950600557483, 0.6730542579469576, -0.9157656552457627, 0.4862382508250932]",29.741682337211838,2.945523895391672
"[0.1399767328926176, 0.6730580114504165, -0.9157686715642974, 0.48623035947628973]",29.741734330474536,2.945586727873069
"[0.13996395755674984, 0.6730617660503371, -0.9157716883441012, 0.48622246589505075]",29.74178632029749,2.9456495603544655
"[0.1399511820742103, 0.6730655211366927, -0.9157747050948097, 0.486214571363938]",29.74183831004761,2.945712392835862
"[0.13993840696662965, 0.673069276556201, -0.9157777216931846, 0.48620667620524843]",29.741890299748466,2.9457752253172584
"[0.13992562852692814, 0.6730730333988129, -0.9157807390144959, 0.4861987781276032]",29.741942287802864,2.9458380577986554
"[0.13991285076104906, 0.6730767904869733, -0.9157837561127535, 0.48619087960666035]",29.741994274946894,2.945900890280052
"[0.13990007045854436, 0.6730805487648114, -0.915786773745933, 0.4861829786576391]",29.742046259867198,2.9459637227614484
"[0.13988729091677957, 0.67308430726282, -0.9157897911353967, 0.486175077318771]",29.74209824951338,2.9460265552428453
"[0.13987450782356556, 0.6730880672494193, -0.9157928092992149, 0.4861671729235712]",29.74215022904599,2.9460893877242413
"[0.1398617248113107, 0.6730918276564152, -0.9157958273796644, 0.486159267717714]",29.74220221131635,2.9461522202056383
"[0.13984894083914098, 0.6730955887900997, -0.9157988456224256, 0.4861513610573547]",29.742254192405568,2.9462150526870348
"[0.13983615743623748, 0.6730993502006485, -0.9158018636663987, 0.4861434538881608]",29.74230617395064,2.9462778851684317
"[0.13982337149973723, 0.6731031128012044, -0.9158048822440626, 0.48613554429059735]",29.7423581544161,2.946340717649828
"[0.13981058426117463, 0.6731068762296086, -0.9158079010645758, 0.4861276330260574]",29.742410131287343,2.9464035501312247
"[0.13979779600297862, 0.6731106404029092, -0.9158109200611814, 0.48611972026897937]",29.742462108667915,2.9464663826126216
"[0.13978500767780375, 0.6731144050408037, -0.9158139390089076, 0.4861118066086446]",29.74251408748676,2.9465292150940177
"[0.13977221813312007, 0.673118170482693, -0.9158169581797602, 0.48610389133165105]",29.742566064088336,2.9465920475754146
"[0.13975942729033253, 0.6731219367518989, -0.9158199775922087, 0.48609597438903823]",29.74261803628329,2.946654880056811
"[0.13974663535252846, 0.673125703788797, -0.91582299719823, 0.4860880559062027]",29.742670010812052,2.9467177125382076
"[0.1397338431132158, 0.6731294713598346, -0.9158260168104378, 0.48608013637413733]",29.74272198225518,2.9467805450196045
"[0.13972104919651765, 0.67313323987039, -0.9158290367535288, 0.4860722149407863]",29.7427739528195,2.946843377501001
"[0.13970825375553625, 0.6731370092755828, -0.9158320569912753, 0.4860642917005568]",29.742825923960105,2.9469062099823975
"[0.13969545652647916, 0.6731407796533485, -0.9158350775858536, 0.48605636648970185]",29.742877889045438,2.946969042463794
"[0.13968265968961302, 0.6731445503614505, -0.9158380980225697, 0.48604844065823605]",29.742929858368964,2.947031874945191
"[0.13966986364474152, 0.6731483212820727, -0.9158411182070018, 0.4860405144538353]",29.742981828396747,2.9470947074265874
"[0.13965706314352377, 0.6731520939621093, -0.9158441393777973, 0.48603258462510995]",29.743033790253268,2.947157539907984
"[0.13964426338141273, 0.6731558668705592, -0.9158471603086331, 0.48602465439016274]",29.743085758341962,2.947220372389381
"[0.13963146127522585, 0.6731596409163664, -0.9158501817271096, 0.4860167218385491]",29.74313771777186,2.9472832048707773
"[0.1396186598842415, 0.673163415197795, -0.9158532029111303, 0.48600878886565657]",29.743189683346067,2.947346037352174
"[0.13960585702688857, 0.6731671903581369, -0.9158562243754858, 0.48600085411943206]",29.743241645078538,2.9474088698335703
"[0.13959305249652473, 0.6731709664585379, -0.9158592461688547, 0.48599291747142515]",29.743293605707198,2.9474717023149672
"[0.13958024822608045, 0.6731747429291091, -0.9158622678349987, 0.4859849801195018]",29.743345566378174,2.9475345347963637
"[0.13956744064756924, 0.67317852082236, -0.9158652902158438, 0.4859770398515444]",29.74339752403269,2.9475973672777602
"[0.13955463390445993, 0.6731822989162946, -0.9158683123335065, 0.48596909923600334]",29.743449481331613,2.947660199759157
"[0.1395418249694312, 0.6731860781041188, -0.9158713349022948, 0.4859611563956355]",29.743501436300203,2.947723032240553
"[0.13952901602192183, 0.673189857742937, -0.9158743574078458, 0.48595321268166863]",29.74355339366208,2.94778586472195
"[0.13951620480021137, 0.673193638500338, -0.9158773803837628, 0.48594526669111454]",29.743605347245378,2.9478486972033466
"[0.13950339511587453, 0.6731974192515585, -0.9158804029305866, 0.48593732078792173]",29.74365730131772,2.947911529684743
"[0.13949058175747, 0.6732012015348985, -0.9158834262779192, 0.48592937173914064]",29.743709249374838,2.94797436216614
"[0.1394777682957914, 0.6732049842965812, -0.9158864495831256, 0.48592142175952957]",29.74376120203599,2.9480371946475366
"[0.13946495320668006, 0.6732087679866965, -0.9158894732057512, 0.48591346990321366]",29.74381315207289,2.948100027128933
"[0.1394521384664057, 0.6732125520218742, -0.9158924966794334, 0.4859055173962734]",29.743865100734126,2.9481628596103295
"[0.1394393224751539, 0.6732163368746094, -0.915895520381558, 0.4858975632457609]",29.743917048424493,2.9482256920917265
"[0.13942650392424846, 0.6732201229316406, -0.9158985446207879, 0.4858896066389958]",29.743968995037775,2.948288524573123
"[0.13941368521500874, 0.6732239094839111, -0.9159015688305019, 0.48588164906616454]",29.74402094011993,2.9483513570545195
"[0.1394008656618663, 0.6732276967340387, -0.9159045931723677, 0.4858736901015118]",29.744072884649295,2.9484141895359164
"[0.13938804579315095, 0.6732314845260512, -0.91590761752167, 0.48586573007286765]",29.744124828795414,2.948477022017313
"[0.13937522481938072, 0.673235273093337, -0.9159106420645801, 0.48585776848982304]",29.74417677345992,2.9485398544987094
"[0.13936240110047624, 0.6732390629207894, -0.9159136671879069, 0.48584980433346303]",29.74422871299708,2.948602686980106
"[0.13934957817296895, 0.6732428529634018, -0.9159166920573005, 0.485841839799883]",29.744280654286943,2.948665519461503
"[0.13933675209148613, 0.673246644387475, -0.9159197176033732, 0.4858338724382403]",29.744332591575,2.9487283519428993
"[0.13932392560471715, 0.6732504363807448, -0.9159227431776373, 0.4858259039555294]",29.744384529267045,2.9487911844242958
"[0.1393110992931738, 0.6732542287716016, -0.9159257686431063, 0.48581793471237184]",29.74443646626054,2.9488540169056927
"[0.1392982725139428, 0.6732580217502516, -0.915928794151351, 0.485809964309157]",29.74448840239396,2.9489168493870888
"[0.13928544263639017, 0.6732618160948228, -0.9159318203227796, 0.48580199111082745]",29.744540336298062,2.9489796818684857
"[0.13927261345436187, 0.6732656106834866, -0.9159348462624581, 0.4857940174747836]",29.744592273496075,2.949042514349882
"[0.13925978183745188, 0.673269406442292, -0.9159378727086566, 0.4857860414551623]",29.744644205006875,2.9491053468312787
"[0.1392469497166102, 0.6732732028002442, -0.9159408992058558, 0.48577806425186204]",29.744696134598193,2.9491681793126756
"[0.13923411780081582, 0.6732769995476615, -0.9159439255867736, 0.48577008630552854]",29.744748067561325,2.949231011794072
"[0.13922128341205114, 0.6732807974770949, -0.9159469524829315, 0.4857621059508707]",29.74479999625368,2.9492938442754686
"[0.1392084477196598, 0.6732845962427637, -0.9159499796184534, 0.48575412391453215]",29.744851922913057,2.9493566767568655
"[0.1391956120039497, 0.6732883954658895, -0.9159530066913162, 0.48574614099247304]",29.744903852252822,2.949419509238262
"[0.13918277483094763, 0.6732921955710125, -0.9159560340396272, 0.4857381562926827]",29.744955776538255,2.9494823417196585
"[0.13916993669457786, 0.6732959964121253, -0.9159590615468145, 0.48573017012203556]",29.745007702453954,2.949545174201055
"[0.139157097989334, 0.67329979787256, -0.9159620891197721, 0.4857221827257206]",29.745059627809926,2.949608006682452
"[0.13914425780285192, 0.6733036002226261, -0.9159651169735674, 0.48571419353584444]",29.745111551264355,2.9496708391638484
"[0.13913141584198882, 0.6733074035493462, -0.9159681451772379, 0.4857062023696272]",29.745163472205768,2.949733671645245
"[0.13911857318456386, 0.673311207533686, -0.915971173476544, 0.48569820989745355]",29.745215390627358,2.949796504126642
"[0.13910573007648294, 0.673315012102938, -0.9159742018134213, 0.4856902162721549]",29.745267310996173,2.9498593366080383
"[0.13909288491230534, 0.673318817732866, -0.9159772305663416, 0.4856822204941831]",29.745319229194344,2.949922169089435
"[0.1390800412993155, 0.6733226233548134, -0.9159802588846774, 0.4856742248088704]",29.745371148659466,2.9499850015708313
"[0.1390671940291088, 0.6733264305122258, -0.9159832879964022, 0.4856662259734764]",29.745423065173505,2.9500478340522283
"[0.13905434585080484, 0.6733302383907204, -0.9159863172532317, 0.4856582256991014]",29.745474976513638,2.9501106665336247
"[0.13904149760405532, 0.6733340467415487, -0.915989346457124, 0.4856502245084126]",29.745526892116185,2.9501734990150212
"[0.1390286471711295, 0.6733378561925977, -0.9159923761072893, 0.48564222108230815]",29.745578804638903,2.950236331496418
"[0.13901579879628445, 0.6733416654857385, -0.9159954052030234, 0.4856342180640874]",29.745630718105815,2.950299163977814
"[0.13900294691335544, 0.6733454762713563, -0.9159984350565125, 0.485626211986478]",29.74568263030517,2.950361996459211
"[0.1389900936544781, 0.6733492879175501, -0.9160014651649971, 0.48561820417712814]",29.745734539587573,2.9504248289406076
"[0.1389772406797685, 0.673353099932134, -0.916004495137033, 0.4856101956701258]",29.745786448361272,2.950487661422004
"[0.13896438493062135, 0.6733569132224017, -0.9160075256935793, 0.48560218455941523]",29.745838355040966,2.950550493903401
"[0.13895152924469253, 0.6733607269468584, -0.9160105561656089, 0.48559417261292565]",29.74589026272459,2.9506133263847976
"[0.13893867246626881, 0.6733645414484606, -0.916013586825482, 0.48558615911022085]",29.745942166805595,2.9506761588661945
"[0.13892581484927685, 0.673368356652025, -0.9160166176132626, 0.4855781442093066]",29.745994073610692,2.9507389913475905
"[0.1389129560859375, 0.6733721726490381, -0.9160196486014159, 0.48557012771805386]",29.746045974832214,2.9508018238289875
"[0.1389000956090396, 0.6733759896080167, -0.9160226799235566, 0.4855621092825081]",29.746097875763414,2.950864656310384
"[0.13888723459037094, 0.6733798071813618, -0.9160257113033963, 0.48555408963295865]",29.746149776132317,2.9509274887917805
"[0.13887437336981162, 0.6733836252682739, -0.9160287426607533, 0.48554606898120495]",29.746201679237025,2.9509903212731774
"[0.1388615110575392, 0.6733874441330323, -0.916031774205281, 0.4855380467721293]",29.74625357848337,2.951053153754574
"[0.1388486464616564, 0.673391264129758, -0.916034806217803, 0.4855300222619223]",29.74630547420475,2.9511159862359704
"[0.13883578080279538, 0.6733950848962061, -0.9160378384105446, 0.4855219962115916]",29.746357371880354,2.951178818717367
"[0.13882291490364262, 0.6733989061881839, -0.9160408705895385, 0.4855139691341564]",29.746409267645436,2.951241651198764
"[0.13881004718393197, 0.6734027284752241, -0.9160439031271257, 0.485505940043384]",29.74646115970318,2.9513044836801603
"[0.13879717888827167, 0.6734065513877934, -0.9160469357299066, 0.48549790971557477]",29.74651305208578,2.951367316161557
"[0.13878431002766972, 0.6734103749227357, -0.9160499683952109, 0.48548987815741285]",29.74656494600598,2.9514301486429537
"[0.13877144041148393, 0.6734141991368152, -0.9160530011678885, 0.4854818452497175]",29.746616838531594,2.9514929811243498
"[0.1387585682216148, 0.6734180245705054, -0.916056034476289, 0.4854738098572731]",29.746668728780193,2.9515558136057467
"[0.1387456965891532, 0.6734218502934624, -0.9160590675824912, 0.48546577393435675]",29.746720617226647,2.951618646087143
"[0.1387328238842602, 0.6734256767901706, -0.9160621008704873, 0.48545773646334434]",29.74677250577337,2.9516814785685397
"[0.13871994864376982, 0.6734295044958256, -0.9160651346849553, 0.48544969653020614]",29.74682439268311,2.9517443110499366
"[0.1387070739038445, 0.6734333325079555, -0.916068168310397, 0.48544165603060435]",29.746876276002876,2.951807143531333
"[0.13869419599885469, 0.6734371619166457, -0.9160712026104423, 0.4854336126749505]",29.74692815974081,2.95186997601273
"[0.13868131879473727, 0.6734409915725087, -0.9160742366741065, 0.48542556887751653]",29.74698004356299,2.951932808494126
"[0.13866844115197555, 0.6734448218144339, -0.9160772707698227, 0.48541752392650994]",29.747031928928227,2.951995640975523
"[0.13865556089354913, 0.6734486532901943, -0.916080305410416, 0.485409476461467]",29.747083809306403,2.9520584734569195
"[0.1386426800390723, 0.6734524853992265, -0.9160833401199681, 0.485401427743847]",29.747135689096748,2.952121305938316
"[0.1386297990280047, 0.6734563180108835, -0.9160863747948694, 0.485393378048105]",29.74718756625496,2.952184138419713
"[0.1386169153356854, 0.6734601518765589, -0.9160894100298221, 0.48538532579614885]",29.747239444331168,2.9522469709011094
"[0.1386040323926223, 0.6734639859755642, -0.9160924450165612, 0.4853772731317813]",29.747291320957547,2.952309803382506
"[0.1385911466351108, 0.6734678213686728, -0.9160954805945442, 0.4853692178271604]",29.747343197384126,2.9523726358639024
"[0.13857826045164348, 0.673471657345168, -0.9160985162010085, 0.4853611613750325]",29.747395071206977,2.9524354683452994
"[0.13856537531050656, 0.6734754934680021, -0.9161015514900046, 0.4853531046933513]",29.747446944891976,2.952498300826696
"[0.13855248709362816, 0.6734793309633506, -0.9161045874315243, 0.4853450452069438]",29.74749881737448,2.9525611333080923
"[0.13853959745443994, 0.6734831693391924, -0.9161076236359824, 0.4853369839492349]",29.74755068886904,2.9526239657894893
"[0.13852670691953184, 0.6734870084388928, -0.9161106599792511, 0.48532892124925164]",29.747602558611835,2.9526867982708853
"[0.1385138160832039, 0.6734908480855814, -0.9161136963212663, 0.485320857478512]",29.747654428609714,2.9527496307522823
"[0.13850092398160632, 0.6734946885664571, -0.9161167328889822, 0.48531279203389516]",29.747706295082143,2.9528124632336787
"[0.13848803053048808, 0.6734985299068398, -0.9161197697021467, 0.48530472486231974]",29.747758160915534,2.9528752957150757
"[0.13847513683269894, 0.673502371778287, -0.9161228065009273, 0.48529665665359734]",29.747810026977067,2.952938128196472
"[0.1384622407565091, 0.6735062148161642, -0.9161258437873138, 0.485288586073476]",29.747861891901024,2.9530009606778687
"[0.13844934479054763, 0.6735100582790438, -0.9161288809750955, 0.4852805146790671]",29.74791375607761,2.9530637931592656
"[0.13843644873713384, 0.6735139022259321, -0.9161319181107525, 0.4852724423465317]",29.747965618503247,2.9531266256406616
"[0.13842354968514614, 0.6735177475246409, -0.9161349558798203, 0.4852643672534217]",29.748017478458213,2.9531894581220586
"[0.13841064995126945, 0.6735215934849274, -0.9161379937365798, 0.4852562908494261]",29.74806934091064,2.9532522906034555
"[0.138397749515636, 0.6735254401128008, -0.9161410316856439, 0.485248213121948]",29.748121197473225,2.9533151230848516
"[0.13838484762278278, 0.6735292876336911, -0.9161440699048318, 0.4852401335976601]",29.74817305395065,2.9533779555662485
"[0.13837194620399423, 0.6735331354717692, -0.9161471079392774, 0.4852320534858178]",29.748224913271603,2.953440788047645
"[0.13835904298793397, 0.6735369843045824, -0.9161501463237588, 0.48522397136368856]",29.74827676931166,2.9535036205290415
"[0.13834613679332175, 0.6735408344848013, -0.9161531853363286, 0.48521588649079644]",29.748328622498356,2.9535664530104384
"[0.13833323136856, 0.6735446848943794, -0.9161562240942663, 0.48520780121496315]",29.74838047527957,2.953629285491835
"[0.1383203258106108, 0.6735485358027189, -0.9161592628101524, 0.485199714970488]",29.74843232617345,2.9536921179732314
"[0.1383074177372409, 0.673552387920906, -0.9161623020448019, 0.4851916262643254]",29.748484177980465,2.953754950454628
"[0.13829450795960363, 0.6735562410071269, -0.9161653416071276, 0.48518353560430316]",29.7485360259163,2.953817782936025
"[0.13828159868784623, 0.6735600944018623, -0.9161683809766791, 0.485175444375335]",29.74858787818061,2.9538806154174213
"[0.13826868816773483, 0.6735639486288215, -0.9161714205664067, 0.4851673514777897]",29.74863972472342,2.953943447898818
"[0.13825577672934605, 0.6735678035896541, -0.9161744602985062, 0.48515925711826025]",29.74869157241243,2.9540062803802147
"[0.1382428630474642, 0.6735716596802448, -0.916177500484882, 0.4851511604655644]",29.74874341768613,2.9540691128616112
"[0.13822994979322567, 0.6735755161031299, -0.9161805404966015, 0.4851430631942043]",29.748795262951603,2.9541319453430077
"[0.1382170334684032, 0.673579373903217, -0.91618358115712, 0.48513496311027254]",29.74884710566667,2.954194777824404
"[0.13820411816006506, 0.6735832318599584, -0.916186621504207, 0.485126862776573]",29.74889894650965,2.954257610305801
"[0.138191201677945, 0.6735870906276761, -0.916189662053397, 0.48511876081931005]",29.74895078559223,2.9543204427871976
"[0.13817828103469898, 0.6735909510991707, -0.9161927035077999, 0.485110655364034]",29.749002625635757,2.954383275268594
"[0.13816536266366655, 0.6735948113524229, -0.9161957443529554, 0.48510255044628375]",29.749054465179245,2.954446107749991
"[0.13815244332375584, 0.6735986723559152, -0.9161987853517262, 0.48509444403268326]",29.749106303552995,2.954508940231387
"[0.13813952191629708, 0.6736025344382087, -0.9162018267626271, 0.485086335433474]",29.74915813964167,2.954571772712784
"[0.1381265996547581, 0.6736063972368209, -0.9162048682999415, 0.48507822540977635]",29.749209974085527,2.9546346051941805
"[0.13811367610320513, 0.673610260882226, -0.9162079100661914, 0.48507011368771663]",29.74926180723891,2.954697437675577
"[0.13810075142360206, 0.6736141253261927, -0.9162109520231664, 0.4850620003686299]",29.749313640618677,2.954760270156974
"[0.1380878255817502, 0.6736179905791202, -0.9162139941788287, 0.4850538854307475]",29.74936547060262,2.9548231026383704
"[0.13807489996274946, 0.6736218562269238, -0.9162170362071124, 0.4850457697434788]",29.749417303928723,2.954885935119767
"[0.13806197148450383, 0.6736257231915617, -0.9162200788332939, 0.4850376513713034]",29.74946913228408,2.9549487676011634
"[0.13804904367659943, 0.673629590417479, -0.9162231212266255, 0.4850295325303287]",29.749520962769388,2.9550116000825604
"[0.13803611229836765, 0.6736334591734447, -0.9162261643850005, 0.48502141055698156]",29.749572788050408,2.955074432563957
"[0.1380231836716699, 0.6736373275682079, -0.9162292068206119, 0.485013289421762]",29.749624616249886,2.9551372650453533
"[0.13801025017362115, 0.6736411978828324, -0.9162322503272224, 0.4850051643360051]",29.749676440847473,2.9552000975267503
"[0.13799731785074346, 0.6736450683080528, -0.916235293481895, 0.48499703909795233]",29.74972826278208,2.9552629300081468
"[0.13798438393851367, 0.673648939671431, -0.9162383369350613, 0.48498891197043154]",29.7497800855849,2.9553257624895433
"[0.13797144807922515, 0.6736528120802435, -0.9162413807708029, 0.48498078272828804]",29.74983190714319,2.9553885949709398
"[0.1379585134019871, 0.6736566845978655, -0.9162444242527593, 0.4849726533377994]",29.749883726645237,2.9554514274523367
"[0.1379455753515752, 0.6736605585882722, -0.9162474684526694, 0.4849645209357158]",29.74993554769021,2.955514259933733
"[0.1379326370710356, 0.6736644331105843, -0.9162505126309088, 0.4849563874972248]",29.749987364514375,2.9555770924151297
"[0.13791969844746996, 0.6736683081987084, -0.9162535568139647, 0.484948252951212]",29.750039179341382,2.9556399248965266
"[0.13790675912456096, 0.6736721839594735, -0.9162566010855933, 0.4849401170734808]",29.750090998596608,2.9557027573779227
"[0.13789381713769974, 0.6736760609815631, -0.9162596459079201, 0.48493197862834775]",29.75014281190998,2.9557655898593196
"[0.13788087679365352, 0.6736799379749309, -0.9162626902676242, 0.4849238403238826]",29.75019462654262,2.955828422340716
"[0.13786793062927352, 0.6736838171758409, -0.9162657359203914, 0.4849156974659571]",29.750246434688805,2.9558912548221126
"[0.1378549877285401, 0.6736876958625576, -0.9162687807290761, 0.4849075557678596]",29.75029824752959,2.9559540873035095
"[0.13784204156771557, 0.6736915759901481, -0.9162718262283162, 0.4848994111257815]",29.750350058735272,2.956016919784906
"[0.13782909519645917, 0.6736954566448307, -0.9162748717006005, 0.48489126545788747]",29.750401869661644,2.9560797522663025
"[0.13781614732268832, 0.6736993382140554, -0.9162779174497908, 0.48488311795096856]",29.750453672592215,2.956142584747699
"[0.13780319905143498, 0.6737032203667027, -0.9162809632158654, 0.48487496930011204]",29.750505482215974,2.956205417229096
"[0.1377902501871828, 0.6737071031614982, -0.9162840090447378, 0.4848668193821062]",29.75055728872558,2.9562682497104924
"[0.13777729949675152, 0.6737109869684109, -0.9162870552263855, 0.484858667420469]",29.75060909606171,2.956331082191889
"[0.137764347276471, 0.6737148716988124, -0.9162901016910088, 0.4848505136013071]",29.750660896165222,2.956393914673286
"[0.13775139408143824, 0.6737187571863794, -0.9162931483079592, 0.4848423582737743]",29.750712696888545,2.9564567471546823
"[0.13773844260242352, 0.673722642624021, -0.9162961944442947, 0.4848342031319514]",29.750764501116805,2.956519579636079
"[0.1377254857311101, 0.673726530144468, -0.9162992417717644, 0.48482604369952215]",29.75081630053936,2.9565824121174753
"[0.1377125292867704, 0.6737304180020639, -0.9163022889216192, 0.4848178836405066]",29.75086809524167,2.9566452445988722
"[0.13769957361223123, 0.6737343060939088, -0.9163053358131774, 0.4848097231708989]",29.750919894912382,2.9567080770802687
"[0.13768661391383405, 0.6737381958588614, -0.9163083835737029, 0.48480155927085933]",29.75097169031845,2.956770909561665
"[0.13767365627709102, 0.6737420854705518, -0.9163114307719661, 0.4847933957736631]",29.751023486076136,2.956833742043062
"[0.13766069604124287, 0.673745976328126, -0.9163144785039481, 0.4847852297428407]",29.751075281127566,2.956896574524458
"[0.13764773364883737, 0.673749868299037, -0.9163175266654673, 0.4847770614566707]",29.75112707332304,2.956959407005855
"[0.13763477173287708, 0.673753760592869, -0.9163205746372787, 0.48476889257410377]",29.751178864218144,2.9570222394872516
"[0.13762180858795403, 0.6737576537218253, -0.9163236228203314, 0.4847607220202121]",29.751230653754085,2.957085071968648
"[0.1376088454764391, 0.6737615473069098, -0.9163266709177091, 0.4847525505904598]",29.75128244353116,2.957147904450045
"[0.1375958796487766, 0.6737654421741762, -0.9163297195758386, 0.4847443765512892]",29.751334232063904,2.9572107369314415
"[0.13758291302176384, 0.6737693377480827, -0.9163327683439214, 0.48473620111065896]",29.751386020863098,2.957273569412838
"[0.1375699456356292, 0.6737732340166507, -0.9163358172124221, 0.4847280242937439]",29.751437806999387,2.9573364018942345
"[0.13755697640384984, 0.6737771313065717, -0.9163388664367037, 0.48471984541503726]",29.7514895896739,2.9573992343756315
"[0.13754400677068299, 0.6737810291840168, -0.916341915677115, 0.48471166538504146]",29.75154137366916,2.9574620668570284
"[0.13753103623670918, 0.6737849277991824, -0.9163449650509978, 0.48470348388859624]",29.75159315676782,2.9575248993384244
"[0.13751806415792137, 0.673788827345852, -0.9163480147096608, 0.4846953005191244]",29.751644936390154,2.9575877318198214
"[0.13750509262758748, 0.6737927271948663, -0.9163510641609147, 0.4846871165969921]",29.751696718178906,2.957650564301218
"[0.1374921191171321, 0.6737966281065677, -0.9163541139991154, 0.4846789305266653]",29.751748497353027,2.9577133967826144
"[0.13747914292483593, 0.6738005302922575, -0.9163571643891124, 0.4846707418648193]",29.751800274413377,2.9577762292640113
"[0.13746616664980021, 0.6738044329705424, -0.9163602147198261, 0.48466255225126575]",29.751852050384883,2.957839061745408
"[0.13745318900011488, 0.6738083365301054, -0.9163632652948633, 0.48465436087043073]",29.751903825724714,2.9579018942268043
"[0.1374402117217882, 0.6738122404458731, -0.9163663157037227, 0.48464616882420525]",29.751955598821905,2.9579647267082008
"[0.13742723296929976, 0.6738161452731368, -0.9163693663801301, 0.48463797494740907]",29.7520073732368,2.9580275591895977
"[0.1374142524787945, 0.6738200510915165, -0.9163724173860062, 0.48462977907305055]",29.752059145007262,2.958090391670994
"[0.13740127222483295, 0.6738239573070038, -0.9163754682571563, 0.48462158244764275]",29.752110915733212,2.9581532241523907
"[0.1373882889625538, 0.6738278648962981, -0.9163785197561563, 0.4846133830217985]",29.75216268474878,2.9582160566337876
"[0.13737530432983563, 0.6738317733667342, -0.9163815714979417, 0.48460518182937934]",29.752214450543264,2.9582788891151837
"[0.1373623208627892, 0.6738356819549937, -0.9163846228863868, 0.48459698047211797]",29.75226622073812,2.9583417215965806
"[0.13734933623340073, 0.6738395913619637, -0.9163876744685536, 0.48458877747939416]",29.75231798563228,2.958404554077977
"[0.1373363512337143, 0.6738435013493176, -0.9163907260582178, 0.4845805733513465]",29.752369753044984,2.9584673865593736
"[0.13732336233101106, 0.6738474129811091, -0.9163937784854872, 0.4845723658554214]",29.752421515806365,2.9585302190407705
"[0.13731037374297056, 0.6738513249873829, -0.9163968307591062, 0.4845641576563194]",29.75247327682253,2.958593051522167
"[0.13729738377436237, 0.6738552378788847, -0.9163998832773549, 0.48455594768248966]",29.75252503819299,2.958655884003564
"[0.13728439157251465, 0.6738591519126927, -0.9164029362405063, 0.4845477353945997]",29.75257679514603,2.95871871648496
"[0.13727140157174897, 0.6738630657529799, -0.9164059886064951, 0.4845395235954833]",29.752628560052315,2.958781548966357
"[0.13725840816507517, 0.6738669810892352, -0.9164090416927596, 0.48453130874041056]",29.75268031708119,2.9588443814477534
"[0.13724541407221974, 0.6738708971021915, -0.9164120948601346, 0.48452309254838877]",29.752732072898898,2.95890721392915
"[0.13723241908511769, 0.6738748138546965, -0.9164151481574244, 0.48451487488762046]",29.752783828050248,2.958970046410547
"[0.13721942352434405, 0.6738787312502627, -0.9164182015092222, 0.48450665596060655]",29.752835581760724,2.9590328788919433
"[0.13720642587070137, 0.673882649747039, -0.9164212552723762, 0.48449843480619614]",29.752887332359453,2.95909571137334
"[0.1371934275315215, 0.6738865689209511, -0.9164243091161421, 0.4844902123141854]",29.752939085516648,2.9591585438547363
"[0.13718042862132632, 0.6738904887375966, -0.9164273630135327, 0.48448198855681346]",29.752990837513877,2.9592213763361332
"[0.1371674293198061, 0.6738944091428968, -0.9164304169222545, 0.4844737636475929]",29.75304258836726,2.9592842088175297
"[0.13715442817300375, 0.6738983305755233, -0.9164334711837925, 0.48446553666627296]",29.753094337927028,2.9593470412989262
"[0.13714142507019647, 0.6739022530691322, -0.9164365258240537, 0.4844573075423257]",29.75314608292744,2.959409873780323
"[0.13712842226949812, 0.6739061759426931, -0.916439580312486, 0.4844490777045722]",29.753197829411285,2.959472706261719
"[0.13711541605477365, 0.6739101003175726, -0.9164426355219465, 0.4844408448005666]",29.753249573270015,2.959535538743116
"[0.13710241158648534, 0.6739140246368336, -0.9164456902401411, 0.4844326120966438]",29.753301318981283,2.9595983712245126
"[0.13708940432495942, 0.6739179502705264, -0.9164487455333457, 0.48442437671868704]",29.75335305844758,2.9596612037059096
"[0.1370763967194582, 0.6739218764796828, -0.9164518008261505, 0.4844161402170173]",29.753404801651,2.959724036187306
"[0.13706338814489988, 0.6739258034530906, -0.9164548562652994, 0.48440790219563995]",29.753456539800595,2.9597868686687026
"[0.13705037948563192, 0.6739297309239131, -0.9164579116429955, 0.48439966321439415]",29.75350828328112,2.9598497011500995
"[0.13703736763880653, 0.6739336598291689, -0.9164609676879124, 0.4843914213076957]",29.75356001825249,2.9599125336314955
"[0.13702435544896469, 0.6739375893102016, -0.9164640237318609, 0.4843831782768828]",29.753611755395912,2.9599753661128925
"[0.13701134306498175, 0.6739415193221377, -0.9164670797398015, 0.4843749342161406]",29.753663491848528,2.960038198594289
"[0.13699832920825653, 0.6739454502512895, -0.9164701360119325, 0.48436668831515983]",29.75371522454951,2.9601010310756855
"[0.13698531255218885, 0.6739493824986548, -0.9164731928596926, 0.48435843973285725]",29.75376695543395,2.9601638635570824
"[0.13697229758915835, 0.6739533147072309, -0.9164762492280059, 0.4843501913158431]",29.753818687416707,2.960226696038479
"[0.13695928093358847, 0.6739572478999827, -0.9164793059118478, 0.4843419409183594]",29.75387041933892,2.9602895285198754
"[0.13694626118345357, 0.6739611825008006, -0.9164823632403577, 0.48433368765127394]",29.753922148730386,2.960352361001272
"[0.13693324140883772, 0.6739651175821925, -0.9164854204924936, 0.48432543346024093]",29.753973875180193,2.960415193482669
"[0.13692022174138985, 0.6739690531044022, -0.9164884776372778, 0.4843171784286847]",29.75402560308029,2.9604780259640653
"[0.13690719930075784, 0.6739729899382869, -0.9164915353509511, 0.4843089207299928]",29.754077326742177,2.9605408584454618
"[0.13689417755354344, 0.6739769270360245, -0.9164945928194534, 0.48430066256209164]",29.75412905412429,2.9606036909268587
"[0.136881154860785, 0.6739808648932203, -0.9164976504275357, 0.4842924028854861]",29.75418077761672,2.9606665234082548
"[0.13686812958240166, 0.6739848040060605, -0.9165007085601701, 0.48428414065950737]",29.754232497616222,2.9607293558896517
"[0.1368551039489595, 0.6739887437001909, -0.9165037666935566, 0.48427587729867716]",29.75428422204164,2.960792188371048
"[0.13684207730213838, 0.6739926841748568, -0.9165068249821705, 0.4842676123851487]",29.75433594067211,2.960855020852445
"[0.13682904997178919, 0.6739966253304309, -0.9165098833484865, 0.4842593461279498]",29.754387660172124,2.9609178533338416
"[0.13681602084015398, 0.6740005675052595, -0.916512942054822, 0.484251077817498]",29.754439378036885,2.960980685815238
"[0.13680299046199687, 0.6740045105317242, -0.9165160009708367, 0.48424280780544354]",29.754491091868115,2.961043518296635
"[0.13678995863857135, 0.6740084544701384, -0.9165190601431028, 0.4842345359653344]",29.754542806294317,2.961106350778031
"[0.1367769276154166, 0.6740123986410358, -0.9165221190444007, 0.48422626372233296]",29.754594520462838,2.961169183259428
"[0.13676389370909825, 0.6740163441594643, -0.9165251785392932, 0.48421798873787314]",29.754646233684674,2.9612320157408245
"[0.1367508604754093, 0.6740202899492201, -0.9165282377930247, 0.48420971326916057]",29.754697945312714,2.961294848222221
"[0.1367378239292124, 0.674024237216998, -0.9165312977409187, 0.4842014347854794]",29.75474965433184,2.961357680703618
"[0.13672478649548556, 0.6740281852288372, -0.9165343578136735, 0.48419315482623193]",29.754801363445143,2.9614205131850144
"[0.13671175096408744, 0.6740321331399242, -0.9165374173564035, 0.4841848751632514]",29.754853073765396,2.961483345666411
"[0.136698711835444, 0.6740360826159593, -0.916540477659827, 0.48417659230322124]",29.754904779664457,2.9615461781478074
"[0.1366856728110881, 0.6740400325360648, -0.9165435378550715, 0.48416830859697346]",29.75495648379533,2.9616090106292043
"[0.13667263292676632, 0.6740439831924018, -0.9165465981683739, 0.4841600234318176]",29.755008191085363,2.961671843110601
"[0.13665959084209367, 0.6740479349913108, -0.9165496589142031, 0.4841517359556882]",29.755059893338093,2.9617346755919973
"[0.13664654753422972, 0.6740518876369483, -0.9165527198631338, 0.4841434467890888]",29.755111595705095,2.9617975080733943
"[0.13663350398473115, 0.6740558408320002, -0.9165557807847342, 0.4841351565555867]",29.75516329713064,2.9618603405547907
"[0.13662045915439414, 0.6740597948915695, -0.9165588419227865, 0.4841268645944464]",29.75521499377759,2.9619231730361872
"[0.13660741258287537, 0.674063749955403, -0.9165619033852204, 0.4841185706126774]",29.755266691723637,2.961986005517584
"[0.13659436615718912, 0.6740677054516038, -0.9165649647291472, 0.4841102758096478]",29.75531839092942,2.9620488379989807
"[0.13658131773871696, 0.6740716620287328, -0.9165680264563044, 0.48410197882537426]",29.75537008728785,2.962111670480377
"[0.13656826968718827, 0.6740756189714118, -0.916571088012911, 0.4840936811600767]",29.755421781982875,2.9621745029617736
"[0.1365552189648092, 0.6740795772010614, -0.9165741501116533, 0.48408538088161546]",29.75547347307868,2.9622373354431706
"[0.13654216724232146, 0.6740835362112129, -0.9165772123604169, 0.4840770790521262]",29.755525167017318,2.962300167924567
"[0.13652911524799832, 0.6740874957810862, -0.9165802745882479, 0.48406877613463595]",29.755576857127966,2.9623630004059636
"[0.13651606179774176, 0.6740914562700459, -0.9165833370728707, 0.4840604713756447]",29.755628545132925,2.9624258328873605
"[0.13650300559117287, 0.6740954180729278, -0.916586400119255, 0.4840521639473161]",29.755680230481158,2.9624886653687565
"[0.13648995078872517, 0.6740993799274119, -0.91658946275126, 0.4840438564966462]",29.755731920858373,2.9625514978501535
"[0.13647689302927454, 0.6741033431571493, -0.9165925259919117, 0.48403554624818934]",29.755783606391546,2.96261433033155
"[0.13646383736522674, 0.6741073062287605, -0.9165955886558782, 0.48402723641724954]",29.755835293855604,2.9626771628129465
"[0.13645077814920897, 0.6741112708566557, -0.9165986520678637, 0.4840189234090904]",29.755886975922287,2.9627399952943434
"[0.1364377174839516, 0.6741152364028055, -0.9166017157344918, 0.48401060856162853]",29.755938657223325,2.96280282777574
"[0.13642465659819378, 0.6741192024942709, -0.9166047793674509, 0.4840022926568885]",29.755990341449102,2.9628656602571364
"[0.13641159472941572, 0.6741231693627364, -0.916607843145515, 0.4839939752091574]",29.7560420182655,2.962928492738533
"[0.1363985319267518, 0.6741271369934408, -0.9166109070570699, 0.4839856562494518]",29.756093699064504,2.96299132521993
"[0.13638546696346107, 0.6741311057592098, -0.9166139713897509, 0.48397733499614043]",29.756145375384296,2.9630541577013263
"[0.13637240230546938, 0.67413507491113, -0.9166170355650943, 0.4839690130195316]",29.756197052497257,2.963116990182723
"[0.13635933517746968, 0.6741390452925398, -0.9166201002339261, 0.483960688551499]",29.75624872678096,2.9631798226641197
"[0.13634626932366567, 0.6741430157659014, -0.916623164518026, 0.4839523639771106]",29.75630040406632,2.963242655145516
"[0.13633320098216098, 0.674146987474514, -0.9166262292995734, 0.48394403689936694]",29.756352074311902,2.9633054876269127
"[0.13632013183214764, 0.6741509599082779, -0.9166292941846605, 0.48393570838782257]",29.756403747343445,2.963368320108309
"[0.1363070604574291, 0.6741549334978785, -0.9166323595053033, 0.48392737753959336]",29.756455413245053,2.963431152589706
"[0.13629398887239855, 0.6741589076311492, -0.9166354247890179, 0.48391904563819355]",29.756507084670975,2.9634939850711026
"[0.13628091527230554, 0.674162882856964, -0.9166384904589246, 0.4839107115329619]",29.75655875349059,2.963556817552499
"[0.13626784236912912, 0.6741668583508357, -0.916641555878999, 0.4839023769525073]",29.756610418492592,2.963619650033896
"[0.1362547674085701, 0.6741708349504867, -0.9166446216950006, 0.48389404014061993]",29.756662085606834,2.963682482515292
"[0.13624169258490715, 0.6741748119887297, -0.9166476873923218, 0.4838857024961153]",29.756713751685773,2.963745314996689
"[0.13622861549908377, 0.6741787901954286, -0.9166507535333965, 0.483877362488908]",29.75676541445454,2.9638081474780855
"[0.13621553676751513, 0.6741827693833918, -0.9166538199735704, 0.4838690205115656]",29.75681707473511,2.963870979959482
"[0.13620245793049643, 0.6741867490840918, -0.91665688635163, 0.4838606775463367]",29.75686873369485,2.963933812440879
"[0.13618937750481006, 0.674190729749036, -0.9166599530152233, 0.4838523326467854]",29.756920393891622,2.9639966449222754
"[0.13617629688500088, 0.674194710953979, -0.9166630196373174, 0.48384398670234124]",29.756972052176767,2.964059477403672
"[0.1361632128857254, 0.6741986936686695, -0.9166660869645754, 0.4838356376801742]",29.757023708311998,2.9641223098850684
"[0.1361501304218494, 0.6742026763971868, -0.9166691538447023, 0.4838272887162598]",29.757075363055417,2.9641851423664654
"[0.13613704580318955, 0.6742066602630671, -0.91667222114269, 0.48381893745542026]",29.7571270163627,2.964247974847862
"[0.13612396167608748, 0.6742106444606746, -0.9166752882381098, 0.4838105855865065]",29.757178672532213,2.9643108073292583
"[0.13611087394281193, 0.6742146302380764, -0.9166783560914074, 0.4838022304933839]",29.75723032301787,2.9643736398106553
"[0.13609778552858146, 0.6742186167046913, -0.9166814240167822, 0.4837938740429886]",29.757281972988253,2.9644364722920518
"[0.1360846983814672, 0.6742226032672083, -0.9166844915575397, 0.48378551747907067]",29.757333624387996,2.9644993047734483
"[0.13607160887163713, 0.6742265910314519, -0.916687559564406, 0.48377715848367947]",29.757385270892232,2.9645621372548447
"[0.13605851844385639, 0.6742305795575041, -0.916690627698643, 0.48376879797903377]",29.757436918912802,2.9646249697362417
"[0.1360454250418886, 0.6742345694721589, -0.9166936964420794, 0.48376043465137936]",29.75748856381642,2.964687802217638
"[0.13603233118169183, 0.6742385600089825, -0.9166967652049357, 0.4837520701073349]",29.757540207546764,2.9647506346990347
"[0.13601923790579368, 0.6742425508503, -0.916699833742808, 0.4837437050128249]",29.75759185315342,2.9648134671804316
"[0.13600614382503387, 0.6742465424196039, -0.9167029023811849, 0.48373533848023403]",29.757643495252314,2.9648762996618276
"[0.13599304564739031, 0.6742505357207479, -0.9167059718914402, 0.4837269684055283]",29.757695134030097,2.9649391321432246
"[0.13597994851163192, 0.6742545291872868, -0.9167090410692201, 0.48371859807210704]",29.757746772293476,2.965001964624621
"[0.13596685050327686, 0.6742585234030145, -0.9167121103630929, 0.48371022625638155]",29.757798411133752,2.9650647971060176
"[0.13595375105363114, 0.6742625185415405, -0.9167151799062264, 0.4837018525945433]",29.7578500493684,2.9651276295874145
"[0.13594064952211965, 0.6742665147984838, -0.9167182498486166, 0.4836934766766678]",29.757901683108827,2.965190462068811
"[0.13592754830482343, 0.6742705114431524, -0.916721319628723, 0.4836851000343171]",29.757953318099297,2.965253294550208
"[0.13591444538945488, 0.6742745090895231, -0.9167243897179693, 0.4836767213806911]",29.758004951578027,2.965316127031604
"[0.13590134194337106, 0.6742785073816484, -0.9167274598427365, 0.4836683414619126]",29.758056583931506,2.965378959513001
"[0.13588823700491137, 0.6742825066131188, -0.9167305302282505, 0.483659959662712]",29.758108215186066,2.9654417919943974
"[0.1358751316555942, 0.6742865064540914, -0.9167336006210187, 0.4836515766744939]",29.758159843836907,2.965504624475794
"[0.13586202363537897, 0.6742905075944755, -0.9167366715504586, 0.48364319105132497]",29.75821147141256,2.965567456957191
"[0.13584891648417202, 0.6742945089539928, -0.9167397421871286, 0.4836348050574099]",29.75826309903864,2.9656302894385873
"[0.13583580619786056, 0.6742985117551734, -0.9167428134689927, 0.4836264161306352]",29.75831472494067,2.965693121919984
"[0.13582269594731516, 0.6743025150301268, -0.9167458846531228, 0.4836180262995522]",29.758366349127122,2.9657559544013803
"[0.13580958436104143, 0.6743065191977747, -0.9167489560607172, 0.4836096346862734]",29.758417970827328,2.9658187868827772
"[0.13579647270806508, 0.6743105238707063, -0.9167520273944177, 0.48360124210276934]",29.75846959460283,2.9658816193641737
"[0.13578335777231426, 0.6743145300314416, -0.9167550994074659, 0.4835928464900562]",29.758521216131637,2.96594445184557
"[0.13577024458536463, 0.6743185361431572, -0.9167581709211874, 0.4835844510688882]",29.758572833265795,2.966007284326967
"[0.1357571289154447, 0.6743225434987673, -0.9167612429267141, 0.4835760531298212]",29.758624454318504,2.9660701168083636
"[0.1357440125416946, 0.6743265515549107, -0.9167643150072234, 0.4835676538116239]",29.758676071655568,2.96613294928976
"[0.1357308935302317, 0.674330560902781, -0.9167673876155571, 0.4835592518754703]",29.758727686204672,2.966195781771157
"[0.1357177748108578, 0.6743345706471803, -0.9167704600654282, 0.4835508491974002]",29.758779301598963,2.966258614252553
"[0.1357046558357847, 0.6743385809556046, -0.9167735324850574, 0.4835424454264707]",29.758830916764833,2.96632144673395
"[0.13569153443562598, 0.6743425924913976, -0.9167766053824106, 0.48353403917268095]",29.758882526366648,2.9663842792153465
"[0.13567841269033085, 0.6743466046188992, -0.9167796782702805, 0.4835256317681622]",29.75893413704861,2.9664471116967435
"[0.1356652873484153, 0.674350618332564, -0.9167827519099958, 0.48351722112912726]",29.758985745711193,2.96650994417814
"[0.1356521641320291, 0.6743546318827018, -0.9167858249614792, 0.48350881092207076]",29.759037357731685,2.9665727766595364
"[0.1356390388199777, 0.6743586465603885, -0.9167888984131249, 0.4835003984416758]",29.75908896071966,2.9666356091409334
"[0.13562591270790286, 0.6743626619694667, -0.9167919719614613, 0.48349198451808023]",29.759140569520792,2.9666984416223294
"[0.13561278425884551, 0.6743666785804194, -0.9167950459662473, 0.48348356816557786]",29.75919217296968,2.9667612741037264
"[0.1355996555504785, 0.6743706957577684, -0.9167981199409071, 0.4834751507157989]",29.759243777199284,2.966824106585123
"[0.13558652665030946, 0.6743747134809532, -0.9168011938695536, 0.48346673221189035]",29.759295377887618,2.9668869390665193
"[0.13557339636783536, 0.6743787321144034, -0.9168042680308438, 0.48345831189028504]",29.759346978468294,2.9669497715479163
"[0.1355602630391709, 0.6743827521677065, -0.916807342814213, 0.48344988868335914]",29.75939857701509,2.9670126040293128
"[0.13554713121799183, 0.6743867722471432, -0.9168104171534625, 0.4834414655114331]",29.75945017722933,2.9670754365107093
"[0.13553399602616364, 0.6743907938462188, -0.9168134921905421, 0.48343303924526115]",29.759501771494474,2.9671382689921058
"[0.13552086352383558, 0.6743948151096008, -0.9168165665066478, 0.48342461377229606]",29.75955337002528,2.9672011014735027
"[0.13550772538151792, 0.6743988385880682, -0.9168196420516069, 0.48341618374815554]",29.759604961835503,2.967263933954899
"[0.1354945886120617, 0.6744028621342707, -0.9168227171836432, 0.4834077536720781]",29.759656557466553,2.9673267664362957
"[0.13548145032941158, 0.6744068866322198, -0.9168257925782681, 0.4833993216919472]",29.759708148028512,2.9673895989176926
"[0.1354683108581913, 0.6744109119826874, -0.9168288681593919, 0.48339088801574204]",29.759759739862837,2.967452431399089
"[0.13545517033075016, 0.6744149381453127, -0.9168319438959381, 0.4833824527280988]",29.759811329149752,2.9675152638804856
"[0.13544202767916785, 0.6744189654475365, -0.9168350200377643, 0.4833740151430745]",29.75986291535389,2.967578096361882
"[0.13542888582777746, 0.6744229929933885, -0.9168380959003186, 0.483365577137878]",29.759914504180266,2.967640928843279
"[0.13541574287620878, 0.6744270213653456, -0.9168411719283086, 0.4833571374922319]",29.759966090017294,2.9677037613246755
"[0.13540259742271032, 0.6744310509933157, -0.9168442484496938, 0.48334869530554875]",29.760017672226798,2.967766593806072
"[0.13538945126270846, 0.6744350813271572, -0.9168473250441721, 0.4833402517304699]",29.760069257212606,2.967829426287469
"[0.13537630515899096, 0.6744391121331187, -0.9168504015331476, 0.4833318072567697]",29.76012083911929,2.967892258768865
"[0.1353631572843617, 0.6744431439716054, -0.9168534783441331, 0.48332336071047977]",29.760172419184897,2.967955091250262
"[0.1353500070302051, 0.6744471770295447, -0.9168565556194369, 0.4833149117000904]",29.76022399717642,2.9680179237316584
"[0.1353368562729989, 0.674451210731631, -0.91685963291985, 0.48330646143089007]",29.76027557614543,2.968080756213055
"[0.13532370564326135, 0.6744552448845853, -0.9168627100977431, 0.48329801030786773]",29.76032715272052,2.968143588694452
"[0.13531055191530644, 0.6744592804781516, -0.9168657879078074, 0.48328955625769016]",29.760378727824257,2.9682064211758483
"[0.13529739849308686, 0.6744633164681877, -0.9168688655534606, 0.48328110146776704]",29.760430302544055,2.968269253657245
"[0.13528424465200825, 0.6744673530771457, -0.9168719432041567, 0.4832726454721898]",29.760481876285898,2.9683320861386413
"[0.13527108752259173, 0.6744713911857709, -0.9168750215311893, 0.48326418642596003]",29.760533446192166,2.9683949186200382
"[0.13525793124234334, 0.674475429524502, -0.9168780995663955, 0.4832557269887196]",29.760585015643667,2.9684577511014347
"[0.13524477295722187, 0.674479468969456, -0.916881177977436, 0.48324726532520956]",29.7606365846903,2.968520583582831
"[0.1352316158809122, 0.6744835085342025, -0.9168842560123692, 0.4832388035018493]",29.76068815465413,2.968583416064228
"[0.13521845438969435, 0.6744875499455993, -0.9168873349867339, 0.48323033790140313]",29.760739720066727,2.9686462485456246
"[0.1352052934066457, 0.6744915916922286, -0.9168904137487194, 0.48322187168995206]",29.760791285619298,2.968709081027021
"[0.13519213110912423, 0.674495634333931, -0.916893492724615, 0.4832134036948637]",29.760842846970345,2.9687719135084176
"[0.13517896849271094, 0.674499677565078, -0.9168965716814393, 0.4832049345563982]",29.76089441171967,2.9688347459898146
"[0.13516580381448826, 0.6745037219212432, -0.9168996510267914, 0.483196463152794]",29.760945971301197,2.968897578471211
"[0.13515263813364023, 0.6745077670772656, -0.9169027305128102, 0.48318799016522673]",29.76099753216422,2.9689604109526075
"[0.13513947252420452, 0.674511812703269, -0.9169058098881901, 0.4831795162847249]",29.761049092530822,2.9690232434340045
"[0.13512630453802552, 0.6745158595517021, -0.916908889725451, 0.48317103993527927]",29.76110064929251,2.9690860759154005
"[0.1351131357122452, 0.6745199071504319, -0.9169119696649588, 0.48316256210590697]",29.761152206724535,2.9691489083967975
"[0.13509996408594593, 0.6745239561024313, -0.9169150501652223, 0.4831540815337495]",29.761203758423672,2.969211740878194
"[0.13508679553998898, 0.6745280045999524, -0.9169181298507951, 0.4831456020051874]",29.761255314985043,2.9692745733595904
"[0.1350736235269981, 0.6745320546560031, -0.916921210252808, 0.48313711930407327]",29.761306866850724,2.9693374058409874
"[0.1350604506276433, 0.6745361054773906, -0.9169242907676275, 0.48312863509181364]",29.76135841934215,2.969400238322384
"[0.1350472754800678, 0.6745401574831411, -0.9169273717136175, 0.48312014849087004]",29.761409967193217,2.9694630708037804
"[0.13503410110651023, 0.6745442097439066, -0.9169304523839545, 0.483111661447751]",29.761461516656517,2.969525903285177
"[0.13502092406626123, 0.6745482633181746, -0.9169335335831105, 0.48310317174563955]",29.76151306523563,2.969588735766574
"[0.13500774744577848, 0.6745523172566608, -0.9169366145892794, 0.48309468137276684]",29.76156461074185,2.9696515682479703
"[0.13499456888367856, 0.67455637228602, -0.9169396959545164, 0.4830861888073322]",29.761616155474016,2.9697144007293668
"[0.13498138934851453, 0.6745604281084697, -0.916942777452249, 0.4830776946730859]",29.7616676995557,2.9697772332107637
"[0.13496820867130743, 0.674564484776141, -0.9169458591219005, 0.48306919886088423]",29.761719239044524,2.96984006569216
"[0.1349550265976754, 0.6745685423675786, -0.9169489410228328, 0.4830607012063513]",29.761770782309256,2.9699028981735567
"[0.13494184372356835, 0.6745726006995121, -0.91695202301562, 0.48305220209336747]",29.761822319879393,2.9699657306549536
"[0.13492866010412594, 0.6745766597551125, -0.9169551050872814, 0.4830437015572444]",29.761873859091462,2.97002856313635
"[0.13491547380530503, 0.6745807201301006, -0.9169581876898459, 0.48303519835050385]",29.76192539538527,2.9700913956177466
"[0.13490228817703032, 0.6745847807931277, -0.9169612700400954, 0.4830266946330623]",29.761976930629004,2.970154228099143
"[0.13488910209992727, 0.6745888420889691, -0.9169643523996278, 0.4830181896829546]",29.762028468339714,2.97021706058054
"[0.13487591294166382, 0.6745929048286347, -0.9169674353836634, 0.4830096818018927]",29.762080000206193,2.9702798930619365
"[0.13486272302344463, 0.6745969682973902, -0.916970518449498, 0.4830011724867159]",29.762131530368634,2.970342725543333
"[0.13484953431562585, 0.6746010318882705, -0.9169736011365001, 0.4829926630085301]",29.762183062094838,2.97040555802473
"[0.13483634119960433, 0.674605097332627, -0.9169766847578471, 0.4829841497417992]",29.76223459076755,2.970468390506126
"[0.13482314800165546, 0.674609163297682, -0.9169797683022242, 0.4829756354775722]",29.762286116617602,2.970531222987523
"[0.1348099544249655, 0.6746132298749843, -0.9169828518389269, 0.4829671200241904]",29.76233764405954,2.9705940554689194
"[0.13479676002653446, 0.6746172972011983, -0.9169859354714051, 0.4829586030955361]",29.76238916882609,2.970656887950316
"[0.13478356437010747, 0.6746213654109909, -0.9169890193015158, 0.4829500844097009]",29.762440695080254,2.970719720431713
"[0.1347703668965292, 0.6746254346769829, -0.9169921034598248, 0.48294156360530793]",29.762492214605125,2.9707825529131093
"[0.13475716795235698, 0.6746295048925626, -0.9169951878652346, 0.48293304090568184]",29.762543736064828,2.9708453853945063
"[0.13474396831469448, 0.6746335758182719, -0.9169982723360489, 0.4829245168123026]",29.762595256450723,2.9709082178759023
"[0.13473076915773843, 0.674637647092053, -0.9170013565978038, 0.48291599208334124]",29.762646776018805,2.9709710503572992
"[0.13471756801952894, 0.6746417194734411, -0.917004441225698, 0.48290746512849575]",29.76269829327596,2.9710338828386957
"[0.13470436446724268, 0.6746457930962655, -0.917007526320744, 0.482898935667647]",29.762749807462445,2.9710967153200922
"[0.1346911611038817, 0.6746498671576235, -0.9170106112746327, 0.4828904053820128]",29.762801323131338,2.971159547801489
"[0.13467795495056673, 0.6746539425768918, -0.9170136967832738, 0.4828818723466775]",29.76285283533554,2.9712223802828857
"[0.13466475035048345, 0.6746580180138966, -0.9170167818318294, 0.48287333936773985]",29.76290435014942,2.971285212764282
"[0.1346515447545579, 0.6746620942554086, -0.9170198670157805, 0.48286480479794053]",29.762955860100732,2.9713480452456786
"[0.13463833433530362, 0.6746661724832657, -0.9170229532291929, 0.48285626616293714]",29.76300736876456,2.9714108777270756
"[0.13462512763490542, 0.6746702500605112, -0.9170260384763574, 0.4828477289838244]",29.763058880049527,2.971473710208472
"[0.13461191710349074, 0.6746743293182416, -0.9170291245209399, 0.48283918838006706]",29.763110385669442,2.9715365426898686
"[0.13459870580569708, 0.6746784093104528, -0.9170322106468995, 0.48283064633238293]",29.763161890469547,2.9715993751712655
"[0.13458549290914837, 0.6746824902944, -0.9170352970485763, 0.4828221023022508]",29.763213395002044,2.9716622076526615
"[0.13457228022001702, 0.674686571712363, -0.9170383833039759, 0.482813557457394]",29.7632648984526,2.9717250401340585
"[0.13455906455482666, 0.6746906545479392, -0.917041470156597, 0.4828050097386374]",29.763316398875965,2.971787872615455
"[0.13454584886997126, 0.6746947378880165, -0.9170445569157895, 0.4827964610577373]",29.763367898525363,2.9718507050968515
"[0.13453263249025327, 0.6746988219413164, -0.9170476437391757, 0.4827879109777841]",29.76341940008033,2.9719135375782484
"[0.1345194135580493, 0.6747029072821202, -0.9170507310605096, 0.4827793582965959]",29.76347089683016,2.971976370059645
"[0.13450619571949748, 0.6747069927837168, -0.9170538180281361, 0.48277080537300976]",29.76352239452586,2.972039202541042
"[0.13449297573593738, 0.6747110794472728, -0.9170569053983407, 0.48276225011117313]",29.763573888478167,2.972102035022438
"[0.13447975443413038, 0.6747151670174806, -0.9170599929779262, 0.4827536930456606]",29.76362538100394,2.972164867503835
"[0.13446653405665537, 0.6747192548010655, -0.9170630802431101, 0.48274513562783095]",29.763676878690347,2.9722276999852313
"[0.13445330909730133, 0.6747233445008654, -0.9170661684795959, 0.48273657429306]",29.76372836684509,2.9722905324666278
"[0.13444008446549324, 0.6747274345989773, -0.9170692565408352, 0.4827280122190005]",29.763779856072773,2.9723533649480247
"[0.1344268587492113, 0.6747315255322126, -0.9170723447564626, 0.4827194484913074]",29.76383134449271,2.972416197429421
"[0.13441363246535784, 0.6747356171408452, -0.9170754330056858, 0.4827108834444182]",29.763882832663864,2.9724790299108177
"[0.13440040440603196, 0.6747397097987348, -0.9170785215704408, 0.48270231629579957]",29.763934319794874,2.972541862392214
"[0.13438717571411854, 0.6747438031524841, -0.9170816101837764, 0.4826937477853003]",29.76398580293023,2.972604694873611
"[0.13437394619564216, 0.6747478972622584, -0.91708469889089, 0.4826851777870468]",29.764037286185278,2.9726675273550076
"[0.13436071536192695, 0.6747519922794702, -0.9170877878057733, 0.4826766059841713]",29.764088768756817,2.972730359836404
"[0.13434748251487663, 0.6747560884204374, -0.9170908770912926, 0.48266803192396285]",29.76414024977152,2.972793192317801
"[0.13433424909519268, 0.6747601852394092, -0.9170939664110029, 0.4826594565395508]",29.764191728132257,2.972856024799197
"[0.1343210148228773, 0.6747642828232137, -0.9170970558301763, 0.4826508796492608]",29.76424320650314,2.972918857280594
"[0.13430777955502554, 0.6747683812162519, -0.9171001453820794, 0.4826423011602174]",29.76429468232886,2.9729816897619905
"[0.13429454341620106, 0.6747724803801338, -0.9171032350375344, 0.482633721152863]",29.764346158388598,2.9730445222433874
"[0.13428130576866923, 0.6747765805125561, -0.9171063249453029, 0.48262513921347266]",29.76439763180178,2.973107354724784
"[0.13426806681454326, 0.6747806815511398, -0.9171094150581005, 0.48261655547269533]",29.76444910636929,2.9731701872061804
"[0.13425482820114623, 0.6747847829857132, -0.9171125049913367, 0.48260797099842134]",29.76450057936065,2.9732330196875774
"[0.13424158654090299, 0.6747888858659891, -0.917115595535576, 0.48259938359363896]",29.764552046798226,2.9732958521689734
"[0.13422834538038722, 0.6747929890932834, -0.9171186858629585, 0.48259079555799805]",29.76460351546477,2.9733586846503703
"[0.1342151002519693, 0.6747970940522917, -0.9171217770160627, 0.4825822039934191]",29.76465498064851,2.973421517131767
"[0.13420185771650495, 0.6748011987098179, -0.917124867463618, 0.482573613155409]",29.764706448796485,2.9734843496131633
"[0.13418861164997542, 0.6748053049641863, -0.9171279586347143, 0.48256501907094207]",29.764757914112536,2.9735471820945603
"[0.13417536581059755, 0.6748094116505698, -0.917131049652211, 0.48255642417797434]",29.764809376358134,2.9736100145759568
"[0.13416211962735944, 0.6748135189461095, -0.9171341406492707, 0.48254782810585367]",29.764860840149492,2.9736728470573532
"[0.13414886973395, 0.6748176278948974, -0.9171372324113021, 0.4825392286695146]",29.764912298699098,2.9737356795387497
"[0.13413562025642145, 0.6748217372176306, -0.9171403239754117, 0.48253062854643153]",29.764963759328563,2.9737985120201467
"[0.13412236896315094, 0.6748258476066017, -0.9171434158622185, 0.48252202628783303]",29.765015218628406,2.973861344501543
"[0.1341091182310004, 0.6748299583246694, -0.9171465075170475, 0.48251342343648024]",29.765066675910965,2.9739241769829396
"[0.1340958645946421, 0.67483407044707, -0.9171495997483211, 0.48250481774222126]",29.76511813115119,2.9739870094643366
"[0.13408260948586598, 0.6748381835298665, -0.9171526922218649, 0.48249621013419824]",29.765169581665344,2.9740498419457326
"[0.13406935495076994, 0.67484229693828, -0.9171557844602239, 0.48248760194091433]",29.765221035197314,2.9741126744271296
"[0.13405609881888422, 0.6748464113460134, -0.9171588769696739, 0.48247899175256687]",29.765272487751957,2.9741755069085265
"[0.13404284197436664, 0.6748505264788486, -0.9171619695438445, 0.48247038014309773]",29.765323939017414,2.974238339389923
"[0.1340295846857145, 0.6748546422535298, -0.9171650621200218, 0.48246176728676915]",29.765375388537716,2.9743011718713195
"[0.1340163230563566, 0.6748587598801319, -0.9171681556070314, 0.4824531506514593]",29.765426835129162,2.974364004352716
"[0.1340030628894953, 0.6748628775570326, -0.9171712486510757, 0.4824445340073658]",29.765478278650978,2.974426836834113
"[0.1339898002857558, 0.6748669964952186, -0.9171743421616293, 0.4824359148204425]",29.765529723771888,2.9744896693155094
"[0.1339765364206813, 0.6748711163298835, -0.9171774358643752, 0.48242729385417393]",29.7655811681705,2.974552501796906
"[0.13396327350973583, 0.6748752363729585, -0.9171805292424947, 0.482418672548427]",29.765632610197617,2.974615334278303
"[0.133950007616068, 0.674879357847597, -0.9171836232140979, 0.4824100483438084]",29.7656840511827,2.974678166759699
"[0.1339367420660304, 0.6748834797205625, -0.9171867170032815, 0.48240142340244535]",29.765735490569387,2.974740999241096
"[0.1339234753734709, 0.6748876024537501, -0.9171898109565593, 0.48239279675790137]",29.765786928593137,2.9748038317224923
"[0.133910206279682, 0.674891726438576, -0.9171929053673586, 0.4823841675912461]",29.765838363997645,2.974866664203889
"[0.13389693727413204, 0.6748958509015249, -0.9171959996550205, 0.48237553752109585]",29.7658898012688,2.9749294966852857
"[0.13388366631871135, 0.6748999764762647, -0.9171990942947299, 0.48236690522161996]",29.765941233798237,2.974992329166682
"[0.13387039341029858, 0.674904103164068, -0.9172021892870886, 0.48235827069026593]",29.76599266471531,2.9750551616480787
"[0.13385712142594905, 0.6749082300705448, -0.917205283961135, 0.4823496357984854]",29.76604409809118,2.975117994129475
"[0.13384384746836364, 0.6749123580967311, -0.9172083789923519, 0.4823409986610729]",29.76609552643427,2.975180826610872
"[0.1338305721866335, 0.6749164870410232, -0.9172114742292781, 0.4823323596999409]",29.766146956617817,2.9752436590922686
"[0.13381729551351276, 0.6749206169245433, -0.917214569687485, 0.48232371887097186]",29.76619838246522,2.975306491573665
"[0.13380402043857678, 0.6749247468174107, -0.917217664669876, 0.48231507811979196]",29.76624981200812,2.975369324055062
"[0.13379074166901767, 0.6749288783664033, -0.9172207604103294, 0.4823064340010105]",29.766301233638938,2.9754321565364585
"[0.1337774613051132, 0.674933010918405, -0.9172238564190581, 0.48229778788120287]",29.766352657480887,2.975494989017855
"[0.13376418082047695, 0.6749371440150281, -0.9172269523524256, 0.48228914071948703]",29.76640407738557,2.9755578214992515
"[0.13375089898111403, 0.6749412780404569, -0.9172300484980047, 0.4822804917121522]",29.76645549965746,2.9756206539806485
"[0.1337376152017742, 0.6749454131771012, -0.9172331449921102, 0.4822718404776583]",29.766506916549293,2.975683486462045
"[0.13372433185952293, 0.6749495486851539, -0.9172362412805434, 0.48226318856385203]",29.76655833547265,2.9757463189434414
"[0.13371104696031222, 0.6749536851855521, -0.9172393378280175, 0.48225453467173784]",29.766609752915645,2.9758091514248384
"[0.13369776115916948, 0.6749578224745431, -0.9172424344817477, 0.482245879227664]",29.766661166389582,2.9758719839062344
"[0.1336844752603584, 0.674961960301796, -0.9172455310541868, 0.48223722275540515]",29.76671258367836,2.9759348163876314
"[0.13367118568504935, 0.6749660997821998, -0.91724862837934, 0.48222856292267274]",29.7667639923523,2.975997648869028
"[0.13365789454940843, 0.674970240256972, -0.9172517259638628, 0.4822199011077644]",29.766815401116858,2.9760604813504243
"[0.13364460497777475, 0.6749743807528716, -0.9172548230795325, 0.4822112393467369]",29.766866815685237,2.9761233138318213
"[0.13363131340709392, 0.6749785223800886, -0.9172579205566328, 0.48220257531717275]",29.766918220958832,2.9761861463132178
"[0.13361802062177425, 0.6749826648944621, -0.9172610182122457, 0.4821939095299426]",29.766969627895833,2.9762489787946143
"[0.13360472694129938, 0.6749868081966105, -0.9172641159718199, 0.48218524219301934]",29.76702103330443,2.9763118112760107
"[0.13359143212244215, 0.6749909523625236, -0.9172672138919317, 0.48217657314752116]",29.767072439263956,2.9763746437574077
"[0.13357813581156314, 0.6749950975026459, -0.917270312054877, 0.48216790216249455]",29.76712384116424,2.976437476238804
"[0.1335648381258832, 0.6749992435806704, -0.9172734104332295, 0.48215922931398164]",29.767175243068944,2.9765003087202007
"[0.13355154112002957, 0.6750033899560868, -0.9172765085481728, 0.48215055594187656]",29.767226641462877,2.9765631412015976
"[0.13353824154970598, 0.6750075376407184, -0.9172796071555096, 0.4821418799297194]",29.76727804048096,2.976625973682994
"[0.1335249395513034, 0.675011686592402, -0.9172827062233201, 0.4821332013658352]",29.767329436741043,2.9766888061643906
"[0.13351163943941713, 0.6750158354654714, -0.9172858047463213, 0.4821245230650651]",29.767380835197397,2.976751638645787
"[0.1334983359636599, 0.6750199858979093, -0.9172889039475961, 0.4821158416012835]",29.767432228373107,2.976814471127184
"[0.13348503321266725, 0.6750241366143516, -0.9172920028745393, 0.4821071596422539]",29.76748362572382,2.9768773036085805
"[0.13347172705351196, 0.6750282889045712, -0.9172951024898228, 0.4820984744902749]",29.767535013449343,2.976940136089977
"[0.13345842074376635, 0.6750324417522847, -0.9172982020344892, 0.48208978827115345]",29.76758640436498,2.977002968571374
"[0.133445114893918, 0.6750365949670114, -0.9173013013662568, 0.48208110138336047]",29.76763779542029,2.97706580105277
"[0.13343180441926128, 0.6750407501361635, -0.9173044016693797, 0.4820724105067555]",29.76768918144233,2.977128633534167
"[0.133418495993321, 0.6750449051766622, -0.9173075013893381, 0.48206371999835484]",29.76774056606139,2.9771914660155634
"[0.13340518464186135, 0.6750490616416365, -0.9173106016846124, 0.482055026609767]",29.767791951627384,2.97725429849696
"[0.133391873735557, 0.6750532184788013, -0.9173137017700439, 0.48204633254196627]",29.76784333680903,2.977317130978357
"[0.13337856081453275, 0.6750573764565015, -0.9173168022184365, 0.482037636188025]",29.7678947169443,2.9773799634597533
"[0.13336524735878275, 0.6750615351127057, -0.9173199026850057, 0.4820289385143605]",29.76794609994669,2.97744279594115
"[0.13335193243477436, 0.6750656947391994, -0.9173230033870516, 0.48202023891079526]",29.767997477710118,2.9775056284225463
"[0.13333861579646533, 0.6750698554130942, -0.9173261043817562, 0.4820115372161464]",29.76804885589728,2.9775684609039432
"[0.13332529965459564, 0.6750740164437996, -0.9173292051542189, 0.48200283487479695]",29.768100235243924,2.9776312933853397
"[0.13331197921626012, 0.6750781793292815, -0.9173323068203821, 0.48199412875401093]",29.76815160689656,2.977694125866736
"[0.13329866090344175, 0.6750823420627475, -0.9173354078847828, 0.4819854230508125]",29.76820298130193,2.977756958348133
"[0.13328533977707885, 0.6750865061880394, -0.9173385094973558, 0.4819767145365637]",29.768254353929077,2.9778197908295296
"[0.13327201835080715, 0.6750906709196492, -0.9173416110727252, 0.48196800485410274]",29.768305725984685,2.977882623310926
"[0.13325869673706603, 0.6750948362225181, -0.9173447125846281, 0.4819592940768107]",29.768357097946424,2.9779454557923226
"[0.13324537319137308, 0.6750990026422857, -0.9173478144391067, 0.4819505810636887]",29.768408463836735,2.9780082882737196
"[0.13323204698218447, 0.6751031704080438, -0.9173509168063386, 0.48194186533575795]",29.76845983188482,2.978071120755116
"[0.1332187217239396, 0.6751073383895422, -0.9173540188447753, 0.48193314925669983]",29.768511197942434,2.9781339532365125
"[0.1332053946016998, 0.6751115074673785, -0.9173571212096282, 0.48192443098507765]",29.768562562966075,2.9781967857179095
"[0.13319206541963088, 0.6751156777031069, -0.9173602239463584, 0.4819157103922722]",29.76861392466101,2.9782596181993055
"[0.1331787370679825, 0.6751198481926047, -0.9173633263820866, 0.4819069893690113]",29.76866528886806,2.9783224506807024
"[0.13316540660067347, 0.6751240198578515, -0.9173664292024771, 0.4818982659873906]",29.768716649295197,2.9783852831620994
"[0.13315207442456692, 0.6751281925718101, -0.9173695323127027, 0.4818895405131593]",29.768768004668946,2.9784481156434954
"[0.13313874138992216, 0.6751323660685775, -0.9173726355147527, 0.4818808135024269]",29.7688193623551,2.9785109481248924
"[0.13312540753172863, 0.6751365403373717, -0.9173757388003823, 0.4818720849778211]",29.76887071858869,2.978573780606289
"[0.13311207293870927, 0.6751407153505534, -0.9173788421488501, 0.4818633549971958]",29.768922076493748,2.978636613087686
"[0.13309873703779646, 0.6751448912877576, -0.9173819456934145, 0.48185462318503547]",29.768973426681402,2.9786994455690823
"[0.13308539857003313, 0.6751490685434712, -0.9173850497269429, 0.48184588871655404]",29.76902477901339,2.9787622780504788
"[0.13307205917592507, 0.6751532466042186, -0.9173881538675411, 0.4818371526655212]",29.769076126646457,2.9788251105318757
"[0.13305872113207343, 0.6751574247569803, -0.9173912575853606, 0.4818284165228659]",29.76912747948154,2.9788879430132718
"[0.13304538039492803, 0.6751616042685304, -0.9173943618212296, 0.4818196776399377]",29.769178826765565,2.9789507754946687
"[0.1330320383258875, 0.6751657847126701, -0.9173974662582352, 0.48181093690798477]",29.76923017138272,2.979013607976065
"[0.13301869521891516, 0.6751699659974901, -0.9174005708278703, 0.48180219451925776]",29.769281517749853,2.9790764404574617
"[0.13300535131091545, 0.6751741480489283, -0.9174036754749126, 0.4817934506286889]",29.769332859354915,2.9791392729388586
"[0.13299200642253434, 0.6751783309233561, -0.9174067802409912, 0.4817847051184885]",29.769384202873724,2.979202105420255
"[0.13297865989783467, 0.6751825148266026, -0.9174098852786001, 0.48177595755840846]",29.76943554158623,2.9792649379016516
"[0.13296531339305037, 0.6751866992396114, -0.9174129902023253, 0.48176720903373726]",29.7694868833287,2.979327770383048
"[0.1329519628297903, 0.6751908854413575, -0.9174160959608297, 0.4817584568705834]",29.7695382182928,2.979390602864445
"[0.1329386160341954, 0.6751950709779565, -0.9174192007334263, 0.48174970619938384]",29.769589559068983,2.9794534353458415
"[0.13292526439768546, 0.675199258549172, -0.917422306522577, 0.4817409513758301]",29.7696408936225,2.979516267827238
"[0.1329119127955931, 0.6752034466262681, -0.9174254121940674, 0.48173219559611874]",29.769692225928072,2.979579100308635
"[0.1328985589345803, 0.675207635928798, -0.9174285182812391, 0.48172343735599743]",29.769743555378366,2.979641932790031
"[0.13288520591352232, 0.6752118254847549, -0.9174316240631989, 0.48171467868764417]",29.7697948878489,2.979704765271428
"[0.13287185061393092, 0.675216016272717, -0.917434730265182, 0.48170591754531566]",29.769846218566286,2.9797675977528244
"[0.13285849432385813, 0.6752202078887677, -0.9174378365874887, 0.4816971547735301]",29.769897545597342,2.9798304302342213
"[0.13284513582613272, 0.6752244007151365, -0.9174409433130841, 0.4816883895733073]",29.76994887202202,2.979893262715618
"[0.13283177871834112, 0.6752285936227699, -0.9174440496052026, 0.4816796243050313]",29.770000199620483,2.9799560951970143
"[0.1328184183167946, 0.6752327880820931, -0.9174471565529675, 0.4816708558948598]",29.770051520796258,2.9800189276784113
"[0.1328050573390048, 0.6752369832402413, -0.9174502635242967, 0.4816620861257863]",29.77010284538186,2.9800817601598073
"[0.13279169658512116, 0.6752411788460666, -0.9174533703330388, 0.48165331552288654]",29.770154167097346,2.9801445926412042
"[0.13277833342404463, 0.6752453757259941, -0.917456477590902, 0.48164454235866505]",29.77020548685038,2.9802074251226007
"[0.1327649684743147, 0.6752495736860629, -0.9174595851539321, 0.4816357670386758]",29.77025680421403,2.980270257603997
"[0.13275160328851388, 0.6752537722387995, -0.9174626926610219, 0.4816269905820133]",29.77030811930831,2.980333090085394
"[0.13273823615097435, 0.6752579719233595, -0.9174658005109694, 0.48161821186173637]",29.770359433604266,2.9803959225667906
"[0.13272486920120002, 0.6752621720677106, -0.9174689082062424, 0.4816094322826817]",29.77041074954809,2.980458755048187
"[0.13271150163848228, 0.6752663729235595, -0.9174720159329106, 0.48160065131878366]",29.77046206276734,2.9805215875295836
"[0.1326981312874818, 0.675270575174767, -0.9174751241965842, 0.48159186754066324]",29.77051337514416,2.9805844200109806
"[0.13268476051944708, 0.6752747780763284, -0.917478232445885, 0.4815830825056791]",29.77056468420172,2.980647252492377
"[0.1326713898511095, 0.675278981465894, -0.9174813405606085, 0.48157429655323614]",29.770615993964565,2.9807100849737735
"[0.13265801490724777, 0.6752831867192332, -0.9174844495576762, 0.4815655068078016]",29.77066729768576,2.9807729174551705
"[0.13264464166307185, 0.675287391957876, -0.917487558048042, 0.4815567171958049]",29.770718602282393,2.9808357499365665
"[0.13263126558051194, 0.6752915986089635, -0.9174906670864456, 0.4815479247343717]",29.770769908606443,2.9808985824179635
"[0.13261788904165758, 0.6752958059236068, -0.9174937761190906, 0.4815391309888735]",29.770821211777577,2.98096141489936
"[0.1326045120438462, 0.6753000139027646, -0.9174968851465031, 0.48153033595737743]",29.77087251203234,2.981024247380757
"[0.13259113254787466, 0.675304223188144, -0.9174999946425105, 0.4815215382987538]",29.770923811914138,2.9810870798621534
"[0.13257775363875568, 0.6753084328093664, -0.917503103890025, 0.48151274004124095]",29.770975111709216,2.98114991234355
"[0.1325643736473674, 0.6753126432916822, -0.9175062132768705, 0.48150394008708874]",29.77102640942384,2.981212744824947
"[0.13255099100996812, 0.675316855127489, -0.9175093231663123, 0.4814951374073057]",29.77107770377666,2.981275577306343
"[0.13253760695133765, 0.6753210679316156, -0.9175124332736034, 0.4814863328069924]",29.771128997776724,2.98133840978774
"[0.13252422280177975, 0.6753252812855013, -0.917515543289513, 0.48147752716101466]",29.771180290713637,2.9814012422691363
"[0.1325108390021149, 0.6753294950503816, -0.9175186531115443, 0.48146872075939984]",29.77123158392741,2.9814640747505328
"[0.1324974520696352, 0.6753337103230312, -0.9175217635488015, 0.48145991131011395]",29.771282872964104,2.9815269072319297
"[0.1324840634182057, 0.6753379266585859, -0.9175248742726381, 0.4814510997429753]",29.771334162801942,2.981589739713326
"[0.13247067466600965, 0.6753421435476221, -0.917527984906982, 0.4814422871226889]",29.771385449362516,2.9816525721947227
"[0.13245728502586196, 0.675346361238199, -0.9175310956346269, 0.48143347293092487]",29.771436735596446,2.981715404676119
"[0.13244389289492564, 0.6753505802354653, -0.9175342068278274, 0.4814246561121115]",29.771488018639186,2.981778237157516
"[0.132430501844409, 0.6753547994145165, -0.9175373176568388, 0.4814158390171419]",29.7715393033681,2.9818410696389126
"[0.13241710914392102, 0.6753590196357263, -0.9175404287558626, 0.4814070198480992]",29.77159058528723,2.981903902120309
"[0.13240371484006708, 0.6753632408846865, -0.9175435401139448, 0.4813981986352067]",29.77164186390259,2.981966734601706
"[0.13239031829410636, 0.675367463362938, -0.9175466518793426, 0.4813893749573632]",29.77169314173303,2.9820295670831025
"[0.1323769196553346, 0.6753716870237945, -0.9175497640172289, 0.48138054891227805]",29.77174441689507,2.982092399564499
"[0.1323635234674936, 0.6753759104349613, -0.9175528754721443, 0.4813717234930143]",29.771795693814504,2.9821552320458955
"[0.13235012375589003, 0.6753801354802076, -0.9175559876317018, 0.4813628947632392]",29.771846967312797,2.9822180645272924
"[0.13233672313302583, 0.6753843613361157, -0.9175590998889956, 0.4813540644436921]",29.771898239277036,2.982280897008689
"[0.1323233232974499, 0.6753885874671252, -0.9175622118494614, 0.4813452336535362]",29.771949510186868,2.9823437294900854
"[0.13230992111778556, 0.6753928148609919, -0.9175653242402242, 0.4813364003288679]",29.772000783004856,2.9824065619714824
"[0.13229651666534153, 0.6753970434955674, -0.9175684370445826, 0.4813275645160856]",29.772052050940026,2.9824693944528784
"[0.13228311362792108, 0.6754012722075758, -0.9175715494060621, 0.4813187286459291]",29.77210331825293,2.9825322269342753
"[0.13226970705420382, 0.6754055025593927, -0.9175746624743111, 0.48130988945392594]",29.772154582554148,2.9825950594156723
"[0.1322563000326233, 0.6754097335767774, -0.9175777755320516, 0.4813010489758221]",29.772205848713956,2.9826578918970683
"[0.13224289161940136, 0.6754139655577452, -0.91758088879832, 0.4812922065890126]",29.77225711037158,2.9827207243784652
"[0.13222948370642082, 0.6754181979052954, -0.9175840018337532, 0.48128336354095164]",29.77230837399986,2.9827835568598617
"[0.13221607273240754, 0.6754224317438032, -0.9175871154650891, 0.4812745174824674]",29.77235963143971,2.9828463893412582
"[0.132202662073281, 0.6754266660077197, -0.9175902289084226, 0.48126567063997794]",29.77241089059616,2.982909221822655
"[0.13218924974517118, 0.6754309013235773, -0.9175933426242352, 0.48125682170451567]",29.772462147958574,2.9829720543040517
"[0.13217583629034077, 0.6754351375203717, -0.9175964564865214, 0.48124797103345557]",29.772513405096653,2.983034886785448
"[0.13216242088908914, 0.675439374857228, -0.9175995706854498, 0.48123911808550535]",29.772564658028003,2.9830977192668446
"[0.13214900537302754, 0.6754436127558099, -0.9176026847957288, 0.4812302640690517]",29.772615911228197,2.9831605517482416
"[0.13213558729980218, 0.6754478519878692, -0.9176057993841814, 0.48122140737180435]",29.77266716074735,2.983223384229638
"[0.13212216914906452, 0.6754520917702228, -0.9176089138751172, 0.4812125496300997]",29.772718410454928,2.9832862167110346
"[0.1321087497790881, 0.675456332463785, -0.9176120285334411, 0.481203690090004]",29.772769659886464,2.9833490491924315
"[0.1320953294401519, 0.675460573989614, -0.9176151433009655, 0.4811948289164872]",29.77282090665805,2.983411881673828
"[0.13208190760139774, 0.6754648165157509, -0.9176182583007733, 0.4811859657586164]",29.772872151819943,2.9834747141552245
"[0.13206848547719996, 0.6754690596584968, -0.9176213732509273, 0.48117710141805103]",29.772923395964234,2.983537546636621
"[0.1320550621601526, 0.6754733037048672, -0.9176244883619131, 0.48116823529526725]",29.77297464179727,2.983600379118018
"[0.1320416373542615, 0.675477548748674, -0.9176276037023047, 0.48115936719437896]",29.773025880875455,2.9836632115994144
"[0.13202821137748427, 0.6754817946895991, -0.9176307191982023, 0.48115049732504467]",29.773077120178623,2.983726044080811
"[0.1320147836765874, 0.6754860417028393, -0.9176338349778645, 0.481141625321368]",29.77312835824864,2.983788876562208
"[0.13200135561847254, 0.675490289356255, -0.9176369507240043, 0.4811327520861766]",29.773179596802667,2.983851709043604
"[0.13198792650086869, 0.6754945378721418, -0.9176400665994724, 0.481123877155175]",29.773230831493624,2.983914541525001
"[0.13197449664555655, 0.6754987871488776, -0.9176431825295014, 0.4811150007407316]",29.77328206570522,2.9839773740063973
"[0.13196106452275846, 0.6755030376707309, -0.9176462988689043, 0.4811061218313375]",29.773333298490748,2.984040206487794
"[0.13194763165915283, 0.6755072889548426, -0.9176494152633599, 0.4810972414357356]",29.77338452876895,2.9841030389691907
"[0.13193419704989628, 0.6755115413194457, -0.9176525319458749, 0.4810883588892692]",29.773435757482922,2.984165871450587
"[0.1319207621353179, 0.6755157943088299, -0.9176556485822007, 0.4810794751439309]",29.773486985570695,2.9842287039319837
"[0.1319073261592675, 0.6755200481625143, -0.9176587653476492, 0.4810705896994852]",29.773538213810433,2.98429153641338
"[0.13189388843867428, 0.6755243030969936, -0.9176618824005556, 0.48106170210381244]",29.77358943902514,2.984354368894777
"[0.1318804502224685, 0.6755285587170065, -0.9176649994511025, 0.4810528131826114]",29.77364066392233,2.9844172013761736
"[0.13186701073965468, 0.6755328152668837, -0.9176681166780214, 0.48104392242561705]",29.77369188745876,2.98448003385757
"[0.1318535695786789, 0.6755370728772169, -0.9176712341766488, 0.48103502956015765]",29.77374310635962,2.984542866338967
"[0.13184012874443832, 0.6755413309130881, -0.9176743514818758, 0.48102613591246457]",29.77379432710858,2.9846056988203635
"[0.13182668333867067, 0.6755455909265708, -0.9176774697296094, 0.4810172382408678]",29.77384554159784,2.98466853130176
"[0.13181323961250596, 0.6755498509373091, -0.917680587469974, 0.4810083406817299]",29.773896758055027,2.9847313637831565
"[0.13179979385363466, 0.6755541121217523, -0.9176837055638019, 0.4809994407779667]",29.77394797362616,2.9847941962645534
"[0.1317863490529926, 0.6755583735321403, -0.9176868233173979, 0.48099054050913065]",29.7739991902224,2.98485702874595
"[0.13177290159388097, 0.6755626363149907, -0.9176899415693408, 0.48098163748072753]",29.774050400781572,2.9849198612273464
"[0.13175945185093624, 0.6755669003518949, -0.9176930602326143, 0.48097273194017015]",29.77410160913244,2.9849826937087434
"[0.13174600267939354, 0.6755711647378173, -0.9176961786450539, 0.4809638257777313]",29.77415281845137,2.9850455261901394
"[0.1317325524839468, 0.6755754299786888, -0.9176992971764685, 0.4809549179368446]",29.774204029748752,2.9851083586715363
"[0.13171909896789372, 0.6755796968031482, -0.9177024163592271, 0.48094600689587896]",29.774255234752992,2.985171191152933
"[0.13170564638320356, 0.6755839638628799, -0.9177055352074015, 0.4809370954708106]",29.774306438767287,2.9852340236343293
"[0.13169219224521433, 0.6755882319461105, -0.9177086542969449, 0.48092818201556053]",29.774357643343237,2.9852968561157263
"[0.13167873620299048, 0.6755925011644319, -0.9177117737090882, 0.4809192662971765]",29.774408845755858,2.9853596885971228
"[0.13166528046225937, 0.6755967708182075, -0.9177148929323884, 0.48091034977685154]",29.77446004646612,2.9854225210785197
"[0.1316518209716512, 0.6756010421932396, -0.9177180129058833, 0.48090142976947364]",29.774511241726724,2.9854853535599157
"[0.13163836230340595, 0.675605313838779, -0.9177211325695815, 0.4808925093047811]",29.77456244206998,2.9855481860413127
"[0.13162490169363478, 0.6756095866321898, -0.917724252564045, 0.4808835865506491]",29.77461363760323,2.985611018522709
"[0.1316114405552046, 0.6756138601252009, -0.9177273725616739, 0.4808746624432801]",29.774664831644934,2.9856738510041057
"[0.13159797846060056, 0.6756181344536936, -0.9177304926614545, 0.4808657366990006]",29.774716024894783,2.9857366834855026
"[0.1315845154555651, 0.675622409603323, -0.9177336128526777, 0.48085680934784975]",29.774767215576045,2.985799515966899
"[0.13157105059324778, 0.6756266858749943, -0.9177367333546665, 0.48084787976157334]",29.77481840565425,2.9858623484482956
"[0.13155758450258198, 0.675630963069218, -0.9177398540215401, 0.480838948356839]",29.7748695937269,2.985925180929692
"[0.13154411875454966, 0.6756352406871294, -0.9177429744891418, 0.4808300161754197]",29.774920781839988,2.985988013411089
"[0.13153065046152546, 0.6756395196462325, -0.917746095426518, 0.48082108130154744]",29.774971967543657,2.9860508458924855
"[0.13151717995083342, 0.6756437998428867, -0.9177492167576741, 0.48081214395175204]",29.775023150489112,2.986113678373882
"[0.13150371025196028, 0.6756480803146373, -0.9177523377805271, 0.4808032061357843]",29.775074334064076,2.986176510855279
"[0.131490238378981, 0.6756523620105112, -0.917755459186839, 0.4807942658721062]",29.77512551529932,2.986239343336675
"[0.13147676607469716, 0.6756566443768381, -0.9177585805726841, 0.48078532431689486]",29.775176696318134,2.986302175818072
"[0.1314632917096063, 0.6756609279317939, -0.9177617023154857, 0.4807763803882917]",29.775227872405083,2.986365008299469
"[0.13144981714173806, 0.6756652120849063, -0.9177648239846615, 0.48076743531927235]",29.775279049719867,2.986427840780865
"[0.13143634189301828, 0.675669496988304, -0.917767945690871, 0.48075848879227845]",29.775330225889235,2.986490673262262
"[0.13142286401149236, 0.6756737832629238, -0.9177710678861871, 0.48074953951093125]",29.775381398177483,2.9865535057436583
"[0.1314093878613726, 0.6756780695209893, -0.9177741895595244, 0.48074059037284805]",29.775432573671615,2.9866163382250552
"[0.13139590716819896, 0.6756823577584027, -0.9177773121642061, 0.48073163721094175]",29.77548374329664,2.9866791707064517
"[0.13138242654075805, 0.6756866465094346, -0.9177804346325311, 0.48072268308553956]",29.77553491509078,2.986742003187848
"[0.13136894446277103, 0.6756909362566278, -0.9177835573156087, 0.4807137269892586]",29.775586079189942,2.986804835669245
"[0.13135546216395827, 0.6756952266088797, -0.9177866799285074, 0.4807047697387234]",29.775637248514386,2.986867668150641
"[0.1313419764365626, 0.6756995185872516, -0.9177898032140387, 0.48069580920230215]",29.775688410363824,2.986930500632038
"[0.13132849222560206, 0.675703810618124, -0.9177929260268295, 0.48068684866539163]",29.775739576415585,2.9869933331134346
"[0.1313150055346972, 0.6757081039736729, -0.9177960492923077, 0.48067788547212326]",29.77579073581567,2.987056165594831
"[0.1313015187347487, 0.6757123978993691, -0.9177991724612978, 0.4806689211978136]",29.775841898684675,2.987118998076228
"[0.1312880305245944, 0.6757166928096382, -0.9178022958350095, 0.48065995497736275]",29.77589305787666,2.9871818305576245
"[0.13127454119722753, 0.675720988611422, -0.9178054193454732, 0.4806509870051494]",29.775944215364365,2.987244663039021
"[0.13126104891770912, 0.6757252858893384, -0.9178085434174521, 0.4806420160607896]",29.775995372345932,2.9873074955204175
"[0.13124755754513476, 0.6757295834145097, -0.9178116671572664, 0.48063304470980023]",29.77604652512556,2.9873703280018145
"[0.13123406368609775, 0.6757338822680304, -0.9178147913505079, 0.48062407069541]",29.776097677477324,2.987433160483211
"[0.1312205694597958, 0.6757381817749679, -0.9178179155064143, 0.48061509542662845]",29.776148829064436,2.9874959929646074
"[0.13120707491520575, 0.6757424819198683, -0.9178210396135427, 0.48060611893581884]",29.776199979559728,2.9875588254460044
"[0.13119357771995913, 0.6757467834461964, -0.917824164211736, 0.4805971396710995]",29.776251127591536,2.987621657927401
"[0.1311800792354914, 0.6757510859203699, -0.9178272889856848, 0.48058815853766623]",29.776302274223386,2.9876844904087974
"[0.13116658053317723, 0.6757553890010632, -0.917830413687272, 0.48057917624809576]",29.776353421310876,2.987747322890194
"[0.13115308016453353, 0.675759693150201, -0.917833538651685, 0.4805701918382465]",29.776404564483805,2.987810155371591
"[0.13113957979253388, 0.6757639978377712, -0.9178366634938848, 0.48056120641454225]",29.776455708689546,2.9878729878529873
"[0.13112607831758719, 0.6757683034145215, -0.9178397884682875, 0.480552219244922]",29.776506851365784,2.9879358203343838
"[0.13111257418314654, 0.6757726103771236, -0.9178429139350271, 0.4805432292927756]",29.776557989508287,2.9879986528157807
"[0.13109907043321997, 0.6757769177549414, -0.9178460391894677, 0.4805342385842104]",29.776609127087205,2.9880614852971767
"[0.13108556374999056, 0.6757812266065027, -0.9178491649993524, 0.48052524490987564]",29.776660262696677,2.9881243177785737
"[0.13107205681140546, 0.6757855360777589, -0.9178522907448055, 0.4805162500524896]",29.7767113982471,2.98818715025997
"[0.13105854987343826, 0.6757898460871287, -0.9178554163665014, 0.4805072541824005]",29.77676253288807,2.9882499827413667
"[0.1310450393080473, 0.6757941577925889, -0.9178585427038678, 0.48049825488277687]",29.776813662909753,2.9883128152227636
"[0.1310315298237704, 0.6757984696917039, -0.917861668667231, 0.48048925528957]",29.776864793915323,2.98837564770416
"[0.13101801852738468, 0.6758027827080332, -0.9178647949259618, 0.48048025347523854]",29.776915924692165,2.9884384801855566
"[0.13100450528844296, 0.6758070968835219, -0.9178679215101043, 0.48047124935235636]",29.776967050687233,2.988501312666953
"[0.13099099227015873, 0.6758114115276994, -0.9178710479190508, 0.480462244362067]",29.777018178903027,2.98856414514835
"[0.1309774763457381, 0.6758157276391962, -0.917874174876097, 0.4804532364202726]",29.777069302670633,2.9886269776297465
"[0.13096396104522554, 0.6758200440909431, -0.9178773015644408, 0.480444227879307]",29.777120426820794,2.988689810111143
"[0.13095044263106928, 0.6758243620768402, -0.9178804288486252, 0.4804352162475639]",29.777171546980668,2.98875264259254
"[0.13093692462873663, 0.6758286804710345, -0.9178835559129644, 0.4804262038747952]",29.777222665596685,2.9888154750739364
"[0.13092340441209646, 0.6758330001126397, -0.9178866833648398, 0.4804171890098827]",29.77727378324822,2.988878307555333
"[0.1309098851311515, 0.6758373199953815, -0.9178898104755044, 0.48040817375293693]",29.77732490328057,2.9889411400367294
"[0.13089636362420265, 0.6758416411296946, -0.9178929379761773, 0.4803991559953495]",29.77737601856206,2.9890039725181263
"[0.13088283998631506, 0.6758459634855255, -0.9178960658447263, 0.480390135799952]",29.777427131796728,2.989066804999523
"[0.13086931510620145, 0.6758502867791037, -0.9178991938754704, 0.48038111375904313]",29.77747824393108,2.9891296374809193
"[0.13085579082684345, 0.6758546104214198, -0.9179023216420724, 0.480372091101865]",29.777529354851826,2.9891924699623162
"[0.1308422643239318, 0.6758589353155602, -0.9179054497976044, 0.4803630659439239]",29.77758046493704,2.9892553024437123
"[0.1308287361140704, 0.6758632612966564, -0.9179085782224562, 0.48035403862937914]",29.777631572480256,2.9893181349251092
"[0.13081520830930846, 0.6758675876894776, -0.91791170642811, 0.4803450105673594]",29.777682679495474,2.9893809674065057
"[0.13080167755803002, 0.675871915566144, -0.9179148351894826, 0.4803359795207232]",29.7777337817086,2.989443799887902
"[0.13078814675329956, 0.675876244001547, -0.9179179638374737, 0.48032694742000936]",29.777784887021006,2.989506632369299
"[0.1307746152478236, 0.6758805732028687, -0.9179210925216587, 0.4803179138329666]",29.77783598952694,2.9895694648506956
"[0.1307610817109479, 0.6758849035960703, -0.9179242215495805, 0.48030887787085663]",29.77788709118227,2.989632297332092
"[0.13074754726732382, 0.6758892348215345, -0.917927350661089, 0.4802998402841673]",29.777938189091266,2.9896951298134886
"[0.13073401104969104, 0.6758935671570354, -0.9179304800565682, 0.4802908004933928]",29.7779892852396,2.9897579622948856
"[0.13072047384116536, 0.6758979003521834, -0.9179336095548452, 0.48028175902110115]",29.778040380565134,2.989820794776282
"[0.13070693719268148, 0.6759022339105863, -0.9179367387972983, 0.48027271690307943]",29.77809147546535,2.9898836272576785
"[0.13069339718795409, 0.6759065690862681, -0.9179398686891135, 0.48026367152289745]",29.778142568298303,2.9899464597390755
"[0.13067985825020753, 0.6759109044632178, -0.91794299820771, 0.4802546258351557]",29.778193659408643,2.990009292220472
"[0.13066631630375866, 0.6759152413467346, -0.9179461282950628, 0.48024557711646987]",29.778244750229977,2.9900721247018685
"[0.1306527733000659, 0.6759195791121261, -0.9179492584999823, 0.480236526670313]",29.778295837419986,2.990134957183265
"[0.13063922919395704, 0.6759239177741043, -0.9179523888327813, 0.4802274744661152]",29.778346922667605,2.990197789664662
"[0.13062568483559792, 0.6759282570604856, -0.9179555190968652, 0.4802184210718431]",29.778398009900435,2.9902606221460584
"[0.1306121395563778, 0.6759325971855802, -0.9179586494466655, 0.4802093660404119]",29.778449093711327,2.990323454627455
"[0.1305985912031124, 0.6759369388396549, -0.9179617803796372, 0.48020030793182844]",29.778500175998268,2.990386287108852
"[0.13058504448964947, 0.67594128051227, -0.9179649108063415, 0.4801912498974316]",29.7785512568219,2.990449119590248
"[0.13057149456000386, 0.6759456237599234, -0.917968041848808, 0.48018218868998774]",29.778602335391632,2.9905119520716448
"[0.1305579433771464, 0.6759499679537494, -0.917971173053298, 0.4801731256216004]",29.778653410441084,2.9905747845530417
"[0.13054439186745745, 0.6759543127969557, -0.9179743042056449, 0.48016406131155004]",29.778704487621567,2.9906376170344378
"[0.1305308396648332, 0.6759586584070091, -0.9179774353903513, 0.48015499551481516]",29.778755564310437,2.9907004495158347
"[0.130517284997063, 0.6759630053524914, -0.9179805670167369, 0.4801459270453642]",29.77880663531592,2.990763281997231
"[0.13050372952286418, 0.6759673531017323, -0.917983698701445, 0.48013685701246317]",29.778857705373312,2.9908261144786277
"[0.13049017347282652, 0.6759717015808603, -0.9179868303911146, 0.480127785570245]",29.778908776136763,2.9908889469600246
"[0.13047661613290984, 0.6759760510191788, -0.9179899622505713, 0.4801187122405014]",29.77895984452853,2.990951779441421
"[0.13046305771315836, 0.6759804013494933, -0.9179930942311815, 0.4801096371634802]",29.779010911670824,2.991014611922818
"[0.13044949792084634, 0.6759847526659468, -0.9179962264004431, 0.4801005601428887]",29.779061977074424,2.991077444404214
"[0.1304359365533008, 0.6759891050338371, -0.9179993588050415, 0.4800914810426228]",29.779113039123356,2.991140276885611
"[0.1304223744305893, 0.6759934581901627, -0.9180024912554452, 0.4800824004113824]",29.779164103044604,2.9912031093670075
"[0.13040881119407377, 0.6759978122502462, -0.9180056238343716, 0.4800733180087115]",29.77921516438234,2.991265941848404
"[0.1303952462727589, 0.6760021673976225, -0.918008756673573, 0.48006423345185906]",29.77926622266324,2.991328774329801
"[0.13038168137666076, 0.6760065230834494, -0.9180118893780096, 0.48005514788576076]",29.779317280945815,2.9913916068111974
"[0.13036811373654478, 0.6760108801971659, -0.9180150225870896, 0.4800460594552281]",29.779368335864838,2.991454439292594
"[0.13035454594727658, 0.6760152379056955, -0.9180181557014484, 0.48003696989805633]",29.779419390923007,2.9915172717739904
"[0.1303409762747972, 0.6760195967661914, -0.9180212891214026, 0.4800278780522033]",29.77947044231535,2.9915801042553873
"[0.13032740762163667, 0.6760239558464229, -0.918024422176621, 0.48001878586221847]",29.77952149619768,2.991642936736784
"[0.13031383550379394, 0.6760283165871342, -0.9180275559023601, 0.4800096903230772]",29.779572544606697,2.9917057692181803
"[0.13030026224406524, 0.6760326782423733, -0.9180306897621427, 0.4800005929908054]",29.779623591529415,2.9917686016995773
"[0.1302866886072773, 0.6760370405665314, -0.9180338235792749, 0.4799914943777644]",29.779674638157573,2.9918314341809733
"[0.130273113824034, 0.676041403807042, -0.918036957531284, 0.47998239396795905]",29.779725683257194,2.9918942666623702
"[0.1302595370790838, 0.6760457682262064, -0.9180400918062531, 0.479973291214411]",29.779776727395298,2.9919570991437667
"[0.13024596111030548, 0.6760501329440499, -0.9180432257720212, 0.4799641879525476]",29.779827770577956,2.992019931625163
"[0.13023238344159127, 0.6760544987567605, -0.9180463600000941, 0.4799550825218637]",29.77987881279472,2.99208276410656
"[0.13021880315446832, 0.6760588659600274, -0.9180494947023349, 0.4799459743058038]",29.779929850809364,2.9921455965879566
"[0.13020522212665156, 0.6760632339502558, -0.9180526294451873, 0.47993686456330886]",29.779980886509712,2.9922084290693536
"[0.13019164134494698, 0.6760676024101903, -0.9180557640007807, 0.4799277539561251]",29.78003192360596,2.9922712615507496
"[0.13017805803812138, 0.676071972231444, -0.9180588990086206, 0.4799186406248455]",29.78008295949624,2.9923340940321466
"[0.13016447321860455, 0.676076343088629, -0.9180620342348955, 0.47990952524818725]",29.780133988163513,2.992396926513543
"[0.13015088741874403, 0.6760807148106929, -0.9180651695566222, 0.47990040818297824]",29.780185020166215,2.9924597589949395
"[0.13013730110539173, 0.67608508724757, -0.9180683048659536, 0.47989128974225753]",29.78023604833629,2.9925225914763365
"[0.1301237141533089, 0.6760894604397107, -0.9180714401916875, 0.4798821698417502]",29.780287076330787,2.992585423957733
"[0.1301101251680705, 0.6760938348361687, -0.918074575855477, 0.47987304754509313]",29.780338107260633,2.9926482564391295
"[0.13009653675028124, 0.6760982095999551, -0.9180777112571225, 0.4798639245978174]",29.780389131490743,2.992711088920526
"[0.1300829449913926, 0.6761025859896581, -0.9180808472983603, 0.4798547983754143]",29.78044015346902,2.992773921401923
"[0.13006935206029727, 0.6761069633072687, -0.9180839834786053, 0.47984567033359005]",29.780491173202655,2.9928367538833194
"[0.13005575966905533, 0.6761113410015661, -0.9180871194027541, 0.47983654162188083]",29.780542198707177,2.992899586364716
"[0.13004216559846196, 0.6761157197874303, -0.9180902555826997, 0.47982741074964336]",29.780593218081446,2.992962418846113
"[0.13002856977519994, 0.6761200996887614, -0.9180933920352194, 0.47981827766715107]",29.78064423477179,2.993025251327509
"[0.1300149711026197, 0.6761244810591984, -0.918096529013149, 0.47980914163711086]",29.780695246723944,2.993088083808906
"[0.1300013730826479, 0.676128862770666, -0.9180996657085337, 0.47980000501188413]",29.78074626126482,2.9931509162903023
"[0.1299877750496552, 0.6761332450376649, -0.9181028022748441, 0.47979086734424103]",29.78079727764381,2.993213748771699
"[0.12997417488001614, 0.6761376285448066, -0.9181059392017988, 0.47978172720677803]",29.780848284637788,2.9932765812530957
"[0.12996057276148582, 0.6761420132318909, -0.9181090764459465, 0.4797725847251327]",29.780899294260657,2.993339413734492
"[0.12994696951812953, 0.6761463988335393, -0.9181122138170901, 0.47976344045275005]",29.780950302464397,2.993402246215889
"[0.12993336582977386, 0.6761507851307474, -0.9181153511583285, 0.4797542948463534]",29.781001308779217,2.993465078697285
"[0.12991976062393923, 0.6761551724695136, -0.918118488716886, 0.47974514718461475]",29.781052312926587,2.993527911178682
"[0.12990615351279974, 0.676159560975186, -0.9181216265820633, 0.479735997206293]",29.78110331506555,2.9935907436600786
"[0.1298925471816831, 0.6761639497818488, -0.9181247641345067, 0.479726846716894]",29.781154318207975,2.993653576141475
"[0.1298789385408483, 0.6761683398862777, -0.9181279020865877, 0.4797176936382597]",29.78120531605913,2.993716408622872
"[0.12986532836172404, 0.6761727310399294, -0.9181310402602795, 0.47970853848871037]",29.781256316017565,2.9937792411042685
"[0.12985171881531551, 0.676177122542482, -0.9181341781549036, 0.4796993827284265]",29.781307313214228,2.993842073585665
"[0.12983810699410067, 0.6761815153323069, -0.9181373164407213, 0.4796902244011067]",29.781358309974554,2.9939049060670615
"[0.1298244931408946, 0.6761859093313639, -0.9181404550616039, 0.47968106366956226]",29.78140930280771,2.9939677385484584
"[0.1298108787979536, 0.6761903040421239, -0.9181435936618606, 0.47967190157117195]",29.78146029577944,2.994030571029855
"[0.12979726231893524, 0.6761946999962607, -0.9181467326209073, 0.4796627369976017]",29.78151128480295,2.9940934035112514
"[0.12978364778375698, 0.6761990958766744, -0.9181498709981305, 0.47965357269475895]",29.78156227697571,2.9941562359926484
"[0.12977002929909126, 0.6762034935864306, -0.918153010151918, 0.47964440469534253]",29.781613262031975,2.9942190684740444
"[0.12975640943851385, 0.6762078922948577, -0.9181561494888776, 0.47963523473120195]",29.781664245776785,2.9942819009554413
"[0.12974278800009284, 0.6762122920674263, -0.918159289055423, 0.47962606266595603]",29.781715230608725,2.994344733436838
"[0.12972916735774295, 0.6762166921374736, -0.9181624283042996, 0.4796168900979157]",29.781766213508554,2.9944075659182348
"[0.12971554595094725, 0.6762210930091923, -0.9181655675950832, 0.4796077159760918]",29.781817195573293,2.9944703983996313
"[0.12970192150040058, 0.6762254954192969, -0.9181687074529354, 0.47959853876483166]",29.7818681751445,2.9945332308810277
"[0.12968829568507054, 0.6762298988256147, -0.9181718474907723, 0.47958935959446775]",29.781919151768207,2.9945960633624247
"[0.12967467123281678, 0.6762343023466676, -0.9181749870798772, 0.4795801803025616]",29.781970129561326,2.9946588958438207
"[0.12966104308683532, 0.6762387076170695, -0.9181781273854064, 0.4795709974818026]",29.782021104586214,2.9947217283252177
"[0.1296474142922378, 0.6762431136528325, -0.9181812677055295, 0.47956181318344343]",29.78207207610856,2.9947845608066146
"[0.12963378516466045, 0.676247520352051, -0.9181844079674158, 0.47955262761998424]",29.78212304791862,2.9948473932880106
"[0.12962015489682358, 0.6762519279759073, -0.9181875483569586, 0.4795434402470906]",29.78217401790008,2.9949102257694076
"[0.12960652313537468, 0.6762563366389004, -0.9181906889554439, 0.4795342508261968]",29.782224989131333,2.994973058250804
"[0.12959289009275643, 0.6762607462725708, -0.9181938297137965, 0.4795250595001056]",29.782275955419617,2.9950358907322006
"[0.12957925602715367, 0.6762651567936229, -0.9181969705724148, 0.4795158664425332]",29.782326919272787,2.9950987232135975
"[0.12956562085512804, 0.6762695682292555, -0.9182001115504005, 0.4795066715968833]",29.782377882600027,2.995161555694994
"[0.12955198350359504, 0.6762739809269204, -0.9182032528948111, 0.4794974742390633]",29.782428844917447,2.9952243881763905
"[0.12953834735670655, 0.6762783937917305, -0.9182063938260088, 0.47948827665122185]",29.782479806890162,2.995287220657787
"[0.12952470861085763, 0.67628280805475, -0.9182095352200015, 0.47947907626757746]",29.782530765494453,2.995350053139184
"[0.1295110681884378, 0.67628722341778, -0.9182126768641851, 0.47946987370977273]",29.782581723289663,2.9954128856205804
"[0.1294974267585785, 0.6762916396644644, -0.9182158186043172, 0.47946066942884236]",29.782632678057926,2.995475718101977
"[0.12948378353474593, 0.6762960570496799, -0.9182189606214138, 0.47945146289367907]",29.782683629148845,2.995538550583374
"[0.12947014074408156, 0.6763004748524857, -0.9182221024024573, 0.47944225560692505]",29.782734584215337,2.9956013830647703
"[0.12945649656669175, 0.6763048936623318, -0.9182252443664473, 0.479433046340168]",29.78278553478254,2.995664215546167
"[0.12944285013195073, 0.6763093137614782, -0.9182283867137268, 0.47942383450526355]",29.782836484046715,2.9957270480275633
"[0.12942920278579909, 0.6763137347142446, -0.9182315291342317, 0.4794146210103145]",29.782887433287577,2.9957898805089602
"[0.12941555464505378, 0.6763181564829691, -0.9182346716009495, 0.47940540593390024]",29.782938379458482,2.9958527129903567
"[0.12940190594784223, 0.6763225789906607, -0.9182378140589431, 0.47939618943655715]",29.782989323949128,2.995915545471753
"[0.1293882549990925, 0.6763270027868084, -0.9182409568983537, 0.47938697037325434]",29.78304026489387,2.99597837795315
"[0.12937460183512925, 0.6763314278599946, -0.918244100110662, 0.47937774876791467]",29.783091205787855,2.996041210434546
"[0.12936095049480195, 0.6763358529013032, -0.9182472427659543, 0.47936852734831975]",29.783142146982275,2.996104042915943
"[0.12934729529406166, 0.6763402797534028, -0.9182503861726282, 0.4793593022745953]",29.783193083913215,2.9961668753973396
"[0.12933364124764404, 0.676344706790815, -0.9182535291761709, 0.4793500769341616]",29.783244022284215,2.996229707878736
"[0.12931998460221955, 0.6763491352306464, -0.9182566726404435, 0.4793408487908248]",29.783294957644696,2.996292540360133
"[0.12930632647226495, 0.6763535647118313, -0.9182598163087681, 0.4793316185971079]",29.783345888176814,2.9963553728415295
"[0.1292926676916093, 0.6763579949641549, -0.9182629599891022, 0.4793223869161811]",29.783396822127912,2.996418205322926
"[0.12927900802350106, 0.676362426064583, -0.9182661037358235, 0.4793131535877573]",29.783447753252908,2.9964810378043225
"[0.1292653468042755, 0.6763668582286264, -0.9182692477015482, 0.47930391816286194]",29.78349868108837,2.9965438702857194
"[0.1292516845922035, 0.6763712912753977, -0.9182723917576685, 0.4792946810185194]",29.78354960749985,2.996606702767116
"[0.12923801952246786, 0.6763757258102967, -0.9182755363331837, 0.47928544089337677]",29.78360053124136,2.9966695352485124
"[0.12922435798237264, 0.6763801597605719, -0.9182786799581844, 0.47927620210642896]",29.78365146000724,2.9967323677299094
"[0.129210690713838, 0.6763845961312165, -0.9182818247629008, 0.47926695839643385]",29.78370237917617,2.996795200211306
"[0.1291970235608268, 0.6763890330257051, -0.9182849694024796, 0.4792577137151656]",29.78375330001354,2.9968580326927023
"[0.12918335413855078, 0.6763934712184477, -0.9182881144255065, 0.47924846644917074]",29.783804215417447,2.996920865174099
"[0.12916968622929556, 0.6763979094815339, -0.9182912589616637, 0.47923921915696077]",29.783855135973663,2.9969836976554958
"[0.12915601578600383, 0.6764023491292681, -0.9182944039419417, 0.47922996910021215]",29.783906050390666,2.9970465301368923
"[0.1291423426531644, 0.6764067902125492, -0.9182975494019484, 0.4792207161730121]",29.783956965138078,2.9971093626182888
"[0.12912867075379614, 0.6764112314573377, -0.9183006944390929, 0.47921146302989437]",29.784007876523894,2.9971721950996857
"[0.12911499588181127, 0.6764156742301423, -0.9183038400208144, 0.4792022068238875]",29.78405878557628,2.9972350275810817
"[0.12910131992145726, 0.6764201179191217, -0.9183069857135352, 0.4791929488298405]",29.78410969623148,2.9972978600624787
"[0.1290876454033592, 0.6764245617020712, -0.9183101309350843, 0.4791836907608089]",29.784160605387,2.997360692543875
"[0.12907396759937073, 0.6764290071156565, -0.9183132767728517, 0.4791744294154168]",29.784211510054035,2.9974235250252717
"[0.1290602888719872, 0.6764334533924032, -0.9183164226833131, 0.47916516639272366]",29.784262415570378,2.9974863575066686
"[0.12904661043528573, 0.6764379001377822, -0.9183195683871531, 0.4791559025147304]",29.784313319862886,2.997549189988065
"[0.12903292734711114, 0.6764423489588, -0.9183227150207861, 0.4791466344337032]",29.784364219540482,2.9976120224694616
"[0.12901924468303608, 0.6764467982055391, -0.9183258614168576, 0.47913736558697]",29.784415118588008,2.997674854950858
"[0.1290055621572957, 0.6764512479709849, -0.9183290076409957, 0.4791280957808969]",29.784466016306467,2.997737687432255
"[0.1289918785969363, 0.6764556986367258, -0.918332153962812, 0.47911882422063146]",29.78451691498034,2.9978005199136515
"[0.12897819059290652, 0.6764601513119982, -0.9183353011659905, 0.47910954859557486]",29.784567807231294,2.997863352395048
"[0.12896450404417206, 0.676464604078128, -0.9183384478940838, 0.47910027290272406]",29.784618699866904,2.997926184876445
"[0.12895081610938464, 0.6764690578596102, -0.9183415948002644, 0.4790909952163214]",29.784669591980027,2.9979890173578414
"[0.128937126861237, 0.6764735126330165, -0.9183447418676925, 0.47908171558525975]",29.784720479655192,2.998051849839238
"[0.12892343671132225, 0.6764779682646319, -0.918347889001619, 0.4790724342881869]",29.784771370070523,2.9981146823206344
"[0.12890974523117332, 0.6764824248941197, -0.9183510363004176, 0.4790631510342744]",29.784822256627915,2.9981775148020313
"[0.12889605200825366, 0.6764868826560263, -0.918354183858782, 0.47905386554336804]",29.78487314189692,2.998240347283428
"[0.12888235740832155, 0.6764913414315534, -0.9183573315925002, 0.47904457806303713]",29.784924022616313,2.9983031797648243
"[0.12886866051444992, 0.6764958015195449, -0.9183604797121819, 0.4790352879709184]",29.784974904527505,2.9983660122462212
"[0.12885496613115932, 0.676500261355579, -0.9183636271134618, 0.4790259985256738]",29.78502578487342,2.9984288447276173
"[0.1288412685813834, 0.6765047227886175, -0.9183667751010077, 0.47901670587615747]",29.78507666475581,2.998491677209014
"[0.12882756897917483, 0.6765091854562035, -0.9183699234186163, 0.4790074107774649]",29.785127541097733,2.9985545096904107
"[0.1288138688316393, 0.676513648867634, -0.918373071719808, 0.4789981142517653]",29.785178415246293,2.998617342171807
"[0.12880016884460943, 0.6765181127930502, -0.9183762198422848, 0.47898881677788796]",29.785229290517886,2.998680174653204
"[0.12878646729851037, 0.6765225777929185, -0.9183793681810775, 0.47897951718858445]",29.785280160773404,2.9987430071346006
"[0.12877276278695624, 0.6765270443259037, -0.918382517059183, 0.4789702145286908]",29.785331032160624,2.9988058396159976
"[0.12875905667700044, 0.6765315119468149, -0.9183856661623353, 0.47896090972555244]",29.785381897536183,2.9988686720973936
"[0.1287453510864928, 0.6765359799654723, -0.91838881500383, 0.47895160421671096]",29.78543276717533,2.9989315045787905
"[0.12873164453014868, 0.6765404488661775, -0.9183919639248126, 0.4789422969935876]",29.785483633200624,2.9989943370601875
"[0.12871793730967926, 0.6765449185507493, -0.9183951128558517, 0.4789329882607591]",29.785534494724857,2.9990571695415835
"[0.12870422698617626, 0.6765493898147668, -0.9183982623570862, 0.4789236763614312]",29.7855853587169,2.9991200020229805
"[0.12869051658256472, 0.6765538616726737, -0.9184014117339545, 0.47891436334825793]",29.78563621834958,2.999182834504377
"[0.1286768048000948, 0.6765583345482405, -0.9184045612846761, 0.47890504833878855]",29.785687076342388,2.9992456669857734
"[0.1286630927550793, 0.6765628080774946, -0.9184077107527213, 0.47889573209110625]",29.785737932040472,2.9993084994671704
"[0.12864937825449868, 0.6765672829761571, -0.9184108606416632, 0.4788864131148134]",29.78578878964301,2.999371331948567
"[0.12863566181101058, 0.6765717590772998, -0.918414010833598, 0.4788770917576635]",29.785839642055677,2.9994341644299634
"[0.12862194583931144, 0.6765762355931052, -0.9184171607738386, 0.4788677696603585]",29.785890494301032,2.99949699691136
"[0.1286082281881727, 0.6765807132258254, -0.918420310956317, 0.4788584453605809]",29.78594134604014,2.999559829392757
"[0.12859450925551238, 0.6765851918458382, -0.9184234612895151, 0.47884911912837086]",29.78599219308382,2.9996226618741533
"[0.1285807897484147, 0.6765896712225056, -0.9184266116109427, 0.4788397914441026]",29.78604304101396,2.9996854943555498
"[0.12856706825539915, 0.6765941518169092, -0.918429762244578, 0.4788304613477411]",29.786093888476437,2.9997483268369467
"[0.12855334421082093, 0.676598633814113, -0.9184329133201385, 0.47882112845405317]",29.786144730062503,2.9998111593183427
"[0.12853962244332923, 0.6766031156372752, -0.9184360637288577, 0.47881179604658397]",29.786195575599425,2.9998739917997397
"[0.12852589703378395, 0.6766075992198709, -0.9184392148296122, 0.4788024600993829]",29.786246412546767,2.999936824281136
"[0.12851217097701592, 0.6766120835839519, -0.9184423659346838, 0.47879312264891816]",29.786297252609607,2.999999656762533
"[0.12849844312903844, 0.676616569103491, -0.9184455173065708, 0.4787837829165955]",29.78634808837155,3.0000624892439296
"[0.12848471524694263, 0.6766210552045591, -0.9184486685417934, 0.47877444209754616]",29.78639892628143,3.000125321725326
"[0.12847098609327093, 0.6766255422917007, -0.9184518199242986, 0.478765099349527]",29.786449759434074,3.000188154206723
"[0.12845725465379004, 0.6766300306966965, -0.9184549716867463, 0.4787557539818425]",29.786500591934605,3.000250986688119
"[0.12844352263916725, 0.676634519860638, -0.9184581234363511, 0.4787464071583161]",29.786551423257322,3.000313819169516
"[0.12842978975434957, 0.6766390098801477, -0.9184612752407193, 0.47873705867785893]",29.786602251181918,3.0003766516509125
"[0.12841605637355824, 0.6766435006330392, -0.9184644270138526, 0.47872770879496235]",29.78665307985564,3.000439484132309
"[0.12840232018855213, 0.6766479928743828, -0.91846757928534, 0.4787183559376645]",29.78670390534153,3.000502316613706
"[0.12838858286033158, 0.6766524860612878, -0.9184707316738524, 0.4787090012363846]",29.786754725742384,3.0005651490951024
"[0.12837484644456457, 0.6766569795214867, -0.9184738837075676, 0.4786996460908438]",29.78680555204809,3.000627981576499
"[0.12836110687754276, 0.6766614745845215, -0.9184770363188378, 0.47869028773311134]",29.786856373454654,3.0006908140578954
"[0.1283473667082627, 0.6766659704167672, -0.9184801889226339, 0.47868092789884487]",29.786907192840808,3.0007536465392923
"[0.12833362673272042, 0.6766704667578776, -0.9184833413362201, 0.47867156713013725]",29.786958010666616,3.000816479020689
"[0.12831988258138796, 0.6766749650380861, -0.9184864945619589, 0.47866220244956104]",29.787008825680147,3.0008793115020853
"[0.12830613808513866, 0.676679464003961, -0.9184896477207963, 0.47865283646669]",29.787059640146868,3.0009421439834822
"[0.1282923937004387, 0.6766839635061797, -0.9184928007079171, 0.4786434694924584]",29.787110449119517,3.0010049764648783
"[0.12827864891617619, 0.676688463712163, -0.9184959536404752, 0.4786341011784093]",29.78716126279607,3.0010678089462752
"[0.12826490077723543, 0.676692965589764, -0.9184991071961971, 0.47862472950983453]",29.787212070166614,3.0011306414276717
"[0.1282511515275801, 0.6766974684045483, -0.9185022608601975, 0.4786153560157583]",29.78726287681958,3.0011934739090687
"[0.12823740265805592, 0.6767019716684, -0.9185054142904161, 0.4786059817123745]",29.787313685051203,3.001256306390465
"[0.1282236512630113, 0.6767064763332324, -0.9185085681531676, 0.4785966046182089]",29.787364488499136,3.0013191388718616
"[0.12820989936787058, 0.6767109817358287, -0.918511721983784, 0.4785872261139551]",29.78741529123362,3.0013819713532586
"[0.1281961463332373, 0.6767154880858517, -0.9185148759287832, 0.4785778457632714]",29.78746609378928,3.0014448038346546
"[0.1281823901957899, 0.6767199960269578, -0.9185180304382479, 0.4785684622264668]",29.78751689020357,3.0015076363160516
"[0.12816863522161942, 0.676724504161341, -0.918521184533767, 0.478559078413259]",29.78756768686592,3.001570468797448
"[0.12815487789580227, 0.67672901364112, -0.9185243390212321, 0.4785496919255384]",29.78761848333072,3.0016333012788445
"[0.12814111991407107, 0.6767335239107607, -0.918527493511669, 0.47854030391979485]",29.78766927731961,3.0016961337602415
"[0.12812736056835108, 0.6767380352025824, -0.9185306481673075, 0.47853091391254865]",29.787720068840496,3.001758966241638
"[0.12811360149091303, 0.6767425469815628, -0.9185338026138005, 0.4785215230175109]",29.787770861992055,3.0018217987230345
"[0.12809983832919908, 0.6767470606752742, -0.9185369578488755, 0.4785121282634265]",29.787821648323582,3.001884631204431
"[0.1280860759815629, 0.6767515746775792, -0.9185401127494254, 0.478502732993424]",29.787872439704664,3.001947463685828
"[0.12807231153714352, 0.6767560899433552, -0.9185432679826371, 0.47849333522011855]",29.787923221234156,3.0020102961672244
"[0.12805854778509962, 0.6767606055578497, -0.9185464229090254, 0.4784839368475335]",29.7879740086303,3.002073128648621
"[0.1280447806198119, 0.6767651228682802, -0.9185495784695462, 0.4784745350718019]",29.788024790709663,3.002135961130018
"[0.12803101230128847, 0.6767696411334535, -0.9185527341460189, 0.4784651314356868]",29.788075569903206,3.0021987936114143
"[0.12801724355842375, 0.676774160114345, -0.9185558897712651, 0.47845572643674794]",29.7881263504484,3.0022616260928108
"[0.1280034746355946, 0.6767786797308734, -0.9185590452891735, 0.4784463202417374]",29.7881771284225,3.0023244585742073
"[0.12798970277147867, 0.6767832008897112, -0.9185622013324322, 0.4784369109638097]",29.78822790202571,3.002387291055604
"[0.1279759308118721, 0.6767877226568813, -0.9185653572487403, 0.47842750054683797]",29.788278675756533,3.0024501235370007
"[0.12796215612184586, 0.676792245897774, -0.9185685136417661, 0.4784180871899402]",29.78832944667756,3.002512956018397
"[0.12794838218763774, 0.6767967694678053, -0.9185716697125338, 0.47840867327521985]",29.788380221053334,3.002575788499794
"[0.12793460659622802, 0.6768012941595831, -0.9185748260138391, 0.4783992571532794]",29.78843098969887,3.00263862098119
"[0.12792082863123008, 0.6768058202087452, -0.9185779827096654, 0.4783898383338752]",29.788481755211006,3.002701453462587
"[0.12790705028503002, 0.6768103469610615, -0.9185811393433906, 0.47838041817859744]",29.788532521082175,3.0027642859439836
"[0.12789327081713076, 0.6768148746599458, -0.9185842960845596, 0.4783709961809604]",29.788583283718708,3.00282711842538
"[0.12787948987111075, 0.6768194034228018, -0.9185874530146765, 0.4783615720967971]",29.788634045325765,3.002889950906777
"[0.12786570769255554, 0.6768239331691585, -0.91859061007735, 0.4783521460936598]",29.788684805521278,3.0029527833881735
"[0.12785192501046133, 0.6768284636596101, -0.9185937671054686, 0.4783427186698293]",29.788735565057046,3.00301561586957
"[0.12783814038003508, 0.6768329953693064, -0.9185969244298412, 0.4783332888366803]",29.788786322463974,3.0030784483509665
"[0.12782435423027236, 0.676837528157514, -0.9186000819520571, 0.4783238568871801]",29.788837076365624,3.0031412808323634
"[0.12781056816544306, 0.6768420614969308, -0.9186032393045651, 0.4783144239186459]",29.788887832562565,3.00320411331376
"[0.12779677940788783, 0.6768465963011949, -0.9186063971233819, 0.478304988030092]",29.78893858330673,3.0032669457951564
"[0.1277829908637313, 0.6768511316147833, -0.9186095547428317, 0.47829555120984796]",29.788989334488384,3.0033297782765533
"[0.12776920161777028, 0.6768556677388364, -0.9186127123723966, 0.47828611283139927]",29.789040082321872,3.00339261075795
"[0.1277554107562957, 0.6768602049741534, -0.9186158702211787, 0.4782766722689727]",29.78909083099433,3.0034554432393463
"[0.1277416167199253, 0.6768647438341676, -0.9186190286460734, 0.47826722845442193]",29.789141574011776,3.0035182757207433
"[0.12772782261620466, 0.6768692832966232, -0.9186221869354025, 0.47825778351481596]",29.78919231717956,3.0035811082021397
"[0.12771402657423686, 0.6768738239774313, -0.9186253455173954, 0.4782483361687846]",29.789243058142542,3.0036439406835362
"[0.12770023131676583, 0.6768783649806082, -0.918628503768573, 0.4782388882806017]",29.789293800361957,3.0037067731649327
"[0.12768643353352002, 0.6768829073959883, -0.9186316624466586, 0.4782294375828811]",29.789344538282307,3.0037696056463297
"[0.12767263603962312, 0.6768874502970195, -0.9186348209070653, 0.4782199860034644]",29.78939527636503,3.003832438127726
"[0.1276588347457912, 0.6768919950304206, -0.918637980085743, 0.4782105307405995]",29.789446007870108,3.0038952706091226
"[0.12764503509480593, 0.6768965398041171, -0.9186411387366841, 0.4782010755227835]",29.789496744189226,3.0039581030905196
"[0.1276312316092913, 0.6769010864222488, -0.9186442981134947, 0.4781916165966827]",29.78954747500872,3.0040209355719156
"[0.1276174287399876, 0.676905633419094, -0.9186474571973341, 0.4781821570117387]",29.78959820379798,3.0040837680533126
"[0.12760362387809313, 0.6769101816542361, -0.9186506165851634, 0.4781726949797753]",29.789648931833128,3.004146600534709
"[0.12758981884544626, 0.6769147305276646, -0.9186537758599044, 0.47816323174914804]",29.789699661755826,3.0042094330161055
"[0.12757600944672842, 0.6769192814221091, -0.918656935981493, 0.47815376444341373]",29.789750383532784,3.0042722654975025
"[0.12756220252648212, 0.6769238320821799, -0.9186600953835021, 0.478144297754625]",29.789801106552627,3.004335097978899
"[0.12754839105734916, 0.6769283848242433, -0.9186632556738571, 0.4781348268641638]",29.789851827148805,3.004397930460296
"[0.12753458286365424, 0.6769329370692923, -0.918666415062111, 0.47812535713713056]",29.789902549273176,3.004460762941692
"[0.12752077041422957, 0.6769374913003212, -0.9186695752713242, 0.4781158834084054]",29.789953265352935,3.004523595423089
"[0.127506957631278, 0.6769420462244871, -0.9186727354039466, 0.47810640836751356]",29.790003982512694,3.0045864279044854
"[0.12749314333329592, 0.6769466022315775, -0.9186758957301688, 0.47809693120370783]",29.79005469700839,3.004649260385882
"[0.1274793266259438, 0.6769511596169012, -0.9186790564544253, 0.4780874513028501]",29.79010540978953,3.004712092867279
"[0.1274655112799859, 0.6769557171368307, -0.9186822167140014, 0.478077971251918]",29.7901561216289,3.0047749253486753
"[0.12745169131097542, 0.6769602767658519, -0.9186853778776914, 0.47806848694392373]",29.790206828539084,3.004837757830072
"[0.12743787318120856, 0.6769648363721101, -0.9186885384671775, 0.47805900281336566]",29.79025753770606,3.0049005903114683
"[0.12742405274149649, 0.6769693973248398, -0.918691699431391, 0.4780495160122751]",29.790308244229934,3.004963422792865
"[0.1274102319372863, 0.6769739589822663, -0.9186948603252368, 0.478040027875659]",29.790358948137794,3.0050262552742617
"[0.12739640778035716, 0.6769785223309881, -0.9186980218319827, 0.4780305363515407]",29.790409647282278,3.005089087755658
"[0.12738258445200915, 0.6769830859910044, -0.9187011829952506, 0.47802104431036213]",29.7904603519626,3.005151920237055
"[0.12736876040782244, 0.676987650472267, -0.9187043441681321, 0.4780115506915361]",29.790511050243015,3.005214752718451
"[0.12735493376144644, 0.6769922163979245, -0.9187075057818294, 0.47800205419911523]",29.790561746153667,3.005277585199848
"[0.12734110571814697, 0.6769967833702618, -0.9187106675605938, 0.47799255566039084]",29.790612443267886,3.0053404176812446
"[0.12732727668971636, 0.6770013512535497, -0.918713829410125, 0.4779830553577965]",29.790663134427557,3.005403250162641
"[0.12731344629136124, 0.6770059201751316, -0.9187169914182646, 0.47797355302659966]",29.790713827262387,3.005466082644038
"[0.12729961545704988, 0.6770104898265976, -0.9187201533713747, 0.4779640493082704]",29.790764518133617,3.0055289151254345
"[0.12728578343809416, 0.6770150604555611, -0.9187233154404791, 0.4779545436879847]",29.790815208045682,3.0055917476068315
"[0.1272719505821478, 0.6770196319473347, -0.9187264775459785, 0.47794503640434877]",29.79086589472799,3.0056545800882275
"[0.12725811503051424, 0.6770242049165115, -0.9187296401125985, 0.4779355261793431]",29.790916579869343,3.0057174125696244
"[0.12724427860365212, 0.677028778761625, -0.9187328027240811, 0.4779260142638805]",29.790967262894,3.005780245051021
"[0.1272304421265833, 0.6770333532101658, -0.9187359651917165, 0.4779165012248292]",29.791017944561222,3.0058430775324174
"[0.12721660350520184, 0.677037928954659, -0.918739127994012, 0.4779069856220959]",29.791068625277255,3.0059059100138144
"[0.12720276426210372, 0.6770425054919146, -0.9187422907828361, 0.4778974685022168]",29.79111930427864,3.005968742495211
"[0.12718892318736313, 0.6770470832222871, -0.9187454538345674, 0.4778879490327474]",29.791169980159964,3.0060315749766073
"[0.1271750815072053, 0.6770516617404582, -0.9187486168688442, 0.4778784280566638]",29.791220656120785,3.006094407458004
"[0.12716123752269431, 0.6770562416086641, -0.9187517802737558, 0.47786890440491797]",29.791271325459636,3.0061572399394008
"[0.12714739366851677, 0.6770608220216839, -0.9187549434928347, 0.47785937975204174]",29.79132199726505,3.0062200724207973
"[0.12713354855535555, 0.677065403439345, -0.918758106843415, 0.4778498531419477]",29.79137266740655,3.0062829049021937
"[0.1271197017721353, 0.6770699859979435, -0.9187612704192756, 0.4778403242913377]",29.791423337251803,3.0063457373835907
"[0.1271058529816962, 0.6770745698093837, -0.9187644342972887, 0.4778307929676531]",29.791474002172762,3.0064085698649867
"[0.12709200422390107, 0.6770791541986846, -0.9187675980113046, 0.47782126057450397]",29.791524667105406,3.0064714023463837
"[0.12707815288224997, 0.6770837400322539, -0.9187707621589142, 0.47781172531047883]",29.791575328771554,3.00653423482778
"[0.1270643015907662, 0.6770883264382704, -0.918773926138274, 0.47780218898845134]",29.79162599122634,3.0065970673091766
"[0.12705044984439584, 0.6770929135840765, -0.9187770900646487, 0.4777926512605565]",29.79167665282215,3.0066598997905736
"[0.127036595168065, 0.6770975022896154, -0.9187802545032264, 0.47778311042206656]",29.79172730630851,3.00672273227197
"[0.1270227383814495, 0.6771020922838142, -0.9187834192666092, 0.4777735670367463]",29.79177796332568,3.006785564753367
"[0.12700888273109479, 0.6771066824914154, -0.9187865836132044, 0.4777640233403298]",29.791828616832387,3.006848397234763
"[0.12699502508997312, 0.6771112739485039, -0.9187897482570504, 0.4777544771787376]",29.791879270079583,3.00691122971616
"[0.12698116606497917, 0.6771158664542902, -0.9187929130594005, 0.4777449289695537]",29.791929920422604,3.006974062197557
"[0.12696730493187366, 0.6771204602490806, -0.9187960781854821, 0.47773537821329315]",29.791980567210537,3.007036894678953
"[0.12695344485263257, 0.6771250542850934, -0.9187992429131608, 0.47772582708843986]",29.792031214979453,3.00709972716035
"[0.1269395818177464, 0.6771296498915201, -0.9188024081578147, 0.4777162728316737]",29.792081859778527,3.0071625596417464
"[0.12692571860387425, 0.6771342461481797, -0.9188055732853212, 0.4777067173561708]",29.79213250298331,3.007225392123143
"[0.12691185294165291, 0.6771388438077143, -0.9188087388136601, 0.4776971590973241]",29.792183146084295,3.00728822460454
"[0.12689798794194357, 0.6771434418388045, -0.9188119040324968, 0.47768760019928713]",29.792233788400843,3.0073510570859363
"[0.12688411957589366, 0.6771480415777984, -0.9188150698614261, 0.4776780378840331]",29.792284423086972,3.007413889567333
"[0.12687025111248215, 0.6771526419407476, -0.9188182355540687, 0.47766847440506827]",29.79233506105999,3.0074767220487293
"[0.12685638164197394, 0.6771572432296049, -0.9188214013179627, 0.47765890913479014]",29.792385695193797,3.0075395545301262
"[0.12684251097317162, 0.6771618455080183, -0.9188245671966185, 0.47764934194098807]",29.792436328867243,3.0076023870115227
"[0.12682863740703876, 0.6771664493400719, -0.9188277335776621, 0.4776397716511816]",29.792486958648265,3.007665219492919
"[0.126814764639406, 0.6771710534995546, -0.9188308996174568, 0.4776302008144853]",29.792537589448365,3.007728051974316
"[0.12680088859124622, 0.6771756593404646, -0.9188340662467824, 0.4776206266163965]",29.792588214391255,3.0077908844557126
"[0.12678701308818824, 0.6771802655932425, -0.9188372325924509, 0.4776110516960856]",29.792638842577933,3.007853716937109
"[0.12677313657726458, 0.6771848727735366, -0.9188403990087419, 0.47760147498176414]",29.79268946610906,3.0079165494185056
"[0.1267592581833288, 0.6771894811721765, -0.9188435656952055, 0.4775918958690183]",29.792740088372692,3.0079793818999025
"[0.12674537929944718, 0.677194090326821, -0.9188467323338427, 0.47758231531899065]",29.792790711442322,3.008042214381299
"[0.1267314975934753, 0.6771987010122689, -0.9188498994566076, 0.4775727317213156]",29.792841327477287,3.0081050468626955
"[0.12671761738472298, 0.6772033117940682, -0.918853066077927, 0.47756314805768774]",29.79289194667116,3.0081678793440925
"[0.12670373347858507, 0.6772079243980069, -0.9188562333827611, 0.477553560741106]",29.7929425609859,3.0082307118254885
"[0.12668984893473084, 0.6772125378079463, -0.9188594006729414, 0.47754397188376096]",29.79299317364791,3.0082935443068854
"[0.12667596230772704, 0.6772171525044172, -0.9188625682780521, 0.4775343804869978]",29.793043787382295,3.008356376788282
"[0.12666207643021402, 0.6772217675462676, -0.9188657355518348, 0.47752478850704455]",29.793094396260887,3.0084192092696784
"[0.12664818858718196, 0.6772263838360086, -0.9188689031134465, 0.47751519406820353]",29.79314500537548,3.0084820417510754
"[0.12663429999940556, 0.6772310009681156, -0.9188720706843081, 0.4775055980134287]",29.79319561184755,3.008544874232472
"[0.1266204087385017, 0.6772356195839625, -0.9188752387040705, 0.4774959990098395]",29.793246213714188,3.0086077067138683
"[0.1266065163917061, 0.6772402391561486, -0.918878406810588, 0.4774863981536824]",29.79329681808558,3.008670539195265
"[0.12659262389519518, 0.6772448593735363, -0.9188815747902503, 0.47747679609169175]",29.79334742045536,3.0087333716766618
"[0.1265787300012572, 0.6772494806512511, -0.9188847429274581, 0.4774671919612164]",29.793398020264053,3.0087962041580583
"[0.12656483470432994, 0.6772541029914168, -0.9188879112233322, 0.4774575857579689]",29.793448618267263,3.0088590366394548
"[0.1265509380808086, 0.6772587263688773, -0.91889107966031, 0.4774479775343431]",29.793499214816784,3.0089218691208517
"[0.12653703972085528, 0.6772633509202655, -0.9188942483316841, 0.4774383670065125]",29.79354980615424,3.008984701602248
"[0.12652314046358842, 0.6772679763666277, -0.9188974170460021, 0.47742875475430313]",29.793600398612554,3.0090475340836447
"[0.12650924053632562, 0.6772726026325013, -0.9189005857513163, 0.4774191409346346]",29.79365099006025,3.009110366565041
"[0.1264953402900424, 0.6772772296012205, -0.9189037543675028, 0.4774095257900419]",29.79370158071201,3.009173199046438
"[0.12648143684884136, 0.6772818582303959, -0.9189069235499743, 0.47739990733067716]",29.793752164569735,3.0092360315278346
"[0.126467534005031, 0.6772864872577707, -0.918910092434162, 0.47739028817966933]",29.793802752725714,3.009298864009231
"[0.12645362807593125, 0.6772911179097625, -0.9189132618593192, 0.4773806657886324]",29.793853335102888,3.009361696490628
"[0.12643972125895714, 0.6772957494549707, -0.9189164313244486, 0.47737104167753047]",29.793903915809462,3.009424528972024
"[0.12642581330229585, 0.6773003819774787, -0.9189196008868066, 0.47736141567175416]",29.79395449622217,3.009487361453421
"[0.12641190494751267, 0.6773050152304699, -0.9189227703772678, 0.47735178828427066]",29.794005074397898,3.0095501939348175
"[0.1263979951399695, 0.6773096495654682, -0.9189259400360406, 0.47734215878475006]",29.794055649743342,3.009613026416214
"[0.1263840837673497, 0.6773142850201898, -0.9189291098885649, 0.4773325270949581]",29.794106226927408,3.009675858897611
"[0.12637017143291562, 0.6773189213938415, -0.9189322797972446, 0.47732289363220315]",29.794156798382378,3.0097386913790074
"[0.1263562577758929, 0.6773235588069111, -0.9189354498441388, 0.4773132581462671]",29.794207368102665,3.009801523860404
"[0.126342343051859, 0.6773281971744447, -0.9189386199708799, 0.4773036208137705]",29.79425793908925,3.0098643563418004
"[0.12632842674178635, 0.6773328366697134, -0.9189417902955718, 0.47729398127481787]",29.794308507344944,3.0099271888231973
"[0.12631450978131023, 0.6773374769810199, -0.9189449606049264, 0.4772843401771382]",29.79435907220157,3.009990021304594
"[0.12630059021865858, 0.6773421187594347, -0.9189481313434061, 0.47727469616813845]",29.794409634814162,3.0100528537859903
"[0.12628667275279323, 0.6773467604381083, -0.9189513014405278, 0.4772650525032769]",29.794460199146013,3.0101156862673872
"[0.12627275177082065, 0.6773514038891995, -0.9189544721746636, 0.47725540529300986]",29.794510759316246,3.0101785187487837
"[0.12625882827060822, 0.6773560487803328, -0.9189576433183301, 0.4772457552280423]",29.794561315593377,3.01024135123018
"[0.12624490569437888, 0.677360693963374, -0.9189608140874164, 0.4772361046938052]",29.794611873419818,3.0103041837115767
"[0.12623098011738004, 0.6773653407480122, -0.9189639853756237, 0.4772264509694803]",29.794662428063095,3.0103670161929736
"[0.12621705443444184, 0.6773699881685639, -0.9189671565235559, 0.4772167960614041]",29.7947129812486,3.01042984867437
"[0.12620312787506058, 0.67737463648232, -0.918970327706557, 0.47720713943515414]",29.79476353437496,3.0104926811557666
"[0.12618919901466272, 0.6773792861650574, -0.9189734992488583, 0.47719748010245644]",29.794814082188676,3.0105555136371636
"[0.126175269337929, 0.6773839367214518, -0.918976670812251, 0.4771878190924292]",29.794864628295528,3.0106183461185596
"[0.12616133915345454, 0.6773885880486545, -0.9189798423263493, 0.47717815661883406]",29.794915177622592,3.0106811785999565
"[0.12614740781115047, 0.6773932403639051, -0.9189830139390391, 0.4771684922304733]",29.79496572241961,3.010744011081353
"[0.12613347385224344, 0.6773978941547051, -0.9189861859822536, 0.47715882491479655]",29.79501626270353,3.0108068435627495
"[0.12611953985823224, 0.6774025485591134, -0.9189893578681758, 0.47714915646242545]",29.795066802004243,3.0108696760441465
"[0.12610560392673728, 0.6774072042128014, -0.9189925300297229, 0.47713948555301006]",29.795117339419118,3.010932508525543
"[0.12609166631164784, 0.6774118610312702, -0.918995702408941, 0.47712981236220486]",29.795167877430636,3.0109953410069394
"[0.12607772962760794, 0.6774165181410526, -0.918998874410592, 0.4771201387044757]",29.79521841466039,3.011058173488336
"[0.1260637903174334, 0.6774211767310225, -0.9190020468441651, 0.47711046211042274]",29.795268948070586,3.011121005969733
"[0.12604985069233685, 0.6774258360290357, -0.9190052191835039, 0.4771007841840266]",29.795319477357285,3.01118383845113
"[0.12603590721976804, 0.6774304972161981, -0.9190083922323623, 0.4770911024721292]",29.795370007610604,3.011246670932526
"[0.12602196482841016, 0.6774351586451578, -0.9190115648689959, 0.47708142039655127]",29.795420536269333,3.011309503413923
"[0.1260080204455394, 0.6774398213433797, -0.9190147377924984, 0.477071735823278]",29.795471061414812,3.0113723358953193
"[0.12599407539356489, 0.6774444848689374, -0.9190179107018214, 0.4770620496703225]",29.795521587253123,3.0114351683767158
"[0.12598012895463084, 0.6774491494621185, -0.9190210837601611, 0.477052361438719]",29.79557210853748,3.0114980008581127
"[0.12596618038807295, 0.6774538153709617, -0.9190242571358717, 0.47704267061342737]",29.795622631233304,3.011560833339509
"[0.1259522309275214, 0.6774584821830931, -0.9190274305481416, 0.4770329780510517]",29.795673147655624,3.0116236658209057
"[0.1259382816804278, 0.6774631495281412, -0.9190306037449227, 0.47702328452090753]",29.79572366382605,3.011686498302302
"[0.12592432997277475, 0.6774678183010553, -0.9190337773343639, 0.4770135881644078]",29.795774180433877,3.011749330783699
"[0.1259103774042747, 0.6774724879668058, -0.9190369509524233, 0.47700389009285316]",29.79582469586499,3.0118121632650956
"[0.1258964234801928, 0.67747715869121, -0.9190401247114911, 0.47699418996198933]",29.795875205561952,3.011874995746492
"[0.12588246960107854, 0.6774818300056349, -0.919043298292897, 0.47698448874516497]",29.795925717560255,3.011937828227889
"[0.12586851141219907, 0.6774865033682751, -0.9190464726868782, 0.47697478341420074]",29.795976223057515,3.012000660709285
"[0.12585455318631994, 0.677491177348928, -0.9190496469215367, 0.47696507693939216]",29.79602672993159,3.012063493190682
"[0.12584059391345803, 0.6774958522859501, -0.9190528212264353, 0.4769553686181686]",29.796077234566823,3.0121263256720785
"[0.12582663486011264, 0.677500527755329, -0.919055995313461, 0.47694565933115535]",29.796127737387884,3.012189158153475
"[0.12581267197624266, 0.677505205113919, -0.9190591701033691, 0.4769359462607856]",29.79617823596756,3.012251990634872
"[0.1257987108997519, 0.6775098824733283, -0.9190623443141138, 0.47692623332863426]",29.796228736655433,3.0123148231162684
"[0.1257847463047714, 0.6775145616180616, -0.9190655191564658, 0.4769165168291221]",29.796279231916774,3.0123776555976653
"[0.12577078082701612, 0.6775192416653453, -0.9190686940310138, 0.4769067985955301]",29.79632972661906,3.0124404880790614
"[0.1257568161260494, 0.6775239220591316, -0.9190718685603774, 0.4768970797825874]",29.796380223139856,3.0125033205604583
"[0.12574284779221687, 0.6775286042776261, -0.9190750437468314, 0.47688735732092985]",29.79643071183014,3.012566153041855
"[0.12572887883574674, 0.6775332873121608, -0.9190782189059342, 0.4768776333051676]",29.796481203450124,3.0126289855232513
"[0.12571490929470433, 0.6775379711501335, -0.9190813940289135, 0.47686790776156146]",29.7965316909858,3.0126918180046482
"[0.12570093795098597, 0.6775426562002087, -0.9190845693924876, 0.47685817984167717]",29.796582177365526,3.0127546504860447
"[0.12568696478765998, 0.6775473424683898, -0.9190877450003375, 0.47684844953318695]",29.796632661441357,3.0128174829674412
"[0.12567299138091753, 0.6775520294262799, -0.9190909204941156, 0.4768387179333345]",29.79668314462771,3.0128803154488377
"[0.12565901574378532, 0.6775567177405968, -0.9190940963252219, 0.47682898365792065]",29.79673362284189,3.0129431479302347
"[0.12564504072651964, 0.6775614064553837, -0.9190972718458313, 0.4768192486918944]",29.79678410342144,3.013005980411631
"[0.12563106316446931, 0.677566096632601, -0.9191004477749128, 0.47680951083045237]",29.7968345804211,3.0130688128930276
"[0.12561708456095688, 0.6775707877681568, -0.9191036237707138, 0.4767997711203594]",29.796885054724942,3.0131316453744246
"[0.12560310460092625, 0.6775754799679848, -0.9191067999046842, 0.4767900293417606]",29.79693552940413,3.0131944778558206
"[0.12558912375843992, 0.6775801730732751, -0.9191099760689616, 0.4767802858245409]",29.796985999236686,3.0132573103372176
"[0.12557514073946952, 0.677584867518583, -0.9191131525573981, 0.4767705396665406]",29.797036470258178,3.013320142818614
"[0.1255611580538941, 0.6775895624615929, -0.9191163287996689, 0.47676079261668847]",29.79708693812249,3.013382975300011
"[0.12554717297714013, 0.6775942588173176, -0.9191195054145469, 0.47675104277543334]",29.797137402716913,3.0134458077814075
"[0.1255331862693916, 0.6775989563308275, -0.9191226822291894, 0.47674129067216064]",29.797187867144387,3.013508640262804
"[0.12551919997167452, 0.6776036543168122, -0.9191258587798894, 0.4767315377296932]",29.79723832814307,3.013571472744201
"[0.12550521205184584, 0.6776083534580043, -0.9191290355280705, 0.4767217825307655]",29.797288791686054,3.013634305225597
"[0.12549121983673198, 0.6776130546529423, -0.9191322130806119, 0.47671202321024664]",29.79733924669077,3.013697137706994
"[0.12547723022942775, 0.6776177555824677, -0.9191353898697316, 0.47670226458263104]",29.797389704326143,3.0137599701883904
"[0.12546323860182595, 0.6776224578018155, -0.9191385669463003, 0.4766925034194903]",29.79744016151952,3.013822802669787
"[0.12544924472166152, 0.6776271613894104, -0.9191417443628791, 0.4766827395581706]",29.797490612235173,3.013885635151184
"[0.12543525068145367, 0.6776318656421672, -0.9191449216442015, 0.47667297445827744]",29.797541064745094,3.0139484676325803
"[0.1254212543405162, 0.6776365712799501, -0.9191480992761544, 0.4766632066256332]",29.797591513074842,3.0140113001139768
"[0.12540725787412907, 0.6776412775716812, -0.9191512767647289, 0.4766534375779194]",29.79764196230888,3.0140741325953733
"[0.12539325956287256, 0.6776459850956915, -0.9191544545001422, 0.4766436661147495]",29.79769240772603,3.01413696507677
"[0.1253792597963016, 0.6776506937213204, -0.9191576323937914, 0.47663389250750077]",29.797742852152957,3.0141997975581667
"[0.12536525829358788, 0.6776554035433041, -0.9191608105092662, 0.4766241165596491]",29.79779329344714,3.014262630039563
"[0.125351256845961, 0.6776601139593095, -0.9191639884398556, 0.47661433952153665]",29.79784373440362,3.01432546252096
"[0.12533725280435154, 0.6776648258608016, -0.9191671667866751, 0.4766045595429408]",29.79789417018615,3.014388295002356
"[0.1253232483798085, 0.6776695385041177, -0.9191703450477507, 0.4765947781675275]",29.797944608269542,3.014451127483753
"[0.12530924209123745, 0.6776742523878998, -0.9191735235590703, 0.4765849943604515]",29.79799504088284,3.0145139599651496
"[0.12529523404447895, 0.6776789674768612, -0.9191767022964451, 0.476575208195095]",29.79804547317215,3.0145767924465465
"[0.12528122698746325, 0.6776836828461644, -0.9191798806362007, 0.4765654215910303]",29.798095906105292,3.014639624927943
"[0.12526721796112608, 0.6776883994921379, -0.9191830592496512, 0.47655563248052724]",29.798146334165207,3.0147024574093395
"[0.12525320620129088, 0.6776931176724583, -0.919186238310001, 0.4765458403289414]",29.798196760986276,3.0147652898907364
"[0.12523919497139724, 0.6776978362884597, -0.9191894170766822, 0.4765360474165668]",29.79824718621561,3.0148281223721325
"[0.12522518111599917, 0.6777025564030426, -0.9191925962654395, 0.47652625153759937]",29.798297607710776,3.0148909548535294
"[0.12521116740759222, 0.6777072770826322, -0.9191957752471566, 0.4765164546296506]",29.798348031657504,3.014953787334926
"[0.12519715235733336, 0.6777119988289539, -0.9191989543594448, 0.4765066556516002]",29.79839845208276,3.0150166198163224
"[0.12518313581084642, 0.6777167216942253, -0.9192021336371872, 0.4764968544951531]",29.798448871301947,3.0150794522977193
"[0.1251691175110053, 0.6777214457654547, -0.9192053131385254, 0.47648705097993]",29.798499287731612,3.015142284779116
"[0.12515509780070402, 0.6777261709273651, -0.9192084927855335, 0.4764772453452706]",29.79854970089905,3.0152051172605123
"[0.12514107569050184, 0.6777308975137718, -0.9192116728024434, 0.47646743689858123]",29.798600111308012,3.015267949741909
"[0.12512705504747898, 0.6777356242213117, -0.9192148523121357, 0.47645762834465677]",29.798650522905472,3.0153307822233058
"[0.12511303131456872, 0.6777403525864814, -0.9192180323479012, 0.47644781649516676]",29.79870093120784,3.0153936147047022
"[0.1250990067352408, 0.6777450818531975, -0.9192212124008332, 0.47643800291920324]",29.798751335888717,3.0154564471860987
"[0.12508498191762008, 0.6777498118165715, -0.919224392332916, 0.4764281880420377]",29.798801742158737,3.0155192796674957
"[0.1250709548475797, 0.6777545431560912, -0.9192275726006853, 0.47641837045379065]",29.798852145237294,3.0155821121488917
"[0.12505692699905446, 0.6777592753749285, -0.9192307528697985, 0.4764085511855493]",29.798902546576137,3.0156449446302886
"[0.12504289600773938, 0.6777640092710049, -0.919233933676097, 0.4763987285817739]",29.79895294266511,3.0157077771116856
"[0.12502886681239486, 0.6777687431782192, -0.9192371138998435, 0.4763889060996484]",29.79900334369806,3.015770609593082
"[0.12501483392953958, 0.6777734789470813, -0.9192402947839328, 0.4763790798996158]",29.799053737833837,3.0158334420744786
"[0.1250008008845306, 0.6777782153882208, -0.9192434755290816, 0.4763692524496406]",29.799104130670564,3.015896274555875
"[0.12498676713110317, 0.6777829526861568, -0.9192466562589912, 0.4763594233669639]",29.7991545227125,3.015959107037272
"[0.12497273225584185, 0.6777876909806549, -0.9192498370672243, 0.4763495923617085]",29.799204913968403,3.0160219395186685
"[0.12495869578929827, 0.6777924304304733, -0.9192530180600226, 0.4763397591046071]",29.799255302907653,3.016084772000065
"[0.12494465781735133, 0.6777971710069094, -0.9192561992177634, 0.47632992365534255]",29.799305687383036,3.016147604481462
"[0.12493061737860324, 0.6778019130349762, -0.9192593807581333, 0.4763200853397423]",29.79935606967779,3.016210436962858
"[0.12491657782592125, 0.6778066553824702, -0.9192625619212456, 0.47631024650690584]",29.799406453330892,3.016273269444255
"[0.12490253531161818, 0.6778113993493076, -0.9192657435787915, 0.47630040446004257]",29.799456833356675,3.0163361019256514
"[0.12488849262031912, 0.6778161439950596, -0.9192689250996876, 0.47629056115034063]",29.799507214261155,3.016398934407048
"[0.12487444737968102, 0.6778208901215472, -0.91927210702126, 0.4762807149144562]",29.799557586343973,3.016461766888445
"[0.12486040298713458, 0.6778256365809239, -0.9192752885736928, 0.4762708681338036]",29.7996079649822,3.0165245993698413
"[0.12484635529605312, 0.6778303847748415, -0.9192784706961956, 0.47626101790070335]",29.799658336451028,3.016587431851238
"[0.12483230721415181, 0.6778351337208113, -0.9192816527299319, 0.476251166253491]",29.79970870568505,3.0166502643326343
"[0.12481825792396573, 0.6778398836953706, -0.9192848348599348, 0.4762413126185983]",29.799759076029193,3.016713096814031
"[0.12480420776357017, 0.6778446345844494, -0.9192880170094875, 0.4762314572327784]",29.799809443020884,3.0167759292954277
"[0.1247901555887605, 0.6778493867752423, -0.9192911994375745, 0.47622159929296215]",29.79985980865972,3.016838761776824
"[0.12477610207488336, 0.677854140039629, -0.9192943819910953, 0.47621173927246413]",29.79991017071671,3.016901594258221
"[0.12476204825317469, 0.6778588940290592, -0.9192975644363698, 0.4762018778944485]",29.799960532994316,3.0169644267396176
"[0.12474799312041969, 0.6778636490830767, -0.9193007470004444, 0.4761920144546856]",29.800010892343312,3.017027259221014
"[0.12473393740059127, 0.6778684049569668, -0.9193039295192476, 0.47618214946090204]",29.800061252361363,3.0170900917024106
"[0.12471987783184092, 0.6778731627547969, -0.9193071127311432, 0.47617228062311656]",29.800111606589024,3.0171529241838075
"[0.1247058190966777, 0.67787792089226, -0.9193102955758162, 0.47616241122768366]",29.80016196038492,3.017215756665204
"[0.124691757920299, 0.6778826804779248, -0.9193134787945291, 0.47615253897532134]",29.80021231231109,3.0172785891466005
"[0.12467769696489879, 0.6778874406108926, -0.9193166617844631, 0.4761426657347716]",29.80026266359527,3.0173414216279975
"[0.12466363449464972, 0.6778922018789776, -0.91931984493843, 0.4761327902869217]",29.800313013358533,3.0174042541093935
"[0.1246495691612036, 0.677896964739098, -0.9193230285614503, 0.4761229116842311]",29.800363358461425,3.0174670865907904
"[0.12463550448061168, 0.6779017280008389, -0.9193262118575471, 0.47611303239581926]",29.800413701400235,3.017529919072187
"[0.12462143833317359, 0.6779064923822542, -0.9193293953063488, 0.4761031509325244]",29.800464045727956,3.0175927515535834
"[0.12460736950134842, 0.6779112582960941, -0.9193325791832309, 0.4760932664384289]",29.800514384494452,3.0176555840349804
"[0.12459330016638986, 0.6779160250037491, -0.9193357629943952, 0.4760833804455438]",29.80056472310581,3.017718416516377
"[0.12457922913698286, 0.6779207929090754, -0.9193389470092852, 0.47607349211640365]",29.800615060639092,3.0177812489977733
"[0.12456515837336443, 0.6779255613480463, -0.9193421307842023, 0.47606360282826793]",29.80066539682205,3.01784408147917
"[0.12455108599129186, 0.677930330959379, -0.9193453147453677, 0.4760537112565909]",29.800715730449518,3.0179069139605668
"[0.12453701142435059, 0.6779351019354112, -0.9193484990207554, 0.47604381700264675]",29.800766061351286,3.0179697464419633
"[0.12452293476982394, 0.6779398742435351, -0.9193516835881718, 0.476033920134205]",29.800816390649903,3.0180325789233597
"[0.12450885880188815, 0.677944646943427, -0.9193548678198842, 0.4760240226014272]",29.800866715956214,3.0180954114047567
"[0.12449478046397291, 0.6779494210716732, -0.919358052407206, 0.47601412225477296]",29.800917041372657,3.018158243886153
"[0.12448070128745788, 0.6779541961092699, -0.9193612370035675, 0.47600422017065985]",29.800967367892113,3.0182210763675497
"[0.12446662203084337, 0.6779589717991222, -0.9193644214372798, 0.4759943168823323]",29.801017689461233,3.018283908848946
"[0.12445253902962831, 0.6779637493845744, -0.9193676065370006, 0.4759844098116255]",29.801068007445313,3.018346741330343
"[0.12443845648385783, 0.6779685274410968, -0.9193707913526528, 0.47597450191266427]",29.801118325379505,3.0184095738117396
"[0.12442437193030378, 0.677973306804629, -0.9193739764411722, 0.4759645914521303]",29.801168641011525,3.018472406293136
"[0.12441028666516601, 0.6779780870355997, -0.9193771615092774, 0.4759546793416447]",29.801218955019138,3.018535238774533
"[0.12439620068638117, 0.677982868134896, -0.9193803465573057, 0.47594476557947457]",29.801269267952126,3.018598071255929
"[0.1243821118930639, 0.6779876508159515, -0.9193835320601197, 0.4759348486864488]",29.801319577890055,3.018660903737326
"[0.12436802290729501, 0.6779924341888992, -0.9193867174247159, 0.4759249305078006]",29.801369887336303,3.0187237362187225
"[0.12435393284199284, 0.67799721855514, -0.9193899028515099, 0.475915010418729]",29.801420194307628,3.018786568700119
"[0.1243398402529086, 0.6780020044053975, -0.9193930886668421, 0.4759050874018818]",29.801470498002278,3.018849401181516
"[0.1243257471139039, 0.6780067910696298, -0.9193962744243352, 0.4758951628466506]",29.80152079807964,3.0189122336629124
"[0.12431165254019974, 0.6780115788485876, -0.9193994603238476, 0.4758852361295955]",29.801571099857583,3.0189750661443093
"[0.12429755763611919, 0.6780163673673498, -0.9194026461156237, 0.4758753080281672]",29.80162139887219,3.0190378986257054
"[0.12428346127971987, 0.6780211570073004, -0.9194058320531087, 0.475865377751759]",29.801671695739845,3.0191007311071023
"[0.12426936243233436, 0.6780259481216863, -0.919409018370879, 0.4758554445681183]",29.801721990231034,3.019163563588499
"[0.12425526375413544, 0.6780307398067836, -0.9194122044675859, 0.4758455103510275]",29.801772283941965,3.0192263960698953
"[0.12424116311440009, 0.6780355327869643, -0.9194153908246046, 0.47583557359881506]",29.801822571948108,3.0192892285512922
"[0.12422706200964397, 0.6780403265538061, -0.9194185771036097, 0.47582563536566586]",29.801872863229203,3.0193520610326887
"[0.1242129577973029, 0.6780451220060109, -0.9194217639015365, 0.4758156937885827]",29.801923150065832,3.019414893514085
"[0.12419885334059619, 0.6780499181703469, -0.919424950571295, 0.4758057508852973]",29.8019734351439,3.0194777259954817
"[0.1241847491665883, 0.6780547148677275, -0.9194281369936856, 0.47579580702719687]",29.802023721654916,3.0195405584768786
"[0.12417064064010665, 0.6780595136748814, -0.9194313242157102, 0.47578585894576236]",29.80207399884679,3.019603390958275
"[0.12415653338640666, 0.6780643126787583, -0.9194345109664165, 0.47577591060694224]",29.802124278484413,3.0196662234396716
"[0.12414242408012192, 0.6780691130107277, -0.919437697996866, 0.475765959665507]",29.802174554858237,3.0197290559210686
"[0.12412831229587143, 0.6780739148159085, -0.9194408854029524, 0.4757560058207852]",29.802224830724242,3.0197918884024646
"[0.1241142016065166, 0.6780787168787564, -0.9194440723775458, 0.4757460515926376]",29.802275106865057,3.0198547208838615
"[0.12410008818315983, 0.6780835205024939, -0.9194472597852889, 0.475736094279712]",29.802325378104676,3.0199175533652585
"[0.12408597407397459, 0.678088324990337, -0.9194504471634435, 0.47572613532650115]",29.802375647592996,3.0199803858466545
"[0.12407185812393606, 0.6780931307357186, -0.9194536347726945, 0.4757161739176042]",29.802425915241656,3.0200432183280514
"[0.1240577424417239, 0.6780979370209426, -0.9194568221367329, 0.4757062115407829]",29.80247618117423,3.020106050809448
"[0.12404362200799635, 0.6781027455554534, -0.9194600103887468, 0.47569624465289284]",29.80252644269132,3.020168883290845
"[0.12402950242272907, 0.6781075544326025, -0.9194631982641379, 0.4756862772060858]",29.802576705563574,3.0202317157722414
"[0.12401538345937906, 0.6781123637295433, -0.9194663858139775, 0.47567630904050884]",29.80262696866712,3.020294548253638
"[0.12400126132866068, 0.6781171747372728, -0.9194695738935942, 0.47566633748045795]",29.802677225250125,3.020357380735035
"[0.12398713883066365, 0.6781219865022078, -0.9194727618706906, 0.4756563645025238]",29.802727482464253,3.020420213216431
"[0.12397301422225289, 0.6781267996185257, -0.9194759501386048, 0.4756463888753283]",29.802777735672446,3.0204830456978278
"[0.1239588879832832, 0.6781316139230558, -0.9194791385888423, 0.4756364109372059]",29.802827987654865,3.0205458781792243
"[0.12394476009106911, 0.6781364294238387, -0.9194823272263539, 0.475626430671627]",29.80287823633218,3.0206087106606208
"[0.12393063342992879, 0.6781412451378822, -0.9194855154000401, 0.47561645011597137]",29.802928486179717,3.0206715431420177
"[0.12391650305555983, 0.6781460627509298, -0.9194887042256024, 0.4756064657766608]",29.802978734762295,3.020734375623414
"[0.12390237205312074, 0.6781508812115182, -0.9194918930066154, 0.47559647983297915]",29.803028977553883,3.0207972081048107
"[0.1238882405909787, 0.6781557004624001, -0.9194950817049595, 0.47558649240366896]",29.803079221042523,3.020860040586207
"[0.12387410758813161, 0.6781605208724604, -0.9194982705644115, 0.4755765027243741]",29.803129460834775,3.020922873067604
"[0.12385997112910074, 0.6781653430954488, -0.9195014600169618, 0.47556650944044854]",29.803179697507193,3.0209857055490006
"[0.12384583653064986, 0.6781701653179145, -0.9195046488629103, 0.4755565163100908]",29.803229935692986,3.021048538030397
"[0.1238316995345577, 0.6781749889927424, -0.9195078380628194, 0.4755465203225738]",29.80328017017285,3.021111370511794
"[0.12381756155630684, 0.6781798136372784, -0.9195110272971947, 0.4755365224782313]",29.803330404203376,3.02117420299319
"[0.12380342127826784, 0.6781846397014833, -0.9195142168630948, 0.47552652184477456]",29.803380634593392,3.021237035474587
"[0.12378928120710626, 0.6781894663300697, -0.919517406194954, 0.47551652019466245]",29.80343086389989,3.0212998679559835
"[0.12377513805288742, 0.6781942946463512, -0.9195205960346563, 0.4755065152003408]",29.803481089033692,3.0213627004373804
"[0.12376099508946459, 0.6781991235328833, -0.9195237856436764, 0.4754965091773949]",29.80353131783708,3.021425532918777
"[0.12374684953461103, 0.6782039539399451, -0.919526975649304, 0.47548650015692173]",29.803581536219074,3.0214883654001734
"[0.12373270412633788, 0.6782087849327968, -0.9195301654339345, 0.4754764900758902]",29.803631757878954,3.0215511978815703
"[0.12371855679360796, 0.6782136172189628, -0.9195333554644451, 0.47546647746838805]",29.803681977886527,3.0216140303629664
"[0.12370440871128524, 0.6782184503974182, -0.9195365454757605, 0.4754564631654772]",29.803732194837117,3.0216768628443633
"[0.12369025909094757, 0.6782232847377504, -0.9195397356454974, 0.47544644660870183]",29.80378241125301,3.02173969532576
"[0.12367610780224525, 0.6782281202848045, -0.9195429260028732, 0.4754364277052843]",29.803832622731598,3.0218025278071563
"[0.12366195614348847, 0.6782329565951761, -0.9195461162550428, 0.47542640737404773]",29.80388283396723,3.0218653602885532
"[0.1236478024901762, 0.6782377942242894, -0.9195493067680683, 0.47541638446433615]",29.80393304402322,3.0219281927699497
"[0.12363364699264758, 0.6782426331211211, -0.9195524975078752, 0.4754063590820207]",29.80398324931273,3.021991025251346
"[0.12361949143954674, 0.6782474726744497, -0.9195556880711522, 0.47539633249355434]",29.80403345496011,3.0220538577327427
"[0.12360533259767305, 0.6782523139899861, -0.9195588791864637, 0.4753863024082773]",29.80408365819602,3.0221166902141396
"[0.12359117411808465, 0.6782571558196244, -0.9195620700307697, 0.475376271412114]",29.80413385851263,3.022179522695536
"[0.12357701604429089, 0.6782619981485218, -0.919565260594175, 0.4753662395358853]",29.804184061390167,3.0222423551769326
"[0.123562853805646, 0.6782668425402768, -0.9195684519065057, 0.4753562035404279]",29.80423425717683,3.0223051876583296
"[0.12354869258350012, 0.6782716872228449, -0.9195716428000283, 0.4753461670969792]",29.804284452956328,3.022368020139726
"[0.12353452834267885, 0.6782765335769435, -0.9195748341838224, 0.47533612734532293]",29.80433464673302,3.0224308526211225
"[0.12352036361381748, 0.6782813807369923, -0.9195780254875389, 0.47532608607871213]",29.804384837302038,3.022493685102519
"[0.1235061976855305, 0.678286228946669, -0.9195812168713017, 0.4753160427924929]",29.804435028594703,3.022556517583916
"[0.12349202958040138, 0.6782910785408144, -0.9195844085551349, 0.475305996793172]",29.804485216724622,3.0226193500653125
"[0.12347786105384533, 0.6782959289188336, -0.919587600143434, 0.47529594932501606]",29.804535402649375,3.022682182546709
"[0.12346369080617647, 0.6783007805258942, -0.9195907919288145, 0.4752858994659922]",29.80458558582514,3.022745015028106
"[0.12344952149581441, 0.6783056324519546, -0.9195939833123573, 0.47527584910130666]",29.804635768022695,3.022807847509502
"[0.12343534796854225, 0.6783104864622674, -0.9195971754547837, 0.4752657945745288]",29.804685945838024,3.022870679990899
"[0.12342117391239919, 0.678315341294207, -0.9196003675252754, 0.4752557385012098]",29.804736124803906,3.0229335124722954
"[0.12340699853950308, 0.6783201972178529, -0.919603559701124, 0.4752456803220365]",29.80478629910713,3.022996344953692
"[0.12339282178514098, 0.6783250542556557, -0.9196067519967387, 0.4752356199906435]",29.80483647382712,3.023059177435089
"[0.12337864459535315, 0.6783299120837049, -0.919609944198953, 0.47522555817805295]",29.804886645656634,3.0231220099164853
"[0.12336446422771412, 0.6783347716420496, -0.9196131369250784, 0.4752154929373401]",29.80493681204504,3.0231848423978818
"[0.12335028615634226, 0.6783396310548809, -0.9196163289424875, 0.47520542815382844]",29.804986983871657,3.0232476748792783
"[0.12333610466748714, 0.6783444922807087, -0.9196195215374305, 0.475195359771172]",29.805037148314305,3.023310507360675
"[0.12332192155450575, 0.6783493547052345, -0.9196227143059704, 0.4751852890618557]",29.805087314723774,3.0233733398420717
"[0.12330773550509512, 0.6783542187787616, -0.9196259075433195, 0.47517521509340654]",29.80513746980328,3.023436172323468
"[0.12329355263062663, 0.6783590824059208, -0.919629099873725, 0.47516514220562384]",29.805187631879487,3.023499004804865
"[0.12327936620309372, 0.6783639478940177, -0.9196322928114337, 0.47515506562002213]",29.80523779337358,3.0235618372862616
"[0.12326517666767794, 0.6783688150909194, -0.9196354862560059, 0.47514498565187474]",29.80528794489403,3.023624669767658
"[0.12325098881201581, 0.6783736823545954, -0.9196386791298171, 0.4751349057019388]",29.805338101588088,3.023687502249055
"[0.12323679818804914, 0.678378551211163, -0.9196418724337402, 0.47512482260978484]",29.805388252232092,3.0237503347304515
"[0.1232226046195715, 0.6783834217215641, -0.9196450662072029, 0.4751147362493894]",29.805438399309327,3.023813167211848
"[0.12320841382223079, 0.6783882919245791, -0.919648259163986, 0.4751046506823363]",29.805488549690256,3.0238759996932445
"[0.12319421971400506, 0.6783931639076695, -0.919651452672434, 0.47509456158586894]",29.805538696247893,3.0239388321746414
"[0.12318002332281351, 0.6783980373184796, -0.9196546465010579, 0.47508446968983253]",29.80558884065342,3.024001664656038
"[0.12316582655571258, 0.6784029115026299, -0.9196578402206549, 0.47507437634946204]",29.805638979780294,3.0240644971374344
"[0.12315162849297814, 0.6784077867760971, -0.9196610340379848, 0.47506428091055564]",29.80568911899145,3.0241273296188314
"[0.12313743130111944, 0.6784126623950791, -0.9196642274655809, 0.47505418491343304]",29.805739261384158,3.0241901621002274
"[0.12312322983550013, 0.6784175401266954, -0.9196674216604642, 0.4750440846990574]",29.80578939510887,3.0242529945816243
"[0.12310902875055804, 0.678422418372629, -0.9196706155755799, 0.47503398357715687]",29.805839528176723,3.024315827063021
"[0.12309482415309557, 0.6784272984705835, -0.9196738100863515, 0.47502387877798885]",29.805889661537215,3.0243786595444173
"[0.12308061932736344, 0.6784321792925715, -0.9196770044539927, 0.4750137726373244]",29.80593978964254,3.0244414920258142
"[0.123066415393294, 0.6784370604538322, -0.9196801984265595, 0.47500366595192095]",29.805989920606883,3.0245043245072107
"[0.12305220767637297, 0.6784419435610494, -0.9196833930550212, 0.4749935553951984]",29.806040044758245,3.0245671569886077
"[0.12303799861006685, 0.6784468277783023, -0.9196865877919947, 0.47498344269812115]",29.806090165040278,3.0246299894700037
"[0.12302378944906975, 0.6784517126745003, -0.9196897823552385, 0.4749733287533716]",29.806140288860508,3.0246928219514007
"[0.12300957963885684, 0.678456598440426, -0.9196929768693003, 0.4749632131660437]",29.806190408863515,3.024755654432797
"[0.12299536736038086, 0.6784614857018354, -0.9196961717429483, 0.4749530946407043]",29.80624052854175,3.0248184869141936
"[0.12298115575670088, 0.678466373378129, -0.9196993662694856, 0.47494297541473646]",29.80629064512192,3.0248813193955906
"[0.1229669389582013, 0.6784712634883872, -0.9197025617681038, 0.4749328513080826]",29.806340757418237,3.024944151876987
"[0.12295272251159192, 0.6784761541251829, -0.9197057569918572, 0.47492272626992804]",29.806390866922435,3.0250069843583836
"[0.12293850581892095, 0.678481045494255, -0.9197089520750474, 0.47491259987437884]",29.80644097731702,3.02506981683978
"[0.12292428701448788, 0.6784859382378369, -0.9197121474367977, 0.47490247079202985]",29.806491085988025,3.025132649321177
"[0.12291006849593358, 0.6784908315310536, -0.9197153425381632, 0.47489234073063014]",29.80654119251293,3.0251954818025735
"[0.12289584599465321, 0.6784957268433236, -0.9197185383381652, 0.4748822066483784]",29.806591294514778,3.02525831428397
"[0.12288162325620983, 0.6785006228858336, -0.9197217339949769, 0.47487207121348946]",29.806641397315715,3.025321146765367
"[0.12286740093287525, 0.6785055194341247, -0.9197249293619391, 0.4748619348907054]",29.806691494131865,3.025383979246763
"[0.1228531765457986, 0.67851041734184, -0.9197281249958377, 0.47485179591302107]",29.806741593552932,3.02544681172816
"[0.12283894995021445, 0.6785153166592183, -0.9197313209289986, 0.4748416541766025]",29.806791688652766,3.0255096442095564
"[0.12282472410338499, 0.6785202163680416, -0.9197345164969478, 0.47483151178930705]",29.80684178469954,3.025572476690953
"[0.12281049440411165, 0.6785251180533802, -0.9197377127330851, 0.47482136547018633]",29.80689187458501,3.02563530917235
"[0.12279626307125355, 0.6785300209513861, -0.9197409091387907, 0.4748112168005674]",29.806941962723087,3.0256981416537463
"[0.12278203289786499, 0.6785349240999264, -0.9197441050866209, 0.4748010677720875]",29.806992050759188,3.025760974135143
"[0.12276779964211768, 0.6785398289608057, -0.9197473015290932, 0.47479091535908896]",29.807042138687684,3.0258238066165393
"[0.12275356739395946, 0.6785447341248496, -0.9197504975475516, 0.4747807624785061]",29.807092221520083,3.025886639097936
"[0.12273933043009072, 0.6785496415649472, -0.9197536944270459, 0.47477060504693297]",29.807142298272236,3.0259494715793327
"[0.12272509376693362, 0.6785545495523555, -0.9197568910409468, 0.47476044664269357]",29.80719238008099,3.026012304060729
"[0.12271085716259374, 0.6785594581705392, -0.9197600874434652, 0.47475028709312067]",29.80724245996375,3.026075136542126
"[0.1226966193691062, 0.6785643678499584, -0.9197632839146623, 0.474740125507386]",29.80729253471607,3.0261379690235226
"[0.12268237812810884, 0.67856927936979, -0.9197664809613466, 0.47472996027299347]",29.807342607113988,3.026200801504919
"[0.12266813623912025, 0.6785741917649158, -0.9197696779548536, 0.47471979338758213]",29.80739267620028,3.0262636339863156
"[0.12265389469721415, 0.6785791046922489, -0.919772874671689, 0.47470962556133156]",29.80744274820463,3.0263264664677125
"[0.12263964916240352, 0.678584019649249, -0.9197760720858565, 0.47469945369519373]",29.807492815538804,3.026389298949109
"[0.12262540387448022, 0.6785889351735307, -0.9197792692455279, 0.47468928081588685]",29.807542878785966,3.0264521314305055
"[0.12261115918845933, 0.6785938511426127, -0.919782466070938, 0.4746791071769538]",29.807592943667924,3.0265149639119024
"[0.12259690984940044, 0.6785987693703993, -0.9197856637412183, 0.4746689290246651]",29.807643004401132,3.0265777963932985
"[0.12258265993246492, 0.6786036884507873, -0.919788861341649, 0.4746587492690982]",29.80769306278101,3.0266406288746954
"[0.12256840962178096, 0.6786086083203797, -0.9197920588307824, 0.4746485680415558]",29.807743118334965,3.026703461356092
"[0.12255415859472343, 0.6786135290907384, -0.9197952562808762, 0.4746383851112845]",29.80779317562247,3.0267662938374884
"[0.12253990493970195, 0.6786184514222494, -0.919798454120646, 0.47462819911184406]",29.80784322678207,3.0268291263188853
"[0.12252565095164118, 0.6786233745226913, -0.9198016518350476, 0.4746180116827574]",29.807893277426288,3.026891958800282
"[0.12251139490794259, 0.6786282989872845, -0.9198048498103656, 0.4746078215924601]",29.807943328030163,3.0269547912816788
"[0.12249713811979074, 0.6786332243633993, -0.9198080477523007, 0.47459762977770975]",29.807993374482244,3.027017623763075
"[0.12248288075295681, 0.6786381505939556, -0.9198112456235302, 0.4745874363567346]",29.808043418242466,3.0270804562444718
"[0.12246861985467272, 0.6786430786995817, -0.9198144440861514, 0.4745772392177992]",29.80809345829838,3.0271432887258682
"[0.12245435944653099, 0.6786480072908544, -0.9198176422380184, 0.4745670412360159]",29.80814350015395,3.0272061212072647
"[0.1224400977198894, 0.6786529369930213, -0.9198208404846245, 0.4745568411177618]",29.808193541846215,3.0272689536886617
"[0.12242583425788327, 0.6786578679504836, -0.9198240389192782, 0.4745466385643972]",29.80824357670395,3.027331786170058
"[0.12241156925496027, 0.6786628000963472, -0.9198272374981965, 0.4745364337144827]",29.808293612240842,3.0273946186514546
"[0.12239730436597283, 0.6786677328586419, -0.9198304358501782, 0.47452622775156933]",29.808343645342013,3.027457451132851
"[0.12238303720861915, 0.6786726670614103, -0.9198336345092072, 0.474516018970829]",29.808393674334535,3.027520283614248
"[0.12236876875853513, 0.6786776023675799, -0.919836833256361, 0.4745058080698137]",29.808443703990577,3.0275831160956446
"[0.12235449890311433, 0.6786825388163866, -0.9198400321167173, 0.47449559496748567]",29.80849373091752,3.027645948577041
"[0.12234022673883269, 0.6786874767207469, -0.9198432312926282, 0.47448537901660287]",29.808543753162855,3.027708781058438
"[0.12232595465700448, 0.6786924152535633, -0.9198464302479111, 0.4744751619284648]",29.808593775988122,3.027771613539834
"[0.12231168103184838, 0.6786973549776035, -0.9198496293468275, 0.4744649425389087]",29.80864379441422,3.027834446021231
"[0.12229740589626382, 0.6787022958817904, -0.9198528285818284, 0.474454720870995]",29.808693812442055,3.027897278502628
"[0.12228312975764964, 0.678707237790781, -0.9198560278390338, 0.47444449728761007]",29.80874382998529,3.0279601109840244
"[0.12226885212239677, 0.6787121808757124, -0.9198592272288987, 0.47443427143484573]",29.80879384255682,3.028022943465421
"[0.12225457324604923, 0.6787171250484065, -0.9198624266939881, 0.47442404349526107]",29.80884385532303,3.0280857759468174
"[0.12224029345256228, 0.678722070196943, -0.9198656261615566, 0.4744138137005175]",29.808893863583222,3.0281486084282143
"[0.12222601196767208, 0.6787270165897269, -0.9198688258049164, 0.47440358149551165]",29.80894387335868,3.028211440909611
"[0.1222117288463298, 0.6787319642080523, -0.9198720256115751, 0.474393346919086]",29.808993877269852,3.0282742733910073
"[0.12219744600473086, 0.6787369123883632, -0.91987522515211, 0.47438311134399097]",29.809043881526947,3.0283371058724042
"[0.12218316002784464, 0.678741862314062, -0.9198784251913611, 0.4743728723224332]",29.80909388207964,3.0283999383538003
"[0.12216887369629212, 0.6787468130220402, -0.9198816251062861, 0.4743626318467778]",29.809143882953688,3.028462770835197
"[0.12215458606582708, 0.6787517648397232, -0.9198848251082358, 0.4743523892398695]",29.809193880817755,3.0285256033165937
"[0.12214029704535567, 0.6787567177989705, -0.9198880252174433, 0.47434214443594935]",29.809243875765887,3.02858843579799
"[0.12212600656232374, 0.6787616719252301, -0.9198912254499843, 0.47433189738252424]",29.809293870831635,3.028651268279387
"[0.12211171354099785, 0.678766627591808, -0.9198944260465629, 0.47432164730761583]",29.80934385805898,3.0287141007607836
"[0.12209742062542524, 0.6787715838822321, -0.9198976264149411, 0.47431139610695006]",29.809393848453617,3.02877693324218
"[0.12208312564384556, 0.6787765415498294, -0.9199008270412505, 0.47430114222253167]",29.80944383531944,3.0288397657235766
"[0.12206883103714647, 0.6787814997482894, -0.9199040273788319, 0.47429088740489783]",29.80949381992134,3.0289025982049735
"[0.12205453419746937, 0.6787864593824025, -0.9199072280113905, 0.47428062978284175]",29.809543804750035,3.02896543068637
"[0.12204023671781532, 0.678791419899839, -0.9199104285821316, 0.4742703704988377]",29.809593785057437,3.0290282631677665
"[0.12202593609565114, 0.6787963821692294, -0.9199136296510643, 0.47426010775656463]",29.809643760463743,3.0290910956491635
"[0.12201163509737269, 0.678801345230985, -0.919916830598768, 0.47424984354075295]",29.809693738381704,3.02915392813056
"[0.12199733189616474, 0.6788063097193678, -0.919920031833966, 0.4742395765398099]",29.80974371090049,3.0292167606119564
"[0.12198302970168189, 0.6788112745205477, -0.919923232638154, 0.4742293090573674]",29.809793686336693,3.029279593093353
"[0.12196872550506391, 0.6788162406791145, -0.919926433684593, 0.474219038933218]",29.80984365749703,3.02934242557475
"[0.12195441883932988, 0.6788212083576693, -0.9199296350775594, 0.47420876583132043]",29.809893622238942,3.0294052580561464
"[0.1219401107209124, 0.6788261772036341, -0.9199328365894155, 0.4741984904809515]",29.80994358884847,3.029468090537543
"[0.12192580385063216, 0.6788311462791917, -0.9199360376157235, 0.4741882148215677]",29.809993556201867,3.02953092301894
"[0.12191149376734699, 0.6788361171340349, -0.9199392391544666, 0.4741779356486595]",29.81004351528584,3.029593755500336
"[0.12189718287793169, 0.678841088932475, -0.9199424406669635, 0.4741676546905035]",29.810093476956773,3.0296565879817328
"[0.12188286846109928, 0.6788460626203208, -0.9199456427617934, 0.47415736999146896]",29.81014343246551,3.0297194204631293
"[0.12186855618459043, 0.6788510362284643, -0.9199488441709547, 0.4741470856234453]",29.810193391487235,3.0297822529445257
"[0.12185424159231972, 0.678856011305534, -0.919952045891081, 0.47413679838429246]",29.810243345189427,3.0298450854259227
"[0.12183992447054173, 0.6788609879262586, -0.9199552479697627, 0.47412650811966933]",29.810293296701506,3.029907917907319
"[0.12182560833579219, 0.6788659648685086, -0.9199584496203647, 0.47411621735672815]",29.81034324648234,3.0299707503887157
"[0.12181128942888331, 0.6788709434393507, -0.9199616516834452, 0.4741059233929688]",29.810393194087553,3.030033582870112
"[0.12179696858343271, 0.6788759233494001, -0.9199648539723637, 0.47409562682693857]",29.810443139762814,3.030096415351509
"[0.12178264616221977, 0.678880904472841, -0.9199680564058129, 0.47408532791892566]",29.810493080988635,3.0301592478329056
"[0.12176832296419864, 0.6788858865320756, -0.9199712588049851, 0.474075027243025]",29.810543021326442,3.030222080314302
"[0.12175399848795124, 0.6788908697017578, -0.9199744612818306, 0.47406472443826114]",29.810592958867492,3.030284912795699
"[0.12173967331627994, 0.6788958537793849, -0.9199776637058988, 0.4740544199234433]",29.81064289667111,3.0303477452770955
"[0.12172534667330111, 0.6789008390351609, -0.9199808662504787, 0.47404411314006434]",29.810692832369536,3.030410577758492
"[0.12171101821348358, 0.6789058255896446, -0.9199840689926269, 0.4740338038390212]",29.810742765056442,3.0304734102398885
"[0.12169668886391218, 0.6789108131204916, -0.9199872717249442, 0.47402349268688376]",29.81079269554929,3.0305362427212854
"[0.12168235784645265, 0.6789158018988227, -0.9199904746211827, 0.4740131791232802]",29.81084262319551,3.030599075202682
"[0.12166802530373537, 0.6789207918753131, -0.9199936776492812, 0.4740028632503353]",29.81089254992125,3.0306619076840784
"[0.12165369236972016, 0.6789257826554035, -0.9199968805556682, 0.4739925458838586]",29.810942471036732,3.0307247401654753
"[0.12163935812229178, 0.6789307745603917, -0.9200000835462544, 0.47398222635975623]",29.81099239496274,3.0307875726468714
"[0.12162502272829522, 0.6789357675324582, -0.92000328658359, 0.4739719047977025]",29.811042316103478,3.0308504051282683
"[0.12161068568119283, 0.678940761748322, -0.9200064897806787, 0.47396158083252277]",29.81109223379033,3.030913237609665
"[0.12159634749641245, 0.6789457570287369, -0.9200096930221889, 0.47395125483489775]",29.811142151026733,3.0309760700910613
"[0.12158200761740019, 0.6789507535679099, -0.9200128964322799, 0.47394092640352636]",29.811192065187786,3.0310389025724582
"[0.12156766725827504, 0.6789557509430242, -0.9200160997395742, 0.47393059641253166]",29.811241974630637,3.0311017350538547
"[0.12155332362319177, 0.6789607501287841, -0.9200193035683942, 0.4739202628473081]",29.811291886119132,3.031164567535251
"[0.12153898092437661, 0.6789657496573459, -0.9200225069777279, 0.47390992874208054]",29.811341794390113,3.0312274000166477
"[0.12152463283543784, 0.6789707517343703, -0.9200257113803457, 0.47389958953789907]",29.8113916953227,3.0312902324980446
"[0.12151028842447463, 0.67897575319873, -0.9200289147508889, 0.4738892517688848]",29.811441599110598,3.031353064979441
"[0.12149594053155309, 0.6789807565469556, -0.9200321186881975, 0.4738789102749207]",29.81149149874359,3.0314158974608376
"[0.12148159161285632, 0.6789857609229646, -0.9200353226435795, 0.4738685668256406]",29.81154139860898,3.0314787299422346
"[0.1214672424769058, 0.6789907660449637, -0.9200385264363604, 0.47385822200359623]",29.811591298433147,3.031541562423631
"[0.12145289005794874, 0.6789957729826658, -0.9200417307508533, 0.47384787359801234]",29.811641190731173,3.0316043949050275
"[0.12143853816287169, 0.6790007804083086, -0.9200449347369591, 0.47383752435326987]",29.81169108428882,3.031667227386424
"[0.12142418205965448, 0.6790057899732731, -0.9200481394508814, 0.4738271708564924]",29.81174097311836,3.031730059867821
"[0.12140982710596465, 0.6790107998083179, -0.9200513436964456, 0.47381681697107747]",29.811790861078787,3.0317928923492174
"[0.12139547103570109, 0.6790158107044065, -0.9200545479793674, 0.473806461062427]",29.811840747655612,3.031855724830614
"[0.121381113178107, 0.6790208228959862, -0.920057752449177, 0.4737961026461763]",29.811890632467776,3.031918557312011
"[0.12136675394684636, 0.6790258362389278, -0.9200609570133785, 0.4737857420203041]",29.81194051513418,3.031981389793407
"[0.1213523927775613, 0.6790308509306549, -0.9200641617977201, 0.4737753787770075]",29.811990394190715,3.032044222274804
"[0.1213380314206857, 0.6790358663601801, -0.9200673664114243, 0.47376501417905964]",29.812040273825705,3.032107054756201
"[0.12132366642827949, 0.6790408837320027, -0.9200705716236697, 0.4737546457374776]",29.812090146807396,3.032169887237597
"[0.12130930217322941, 0.679045901519079, -0.9200737764585706, 0.4737442766080595]",29.81214002007272,3.0322327197189938
"[0.12129493669168809, 0.6790509204075694, -0.9200769813541582, 0.47373390537298027]",29.812189892680305,3.0322955522003903
"[0.12128057041555772, 0.6790559402468211, -0.9200801862139181, 0.47372353234368403]",29.812239760499967,3.0323583846817868
"[0.12126620045505238, 0.6790609620469984, -0.9200833916822952, 0.47371315543294024]",29.81228962721717,3.0324212171631837
"[0.1212518306308139, 0.6790659844732766, -0.9200865969068347, 0.4737027773991562]",29.812339491656818,3.03248404964458
"[0.12123745951302474, 0.6790710080255784, -0.9200898022063214, 0.47369239720943973]",29.812389352750934,3.032546882125977
"[0.12122308793746882, 0.6790760324119801, -0.9200930073941882, 0.4736820154671277]",29.81243921679686,3.032609714607373
"[0.12120871276117738, 0.6790810587316731, -0.9200962131711826, 0.47367162990116396]",29.81248907297133,3.03267254708877
"[0.12119433846650154, 0.6790860854176554, -0.9200994185375383, 0.47366124374946683]",29.81253893157988,3.0327353795701666
"[0.12117996150864639, 0.6790911137098109, -0.9201026242835545, 0.47365085445034744]",29.81258878222289,3.032798212051563
"[0.12116558471901859, 0.6790961426181308, -0.9201058297777223, 0.47364046404946114]",29.812638638024705,3.03286104453296
"[0.12115120541204787, 0.6791011730822791, -0.9201090356186574, 0.4736300706054763]",29.81268848624681,3.0329238770143565
"[0.1211368243328677, 0.6791062048419858, -0.9201122416400224, 0.4736196746563116]",29.81273833304089,3.032986709495753
"[0.1211224434912692, 0.679111237194262, -0.9201154473936182, 0.4736092776545145]",29.812788181646663,3.0330495419771495
"[0.12110806040032417, 0.679116271009617, -0.9201186534336673, 0.4735988778017186]",29.812838021130712,3.0331123744585464
"[0.12109367587575832, 0.6791213060029324, -0.920121859578141, 0.47358847568714807]",29.812887861865118,3.033175206939943
"[0.12107928982981248, 0.6791263422052218, -0.9201250658464232, 0.4735780712468676]",29.812937702345693,3.0332380394213394
"[0.12106490336611894, 0.6791313792303904, -0.9201282719923802, 0.47356766527866817]",29.812987539605672,3.0333008719027363
"[0.1210505163787059, 0.6791364171157058, -0.9201314780394938, 0.47355725770566975]",29.81303737806848,3.0333637043841324
"[0.12103612429621632, 0.6791414574624204, -0.9201346850062191, 0.47354684522010665]",29.813087205367893,3.0334265368655293
"[0.12102173402043075, 0.6791464978537535, -0.9201378913544533, 0.47353643281478786]",29.81313703673217,3.033489369346926
"[0.12100734373720401, 0.6791515389251127, -0.9201410974883368, 0.4735260191771603]",29.813186866546797,3.0335522018283227
"[0.12099294885290628, 0.6791565822861251, -0.920144304431105, 0.4735156009823019]",29.813236690016776,3.0336150343097192
"[0.12097855419210816, 0.6791616262468818, -0.920147511107708, 0.47350518172127964]",29.81328651477417,3.0336778667911157
"[0.12096415984523569, 0.6791666707757618, -0.920150717497898, 0.4734947614595]",29.813336339402323,3.0337406992725127
"[0.12094976146111708, 0.679171717398019, -0.9201539245707125, 0.473484337046485]",29.81338615995829,3.0338035317539087
"[0.12093536291912443, 0.6791767647543178, -0.9201571314618608, 0.4734739112902665]",29.813435973579832,3.0338663642353056
"[0.12092096205535499, 0.6791818136035083, -0.9201603386531169, 0.47346348262353355]",29.813485789886148,3.033929196716702
"[0.12090656111459051, 0.6791868631588533, -0.9201635456443812, 0.47345305267147053]",29.813535604871657,3.0339920291980986
"[0.12089215850037956, 0.6791919139803666, -0.9201667527910158, 0.4734426202774928]",29.81358541540125,3.0340548616794956
"[0.1208777542388126, 0.6791969660592264, -0.9201699600870231, 0.47343218545996985]",29.813635224869483,3.034117694160892
"[0.12086334813143546, 0.6792020194654044, -0.9201731675763931, 0.473421748074553]",29.8136850286844,3.0341805266422885
"[0.12084894154985656, 0.6792070737180309, -0.9201763749535717, 0.47341130911457546]",29.813734832836147,3.034243359123685
"[0.12083453344908725, 0.6792121291839704, -0.9201795824510449, 0.47340086782246177]",29.813784635978553,3.034306191605082
"[0.12082012465667269, 0.6792171855731161, -0.9201827898844203, 0.47339042479752097]",29.813834435165244,3.0343690240864785
"[0.12080571376215753, 0.6792222433807085, -0.920185997567498, 0.473379979017055]",29.813884232281275,3.034431856567875
"[0.12079130346303733, 0.6792273016602578, -0.920189204899686, 0.4733695324359885]",29.813934032684095,3.034494689049272
"[0.12077688940283406, 0.6792323619412793, -0.9201924128504336, 0.473359081895641]",29.813983825255477,3.034557521530668
"[0.12076247463308247, 0.6792374231529107, -0.9201956207403799, 0.47334862960775137]",29.814033615804753,3.034620354012065
"[0.12074805923149257, 0.679242485268074, -0.9201988285520819, 0.47333817562836933]",29.814083406296724,3.0346831864934614
"[0.12073364321145216, 0.6792475482822442, -0.9202020362824227, 0.4733277199669465]",29.81413319572818,3.0347460189748583
"[0.12071922423906441, 0.679252613015488, -0.9202052444505147, 0.47331726093014337]",29.814182978631564,3.034808851456255
"[0.12070480163142083, 0.6792576797082354, -0.9202084532080409, 0.47330679802166015]",29.81423275689764,3.0348716839376513
"[0.12069038241602177, 0.6792627458918338, -0.9202116609913936, 0.47329633633945895]",29.814282541582514,3.034934516419048
"[0.12067596031953372, 0.6792678137705003, -0.9202148691960654, 0.47328587133192934]",29.81433232148536,3.0349973489004443
"[0.12066153560254106, 0.6792728832531779, -0.9202180777638432, 0.4732754031873118]",29.814382095001196,3.035060181381841
"[0.12064711182963203, 0.6792779530872736, -0.9202212859016998, 0.4732649344922071]",29.81443187135862,3.0351230138632377
"[0.12063268545692958, 0.6792830245187317, -0.9202244943976875, 0.4732544626740579]",29.814481643817306,3.035185846344634
"[0.12061825729736586, 0.6792880972621375, -0.9202277030708053, 0.4732439883223429]",29.814531411387087,3.035248678826031
"[0.12060382739893281, 0.6792931713010094, -0.9202309119101716, 0.4732335114712858]",29.81458117743597,3.0353115113074276
"[0.12058939793687977, 0.6792982458706422, -0.9202341204319241, 0.4732230336999598]",29.81463094629371,3.035374343788824
"[0.12057496500492457, 0.6793033223451594, -0.9202373295044636, 0.47321255217131236]",29.814680707244037,3.0354371762702206
"[0.1205605331241012, 0.6793083991345698, -0.9202405381224206, 0.47320207016831034]",29.814730469604882,3.0355000087516175
"[0.12054609890942403, 0.6793134774299197, -0.9202437470382004, 0.4731915852320073]",29.814780228722768,3.035562841233014
"[0.12053166439242563, 0.6793185565167333, -0.9202469557999969, 0.47318109883767545]",29.81482998695907,3.0356256737144105
"[0.12051722506952614, 0.6793236379801626, -0.920250165408711, 0.4731706077127721]",29.814879738329928,3.0356885061958074
"[0.12050278617311318, 0.6793287199792468, -0.9202533747010578, 0.4731601156582973]",29.814929488846257,3.0357513386772035
"[0.12048834745219414, 0.6793338026024104, -0.9202565837327155, 0.4731496224917993]",29.814979239053244,3.0358141711586004
"[0.12047390752419071, 0.6793388863364801, -0.9202597928108359, 0.47313912720830237]",29.815028988788104,3.035877003639997
"[0.12045946393665506, 0.679343972045362, -0.9202630024801998, 0.473128628024511]",29.81507873221159,3.035939836121394
"[0.12044502168853166, 0.6793490579691385, -0.9202662116297702, 0.47311812857381225]",29.815128479829884,3.0360026686027903
"[0.12043057564796242, 0.6793541459153233, -0.9202694213996977, 0.4731076251249089]",29.815178217910184,3.036065501084187
"[0.12041613043849432, 0.6793592342557733, -0.9202726307624971, 0.47309712103903556]",29.81522795677658,3.0361283335655838
"[0.12040168389374879, 0.6793643237537738, -0.9202758401993444, 0.4730866147406457]",29.815277697571013,3.03619116604698
"[0.12038723423174152, 0.6793694150375343, -0.9202790501059056, 0.4730761049330973]",29.815327429354475,3.0362539985283767
"[0.12037278299102488, 0.6793745075653794, -0.9202822601401786, 0.47306559273473375]",29.815377161993553,3.0363168310097737
"[0.12035833196943979, 0.6793796007039836, -0.9202854699026561, 0.47305507945303094]",29.815426892267794,3.0363796634911697
"[0.1203438780819824, 0.6793846955409168, -0.9202886800783824, 0.4730445628431643]",29.81547661864224,3.0364424959725667
"[0.12032942534511992, 0.679389790660657, -0.9202918897751488, 0.47303404582715103]",29.815526347919644,3.036505328453963
"[0.12031496912174618, 0.6793948876982258, -0.9202951000226022, 0.47302352503022915]",29.815576067084244,3.0365681609353596
"[0.12030051259785704, 0.6793999855306602, -0.9202983101130359, 0.47301300277046937]",29.815625790840468,3.0366309934167566
"[0.12028605417381291, 0.6794050847223211, -0.92030152040148, 0.4730024778831459]",29.81567551015276,3.036693825898153
"[0.12027159496049315, 0.6794101848817231, -0.920304730641098, 0.4729919511764477]",29.81572522530649,3.0367566583795496
"[0.12025713404773071, 0.6794152863301931, -0.92030794103379, 0.47298142198730414]",29.81577494393364,3.036819490860946
"[0.12024267200320106, 0.6794203888677796, -0.9203111514533443, 0.4729708907285622]",29.81582465495381,3.036882323342343
"[0.12022820740683914, 0.6794254929958858, -0.9203143622147969, 0.47296035636553213]",29.815874363231067,3.0369451558237395
"[0.12021374380820098, 0.6794305974622049, -0.9203175725300814, 0.472949821482976]",29.81592407576288,3.037007988305136
"[0.12019927711946965, 0.6794357037096437, -0.9203207833063616, 0.47293928310306904]",29.81597377897059,3.037070820786533
"[0.1201848095457383, 0.6794408109602833, -0.9203239940540169, 0.4729287428314815]",29.816023481977567,3.0371336532679294
"[0.12017033965154814, 0.6794459197212306, -0.9203272050914126, 0.47291819962184056]",29.81607318294427,3.037196485749326
"[0.1201558697327059, 0.6794510291821078, -0.9203304159089364, 0.4729076551466349]",29.81612288403968,3.0372593182307224
"[0.12014139853313859, 0.6794561397867414, -0.9203336267851289, 0.4728971084901341]",29.816172580699533,3.0373221507121193
"[0.12012692492669706, 0.6794612519331801, -0.9203368379696653, 0.4728865588310382]",29.81622227275154,3.037384983193516
"[0.12011245108576153, 0.6794663648544278, -0.920340048980389, 0.4728760077523082]",29.816271965944825,3.0374478156749123
"[0.12009797598630935, 0.6794714789124398, -0.9203432600443251, 0.4728654545071398]",29.816321657750628,3.0375106481563092
"[0.12008349851342132, 0.6794765945014942, -0.9203464714085947, 0.4728548982820853]",29.816371345468806,3.0375734806377053
"[0.12006902119335895, 0.6794817107291858, -0.9203496825126614, 0.4728443409187863]",29.816421033191787,3.037636313119102
"[0.1200545422470488, 0.679486828224471, -0.9203528937509684, 0.47283378111953583]",29.816470715775925,3.0376991456004987
"[0.12004006136160925, 0.6794919470982944, -0.9203561051927073, 0.4728232186555677]",29.816520398105197,3.037761978081895
"[0.12002557932418627, 0.6794970670727376, -0.9203593166631201, 0.47281265410050854]",29.816570075890713,3.037824810563292
"[0.12001109510393018, 0.6795021885125939, -0.9203625283906068, 0.47280208670180784]",29.816619751975445,3.0378876430446886
"[0.1199966100552718, 0.6795073109392795, -0.9203657400746451, 0.47279151744711867]",29.81666942805011,3.037950475526085
"[0.11998212542691505, 0.6795124339113497, -0.9203689514382376, 0.472780947247399]",29.816719101254122,3.0380133080074816
"[0.1199676374652189, 0.6795175587567253, -0.9203721633134097, 0.4727703733629168]",29.816768771983735,3.0380761404888785
"[0.11995314957208739, 0.6795226842723839, -0.9203753749457894, 0.472759798275978]",29.81681843843183,3.038138972970275
"[0.11993865861574, 0.6795278115666159, -0.9203785870294284, 0.4727492197000951]",29.816868105295498,3.0382018054516715
"[0.11992416708798613, 0.6795329397581208, -0.9203817990117847, 0.4727386394537277]",29.816917768335095,3.0382646379330684
"[0.11990967361907291, 0.6795380693319114, -0.9203850111962778, 0.47272805653637134]",29.816967427746125,3.038327470414465
"[0.11989517944157066, 0.679543199852055, -0.9203882233095508, 0.4727174718475615]",29.817017086298318,3.0383903028958614
"[0.11988068363150856, 0.6795483316458806, -0.9203914355561957, 0.4727068847121319]",29.817066742649267,3.038453135377258
"[0.11986618822974768, 0.6795534639910944, -0.9203946474838092, 0.47269629662034546]",29.817116402688463,3.038515967858655
"[0.11985168919838192, 0.6795585983177178, -0.9203978599869271, 0.47268570462220594]",29.81716605291724,3.0385788003400513
"[0.11983718982677538, 0.6795637334613412, -0.9204010723365197, 0.4726751111200486]",29.817215704166166,3.038641632821448
"[0.11982268957881832, 0.6795688696120331, -0.9204042846512142, 0.47266451572189977]",29.817265351840376,3.0387044653028448
"[0.11980818636871247, 0.679574007508986, -0.9204074973928784, 0.4726539169030452]",29.817314994988717,3.038767297784241
"[0.11979368355998375, 0.6795791459609409, -0.9204107098162442, 0.47264331712105523]",29.817364640071716,3.0388301302656378
"[0.11977917883921864, 0.6795842857877763, -0.9204139224335837, 0.4726327146847881]",29.817414280020564,3.0388929627470342
"[0.11976467132939347, 0.6795894273007189, -0.9204171354389165, 0.47262210895243684]",29.817463918174376,3.0389557952284307
"[0.11975016355191608, 0.6795945696065041, -0.9204203482736276, 0.47261150176675865]",29.817513554748928,3.0390186277098277
"[0.11973565562372213, 0.679599712663824, -0.9204235609116913, 0.4726008932130721]",29.81756319011904,3.039081460191224
"[0.11972114773170185, 0.679604856406547, -0.9204267733115991, 0.47259028342789416]",29.817612825714868,3.039144292672621
"[0.1197066350938349, 0.6796100025305774, -0.9204299865319734, 0.47257966891334624]",29.81766245422514,3.039207125154017
"[0.11969212240006072, 0.6796151493733393, -0.9204331995341875, 0.4725690530988904]",29.81771208341858,3.039269957635414
"[0.11967760822338144, 0.6796202974411316, -0.920436412634011, 0.47255843494037525]",29.817761707072926,3.0393327901168106
"[0.11966309161912296, 0.6796254470694228, -0.9204396260403562, 0.47254781374606236]",29.817811329628306,3.039395622598207
"[0.11964857433407404, 0.679630597638874, -0.9204428393663635, 0.4725371907934989]",29.817860949284107,3.039458455079604
"[0.11963405727038864, 0.6796357488295868, -0.9204460524122045, 0.47252656674260735]",29.81791056953359,3.0395212875610005
"[0.11961953689392697, 0.6796409018958923, -0.9204492659599048, 0.4725159390065242]",29.817960186235627,3.039584120042397
"[0.11960501762923949, 0.6796460552678952, -0.9204524790300691, 0.472505310823197]",29.818009800211907,3.0396469525237935
"[0.11959049361260964, 0.6796512110271841, -0.9204556929201171, 0.47249467789977206]",29.818059409937447,3.0397097850051904
"[0.11957597105853125, 0.6796563669680843, -0.920458906254696, 0.4724840447852718]",29.81810902171775,3.039772617486587
"[0.11956144556448407, 0.6796615246538226, -0.9204621200077788, 0.47247340825596795]",29.818158629594542,3.0398354499679834
"[0.11954691921847013, 0.6796666833433984, -0.9204653337171801, 0.47246276984019203]",29.818208234037854,3.0398982824493803
"[0.11953239220001338, 0.6796718429732748, -0.9204685473430272, 0.47245212966910255]",29.818257837197617,3.0399611149307764
"[0.11951786245257967, 0.6796770042742387, -0.9204717613400571, 0.47244148623584326]",29.81830743482038,3.0400239474121733
"[0.11950333333697688, 0.6796821660527167, -0.9204749749646846, 0.4724308420018988]",29.818357036733577,3.04008677989357
"[0.11948880033968005, 0.6796873299125834, -0.9204781892150333, 0.4724201936600481]",29.818406631505855,3.0401496123749663
"[0.11947426838265027, 0.6796924941052862, -0.9204814030023287, 0.47240954481612163]",29.81845622714843,3.040212444856363
"[0.11945973469929318, 0.6796976596141493, -0.9204846169382728, 0.47239889344257335]",29.818505817505095,3.0402752773377597
"[0.1194451986820518, 0.6797028266555079, -0.9204878311570013, 0.4723882390934937]",29.81855540490991,3.0403381098191566
"[0.11943066038647022, 0.679707995210066, -0.9204910456459989, 0.4723775818088653]",29.818604991246232,3.040400942300553
"[0.11941612293390563, 0.6797131641683788, -0.9204942597149558, 0.47236692387645546]",29.818654577209504,3.0404637747819496
"[0.1194015826655864, 0.6797183348315712, -0.9204974741726308, 0.47235626261356506]",29.818704158588368,3.0405266072633466
"[0.11938704237057582, 0.6797235062081799, -0.9205006884022351, 0.472345600064658]",29.8187537399867,3.0405894397447426
"[0.11937249896648383, 0.679728679394821, -0.9205039030849567, 0.4723349339688512]",29.81880331628064,3.0406522722261395
"[0.11935795587595484, 0.679733853174344, -0.9205071174640638, 0.4723242668358235]",29.81885289401335,3.040715104707536
"[0.11934341091749992, 0.6797390283230544, -0.9205103320215586, 0.4723135970651528]",29.818902465892464,3.0407779371889325
"[0.11932886377292633, 0.6797442049545698, -0.9205135468275453, 0.47230292442277066]",29.81895203616222,3.0408407696703295
"[0.11931431715524905, 0.6797493821036972, -0.920516761282305, 0.4722922508987547]",29.819001605186514,3.040903602151726
"[0.11929976724307507, 0.6797545611307768, -0.9205199762300869, 0.47228157368869667]",29.81905117251314,3.0409664346331224
"[0.11928521748462917, 0.6797597408087664, -0.9205231909087712, 0.47227089532247163]",29.81910073539139,3.041029267114519
"[0.11927066652466761, 0.679764921620314, -0.9205264056176437, 0.4722602148051803]",29.819150298057288,3.041092099595916
"[0.11925611142504518, 0.679770104612038, -0.9205296210055696, 0.47224952997937486]",29.819199855626227,3.0411549320773124
"[0.11924155676020888, 0.6797752881553873, -0.9205328360617888, 0.47223884420251894]",29.819249414572777,3.041217764558709
"[0.11922700275513559, 0.6797804721702633, -0.9205360507365102, 0.4722281576398158]",29.819298970685946,3.041280597040106
"[0.11921244467250951, 0.6797856583444272, -0.9205392660759009, 0.4722174668122145]",29.819348524035888,3.041343429521502
"[0.11919788577037016, 0.6797908455177029, -0.9205424813601397, 0.47220677411151374]",29.819398072382256,3.0414062620028988
"[0.11918332623702385, 0.6797960336232166, -0.9205456965474818, 0.4721960796756988]",29.81944762221755,3.0414690944842953
"[0.1191687662026861, 0.6798012226147648, -0.9205489116090209, 0.4721853836001412]",29.81949716669553,3.041531926965692
"[0.11915420296723414, 0.679806413455022, -0.9205521271407688, 0.4721746839006607]",29.819546710705357,3.0415947594470887
"[0.1191396376150338, 0.6798116057579663, -0.9205553429030509, 0.47216398137314697]",29.81959624982308,3.041657591928485
"[0.1191250732141825, 0.6798167984300852, -0.920558558218333, 0.47215327827172104]",29.819645791630546,3.041720424409882
"[0.11911050648798426, 0.6798219926398378, -0.9205617738098403, 0.4721425721880954]",29.81969532576915,3.041783256891278
"[0.11909593946661153, 0.6798271876636097, -0.920564989229226, 0.4721318646139123]",29.81974486180782,3.041846089372675
"[0.11908136950489648, 0.6798323844450883, -0.9205682050601659, 0.4721211536042818]",29.81979439223595,3.0419089218540716
"[0.11906679822938035, 0.6798375824045519, -0.9205714209434264, 0.47211044035425354]",29.81984392141355,3.041971754335468
"[0.11905222567912785, 0.6798427815283675, -0.9205746368701996, 0.4720997248920832]",29.81989345022701,3.042034586816865
"[0.11903765345629506, 0.6798479812451077, -0.9205778524867695, 0.472089008395616]",29.819942976946315,3.0420974192982615
"[0.11902307726550138, 0.679853183087846, -0.9205810687407743, 0.4720782877053994]",29.819992495796434,3.042160251779658
"[0.11900850303974451, 0.6798583849395243, -0.9205842843229181, 0.4720675671847162]",29.820042018333453,3.0422230842610545
"[0.11899392448789846, 0.6798635890458521, -0.9205875006210641, 0.47205684220551597]",29.820091535347135,3.0422859167424514
"[0.11897934702102603, 0.6798687934756066, -0.9205907164412251, 0.4720461167479763]",29.82014105352257,3.042348749223848
"[0.11896476622697628, 0.6798739998042826, -0.9205939327565538, 0.4720353875654143]",29.82019056584984,3.0424115817052444
"[0.11895018479067378, 0.6798792070735873, -0.920597148974573, 0.4720246566328627]",29.820240076773043,3.0424744141866413
"[0.11893560164966044, 0.6798844156632202, -0.9206003653294478, 0.4720139231680001]",29.820289581460937,3.042537246668038
"[0.11892101732029776, 0.679889625389097, -0.9206035817070949, 0.4720031875503501]",29.82033909085819,3.0426000791494343
"[0.118906432773172, 0.6798948359047038, -0.9206067978933129, 0.4719924504940863]",29.820388598459918,3.042662911630831
"[0.1188918446737078, 0.6799000484017702, -0.9206100146232206, 0.4719817095436655]",29.820438097985047,3.0427257441122277
"[0.11887725600168496, 0.679905261816001, -0.92061323123954, 0.47197096689237855]",29.820487596755406,3.0427885765936242
"[0.11886266673523589, 0.6799104761554043, -0.9206164477469425, 0.47196022252384867]",29.82053709538525,3.0428514090750207
"[0.11884807576452687, 0.6799156918169311, -0.920619664389932, 0.47194947562029854]",29.820586588651334,3.0429142415564177
"[0.11883348283578322, 0.6799209088916796, -0.9206228812242401, 0.47193872599419984]",29.82063608233049,3.0429770740378137
"[0.11881888948424502, 0.679926126831079, -0.9206260979112582, 0.4719279747760206]",29.82068557382469,3.0430399065192106
"[0.11880429433393193, 0.6799313461274, -0.9206293147541026, 0.4719172209516234]",29.820735062677247,3.043102739000607
"[0.11878969876176047, 0.6799365662885221, -0.9206325314491158, 0.4719064655351209]",29.820784546869174,3.0431655714820036
"[0.11877510073226265, 0.6799417880427695, -0.9206357484446954, 0.47189570702606937]",29.82083402842787,3.0432284039634006
"[0.11876050105878766, 0.6799470110996187, -0.9206389655613767, 0.47188494602322983]",29.820883509893413,3.043291236444797
"[0.11874590095148316, 0.6799522350264161, -0.920642182532318, 0.47187418341815146]",29.820932989345874,3.0433540689261935
"[0.11873129866555251, 0.6799574604477315, -0.9206453997417835, 0.4718634179242027]",29.82098246639883,3.04341690140759
"[0.1187166963698847, 0.6799626865877275, -0.9206486167117344, 0.47185265113994446]",29.82103194056876,3.043479733888987
"[0.11870209169208411, 0.6799679142957689, -0.9206518339646397, 0.47184188131568794]",29.821081410671038,3.0435425663703835
"[0.11868748576186904, 0.6799731431678542, -0.9206550512514203, 0.4718311092839102]",29.821130880554946,3.04360539885178
"[0.11867287902958404, 0.6799783730430304, -0.9206582684727014, 0.4718203353763435]",29.82118034885391,3.043668231333177
"[0.11865827011982023, 0.67998360441409, -0.9206614859312278, 0.47180955857796697]",29.821229814178217,3.0437310638145734
"[0.1186436613084509, 0.679988836466325, -0.9206647031255837, 0.47179878056725866]",29.82127927688921,3.04379389629597
"[0.11862904836212346, 0.6799940707163018, -0.9206679209878242, 0.4717879982202889]",29.821328735456607,3.0438567287773663
"[0.11861443578675895, 0.6799993055504046, -0.9206711385255043, 0.4717772148612097]",29.821378195516235,3.0439195612587633
"[0.1185998197740535, 0.6800045423332892, -0.9206743565769655, 0.47176642767912047]",29.821427646818673,3.0439823937401598
"[0.11858520673845865, 0.6800097787668679, -0.9206775737297815, 0.47175564140794296]",29.821477103168398,3.0440452262215563
"[0.11857058817943866, 0.6800150178975025, -0.9206807918552176, 0.4717448497727683]",29.821526550460067,3.044108058702953
"[0.11855597169523566, 0.6800202570024589, -0.9206840092803814, 0.47173405838211835]",29.821576002531092,3.0441708911843492
"[0.11854135236130692, 0.6800254978470467, -0.9206872270891355, 0.47172326359996763]",29.821625446968927,3.044233723665746
"[0.1185267302525858, 0.6800307404049343, -0.9206904452647203, 0.4717124654807728]",29.821674891100677,3.044296556147143
"[0.11851210957266085, 0.6800359831691966, -0.9206936628818111, 0.47170166712849065]",29.821724331431493,3.044359388628539
"[0.11849748757848122, 0.6800412271235607, -0.9206968805439562, 0.4716908665170781]",29.821773773132517,3.044422221109936
"[0.11848285965328764, 0.6800464739244126, -0.9207000992667942, 0.4716800602352489]",29.8218232073906,3.0444850535913326
"[0.11846823453076732, 0.6800517204394511, -0.9207033171283687, 0.47166925473443244]",29.82187264030866,3.044547886072729
"[0.11845360683870844, 0.6800569685959812, -0.9207065353105646, 0.47165844604535123]",29.821922072928174,3.044610718554126
"[0.1184389781851578, 0.6800622178174366, -0.9207097534593893, 0.4716476353556325]",29.821971504337437,3.0446735510355225
"[0.1184243472026037, 0.6800674685948844, -0.920712971875472, 0.47163682165410675]",29.8220209303655,3.0447363835169194
"[0.11840971523762037, 0.6800727204454211, -0.9207161902623956, 0.4716260059354611]",29.82207035494104,3.0447992159983155
"[0.11839508233562805, 0.6800779733530117, -0.9207194086099931, 0.4716151882328746]",29.822119778966,3.0448620484797124
"[0.1183804465594332, 0.6800832280134578, -0.9207226273441098, 0.47160436711360976]",29.822169195635155,3.044924880961109
"[0.11836581065593539, 0.6800884834408827, -0.9207258458604396, 0.47159354460808944]",29.822218615196412,3.0449877134425054
"[0.11835117409125255, 0.6800937398271747, -0.920729064276238, 0.47158272032129106]",29.82226802856712,3.0450505459239023
"[0.11833653608337537, 0.6800989974534478, -0.920732282763281, 0.47157189367447944]",29.822317444528412,3.045113378405299
"[0.11832189640799985, 0.6801042564006093, -0.9207355013706832, 0.4715610645012178]",29.82236685510263,3.0451762108866953
"[0.11830725515758234, 0.6801095166357908, -0.9207387200779142, 0.47155023286935344]",29.822416264111823,3.045239043368092
"[0.11829261302763541, 0.6801147779094329, -0.9207419387318782, 0.47153939929294497]",29.822465669432855,3.0453018758494887
"[0.11827796832703916, 0.6801200408295598, -0.9207451577041086, 0.471528562520172]",29.822515073075305,3.0453647083308852
"[0.11826332235776542, 0.6801253049286795, -0.9207483767082024, 0.4715177235138266]",29.822564473661615,3.0454275408122817
"[0.11824867619645815, 0.6801305698200457, -0.9207515955073641, 0.47150688307037486]",29.822613873491722,3.0454903732936787
"[0.11823402725220691, 0.680135836435359, -0.9207548146707978, 0.4714960392716121]",29.82266326877563,3.0455532057750747
"[0.11821937969962898, 0.6801411032739691, -0.9207580332809538, 0.47148519520746673]",29.822712664495057,3.0456160382564716
"[0.1182047267792224, 0.6801463727668181, -0.9207612528229162, 0.4714743458729895]",29.82276205341873,3.045678870737868
"[0.1181900755255898, 0.6801516423845059, -0.9207644717508218, 0.4714634964761333]",29.822811443714254,3.0457417032192646
"[0.11817542197261897, 0.6801569135536887, -0.9207676909358953, 0.4714526440797391]",29.822860832200433,3.0458045357006616
"[0.1181607667547548, 0.6801621860465581, -0.9207709102385296, 0.4714417891530158]",29.82291021428519,3.045867368182058
"[0.11814610987429806, 0.6801674598626495, -0.9207741296580091, 0.4714309316970971]",29.82295959751008,3.045930200663455
"[0.11813145104337493, 0.6801727351059332, -0.9207773492573461, 0.47142007149812054]",29.823008974207045,3.045993033144851
"[0.11811679344284161, 0.6801780106318913, -0.9207805683377673, 0.47140921091244187]",29.823058354924008,3.046055865626248
"[0.11810213367160502, 0.6801832876648245, -0.9207837876460644, 0.471398347419757]",29.823107731982862,3.0461186981076445
"[0.11808747035718475, 0.6801885666993237, -0.9207870074833636, 0.4713874800021099]",29.823157100642828,3.046181530589041
"[0.11807280801654485, 0.6801938461095159, -0.9207902268576159, 0.47137661200668535]",29.823206473486778,3.046244363070438
"[0.11805814322538924, 0.6801991271286016, -0.9207934465205223, 0.47136574089500466]",29.823255841763924,3.0463071955518344
"[0.11804347815782561, 0.6802044089739742, -0.9207966659945581, 0.4713548682782525]",29.823305207329867,3.046370028033231
"[0.1180288087085683, 0.6802096931246784, -0.9207998861807248, 0.47134399111203734]",29.82335456883363,3.0464328605146274
"[0.11801414078124568, 0.6802149774544672, -0.9208031057828802, 0.4713331137733015]",29.823403929370592,3.0464956929960243
"[0.11799947117322131, 0.6802202631172735, -0.9208063255038672, 0.4713222338868951]",29.82345328977006,3.046558525477421
"[0.11798479884729114, 0.6802255504872649, -0.920809545571093, 0.4713113506828423]",29.82350264219969,3.0466213579588173
"[0.1179701275786098, 0.6802308382042342, -0.9208127651558787, 0.47130046696104094]",29.82355199872939,3.046684190440214
"[0.11795545253758372, 0.6802361280091791, -0.920815985317864, 0.4712895791381812]",29.823601351862116,3.0467470229216103
"[0.11794077740689819, 0.6802414185750176, -0.9208192052487328, 0.4712786899459257]",29.823650698805704,3.046809855403007
"[0.11792610138810745, 0.6802467101898069, -0.9208224251235175, 0.47126779879153263]",29.823700048146502,3.0468726878844037
"[0.11791142236869992, 0.6802520036156239, -0.9208256454054745, 0.4712569041066751]",29.82374938972887,3.0469355203658
"[0.11789674269088686, 0.6802572980082515, -0.9208288655805437, 0.4712460076290843]",29.823798731718853,3.046998352847197
"[0.11788206153037684, 0.6802625936652518, -0.9208320858293625, 0.4712351087464937]",29.82384807191779,3.0470611853285936
"[0.11786737853570346, 0.6802678907137698, -0.92083530622881, 0.47122420719740943]",29.823897406221,3.0471240178099905
"[0.11785269590131585, 0.6802731883623628, -0.9208385262974162, 0.47121330461079597]",29.82394674333781,3.0471868502913866
"[0.11783800949367002, 0.6802784881028384, -0.9208417469414948, 0.471202397916695]",29.823996073865956,3.0472496827727835
"[0.11782332295538823, 0.6802837886211105, -0.9208449673620174, 0.4711914898196298]",29.824045402585508,3.04731251525418
"[0.11780863510939521, 0.680289090342242, -0.9208481878169187, 0.4711805794450075]",29.82409472964424,3.0473753477355765
"[0.11779394585351055, 0.6802943933034342, -0.9208514083284063, 0.47116966671643673]",29.824144056248475,3.0474381802169734
"[0.11777925534031806, 0.6802996974499206, -0.9208546288628295, 0.4711587517467862]",29.82419337602263,3.04750101269837
"[0.11776456313365757, 0.680305002939528, -0.9208578495156002, 0.4711478342114555]",29.824242698681918,3.0475638451797664
"[0.11774986904630594, 0.6803103098402302, -0.9208610703275435, 0.47113691397073953]",29.82429201502689,3.047626677661163
"[0.11773517541035271, 0.6803156173100204, -0.9208642907873156, 0.471125992757432]",29.824341330384588,3.04768951014256
"[0.11772048022030603, 0.6803209260734956, -0.9208675113343113, 0.4711150690806567]",29.824390646862113,3.0477523426239563
"[0.11770578230368646, 0.6803262365546635, -0.9208707322252493, 0.471104142068146]",29.82443995474603,3.047815175105353
"[0.11769108251409809, 0.6803315484455797, -0.9208739532728217, 0.47109321235374846]",29.824489259941696,3.0478780075867498
"[0.1176763823357207, 0.6803368612101958, -0.920877174151628, 0.47108228104058086]",29.82453856717579,3.047940840068146
"[0.11766168152960381, 0.6803421749350839, -0.9208803949138654, 0.47107134795066374]",29.824587871504463,3.0480036725495427
"[0.11764697731003836, 0.6803474906275793, -0.9208836161696137, 0.47106041101157964]",29.82463717046559,3.0480665050309392
"[0.1176322732869168, 0.6803528069830368, -0.9208868371278419, 0.4710494729077902]",29.824686472440835,3.048129337512336
"[0.11761756882637865, 0.6803581242307737, -0.920890057927263, 0.4710385331676084]",29.824735767394966,3.0481921699937327
"[0.11760286035172714, 0.6803634436646017, -0.9208932793510571, 0.47102758912934034]",29.824785058229647,3.048255002475129
"[0.11758815042023867, 0.6803687643601973, -0.9208965008388617, 0.47101664269488946]",29.82483434991308,3.048317834956526
"[0.1175734424279617, 0.680374085089266, -0.9208997216468222, 0.471005696391369]",29.82488363939215,3.048380667437922
"[0.11755873066234376, 0.6803794079186439, -0.9209029430257121, 0.4709947459668554]",29.824932926186957,3.048443499919319
"[0.1175440177368046, 0.6803847319032229, -0.920906164403035, 0.47098379336586027]",29.824982211150765,3.048506332400716
"[0.11752930235377047, 0.680390057512956, -0.920909386062663, 0.4709728376217942]",29.82503148630024,3.048569164882112
"[0.11751458717238725, 0.680395383785781, -0.9209126074222331, 0.4709618807139654]",29.8250807672344,3.048631997363509
"[0.11749987121887662, 0.6804007110743159, -0.9209158286947786, 0.47095092191710436]",29.825130046441952,3.0486948298449055
"[0.11748515165635103, 0.6804060404059943, -0.9209190505010383, 0.47093995911788294]",29.825179318449262,3.048757662326302
"[0.11747043222293714, 0.6804113704277618, -0.9209222720225977, 0.47092899509979835]",29.825228587591575,3.048820494807699
"[0.11745571362973836, 0.680416700882189, -0.9209254931037153, 0.47091803039250013]",29.825277859936968,3.0488833272890954
"[0.11744098864477752, 0.6804220343889263, -0.9209287153267942, 0.4709070596076107]",29.82532712619939,3.048946159770492
"[0.11742626629592523, 0.680427367678412, -0.9209319367160648, 0.4708960894706661]",29.82537639248177,3.0490089922518884
"[0.11741153985979919, 0.680432703186471, -0.9209351587425008, 0.47088511497151636]",29.825425651546983,3.0490718247332853
"[0.11739681406911513, 0.6804380391987866, -0.9209383803703997, 0.47087413963649444]",29.825474912599784,3.049134657214682
"[0.11738208535129831, 0.6804433770102027, -0.9209416023811612, 0.4708631608024724]",29.825524167625606,3.0491974896960783
"[0.11736735690950821, 0.6804487154601903, -0.9209448240738712, 0.4708521808566035]",29.825573423299645,3.0492603221774752
"[0.11735262717948007, 0.6804540551159249, -0.9209480457905397, 0.47084119863247353]",29.825622678451015,3.0493231546588717
"[0.11733789465488532, 0.680459396523896, -0.9209512678603967, 0.4708302130063049]",29.82567192532706,3.049385987140268
"[0.11732316064846558, 0.6804647392085996, -0.9209544899960964, 0.470819224956264]",29.825721172203373,3.0494488196216647
"[0.11730842532958752, 0.680470083108955, -0.9209577121603976, 0.47080823460814764]",29.825770417427897,3.0495116521030616
"[0.11729369013631175, 0.6804754277036478, -0.920960934038678, 0.47079724303423914]",29.825819661465392,3.049574484584458
"[0.1172789523113534, 0.6804807739930812, -0.9209641562336269, 0.4707862481772995]",29.825868900226027,3.0496373170658546
"[0.11726421283479842, 0.6804861216221665, -0.9209673785307213, 0.4707752507677876]",29.825918138713533,3.0497001495472515
"[0.11724947213592782, 0.6804914704354926, -0.9209706008359043, 0.4707642511254823]",29.82596737088023,3.0497629820286476
"[0.11723473091370629, 0.6804968201796885, -0.9209738229962081, 0.47075324977158395]",29.826016606346602,3.0498258145100445
"[0.11721998866410023, 0.6805021710379121, -0.9209770451216338, 0.4707422463295907]",29.826065836860806,3.049888646991441
"[0.11720524321337222, 0.6805075237995879, -0.9209802676870388, 0.47073123917634413]",29.82611506302823,3.0499514794728375
"[0.11719049784878767, 0.6805128772717576, -0.9209834899737894, 0.4707202307651644]",29.826164289920914,3.0500143119542344
"[0.11717574899578868, 0.6805182327525858, -0.9209867127628099, 0.47070921842680713]",29.826213510407097,3.050077144435631
"[0.11716100122771925, 0.6805235885817408, -0.9209899350545784, 0.47069820557553543]",29.826262732412044,3.0501399769170274
"[0.11714625063489145, 0.6805289461793284, -0.920993157703159, 0.4706871892914302]",29.82631194927011,3.050202809398424
"[0.11713149999345253, 0.6805343045373573, -0.9209963801018236, 0.47067617164729875]",29.826361165771655,3.050265641879821
"[0.11711674660745022, 0.6805396646355002, -0.9209996028393196, 0.4706651506289502]",29.826410378772803,3.0503284743612173
"[0.11710199193023317, 0.6805450259461653, -0.9210028255979384, 0.4706541273213803]",29.826459588048632,3.050391306842614
"[0.11708723719885873, 0.6805503880200718, -0.9210060481073125, 0.47064310264848963]",29.826508797723996,3.0504541393240108
"[0.11707247959160705, 0.6805557518830292, -0.9210092709835074, 0.47063207450135525]",29.826558002406777,3.0505169718054073
"[0.11705772086499588, 0.6805611168970154, -0.9210124938426877, 0.47062104419194306]",29.826607204450884,3.0505798042868038
"[0.11704296319404559, 0.6805664822715043, -0.9210157162097644, 0.47061001334566716]",29.826656408472545,3.0506426367682002
"[0.11702819914555086, 0.6805718507094936, -0.9210189397075129, 0.470598976405591]",29.826705603192675,3.050705469249597
"[0.11701343813024534, 0.6805772187894613, -0.9210221622810305, 0.4705879404061804]",29.82675480084827,3.0507683017309937
"[0.11699867436305258, 0.6805825886153511, -0.9210253851931686, 0.4705769010221468]",29.82680399516519,3.05083113421239
"[0.11698390833557595, 0.6805879600088515, -0.9210286083363487, 0.4705658586202796]",29.826853185480605,3.050893966693787
"[0.11696914073763386, 0.680593332719448, -0.9210318315597608, 0.4705548137157838]",29.826902371186087,3.050956799175183
"[0.11695437186653981, 0.680598706639314, -0.9210350547983043, 0.4705437665305004]",29.82695155685872,3.05101963165658
"[0.11693960370140478, 0.6806040810484832, -0.9210382776199002, 0.4705327185445988]",29.82700073975485,3.0510824641379766
"[0.11692483181361485, 0.6806094575589545, -0.9210415009907832, 0.47052166644452326]",29.827049920421903,3.051145296619373
"[0.1169100589752097, 0.6806148351622778, -0.9210447243058082, 0.4705106123034937]",29.827099097463833,3.05120812910077
"[0.11689528568718235, 0.6806202136763089, -0.9210479474554939, 0.470499556496068]",29.827148273372053,3.0512709615821665
"[0.11688051120465427, 0.6806255933724844, -0.921051170602177, 0.470488498464447]",29.82719744839238,3.051333794063563
"[0.1168657345487746, 0.6806309746076167, -0.9210543939591743, 0.4704774374753974]",29.827246619424322,3.0513966265449595
"[0.11685095588439114, 0.6806363573220775, -0.9210576174902925, 0.47046637365166044]",29.827295787506024,3.0514594590263564
"[0.11683617693493754, 0.6806417408884889, -0.9210608408194109, 0.47045530828296517]",29.827344953013903,3.051522291507753
"[0.11682139697989175, 0.6806471255695293, -0.9210640641035133, 0.4704442408295411]",29.827394119479482,3.0515851239891494
"[0.1168066148528816, 0.6806525117905009, -0.92106728759675, 0.47043317041742516]",29.827443279556732,3.0516479564705463
"[0.11679183089692423, 0.680657899426845, -0.9210705112240806, 0.4704220973028262]",29.827492436901085,3.051710788951943
"[0.11677704657427594, 0.6806632879459706, -0.9210737346664696, 0.47041102258053413]",29.827541593823913,3.0517736214333393
"[0.11676225984142109, 0.6806686780930257, -0.9210769583692596, 0.4703999447192669]",29.827590749025685,3.051836453914736
"[0.11674747077887644, 0.6806740698391431, -0.9210801823146371, 0.4703888637785682]",29.82763989566211,3.0518992863961327
"[0.11673268241839693, 0.6806794620792681, -0.9210834058415163, 0.4703777820296674]",29.82768904542427,3.051962118877529
"[0.11671789225962474, 0.6806848557253035, -0.9210866294947573, 0.47036669759862487]",29.827738192913444,3.0520249513589257
"[0.11670309992597322, 0.6806902509150115, -0.9210898533561996, 0.4703556102025319]",29.827787334662027,3.0520877838403226
"[0.11668830652447287, 0.6806956472449986, -0.9210930771843554, 0.47034452067056987]",29.827836476215083,3.0521506163217187
"[0.11667351287555479, 0.6807010444162134, -0.9210963008002646, 0.4703334296174412]",29.82788561510061,3.0522134488031156
"[0.11665871522667619, 0.6807064437981466, -0.921099525021379, 0.47032233422908537]",29.827934751677805,3.052276281284512
"[0.1166439183378033, 0.6807118436543469, -0.9211027488103416, 0.47031123807398667]",29.827983884417094,3.0523391137659086
"[0.11662911985735964, 0.68071724484317, -0.9211059726793323, 0.47030013938844983]",29.828033015293123,3.0524019462473055
"[0.11661431929721043, 0.6807226475431808, -0.92110919673446, 0.4702890378057449]",29.82808214556991,3.052464778728702
"[0.11659951880085387, 0.6807280509722112, -0.9211124205086108, 0.4702779349332517]",29.828131271163095,3.0525276112100985
"[0.11658471521955467, 0.6807334562801698, -0.9211156446874126, 0.4702668284083397]",29.82818039446424,3.052590443691495
"[0.11656991057209339, 0.6807388627303713, -0.9211188688309343, 0.47025571974491664]",29.82822951466778,3.052653276172892
"[0.1165551038426305, 0.6807442706941526, -0.9211220931601856, 0.4702446081801814]",29.828278634321656,3.052716108654289
"[0.1165402983673884, 0.6807496789531909, -0.9211253169485112, 0.4702334962175191]",29.828327749619575,3.052778941135685
"[0.11652548836613857, 0.6807550896193094, -0.9211285414542921, 0.47022237951810797]",29.828376864252032,3.052841773617082
"[0.11651067894846608, 0.6807605008262085, -0.9211317655648036, 0.4702112619166329]",29.828425975013804,3.0529046060984784
"[0.11649586666663814, 0.6807659138339436, -0.9211349900304464, 0.4702001408244071]",29.828475082880935,3.052967438579875
"[0.11648105357703152, 0.6807713278914505, -0.921138214403335, 0.4701890177847085]",29.828524187720944,3.053030271061272
"[0.11646623913392885, 0.6807767431984697, -0.9211414388020639, 0.470177892387337]",29.82857328969956,3.0530931035426683
"[0.11645142340161284, 0.6807821597318388, -0.9211446632124336, 0.4701667646800612]",29.82862239374814,3.0531559360240648
"[0.11643660633276272, 0.6807875775091669, -0.9211478876445423, 0.4701556346268665]",29.828671489817186,3.0532187685054613
"[0.1164217880224902, 0.680792996496019, -0.9211511120774823, 0.4701445022986854]",29.828720586987224,3.053281600986858
"[0.11640696896028312, 0.680798416513664, -0.9211543364045559, 0.4701333680628457]",29.828769679968165,3.0533444334682547
"[0.11639214570279297, 0.6808038388219999, -0.9211575613746961, 0.4701222293313908]",29.828818769753497,3.053407265949651
"[0.11637732500408259, 0.6808092609506576, -0.9211607855183004, 0.4701110911792088]",29.82886785980855,3.053470098431048
"[0.11636249838057174, 0.6808146860037295, -0.9211640106806873, 0.47009994723006027]",29.828916943059017,3.053532930912444
"[0.1163476750159022, 0.6808201106212549, -0.9211672348639776, 0.4700888043860317]",29.828966028047276,3.053595763393841
"[0.11633284754973057, 0.680825537496948, -0.9211704596689385, 0.4700776571140369]",29.829015108499743,3.0536585958752376
"[0.11631801890378722, 0.6808309655619825, -0.9211736844598478, 0.4700665076097709]",29.829064185800913,3.0537214283566345
"[0.11630318911828204, 0.6808363948019412, -0.9211769092277635, 0.47005535590301645]",29.82911326300456,3.053784260838031
"[0.11628835704408683, 0.6808418256379195, -0.9211801342223355, 0.47004420112903805]",29.82916233312531,3.0538470933194275
"[0.11627352575057223, 0.6808472569462964, -0.9211833587760023, 0.47003304559587383]",29.82921140764881,3.0539099258008244
"[0.1162586929734459, 0.6808526895564455, -0.9211865833809038, 0.4700218876001812]",29.82926047651199,3.0539727582822205
"[0.11624385581196721, 0.6808581245313637, -0.9211898086673572, 0.47001072495892615]",29.829309539293437,3.0540355907636174
"[0.11622901898726597, 0.6808635601420874, -0.9211930336088436, 0.469999561223347]",29.829358602775162,3.054098423245014
"[0.11621418071500592, 0.680868997042559, -0.9211962585930373, 0.4699883950505277]",29.829407662751198,3.0541612557264104
"[0.11619934087062016, 0.6808744352787515, -0.9211994836468006, 0.46997722634621486]",29.82945672114241,3.0542240882078073
"[0.11618449892119534, 0.6808798750464006, -0.9212027088857039, 0.46996605470864505]",29.82950577298028,3.054286920689204
"[0.11616965848227853, 0.6808853150205287, -0.9212059335239181, 0.46995488285905146]",29.829554829785874,3.0543497531706003
"[0.1161548137050932, 0.6808907573454114, -0.9212091588321001, 0.46994370639399063]",29.829603878683095,3.054412585651997
"[0.11613996923223088, 0.6808962003194616, -0.9212123838013077, 0.46993252880809905]",29.829652928466526,3.0544754181333937
"[0.11612512179313206, 0.6809016451422129, -0.9212156091418633, 0.46992134763821475]",29.829701971113224,3.0545382506147902
"[0.11611027275204572, 0.680907091313842, -0.9212188345571485, 0.46991016391095947]",29.82975101368285,3.0546010830961867
"[0.11609542414845007, 0.6809125380865624, -0.9212220596039901, 0.4698989791620724]",29.82980005672133,3.0546639155775837
"[0.11608057351716872, 0.680917986364882, -0.9212252848176371, 0.46988779153432136]",29.829849092305743,3.0547267480589797
"[0.11606572016610488, 0.6809234364032233, -0.9212285103481263, 0.46987660050550717]",29.829898126152184,3.0547895805403766
"[0.11605086704117233, 0.6809288871209763, -0.9212317355555241, 0.4698654082947102]",29.829947161042757,3.054852413021773
"[0.11603601256467627, 0.6809343390973297, -0.9212349607822444, 0.4698542137128024]",29.829996189802866,3.05491524550317
"[0.11602115565479597, 0.6809397927297614, -0.921238186262932, 0.46984301594384503]",29.830045216881196,3.0549780779845666
"[0.11600629803174534, 0.6809452473871875, -0.9212414116239012, 0.4698318162838104]",29.830094243892717,3.055040910465963
"[0.11599143895997174, 0.6809507033399487, -0.9212446370246319, 0.46982061417779986]",29.830143263823143,3.05510374294736
"[0.11597657623815358, 0.6809561613968612, -0.9212478629426751, 0.46980940796540266]",29.830192282288557,3.055166575428756
"[0.11596171519391231, 0.6809616196016992, -0.9212510882215037, 0.46979820166318187]",29.830241299538635,3.055229407910153
"[0.11594685128558721, 0.6809670796227846, -0.9212543138466127, 0.4697869918460574]",29.830290312914,3.0552922403915495
"[0.11593198648848126, 0.6809725407349391, -0.9212575393890989, 0.4697757800030772]",29.830339327745186,3.055355072872946
"[0.11591712045888486, 0.6809780030647232, -0.9212607649233516, 0.46976456587457227]",29.83038833688785,3.055417905354343
"[0.11590225270405587, 0.6809834667935514, -0.9212639905560626, 0.4697533490882915]",29.830437342500822,3.0554807378357394
"[0.11588738390286314, 0.6809889316722839, -0.921267216139736, 0.4697421301558863]",29.830486350106632,3.055543570317136
"[0.11587251290957039, 0.6809943981224083, -0.9212704419226955, 0.46973090821227503]",29.830535349652052,3.0556064027985324
"[0.11585763984726803, 0.6809998660991375, -0.9212736678779847, 0.4697196833496171]",29.83058434870833,3.0556692352799293
"[0.11584276700079922, 0.6810053347627302, -0.9212768935098363, 0.46970845729192273]",29.83063334707337,3.0557320677613258
"[0.11582789149737431, 0.6810108051698212, -0.9212801194410963, 0.46969722787031726]",29.830682338980548,3.0557949002427223
"[0.11581301603401846, 0.6810162763289184, -0.9212833450866725, 0.4696859971202723]",29.830731331917075,3.055857732724119
"[0.1157981377620022, 0.6810217492881235, -0.921286571064079, 0.4696747628905154]",29.830780320539322,3.0559205652055157
"[0.11578325794219343, 0.6810272235840918, -0.9212897970996693, 0.46966352613236173]",29.830829307427575,3.055983397686912
"[0.11576837740198812, 0.6810326989127305, -0.9212930230138583, 0.4696522874701792]",29.830878291455914,3.0560462301683087
"[0.11575349619616662, 0.6810381752541199, -0.9212962487945949, 0.46964104694500836]",29.830927271399034,3.0561090626497056
"[0.11573861388054901, 0.6810436527719875, -0.9212994745379761, 0.46962980422095185]",29.830976252173496,3.056171895131102
"[0.11572372784468188, 0.6810491324276287, -0.921302700809545, 0.46961855732516017]",29.831025224699317,3.0562347276124986
"[0.11570884146797931, 0.6810546129775015, -0.9213059268766262, 0.46960730881019264]",29.831074198224673,3.0562975600938955
"[0.11569395440059284, 0.6810600945506171, -0.9213091528148681, 0.46959605841141]",29.831123171723736,3.0563603925752916
"[0.11567906466042305, 0.6810655778771965, -0.9213123790535493, 0.46958480463030244]",29.83117213979834,3.0564232250566885
"[0.11566417418433456, 0.6810710622443573, -0.9213156051727655, 0.4695735489301603]",29.83122110383797,3.056486057538085
"[0.11564928376887103, 0.6810765473589075, -0.9213188309997828, 0.46956229191285115]",29.83127006934012,3.0565488900194815
"[0.11563438881769367, 0.6810820349144567, -0.9213220575300795, 0.46955103010282784]",29.831319027121978,3.0566117225008784
"[0.11561949258593555, 0.681087523712341, -0.9213252840582297, 0.46953976596029523]",29.831367984611365,3.056674554982275
"[0.1156045978776301, 0.6810930127194661, -0.9213285099767489, 0.46952850160549064]",29.83141694179107,3.0567373874636714
"[0.1155897007452761, 0.6810985033907757, -0.9213317361404282, 0.469517234052777]",29.831465895117454,3.056800219945068
"[0.11557480236921609, 0.681103995291652, -0.921334962293406, 0.46950596419425844]",29.83151484605088,3.056863052426465
"[0.11555990095522832, 0.6811094890839241, -0.9213381888239587, 0.46949469067200067]",29.831563790348483,3.0569258849078613
"[0.115544998406858, 0.6811149840662796, -0.9213414153196584, 0.4694834149253655]",29.831612737074572,3.056988717389258
"[0.11553009447840919, 0.6811204803296432, -0.9213446418334893, 0.46947213676795796]",29.83166167699643,3.0570515498706547
"[0.11551519032795468, 0.6811259774471718, -0.9213478681145679, 0.469460857075787]",29.831710618035082,3.0571143823520512
"[0.11550028393704849, 0.6811314761636779, -0.9213510945996092, 0.46944957432074946]",29.831759554114992,3.0571772148334477
"[0.11548537626602659, 0.6811369761253077, -0.9213543210805122, 0.4694382892291112]",29.831808489482505,3.0572400473148447
"[0.11547046872521692, 0.6811424768119603, -0.9213575472518685, 0.46942700286818967]",29.83185742266489,3.057302879796241
"[0.11545555782669123, 0.6811479795110328, -0.921360773868273, 0.4694157125967007]",29.831906351292687,3.0573657122776376
"[0.11544064498059824, 0.6811534837026334, -0.9213640006243019, 0.469404419481555]",29.83195527806511,3.057428544759034
"[0.11542573245302062, 0.6811589885506651, -0.9213672270294376, 0.4693931252383879]",29.832004204879873,3.057491377240431
"[0.11541081780207829, 0.6811644949567899, -0.921370453611808, 0.46938182801742384]",29.832053124674427,3.0575542097218276
"[0.11539590079554338, 0.6811700030072294, -0.9213736804213848, 0.4693705276419946]",29.832102042145877,3.057617042203224
"[0.11538098377610606, 0.6811755118372665, -0.9213769069511982, 0.4693592258863385]",29.832150958892644,3.057679874684621
"[0.11536606399221243, 0.6811810224633944, -0.9213801337961879, 0.4693479206652356]",29.83219987180382,3.057742707166017
"[0.11535114577244264, 0.6811865332870795, -0.9213833600199951, 0.46933661525828285]",29.832248784824312,3.057805539647414
"[0.11533622100388392, 0.6811920473057664, -0.921386587376845, 0.4693253035164815]",29.832297688853146,3.0578683721288105
"[0.11532129839047735, 0.6811975613042242, -0.9213898139843177, 0.46931399203594726]",29.832346596541647,3.057931204610207
"[0.11530637454980057, 0.6812030765323384, -0.9213930405736566, 0.46930267825275607]",29.832395500749566,3.057994037091604
"[0.11529144872274018, 0.6812085932710382, -0.9213962673087516, 0.4692913615908227]",29.832444401215508,3.0580568695730004
"[0.11527652092455418, 0.6812141115151009, -0.9213994941860585, 0.46928004206105706]",29.832493299662104,3.058119702054397
"[0.11526159333215097, 0.6812196304600983, -0.9214027207348087, 0.4692687213137587]",29.83254219742422,3.0581825345357934
"[0.11524666142200923, 0.6812251517788882, -0.9214059479324909, 0.4692573959176875]",29.832591090000854,3.0582453670171903
"[0.1152317286990612, 0.6812306741760006, -0.9214091750213058, 0.46924606853037043]",29.832639976504712,3.058308199498587
"[0.11521679618645796, 0.6812361972732325, -0.9214124017799856, 0.4692347399277055]",29.83268886279236,3.0583710319799833
"[0.1152018620119501, 0.6812417217633243, -0.9214156286129204, 0.4692234086889533]",29.832737752503597,3.05843386446138
"[0.11518692609751277, 0.6812472476755131, -0.921418855536741, 0.4692120747543287]",29.832786633238033,3.0584966969427767
"[0.11517198851025195, 0.6812527749854057, -0.9214220825366999, 0.46920073817409436]",29.83283551384557,3.058559529424173
"[0.11515704958662486, 0.6812583035688567, -0.9214253095398898, 0.46918939920305514]",29.83288439228916,3.0586223619055697
"[0.1151421071208808, 0.6812638342426882, -0.9214285370225018, 0.46917805616617275]",29.83293326283861,3.0586851943869666
"[0.1151271656376959, 0.681269365332505, -0.9214317640070193, 0.4691667124976986]",29.83298213502126,3.058748026868363
"[0.11511222447732859, 0.6812748970825623, -0.9214349906358297, 0.46915536769678895]",29.83303100648991,3.0588108593497596
"[0.11509727816519144, 0.6812804315202633, -0.9214382180909196, 0.4691440176057785]",29.833079870026253,3.0588736918311565
"[0.11508233307022732, 0.681285966287707, -0.9214414449967482, 0.46913266706049467]",29.833128737783333,3.0589365243125526
"[0.11506738444730998, 0.6812915031425171, -0.9214446723776655, 0.46912131245663014]",29.833177596583486,3.0589993567939495
"[0.1150524362424178, 0.6812970406235115, -0.921447899381511, 0.46910995679087586]",29.833226454350886,3.059062189275346
"[0.1150374857074043, 0.6813025797490104, -0.9214511266013565, 0.4690985979751419]",29.833275310417136,3.0591250217567425
"[0.11502253434986241, 0.6813081199608393, -0.9214543537115408, 0.4690872371542507]",29.833324167740823,3.0591878542381394
"[0.11500757966165595, 0.6813136621888315, -0.9214575812531649, 0.46907587242168625]",29.833373014317033,3.059250686719536
"[0.11499262631817647, 0.6813192047005863, -0.921460808216978, 0.46906450733004423]",29.83342186558304,3.059313519200933
"[0.11497766994580305, 0.6813247491174618, -0.9214640355466285, 0.4690531385548406]",29.833470708013383,3.059376351682329
"[0.11496271134055207, 0.6813302951449189, -0.9214672630700563, 0.4690417667002731]",29.83351955061793,3.059439184163726
"[0.11494775316678266, 0.6813358417954023, -0.9214704902121966, 0.4690303937914457]",29.833568390986187,3.0595020166451223
"[0.11493279203013462, 0.6813413903279006, -0.921473717705152, 0.469019017247093]",29.833617229153404,3.059564849126519
"[0.11491782995069583, 0.6813469399936876, -0.921476945112882, 0.4690076386026043]",29.833666062621134,3.0596276816079158
"[0.11490286796060507, 0.6813524904101278, -0.9214801722125828, 0.4689962586426555]",29.83371489812343,3.0596905140893123
"[0.11488790314388676, 0.6813580426593017, -0.921483399632972, 0.46898487514885717]",29.833763726128122,3.0597533465707087
"[0.11487293677777097, 0.6813635962678333, -0.921486627098317, 0.4689734890919938]",29.833812553309986,3.0598161790521052
"[0.11485796781407483, 0.6813691516250697, -0.9214898548344148, 0.46896209967399344]",29.833861376219396,3.059879011533502
"[0.11484300012268826, 0.6813747072950989, -0.9214930820066076, 0.4689507098389253]",29.83391019833796,3.0599418440148987
"[0.11482802970966172, 0.6813802647606189, -0.9214963094758496, 0.46893931654721865]",29.83395901668292,3.060004676496295
"[0.1148130565086114, 0.6813858240468348, -0.9214995372561529, 0.4689279197474477]",29.834007832058447,3.060067508977692
"[0.11479808337648352, 0.6813913840933663, -0.9215027647314216, 0.4689165216136381]",29.834056645398444,3.060130341459088
"[0.11478310903991237, 0.6813969453732835, -0.9215059921759571, 0.46890512117614713]",29.83410545951945,3.060193173940485
"[0.11476813273213997, 0.6814025081717323, -0.9215092197547866, 0.46889371785063383]",29.834154266275906,3.0602560064218816
"[0.11475315477502415, 0.6814080723695846, -0.9215124473982981, 0.4688823118815154]",29.834203070303314,3.060318838903278
"[0.11473817485005453, 0.6814136380855879, -0.9215156751748804, 0.4688709030255864]",29.834251872267725,3.060381671384675
"[0.11472319475166866, 0.6814192046533256, -0.9215189026976766, 0.4688594926490712]",29.83430067511388,3.0604445038660715
"[0.11470821319526846, 0.6814247725504209, -0.9215221302432687, 0.4688480797731063]",29.834349472097504,3.0605073363474684
"[0.1146932303019602, 0.6814303417322187, -0.921525357785342, 0.4688366644894161]",29.83439826822084,3.0605701688288645
"[0.11467824578494626, 0.6814359123056924, -0.9215285853854488, 0.46882524657893176]",29.834447061948993,3.0606330013102614
"[0.11466325824567802, 0.6814414847912661, -0.9215318133445516, 0.46881382497518764]",29.834495848925386,3.0606958337916583
"[0.1146482703532632, 0.6814470581969313, -0.9215350410875512, 0.46880240171164134]",29.834544635219324,3.0607586662730544
"[0.11463328178754388, 0.681452632641977, -0.9215382686832182, 0.46879097654396545]",29.8345934198222,3.0608214987544513
"[0.11461828916253863, 0.6814582093861967, -0.921541496860402, 0.46877954689036694]",29.834642197288357,3.060884331235848
"[0.11460329732346419, 0.6814637866277306, -0.9215447245756022, 0.46876811644400207]",29.834690979934166,3.0609471637172443
"[0.11458830382014008, 0.681469365278297, -0.9215479523561715, 0.46875668333647086]",29.83473975428075,3.0610099961986412
"[0.11457330946779685, 0.6814749450349138, -0.9215511800263888, 0.468745248188911]",29.83478852838948,3.0610728286800377
"[0.11455831350054138, 0.6814805261828986, -0.9215544077509106, 0.46873381041676415]",29.83483729981182,3.061135661161434
"[0.1145433158354756, 0.6814861087535236, -0.9215576355473338, 0.46872236995616334]",29.83488606764419,3.0611984936428307
"[0.11452831583371285, 0.6814916929850506, -0.9215608635529001, 0.46871092631905376]",29.834934833330134,3.0612613261242276
"[0.11451331580180217, 0.6814972780191161, -0.9215640912710272, 0.46869948126464406]",29.834983597994505,3.061324158605624
"[0.11449831321559423, 0.6815028647958862, -0.9215673192446454, 0.4686880328664986]",29.835032355820783,3.0613869910870206
"[0.11448330860873467, 0.6815084531171424, -0.9215705473586556, 0.46867658153104585]",29.83508111355367,3.0614498235684175
"[0.11446830511078372, 0.6815140418175171, -0.9215737749395904, 0.4686651296464543]",29.835129868792045,3.0615126560498136
"[0.11445329759415743, 0.6815196328073703, -0.921577003090275, 0.4686536732983787]",29.835178620832938,3.0615754885312105
"[0.11443829045424875, 0.6815252244496333, -0.9215802308650031, 0.468642215841501]",29.83522737130068,3.061638321012607
"[0.11442328031930132, 0.6815308180009726, -0.9215834589887572, 0.468630754701069]",29.835276116221777,3.061701153494004
"[0.11440827145132705, 0.6815364118734125, -0.9215866865447434, 0.4686192931309998]",29.835324863146557,3.0617639859754004
"[0.11439325749159364, 0.6815420084373226, -0.9215899149001072, 0.46860782627474257]",29.835373602478786,3.061826818456797
"[0.1143782433540729, 0.6815476058615464, -0.921593142997928, 0.46859635788443016]",29.83542234137717,3.061889650938194
"[0.11436322770651353, 0.6815532046430076, -0.9215963711244581, 0.46858488694208245]",29.835471076081546,3.06195248341959
"[0.1143482107719733, 0.6815588046989218, -0.9215995992315104, 0.4685734136175259]",29.835519809308167,3.062015315900987
"[0.11433319399712505, 0.6815644054900187, -0.9216028270079265, 0.4685619390157626]",29.835568541320722,3.0620781483823833
"[0.11431817363198434, 0.6815700084153395, -0.9216060552594999, 0.4685504602707234]",29.83561726548216,3.06214098086378
"[0.11430315211258836, 0.6815756125666959, -0.9216092834623834, 0.46853897924325505]",29.835665991663845,3.0622038133451768
"[0.11428813036826566, 0.6815812175976348, -0.9216125114166704, 0.46852749664329446]",29.83571471361327,3.0622666458265733
"[0.1142731063923346, 0.6815868242572373, -0.9216157395533533, 0.46851601093644285]",29.83576343421228,3.0623294783079698
"[0.11425808129949717, 0.6815924321299164, -0.9216189676326786, 0.46850452297427103]",29.83581215124302,3.0623923107893662
"[0.11424305471376046, 0.6815980413563627, -0.9216221957351992, 0.4684930324687702]",29.835860864773462,3.062455143270763
"[0.11422802531343702, 0.6816036524303989, -0.9216254241445867, 0.46848153840855405]",29.835909575436457,3.0625179757521597
"[0.11421299530528009, 0.6816092645285927, -0.9216286523865618, 0.4684700424806227]",29.8359582824911,3.062580808233556
"[0.11419796414909382, 0.6816148778529222, -0.9216318805769562, 0.46845854427141004]",29.836006991030928,3.062643640714953
"[0.11418293213508221, 0.6816204922953097, -0.9216351086532388, 0.4684470440024789]",29.83605569447577,3.0627064731963496
"[0.11416789800403691, 0.6816261083264359, -0.921638336885591, 0.4684355407099118]",29.836104395702954,3.062769305677746
"[0.11415286324686384, 0.6816317253897354, -0.9216415649536457, 0.46842403553392226]",29.836153094197616,3.0628321381591426
"[0.11413782562693517, 0.6816373443212369, -0.9216447933373749, 0.4684125267623217]",29.836201785773262,3.0628949706405395
"[0.1141227866836882, 0.681642964546191, -0.9216480217060113, 0.4684010155725507]",29.836250479499416,3.062957803121936
"[0.11410774706063341, 0.6816485858244148, -0.9216512499212072, 0.4683895024567297]",29.836299169327813,3.0630206356033325
"[0.11409270569905844, 0.6816542085519279, -0.921654478210003, 0.46837798660393065]",29.836347856476475,3.0630834680847294
"[0.11407766267678654, 0.6816598327000718, -0.921657706555441, 0.4683664680730794]",29.8363965394508,3.0631463005661255
"[0.1140626196404129, 0.6816654576534953, -0.9216609346039579, 0.4683549481246095]",29.836445223274886,3.0632091330475224
"[0.114047573041057, 0.6816710847396376, -0.921664163116846, 0.4683434240401341]",29.83649390107654,3.063271965528919
"[0.1140325263317313, 0.6816767126675807, -0.9216673913529466, 0.46833189846362727]",29.836542577388098,3.0633347980103154
"[0.11401747727096723, 0.6816823422760394, -0.9216706197929416, 0.46832036967765495]",29.836591250144973,3.0633976304917123
"[0.11400242601803139, 0.6816879735059383, -0.9216738484023824, 0.4683088378034382]",29.836639920200568,3.063460462973109
"[0.11398737612063566, 0.6816936050301513, -0.9216770764200877, 0.46829730555887317]",29.836688587927462,3.0635232954545053
"[0.11397232407957866, 0.6816992381582722, -0.9216803045964163, 0.46828577026234425]",29.836737254876997,3.063586127935902
"[0.11395726861339948, 0.6817048733703938, -0.921683533205909, 0.46827423093094345]",29.836785915444402,3.0636489604172987
"[0.1139422123007476, 0.6817105097019008, -0.9216867616952809, 0.4682626895402318]",29.836834576121074,3.063711792898695
"[0.11392715452433451, 0.6817161473841523, -0.9216899901966957, 0.46825114561661096]",29.836883232662007,3.0637746253800917
"[0.11391209598850048, 0.6817217861537551, -0.9216932185589249, 0.468239599699598]",29.836931887742246,3.0638374578614886
"[0.11389703463678022, 0.6817274267812184, -0.9216964472225889, 0.4682280502117399]",29.836980536605566,3.063900290342885
"[0.11388197296470141, 0.681733068332324, -0.921699675652489, 0.468216499066099]",29.83702918585758,3.0639631228242816
"[0.11386691074464052, 0.6817387108925386, -0.9217029038972451, 0.46820494608783453]",29.837077832269713,3.064025955305678
"[0.11385184676130498, 0.6817443549174588, -0.9217061322171103, 0.46819339034431606]",29.837126477392456,3.064088787787075
"[0.11383677972740855, 0.6817500008899154, -0.9217093608876696, 0.4681818308472258]",29.83717511678398,3.0641516202684715
"[0.11382171176132408, 0.6817556480165662, -0.9217125894547157, 0.4681702692210743]",29.837223753704603,3.064214452749868
"[0.11380664349689441, 0.6817612960600993, -0.9217158177822541, 0.46815870595188297]",29.83727238890567,3.064277285231265
"[0.11379157279216266, 0.6817669458237453, -0.9217190463289632, 0.4681471393953927]",29.83732102020408,3.064340117712661
"[0.11377650170871928, 0.6817725965350154, -0.9217222746529631, 0.4681355711332946]",29.837369652768924,3.064402950194058
"[0.11376142750747534, 0.681778249221317, -0.9217255033407317, 0.46812399906247343]",29.837418277642048,3.0644657826754544
"[0.11374635307896021, 0.6817839027991447, -0.9217287317729086, 0.46811242540128034]",29.837466902280045,3.064528615156851
"[0.11373127777518441, 0.6817895575117324, -0.9217319600880961, 0.46810084965192683]",29.83751552428512,3.064591447638248
"[0.11371619808541143, 0.6817952146765291, -0.9217351890377938, 0.4680892691177377]",29.8375641401854,3.0646542801196444
"[0.11370112006112741, 0.6818008720236715, -0.9217384173259932, 0.4680776884454499]",29.837612757761736,3.064717112601041
"[0.11368603821494415, 0.6818065316123652, -0.9217416461273629, 0.46806610342002347]",29.837661369891247,3.0647799450824373
"[0.11367095733592208, 0.6818121916458604, -0.9217448744163985, 0.4680545177195704]",29.837709978917797,3.0648427775638343
"[0.11365587389850472, 0.6818178534475696, -0.9217481029476133, 0.46804292863529884]",29.837758589266105,3.064905610045231
"[0.11364078799714959, 0.6818235169826187, -0.9217513317004802, 0.46803133623887444]",29.83780718982679,3.0649684425266273
"[0.11362570190868698, 0.6818291813965881, -0.9217545601874754, 0.46801974227935617]",29.83785579428391,3.065031275008024
"[0.11361061392159913, 0.6818348473324132, -0.9217577887746617, 0.4680081454409623]",29.83790439194258,3.0650941074894207
"[0.113595524037096, 0.6818405147900888, -0.9217610174615164, 0.4679965457239315]",29.837952991213555,3.065156939970817
"[0.11358043214315659, 0.6818461838121418, -0.9217642462717421, 0.46798494304144966]",29.838001582313773,3.065219772452214
"[0.11356533882732325, 0.6818518541782911, -0.9217674750793854, 0.46797333784458023]",29.838050170868005,3.0652826049336106
"[0.1135502463141639, 0.6818575250529858, -0.9217707034083944, 0.467961731843545]",29.838098760249732,3.065345437415007
"[0.11353515020043219, 0.6818631980910754, -0.921773932200401, 0.4679501216517372]",29.838147346339735,3.0654082698964036
"[0.11352005432518962, 0.6818688718502706, -0.9217771606340489, 0.4679385102210958]",29.838195927897587,3.0654711023778005
"[0.11350495515693496, 0.6818745476582723, -0.9217803894643498, 0.4679268948346736]",29.83824450725468,3.065533934859197
"[0.11348985748116959, 0.6818802237164902, -0.921783617667761, 0.4679152791734177]",29.83829308489449,3.0655967673405935
"[0.1134747556501879, 0.6818859021485586, -0.9217868464516554, 0.46790365889164864]",29.838341660138017,3.0656595998219904
"[0.11345965142797962, 0.6818915822918842, -0.9217900754385385, 0.46789203534559204]",29.838390229651175,3.0657224323033865
"[0.11344454904321663, 0.6818972625563954, -0.9217933037242405, 0.4678804117892291]",29.83843879868795,3.0657852647847834
"[0.11342944327915128, 0.6819029449044747, -0.9217965324236969, 0.4678687842071054]",29.838487364950154,3.06584809726618
"[0.11341433535391295, 0.681908628878485, -0.9217997612762272, 0.46785715353593366]",29.83853592730805,3.0659109297475764
"[0.1133992283299856, 0.6819143133264911, -0.9218029896271323, 0.46784552213299796]",29.83858449005878,3.0659737622289733
"[0.11338411826393428, 0.6819199997326307, -0.9218062183189077, 0.46783388696166767]",29.83863304548197,3.06603659471037
"[0.11336900557769242, 0.6819256879387249, -0.9218094472610708, 0.4678222483458766]",29.838681601866956,3.0660994271917668
"[0.11335389142102542, 0.6819313775124901, -0.9218126762076914, 0.46781060717035183]",29.83873015002343,3.066162259673163
"[0.11333877795784876, 0.6819370676395475, -0.9218159046963044, 0.4677989651015128]",29.838778700570774,3.0662250921545597
"[0.11332366186981871, 0.6819427595695372, -0.9218191334355541, 0.4677873195827675]",29.83882724639807,3.0662879246359562
"[0.11330854446284586, 0.6819484528111707, -0.921822362146236, 0.46777567161950007]",29.838875787645556,3.0663507571173527
"[0.1132934260038983, 0.6819541472642554, -0.9218255907711079, 0.4677640214169005]",29.838924331162634,3.0664135895987497
"[0.11327830525825575, 0.6819598433942647, -0.9218288195735989, 0.467752368022878]",29.838972868204667,3.066476422080146
"[0.11326318558747103, 0.6819655399351116, -0.9218320478357162, 0.46774071402781625]",29.83902140406869,3.0665392545615426
"[0.1132480611249533, 0.6819712390975602, -0.9218352768097943, 0.46772905490915795]",29.839069935832857,3.066602087042939
"[0.11323293610260762, 0.6819769392875293, -0.9218385055920354, 0.4677173939282746]",29.8391184658447,3.066664919524336
"[0.11321781030356064, 0.6819826405870071, -0.9218417342285457, 0.4677057309176143]",29.839166992198734,3.0667277520057326
"[0.11320268256497074, 0.68198834343466, -0.9218449629673025, 0.46769406498000876]",29.83921551548617,3.066790584487129
"[0.11318755379384625, 0.6819940474889642, -0.9218481916144771, 0.4676823968143122]",29.839264038538943,3.066853416968526
"[0.1131724219108023, 0.6819997535343582, -0.921851420613567, 0.46767072481609073]",29.839312552732025,3.066916249449922
"[0.11315729062618034, 0.6820054601721062, -0.9218546491725812, 0.46765905184675727]",29.839361072099845,3.066979081931319
"[0.1131421570758844, 0.6820111684826419, -0.9218578779024356, 0.46764737569644366]",29.839409583196407,3.0670419144127155
"[0.11312702137756636, 0.682016878422094, -0.9218611067777408, 0.4676356964551345]",29.839458090625296,3.067104746894112
"[0.11311188593044424, 0.6820225890856546, -0.9218643352864685, 0.4676240159737282]",29.83950660110857,3.067167579375509
"[0.1130967468737146, 0.6820283019304372, -0.9218675642519032, 0.4676123312720919]",29.83955510187872,3.0672304118569054
"[0.11308160846883027, 0.6820340153487336, -0.9218707927648903, 0.4676006456387441]",29.839603605873553,3.0672932443383023
"[0.11306646724822635, 0.6820397306495675, -0.9218740215647281, 0.467588956396536]",29.8396521052468,3.0673560768196984
"[0.11305132401056849, 0.6820454475320034, -0.9218772504808039, 0.4675772641612101]",29.839700597021775,3.0674189093010953
"[0.11303618033848596, 0.682051165398915, -0.9218804791754356, 0.4675655701542172]",29.839749090980803,3.0674817417824918
"[0.11302103442333952, 0.6820568849335669, -0.921883708033996, 0.4675538729783751]",29.839797580026314,3.0675445742638883
"[0.11300588740336953, 0.6820626057065219, -0.9218869368135851, 0.4675421735121387]",29.839846067392834,3.067607406745285
"[0.11299073968050165, 0.6820683275662872, -0.9218901654283146, 0.46753047206552006]",29.83989455378967,3.0676702392266817
"[0.11297559013726698, 0.6820740509353274, -0.9218933941161339, 0.46751876777476503]",29.839943034022248,3.067733071708078
"[0.1129604379264953, 0.6820797761342025, -0.9218966230573046, 0.4675070599845726]",29.839991511086033,3.0677959041894747
"[0.11294528778546471, 0.682085501373146, -0.9218998512421409, 0.4674953523550947]",29.84003999045104,3.0678587366708716
"[0.11293013194699009, 0.6820912295878173, -0.9219030803254086, 0.46748363888338224]",29.84008846171137,3.067921569152268
"[0.11291497499050056, 0.6820969590481044, -0.9219063093310551, 0.4674719231076011]",29.84013693218489,3.0679844016336646
"[0.11289981921599135, 0.6821026888847292, -0.9219095377689464, 0.4674602068054164]",29.840185399334796,3.0680472341150615
"[0.11288466023540977, 0.6821084207569622, -0.9219127665735982, 0.4674484865841602]",29.840233862267027,3.0681100665964576
"[0.11286950018549274, 0.6821141538573663, -0.9219159952896077, 0.467436764095084]",29.840282324773014,3.0681728990778545
"[0.11285433836138357, 0.6821198884528626, -0.9219192240668551, 0.4674250387926128]",29.840330783113437,3.068235731559251
"[0.11283917592122993, 0.6821256241057625, -0.921922452658479, 0.4674133115718789]",29.840379241868945,3.068298564040648
"[0.11282401089224904, 0.6821313615627377, -0.9219256814842999, 0.46740158090644046]",29.840427692175176,3.0683613965220444
"[0.11280884555841837, 0.6821370999600589, -0.9219289100577885, 0.4673898485624666]",29.840476143963862,3.068424229003441
"[0.11279367654983825, 0.6821428405733335, -0.9219321390960923, 0.46737811193217443]",29.84052459085791,3.068487061484838
"[0.11277850844877217, 0.6821485816688052, -0.9219353676235423, 0.46736637456042074]",29.840573035590815,3.068549893966234
"[0.11276333795337352, 0.6821543244964873, -0.9219385963427378, 0.4673546338917971]",29.840621478199598,3.068612726447631
"[0.11274816578253025, 0.6821600687847144, -0.9219418251004016, 0.467342890481932]",29.840669915604085,3.0686755589290273
"[0.11273299215441995, 0.6821658144512935, -0.9219450538498506, 0.4673311444990814]",29.84071835078363,3.068738391410424
"[0.11271781628734176, 0.6821715617926817, -0.9219482827571507, 0.4673193953374294]",29.840766785173393,3.0688012238918208
"[0.11270264019605403, 0.6821773100461754, -0.9219515113934094, 0.4673076445563315]",29.840815215009393,3.0688640563732172
"[0.1126874630434736, 0.6821830595291254, -0.9219547399365091, 0.46729589150724915]",29.840863642585116,3.0689268888546137
"[0.11267228146066688, 0.6821888115183391, -0.9219579691027844, 0.46728413358039833]",29.84091206747143,3.0689897213360102
"[0.11265710179967578, 0.6821945636075243, -0.9219611975409036, 0.4672723756948131]",29.840960489842725,3.069052553817407
"[0.11264191906528384, 0.6822003176897864, -0.9219644263130674, 0.46726061398095964]",29.84100890655828,3.0691153862988036
"[0.11262673672754747, 0.6822060724503635, -0.9219676546810988, 0.4672488511264897]",29.84105732513982,3.0691782187802
"[0.11261155101967857, 0.6822118293174141, -0.9219708834457239, 0.467237084212425]",29.84110573723368,3.069241051261597
"[0.11259636444000068, 0.6822175873443517, -0.9219741120754569, 0.46722531517383503]",29.84115414847352,3.069303883742993
"[0.11258117579932753, 0.6822233469824355, -0.921977340822875, 0.46721354308857965]",29.841202555373254,3.06936671622439
"[0.11256598654525908, 0.6822291076830926, -0.921980569380015, 0.46720176907809124]",29.841250961241954,3.069429548705787
"[0.11255079488916593, 0.6822348701250716, -0.9219837981268135, 0.4671899917553211]",29.841299361972588,3.0694923811871835
"[0.11253560254620258, 0.682240633658211, -0.921987026698483, 0.4671782124493112]",29.84134776065508,3.06955521366858
"[0.11252040683266203, 0.6822463993010611, -0.9219902556650812, 0.4671664290785859]",29.841396156772795,3.0696180461499765
"[0.11250521111403106, 0.6822521657771449, -0.9219934843111947, 0.4671546442521734]",29.841444547559586,3.0696808786313734
"[0.11249001370558175, 0.6822579337260712, -0.9219967129945714, 0.467142856663103]",29.841492940426463,3.06974371111277
"[0.11247481590582344, 0.6822637026552765, -0.9219999414391411, 0.4671310673181486]",29.841541327770653,3.0698065435941664
"[0.11245961510754726, 0.682269473554911, -0.9220031701984718, 0.46711927419411386]",29.841589711115518,3.0698693760755633
"[0.11244441309789568, 0.6822752457469732, -0.9220063988926798, 0.4671074786767614]",29.84163809256785,3.0699322085569594
"[0.11242920975233442, 0.6822810192791057, -0.922009627547981, 0.4670956806689385]",29.84168647103176,3.0699950410383563
"[0.11241400618698674, 0.6822867937277337, -0.9220128559271459, 0.4670838810363878]",29.841734849192502,3.070057873519753
"[0.11239880017955205, 0.6822925699372753, -0.9220160845018287, 0.4670720780538165]",29.84178322125384,3.0701207060011493
"[0.11238359167467159, 0.6822983479293099, -0.9220193132834734, 0.4670602716773915]",29.84183159033157,3.070183538482546
"[0.11236838097738128, 0.6823041275884896, -0.9220225422070143, 0.46704846214307066]",29.841879956172722,3.0702463709639427
"[0.11235317116169549, 0.6823099077470273, -0.9220257706197076, 0.4670366518371596]",29.84192832032155,3.070309203445339
"[0.1123379596944628, 0.6823156893677973, -0.9220289990590579, 0.4670248387924245]",29.841976684516663,3.0703720359267357
"[0.1123227460238195, 0.6823214726610368, -0.9220322276419111, 0.46701302257955796]",29.84202504341914,3.0704348684081326
"[0.11230752972873101, 0.6823272577873178, -0.9220354564573161, 0.46700120287072805]",29.842073397207088,3.070497700889529
"[0.11229231279700887, 0.6823330439913294, -0.9220386850832059, 0.46698938120936784]",29.84212174998869,3.0705605333709256
"[0.11227709574584141, 0.682338831076617, -0.92204191340967, 0.466977557997007]",29.84217010029789,3.0706233658523225
"[0.11226187714446628, 0.6823446195875895, -0.922045141740041, 0.46696573212158443]",29.842218452068042,3.070686198333719
"[0.11224665434454915, 0.6823504105321879, -0.9220483706357717, 0.4669539015241743]",29.842266791460485,3.0707490308151155
"[0.11223143179977689, 0.6823562022166445, -0.9220515991519155, 0.46694206966529384]",29.84231513062157,3.070811863296512
"[0.11221620857797625, 0.6823619949958081, -0.9220548274860059, 0.4669302358201789]",29.842363472410597,3.070874695777909
"[0.11220098225116895, 0.6823677897940424, -0.9220580561526602, 0.46691839810072033]",29.84241180545128,3.0709375282593054
"[0.1121857557379335, 0.6823735855010225, -0.922061284532748, 0.46690655877533616]",29.842460137565695,3.071000360740702
"[0.11217052614034587, 0.6823793832202188, -0.9220645132404367, 0.46689471559011453]",29.84250846510083,3.071063193222099
"[0.11215529613873258, 0.6823851819316857, -0.9220677417072292, 0.4668828706287493]",29.842556792532584,3.071126025703495
"[0.11214006527282144, 0.6823909818109415, -0.9220709700304941, 0.46687102353290183]",29.8426051195692,3.071188858184892
"[0.1121248323154127, 0.6823967833256941, -0.9220741984700981, 0.46685917334742755]",29.842653439180708,3.0712516906662883
"[0.11210959611758703, 0.6824025869140898, -0.9220774272692184, 0.46684731917763456]",29.842701756304432,3.071314523147685
"[0.11209436124005967, 0.6824083908392402, -0.9220806554611435, 0.4668354645714238]",29.842750071230146,3.0713773556290818
"[0.11207912455513991, 0.6824141962928691, -0.922083883708446, 0.46682360709483733]",29.842798386377513,3.0714401881104783
"[0.112063884388758, 0.6824200039134081, -0.9220871123654916, 0.466811745444168]",29.84284669327963,3.0715030205918747
"[0.11204864257101935, 0.682425813004045, -0.9220903410442446, 0.4667998810428901]",29.84289499707735,3.0715658530732712
"[0.11203340111670174, 0.6824316227971273, -0.9220935693177233, 0.4667880154590076]",29.842943301787162,3.071628685554668
"[0.11201815878729439, 0.6824374337649531, -0.9220967974480818, 0.46677614772808856]",29.842991605729857,3.0716915180360647
"[0.11200291271870681, 0.6824432469999692, -0.9221000260415906, 0.4667642756193002]",29.84303990045892,3.071754350517461
"[0.11198766507439137, 0.6824490616778521, -0.9221032546397773, 0.46675240081639585]",29.843088193186073,3.071817182998858
"[0.11197241860032903, 0.6824548767516071, -0.9221064826610298, 0.4667405254577162]",29.84313648813607,3.0718800154802546
"[0.11195716759137116, 0.6824606943976333, -0.9221097113129916, 0.4667286450989174]",29.843184774884975,3.071942847961651
"[0.11194191735280337, 0.6824665125926443, -0.9221129394722501, 0.4667167638720451]",29.843233062044202,3.0720056804430476
"[0.11192666560742248, 0.6824723322056399, -0.9221161676206634, 0.46670488000269594]",29.843281347488922,3.0720685129244445
"[0.11191140955332393, 0.6824781543063733, -0.922119396350932, 0.466692991306682]",29.843329623329858,3.072131345405841
"[0.11189615433525407, 0.6824839769319279, -0.9221226245739716, 0.46668110179250755]",29.84337790134536,3.0721941778872375
"[0.11188089822267643, 0.6824898007429573, -0.9221258526558344, 0.4666692101112881]",29.843426177884254,3.0722570103686344
"[0.11186563940739384, 0.682495626430182, -0.9221290809788445, 0.4666573148528843]",29.843474445990733,3.0723198428500305
"[0.11185037788691493, 0.6825014539951502, -0.9221323095431991, 0.4666454160144141]",29.843522712344875,3.0723826753314274
"[0.11183511730617962, 0.6825072820463457, -0.9221355375776001, 0.46663351643728973]",29.843570979944285,3.072445507812824
"[0.11181985357022023, 0.6825131121479909, -0.9221387659480171, 0.46662161292792814]",29.843619239261077,3.0725083402942204
"[0.1118045889787132, 0.6825189434221887, -0.922141994167768, 0.466609707279005]",29.843667498319896,3.0725711727756173
"[0.11178932349955041, 0.6825247758815026, -0.92214522224343, 0.46659779946506064]",29.84371575753848,3.072634005257014
"[0.11177405499697969, 0.6825306103424167, -0.9221484506263499, 0.466585887819372]",29.843764009938933,3.0726968377384103
"[0.11175878781829746, 0.6825364451440145, -0.9221516783971214, 0.46657397573305603]",29.84381226396401,3.072759670219807
"[0.11174351703121252, 0.6825422821716628, -0.922154906598292, 0.46656205935723427]",29.843860509935904,3.0728225027012037
"[0.11172824383220091, 0.682548120968681, -0.9221581349765768, 0.46655013962452574]",29.843908753591233,3.0728853351826
"[0.11171296983791884, 0.6825539609174543, -0.9221613631899932, 0.4665382177959994]",29.84395699362441,3.0729481676639967
"[0.11169769432821404, 0.6825598022936783, -0.9221645913905143, 0.4665262933090519]",29.844005233099814,3.0730110001453936
"[0.11168241777959936, 0.6825656449155006, -0.9221678194771975, 0.4665143665351253]",29.84405346879386,3.07307383262679
"[0.11166714037937119, 0.6825714887115959, -0.922171047410247, 0.4665024376200126]",29.84410170248442,3.0731366651081866
"[0.11165186072923974, 0.6825773342172425, -0.9221742754848455, 0.466490505471281]",29.84414993387639,3.073199497589583
"[0.11163657988940387, 0.6825831810272823, -0.9221775034767388, 0.4664785709161952]",29.844198159541435,3.07326233007098
"[0.11162129572877721, 0.6825890299576487, -0.9221807318358011, 0.46646663228952767]",29.844246382271105,3.0733251625523765
"[0.11160601288945819, 0.6825948792322301, -0.9221839595812936, 0.4664546932168138]",29.844294604522815,3.073387995033773
"[0.11159072568334386, 0.6826007310284621, -0.9221871879142912, 0.4664427492538662]",29.844342819844226,3.07345082751517
"[0.1115754390086716, 0.6826065834718282, -0.9221904158001052, 0.4664308042269673]",29.844391037383616,3.073513659996566
"[0.11156015182031351, 0.6826124369626022, -0.9221936434592646, 0.4664188573192927]",29.844439251280885,3.073576492477963
"[0.1115448609054053, 0.6826182927315021, -0.9221968715698201, 0.4664069060192161]",29.844487460011276,3.07363932495936
"[0.11152956720869443, 0.682624150417429, -0.9222000999319516, 0.46639495106403445]",29.844535664775552,3.073702157440756
"[0.11151427539476409, 0.6826300082340192, -0.9222033275608186, 0.4663829960997131]",29.844583869335953,3.073764989922153
"[0.11149898056732165, 0.6826358680571296, -0.9222065554896843, 0.46637103729806806]",29.844632070563506,3.0738278224035493
"[0.11148368358248818, 0.682641729559356, -0.9222097835375357, 0.46635907532755855]",29.844680264415306,3.0738906548849463
"[0.11146838705599409, 0.6826475917386936, -0.9222130111521749, 0.4663471122332321]",29.844728461082692,3.0739534873663428
"[0.11145308754563187, 0.6826534559146875, -0.9222162390596768, 0.46633514532247566]",29.844776651806146,3.0740163198477393
"[0.1114377863432966, 0.6826593215927123, -0.9222194669871626, 0.46632317560493075]",29.84482483983328,3.074079152329136
"[0.11142248356851461, 0.6826651887273747, -0.9222226949091515, 0.46631120317346075]",29.844873025661524,3.0741419848105322
"[0.11140717958318819, 0.6826710571803094, -0.9222259227490537, 0.4662992283106333]",29.844921206518226,3.074204817291929
"[0.1113918745845753, 0.6826769268762158, -0.9222291504650334, 0.46628725117030867]",29.84496938991009,3.0742676497733257
"[0.11137656796881938, 0.6826827980470593, -0.9222323781841935, 0.46627527127937907]",29.845017566240543,3.074330482254722
"[0.1113612589100032, 0.6826886710101328, -0.922235606080402, 0.4662632879906741]",29.84506573561929,3.074393314736119
"[0.11134594873581556, 0.6826945452565515, -0.9222388338734416, 0.4662513023427691]",29.845113907866697,3.0744561472175156
"[0.11133063683890718, 0.6827004210197412, -0.922242061691104, 0.466239313859615]",29.845162075986345,3.074518979698912
"[0.11131532349940111, 0.682706298192627, -0.9222452894740742, 0.46622732275990864]",29.845210238502016,3.0745818121803086
"[0.11130000935613736, 0.6827121765303722, -0.9222485170874622, 0.4662153295433955]",29.845258401067742,3.0746446446617055
"[0.11128469478121521, 0.6827180558904028, -0.9222517444526441, 0.46620333450114154]",29.845306562309506,3.074707477143102
"[0.11126937649268437, 0.6827239375331857, -0.9222549722609553, 0.4661913350618053]",29.84535471660259,3.0747703096244985
"[0.1112540576634673, 0.682729820240952, -0.9222581998435091, 0.4661793337100794]",29.845402867920324,3.0748331421058954
"[0.11123873759816666, 0.6827357042810552, -0.9222614273466028, 0.46616732990073223]",29.845451018466484,3.0748959745872915
"[0.11122341361362269, 0.6827415906846102, -0.9222646553351723, 0.4661553215305033]",29.845499161804312,3.0749588070686884
"[0.11120808941148211, 0.6827474780302092, -0.9222678830291692, 0.46614331149934946]",29.845547304554263,3.075021639550085
"[0.11119276568094154, 0.6827533660532108, -0.9222711102832789, 0.4661313003472779]",29.84559544713865,3.075084472031482
"[0.11117743842803675, 0.6827592562886754, -0.9222743379383888, 0.46611928494310295]",29.8456435833187,3.0751473045128783
"[0.11116211098312685, 0.6827651474572222, -0.9222775652928987, 0.466107267896862]",29.84569171903706,3.075210136994275
"[0.11114678128417836, 0.6827710403517642, -0.9222807927807499, 0.46609524759135207]",29.84573985169448,3.0752729694756717
"[0.11113145041638556, 0.6827769345555906, -0.9222840201731924, 0.46608322487682075]",29.84578798056083,3.075335801957068
"[0.1111161194980213, 0.6827828296390097, -0.922287247234615, 0.46607120062990653]",29.845836105648868,3.0753986344384647
"[0.11110078453763007, 0.6827887271373414, -0.9222904748048927, 0.46605917171927286]",29.845884229400387,3.075461466919861
"[0.11108544762489948, 0.6827946262475929, -0.9222937024438469, 0.46604713978305573]",29.84593234504852,3.0755242994012577
"[0.11107011181247704, 0.6828005257958399, -0.9222969295088614, 0.46603510721578906]",29.84598046508711,3.0755871318826546
"[0.11105477138194059, 0.6828064279823614, -0.9223001572029669, 0.46602306953008243]",29.84602857590347,3.075649964364051
"[0.11103943157753976, 0.6828123307899413, -0.9223033844224562, 0.46601103084036294]",29.84607668577667,3.0757127968454476
"[0.11102409003972202, 0.6828182351267935, -0.9223066116635394, 0.4659989892945227]",29.846124795539147,3.075775629326844
"[0.11100874627909808, 0.682824141181756, -0.9223098390288704, 0.4659869445076919]",29.846172897443015,3.075838461808241
"[0.11099340130285529, 0.682830048567598, -0.9223130663063234, 0.4659748972698326]",29.846221000615564,3.0759012942896375
"[0.11097805401210117, 0.6828359577078122, -0.9223162937267334, 0.4659628467175328]",29.846269098637286,3.075964126771034
"[0.11096270674826263, 0.682841867701231, -0.9223195207974799, 0.4659507946887595]",29.846317193675365,3.076026959252431
"[0.11094735808262661, 0.6828477790983147, -0.922322747818768, 0.46593874006117614]",29.846365285108764,3.0760897917338275
"[0.11093200741202772, 0.6828536921318081, -0.9223259749171372, 0.46592668236040324]",29.846413377540408,3.076152624215224
"[0.11091665377894293, 0.6828596071711209, -0.9223292022935552, 0.46591462083342966]",29.846461460955414,3.0762154566966204
"[0.11090129968109466, 0.6828655232544502, -0.9223324294227162, 0.4659025574417406]",29.84650954322788,3.0762782891780174
"[0.11088594357117337, 0.6828714409783542, -0.9223356566295907, 0.4658904909691182]",29.84655762349529,3.076341121659414
"[0.11087058650095113, 0.6828773599379299, -0.9223388836928766, 0.4658784222414097]",29.84660570109449,3.0764039541408104
"[0.11085522845283935, 0.6828832801402678, -0.9223421106160468, 0.46586635124435377]",29.846653776885017,3.0764667866222073
"[0.11083986829290438, 0.6828892020229034, -0.9223453376370875, 0.46585427708607674]",29.846701848069884,3.0765296191036033
"[0.1108245060134874, 0.682895125589308, -0.922348564757302, 0.4658421997597649]",29.84674991525831,3.0765924515850003
"[0.1108091439853539, 0.68290104992565, -0.9223517914784445, 0.4658301211287956]",29.84679798125182,3.0766552840663968
"[0.11079377897307859, 0.6829069762800554, -0.9223550184798472, 0.46581803864869414]",29.846846043000255,3.0767181165477933
"[0.1107784123858281, 0.6829129041095455, -0.9223582454652366, 0.4658059534267411]",29.8468941028594,3.07678094902919
"[0.11076304420623352, 0.6829188334212506, -0.922361472437991, 0.4657938654486375]",29.84694215834963,3.0768437815105867
"[0.11074767578451349, 0.6829247636945475, -0.9223646991143701, 0.46578177577597013]",29.846990208688638,3.076906613991983
"[0.1107323038710342, 0.6829306961838579, -0.9223679261763633, 0.4657696818516781]",29.84703825898919,3.0769694464733797
"[0.11071693138957807, 0.6829366297613128, -0.9223711530098728, 0.46575758597528943]",29.847086306308263,3.0770322789547766
"[0.11070155782951922, 0.6829425646243094, -0.9223743797218654, 0.46574548774459895]",29.847134349594274,3.077095111436173
"[0.11068618206093533, 0.6829485012094733, -0.9223776065492256, 0.46573338626977706]",29.84718238879688,3.0771579439175696
"[0.11067080612737819, 0.6829544387281627, -0.9223808330628388, 0.46572128315866124]",29.8472304275242,3.0772207763989665
"[0.11065542630176499, 0.6829603786201144, -0.9223840600445034, 0.46570917547673163]",29.84727846005293,3.077283608880363
"[0.110640047237533, 0.6829663190885377, -0.9223872865175698, 0.46569706688674584]",29.847326494890567,3.0773464413617595
"[0.11062466690929859, 0.6829722609159931, -0.9223905129067722, 0.46568495579377167]",29.847374525181564,3.077409273843156
"[0.11060928257229165, 0.68297820516342, -0.9223937397875631, 0.4656728400355771]",29.847422546451785,3.077472106324553
"[0.11059389758433685, 0.682984150534017, -0.922396966455299, 0.4656607222556602]",29.847470568594204,3.0775349388059494
"[0.11057851290783043, 0.6829900966560478, -0.9224001927079682, 0.46564860321184004]",29.847518590237687,3.077597771287346
"[0.11056312441030308, 0.6829960451271574, -0.9224034194118913, 0.4656364796481358]",29.847566606424135,3.077660603768743
"[0.11054773436629098, 0.6830019950687306, -0.9224066460897885, 0.4656243533555462]",29.847614616888645,3.0777234362501393
"[0.11053234470410755, 0.6830079457355269, -0.922409872337168, 0.4656122258530984]",29.847662629814472,3.077786268731536
"[0.11051695173088773, 0.683013898555862, -0.9224130989279277, 0.4656000942301071]",29.84771063432179,3.0778491012129328
"[0.11050155612972479, 0.6830198532662334, -0.922416325718516, 0.46558795902388966]",29.847758636979478,3.077911933694329
"[0.11048616198231681, 0.6830258082881848, -0.9224195518532383, 0.4655758234513985]",29.847806639592196,3.0779747661757257
"[0.11047076466715298, 0.6830317654097925, -0.922422778300398, 0.46556368386896285]",29.847854635133192,3.0780375986571222
"[0.11045536694207016, 0.6830377235645338, -0.9224260044818142, 0.46555154245022234]",29.847902631012353,3.0781004311385187
"[0.11043996618283577, 0.6830436837683116, -0.9224292309470431, 0.4655393971252352]",29.84795062141881,3.0781632636199157
"[0.11042456480814648, 0.6830496450855488, -0.9224324571890772, 0.46552724980071597]",29.8479986111584,3.078226096101312
"[0.11040916236974471, 0.6830556076900501, -0.9224356833015946, 0.46551510012270153]",29.848046597193317,3.0782889285827086
"[0.11039375757077245, 0.683061572084304, -0.9224389095559522, 0.46550294706753964]",29.848094578924805,3.078351761064105
"[0.11037835262315364, 0.6830675374123015, -0.9224421354886422, 0.46549079237967644]",29.848142559415454,3.078414593545502
"[0.11036294286569984, 0.6830735054795745, -0.9224453620754339, 0.4654786323805064]",29.848190533699707,3.0784774260268986
"[0.11034753455946605, 0.6830794738617205, -0.9224485880050702, 0.4654664720100219]",29.84823850711989,3.078540258508295
"[0.11033212504404055, 0.6830854435894065, -0.9224518138343797, 0.4654543091684409]",29.848286479668758,3.078603090989692
"[0.11031671050803353, 0.6830914161398686, -0.922455040360865, 0.46544214084632607]",29.848334445002717,3.0786659234710885
"[0.11030129760545275, 0.6830973889353839, -0.9224582661914459, 0.46542997229571237]",29.848382407786854,3.078728755952485
"[0.110285882360061, 0.6831033635170417, -0.9224614921581367, 0.4654178003770687]",29.84843036941275,3.0787915884338815
"[0.11027046626662781, 0.6831093393059439, -0.9224647179478507, 0.4654056262700194]",29.84847832805809,3.0788544209152784
"[0.11025504702989113, 0.6831153171923074, -0.9224679440405654, 0.465393448161238]",29.848526282794737,3.078917253396675
"[0.11023962661056971, 0.6831212964165183, -0.9224711700257346, 0.46538126759848014]",29.8485742306727,3.0789800858780714
"[0.1102242048730706, 0.6831272770315279, -0.9224743959314734, 0.4653690844740996]",29.848622178764153,3.0790429183594683
"[0.11020878278613647, 0.683133258661962, -0.9224776215549175, 0.4653568995529758]",29.848670127024686,3.0791057508408644
"[0.11019335758405084, 0.6831392423809923, -0.9224808474742496, 0.46534471064924543]",29.84871806701335,3.0791685833222613
"[0.11017793082512951, 0.6831452275846834, -0.9224840733632468, 0.4653325189934139]",29.848766006663272,3.079231415803658
"[0.11016250301180196, 0.6831512140784927, -0.9224872991165906, 0.4653203249819858]",29.848813941430887,3.0792942482850543
"[0.11014707435012534, 0.6831572017827872, -0.9224905246909662, 0.46530812877737426]",29.84886187575209,3.079357080766451
"[0.11013164428008701, 0.6831631909152612, -0.9224937502032081, 0.4652959299363835]",29.84890980602575,3.0794199132478477
"[0.11011621104153889, 0.6831691821596708, -0.9224969760209331, 0.4652837270666024]",29.84895773212455,3.0794827457292446
"[0.11010077628456817, 0.6831751748759982, -0.9225002017989197, 0.4652715214718816]",29.849005655095972,3.0795455782106407
"[0.11008534097812545, 0.683181168688392, -0.9225034273344216, 0.4652593139179565]",29.849053573131954,3.0796084106920376
"[0.1100699046823624, 0.6831871637679438, -0.9225066527191362, 0.46524710405656117]",29.849101493814366,3.079671243173434
"[0.11005446875047029, 0.6831931595893259, -0.9225098776701292, 0.4652348929577794]",29.84914941003579,3.0797340756548306
"[0.11003902534664926, 0.6831991591969987, -0.9225131038240801, 0.46522267442161086]",29.849197317783048,3.0797969081362275
"[0.11002358444413861, 0.6832051587170396, -0.9225163290972264, 0.46521045633779834]",29.84924522437753,3.079859740617624
"[0.11000814112710919, 0.6832111600596396, -0.9225195545162138, 0.46519823481637834]",29.84929313013499,3.0799225730990205
"[0.10999269639029871, 0.683217162838738, -0.9225227798729858, 0.46518601064381476]",29.849341031280048,3.079985405580417
"[0.10997725039118895, 0.6832231669935249, -0.9225260051343952, 0.46517378394417436]",29.849388930477687,3.080048238061814
"[0.10996180202228228, 0.6832291729549734, -0.9225292305314061, 0.4651615538400849]",29.849436824920268,3.0801110705432104
"[0.10994635326272167, 0.6832351799540498, -0.922532455650538, 0.46514932189779057]",29.849484718804757,3.080173903024607
"[0.1099309030531365, 0.6832411884029949, -0.9225356807127162, 0.4651370872780609]",29.84953260937431,3.080236735506004
"[0.10991544935068674, 0.6832471990968375, -0.9225389061440225, 0.46512484836231927]",29.849580491964648,3.0802995679874
"[0.10989999701790262, 0.6832532101446566, -0.9225421309293294, 0.46511260900106005]",29.849628378356734,3.080362400468797
"[0.10988454025445228, 0.6832592238032383, -0.9225453562788488, 0.46510036459937965]",29.849676255520087,3.0804252329501933
"[0.10986908315507847, 0.6832652384800498, -0.9225485813377998, 0.4650881184001233]",29.849724130615343,3.08048806543159
"[0.10985362390641261, 0.6832712548811001, -0.9225518064842759, 0.465075868966055]",29.849772006171182,3.0805508979129868
"[0.10983816508728828, 0.6832772720030414, -0.9225550311800602, 0.46506361834017573]",29.849819878030445,3.0806137303943832
"[0.10982270356659796, 0.6832832910650087, -0.9225582560780398, 0.4650513640406235]",29.849867745013164,3.08067656287578
"[0.10980723839511317, 0.6832893124372325, -0.9225614813758141, 0.46503910531396314]",29.849915605565677,3.0807393953571762
"[0.10979177457418661, 0.683295334172803, -0.9225647060300901, 0.46502684612407486]",29.849963470866182,3.080802227838573
"[0.10977630673941077, 0.6833013583610412, -0.9225679311592458, 0.4650145822176888]",29.850011326707286,3.0808650603199697
"[0.10976084003644539, 0.6833073829983244, -0.9225711556901086, 0.4650023176739891]",29.850059180450373,3.080927892801366
"[0.10974537003502056, 0.6833134098106899, -0.9225743805460693, 0.46499004897943963]",29.850107031980116,3.080990725282763
"[0.10972989805737064, 0.6833194382836444, -0.9225776054511426, 0.464977777181692]",29.85015487799294,3.0810535577641596
"[0.10971442719681616, 0.6833254672121518, -0.9225808297603737, 0.4649655047339489]",29.85020272753428,3.081116390245556
"[0.10969895103519221, 0.6833314990978714, -0.922584054811069, 0.464953226544123]",29.850250566210878,3.0811792227269525
"[0.10968347700961496, 0.6833375310426131, -0.9225872790531372, 0.46494094851187356]",29.850298407046374,3.0812420552083495
"[0.10966799900682085, 0.6833435654296895, -0.9225905037601441, 0.464928665786151]",29.850346242282324,3.081304887689746
"[0.10965252065420467, 0.6833496008454655, -0.9225937281760237, 0.46491638124465057]",29.85039407560037,3.0813677201711425
"[0.10963704065760323, 0.6833556377949067, -0.9225969525701344, 0.4649040938597737]",29.85044190465359,3.0814305526525394
"[0.1096215573982567, 0.6833616769098649, -0.9226001772793221, 0.4648918023457446]",29.850489728102108,3.0814933851339354
"[0.10960607445821276, 0.6833677167936464, -0.9226034015572692, 0.46487950954554474]",29.85053755379957,3.0815562176153324
"[0.10959058887429804, 0.6833737586025399, -0.9226066260208016, 0.4648672131060276]",29.850585372774425,3.0816190500967293
"[0.10957510262525517, 0.6833798015649801, -0.9226098502576118, 0.4648549145977566]",29.850633190195065,3.081681882578126
"[0.1095596139034744, 0.6833858463867626, -0.9226130746437647, 0.4648426125845582]",29.850681002883288,3.0817447150595223
"[0.10954412448417569, 0.6833918923755075, -0.9226162988094208, 0.46483030847576456]",29.85072881397607,3.081807547540919
"[0.10952863302931196, 0.6833979400539019, -0.9226195230328321, 0.4648180012078997]",29.85077661910142,3.0818703800223157
"[0.10951314002595978, 0.6834039892322764, -0.9226227472123276, 0.46480569116721004]",29.850824423245786,3.081933212503712
"[0.10949764707159153, 0.683410039287199, -0.9226259710152437, 0.46479337962257666]",29.850872227004995,3.0819960449851087
"[0.10948215065839112, 0.6834160915889554, -0.9226291951712003, 0.46478106378580103]",29.850920024690797,3.0820588774665056
"[0.1094666520771991, 0.6834221456340354, -0.9226324194112632, 0.46476874468178164]",29.85096781635848,3.0821217099479017
"[0.10945115342323238, 0.6834282006043912, -0.9226356432992991, 0.4647564239753677]",29.851015610100074,3.0821845424292986
"[0.10943565331942266, 0.6834342570382869, -0.9226388671215378, 0.4647441005714805]",29.85106339888606,3.082247374910695
"[0.10942015083059506, 0.6834403153016443, -0.922642091072173, 0.4647317737258348]",29.85111118337613,3.0823102073920916
"[0.1094046462626957, 0.6834463752754592, -0.9226453150872502, 0.46471944368085655]",29.851158962727087,3.0823730398734885
"[0.10938914071870104, 0.6834524365290637, -0.9226485389371397, 0.4647071113130566]",29.85120674055983,3.082435872354885
"[0.10937363543655362, 0.6834584985787662, -0.9226517623642582, 0.4646947776067492]",29.851254520868455,3.0824987048362815
"[0.10935812654345077, 0.683464562939164, -0.9226549861734412, 0.46468243948062543]",29.851302290361158,3.082561537317678
"[0.10934261505862652, 0.6834706292124182, -0.9226582101524324, 0.4646700977444318]",29.85135005667119,3.082624369799075
"[0.10932710311843376, 0.6834766965634741, -0.9226614338569223, 0.4646577540973224]",29.85139782231925,3.0826872022804714
"[0.10931159112487618, 0.6834827648353082, -0.922664657203178, 0.46464540885893263]",29.851445587344937,3.082750034761868
"[0.10929607536153918, 0.6834888354822678, -0.9226678809631538, 0.4646330590708119]",29.851493345316875,3.082812867243265
"[0.10928056041250875, 0.6834949067112369, -0.9226711041841221, 0.46462070838102953]",29.85154110273482,3.0828756997246614
"[0.10926504223679379, 0.6835009801038907, -0.9226743277053403, 0.4646083535722138]",29.85158885763496,3.082938532206058
"[0.10924952279125529, 0.6835070548949287, -0.9226775511199866, 0.4645959962014673]",29.851636605413407,3.0830013646874543
"[0.10923400102271769, 0.6835131314970768, -0.92268077464651, 0.46458363542948145]",29.851684350436663,3.0830641971688513
"[0.1092184794348087, 0.6835192089305527, -0.9226839977647122, 0.464571273249516]",29.851732096078564,3.0831270296502478
"[0.10920295643230847, 0.6835252878202364, -0.9226872208056339, 0.4645589083906926]",29.851779839420495,3.0831898621316443
"[0.10918742873815654, 0.6835313694501417, -0.9226904444493007, 0.46454653824157344]",29.851827571467734,3.083252694613041
"[0.1091719010775504, 0.6835374519701631, -0.9226936677143946, 0.46453416656560487]",29.851875306074447,3.0833155270944372
"[0.10915637363406887, 0.6835435353085332, -0.922696890562647, 0.46452179350891487]",29.851923037291634,3.083378359575834
"[0.10914084166575407, 0.6835496213236031, -0.9227001139779634, 0.4645094152920404]",29.851970764253004,3.0834411920572307
"[0.10912531101726679, 0.6835557077256714, -0.9227033367470874, 0.4644970365722173]",29.852018489406866,3.083504024538627
"[0.10910977722455628, 0.6835617962644904, -0.922706559796126, 0.46448465379094145]",29.85206620847952,3.083566857020024
"[0.10909424257909164, 0.683567886042449, -0.9227097826493091, 0.4644722687740527]",29.85211392800074,3.0836296895014206
"[0.10907870512939294, 0.6835739778250364, -0.9227130057111936, 0.46445987996500815]",29.852161641284248,3.083692521982817
"[0.10906316606612104, 0.6835800711459864, -0.9227162287344607, 0.46444748831233723]",29.852209352599115,3.0837553544642136
"[0.10904762677850369, 0.6835861654608729, -0.9227194514307263, 0.464435094923425]",29.852257059870713,3.0838181869456105
"[0.10903208453330089, 0.6835922618420895, -0.922722674366551, 0.46442269761770977]",29.85230476429296,3.083881019427007
"[0.10901654267847823, 0.6835983589768125, -0.9227258968474149, 0.46441029906512665]",29.852352467317985,3.0839438519084035
"[0.10900099758298244, 0.6836044582899197, -0.9227291196259179, 0.4643978963684103]",29.852400165990858,3.0840066843898004
"[0.10898545093043235, 0.683610559121435, -0.9227323423526647, 0.46438549086990877]",29.852447858813132,3.084069516871197
"[0.10896990484967178, 0.6836166606362118, -0.9227355645861518, 0.4643730842680116]",29.852495553887834,3.0841323493525934
"[0.10895435424007961, 0.683622764836654, -0.9227387873832688, 0.46436067249137714]",29.85254324093603,3.08419518183399
"[0.10893880340501211, 0.6836288700340916, -0.9227420098518285, 0.46434825897388243]",29.85259092591392,3.084258014315387
"[0.10892325266078182, 0.6836349761045674, -0.9227452319260936, 0.46433584396776983]",29.852638611308873,3.0843208467967833
"[0.10890769594458223, 0.6836410854293412, -0.9227484548618825, 0.4643234226317229]",29.85268628337479,3.08438367927818
"[0.1088921420003729, 0.6836471945749995, -0.9227516768473911, 0.4643110019467336]",29.85273396432396,3.0844465117595767
"[0.10887658409268852, 0.6836533061873177, -0.9227548992776496, 0.4642985765337977]",29.8527816368157,3.084509344240973
"[0.10886102500550904, 0.6836594191732883, -0.9227581215756665, 0.4642861486154003]",29.852829303157446,3.0845721767223697
"[0.10884546548421307, 0.6836655332403747, -0.9227613435868429, 0.4642737187864905]",29.85287697037662,3.084635009203766
"[0.10882990369706032, 0.6836716491087645, -0.9227645656902169, 0.4642612855831788]",29.85292463344459,3.0846978416851627
"[0.10881433904189618, 0.6836777670157325, -0.9227677880101064, 0.46424884852341086]",29.852972292732765,3.0847606741665596
"[0.10879877494140268, 0.6836838856163173, -0.9227710098376646, 0.46423641034157936]",29.853019948852207,3.084823506647956
"[0.10878320832117343, 0.6836900061194865, -0.9227742318090593, 0.46422396858026377]",29.85306760254789,3.0848863391293526
"[0.10876763935582415, 0.6836961284571842, -0.922777453887798, 0.46421152337811017]",29.853115251153422,3.084949171610749
"[0.1087520695826355, 0.6837022520253414, -0.9227806757554451, 0.4641990759632988]",29.853162898339257,3.085012004092146
"[0.10873649951237274, 0.6837083766233463, -0.9227838973060923, 0.4641866267438146]",29.853210541157843,3.0850748365735425
"[0.10872092588165037, 0.6837145035353851, -0.9227871192146436, 0.4641741731096179]",29.853258182310213,3.085137669054939
"[0.10870535240242352, 0.6837206313016113, -0.9227903407128558, 0.4641617180282908]",29.853305819564216,3.085200501536336
"[0.10868977662555039, 0.6837267608860025, -0.9227935623071183, 0.46414925954067]",29.85335345230729,3.0852633340177325
"[0.1086741977124952, 0.6837328926192714, -0.9227967841704775, 0.46413679697494814]",29.85340107988188,3.085326166499129
"[0.10865861756179736, 0.683739025754679, -0.9228000059099766, 0.4641243318491051]",29.85344870865145,3.0853889989805254
"[0.1086430376308291, 0.6837451597188228, -0.9228032272240342, 0.4641118653287566]",29.85349633364469,3.0854518314619224
"[0.1086274558035162, 0.6837512953451309, -0.9228064485499388, 0.464099395720271]",29.853543952357246,3.085514663943319
"[0.10861187240328787, 0.6837574325067325, -0.922809669820523, 0.4640869232817609]",29.853591569741422,3.0855774964247153
"[0.10859628677439534, 0.6837635714623799, -0.922812891171027, 0.4640744474876387]",29.853639185157334,3.0856403289061123
"[0.10858069893213812, 0.6837697122066209, -0.9228161125979489, 0.4640619683492841]",29.85368679579361,3.0857031613875083
"[0.10856511036157353, 0.6837758541548663, -0.9228193337940981, 0.4640494870549486]",29.853734402357443,3.0857659938689053
"[0.10854951970302146, 0.6837819978432309, -0.9228225550401663, 0.464037002515401]",29.85378200738631,3.085828826350302
"[0.10853392748857862, 0.6837881430625573, -0.9228257762259001, 0.4640245151559589]",29.853829606207093,3.0858916588316982
"[0.10851833214278764, 0.6837942904343493, -0.9228289976764261, 0.46401202371399625]",29.853877200589356,3.085954491313095
"[0.10850273740846542, 0.6838004384836587, -0.9228322186183432, 0.4639995311868426]",29.853924796546167,3.0860173237944917
"[0.10848714298364437, 0.6838065873296266, -0.922835439113879, 0.46398703733255325]",29.85397238879734,3.086080156275888
"[0.108471544762801, 0.6838127385915376, -0.9228386600105851, 0.46397453886117146]",29.854019976974293,3.086142988757285
"[0.10845594451565388, 0.6838188915721786, -0.9228418809426414, 0.46396203718966356]",29.854067560105168,3.0862058212386816
"[0.10844034263419658, 0.6838250461174421, -0.9228451018288033, 0.4639495326314218]",29.854115139129462,3.0862686537200785
"[0.10842473953791991, 0.6838312020622774, -0.9228483225821905, 0.4639370255220402]",29.85416271865217,3.0863314862014746
"[0.10840913604106789, 0.6838373590857574, -0.9228515430344923, 0.46392451651376787]",29.854210294115447,3.0863943186828715
"[0.10839352842746497, 0.6838435186548336, -0.9228547639523604, 0.4639120026265492]",29.854257863655718,3.086457151164268
"[0.10837792142734735, 0.6838496789031856, -0.922857984359321, 0.46389948765229405]",29.854305433659928,3.0865199836456645
"[0.1083623118835277, 0.6838558410773496, -0.9228612049065892, 0.46388696905881377]",29.85435299695234,3.0865828161270614
"[0.10834670038322726, 0.6838620049460795, -0.922864425472669, 0.4638744473161851]",29.854400556280957,3.086645648608458
"[0.10833108875637204, 0.6838681697872415, -0.9228676456797998, 0.4638619238916442]",29.854448116240984,3.0867084810898544
"[0.10831547479384349, 0.6838743364735452, -0.9228708659834017, 0.4638493970125566]",29.854495673383358,3.086771313571251
"[0.10829985722855955, 0.6838805055061621, -0.9228740866443955, 0.4638368656612222]",29.854543220111903,3.086834146052648
"[0.1082842415374503, 0.6838866747219896, -0.9228773065330906, 0.4638243342318298]",29.854590768929928,3.0868969785340443
"[0.10826862240674227, 0.6838928462206302, -0.9228805267449297, 0.46381179845970805]",29.854638314957686,3.086959811015441
"[0.10825300207479938, 0.6838990191182416, -0.9228837468180782, 0.4637992601404529]",29.854685856276536,3.0870226434968377
"[0.1082373789261514, 0.6839051940537592, -0.9228869670852359, 0.4637867179765477]",29.85473339298445,3.087085475978234
"[0.10822175690870167, 0.6839113694671368, -0.9228901867324129, 0.46377417513689145]",29.854780930482946,3.0871483084596307
"[0.10820613011258484, 0.683917547695051, -0.9228934069773035, 0.4637616268757484]",29.85482846022526,3.087211140941027
"[0.10819050435804377, 0.6839237264369177, -0.9228966266202017, 0.46374907786598996]",29.85487599203385,3.087273973422424
"[0.10817487485788199, 0.6839299075861163, -0.9228998466472162, 0.4637365242624224]",29.854923512377802,3.0873368059038206
"[0.10815924567971376, 0.6839360895344488, -0.9229030662200293, 0.46372396933146887]",29.854971035293154,3.087399638385217
"[0.10814361381107367, 0.6839422734738658, -0.9229062859589331, 0.463711410652645]",29.855018553283873,3.087462470866614
"[0.10812798142008495, 0.6839484585471255, -0.9229095054170551, 0.4636988499671494]",29.85506606927894,3.08752530334801
"[0.10811234614483517, 0.683954645689218, -0.9229127250805225, 0.4636862853764678]",29.85511357772582,3.087588135829407
"[0.1080967093149927, 0.6839608343745398, -0.9229159446751846, 0.46367371794827095]",29.855161088463294,3.0876509683108035
"[0.10808107105997189, 0.6839670245523227, -0.9229191641741035, 0.4636611477859176]",29.855208593935146,3.0877138007922
"[0.10806543144396923, 0.6839732161975618, -0.9229223835637881, 0.4636485749404216]",29.85525609407887,3.087776633273597
"[0.10804979031462487, 0.683979409371032, -0.92292560287531, 0.4636359992886456]",29.85530359318247,3.0878394657549935
"[0.1080341470572773, 0.6839856043166074, -0.9229288222348688, 0.463623420335658]",29.855351087615297,3.08790229823639
"[0.10801850329163713, 0.6839918003932784, -0.9229320413088523, 0.46361083938329417]",29.85539858012633,3.0879651307177864
"[0.10800285719982382, 0.6839979983214721, -0.9229352604710551, 0.4635982549689889]",29.855446069510865,3.0880279631991834
"[0.10798720998864762, 0.684004197623642, -0.9229384794728627, 0.463585668062654]",29.855493552808838,3.08809079568058
"[0.10797156063537089, 0.6840103987054376, -0.9229416985243822, 0.4635730778409203]",29.85554103606691,3.0881536281619764
"[0.10795590948865989, 0.6840166014292436, -0.9229449175535638, 0.46356048458348903]",29.855588511597237,3.0882164606433733
"[0.10794025924673792, 0.6840228047259787, -0.9229481360052436, 0.4635478904610907]",29.85563599134894,3.0882792931247693
"[0.10792460283010767, 0.6840290114023962, -0.9229513553349352, 0.46353528977569236]",29.855683458138504,3.0883421256061663
"[0.10790894798656515, 0.684035218387627, -0.9229545739491577, 0.4635226887620258]",29.855730928809837,3.0884049580875628
"[0.10789329048654633, 0.6840414273589276, -0.922957792717283, 0.46351008401524174]",29.85577839250528,3.0884677905689597
"[0.10787763212110105, 0.6840476376065511, -0.9229610112708084, 0.4634974769764622]",29.855825853743028,3.088530623050356
"[0.1078619726160563, 0.6840538492395964, -0.9229642296658358, 0.46348486742444445]",29.855873314834753,3.0885934555317527
"[0.10784630959849006, 0.6840600631999236, -0.9229674483897017, 0.46347225344753196]",29.85592076648047,3.0886562880131496
"[0.10783064589180454, 0.684066278367965, -0.9229706668618654, 0.46345963731867684]",29.855968217771327,3.0887191204945457
"[0.10781498063782212, 0.6840724950846149, -0.9229738852583955, 0.4634470183461393]",29.856015667118907,3.0887819529759426
"[0.10779931436757385, 0.684078713139545, -0.9229771034699173, 0.46343439695710226]",29.856063110970897,3.088844785457339
"[0.10778364621410441, 0.6840849328772967, -0.9229803216742347, 0.4634217724524774]",29.856110555799845,3.0889076179387356
"[0.1077679756299765, 0.6840911545157503, -0.9229835399834478, 0.4634091443903197]",29.856157990367603,3.0889704504201325
"[0.1077523026021931, 0.6840973780606844, -0.922986758399863, 0.46339651275921856]",29.856205423087225,3.089033282901529
"[0.10773663123942105, 0.6841036018808586, -0.9229899760795647, 0.46338388087022564]",29.856252857458756,3.0890961153829255
"[0.1077209553628823, 0.6841098284305751, -0.922993194290911, 0.463371243742329]",29.85630028266392,3.089158947864322
"[0.10770527998470567, 0.6841160557195292, -0.9229964120045927, 0.46335860541525714]",29.85634770849533,3.089221780345719
"[0.10768960212859445, 0.6841222849304701, -0.9229996298313039, 0.46334596348885115]",29.85639512984115,3.0892846128271154
"[0.10767392210421373, 0.6841285159409537, -0.9230028477071317, 0.4633333182119141]",29.856442548244,3.089347445308512
"[0.10765824087463645, 0.6841347483687528, -0.9230060654341252, 0.4633206703604158]",29.85648996343577,3.089410277789909
"[0.107642558447199, 0.6841409822113469, -0.923009283010509, 0.46330801993971565]",29.856537371955163,3.089473110271305
"[0.1076268727899645, 0.6841472182770221, -0.9230125008528274, 0.46329536530985466]",29.856584777507926,3.089535942752702
"[0.10761118835698955, 0.6841534547953629, -0.9230157180470964, 0.46328271006370764]",29.856632186395036,3.0895987752340983
"[0.1075954984024599, 0.684159694449242, -0.923018935976673, 0.46327004875744937]",29.85667958261864,3.0896616077154953
"[0.10757981099438156, 0.684165934030583, -0.9230221529865585, 0.46325738790106613]",29.856726985173445,3.0897244401968917
"[0.10756411982092941, 0.6841721760501857, -0.9230253703708852, 0.46324472240006853]",29.856774377834036,3.0897872726782882
"[0.10754842618109409, 0.6841784199920166, -0.9230285878628951, 0.46323205330185774]",29.856821767303245,3.089850105159685
"[0.10753273256718397, 0.684184664864904, -0.9230318049513352, 0.46321938261781387]",29.856869154824054,3.089912937641081
"[0.10751703871971659, 0.6841909107722954, -0.9230350216892108, 0.4632067101382221]",29.856916542053035,3.089975770122478
"[0.10750133899311405, 0.6841971599617837, -0.9230382392332702, 0.4631940313032454]",29.856963920152772,3.090038602603875
"[0.10748564126486461, 0.6842034092982906, -0.9230414559687568, 0.4631813524738457]",29.857011299709132,3.090101435085271
"[0.10746993890254611, 0.6842096614226522, -0.9230446732544805, 0.4631686682924909]",29.857058669434974,3.090164267566668
"[0.10745423819503816, 0.6842159138313053, -0.9230478898016086, 0.46315598383861806]",29.857106041048265,3.0902271000480646
"[0.10743853457705968, 0.6842221683425477, -0.9230511065451854, 0.4631432954236018]",29.857153406582725,3.090289932529461
"[0.10742282832339237, 0.6842284248476306, -0.9230543234285293, 0.46313060326840416]",29.85720076973601,3.090352765010858
"[0.10740712256979501, 0.6842346820978064, -0.9230575398091271, 0.4631179099065113]",29.85724813440433,3.0904155974922545
"[0.10739141402887882, 0.6842409414031977, -0.9230607563599286, 0.46310521268048843]",29.857295492535524,3.090478429973651
"[0.10737570241640845, 0.6842472028777333, -0.9230639731387413, 0.4630925113595455]",29.8573428422179,3.0905412624550475
"[0.10735999119393395, 0.684253465142362, -0.9230671894365553, 0.463079808741356]",29.85739019087718,3.0906040949364444
"[0.1073442777975058, 0.6842597292193676, -0.9230704057779987, 0.4630671027525012]",29.857437539149522,3.090666927417841
"[0.10732856249599783, 0.6842659950021197, -0.9230736221076975, 0.46305439360956946]",29.857484880606133,3.0907297598992374
"[0.1073128446917912, 0.6842722627294714, -0.9230768385476119, 0.46304168082839003]",29.85753221977208,3.0907925923806343
"[0.10729712837759192, 0.6842785308095447, -0.9230800542804655, 0.4630289676379675]",29.85757956112869,3.090855424862031
"[0.10728140784058617, 0.6842848015211912, -0.9230832704748768, 0.4630162494164962]",29.857626890118116,3.0909182573434273
"[0.10726568568625111, 0.6842910738258325, -0.9230864865973962, 0.4630035282707638]",29.85767422076621,3.090981089824824
"[0.10724996402153528, 0.6842973468831945, -0.9230897022168003, 0.4629908059051821]",29.857721548290574,3.0910439223062207
"[0.10723423834530994, 0.6843036224897644, -0.9230929182534064, 0.462978078676585]",29.857768868898045,3.091106754787617
"[0.10721851135822569, 0.6843098995684652, -0.9230961341545206, 0.4629653487696713]",29.857816187568133,3.0911695872690137
"[0.10720278321281895, 0.6843161780588273, -0.9230993498886734, 0.4629526163073281]",29.857863502416546,3.0912324197504106
"[0.10718705281395709, 0.6843224583984994, -0.9231025656794604, 0.4629398804022986]",29.857910813429086,3.0912952522318067
"[0.10717132357201556, 0.6843287392261874, -0.9231057808294653, 0.4629271438153728]",29.85795812592088,3.0913580847132036
"[0.10715559062472488, 0.6843350224838533, -0.9231089963322846, 0.4629144026087924]",29.858005431561537,3.0914209171946
"[0.1071398565992393, 0.6843413071229107, -0.9231122116506123, 0.46290165890920515]",29.85805273411325,3.0914837496759966
"[0.10712411876741076, 0.6843475942336874, -0.9231154273415855, 0.4628889105060162]",29.858100030493404,3.0915465821573935
"[0.10710838204570493, 0.68435388185255, -0.9231186424003379, 0.4628761613811667]",29.858147325550927,3.09160941463879
"[0.10709264263851775, 0.6843601714963269, -0.9231218576020883, 0.4628634084592507]",29.858194617668698,3.0916722471201865
"[0.10707690051961585, 0.6843664631762127, -0.9231250729517938, 0.46285065171793693]",29.858241905292488,3.091735079601583
"[0.10706115834951732, 0.684372755829297, -0.9231282879057523, 0.4628378933125902]",29.85828918966621,3.09179791208298
"[0.1070454151580423, 0.6843790498436753, -0.923131502661874, 0.46282513245655627]",29.858336473356026,3.0918607445643764
"[0.1070296685876153, 0.6843853461624765, -0.9231347177012215, 0.4628123672379923]",29.858383749340287,3.091923577045773
"[0.10701392045488585, 0.6843916440599429, -0.9231379326525055, 0.46279959912863405]",29.858431024060764,3.09198640952717
"[0.10699817341902239, 0.6843979424728613, -0.9231411469726616, 0.4627868302841914]",29.858478296532926,3.0920492420085663
"[0.1069824220419219, 0.6844042435768184, -0.9231443617714163, 0.4627740562943525]",29.858525565369394,3.092112074489963
"[0.10696666927144213, 0.6844105461932758, -0.9231475764467153, 0.46276127954867474]",29.858572826977966,3.0921749069713593
"[0.10695091506714884, 0.6844168503388585, -0.9231507910065158, 0.46274850001372403]",29.858620089691325,3.0922377394527563
"[0.10693516027062355, 0.6844231556771624, -0.9231540052788363, 0.46273571837168]",29.858667344664568,3.0923005719341528
"[0.10691940393777945, 0.6844294625864177, -0.9231572194560188, 0.4627229338560805]",29.8587146025914,3.0923634044155492
"[0.10690364558078834, 0.6844357712624046, -0.9231604336372529, 0.4627101460703548]",29.85876185176815,3.092426236896946
"[0.10688788457424053, 0.6844420819561037, -0.9231636479497374, 0.46269735450607646]",29.85880909848218,3.0924890693783422
"[0.10687212160186071, 0.6844483943943542, -0.9231668622536688, 0.46268455971724937]",29.858856340400195,3.092551901859739
"[0.10685635916916525, 0.6844547075741303, -0.9231700760378905, 0.46267176373715996]",29.858903581395378,3.0926147343411357
"[0.10684059134350889, 0.6844610238722016, -0.923173290511631, 0.4626589617487317]",29.858950816723784,3.092677566822532
"[0.10682482669097021, 0.6844673398575474, -0.9231765039283126, 0.4626461607062708]",29.8589980517619,3.092740399303929
"[0.1068090565796392, 0.6844736589888937, -0.9231797180471546, 0.46263335360000674]",29.85904527840138,3.0928032317853256
"[0.1067932872846963, 0.6844799787523008, -0.9231829315888637, 0.46262054552525894]",29.859092506327887,3.092866064266722
"[0.10677751442165695, 0.6844863009054182, -0.9231861454466146, 0.46260773292017004]",29.85913972687481,3.0929288967481186
"[0.1067617425978448, 0.6844926236019135, -0.9231893586813487, 0.462594919526796]",29.859186948065343,3.0929917292295155
"[0.10674596760967521, 0.684498948527326, -0.9231925721492045, 0.4625821019295193]",29.859234163768942,3.093054561710912
"[0.10673018980900686, 0.6845052755413132, -0.9231957857780863, 0.46256928041310813]",29.8592813758481,3.0931173941923085
"[0.10671441086359382, 0.6845116039756427, -0.9231989992279641, 0.4625564563320189]",29.8593285819146,3.0931802266737054
"[0.10669863161492507, 0.6845179334931415, -0.923202212327223, 0.4625436303697334]",29.859375788798026,3.093243059155102
"[0.10668285032420409, 0.684524264791708, -0.9232054254296493, 0.4625308011123131]",29.859422992464534,3.0933058916364984
"[0.10666706716406314, 0.6845305978025948, -0.923208638499764, 0.4625179686993376]",29.859470189093354,3.093368724117895
"[0.10665128013890106, 0.6845369333272862, -0.9232118519434032, 0.4625051315071606]",29.859517381780254,3.093431556599292
"[0.10663549424825369, 0.6845432693598382, -0.9232150647426224, 0.46249229360053307]",29.859564573181295,3.0934943890806883
"[0.10661970663644424, 0.6845496070466845, -0.9232182774784091, 0.4624794526567826]",29.859611762733564,3.093557221562085
"[0.10660391632837743, 0.684555946779856, -0.9232214903488323, 0.46246660788192295]",29.859658945258772,3.0936200540434817
"[0.10658812572179217, 0.6845622875971344, -0.9232247028657172, 0.4624537612257532]",29.859706127106232,3.0936828865248778
"[0.10657233290307229, 0.6845686302673664, -0.9232279154180931, 0.46244091113083335]",29.859753304319273,3.0937457190062747
"[0.106556537929778, 0.6845749747680302, -0.9232311279938911, 0.462428057643112]",29.859800479057554,3.093808551487671
"[0.10654074089752588, 0.6845813210612754, -0.9232343405733152, 0.4624152008395683]",29.859847645068847,3.0938713839690677
"[0.10652494320896828, 0.6845876685840588, -0.923237552870815, 0.4624023418611378]",29.859894815690158,3.0939342164504646
"[0.10650914338767148, 0.6845940179300548, -0.9232407651863113, 0.4623894795054075]",29.859941977051722,3.093997048931861
"[0.10649334362195699, 0.6846003682202377, -0.9232439770746211, 0.4623766155533314]",29.859989139932615,3.094059881413258
"[0.10647753926317428, 0.6846067213236229, -0.9232471894803858, 0.46236374621912396]",29.860036293556302,3.094122713894654
"[0.10646173660453659, 0.6846130747108788, -0.9232504011241448, 0.4623508766266551]",29.860083449396427,3.094185546376051
"[0.10644592929293475, 0.6846194309367162, -0.9232536132967616, 0.46233800160131594]",29.860130595415015,3.094248378857448
"[0.10643012147095797, 0.6846257883360418, -0.9232568251560349, 0.4623251245162267]",29.86017774229696,3.094311211338844
"[0.10641431201015267, 0.684632147363058, -0.923260036930977, 0.4623122444516287]",29.86022488494137,3.094374043820241
"[0.10639850091594205, 0.6846385080160875, -0.9232632486201652, 0.46229936141121303]",29.86027202299092,3.0944368763016374
"[0.10638268850932976, 0.6846448701664515, -0.9232664601580912, 0.462286475655882]",29.860319157860967,3.094499708783034
"[0.10636687493296793, 0.6846512337571744, -0.9232696715154952, 0.46227358730129464]",29.860366291786676,3.094562541264431
"[0.10635105878698824, 0.6846575993521165, -0.9232728829763199, 0.462260695205749]",29.86041341795581,3.0946253737458274
"[0.10633523961610099, 0.6846639671352255, -0.9232760946326016, 0.4622477989970542]",29.860460541335883,3.094688206227224
"[0.10631942117553021, 0.6846703355952983, -0.9232793057216632, 0.4622349017360019]",29.860507663875737,3.0947510387086203
"[0.10630359995717895, 0.6846767061450534, -0.9232825169553684, 0.46222200056182644]",29.860554780959095,3.0948138711900173
"[0.10628777712371226, 0.6846830783169409, -0.9232857280973652, 0.462209096421704]",29.860601894523437,3.0948767036714138
"[0.1062719522552756, 0.6846894522805722, -0.9232889392325272, 0.46219618897245546]",29.860649003329307,3.0949395361528103
"[0.10625612712580972, 0.6846958273218336, -0.9232921500006127, 0.46218327966043243]",29.8606961130635,3.095002368634207
"[0.10624029996617877, 0.6847022041538317, -0.9232953607602774, 0.4621703670418823]",29.860743215405513,3.0950652011156032
"[0.10622447239115253, 0.6847085821263494, -0.9232985711836674, 0.46215745243368034]",29.860790316379145,3.095128033597
"[0.10620864092943433, 0.6847149626388268, -0.923301781974519, 0.46214453300247965]",29.860837409592037,3.0951908660783967
"[0.10619280793279322, 0.6847213447441134, -0.9233049926554676, 0.46213161066643554]",29.860884502811597,3.0952536985597936
"[0.10617697441362642, 0.6847277280345105, -0.9233082030209433, 0.462118686251301]",29.860931594200906,3.09531653104119
"[0.1061611377220812, 0.6847341135788396, -0.9233114136078867, 0.46210575759330386]",29.86097867913986,3.0953793635225866
"[0.10614529989058764, 0.6847405005582006, -0.9233146240038969, 0.46209282635077836]",29.861025759716885,3.0954421960039835
"[0.10612946172939704, 0.6847468886461476, -0.9233178340444904, 0.4620798931848716]",29.861072839969548,3.0955050284853796
"[0.10611362124348374, 0.6847532786478053, -0.9233210441337122, 0.4620669564658339]",29.86111991512543,3.0955678609667765
"[0.1060977774441585, 0.6847596709627127, -0.9233242544715083, 0.4620540153851416]",29.861166982756718,3.095630693448173
"[0.10608193429204571, 0.6847660639933651, -0.9233274642550628, 0.46204107317717497]",29.861214054916747,3.0956935259295695
"[0.10606608963442861, 0.6847724586087016, -0.923330673920286, 0.46202812808304866]",29.86126111824479,3.0957563584109664
"[0.10605024197166572, 0.6847788554145602, -0.9233338837705911, 0.462015178876646]",29.861308178012944,3.095819190892363
"[0.10603439242490356, 0.6847852539590428, -0.9233370935785101, 0.46200222647309264]",29.861355235528606,3.0958820233737594
"[0.10601854219810819, 0.6847916537565546, -0.9233403030999189, 0.4619892718556488]",29.861402288514896,3.095944855855156
"[0.10600269075617963, 0.6847980550234661, -0.9233435124429222, 0.4619763145865377]",29.86144934159698,3.096007688336553
"[0.10598683518573716, 0.6848044589370261, -0.9233467221969508, 0.4619633522831984]",29.861496385282425,3.0960705208179493
"[0.10597098098023264, 0.6848108632789087, -0.9233499312496333, 0.46195038943604966]",29.861543427499527,3.096133353299346
"[0.10595512383487357, 0.6848172697883979, -0.923353140472045, 0.46193742252490383]",29.861590468750354,3.0961961857807427
"[0.10593926484356113, 0.684823678024173, -0.9233563496424178, 0.4619244524433336]",29.861637502328474,3.0962590182621392
"[0.10592340486028858, 0.6848300876416178, -0.9233595585876343, 0.4619114798891131]",29.861684536524336,3.0963218507435357
"[0.10590754226248779, 0.6848364992970014, -0.923362767635652, 0.4618985035343044]",29.861731563729524,3.096384683224932
"[0.10589167932090231, 0.684842912072959, -0.923365976326783, 0.46188552523581633]",29.86177858965352,3.096447515706329
"[0.10587581302846352, 0.684849327185675, -0.9233691852689434, 0.46187254253261756]",29.86182561161742,3.0965103481877256
"[0.10585994543388035, 0.6848557438074288, -0.9233723940474067, 0.4618595571001518]",29.861872627271605,3.096573180669122
"[0.10584407725161539, 0.68486216164968, -0.9233756025174227, 0.4618465695225979]",29.861919644644487,3.096636013150519
"[0.10582820577284163, 0.6848685818085609, -0.9233788112263559, 0.46183357758205607]",29.861966653676234,3.096698845631915
"[0.10581233476817441, 0.6848750027592813, -0.9233820194116014, 0.46182058436439705]",29.862013661300132,3.096761678113312
"[0.10579646091746953, 0.6848814258455083, -0.9233852277440047, 0.4618075871508973]",29.86206066452017,3.0968245105947085
"[0.10578058525548088, 0.6848878506491283, -0.9233884360140611, 0.4617945867879151]",29.862107662620854,3.096887343076105
"[0.10576470875908908, 0.6848942767752936, -0.9233916440240417, 0.4617815840747211]",29.862154659573886,3.096950175557502
"[0.10574883067556538, 0.6849007045290889, -0.9233948519257562, 0.4617685783942616]",29.862201652701113,3.0970130080388985
"[0.10573295092255917, 0.6849071339443273, -0.9233980597355235, 0.46175556967839565]",29.86224864469992,3.097075840520295
"[0.10571706895307309, 0.6849135652430546, -0.9234012675634867, 0.46174255747818]",29.862295632315696,3.0971386730016914
"[0.10570118518418123, 0.684919998256952, -0.9234044753250482, 0.4617295421344854]",29.862342611446653,3.0972015054830884
"[0.10568529917291755, 0.6849264331659964, -0.9234076831093109, 0.46171652328349694]",29.862389587308474,3.097264337964485
"[0.1056694120589673, 0.6849328695090379, -0.9234108906858169, 0.4617035018584842]",29.86243656252075,3.0973271704458814
"[0.10565352375051658, 0.6849393073236933, -0.9234140980728144, 0.4616904777836141]",29.862483535596773,3.0973900029272783
"[0.1056376320632967, 0.6849457474956311, -0.9234173057108658, 0.46167744926745946]",29.862530500177773,3.0974528354086748
"[0.10562174162666571, 0.6849521881491818, -0.9234205126652849, 0.4616644201047731]",29.862577466723693,3.0975156678900713
"[0.10560584777135482, 0.6849586311772764, -0.9234237198781251, 0.461651386466498]",29.862624427983675,3.0975785003714678
"[0.1055899513448069, 0.6849650762371359, -0.9234269271779454, 0.46163834904642154]",29.86267138000682,3.0976413328528647
"[0.10557405519328086, 0.6849715221751895, -0.9234301339901884, 0.4616253101783191]",29.86271833669493,3.097704165334261
"[0.10555815787072118, 0.6849779695780804, -0.9234333406063512, 0.4616122686757342]",29.862765287956126,3.0977669978156577
"[0.10554225604589156, 0.6849844197975911, -0.9234365476979378, 0.4615992218047298]",29.862812230124728,3.0978298302970546
"[0.10552635454526865, 0.6849908708765471, -0.9234397542911813, 0.46158617352440107]",29.86285917348742,3.0978926627784507
"[0.10551045178653785, 0.6849973234571687, -0.9234429607049265, 0.46157312253598776]",29.862906114311254,3.0979554952598476
"[0.10549454644409849, 0.6850037780778776, -0.9234461672060993, 0.4615600677507901]",29.86295304704816,3.0980183277412445
"[0.10547863925746749, 0.6850102344391791, -0.9234493736452394, 0.4615470097748822]",29.86299997958616,3.0980811602226406
"[0.10546273087399276, 0.685016692278813, -0.9234525798915405, 0.4615339491389732]",29.86304690483965,3.0981439927040375
"[0.10544682137325266, 0.6850231515648917, -0.9234557859286752, 0.4615208859078213]",29.863093832429737,3.098206825185434
"[0.10543090908670943, 0.6850296129754091, -0.9234589920925282, 0.4615078187105702]",29.863140751337454,3.0982696576668305
"[0.1054149946862811, 0.6850360762381835, -0.9234621982473199, 0.46149474809801433]",29.86318766688206,3.0983324901482274
"[0.10539908042317693, 0.6850425404393166, -0.9234654039392415, 0.46148167591857525]",29.863234581024557,3.098395322629624
"[0.10538316367170089, 0.6850490066457648, -0.9234686096969076, 0.4614686000148824]",29.863281490984594,3.0984581551110204
"[0.10536724399771494, 0.6850554750346017, -0.9234718156073403, 0.4614555200292213]",29.86332839460699,3.098520987592417
"[0.10535132443938107, 0.68506194437184, -0.9234750210584047, 0.4614424384571677]",29.863375298600467,3.098583820073814
"[0.10533540172839796, 0.6850684159861322, -0.9234782267078612, 0.4614293526123634]",29.863422197490134,3.0986466525552103
"[0.10531947954542076, 0.6850748883819529, -0.923481431814399, 0.4614162655190877]",29.86346909350252,3.098709485036607
"[0.10530355391774344, 0.6850813631746948, -0.9234846371774003, 0.46140317391133023]",29.863515984394624,3.0987723175180037
"[0.10528762579461268, 0.6850878399791869, -0.923487842605369, 0.46139007856826436]",29.86356287098314,3.0988351499994002
"[0.10527169761825958, 0.6850943178027856, -0.9234910476065238, 0.4613769814971701]",29.863609756125268,3.0988979824807967
"[0.1052557673195639, 0.685100797487392, -0.9234942525969171, 0.46136388099613407]",29.863656633723885,3.098960814962193
"[0.10523983596251131, 0.6851072786007273, -0.9234974573621617, 0.4613507779394249]",29.86370351202514,3.09902364744359
"[0.10522390223454829, 0.6851137616772723, -0.9235006621659569, 0.46133767124676456]",29.86375038550104,3.0990864799249866
"[0.1052079665279654, 0.6851202465580332, -0.9235038669290213, 0.4613245612399274]",29.863797254992498,3.099149312406383
"[0.10519203056167588, 0.6851267325439218, -0.9235070713053849, 0.4613114493324723]",29.863844120079694,3.09921214488778
"[0.10517609129140448, 0.6851332208745043, -0.9235102759068415, 0.46129833301883205]",29.86389098326267,3.099274977369176
"[0.10516015147790239, 0.685139710426538, -0.923513480177985, 0.46128521456998656]",29.863937841535108,3.099337809850573
"[0.10514421116931315, 0.6851462011807263, -0.9235166841088964, 0.46127209402517644]",29.863984697899536,3.0994006423319695
"[0.10512826491775501, 0.6851526953561903, -0.9235198887941183, 0.46125896689901164]",29.864031545909718,3.099463474813366
"[0.10511232096751029, 0.6851591895959753, -0.9235230925764619, 0.4612458399774617]",29.86407839558953,3.099526307294763
"[0.10509637309606139, 0.6851656864349658, -0.9235262967060194, 0.46123270813696426]",29.86412523799948,3.0995891397761595
"[0.10508042534662085, 0.6851721842266055, -0.9235295003701016, 0.4612195747059685]",29.864172078905547,3.0996519722575564
"[0.10506447431536725, 0.685178684358238, -0.9235327042521652, 0.4612064368806392]",29.864218914243715,3.0997148047389524
"[0.10504852321407526, 0.6851851855215851, -0.9235359077067573, 0.4611932973055379]",29.864265748344554,3.0997776372203494
"[0.1050325685122362, 0.685191689156113, -0.9235391114425628, 0.46118015307165183]",29.86431257651916,3.099840469701746
"[0.10501661413513208, 0.6851981936622684, -0.9235423146710426, 0.4611670074120771]",29.864359402283977,3.0999033021831424
"[0.10500065625187514, 0.685204700602377, -0.9235455181610139, 0.4611538571696333]",29.86440622294661,3.0999661346645393
"[0.1049846986060135, 0.6852112084505, -0.9235487211606365, 0.4611407054284846]",29.86445304204406,3.100028967145936
"[0.10496873701897191, 0.6852177189112991, -0.9235519245082766, 0.4611275487439881]",29.86449985570804,3.1000917996273323
"[0.10495277450817311, 0.6852242307546683, -0.9235551275979683, 0.4611143896023505]",29.86454666369298,3.1001546321087288
"[0.1049368115286777, 0.685230743795319, -0.9235583303381367, 0.4611012283782587]",29.864593474025902,3.1002174645901257
"[0.1049208462945584, 0.685237258762384, -0.9235615330867937, 0.46108806359859944]",29.86464027472073,3.100280297071522
"[0.10490487900390108, 0.6852437755756337, -0.923564735803823, 0.46107489542582486]",29.864687074225078,3.1003431295529187
"[0.10488891117171265, 0.6852502936171714, -0.9235679381850469, 0.46106172510875104]",29.864733872596947,3.1004059620343156
"[0.10487293772082645, 0.685256814960312, -0.923571141248233, 0.46104854845847343]",29.864780658681596,3.1004687945157117
"[0.1048569689946043, 0.6852633353825398, -0.9235743429190558, 0.4610353740069844]",29.86482745152854,3.1005316269971086
"[0.1048409928088654, 0.6852698598593985, -0.9235775456400904, 0.4610221917015182]",29.864874234885345,3.100594459478505
"[0.10482501833110167, 0.6852763846477677, -0.9235807475730997, 0.46100900910521714]",29.864921016866482,3.1006572919599016
"[0.10480904233732968, 0.6852829110646598, -0.9235839493641135, 0.46099582355739166]",29.864967796426665,3.1007201244412985
"[0.10479306183666592, 0.685289440332674, -0.9235871516120896, 0.46098263258837757]",29.865014565363754,3.100782956922695
"[0.10477708055345626, 0.6852959709308322, -0.9235903535703076, 0.46096943927134854]",29.865061335072387,3.100845789404092
"[0.1047610992376797, 0.6853025025529511, -0.923593555088268, 0.46095624422509646]",29.865108101807635,3.100908621885488
"[0.10474511664608868, 0.6853090357074608, -0.9235967564147808, 0.4609430464227297]",29.865154868438307,3.100971454366885
"[0.10472912913842876, 0.6853155718831875, -0.9235999582785284, 0.46092984285704114]",29.86520162240125,3.1010342868482814
"[0.10471314220028123, 0.6853221088380815, -0.9236031595805144, 0.4609166380574819]",29.865248380764154,3.101097119329678
"[0.10469715284703186, 0.685328647792887, -0.9236063609181241, 0.46090342955836056]",29.86529513042294,3.101159951811075
"[0.10468116253219395, 0.6853351881537311, -0.9236095619999899, 0.4608902185596108]",29.86534187790345,3.1012227842924713
"[0.10466517022373253, 0.6853417303432217, -0.9236127630323914, 0.4608770042078929]",29.865388620662227,3.101285616773868
"[0.10464917631145955, 0.6853482742024248, -0.9236159639369557, 0.46086378682453716]",29.865435361702794,3.1013484492552643
"[0.10463318041165087, 0.6853548198888991, -0.9236191647901261, 0.46085056609162856]",29.865482095800616,3.1014112817366613
"[0.1046171842142214, 0.6853613667115375, -0.9236223652534454, 0.4608373434053147]",29.865528830677214,3.1014741142180577
"[0.10460118530883383, 0.6853679156573181, -0.9236255658088395, 0.46082411677248125]",29.86557556059549,3.1015369466994542
"[0.10458518366313868, 0.6853744667402067, -0.9236287664623503, 0.46081088616529864]",29.865622284310927,3.101599779180851
"[0.10456918164582875, 0.6853810189909644, -0.9236319667398595, 0.4607976535415507]",29.86566900612288,3.101662611662247
"[0.10455317763619555, 0.6853875730736421, -0.9236351669651964, 0.46078441756042665]",29.865715725367522,3.101725444143644
"[0.10453717087007786, 0.6853941293018451, -0.9236383672907645, 0.4607711775889556]",29.86576243734725,3.1017882766250406
"[0.10452116283539052, 0.6854006870667285, -0.9236415674187044, 0.4607579348570018]",29.865809147669285,3.1018511091064376
"[0.1045051538466991, 0.6854072462398458, -0.9236447672858391, 0.46074468962422166]",29.865855853361893,3.101913941587834
"[0.1044891423101365, 0.6854138074747766, -0.9236479672104001, 0.46073144057112925]",29.86590255433282,3.1019767740692306
"[0.10447313062178318, 0.6854203697901158, -0.9236511667132128, 0.4607181896797586]",29.865949255251362,3.1020396065506275
"[0.10445711577188488, 0.6854269344199181, -0.9236543663953537, 0.4607049344585645]",29.865995949951536,3.1021024390320235
"[0.10444109870427797, 0.6854335009780191, -0.9236575660678207, 0.4606916756876619]",29.866042639355108,3.1021652715134205
"[0.10442508299859161, 0.6854400679971604, -0.9236607650152858, 0.46067841632987755]",29.866089329171974,3.1022281039948174
"[0.10440906344999407, 0.685446637611962, -0.923663964277044, 0.46066515207552344]",29.8661360135665,3.1022909364762135
"[0.10439304088915981, 0.6854532094826047, -0.9236671636867156, 0.4606518836111126]",29.866182691612746,3.1023537689576104
"[0.10437702015462241, 0.6854597816248427, -0.9236703622778767, 0.46063861494305297]",29.866229372832226,3.102416601439007
"[0.10436099579768918, 0.6854663562742509, -0.9236735611381, 0.46062534155814056]",29.866276043813375,3.1024794339204034
"[0.10434496867936707, 0.6854729330783856, -0.9236767600950339, 0.4606120641683259]",29.866322712762702,3.1025422664018003
"[0.10432894083194773, 0.6854795112038274, -0.9236799587426896, 0.4605987844564487]",29.866369375597422,3.102605098883197
"[0.10431291046502478, 0.685486091385913, -0.9236831574380349, 0.46058550093834527]",29.866416036683475,3.1026679313645933
"[0.10429687901963931, 0.6854926730336749, -0.9236863558931694, 0.4605722148073326]",29.86646269439896,3.10273076384599
"[0.10428084704167828, 0.6854992559233608, -0.9236895539989123, 0.460558926515344]",29.866509347609874,3.1027935963273867
"[0.10426481136913114, 0.685505841353941, -0.9236927523856471, 0.46054563344060945]",29.8665559968757,3.102856428808783
"[0.10424877584175476, 0.6855124277490775, -0.9236959502871632, 0.4605323387653778]",29.866602647257803,3.1029192612901797
"[0.10423273831133764, 0.6855190159915068, -0.9236991481315895, 0.46051904070810407]",29.866649286231848,3.1029820937715766
"[0.10421669861417757, 0.6855256061490898, -0.9237023459511852, 0.46050573913215664]",29.866695926537716,3.103044926252973
"[0.10420065702295161, 0.6855321981103907, -0.9237055436912115, 0.46049243426279357]",29.866742560784914,3.1031077587343696
"[0.10418461324410964, 0.6855387919966404, -0.9237087414098071, 0.46047912585566697]",29.866789191159175,3.103170591215766
"[0.10416856933422966, 0.68554538696303, -0.9237119386967699, 0.4604658156161301]",29.86683581921794,3.103233423697163
"[0.10415252166391362, 0.6855519845020399, -0.9237151362750068, 0.46045250053233366]",29.86688244309773,3.1032962561785595
"[0.10413647328115964, 0.6855585833612093, -0.9237183335367953, 0.46043918313232857]",29.86692906099979,3.103359088659956
"[0.10412042221767258, 0.685565184350401, -0.9237215308739261, 0.4604258617820116]",29.866975676533162,3.103421921141353
"[0.10410437247873588, 0.6855717858227816, -0.9237247274882946, 0.460412539805078]",29.867022291208574,3.103484753622749
"[0.1040883188463461, 0.6855783899250637, -0.9237279244188463, 0.46039921286970004]",29.867068895800923,3.103547586104146
"[0.10407226327555058, 0.6855849958537493, -0.9237311212758013, 0.46038588259771046]",29.86711550211055,3.1036104185855424
"[0.10405620637096935, 0.6855916033605912, -0.9237343179384283, 0.4603725494903615]",29.867162104006624,3.103673251066939
"[0.10404014705768067, 0.6855982128885041, -0.9237375146203607, 0.460359212654242]",29.867208698453567,3.103736083548336
"[0.10402408743313556, 0.6856048235747109, -0.9237407109037707, 0.4603458738305737]",29.867255293769848,3.1037989160297323
"[0.10400802597468026, 0.6856114360464094, -0.9237439070914087, 0.46033253175409783]",29.8673018805417,3.103861748511129
"[0.10399196219877005, 0.6856180505032728, -0.9237471032791194, 0.4603191860222642]",29.867348467998603,3.1039245809925253
"[0.10397589686345261, 0.6856246666337718, -0.9237502993156969, 0.46030583726398383]",29.867395049623934,3.1039874134739223
"[0.10395983084492143, 0.6856312840774692, -0.9237534950265387, 0.4602924862067382]",29.867441627845082,3.1040502459553188
"[0.10394376274380829, 0.6856379034112476, -0.9237566906896646, 0.46027913168694673]",29.867488201759176,3.1041130784367152
"[0.10392769058767452, 0.6856445254484663, -0.923759886696891, 0.4602657720640629]",29.867534768346857,3.104175910918112
"[0.10391161935022164, 0.6856511481403726, -0.9237630820588381, 0.46025241147164725]",29.867581336936738,3.1042387433995087
"[0.10389554638004544, 0.685657772579863, -0.9237662773024309, 0.46023904770513335]",29.86762790160909,3.104301575880905
"[0.10387946975382725, 0.6856643995603592, -0.9237694728095807, 0.4602256791642995]",29.86767445791703,3.1043644083623017
"[0.1038633915055044, 0.6856710282441706, -0.9237726681755727, 0.460212307539394]",29.867721012227975,3.1044272408436986
"[0.10384731302498199, 0.6856776580586644, -0.9237758631238943, 0.4601989339858216]",29.86776756480714,3.104490073325095
"[0.10383123291854474, 0.6856842895789299, -0.9237790579312012, 0.46018555734379957]",29.867814111455726,3.1045529058064916
"[0.10381514936467569, 0.68569092355684, -0.9237822529589775, 0.4601721760970524]",29.867860653492578,3.1046157382878885
"[0.10379906623907657, 0.685697558394322, -0.9237854474369636, 0.4601587934693482]",29.867907193256023,3.1046785707692846
"[0.1037829796317938, 0.685704195704864, -0.9237886421414293, 0.4601454062065442]",29.867953728813298,3.1047414032506815
"[0.1037668919471523, 0.6857108344971015, -0.9237918365944866, 0.4601320163085554]",29.868000260447758,3.104804235732078
"[0.10375080224084217, 0.6857174751612297, -0.923795030983302, 0.4601186229887006]",29.868046788441212,3.1048670682134745
"[0.10373471245726776, 0.6857241168951558, -0.9237982249215438, 0.46010522786497077]",29.868093314060904,3.1049299006948714
"[0.10371861992834057, 0.6857307608007402, -0.9238014189385152, 0.4600918287154297]",29.868139835514416,3.104992733176268
"[0.10370252592699239, 0.6857374063530365, -0.9238046127811883, 0.46007842659909237]",29.868186352169758,3.1050555656576644
"[0.10368642948081694, 0.6857440539542009, -0.9238078066421466, 0.4600650207052953]",29.868232863881985,3.105118398139061
"[0.10367033211386685, 0.6857507029753502, -0.9238110002186393, 0.4600516123025882]",29.868279374686004,3.105181230620458
"[0.1036542325522267, 0.6857573539431919, -0.9238141937630572, 0.46003820032912685]",29.868325880433066,3.1052440631018543
"[0.10363813003242002, 0.6857640071738453, -0.9238173874264133, 0.4600247841478248]",29.868372378385477,3.105306895583251
"[0.10362202732055376, 0.6857706615249276, -0.9238205806597547, 0.46001136606259746]",29.86841887565999,3.1053697280646477
"[0.10360592215817523, 0.6857773179302072, -0.9238237739106173, 0.4599979441908608]",29.868465369750563,3.105432560546044
"[0.10358981689543394, 0.6857839754188098, -0.9238269667127075, 0.4599845204905664]",29.868511858284037,3.1054953930274407
"[0.10357370814574696, 0.6857906353912172, -0.9238301597370389, 0.4599710921382044]",29.868558341740155,3.105558225508837
"[0.10355759952764129, 0.6857972963519391, -0.9238333522660027, 0.45995766214942524]",29.8686048269008,3.105621057990234
"[0.10354148621191757, 0.6858039602985304, -0.9238365452562767, 0.4599442264970798]",29.868651302415056,3.1056838904716306
"[0.10352537302830284, 0.6858106252342041, -0.9238397377504126, 0.459930789207372]",29.868697776437443,3.105746722953027
"[0.10350925775989964, 0.6858172920763739, -0.9238429301873389, 0.4599173484309866]",29.86874424790329,3.105809555434424
"[0.1034931415857981, 0.6858239603377515, -0.923846122333143, 0.45990390515063106]",29.868790712718592,3.10587238791582
"[0.10347702372519926, 0.68583063034187, -0.923849314342157, 0.4598904587143579]",29.868837178099596,3.105935220397217
"[0.10346090137661787, 0.6858373032488815, -0.9238525067687111, 0.45987700678377197]",29.86888363210512,3.1059980528786135
"[0.10344478241991792, 0.6858439757976841, -0.9238556980522424, 0.4598635559331748]",29.86893009073068,3.10606088536001
"[0.10342865632268351, 0.6858506523488374, -0.9238588902776151, 0.4598500973726855]",29.868976537589074,3.106123717841407
"[0.10341253220104062, 0.685857329128785, -0.923862081639822, 0.459836638709402]",29.869022987783072,3.1061865503228034
"[0.1033964049438831, 0.6858640082542955, -0.9238652731502182, 0.4598231756767167]",29.869069430708546,3.1062493828042
"[0.10338027621875856, 0.6858706890354179, -0.9238684644783921, 0.4598097096657218]",29.86911586929326,3.1063122152855964
"[0.10336414665841098, 0.6858773712105014, -0.9238716554988363, 0.45979624120409907]",29.869162304893678,3.1063750477669934
"[0.10334801353697119, 0.6858840559094684, -0.9238748467504241, 0.45978276801475904]",29.86920873481798,3.1064378802483903
"[0.10333187828678475, 0.6858907425396046, -0.9238780379493683, 0.4597692912927367]",29.869255161116467,3.1065007127297863
"[0.10331574463625251, 0.6858974295560892, -0.9238812283580394, 0.45975581415180844]",29.86930158840893,3.1065635452111833
"[0.10329960576743238, 0.6859041197853888, -0.923884419324302, 0.45974233089580835]",29.869348007666,3.1066263776925798
"[0.10328346666187552, 0.6859108111631307, -0.9238876098627777, 0.4597288456855498]",29.869394421979585,3.1066892101739763
"[0.10326732495244334, 0.6859175046713063, -0.9238908004410709, 0.4597153565423711]",29.869440831745287,3.106752042655373
"[0.10325118334986866, 0.685924199186295, -0.9238939905230625, 0.45970186573094146]",29.869487241574916,3.1068148751367697
"[0.10323503971530379, 0.6859308955955569, -0.923897180531162, 0.4596883714631221]",29.869533644231222,3.106877707618166
"[0.10321889407701032, 0.6859375938879871, -0.9239003704593954, 0.45967487376164445]",29.869580047297106,3.1069405400995627
"[0.10320274476543041, 0.6859442947570017, -0.92390356063716, 0.4596613712296115]",29.869626437624518,3.1070033725809596
"[0.10318659525449494, 0.6859509967617536, -0.9239067503778258, 0.4596478667707355]",29.86967283234554,3.107066205062356
"[0.10317044484141769, 0.6859577001942249, -0.923909939819942, 0.4596343597969291]",29.869719221638512,3.1071290375437526
"[0.10315429255577407, 0.6859644054576917, -0.9239131291548194, 0.4596208494959231]",29.86976560806999,3.1071918700251495
"[0.1031381372532748, 0.6859711130278789, -0.9239163186079749, 0.4596073349095697]",29.86981198590392,3.1072547025065456
"[0.10312198111093573, 0.685977822001504, -0.9239195077492308, 0.4595938178581717]",29.86985836321093,3.1073175349879425
"[0.10310582291503155, 0.6859845328830758, -0.9239226968178315, 0.4595802973255692]",29.86990473636096,3.107380367469339
"[0.1030896632211486, 0.6859912454424176, -0.9239258857037548, 0.45956677377584015]",29.86995110577816,3.107443199950736
"[0.10307350166327438, 0.6859979598321163, -0.9239290744788673, 0.4595532469019028]",29.86999746862986,3.1075060324321324
"[0.10305733733259755, 0.686004676430415, -0.9239322633220676, 0.4595397159421155]",29.870043831006203,3.107568864913529
"[0.10304117288394973, 0.6860113941346865, -0.9239354517092773, 0.45952618311809756]",29.870090185861294,3.107631697394926
"[0.10302500484403643, 0.6860181143889557, -0.9239386403252199, 0.45951264552119475]",29.870136538059946,3.107694529876322
"[0.10300883758215515, 0.6860248353776284, -0.923941828307855, 0.45949910680914324]",29.870182889492746,3.107757362357719
"[0.10299266687298106, 0.6860315588577179, -0.9239450164900357, 0.4594855634429306]",29.870229233045457,3.1078201948391153
"[0.10297649605562387, 0.6860382834414572, -0.9239482042130588, 0.45947201821832906]",29.870275575485792,3.107883027320512
"[0.10296032059577122, 0.6860450110151105, -0.9239513923703424, 0.4594584673362402]",29.870321912456646,3.1079458598019087
"[0.10294414590406513, 0.6860517393289303, -0.9239545798950722, 0.4594449153285245]",29.870368248035835,3.1080086922833052
"[0.1029279692177965, 0.6860584695324818, -0.9239577673314253, 0.4594313598800109]",29.87041457674404,3.1080715247647017
"[0.10291178945277613, 0.6860652020775564, -0.9239609548925897, 0.45941780008112715]",29.870460898136624,3.108134357246098
"[0.10289560860074946, 0.6860719361360064, -0.9239641421857752, 0.45940423760017957]",29.870507222532503,3.108197189727495
"[0.10287942688793186, 0.6860786716140899, -0.9239673291661247, 0.45939067262624134]",29.870553539810395,3.1082600222088916
"[0.10286324431267779, 0.6860854085128941, -0.9239705158336693, 0.45937710515740665]",29.87059985714349,3.108322854690288
"[0.10284705586316555, 0.6860921489197493, -0.9239737031748235, 0.45936353099043503]",29.87064616334811,3.108385687171685
"[0.10283086945050599, 0.6860988895413046, -0.9239768896315823, 0.45934995675799517]",29.870692469717618,3.108448519653081
"[0.10281467919708048, 0.6861056328255982, -0.9239800763607259, 0.4593363775305034]",29.87073876943375,3.108511352134478
"[0.10279848892075237, 0.6861123771831026, -0.9239832626103924, 0.4593227965092207]",29.87078506885515,3.1085741846158745
"[0.10278229476317635, 0.6861191242216845, -0.9239864491395184, 0.45930921045675344]",29.87083136107674,3.1086370170972715
"[0.10276610001784478, 0.6861258725698225, -0.9239896352996291, 0.4592956221352105]",29.87087765038311,3.108699849578668
"[0.10274990280187558, 0.6861326230126532, -0.923992821460809, 0.45928202996399076]",29.870923935650875,3.1087626820600645
"[0.1027337059488645, 0.6861393743696311, -0.9239960070653606, 0.45926843632041886]",29.870970219255803,3.1088255145414614
"[0.10271750479495886, 0.6861461285854376, -0.9239991930301743, 0.4592548372893132]",29.87101649499352,3.1088883470228574
"[0.10270130500537225, 0.6861528832987671, -0.9240023782408392, 0.4592412376252732]",29.87106276968888,3.1089511795042544
"[0.10268510012127535, 0.6861596412033, -0.9240055639669132, 0.4592276319052968]",29.871109035708248,3.109014011985651
"[0.10266889615619805, 0.6861663997918617, -0.9240087490257907, 0.4592140251774539]",29.87115530505414,3.1090768444670474
"[0.10265268912950315, 0.6861731607251901, -0.9240119341995966, 0.4592004140985571]",29.8712015663286,3.1091396769484443
"[0.10263648004263631, 0.686179923586251, -0.9240151192910717, 0.45918679950857183]",29.871247823212098,3.1092025094298408
"[0.10262026907093787, 0.6861866883025052, -0.9240183042653691, 0.4591731815538861]",29.871294076391358,3.1092653419112373
"[0.10260405805211438, 0.6861934541075162, -0.9240214887611288, 0.45915956177769573]",29.871340330301923,3.1093281743926338
"[0.10258784369990216, 0.686200222373359, -0.9240246734235483, 0.4591459374182822]",29.871386573746324,3.1093910068740307
"[0.10257162894520964, 0.6862069918772234, -0.924027857676577, 0.45913231093750095]",29.871432816360205,3.109453839355427
"[0.10255541143472514, 0.6862137636021333, -0.9240310419819987, 0.4591186803569331]",29.871479055217115,3.1095166718368237
"[0.10253919137578145, 0.6862205374622601, -0.9240342262986522, 0.4591050458497374]",29.871525289597844,3.1095795043182206
"[0.10252297142567908, 0.6862273123483223, -0.9240374101045307, 0.4590914096489933]",29.87157151812298,3.1096423367996167
"[0.10250674874432748, 0.6862340894470795, -0.92404059395678, 0.45907776936635436]",29.87161774437257,3.1097051692810136
"[0.10249052326456524, 0.6862408687873734, -0.924043777868112, 0.45906412494418997]",29.87166396529538,3.10976800176241
"[0.10247429771270132, 0.6862476492305719, -0.9240469613032115, 0.45905047867445925]",29.871710183483003,3.109830834243807
"[0.10245807065317596, 0.6862544313769942, -0.924050144543435, 0.4590368293492654]",29.87175639862214,3.1098936667252035
"[0.10244184161418667, 0.6862612154243942, -0.9240533276809643, 0.459023176570957]",29.871802608902332,3.1099564992066
"[0.10242560956992317, 0.686268001802296, -0.9240565109165602, 0.4590095194755131]",29.871848813636316,3.110019331687997
"[0.10240937662082292, 0.6862747896331584, -0.9240596938379143, 0.4589958598292828]",29.871895014680454,3.110082164169393
"[0.10239314124913715, 0.6862815795521812, -0.9240628767422583, 0.45898219635433957]",29.871941211829295,3.11014499665079
"[0.10237690440575532, 0.6862883711623042, -0.9240660594427772, 0.45896852985005554]",29.871987405759896,3.1102078291321864
"[0.10236066671862222, 0.6862951642013251, -0.9240692418160622, 0.458954860844352]",29.872033595981623,3.110270661613583
"[0.10234442719376353, 0.686301959085565, -0.9240724240565812, 0.4589411884998187]",29.872079784830294,3.11033349409498
"[0.10232818514542076, 0.6863087561026261, -0.9240756062982951, 0.4589275122381354]",29.87212596468494,3.1103963265763763
"[0.10231194122811041, 0.6863155549792471, -0.9240787884125575, 0.45891383260948904]",29.872172142285788,3.110459159057773
"[0.10229569612775008, 0.6863223554288908, -0.9240819702646367, 0.45890015019074953]",29.87221831531685,3.1105219915391693
"[0.1022794494371267, 0.6863291576225192, -0.9240851519339506, 0.4588864646382565]",29.872264486882212,3.1105848240205662
"[0.10226319989445906, 0.6863359620890873, -0.9240883336671807, 0.45887277488816597]",29.872310650963932,3.1106476565019627
"[0.1022469486760001, 0.6863427683367216, -0.9240915152335865, 0.45885908193044844]",29.872356813395697,3.1107104889833592
"[0.10223069738325205, 0.6863495756950904, -0.9240946963193393, 0.458845387113974]",29.87240297068925,3.110773321464756
"[0.10221444207613631, 0.6863563858152564, -0.9240978776952787, 0.45883168711755795]",29.872449122294128,3.1108361539461526
"[0.10219818635565976, 0.6863631971892542, -0.9241010586562216, 0.45881798497516635]",29.87249527288622,3.110898986427549
"[0.10218192922395632, 0.6863700102356162, -0.9241042393971314, 0.45880427984514593]",29.87254141813089,3.110961818908946
"[0.10216566846361536, 0.6863768258843471, -0.9241074203513995, 0.4587905698570965]",29.872587559276887,3.1110246513903426
"[0.10214940746934448, 0.686383642713181, -0.9241106008545538, 0.4587768578723305]",29.872633695537406,3.111087483871739
"[0.102133144268935, 0.6863904615493781, -0.9241137812920067, 0.45876314222714]",29.87267982817499,3.1111503163531355
"[0.1021168804683867, 0.6863972817200453, -0.9241169613493543, 0.45874942427529836]",29.872725958931227,3.1112131488345325
"[0.10210061341749853, 0.6864041043371922, -0.924120141544381, 0.4587357017805231]",29.872772083781307,3.111275981315929
"[0.10208434552767488, 0.6864109283900656, -0.9241233214052585, 0.4587219767761218]",29.872818204935445,3.1113388137973255
"[0.1020680752981548, 0.6864177545087553, -0.9241265012249724, 0.45870824799515303]",29.872864321536003,3.1114016462787224
"[0.10205180286888325, 0.6864245826352287, -0.9241296809757461, 0.4586945155547137]",29.87291043249374,3.1114644787601184
"[0.10203552974983875, 0.6864314121363997, -0.924132860362167, 0.45868078072836793]",29.872956541482917,3.1115273112415154
"[0.10201925520826549, 0.6864382433202347, -0.9241360395270809, 0.4586670428970644]",29.873002648134545,3.111590143722912
"[0.10200297780145967, 0.6864450767929585, -0.9241392187518996, 0.45865330084202866]",29.873048749080386,3.1116529762043084
"[0.10198670041953069, 0.6864519113417845, -0.924142397471789, 0.4586395570024933]",29.87309484817077,3.1117158086857053
"[0.10197041853069207, 0.6864587488701966, -0.9241455765713124, 0.45862580755105414]",29.873140936685864,3.111778641167102
"[0.10195413565656807, 0.6864655879000834, -0.924148755362385, 0.4586120554604377]",29.873187025918064,3.1118414736484983
"[0.10193785286516198, 0.6864724279831875, -0.9241519336362481, 0.45859830163226695]",29.873233111190835,3.1119043061298948
"[0.10192156631229174, 0.6864792707349772, -0.9241551121428659, 0.4585845428185647]",29.87327919143945,3.1119671386112917
"[0.10190527913839069, 0.6864861148366784, -0.9241582902689254, 0.4585707816713883]",29.873325267209577,3.112029971092688
"[0.10188898881560923, 0.6864929613511388, -0.9241614685072925, 0.45855701605407345]",29.87337133843492,3.1120928035740847
"[0.10187269598964639, 0.6864998100077828, -0.9241646467315104, 0.458543246511066]",29.873417404649775,3.1121556360554816
"[0.10185640395094725, 0.6865066594238866, -0.9241678242994145, 0.45852947582268705]",29.873463470324285,3.112218468536878
"[0.10184011107617892, 0.6865135102821468, -0.924171001527398, 0.4585157026166]",29.87350953292389,3.1122813010182746
"[0.10182381494906904, 0.6865203635992201, -0.9241741788862371, 0.4585019248492655]",29.873555589639583,3.112344133499671
"[0.10180751496101258, 0.6865272196319958, -0.9241773564940475, 0.45848814200471155]",29.873601636800956,3.112406965981068
"[0.10179121513722311, 0.6865340766880101, -0.9241805335657395, 0.4584743574856966]",29.873647686258618,3.1124697984624645
"[0.10177491325948898, 0.6865409357008533, -0.924183710533365, 0.4584605694157521]",29.8736937286986,3.112532630943861
"[0.10175861141251152, 0.6865477957938159, -0.924186886990337, 0.45844677955754387]",29.873739771959563,3.112595463425258
"[0.10174230530014429, 0.6865546587754517, -0.9241900637733531, 0.45843298427597534]",29.87378580470524,3.112658295906654
"[0.10172599727584923, 0.6865615236560914, -0.9241932404233957, 0.458419185560836]",29.873831835441994,3.112721128388051
"[0.10170968904125491, 0.6865683897198558, -0.9241964166086919, 0.45840538485136084]",29.87387786341862,3.1127839608694474
"[0.1016933779933982, 0.6865752580631979, -0.924199592835824, 0.458391579944042]",29.87392388655323,3.112846793350844
"[0.10167706543305173, 0.686582128139048, -0.9242027688510734, 0.458377771938833]",29.873969904089762,3.112909625832241
"[0.10166075191689189, 0.6865889997134386, -0.9242059445457212, 0.4583639613062918]",29.87401591847847,3.1129724583136373
"[0.10164443523887014, 0.6865958737162533, -0.9242091203487962, 0.4583501461778977]",29.874061930244316,3.1130352907950343
"[0.10162811759898926, 0.6866027492213085, -0.9242122958316857, 0.45833632841543576]",29.874107936150526,3.1130981232764303
"[0.10161179902989764, 0.6866096262152727, -0.9242154709877269, 0.4583225080459948]",29.87415393864393,3.1131609557578273
"[0.10159547576035508, 0.6866165062882353, -0.9242186465502145, 0.45830868187448104]",29.874199934333586,3.1132237882392237
"[0.10157915373709743, 0.6866233869342823, -0.9242218213618796, 0.458294854937112]",29.874245930580884,3.1132866207206202
"[0.10156282872205764, 0.686630269940423, -0.9242249962467636, 0.4582810236431236]",29.87429192162871,3.113349453202017
"[0.10154650125625049, 0.6866371550793322, -0.9242281710991747, 0.458267188449741]",29.874337904333352,3.1134122856834137
"[0.10153017241316088, 0.6866440418989543, -0.9242313457099732, 0.4582533502657056]",29.87438388517735,3.11347511816481
"[0.10151384398755038, 0.6866509296426659, -0.924234519729959, 0.45823951061161955]",29.874429867789054,3.1135379506462066
"[0.10149751138313537, 0.6866578202499133, -0.9242376940521865, 0.458225665590887]",29.87447583890726,3.1136007831276036
"[0.10148117741545763, 0.6866647125336333, -0.9242408681289581, 0.4582118175890537]",29.874521807641262,3.113663615609
"[0.10146484183555173, 0.6866716065994201, -0.924244042008291, 0.4581979663942982]",29.87456777321897,3.1137264480903966
"[0.1014485039638967, 0.6866785027346767, -0.9242472158218056, 0.45818411142955334]",29.874613734289625,3.1137892805717935
"[0.10143216573068155, 0.6866854001251887, -0.9242503891941921, 0.45817025433097763]",29.874659692675948,3.1138521130531895
"[0.10141582404986071, 0.68669230007439, -0.9242535627244501, 0.4581563924802954]",29.874705643984832,3.1139149455345865
"[0.10139948095656445, 0.6866992017237247, -0.9242567360169057, 0.4581425276027369]",29.874751591413,3.113977778015983
"[0.10138313791943415, 0.6867061044533398, -0.9242599087861157, 0.458128660943803]",29.874797538309224,3.1140406104973795
"[0.10136679070618809, 0.6867130100514764, -0.9242630818532961, 0.4581147889115484]",29.87484347553557,3.1141034429787764
"[0.10135044262826842, 0.6867199171200216, -0.9242662545752182, 0.45810091431492966]",29.874889409822,3.114166275460173
"[0.10133409126272139, 0.6867268266833307, -0.9242694274216929, 0.4580870350966486]",29.874935342163475,3.11422910794157
"[0.10131774123749374, 0.6867337367862091, -0.924272599494392, 0.45807315518439556]",29.874981273345846,3.114291940422966
"[0.10130138740909744, 0.6867406496029742, -0.9242757717908621, 0.458059270211076]",29.875027195225787,3.114354772904363
"[0.10128503322932102, 0.6867475636752001, -0.9242789436411094, 0.45804538310643944]",29.875073115947785,3.1144176053857593
"[0.10126867569759809, 0.6867544802720541, -0.9242821156266849, 0.4580314913216965]",29.87511903046485,3.114480437867156
"[0.10125231796058907, 0.686761398063605, -0.92428528713701, 0.4580175975283344]",29.875164941750153,3.1145432703485527
"[0.10123595614270371, 0.6867683186895391, -0.9242884589230725, 0.4580036984335715]",29.87521084876288,3.114606102829949
"[0.10121959421529748, 0.6867752404707403, -0.9242916302145916, 0.4579897974100574]",29.87525675121187,3.1146689353113457
"[0.10120323111055292, 0.6867821638593082, -0.9242948012182458, 0.4579758935501199]",29.875302650450017,3.1147317677927426
"[0.10118686507380727, 0.6867890895983164, -0.9242979722736514, 0.45796198536186816]",29.875348545836886,3.114794600274139
"[0.10117049555247232, 0.6867960179224989, -0.9243011434873472, 0.45794807237437585]",29.87539443302568,3.1148574327555356
"[0.10115412750461936, 0.6868029467338187, -0.9243043138985018, 0.4579341588010842]",29.87544031877758,3.114920265236932
"[0.10113775497103698, 0.6868098785554345, -0.9243074846610164, 0.4579202395756437]",29.87548620049262,3.114983097718329
"[0.10112138296821342, 0.6868168112641031, -0.9243106548029669, 0.45790631896194395]",29.875532079202777,3.1150459301997255
"[0.10110500714603791, 0.6868237467024487, -0.9243138251662911, 0.45789239326041864]",29.875577949056808,3.115108762681122
"[0.10108862977445507, 0.6868306839098984, -0.9243169953110465, 0.4578784644002348]",29.875623817523316,3.115171595162519
"[0.10107225180703071, 0.6868376224829954, -0.9243201650523234, 0.457864533191787]",29.87566968578579,3.115234427643915
"[0.10105587201900294, 0.6868445629411003, -0.9243233346268175, 0.457850598592629]",29.875715546434947,3.115297260125312
"[0.10103949007158536, 0.6868515054284083, -0.9243265040996703, 0.4578366603136325]",29.87576140206733,3.1153600926067084
"[0.10102310788640777, 0.686858449131043, -0.924329673098756, 0.4578227199891254]",29.87580725806966,3.1154229250881054
"[0.10100671997093306, 0.6868653963778981, -0.9243328426860505, 0.45780877294401706]",29.87585310234579,3.115485757569502
"[0.10099033248960554, 0.6868723445564994, -0.9243360116688079, 0.4577948244234511]",29.875898944124856,3.1155485900508983
"[0.10097394387062611, 0.6868792943335916, -0.924339180350719, 0.4577808730891929]",29.875944784677532,3.1156114225322953
"[0.10095755211583002, 0.6868862465571896, -0.9243423491176934, 0.4577669172392812]",29.875990622847826,3.1156742550136913
"[0.1009411587327422, 0.6868932005886436, -0.924345517677847, 0.4577529581561508]",29.876036452351407,3.1157370874950883
"[0.10092476437150961, 0.68690015615267, -0.9243486859051655, 0.4577389963927207]",29.876082278797693,3.1157999199764848
"[0.10090836910289579, 0.6869071132196751, -0.9243518537856583, 0.4577250320086934]",29.87612810314245,3.1158627524578812
"[0.10089197062463047, 0.6869140727672604, -0.9243550217637414, 0.45771106304219705]",29.876173921256743,3.115925584939278
"[0.10087557089292847, 0.6869210339659014, -0.9243581894610576, 0.4576970911586232]",29.876219737072407,3.1159884174206747
"[0.10085916843620349, 0.6869279974408873, -0.9243613571614356, 0.4576831151033261]",29.876265546393533,3.116051249902071
"[0.10084276594379857, 0.686934962051019, -0.924364524345137, 0.4576691371670934]",29.87631135021467,3.1161140823834677
"[0.10082636059506517, 0.6869419289945001, -0.9243676915564397, 0.45765515494547854]",29.876357154632178,3.1161769148648646
"[0.10080995268050051, 0.6869488981487641, -0.9243708587387711, 0.4576411686849015]",29.876402950797385,3.116239747346261
"[0.10079354253423058, 0.6869558693726213, -0.9243740258271794, 0.45762717866912034]",29.876448743258745,3.1163025798276576
"[0.10077713232982712, 0.6869628417431982, -0.9243771924018329, 0.45761318675050716]",29.876494532982935,3.1163654123090545
"[0.10076071858689269, 0.6869698167398554, -0.9243803591339224, 0.45759918996069743]",29.876540313594806,3.116428244790451
"[0.10074430477749896, 0.6869767928877556, -0.9243835253531716, 0.4575851912596318]",29.876586097377626,3.1164910772718475
"[0.10072788958613178, 0.6869837707464066, -0.9243866913130452, 0.45757118952486375]",29.876631873992743,3.116553909753244
"[0.10071147058646357, 0.686990751347981, -0.9243898574810232, 0.45755718268566964]",29.87667764516667,3.116616742234641
"[0.10069505079458146, 0.6869977334108947, -0.9243930232750471, 0.45754317331400335]",29.876723413711332,3.1166795747160374
"[0.10067862939377087, 0.6870047172829231, -0.9243961888522371, 0.4575291607123864]",29.87676917828001,3.116742407197434
"[0.10066220541275027, 0.6870117033778192, -0.9243993543993965, 0.4575151440510489]",29.87681493447502,3.116805239678831
"[0.10064578094784117, 0.6870186908044524, -0.9244025195121043, 0.4575011251182767]",29.876860692485696,3.116868072160227
"[0.10062935372738534, 0.6870256805298268, -0.9244056846277394, 0.45748710197431885]",29.876906443038077,3.116930904641624
"[0.10061292400386995, 0.687032672447302, -0.9244088496971683, 0.45747307483355953]",29.8769521855518,3.1169937371230203
"[0.10059649505129074, 0.6870396651639918, -0.9244120140893686, 0.45745904649069413]",29.8769979313217,3.117056569604417
"[0.10058006042336556, 0.6870466614244007, -0.9244151790454955, 0.4574450114402919]",29.87704366699671,3.1171194020858137
"[0.10056362644968092, 0.6870536585347831, -0.9244183433461313, 0.45743097508665276]",29.877089400868098,3.11718223456721
"[0.10054719210218804, 0.687060656933063, -0.9244215071890064, 0.4574169365515169]",29.877135130190798,3.1172450670486067
"[0.100530753317076, 0.6870676583505148, -0.924424671355998, 0.4574028923624293]",29.87718085684314,3.117307899530003
"[0.10051431207945435, 0.6870746619426181, -0.9244278354644457, 0.4573888442139107]",29.877226574496873,3.1173707320114
"[0.10049787177245735, 0.6870816662686399, -0.9244309988629609, 0.4573747949961534]",29.877272292750757,3.1174335644927966
"[0.10048142802583748, 0.6870886731910096, -0.9244341623921023, 0.45736074097384405]",29.877318002843626,3.117496396974193
"[0.10046498215145587, 0.6870956821515465, -0.9244373257989859, 0.45734668326699285]",29.87736371185967,3.11755922945559
"[0.10044853465612329, 0.6871026929348896, -0.9244404889857117, 0.45733262230792343]",29.877409414123065,3.1176220619369865
"[0.10043208719759696, 0.6871097048348255, -0.9244436516331519, 0.4573185595133307]",29.877455115366054,3.117684894418383
"[0.10041563622170538, 0.6871167193671782, -0.9244468144243299, 0.45730449184350563]",29.8775008087156,3.1177477268997795
"[0.10039918444687959, 0.6871237353735309, -0.9244499768361701, 0.45729042162206074]",29.87754650081291,3.1178105593811765
"[0.1003827286971649, 0.6871307542090384, -0.9244531394787002, 0.4572763461317253]",29.87759218620714,3.117873391862573
"[0.10036627226913142, 0.6871377744683492, -0.9244563017178922, 0.45726226819118715]",29.877637868125866,3.1179362243439694
"[0.100349815388595, 0.6871447960554962, -0.9244594635100669, 0.457248187993177]",29.877683547594078,3.1179990568253664
"[0.10033335639751073, 0.6871518196784238, -0.9244626251734184, 0.45723410411841253]",29.877729222817305,3.1180618893067624
"[0.10031689503160282, 0.6871588454506199, -0.9244657867582632, 0.4572200163397335]",29.877774888688663,3.1181247217881594
"[0.10030043144860512, 0.6871658733054836, -0.9244689482338498, 0.45720592479109706]",29.877820554652327,3.118187554269556
"[0.10028396639938482, 0.6871729029231246, -0.9244721094555771, 0.4571918301142981]",29.877866217806478,3.1182503867509523
"[0.10026749910250089, 0.6871799346378034, -0.9244752705730649, 0.45717773163950964]",29.877911872906054,3.1183132192323493
"[0.10025102954475132, 0.6871869684558731, -0.9244784315883953, 0.45716362935440386]",29.87795752284678,3.1183760517137458
"[0.10023455823203462, 0.6871940041619414, -0.9244815924040402, 0.4571495236912209]",29.878003169126117,3.1184388841951423
"[0.10021808809124066, 0.6872010405060986, -0.9244847524580726, 0.4571354171561305]",29.878048815328448,3.1185017166765387
"[0.10020161411868199, 0.6872080796265363, -0.9244879127101652, 0.4571213054628069]",29.878094456018655,3.1185645491579357
"[0.10018513556638321, 0.6872151218439776, -0.9244910733031588, 0.4571071879688365]",29.87814008625596,3.118627381639332
"[0.1001686584865612, 0.6872221645725386, -0.9244942330758503, 0.45709306985848613]",29.878185718137974,3.1186902141207287
"[0.1001521778124881, 0.6872292099783421, -0.9244973929995358, 0.4570789467897923]",29.878231342842714,3.1187530466021256
"[0.1001356963275107, 0.6872362568722336, -0.9245005525400993, 0.4570648211469206]",29.87827696482842,3.118815879083522
"[0.10011921331808223, 0.6872433055597723, -0.9245037118339865, 0.4570506923176894]",29.87832258304274,3.1188787115649186
"[0.10010273025274383, 0.6872503554133982, -0.9245068705994037, 0.4570365615603391]",29.8783681978366,3.1189415440463155
"[0.10008624066852928, 0.6872574091982722, -0.9245100300743377, 0.45702242333285864]",29.87841380439979,3.119004376527712
"[0.10006975157652391, 0.6872644639161051, -0.9245131889149111, 0.4570082836453133]",29.878459406548263,3.1190672090091085
"[0.10005326087424264, 0.6872715204668123, -0.9245163475236036, 0.4569941406943145]",29.878505007301534,3.119130041490505
"[0.10003677005948819, 0.6872785782098988, -0.9245195056132085, 0.4569799957638724]",29.878550604843955,3.119192873971902
"[0.10002027541255495, 0.6872856387379751, -0.9245226638956462, 0.45696584566250675]",29.878596197239663,3.1192557064532984
"[0.10000377875211651, 0.6872927012734287, -0.9245258220221639, 0.4569516919491134]",29.878641781376725,3.119318538934695
"[0.0999872805267061, 0.6872997656248554, -0.9245289799064832, 0.45693753500765516]",29.87868736555897,3.119381371416092
"[0.09997078034966271, 0.6873068319584368, -0.9245321376222053, 0.4569233745054826]",29.87873294281771,3.119444203897488
"[0.0999542797545407, 0.6873138996179161, -0.9245352948754941, 0.4569092117580311]",29.87877851655203,3.119507036378885
"[0.09993777623523625, 0.6873209696773264, -0.924538452145472, 0.4568950446134381]",29.87882408554355,3.1195698688602813
"[0.09992127137559906, 0.6873280414588466, -0.9245416091286879, 0.45688087443034203]",29.87886965314144,3.119632701341678
"[0.09990476326708998, 0.6873351157809598, -0.9245447661897352, 0.4568666995691204]",29.87891521320009,3.1196955338230747
"[0.09988825417345266, 0.6873421916742525, -0.9245479228952473, 0.4568525219725907]",29.878960769964632,3.1197583663044712
"[0.09987174383175672, 0.687349269251915, -0.9245510792951485, 0.45683834141429913]",29.879006319252824,3.119821198785868
"[0.09985523085003557, 0.6873563491113056, -0.9245542356551243, 0.4568241566977758]",29.879051865984305,3.119884031267264
"[0.09983871580106377, 0.687363431007593, -0.9245573918652218, 0.45680996831397297]",29.87909740864857,3.119946863748661
"[0.09982220047578613, 0.6873705141732946, -0.9245605475828187, 0.4567957778008582]",29.87914295068016,3.1200096962300576
"[0.09980568216229674, 0.6873775997720983, -0.9245637033257028, 0.45678158282745407]",29.879188482391086,3.120072528711454
"[0.09978916145998043, 0.6873846875477116, -0.9245668589788603, 0.45676738390765653]",29.879234013413747,3.120135361192851
"[0.09977264059950873, 0.6873917765436439, -0.9245700141158433, 0.45675318295794454]",29.87927954181753,3.1201981936742476
"[0.09975611687415786, 0.6873988679219033, -0.9245731692531914, 0.4567389776509026]",29.87932506256793,3.120261026155644
"[0.09973959006603551, 0.6874059617768904, -0.9245763244319744, 0.4567247677979111]",29.87937057614616,3.1203238586370405
"[0.0997230628444604, 0.6874130569634304, -0.9245794791421843, 0.45671055569325003]",29.879416089248107,3.1203866911184375
"[0.09970653539152766, 0.6874201534037099, -0.9245826333487813, 0.45669634149308636]",29.879461599095404,3.120449523599834
"[0.099690003653459, 0.6874272528390181, -0.9245857878249594, 0.4566821217100154]",29.879507103804407,3.1205123560812305
"[0.09967347115853009, 0.6874343537549559, -0.9245889418969843, 0.456667899377744]",29.87955260241192,3.1205751885626274
"[0.09965693709630151, 0.6874414565001133, -0.9245920957191188, 0.456653673798421]",29.87959809802799,3.1206380210440234
"[0.09964039850212562, 0.6874485623489466, -0.9245952498563182, 0.4566394424200109]",29.87964358531877,3.1207008535254204
"[0.09962386166329124, 0.6874556686006522, -0.9245984031091343, 0.4566252106519557]",29.87968907243274,3.120763686006817
"[0.09960732161165041, 0.6874627773905654, -0.9246015564245835, 0.45661097421810315]",29.87973455687454,3.1208265184882134
"[0.0995907796417851, 0.68746988816308, -0.9246047095553629, 0.4565967342315851]",29.87978003389784,3.1208893509696103
"[0.09957423635444199, 0.6874770006605478, -0.9246078623865635, 0.4565824912087358]",29.87982550652392,3.120952183451007
"[0.09955769038315343, 0.6874841154711417, -0.924611015178166, 0.4565682439721268]",29.87987097629808,3.1210150159324037
"[0.09954114204035522, 0.6874912324613087, -0.9246141678701421, 0.45655399278964387]",29.87991643818218,3.1210778484137998
"[0.0995245934787149, 0.6874983507057447, -0.9246173200520204, 0.4565397395144594]",29.87996189835995,3.1211406808951967
"[0.09950804150797463, 0.6875054715773962, -0.924620472331048, 0.4565254813978625]",29.88000735498869,3.121203513376593
"[0.09949148680139439, 0.6875125947874748, -0.9246236245784729, 0.4565112190185458]",29.88005280156301,3.1212663458579897
"[0.09947493311498945, 0.6875197187203057, -0.9246267760787592, 0.45649695561182363]",29.880098249223842,3.1213291783393866
"[0.09945837568091996, 0.6875268454282781, -0.9246299277392385, 0.45648268706878775]",29.880143691910614,3.121392010820783
"[0.09944181786167734, 0.6875339734648015, -0.9246330789194197, 0.4564684162861087]",29.88018912805349,3.1214548433021796
"[0.09942525833346642, 0.6875411034001996, -0.9246362298709044, 0.4564541421222657]",29.880234563302377,3.121517675783576
"[0.09940869520789429, 0.6875482360484049, -0.9246393809524993, 0.45643986294824646]",29.88027998921207,3.121580508264973
"[0.0993921315608333, 0.6875553700855199, -0.9246425315785856, 0.45642558141482253]",29.880325416442908,3.1216433407463695
"[0.09937556520297461, 0.6875625064550908, -0.9246456821651959, 0.45641129563349864]",29.880370835339566,3.121706173227766
"[0.09935899784094503, 0.6875696444225914, -0.9246488323873382, 0.4563970070750618]",29.880416253798938,3.121769005709163
"[0.09934242707561591, 0.6875767850224038, -0.9246519827007335, 0.4563827136693445]",29.88046166085902,3.121831838190559
"[0.09932585639745826, 0.6875839267510387, -0.9246551324413914, 0.456368418426275]",29.880507068669885,3.121894670671956
"[0.09930928279068073, 0.6875910709088127, -0.9246582821821681, 0.45635411874343357]",29.88055246973208,3.1219575031533524
"[0.09929270771040818, 0.6875982168692157, -0.9246614316460585, 0.45633981587526395]",29.880597868075267,3.1220203356347493
"[0.09927613142438743, 0.6876053645173559, -0.9246645807818124, 0.4563255100520812]",29.88064326119349,3.122083168116146
"[0.0992595524068427, 0.6876125145118204, -0.9246677298788529, 0.45631119995614844]",29.880688649091102,3.1221460005975423
"[0.09924297007251032, 0.6876196671059112, -0.9246708790478028, 0.4562968850809862]",29.880734030137674,3.1222088330789393
"[0.09922638850820387, 0.687626820537368, -0.9246740275121557, 0.4562825689538629]",29.880779412089076,3.1222716655603353
"[0.09920980285544272, 0.6876339769027734, -0.9246771761940258, 0.456268247379265]",29.88082478452711,3.1223344980417322
"[0.09919321734832995, 0.6876411343758962, -0.9246803242891464, 0.45625392401233283]",29.880870156991662,3.1223973305231287
"[0.09917662797351497, 0.6876482946893466, -0.9246834725588639, 0.4562395953862013]",29.880915524388982,3.1224601630045252
"[0.09916003850837604, 0.6876554562134093, -0.9246866202858789, 0.4562252647625287]",29.880960884475677,3.122522995485922
"[0.09914344688144354, 0.6876626198428206, -0.92468976786288, 0.45621093035124]",29.8810062421178,3.1225858279673187
"[0.09912685289782591, 0.6876697856624662, -0.9246929153263684, 0.4561965919829078]",29.881051595957153,3.122648660448715
"[0.09911025609909102, 0.6876769538711285, -0.9246960627627913, 0.45618224926024054]",29.88109694188947,3.1227114929301116
"[0.09909365999194049, 0.6876841229547215, -0.9246992095067864, 0.4561679052130682]",29.88114228829233,3.1227743254115086
"[0.09907706069702185, 0.6876912945895781, -0.9247023562935306, 0.4561535564877228]",29.881187624450096,3.122837157892905
"[0.09906045808137313, 0.6876984688340589, -0.9247055031476672, 0.4561392029679189]",29.881232959769946,3.1228999903743015
"[0.09904385597465855, 0.6877056440339011, -0.9247086493429268, 0.4561248479637319]",29.88127829009818,3.1229628228556985
"[0.09902725075269239, 0.6877128217559603, -0.9247117955657392, 0.4561104883407984]",29.881323616900996,3.1230256553370945
"[0.09901064371507333, 0.6877200014392483, -0.9247149415693776, 0.45609612522185816]",29.881368937927363,3.1230884878184915
"[0.09899403327313541, 0.6877271837714166, -0.9247180876542821, 0.45608175723171646]",29.881414251992183,3.1231513202998884
"[0.0989774247058018, 0.6877343664702928, -0.9247212328202813, 0.45606738893609133]",29.88145956658169,3.123214152781285
"[0.0989608125742983, 0.6877415518884233, -0.9247243780969869, 0.4560530156292646]",29.881504873712842,3.1232769852626814
"[0.09894419942718101, 0.6877487389242073, -0.9247275230013864, 0.45603863951525325]",29.88155018038739,3.123339817744078
"[0.09892758157925911, 0.6877559291727612, -0.9247306682305614, 0.45602425740384395]",29.881595477160232,3.123402650225475
"[0.09891096372139647, 0.6877631206052065, -0.9247338128961932, 0.45600987335369575]",29.881640769407905,3.1234654827068713
"[0.09889434405523269, 0.6877703140002456, -0.9247369573382552, 0.45599548580760546]",29.881686059867906,3.123528315188268
"[0.0988777234963298, 0.6877775089621586, -0.9247401013831393, 0.4559810955574211]",29.88173134670637,3.1235911476696647
"[0.09886109994410358, 0.6877847064009348, -0.9247432454277672, 0.45596670078351714]",29.881776627477933,3.1236539801510608
"[0.09884447340853675, 0.687791906313177, -0.9247463894696927, 0.45595230149319627]",29.881821902811943,3.1237168126324577
"[0.0988278466323918, 0.6877991075117664, -0.9247495329898581, 0.45593790006098656]",29.881867172332527,3.123779645113854
"[0.09881121689187053, 0.687806311177012, -0.9247526765028241, 0.4559234941268142]",29.881912440891764,3.1238424775952507
"[0.09879458588986455, 0.6878135165719672, -0.924755819686234, 0.4559090851648498]",29.881957702444446,3.1239053100766476
"[0.09877795311501472, 0.6878207239187735, -0.9247589626363287, 0.4558946727312495]",29.882002961584547,3.123968142558044
"[0.09876131846237364, 0.6878279332635578, -0.9247621053725074, 0.4558802567341727]",29.882048214380976,3.1240309750394406
"[0.09874468108365463, 0.687835144974722, -0.9247652480545516, 0.4558658364373954]",29.882093463297906,3.124093807520837
"[0.0987280444188705, 0.6878423575616232, -0.9247683900323178, 0.45585141482189623]",29.882138709871384,3.124156640002234
"[0.09871140189409632, 0.6878495738751084, -0.9247715325468379, 0.45583698618784874]",29.882183946312697,3.1242194724836305
"[0.09869476180117916, 0.6878567903204054, -0.9247746740319871, 0.45582255772320096]",29.88222918450316,3.124282304965027
"[0.09867811551338529, 0.6878640106394175, -0.9247778161159645, 0.4558081219468555]",29.882274414435948,3.124345137446424
"[0.09866146989074982, 0.6878712318574547, -0.9247809575033721, 0.4557936848066582]",29.882319639405733,3.1244079699278204
"[0.09864482215931536, 0.6878784551783433, -0.9247840987173912, 0.45577924389616115]",29.882364861416026,3.124470802409217
"[0.09862817306069212, 0.6878856802809482, -0.9247872396176625, 0.4557647998577804]",29.882410078577013,3.1245336348906134
"[0.09861152140354676, 0.6878929076829491, -0.9247903804284855, 0.45575035165701205]",29.882455291145014,3.1245964673720104
"[0.09859486788214564, 0.6879001370837524, -0.9247935210184334, 0.4557358998952039]",29.882500499306058,3.124659299853407
"[0.09857821111995699, 0.6879073690817307, -0.9247966616465885, 0.45572144337665393]",29.882545701081675,3.1247221323348033
"[0.09856155543567406, 0.6879146018023087, -0.9247998014983009, 0.4557069858489263]",29.88259090213479,3.1247849648162003
"[0.09854489615174167, 0.6879218372772414, -0.9248029414549854, 0.45569252325108905]",29.88263609524736,3.1248477972975963
"[0.09852823480679763, 0.6879290748391499, -0.9248060812260965, 0.45567805691762064]",29.88268128546533,3.1249106297789933
"[0.09851157315175452, 0.6879363137279708, -0.9248092204813105, 0.45566358836807824]",29.882726471437685,3.1249734622603897
"[0.09849490803750505, 0.6879435553125516, -0.9248123598135135, 0.45564911486692444]",29.88277165361573,3.1250362947417862
"[0.09847824018138765, 0.6879507992821168, -0.9248154990870059, 0.45563463703580165]",29.88281682786471,3.125099127223183
"[0.0984615733637578, 0.6879580439941538, -0.9248186375894465, 0.45562015815777623]",29.882861999611084,3.1251619597045797
"[0.09844490263711028, 0.6879652915998041, -0.9248217762520975, 0.45560567393406676]",29.882907167077228,3.125224792185976
"[0.0984282300579821, 0.6879725412058871, -0.9248249146872164, 0.4555911861501777]",29.882952329490845,3.1252876246673726
"[0.0984115548164768, 0.687979793165318, -0.9248280530467744, 0.45557669410127744]",29.88299748244776,3.1253504571487696
"[0.09839488034662659, 0.6879870459851231, -0.9248311906841256, 0.45556220077120274]",29.883042635997004,3.125413289630166
"[0.09837820144577517, 0.6879943019289505, -0.9248343285778121, 0.4555477016369147]",29.883087785080924,3.1254761221115626
"[0.09836152165212551, 0.6880015594583934, -0.9248374660616466, 0.45553319977299744]",29.883132929700377,3.1255389545929595
"[0.09834484047657452, 0.6880088187867701, -0.924840603227265, 0.45551869475355017]",29.883178068941596,3.125601787074356
"[0.09832815596838508, 0.6880160807637895, -0.9248437404410378, 0.455504184881207]",29.883223202697298,3.1256646195557525
"[0.0983114716992957, 0.6880233438354572, -0.9248468770309516, 0.4554896732613396]",29.883268334303917,3.125727452037149
"[0.09829478587600313, 0.6880306087828278, -0.9248500133338308, 0.45547515833369817]",29.883313461268546,3.125790284518546
"[0.09827809527113397, 0.6880378770120679, -0.9248531499557124, 0.45546063728938124]",29.88335858196602,3.1258531169999424
"[0.09826140484842374, 0.688045146362386, -0.9248562859632861, 0.45544611444583105]",29.883403698250973,3.125915949481339
"[0.09824471125412369, 0.6880524182950692, -0.924859421986291, 0.45543158688404556]",29.883448808177242,3.125978781962736
"[0.09822801637700462, 0.6880596919880986, -0.9248625576694228, 0.4554170562466629]",29.88349391275247,3.126041614444132
"[0.0982113192975063, 0.6880669678427607, -0.9248656931849633, 0.455402521732439]",29.883539015897565,3.126104446925529
"[0.09819462084049968, 0.6880742455002714, -0.9248688283775737, 0.4553879840585026]",29.88358411488237,3.1261672794069253
"[0.09817792134328261, 0.6880815248141701, -0.9248719631835446, 0.45537344351779013]",29.883629208013712,3.126230111888322
"[0.09816121686645043, 0.6880888075025405, -0.9248750983418175, 0.45535889667888946]",29.883674294305564,3.1262929443697187
"[0.09814451347246515, 0.6880960909230407, -0.9248782327141019, 0.4553443488202034]",29.883719379004425,3.126355776851115
"[0.09812780777753859, 0.6881033765515332, -0.9248813669350553, 0.45532979699415066]",29.883764460666423,3.1264186093325117
"[0.09811109840531246, 0.6881106649892099, -0.9248845012623298, 0.45531524000047074]",29.88380953251587,3.126481441813908
"[0.09809438915469477, 0.6881179545796807, -0.9248876349828942, 0.45530068114782957]",29.883854603557193,3.126544274295305
"[0.09807767768158682, 0.6881252463460857, -0.9248907685360079, 0.45528611839315275]",29.88389966879136,3.1266071067767016
"[0.09806096344001833, 0.6881325405274653, -0.9248939020235307, 0.4552715512595082]",29.883944727959605,3.126669939258098
"[0.09804424886209559, 0.6881398360630401, -0.9248970349890921, 0.4552569818657561]",29.883989786432025,3.126732771739495
"[0.09802753080747849, 0.6881471343241918, -0.9249001680208604, 0.455242407473633]",29.884034837333097,3.1267956042208915
"[0.09801081161839513, 0.6881544342891943, -0.9249033006793971, 0.45522783012394563]",29.884079885165864,3.126858436702288
"[0.0979940892546741, 0.6881617368495714, -0.9249064333464886, 0.45521324803684354]",29.884124923889168,3.1269212691836845
"[0.09797736615532086, 0.6881690409409449, -0.9249095655647601, 0.4551986633381684]",29.884169961935395,3.1269841016650815
"[0.09796064238042515, 0.6881763465374368, -0.9249126973226497, 0.4551840760798734]",29.884214997059406,3.127046934146478
"[0.09794391373521465, 0.6881836554724189, -0.9249158294051235, 0.4551694826017541]",29.884260022470258,3.1271097666278744
"[0.09792718433589374, 0.688190965948353, -0.9249189610409615, 0.4551548864933767]",29.884305043987204,3.1271725991092714
"[0.09791045274300567, 0.6881982785948413, -0.9249220924992168, 0.45514028649805643]",29.884350063125943,3.1272354315906674
"[0.09789372193218018, 0.6882055921118012, -0.9249252232226451, 0.45512568521178975]",29.884395080601525,3.1272982640720643
"[0.09787698795415184, 0.6882129082261073, -0.9249283539498648, 0.4551110791872767]",29.884440089012763,3.1273610965534613
"[0.09786025140443708, 0.6882202266782984, -0.9249314845689053, 0.4550964689430097]",29.88448509495393,3.1274239290348573
"[0.09784351177646193, 0.6882275476907751, -0.9249346151739708, 0.45508185403549484]",29.88453009185123,3.1274867615162543
"[0.0978267729008612, 0.6882348695887598, -0.9249377450482861, 0.4550672378084519]",29.884575088331463,3.1275495939976508
"[0.09781003009291102, 0.6882421944220488, -0.9249408750673926, 0.4550526161703966]",29.884620077603408,3.1276124264790477
"[0.09779328663953613, 0.6882495207534247, -0.9249440046163094, 0.4550379919907266]",29.884665066803656,3.127675258960444
"[0.09777653906590217, 0.6882568501041549, -0.9249471343440152, 0.4550233622332898]",29.884710044094405,3.1277380914418407
"[0.09775979241163608, 0.6882641802693161, -0.9249502633083045, 0.4550087312996095]",29.884755023294307,3.1278009239232376
"[0.09774304217325502, 0.688271513220715, -0.9249533923502093, 0.4549940952543756]",29.88479999256633,3.1278637564046337
"[0.09772629008690965, 0.6882788481991602, -0.9249565211448663, 0.45497945561336617]",29.884844960583198,3.1279265888860306
"[0.09770953525474259, 0.6882861855985635, -0.9249596498594679, 0.45496481159084534]",29.884889919011606,3.127989421367427
"[0.0976927818775223, 0.6882935235797021, -0.9249627777092639, 0.4549501668578602]",29.884934881560785,3.1280522538488236
"[0.09767602282094347, 0.688300865268155, -0.9249659060257405, 0.4549355151770085]",29.884979832313732,3.1281150863302205
"[0.09765926489058589, 0.6883082076833527, -0.924969033538044, 0.45492086249701436]",29.88502478283496,3.128177918811617
"[0.09764250407574641, 0.6883155525830398, -0.9249721609943373, 0.4549062053104305]",29.885069725434036,3.1282407512930135
"[0.09762574111971252, 0.6883228996423166, -0.9249752882554053, 0.45489154426608597]",29.885114665306222,3.12830358377441
"[0.0976089752613983, 0.6883302491956008, -0.924978415462707, 0.45487687869713683]",29.88515959886535,3.128366416255807
"[0.09759220777585637, 0.6883376006847197, -0.9249815423779223, 0.45486220971783]",29.88520452843322,3.1284292487372034
"[0.09757543962451345, 0.6883449536886861, -0.9249846688213752, 0.45484753816856677]",29.885249452975355,3.1284920812186
"[0.09755866799609654, 0.6883523094410026, -0.9249877953167558, 0.4548328615885619]",29.885294372942614,3.128554913699997
"[0.09754189620011935, 0.6883596664908498, -0.9249909212466659, 0.45481818287298786]",29.885339287864067,3.128617746181393
"[0.09752512182083801, 0.6883670258984944, -0.9249940470609481, 0.45480349990679947]",29.88538420147245,3.12868057866279
"[0.09750834405782151, 0.6883743880160396, -0.9249971729081827, 0.454788811988021]",29.88542910358145,3.1287434111441863
"[0.09749156577600765, 0.6883817515870498, -0.9250002982541408, 0.4547741216237565]",29.885474002976466,3.1288062436255832
"[0.09747478603403394, 0.6883891170251659, -0.9250034232738096, 0.4547594279891482]",29.885518901382,3.1288690761069797
"[0.09745800457242054, 0.6883964844449201, -0.9250065480150845, 0.45474473085611866]",29.885563792838866,3.128931908588376
"[0.0974412204023477, 0.6884038542811914, -0.9250096726615907, 0.45473002935759005]",29.88560867788525,3.128994741069773
"[0.09742443352491602, 0.688411226534366, -0.9250127972125772, 0.4547153234932847]",29.885653562132077,3.129057573551169
"[0.09740764562019293, 0.6884186004673094, -0.9250159213548723, 0.45470061473403905]",29.885698441234208,3.129120406032566
"[0.09739085587226844, 0.6884259764390023, -0.9250190452398996, 0.4546859023641915]",29.885743313363463,3.1291832385139626
"[0.09737406456600604, 0.6884333543249516, -0.9250221688142166, 0.4546711866324723]",29.885788182719864,3.129246070995359
"[0.09735726947447805, 0.6884407351045081, -0.9250252924915405, 0.454656465585987]",29.885833042320513,3.129308903476756
"[0.09734047450574596, 0.6884481170609252, -0.9250284155445623, 0.454641742649238]",29.885877901682218,3.1293717359581525
"[0.09732367747645006, 0.6884555011543569, -0.9250315383789185, 0.45462701590760163]",29.885922753309625,3.129434568439549
"[0.09730687773670257, 0.6884628876713016, -0.9250346611149198, 0.45461228479015797]",29.885967603465673,3.1294974009209455
"[0.0972900766060799, 0.6884702760323199, -0.925037783506797, 0.4545975504529566]",29.886012449194798,3.1295602334023425
"[0.09727327176940934, 0.6884776672563243, -0.9250409059842902, 0.4545828108644754]",29.886057286137568,3.129623065883739
"[0.09725646879390454, 0.6884850588952278, -0.9250440275125935, 0.4545680709070746]",29.886102120718515,3.1296858983651354
"[0.09723966002452418, 0.6884924543171836, -0.9250471495133367, 0.4545533238646114]",29.88614695064468,3.1297487308465324
"[0.09722285220120278, 0.688499850557624, -0.9250502707341444, 0.45453857564914746]",29.88619177804785,3.1298115633279284
"[0.09720603981857286, 0.6885072500398512, -0.925053392196911, 0.45452382142900555]",29.88623659437498,3.1298743958093254
"[0.09718922741905907, 0.6885146507654376, -0.9250565130577633, 0.4545090651894227]",29.88628141254917,3.129937228290722
"[0.09717241193223719, 0.6885220540866102, -0.9250596338862255, 0.4544943042346242]",29.88632622109684,3.130000060772119
"[0.0971555970628267, 0.6885294583728119, -0.9250627539943505, 0.4544795418160095]",29.886371031513384,3.1300628932535153
"[0.09713877618512576, 0.6885368665425347, -0.9250658746110137, 0.4544647721153169]",29.886415828758462,3.1301257257349118
"[0.09712195601150626, 0.6885442756404109, -0.9250689944903895, 0.4544500010251671]",29.886460623418568,3.1301885582163087
"[0.09710513496000145, 0.688551686363583, -0.9250721139256359, 0.45443522715599516]",29.88650541834708,3.1302513906977047
"[0.09708830981609934, 0.6885591001290762, -0.9250752335123502, 0.4544204476833294]",29.8865502044981,3.1303142231791017
"[0.09707148241505022, 0.6885665161292049, -0.9250783529096479, 0.4544056642178503]",29.886594982392243,3.130377055660498
"[0.09705465467240626, 0.6885739335203398, -0.9250814717620287, 0.45439087844168313]",29.88663976156396,3.1304398881418947
"[0.09703782397946177, 0.688581353452995, -0.9250845905525527, 0.4543760880618093]",29.886684534427996,3.1305027206232916
"[0.097020992964556, 0.6885887747691081, -0.9250877087937364, 0.4543612953870541]",29.886729302509544,3.130565553104688
"[0.09700415732029506, 0.6885961993687765, -0.9250908272830698, 0.45434649663049836]",29.88677405959396,3.1306283855860846
"[0.09698732268494481, 0.6886036247661832, -0.9250939449757091, 0.4543316967473166]",29.88681882396294,3.130691218067481
"[0.09697048312616036, 0.688611053578681, -0.9250970629698213, 0.45431689052119356]",29.88686357295577,3.130754050548878
"[0.09695364530794262, 0.6886184828670697, -0.9251001800310716, 0.45430208381060666]",29.88690832438629,3.1308168830302745
"[0.09693680132439238, 0.6886259161204167, -0.9251032976225181, 0.4542872696622433]",29.886953065040714,3.130879715511671
"[0.09691995768874194, 0.6886333504653664, -0.9251064145380696, 0.45427245380310033]",29.886997799833686,3.130942547993068
"[0.09690311405019712, 0.6886407860569977, -0.9251095308423972, 0.4542576359243872]",29.887042539539667,3.1310053804744644
"[0.09688626513882227, 0.6886482252225883, -0.9251126475099595, 0.4542428113887361]",29.887087265619925,3.131068212955861
"[0.09686941491218921, 0.6886556662158028, -0.925115763808074, 0.45422798367674394]",29.887131990117,3.1311310454372574
"[0.09685256346884984, 0.6886631089936918, -0.9251188797181111, 0.4542131528743855]",29.887176710216572,3.1311938779186543
"[0.09683571114526836, 0.6886705534081748, -0.9251219951774784, 0.454198319277105]",29.887221424391818,3.131256710400051
"[0.09681885538764809, 0.6886780005881308, -0.9251251106577952, 0.4541834806359734]",29.887266133828444,3.1313195428814473
"[0.09680199733932716, 0.6886854500293517, -0.9251282259471564, 0.45416863795616447]",29.887310837882968,3.1313823753628443
"[0.09678513813308662, 0.6886929012319399, -0.9251313408357771, 0.4541537922341274]",29.887355537538227,3.1314452078442407
"[0.09676827657444838, 0.6887003547244944, -0.9251344555438917, 0.4541389424171148]",29.887400231495242,3.1315080403256372
"[0.09675141424743056, 0.6887078098074519, -0.9251375697784608, 0.45412408989930164]",29.887444922098496,3.131570872807034
"[0.09673455076132464, 0.6887152666540581, -0.9251406836112714, 0.4541092343359038]",29.887489610802472,3.13163370528843
"[0.09671768176679156, 0.6887227271885679, -0.9251437978447997, 0.4540943718939678]",29.887534287281994,3.131696537769827
"[0.09670081257278873, 0.6887301890639589, -0.9251469114983617, 0.4540795072496243]",29.887578963868382,3.1317593702512236
"[0.09668394244025524, 0.688737652607569, -0.9251500247080422, 0.4540646397511259]",29.88762363427248,3.13182220273262
"[0.09666707005360338, 0.6887451184020517, -0.9251531377161861, 0.4540497682382194]",29.88766830153078,3.131885035214017
"[0.09665019397909845, 0.6887525870827923, -0.9251562507867224, 0.4540348914457976]",29.887712958149038,3.1319478676954136
"[0.09663331822107507, 0.6887600568782979, -0.9251593631805356, 0.45402001290290545]",29.887757616790896,3.13201070017681
"[0.09661643798821579, 0.6887675299101104, -0.9251624757807978, 0.45400512838424584]",29.88780226358202,3.1320735326582065
"[0.09659955837013412, 0.6887750039257496, -0.9251655876485356, 0.4539902423766868]",29.88784691264568,3.1321363651396035
"[0.0965826772959128, 0.6887824798425658, -0.9251686991652254, 0.45397535305345965]",29.88789155747659,3.132199197621
"[0.09656579115229265, 0.6887899592617409, -0.9251718109962359, 0.4539604572261489]",29.88793619146245,3.1322620301023965
"[0.09654890557650515, 0.6887974396871569, -0.9251749221022073, 0.4539455598664356]",29.887980822200458,3.1323248625837934
"[0.09653201709721847, 0.6888049226571927, -0.9251780331223239, 0.453930657911006]",29.88802544929681,3.13238769506519
"[0.09651512733478558, 0.6888124074546609, -0.925181143757603, 0.4539157527885642]",29.88807007080897,3.1324505275465864
"[0.09649823377300416, 0.6888198951954947, -0.9251842544709128, 0.45390084227735844]",29.888114686440954,3.132513360027983
"[0.09648134085568222, 0.688827383910704, -0.9251873644435487, 0.4538859302987002]",29.888159299341368,3.13257619250938
"[0.09646444514016823, 0.6888348751269776, -0.9251904743089102, 0.45387101381294037]",29.888203908092375,3.1326390249907763
"[0.096447546855548, 0.6888423687436286, -0.925193584024271, 0.45385609302107316]",29.888248509629683,3.132701857472173
"[0.09643064527562331, 0.6888498650836502, -0.9251966937226755, 0.45384116728051505]",29.88829310594629,3.1327646899535697
"[0.09641374421401094, 0.6888573624561979, -0.9251998027020402, 0.45382623995826216]",29.888337699067005,3.1328275224349658
"[0.09639683936486147, 0.6888648627720217, -0.925202911753985, 0.4538113072504223]",29.888382285385692,3.1328903549163627
"[0.0963799334663841, 0.688872364817076, -0.9252060203743757, 0.4537963715745864]",29.888426866594546,3.132953187397759
"[0.09636302593917288, 0.6888798688490677, -0.9252091286693365, 0.45378143241809143]",29.888471443629022,3.1330160198791557
"[0.09634611576907896, 0.688887375318881, -0.9252122368248036, 0.45376648888377974]",29.88851601610092,3.1330788523605526
"[0.09632920362738583, 0.6888948839293441, -0.9252153447168667, 0.45375154156373243]",29.88856058372962,3.133141684841949
"[0.0963122903951019, 0.6889023942899474, -0.9252184521831887, 0.4537365912357503]",29.888605149429146,3.133204517323346
"[0.0962953745813329, 0.6889099070634367, -0.9252215594972161, 0.4537216365810011]",29.888649707113956,3.133267349804742
"[0.09627845812655465, 0.6889174213886501, -0.9252246663020509, 0.4537066793141072]",29.88869426208781,3.133330182286139
"[0.09626153806963177, 0.6889249385817053, -0.9252277731410165, 0.4536917168158068]",29.888738807826133,3.1333930147675355
"[0.09624461761541869, 0.688932457219504, -0.9252308794251495, 0.45367675191914736]",29.88878335203494,3.133455847248932
"[0.09622769219654594, 0.6889399793324668, -0.9252339859923667, 0.45366178058335155]",29.88882789025715,3.133518679730329
"[0.09621076644739861, 0.6889475028618406, -0.9252370919914882, 0.45364680690649106]",29.888872422066832,3.1335815122117254
"[0.0961938402675795, 0.6889550278526351, -0.9252401974406241, 0.45363183079930974]",29.888916952469398,3.133644344693122
"[0.0961769112715869, 0.6889625553660564, -0.9252433027769911, 0.4536168501502452]",29.888961474788363,3.1337071771745184
"[0.09615997916213802, 0.6889700855352459, -0.9252464080545229, 0.45360186469486513]",29.889005992742124,3.1337700096559153
"[0.09614304692682903, 0.688977617032214, -0.9252495127248515, 0.45358687707638135]",29.889050506421512,3.133832842137312
"[0.09612611157212012, 0.6889851511891535, -0.9252526173364174, 0.4535718846441681]",29.889095015384108,3.1338956746187083
"[0.09610917356556022, 0.6889926877990111, -0.925255721802916, 0.4535568878107836]",29.889139517191126,3.1339585071001053
"[0.09609223514910668, 0.6890002258648668, -0.9252588257129893, 0.45354188856038746]",29.889184017529555,3.1340213395815013
"[0.09607529314526084, 0.6890077668015454, -0.9252619296484097, 0.45352688407822206]",29.889228508793376,3.1340841720628982
"[0.09605835086296965, 0.68901530913696, -0.9252650330024582, 0.45351187729381187]",29.889272998987163,3.1341470045442947
"[0.09604140622868834, 0.6890228537948234, -0.9252681361545252, 0.4534968663696896]",29.889317481739532,3.1342098370256912
"[0.096024459213215, 0.6890304007889155, -0.9252712391094409, 0.4534818512788919]",29.889361960811158,3.134272669507088
"[0.09600750701448021, 0.6890379513682894, -0.9252743423795418, 0.45346682953702866]",29.889406431940625,3.1343355019884847
"[0.09599055696158289, 0.6890455022691586, -0.9252774446227264, 0.4534518076377541]",29.88945090029215,3.1343983344698816
"[0.0959736056656741, 0.6890530550013871, -0.9252805464590087, 0.4534367825775749]",29.88949536666028,3.1344611669512776
"[0.09595665030836019, 0.6890606108216156, -0.9252836484035455, 0.453421751857103]",29.889539824316373,3.1345239994326746
"[0.09593969418776388, 0.689068168260957, -0.925286749852405, 0.4534067183988889]",29.889584277901623,3.134586831914071
"[0.09592273432298766, 0.6890757286488205, -0.9252898513503002, 0.4533916795589202]",29.88962872815522,3.1346496643954675
"[0.09590577429498084, 0.689083290389632, -0.9252929522418795, 0.45337663851151744]",29.889673170729523,3.1347124968768645
"[0.09588881103040908, 0.6890908548543433, -0.9252960530885928, 0.45336159253016217]",29.88971761080742,3.134775329358261
"[0.09587184526268536, 0.6890984217168601, -0.9252991537557749, 0.4533465422640132]",29.889762042125806,3.1348381618396575
"[0.09585488078322847, 0.6891059892866037, -0.9253022535501693, 0.4533314910759173]",29.889806473125454,3.134900994321054
"[0.09583791149508371, 0.6891135602840415, -0.9253053535853497, 0.4533164335555795]",29.889850895229813,3.134963826802451
"[0.09582093998473062, 0.6891211335562931, -0.9253084533881345, 0.45330137199649445]",29.88989531399207,3.1350266592838474
"[0.09580396784916473, 0.6891287083913288, -0.9253115526664089, 0.45328630781513546]",29.88993972621597,3.135089491765244
"[0.09578699395351083, 0.6891362852962518, -0.9253146516269953, 0.45327124000343477]",29.889984136275412,3.135152324246641
"[0.09577001857273894, 0.6891438641489775, -0.925317750219239, 0.45325616880460295]",29.89002854251594,3.135215156728037
"[0.09575303650620957, 0.6891514472726357, -0.925320849391695, 0.45324108959955584]",29.89007293378012,3.135277989209434
"[0.09573605707329214, 0.6891590305065244, -0.9253239474431119, 0.4532260106623946]",29.890117329959633,3.1353408216908307
"[0.09571907442078595, 0.6891666164651473, -0.9253270454411445, 0.4532109267946271]",29.890161720273348,3.1354036541722268
"[0.09570209039978365, 0.6891742043224619, -0.9253301430475819, 0.45319583963924126]",29.89020610249861,3.1354664866536237
"[0.09568510564077075, 0.689181793797333, -0.9253332401470392, 0.45318074975561445]",29.89025048204109,3.13552931913502
"[0.09566811506167787, 0.6891893871616869, -0.9253363376655622, 0.4531656526271396]",29.890294856679,3.135592151616417
"[0.09565112443059394, 0.6891969818386389, -0.9253394345509761, 0.45315055337772625]",29.890339223158374,3.1356549840978136
"[0.09563413278230733, 0.6892045782600639, -0.9253425309788719, 0.45313545114909887]",29.890383589189256,3.13571781657921
"[0.09561713934455913, 0.6892121767718359, -0.9253456270895449, 0.4531203452540526]",29.890427946356215,3.135780649060607
"[0.095600143640289, 0.6892197775880449, -0.9253487229694046, 0.45310523526745566]",29.89047230182236,3.135843481542003
"[0.09558314430770763, 0.6892273813186656, -0.9253518188659059, 0.45309011997725107]",29.890516646831585,3.1359063140234
"[0.09556614444503939, 0.689234986578678, -0.9253549142142831, 0.45307500213718677]",29.890560990336365,3.1359691465047965
"[0.09554914214480925, 0.689242594222069, -0.9253580093614092, 0.4530598800501173]",29.890605330239268,3.136031978986193
"[0.09553213712685778, 0.6892502043750856, -0.9253611043577152, 0.4530447534656162]",29.890649661225147,3.13609481146759
"[0.09551513159235767, 0.6892578160533325, -0.9253641988021148, 0.45302962434079574]",29.89069399011638,3.1361576439489864
"[0.09549812411315578, 0.6892654298966384, -0.9253672929540667, 0.4530144914043264]",29.89073831466345,3.136220476430383
"[0.09548111167812509, 0.6892730472541049, -0.9253703873607121, 0.452999351975392]",29.89078262995992,3.1362833089117794
"[0.09546410176625346, 0.6892806647775852, -0.9253734806612751, 0.45298421270881145]",29.8908269439164,3.1363461413931764
"[0.09544708546589478, 0.6892882864587178, -0.9253765744758649, 0.452969065671967]",29.890871250267235,3.136408973874573
"[0.09543007037519967, 0.6892959088951548, -0.9253796674224524, 0.45295391762708037]",29.890915553654985,3.1364718063559693
"[0.09541305112738904, 0.6893035344917557, -0.925382760476146, 0.4529387637954112]",29.890959850101957,3.1365346388373663
"[0.0953960334281337, 0.6893111606926604, -0.9253858525995787, 0.452923609256463]",29.891004145350312,3.1365974713187628
"[0.09537900875942097, 0.6893187913160054, -0.9253889453398879, 0.45290844642349726]",29.891048429402293,3.1366603038001593
"[0.09536198651848295, 0.6893264221506856, -0.9253920369894134, 0.4528932836649108]",29.891092713781813,3.1367231362815557
"[0.09534495974546134, 0.6893340563172666, -0.9253951288118321, 0.45287811478042134]",29.891136991927105,3.1367859687629527
"[0.09532793100858532, 0.6893416926652913, -0.9253982203401416, 0.4528629420565332]",29.891181260601947,3.136848801244349
"[0.09531089969049739, 0.6893493314724423, -0.9254013116858815, 0.4528477649420216]",29.89122552709779,3.1369116337257457
"[0.09529387082117124, 0.6893569704830288, -0.9254044019357756, 0.45283258791890313]",29.89126979443179,3.1369744662071426
"[0.09527683656100441, 0.6893646132144885, -0.9254074925120338, 0.45281740399924686]",29.89131405002759,3.1370372986885386
"[0.0952597990672354, 0.6893722587002008, -0.9254105830225008, 0.4528022151041052]",29.891358300042217,3.1371001311699356
"[0.09524276213730495, 0.6893799052367371, -0.925413672777894, 0.45278702461804016]",29.891402548942242,3.137162963651332
"[0.09522572151491422, 0.6893875547350702, -0.9254167625496668, 0.45277182874517413]",29.8914467888948,3.1372257961327286
"[0.09520867946846602, 0.6893952061778205, -0.925419851925941, 0.45275662950708156]",29.891491027771462,3.1372886286141255
"[0.09519163451073426, 0.6894028602335227, -0.9254229411757905, 0.45274142557624336]",29.891535252583072,3.137351461095522
"[0.0951745898342796, 0.6894105154691708, -0.925426029720159, 0.45272621979958866]",29.891579481679845,3.1374142935769185
"[0.09515754238925471, 0.689418173255133, -0.9254291181112644, 0.45271100945553605]",29.891623703887905,3.137477126058315
"[0.09514049071609568, 0.689425834248152, -0.9254322066128481, 0.4526957932402258]",29.891667918914063,3.137539958539712
"[0.09512343857733094, 0.6894334967586674, -0.9254352945428602, 0.45268057450997756]",29.891712129059513,3.1376027910211084
"[0.09510638514374689, 0.689441161159802, -0.9254383820510804, 0.4526653525241012]",29.891756333193467,3.137665623502505
"[0.09508932773886866, 0.6894488286553742, -0.925441469621497, 0.45265012489227363]",29.891800534192466,3.137728455983902
"[0.09507226983192699, 0.6894564976867525, -0.925444556625602, 0.45263489471043644]",29.89184472889046,3.1377912884652983
"[0.09505521100813087, 0.6894641684408993, -0.9254476431380979, 0.45261966160766437]",29.891888921610672,3.137854120946695
"[0.09503814811056416, 0.6894718423382583, -0.9254507297296055, 0.4526044227636714]",29.891933105979223,3.1379169534280913
"[0.09502108506759652, 0.6894795176128875, -0.9254538156889734, 0.45258918168576884]",29.891977286088128,3.1379797859094882
"[0.09500401867181095, 0.6894871957082277, -0.9254569015958094, 0.45257393550810054]",29.892021460012625,3.1380426183908847
"[0.09498694997168718, 0.6894948761535717, -0.9254599872599073, 0.4525586851659179]",29.892065628936486,3.138105450872281
"[0.0949698808651761, 0.6895025580955108, -0.9254630723377234, 0.4525434323541734]",29.892109793236173,3.138168283353678
"[0.09495280849999994, 0.6895102428184477, -0.9254661573442828, 0.4525281745231027]",29.892153952095672,3.138231115835074
"[0.09493573385439079, 0.6895179298830086, -0.9254692421022136, 0.45251291254562354]",29.892198106596638,3.138293948316471
"[0.09491865859630923, 0.689525618538926, -0.9254723263097249, 0.45249764791176506]",29.892242256776747,3.1383567807978676
"[0.09490158016594058, 0.6895333099395765, -0.9254754104286809, 0.452482378332145]",29.892286398464183,3.138419613279264
"[0.094884501739082, 0.6895410026554067, -0.9254784938851083, 0.4524671066452817]",29.89233054145852,3.138482445760661
"[0.09486741783781584, 0.6895486991548143, -0.9254815776674241, 0.4524518279514327]",29.89237467215011,3.1385452782420575
"[0.09485033373817972, 0.6895563970618364, -0.9254846608226531, 0.4524365469677846]",29.892418800333687,3.138608110723454
"[0.09483324851494389, 0.6895640967938487, -0.9254877435174067, 0.45242126286618645]",29.892462923534207,3.1386709432048505
"[0.0948161601056879, 0.689571799281137, -0.9254908261232715, 0.45240597380050995]",29.892507041152538,3.1387337756862475
"[0.0947990703425189, 0.6895795036987279, -0.9254939083092034, 0.4523906814087952]",29.892551155154866,3.138796608167644
"[0.09478197888643863, 0.6895872102001206, -0.9254969901358786, 0.4523753853868113]",29.892595262480288,3.1388594406490404
"[0.09476488271628596, 0.6895949201486083, -0.9255000721473968, 0.4523600830292589]",29.89263936181055,3.1389222731304374
"[0.09474778784918744, 0.6896026308313287, -0.9255031532585364, 0.4523447797209662]",29.892683459623356,3.138985105611834
"[0.09473068955232752, 0.6896103443835991, -0.9255062343219109, 0.4523294712244018]",29.892727551576964,3.1390479380932303
"[0.0947135894583562, 0.6896180600697983, -0.9255093150427335, 0.45231415900003374]",29.892771638812068,3.139110770574627
"[0.09469648690296104, 0.6896257781904893, -0.9255123955401481, 0.45229884245188473]",29.89281572383967,3.1391736030560238
"[0.09467938256484394, 0.6896334984401916, -0.925515475691375, 0.45228352218667556]",29.89285979535016,3.1392364355374203
"[0.09466227734123882, 0.6896412204145576, -0.9255185553343982, 0.4522681990072362]",29.892903869676772,3.1392992680188168
"[0.09464516916169938, 0.6896489450490483, -0.9255216348414668, 0.45225287105776896]",29.892947935329545,3.1393621005002137
"[0.09462805704472474, 0.6896566727879093, -0.9255247143885758, 0.4522375374573507]",29.892991992659034,3.1394249329816097
"[0.09461094807212794, 0.6896644004334822, -0.9255277927009163, 0.4522222045512425]",29.893036052209993,3.1394877654630067
"[0.09459383195137015, 0.6896721326353814, -0.9255308716298477, 0.4522068631143275]",29.893080101726234,3.1395505979444036
"[0.09457671568527894, 0.6896798662312689, -0.9255339499149469, 0.452191519421643]",29.893124144361845,3.1396134304257997
"[0.0945595976925074, 0.689687601936167, -0.925537027840219, 0.45217617205495136]",29.893168185889447,3.1396762629071966
"[0.09454247684597009, 0.6896953402602687, -0.9255401056077643, 0.4521608200025686]",29.89321222008793,3.139739095388593
"[0.09452535411526482, 0.6897030807662078, -0.9255431830427141, 0.4521454641327126]",29.893256248849163,3.1398019278699896
"[0.09450823134895193, 0.689710822618861, -0.9255462598124321, 0.45213010610252385]",29.893300275374056,3.1398647603513865
"[0.09449110406840833, 0.6897185678440398, -0.9255493367211203, 0.4521147418937853]",29.89334429139774,3.139927592832783
"[0.09447397546617409, 0.6897263149990311, -0.9255524131946072, 0.452099374368986]",29.89338830527656,3.13999042531418
"[0.09445684464864297, 0.6897340644887378, -0.9255554893928989, 0.4520840027254176]",29.89343231245793,3.140053257795576
"[0.09443971293492157, 0.6897418157171201, -0.9255585650786505, 0.45206862814582005]",29.893476316444396,3.140116090276973
"[0.09442257771297341, 0.6897495698668292, -0.9255616407202562, 0.45205324828491733]",29.89352031564006,3.1401789227583694
"[0.0944054418787665, 0.6897573256281643, -0.9255647157973805, 0.45203786574091726]",29.893564308546484,3.140241755239766
"[0.09438830234709003, 0.6897650843983345, -0.9255677908631306, 0.4520224777431469]",29.893608291342506,3.140304587721163
"[0.09437116431254329, 0.6897728438264071, -0.9255708649851069, 0.452007088954631]",29.893652278253803,3.1403674202025593
"[0.09435401976674941, 0.6897806075391804, -0.9255739395992183, 0.4519916921831153]",29.893696252396534,3.140430252683956
"[0.09433687667658709, 0.6897883719298483, -0.9255770132761398, 0.451976294582052]",29.8937402271948,3.1404930851653523
"[0.09431972724766068, 0.6897961405295246, -0.9255800874127894, 0.45196088914941385]",29.89378418810618,3.1405559176467492
"[0.0943025785786832, 0.6898039101235119, -0.9255831607360595, 0.4519454822606421]",29.893828151068487,3.1406187501281457
"[0.0942854290944477, 0.6898116814258282, -0.9255862335279589, 0.45193007250018014]",29.893872107810186,3.140681582609542
"[0.09426827657973677, 0.6898194554410222, -0.925589306184904, 0.4519146578765552]",29.8939160554741,3.140744415090939
"[0.09425112126963, 0.6898272320636184, -0.9255923786641257, 0.45189923859953524]",29.893960000896705,3.140807247572335
"[0.09423396580267795, 0.6898350100981973, -0.925595450492605, 0.4518838170398035]",29.894003942483003,3.140870080053732
"[0.09421680569816455, 0.689842791577133, -0.9255985224720781, 0.4518683891682915]",29.894047876184437,3.1409329125351286
"[0.094199647493206, 0.6898505735367301, -0.9256015934318249, 0.4518529608613833]",29.89409181035427,3.140995745016525
"[0.09418248386494253, 0.6898583592989479, -0.9256046646819837, 0.4518375255335273]",29.89413573284448,3.141058577497922
"[0.09416531776553311, 0.689866147525882, -0.9256077356935362, 0.45182208583780603]",29.89417964956099,3.1411214099793185
"[0.09414815072289894, 0.6898739375250613, -0.9256108061926376, 0.45180664314748764]",29.894223561823168,3.1411842424607155
"[0.09413098200254909, 0.689881729630363, -0.9256138763102283, 0.45179119680110336]",29.89426746990323,3.1412470749421115
"[0.09411381061840501, 0.689889524290213, -0.9256169462220717, 0.4517757459102901]",29.89431137231301,3.1413099074235085
"[0.09409663697495645, 0.6898973213218876, -0.9256200158552736, 0.4517602908377808]",29.89435526987743,3.141372739904905
"[0.09407946273772864, 0.6899051199698814, -0.9256230849116743, 0.4517448330815677]",29.894399161246582,3.1414355723863014
"[0.09406228565815028, 0.6899129212559791, -0.9256261537925983, 0.4517293706168401]",29.894443051227586,3.1414984048676984
"[0.09404510738720502, 0.6899207244311609, -0.925629222202545, 0.4517139049286919]",29.894486932938854,3.141561237349095
"[0.09402792513649179, 0.6899285307629834, -0.9256322906389826, 0.4516984335054125]",29.89453080784399,3.1416240698304914
"[0.09401074016510041, 0.6899363396805287, -0.9256353588763664, 0.4516829574791355]",29.8945746764024,3.1416869023118883
"[0.0939935571761045, 0.6899441490471168, -0.925638426074664, 0.4516674810847739]",29.894618542735223,3.141749734793285
"[0.09397636817568418, 0.6899519624966024, -0.9256414936602535, 0.451651997121357]",29.894662403459108,3.1418125672746813
"[0.09395917946503068, 0.6899597771657124, -0.9256445605079758, 0.4516365112636334]",29.89470625753486,3.141875399756078
"[0.09394198870885667, 0.6899675941167014, -0.9256476270340974, 0.45162102140700255]",29.894750107271882,3.1419382322374747
"[0.09392479366710056, 0.6899754143692318, -0.9256506936375365, 0.4516055255315331]",29.894793950288967,3.1420010647188708
"[0.09390759829757606, 0.6899832361241868, -0.9256537596118726, 0.45159002720272623]",29.89483779045474,3.142063897200268
"[0.09389040203509963, 0.689991059639128, -0.9256568250575126, 0.45157452591061686]",29.894881625993772,3.142126729681664
"[0.09387320192657082, 0.6899988862584635, -0.9256598905003066, 0.45155901899196765]",29.8949254529304,3.1421895621630607
"[0.09385600006086649, 0.6900067150326842, -0.9256629555673367, 0.4515435083286297]",29.89496927258913,3.1422523946444576
"[0.09383879649288464, 0.6900145459375508, -0.925666020248317, 0.45152799396911236]",29.895013088842152,3.142315227125854
"[0.09382159042895374, 0.6900223793351412, -0.925669084684093, 0.4515124751965789]",29.895056903017213,3.1423780596072506
"[0.09380438366279129, 0.6900302144095608, -0.9256721485547061, 0.45149695362788633]",29.89510070958146,3.1424408920886475
"[0.0937871721812265, 0.6900380529891663, -0.9256752125741297, 0.451481425641561]",29.89514450819641,3.142503724570044
"[0.09376996050347919, 0.6900458930166945, -0.9256782759372529, 0.4514658953135285]",29.89518830487216,3.1425665570514405
"[0.09375274743311518, 0.6900537350376491, -0.9256813388566277, 0.451450361563597]",29.895232097500188,3.1426293895328374
"[0.09373553177668707, 0.6900615795965628, -0.9256844015440779, 0.4514348233136536]",29.895275883216453,3.142692222014234
"[0.0937183126831279, 0.6900694270822486, -0.9256874641503612, 0.45141927979412766]",29.895319661714915,3.14275505449563
"[0.0937010940988658, 0.6900772756968548, -0.9256905259730802, 0.4514037345665041]",29.895363437406576,3.1428178869770274
"[0.09368387138238526, 0.6900851275568499, -0.9256935878370779, 0.45138818343932746]",29.8954072058641,3.1428807194584234
"[0.09366664808474016, 0.6900929810441925, -0.9256966491104657, 0.4513726296177755]",29.895450969979297,3.14294355193982
"[0.09364942132301621, 0.6901008374742448, -0.9256997103051127, 0.4513570704972855]",29.89549472915581,3.143006384421217
"[0.0936321931754916, 0.690108695900104, -0.9257027710511176, 0.4513415079536871]",29.89553848211546,3.1430692169026133
"[0.09361496105675993, 0.6901165575020606, -0.9257058318071751, 0.4513259396501621]",29.895582225918577,3.14313204938401
"[0.09359773058170123, 0.6901244197190524, -0.9257088915755582, 0.4513103706587607]",29.89562597123595,3.1431948818654067
"[0.0935804961043122, 0.690132285128017, -0.9257119513584138, 0.4512947958770409]",29.895669706740488,3.1432577143468032
"[0.0935632592766708, 0.690140152976053, -0.9257150108617597, 0.45127921679647426]",29.89571343873665,3.1433205468281997
"[0.0935460192859141, 0.6901480236351857, -0.9257180702292451, 0.4512636326809976]",29.895757161549543,3.1433833793095967
"[0.09352877919162582, 0.6901558957093334, -0.9257211289174272, 0.4512480462953691]",29.895800882860307,3.143446211790993
"[0.09351153705377595, 0.690163770084932, -0.9257241872700717, 0.45123245588490996]",29.89584459910141,3.143509044272389
"[0.09349429250478271, 0.6901716469307196, -0.9257272453518098, 0.45121686111607084]",29.895888310260762,3.1435718767537866
"[0.0934770448748042, 0.6901795265536693, -0.9257303032807902, 0.4512012613816948]",29.895932009999335,3.1436347092351826
"[0.09345979648911583, 0.6901874078922252, -0.9257333606442347, 0.4511856587838805]",29.895975711095055,3.143697541716579
"[0.0934425447850911, 0.6901952921181863, -0.9257364178958232, 0.4511700510033711]",29.89601940154807,3.1437603741979765
"[0.09342529188963913, 0.6902031782604048, -0.9257394746580626, 0.45115443996321]",29.896063090992364,3.1438232066793725
"[0.09340803582781587, 0.6902110672224591, -0.9257425312803003, 0.45113882387524157]",29.896106772238543,3.14388603916077
"[0.09339077998748545, 0.690218957456211, -0.9257455871619513, 0.4511232058044535]",29.896150450157997,3.143948871642166
"[0.09337352173824663, 0.6902268501650138, -0.9257486427684062, 0.45110758336934126]",29.896194123834366,3.1440117041235625
"[0.09335625957045776, 0.6902347460403496, -0.9257516983662674, 0.4510919552018327]",29.896237789036853,3.1440745366049594
"[0.09333899567500968, 0.6902426440811135, -0.9257547535670745, 0.4510763232840031]",29.89628144635226,3.144137369086356
"[0.09332173045319433, 0.6902505441044174, -0.9257578082993236, 0.45106068797829624]",29.89632510164246,3.1442002015677524
"[0.0933044635136075, 0.6902584462900682, -0.9257608626317765, 0.4510450489293287]",29.896368752968534,3.1442630340491493
"[0.09328719419963595, 0.690266350939361, -0.9257639166800392, 0.4510294055413136]",29.896412398958596,3.144325866530546
"[0.09326992179299332, 0.6902742583820972, -0.9257669705704953, 0.45101375716217673]",29.89645603507941,3.1443886990119423
"[0.09325264815013187, 0.6902821677692365, -0.9257700239743429, 0.45099810547265545]",29.896499667700052,3.1444515314933392
"[0.0932353725854233, 0.6902900794154183, -0.9257730770122907, 0.4509824498505835]",29.89654329589705,3.1445143639747357
"[0.09321809518339451, 0.690297993282739, -0.9257761296688622, 0.4509667903714852]",29.896586921014,3.1445771964561318
"[0.09320081516761355, 0.690305909727717, -0.9257791820806657, 0.4509511263304455]",29.896630536767187,3.144640028937529
"[0.09318353216484462, 0.6903138289223326, -0.9257822343129932, 0.45093545738775215]",29.896674145972757,3.144702861418925
"[0.09316624995279385, 0.6903217491362384, -0.9257852856982454, 0.45091978696752655]",29.896717754631023,3.1447656939003217
"[0.09314896264041782, 0.6903296730700796, -0.9257883372759915, 0.45090410972698164]",29.89676135330318,3.1448285263817186
"[0.0931316734796995, 0.6903375992344168, -0.9257913884714613, 0.45088842861357425]",29.89680494531962,3.144891358863115
"[0.09311438458248568, 0.6903455266616245, -0.9257944389115522, 0.4508727455420712]",29.896848537212342,3.1449541913445116
"[0.09309709231661456, 0.6903534570178623, -0.9257974892366254, 0.45085705721673747]",29.896892122546987,3.1450170238259085
"[0.09307979748530386, 0.6903613899358102, -0.925800539304331, 0.45084136436483196]",29.89693570063866,3.145079856307305
"[0.0930625011589788, 0.690369324925322, -0.9258035889253332, 0.4508256679564947]",29.8969792728237,3.1451426887887015
"[0.09304520128981694, 0.6903772629268159, -0.9258066384600838, 0.450809966132029]",29.897022837316754,3.1452055212700984
"[0.09302790186696867, 0.6903852021105964, -0.9258096872049001, 0.45079426251115845]",29.897066404007333,3.145268353751495
"[0.09301059902617177, 0.6903931442507804, -0.9258127358403091, 0.450778553585175]",29.897109958220426,3.145331186232891
"[0.09299329460274296, 0.6904010885058864, -0.9258157840423286, 0.4507628410190315]",29.897153508947312,3.1453940187142884
"[0.0929759885478408, 0.6904090348990711, -0.9258188318190577, 0.4507471247674181]",29.8971970571722,3.1454568511956844
"[0.09295867741453068, 0.6904169850142092, -0.9258218797768198, 0.4507314016984239]",29.897240591970462,3.145519683677081
"[0.09294136640002706, 0.6904249364654277, -0.925824926999934, 0.450715676531197]",29.897284125790183,3.145582516158478
"[0.09292405343622495, 0.6904328902032335, -0.9258279738520251, 0.45069994738639485]",29.897327657251868,3.1456453486398743
"[0.0929067385336306, 0.6904408462236139, -0.925831020330699, 0.4506842142724732]",29.897371180608157,3.145708181121271
"[0.0928894208692303, 0.690448804905646, -0.9258340665801645, 0.45066847644036184]",29.89741469831358,3.1457710136026678
"[0.09287210045903624, 0.6904567662429828, -0.9258371125969579, 0.45065273390321064]",29.897458206772743,3.1458338460840642
"[0.09285478038215736, 0.6904647288209472, -0.9258401578391225, 0.4506369894588171]",29.897501715826692,3.1458966785654607
"[0.09283745733000455, 0.690472694161263, -0.9258432028879111, 0.4506212400987303]",29.897545217414372,3.1459595110468577
"[0.09282013025558881, 0.6904806627465452, -0.92584624792662, 0.4506054848693809]",29.897588711159834,3.146022343528254
"[0.09280280245988516, 0.6904886330596189, -0.9258492923745408, 0.45058972677103876]",29.897632202488698,3.146085176009651
"[0.09278547385185149, 0.6904966051428927, -0.9258523362472657, 0.45057396572027103]",29.897675687930384,3.1461480084910476
"[0.09276814144050051, 0.690504580373261, -0.925855380069597, 0.4505581989954539]",29.89771916392011,3.1462108409724436
"[0.09275080711169861, 0.6905125578840509, -0.925858423509671, 0.45054242831060715]",29.89776263865415,3.146273673453841
"[0.09273347063559159, 0.6905205377818695, -0.9258614666072882, 0.4505266534555018]",29.89780610509542,3.146336505935237
"[0.09271613157515379, 0.6905285202687975, -0.9258645094385601, 0.45051087403122375]",29.89784956449749,3.1463993384166336
"[0.09269879167709286, 0.6905365045414548, -0.9258675516964356, 0.45049509162636137]",29.897893022817026,3.1464621708980305
"[0.09268145042069512, 0.6905444908402228, -0.9258705934718278, 0.450479305766202]",29.897936476369182,3.146525003379427
"[0.09266410580968715, 0.6905524800853802, -0.9258736351142954, 0.4504635146322713]",29.897979921753507,3.1465878358608235
"[0.09264675893067256, 0.6905604717774498, -0.9258766764326257, 0.4504477192124207]",29.89802336068669,3.1466506683422204
"[0.09262940991982452, 0.6905684658545758, -0.9258797174023623, 0.4504319196294548]",29.89806679393364,3.146713500823617
"[0.09261206046351338, 0.6905764615403778, -0.925882757727445, 0.4504161174182866]",29.89811022495671,3.1467763333050134
"[0.09259470654429149, 0.6905844606872862, -0.925885798111276, 0.4504003089184568]",29.89815364663203,3.1468391657864103
"[0.09257735054448253, 0.6905924621983299, -0.9258888381357584, 0.450384496298532]",29.898197062954655,3.146901998267807
"[0.09255999585350522, 0.6906004645113603, -0.9258918772068527, 0.45036868264602037]",29.898240478841018,3.146964830749203
"[0.09254263646204577, 0.6906084703980494, -0.9258949163763616, 0.4503528624842229]",29.898283883523135,3.1470276632306002
"[0.09252527388287846, 0.6906164791620412, -0.9258979553786336, 0.4503370371899066]",29.89832728100385,3.1470904957119963
"[0.09250791008036968, 0.6906244898981316, -0.9259009938692552, 0.4503212085523086]",29.89837067573263,3.1471533281933928
"[0.09249054493291706, 0.6906325026630826, -0.925904031869035, 0.45030537645973623]",29.898414066034256,3.1472161606747897
"[0.09247317822681626, 0.6906405175562105, -0.9259070694148676, 0.4502895407164378]",29.898457449773726,3.147278993156186
"[0.09245580750339619, 0.6906485357132458, -0.9259101069361282, 0.4502736990790612]",29.898500829093376,3.1473418256375827
"[0.09243843610237201, 0.6906565555935269, -0.925913143848217, 0.4502578545920879]",29.89854420208673,3.1474046581189796
"[0.09242106243247346, 0.6906645779324158, -0.925916180428825, 0.4502420058031893]",29.898587567713403,3.147467490600376
"[0.09240368657190995, 0.6906726026946945, -0.9259192166636914, 0.45022615278249994]",29.898630927786108,3.1475303230817726
"[0.09238630766768345, 0.6906806302752956, -0.9259222527012283, 0.4502102947504204]",29.898674281432413,3.1475931555631695
"[0.09236892860047527, 0.690688659344334, -0.9259252880376759, 0.45019443433456324]",29.898717636480225,3.147655988044566
"[0.09235154615471619, 0.6906966913881788, -0.9259283232341142, 0.45017856859931027]",29.89876097919656,3.147718820525962
"[0.09233416050312213, 0.6907047263281773, -0.9259313582596581, 0.45016269770068545]",29.898804317572306,3.1477816530073595
"[0.09231677370101973, 0.6907127632153301, -0.9259343927549203, 0.45014682351374424]",29.89884765034576,3.1478444854887555
"[0.09229938626367737, 0.6907208018120335, -0.9259374266295455, 0.4501309465082265]",29.8988909783471,3.147907317970152
"[0.09228199505285674, 0.6907288435700483, -0.9259404604305277, 0.4501150638173168]",29.898934300918913,3.1479701504515494
"[0.09226460115435979, 0.6907368879884519, -0.9259434939677292, 0.45009917643101677]",29.898977612033658,3.1480329829329454
"[0.09224720675340088, 0.6907449340573562, -0.925946526859531, 0.4500832863443114]",29.899020924743514,3.148095815414342
"[0.09222981177379222, 0.6907529818124929, -0.9259495591188346, 0.4500673934870351]",29.899064233354327,3.148158647895739
"[0.09221241221649384, 0.6907610331049944, -0.9259525914421065, 0.45005149420413165]",29.89910753246029,3.1482214803771353
"[0.09219500929771908, 0.6907690873734144, -0.9259556236165728, 0.450035589605051]",29.89915082098514,3.148284312858532
"[0.09217760632990989, 0.6907771430854884, -0.9259586550645659, 0.45001968271603476]",29.899194111112166,3.1483471453399288
"[0.09216020044021207, 0.6907852015717634, -0.9259616862860092, 0.45000377091026655]",29.899237393386237,3.1484099778213253
"[0.09214279354982986, 0.6907932619436082, -0.9259647169457641, 0.44998785594292273]",29.899280670915626,3.148472810302722
"[0.0921253844761436, 0.69080132474939, -0.9259677472492163, 0.449971936731771]",29.89932394216462,3.1485356427841187
"[0.09210797006498372, 0.6908093914512119, -0.9259707777446006, 0.44995601039075306]",29.899367202346966,3.148598475265515
"[0.09209055767861268, 0.6908174586394767, -0.9259738071501991, 0.44994008365204236]",29.899410464636716,3.148661307746912
"[0.09207314260119781, 0.6908255284994828, -0.925976836286113, 0.4499241522016744]",29.899453719093167,3.1487241402283086
"[0.09205572390717345, 0.690833601461263, -0.925979865312615, 0.44990821519134316]",29.899496967115116,3.1487869727097046
"[0.09203830197161779, 0.6908416773521854, -0.9259828941637265, 0.449892272962532]",29.89954020769505,3.148849805191102
"[0.09202088191539846, 0.6908497537989936, -0.9259859219487759, 0.44987633020057527]",29.899583447725043,3.148912637672498
"[0.09200345575772184, 0.690857834502712, -0.9259889500543168, 0.44986037960028474]",29.899626673336346,3.1489754701538946
"[0.09198602950455645, 0.6908659166794233, -0.9259919774359948, 0.44984442665751984]",29.899669903105732,3.1490383026352915
"[0.09196859987091165, 0.6908740018534706, -0.9259950046639587, 0.44982846836398727]",29.89971311942384,3.149101135116688
"[0.09195116896641514, 0.6908820890471835, -0.9259980313711893, 0.4498125066499646]",29.89975633359404,3.1491639675980845
"[0.0919337358400902, 0.6908901787025795, -0.9260010577222693, 0.44979654064357394]",29.89979954387444,3.1492268000794814
"[0.09191630125509456, 0.6908982704662905, -0.9260040835841806, 0.4497805710427323]",29.899842744681425,3.149289632560878
"[0.09189886325453317, 0.6909063652475667, -0.9260071092959069, 0.4497645960536047]",29.89988594073327,3.1493524650422744
"[0.0918814233137903, 0.6909144623625262, -0.926010134600798, 0.4497486170264239]",29.899929129346503,3.1494152975236713
"[0.09186398284485175, 0.6909225611562785, -0.9260131592534392, 0.4497326352540449]",29.89997231678346,3.149478130005068
"[0.09184653886878619, 0.690930663013004, -0.9260161837698827, 0.4497166480055436]",29.900015496101865,3.149540962486464
"[0.09182909263096961, 0.6909387673553526, -0.9260192079335141, 0.4497006564208239]",29.900058669016467,3.1496037949678612
"[0.0918116454707243, 0.6909468735619304, -0.9260222315116484, 0.44968466172654376]",29.900101838326076,3.1496666274492573
"[0.09179419428754641, 0.6909549830742467, -0.9260252550409659, 0.44966866107899495]",29.900144999742146,3.149729459930654
"[0.09177674262313947, 0.6909630942474049, -0.9260282779072359, 0.44965265772425306]",29.90018815558296,3.1497922924120507
"[0.09175928927891458, 0.6909712076391118, -0.9260313003176125, 0.44963665056242114]",29.900231309281924,3.149855124893447
"[0.09174183148906633, 0.6909793245362078, -0.9260343227503405, 0.44962063705530836]",29.9002744512782,3.1499179573748437
"[0.09172437096906667, 0.6909874441423434, -0.9260373449076442, 0.4496046187747076]",29.900317586820556,3.1499807898562406
"[0.09170691267374208, 0.6909955641538212, -0.9260403659315634, 0.44958860026571246]",29.900360723591863,3.150043622337637
"[0.09168944841731402, 0.6910036883787483, -0.9260433872380243, 0.4495725740165344]",29.900403850284956,3.1501064548190336
"[0.09167198362550001, 0.6910118142942964, -0.9260464078876431, 0.44955654500450465]",29.90044697223727,3.1501692873004306
"[0.09165451920630628, 0.6910199414783768, -0.9260494277230443, 0.4495405140625902]",29.900490091628907,3.150232119781827
"[0.09163704804398853, 0.6910280732435057, -0.9260524479739044, 0.44952447465749623]",29.90053319994554,3.150294952263223
"[0.09161957621514583, 0.691036206762679, -0.9260554675889611, 0.4495084323660343]",29.900576303549137,3.1503577847446205
"[0.09160210234215456, 0.6910443426779185, -0.9260584868058075, 0.4494923859223971]",29.90061940088555,3.1504206172260165
"[0.09158462776191331, 0.6910524803674477, -0.9260615053929567, 0.4494763365533925]",29.900662496778125,3.150483449707413
"[0.09156714698867195, 0.6910606223871526, -0.9260645242972523, 0.44946027921894605]",29.900705578098304,3.15054628218881
"[0.09154966897201591, 0.6910687645693714, -0.926067541972572, 0.4494442221388612]",29.900748661915202,3.1506091146702064
"[0.09153218794590358, 0.6910769096006308, -0.9260705594141175, 0.4494281600154484]",29.900791741314162,3.1506719471516034
"[0.09151470310335115, 0.6910850578581548, -0.9260735767604182, 0.44941209210551725]",29.900834807422335,3.150734779633
"[0.09149721613513848, 0.6910932085550907, -0.926076593718999, 0.44939601996133294]",29.90087787080069,3.1507976121143964
"[0.09147972814206842, 0.6911013611791388, -0.9260796100994076, 0.44937994459361885]",29.90092093049456,3.1508604445957933
"[0.09146223752848465, 0.6911095164749832, -0.9260826261763123, 0.44936386453454047]",29.9009639835353,3.1509232770771898
"[0.09144474409792656, 0.6911176745352708, -0.9260856419829154, 0.44934777960204997]",29.901007030816494,3.1509861095585863
"[0.09142724857620417, 0.6911258350225179, -0.9260886573934424, 0.4493316904621684]",29.90105006822828,3.151048942039983
"[0.09140975153076873, 0.6911339976728149, -0.9260916723095516, 0.44931559763571943]",29.901093101416947,3.1511117745213797
"[0.09139225203565567, 0.6911421629190535, -0.9260946868901969, 0.44929950026984206]",29.901136131208016,3.1511746070027757
"[0.09137475305037962, 0.6911503293809336, -0.9260977006251048, 0.4492834010861824]",29.901179158060465,3.151237439484173
"[0.09135724686614585, 0.691158500657186, -0.9261007148411629, 0.44926729299095247]",29.901222172755133,3.151300271965569
"[0.0913397403315095, 0.6911666735524976, -0.926103728358356, 0.4492511822838635]",29.90126518052587,3.1513631044469657
"[0.09132223413783255, 0.6911748477444281, -0.9261067410573681, 0.4492350696008468]",29.901308189966546,3.1514259369283626
"[0.09130472428479604, 0.6911830251016899, -0.9261097536260698, 0.44921895125892625]",29.901351190200103,3.151488769409759
"[0.09128721268607834, 0.6911912047315696, -0.9261127657345507, 0.44920282901832453]",29.901394185031435,3.1515516018911556
"[0.09126969687645071, 0.6911993877867256, -0.9261157778061199, 0.44918670060781307]",29.901437171439856,3.1516144343725525
"[0.09125218127486864, 0.6912075722035375, -0.9261187890803073, 0.4491705700952222]",29.901480155568525,3.151677266853949
"[0.09123466219895217, 0.6912157597034622, -0.9261218001896376, 0.4491544340883144]",29.90152313207507,3.1517400993353455
"[0.09121714054261452, 0.6912239498698518, -0.9261248109797505, 0.44913829340888245]",29.90156609949354,3.1518029318167424
"[0.09119961682804267, 0.6912321424595668, -0.9261278213602913, 0.4491221485366811]",29.90160906140103,3.151865764298139
"[0.09118209409796094, 0.6912403360506036, -0.9261308308081548, 0.4491060022744305]",29.90165202421652,3.151928596779535
"[0.09116456567487648, 0.6912485337663093, -0.926133840469535, 0.4490898484678743]",29.901694975885018,3.1519914292609323
"[0.09114703711580044, 0.6912567330088655, -0.926136849389579, 0.44907369223672816]",29.901737924406895,3.152054261742329
"[0.09112950503481677, 0.6912649353629307, -0.9261398581489366, 0.4490575304590528]",29.901780864370963,3.152117094223725
"[0.0911119707762035, 0.6912731402006645, -0.9261428665162135, 0.4490413643725767]",29.90182379812714,3.1521799267051223
"[0.09109443617453798, 0.6912813466643082, -0.9261458741761557, 0.44902519566784943]",29.90186672794305,3.1522427591865183
"[0.09107689640358473, 0.6912895570136779, -0.9261488819559045, 0.4490090198931308]",29.901909650254115,3.152305591667915
"[0.09105935630736656, 0.6912977689823576, -0.9261518890241027, 0.44899284151428576]",29.901952567828964,3.1523684241493117
"[0.09104181383285107, 0.6913059835322508, -0.9261548957322185, 0.44897665863676867]",29.90199547918661,3.1524312566307082
"[0.09102426925006143, 0.6913142005378613, -0.9261579020333456, 0.4489604715084071]",29.902038386412123,3.1524940891121047
"[0.09100672331252709, 0.6913224196470809, -0.9261609077978106, 0.4489442808233776]",29.90208128506922,3.1525569215935016
"[0.09098917464503331, 0.6913306415049988, -0.9261639132606022, 0.4489280853115034]",29.902124181422383,3.152619754074898
"[0.09097162232841471, 0.6913388665434362, -0.9261669185783925, 0.44891188412286465]",29.902167066815142,3.1526825865562946
"[0.09095406891807646, 0.6913470935659026, -0.9261699233130027, 0.44889567961484506]",29.902209947655802,3.1527454190376916
"[0.0909365135537175, 0.691355322976369, -0.9261729276111662, 0.44887947099227704]",29.902252824906803,3.152808251519088
"[0.09091895773538278, 0.6913635540723416, -0.9261759312156881, 0.44886325963928025]",29.902295697578563,3.152871084000485
"[0.09090139838460815, 0.6913717882980457, -0.9261789346526679, 0.44884704271198506]",29.9023385633064,3.1529339164818815
"[0.09088383506840844, 0.6913800258578489, -0.9261819379953401, 0.4488308198086476]",29.902381416731863,3.1529967489632775
"[0.09086627110660829, 0.6913882651956486, -0.9261849406753764, 0.44881459399443335]",29.90242427131522,3.153059581444675
"[0.09084870493525617, 0.6913965070458234, -0.9261879429596321, 0.4487983638236247]",29.90246711629996,3.153122413926071
"[0.09083113609226837, 0.6914047516261919, -0.9261909449264238, 0.4487821288679156]",29.902509955595626,3.1531852464074674
"[0.09081356605172422, 0.6914129982458687, -0.9261939463232935, 0.4487658904883347]",29.90255279158426,3.1532480788888644
"[0.09079599272919707, 0.6914212478841392, -0.9261969475056856, 0.44874964675717305]",29.90259561989398,3.153310911370261
"[0.09077841880397712, 0.6914294992841087, -0.9261999480154404, 0.44873340014985597]",29.902638442155787,3.1533737438516574
"[0.0907608405134885, 0.6914377542134031, -0.9262029484943082, 0.4487171471866314]",29.902681260315745,3.1534365763330543
"[0.09074326219815392, 0.6914460106346705, -0.9262059482007844, 0.4487008918794065]",29.90272407101267,3.153499408814451
"[0.0907256804081265, 0.6914542701690712, -0.9262089477230278, 0.4486846310369513]",29.902766875685295,3.1535622412958473
"[0.09070809576499773, 0.6914625325258147, -0.9262119469542273, 0.44866836523247716]",29.902809672523258,3.153625073777244
"[0.09069051016385923, 0.691470796815318, -0.9262149455705764, 0.4486520962178283]",29.902852465647737,3.1536879062586407
"[0.09067292116889256, 0.6914790641831966, -0.9262179439868062, 0.44863582173833316]",29.90289525235054,3.1537507387400368
"[0.09065533257661015, 0.6914873328457686, -0.9262209415551773, 0.44861954530575604]",29.902938035108892,3.153813571221434
"[0.09063773983975028, 0.6914956049416131, -0.9262239390500887, 0.44860326271096823]",29.90298080864325,3.15387640370283
"[0.0906201465090304, 0.6915038788021715, -0.9262269358659105, 0.4485869772389372]",29.903023578784392,3.1539392361842267
"[0.09060254883307571, 0.6915121561926735, -0.9262299326409799, 0.44857068541578693]",29.903066342695322,3.1540020686656236
"[0.09058495068050143, 0.6915204352943888, -0.9262329287158593, 0.44855439082178267]",29.903109101287125,3.15406490114702
"[0.09056735009609006, 0.6915287170279698, -0.926235924422874, 0.4485380916455013]",29.903151850247355,3.1541277336284166
"[0.09054974590581286, 0.6915370019469625, -0.9262389199611228, 0.4485217867981773]",29.903194592939045,3.1541905661098135
"[0.09053214073476999, 0.6915452888169107, -0.9262419148832748, 0.4485054787098537]",29.903237334257316,3.15425339859121
"[0.09051453238346484, 0.6915535786740419, -0.9262449095628891, 0.44848916534187894]",29.90328006658877,3.1543162310726065
"[0.09049692235075982, 0.6915618708137105, -0.9262479037443918, 0.4484728480815299]",29.903322791540557,3.1543790635540034
"[0.0904793112117882, 0.6915701649658375, -0.9262508973294741, 0.4484565274607854]",29.90336551284422,3.1544418960354
"[0.09046169750651646, 0.6915784618188957, -0.9262538905657345, 0.44844020212548424]",29.90340822998,3.154504728516796
"[0.09044408067222034, 0.6915867616390624, -0.9262568835480863, 0.44842387155254804]",29.903450935980782,3.1545675609981934
"[0.09042646284663554, 0.6915950634201083, -0.9262598759127271, 0.4484075377224114]",29.903493641439777,3.1546303934795894
"[0.09040884094162076, 0.6916033686182148, -0.9262628681835079, 0.44839119777064057]",29.903536336990513,3.154693225960986
"[0.09039121891806802, 0.69161167536756, -0.9262658596872285, 0.4483748553687309]",29.90357902881026,3.154756058442383
"[0.09037359310599259, 0.691619985398997, -0.9262688510463062, 0.4483585071120384]",29.903621712369638,3.1548188909237793
"[0.09035596591259831, 0.6916282975786618, -0.9262718418515165, 0.4483421552318561]",29.903664391793132,3.154881723405176
"[0.09033833675095317, 0.6916366121841077, -0.9262748322018937, 0.4483257991827036]",29.90370706379717,3.1549445558865727
"[0.09032070310932795, 0.6916449304012027, -0.92627782252271, 0.4483094366325332]",29.903749727440736,3.1550073883679692
"[0.09030306964029003, 0.6916532500361501, -0.9262808120243583, 0.44829307189730205]",29.90379238993836,3.155070220849366
"[0.09028543406874638, 0.691661572162994, -0.9262838010920802, 0.44827670286484184]",29.903835044948167,3.1551330533307627
"[0.09026779442224524, 0.6916698977137019, -0.9262867900594352, 0.448260327702736]",29.903877690859257,3.155195885812159
"[0.09025015584645732, 0.6916782242603942, -0.9262897780539705, 0.44824395118680826]",29.90392033502997,3.155258718293556
"[0.09023251347838897, 0.6916865540994581, -0.9262927658989607, 0.44822756880108366]",29.903962972576362,3.1553215507749526
"[0.09021486755896096, 0.6916948871184713, -0.926295753552772, 0.4482111807674227]",29.90400560152141,3.1553843832563486
"[0.09019722127206192, 0.6917032218147784, -0.9262987404757339, 0.44819479004158624]",29.904048228331863,3.155447215737746
"[0.09017957148880895, 0.6917115596671031, -0.9263017271968609, 0.44817839371614987]",29.904090844812366,3.155510048219142
"[0.09016192063682542, 0.6917198995295982, -0.9263047133046998, 0.4481619940450304]",29.90413345692296,3.1555728807005385
"[0.09014426644558186, 0.6917282424760213, -0.9263076991827347, 0.44814558891737805]",29.90417606183535,3.155635713181936
"[0.09012660998123442, 0.6917365880036443, -0.9263106846499268, 0.44812917932240287]",29.90421866086338,3.155698545663332
"[0.09010895140144223, 0.691744936038903, -0.9263136696789808, 0.44811276540536277]",29.904261250025932,3.1557613781447285
"[0.09009129293004016, 0.6917532855311357, -0.9263166538935017, 0.4480963492325549]",29.904303843559706,3.1558242106261254
"[0.0900736284972505, 0.6917616393514724, -0.9263196383185226, 0.44807992515965744]",29.904346421866595,3.155887043107522
"[0.09005596518796864, 0.6917699941503538, -0.9263226217563748, 0.4480634997727208]",29.904388998107613,3.1559498755889184
"[0.09003829732792783, 0.6917783526125598, -0.9263256051649027, 0.4480470677940779]",29.904431566316664,3.1560127080703153
"[0.09002062902475033, 0.6917867127958564, -0.9263285878498111, 0.44803063304262675]",29.90447413196644,3.156075540551712
"[0.09000295885211056, 0.691795075375834, -0.9263315700513882, 0.44801419419077154]",29.90451668930889,3.156138373033108
"[0.08998528404487044, 0.69180344166235, -0.9263345522355247, 0.4479977486643638]",29.904559239208506,3.1562012055145052
"[0.08996760808414578, 0.6918118100087753, -0.9263375338141345, 0.4479812997008533]",29.90460178300565,3.1562640379959017
"[0.08994993132120961, 0.6918201802494515, -0.9263405147274899, 0.4479648476263465]",29.904644325887723,3.1563268704772978
"[0.08993224984355212, 0.6918285542381336, -0.9263434956346551, 0.4479483887978875]",29.904686855736742,3.156389702958695
"[0.0899145671671514, 0.6918369303107709, -0.9263464759421404, 0.44793192648678953]",29.904729380246707,3.156452535440091
"[0.08989688235759805, 0.6918453089108377, -0.9263494558068548, 0.44791545982203085]",29.90477190063971,3.1565153679214877
"[0.08987919620248218, 0.6918536896660289, -0.9263524350955146, 0.44789898953587254]",29.904814414995624,3.1565782004028846
"[0.08986150771684072, 0.691862073043951, -0.9263554139734459, 0.44788251470992974]",29.904856924977988,3.156641032884281
"[0.08984381650557137, 0.6918704592329035, -0.9263583925065021, 0.447866034974806]",29.90489942631906,3.1567038653656776
"[0.08982612261875027, 0.6918788482102508, -0.9263613706855351, 0.4478495503756602]",29.90494192203972,3.1567666978470745
"[0.08980842622891566, 0.6918872398952455, -0.9263643484808126, 0.44783306107181287]",29.904984410395397,3.156829530328471
"[0.08979073011895246, 0.6918956329689259, -0.9263673254235564, 0.4478165696554763]",29.905026895477167,3.1568923628098675
"[0.08977302927660386, 0.6919040298095245, -0.9263703023563091, 0.44780007145432055]",29.905069370707416,3.1569551952912644
"[0.08975532608367712, 0.6919124292884811, -0.9263732788776705, 0.4477835686865096]",29.90511184113846,3.157018027772661
"[0.0897376203593312, 0.6919208314926287, -0.9263762550173671, 0.44776706118208487]",29.90515430359984,3.157080860254057
"[0.08971991467047286, 0.6919292352045714, -0.9263792303434137, 0.4477505513333402]",29.905196764109014,3.1571436927354544
"[0.08970220667275251, 0.6919376415377192, -0.9263822052492595, 0.44773403695339625]",29.905239220261045,3.1572065252168504
"[0.08968449515228873, 0.6919460510694522, -0.9263851799380992, 0.44771751690865674]",29.90528166482358,3.157269357698247
"[0.089666781392016, 0.6919544631917879, -0.9263881541937131, 0.4477009923941729]",29.905324103573733,3.157332190179644
"[0.08964906569673657, 0.6919628777609313, -0.9263911279642885, 0.4476844636930292]",29.90536653538651,3.1573950226610403
"[0.08963134865272124, 0.6919712944992188, -0.9263941011508497, 0.44766793135118516]",29.905408967436983,3.1574578551424373
"[0.08961362822392459, 0.6919797143749351, -0.9263970740943991, 0.4476513934673663]",29.90545138766976,3.1575206876238338
"[0.08959590592224319, 0.6919881366707787, -0.9264000465405805, 0.4476348514511235]",29.905493803530558,3.1575835201052302
"[0.08957818183567993, 0.6919965613458103, -0.9264030184740342, 0.44761830538345326]",29.90553621130363,3.157646352586627
"[0.0895604542802308, 0.6920049892015401, -0.9264059901764278, 0.4476017536908434]",29.90557861321485,3.1577091850680237
"[0.0895427249217549, 0.6920134194471081, -0.9264089613677945, 0.4475851979271686]",29.905621009789385,3.15777201754942
"[0.08952499424879141, 0.6920218518510163, -0.9264119319657019, 0.44756863854760887]",29.90566340204146,3.157834850030817
"[0.0895072604640434, 0.6920302872690121, -0.9264149022706154, 0.44755207387229545]",29.905705784023365,3.1578976825122136
"[0.08948952405992674, 0.6920387254680017, -0.9264178721993189, 0.4475355043596421]",29.905748163865262,3.1579605149936096
"[0.08947178821718646, 0.6920471649354234, -0.9264208412187056, 0.44751893298028095]",29.905790537526496,3.158023347475007
"[0.0894540466571965, 0.6920556086599507, -0.9264238103791391, 0.44750235386641984]",29.905832900625505,3.158086179956403
"[0.08943630328726983, 0.6920640547833956, -0.9264267790258274, 0.4474857706673957]",29.9058752578475,3.1581490124377996
"[0.08941856054414671, 0.692072502146381, -0.9264297467506509, 0.44746918565999044]",29.905917614239197,3.1582118449191965
"[0.08940081340759565, 0.6920809531399447, -0.9264327143927069, 0.4474525941503874]",29.9059599617066,3.158274677400593
"[0.08938306459500879, 0.6920894064712916, -0.926435681496828, 0.4474359986773986]",29.90600230077063,3.1583375098819895
"[0.08936531200084608, 0.6920978631443554, -0.9264386484142748, 0.44741939727079855]",29.906044631458556,3.1584003423633864
"[0.08934755786628815, 0.6921063220926221, -0.9264416147697694, 0.44740279202495364]",29.906086961533756,3.158463174844783
"[0.08932980349083697, 0.6921147826975774, -0.9264445803457201, 0.4473861841545169]",29.90612928493469,3.1585260073261794
"[0.08931204476852106, 0.6921232469168791, -0.9264475458272904, 0.4473695698173215]",29.906171597884196,3.1585888398075763
"[0.08929428537633324, 0.6921317129990485, -0.9264505105997719, 0.44735295245199]",29.90621391031429,3.158651672288973
"[0.08927652292534381, 0.6921401820837988, -0.9264534750613668, 0.44733632982206595]",29.9062562126832,3.158714504770369
"[0.08925875708182146, 0.6921486543315098, -0.9264564392669734, 0.44731970161350904]",29.906298508507597,3.1587773372517662
"[0.089240990501087, 0.6921571284768469, -0.9264594027729169, 0.44730307031036787]",29.90634079841884,3.1588401697331623
"[0.08922322166843397, 0.6921656052430798, -0.9264623658312952, 0.4472864344937131]",29.906383082065197,3.1589030022145588
"[0.08920544797874182, 0.692174085874346, -0.9264653288756791, 0.44726979172268316]",29.906425356948503,3.1589658346959557
"[0.08918767613064604, 0.6921825671752121, -0.926468290788786, 0.44725314826868723]",29.906467632706946,3.159028667177352
"[0.08916990036518478, 0.692191051894742, -0.9264712525299196, 0.447236498737568]",29.906509898362764,3.1590914996587487
"[0.08915212100494323, 0.6921995398803332, -0.9264742140444611, 0.4472198434295629]",29.906552155092555,3.1591543321401456
"[0.08913434030049476, 0.6922080300586181, -0.9264771749568315, 0.44720318445152973]",29.906594407159545,3.159217164621542
"[0.08911655768759436, 0.6922165226998513, -0.9264801353604124, 0.4471865212737593]",29.90663665319997,3.1592799971029386
"[0.08909877308167227, 0.6922250178453454, -0.9264830952686578, 0.44716985381580254]",29.906678895889858,3.1593428295843355
"[0.08908098543810461, 0.6922335159951537, -0.9264860548547201, 0.4471531810972256]",29.906721128556768,3.159405662065732
"[0.08906319678142875, 0.6922420161829901, -0.9264890137811096, 0.4471365050144281]",29.90676335748621,3.159468494547128
"[0.0890454051015039, 0.6922505193703131, -0.9264919723815596, 0.44711982368178044]",29.906805577603677,3.1595313270285255
"[0.08902761036232931, 0.6922590255755553, -0.9264949306612698, 0.44710313706386107]",29.90684779219844,3.1595941595099215
"[0.08900981511384932, 0.6922675335806694, -0.9264978881957247, 0.44708644755069954]",29.90689000147437,3.159656991991319
"[0.08899201644343702, 0.6922760447791324, -0.9265008454683663, 0.44706975240943286]",29.906932203179384,3.159719824472715
"[0.08897421560920607, 0.6922845585704679, -0.9265038022694122, 0.4470530528186259]",29.906974397091897,3.1597826569541114
"[0.08895641346924511, 0.6922930745451394, -0.9265067584557308, 0.44703634958216426]",29.90701658744746,3.159845489435509
"[0.08893860636401861, 0.6923015944549894, -0.9265097146342227, 0.44701963926472155]",29.907058769348595,3.159908321916905
"[0.08892079993686333, 0.6923101156009158, -0.9265126698673725, 0.44700292716075535]",29.907100947889116,3.1599711543983013
"[0.08890298882845485, 0.6923186405485139, -0.9265156250440045, 0.44698620823909746]",29.907143115392937,3.1600339868796983
"[0.08888517700952553, 0.6923271673984076, -0.9265185795045657, 0.4469694862254631]",29.907185281072845,3.1600968193610948
"[0.08886736305742432, 0.6923356968324316, -0.9265215334844765, 0.4469527597832598]",29.907227436417223,3.1601596518424913
"[0.0888495467933854, 0.6923442289371826, -0.926524487012713, 0.4469360287433136]",29.90726959000538,3.160222484323888
"[0.08883172795458846, 0.692352763839582, -0.9265274401321429, 0.4469192928574054]",29.907311733669964,3.1602853168052847
"[0.08881390550605359, 0.6923613020365997, -0.9265303930135014, 0.44690255115177835]",29.907353870955237,3.1603481492866807
"[0.08879608465757707, 0.6923698410330614, -0.9265333447931142, 0.44688580851948684]",29.907396007220395,3.160410981768078
"[0.0887782580000778, 0.6923783843800574, -0.9265362966975393, 0.44686905799844934]",29.907438129954,3.1604738142494746
"[0.08876043021260929, 0.6923869298365058, -0.9265392479511281, 0.4468523039834263]",29.907480251036166,3.1605366467308706
"[0.0887426002783364, 0.6923954778906605, -0.9265421987216211, 0.44683554551774274]",29.907522364237124,3.160599479212268
"[0.08872476717018579, 0.6924040290360446, -0.9265451491782595, 0.4468187816345416]",29.90756446918015,3.160662311693664
"[0.08870693280520772, 0.6924125823544144, -0.9265480990032, 0.446802014134616]",29.907606569871394,3.1607251441750606
"[0.08868909515515318, 0.6924211388195454, -0.9265510485312339, 0.4467852411096878]",29.90764866411624,3.1607879766564575
"[0.0886712563752, 0.6924296973986057, -0.9265539974053327, 0.4467684645850179]",29.907690751114995,3.160850809137854
"[0.0886534142489737, 0.692438259155993, -0.9265569459911908, 0.4467516824748466]",29.907732831936066,3.1609136416192505
"[0.0886355707535077, 0.6924468231440358, -0.9265598939613964, 0.44673489663738264]",29.90777490403831,3.1609764741006474
"[0.08861772584897655, 0.6924553893826454, -0.9265628413219693, 0.4467181070341648]",29.90781697433649,3.161039306582044
"[0.08859987574624162, 0.692463959692034, -0.9265657886979215, 0.4467013100983817]",29.907859033836854,3.1611021390634404
"[0.08858202620335634, 0.6924725313086569, -0.9265687351377995, 0.44668451124697256]",29.90790109168835,3.1611649715448373
"[0.08856417403173779, 0.6924811057644142, -0.9265716811674379, 0.44666770747820617]",29.90794313994239,3.161227804026234
"[0.08854631898419678, 0.6924896831791718, -0.9265746268268819, 0.4466508985578769]",29.9079851837647,3.16129063650763
"[0.08852846081152603, 0.6924982636738916, -0.9265775721564473, 0.4466340842496958]",29.90802721667914,3.1613534689890272
"[0.0885106008847201, 0.6925068465908559, -0.9265805169293283, 0.44661726584316336]",29.908069247085937,3.1614163014704233
"[0.08849274022781496, 0.6925154314387502, -0.9265834609761239, 0.44660044430160445]",29.908111272317047,3.16147913395182
"[0.0884748744780612, 0.6925240203157362, -0.926586405015195, 0.4465836155144996]",29.908153285315706,3.1615419664332167
"[0.08845700983675225, 0.6925326102415273, -0.926589348024004, 0.4465667853219653]",29.90819529786778,3.161604798914613
"[0.08843913878635178, 0.6925412048319355, -0.9265922912402453, 0.4465499466402613]",29.90823730010459,3.1616676313960097
"[0.08842126840880023, 0.6925498006822862, -0.9265952334968094, 0.4465331061406171]",29.908279296633033,3.1617304638774066
"[0.0884033960316204, 0.6925583990786929, -0.9265981752332392, 0.4465162613038534]",29.90832128858359,3.161793296358803
"[0.08838551924412213, 0.6925670011821488, -0.9266011168455297, 0.4464994098562221]",29.908363269914435,3.1618561288402
"[0.08836764141919166, 0.6925756053708763, -0.9266040577778996, 0.44648255497553]",29.90840525019258,3.1619189613215966
"[0.08834976285010558, 0.6925842115043724, -0.9266069979816208, 0.44646569693750915]",29.908447222358596,3.161981793802993
"[0.08833188029322846, 0.6925928211450724, -0.9266099379894194, 0.4464488326822743]",29.90848918767873,3.16204462628439
"[0.08831399481158284, 0.6926014337825123, -0.926612877625673, 0.4464319632104879]",29.90853114645828,3.1621074587657865
"[0.08829610668641445, 0.6926100492824486, -0.9266158168433882, 0.44641508878582437]",29.90857309490103,3.1621702912471825
"[0.0882782179016146, 0.6926186666902239, -0.926618755315995, 0.44639821127867096]",29.908615040125113,3.16223312372858
"[0.08826032696779972, 0.6926272867241224, -0.9266216932875732, 0.44638132928282154]",29.908656980275893,3.162295956209976
"[0.08824243139807911, 0.6926359105836853, -0.9266246311656586, 0.4463644404498099]",29.908698912459222,3.1623587886913724
"[0.08822453642171625, 0.6926445357498969, -0.9266275680911209, 0.44634754971347146]",29.908740839089628,3.1624216211727694
"[0.08820663771415503, 0.6926531643079946, -0.9266305047731146, 0.44633065299086055]",29.908782758043913,3.162484453654166
"[0.08818873743522103, 0.6926617952179142, -0.9266334408565248, 0.44631375231937415]",29.908824670640072,3.1625472861355624
"[0.08817083291845876, 0.6926704297665343, -0.9266363767779333, 0.4462968451798379]",29.90886657496514,3.1626101186169593
"[0.08815292808081254, 0.6926790660659278, -0.9266393118943588, 0.4462799352696344]",29.908908477978372,3.162672951098356
"[0.08813502077704728, 0.6926877051516412, -0.926642246556899, 0.44626302056173134]",29.90895037111303,3.1627357835797523
"[0.0881171110510933, 0.692696347003566, -0.9266451807576366, 0.44624610109618795]",29.908992255999085,3.162798616061149
"[0.08809919837402748, 0.6927049918780666, -0.9266481145824721, 0.44622917637179466]",29.909034137285886,3.1628614485425457
"[0.08808128373676846, 0.6927136392980074, -0.9266510478683873, 0.4462122473233676]",29.909076010876177,3.1629242810239417
"[0.08806336691095516, 0.6927222893746044, -0.926653980652106, 0.44619531373382787]",29.909117874649755,3.162987113505339
"[0.08804544823936156, 0.6927309419433472, -0.9266569128768604, 0.4461783759258706]",29.909159735804774,3.163049945986735
"[0.08802752678609088, 0.6927395974572034, -0.9266598446951024, 0.44616143301345834]",29.909201590719306,3.1631127784681317
"[0.08800960362074879, 0.6927482554006303, -0.9266627759311569, 0.4461444860064265]",29.909243440069393,3.1631756109495286
"[0.08799167660747108, 0.6927569168065532, -0.926665706933563, 0.4461275328836601]",29.909285278901496,3.163238443430925
"[0.08797374830600203, 0.6927655804393609, -0.9266686372830713, 0.44611057606434945]",29.909327112602053,3.1633012759123216
"[0.08795581762808395, 0.692774246825867, -0.926671567156921, 0.4460936145180186]",29.909368941634703,3.1633641083937185
"[0.08793788515585275, 0.6927829156857017, -0.9266744964593207, 0.4460766487940485]",29.909410761976847,3.163426940875115
"[0.0879199494577942, 0.6927915877119943, -0.9266774254233777, 0.4460596775366261]",29.909452579339256,3.1634897733565115
"[0.08790201159131467, 0.6928002623946417, -0.9266803538756522, 0.44604270174475125]",29.909494384402247,3.1635526058379084
"[0.08788407182605601, 0.6928089396042298, -0.9266832817714591, 0.4460257216723281]",29.90953618488261,3.163615438319305
"[0.08786613018623442, 0.6928176193299886, -0.9266862091062015, 0.44600873734106466]",29.909577981836836,3.163678270800701
"[0.08784818570081773, 0.6928263020427514, -0.926689136037599, 0.44599174783032947]",29.909619768987973,3.1637411032820983
"[0.08783023839068617, 0.6928349877336155, -0.9266920625614631, 0.44597475315828206]",29.909661551070567,3.1638039357634944
"[0.08781229024855579, 0.692843675439125, -0.9266949883522206, 0.44595775521067493]",29.90970332662428,3.163866768244891
"[0.08779433806708813, 0.6928523667128702, -0.9266979139319851, 0.4459407509485252]",29.90974509202159,3.163929600726288
"[0.0877763845248246, 0.6928610602592435, -0.9267008388634833, 0.4459237429073836]",29.909786854875875,3.1639924332076843
"[0.08775842792083509, 0.6928697569029072, -0.9267037634231321, 0.4459067294745517]",29.90982861178344,3.1640552656890817
"[0.08774046887669416, 0.6928784563440117, -0.9267066875089225, 0.4458897112373684]",29.909870356579724,3.1641180981704777
"[0.08772250926354884, 0.6928871576770077, -0.9267096108156019, 0.4458726899679038]",29.90991210267638,3.1641809306518742
"[0.08770454574405502, 0.6928958625198512, -0.9267125338857007, 0.4458556625018308]",29.909953835490832,3.164243763133271
"[0.08768658093143576, 0.6929045696073757, -0.9267154562932287, 0.4458386313146618]",29.909995564302054,3.1643065956146676
"[0.08766861143248635, 0.692913280585422, -0.9267183785893661, 0.44582159318786463]",29.91003728615142,3.164369428096064
"[0.0876506422004391, 0.6929219930538789, -0.9267212999678932, 0.44580455281658343]",29.910079000107125,3.164432260577461
"[0.0876326721132153, 0.692930707557299, -0.9267242206108212, 0.4457875091362011]",29.910120711422966,3.1644950930588576
"[0.08761469599825893, 0.692939426605476, -0.9267271413579532, 0.4457704572389308]",29.910162411799632,3.1645579255402536
"[0.08759671851572066, 0.6929481479395078, -0.9267300614511987, 0.44575340154335824]",29.910204106982906,3.164620758021651
"[0.08757874004228937, 0.6929568713774169, -0.9267329808288236, 0.4457363424059279]",29.91024579568396,3.1646835905030475
"[0.08756075626958716, 0.6929655990109891, -0.9267359001895944, 0.44571927573682496]",29.910287474742983,3.1647464229844435
"[0.08754277424291601, 0.6929743274220209, -0.926738818389191, 0.44570220822088946]",29.910329153776033,3.164809255465841
"[0.08752478749287947, 0.6929830597515824, -0.9267417364769, 0.44568513371667895]",29.910370821234917,3.164872087947237
"[0.08750679978542261, 0.6929917941725692, -0.9267446538409592, 0.44566805579751634]",29.9104124850374,3.1649349204286334
"[0.08748880756722194, 0.6930005324115817, -0.9267475710568928, 0.4456509710882172]",29.910454136757306,3.1649977529100304
"[0.08747081576885801, 0.693009272074994, -0.9267504873245918, 0.4456338842693781]",29.91049578463741,3.165060585391427
"[0.08745282022654982, 0.6930180151862939, -0.9267534033183376, 0.44561679138551974]",29.910537429372077,3.1651234178728234
"[0.08743482263248177, 0.6930267609245683, -0.9267563187631247, 0.4455996940422956]",29.91057906492077,3.1651862503542203
"[0.08741682203447168, 0.693035509753653, -0.9267592338124497, 0.44558259133365524]",29.91062069472328,3.165249082835617
"[0.08739881866365698, 0.6930442615624395, -0.9267621484280796, 0.44556548347755726]",29.910662313512063,3.1653119153170133
"[0.08738081430425852, 0.6930530154845368, -0.9267650623205069, 0.4455483721682496]",29.910703929756156,3.16537474779841
"[0.08736280822404972, 0.6930617718767762, -0.926767975607662, 0.44553125670881877]",29.910745541128012,3.1654375802798067
"[0.0873447985406909, 0.6930705316557206, -0.9267708885933233, 0.44551413530846673]",29.910787141181213,3.1655004127612028
"[0.0873267880966685, 0.6930792934398391, -0.926773800817035, 0.4454970106681362]",29.91082873867094,3.1655632452426
"[0.08730877168875738, 0.6930880597617846, -0.926776713119262, 0.4454798778386534]",29.910870322233087,3.165626077723996
"[0.08729075445041744, 0.6930968281251203, -0.9267796246693147, 0.445462741699853]",29.910911901869937,3.1656889102053927
"[0.08727273819536516, 0.6931055976476002, -0.9267825351737331, 0.4454456039763459]",29.910953482817725,3.1657517426867896
"[0.0872547158171911, 0.6931143717894684, -0.9267854457797859, 0.44542845790672814]",29.910995050725834,3.165814575168186
"[0.0872366924384237, 0.6931231480582658, -0.9267883556592794, 0.44541130836250553]",29.91103660912328,3.1658774076495826
"[0.08721866496855533, 0.6931319279599647, -0.9267912653104393, 0.44539415240157015]",29.911078159659187,3.1659402401309795
"[0.08720063703334284, 0.6931407097298594, -0.9267941741473232, 0.4453769934729085]",29.91111971030157,3.166003072612376
"[0.08718260823840557, 0.6931494935606662, -0.9267970822330946, 0.4453598312004612]",29.911161254683897,3.1660659050937725
"[0.08716457534570801, 0.6931582810311194, -0.9267999900893082, 0.445342662500339]",29.911202789136343,3.1661287375751694
"[0.08714653889868401, 0.6931670718779055, -0.9268028976273839, 0.445325487887873]",29.911244314328748,3.166191570056566
"[0.0871285025940823, 0.6931758643001579, -0.926805804250761, 0.44530831088202594]",29.911285835836786,3.166254402537963
"[0.08711046331392452, 0.6931846598186957, -0.9268087104613196, 0.4452911285123108]",29.911327352689938,3.1663172350193594
"[0.08709242089727996, 0.6931934585132713, -0.926811616284151, 0.44527394062371417]",29.911368857740918,3.1663800675007554
"[0.08707437652532687, 0.6932022598090097, -0.9268145215282603, 0.4452567483399574]",29.91141035976564,3.166442899982153
"[0.08705632779631207, 0.6932110648787072, -0.9268174265794898, 0.44523954937092475]",29.911451849150957,3.166505732463549
"[0.08703827939643308, 0.6932198714372079, -0.9268203306828867, 0.4452223481808862]",29.91149333848448,3.1665685649449453
"[0.08702022766261519, 0.6932286812727492, -0.9268232344272532, 0.4452051412776285]",29.911534817878866,3.1666313974263423
"[0.08700217441286431, 0.6932374934991841, -0.9268261375194136, 0.4451879303926306]",29.911576292843606,3.1666942299077387
"[0.08698411551719308, 0.6932463101339238, -0.926829040622572, 0.4451707115866187]",29.91161775527486,3.1667570623891352
"[0.08696605872823228, 0.6932551273929266, -0.9268319424897972, 0.4451534922504147]",29.911659217941438,3.166819894870532
"[0.08694799850675602, 0.6932639479816946, -0.9268348440107947, 0.44513626710094367]",29.91170067186494,3.1668827273519287
"[0.08692993458012717, 0.6932727720348162, -0.9268377452284504, 0.44511903587622303]",29.911742118876397,3.166945559833325
"[0.08691186770163704, 0.6932815991856783, -0.9268406460209002, 0.4451017992929775]",29.91178355654083,3.167008392314722
"[0.08689380051573244, 0.6932904281431618, -0.9268435459629256, 0.44508455987298]",29.91182498834281,3.1670712247961186
"[0.0868757307939813, 0.6932992599970931, -0.9268464454116093, 0.44506731548884343]",29.911866416787348,3.1671340572775146
"[0.08685765860789477, 0.693308094713665, -0.926849344354719, 0.4450500662073064]",29.91190783570777,3.167196889758912
"[0.08683958129359388, 0.6933169335966337, -0.9268522432186104, 0.44503280948373786]",29.911949244273757,3.167259722240308
"[0.08682150513827215, 0.6933257735728884, -0.9268551409943911, 0.4450155513186433]",29.911990651188855,3.1673225547217045
"[0.0868034232243039, 0.6933346180265259, -0.9268580387902885, 0.44499828510600836]",29.912032044423626,3.1673853872031015
"[0.08678534279247363, 0.6933434634168854, -0.926860935445193, 0.4449810177586265]",29.912073441476597,3.167448219684498
"[0.08676725825735422, 0.6933523124773209, -0.9268638318533572, 0.44496374394123595]",29.91211482388242,3.1675110521658945
"[0.08674917225749876, 0.6933611639179693, -0.9268667275913881, 0.4449464661724799]",29.91215620612305,3.1675738846472914
"[0.08673108256628191, 0.6933700188297326, -0.926869623015014, 0.44492918232369155]",29.912197574285777,3.167636717128688
"[0.08671298985843648, 0.6933788768837168, -0.9268725180153455, 0.4449118930376705]",29.912238937009644,3.1676995496100844
"[0.08669489646534043, 0.6933877369394665, -0.9268754122186743, 0.4448946005410343]",29.912280296156812,3.1677623820914813
"[0.08667679895104739, 0.6933966006806402, -0.9268783061738607, 0.44487730154845173]",29.912321643076687,3.167825214572878
"[0.0866586997837935, 0.6934054668996108, -0.9268811994853889, 0.4448599984175769]",29.912362987162055,3.167888047054274
"[0.08664059961386175, 0.6934143352786633, -0.9268840920487131, 0.4448426917690639]",29.912404325682516,3.1679508795356712
"[0.08662249585227863, 0.6934232070873693, -0.926886984276847, 0.44482537912603975]",29.912445655919004,3.1680137120170673
"[0.08660439028234364, 0.6934320814530516, -0.926889875884087, 0.44480806219224506]",29.912486978085774,3.1680765444984638
"[0.08658628272926466, 0.6934409584623592, -0.9268927668976782, 0.4447907407992571]",29.912528293921053,3.1681393769798607
"[0.08656817109287578, 0.6934498391461947, -0.9268956576520743, 0.44477341293632555]",29.912569600952192,3.168202209461257
"[0.086550059011865, 0.6934587217214535, -0.9268985475657937, 0.4447560820833047]",29.912610906438093,3.1682650419426537
"[0.08653194234193543, 0.6934676082217922, -0.9269014372993054, 0.4447387442730805]",29.912652197499483,3.1683278744240506
"[0.08651382458772108, 0.6934764969293696, -0.9269043262927815, 0.4447214028579779]",29.91269348478471,3.168390706905447
"[0.08649570490563421, 0.6934853882589477, -0.9269072146801158, 0.4447040570294487]",29.912734770653426,3.1684535393868436
"[0.08647758331151371, 0.6934942822037454, -0.9269101024581038, 0.4446867068013902]",29.912776044272395,3.1685163718682405
"[0.08645945759774148, 0.6935031798485504, -0.9269129899776931, 0.44466935005841235]",29.912817311042186,3.168579204349637
"[0.08644133080248792, 0.693512079703164, -0.9269158767540994, 0.4446519897082212]",29.91285857368898,3.168642036831034
"[0.08642320100380639, 0.6935209827122505, -0.9269187630926999, 0.44463462390881164]",29.91289982581532,3.1687048693124304
"[0.08640506641157313, 0.6935298897564399, -0.9269216492775072, 0.44461725094337423]",29.912941066689687,3.168767701793827
"[0.0863869355988942, 0.6935387966255441, -0.926924533943609, 0.4445998790242866]",29.9129823137936,3.168830534275224
"[0.08636879742118188, 0.6935477087953781, -0.9269274188634775, 0.4445824974722065]",29.913023543509556,3.1688933667566204
"[0.08635065789013048, 0.6935566233137839, -0.9269303030798827, 0.4445651120457381]",29.913064769326457,3.1689561992380164
"[0.08633251701251658, 0.6935655401782778, -0.9269331865911474, 0.44454772275033766]",29.91310598859227,3.169019031719414
"[0.08631437375101017, 0.6935744598997314, -0.9269360695614792, 0.4445303285903967]",29.913147201060845,3.16908186420081
"[0.0862962271596651, 0.6935833829444648, -0.9269389521403588, 0.44451292865734454]",29.91318840617747,3.1691446966822063
"[0.08627807670706895, 0.6935923095752546, -0.92694183441126, 0.4444955224396409]",29.913229601408656,3.1692075291636033
"[0.08625992751489306, 0.6936012372740359, -0.926944715560271, 0.44447811484792404]",29.913270796264197,3.1692703616449998
"[0.08624177396695576, 0.6936101688043331, -0.9269475964783235, 0.44446070049438974]",29.913311977258086,3.1693331941263962
"[0.08622361686165173, 0.6936191037749245, -0.9269504770377112, 0.444443280142755]",29.913353153040298,3.169396026607793
"[0.08620545894716906, 0.6936280408345471, -0.9269533568017081, 0.4444258564282786]",29.91339432315871,3.1694588590891897
"[0.08618729920341925, 0.6936369804860504, -0.9269562359315214, 0.44440842837116995]",29.913435487227595,3.169521691570586
"[0.08616913547968658, 0.6936459237895349, -0.9269591147672712, 0.4443909939055839]",29.913476643513647,3.169584524051983
"[0.08615097120505297, 0.6936548690577076, -0.9269619927647339, 0.44437355632151426]",29.913517794373515,3.1696473565333796
"[0.08613280272867628, 0.6936638180896044, -0.9269648705016025, 0.44435611211271325]",29.913558934070014,3.1697101890147756
"[0.0861146323297827, 0.6936727697639188, -0.9269677476159951, 0.4443386634657552]",29.91360006907714,3.169773021496173
"[0.08609645828468358, 0.6936817249310796, -0.9269706243800195, 0.4443212087237642]",29.913641194245546,3.169835853977569
"[0.0860782856197845, 0.6936906811151389, -0.9269734999974767, 0.44430375271326333]",29.9136823204817,3.1698986864589656
"[0.08606010713691435, 0.6936996418647318, -0.926976375606656, 0.44428628851852503]",29.913723431998132,3.1699615189403625
"[0.08604192632178274, 0.6937086054632611, -0.9269792506551382, 0.4442688194860797]",29.91376453817911,3.170024351421759
"[0.08602374486660738, 0.6937175710773084, -0.9269821248746956, 0.4442513472407977]",29.913805635986463,3.1700871839031555
"[0.08600556141850102, 0.6937265393748593, -0.9269849984785976, 0.4442338704815246]",29.913846732022538,3.1701500163845524
"[0.08598737338832295, 0.6937355116343044, -0.9269878718751126, 0.4442163867178732]",29.913887817110698,3.170212848865949
"[0.08596918378828063, 0.6937444863710482, -0.926990744587491, 0.4441988988436231]",29.913928893766908,3.1702756813473454
"[0.08595099136148167, 0.6937534642063361, -0.9269936168134973, 0.44418140564895775]",29.91396996680192,3.1703385138287423
"[0.0859327990856892, 0.6937624436715166, -0.9269964880823949, 0.4441639099961468]",29.914011033685256,3.170401346310139
"[0.08591460139189215, 0.6937714275165978, -0.9269993592723291, 0.444146406527829]",29.91405209004209,3.170464178791535
"[0.08589640218263166, 0.6937804138164264, -0.9270022297666313, 0.4441288989957074]",29.91409313886636,3.1705270112729322
"[0.08587820120153819, 0.6937894026985318, -0.9270050996050836, 0.44411138715198073]",29.914134182309457,3.1705898437543283
"[0.08585999720198374, 0.6937983947797411, -0.9270079689834756, 0.4440938697957176]",29.914175220057583,3.1706526762357248
"[0.08584179009342673, 0.6938073901061157, -0.9270108379152057, 0.4440763468380104]",29.914216246771833,3.1707155087171217
"[0.0858235821224183, 0.693816387568786, -0.9270137060455688, 0.44405882043965283]",29.91425727079111,3.170778341198518
"[0.08580537206853574, 0.693825387771698, -0.9270165735661823, 0.4440412894248288]",29.91429828774158,3.170841173679915
"[0.08578715752253134, 0.6938343919070359, -0.9270194408555115, 0.44402375147221634]",29.914339292788668,3.1709040061613116
"[0.08576894182441337, 0.6938433983249769, -0.9270223073869441, 0.44400620979608035]",29.914380292989435,3.170966838642708
"[0.08575072170830236, 0.6938524086415473, -0.9270251736735822, 0.44398866124970937]",29.914421284838706,3.171029671124105
"[0.0857325032992488, 0.6938614198286149, -0.927028038751255, 0.44397111173133824]",29.914462274615172,3.1710925036055015
"[0.0857142791928319, 0.6938704355496013, -0.9270309037836882, 0.44395355410706516]",29.914503251783156,3.171155336086898
"[0.08569605533314084, 0.6938794528651356, -0.9270337678355796, 0.4439359941019468]",29.914544227503356,3.171218168568295
"[0.08567782555059794, 0.6938884748292786, -0.927036631875684, 0.44391842576943097]",29.914585191579242,3.1712810010496915
"[0.08565959532025581, 0.6938974987337478, -0.9270394950429499, 0.4439008543841258]",29.9146261491092,3.1713438335310875
"[0.08564136277904175, 0.6939065255016856, -0.9270423576293444, 0.44388327814915635]",29.914667099591693,3.171406666012485
"[0.08562312866370686, 0.6939155547693464, -0.9270452195184951, 0.4438656977734664]",29.914708046389187,3.171469498493881
"[0.08560488932119024, 0.6939245883471404, -0.9270480812828171, 0.44384810973299793]",29.9147489804175,3.1715323309752774
"[0.08558665027997527, 0.6939336234980704, -0.9270509420541131, 0.44383051935732315]",29.91478991025321,3.1715951634566744
"[0.0855684082404699, 0.6939426618575556, -0.9270538023492961, 0.44381292346311785]",29.914830832191967,3.171657995938071
"[0.08555016176862434, 0.6939517041376722, -0.9270566623922333, 0.44379532066503236]",29.91487174763378,3.1717208284194673
"[0.08553191521053724, 0.6939607481857749, -0.9270595215009388, 0.4437777151544048]",29.91491265462189,3.1717836609008643
"[0.08551366391923582, 0.6939697963063433, -0.9270623804027773, 0.44376010244600184]",29.914953554392355,3.1718464933822608
"[0.08549541329724922, 0.6939788458221254, -0.9270652382507681, 0.44374248775196984]",29.914994451192044,3.1719093258636573
"[0.08547715905397682, 0.693987898861511, -0.9270680957161328, 0.443724866930093]",29.915035335854114,3.171972158345054
"[0.0854589005724416, 0.6939969557320907, -0.9270709528944296, 0.44370723938262274]",29.915076214615105,3.1720349908264507
"[0.08544064275396877, 0.6940060140036258, -0.927073809017988, 0.4436896098402624]",29.91511708759837,3.1720978233078467
"[0.08542237961054375, 0.6940150766481102, -0.9270766650227568, 0.44367197251956314]",29.915157952877966,3.172160655789244
"[0.08540411552435356, 0.6940241414923706, -0.9270795202225466, 0.44365433165070955]",29.915198811077882,3.17222348827064
"[0.08538584850563681, 0.6940332095250096, -0.9270823749277018, 0.4436366853105149]",29.91523966140874,3.1722863207520366
"[0.08536758011721099, 0.6940422799713235, -0.9270852288932446, 0.4436190350072816]",29.9152805063607,3.172349153233434
"[0.08534930870827678, 0.6940513536520696, -0.9270880823763161, 0.4436013791446283]",29.91532134128045,3.17241198571483
"[0.08533103449990596, 0.6940604304587815, -0.9270909353415246, 0.4435837179344372]",29.915362170263723,3.1724748181962266
"[0.08531275896890049, 0.6940695096590135, -0.9270937875575784, 0.44356605280259137]",29.915402995538468,3.1725376506776235
"[0.08529447883205926, 0.6940785928851875, -0.9270966395360002, 0.4435483805737739]",29.915443806163086,3.17260048315902
"[0.08527619814119423, 0.6940876781252099, -0.9270994906438357, 0.44353070516346993]",29.915484616323823,3.1726633156404165
"[0.08525791292258765, 0.694096767355199, -0.9271023415000197, 0.44351302272792215]",29.915525413159255,3.1727261481218134
"[0.0852396276414767, 0.6941058583567103, -0.9271051914076069, 0.4434953375837007]",29.915566208722268,3.17278898060321
"[0.0852213384147074, 0.6941149530614273, -0.9271080409710883, 0.4434776459737371]",29.915606992053696,3.172851813084606
"[0.08520304803050939, 0.6941240500840654, -0.9271108897552298, 0.44345995059356225]",29.915647772296857,3.1729146455660033
"[0.08518475381745501, 0.6941331507545119, -0.9271137381753083, 0.44344224885708305]",29.91568854361682,3.1729774780474
"[0.08516645708454366, 0.6941422544229943, -0.9271165860265992, 0.44342454202903736]",29.915729303839335,3.1730403105287968
"[0.0851481599453438, 0.6941513600388088, -0.927119432979485, 0.443406832153725]",29.915770065645518,3.1731031430101933
"[0.0851298588520118, 0.6941604693686633, -0.927122279585239, 0.44338911579574647]",29.915810814575913,3.1731659754915893
"[0.08511155458156047, 0.6941695820273299, -0.9271251257220218, 0.4433713937052352]",29.91585155301017,3.1732288079729867
"[0.08509324964699269, 0.6941786967647601, -0.9271279709983735, 0.44335366831396184]",29.915892289429237,3.1732916404543827
"[0.0850749417953757, 0.6941878147038022, -0.9271308157637826, 0.44333593743903654]",29.915933018081205,3.173354472935779
"[0.08505663006293539, 0.6941969363259163, -0.9271336601670558, 0.44331820014509576]",29.915973736997792,3.173417305417176
"[0.08503831642597838, 0.6942060606479847, -0.927136503900332, 0.4433004583446867]",29.916014448317327,3.1734801378985726
"[0.0850200017143003, 0.69421518725748, -0.9271393468341188, 0.4432827128405931]",29.91605515750109,3.173542970379969
"[0.08500168289653062, 0.6942243176662701, -0.9271421894381321, 0.4432649606940014]",29.91609585398382,3.173605802861366
"[0.08498336258163484, 0.6942334505753055, -0.9271450313066683, 0.4432472044314626]",29.916136546133497,3.1736686353427626
"[0.08496503933066307, 0.6942425867030414, -0.9271478726621766, 0.44322944265689435]",29.91617722760625,3.173731467824159
"[0.08494671442717544, 0.6942517254106589, -0.9271507133048338, 0.4432116766130126]",29.916217905949956,3.173794300305556
"[0.08492838697250762, 0.6942608671474306, -0.927153553373195, 0.4431939054271545]",29.916258577355368,3.1738571327869525
"[0.08491005568370881, 0.6942700125547115, -0.9271563930651467, 0.44317612785342303]",29.916299234799727,3.1739199652683485
"[0.08489172420954698, 0.6942791598132266, -0.9271592318147226, 0.4431583474290024]",29.916339893654165,3.173982797749746
"[0.08487338771161022, 0.694288311338559, -0.9271620703703513, 0.44314055945929093]",29.916380538346935,3.174045630231142
"[0.0848550510380265, 0.6942974647123179, -0.9271649079806927, 0.4431227686457594]",29.916421177279222,3.1741084627125384
"[0.08483671026866751, 0.6943066218924902, -0.9271677452516301, 0.4431049711835462]",29.91646181127413,3.1741712951939354
"[0.08481836690024139, 0.6943157821332631, -0.9271705819506765, 0.4430871685230711]",29.916502435535303,3.174234127675332
"[0.08480002115431957, 0.6943249453252187, -0.9271734180427492, 0.44306936087778315]",29.916543052048223,3.1742969601567284
"[0.08478167579258505, 0.6943341100897622, -0.927176253100339, 0.44305155092743453]",29.91658366506091,3.1743597926381253
"[0.0847633246452345, 0.6943432795104201, -0.9271790880760649, 0.4430337326806086]",29.91662426669909,3.174422625119522
"[0.08474497282328348, 0.6943524510348454, -0.9271819221794122, 0.4430159110979814]",29.916664863033656,3.1744854576009183
"[0.08472661524935221, 0.6943616272019297, -0.9271847561935652, 0.4429980812469935]",29.916705445590694,3.174548290082315
"[0.08470825886017244, 0.694370804545473, -0.9271875890468515, 0.4429802498634595]",29.916746032150957,3.1746111225637117
"[0.08468990003770309, 0.6943799848750246, -0.927190421297102, 0.44296241343203635]",29.91678660490566,3.1746739550451077
"[0.08467153738833481, 0.694389168888866, -0.9271932531583923, 0.44294457059690606]",29.916827172445103,3.174736787526505
"[0.08465317326084261, 0.6943983554135444, -0.9271960842676511, 0.4429267236386896]",29.916867730836653,3.174799620007901
"[0.08463480499232423, 0.6944075457824794, -0.9271989150345334, 0.44290886996774664]",29.91690828020336,3.1748624524892977
"[0.0846164363161131, 0.6944167381289021, -0.9272017448829022, 0.4428910132113264]",29.916948828106964,3.1749252849706946
"[0.08459806213784357, 0.6944259350035873, -0.9272045745966898, 0.44287314841523606]",29.916989361075686,3.174988117452091
"[0.08457968845623154, 0.6944351334052149, -0.9272074032512407, 0.44285528141029584]",29.91702989267962,3.1750509499334876
"[0.08456131058697698, 0.6944443356799309, -0.92721023156699, 0.4428374076400667]",29.917070412255264,3.1751137824148845
"[0.08454293147349935, 0.6944535403551867, -0.9272130590900918, 0.44281952996553897]",29.917110928498644,3.175176614896281
"[0.08452454833743335, 0.694462748823728, -0.9272158862471347, 0.44280164568248903]",29.91715143252074,3.175239447377678
"[0.08450616394886619, 0.694471959699241, -0.9272187126112572, 0.4427837574841743]",29.917191931971754,3.1753022798590744
"[0.08448777628763615, 0.6944811739950311, -0.9272215384922436, 0.4427658634034574]",29.917232423175157,3.175365112340471
"[0.08446938739039636, 0.6944903906916737, -0.9272243635763067, 0.4427479654208267]",29.917272909859207,3.175427944821868
"[0.08445099564782305, 0.6944996105968803, -0.9272271881099341, 0.44273006196852577]",29.9173133875778,3.1754907773032643
"[0.08443260130723801, 0.6945088335879768, -0.9272300120542779, 0.44271215328560276]",29.91735385831415,3.1755536097846604
"[0.08441420404148842, 0.6945180598303217, -0.92723283545869, 0.4426942390518177]",29.9173943192414,3.1756164422660578
"[0.08439580503459129, 0.6945272887313085, -0.9272356581406641, 0.44267632041858584]",29.917434778507094,3.175679274747454
"[0.08437740355268065, 0.6945365206601859, -0.927238480212015, 0.44265839666975204]",29.91747522266936,3.1757421072288503
"[0.08435899715036557, 0.6945457568453868, -0.9272413020467466, 0.44264046542127616]",29.91751566260861,3.1758049397102472
"[0.08434058951834011, 0.6945549954363535, -0.927244123078128, 0.44262253026672904]",29.917556092887775,3.1758677721916437
"[0.08432218027139177, 0.6945642366273618, -0.9272469433645335, 0.4426045908296392]",29.91759651803139,3.1759306046730402
"[0.08430376888472418, 0.6945734806829141, -0.9272497629856307, 0.4425866465972739]",29.9176369354944,3.175993437154437
"[0.08428535428625947, 0.69458272814258, -0.9272525821047436, 0.44256869652307057]",29.91767734390282,3.1760562696358337
"[0.08426693760523972, 0.6945919784405684, -0.9272554005481373, 0.4425507417061079]",29.917717749841163,3.17611910211723
"[0.08424851719990008, 0.6946012324028656, -0.9272582185661651, 0.44253278054400685]",29.91775814209926,3.176181934598627
"[0.08423009607675404, 0.6946104885202478, -0.9272610356980887, 0.44251481596682757]",29.917798532070314,3.1762447670800236
"[0.08421167050133764, 0.6946197486704524, -0.9272638525141702, 0.4424968443310157]",29.91783891057919,3.1763075995614196
"[0.08419324359452496, 0.6946290112863884, -0.9272666685364055, 0.44247886867876834]",29.917879281788508,3.176370432042817
"[0.08417481418362821, 0.6946382769586098, -0.9272694839432648, 0.44246088786475785]",29.91791964747453,3.176433264524213
"[0.08415638196082162, 0.6946475458431827, -0.9272722987809103, 0.4424429015869619]",29.917960005248034,3.1764960970056095
"[0.08413794779579582, 0.694656817503981, -0.9272751129157154, 0.4424249106924787]",29.918000355752685,3.176558929487007
"[0.08411951069586729, 0.6946660924415308, -0.9272779264983899, 0.44240691421089373]",29.91804069685362,3.176621761968403
"[0.08410107044211414, 0.6946753707673753, -0.9272807395614173, 0.4423889119266595]",29.918081029398312,3.1766845944497994
"[0.08408263023122464, 0.6946846508740557, -0.9272835516164581, 0.4423709069593466]",29.918121360539843,3.1767474269311964
"[0.08406418584397489, 0.6946939348860474, -0.9272863633061568, 0.44235289518788323]",29.918161680466806,3.176810259412593
"[0.08404573753477494, 0.694703222677004, -0.9272891745906375, 0.44233487685840495]",29.918201990458677,3.1768730918939894
"[0.08402728904362732, 0.6947125123651497, -0.9272919848992062, 0.44231685562232287]",29.918242296829266,3.1769359243753863
"[0.08400883668342488, 0.6947218058082394, -0.9272947947927641, 0.44229882787650715]",29.91828259252727,3.176998756856783
"[0.08399038171634929, 0.69473110237205, -0.9272976040781494, 0.4422807948521533]",29.918322881751845,3.177061589338179
"[0.08397192552094172, 0.6947404013632497, -0.927300412544766, 0.4422627578949083]",29.918363164449556,3.177124421819576
"[0.08395346553702024, 0.6947497040730235, -0.9273032205813514, 0.44224471450112146]",29.918403439563118,3.1771872543009727
"[0.08393500495506745, 0.6947590088947356, -0.9273060277017926, 0.44222666778778474]",29.918443707674353,3.1772500867823688
"[0.0839165401768181, 0.6947683176432772, -0.9273088344524164, 0.44220861423572383]",29.918483965749722,3.177312919263766
"[0.08389807213336714, 0.6947776298508771, -0.9273116406906448, 0.44219055475312186]",29.91852421584086,3.177375751745162
"[0.08387960197984595, 0.6947869449364038, -0.9273144462400772, 0.442172490467839]",29.918564459143518,3.1774385842265596
"[0.08386113062471262, 0.6947962624426974, -0.9273172509620189, 0.442154422267133]",29.91860469579021,3.1775014167079556
"[0.08384265413839696, 0.6948055843534275, -0.9273200554521834, 0.4421363463052571]",29.91864492313564,3.177564249189352
"[0.08382417874467119, 0.6948149075296425, -0.9273228587651168, 0.44211826866966036]",29.918685147312157,3.177627081670749
"[0.0838056997029255, 0.6948242343644901, -0.9273256616194755, 0.4421001847207039]",29.918725360872667,3.1776899141521455
"[0.08378721482982067, 0.6948335659618934, -0.9273284643452047, 0.44208209231909107]",29.918765562265563,3.177752746633542
"[0.08376873194557714, 0.6948428983750986, -0.9273312657558362, 0.44206399911765504]",29.918805762423304,3.177815579114939
"[0.08375024456352913, 0.6948522348802886, -0.9273340668338881, 0.44204589876538697]",29.91884595283924,3.1778784115963354
"[0.08373175400591189, 0.694861574811368, -0.9273368673779575, 0.442027792554618]",29.91888613677483,3.177941244077732
"[0.08371326210423384, 0.6948709172444135, -0.9273396671098348, 0.4420096822772518]",29.918926312794255,3.178004076559129
"[0.08369476805089698, 0.6948802625884655, -0.9273424661510747, 0.4419915671410842]",29.918966479297843,3.1780669090405254
"[0.08367627090434371, 0.6948896113206426, -0.9273452646432998, 0.44197344622212714]",29.919006639725456,3.1781297415219214
"[0.08365777141993118, 0.6948989630605056, -0.9273480624713458, 0.4419553202586506]",29.919046793408828,3.178192574003319
"[0.08363926928211039, 0.6949083179688421, -0.927350859682084, 0.44193718893984085]",29.91908693879816,3.178255406484715
"[0.0836207644760325, 0.6949176760544837, -0.9273536562768797, 0.4419190522494351]",29.91912707606759,3.1783182389661113
"[0.08360225480897555, 0.6949270384279657, -0.9273564525860529, 0.44190090803612564]",29.9191672006685,3.1783810714475083
"[0.08358374533942538, 0.6949364025318858, -0.9273592478445755, 0.4418827612569552]",29.919207324273515,3.1784439039289047
"[0.08356523379579384, 0.6949457695162691, -0.9273620423949036, 0.44186460968391195]",29.919247440413628,3.1785067364103012
"[0.08354671748305346, 0.694955140746379, -0.9273648366428763, 0.44184645067231243]",29.919287543283467,3.178569568891698
"[0.08352820106209868, 0.694964513864565, -0.9273676298842853, 0.44182828879149877]",29.919327643300093,3.1786324013730947
"[0.08350967878348556, 0.6949738917826559, -0.9273704229855092, 0.4418101184002495]",29.91936773342835,3.178695233854491
"[0.08349115739704172, 0.6949832710844536, -0.9273732149278419, 0.4417919461185269]",29.919407815980065,3.178758066335888
"[0.08347263260104912, 0.6949926539492838, -0.9273760063590785, 0.4417737677245976]",29.919447892145,3.1788208988172846
"[0.08345410401720905, 0.6950020405703505, -0.9273787973351879, 0.4417555828451169]",29.919487958794583,3.1788837312986806
"[0.08343557678514889, 0.6950114283448283, -0.927381587081331, 0.4417373965232768]",29.919528022493825,3.178946563780078
"[0.0834170420071364, 0.6950208217826666, -0.9273843769363332, 0.4417192000231595]",29.91956807169255,3.179009396261474
"[0.08339850552274333, 0.695030217926282, -0.9273871660200086, 0.4417009990751602]",29.91960811436604,3.1790722287428705
"[0.08337996891572352, 0.6950396159736879, -0.9273899540934609, 0.4416827952334206]",29.919648154476622,3.1791350612242675
"[0.08336142646706797, 0.6950490188258481, -0.9273927420159399, 0.44166458287973204]",29.919688180339666,3.179197893705664
"[0.08334288377597944, 0.6950584236448627, -0.9273955289446342, 0.4416463675117263]",29.919728200747176,3.1792607261870605
"[0.08332433862385512, 0.6950678315569505, -0.9273983152123242, 0.4416281469488255]",29.919768217036122,3.1793235586684574
"[0.08330579092791249, 0.6950772426053963, -0.9274011008305845, 0.44160992110804287]",29.919808221342205,3.179386391149854
"[0.083287242291428, 0.6950866559777762, -0.9274038855578843, 0.44159169156350775]",29.919848225808476,3.1794492236312504
"[0.08326868695890366, 0.6950960745966427, -0.9274066702572292, 0.441573452656522]",29.919888211302638,3.1795120561126473
"[0.0832501320593609, 0.6951054948448475, -0.9274094538577454, 0.44155521139255155]",29.91992819464665,3.179574888594044
"[0.083231574756106, 0.6951149181633789, -0.9274122367843924, 0.44153696498191247]",29.91996817061408,3.17963772107544
"[0.08321301227929041, 0.6951243459604524, -0.9274150194514592, 0.441518710698899]",29.92000813355393,3.1797005535568372
"[0.08319445104043978, 0.6951337749808157, -0.9274178008970293, 0.4415004548471714]",29.920048097725882,3.1797633860382333
"[0.08317588321717673, 0.6951432091995382, -0.927420582292412, 0.441482189731326]",29.920088046622542,3.1798262185196307
"[0.08315731463855619, 0.6951526456565671, -0.9274233627633676, 0.44146392108318283]",29.92012798931817,3.1798890510010267
"[0.08313874543200742, 0.6951620842878772, -0.9274261422902562, 0.4414456490272941]",29.92016792789565,3.179951883482423
"[0.0831201707648055, 0.6951715275513972, -0.9274289215954976, 0.4414273688063392]",29.920207853982568,3.18001471596382
"[0.08310159331338492, 0.695180974088221, -0.9274317002774808, 0.44140908305193904]",29.92024777198969,3.1800775484452166
"[0.08308301504541281, 0.6951904228988895, -0.9274344780411441, 0.441390793699518]",29.920287686083647,3.180140380926613
"[0.08306443395830948, 0.6951998750030004, -0.9274372551851512, 0.44137249877628243]",29.920327590150723,3.18020321340801
"[0.08304584841697782, 0.695209331233962, -0.9274400319528228, 0.4413541966701379]",29.920367482895323,3.1802660458894065
"[0.08302726426445588, 0.6952187886198767, -0.9274428074704728, 0.4413358931337865]",29.92040737617026,3.180328878370803
"[0.0830086745386597, 0.6952282507048957, -0.9274455827770761, 0.4413175813087871]",29.92044725457042,3.1803917108522
"[0.08299008374563334, 0.6952377151970145, -0.9274483571989027, 0.44129926563178345]",29.920487129894518,3.1804545433335965
"[0.08297148993611089, 0.6952471830897602, -0.9274511310260591, 0.44128094418089714]",29.92052699435519,3.1805173758149925
"[0.08295289203150125, 0.6952566549339739, -0.9274539044183974, 0.4412626158911846]",29.92056685001131,3.18058020829639
"[0.08293429228404214, 0.6952661295840433, -0.9274566770391007, 0.44124428298035595]",29.920606699498478,3.180643040777786
"[0.08291569150937357, 0.6952756066254716, -0.9274594487658901, 0.4412259462511574]",29.92064654256428,3.1807058732591824
"[0.08289708614255875, 0.6952850878759858, -0.9274622201290522, 0.4412076021874464]",29.92068637338258,3.18076870574058
"[0.08287847966101554, 0.6952945715649187, -0.9274649906096722, 0.4411892542159672]",29.920726202001347,3.180831538221976
"[0.08285987080381584, 0.6953040583360431, -0.9274677603947523, 0.4411709010919812]",29.92076602085672,3.1808943707033723
"[0.0828412582753344, 0.6953135488513295, -0.9274705296761735, 0.44115254153576383]",29.92080582832575,3.1809572031847693
"[0.08282264396425983, 0.6953230421491264, -0.9274732981720044, 0.4411341774085446]",29.9208456316953,3.1810200356661658
"[0.08280402555842804, 0.6953325394100792, -0.9274760662251812, 0.4411158064273627]",29.920885424638268,3.1810828681475622
"[0.08278540564084703, 0.6953420393179938, -0.9274788334507501, 0.44109743113909267]",29.92092521156882,3.181145700628959
"[0.08276678480781798, 0.6953515415695704, -0.9274815997594285, 0.4410790521310947]",29.92096499401526,3.1812085331103557
"[0.08274815986572277, 0.6953610477958259, -0.9274843656247796, 0.44106066624955714]",29.921004763383888,3.1812713655917517
"[0.08272953177929662, 0.6953705575060204, -0.9274871309024635, 0.44104227444463145]",29.921044526161456,3.181334198073149
"[0.08271090167393544, 0.6953800701269753, -0.9274898954245236, 0.44102387782572255]",29.921084280664203,3.1813970305545456
"[0.08269226806956471, 0.695389586415818, -0.9274926594096627, 0.4410054749295079]",29.921124024001614,3.1814598630359416
"[0.0826736333194646, 0.6953991051719797, -0.9274954225079586, 0.44098706807852833]",29.921163764800585,3.181522695517339
"[0.08265499544633743, 0.6954086274066915, -0.9274981850117741, 0.4409686553181445]",29.92120349591966,3.181585527998735
"[0.08263635499238065, 0.6954181528443489, -0.9275009468398083, 0.4409502371821834]",29.921243218347435,3.1816483604801316
"[0.08261771219298039, 0.695427681365994, -0.927503707956301, 0.4409318139015355]",29.92128293396361,3.1817111929615285
"[0.0825990663687486, 0.6954372133202407, -0.9275064684609596, 0.4409133848030486]",29.92132264308427,3.181774025442925
"[0.08258041797334184, 0.6954467484765883, -0.9275092282856839, 0.44089495033328346]",29.921362339582995,3.1818368579243215
"[0.08256176675568035, 0.6954562869647988, -0.9275119874667118, 0.44087651024226576]",29.921402029942552,3.1818996904057184
"[0.08254311287026869, 0.695465828707259, -0.9275147459802582, 0.4408580646809453]",29.921441712527702,3.181962522887115
"[0.0825244562366215, 0.6954753737465155, -0.9275175038373025, 0.440839613567967]",29.921481387533394,3.182025355368512
"[0.08250579989083384, 0.6954849205302022, -0.9275202605883724, 0.44082115990485476]",29.921521058442877,3.1820881878499083
"[0.08248713754223573, 0.6954944722787986, -0.927523017162058, 0.44080269746743195]",29.9215607153626,3.182151020331305
"[0.08246847254986865, 0.6955040272749662, -0.9275257730610004, 0.4407842295762338]",29.92160036310325,3.1822138528127017
"[0.08244980802582978, 0.6955135839264546, -0.9275285278250498, 0.44076575930944695]",29.92164000972969,3.1822766852940982
"[0.08243113955121409, 0.6955231444969401, -0.9275312821056474, 0.4407472822928099]",29.921679646184014,3.1823395177754943
"[0.08241246759236145, 0.6955327087493027, -0.9275340358328893, 0.4407287989856271]",29.92171927029251,3.1824023502568917
"[0.08239379230559679, 0.6955422766050683, -0.9275367889826787, 0.44071030954054413]",29.921758889988435,3.1824651827382877
"[0.08237511530572558, 0.6955518472382718, -0.927539541316058, 0.44069181555458525]",29.92179850162944,3.182528015219684
"[0.08235643667880758, 0.6955614206058931, -0.9275422928195948, 0.4406733171116491]",29.921838103123164,3.182590847701081
"[0.08233775406605984, 0.6955709979183059, -0.9275450438398105, 0.44065481187387123]",29.921877699053173,3.1826536801824776
"[0.08231907099014342, 0.6955805773709317, -0.9275477938571457, 0.4406363033288935]",29.92191728951866,3.182716512663874
"[0.08230038287105154, 0.6955901613135075, -0.9275505435448063, 0.4406177869376817]",29.92195686437889,3.182779345145271
"[0.08228169339377318, 0.69559974785779, -0.927553292359584, 0.44059926634933866]",29.921996438521514,3.1828421776266675
"[0.08226300055093717, 0.6956093380347296, -0.9275560405958465, 0.4405807395729972]",29.922035998543855,3.182905010108064
"[0.0822443034887703, 0.6956189322840772, -0.9275587883779982, 0.4405622057601775]",29.922075553424314,3.182967842589461
"[0.08222560753495599, 0.6956285278730285, -0.92756153492233, 0.44054367019076934]",29.922115100631867,3.1830306750708575
"[0.08220690683798151, 0.6956381278059645, -0.927564281087683, 0.44052512706207203]",29.922154638871362,3.1830935075522535
"[0.08218820550144802, 0.6956477299777176, -0.9275670262705205, 0.44050658044131497]",29.922194170907044,3.183156340033651
"[0.08216950014868467, 0.6956573361233236, -0.9275697709656342, 0.4404880269781365]",29.92223369218351,3.183219172515047
"[0.08215079104101619, 0.6956669461103453, -0.9275725151335427, 0.4404694669293965]",29.92227320803609,3.1832820049964434
"[0.08213208013532826, 0.6956765589350489, -0.9275752584862704, 0.4404509022345584]",29.922312711639236,3.1833448374778404
"[0.08211336727601308, 0.6956861746785309, -0.9275780010458397, 0.4404323327378086]",29.92235221150375,3.183407669959237
"[0.08209465109895182, 0.695695794043145, -0.9275807430112493, 0.4404137570837018]",29.92239169992278,3.1834705024406333
"[0.08207593108580191, 0.6957054172969659, -0.9275834844573527, 0.44039517475559364]",29.922431179916106,3.1835333349220303
"[0.08205721196403407, 0.6957150420108179, -0.9275862246911092, 0.44037659044493593]",29.92247065773272,3.1835961674034268
"[0.08203848603632541, 0.6957246721438792, -0.9275889648383241, 0.44035799650792073]",29.922510118392623,3.1836589998848233
"[0.08201976087415856, 0.6957343038038913, -0.9275917037900759, 0.440339400460712]",29.92254958120382,3.18372183236622
"[0.08200103163430222, 0.6957439394831654, -0.9275944422540288, 0.4403207974921366]",29.922589029982234,3.1837846648476167
"[0.08198230006764032, 0.6957535782824589, -0.9275971799731618, 0.4403021893392702]",29.922628468419777,3.1838474973290127
"[0.08196356624326509, 0.6957632201675317, -0.9275999169364985, 0.44028357606909724]",29.922667904322907,3.18391032981041
"[0.08194482905975155, 0.6957728657067025, -0.9276026533039972, 0.4402649565854317]",29.92270732600001,3.183973162291806
"[0.08192608881374341, 0.6957825147488358, -0.9276053890313052, 0.4402463311810109]",29.922746741854866,3.1840359947732026
"[0.08190734579979145, 0.6957921671437631, -0.9276081240744403, 0.44022770014665913]",29.922786150118956,3.1840988272545996
"[0.08188860295935822, 0.6958018213776259, -0.9276108580034869, 0.4402090664051368]",29.92282555413239,3.184161659735996
"[0.08186985481978042, 0.695811480270739, -0.9276135916157854, 0.4401904245138491]",29.922864946197652,3.184224492217393
"[0.08185110290023866, 0.6958211430424035, -0.9276163246885685, 0.44017177598072504]",29.922904325087828,3.1842873246987895
"[0.08183235173288918, 0.6958308073582715, -0.9276190565605417, 0.4401531253116702]",29.922943704855953,3.184350157180186
"[0.08181359767865239, 0.6958404750948464, -0.927621787761221, 0.4401344688860299]",29.922983072784863,3.184412989661583
"[0.08179483899567132, 0.695850147151798, -0.9276245185431481, 0.4401158049687204]",29.9230224332871,3.1844758221429794
"[0.08177607743363006, 0.6958598226287289, -0.9276272486504836, 0.44009713529828365]",29.923061784938504,3.184538654624376
"[0.08175731509972417, 0.6958695004400951, -0.9276299777758018, 0.4400784619701807]",29.923101127835682,3.184601487105773
"[0.08173854897781528, 0.6958791821429456, -0.9276327063569485, 0.440059781980957]",29.92314046267313,3.1846643195871693
"[0.0817197808880773, 0.6958888667997081, -0.927635434128292, 0.4400410971405294]",29.923179790623575,3.1847271520685654
"[0.0817010084048424, 0.6958985556636411, -0.9276381614413474, 0.44002240503194934]",29.923219104297363,3.1847899845499628
"[0.08168223567144023, 0.6959082465976038, -0.9276408876932755, 0.4400037097791512]",29.923258417526966,3.184852817031359
"[0.08166346003987793, 0.6959179409696139, -0.9276436132678805, 0.4399850087437908]",29.923297720243525,3.1849156495127553
"[0.0816446794670153, 0.6959276398364227, -0.9276463384605861, 0.43996629988843916]",29.923337011665968,3.1849784819941527
"[0.08162589760577578, 0.6959373413131076, -0.9276490627403012, 0.43994758685005114]",29.923376297587787,3.1850413144755487
"[0.08160711314434203, 0.6959470460784457, -0.927651786296489, 0.43992886832016237]",29.923415576685496,3.185104146956945
"[0.08158832631743038, 0.6959567540125502, -0.9276545090941982, 0.4399101445309237]",29.923454844038826,3.185166979438342
"[0.08156953696993115, 0.6959664651969246, -0.9276572311550003, 0.43989141532603804]",29.923494106520536,3.1852298119197386
"[0.08155074457805472, 0.69597617990374, -0.9276599525538103, 0.4398726801815327]",29.92353335806449,3.185292644401135
"[0.08153194910612784, 0.6959858981529872, -0.9276626732947751, 0.43985393905984277]",29.923572599951218,3.185355476882532
"[0.08151315101638734, 0.6959956197071481, -0.9276653933099996, 0.4398351924199672]",29.923611835660093,3.1854183093639286
"[0.08149435105245328, 0.6960053441829425, -0.9276681124910111, 0.4398164410018781]",29.923651066452795,3.185481141845325
"[0.08147554873748114, 0.6960150718282915, -0.9276708309059195, 0.43979768432838545]",29.92369028577066,3.185543974326722
"[0.08145674171877146, 0.6960248038620637, -0.9276735488937822, 0.4397789200503197]",29.923729494801737,3.1856068068081185
"[0.08143793208766247, 0.6960345392038225, -0.927676266151221, 0.4397601502519548]",29.923768693059355,3.1856696392895145
"[0.08141912286603882, 0.6960442762904556, -0.9276789822410194, 0.4397413779476955]",29.92380789087508,3.185732471770912
"[0.08140030944059436, 0.696054017511353, -0.9276816978285285, 0.43972259853182594]",29.923847077823794,3.185795304252308
"[0.0813814927622307, 0.6960637623759177, -0.9276844127753502, 0.4397038129512156]",29.923886255197797,3.1858581367337044
"[0.08136267498552686, 0.6960735097696031, -0.9276871267697466, 0.4396850233552917]",29.923925425808484,3.1859209692151014
"[0.08134385275124292, 0.6960832614339268, -0.927689840295226, 0.43966622638796765]",29.923964585386212,3.185983801696498
"[0.08132502863891829, 0.6960930160340386, -0.9276925529788623, 0.4396474246232632]",29.924003739442885,3.1860466341778944
"[0.08130620120931911, 0.6961027743171583, -0.9276952650271137, 0.4396286166218588]",29.924042881559267,3.1861094666592913
"[0.08128737190281052, 0.6961125355381516, -0.9276979762315545, 0.4396098038208472]",29.92408201903006,3.186172299140688
"[0.08126853898414166, 0.696122300598049, -0.9277006868410673, 0.4395909844846276]",29.924121144291682,3.1862351316220843
"[0.08124970413404486, 0.6961320686268431, -0.9277033966127664, 0.43957216029084567]",29.92416026280906,3.186297964103481
"[0.08123086837341698, 0.696141839096126, -0.9277061053990394, 0.4395533322585768]",29.924199378059523,3.1863607965848777
"[0.08121202655386711, 0.6961516146781684, -0.9277088139391713, 0.4395344952393239]",29.924238478738445,3.1864236290662746
"[0.08119318252948575, 0.6961613933752668, -0.9277115216779137, 0.4395156530836941]",29.92427756916223,3.186486461547671
"[0.08117433752373235, 0.6961711745536469, -0.9277142284386894, 0.4394968070136833]",29.92431665661793,3.186549294029067
"[0.08115548961970144, 0.6961809592094557, -0.9277169344959987, 0.4394779551107897]",29.924355734260107,3.1866121265104645
"[0.08113663953032295, 0.6961907469740048, -0.9277196397465354, 0.4394590980862987]",29.92439480316644,3.1866749589918606
"[0.08111778415037739, 0.6962005394613888, -0.9277223446348051, 0.4394402328315725]",29.924433862201827,3.186737791473257
"[0.08109892892929244, 0.6962103338429234, -0.927725048378099, 0.43942136479704663]",29.924472918757008,3.186800623954654
"[0.08108006879327284, 0.6962201327555475, -0.9277277517030635, 0.4394024889037868]",29.924511958610662,3.1868634564360505
"[0.08106120761372336, 0.6962299341893712, -0.9277304540537745, 0.43938360902447476]",29.924550995469186,3.186926288917447
"[0.08104234233300779, 0.6962397397347692, -0.9277331558673609, 0.4393647220966239]",29.924590020587598,3.186989121398844
"[0.08102347695371669, 0.6962495473125914, -0.927735856569723, 0.4393458321258517]",29.92462904221232,3.1870519538802404
"[0.08100460543996992, 0.6962593600623127, -0.927738557023889, 0.4393269330663601]",29.924668048089476,3.187114786361637
"[0.08098573373991229, 0.6962691748926425, -0.9277412563776398, 0.43930803087290266]",29.924707049821283,3.187177618843034
"[0.08096685769665427, 0.6962789939668285, -0.9277439552246686, 0.4392891213802202]",29.92474604152336,3.1872404513244303
"[0.08094798078211767, 0.6962888154802587, -0.9277466530676084, 0.4392702080645673]",29.924785028445278,3.1873032838058264
"[0.08092909942436098, 0.6962986412928297, -0.9277493504159868, 0.43925128734528474]",29.924824002365664,3.1873661162872238
"[0.08091021764059667, 0.6963084693153793, -0.9277520466949825, 0.43923236324621795]",29.924862972211436,3.18742894876862
"[0.0808913302737453, 0.6963183022337429, -0.9277547426399828, 0.4392134305967282]",29.92490192987141,3.1874917812500163
"[0.08087244276143242, 0.6963281372185701, -0.9277574374738236, 0.4391944948455333]",29.924940884064984,3.1875546137314132
"[0.08085355160932806, 0.6963379760906337, -0.9277601316942294, 0.4391755524878761]",29.924979821870128,3.1876174462128097
"[0.08083465643573426, 0.6963478190505172, -0.9277628253544682, 0.4391566031386758]",29.925018756607003,3.1876802786942062
"[0.0808157612381537, 0.6963576640171107, -0.9277655178837934, 0.43913765080530953]",29.92505768468714,3.187743111175603
"[0.0807968599553097, 0.6963675141500685, -0.9277682101448917, 0.43911868940618626]",29.92509659736369,3.1878059436569997
"[0.08077795994543023, 0.6963773656161785, -0.9277709010887286, 0.4390997263211507]",29.92513550971445,3.187868776138396
"[0.08075905400259717, 0.6963872221728011, -0.927773591740357, 0.4390807543185642]",29.925174405771802,3.187931608619793
"[0.08074014654124492, 0.6963970815202802, -0.9277762814703578, 0.43906177782593714]",29.925213299242472,3.1879944411011896
"[0.08072123758589206, 0.6964069436469285, -0.9277789702744735, 0.4390427968665671]",29.925252183275614,3.1880572735825856
"[0.08070232383846064, 0.6964168102745018, -0.9277816586206177, 0.439023808127738]",29.92529105694933,3.188120106063983
"[0.08068340875758116, 0.6964266796003475, -0.92778434601614, 0.4390048150797508]",29.925329921230603,3.188182938545379
"[0.08066449078332205, 0.6964365524396904, -0.9277870326817881, 0.43898581615463755]",29.92536877808453,3.1882457710267755
"[0.08064556911731896, 0.6964464292108277, -0.9277897187298544, 0.43896681054848574]",29.92540762655509,3.1883086035081725
"[0.08062664471055246, 0.6964563094190177, -0.927792404024258, 0.43894779921436283]",29.925446464036643,3.188371435989569
"[0.08060771853391169, 0.6964661925587171, -0.9277950884263223, 0.4389287831259434]",29.92548529660332,3.1884342684709654
"[0.0805887888659941, 0.6964760795302782, -0.9277977721792334, 0.4389097605518184]",29.92552411834069,3.1884971009523624
"[0.08056985726798202, 0.6964859695197904, -0.9278004550606592, 0.4388907330589381]",29.925562931471116,3.188559933433759
"[0.08055092281134253, 0.6964958630137121, -0.9278031372012513, 0.4388716997123294]",29.925601739267947,3.1886227659151554
"[0.08053198687332538, 0.6965057592937172, -0.9278058184050261, 0.4388526618948202]",29.92564053876025,3.1886855983965523
"[0.08051304613543027, 0.6965156600957557, -0.9278084991407861, 0.43883361626794926]",29.925679325956445,3.188748430877949
"[0.08049410297863224, 0.6965255641769995, -0.9278111790703893, 0.4388145652235769]",29.925718103756136,3.1888112633593457
"[0.08047515795924637, 0.6965354712479092, -0.9278138581142406, 0.43879550931955263]",29.925756876180795,3.188874095840742
"[0.08045620903257991, 0.6965453823792599, -0.9278165365604585, 0.43877644649727143]",29.925795639166587,3.1889369283221383
"[0.08043725791189255, 0.6965552966765614, -0.9278192141658107, 0.438757378478215]",29.925834390622242,3.1889997608035356
"[0.08041830541682027, 0.6965652137122106, -0.9278218908136646, 0.43873830608563014]",29.925873137798675,3.189062593284932
"[0.08039934838619311, 0.6965751351418868, -0.9278245669494276, 0.43871922613634134]",29.925911873269364,3.189125425766328
"[0.08038038961574548, 0.696585059504036, -0.9278272421773531, 0.43870014144211433]",29.925950599297565,3.1891882582477256
"[0.08036142822174766, 0.6965949872625911, -0.9278299166212417, 0.43868105111170713]",29.92598932097933,3.1892510907291216
"[0.0803424638763342, 0.6966049185907436, -0.9278325903263209, 0.4386619548130857]",29.92602803300793,3.189313923210518
"[0.08032349577051426, 0.6966148539138385, -0.9278352634055341, 0.43864285172944784]",29.92606673293358,3.189376755691915
"[0.08030452471550331, 0.6966247928086918, -0.9278379357434368, 0.4386237426755577]",29.926105424228314,3.1894395881733115
"[0.08028555318946623, 0.6966347339781697, -0.9278406069901282, 0.43860463014619405]",29.92614411018105,3.189502420654708
"[0.08026657624521692, 0.6966446800162243, -0.9278432778411324, 0.4385855091553584]",29.926182783151553,3.189565253136105
"[0.08024760062216979, 0.6966546273918753, -0.927845947347074, 0.43856638649211455]",29.926221455137192,3.1896280856175014
"[0.08022861869289627, 0.696664580105049, -0.927848616580002, 0.4385472544680687]",29.926260113964528,3.189690918098898
"[0.08020963417693641, 0.6966745362075509, -0.9278512850155556, 0.43852811682945253]",29.92629876063764,3.189753750580295
"[0.08019064893131811, 0.6966844947266567, -0.9278539523919034, 0.4385089754468759]",29.926337404257957,3.1898165830616914
"[0.08017166181769302, 0.6966944562605307, -0.9278566188682335, 0.4384898291713928]",29.926376040035237,3.1898794155430874
"[0.08015266620213628, 0.6967044242919426, -0.9278592853747276, 0.4384706713103898]",29.92641465772974,3.189942248024485
"[0.08013367321154886, 0.6967143929835867, -0.9278619503483997, 0.438451513083789]",29.92645327478129,3.190005080505881
"[0.08011467587989983, 0.6967243659925791, -0.9278646147660102, 0.43843234746392884]",29.926491882266987,3.1900679129872773
"[0.0800956754846845, 0.6967343426501044, -0.9278672784471967, 0.4384131757372419]",29.926530478159165,3.1901307454686743
"[0.08007667394564096, 0.6967443219494677, -0.927869941121933, 0.43839399983915894]",29.926569070487986,3.1901935779500707
"[0.08005766682763475, 0.6967543062216607, -0.9278726034105784, 0.43837481529161754]",29.926607645494002,3.1902564104314672
"[0.08003865990081091, 0.6967642924371684, -0.9278752645039187, 0.4383556279167436]",29.926646223239953,3.190319242912864
"[0.08001964890242949, 0.6967742828369167, -0.9278779249978886, 0.4383364334097556]",29.926684785966966,3.1903820753942607
"[0.08000063527034339, 0.6967842766670038, -0.9278805846901452, 0.4383172332201956]",29.926723337345617,3.190444907875657
"[0.07998161773027371, 0.6967942745989303, -0.9278832437578144, 0.4382980260590714]",29.926761881425815,3.190507740357054
"[0.07996259963365356, 0.69680427487212, -0.9278859017313732, 0.4382788153095671]",29.926800421233377,3.1905705728384506
"[0.07994357590633494, 0.696814280156363, -0.9278885593188977, 0.4382595958440208]",29.92683894434124,3.1906334053198466
"[0.079924551525357, 0.6968242878357055, -0.9278912158240079, 0.4382403726885619]",29.926877465145232,3.190696237801244
"[0.07990552357955227, 0.6968342994428809, -0.927893871652306, 0.4382211428999713]",29.926915974086242,3.19075907028264
"[0.07988649316399807, 0.6968443144033327, -0.9278965266498722, 0.43820190758287686]",29.9269544743402,3.1908219027640365
"[0.07986746008157558, 0.6968543328222633, -0.9278991808432197, 0.4381826665361972]",29.926992968802505,3.1908847352454335
"[0.07984842475804609, 0.69686435447702, -0.9279018341720018, 0.4381634201885289]",29.927031453465812,3.19094756772683
"[0.07982938556900888, 0.6968743802244431, -0.927904486861561, 0.4381441668953833]",29.927069924403348,3.191010400208227
"[0.07981034461295676, 0.6968844089610692, -0.9279071386184781, 0.4381249087768637]",29.9271083925688,3.1910732326896234
"[0.0797912999928071, 0.6968944416875735, -0.9279097897059411, 0.43810564391236567]",29.92714684967828,3.19113606517102
"[0.07977225285238476, 0.6969044778030747, -0.927912439963622, 0.43808637345679]",29.927185296700298,3.191198897652417
"[0.07975320309555631, 0.6969145173597003, -0.9279150894039051, 0.43806709731102816]",29.927223736990666,3.1912617301338133
"[0.0797341524151299, 0.6969245594665264, -0.9279177377905105, 0.4380478171865405]",29.927262168237878,3.19132456261521
"[0.07971509628599535, 0.6969346065105533, -0.9279203857513942, 0.438028528501544]",29.927300588867066,3.1913873950966067
"[0.07969603904000959, 0.6969446562095889, -0.9279230326834917, 0.4380092356385655]",29.927339003820308,3.1914502275780032
"[0.07967697865358146, 0.6969547096321003, -0.9279256788669513, 0.4379899365473467]",29.927377407456454,3.1915130600593993
"[0.07965791571710168, 0.6969647664682727, -0.9279283242187563, 0.4379706318236634]",29.927415803599267,3.1915758925407967
"[0.07963884757810287, 0.6969748281193476, -0.9279309691057461, 0.43795131877892257]",29.927454184806432,3.1916387250221927
"[0.0796197796799938, 0.6969848917144783, -0.9279336127718966, 0.43793200292461537]",29.9274925674189,3.191701557503589
"[0.07960070711915133, 0.696994959843056, -0.9279362558961366, 0.4379126792916605]",29.92753093370102,3.191764389984986
"[0.07958163212008565, 0.6970050313326077, -0.927938898169002, 0.43789335013150993]",29.92756929037051,3.1918272224663826
"[0.07956255522805955, 0.6970151058965977, -0.9279415395140372, 0.43787401599501835]",29.927607644160197,3.191890054947779
"[0.0795434761131157, 0.6970251837106298, -0.9279441799760109, 0.43785467654612426]",29.927645985396317,3.191952887429176
"[0.07952439220381975, 0.6970352661346979, -0.9279468199096434, 0.4378353291760694]",29.927684317368204,3.1920157199105725
"[0.07950530629907543, 0.6970453516919323, -0.927949458926566, 0.43781597672002476]",29.927722640621656,3.192078552391969
"[0.07948621668409235, 0.6970554412900077, -0.927952097262847, 0.4377966174373174]",29.927760954994394,3.192141384873366
"[0.0794671246921567, 0.6970655342259231, -0.9279547347331066, 0.4377772526779181]",29.927799257209738,3.1922042173547625
"[0.07944803327755062, 0.697075628938846, -0.9279573709285366, 0.4377578854372589]",29.92783756202903,3.1922670498361585
"[0.07942893477018209, 0.6970857294861144, -0.9279600069071066, 0.43773850793222613]",29.927875846302094,3.192329882317556
"[0.07940983615069315, 0.6970958321777424, -0.927962641704148, 0.43771912724306444]",29.927914128828483,3.192392714798952
"[0.07939073325630529, 0.6971059392171197, -0.9279652758930068, 0.4376997391438115]",29.927952395706225,3.1924555472803484
"[0.07937162941927592, 0.6971160488427163, -0.9279679090131664, 0.43768034701457925]",29.927990659294295,3.1925183797617454
"[0.0793525217702776, 0.6971261625744039, -0.927970541459138, 0.4376609479409509]",29.928028912972557,3.192581212243142
"[0.07933340835526118, 0.6971362814487005, -0.9279731734987001, 0.4376415399361197]",29.928067150257085,3.1926440447245383
"[0.07931429505023355, 0.6971464023563673, -0.9279758043216293, 0.4376221289646517]",29.928105387733957,3.1927068772059353
"[0.07929517754988143, 0.6971565275784961, -0.9279784345196107, 0.43760271065255363]",29.92814360912127,3.1927697096873318
"[0.07927605852561062, 0.6971666557018344, -0.9279810637240421, 0.4375832877112364]",29.928181825521804,3.1928325421687282
"[0.07925693777200636, 0.6971767868363942, -0.9279836919623375, 0.43756385993059577]",29.928220036113444,3.192895374650125
"[0.07923781433953586, 0.6971869214866827, -0.9279863193640676, 0.43754442634413365]",29.928258235759493,3.1929582071315217
"[0.07921868662521361, 0.6971970605040209, -0.9279889461482853, 0.43752498532054834]",29.928296425261156,3.1930210396129177
"[0.07919955613144719, 0.6972072030938649, -0.9279915721074656, 0.4375055383844934]",29.9283346045995,3.193083872094315
"[0.07918042343000511, 0.6972173489545629, -0.927994197162124, 0.43748608611534273]",29.928372776234323,3.193146704575711
"[0.07916128626820323, 0.6972274992824565, -0.9279968216201709, 0.4374666262205234]",29.92841093928191,3.1932095370571085
"[0.07914214834757699, 0.6972376521157959, -0.9279994449729515, 0.4374471624620692]",29.92844909219123,3.193272369538505
"[0.07912300564418641, 0.6972478095908599, -0.9280020677710096, 0.43742769074558796]",29.928487234589937,3.193335202019901
"[0.07910386116631846, 0.6972579701131905, -0.9280046896010014, 0.43740821412877945]",29.928525369992858,3.1933980345012984
"[0.07908471426090911, 0.6972681340307382, -0.9280073105514368, 0.4373887319455993]",29.928563495746616,3.1934608669826945
"[0.07906556530670653, 0.6972783011438729, -0.9280099305695084, 0.43736924457967524]",29.928601612904654,3.193523699464091
"[0.07904641160224235, 0.6972884728886939, -0.9280125500236743, 0.43734974927954307]",29.9286397199349,3.193586531945488
"[0.07902725542369463, 0.6972986480583183, -0.9280151686014104, 0.43733024835952733]",29.928677817894954,3.1936493644268844
"[0.07900809660884886, 0.6973088267404228, -0.9280177863238738, 0.4373107416526089]",29.928715908256297,3.193712196908281
"[0.0789889344819019, 0.6973190092956985, -0.9280204032823032, 0.43729122846862356]",29.928753986948866,3.193775029389678
"[0.07896977177653883, 0.6973291942728307, -0.9280230191024477, 0.4372717115897193]",29.9287920589625,3.1938378618710743
"[0.07895060374247752, 0.6973393841982095, -0.9280256344316652, 0.4372521861757746]",29.928830120439255,3.193900694352471
"[0.07893143440098813, 0.6973495769359082, -0.9280282487200984, 0.4372326563207081]",29.928868173908924,3.1939635268338677
"[0.07891226233036695, 0.6973597732431892, -0.928030862160728, 0.4372131205744841]",29.928906217518975,3.1940263593152642
"[0.07889308674224774, 0.6973699735410545, -0.9280334748598837, 0.43719357813159154]",29.928944254319163,3.1940891917966603
"[0.0788739070052286, 0.6973801781673282, -0.9280360869023228, 0.4371740283460209]",29.92898227624885,3.1941520242780577
"[0.07885472705881943, 0.6973903850274106, -0.9280386977505696, 0.4371544752315432]",29.929020294596256,3.1942148567594537
"[0.07883554374621478, 0.6974005958024356, -0.9280413078334891, 0.4371349155684966]",29.92905830349322,3.19427768924085
"[0.07881635608254446, 0.6974108110186639, -0.9280439172837766, 0.4371153483500552]",29.929096300279685,3.194340521722247
"[0.07879716699356727, 0.6974210291200705, -0.9280465257024612, 0.4370957765578318]",29.92913429146985,3.1944033542036436
"[0.07877797321146966, 0.6974312518484639, -0.9280491335326141, 0.437076196856672]",29.929172269152655,3.19446618668504
"[0.07875877828575652, 0.6974414773150046, -0.9280517402908718, 0.43705661286537006]",29.92921023589444,3.194529019166437
"[0.07873958081165781, 0.6974517062693383, -0.9280543461671127, 0.43703702314911663]",29.929248200995104,3.1945918516478335
"[0.07872038045997017, 0.6974619388884671, -0.9280569512049597, 0.4370174273699895]",29.9292861543221,3.19465468412923
"[0.07870117504241769, 0.6974721763406002, -0.9280595557000119, 0.43699782329206405]",29.929324094114968,3.194717516610627
"[0.07868196933650942, 0.6974824160806553, -0.9280621590033258, 0.4369782157900581]",29.92936202894041,3.1947803490920235
"[0.07866276090187453, 0.6974926594109652, -0.928064761444846, 0.4369586023711065]",29.92939995484039,3.1948431815734195
"[0.0786435485478698, 0.6975029069682431, -0.9280673631847106, 0.4369389818171975]",29.92943786992013,3.194906014054817
"[0.07862433386255356, 0.6975131579071813, -0.928069964006718, 0.4369193557479296]",29.929475777758494,3.194968846536213
"[0.07860511629543446, 0.697523412523023, -0.9280725639843349, 0.4368997235990852]",29.929513676015574,3.1950316790176094
"[0.07858589309735599, 0.6975336722848393, -0.9280751634881363, 0.4368800825594581]",29.929551559455053,3.1950945114990064
"[0.07856666959155097, 0.6975439343532144, -0.9280777617971571, 0.4368604380658614]",29.929589438417025,3.195157343980403
"[0.07854744520476477, 0.6975541990350623, -0.9280803589882178, 0.4368407895315219]",29.92962731151646,3.1952201764617993
"[0.07852821603476447, 0.6975644684155661, -0.9280829555874188, 0.4368211329660768]",29.92966516981759,3.1952830089431963
"[0.07850898284152283, 0.6975747420910412, -0.9280855514907358, 0.436801469143544]",29.92970302001882,3.1953458414245928
"[0.0784897492262195, 0.6975850181393006, -0.9280881462111434, 0.4367818017439789]",29.92974086388398,3.1954086739059897
"[0.07847050944243447, 0.697595299632308, -0.9280907405226831, 0.43676212488907834]",29.929778693105728,3.195471506387386
"[0.07845126812763957, 0.6976055840938467, -0.9280933337987384, 0.4367424433190993]",29.929816514586406,3.1955343388687827
"[0.0784320265070948, 0.6976158708700175, -0.9280959258734484, 0.4367227582862165]",29.929854331009473,3.1955971713501796
"[0.07841277863854856, 0.6976261631394071, -0.9280985175461223, 0.4367030637089604]",29.92989213560039,3.195660003831576
"[0.0783935287621568, 0.697636458636791, -0.9281011082444834, 0.4366833639231913]",29.929929928127464,3.195722836312972
"[0.07837427839240597, 0.6976467565532767, -0.9281036977639222, 0.4366636604775167]",29.929967717749026,3.1957856687943695
"[0.0783550226177863, 0.6976570595179588, -0.9281062867639962, 0.4366439483426914]",29.930005491252018,3.1958485012757656
"[0.07833576462439681, 0.6976673658280714, -0.9281088748150335, 0.43662423077777046]",29.930043259268928,3.195911333757162
"[0.07831650532049958, 0.6976776749988027, -0.9281114617940915, 0.4366045087111829]",29.93008102058288,3.195974166238559
"[0.07829724076436965, 0.6976879891419242, -0.9281140482294362, 0.4365847781041623]",29.930118765118003,3.1960369987199555
"[0.07827797303148529, 0.6976983071483389, -0.9281166338410499, 0.43656504107966587]",29.93015649981304,3.196099831201352
"[0.0782587055314776, 0.6977086271933663, -0.9281192181705419, 0.4365453011289623]",29.930194233846958,3.196162663682749
"[0.07823943349374113, 0.6977189518336707, -0.9281218018568121, 0.43652555336271975]",29.93023195629413,3.1962254961641454
"[0.07822015721757539, 0.6977292809110593, -0.9281243848583399, 0.4365057980848204]",29.93026966379884,3.196288328645542
"[0.07820087989192104, 0.6977396127183786, -0.92812696674673, 0.4364860385614325]",29.930307366450084,3.196351161126939
"[0.07818160016307835, 0.6977499479824322, -0.9281295477024011, 0.4364662734034727]",29.93034505981414,3.1964139936083353
"[0.07816231498342223, 0.6977602883389907, -0.9281321281320127, 0.43644649948395964]",29.93038274194348,3.1964768260897314
"[0.07814302858872516, 0.6977706315187259, -0.9281347074676033, 0.43642672114370473]",29.93042041511737,3.1965396585711288
"[0.07812373850787134, 0.6977809788484327, -0.9281372860386157, 0.4364069358466498]",29.930458077823225,3.196602491052525
"[0.07810444580254226, 0.6977913297603844, -0.9281398637019602, 0.43638714467949874]",29.930495729588863,3.1966653235339213
"[0.07808515106641263, 0.6978016839375583, -0.9281424403773062, 0.4363673482494299]",29.930533378112465,3.1967281560153182
"[0.07806585238033419, 0.6978120424115513, -0.928145016319799, 0.4363475445852325]",29.930571011057687,3.1967909884967147
"[0.07804655287263712, 0.6978224035047591, -0.9281475911108534, 0.43632773689523613]",29.93060864186033,3.196853820978111
"[0.07802724798706381, 0.6978327696650091, -0.928150165357164, 0.4363079205009847]",29.930646256557818,3.196916653459508
"[0.07800794236178192, 0.6978431384034842, -0.9281527384390879, 0.43628810016134545]",29.930683867340356,3.1969794859409046
"[0.07798863309965047, 0.6978535112776488, -0.9281553107417699, 0.43626827290016057]",29.930721463953688,3.197042318422301
"[0.07796932012609455, 0.6978638883295076, -0.9281578822738707, 0.436248438638365]",29.930759052323726,3.197105150903698
"[0.07795000407390834, 0.6978742692209338, -0.9281604529498999, 0.4362285980234448]",29.930796629146908,3.1971679833850946
"[0.07793068435651304, 0.6978846542690167, -0.9281630228467032, 0.43620875045054275]",29.93083419793848,3.1972308158664906
"[0.07791136541335748, 0.6978950410886, -0.9281655913729011, 0.43618890047899367]",29.930871758733637,3.197293648347888
"[0.07789203995575601, 0.6979054336001307, -0.9281681594964262, 0.43616904061765177]",29.930909308037958,3.197356480829284
"[0.0778727128583119, 0.6979158291843305, -0.9281707265681373, 0.4361491758732027]",29.93094684921666,3.1974193133106805
"[0.07785338415457949, 0.6979262278244112, -0.928173292582698, 0.43612930627864765]",29.930984382232133,3.197482145792078
"[0.07783405153891962, 0.6979366307624467, -0.928175857845088, 0.4361094294617549]",29.93102190433288,3.197544978273474
"[0.07781471568419786, 0.697947037638296, -0.9281784222647582, 0.43608954611186723]",29.931059415031214,3.1976078107548713
"[0.07779537625472509, 0.6979574486345109, -0.9281809858849925, 0.43606965588140506]",29.9310969192642,3.1976706432362674
"[0.0777760356758325, 0.6979678624469873, -0.9281835483832596, 0.43604976126290645]",29.931134415992474,3.197733475717664
"[0.07775669092234974, 0.6979782807062345, -0.9281861101592854, 0.43602985914252357]",29.931171895878776,3.197796308199061
"[0.07773734344788309, 0.6979887026312992, -0.9281886710193252, 0.4360099510133335]",29.93120937155227,3.1978591406804573
"[0.07771799325788847, 0.6979991282208885, -0.9281912309615543, 0.43599003687890525]",29.93124683349695,3.197921973161854
"[0.07769864012670462, 0.6980095575982731, -0.9281937900147009, 0.4359701165048957]",29.93128429262363,3.1979848056432507
"[0.07767928513126811, 0.6980199901846363, -0.92819634803532, 0.4359501909979131]",29.931321738571476,3.198047638124647
"[0.07765992543472083, 0.6980304275109253, -0.9281989053971219, 0.43593025743514663]",29.93135917495908,3.1981104706060437
"[0.07764056415639585, 0.698040867897237, -0.9282014616868568, 0.4359103190261117]",29.93139660016127,3.1981733030874406
"[0.07762120108052112, 0.6980513114611802, -0.9282040169321273, 0.4358903755471208]",29.931434021115095,3.198236135568837
"[0.07760183240924137, 0.6980617602531828, -0.9282065716327969, 0.4358704230838779]",29.931471425804787,3.198298968050233
"[0.07758246107938559, 0.698072212691039, -0.9282091254001195, 0.4358504646589934]",29.931508822462003,3.1983618005316305
"[0.07756308960897586, 0.6980826674172743, -0.9282116779012909, 0.43583050286540326]",29.931546215104444,3.1984246330130266
"[0.077543710807591, 0.6980931283145464, -0.9282142300824509, 0.435810530290999]",29.93158359128296,3.198487465494423
"[0.07752433299575029, 0.6981035908931563, -0.9282167808465895, 0.43579055550896145]",29.931620961116426,3.19855029797582
"[0.07750494965501996, 0.6981140586740834, -0.9282193310507271, 0.43577057179820494]",29.93165831855502,3.1986131304572165
"[0.07748556343762406, 0.698124530227206, -0.9282218803445041, 0.43575058189028054]",29.931695666984744,3.198675962938613
"[0.07746617657209114, 0.6981350043500681, -0.928224428433961, 0.4357305880815798]",29.931733008718428,3.19873879542001
"[0.07744678623076735, 0.698145482571843, -0.9282269756897492, 0.435710587454138]",29.93177033827362,3.1988016279014064
"[0.0774273940150807, 0.6981559640287887, -0.9282295219003897, 0.43569058165775076]",29.931807665339484,3.198864460382803
"[0.07740799516529982, 0.6981664512957099, -0.9282320676894207, 0.43567056577927177]",29.93184497174581,3.1989272928642
"[0.07738859586968239, 0.6981769410291215, -0.9282346122434464, 0.435650546201292]",29.93188227366249,3.1989901253455963
"[0.07736919289638983, 0.698187434978007, -0.9282371559853931, 0.4356305195869022]",29.931919565835305,3.1990529578269924
"[0.07734978552586583, 0.6981979335336569, -0.9282396990082137, 0.4356104851906873]",29.931956844380018,3.1991157903083898
"[0.07733037802729535, 0.6982084343881435, -0.9282422407514705, 0.435590447417916]",29.931994118032822,3.199178622789786
"[0.07731096638948952, 0.69821893971327, -0.928244781739497, 0.4355704021253672]",29.932031380771235,3.1992414552711823
"[0.07729155358049764, 0.6982294479044294, -0.9282473215826645, 0.43555035237592016]",29.93206863650156,3.1993042877525792
"[0.07727213520692096, 0.698239961341674, -0.9282498608545245, 0.43553029362962986]",29.932105876733115,3.1993671202339757
"[0.07725271386824162, 0.6982504786198154, -0.928252399213717, 0.4355102285688443]",29.932143110601352,3.1994299527153722
"[0.07723329179132853, 0.6982609985342911, -0.9282549363682496, 0.4354901594926241]",29.932180335240826,3.199492785196769
"[0.07721386413385642, 0.6982715237098053, -0.928257472949459, 0.4354700813949832]",29.93221754437459,3.1995556176781657
"[0.07719443623499307, 0.698282051255478, -0.9282600082590959, 0.43544999979175014]",29.932254753859635,3.199618450159562
"[0.07717500294648406, 0.6982925839628087, -0.928262542967831, 0.4354299093592393]",29.93229194470252,3.199681282640959
"[0.07715556889717326, 0.6983031193247803, -0.928265076470728, 0.43540981488058556]",29.932329135804945,3.1997441151223556
"[0.0771361299213129, 0.6983136596014096, -0.928267609309697, 0.4353897120463269]",29.93236630643339,3.1998069476037516
"[0.077116688734803, 0.6983242033220518, -0.9282701411295645, 0.4353696036625977]",29.93240347250399,3.199869780085149
"[0.07709724509696314, 0.6983347506187791, -0.9282726719606272, 0.4353494894785805]",29.932440626979876,3.199932612566545
"[0.07707779869375718, 0.698345301663604, -0.9282752018426482, 0.43532936916736104]",29.932477775636254,3.1999954450479424
"[0.0770583484648616, 0.6983558570337063, -0.9282777309123267, 0.43530924162950274]",29.932514910066043,3.2000582775293385
"[0.07703889637453347, 0.6983664156648505, -0.9282802589130952, 0.4352891088955028]",29.932552035229445,3.200121110010735
"[0.07701944058785351, 0.6983769785547428, -0.9282827860822774, 0.4352689690641198]",29.932589152809147,3.200183942492132
"[0.07699998089862235, 0.6983875458174015, -0.9282853124453049, 0.43524882191926506]",29.93262625718793,3.2002467749735284
"[0.07698052160036606, 0.6983981151226583, -0.9282878374438283, 0.43522867190453424]",29.932663359824396,3.200309607454925
"[0.07696105547088324, 0.6984086903951133, -0.928290362013751, 0.43520851153902634]",29.93270044287258,3.200372439936322
"[0.07694158766270288, 0.6984192688378074, -0.9282928854853918, 0.43518834615615637]",29.932737517248274,3.2004352724177183
"[0.07692211778199602, 0.6984298506661448, -0.9282954079088338, 0.4351681753463113]",29.932774587131625,3.200498104899115
"[0.07690264424633415, 0.6984404367419237, -0.9282979294879209, 0.43514799746791816]",29.93281164526953,3.2005609373805117
"[0.07688316662523635, 0.6984510273012524, -0.9283004502770255, 0.4351278120722529]",29.932848689581228,3.200623769861908
"[0.076863688237539, 0.6984616205411844, -0.9283029698455433, 0.4351076225967943]",29.9328857283704,3.2006866023433043
"[0.07684420632978217, 0.6984722179606796, -0.9283054885486165, 0.43508742618575097]",29.932922758326622,3.2007494348247016
"[0.0768247200390239, 0.6984828200312809, -0.9283080064964172, 0.4350672219418026]",29.932959774440935,3.2008122673060977
"[0.07680523220231644, 0.698493425211193, -0.9283105233211644, 0.4350470128043092]",29.932996784614826,3.200875099787494
"[0.07678574060602716, 0.6985040347067626, -0.9283130393076083, 0.43502679647561315]",29.933033780326284,3.200937932268891
"[0.0767662465024262, 0.6985146478381898, -0.9283155542928885, 0.4350065742522619]",29.93307076879608,3.2010007647502876
"[0.0767467495866823, 0.6985252647731367, -0.9283180683151939, 0.43498634581594076]",29.933107747894834,3.201063597231684
"[0.0767272482724009, 0.6985358863774885, -0.9283205815777541, 0.4349661095181708]",29.933144714767764,3.201126429713081
"[0.07670774561991721, 0.6985465109861618, -0.9283230936849871, 0.4349458685324436]",29.933181672732143,3.2011892621944775
"[0.07668823972467036, 0.6985571396382708, -0.9283256048811628, 0.43492562088021164]",29.933218622776376,3.201252094675874
"[0.07666873049935823, 0.6985677723833101, -0.928328115176251, 0.4349053664684381]",29.933255563954944,3.201314927157271
"[0.07664921968722979, 0.6985784082728095, -0.9283306243448507, 0.43488510710497924]",29.933292491955125,3.2013777596386674
"[0.07662970334937216, 0.6985890494559855, -0.9283331328922028, 0.43486483869726644]",29.933329409345372,3.2014405921200635
"[0.07661018553998254, 0.6985996937243015, -0.9283356402958867, 0.43484456545320993]",29.93336631843763,3.201503424601461
"[0.07659066464902234, 0.6986103419573749, -0.9283381467616798, 0.4348242856985604]",29.933403218664854,3.201566257082857
"[0.07657113868490659, 0.6986209952437736, -0.9283406525438683, 0.43480399736149566]",29.933440102670946,3.2016290895642534
"[0.07655161171853161, 0.6986316513642628, -0.9283431571188139, 0.43478370466957744]",29.933476983570735,3.201691922045651
"[0.07653208352134758, 0.6986423104447071, -0.9283456605150116, 0.43476340738400804]",29.93351385628131,3.201754754527047
"[0.07651254896080814, 0.6986529752887344, -0.9283481633890386, 0.4347431001673988]",29.933550708863805,3.2018175870084433
"[0.07649301289725312, 0.6986636432449959, -0.9283506651167601, 0.4347227880696008]",29.933587559009663,3.2018804194898403
"[0.07647347551369177, 0.6986743142148173, -0.9283531656738547, 0.43470247127944067]",29.93362440111241,3.2019432519712367
"[0.07645393387832891, 0.6986849898012556, -0.9283556654343836, 0.4346821467459883]",29.93366123163188,3.2020060844526332
"[0.07643438675685091, 0.698695670681083, -0.9283581645546458, 0.434661813182277]",29.933698043604842,3.20206891693403
"[0.07641483879866799, 0.6987063543156853, -0.9283606624389534, 0.4346414754224018]",29.933734855205575,3.2021317494154267
"[0.07639528830750136, 0.6987170416334956, -0.9283631593031175, 0.43462113169995464]",29.93377165526276,3.2021945818968236
"[0.07637573324989523, 0.698727733748142, -0.9283656554055022, 0.43460077989640816]",29.933808440716145,3.20225741437822
"[0.07635617666060275, 0.6987384290021399, -0.9283681503575167, 0.43458042316788853]",29.93384522051709,3.2023202468596166
"[0.07633661657113235, 0.6987491284737188, -0.9283706444091648, 0.43456005946330567]",29.933881990899962,3.2023830793410135
"[0.0763170532123138, 0.6987598320385763, -0.9283731375297162, 0.4345396890205074]",29.933918748108642,3.20244591182241
"[0.0762974877571678, 0.698770539056651, -0.9283756295685267, 0.43451931305878744]",29.933955494734278,3.202508744303806
"[0.07627791815099128, 0.6987812506542428, -0.9283781207860538, 0.4344989294359794]",29.933992232613114,3.2025715767852034
"[0.07625834602420233, 0.6987919659408837, -0.9283806109734526, 0.4344785398478674]",29.934028961928483,3.2026344092665995
"[0.0762387704168663, 0.6988026854439625, -0.928383100251629, 0.43445814329213117]",29.934065678497465,3.202697241747996
"[0.07621919306087248, 0.6988134082167955, -0.9283855883992137, 0.43443774157122084]",29.93410238924998,3.202760074229393
"[0.07619961129801119, 0.698824135717206, -0.9283880757527968, 0.43441733191264686]",29.934139084053474,3.2028229067107894
"[0.0761800288861264, 0.6988348658882001, -0.9283905618339157, 0.434396918231092]",29.93417577520131,3.202885739192186
"[0.07616044048075754, 0.6988456016602329, -0.9283930473197801, 0.4343764949527679]",29.93421245078582,3.202948571673583
"[0.07614085004771681, 0.698856340861993, -0.9283955317057394, 0.43435606620968364]",29.934249116355744,3.2030114041549793
"[0.07612125609856868, 0.6988670843111366, -0.9283980151793902, 0.4343356304475956]",29.93428577481978,3.203074236636376
"[0.0761016608899391, 0.6988778307720291, -0.9284004974535873, 0.43431519001804014]",29.934322424583645,3.2031370691177727
"[0.07608206085819098, 0.6988885822009009, -0.9284029789785303, 0.4342947412013674]",29.93435905787238,3.2031999015991692
"[0.0760624582540188, 0.6988993373652499, -0.928405459467885, 0.43427428634308823]",29.9343956836954,3.2032627340805653
"[0.07604285392961414, 0.6989100957990663, -0.9284079388127603, 0.4342538263305806]",29.934432303111535,3.2033255665619627
"[0.07602324293343461, 0.6989208602219358, -0.9284104176378877, 0.4342333559932577]",29.934468906936278,3.2033883990433587
"[0.07600363411845332, 0.6989316257760558, -0.9284128948231819, 0.4342128845701335]",29.934505505991467,3.203451231524755
"[0.07598401816158824, 0.6989423975816411, -0.9284153715452949, 0.4341924023259344]",29.934542088432856,3.203514064006152
"[0.0759644026140623, 0.6989531714940281, -0.928417846849496, 0.434171917142889]",29.934578667257096,3.2035768964875486
"[0.07594477986886415, 0.6989639516934043, -0.9284203216943973, 0.43415142107422]",29.93461522995104,3.203639728968945
"[0.07592515633831615, 0.6989747346592339, -0.9284227952698219, 0.43413092081481314]",29.93465178518147,3.203702561450342
"[0.07590553073174858, 0.6989855211020207, -0.9284252677375525, 0.43411041501485065]",29.934688333226195,3.2037653939317385
"[0.07588590151590963, 0.6989963118662701, -0.9284277392895416, 0.43408990207008036]",29.93472486816989,3.203828226413135
"[0.07586626750397099, 0.6990071076067161, -0.9284302100737288, 0.4340693807373069]",29.934761388895467,3.203891058894532
"[0.07584663238782993, 0.6990179062952201, -0.9284326796242881, 0.4340488548729928]",29.934797907755378,3.2039538913759285
"[0.0758269939425247, 0.6990287091570295, -0.9284351482199773, 0.43402832214933024]",29.934834411109062,3.2040167238573245
"[0.07580735241863927, 0.6990395160562406, -0.9284376158280108, 0.4340077828258994]",29.934870902688807,3.204079556338722
"[0.07578770813074907, 0.6990503268216185, -0.9284400824076386, 0.43398723722937493]",29.934907388660854,3.204142388820118
"[0.07576805856755464, 0.6990611428374345, -0.9284425482727235, 0.433966682730392]",29.934943861116338,3.2042052213015144
"[0.07574840758976759, 0.6990719619805743, -0.9284450129374572, 0.43394612336496574]",29.934980323326407,3.2042680537829114
"[0.07572875412057362, 0.6990827848453934, -0.9284474765358682, 0.433925558004728]",29.935016775761,3.204330886264308
"[0.07570909683880538, 0.6990936121613712, -0.9284499392322857, 0.43390498526480864]",29.935053218492992,3.2043937187457048
"[0.07568943567516932, 0.6991044439688784, -0.9284524010339545, 0.4338844050699007]",29.93508964800137,3.2044565512271013
"[0.07566977241524248, 0.6991152792860111, -0.9284548617160729, 0.4338638192868032]",29.935126069830215,3.2045193837084978
"[0.07565010750535858, 0.6991261178683523, -0.9284573212217528, 0.43384322838097844]",29.935162483321907,3.2045822161898947
"[0.07563043721346974, 0.6991369617749245, -0.9284597800164068, 0.4338226284420658]",29.935198883577367,3.204645048671291
"[0.0756107649125576, 0.6991478091483917, -0.9284622376770103, 0.4338020229997701]",29.93523527503651,3.2047078811526877
"[0.07559108988026204, 0.6991586603887237, -0.9284646942926865, 0.4337814112954643]",29.935271655294255,3.2047707136340846
"[0.07557140882288026, 0.6991695173148579, -0.9284671502731382, 0.43376078987559535]",29.935308020783115,3.204833546115481
"[0.07555173034726015, 0.6991803751803063, -0.9284696045433397, 0.43374016775658375]",29.935344383973064,3.204896378596877
"[0.07553204536648925, 0.6991912390004161, -0.9284720582355589, 0.4337195354139695]",29.93538073304387,3.2049592110782745
"[0.07551235709971951, 0.6992021070011641, -0.9284745109468734, 0.433698896218511]",29.935417072089,3.2050220435596706
"[0.07549266533756935, 0.6992129793001551, -0.928476962702029, 0.43367824994818316]",29.93545339934227,3.205084876041067
"[0.07547297193991691, 0.6992238548722496, -0.928479413268287, 0.43365759855089553]",29.93548971763849,3.205147708522464
"[0.07545327501348464, 0.6992347347647427, -0.9284818628800663, 0.43363694003914993]",29.935526024817282,3.2052105410038605
"[0.07543357462117976, 0.6992456189449684, -0.9284843115281741, 0.4336162744763173]",29.93556232174078,3.205273373485257
"[0.07541387215353954, 0.6992565066464653, -0.9284867590385691, 0.4335956033188688]",29.93559860920062,3.205336205966654
"[0.07539416572123828, 0.6992673989152148, -0.9284892056446722, 0.4335749245822073]",29.93563488586557,3.2053990384480504
"[0.07537445685057034, 0.6992782949095627, -0.9284916511556844, 0.4335542398654873]",29.935671150238374,3.205461870929447
"[0.07535474305516539, 0.6992891960062436, -0.9284940958787059, 0.43353354655652665]",29.935707403388484,3.205524703410844
"[0.07533502689005825, 0.6993001007945292, -0.9284965394954854, 0.4335128473346427]",29.935743646269568,3.2055875358922403
"[0.07531530923087172, 0.6993110087916522, -0.9284989818964529, 0.4334921431173095]",29.93577988373645,3.2056503683736364
"[0.07529558771622923, 0.6993219213057335, -0.9285014233729111, 0.4334714314228246]",29.935816107591393,3.2057132008550338
"[0.07527586243755516, 0.6993328382883942, -0.9285038639120956, 0.43345071234441773]",29.93585232069382,3.2057760333364302
"[0.07525613519664529, 0.6993437587442606, -0.928506303289846, 0.4334299877724138]",29.935888523605133,3.2058388658178263
"[0.07523640352649721, 0.6993546840410048, -0.9285087418098962, 0.43340925511259865]",29.935924713906466,3.2059016982992237
"[0.07521666978853005, 0.6993656128731183, -0.9285111791790889, 0.4333885168437113]",29.935960896713844,3.2059645307806197
"[0.07519693315181744, 0.6993765457025033, -0.9285136154988927, 0.43336777209044147]",29.93599706969582,3.206027363262016
"[0.0751771940527363, 0.6993874822892351, -0.9285160507142332, 0.4333470213092624]",29.936033233440575,3.206090195743413
"[0.07515744939545818, 0.6993984243508613, -0.9285184852055517, 0.4333262612427883]",29.936069378359257,3.2061530282248096
"[0.07513770237258548, 0.6994093701203786, -0.9285209185777212, 0.4333054952449427]",29.936105515957284,3.206215860706206
"[0.07511795296468779, 0.6994203196102486, -0.9285233508319933, 0.43328472329325535]",29.93614164510552,3.206278693187603
"[0.07509820056792484, 0.6994312731570589, -0.9285257820415221, 0.43326394475042207]",29.936177766116487,3.2063415256689995
"[0.07507844626277689, 0.6994422301633576, -0.9285282120721574, 0.43324316075097613]",29.936213877170083,3.206404358150396
"[0.07505868482739561, 0.6994531935279933, -0.9285306415646459, 0.43322236579771856]",29.936249967468402,3.206467190631793
"[0.07503892268229831, 0.6994641596912153, -0.9285330697281635, 0.43320156664410403]",29.9362860569262,3.2065300231131895
"[0.0750191601212583, 0.6994751284910503, -0.9285354965258511, 0.43318076359822105]",29.936322134454173,3.2065928555945864
"[0.07499939002423497, 0.6994861038815865, -0.9285379228305527, 0.43315994916231154]",29.936358198516483,3.206655688075983
"[0.07497961939750075, 0.6994970819756271, -0.9285403477808952, 0.43313913070978827]",29.93639425310228,3.206718520557379
"[0.07495984578412535, 0.6995080641388889, -0.9285427716772232, 0.4331183056518157]",29.936430302267734,3.2067813530387763
"[0.0749400672523115, 0.6995190514465507, -0.9285451947548542, 0.43309747195101206]",29.93646633001154,3.2068441855201724
"[0.07492028805852358, 0.6995300415359609, -0.928547616491073, 0.4330766340886165]",29.936502357209665,3.206907018001569
"[0.07490050251068801, 0.6995410375719671, -0.9285500375814159, 0.4330557860652582]",29.936538367129163,3.206969850482966
"[0.0748807168504111, 0.6995520360877456, -0.92855245726078, 0.4330349344552159]",29.936574369668026,3.2070326829643623
"[0.07486092615020493, 0.699563039824189, -0.9285548761305712, 0.43301407406337145]",29.936610361592262,3.2070955154457588
"[0.07484113179186884, 0.6995740480154419, -0.9285572940203194, 0.4329932063431193]",29.93664634093988,3.2071583479271557
"[0.07482133514000935, 0.6995850599045383, -0.9285597107620516, 0.432972332730692]",29.93668230906702,3.207221180408552
"[0.07480153750450215, 0.6995960747643026, -0.928562126194862, 0.43295145460555334]",29.93671827142058,3.2072840128899487
"[0.07478173545200634, 0.6996070945067837, -0.9285645407364099, 0.43293056834475335]",29.936754218748742,3.2073468453713456
"[0.07476192913419123, 0.6996181190500157, -0.9285669543666171, 0.43290967410516934]",29.936790156979235,3.207409677852742
"[0.07474211882640175, 0.699629148243098, -0.9285693670503874, 0.43288877217428523]",29.93682608051712,3.207472510334138
"[0.0747223085330958, 0.6996401798581613, -0.9285717782989452, 0.43286786677536304]",29.936861999199742,3.2075353428155355
"[0.07470249303981934, 0.6996512168007434, -0.9285741887457666, 0.43284695240351356]",29.936897904072733,3.2075981752969316
"[0.0746826746005228, 0.6996622578177645, -0.9285765981151418, 0.43282603143472914]",29.936933798314985,3.207661007778328
"[0.07466285443470076, 0.6996733022315482, -0.9285790062576571, 0.4328051051542915]",29.93696968537653,3.207723840259725
"[0.07464302879318511, 0.6996843521334203, -0.9285814136274028, 0.43278416960108873]",29.93700555608128,3.2077866727411215
"[0.07462320188898212, 0.6996954051773346, -0.9285838197114247, 0.4327632292213936]",29.937041419712322,3.207849505222518
"[0.07460336925605328, 0.6997064638551446, -0.928586225050286, 0.43274227929569187]",29.937077269205407,3.207912337703915
"[0.07458353608909256, 0.6997175252722956, -0.9285886290126313, 0.4327213253088527]",29.93711311125956,3.2079751701853114
"[0.07456369787245715, 0.6997285919491447, -0.9285910321445401, 0.43270036248775545]",29.937148939655877,3.208038002666708
"[0.07454385824800482, 0.6997396618561438, -0.9285934340034934, 0.4326793946781792]",29.93718475751261,3.208100835148105
"[0.07452401641043084, 0.6997507354441486, -0.9285958346859384, 0.4326584210272505]",29.937220569999695,3.2081636676295013
"[0.07450416922777847, 0.6997618144633334, -0.9285982345693355, 0.4326374382215399]",29.93725636720049,3.2082265001108974
"[0.0744843186498852, 0.6997728978277393, -0.9286006334163064, 0.43261644831931617]",29.937292153804087,3.2082893325922948
"[0.07446446675164486, 0.6997839843805991, -0.92860303097494, 0.43259545351249157]",29.937327930290795,3.208352165073691
"[0.07444461068542452, 0.6997950757140844, -0.9286054275878971, 0.4325744507872121]",29.937363697383105,3.2084149975550873
"[0.07442475078073514, 0.6998061716464762, -0.9286078232138745, 0.4325534404890712]",29.937399446965106,3.2084778300364842
"[0.07440488899559905, 0.6998172710857226, -0.9286102176154027, 0.4325324246871738]",29.937435193220924,3.2085406625178807
"[0.07438502455911093, 0.6998283744643354, -0.9286126108842626, 0.43251140256379156]",29.93747092922253,3.208603494999277
"[0.07436515491122969, 0.6998394832155873, -0.9286150033273693, 0.4324903714067744]",29.937506646786517,3.208666327480674
"[0.0743452846002428, 0.6998505947985653, -0.9286173943957773, 0.4324693360279019]",29.937542361886976,3.2087291599620706
"[0.07432540925064712, 0.6998617116619993, -0.9286197846147213, 0.4324482917927729]",29.937578061157076,3.208791992443467
"[0.07430552945145254, 0.69987283347906, -0.928622173911667, 0.4324272393216933]",29.93761374703284,3.208854824924864
"[0.07428564798124147, 0.6998839586972649, -0.9286245619513326, 0.43240618155469085]",29.937649424185107,3.2089176574062606
"[0.07426576439318655, 0.6998950875682205, -0.9286269487863108, 0.43238511801666024]",29.937685092526472,3.2089804898876575
"[0.07424587654401228, 0.6999062212935714, -0.92862933467252, 0.43236404643461346]",29.937720750233254,3.209043322369054
"[0.07422598454367554, 0.6999173598141958, -0.9286317195951814, 0.4323429669219789]",29.93775639515243,3.20910615485045
"[0.07420609159445245, 0.6999285013387965, -0.9286341031691393, 0.4323218828700144]",29.937792030572705,3.2091689873318474
"[0.07418619448141181, 0.6999396476697959, -0.9286364857783811, 0.4323007908690949]",29.93782765331757,3.2092318198132435
"[0.07416629437871912, 0.699950798151631, -0.9286388672808522, 0.4322796921611595]",29.93786326735113,3.20929465229464
"[0.07414639181877239, 0.699961952487875, -0.9286412476115754, 0.43225858730838496]",29.937898872095637,3.2093574847760373
"[0.07412648389869611, 0.6999731123077667, -0.9286436271162043, 0.4322374732296162]",29.937934459469762,3.2094203172574334
"[0.07410657317039217, 0.699984276183181, -0.9286460054881541, 0.4322163526283485]",29.93797003750528,3.20948314973883
"[0.07408665986783461, 0.6999954439848085, -0.9286483826982156, 0.43219522575050034]",29.93800560661362,3.209545982220227
"[0.07406674538147909, 0.7000066149344275, -0.9286507585793182, 0.43217409406942536]",29.938041167833724,3.2096088147016233
"[0.07404682560253996, 0.7000177913389329, -0.928653133620273, 0.4321529532226322]",29.938076713037482,3.20967164718302
"[0.07402690092833156, 0.7000289729781857, -0.9286555077719122, 0.43213180362822956]",29.938112244568554,3.2097344796644167
"[0.07400697513763038, 0.700040157733557, -0.9286578805826368, 0.4321106492948535]",29.938147771003834,3.209797312145813
"[0.07398704818853688, 0.7000513456298698, -0.9286602520565151, 0.4320894901765715]",29.938183288881365,3.2098601446272093
"[0.07396711446197014, 0.7000625398243114, -0.9286626228607107, 0.4320683203038684]",29.93821878614684,3.2099229771086066
"[0.07394717885313426, 0.7000737375703475, -0.9286649924113988, 0.4320471448723953]",29.938254279077277,3.209985809590003
"[0.07392724113992699, 0.7000849389943873, -0.9286673607338541, 0.43202596364429335]",29.93828976269269,3.210048642071399
"[0.07390729787359854, 0.7000961460363316, -0.9286697282362181, 0.4320047729528151]",29.93832522930686,3.2101114745527966
"[0.07388735361856685, 0.7001073561333293, -0.928672094375243, 0.4319835776452841]",29.938360686795054,3.2101743070341926
"[0.07386740544894771, 0.700118570931742, -0.9286744594968307, 0.4319623746101212]",29.938396136229116,3.210237139515589
"[0.07384745492159904, 0.7001297895583763, -0.9286768234150224, 0.4319411654995851]",29.93843157490729,3.210299971996986
"[0.07382749836595358, 0.7001410140797274, -0.9286791865631361, 0.43191994640846426]",29.938466995565435,3.2103628044783825
"[0.07380753964730677, 0.7001522423242142, -0.9286815484818702, 0.4318987214435172]",29.938502408083814,3.210425636959779
"[0.07378758155380721, 0.7001634727244505, -0.9286839088404379, 0.4318774935685509]",29.93853781648883,3.210488469441176
"[0.07376761576233358, 0.7001747099660909, -0.9286862686217061, 0.43185625392812826]",29.93857320613606,3.2105513019225724
"[0.07374764889252268, 0.7001859503259815, -0.928688627041638, 0.43183500956102105]",29.938608586277102,3.210614134403969
"[0.07372767628108046, 0.7001971964314946, -0.9286909846496088, 0.4318137555028977]",29.938643954110933,3.210676966885366
"[0.07370770319692661, 0.7002084453178974, -0.9286933408222898, 0.4317924973581977]",29.938679312968194,3.2107397993667623
"[0.07368772494424496, 0.70021969963183, -0.92869569611233, 0.431771230126619]",29.938714659847825,3.2108026318481584
"[0.073667746963483, 0.700230956310368, -0.9286980498771084, 0.43174995959742946]",29.93875000046639,3.2108654643295558
"[0.0736477617249606, 0.7002422195983493, -0.9287004030022972, 0.43172867775105866]",29.938785322028128,3.210928296810952
"[0.07362777364898769, 0.7002534870073797, -0.9287027549656225, 0.43170738929102037]",29.93882063390641,3.2109911292923483
"[0.07360778581021941, 0.7002647568056436, -0.9287051054043239, 0.4316860974904405]",29.93885594031218,3.2110539617737452
"[0.0735877915660677, 0.7002760327405143, -0.9287074550981524, 0.4316647952708621]",29.93889122813577,3.2111167942551417
"[0.07356779547389455, 0.7002873122442885, -0.9287098035099249, 0.4316434874846898]",29.93892651081452,3.2111796267365387
"[0.073547795418846, 0.7002985965119234, -0.9287121508866836, 0.43162217187591323]",29.93896177845241,3.211242459217935
"[0.07352779281713852, 0.7003098847465146, -0.9287144970607897, 0.43160084995127507]",29.938997037081073,3.2113052916993317
"[0.07350778391688098, 0.7003211790679558, -0.9287168424706459, 0.4315795177081927]",29.93903227750237,3.2113681241807286
"[0.07348777635405851, 0.7003324751678673, -0.9287191862199226, 0.43155818328544604]",29.939067516110125,3.211430956662125
"[0.07346776350002333, 0.7003437767903893, -0.9287215290839886, 0.4315368396128454]",29.939102740242287,3.2114937891435216
"[0.0734477472389282, 0.7003550828740163, -0.9287238708406212, 0.4315154886966756]",29.939137951492917,3.2115566216249185
"[0.07342772855321457, 0.7003663928658801, -0.9287262113735215, 0.43149413158238564]",29.93917315260933,3.211619454106315
"[0.07340770602044883, 0.7003777075717018, -0.9287285508476064, 0.43147276674988955]",29.939208343427456,3.211682286587711
"[0.07338767994310429, 0.7003890268228624, -0.928730889226014, 0.4314513945190757]",29.93924352327425,3.2117451190691084
"[0.07336765214360812, 0.7004003495911939, -0.9287332262946613, 0.43143001683257315]",29.939278693340384,3.2118079515505045
"[0.07334761821158528, 0.7004116783725183, -0.9287355625666235, 0.43140862897974686]",29.93931384438185,3.211870784031901
"[0.07332758307260585, 0.7004230103838337, -0.9287378974659829, 0.43138723621618297]",29.93934899039826,3.211933616513298
"[0.07330754509581078, 0.7004343465492479, -0.9287402311816512, 0.43136583679854246]",29.939384124776044,3.2119964489946944
"[0.07328750249588493, 0.7004456878811086, -0.9287425639200199, 0.4313444288173143]",29.939419245106812,3.212059281476091
"[0.07326745649610303, 0.7004570336896576, -0.9287448955371114, 0.43132301357605485]",29.939454355150982,3.212122113957488
"[0.07324740903000836, 0.7004683828823722, -0.9287472258067869, 0.4313015931381836]",29.939489456400434,3.2121849464388843
"[0.07322735720163451, 0.7004797371007371, -0.928749555064311, 0.4312801644069391]",29.939524542152814,3.212247778920281
"[0.07320730102768958, 0.7004910963378705, -0.9287518833060621, 0.4312587273969344]",29.939559619157176,3.2123106114016777
"[0.07318724341083628, 0.7005024589518113, -0.9287542101937291, 0.43123728520822696]",29.939594686535372,3.212373443883074
"[0.07316718262498564, 0.7005138259221897, -0.9287565359263378, 0.43121583599343954]",29.939629738428433,3.2124362763644703
"[0.07314711727955277, 0.7005251980393435, -0.9287588606635306, 0.4311943782627644]",29.93966478149238,3.2124991088458676
"[0.07312704808400707, 0.7005365749037137, -0.9287611843214549, 0.431172912771728]",29.93969981036081,3.2125619413272637
"[0.07310697821908417, 0.7005479547139806, -0.9287635065306281, 0.43115144292025664]",29.939734833084923,3.21262477380866
"[0.07308690236955934, 0.7005593404861258, -0.9287658279046009, 0.43112996301966544]",29.939769837565105,3.212687606290057
"[0.07306682375108249, 0.7005707303990414, -0.9287681480698483, 0.4311084765072207]",29.93980483361794,3.2127504387714536
"[0.0730467436395763, 0.7005821237306883, -0.9287704668777452, 0.4310869847462592]",29.939839821166697,3.21281327125285
"[0.0730266574265644, 0.7005935230982431, -0.9287727848589132, 0.43106548280140194]",29.939874790742152,3.212876103734247
"[0.07300657161478073, 0.7006049248133159, -0.9287751012615625, 0.43104397763123137]",29.939909758005953,3.2129389362156435
"[0.07298648117450587, 0.700616331732746, -0.928777416664573, 0.4310224638485898]",29.939944708147518,3.21300176869704
"[0.07296638465838025, 0.7006277446813087, -0.9287797312328213, 0.4310009398997553]",29.939979642193286,3.213064601178437
"[0.0729462879601916, 0.7006391603140198, -0.9287820442860852, 0.4309794120945414]",29.940014574108165,3.2131274336598334
"[0.0729261880634763, 0.7006505803459061, -0.9287843561704633, 0.43095787719987827]",29.940049489431836,3.2131902661412295
"[0.07290608404472951, 0.7006620053040198, -0.9287866669906326, 0.43093633422342686]",29.940084398075165,3.213253098622627
"[0.07288597414970165, 0.700673436188152, -0.9287889769463776, 0.4309147812817426]",29.940119284605053,3.213315931104023
"[0.07286586295222944, 0.7006848704007332, -0.9287912855108004, 0.4308932232740432]",29.940154165641818,3.2133787635854203
"[0.07284574908840342, 0.7006963087189373, -0.9287935928392922, 0.43087165873629]",29.94018903896696,3.2134415960668163
"[0.07282563230566835, 0.7007077512883928, -0.9287958989594819, 0.4308500873952964]",29.94022389662759,3.213504428548213
"[0.07280551237442363, 0.7007191982418145, -0.9287982038962826, 0.43082850900229375]",29.94025874494495,3.21356726102961
"[0.07278538733468218, 0.7007306506968309, -0.9288005078725784, 0.4308069214520727]",29.940293578886507,3.2136300935110063
"[0.07276526154830742, 0.7007421061733112, -0.9288028103876341, 0.43078532942099795]",29.940328404278553,3.2136929259924027
"[0.07274513215147299, 0.7007535663031459, -0.928805111767867, 0.430763729834463]",29.940363219438254,3.2137557584737997
"[0.07272499622928871, 0.7007650327487361, -0.9288074123446621, 0.4307421195610229]",29.940398014420452,3.213818590955196
"[0.0727048586695185, 0.7007765027292575, -0.9288097115579301, 0.4307205038431799]",29.9404328048992,3.2138814234365927
"[0.07268471765799064, 0.7007879772799573, -0.9288120096135065, 0.4306988807312966]",29.94046758040368,3.2139442559179896
"[0.07266457491962376, 0.7007994554200817, -0.9288143063132714, 0.43067725207489366]",29.940502348444813,3.214007088399386
"[0.07264442690926413, 0.7008109391720921, -0.9288166020599323, 0.4306556140644794]",29.940537100394863,3.214069920880782
"[0.07262427752506517, 0.7008224263164073, -0.9288188964078319, 0.4306339708837395]",29.94057184834133,3.2141327533621795
"[0.07260412373248781, 0.7008339185850794, -0.9288211897011238, 0.43061231927067795]",29.94060657729587,3.214195585843576
"[0.07258396624757361, 0.7008454155723226, -0.9288234818566787, 0.43059065999141477]",29.940641293946104,3.214258418324972
"[0.07256380611143498, 0.7008569166865134, -0.9288257727546603, 0.43056899416197303]",29.94067600194023,3.2143212508063694
"[0.07254364097006899, 0.7008684232730226, -0.928828062660962, 0.4305473192495188]",29.940710695217483,3.2143840832877655
"[0.07252347454575062, 0.700879933210022, -0.9288303511514491, 0.43052563925238063]",29.94074538132855,3.214446915769162
"[0.07250330534990679, 0.7008914473488568, -0.9288326383938564, 0.430503952568229]",29.94078005555534,3.214509748250559
"[0.0724831311019761, 0.7009029669939245, -0.9288349246451811, 0.43048225674184915]",29.94081471599251,3.2145725807319554
"[0.0724629546738188, 0.7009144905077358, -0.928837209578411, 0.4304605548587944]",29.940849364615254,3.214635413213352
"[0.07244277453272491, 0.7009260187677847, -0.9288394933657174, 0.43043884526793147]",29.94088400289668,3.214698245694749
"[0.07242259012025241, 0.7009375520955968, -0.928841776068655, 0.4304171273653844]",29.94091862773422,3.2147610781761453
"[0.07240240254649967, 0.7009490898592823, -0.9288440575600911, 0.4303954023426112]",29.940953238718638,3.214823910657542
"[0.07238221338705722, 0.7009606311602287, -0.9288463376606891, 0.4303736718929726]",29.940987844273973,3.2148867431389387
"[0.07236201950843259, 0.7009721777919098, -0.9288486167228818, 0.43035193264110383]",29.94102243628166,3.2149495756203352
"[0.07234182263250827, 0.7009837287722483, -0.9288508945507153, 0.43033018643759535]",29.941057012333825,3.2150124081017313
"[0.07232162154367675, 0.7009952847988492, -0.9288531712797223, 0.43030843197067215]",29.94109157942116,3.2150752405831287
"[0.07230141775875669, 0.7010068450063127, -0.9288554467374286, 0.4302866708709804]",29.941126134537473,3.2151380730645247
"[0.07228121101909925, 0.7010184095447318, -0.9288577209515706, 0.43026490285741154]",29.94116067664861,3.215200905545921
"[0.07226099988404357, 0.7010299792409823, -0.9288599940827198, 0.43024312637507794]",29.941195205659607,3.215263738027318
"[0.07224078601216237, 0.7010415531480167, -0.9288622659427687, 0.4302213432080784]",29.941229725555072,3.2153265705087146
"[0.07222056801325004, 0.7010531320641389, -0.9288645366864363, 0.4301995518554549]",29.941264232905226,3.215389402990111
"[0.07220034813345991, 0.7010647147051103, -0.9288668060600221, 0.43017775473557096]",29.941298729866983,3.215452235471508
"[0.0721801257800153, 0.7010763014123237, -0.9288690741288173, 0.4301559512072689]",29.941333213709875,3.2155150679529045
"[0.07215989820942523, 0.7010878937601756, -0.9288713411988946, 0.4301341383094953]",29.941367685371688,3.2155779004343015
"[0.07213966653821238, 0.7010994911116024, -0.9288736071432918, 0.4301123172427533]",29.941402145973434,3.215640732915698
"[0.07211943183180056, 0.7011110928582481, -0.9288758718411143, 0.43009048915325654]",29.94143659203591,3.2157035653970945
"[0.07209919596244485, 0.7011226979284345, -0.9288781350815948, 0.43006865605859773]",29.94147102936524,3.2157663978784914
"[0.07207895560313105, 0.7011343082322578, -0.9288803972354418, 0.4300468143666581]",29.94150545436122,3.215829230359888
"[0.07205871121676566, 0.7011459235068418, -0.9288826582491837, 0.43002496457366146]",29.94153986773571,3.215892062841284
"[0.07203846227008633, 0.7011575440608158, -0.9288849181806355, 0.43000310610073483]",29.94157426348441,3.2159548953226813
"[0.0720182130981075, 0.701169167408302, -0.9288871765446824, 0.429981243625205]",29.941608654986837,3.2160177278040774
"[0.07199795843616077, 0.7011807965734131, -0.9288894339270776, 0.4299593714604241]",29.941643030730283,3.216080560285474
"[0.07197770322810261, 0.7011924287198146, -0.9288916897753835, 0.42993749494244105]",29.94167740088824,3.216143392766871
"[0.0719574407569149, 0.7012040677074717, -0.9288939448360274, 0.42991560681346913]",29.94171175005688,3.2162062252482673
"[0.07193717586603632, 0.7012157107571599, -0.9288961985680897, 0.4298937123018916]",29.941746088961004,3.2162690577296638
"[0.07191690829885115, 0.7012273580183044, -0.9288984509987718, 0.42987181112809897]",29.94178041996552,3.2163318902110607
"[0.07189663759393566, 0.7012390097582092, -0.9289007021779302, 0.4298499027909109]",29.94181473567023,3.216394722692457
"[0.07187636443501431, 0.701250665585955, -0.9289029520282341, 0.4298279880267879]",29.94184904418556,3.2164575551738537
"[0.07185608512087331, 0.701262327632206, -0.928905200958674, 0.4298060628314653]",29.941883334175948,3.2165203876552506
"[0.07183580351200551, 0.7012739936795666, -0.9289074485393901, 0.4297841313754506]",29.941917612279504,3.216583220136647
"[0.07181552153569115, 0.7012856626209746, -0.9289096945557487, 0.42976219574111396]",29.94195188624951,3.216646052618043
"[0.07179523261803826, 0.7012973382410627, -0.9289119397341329, 0.42974024881558265]",29.941986142733747,3.2167088850994405
"[0.07177494201413666, 0.7013090175183982, -0.9289141834912465, 0.42971829628003194]",29.942020387001584,3.2167717175808366
"[0.0717546456801709, 0.7013207027830678, -0.9289164262726369, 0.42969633375640787]",29.9420546165749,3.216834550062233
"[0.07173434701912511, 0.7013323920784565, -0.9289186677005672, 0.42967436492384975]",29.94208883796452,3.21689738254363
"[0.07171404596473942, 0.7013440854446521, -0.9289209077810494, 0.42965238970837644]",29.94212304720906,3.2169602150250265
"[0.07169374253426512, 0.7013557828736622, -0.9289231465108699, 0.4296304081263725]",29.942157243041244,3.217023047506423
"[0.07167343176686143, 0.701367487226508, -0.9289253844351273, 0.42960841480329226]",29.942191426247202,3.21708587998782
"[0.07165311958148668, 0.7013791950950521, -0.9289276208998564, 0.42958641614501425]",29.942225596060663,3.2171487124692164
"[0.07163280626240702, 0.7013909063169504, -0.9289298558727089, 0.4295644124577374]",29.942259758210213,3.217211544950613
"[0.07161248746831657, 0.7014026233974098, -0.9289320898298021, 0.4295423990360843]",29.942293908382744,3.21727437743201
"[0.07159216461275952, 0.7014143455241952, -0.9289343226138366, 0.42952037740785814]",29.942328039820175,3.2173372099134063
"[0.07157183945749107, 0.701426071683406, -0.9289365540297482, 0.4294983494793338]",29.942362164882297,3.2174000423948024
"[0.07155151134459305, 0.7014378022566659, -0.9289387841483909, 0.42947631453503815]",29.942396276453316,3.2174628748761998
"[0.07153117905743532, 0.7014495379484749, -0.928941013101632, 0.4294542712532246]",29.942430375698358,3.217525707357596
"[0.07151084384692462, 0.7014612780392465, -0.9289432407507372, 0.4294322209870995]",29.942464464130463,3.2175885398389923
"[0.07149050480776456, 0.7014730230539694, -0.9289454671933292, 0.4294101627521783]",29.942498538457066,3.2176513723203892
"[0.0714701625714325, 0.7014847726304237, -0.9289476923586777, 0.4293880972303504]",29.94253260221183,3.2177142048017857
"[0.07144981626243936, 0.7014965272767439, -0.9289499163409296, 0.4293660234689581]",29.942566651316053,3.217777037283183
"[0.07142946663435708, 0.7015082865600621, -0.9289521390560729, 0.42934394228250394]",29.94260068734428,3.217839869764579
"[0.07140911451013675, 0.7015200500070006, -0.9289543604127692, 0.4293218545613613]",29.942634716722555,3.2179027022459756
"[0.07138875718945728, 0.7015318191808899, -0.928956580704068, 0.4292997573717929]",29.94266872751503,3.2179655347273726
"[0.07136839769648132, 0.7015435923358627, -0.9289587995984953, 0.4292776539933795]",29.942702729798853,3.218028367208769
"[0.07134803582070275, 0.7015553695955755, -0.928961017117689, 0.42925554419532985]",29.94273672117042,3.2180911996901655
"[0.07132767009767878, 0.7015671518093246, -0.9289632334196287, 0.4292334263847608]",29.942770697721404,3.2181540321715625
"[0.07130729877064082, 0.701578939996373, -0.9289654486935988, 0.4292112986501256]",29.942804661175735,3.218216864652959
"[0.07128692668007904, 0.7015907313580083, -0.9289676624116904, 0.42918916624646875]",29.942838615914493,3.218279697134355
"[0.0712665479720319, 0.7016025292849599, -0.9289698752083876, 0.42916702281099667]",29.942872551035684,3.2183425296157524
"[0.07124616827982531, 0.7016143305185231, -0.9289720864702983, 0.4291448744616532]",29.942906482167356,3.218405362097149
"[0.07122578586353148, 0.7016261360679271, -0.9289742963850329, 0.42912271930557855]",29.94294039655087,3.218468194578545
"[0.07120540024095696, 0.7016379462147183, -0.9289765050033775, 0.42910055681593534]",29.9429743042722,3.2185310270599423
"[0.0711850083466353, 0.7016497627377756, -0.9289787126555409, 0.42907838365639356]",29.943008193678974,3.2185938595413384
"[0.07116461435426143, 0.7016615832212694, -0.9289809188878997, 0.42905620436188385]",29.94304207316914,3.218656692022735
"[0.07114421576023548, 0.7016734091186686, -0.9289831239697246, 0.42903401620677467]",29.9430759340989,3.218719524504132
"[0.07112381509006428, 0.7016852389682144, -0.9289853276264333, 0.4290118219352545]",29.943109788528794,3.2187823569855283
"[0.07110341193259893, 0.7016970730102707, -0.9289875299011214, 0.4289896210977516]",29.943143632186025,3.2188451894669248
"[0.07108300294032753, 0.701708913189146, -0.9289897311533345, 0.42896741004846084]",29.943177459797653,3.2189080219483217
"[0.07106259085708598, 0.7017207579158508, -0.9289919310852819, 0.42894519176997625]",29.94321127308973,3.218970854429718
"[0.0710421757430148, 0.7017326071577534, -0.9289941296889723, 0.42892296632504073]",29.943245078438764,3.2190336869111147
"[0.07102175953551033, 0.7017444597922347, -0.9289963267544875, 0.42890073582068383]",29.94327887377123,3.2190965193925116
"[0.07100133788208864, 0.7017563183484854, -0.9289985227486514, 0.42887849551479496]",29.94331265268183,3.219159351873908
"[0.07098091109824838, 0.7017681826464715, -0.9290007176354851, 0.4288562457469821]",29.9433464167132,3.219222184355304
"[0.07096048357514333, 0.701780050137965, -0.92900291094166, 0.4288339912976062]",29.943380172011803,3.2192850168367015
"[0.07094005015631204, 0.7017919238210093, -0.9290051032192547, 0.4288117265461818]",29.943413910389946,3.2193478493180976
"[0.07091961748382555, 0.7018037998380476, -0.9290072937542461, 0.4287894587276022]",29.943447647576203,3.219410681799494
"[0.07089917782836148, 0.7018156826838764, -0.9290094833737412, 0.4287671794155726]",29.943481362771063,3.219473514280891
"[0.07087873545497109, 0.7018275698819638, -0.929011671618888, 0.4287448932552632]",29.943515067957225,3.2195363467622875
"[0.07085828926708013, 0.7018394620723412, -0.9290138586054938, 0.42872259904833265]",29.943548759044067,3.219599179243684
"[0.07083783992452154, 0.7018513588736848, -0.9290160442613571, 0.4287002975112725]",29.94358243486854,3.219662011725081
"[0.07081738597875314, 0.701863261131346, -0.9290182287395714, 0.4286779870611173]",29.943616103587463,3.2197248442064774
"[0.07079692979574079, 0.7018751674709782, -0.9290204117858455, 0.428655670275651]",29.943649758532263,3.219787676687874
"[0.07077647040832587, 0.7018870784576764, -0.9290225935019456, 0.4286333460971772]",29.943683400271162,3.219850509169271
"[0.07075600801915595, 0.7018989939757747, -0.9290247738647248, 0.4286110147440427]",29.9437170306651,3.2199133416506673
"[0.07073553921499735, 0.7019109160158173, -0.9290269532359441, 0.42858867248756616]",29.943750644329633,3.2199761741320634
"[0.07071507005323716, 0.7019228410521167, -0.929029130969047, 0.42856632593661004]",29.943784249706372,3.2200390066134608
"[0.0706945946185852, 0.701934772533237, -0.9290313076917751, 0.42854396863044986]",29.94381783949618,3.220101839094857
"[0.070674118002286, 0.7019467074949801, -0.929033482861184, 0.42852160612511747]",29.9438514187992,3.220164671576254
"[0.07065363691974896, 0.7019586478540027, -0.9290356568247121, 0.4284992348308913]",29.943884986790806,3.2202275040576502
"[0.07063315299239285, 0.7019705926675804, -0.9290378294085708, 0.428476856515728]",29.94391854015514,3.2202903365390467
"[0.0706126662840424, 0.7019825419006999, -0.9290400006045166, 0.42845447124673836]",29.943952082586456,3.2203531690204437
"[0.07059217312256652, 0.7019944976981485, -0.9290421707998034, 0.4284320750078236]",29.943985607455314,3.22041600150184
"[0.07057167939600448, 0.7020064566273176, -0.9290443393692458, 0.4284096742307849]",29.944019127351737,3.2204788339832366
"[0.07055117836566357, 0.7020184226231808, -0.9290465070241525, 0.42838726154659335]",29.9440526235264,3.2205416664646336
"[0.07053067791515497, 0.7020303910866924, -0.9290486729293418, 0.42836484557103566]",29.944086116324456,3.22060449894603
"[0.07051017351812122, 0.7020423646621604, -0.9290508375618287, 0.42834242135283696]",29.944119596353104,3.2206673314274266
"[0.07048966317623676, 0.7020543445196041, -0.9290530011305648, 0.4283199867027147]",29.944153060315436,3.2207301639088235
"[0.07046915165587819, 0.7020663278775691, -0.92905516313109, 0.4282975468311668]",29.94418651181437,3.22079299639022
"[0.07044863450298283, 0.7020783173406968, -0.9290573240312525, 0.4282750968624167]",29.944219948892286,3.220855828871616
"[0.07042811704405996, 0.7020903097986658, -0.9290594832685273, 0.4282526426220263]",29.94425338064222,3.2209186613530134
"[0.07040759150151937, 0.7021023098002719, -0.9290616416595923, 0.42823017559479476]",29.944286789322717,3.2209814938344095
"[0.07038706495342174, 0.702114313210361, -0.9290637984582252, 0.4282077035246455]",29.944320189176043,3.221044326315806
"[0.07036653629082294, 0.7021263206791254, -0.9290659537797689, 0.42818522519561214]",29.94435357954883,3.221107158797203
"[0.07034600147638323, 0.7021383345708373, -0.929068108046286, 0.4281627361835053]",29.94438695653693,3.2211699912785994
"[0.07032546499390896, 0.7021503522649276, -0.9290702607856266, 0.42814024139556117]",29.94442031884548,3.221232823759996
"[0.07030492433747651, 0.7021623752301157, -0.9290724122589534, 0.4281177380841823]",29.94445367000892,3.221295656241393
"[0.07028438020185432, 0.7021744030623942, -0.9290745623917455, 0.4280952270072872]",29.944487007441005,3.2213584887227893
"[0.07026383105200046, 0.7021864366633035, -0.9290767113428089, 0.4280727064793868]",29.944520329830052,3.221421321204186
"[0.0702432807120047, 0.7021984737958158, -0.9290788587106632, 0.4280501806886137]",29.94455364410952,3.2214841536855827
"[0.07022272469825866, 0.7022105170886557, -0.9290810049621628, 0.428027644717346]",29.944586938946866,3.221546986166979
"[0.07020216933502806, 0.7022225628387015, -0.9290831494355667, 0.4280051054965219]",29.944620231123366,3.2216098186483753
"[0.0701816062735264, 0.7022346159410106, -0.9290852930001975, 0.4279825538685177]",29.944653503234417,3.2216726511297726
"[0.07016104085106029, 0.7022466732702698, -0.9290874350976209, 0.42795999568284615]",29.944686765076646,3.2217354836111687
"[0.07014047103681187, 0.702258736019617, -0.9290895759377213, 0.427937428708915]",29.944720007562065,3.221798316092565
"[0.07011989959127228, 0.7022708025725541, -0.9290917152316425, 0.4279148559724554]",29.944753244263637,3.221861148573962
"[0.07009932424736788, 0.702282874261109, -0.9290938532136506, 0.42789227498320315]",29.944786469754558,3.2219239810553586
"[0.0700787430157953, 0.7022949522555397, -0.9290959900884251, 0.427869683554068]",29.944819674260415,3.221986813536755
"[0.07005816122145528, 0.7023070334333863, -0.9290981253014896, 0.4278470875271288]",29.944852870896806,3.222049646018152
"[0.07003757285703983, 0.7023191213234126, -0.9291002594743608, 0.42782448030406633]",29.944886053080246,3.2221124784995485
"[0.07001698288926346, 0.702331213012344, -0.9291023920903617, 0.427801867335207]",29.944919222361737,3.222175310980945
"[0.06999638888341164, 0.7023433099322618, -0.9291045234001545, 0.42777924594394046]",29.94495237902849,3.222238143462342
"[0.06997579100498466, 0.7023554119886921, -0.9291066533848114, 0.4277566163087191]",29.944985522798213,3.2223009759437384
"[0.06995519136767353, 0.7023675179420314, -0.9291087818242435, 0.4277339807490417]",29.945018657886827,3.2223638084251354
"[0.06993458512162014, 0.7023796306452749, -0.9291109092176988, 0.42771133393224736]",29.945051770360344,3.222426640906532
"[0.06991397652978418, 0.7023917475955493, -0.92911303512313, 0.4276886805397911]",29.945084876837612,3.222489473387928
"[0.06989336519147073, 0.7024038690306096, -0.9291151595804216, 0.42766602012868876]",29.945117968845825,3.2225523058693253
"[0.06987275030188857, 0.7024159954261658, -0.9291172826709193, 0.4276433518112581]",29.94515104975167,3.2226151383507218
"[0.06985213152648762, 0.7024281269816696, -0.9291194044273288, 0.4276206752164071]",29.945184114772506,3.222677970832118
"[0.06983151078108103, 0.7024402625722326, -0.9291215246509547, 0.42759799244839536]",29.945217172420353,3.222740803313515
"[0.06981088294650839, 0.7024524052135522, -0.929123643866191, 0.42757529787246396]",29.945250208798914,3.2228036357949112
"[0.06979025310262532, 0.7024645519183655, -0.9291257615491902, 0.4275525970737224]",29.945283234651054,3.2228664682763077
"[0.06976961886927947, 0.7024767040905379, -0.9291278779426557, 0.4275298874301588]",29.94531624747676,3.2229293007577047
"[0.06974898122903972, 0.7024888611541462, -0.9291299929440052, 0.4275071700198359]",29.945349245074308,3.222992133239101
"[0.06972834208885713, 0.7025010219879958, -0.9291321063563722, 0.42748444693938964]",29.94538223389821,3.2230549657204977
"[0.06970769755470294, 0.702513188889055, -0.9291342185768076, 0.427461713898535]",29.945415207027587,3.2231177982018946
"[0.06968704803119592, 0.7025253616221534, -0.9291363295617786, 0.4274389713387287]",29.9454481659188,3.223180630683291
"[0.06966639967633664, 0.7025375365591146, -0.9291384386804536, 0.4274162260399669]",29.945481120562732,3.2232434631646876
"[0.0696457459783459, 0.7025497175414859, -0.9291405465966271, 0.4273934708268824]",29.945514056928317,3.2233062956460845
"[0.06962508498196288, 0.7025619057262014, -0.9291426535074266, 0.427370703540503]",29.9455469734947,3.223369128127481
"[0.06960442445914734, 0.7025740965310378, -0.9291447586186157, 0.4273479327420372]",29.945579885167355,3.223431960608877
"[0.0695837574071929, 0.7025862940903563, -0.9291468626421113, 0.42732515071068017]",29.94561277961561,3.2234947930902744
"[0.06956308916725248, 0.7025984952545913, -0.9291489650323482, 0.42730236333084415]",29.94564566111288,3.2235576255716705
"[0.06954241693713117, 0.7026107016801847, -0.929151066072885, 0.42727956751043705]",29.945678533664747,3.223620458053067
"[0.06952173853149263, 0.7026229146607912, -0.9291531659837096, 0.42725676083557484]",29.945711385982584,3.223683290534464
"[0.06950105974108496, 0.7026351307788145, -0.929155264175105, 0.42723394969000755]",29.945744229405882,3.2237461230158604
"[0.06948037501446076, 0.7026473533162653, -0.9291573612087202, 0.42721112794690513]",29.945777059171544,3.223808955497257
"[0.06945968756064579, 0.7026595803798982, -0.9291594567572891, 0.4271882991432104]",29.945809875122034,3.223871787978654
"[0.06943899510815338, 0.7026718133150102, -0.9291615510490869, 0.42716546076896994]",29.945842673389155,3.2239346204600503
"[0.06941830089204114, 0.7026840502116629, -0.9291636437549999, 0.42714261639167106]",29.94587546634072,3.223997452941447
"[0.06939760159666099, 0.7026962930330432, -0.9291657352086182, 0.42711976234807425]",29.94590823933078,3.2240602854228437
"[0.06937690227107371, 0.702708538795045, -0.9291678248983003, 0.4270969042102516]",29.945941007236996,3.22412311790424
"[0.06935619408638174, 0.7027207927238782, -0.9291699137133934, 0.42707403222481]",29.945973752329568,3.2241859503856363
"[0.06933548652737184, 0.7027330492098638, -0.9291720006952883, 0.4270511568640966]",29.94600649007925,3.2242487828670336
"[0.0693147733065694, 0.7027453119766662, -0.9291740864761808, 0.4270282711798563]",29.946039214425294,3.2243116153484297
"[0.06929405828111984, 0.7027575787434766, -0.9291761706658715, 0.4270053794304986]",29.94607192383724,3.224374447829826
"[0.06927333799351724, 0.7027698515603569, -0.9291782536104866, 0.4269824777920364]",29.946104622188724,3.224437280311223
"[0.0692526144591973, 0.7027821292364952, -0.929180335105491, 0.42695956848848404]",29.946137306318743,3.2245001127926196
"[0.0692318860802459, 0.7027944127214386, -0.9291824153095047, 0.4269366497499156]",29.94616997394441,3.2245629452740165
"[0.0692111548717653, 0.7028067008238273, -0.9291844940184775, 0.4269137238010127]",29.946202628581105,3.224625777755413
"[0.06919042098694232, 0.7028189934551788, -0.9291865712155005, 0.4268907908084635]",29.94623527211913,3.2246886102368095
"[0.06916968373760579, 0.7028312910259246, -0.9291886469679013, 0.4268678500082304]",29.94626790205229,3.2247514427182065
"[0.06914894078638571, 0.7028435949252475, -0.9291907215076372, 0.42684489881079896]",29.9463005165188,3.224814275199603
"[0.06912819481612141, 0.7028559035648008, -0.9291927945644252, 0.42682194018094377]",29.946333116539257,3.2248771076809994
"[0.06910744594007837, 0.7028682168797973, -0.9291948661253422, 0.42679897424116175]",29.946365709154623,3.2249399401623964
"[0.06908669375286093, 0.7028805351132942, -0.9291969362292177, 0.4267760005398027]",29.946398288180113,3.225002772643793
"[0.06906593580157824, 0.7028928597243876, -0.9291990051187187, 0.42675301635760843]",29.946430846240172,3.225065605125189
"[0.06904517432847888, 0.7029051893849261, -0.9292010725683216, 0.426730024173451]",29.94646339500799,3.2251284376065863
"[0.06902441024911883, 0.702917523553652, -0.9292031384852162, 0.42670702499834035]",29.946495926043614,3.2251912700879823
"[0.06900364523057494, 0.7029298612422117, -0.9292052027022318, 0.4266840206766489]",29.94652845285855,3.225254102569379
"[0.0689828738028605, 0.7029422057033688, -0.929207265761333, 0.4266610051452218]",29.946560961221298,3.2253169350507758
"[0.06896209793744242, 0.7029545557689617, -0.9292093274644552, 0.4266379805841956]",29.9465934565505,3.2253797675321723
"[0.06894131996936588, 0.7029669100535028, -0.9292113875781814, 0.4266149495783029]",29.946625936568317,3.2254426000135688
"[0.06892053800790736, 0.7029792696836576, -0.9292134462883355, 0.42659191002888314]",29.946658405917404,3.2255054324949657
"[0.0688997520741419, 0.7029916346497649, -0.9292155035909435, 0.42656886195582483]",29.946690859801684,3.225568264976362
"[0.06887896318811976, 0.7030040043476757, -0.9292175593832946, 0.42654580648702217]",29.94672330245495,3.2256310974577587
"[0.06885817061973765, 0.7030163792144045, -0.9292196137358725, 0.4265227428096848]",29.946755730113225,3.2256939299391556
"[0.06883737292696734, 0.703028760111245, -0.9292216667891545, 0.4264996693205429]",29.94678814249928,3.225756762420552
"[0.06881657031779617, 0.7030411469177108, -0.9292237185204466, 0.42647658624623963]",29.946820538116135,3.225819594901948
"[0.06879576700248281, 0.7030535371292048, -0.92922576851291, 0.4264534982557884]",29.946852927079497,3.2258824273833455
"[0.06877495832817489, 0.7030659335193895, -0.9292278172233971, 0.42643040018242434]",29.94688529544501,3.2259452598647416
"[0.06875414650970636, 0.7030783347718211, -0.929229864431882, 0.4264072944810089]",29.94691765711761,3.226008092346138
"[0.06873333262171405, 0.7030907402484488, -0.9292319100311174, 0.42638418234195047]",29.94695000419421,3.226070924827535
"[0.06871251179007669, 0.7031031528574619, -0.9292339544980973, 0.42636105834912197]",29.94698233072813,3.2261337573089315
"[0.06869168910908924, 0.7031155695649038, -0.9292359973305881, 0.4263379281565938]",29.947014648952138,3.226196589790328
"[0.06867086244023347, 0.7031279916484277, -0.9292380387367672, 0.4263147893859956]",29.947046953838417,3.226259422271725
"[0.06865003258850709, 0.7031404186306202, -0.9292400786359308, 0.4262916429284265]",29.947079245884247,3.2263222547531214
"[0.06862919930731483, 0.7031528506612088, -0.9292421170505004, 0.42626848850676446]",29.947111523174836,3.226385087234518
"[0.06860836027816744, 0.7031652891268956, -0.92924415420526, 0.42624532354033284]",29.947143784092138,3.226447919715915
"[0.06858751769455798, 0.7031777327216177, -0.929246189883697, 0.42622215046353906]",29.947176030695573,3.2265107521973113
"[0.06856667492045139, 0.7031901794389919, -0.9292482237559012, 0.42619897301423615]",29.947208270404037,3.2265735846787074
"[0.06854582448501043, 0.703202633743281, -0.9292502565489912, 0.4261757828812683]",29.947240489059528,3.2266364171601047
"[0.06852497310147732, 0.703215091627609, -0.9292522876064686, 0.42615258752748325]",29.947272697992002,3.2266992496415012
"[0.06850411565338983, 0.7032275561515743, -0.9292543174249207, 0.42612938125802236]",29.947304890127814,3.226762082122898
"[0.0684832550100931, 0.7032400256036394, -0.9292563457230195, 0.42610616726144807]",29.947337071616513,3.2268249146042947
"[0.06846239210499584, 0.7032524994282388, -0.9292583724084216, 0.426082946573694]",29.94736923896734,3.2268877470856907
"[0.06844152588406117, 0.7032649782579866, -0.9292603975819118, 0.4260597180187854]",29.947401391057824,3.226950579567088
"[0.06842065288011144, 0.7032774641697898, -0.929262421577794, 0.4260364777328352]",29.94743352796892,3.227013412048484
"[0.06839977863811485, 0.7032899538496314, -0.929264443856473, 0.4260132318861907]",29.947465656180782,3.2270762445298806
"[0.06837890032375425, 0.7033024489957592, -0.9292664646909502, 0.4259899773197311]",29.94749776763725,3.2271390770112776
"[0.06835801837975511, 0.7033149493460941, -0.9292684840364799, 0.42596671452310836]",29.94752986251351,3.227201909492674
"[0.06833713161188291, 0.7033274556185681, -0.9292705020065565, 0.4259434421622453]",29.947561946715076,3.2272647419740705
"[0.06831624130847681, 0.7033399670447844, -0.9292725184747316, 0.4259201616689782]",29.94759401494547,3.2273275744554675
"[0.06829534978808173, 0.7033524822383741, -0.9292745332157017, 0.42589687562456385]",29.947626075250927,3.227390406936864
"[0.06827445066193058, 0.7033650050297223, -0.9292765468435328, 0.4258735769041394]",29.94765811323972,3.2274532394182605
"[0.06825354946923962, 0.7033775321030405, -0.9292785588223631, 0.4258502716788573]",29.947690141963836,3.2275160718996574
"[0.06823264530749802, 0.7033900640015271, -0.9292805692375337, 0.42582695893976535]",29.94772215683726,3.227578904381054
"[0.06821173482385201, 0.7034026027384496, -0.9292825784093798, 0.4258036349437238]",29.947754153218966,3.22764173686245
"[0.06819082114349652, 0.7034151464431194, -0.9292845860354715, 0.4257803031726064]",29.94778613614195,3.2277045693438473
"[0.06816990573668186, 0.7034276942359987, -0.929286591973134, 0.42575696526400975]",29.947818106797854,3.2277674018252434
"[0.06814898705623068, 0.7034402470475813, -0.9292885963692108, 0.4257336194889085]",29.94785007076271,3.22783023430664
"[0.06812806238559851, 0.703452806511261, -0.9292905994818752, 0.4257102628115976]",29.94788200937483,3.227893066788037
"[0.06810713572513988, 0.7034653702288991, -0.9292926009262291, 0.42568689969380913]",29.94791394236083,3.2279558992694333
"[0.06808620450159776, 0.7034779397480437, -0.9292946009466264, 0.42566352725955975]",29.947945858757638,3.2280187317508298
"[0.06806527026532276, 0.7034905141405818, -0.9292965993930288, 0.4256401472365457]",29.94797776301301,3.2280815642322267
"[0.0680443313211205, 0.7035030944276681, -0.929298596425346, 0.42561675772802177]",29.948009649954116,3.228144396713623
"[0.06802338891263053, 0.7035156798651274, -0.9293005919229916, 0.4255933601195412]",29.94804152201366,3.2282072291950197
"[0.06800244288164049, 0.7035282705508203, -0.929302585899205, 0.42556995423103217]",29.94807338211408,3.2282700616764166
"[0.06798149185352813, 0.7035408673141711, -0.9293045784827965, 0.42554653852264174]",29.948105225965147,3.228332894157813
"[0.06796053691542796, 0.7035534695047231, -0.9293065695682939, 0.425523114205533]",29.948137056756625,3.228395726639209
"[0.06793957996603672, 0.7035660759831331, -0.9293085589736064, 0.42549968339919664]",29.94816887398213,3.2284585591206065
"[0.06791861843389568, 0.703578688298915, -0.9293105469410675, 0.4254762432254639]",29.948200678041314,3.2285213916020026
"[0.06789765400425184, 0.7035913054410019, -0.9293125333089352, 0.4254527955653593]",29.948232466607955,3.228584224083399
"[0.06787668291403101, 0.7036039296774382, -0.9293145184316031, 0.4254293362060549]",29.94826424005729,3.228647056564796
"[0.06785571243368256, 0.7036165566341508, -0.9293165016191245, 0.42540587327759266]",29.948296004010874,3.2287098890461925
"[0.06783473494230624, 0.7036291909025332, -0.9293184835904711, 0.4253823982501994]",29.948327748847465,3.228772721527589
"[0.06781375342489088, 0.7036418306885063, -0.9293204640612219, 0.4253589144596737]",29.948359478696723,3.228835554008986
"[0.06779277142114341, 0.7036544738618508, -0.9293224426957747, 0.4253354258653786]",29.948391199645915,3.2288983864903824
"[0.06777178235589655, 0.7036671243875435, -0.9293244201122433, 0.4253119251031074]",29.9484229020345,3.2289612189717793
"[0.06775078871412649, 0.7036797807716252, -0.9293263960740586, 0.4252884149505202]",29.94845458874494,3.229024051453176
"[0.06772979485627753, 0.7036924403876389, -0.9293283701692595, 0.42526490028809366]",29.948486268109278,3.2290868839345723
"[0.0677087952900474, 0.7037051065501029, -0.9293303429125891, 0.4252413749610332]",29.94851792821204,3.2291497164159693
"[0.06768779319566462, 0.7037177773438661, -0.9293323140032881, 0.42521784252840994]",29.94854957712321,3.2292125488973658
"[0.06766678354293988, 0.7037304558072175, -0.9293342839111719, 0.42519429734968767]",29.948581205376218,3.229275381378762
"[0.06764577430502068, 0.7037431371314966, -0.9293362518868032, 0.4251707483569095]",29.948612826688912,3.229338213860159
"[0.06762475992844293, 0.7037558246711398, -0.9293382184488319, 0.4251471893226019]",29.948644432942228,3.2294010463415552
"[0.06760373987140669, 0.7037685187569019, -0.929340183645597, 0.4251236196348806]",29.948676019018865,3.2294638788229517
"[0.06758271857425698, 0.7037812167100431, -0.9293421470601175, 0.4251000442693652]",29.948707594344473,3.2295267113043487
"[0.06756169186304309, 0.7037939210545908, -0.9293441090804327, 0.42507645854173337]",29.94873915574184,3.229589543785745
"[0.06754066299150548, 0.7038066298275788, -0.9293460694009971, 0.4250528660982013]",29.948770704517457,3.2296523762671416
"[0.06751962864085063, 0.7038193450376592, -0.9293480283292509, 0.4250292632118743]",29.948802232089903,3.2297152087485386
"[0.0674985904150613, 0.7038320657186005, -0.9293499857136244, 0.4250056516785045]",29.948833752038336,3.229778041229935
"[0.06747755089477006, 0.7038447903124302, -0.9293519413124095, 0.42498203439161314]",29.948865259398257,3.2298408737113316
"[0.06745650421986335, 0.703857522366482, -0.9293538956682293, 0.42495840476929037]",29.948896745507454,3.2299037061927285
"[0.0674354547980102, 0.7038702592178268, -0.9293558483695393, 0.42493476775591177]",29.948928220928057,3.229966538674125
"[0.06741440239398742, 0.7038830010113554, -0.9293577994364622, 0.42491112308435924]",29.948959681776834,3.230029371155521
"[0.06739334440908926, 0.7038957493230845, -0.9293597491077602, 0.4248874678321161]",29.948991125125954,3.2300922036369184
"[0.0673722844574833, 0.7039085019679999, -0.9293616970468613, 0.42486380605557733]",29.949022557820804,3.2301550361183144
"[0.06735121841021317, 0.7039212614494302, -0.9293636436336548, 0.4248401331119884]",29.949053970512832,3.230217868599711
"[0.06733015089539376, 0.703934024967136, -0.9293655884385358, 0.4248164541986587]",29.949085374954947,3.2302807010811083
"[0.06730907712458291, 0.703946795425144, -0.9293675319015674, 0.42479276393001464]",29.94911676169557,3.2303435335625044
"[0.06728800285454668, 0.703959569337721, -0.9293694734900011, 0.4247690687742741]",29.949148136485945,3.230406366043901
"[0.06726692119314899, 0.7039723508854991, -0.9293714138368148, 0.424745360978522]",29.949179492592762,3.230469198525298
"[0.06724583943984327, 0.7039851356458773, -0.9293733522682218, 0.4247216487479704]",29.94921084038086,3.2305320310066943
"[0.06722474919113898, 0.7039979287182436, -0.9293752895548114, 0.4246979226267334]",29.9492421663128,3.2305948634880908
"[0.06720365986136001, 0.7040107243949852, -0.9293772248298483, 0.4246741932021746]",29.949273483498697,3.2306576959694877
"[0.0671825643212589, 0.7040235270041479, -0.9293791587459025, 0.42465045244971855]",29.94930478386797,3.230720528450884
"[0.06716146476848937, 0.7040363352155985, -0.929381091099175, 0.4246267028381989]",29.949336070991183,3.2307833609322802
"[0.06714036021120082, 0.7040491496347444, -0.9293830219783346, 0.4246029432471834]",29.949367338945354,3.2308461934136776
"[0.06711925272213999, 0.704061969006119, -0.9293849511917253, 0.4245791760064977]",29.949398595942068,3.230909025895074
"[0.0670981423564294, 0.704074793298848, -0.9293868787325792, 0.42455540117518387]",29.949429839239816,3.23097185837647
"[0.06707702758017961, 0.7040876234476803, -0.9293888047390214, 0.42453161702227726]",29.949461065943172,3.2310346908578675
"[0.06705590996752385, 0.704100458499036, -0.9293907290655391, 0.4245078253174509]",29.949492283132606,3.2310975233392636
"[0.06703478559897354, 0.7041133008386148, -0.9293926520670323, 0.42448402164067695]",29.94952347791527,3.23116035582066
"[0.06701365923666881, 0.7041261475745946, -0.9293945733078539, 0.42446021135416206]",29.94955465932026,3.231223188302057
"[0.06699253017488682, 0.7041389991384726, -0.9293964928506029, 0.42443639365984587]",29.949585831003706,3.2312860207834535
"[0.06697139565093062, 0.7041518572137869, -0.9293984109442011, 0.42441256543971095]",29.94961698543772,3.2313488532648504
"[0.06695025555948923, 0.7041647218684018, -0.9294003275957488, 0.4243887265703716]",29.949648118339738,3.231411685746247
"[0.06692911425489761, 0.7041775904553648, -0.9294022424085853, 0.42436488195869193]",29.949679246145884,3.2314745182276434
"[0.0669079701734616, 0.7041904639286941, -0.9294041555228482, 0.4243410298385539]",29.949710358264845,3.2315373507090404
"[0.0668868178888998, 0.7042033455959533, -0.9294060674270472, 0.4243171640840495]",29.94974144873036,3.231600183190437
"[0.06686566400734852, 0.7042162314375573, -0.9294079775217735, 0.4242932921444824]",29.949772531016595,3.2316630156718333
"[0.0668445073571763, 0.7042291221695112, -0.9294098859112696, 0.42426941269506824]",29.949803596147476,3.2317258481532303
"[0.06682334681488591, 0.7042420184791796, -0.9294117926950152, 0.4242455244644085]",29.9498346506588,3.2317886806346268
"[0.06680218065956206, 0.7042549214188562, -0.9294136980258169, 0.42422162550554]",29.94986568437359,3.231851513116023
"[0.06678100967374376, 0.7042678305151892, -0.9294156018308396, 0.4241977166975419]",29.949896702249706,3.23191434559742
"[0.06675983734773372, 0.7042807436426776, -0.9294175037944118, 0.42417380197890303]",29.949927712799273,3.2319771780788162
"[0.06673865801946402, 0.7042936642578687, -0.929419404423065, 0.42414987495031065]",29.949958699582535,3.2320400105602127
"[0.06671747871091116, 0.704306588079858, -0.9294213030847301, 0.4241259435413109]",29.949989680178852,3.2321028430416097
"[0.06669629374127214, 0.7043195185777394, -0.9294232002869386, 0.42410200132990017]",29.95002063996213,3.232165675523006
"[0.0666751030852387, 0.7043324557708719, -0.9294250960294264, 0.4240780482826781]",29.950051585483866,3.2322285080044026
"[0.06665390973518028, 0.7043453978356106, -0.9294269900423728, 0.42405408777822057]",29.95008251714099,3.2322913404857996
"[0.06663271383451648, 0.7043583446868966, -0.9294288823112778, 0.42403011997577594]",29.950113435276336,3.232354172967196
"[0.06661151186759454, 0.704371298475456, -0.9294307731478453, 0.4240061408959736]",29.950144334809494,3.2324170054485926
"[0.0665903058331159, 0.7043842579837888, -0.9294326623714567, 0.42398215279487866]",29.950175220227603,3.2324798379299895
"[0.06656909888278235, 0.7043972212882842, -0.9294345496996804, 0.42395815923485214]",29.95020609489451,3.232542670411386
"[0.06654788592191462, 0.7044101915061242, -0.9294364355839929, 0.42393415444832727]",29.950236950417437,3.232605502892782
"[0.06652666721741396, 0.704423168478137, -0.9294383199980679, 0.4239101387323937]",29.950267788472754,3.2326683353741794
"[0.06650544814642761, 0.7044361489185007, -0.9294402024625485, 0.4238861181698141]",29.950298619582735,3.2327311678555755
"[0.06648422404177759, 0.7044491356848682, -0.9294420833897706, 0.42386208747425064]",29.95032943295568,3.232794000336972
"[0.06646299425012456, 0.7044621291808073, -0.9294439628351726, 0.42383804590133817]",29.95036022640518,3.232856832818369
"[0.06644176214568163, 0.704475127344341, -0.929445840497955, 0.4238139972684038]",29.950391007197037,3.2329196652997654
"[0.0664205257794804, 0.7044881313714721, -0.9294477165485887, 0.42378993936459797]",29.95042177553565,3.232982497781162
"[0.06639928530620907, 0.7045011411707467, -0.929449590971269, 0.4237658723612563]",29.950452530017884,3.233045330262559
"[0.06637804214782993, 0.7045141558741211, -0.9294514636385914, 0.4237417978661533]",29.950483268284323,3.2331081627439553
"[0.06635679391672658, 0.7045271769475129, -0.9294533347589775, 0.42371771316972473]",29.950513989017207,3.233170995225352
"[0.06633553963417925, 0.7045402049946002, -0.9294552044160791, 0.4236936171578216]",29.950544692785666,3.2332338277067487
"[0.06631428382144415, 0.7045532372471286, -0.9294570722101437, 0.4236695149525291]",29.950575383397407,3.233296660188145
"[0.06629302263644155, 0.7045662760636817, -0.9294589384768402, 0.4236454021938084]",29.950606058904032,3.2333594926695413
"[0.06627175952765318, 0.7045793193324499, -0.9294608029114695, 0.42362128278907485]",29.95063672353987,3.2334223251509386
"[0.06625049009055269, 0.7045923697585338, -0.929462665898101, 0.4235971517382444]",29.950667366396328,3.2334851576323347
"[0.06622921748661299, 0.7046054254056796, -0.9294645271575092, 0.4235730126238566]",29.95069799491163,3.233547990113732
"[0.06620794125387046, 0.7046184865603398, -0.9294663867281793, 0.42354886491826227]",29.950728608359785,3.233610822595128
"[0.0661866615880609, 0.7046315531053512, -0.9294682445910314, 0.4235247088400921]",29.950759213278253,3.2336736550765246
"[0.06616537726459859, 0.7046446257958934, -0.9294701008508598, 0.4235005429953816]",29.950789796788218,3.2337364875579215
"[0.06614408939586101, 0.7046577039520165, -0.9294719554085136, 0.42347636864321775]",29.950820366228196,3.233799320039318
"[0.06612279758204215, 0.7046707878224444, -0.9294738082967828, 0.42345218532591744]",29.9508509210093,3.2338621525207145
"[0.06610150101013518, 0.7046838779101581, -0.929475659584207, 0.4234279921160141]",29.950881461776515,3.2339249850021115
"[0.06608020054383121, 0.704696973687662, -0.9294775091934978, 0.4234037899906353]",29.950911983859704,3.233987817483508
"[0.06605889506798725, 0.704710075844, -0.9294793572192427, 0.42337957767860573]",29.950942489050885,3.2340506499649044
"[0.0660375878732871, 0.7047231823584472, -0.9294812033740724, 0.4233553589161431]",29.950972984925837,3.2341134824463014
"[0.06601627653425411, 0.7047362947257062, -0.9294830478663247, 0.42333113094317265]",29.951003464914457,3.234176314927698
"[0.06599495971602945, 0.7047494137706997, -0.9294848908091778, 0.42330689223779105]",29.951033925792768,3.234239147409094
"[0.06597363773149431, 0.7047625393047272, -0.9294867321730813, 0.42328264315108216]",29.95106437177158,3.2343019798904913
"[0.06595231501255609, 0.7047756686023217, -0.9294885715734689, 0.42325838872018484]",29.9510948064821,3.2343648123718873
"[0.06593098669471623, 0.7047888046616168, -0.9294904094280853, 0.4232341234084482]",29.95112522389927,3.234427644853284
"[0.06590965394936506, 0.7048019467648786, -0.9294922456335744, 0.42320984854406873]",29.95115562154049,3.234490477334681
"[0.06588831620256333, 0.7048150952692712, -0.9294940802370014, 0.4231855634696409]",29.95118600620162,3.2345533098160772
"[0.06586697561390521, 0.7048282488472524, -0.9294959130505752, 0.42316127063924747]",29.951216376262227,3.2346161422974737
"[0.0658456324953581, 0.7048414073091818, -0.9294977440457433, 0.42313697040498466]",29.951246732427055,3.2346789747788707
"[0.0658242813698478, 0.7048545740356394, -0.929499573689876, 0.42311265652625096]",29.951277065417653,3.234741807260267
"[0.06580293019372041, 0.7048677441234159, -0.9295014012990216, 0.42308833805955415]",29.951307394735714,3.2348046397416637
"[0.06578157515743338, 0.7048809199246693, -0.9295032271977133, 0.4230640106633476]",29.95133770384956,3.2348674722230606
"[0.0657602125591603, 0.7048941037274539, -0.9295050516998313, 0.42303967011559096]",29.951367993174316,3.234930304704457
"[0.06573885006296616, 0.704907290805081, -0.9295068741487497, 0.4230153251450181]",29.951398273776,3.234993137185853
"[0.06571748098181128, 0.7049204852883851, -0.9295086951130144, 0.42299096812759535]",29.95142853797535,3.2350559696672505
"[0.0656961074696874, 0.7049336858513554, -0.9295105144064916, 0.42296660151365234]",29.95145878055495,3.235118802148647
"[0.06567473174857134, 0.7049468911246323, -0.9295123318380956, 0.42294222783287316]",29.951489013448743,3.235181634630043
"[0.06565335150230125, 0.7049601025420571, -0.9295141476027824, 0.42291784444076963]",29.951519228224253,3.2352444671114404
"[0.0656319664473739, 0.7049733202824152, -0.9295159617222838, 0.42289345100969816]",29.95154943069435,3.2353072995928365
"[0.06561057642379385, 0.7049865444483051, -0.9295177742077612, 0.422869047352693]",29.9515796118459,3.235370132074233
"[0.06558918390064779, 0.7049997735164087, -0.9295195848479143, 0.42284463628298]",29.951609779978885,3.23543296455563
"[0.06556778669888395, 0.7050130088373467, -0.9295213938251343, 0.422820215310401]",29.95163993452561,3.2354957970370264
"[0.06554638544221136, 0.705026250028794, -0.9295232010844252, 0.4227957851426648]",29.95167007118397,3.235558629518423
"[0.06552497910510346, 0.7050394977288247, -0.9295250067100611, 0.42277134460483445]",29.95170018997426,3.23562146199982
"[0.06550356945949828, 0.7050527508442407, -0.9295268105503565, 0.42274689571597196]",29.951730295344593,3.2356842944812163
"[0.06548215770259304, 0.7050660086366461, -0.9295286125026501, 0.42272243984013874]",29.95176038817458,3.2357471269626132
"[0.0654607387493229, 0.7050792742582458, -0.9295304129925273, 0.42269797116498947]",29.95179045895503,3.2358099594440097
"[0.06543931883795184, 0.7050925438487797, -0.9295322114934037, 0.422673496813053]",29.951820522423503,3.2358727919254062
"[0.06541789193196722, 0.7051058211511639, -0.9295340085099619, 0.422649009883112]",29.95185056133966,3.235935624406803
"[0.06539646154082152, 0.705119103994653, -0.9295358037453396, 0.42262451438109083]",29.951880587033497,3.2359984568881996
"[0.06537502877967401, 0.7051323916908705, -0.929537597104254, 0.42260001157840926]",29.95191060179389,3.2360612893695957
"[0.06535359034284051, 0.7051456862925831, -0.9295393888611182, 0.42257549769192976]",29.951940595025064,3.236124121850993
"[0.06533214864138803, 0.7051589863081702, -0.9295411788121054, 0.422550975474362]",29.95197057823707,3.236186954332389
"[0.06531070192330689, 0.7051722928277798, -0.9295429671012508, 0.4225264429179606]",29.952000539903093,3.2362497868137856
"[0.06528925103978503, 0.7051856053269119, -0.9295447536552228, 0.422501900992065]",29.952030483871198,3.2363126192951825
"[0.06526779548788796, 0.7051989241212259, -0.9295465385136009, 0.4224773491170586]",29.952060415383574,3.236375451776579
"[0.06524633971108809, 0.7052122464549867, -0.9295483213050024, 0.42245279237472]",29.95209033785659,3.2364382842579755
"[0.06522487614775557, 0.7052255770267104, -0.929550102655543, 0.4224282221066017]",29.95212023807222,3.2365011167393725
"[0.06520340891583196, 0.7052389132830013, -0.9295518822207616, 0.4224036430216205]",29.952150121294096,3.236563949220769
"[0.06518193940345868, 0.7052522543643535, -0.9295536598836899, 0.4223790567058511]",29.95217999021991,3.2366267817021654
"[0.06516046351315986, 0.7052656028204359, -0.9295554359813046, 0.42235445846280073]",29.95220984205528,3.2366896141835624
"[0.06513898477709713, 0.7052789564594613, -0.9295572102191136, 0.4223298523338135]",29.95223968090305,3.236752446664959
"[0.06511750204372732, 0.705292316000445, -0.9295589826902071, 0.42230523699608635]",29.952269501587235,3.236815279146355
"[0.06509601406866791, 0.705305682220893, -0.9295607534948727, 0.42228061101941533]",29.952299305410715,3.2368781116277523
"[0.06507452157776952, 0.7053190546730884, -0.9295625225708316, 0.42225597523111286]",29.952329094822087,3.2369409441091483
"[0.0650530267533463, 0.7053324320023068, -0.9295642897364177, 0.42223133212905806]",29.95235886569391,3.237003776590545
"[0.06503152759412424, 0.7053458154570958, -0.929566055154151, 0.42220667941531376]",29.952388626426927,3.2370666090719418
"[0.06501002494607107, 0.7053592045141651, -0.9295678187523803, 0.4221820180560146]",29.952418366989132,3.2371294415533383
"[0.06498851539492699, 0.7053726013034218, -0.9295695808085728, 0.4221573441305936]",29.95244809032713,3.2371922740347348
"[0.06496700433694376, 0.7053860024673996, -0.9295713408783937, 0.42213266382505443]",29.952477802809245,3.2372551065161317
"[0.06494548789340622, 0.7053994104256145, -0.929573099277155, 0.42210797268559885]",29.95250749695824,3.237317938997528
"[0.06492396544217974, 0.7054128255699516, -0.9295748560529815, 0.4220832699932044]",29.952537167725737,3.2373807714789247
"[0.06490244285645637, 0.705426244242539, -0.9295766107245268, 0.42205856248551965]",29.95256683056817,3.2374436039603216
"[0.06488091389334123, 0.7054396703386661, -0.9295783637987531, 0.4220338429923101]",29.95259647748904,3.237506436441718
"[0.06485938039585297, 0.7054531027130694, -0.9295801151229323, 0.42200911362477717]",29.952626105320807,3.237569268923114
"[0.06483784288686938, 0.7054665410431126, -0.9295818646522335, 0.42198437497922153]",29.95265571606635,3.2376321014045115
"[0.06481630315555251, 0.705479984215425, -0.9295836122393532, 0.4219596291072993]",29.952685314606867,3.2376949338859076
"[0.06479475650869017, 0.7054934351627709, -0.9295853582626684, 0.42193487061284274]",29.952714893576957,3.237757766367304
"[0.06477320597499193, 0.7055068919984975, -0.9295871024741029, 0.42191010297111164]",29.952744454754285,3.237820598848701
"[0.0647516530893768, 0.7055203537671401, -0.929588844747455, 0.4218853279427197]",29.952774005934874,3.2378834313300975
"[0.06473009509113509, 0.7055338221963031, -0.9295905853037351, 0.4218605423503893]",29.95280353493191,3.2379462638114944
"[0.06470853389685846, 0.7055472960920823, -0.9295923239859186, 0.4218357483935355]",29.95283305182427,3.238009096292891
"[0.06468696603875315, 0.7055607776254215, -0.9295940610711307, 0.42181094207979264]",29.952862547796524,3.2380719287742874
"[0.06466539737451088, 0.7055742631381184, -0.9295957960854273, 0.4217861301425419]",29.95289203596351,3.2381347612556843
"[0.06464382286347714, 0.7055877557848766, -0.9295975294322432, 0.4217613067795752]",29.952921501092636,3.238197593737081
"[0.06462224312181897, 0.7056012551845212, -0.9295992610593704, 0.4217364726948079]",29.952950952208102,3.2382604262184773
"[0.06460066133428267, 0.7056147593480638, -0.9296009907091162, 0.421711631549464]",29.952980386540187,3.2383232586998743
"[0.0645790741349472, 0.705628270384936, -0.9296027186490688, 0.4216867794654256]",29.953009803674707,3.2383860911812707
"[0.0645574832031757, 0.7056417872477726, -0.9296044447423829, 0.42166191837162786]",29.95303920738992,3.238448923662667
"[0.06453588626065329, 0.7056553113667631, -0.9296061691686858, 0.4216370456400661]",29.95306859021202,3.238511756144064
"[0.06451428766300697, 0.7056688400177575, -0.9296078915779923, 0.42161216628308035]",29.953097958605145,3.23857458862546
"[0.06449268299260572, 0.7056823759711973, -0.9296096123203762, 0.4215872752080532]",29.953127310310638,3.2386374211068567
"[0.0644710739797773, 0.7056959181470217, -0.9296113312554019, 0.4215623744036738]",29.95315664576183,3.238700253588254
"[0.06444946405590614, 0.7057094643976014, -0.9296130481082613, 0.4215374678208856]",29.953185969286427,3.23876308606965
"[0.06442784508929757, 0.70572301982425, -0.929614763522441, 0.4215125460827763]",29.953215268518864,3.2388259185510466
"[0.06440622405809977, 0.7057365800557793, -0.9296164769415104, 0.4214876172284732]",29.953244551809973,3.2388887510324436
"[0.06438459764374482, 0.7057501471768532, -0.9296181886262732, 0.4214626774278107]",29.95327382160315,3.23895158351384
"[0.06436297053117425, 0.7057637182514203, -0.9296198982039444, 0.4214377320800696]",29.953303077791247,3.2390144159952365
"[0.0643413369349336, 0.7057772969131418, -0.9296216061297032, 0.4214127745083315]",29.953332316397102,3.2390772484766335
"[0.06431970033737731, 0.7057908809801023, -0.929623312126128, 0.42138780872544346]",29.95336154115587,3.23914008095803
"[0.06429805707194526, 0.7058044727581576, -0.929625016479793, 0.42136283049604756]",29.95339074158703,3.239202913439426
"[0.06427640901881584, 0.7058180710708984, -0.92962671903984, 0.4213378419848122]",29.95341992426631,3.2392657459208234
"[0.06425476030969768, 0.7058316733258354, -0.929628419479427, 0.42131284795775453]",29.953449097150312,3.23932857840222
"[0.06423310545815154, 0.7058452829733873, -0.9296301182273947, 0.42128784207693537]",29.95347825216659,3.239391410883616
"[0.06421144706619197, 0.7058588983821411, -0.9296318150770875, 0.4212628273423765]",29.953507391719384,3.2394542433650133
"[0.06418978209199042, 0.7058725214683398, -0.929633510264214, 0.42123780023606494]",29.95353651163174,3.2395170758464094
"[0.06416811734402726, 0.7058861479538564, -0.9296352032540008, 0.42121276861951673]",29.953565617353757,3.239579908327806
"[0.06414644351031132, 0.7058997836993703, -0.9296368947717132, 0.4211877217291979]",29.9535947023594,3.239642740809203
"[0.0641247676881149, 0.7059134242440067, -0.9296385842606918, 0.4211626677617905]",29.95362377604949,3.2397055732905993
"[0.06410308722351947, 0.7059270712610409, -0.929640271925706, 0.4211376036461105]",29.953652828262783,3.2397684057719958
"[0.06408140414991874, 0.7059407234738577, -0.9296419576062867, 0.42111253172903584]",29.95368187106692,3.2398312382533927
"[0.06405971328587505, 0.7059543841489251, -0.9296436417025872, 0.4210874460144126]",29.953710887850654,3.239894070734789
"[0.0640380218620455, 0.7059680487360566, -0.9296453236508588, 0.4210623548603359]",29.953739895149848,3.2399569032161857
"[0.06401632446790267, 0.7059817206467921, -0.9296470038685524, 0.42103725200464226]",29.9537688821672,3.2400197356975826
"[0.06399462350278588, 0.7059953983731683, -0.9296486821673283, 0.4210121402186169]",29.953797855047824,3.240082568178979
"[0.06397291595028352, 0.7060090838204351, -0.9296503587778336, 0.42098701600690114]",29.9538268056515,3.240145400660375
"[0.06395120682849062, 0.7060227738285231, -0.9296520333101553, 0.42096188517322836]",29.95385574510987,3.2402082331417725
"[0.06392949142984898, 0.7060364713695646, -0.9296537061251245, 0.4209367422639674]",29.953884663773465,3.2402710656231686
"[0.06390777403832953, 0.7060501737449408, -0.9296553768903761, 0.42091159223503216]",29.95391357113086,3.240333898104566
"[0.06388605002855398, 0.7060638838766803, -0.9296570459593417, 0.42088642972561496]",29.95394245457469,3.240396730585962
"[0.06386432252190308, 0.7060775997989305, -0.929658713089565, 0.4208612583463025]",29.953971322963493,3.2404595630673585
"[0.0638425915919843, 0.7060913214685067, -0.9296603782732418, 0.4208360781785786]",29.954000179880055,3.2405223955487554
"[0.06382085685800583, 0.7061050491292128, -0.9296620415373481, 0.42081088877731576]",29.954029019154564,3.240585228030152
"[0.0637991156551327, 0.706118784468276, -0.9296637030831411, 0.4207856870491992]",29.954057837160377,3.2406480605115484
"[0.06377737069589143, 0.7061325257761258, -0.929665362700653, 0.4207604761336044]",29.954086636289038,3.2407108929929453
"[0.06375562297890715, 0.7061462724248917, -0.9296670203115653, 0.4207352571846619]",29.95411542674065,3.240773725474342
"[0.06373386815486567, 0.7061600271677864, -0.9296686762447689, 0.42071002515405914]",29.95414418976915,3.2408365579557383
"[0.06371211150054391, 0.7061737866723059, -0.9296703300961283, 0.4206847861575112]",29.954172945558,3.2408993904371353
"[0.06369034883613514, 0.7061875535854062, -0.929671982181066, 0.420659535342077]",29.954201677718093,3.2409622229185318
"[0.06366858330165769, 0.7062013259245258, -0.9296736322587396, 0.4206342763465921]",29.954230395763567,3.241025055399928
"[0.06364681170691443, 0.7062151057121004, -0.9296752805685212, 0.4206090054643285]",29.954259093564346,3.241087887881325
"[0.06362504051743922, 0.7062288888589282, -0.9296769266189294, 0.42058373019661044]",29.95428778488244,3.2411507203627212
"[0.06360326069827239, 0.7062426810886023, -0.9296785710906919, 0.42055844005003806]",29.954316449405507,3.2412135528441177
"[0.0635814772382727, 0.7062564792465444, -0.929680213604125, 0.4205331408119225]",29.954345099121866,3.2412763853255147
"[0.06355969028499012, 0.7062702832426674, -0.9296818541458909, 0.4205078326497252]",29.954373733353833,3.241339217806911
"[0.06353789745422359, 0.7062840945915145, -0.929683492892956, 0.42048251278925575]",29.954402347969538,3.2414020502883076
"[0.06351610144429586, 0.7062979115868677, -0.929685129639902, 0.42045718436098883]",29.95443094667163,3.2414648827697046
"[0.06349430182632206, 0.7063117345039049, -0.9296867644167688, 0.4204318468627374]",29.954459531326222,3.241527715251101
"[0.0634724954123827, 0.7063255653682606, -0.9296883974598941, 0.4204064965841969]",29.954488092278016,3.2415905477324976
"[0.06345068565540475, 0.7063394019940362, -0.9296900285080064, 0.42038113753451894]",29.954516636372645,3.2416533802138945
"[0.06342887177725627, 0.7063532448783748, -0.9296916576170203, 0.4203557688049065]",29.954545166617013,3.241716212695291
"[0.0634070546598891, 0.7063670934650527, -0.9296932847188071, 0.4203303914170354]",29.95457368253283,3.241779045176687
"[0.06338523083214302, 0.7063809499615237, -0.9296949100695753, 0.4203050013284216]",29.954602173989382,3.2418418776580844
"[0.0633634037833601, 0.7063948121564233, -0.9296965334067869, 0.42027960259373376]",29.954630650578626,3.2419047101394804
"[0.06334157325508388, 0.7064086802171945, -0.9296981547474976, 0.4202541949084324]",29.95465911461287,3.241967542620877
"[0.06331973824792879, 0.7064225547823259, -0.9296997741635652, 0.42022877710515705]",29.954687560753086,3.242030375102274
"[0.0632978997467141, 0.7064364352296618, -0.9297013915795801, 0.4202033503260973]",29.954715990230696,3.2420932075836704
"[0.0632760541382074, 0.7064503238600569, -0.9297030072603634, 0.4201779103592031]",29.954744394847882,3.242156040065067
"[0.06325420530361453, 0.7064642182101747, -0.9297046209161403, 0.42015246171929044]",29.95477278670695,3.242218872546464
"[0.06323235275111692, 0.7064781185961914, -0.9297062325810026, 0.42012700382957696]",29.95480116321295,3.2422817050278603
"[0.06321049569984366, 0.7064920255185073, -0.9297078423101289, 0.4201015357760547]",29.954829520294766,3.2423445375092568
"[0.0631886330018105, 0.7065059397117375, -0.9297094501853497, 0.42007605621610605]",29.954857857927504,3.2424073699906537
"[0.06316676537166778, 0.7065198607253798, -0.9297110561513073, 0.42005056597745694]",29.95488617900368,3.24247020247205
"[0.06314489340887845, 0.706533788181745, -0.92971266016141, 0.4200250657542475]",29.954914479734825,3.242533034953447
"[0.06312302115913883, 0.7065477195074744, -0.9297142619170877, 0.41999956026015695]",29.95494277333492,3.2425958674348436
"[0.06310114055584606, 0.7065616598443363, -0.9297158620065863, 0.41997404008414724]",29.954971041523258,3.2426586999162397
"[0.06307925643249346, 0.7065756061175238, -0.929717460073435, 0.41994851085811374]",29.95499929434506,3.242721532397637
"[0.06305737034480224, 0.7065895573386729, -0.929719056002014, 0.4199229743934503]",29.955027533490032,3.242784364879033
"[0.06303547757930525, 0.7066035165161253, -0.92972065013356, 0.4198974251861368]",29.95505575149836,3.2428471973604296
"[0.06301358130559927, 0.7066174816332029, -0.9297222422345017, 0.41987186693003326]",29.95508395260316,3.242910029841827
"[0.06299167765685068, 0.7066314551605023, -0.9297238325831562, 0.41984629510637755]",29.955112133768456,3.242972862323223
"[0.06296977287277614, 0.7066454331211831, -0.9297254207239904, 0.41982071699538637]",29.95514030009775,3.2430356948046195
"[0.06294786202444985, 0.7066594186639819, -0.9297270070120855, 0.41979512683757503]",29.95516844591019,3.2430985272860164
"[0.06292594698061706, 0.7066734106003815, -0.9297285913093717, 0.4197695268104039]",29.955196574453492,3.243161359767413
"[0.06290402909120309, 0.7066874080719348, -0.9297301735160072, 0.41974391848684234]",29.955224691159938,3.2432241922488094
"[0.06288210483891733, 0.7067014133289293, -0.9297317538832802, 0.419718297752635]",29.955252784230673,3.2432870247302064
"[0.06286017525241129, 0.7067154257188929, -0.929733332334049, 0.41969266580431797]",29.955280857513078,3.243349857211603
"[0.06283824366902072, 0.7067294431128687, -0.929734908625794, 0.41966702653862537]",29.95530891869386,3.2434126896929993
"[0.06281630730575655, 0.7067434672930341, -0.9297364829562861, 0.41964137669812646]",29.955336963357865,3.2434755221743963
"[0.06279436486902115, 0.706757499090803, -0.9297380554155054, 0.4196157147650002]",29.95536498623269,3.2435383546557928
"[0.06277241959425474, 0.7067715364411301, -0.9297396257690165, 0.4195900445184897]",29.955392992217295,3.243601187137189
"[0.0627504683032738, 0.7067855813808929, -0.929741194241676, 0.4195643622363314]",29.955420979014246,3.243664019618586
"[0.06272851490560614, 0.7067996314124444, -0.9297427605516857, 0.419538672488174]",29.95544895328054,3.2437268520999822
"[0.06270655651428995, 0.7068136883869179, -0.929744324902732, 0.4195129718916915]",29.95547690831354,3.2437896845813787
"[0.06268459026343719, 0.7068277541438998, -0.9297458874957918, 0.41948725708662465]",29.95550483831704,3.2438525170627757
"[0.06266262430668447, 0.7068418234659893, -0.9297474477484636, 0.41946153761380844]",29.955532760420436,3.243915349544172
"[0.06264065101654726, 0.7068559012421155, -0.9297490062002475, 0.4194358045383864]",29.95556065915373,3.2439781820255686
"[0.0626186756911097, 0.7068699840820177, -0.9297505624727169, 0.4194100640601656]",29.955588544583417,3.2440410145069656
"[0.06259669169340745, 0.706884076243412, -0.929752117033023, 0.4193843083997739]",29.955616402902482,3.244103846988362
"[0.06257470657037208, 0.706898172892783, -0.9297536693447658, 0.41935854639395714]",29.955644252186886,3.2441666794697586
"[0.06255271630839881, 0.7069122766069301, -0.929755219689158, 0.41933277333583846]",29.95567208261662,3.2442295119511555
"[0.06253072169979546, 0.7069263868818405, -0.9297567680076495, 0.41930699014914835]",29.955699895100356,3.244292344432552
"[0.06250872336148246, 0.7069405033255015, -0.9297583142543546, 0.41928119755270754]",29.955727690977074,3.244355176913948
"[0.062486717108409896, 0.7069546286281988, -0.9297598587203922, 0.41925539063399814]",29.955755459353988,3.2444180093953454
"[0.062464709894952834, 0.7069687583300699, -0.9297614009150877, 0.41922957754381174]",29.95578321887455,3.2444808418767415
"[0.062442696483153176, 0.7069828957976988, -0.92976294120317, 0.419203752134262]",29.955810956215398,3.244543674358138
"[0.06242067894801215, 0.7069970397028441, -0.9297644794366196, 0.4191779168345081]",29.955838678171467,3.244606506839535
"[0.06239865792456426, 0.7070111896412465, -0.9297660155686648, 0.41915207238544877]",29.95586638260076,3.2446693393209314
"[0.06237663079298125, 0.7070253473005154, -0.9297675497793325, 0.4191262157074493]",29.955894068455738,3.2447321718023283
"[0.06235459914962707, 0.7070395116590636, -0.9297690819545491, 0.41910034866913193]",29.95592173121063,3.244795004283725
"[0.0623325633018134, 0.7070536825233028, -0.929770612070351, 0.4190744716266599]",29.955949379497238,3.2448578367651213
"[0.062310524799917104, 0.7070678588997003, -0.929772140016795, 0.4190485863966802]",29.955977015130195,3.2449206692465182
"[0.06228848135600164, 0.7070820422636865, -0.9297736659500889, 0.4190226902876365]",29.956004627371676,3.2449835017279147
"[0.062266430171757745, 0.7070962344207883, -0.9297751900607106, 0.41899678000612317]",29.956032219507435,3.245046334209311
"[0.06224437799521442, 0.707110431031947, -0.9297767118796642, 0.4189708634764821]",29.95605979956375,3.245109166690708
"[0.06222232039641325, 0.7071246349524734, -0.929778231710421, 0.41894493548857675]",29.9560873578808,3.2451719991721046
"[0.06220025673078109, 0.7071388466021395, -0.9297797495943537, 0.4189189952791357]",29.95611489873962,3.2452348316535007
"[0.06217819030693583, 0.7071530638538437, -0.9297812653012153, 0.4188930467333769]",29.95614242165097,3.245297664134898
"[0.06215611889260119, 0.7071672881495698, -0.9297827789818915, 0.4188670872219856]",29.956169924314153,3.245360496616294
"[0.06213404178256912, 0.7071815199483321, -0.9297842906818146, 0.4188411159101617]",29.956197409980916,3.2454233290976906
"[0.0621119615974285, 0.707195757564823, -0.9297858002189233, 0.41881513587604746]",29.956224878124438,3.2454861615790875
"[0.06208987552289331, 0.7072100028178083, -0.9297873077829674, 0.41878914380353793]",29.95625232558339,3.245548994060484
"[0.0620677860777381, 0.7072242540868825, -0.9297888131993107, 0.41876314265197934]",29.956279759657093,3.2456118265418805
"[0.06204569175691235, 0.7072385123469404, -0.9297903165679836, 0.4187371306452891]",29.956307171259525,3.2456746590232775
"[0.062023593864887774, 0.7072527767601287, -0.9297918177976447, 0.41871110931463495]",29.956334567334906,3.245737491504674
"[0.06200148828655704, 0.707267049987486, -0.9297933171648197, 0.41868507380870745]",29.956361944132652,3.2458003239860704
"[0.0619793819159467, 0.7072813275816212, -0.9297948141993163, 0.4186590322425392]",29.9563893014128,3.2458631564674674
"[0.061957268334629535, 0.7072956136917842, -0.9297963093332758, 0.41863297705069763]",29.956416641102443,3.245925988948864
"[0.061935150896405576, 0.7073099061559773, -0.9297978023369258, 0.4186069121792444]",29.956443961156673,3.24598882143026
"[0.061913029705557475, 0.7073242049105697, -0.9297992932007731, 0.41858083774675325]",29.956471263023673,3.2460516539116573
"[0.061890904391684515, 0.7073385101988147, -0.9298007819472809, 0.41855475331221026]",29.956498551070563,3.2461144863930533
"[0.061868773253293714, 0.7073528231252024, -0.9298022686880997, 0.41852865686451474]",29.956525815242937,3.24617731887445
"[0.06184663629556018, 0.7073671436912206, -0.9298037534197627, 0.4185025484040208]",29.956553057934382,3.2462401513558468
"[0.06182449559781126, 0.7073814705560264, -0.9298052360000254, 0.41847643037807747]",29.95658028740434,3.2463029838372433
"[0.06180235158139164, 0.7073958034506013, -0.9298067163983013, 0.4184503032795788]",29.956607501135867,3.2463658163186397
"[0.06178020151617595, 0.7074101441462932, -0.929808194794348, 0.41842416388235815]",29.956634691131107,3.2464286488000367
"[0.06175804696129458, 0.7074244916382261, -0.9298096710811532, 0.418398014020979]",29.956661862491888,3.246491481281433
"[0.06173589042219053, 0.7074388443073386, -0.929811145089479, 0.41837185664876037]",29.956689021978487,3.2465543137628297
"[0.06171372697015165, 0.7074532053505105, -0.9298126171445301, 0.4183456859421961]",29.956716157657862,3.2466171462442266
"[0.06169155841073672, 0.707467573602775, -0.929814087123185, 0.4183195040273892]",29.9567432742414,3.246679978725623
"[0.06166938636320607, 0.7074819480186894, -0.9298155549154293, 0.4182933128120423]",29.956770373160627,3.246742811207019
"[0.06164721053519695, 0.7074963287915136, -0.9298170205381909, 0.4182671119465425]",29.95679745694235,3.2468056436884165
"[0.06162502856794943, 0.7075107174552963, -0.9298184841444966, 0.41824089863882014]",29.956824517837806,3.2468684761698126
"[0.061602842125932894, 0.7075251129349573, -0.9298199456215449, 0.41821467485042024]",29.95685156093841,3.24693130865121
"[0.061580650692677874, 0.7075395155699201, -0.9298214050005572, 0.4181884399658473]",29.956878583185564,3.2469941411326064
"[0.06155845796839935, 0.7075539229621435, -0.9298228620359238, 0.4181621983556128]",29.956905595758446,3.2470569736140025
"[0.06153625531137651, 0.7075683407265697, -0.9298243172919147, 0.4181359397957216]",29.956932578757353,3.2471198060954
"[0.06151405151008572, 0.7075827631609609, -0.92982577018943, 0.41810967467449117]",29.956959548927923,3.247182638576796
"[0.06149184165607629, 0.7075971934573195, -0.9298272210472176, 0.41808339718140447]",29.956986498000564,3.2472454710581924
"[0.06146962687369915, 0.7076116308898516, -0.9298286697887749, 0.4180571086411547]",29.957013426642032,3.2473083035395893
"[0.06144740985855112, 0.70762607371041, -0.9298301162358743, 0.418030812239407]",29.957040341427337,3.247371136020986
"[0.06142518800509853, 0.7076405236164971, -0.9298315605557314, 0.4180045048879974]",29.95706723959998,3.2474339685023823
"[0.06140295580306527, 0.7076549841970764, -0.9298330031027271, 0.41797818005649323]",29.95709410461162,3.2474968009837792
"[0.06138072377603358, 0.7076694486117716, -0.9298344431911046, 0.4179518502004154]",29.957120961236413,3.2475596334651757
"[0.06135848703006359, 0.7076839200476921, -0.9298358811358554, 0.41792550952041424]",29.957147799136514,3.2476224659465722
"[0.061336246354237484, 0.7076983979954423, -0.929837316883266, 0.41789915894642005]",29.957174619775813,3.247685298427969
"[0.06131399939917341, 0.7077128839889499, -0.9298387505820515, 0.41787279568955943]",29.957201419791204,3.2477481309093656
"[0.061291747395691834, 0.7077273772316339, -0.9298401821497542, 0.41784642120264265]",29.957228197548844,3.2478109633907617
"[0.061269490739257734, 0.7077418774703498, -0.9298416115580601, 0.41782003594922584]",29.95725495702136,3.247873795872159
"[0.06124723096328857, 0.7077563837099912, -0.929843038705934, 0.41779364174268163]",29.957281701954823,3.247936628353555
"[0.06122496644234461, 0.7077708970137753, -0.9298444636950141, 0.41776723665113313]",29.957308426204786,3.2479994608349516
"[0.06120269493875726, 0.707785418845328, -0.9298458866653031, 0.4177408180148655]",29.95733512746637,3.2480622933163485
"[0.061180420426714836, 0.7077999466178577, -0.9298473073599517, 0.4177143905428025]",29.957361811452913,3.248125125797745
"[0.0611581407559482, 0.7078144817378484, -0.9298487259134751, 0.41768795167911105]",29.957388478070737,3.2481879582791415
"[0.06113585762347055, 0.7078290231023425, -0.9298501422151176, 0.4176615034327928]",29.957415127253476,3.2482507907605385
"[0.06111356789733173, 0.7078435727597224, -0.9298515564609938, 0.41763504208115015]",29.957441753955262,3.248313623241935
"[0.06109127431115141, 0.7078581289302814, -0.9298529684746415, 0.4176085708639352]",29.957468362027566,3.2483764557233314
"[0.061068977006541125, 0.7078726915254545, -0.9298543782445498, 0.417582089944841]",29.95749495297272,3.2484392882047284
"[0.06104667230771343, 0.707887262950793, -0.9298557859999884, 0.41755559495267364]",29.957521521375348,3.248502120686125
"[0.06102436626310197, 0.7079018392591389, -0.9298571913564717, 0.4175290930672813]",29.95754807531162,3.248564953167521
"[0.06100205165634137, 0.7079164251706936, -0.9298585947657187, 0.4175025757095877]",29.957574601981136,3.2486277856489183
"[0.060979735969179605, 0.7079310157995045, -0.929859995754287, 0.41747605176523844]",29.957601120952194,3.2486906181303143
"[0.06095741394777909, 0.7079456145845535, -0.9298613946494879, 0.41744951498521743]",29.957627613528764,3.248753450611711
"[0.060935086208598145, 0.7079602211277983, -0.9298627914093845, 0.41742296609630825]",29.95765408444102,3.2488162830931078
"[0.06091275604444554, 0.7079748332792081, -0.9298641858253313, 0.4173964090091448]",29.957680543551014,3.2488791155745043
"[0.060890419795312976, 0.7079894534379536, -0.9298655781231628, 0.41736983936609223]",29.957706977335743,3.2489419480559008
"[0.060868079535758214, 0.7080040802507575, -0.9298669681705757, 0.4173432596295014]",29.95773339657174,3.2490047805372977
"[0.06084573510542224, 0.7080187138267096, -0.9298683559748815, 0.41731666960387515]",29.957759795661097,3.249067613018694
"[0.06082338164589547, 0.708033357353098, -0.9298697418343171, 0.41729006350115416]",29.957786165096955,3.249130445500091
"[0.06080102804418715, 0.7080480050125113, -0.9298711251950706, 0.4172634518939862]",29.957812529948217,3.2491932779814876
"[0.06077866885922851, 0.7080626603737721, -0.9298725063916014, 0.4172368283010194]",29.957838869203492,3.249256110462884
"[0.060756304479177244, 0.708077323187283, -0.929873885396816, 0.41721019317878505]",29.957865189973937,3.249318942944281
"[0.06073393401184058, 0.7080919940429647, -0.9298752622625224, 0.41718354545886543]",29.957891489171857,3.2493817754256775
"[0.06071156008764181, 0.7081066712202468, -0.9298766368239086, 0.417156888269398]",29.95791776938603,3.2494446079070736
"[0.06068918222864889, 0.7081213550365691, -0.929878009107783, 0.41713022103649583]",29.957944033879123,3.249507440388471
"[0.06066679747634857, 0.7081360474380927, -0.929879379292435, 0.4171035402288641]",29.957970272211853,3.249570272869867
"[0.06064441149064752, 0.7081507447140212, -0.9298807470287351, 0.41707685258792115]",29.957996501378254,3.2496331053512635
"[0.06062201534027068, 0.7081654527331097, -0.9298821128591263, 0.4170501474602592]",29.958022696662344,3.2496959378326604
"[0.06059961754748044, 0.7081801659037471, -0.9298834762605661, 0.4170234350017474]",29.958048882920664,3.249758770314057
"[0.06057721524109879, 0.7081948861156196, -0.9298848374054735, 0.41699671178407427]",29.958075045013793,3.2498216027954534
"[0.06055480610167308, 0.7082096148978271, -0.9298861964315354, 0.41696997503450806]",29.958101187437364,3.2498844352768503
"[0.060532396521223004, 0.708224348053022, -0.92988755294855, 0.4169432323750382]",29.95812731854581,3.249947267758247
"[0.06050997818983861, 0.7082390910489887, -0.9298889074566603, 0.41691647388382486]",29.95815342141832,3.2500101002396433
"[0.060487556286343724, 0.708253840485274, -0.9298902596395494, 0.41688970573603235]",29.958179507281635,3.2500729327210403
"[0.060465130768165246, 0.7082685963937868, -0.9298916094972404, 0.4168629278764084]",29.95820557517619,3.2501357652024367
"[0.060442698675840976, 0.7082833607265726, -0.9298929572048132, 0.41683613676560516]",29.95823161985952,3.250198597683833
"[0.060420261432006565, 0.7082981325524347, -0.9298943026734763, 0.416809334096636]",29.958257643471736,3.25026143016523
"[0.060397818906068323, 0.7083129119621613, -0.929895645907953, 0.41678251970788305]",29.95828365005723,3.250324262646626
"[0.060375374220181376, 0.7083276969036607, -0.9298969867187782, 0.4167556973251738]",29.958309637637186,3.2503870951280227
"[0.06035292320235026, 0.7083424901294265, -0.9298983253524005, 0.4167288619578709]",29.958335605401572,3.2504499276094196
"[0.06033046822768136, 0.7083572900792539, -0.9298996616641152, 0.416702016439333]",29.95836155481792,3.250512760090816
"[0.06030800731116041, 0.7083720980661328, -0.9299009957690266, 0.4166751583909867]",29.95838747863449,3.2505755925722126
"[0.0602855425956866, 0.7083869126819379, -0.929902327536851, 0.4166482903698559]",29.95841339079676,3.2506384250536096
"[0.06026307161827128, 0.7084017355556457, -0.9299036571105418, 0.41662140942468134]",29.9584392743466,3.250701257535006
"[0.06024059609927795, 0.7084165655573693, -0.9299049843851178, 0.4165945176076693]",29.95846514162453,3.2507640900164025
"[0.06021811672341016, 0.7084314022396049, -0.9299063093173636, 0.4165676157331533]",29.958490993152626,3.2508269224977995
"[0.060195632067740985, 0.7084462465459943, -0.9299076319882362, 0.4165407020930828]",29.95851681983972,3.250889754979196
"[0.060173141804906266, 0.7084610986976397, -0.9299089524137808, 0.4165137762897889]",29.95854262920507,3.250952587460592
"[0.06015064652329561, 0.7084759583108945, -0.9299102705562794, 0.4164868390219666]",29.95856841366721,3.2510154199419894
"[0.060128151037297864, 0.7084908222089596, -0.9299115861313817, 0.4164598960508979]",29.95859419097945,3.2510782524233854
"[0.060105644514725234, 0.7085056975542972, -0.9299128997692891, 0.4164329343968437]",29.958619934955923,3.251141084904782
"[0.06008313575197657, 0.7085205785387219, -0.9299142109529456, 0.41640596459072254]",29.958645663693503,3.2512039173861793
"[0.06006062111778315, 0.7085354675671716, -0.9299155198911297, 0.416378982276743]",29.958671370864398,3.2512667498675754
"[0.06003810357325714, 0.7085503626858749, -0.9299168264088213, 0.4163519909985184]",29.9586970621127,3.251329582348972
"[0.06001557773174417, 0.7085652674631508, -0.9299181308152757, 0.41632498429321113]",29.95872272367848,3.251392414830369
"[0.059993050077002404, 0.7085801776136645, -0.9299194327319336, 0.41629796992875506]",29.95874837446465,3.2514552473117653
"[0.05997051785052231, 0.7085950949669335, -0.9299207323157519, 0.4162709445930234]",29.95877400521052,3.251518079793162
"[0.059947977935933976, 0.7086100215915494, -0.9299220297429898, 0.41624390454183785]",29.958799610412008,3.2515809122745587
"[0.05992543415775889, 0.7086249549600127, -0.9299233247901412, 0.4162168543571762]",29.95882519588883,3.251643744755955
"[0.059902885388967396, 0.7086398958233607, -0.92992461751905, 0.41618979268157963]",29.95885076082269,3.251706577237352
"[0.05988033364466137, 0.7086548428506139, -0.929925907811442, 0.4161627219286322]",29.95887631086481,3.2517694097187486
"[0.05985777617457977, 0.7086697978690497, -0.929927195821796, 0.41613563879187504]",29.958901841884177,3.251832242200145
"[0.05983521452424927, 0.7086847598588055, -0.9299284814587734, 0.41610854512137185]",29.95892734989696,3.251895074681542
"[0.05981264580646734, 0.7086997307397195, -0.9299297648835714, 0.41608143744392473]",29.95895283408328,3.2519579071629385
"[0.05979007241385016, 0.7087147089299599, -0.9299310459567127, 0.41605431862712644]",29.958978299944846,3.2520207396443346
"[0.05976749264209791, 0.7087296955655028, -0.9299323247716202, 0.416027186617521]",29.959003740667757,3.252083572125732
"[0.05974491259847322, 0.7087446865967295, -0.9299336009798711, 0.41600004874927315]",29.95902917162834,3.252146404607128
"[0.059722323397906556, 0.7087596879271612, -0.9299348750806221, 0.41597289433846235]",29.95905457272106,3.2522092370885245
"[0.059699731209782024, 0.7087746954651925, -0.9299361467224017, 0.4159457307948932]",29.959079957417533,3.2522720695699214
"[0.05967713394731893, 0.7087897106013265, -0.9299374160198794, 0.41591855560464897]",29.959105322434574,3.252334902051318
"[0.05965453185253597, 0.7088047331795694, -0.9299386829563461, 0.41589136905320134]",29.959130666459693,3.2523977345327144
"[0.05963192439886968, 0.708819763554809, -0.9299399475581518, 0.4158641705014952]",29.95915598963794,3.2524605670141113
"[0.05960931316641824, 0.7088348006811435, -0.9299412097339229, 0.41583696184521013]",29.959181295324505,3.252523399495508
"[0.059586695508400046, 0.7088498463236773, -0.9299424696282307, 0.415809739893707]",29.95920657574518,3.2525862319769043
"[0.05956407364759756, 0.708864899008821, -0.9299437271140035, 0.41578250731640004]",29.959231837938518,3.2526490644583013
"[0.05954144533108505, 0.7088799602407384, -0.9299449823132142, 0.4157552613952982]",29.959257077938805,3.2527118969396978
"[0.059518814195874466, 0.7088950276033342, -0.929946235021094, 0.41572800650422104]",29.959282303888354,3.252774729421094
"[0.05949617482634132, 0.7089101047074013, -0.9299474855340794, 0.4157007361150453]",29.95930749434201,3.252837561902491
"[0.059473534355652, 0.7089251868071751, -0.9299487334551221, 0.4156734588146655]",29.959332680668247,3.2529003943838872
"[0.05945088747794144, 0.7089402774413808, -0.9299499790739559, 0.41564616820582506]",29.959357838374064,3.2529632268652837
"[0.05942823553353751, 0.7089553757222081, -0.9299512223134403, 0.4156188658974821]",29.959382975082345,3.2530260593466807
"[0.059405578289858194, 0.708970481809686, -0.9299524631831111, 0.4155915516035032]",29.959408094338244,3.253088891828077
"[0.059382915835886674, 0.7089855956495383, -0.9299537016748373, 0.4155642254253017]",29.959433191685083,3.2531517243094736
"[0.059360248241426314, 0.7090007172002222, -0.9299549377815709, 0.41553688744124107]",29.959458266565868,3.2532145567908706
"[0.059337576570800014, 0.7090158457564224, -0.9299561714422374, 0.41550953892954423]",29.95948332100672,3.253277389272267
"[0.059314899130620116, 0.7090309824529956, -0.92995740274583, 0.41548217784187375]",29.959508356169835,3.2533402217536636
"[0.05929221866977511, 0.7090461254597004, -0.929958631540128, 0.4154548074896148]",29.959533371493798,3.2534030542350605
"[0.05926953193524859, 0.7090612769532022, -0.9299598579983166, 0.41542742394165383]",29.959558367544858,3.253465886716457
"[0.05924683814149652, 0.7090764374640144, -0.9299610821590861, 0.41540002624287814]",29.959583338153855,3.253528719197853
"[0.05922414217596609, 0.7090916037318191, -0.9299623037557417, 0.415372620288369]",29.95960829023032,3.2535915516792504
"[0.059201437661590146, 0.7091067800231549, -0.9299635231282039, 0.41534519837167755]",29.959633215047145,3.2536543841606465
"[0.05917873299230821, 0.7091219607318757, -0.9299647398227003, 0.41531777062555164]",29.959658127432277,3.253717216642044
"[0.05915602041621715, 0.7091371510454344, -0.9299659542517831, 0.4152903276805199]",29.959683018203798,3.25378004912344
"[0.05913330230985127, 0.7091523493803322, -0.9299671662845672, 0.4152628724010717]",29.959707885801226,3.2538428816048364
"[0.059110580470417305, 0.7091675545390008, -0.9299683758220961, 0.4152354069537098]",29.95973273128596,3.2539057140862333
"[0.059087852617790274, 0.7091827680521693, -0.929969582982581, 0.41520792857665184]",29.959757555229924,3.25396854656763
"[0.05906512072659832, 0.7091979886030599, -0.929970787657921, 0.41518043965149426]",29.959782363094448,3.2540313790490263
"[0.05904238347470624, 0.7092132170817421, -0.9299719899150748, 0.4151529385739024]",29.95980714596506,3.254094211530423
"[0.059019642932388476, 0.7092284521062325, -0.9299731896415963, 0.41512542784266077]",29.95983191215696,3.2541570440118197
"[0.058996891286997505, 0.7092436989168669, -0.9299743872456518, 0.4150978979988921]",29.959856644745884,3.254219876493216
"[0.05897414047155098, 0.7092589495219158, -0.9299755820958371, 0.41507036347587]",29.959881370842396,3.254282708974613
"[0.05895138292942283, 0.7092742089906574, -0.9299767745865226, 0.4150428151238412]",29.959906070709167,3.2543455414560096
"[0.05892861889999132, 0.7092894771685132, -0.9299779647013583, 0.41501525322560123]",29.959930746204375,3.2544083739374057
"[0.058905852226041194, 0.7093047514828349, -0.929979152236363, 0.41498768242840756]",29.959955404588115,3.254471206418803
"[0.058883078438920156, 0.7093200349366215, -0.9299803374214307, 0.4149600973149607]",29.959980039772095,3.254534038900199
"[0.05886030105946943, 0.709335325172268, -0.9299815200699647, 0.4149325021438842]",29.96000465639123,3.2545968713815956
"[0.058837516862474876, 0.7093506243599778, -0.9299827003461061, 0.414904893001831]",29.96002924783654,3.2546597038629925
"[0.05881472996415959, 0.7093659297406768, -0.9299838780334634, 0.4148772748710865]",29.9600538217825,3.254722536344389
"[0.05879193649714122, 0.7093812439168163, -0.929985053328793, 0.41484964305878724]",29.96007837185493,3.2547853688257855
"[0.05876913816831653, 0.7093965657470473, -0.9299862261405709, 0.4148219996278029]",29.96010290318054,3.2548482013071824
"[0.05874633526431885, 0.7094118950436242, -0.929987396450896, 0.4147943449200805]",29.96012741102834,3.254911033788579
"[0.05872352736361404, 0.7094272320948561, -0.9299885642782191, 0.41476667841873777]",29.960151897527346,3.2549738662699754
"[0.05870071282415325, 0.7094425780104642, -0.9299897297030586, 0.41473899812549186]",29.96017636400118,3.2550366987513724
"[0.05867789333562599, 0.7094579316594264, -0.9299908926355465, 0.4147113060839707]",29.96020080692208,3.255099531232769
"[0.05865506945004758, 0.7094732926752131, -0.9299920530443988, 0.4146836029584714]",29.960225231119118,3.255162363714165
"[0.058632239707391336, 0.7094886620456078, -0.9299932110005253, 0.4146558869709094]",29.96024962903752,3.2552251961955623
"[0.05860940615580717, 0.7095040383967487, -0.9299943663968241, 0.4146281606020795]",29.960274009296185,3.2552880286769583
"[0.058586566435120856, 0.7095194233230822, -0.929995519349445, 0.41460042098022426]",29.960298368199336,3.255350861158355
"[0.05856372256181296, 0.7095348154714863, -0.9299966697532541, 0.41457267054845026]",29.960322704917495,3.255413693639752
"[0.058540871160131826, 0.7095502171221232, -0.9299978177746594, 0.4145449051994406]",29.96034701807321,3.2554765261211482
"[0.05851801873242207, 0.70956562389715, -0.929998963083965, 0.41451713282848196]",29.96037131727245,3.2555393586025447
"[0.058495156715462224, 0.7095810415750575, -0.9300001061069323, 0.41448934302265317]",29.960395585605117,3.2556021910839417
"[0.05847229332322792, 0.7095964646219028, -0.9300012464294195, 0.414461545760168]",29.960419838969425,3.255665023565338
"[0.0584494230858498, 0.7096118967321187, -0.9300023843212608, 0.4144337343855642]",29.960444069619353,3.2557278560467346
"[0.05842654744310057, 0.709627336939975, -0.9300035197071077, 0.4144059106429362]",29.960468274386646,3.2557906885281316
"[0.05840366388384123, 0.7096427869464993, -0.9300046527076837, 0.4143780714708173]",29.96049245340275,3.255853521009528
"[0.05838077887025062, 0.7096582423936555, -0.9300057829998407, 0.41435022472516303]",29.960516618813667,3.255916353490925
"[0.05835788763801708, 0.7096737065034965, -0.9300069108159966, 0.41432236460368504]",29.96054076127659,3.2559791859723215
"[0.05833499298929376, 0.7096891773880754, -0.9300080360148434, 0.41429449451101674]",29.960564884199627,3.256042018453718
"[0.05831209112438802, 0.7097046576203437, -0.9300091587796886, 0.41426660981556385]",29.96058898036161,3.256104850935115
"[0.05828918433630513, 0.70972014565616, -0.9300102789944, 0.414238713302492]",29.96061305911551,3.2561676834165114
"[0.058266272434963115, 0.7097356416292186, -0.9300113966649415, 0.41421080473437466]",29.960637113383562,3.2562305158979075
"[0.05824335606496976, 0.7097511451086009, -0.9300125117566116, 0.41418288489062566]",29.96066114498639,3.256293348379305
"[0.0582204326573154, 0.7097666578379227, -0.9300136243908069, 0.41415495063481433]",29.96068515344444,3.256356180860701
"[0.05819750616034085, 0.7097821771504795, -0.9300147343725251, 0.4141270067723636]",29.96070914620865,3.2564190133420974
"[0.05817457295723683, 0.7097977054996745, -0.93001584187357, 0.4140990488890717]",29.960733112276767,3.2564818458234943
"[0.05815163524608613, 0.7098132414027084, -0.9300169467842226, 0.4140710796582049]",29.96075705851971,3.256544678304891
"[0.05812869303130664, 0.7098287848614965, -0.9300180491011033, 0.4140430990795695]",29.96078098317506,3.2566075107862873
"[0.058105743937692245, 0.7098443374908615, -0.9300191489347297, 0.4140151042498455]",29.960804881349045,3.2566703432676842
"[0.05808279000017455, 0.709859897917445, -0.9300202461839061, 0.41398709764474817]",29.96082876140359,3.2567331757490807
"[0.058059832948310686, 0.7098754649733957, -0.9300213407629725, 0.4139590813693557]",29.960852620196942,3.256796008230477
"[0.0580368691467359, 0.709891041129015, -0.9300224328419247, 0.41393105098122174]",29.960876455146668,3.256858840711874
"[0.05801389752651926, 0.7099066271159251, -0.9300235224673896, 0.41390300516783474]",29.960900263880134,3.2569216731932706
"[0.057990924987745364, 0.7099222182573551, -0.9300246093089354, 0.41387495234792787]",29.960924061190294,3.2569845056746667
"[0.057967945562847865, 0.7099378186079945, -0.9300256936459239, 0.4138468852290807]",29.9609478293386,3.257047338156064
"[0.057944958865042674, 0.7099534284369002, -0.9300267754924619, 0.41381880333127175]",29.96097157255072,3.25711017063746
"[0.057921969644588775, 0.7099690445234484, -0.9300278546216418, 0.41379071245176674]",29.960995296751992,3.2571730031188566
"[0.05789897461484123, 0.7099846691049465, -0.9300289311846672, 0.41376260856919145]",29.961019001764367,3.2572358356002535
"[0.05787597272081903, 0.7100003029042824, -0.9300300052270469, 0.4137344903871293]",29.9610426805897,3.25729866808165
"[0.057852966351581596, 0.7100159443033356, -0.9300310766335895, 0.4137063608194948]",29.961066338175208,3.2573615005630465
"[0.057829955390564076, 0.71003159338635, -0.9300321454065035, 0.4136782197180937]",29.961089973009987,3.2574243330444435
"[0.057806937630211545, 0.7100472516603098, -0.9300332116446657, 0.4136500643766387]",29.961113584575763,3.25748716552584
"[0.05778391659527603, 0.7100629167327395, -0.9300342751813874, 0.41362189910053787]",29.96113717858719,3.2575499980072364
"[0.05776089157544852, 0.7100785890914504, -0.9300353360465903, 0.4135937230157719]",29.96116075228274,3.2576128304886334
"[0.057737857787838076, 0.7100942719981129, -0.9300363944567235, 0.41356553026232107]",29.961184292347664,3.25767566297003
"[0.057714818411491835, 0.7101099632948223, -0.9300374502614867, 0.41353732472351284]",29.961207812322094,3.257738495451426
"[0.057691776713815375, 0.710125660760946, -0.9300385033081225, 0.41350911039415417]",29.96123131778741,3.2578013279328233
"[0.057668728085150035, 0.7101413675419649, -0.9300395538040224, 0.4134808816239817]",29.961254795250507,3.2578641604142193
"[0.05764567250988667, 0.7101570836549914, -0.9300406017457518, 0.41345263838630136]",29.961278247841452,3.257926992895616
"[0.0576226152101782, 0.7101728055452076, -0.9300416468927721, 0.41342438707271856]",29.961301685961878,3.2579898253770128
"[0.05759955024600107, 0.7101885372680323, -0.9300426895110205, 0.41339612039927837]",29.96132509333463,3.2580526578584093
"[0.05757648034690529, 0.710204276967858, -0.9300437294731929, 0.4133678417040086]",29.96134848338323,3.258115490339806
"[0.057553404754663064, 0.710220025167524, -0.9300447668099161, 0.41333955005114215]",29.961371848941937,3.2581783228212027
"[0.05753032492952106, 0.7102357808757899, -0.9300458014521208, 0.4133112472249298]",29.961395190908917,3.258241155302599
"[0.05750723663071958, 0.7102515469938261, -0.9300468335859644, 0.4132829280177553]",29.961418506797813,3.258303987783996
"[0.057484148858882554, 0.7102673173801886, -0.9300478628060247, 0.4132546034641189]",29.96144181201142,3.2583668202653926
"[0.05746105143856463, 0.710283098990441, -0.9300488895626228, 0.41322626107479404]",29.961465085123972,3.258429652746789
"[0.05743794988278697, 0.7102988880642475, -0.9300499136065227, 0.4131979076070987]",29.961488339858903,3.258492485228186
"[0.05741484243428936, 0.7103146858080152, -0.9300509350121574, 0.4131695408981333]",29.961511565577545,3.2585553177095825
"[0.05739172977956729, 0.710330491758124, -0.9300519537455142, 0.4131411617840713]",29.961534774727784,3.2586181501909786
"[0.057368613592045266, 0.710346304775183, -0.9300529697296073, 0.41311277231399246]",29.96155796189372,3.258680982672376
"[0.05734548737611473, 0.7103621293090905, -0.930053983245786, 0.41308436450296304]",29.96158111597153,3.258743815153772
"[0.057322359821886305, 0.7103779594192923, -0.9300549939094732, 0.4130559490190612]",29.961604257109016,3.2588066476351685
"[0.057299224889105986, 0.710393799245176, -0.9300560019813919, 0.4130275184353169]",29.961627372746925,3.2588694801165654
"[0.05727608596193171, 0.7104096464755317, -0.930057007310344, 0.4129990769038254]",29.96165046575803,3.258932312597962
"[0.05725294170968393, 0.710425502026916, -0.9300580099507904, 0.4129706227830572]",29.9616735379293,3.2589951450793584
"[0.0572297911966669, 0.7104413665462547, -0.9300590099394794, 0.4129421549158429]",29.96169658167999,3.2590579775607553
"[0.05720663518174892, 0.7104572395194751, -0.9300600072398091, 0.4129136742284752]",29.96171960697707,3.259120810042152
"[0.057183473918468515, 0.7104731207784447, -0.9300610018372224, 0.4128851810263069]",29.961742607832566,3.2591836425235483
"[0.0571603065104861, 0.7104890109436307, -0.9300619937664492, 0.41285667419990857]",29.96176558141997,3.2592464750049452
"[0.05713713698048629, 0.7105049072608556, -0.9300629828520836, 0.41282815869355516]",29.96178854210353,3.2593093074863417
"[0.05711395930403572, 0.7105208138689411, -0.930063969347747, 0.4127996270864615]",29.96181147142826,3.259372139967738
"[0.05709077599843559, 0.7105367290468941, -0.9300649531420709, 0.4127710824697145]",29.96183437831661,3.259434972449135
"[0.05706758678390388, 0.7105526529927189, -0.9300659342431233, 0.4127425244920025]",29.961857259875618,3.259497804930531
"[0.05704439423290965, 0.71056858394515, -0.9300669125386942, 0.4127139563154424]",29.9618801268625,3.2595606374119277
"[0.05702119441187536, 0.7105845246118221, -0.9300678881910728, 0.41268537308825054]",29.9619029632624,3.259623469893325
"[0.056997990051263124, 0.7106004731226621, -0.9300688610815631, 0.41265677816752605]",29.96192577865217,3.259686302374721
"[0.056974780123763065, 0.7106164301892685, -0.930069831249689, 0.4126281702810203]",29.961948572367472,3.2597491348561176
"[0.0569515654185868, 0.7106323952746703, -0.9300707986588574, 0.41259955039508095]",29.96197134432555,3.2598119673375145
"[0.05692834452984441, 0.7106483693514772, -0.930071763363952, 0.41257091676988544]",29.96199409148234,3.259874799818911
"[0.056905116920423826, 0.7106643527955743, -0.930072725383193, 0.41254226873571176]",29.962016809167093,3.2599376323003075
"[0.05688188395607272, 0.7106803446733303, -0.9300736846560662, 0.4125136079699052]",29.962039505711992,3.2600004647817045
"[0.05685864811492668, 0.710696343283973, -0.9300746410770373, 0.412484937523959]",29.96206218523699,3.260063297263101
"[0.05683540553584008, 0.7107123512913925, -0.9300755948015772, 0.4124562526275641]",29.962084836471142,3.2601261297444974
"[0.056812155903423284, 0.7107283689195173, -0.9300765458383409, 0.4124275528836787]",29.96210746211788,3.2601889622258944
"[0.0567889052755809, 0.7107443919997579, -0.9300774939363406, 0.41239884576474894]",29.962130074270476,3.260251794707291
"[0.05676564406203616, 0.7107604271472406, -0.9300784394827792, 0.4123701194229192]",29.962152652521308,3.260314627188688
"[0.05674237715465222, 0.7107764709972489, -0.9300793822740298, 0.41234137989056346]",29.96217520668045,3.2603774596700843
"[0.05671910946275631, 0.7107925201689598, -0.9300803221082861, 0.4123126332268659]",29.962197746600427,3.2604402921514803
"[0.056695832260515625, 0.7108085806868074, -0.9300812593343638, 0.4122838686447987]",29.962220255288525,3.2605031246328777
"[0.056672550773474384, 0.7108246489520691, -0.9300821937375563, 0.41225509259395393]",29.962242740842395,3.2605659571142738
"[0.05664926396923827, 0.7108407256827264, -0.9300831253557966, 0.4122263037921168]",29.96226520747125,3.2606287895956703
"[0.05662597263710378, 0.7108568103393988, -0.9300840541539552, 0.41219750320879683]",29.96228765021577,3.260691622077067
"[0.05660267619346777, 0.7108729033305912, -0.9300849801517866, 0.4121686901161482]",29.962310066835776,3.2607544545584637
"[0.05657937139523651, 0.7108890069032715, -0.9300859034739368, 0.4121398604953765]",29.96233245577538,3.26081728703986
"[0.05655606340154785, 0.710905117498567, -0.930086823912108, 0.41211102072171135]",29.962354830782218,3.260880119521257
"[0.05653274790354213, 0.7109212381006051, -0.9300877416327242, 0.41208216545701426]",29.96237717551761,3.2609429520026536
"[0.05650942676705991, 0.7109373674259101, -0.9300886565581312, 0.4120532970028278]",29.96239949049742,3.26100578448405
"[0.056486101756387325, 0.7109535042597391, -0.9300895686156005, 0.41202441753692165]",29.96242179057264,3.261068616965447
"[0.05646277082990153, 0.7109696500200987, -0.9300904778813942, 0.4119955245252004]",29.962444067283954,3.2611314494468435
"[0.056439433607253335, 0.7109858049765229, -0.9300913843662911, 0.4119666174893685]",29.962466315861935,3.2611942819282396
"[0.056416091342630766, 0.7110019682668679, -0.9300922880176958, 0.41193769797601754]",29.962488542768973,3.261257114409637
"[0.056392742361938045, 0.7110181410565494, -0.9300931888964532, 0.4119087639039522]",29.962510740196016,3.261319946891033
"[0.056369390397992436, 0.71103432076557, -0.9300940868549717, 0.41187981989259703]",29.962532921927632,3.2613827793724295
"[0.05634603156981865, 0.7110505100885248, -0.9300949820388866, 0.4118508611252569]",29.962555075942525,3.2614456118538264
"[0.05632266800108448, 0.7110667075597258, -0.9300958743628654, 0.41182189022765703]",29.96257721014662,3.261508444335223
"[0.056299297574969064, 0.7110829146528896, -0.9300967639038061, 0.41179290456786755]",29.962599315257332,3.2615712768166194
"[0.05627592244086044, 0.7110991298836127, -0.9300976505759486, 0.41176390680464836]",29.9626213980863,3.2616341092980163
"[0.056252538778142354, 0.7111153559089265, -0.9300985345199408, 0.4117348921906518]",29.962643450962066,3.261696941779413
"[0.056229152951808074, 0.7111315883180843, -0.9300994154913729, 0.41170586861683117]",29.962665488946282,3.2617597742608093
"[0.05620576027024903, 0.7111478303728886, -0.93010029366356, 0.41167683025460633]",29.962687498425286,3.2618226067422063
"[0.056182361267240584, 0.7111640817095081, -0.9301011690121499, 0.41164777775874206]",29.962709480728126,3.2618854392236027
"[0.05615895767034198, 0.7111803411340718, -0.930102041468684, 0.4116187132673939]",29.962731443978676,3.261948271704999
"[0.05613554764149024, 0.7111966099296074, -0.9301029110978097, 0.41158963449101055]",29.962753378953593,3.262011104186396
"[0.056112133547657185, 0.7112128864570496, -0.9301037778078404, 0.41156054436307016]",29.962775294330605,3.262073936667792
"[0.056088710602232465, 0.711229174050485, -0.9301046417717183, 0.41153143692895633]",29.962797177330348,3.2621367691491887
"[0.0560652852692312, 0.7112454682212075, -0.930105502747077, 0.411502320214387]",29.962819044241133,3.2621996016305856
"[0.05604185321371146, 0.7112617719899363, -0.9301063608897534, 0.41147318882511813]",29.962840884423326,3.262262434111982
"[0.05601841661296032, 0.7112780838479127, -0.9301072161160601, 0.41144404546097335]",29.962862704602568,3.2623252665933786
"[0.055994973901971515, 0.7112944048903254, -0.9301080684792978, 0.41141488816911487]",29.96288449472642,3.2623880990747756
"[0.05597152367347008, 0.7113107361038499, -0.9301089180262183, 0.4113857151912253]",29.96290625870071,3.262450931556172
"[0.055948069544374465, 0.7113270749758065, -0.9301097646218109, 0.4113565310197965]",29.962928001593276,3.2625137640375685
"[0.055924609241267347, 0.7113434230957224, -0.9301106083444236, 0.4113273328194422]",29.96294972121885,3.2625765965189655
"[0.05590114312031691, 0.7113597802218202, -0.9301114491771447, 0.41129812102609825]",29.96297141428632,3.262639429000362
"[0.0558776713186463, 0.7113761462647837, -0.9301122871110534, 0.4112688958033091]",29.962993081197858,3.262702261481759
"[0.05585419278595414, 0.7113925219634929, -0.9301131221794603, 0.4112396558358174]",29.963014722983797,3.2627650939631554
"[0.055830709978508634, 0.7114089056109038, -0.9301139542910752, 0.41121040417565174]",29.963036343362106,3.2628279264445514
"[0.0558072222860825, 0.7114252976382999, -0.9301147834639699, 0.41118114005646317]",29.963057940945095,3.262890758925949
"[0.05578372775408522, 0.7114416994161459, -0.9301156097630788, 0.411151861035698]",29.96307950919532,3.262953591407345
"[0.05576022704280764, 0.7114581104902682, -0.9301164331608497, 0.4111225679284107]",29.963101055859696,3.2630164238887414
"[0.055736722388709824, 0.7114745293047671, -0.930117253575162, 0.41109326351566644]",29.963122577077122,3.2630792563701383
"[0.05571320794527773, 0.7114909599506634, -0.9301180712056024, 0.41106394050021294]",29.96314406978595,3.263142088851535
"[0.0556896934905276, 0.7115073956013616, -0.9301188857084776, 0.4110346110689544]",29.963165544784157,3.2632049213329313
"[0.05566616827123969, 0.7115238437790501, -0.9301196974523501, 0.41100526180251706]",29.963186986668322,3.263267753814328
"[0.05564264049494867, 0.7115402987521303, -0.9301205061496176, 0.4109759029324224]",29.963208409300577,3.2633305862957247
"[0.05561910481745621, 0.7115567642642769, -0.9301213119801178, 0.41094652778315705]",29.96322980294178,3.263393418777121
"[0.0555955662632051, 0.7115732368065304, -0.9301221147679025, 0.41091714261883217]",29.96325118025695,3.263456251258518
"[0.055572020292016105, 0.7115897195621229, -0.9301229146639955, 0.4108877417648201]",29.96327252721045,3.2635190837399146
"[0.055548465684056164, 0.7116062133927846, -0.9301237117048573, 0.41085832368885916]",29.963293843414945,3.2635819162213107
"[0.055524908541322804, 0.711622714031933, -0.9301245056800019, 0.410828896004799]",29.96331514047688,3.263644748702708
"[0.05550134665616726, 0.7116392230309401, -0.930125296660609, 0.41079945594930944]",29.963336413906525,3.2637075811841045
"[0.05547777695978115, 0.711655742546753, -0.9301260847453996, 0.4107699996802626]",29.96335766187902,3.2637704136655006
"[0.05545420154520458, 0.7116722711194122, -0.930126869859912, 0.41074052980537046]",29.963378882340038,3.263833246146898
"[0.055430622944512765, 0.7116888069792945, -0.9301276519162409, 0.4107110494835365]",29.96340008094761,3.263896078628294
"[0.055407034317284984, 0.7117053549305886, -0.9301284311368344, 0.4106815501542012]",29.96342124916956,3.2639589111096905
"[0.055383441171579936, 0.7117219111166608, -0.9301292073350294, 0.4106520386970514]",29.963442391917834,3.2640217435910874
"[0.05535984518732321, 0.7117384743637319, -0.9301299804522898, 0.4106225172078219]",29.96346351958149,3.264084576072484
"[0.05533624159275433, 0.7117550480274404, -0.9301307506410657, 0.4105929797095705]",29.963484614746758,3.2641474085538804
"[0.055312630032242016, 0.7117716323652565, -0.9301315179080228, 0.41056342574825183]",29.96350568096845,3.2642102410352773
"[0.05528901624121616, 0.7117882233547229, -0.9301322820629403, 0.4105338624959834]",29.963526728006727,3.264273073516674
"[0.055265392889742304, 0.711804826152385, -0.9301330433388356, 0.4105042807686013]",29.963547745016378,3.2643359059980703
"[0.05524176512135451, 0.7118214371505666, -0.9301338015653255, 0.41047468699859]",29.963568739809602,3.2643987384794673
"[0.0552181348863854, 0.7118380549831018, -0.9301345566766278, 0.4104450836232974]",29.963589711865513,3.2644615709608638
"[0.055194496901573666, 0.7118546833714575, -0.9301353088377029, 0.41041546401717843]",29.963610657748422,3.26452440344226
"[0.055170852679675024, 0.7118713212587665, -0.930136057995767, 0.4103858300673882]",29.963631577929807,3.264587235923657
"[0.05514719914888628, 0.7118879708143948, -0.9301368042431795, 0.41035617791489587]",29.963652462549494,3.2646500684050532
"[0.05512354334452217, 0.7119046270927304, -0.9301375473538287, 0.4103265163718141]",29.96367333213547,3.2647129008864497
"[0.05509987958214793, 0.7119212941023549, -0.9301382875023765, 0.41029683830365504]",29.963694169730513,3.2647757333678467
"[0.055076212138161565, 0.7119379688378341, -0.9301390245508856, 0.4102671490662548]",29.96371498580669,3.264838565849243
"[0.05505253935019038, 0.7119546524760951, -0.9301397585474686, 0.41023744656790334]",29.96373578068266,3.26490139833064
"[0.05502886027855404, 0.7119713456859524, -0.9301404895170686, 0.4102077296221157]",29.96375654668078,3.2649642308120366
"[0.055005174178977184, 0.7119880489992316, -0.9301412174781195, 0.41017799728666254]",29.963777284895865,3.265027063293433
"[0.05498148150259081, 0.7120047621050254, -0.9301419424121498, 0.41014825011953415]",29.963797996575206,3.26508989577483
"[0.054957785140901064, 0.7120214829697666, -0.930142664226764, 0.41011849174423326]",29.96381868436201,3.2651527282562265
"[0.054934079348791735, 0.7120382156544705, -0.9301433830924457, 0.41008871493781135]",29.963839343583665,3.265215560737623
"[0.05491037389834585, 0.7120549532673143, -0.9301440987091641, 0.41005893196851695]",29.963859985650927,3.26527839321902
"[0.054886656582129004, 0.7120717044341162, -0.9301448114412431, 0.41002912749177434]",29.963880594143962,3.2653412257004164
"[0.05486293550553738, 0.712088463438099, -0.9301455210400575, 0.40999931168407755]",29.963901178050975,3.2654040581818125
"[0.054839208997698584, 0.7121052314655772, -0.9301462275518594, 0.4099694824387378]",29.96392174012922,3.26546689066321
"[0.054815475761818874, 0.7121220094398242, -0.9301469310109229, 0.4099396381176716]",29.963942269481553,3.265529723144606
"[0.054791735369964054, 0.7121387976707504, -0.9301476314252283, 0.4099097781742735]",29.963962775493975,3.2655925556260024
"[0.054767991144715575, 0.7121555938152021, -0.9301483286926383, 0.4098799067803116]",29.963983255133083,3.2656553881073993
"[0.05474424113175958, 0.712172399261623, -0.9301490228667059, 0.4098500214704473]",29.964003711653476,3.265718220588796
"[0.05472048320816824, 0.7121892155195393, -0.9301497140048007, 0.40982011956491465]",29.96402413891347,3.2657810530701923
"[0.05469672039342745, 0.7122060404587619, -0.9301504020145882, 0.4097902048560117]",29.964044537454647,3.265843885551589
"[0.05467295323425269, 0.7122228736980984, -0.9301510868764659, 0.4097602780254126]",29.96406491906063,3.2659067180329857
"[0.0546491798915329, 0.7122397165464334, -0.9301517686393924, 0.4097303367502555]",29.964085272942064,3.265969550514382
"[0.05462539650200089, 0.7122565717490167, -0.9301524474089327, 0.40970037615543486]",29.964105588566383,3.266032382995779
"[0.05460161248273193, 0.7122734326383975, -0.9301531229122459, 0.4096704080966989]",29.964125895887662,3.2660952154771756
"[0.05457781818596091, 0.7122903060605114, -0.9301537954192126, 0.4096404204104864]",29.964146161767623,3.2661580479585717
"[0.05455402019808956, 0.7123071873521926, -0.9301544647389065, 0.4096104213889664]",29.964166408011103,3.266220880439969
"[0.05453021578562421, 0.7123240784586936, -0.9301551309442322, 0.4095804075793986]",29.96418662970221,3.266283712921365
"[0.05450640466625544, 0.712340979587572, -0.9301557940384811, 0.4095503786175703]",29.964206817433066,3.2663465454027616
"[0.054482588164214786, 0.7123578898057874, -0.9301564539803805, 0.409520336165681]",29.96422698496284,3.2664093778841585
"[0.05445876658724389, 0.7123748089012022, -0.9301571107573412, 0.4094902806047699]",29.96424712873504,3.266472210365555
"[0.05443493711980252, 0.7123917388807377, -0.9301577644424008, 0.4094602083742682]",29.964267238800485,3.2665350428469515
"[0.05441110380435927, 0.7124086768791711, -0.93015841492033, 0.4094301245679714]",29.9642873270748,3.2665978753283484
"[0.05438726372396471, 0.7124256249759755, -0.9301590622666328, 0.40940002549669857]",29.964307388997963,3.266660707809745
"[0.05436341659038713, 0.7124425833835711, -0.9301597064843544, 0.4093699107879437]",29.964327421611607,3.2667235402911414
"[0.054339562390443595, 0.71245955211896, -0.9301603475690005, 0.40933978041631647]",29.96434742608034,3.2667863727725384
"[0.05431570492689609, 0.7124765284834061, -0.9301609854143087, 0.4093096391779678]",29.96436741271172,3.266849205253935
"[0.05429183963444932, 0.7124935157320863, -0.9301616201381089, 0.40927948129768893]",29.964387364759826,3.266912037735331
"[0.05426796941421612, 0.712510511807194, -0.9301622516586617, 0.40924931043334195]",29.964407290984582,3.2669748702167283
"[0.05424409276465314, 0.7125275177845916, -0.9301628800114017, 0.40921912467944765]",29.964427195396098,3.2670377026981243
"[0.054220208065199386, 0.7125445348262995, -0.9301635052340246, 0.4091889219782979]",29.96444706405954,3.2671005351795217
"[0.05419632034158766, 0.7125615593583116, -0.9301641271907304, 0.40915870867754]",29.964466916103962,3.2671633676609177
"[0.054172424704330556, 0.7125785948719298, -0.930164746004608, 0.40912847858548584]",29.964486735253388,3.2672262001423142
"[0.05414852614268549, 0.7125956378168404, -0.9301653615422502, 0.4090982380065772]",29.9645065339003,3.2672890326237116
"[0.054124618341282224, 0.7126126927038144, -0.9301659739618321, 0.40906797894153385]",29.964526300583703,3.2673518651051077
"[0.054100704168415815, 0.7126297574949324, -0.9301665831846625, 0.40903770501117415]",29.964546036665748,3.267414697586504
"[0.05407678637695881, 0.7126468302321208, -0.9301671891365727, 0.4090074196933974]",29.964565757219496,3.267477530067901
"[0.05405285918617736, 0.7126639150490773, -0.9301677919593353, 0.4089771156601201]",29.964585439385136,3.2675403625492976
"[0.054028928904863306, 0.7126810074482993, -0.9301683914894331, 0.4089468008933402]",29.96460510222379,3.267603195030694
"[0.054004990081386046, 0.7126981113305719, -0.930168987859045, 0.4089164684791549]",29.964624731667335,3.267666027512091
"[0.05398104647304168, 0.7127152240188553, -0.9301695809698087, 0.40888612316983614]",29.964644337846615,3.2677288599934875
"[0.05395709723488577, 0.7127323461235552, -0.9301701708385017, 0.408855763887235]",29.964663915766025,3.2677916924748835
"[0.05393313846046521, 0.7127494804456502, -0.9301707575561776, 0.4088253856699975]",29.964683461289457,3.267854524956281
"[0.05390917968990772, 0.7127666201686687, -0.9301713408852392, 0.40879500060747553]",29.96470299287234,3.2679173574376774
"[0.053885210076656996, 0.7127837730587459, -0.9301719210855134, 0.40876459493632]",29.96472248675589,3.2679801899190735
"[0.0538612344612891, 0.7128009356606418, -0.9301724980342952, 0.40873417478676244]",29.96474195450963,3.268043022400471
"[0.05383725338278594, 0.7128181075954417, -0.9301730717142173, 0.4087037408348813]",29.96476139538312,3.268105854881867
"[0.053813267077373744, 0.7128352887006532, -0.9301736421153884, 0.4086732933730039]",29.9647808126578,3.2681686873632634
"[0.053789275198256006, 0.7128524792313795, -0.93017420924179, 0.40864283195341033]",29.964800202286234,3.2682315198446603
"[0.053765273162403884, 0.7128696824798126, -0.9301747731964342, 0.4086123507475892]",29.96481955716895,3.268294352326057
"[0.05374126852922982, 0.7128868930351941, -0.93017533379701, 0.4085818593471879]",29.964838891943796,3.2683571848074533
"[0.053717257990539675, 0.712904113275335, -0.9301758911169865, 0.40855135354349487]",29.964858199781517,3.2684200172888502
"[0.05369324063281113, 0.7129213438627986, -0.9301764451728699, 0.4085208321674891]",29.964877479203757,3.2684828497702467
"[0.05366921716523535, 0.7129385842962629, -0.9301769959435536, 0.40849029611194365]",29.964896729352034,3.268545682251643
"[0.05364518467473255, 0.7129558366745277, -0.9301775434906001, 0.4084597416646302]",29.96491594664772,3.26860851473304
"[0.053621148915558255, 0.7129730968740096, -0.930178087678287, 0.40842917613318863]",29.964935145248266,3.2686713472144366
"[0.05359710681176493, 0.712990367109926, -0.9301786285722019, 0.4083985955989641]",29.964954314008203,3.2687341796958327
"[0.05357305669077588, 0.7130076485917343, -0.9301791662049013, 0.4083679979253868]",29.964973452611353,3.26879701217723
"[0.053549002743093106, 0.7130249383154466, -0.9301797004781656, 0.4083373884357578]",29.964992567267576,3.268859844658626
"[0.05352494101724305, 0.7130422391284038, -0.9301802314752701, 0.4083067620937429]",29.965011651176717,3.2689226771400226
"[0.053500872977899724, 0.7130595499854119, -0.9301807591588559, 0.4082761207545728]",29.96503070746435,3.2689855096214195
"[0.05347679939476022, 0.7130768703400364, -0.9301812835074909, 0.40824546539008594]",29.965049737076523,3.269048342102816
"[0.053452718406394505, 0.7130942015390882, -0.9301818045569185, 0.4082147936213703]",29.96506873646602,3.2691111745842125
"[0.053428634484831816, 0.7131115403706924, -0.9301823222061342, 0.4081841111369831]",29.965087716026858,3.2691740070656095
"[0.05340454124903169, 0.7131288914361072, -0.9301828365876311, 0.408153409799321]",29.96510666067267,3.269236839547006
"[0.05338044138328024, 0.7131462528108227, -0.9301833476386376, 0.40812269301900483]",29.965125575196748,3.269299672028403
"[0.0533563379710376, 0.7131636222801698, -0.9301838552895462, 0.40809196471871007]",29.965144469321952,3.2693625045097994
"[0.05333222474016343, 0.7131810043717411, -0.9301843596675399, 0.4080612168935946]",29.96516332572522,3.269425336991196
"[0.053308107779158106, 0.7131983947044387, -0.9301848606403025, 0.4080304572984974]",29.965182164625556,3.269488169472593
"[0.05328398340281859, 0.7132157959425961, -0.93018535827994, 0.4079996812253474]",29.96520096889379,3.2695510019539893
"[0.053259852645867106, 0.7132332073477751, -0.9301858525600799, 0.40796888998516545]",29.965219745885314,3.2696138344353853
"[0.053235716786159626, 0.713250628005075, -0.9301863434500175, 0.4079380852005181]",29.9652384955912,3.2696766669167827
"[0.05321157463685409, 0.7132680587782347, -0.9301868309693768, 0.40790726534866106]",29.9652572206324,3.2697394993981788
"[0.05318742273427353, 0.7132855021767789, -0.9301873151825683, 0.40787642599785257]",29.965275906677284,3.2698023318795753
"[0.05316326837215416, 0.7133029529403073, -0.9301877959386583, 0.4078455764530595]",29.965294576467027,3.269865164360972
"[0.053139107471390605, 0.7133204140221487, -0.9301882733148245, 0.40781471149756815]",29.96531321455718,3.2699279968423687
"[0.05311493763028214, 0.7133378871665739, -0.9301887473530925, 0.4077838280534711]",29.965331820793644,3.269990829323765
"[0.05309076301323756, 0.7133553693709573, -0.9301892179667378, 0.40775293143288543]",29.96535040023753,3.270053661805162
"[0.053066583125567696, 0.7133728609997316, -0.9301896851611369, 0.40772202099613974]",29.965368955059006,3.2701164942865586
"[0.05304239370493606, 0.7133903651446108, -0.930190149013346, 0.4076910912849332]",29.965387470802916,3.270179326767955
"[0.053018201378411685, 0.7134078770176037, -0.9301906093914983, 0.40766015076444445]",29.96540597013678,3.270242159249352
"[0.05299399808779276, 0.7134254024597751, -0.9301910664438352, 0.4076291891195869]",29.965424430039487,3.2703049917307485
"[0.05296979388605679, 0.7134429341991964, -0.9301915199758427, 0.40759821920218914]",29.965442874305634,3.2703678242121446
"[0.052945582006033214, 0.7134604771437302, -0.930191970110362, 0.4075672323466505]",29.965461285021615,3.270430656693542
"[0.05292136262555788, 0.7134780311730615, -0.9301924168386774, 0.4075362287708259]",29.965479666630262,3.270493489174938
"[0.052897136391139465, 0.7134955958268633, -0.9301928601436281, 0.40750520929293366]",29.965498017423084,3.2705563216563345
"[0.05287290343951403, 0.7135131710139947, -0.9301933000176427, 0.40747417407899755]",29.96551633819768,3.2706191541377314
"[0.05284866469312253, 0.7135307560730778, -0.9301937364391348, 0.4074431243017975]",29.96553463094643,3.270681986619128
"[0.052824421448191425, 0.7135483500705733, -0.9301941693804063, 0.40741206161417365]",29.96555290153533,3.2707448191005244
"[0.05280016999584417, 0.7135659557058331, -0.9301945989027961, 0.4073809812552742]",29.96557113792421,3.2708076515819213
"[0.05277591071675677, 0.7135835727114026, -0.9301950249939246, 0.4073498837027855]",29.96558934499343,3.270870484063318
"[0.05275164576043245, 0.7136011995343373, -0.9301954476109554, 0.4073187717030496]",29.965607520474542,3.2709333165447143
"[0.052727376205227224, 0.7136188353981795, -0.93019586673073, 0.4072876466310617]",29.96562567547683,3.2709961490261112
"[0.05270309973164567, 0.7136364819957657, -0.9301962823886485, 0.40725650550392195]",29.96564379937565,3.2710589815075077
"[0.05267881474118383, 0.7136541404977805, -0.9301966946065522, 0.4072253462611601]",29.96566188811418,3.271121813988904
"[0.05265452599904725, 0.7136718074468911, -0.9301971032987213, 0.4071941750082902]",29.965679954872005,3.271184646470301
"[0.052630229395092556, 0.7136894858401004, -0.9301975085296224, 0.40716298646223104]",29.965697989697944,3.271247478951697
"[0.05260592591872012, 0.7137071749660266, -0.9301979102773608, 0.4071317818833595]",29.96571599288508,3.2713103114330937
"[0.0525816154559613, 0.7137248749158345, -0.9301983085386167, 0.4071005611160495]",29.96573396828363,3.2713731439144906
"[0.05255729980426454, 0.713742584388466, -0.9301987032791084, 0.40706932646012184]",29.965751914170212,3.271435976395887
"[0.05253297665604733, 0.7137603050723879, -0.930199094531343, 0.4070380749425796]",29.96576983287028,3.2714988088772836
"[0.05250864864213772, 0.7137780350586159, -0.930199482248113, 0.40700680993497695]",29.96578772379085,3.2715616413586805
"[0.05248431264723058, 0.7137957766254445, -0.9301998664740657, 0.4069755274248138]",29.965805582081966,3.271624473840077
"[0.05245997333213637, 0.7138135263823765, -0.9302002471309516, 0.40694423339508967]",29.96582341771862,3.271687306321474
"[0.052435621025774405, 0.7138312913913188, -0.9302006243642343, 0.40691291540085645]",29.965841211605927,3.2717501388028705
"[0.05241126943721806, 0.7138490616592191, -0.93020099795666, 0.4068815910638512]",29.96585899173141,3.271812971284267
"[0.05238690608420532, 0.7138668463021447, -0.930201368095104, 0.40685024431956807]",29.965876726938955,3.271875803765664
"[0.05236253816411271, 0.7138846400753753, -0.9302017346644091, 0.40681888441791086]",29.965894443448267,3.2719386362470604
"[0.05233816373614137, 0.713902444403429, -0.9302020976891305, 0.40678750885305204]",29.9659121254073,3.2720014687284564
"[0.05231378128151276, 0.7139202604042644, -0.9302024571864664, 0.40675611566026204]",29.96592977638126,3.272064301209854
"[0.052289393250731044, 0.7139380862955673, -0.9302028131150674, 0.4067247079853435]",29.96594740128463,3.2721271336912503
"[0.05226499727572462, 0.7139559238164513, -0.9302031655042877, 0.4066932827693452]",29.965964993003652,3.2721899661726463
"[0.05224059660821353, 0.7139737705972865, -0.9302035143021419, 0.4066618441920218]",29.965982559130577,3.2722527986540437
"[0.05221618872550263, 0.7139916284908512, -0.930203859539837, 0.40663038899448684]",29.966000092170525,3.2723156311354398
"[0.05219177667502605, 0.7140094952749949, -0.9302042011695242, 0.40659892109572204]",29.966017602746817,3.2723784636168363
"[0.052167354080721325, 0.7140273756249449, -0.9302045392749334, 0.4065674322669348]",29.96603507315376,3.272441296098233
"[0.05214292629104242, 0.7140452656340471, -0.9302048737762829, 0.4065359293937317]",29.966052518800574,3.2725041285796297
"[0.052118492715850014, 0.7140631657418699, -0.9302052046769833, 0.4065044117068612]",29.96606993364452,3.272566961061026
"[0.052094052650796634, 0.7140810764722663, -0.9302055319816067, 0.4064728782889814]",29.966087322697476,3.272629793542423
"[0.05206960524775002, 0.714098998455201, -0.9302058556961857, 0.40644132803630967]",29.9661046770544,3.2726926260238196
"[0.05204515065501403, 0.7141169315906337, -0.9302061758132673, 0.40640976113041766]",29.96612200242098,3.272755458505216
"[0.052020693140604056, 0.7141348727558224, -0.9302064922724871, 0.40637818307278867]",29.966139304971815,3.272818290986613
"[0.05199622443726577, 0.7141528280238827, -0.9302068051754079, 0.40634658317959355]",29.96615656805961,3.2728811234680095
"[0.05197175062042104, 0.7141707929459881, -0.9302071144384267, 0.4063149692862289]",29.966173804937885,3.2729439559494056
"[0.05194726961321178, 0.7141887690545676, -0.9302074200827772, 0.40628333870107164]",29.96619100867917,3.273006788430803
"[0.05192278262915446, 0.7142067554667909, -0.9302077220880962, 0.4062516929827864]",29.96620818625041,3.273069620912199
"[0.051898288050339705, 0.7142247533794566, -0.9302080204690277, 0.4062200300310216]",29.96622532815759,3.2731324533935955
"[0.051873789216244755, 0.7142427603465961, -0.9302083151799669, 0.40618835415387955]",29.966242447902378,3.2731952858749924
"[0.05184928320056524, 0.7142607785267239, -0.9302086062512793, 0.40615666155928454]",29.966259534623795,3.273258118356389
"[0.051824767037153455, 0.7142788101105104, -0.9302088937120093, 0.4061249484000528]",29.96627658329359,3.2733209508377854
"[0.05180024411205941, 0.7142968526171771, -0.9302091775163553, 0.4060932190452363]",29.966293602836462,3.2733837833191823
"[0.05177571965696647, 0.7143149022040918, -0.9302094575996359, 0.4060614802568315]",29.966310605925088,3.273446615800579
"[0.051751184492646055, 0.7143329656349864, -0.9302097340616388, 0.4060297201464629]",29.966327564110273,3.2735094482819753
"[0.05172664464680147, 0.7143510384812415, -0.9302100068286742, 0.4059979465064792]",29.966344500323164,3.2735722807633723
"[0.051702096006766854, 0.7143691237801576, -0.9302102759411145, 0.4059661540024039]",29.966361399691863,3.2736351132447687
"[0.05167754179151032, 0.7143872191690624, -0.9302105413581228, 0.40593434679315826]",29.966378273363045,3.273697945726165
"[0.051652981113584656, 0.7144053253099089, -0.9302108030842691, 0.4059025237203022]",29.966395114180585,3.273760778207562
"[0.05162841612242675, 0.7144234406256211, -0.9302110610919108, 0.40587068756056055]",29.966411931670933,3.273823610688958
"[0.051603840472181306, 0.7144415698049521, -0.9302113154419915, 0.4058388300795066]",29.966428709120844,3.2738864431703556
"[0.051579257255637875, 0.714459710576627, -0.9302115660960353, 0.40580695527461424]",29.96644545318587,3.2739492756517516
"[0.051554668548624345, 0.7144778614171814, -0.9302118130275974, 0.40577506582805883]",29.966462170310034,3.274012108133148
"[0.05153007536536252, 0.7144960215851728, -0.9302120562219158, 0.40574316304724634]",29.966478860146733,3.274074940614545
"[0.05150547522653325, 0.714514192919167, -0.9302122956985908, 0.40571124370732226]",29.966495520318155,3.2741377730959416
"[0.05148086492022736, 0.7145323778015839, -0.9302125314826497, 0.405679303629486]",29.966512140095876,3.274200605577338
"[0.05145625040613358, 0.7145505718376152, -0.9302127635113829, 0.40564735053841405]",29.966528738538578,3.274263438058735
"[0.05143162907854724, 0.7145687769609512, -0.9302129918045122, 0.4056153810430606]",29.966545304198345,3.2743262705401315
"[0.051406999956627245, 0.7145869939058236, -0.9302132163654528, 0.40558339385971903]",29.96656183660315,3.274389103021528
"[0.05138236393462098, 0.7146052220198382, -0.9302134371803468, 0.40555139013960867]",29.966578335526602,3.274451935502925
"[0.0513577215134627, 0.7146234609408897, -0.9302136542393149, 0.40551937052391696]",29.966594808715662,3.2745147679843214
"[0.051333070523648286, 0.7146417122838803, -0.930213867555685, 0.4054873321833209]",29.966611242548062,3.2745776004657174
"[0.051308414646006766, 0.7146599733321771, -0.930214077092167, 0.40545527989205893]",29.966627652492896,3.274640432947115
"[0.05128375376006688, 0.7146782441823081, -0.930214282845168, 0.405423213485508]",29.966644034065297,3.274703265428511
"[0.05125908201123591, 0.7146965291813769, -0.930214484857522, 0.4053911253401853]",29.96666037481268,3.2747660979099074
"[0.051234405413893666, 0.7147148238814225, -0.9302146830740001, 0.40535902326768375]",29.966676689660776,3.2748289303913043
"[0.051209723295496286, 0.7147331287885642, -0.9302148774952593, 0.4053269063848206]",29.966692977436903,3.274891762872701
"[0.05118503120555517, 0.7147514472128267, -0.9302150681504118, 0.405294768889879]",29.96670922532155,3.2749545953540973
"[0.05116033543594407, 0.7147697744951823, -0.9302152549853521, 0.40526261896211563]",29.966725449412955,3.275017427835494
"[0.05113562994509948, 0.71478811512788, -0.9302154380403164, 0.40523044872668507]",29.966741634544665,3.2750802603168907
"[0.05111091936411618, 0.7148064656821378, -0.9302156172751825, 0.4051982642035953]",29.96675779420669,3.275143092798287
"[0.05108620120310958, 0.7148248280154103, -0.930215792702698, 0.40516606214049206]",29.96677392002953,3.275205925279684
"[0.05106147744556549, 0.7148432006628486, -0.9302159643033473, 0.40513384511177114]",29.966790016650783,3.2752687577610806
"[0.051036744667173124, 0.7148615861782864, -0.9302161320951143, 0.40510160864496947]",29.966806077638914,3.2753315902424767
"[0.05101200591729538, 0.71487998230425, -0.9302162960514329, 0.40506935670410305]",29.966822110174895,3.275394422723874
"[0.05098725943620521, 0.7148983903581505, -0.9302164561783842, 0.40503708698510393]",29.966838106371203,3.27545725520527
"[0.05096250715713379, 0.7149168089107206, -0.9302166124579105, 0.405004801999092]",29.966854074062976,3.2755200876866666
"[0.05093774562459679, 0.7149352405426185, -0.930216764905915, 0.4049724972284364]",29.966870005954114,3.2755829201680635
"[0.05091298159743728, 0.7149536802309444, -0.9302169134756444, 0.4049401814819361]",29.96688591417848,3.27564575264946
"[0.050888205839179634, 0.714972134862418, -0.9302170582167799, 0.4049078426962799]",29.966901782371323,3.2757085851308565
"[0.050863427381131456, 0.7149905977191009, -0.9302171990707706, 0.4048754926493625]",29.966917626943037,3.2757714176122534
"[0.050838636692391054, 0.7150090759120147, -0.930217336085884, 0.40484311888735847]",29.966933427866195,3.27583425009365
"[0.05081384232353519, 0.7150275630775926, -0.9302174692087078, 0.4048107325653065]",29.966949203762567,3.2758970825750464
"[0.05078904172157371, 0.7150460611269078, -0.9302175984482107, 0.40477833034027927]",29.96696494920746,3.2759599150564434
"[0.05076423396454106, 0.7150645707564627, -0.9302177238036269, 0.4047459109978588]",29.96698066410529,3.27602274753784
"[0.05073941822360693, 0.7150830925941722, -0.9302178452731555, 0.404713473444216]",29.96699634173284,3.2760855800192368
"[0.050714595484604746, 0.7151016259136974, -0.9302179628460079, 0.4046810189573343]",29.967011989509853,3.2761484125006333
"[0.0506897640647782, 0.7151201719811652, -0.9302180765240213, 0.4046485453261207]",29.967027600490766,3.2762112449820293
"[0.05066493048244105, 0.7151387259361011, -0.930218186272363, 0.40461606106628034]",29.96704318908709,3.2762740774634267
"[0.0506400846794723, 0.7151572953025148, -0.930218292129644, 0.4045835530106216]",29.967058735870825,3.276336909944823
"[0.05061523400507416, 0.7151758745980368, -0.9302183940580592, 0.40455103076310533]",29.967074252803947,3.2763997424262192
"[0.05059037754219633, 0.7151944645161696, -0.9302184920564025, 0.40451849311492744]",29.9670897418381,3.2764625749076166
"[0.050565512510640384, 0.7152130671454925, -0.9302185861297808, 0.4044859364163384]",29.967105193839874,3.2765254073890127
"[0.05054064055447558, 0.7152316812657454, -0.9302186762658387, 0.40445336280901883]",29.96712061603466,3.276588239870409
"[0.0505157591358126, 0.7152503087863731, -0.9302187624674192, 0.4044207689578207]",29.967135998844757,3.276651072351806
"[0.05049087390223684, 0.715268945488222, -0.9302188447093366, 0.4043881622509615]",29.967151354819624,3.2767139048332026
"[0.050465981754000966, 0.7152875937006724, -0.9302189229968196, 0.40435553861815493]",29.967166681619634,3.276776737314599
"[0.05044108058404316, 0.7153062550122107, -0.9302189973302256, 0.40432289528666826]",29.967181969937332,3.276839569795996
"[0.05041617410721963, 0.7153249266482264, -0.9302190676925731, 0.40429023711589485]",29.967197227816513,3.2769024022773925
"[0.050391258091783964, 0.7153436117907004, -0.9302191340897932, 0.40425755854630724]",29.96721244806865,3.276965234758789
"[0.050366335900546226, 0.715362307927691, -0.9302191965066855, 0.4042248639772422]",29.967227639154885,3.277028067240186
"[0.05034140689927616, 0.7153810155438657, -0.9302192549392473, 0.40419215256680807]",29.967242796201596,3.2770908997215824
"[0.05031647119261052, 0.715399734569798, -0.9302193093815073, 0.4041594244421764]",29.96725792647572,3.2771537322029785
"[0.05029152839992011, 0.7154184653004342, -0.9302193598284987, 0.4041266790934997]",29.967273018561865,3.277216564684376
"[0.05026657966405694, 0.7154372068864866, -0.930219406272288, 0.40409391801121114]",29.967288079927314,3.277279397165772
"[0.05024162059464762, 0.7154559626362134, -0.9302194487146341, 0.4040611354186708]",29.967303105245655,3.2773422296471684
"[0.05021665625475015, 0.7154747287548743, -0.9302194871406702, 0.40402833795479887]",29.967318095932814,3.2774050621285653
"[0.050191683771064165, 0.7154935074114962, -0.9302195215490809, 0.40399552183459]",29.967333057576415,3.277467894609962
"[0.05016670420065135, 0.7155122978210251, -0.9302195519322267, 0.40396268843609834]",29.967347984355033,3.2775307270913583
"[0.05014171795288051, 0.7155310996847989, -0.9302195782837732, 0.4039298382870685]",29.967362876249467,3.277593559572755
"[0.05011672449292077, 0.715549913414608, -0.9302196005984114, 0.4038969706739378]",29.967377736799982,3.2776563920541517
"[0.050091724283502156, 0.7155687386715119, -0.9302196188698298, 0.40386408619476744]",29.96739256823791,3.277719224535548
"[0.05006671678689984, 0.7155875758698385, -0.9302196330924978, 0.40383118413175173]",29.967407360525048,3.277782057016945
"[0.05004170233724321, 0.7156064247674107, -0.9302196432602443, 0.4037982649138902]",29.9674221233701,3.2778448894983416
"[0.05001668082227003, 0.7156252854582553, -0.9302196493671822, 0.40376532838293133]",29.967436852322994,3.2779077219797377
"[0.04999164788427099, 0.715644161238308, -0.9302196514073416, 0.4037323687900204]",29.967451537872876,3.277970554461135
"[0.0499666101773284, 0.7156630471004457, -0.9302196493737029, 0.403699394884661]",29.967466193813916,3.278033386942531
"[0.04994156793336766, 0.715681942877372, -0.9302196432614762, 0.4036664069640073]",29.967480828032002,3.2780962194239276
"[0.04991651457151626, 0.7157008535448468, -0.9302196330626932, 0.4036333963477828]",29.967495415264814,3.2781590519053245
"[0.04989145820600521, 0.7157197729876632, -0.9302196187746594, 0.40360037371676943]",29.967509977902683,3.278221884386721
"[0.04986639209059062, 0.7157387063087631, -0.9302196003878587, 0.40356733016988433]",29.967524504044672,3.278284716868118
"[0.04984131953074841, 0.7157576510217768, -0.9302195778981963, 0.403534270052938]",29.967538996667862,3.2783475493495144
"[0.04981623785402509, 0.715776609156139, -0.930219551296903, 0.4035011898307313]",29.967553451821587,3.278410381830911
"[0.04979114892187006, 0.7157955793153344, -0.9302195205793726, 0.40346809194656275]",29.9675678720153,3.278473214312308
"[0.04976605293761633, 0.715814561355296, -0.9302194857397734, 0.40343497665789413]",29.967582259628035,3.2785360467937044
"[0.04974095095215885, 0.7158335544903502, -0.9302194467737857, 0.4034018453412406]",29.96759661623305,3.278598879275101
"[0.04971584057987246, 0.7158525605352885, -0.9302194036715888, 0.40336869483704746]",29.967610936602824,3.278661711756498
"[0.04969072538896289, 0.7158715767986171, -0.9302193564334782, 0.40333552984574667]",29.967625228298278,3.2787245442378943
"[0.04966559949098942, 0.7158906077490474, -0.9302193050419655, 0.403302342580139]",29.967639479578963,3.2787873767192903
"[0.04964046881200577, 0.7159096489082498, -0.9302192495027629, 0.4032691408561705]",29.967653703415902,3.2788502092006877
"[0.0496153282650666, 0.7159287041404214, -0.9302191897984171, 0.40323591794213304]",29.967667882980635,3.2789130416820838
"[0.04959017948313006, 0.7159477722191278, -0.9302191259257319, 0.40320267598324183]",29.967682029598613,3.2789758741634802
"[0.04956502532725294, 0.715966850984591, -0.9302190578860051, 0.4031694187507332]",29.967696146776166,3.279038706644877
"[0.04953986431965142, 0.7159859415666457, -0.9302189856696051, 0.4031361442808922]",29.96771022583447,3.2791015391262737
"[0.049514696732906045, 0.7160050437679357, -0.9302189092713742, 0.403102852923716]",29.967724277069546,3.27916437160767
"[0.04948952056195996, 0.7160241591204588, -0.9302188286788486, 0.4030695420156006]",29.967738292087358,3.279227204089067
"[0.04946433367903933, 0.7160432892515641, -0.930218743877804, 0.40303620872789037]",29.96775226222445,3.2792900365704636
"[0.04943914405499878, 0.7160624281166782, -0.9302186548891085, 0.4030028635989885]",29.9677662089159,3.27935286905186
"[0.049413945550507515, 0.7160815803892107, -0.9302185616855526, 0.4029694984922194]",29.96778011865668,3.279415701533257
"[0.04938873960129587, 0.7161007449885999, -0.9302184642657481, 0.4029361152966583]",29.967793992001752,3.2794785340146535
"[0.04936352383794314, 0.7161199237274248, -0.9302183626135948, 0.40290271086176976]",29.96780782553884,3.2795413664960495
"[0.04933830286333479, 0.716139113114986, -0.9302182567412577, 0.40286929127384546]",29.967821631489606,3.279604198977447
"[0.04931307580539534, 0.7161583138235197, -0.9302181466396078, 0.402835855367786]",29.967835406089833,3.279667031458843
"[0.04928784108143896, 0.7161775270673372, -0.9302180322956478, 0.4028024010351514]",29.967849142653833,3.2797298639402395
"[0.049262596377937985, 0.7161967546191866, -0.9302179136918246, 0.402768925196156]",29.967862838721167,3.2797926964216364
"[0.04923734262247926, 0.7162159957844161, -0.9302177908250667, 0.40273542906744886]",29.967876499285566,3.279855528903033
"[0.04921208546317786, 0.7162352462688821, -0.930217663717065, 0.4027019201304351]",29.96789013234101,3.2799183613844294
"[0.04918682000676207, 0.7162545098110771, -0.9302175323375881, 0.4026683918833616]",29.967903727342144,3.2799811938658263
"[0.04916154685097616, 0.7162737859659251, -0.9302173966830508, 0.40263484510753206]",29.967917289585188,3.280044026347223
"[0.04913626530573864, 0.7162930752704821, -0.9302172567430259, 0.40260127887496805]",29.967930813438393,3.2801068588286193
"[0.049110975381125015, 0.7163123777280728, -0.9302171125106634, 0.4025676931867081]",29.96794429823427,3.2801696913100162
"[0.04908568142011053, 0.7163316900332117, -0.9302169640049164, 0.40253409380014077]",29.967957755734616,3.2802325237914127
"[0.049060375679010504, 0.7163510181089724, -0.9302168111736386, 0.40250047041699866]",29.967971171262274,3.2802953562728088
"[0.04903506338814579, 0.7163703579722105, -0.9302166540410935, 0.4024668299735831]",29.96798455422436,3.280358188754206
"[0.04900974614523801, 0.7163897084111364, -0.9302164926115907, 0.4024331745835064]",29.967997906289924,3.2804210212356026
"[0.048984419170989016, 0.7164090730889021, -0.9302163268482357, 0.40239949788204776]",29.968011214732744,3.2804838537169996
"[0.048959083758410106, 0.7164284510285495, -0.9302161567521803, 0.4023658015753776]",29.96802448917204,3.280546686198396
"[0.048933743096895396, 0.7164478398005238, -0.9302159823386522, 0.4023320898945065]",29.968037732733688,3.280609518679792
"[0.048908395012545056, 0.716467241077617, -0.9302158035867488, 0.4022983599369766]",29.96805094100785,3.2806723511611895
"[0.04888303888904788, 0.7164866553421336, -0.9302156204854856, 0.4022646108709014]",29.968064113080185,3.2807351836425855
"[0.04885767459199697, 0.7165060827079311, -0.9302154330270368, 0.40223084250516056]",29.968077247083688,3.280798016123982
"[0.04883230009512884, 0.716525524738835, -0.9302152411890102, 0.40219705212880075]",29.96809034088756,3.280860848605379
"[0.04880692130378276, 0.7165449769204127, -0.9302150450096224, 0.4021632475943975]",29.968103404135835,3.2809236810867755
"[0.04878153200239338, 0.7165644440271037, -0.9302148444343254, 0.4021294206113154]",29.968116427147493,3.280986513568172
"[0.04875613663389875, 0.7165839226634911, -0.9302146394912238, 0.40209557708652816]",29.968129416348972,3.281049346049569
"[0.048730734818982116, 0.7166034131300342, -0.9302144301712992, 0.40206171650409017]",29.96814237254675,3.2811121785309654
"[0.048705322537204325, 0.716622918522808, -0.9302142164343661, 0.4020278334921874]",29.968155287275195,3.281175011012362
"[0.048679906594453856, 0.7166424336281544, -0.9302139983312604, 0.4019939371139885]",29.968168177310247,3.281237843493759
"[0.04865447837096691, 0.7166619650754794, -0.9302137757811807, 0.40196001586147007]",29.96818101537976,3.2813006759751553
"[0.04862904434625845, 0.716681507899718, -0.930213548833415, 0.4019260783649997]",29.96819382546496,3.2813635084565513
"[0.04860360338048966, 0.7167010629863538, -0.9302133174717464, 0.4018921230930421]",29.968206600720382,3.2814263409379487
"[0.04857815495763002, 0.7167206307423816, -0.9302130816850029, 0.40185814934541886]",29.96821933952881,3.2814891734193448
"[0.04855269979211504, 0.7167402106287384, -0.9302128414733694, 0.40182415806454386]",29.968232042345836,3.2815520059007413
"[0.04852723198514479, 0.7167598071951693, -0.930212596773395, 0.401790141359509]",29.9682446989603,3.281614838382138
"[0.04850176001188758, 0.7167794139317153, -0.930212347659385, 0.40175611053767935]",29.96825732822779,3.2816776708635347
"[0.048476282295882946, 0.7167990320604333, -0.9302120941105542, 0.4017220634836066]",29.968269925622362,3.281740503344931
"[0.04845079189351261, 0.7168186669400437, -0.9302118360502483, 0.40168799090468543]",29.968282476611407,3.281803335826328
"[0.04842529553496911, 0.7168383133985924, -0.9302115735389647, 0.4016539017833322]",29.968294989987378,3.2818661683077246
"[0.048399794962089765, 0.7168579701025832, -0.9302113065891985, 0.40161979843902645]",29.96830747909519,3.281929000789121
"[0.0483742815783822, 0.7168776436900741, -0.9302110351037136, 0.40158566936225626]",29.968319919367175,3.281991833270518
"[0.04834876173605082, 0.716897329275281, -0.9302107591423016, 0.40155152303631914]",29.968332324079235,3.2820546657519145
"[0.048323235936358774, 0.7169170264812611, -0.9302104787043108, 0.4015173601212794]",29.96834469839951,3.2821174982333106
"[0.04829769723901912, 0.7169367406758791, -0.9302101937057734, 0.40148317131463546]",29.96835702308346,3.282180330714708
"[0.04827215725907917, 0.7169564629035474, -0.9302099042697689, 0.4014489721539754]",29.968369327668277,3.282243163196104
"[0.04824660725745749, 0.7169761999219249, -0.9302096102914755, 0.40141475092722656]",29.96838158638694,3.2823059956775005
"[0.04822104706269261, 0.7169959518764486, -0.9302093117608005, 0.40138050739010567]",29.968393806310353,3.2823688281588974
"[0.048195481588095355, 0.7170157149813035, -0.9302090087282449, 0.40134624811288044]",29.968405993252528,3.282431660640294
"[0.04816990762133285, 0.7170354917300942, -0.9302087011492691, 0.40131196877944403]",29.968418141616255,3.2824944931216904
"[0.04814432518912965, 0.7170552821138199, -0.9302083890169006, 0.40127766941261817]",29.96843025152093,3.2825573256030873
"[0.04811873757068329, 0.7170750836060416, -0.9302080723647019, 0.40124335439759845]",29.96844233190943,3.282620158084484
"[0.048093137796704634, 0.7170949016119265, -0.9302077510990189, 0.4012090143748078]",29.968454363522046,3.2826829905658803
"[0.048067532639645714, 0.7171147309005663, -0.9302074252973616, 0.40117465841558175]",29.968466361153904,3.2827458230472772
"[0.04804191994888079, 0.7171345731475173, -0.9302070949260883, 0.40114028362328286]",29.968478326415752,3.2828086555286737
"[0.04801629802576634, 0.717154429680399, -0.9302067599559919, 0.401105887705173]",29.968490251346743,3.2828714880100707
"[0.047990667716885836, 0.7171742998551591, -0.9302064203906182, 0.40107147178430985]",29.968502135115784,3.282934320491467
"[0.0479650289574641, 0.7171941837337502, -0.9302060762217781, 0.4010370357606569]",29.968513979541022,3.282997152972863
"[0.04793938416729136, 0.7172140794503014, -0.9302057274752275, 0.4010025828724163]",29.968525794585304,3.2830599854542606
"[0.047913730242906634, 0.7172339894236008, -0.9302053741018524, 0.40096810893796686]",29.968537565794552,3.2831228179356566
"[0.04788806937771963, 0.7172539119628105, -0.9302050161247069, 0.4009336168921142]",29.96854930392778,3.283185650417053
"[0.047862398081696705, 0.7172738497895391, -0.9302046534875938, 0.4008991020303361]",29.96856099743563,3.28324848289845
"[0.04783672235304176, 0.717293798256225, -0.9302042862683829, 0.4008645724050422]",29.968572659087407,3.2833113153798466
"[0.04781103577714732, 0.7173137623577924, -0.9302039143683571, 0.40083001937730095]",29.968584279179566,3.283374147861243
"[0.047785346037436505, 0.7173337361332088, -0.9302035378921037, 0.4007954532709569]",29.96859586939824,3.28343698034264
"[0.047759641377203184, 0.7173537287357, -0.9302031566595946, 0.4007608582532842]",29.968607408260723,3.2834998128240365
"[0.04773393128963711, 0.7173737327950047, -0.930202770803277, 0.4007262470858262]",29.968618915017686,3.283562645305433
"[0.047708212888008236, 0.717393750567775, -0.9302023802732181, 0.4006916158708142]",29.968630381900148,3.28362547778683
"[0.047682489625839354, 0.7174137793763489, -0.930201985115393, 0.4006569692472592]",29.96864181959678,3.2836883102682264
"[0.04765675439504974, 0.7174338247671985, -0.9302015852131614, 0.40062229762804447]",29.968653206356127,3.2837511427496224
"[0.04763101394637665, 0.717453881494204, -0.9302011806638765, 0.40058761009461974]",29.96866456495943,3.28381397523102
"[0.047605264453148416, 0.717473952549958, -0.9302007714006104, 0.40055290147824235]",29.968675880684717,3.283876807712416
"[0.04757950478100377, 0.7174940388316627, -0.9302003573972198, 0.4005181702353284]",29.968687156910967,3.2839396401938123
"[0.047553738936791594, 0.7175141372267434, -0.9301999387107444, 0.40048342175516477]",29.96869839461123,3.2840024726752097
"[0.04752796594392572, 0.7175342485074956, -0.9301995153187576, 0.4004486547091958]",29.96870959720525,3.2840653051566058
"[0.04750218080504624, 0.7175543765865644, -0.930199087130997, 0.40041386234148746]",29.968720751771958,3.2841281376380023
"[0.04747639395887322, 0.717574513326183, -0.9301986543140905, 0.4003790587253831]",29.968731882954685,3.284190970119399
"[0.047450593013391516, 0.7175946684148029, -0.9301982166527935, 0.4003442271229606]",29.96874296068197,3.2842538026007957
"[0.04742478691561961, 0.7176148348763456, -0.9301977742906883, 0.40030937959814306]",29.96875400749518,3.284316635082192
"[0.04739897109568138, 0.7176350162932568, -0.9301973271424182, 0.400274509967553]",29.96876501185909,3.284379467563589
"[0.04737314766213029, 0.7176552110295182, -0.9301968752368122, 0.40023962106553235]",29.968775976139966,3.2844423000449856
"[0.047347315897778935, 0.7176754196577382, -0.930196418553996, 0.40020471191014506]",29.968786906121203,3.2845051325263817
"[0.04732147744235979, 0.7176956409065155, -0.9301959571158639, 0.4001697847047963]",29.968797797862226,3.284567965007779
"[0.04729562951392931, 0.7177158769648909, -0.930195490865328, 0.40013483567584884]",29.96880864684996,3.2846307974891755
"[0.047269773973513354, 0.7177361263881735, -0.9301950198282976, 0.4000998673259772]",29.96881945923235,3.2846936299705716
"[0.04724390863336053, 0.717756390902223, -0.9301945439571465, 0.4000648766825172]",29.968830227534916,3.284756462451969
"[0.047218036216622024, 0.7177766683857906, -0.930194063294349, 0.4000298674157932]",29.968840958029897,3.284819294933365
"[0.04719215645387516, 0.7177969590612386, -0.930193577827923, 0.3999948391489473]",29.968851653281895,3.2848821274147615
"[0.04716626749581525, 0.7178172643906217, -0.9301930875156192, 0.39995978936552595]",29.96886230813458,3.2849449598961584
"[0.04714036942542459, 0.7178375843217696, -0.9301925923509611, 0.3999247181635068]",29.968872917497524,3.285007792377555
"[0.047114464266411075, 0.717857917278874, -0.9301920923651551, 0.39988962827012775]",29.968883491768146,3.285070624858952
"[0.04708854905249763, 0.7178782656026166, -0.9301915874931946, 0.39985451565361796]",29.96889402481792,3.2851334573403483
"[0.047062627513192845, 0.7178986263767594, -0.9301910778001824, 0.39981938535370365]",29.9689045196978,3.285196289821745
"[0.047036694361950536, 0.7179190037665929, -0.9301905631741771, 0.39978423019151926]",29.96891496863909,3.2852591223031418
"[0.04701075820666109, 0.7179393910197328, -0.9301900437789004, 0.39974906182347403]",29.968925392207193,3.2853219547845383
"[0.046984810012567685, 0.7179597952496013, -0.9301895194262, 0.3997138679860612]",29.96893576239733,3.2853847872659347
"[0.04695885554038722, 0.7179802119393341, -0.9301889902243613, 0.39967865647810985]",29.968946100539625,3.2854476197473317
"[0.046932891483669394, 0.7180006437018958, -0.9301884560985006, 0.39964342280066145]",29.96895639451949,3.285510452228728
"[0.046906919776388126, 0.7180210890280062, -0.9301879170805516, 0.3996081695641911]",29.968966652041374,3.285573284710124
"[0.04688093733845685, 0.7180415503554876, -0.9301873730984125, 0.39957289257329215]",29.968976860929732,3.2856361171915216
"[0.046854948300021626, 0.7180620244445138, -0.9301868242306558, 0.3995375974215181]",29.968987037741243,3.2856989496729176
"[0.04682895032719549, 0.7180825131456423, -0.9301862704205711, 0.39950228092615186]",29.968997169241323,3.285761782154314
"[0.046802945121848794, 0.7181030151298636, -0.9301857116968117, 0.3994669453856087]",29.969007264033674,3.285824614635711
"[0.04677693255230342, 0.7181235305125393, -0.9301851480493681, 0.3994315906083183]",29.96901732185482,3.2858874471171076
"[0.046750908919140015, 0.7181440622245414, -0.9301845793898365, 0.3993962115515407]",29.96902733199446,3.285950279598504
"[0.04672487686944628, 0.718164608191139, -0.9301840057675145, 0.3993608117986995]",29.969037305520825,3.286013112079901
"[0.04669883747723484, 0.7181851675767725, -0.930183427198536, 0.39932539279697404]",29.96904723681945,3.2860759445612975
"[0.04667279038929251, 0.7182057406721329, -0.9301828436677116, 0.3992899540529707]",29.969057130285304,3.286138777042694
"[0.04664673195511083, 0.7182263303741374, -0.9301822550848005, 0.3992544905848305]",29.969066975862642,3.286201609524091
"[0.046620669915691366, 0.7182469305781546, -0.9301816616173093, 0.3992190129145025]",29.969076794069327,3.2862644420054874
"[0.046594594827959836, 0.7182675487608434, -0.930181063042386, 0.39918350817347775]",29.969086557886794,3.2863272744868834
"[0.04656851287410865, 0.7182881800478362, -0.9301804594932149, 0.39914798476400704]",29.96909628915857,3.286390106968281
"[0.046542421764759284, 0.718308826262407, -0.9301798509091513, 0.3991124395544109]",29.969105973527466,3.286452939449677
"[0.046516323465485704, 0.7183294858616703, -0.930179237328274, 0.399076875208731]",29.96911562193778,3.2865157719310734
"[0.04649021567657088, 0.718350160678763, -0.9301786186886458, 0.39904128857916965]",29.969125227422175,3.2865786044124703
"[0.0464641011281911, 0.7183708485641421, -0.9301779950471982, 0.39900568337339604]",29.969134796251414,3.286641436893867
"[0.046437972118770175, 0.7183915556336941, -0.930177366210853, 0.39897004907445976]",29.969144307755275,3.2867042693752633
"[0.04641184227163354, 0.7184122711031294, -0.9301767324999579, 0.39893440424835347]",29.96915379917152,3.28676710185666
"[0.046385699246156514, 0.7184330047675234, -0.9301760936080505, 0.3988987320481159]",29.96916323451659,3.2868299343380567
"[0.04635954990143502, 0.7184537512010318, -0.9301754496940451, 0.39886304181743015]",29.969172637442544,3.286892766819453
"[0.04633339023054617, 0.7184745135954408, -0.9301748006513454, 0.3988273280733518]",29.969181992324263,3.28695559930085
"[0.04630722283773084, 0.7184952898972229, -0.930174146536234, 0.3987915943564231]",29.969191308604444,3.2870184317822466
"[0.04628104488462612, 0.7185160823735027, -0.9301734872693525, 0.3987558367756554]",29.9692005806796,3.2870812642636427
"[0.046254860414735345, 0.7185368878256396, -0.930172822944451, 0.3987200608399072]",29.969209812173002,3.28714409674504
"[0.04622866490069593, 0.7185577098642003, -0.9301721534384363, 0.39868426034880355]",29.969219000440592,3.287206929226436
"[0.046202464757333396, 0.7185785434026518, -0.9301714789075489, 0.3986484440556482]",29.969228154327535,3.2872697617078335
"[0.0461762520528927, 0.7185993947611963, -0.9301707991394377, 0.39861260110306806]",29.969237257603183,3.2873325941892295
"[0.04615003273879299, 0.7186202592197041, -0.9301701142797233, 0.3985767396134091]",29.969246323909964,3.287395426670626
"[0.046123806036213355, 0.7186411374096616, -0.9301694243007906, 0.39854085850868093]",29.969255349339917,3.287458259152023
"[0.0460975680686654, 0.718662032430844, -0.9301687290920644, 0.39850495247009965]",29.969264327854813,3.2875210916334194
"[0.046071323431429126, 0.7186829406372627, -0.9301680287668989, 0.39846902777125676]",29.969273271184754,3.287583924114816
"[0.04604506807780279, 0.7187038652660933, -0.9301673232090508, 0.39843307885820745]",29.969282166170103,3.287646756596213
"[0.04601880462169354, 0.7187248042481124, -0.9301666124800876, 0.398397109294462]",29.96929102004137,3.2877095890776094
"[0.045992533529559586, 0.718745757224032, -0.9301658965848159, 0.3983611197050663]",29.969299833735676,3.287772421559006
"[0.04596625236667783, 0.7187667261492204, -0.9301651754485037, 0.3983251067397236]",29.96930860268792,3.2878352540404028
"[0.0459399616471642, 0.7187877106278822, -0.9301644490763176, 0.39828907108695855]",29.969317327177794,3.2878980865217993
"[0.045913666779393854, 0.7188087063549491, -0.9301637176104093, 0.39825302014707986]",29.969326020523205,3.2879609190031953
"[0.04588735846087558, 0.7188297207717301, -0.9301629807836149, 0.3982169411512348]",29.969334661180905,3.2880237514845927
"[0.045861041202230966, 0.7188507502909701, -0.9301622387125007, 0.39818084026771033]",29.96934325427452,3.2880865839659887
"[0.04583471648358312, 0.7188717937429584, -0.9301614914307302, 0.3981447195125971]",29.96935181321256,3.2881494164473852
"[0.04580838315959796, 0.7188928520561398, -0.9301607388978023, 0.39810857730024485]",29.96936032673396,3.2882122489287826
"[0.04578204334691158, 0.718913923550341, -0.9301599811664827, 0.3980724165221178]",29.96936880280362,3.2882750814101787
"[0.045755688571254886, 0.7189350150202442, -0.9301592179834383, 0.39803622552714546]",29.969377224004145,3.288337913891575
"[0.0457293304024632, 0.7189561172206126, -0.9301584496750325, 0.3980000201878668]",29.969385612414737,3.288400746372972
"[0.045702961339604, 0.7189772361688078, -0.9301576760150971, 0.39796379018785816]",29.969393957093963,3.2884635788543686
"[0.04567658395695772, 0.7189983698175152, -0.930156897070214, 0.3979275390481299]",29.969402254912993,3.288526411335765
"[0.045650194840546415, 0.7190195209168582, -0.9301561127303639, 0.39789126206032743]",29.96941050381323,3.288589243817162
"[0.04562379969995484, 0.719040684904358, -0.9301553231566948, 0.39785496705820483]",29.969418716782762,3.2886520762985585
"[0.04559739637574524, 0.7190618635236774, -0.9301545282770622, 0.39781865105915715]",29.969426890763945,3.2887149087799545
"[0.045570984615501645, 0.7190830569906053, -0.9301537280756184, 0.397782313701409]",29.969435022439384,3.288777741261352
"[0.04554455881161442, 0.7191042698208636, -0.9301529223725168, 0.3977459472521338]",29.96944309484493,3.2888405737427484
"[0.045518127822623065, 0.7191254949179838, -0.9301521114288206, 0.39770956388612305]",29.969451133945,3.2889034062241445
"[0.045491686509144286, 0.7191467364219617, -0.9301512950788793, 0.39767315651475904]",29.96945912637411,3.288966238705542
"[0.045465237521198465, 0.7191679922179552, -0.9301504733958124, 0.39763672877144485]",29.969467078570226,3.289029071186938
"[0.04543877860903476, 0.7191892641278583, -0.9301496463011333, 0.3976002775423971]",29.96947498601363,3.2890919036683344
"[0.045412311660113065, 0.7192105506482924, -0.9301488138451337, 0.39756380541241887]",29.96948285073078,3.2891547361497313
"[0.045385835656171145, 0.7192318526118991, -0.9301479759873137, 0.39752731096331784]",29.969490668975784,3.289217568631128
"[0.04535934968903359, 0.7192531707639711, -0.9301471326898917, 0.39749079292717315]",29.969498443605044,3.2892804011125243
"[0.04533285620776126, 0.7192745031472001, -0.930146284022237, 0.3974542546654184]",29.96950617764878,3.2893432335939212
"[0.045306350341126414, 0.7192958536989187, -0.9301454298189848, 0.39741768944330863]",29.969513860173194,3.2894060660753177
"[0.04527983800357297, 0.7193172176696139, -0.9301445702617054, 0.39738110540383303]",29.96952150486765,3.2894688985567146
"[0.04525331713232354, 0.7193385967343191, -0.9301437052755962, 0.39734449968665453]",29.969529105309412,3.289531731038111
"[0.04522678622182154, 0.7193599921211953, -0.9301428348025774, 0.3973078701977597]",29.969536660211336,3.2895945635195076
"[0.045200245902504155, 0.7193814033367698, -0.9301419588540875, 0.397271217791082]",29.969544169355633,3.2896573960009046
"[0.04517369780216954, 0.7194028290817265, -0.930141077475254, 0.3972345446994043]",29.96955163653878,3.289720228482301
"[0.0451471391894609, 0.7194242715748557, -0.9301401905664635, 0.3971978471338117]",29.969559057096195,3.289783060963697
"[0.04512057065713379, 0.7194457303530447, -0.9301392981379375, 0.39716112589626124]",29.96956642936084,3.2898458934450945
"[0.045093997051875716, 0.7194672015146766, -0.9301384003444837, 0.39712438767146835]",29.969573768173554,3.2899087259264905
"[0.045067409887727936, 0.7194886919309672, -0.9301374968903315, 0.39708762071140813]",29.969581049575723,3.289971558407887
"[0.04504081448873744, 0.7195101973146547, -0.9301365879463829, 0.39705083236069266]",29.969588293409004,3.290034390889284
"[0.04501421123086233, 0.7195317173752508, -0.9301356735171353, 0.39701402312463835]",29.96959548920321,3.2900972233706804
"[0.04498759674016084, 0.7195532548569705, -0.9301347534773708, 0.3969771883184892]",29.969602637350057,3.290160055852077
"[0.044960972617416134, 0.7195748084802008, -0.9301338278726452, 0.39694033014027835]",29.969609741197058,3.290222888333474
"[0.044934341155182723, 0.719596376402993, -0.9301328967740133, 0.39690345174850383]",29.96961680272545,3.2902857208148704
"[0.0449077007533447, 0.7196179599349186, -0.9301319601170744, 0.39686655091245376]",29.969623821426655,3.290348553296267
"[0.04488104800856639, 0.7196395618493658, -0.930131017772223, 0.3968296229002327]",29.969630785514195,3.290411385777664
"[0.044854393040742076, 0.7196611739571348, -0.9301300700892886, 0.39679268171920573]",29.969637722149262,3.2904742182590603
"[0.044827721842150045, 0.7196828076306059, -0.9301291165611081, 0.39675570793981796]",29.969644595715,3.2905370507404563
"[0.04480104667568728, 0.71970445293867, -0.9301281576164275, 0.39671871854465696]",29.96965143484803,3.2905998832218537
"[0.04477435699049886, 0.7197261184575612, -0.9301271928667816, 0.3966816988869874]",29.969658216919566,3.2906627157032498
"[0.044747660854605416, 0.7197477976540578, -0.9301262225938789, 0.3966446601397543]",29.96966496466885,3.2907255481846462
"[0.04472095293623159, 0.7197694948727204, -0.9301252465948114, 0.39660759488935965]",29.969671655279868,3.290788380666043
"[0.04469423954870636, 0.7197912049989967, -0.9301242650914442, 0.3965705118817944]",29.96967831154352,3.2908512131474397
"[0.0446675154178943, 0.7198129323330653, -0.9301232778814436, 0.39653340378052776]",29.96968492040401,3.290914045628836
"[0.04464078045349298, 0.7198346769647752, -0.9301222849513131, 0.396496270442005]",29.969691476145215,3.290976878110233
"[0.044614036392632075, 0.7198564374969202, -0.9301212863558843, 0.39645911426175284]",29.969697987199847,3.2910397105916296
"[0.04458728320194254, 0.7198782139715376, -0.9301202820847198, 0.3964219351771121]",29.96970445510194,3.291102543073026
"[0.04456052162586504, 0.7199000057972378, -0.9301192721567753, 0.39638473420672626]",29.969710877395666,3.291165375554423
"[0.0445337496949888, 0.7199218145928785, -0.9301182564883576, 0.39634750859630324]",29.969717250960205,3.2912282080358195
"[0.04450696665770103, 0.7199436409872385, -0.9301172350407515, 0.39631025728252167]",29.969723573306922,3.2912910405172155
"[0.04448017779306703, 0.7199654806925891, -0.9301162080064331, 0.39627298759215035]",29.969729859574436,3.291353872998613
"[0.04445337713007241, 0.7199873385915336, -0.9301151751474075, 0.39623569120201746]",29.969736092449686,3.291416705480009
"[0.04442656718542736, 0.7200092126479062, -0.9301141365505357, 0.39619837159635524]",29.969742281262164,3.2914795379614055
"[0.04439974817472033, 0.7200311027009181, -0.9301130922148468, 0.3961610290587351]",29.96974842246568,3.2915423704428024
"[0.04437291823181371, 0.7200530102896646, -0.9301120420578403, 0.3961236609732577]",29.96975451362705,3.291605202924199
"[0.044346081074895065, 0.7200749323931739, -0.9301109862157613, 0.39608627250206596]",29.96976056361098,3.2916680354055954
"[0.04431923312903893, 0.7200968719466608, -0.9301099245387053, 0.39604885864831263]",29.969766564918576,3.2917308678869923
"[0.04429237632385897, 0.7201188273891187, -0.9301088570932057, 0.396011422083629]",29.96977251992268,3.291793700368389
"[0.04426550961115337, 0.7201407995928858, -0.9301077838280833, 0.3959739613300015]",29.969778425792846,3.2918565328497857
"[0.04423863443830623, 0.7201627873895197, -0.930106704791747, 0.3959364783888638]",29.969784288848164,3.2919193653311822
"[0.04421174849241701, 0.7201847926870154, -0.9301056198816462, 0.3958989700171926]",29.96979010097342,3.2919821978125787
"[0.04418485237726682, 0.7202068150077557, -0.930104529111925, 0.395861437039094]",29.96979586455158,3.2920450302939757
"[0.04415794710323558, 0.7202288535402545, -0.9301034325138129, 0.3958238808472161]",29.96980158235896,3.292107862775372
"[0.04413103272325856, 0.7202509082564604, -0.930102330080031, 0.39578630149873395]",29.969807254327044,3.292170695256768
"[0.04410410928562473, 0.7202729791320907, -0.930101221803139, 0.39574869904438503]",29.969812876632787,3.2922335277381656
"[0.044077174063926076, 0.7202950684187712, -0.9301001075606566, 0.39571106965808056]",29.96981844712903,3.2922963602195616
"[0.0440502292957307, 0.7203171742983775, -0.9300989874347304, 0.39567341644719384]",29.969823970951094,3.292359192700958
"[0.04402327691978925, 0.7203392951951972, -0.9300978614968046, 0.39563574210481045]",29.969829453536242,3.2924220251823555
"[0.04399631238008397, 0.7203614348647092, -0.9300967295465812, 0.3955980402447545]",29.969834882119972,3.2924848576637515
"[0.04396934066169319, 0.7203835892298195, -0.9300955917834797, 0.39556031781967516]",29.96984026540584,3.292547690145148
"[0.04394235906474209, 0.7204057605230788, -0.9300944480844436, 0.3955225710373663]",29.9698456004478,3.292610522626545
"[0.04391536643724344, 0.720427949707902, -0.9300932983902809, 0.39548479826775534]",29.969850886973877,3.2926733551079415
"[0.04388836385583367, 0.7204501559161129, -0.9300921427364491, 0.3954470009989236]",29.969856125733017,3.292736187589338
"[0.04386135043941374, 0.7204723798891066, -0.930090981074882, 0.39540917797909186]",29.96986131302255,3.292799020070735
"[0.04383433186866241, 0.7204946169678449, -0.9300898136409752, 0.3953713371464522]",29.969866459656252,3.2928618525521314
"[0.043807300453070554, 0.7205168734973239, -0.9300886400929057, 0.39533346771321226]",29.969871553678118,3.2929246850335274
"[0.04378025724534067, 0.7205391486295695, -0.9300874604647871, 0.39529557113335495]",29.969876593735954,3.292987517514925
"[0.043753208575315485, 0.7205614371659367, -0.9300862750234027, 0.3952576562606394]",29.969881595585893,3.2930503499963213
"[0.04372614679834849, 0.7205837454215736, -0.9300850834239706, 0.39521971236208525]",29.969886538456407,3.2931131824777173
"[0.04369907524328935, 0.7206060706703552, -0.9300838858019711, 0.3951817440853007]",29.969891434714825,3.2931760149591147
"[0.04367199513078227, 0.720628411921422, -0.9300826822017011, 0.3951437531250754]",29.96989628398074,3.2932388474405108
"[0.04364490625186785, 0.7206507693624622, -0.9300814726044696, 0.3951057391716532]",29.969901089244704,3.2933016799219073
"[0.04361780584065183, 0.7206731452930694, -0.9300802568764286, 0.39506769832524624]",29.96990584064088,3.293364512403304
"[0.043590693975500895, 0.7206955396667003, -0.9300790350098993, 0.3950296306758434]",29.96991053862759,3.2934273448847007
"[0.04356357430535285, 0.7207179494856735, -0.9300778071592806, 0.3949915413290697]",29.969915189743013,3.293490177366097
"[0.043536446357453594, 0.7207403751554207, -0.9300765732940928, 0.3949534296049782]",29.96991979926457,3.293553009847494
"[0.04350930553396838, 0.7207628204941362, -0.9300753331945405, 0.3949152890251165]",29.969924350894633,3.2936158423288906
"[0.04348215353120642, 0.7207852841177894, -0.9300740869265363, 0.3948771219525176]",29.969928848550207,3.293678674810287
"[0.043454994990445396, 0.7208077622021941, -0.9300728346934833, 0.394838934894322]",29.969933309690852,3.293741507291684
"[0.043427825606369146, 0.7208302583262274, -0.9300715762873313, 0.3948007217800722]",29.969937713380073,3.2938043397730805
"[0.04340064565286209, 0.7208527722806892, -0.9300703117099496, 0.3947624829757064]",29.969942069704285,3.2938671722544766
"[0.04337345483494636, 0.7208753043275329, -0.9300690409367738, 0.39472421804691216]",29.969946373677285,3.293930004735874
"[0.04334625573451188, 0.7208978523437364, -0.9300677640783304, 0.3946859306091406]",29.969950629975855,3.29399283721727
"[0.043319046104311004, 0.720920418208619, -0.9300664810190751, 0.3946476174812004]",29.969954836642767,3.2940556696986674
"[0.0432918229005334, 0.7209430044655599, -0.9300651916037477, 0.3946092743561858]",29.969958984254053,3.2941185021800634
"[0.04326459176834279, 0.7209656064487047, -0.9300638960888014, 0.3945709091656836]",29.969963085235186,3.29418133466146
"[0.04323735607083295, 0.7209882213799175, -0.9300625946261329, 0.3945325266337771]",29.96996715318565,3.294244167142857
"[0.04321010623585725, 0.7210108572237574, -0.9300612867482594, 0.39449411325285744]",29.96997115725408,3.2943069996242533
"[0.043182844242698325, 0.7210335123563473, -0.9300599725376878, 0.39445567179063157]",29.969975106871022,3.29436983210565
"[0.04315557267893747, 0.721056184645362, -0.9300586521080907, 0.3944172058760648]",29.96997900808728,3.2944326645870468
"[0.04312829338329116, 0.721078872577962, -0.9300573255388153, 0.39437871808554453]",29.96998286424439,3.2944954970684432
"[0.043101001868216596, 0.7211015799035452, -0.9300559926011007, 0.3943402020689858]",29.96998666377372,3.2945583295498397
"[0.04307370199786139, 0.7211243034245244, -0.9300546534729268, 0.39430166326068344]",29.96999041828368,3.2946211620312367
"[0.04304638942175059, 0.7211470467798651, -0.9300533079299711, 0.3942630954997074]",29.96999411482205,3.294683994512633
"[0.04301906793552027, 0.721169806827, -0.9300519561481111, 0.394224504126035]",29.969997761282354,3.294746826994029
"[0.04299173355992709, 0.7211925868990297, -0.9300505979192757, 0.3941858834990803]",29.970001355713983,3.2948096594754266
"[0.0429643925821069, 0.7212153817734052, -0.9300492335453999, 0.39414724248334637]",29.97000490067221,3.2948724919568226
"[0.04293704270395117, 0.7212381933811697, -0.9300478629025898, 0.39410857781474534]",29.970008402707613,3.294935324438219
"[0.042909680056857726, 0.7212610249672224, -0.9300464857857724, 0.39406988400426923]",29.970011846469877,3.294998156919616
"[0.04288230619949782, 0.7212838752504375, -0.9300451022614387, 0.3940311632346735]",29.97001523623458,3.2950609894010126
"[0.04285492308054243, 0.7213067426218404, -0.9300437124172288, 0.39399241824311154]",29.970018578480815,3.295123821882409
"[0.04282753004448481, 0.7213296276458816, -0.9300423162094209, 0.3939536480835754]",29.97002186639152,3.295186654363806
"[0.04280012587958039, 0.7213525313529217, -0.9300409135651849, 0.39391485102136553]",29.97002510274545,3.2952494868452025
"[0.04277271182065361, 0.7213754527289722, -0.9300395045366477, 0.3938760287849708]",29.970028288471052,3.295312319326599
"[0.04274528591077691, 0.7213983934287062, -0.9300380890118991, 0.39383717858293016]",29.97003141763776,3.295375151807996
"[0.04271785259062913, 0.7214213497548682, -0.9300366672095919, 0.39379830668701504]",29.97003450201297,3.2954379842893924
"[0.04269040650554191, 0.7214443262059709, -0.9300352388413512, 0.3937594054906095]",29.970037530244955,3.2955008167707884
"[0.04266295172343907, 0.7214673193949517, -0.9300338041075953, 0.39372048073937355]",29.97004050723939,3.295563649252186
"[0.042635485466713224, 0.7214903316657965, -0.9300323628522839, 0.3936815284759564]",29.970043434039695,3.295626481733582
"[0.04260800971444047, 0.7215133613785606, -0.9300309151681033, 0.3936425514872136]",29.970046305627516,3.2956893142149783
"[0.04258052190234403, 0.7215364107011142, -0.9300294609085733, 0.39360354611523873]",29.97004912333338,3.2957521466963753
"[0.042553025633876286, 0.7215594766298844, -0.9300280002532852, 0.3935645174537291]",29.970051896181015,3.2958149791777718
"[0.04252551757444199, 0.7215825619800981, -0.9300265330141184, 0.39352546075001593]",29.97005460843141,3.2958778116591683
"[0.04249799708006034, 0.7216056673122149, -0.9300250591444316, 0.3934863750677863]",29.97005726326365,3.295940644140565
"[0.04247046823853939, 0.7216287892124992, -0.9300235788519594, 0.3934472661928245]",29.970059873184862,3.2960034766219617
"[0.042442930403112734, 0.7216519282406753, -0.9300220920918365, 0.39340813318851964]",29.9700624313358,3.296066309103358
"[0.042415380280152556, 0.7216750871828359, -0.9300205986748541, 0.39336897135417165]",29.970064935307956,3.296129141584755
"[0.042387819065334544, 0.721698265053588, -0.9300190986537359, 0.3933297823678281]",29.970067381745995,3.2961919740661516
"[0.04236024661108325, 0.72172146199623, -0.9300175920086835, 0.3932905659986906]",29.97006977569414,3.2962548065475485
"[0.042332664935843194, 0.7217446763308708, -0.9300160788388174, 0.3932513250977669]",29.970072119511446,3.296317639028945
"[0.04230507410899217, 0.7217679080162981, -0.9300145591374375, 0.39321205974519846]",29.970074411120518,3.296380471510341
"[0.04227747071746995, 0.7217911599452991, -0.9300130327049329, 0.39317276506308146]",29.970076647436567,3.2964433039917385
"[0.04224985730859452, 0.7218144299915734, -0.9300114996702447, 0.39313344465639555]",29.97007882857267,3.2965061364731345
"[0.04222223256697496, 0.7218377192824472, -0.9300099599488091, 0.3930940966315692]",29.970080955727134,3.296568968954531
"[0.042194594878715165, 0.7218610291989446, -0.9300084134381527, 0.39305471866743796]",29.970083023511794,3.2966318014359284
"[0.042166949931522965, 0.7218843549622896, -0.9300068604453444, 0.393015318847949]",29.970085042905303,3.2966946339173244
"[0.0421392931904108, 0.7219077004166561, -0.9300053007047909, 0.39297589069062855]",29.970087011763823,3.296757466398721
"[0.04211162855843136, 0.7219310622855037, -0.9300037344255517, 0.39293643974017906]",29.9700889276819,3.296820298880118
"[0.042083950519754276, 0.7219544452457382, -0.9300021612837288, 0.3928969581101577]",29.970090786088186,3.2968831313615143
"[0.04205626089875583, 0.7219778477770483, -0.9300005813701634, 0.3928574483799861]",29.97009258974318,3.296945963842911
"[0.04202855879311758, 0.7220012706625544, -0.9299989946208058, 0.392817909239729]",29.970094329276986,3.2970087963243078
"[0.04200085047404685, 0.7220247086174673, -0.9299974013840601, 0.39277834962116753]",29.970096029840008,3.2970716288057043
"[0.04197312866435434, 0.7220481678156802, -0.9299958012303298, 0.39273875911478]",29.970097665920175,3.2971344612871007
"[0.04194539638993945, 0.7220716457171156, -0.9299941943216881, 0.39269914201949496]",29.97009925099446,3.2971972937684977
"[0.04191765322904816, 0.7220951426980214, -0.929992580621957, 0.3926594977119538]",29.970100778625753,3.297260126249894
"[0.041889899193281566, 0.7221186587680196, -0.9299909601199157, 0.3926198261875822]",29.970102255071673,3.29732295873129
"[0.04186213657539642, 0.7221421920026996, -0.9299893329382878, 0.3925801307039111]",29.970103677777328,3.2973857912126876
"[0.041834358275619196, 0.722165748441101, -0.9299876986481816, 0.3925404010867593]",29.970105032639268,3.2974486236940836
"[0.04180657414690681, 0.7221893197471728, -0.9299860578174122, 0.3925006514071226]",29.9701063489086,3.29751145617548
"[0.04177877683989593, 0.7222129121740212, -0.9299844100009013, 0.39246087113101286]",29.97010760438998,3.297574288656877
"[0.04175096757136196, 0.7222365247103594, -0.929982755257656, 0.3924210619762793]",29.970108798097943,3.2976371211382736
"[0.0417231464570552, 0.722260157278654, -0.929981093581866, 0.3923812240859706]",29.97010993721605,3.29769995361967
"[0.04169531723336751, 0.7222838067237496, -0.9299794251852727, 0.39234136279010184]",29.970111026711884,3.297762786101067
"[0.041667475321168726, 0.7223074769562168, -0.9299777497816257, 0.39230147150893546]",29.970112056771317,3.2978256185824635
"[0.0416396253812612, 0.722331164032789, -0.9299760676396752, 0.39226155689958214]",29.970113037980703,3.29788845106386
"[0.041611762715556506, 0.7223548719685492, -0.9299743784639078, 0.3922216122078884]",29.970113956784804,3.297951283545257
"[0.04158388634730689, 0.7223786016169408, -0.929972682181426, 0.3921816360090667]",29.97011481547964,3.2980141160266534
"[0.041556000555100066, 0.7224023493564258, -0.9299709790399934, 0.392141634416417]",29.970115622447345,3.2980769485080494
"[0.041528103239133946, 0.7224261169946607, -0.9299692688994909, 0.39210160439674896]",29.97011636993645,3.298139780989447
"[0.04150019455092779, 0.7224499044230971, -0.9299675517566556, 0.3920615461451306]",29.970117062143576,3.298202613470843
"[0.04147227721278012, 0.7224737093404491, -0.9299658277673852, 0.3920214635484279]",29.970117703634447,3.2982654459522394
"[0.04144434675918652, 0.7224975355744176, -0.9299640966437123, 0.3919813501735567]",29.970118282064835,3.2983282784336363
"[0.041416407624558504, 0.7225213793622496, -0.9299623586482436, 0.39194121236741886]",29.97011881152104,3.298391110915033
"[0.041388454778211695, 0.7225452450176337, -0.9299606134555768, 0.3919010428806917]",29.970119275984054,3.2984539433964297
"[0.041360490929394256, 0.7225691302491715, -0.929958861221588, 0.3918608455829942]",29.970119685721038,3.298516775877826
"[0.04133251645318617, 0.7225930347565528, -0.9299571019575387, 0.3918206209917507]",29.970120038626767,3.2985796083592227
"[0.04130452929221571, 0.722616960318845, -0.9299553355212068, 0.3917803661257983]",29.9701203318363,3.2986424408406196
"[0.04127653269001409, 0.7226409041836347, -0.9299535621048611, 0.39174008562828283]",29.9701205726338,3.298705273322016
"[0.04124852356843775, 0.7226648690038319, -0.9299517815011031, 0.39169977504842174]",29.970120750630706,3.2987681058034126
"[0.0412205019876914, 0.7226888547499682, -0.9299499937002912, 0.3916594344488134]",29.970120867947358,3.2988309382848096
"[0.04119247271613125, 0.7227128573598834, -0.9299481989948146, 0.3916190706731481]",29.97012094076947,3.298893770766206
"[0.04116443101456104, 0.7227368809113898, -0.9299463970693803, 0.3915786768757348]",29.970120949472008,3.298956603247602
"[0.04113637693291267, 0.722760925383777, -0.9299445879137195, 0.39153825310444823]",29.970120897840367,3.2990194357289995
"[0.0411083108694817, 0.7227849904575309, -0.9299427715401752, 0.3914977999094046]",29.970120790391764,3.2990822682103955
"[0.041080234119009636, 0.7228090750434447, -0.9299409480197559, 0.39145731913405185]",29.970120620317807,3.299145100691792
"[0.0410521438440997, 0.7228331815973249, -0.9299391171548419, 0.3914168066636831]",29.97012039173234,3.299207933173189
"[0.0410240475972506, 0.7228573036570328, -0.9299372794259625, 0.3913762733699526]",29.97012011923689,3.2992707656545854
"[0.04099593569767336, 0.7228814495545128, -0.9299354341874272, 0.3913357052646226]",29.97011977335009,3.299333598135982
"[0.04096781287892986, 0.7229056152472839, -0.9299335817357249, 0.3912951091532382]",29.97011937194185,3.299396430617379
"[0.040939679799666596, 0.7229298001896972, -0.9299317221018684, 0.39125448596462875]",29.970118915553467,3.2994592630987754
"[0.040911535994573624, 0.7229540048020164, -0.9299298552427717, 0.39121383500503953]",29.970118403303864,3.299522095580172
"[0.040883376567024426, 0.7229782333187541, -0.929927980819427, 0.39117314917639945]",29.970117817762496,3.299584928061569
"[0.04085520950731051, 0.7230024788866569, -0.9299260993505286, 0.3911324399999206]",29.970117189119065,3.2996477605429653
"[0.040827029565101196, 0.7230267460451035, -0.9299242104731849, 0.3910916998658664]",29.970116493095755,3.2997105930243613
"[0.04079883820624984, 0.7230510335541047, -0.9299223142720482, 0.39105093086917264]",29.97011574014307,3.2997734255057587
"[0.04077063299349667, 0.7230753435362101, -0.9299204105692762, 0.3910101294603782]",29.970114922848975,3.2998362579871547
"[0.040742420642003806, 0.7230996702241123, -0.9299184998056558, 0.39096930533150553]",29.970114057219043,3.2998990904685512
"[0.04071419264001683, 0.7231240209787854, -0.9299165813915917, 0.3909284461424709]",29.970113118561034,3.299961922949948
"[0.040685956079955427, 0.7231483897043374, -0.9299146557954755, 0.3908875621350728]",29.970112131818535,3.3000247554313447
"[0.040657706594418586, 0.7231727801907863, -0.9299127227067823, 0.39084664696319504]",29.97011108110553,3.300087587912741
"[0.04062944500968427, 0.7231971917476329, -0.9299107821680956, 0.39080570179867635]",29.970109970408128,3.300150420394138
"[0.04060117235464127, 0.7232216235079985, -0.9299088342367569, 0.3907647281085097]",29.970108800166305,3.3002132528755346
"[0.04057288769725252, 0.7232460762992227, -0.9299068788352167, 0.3907237245182239]",29.970107567690302,3.300276085356931
"[0.04054459110060987, 0.7232705500891372, -0.929904915954208, 0.3906826910950238]",29.97010627690387,3.300338917838328
"[0.040516282948985856, 0.7232950445675981, -0.92990294560687, 0.3906416283720897]",29.970104923544422,3.3004017503197245
"[0.040487964735241626, 0.7233195584640303, -0.9299009678842464, 0.39060053849208326]",29.97010351597307,3.3004645828011205
"[0.04045963168474369, 0.7233440959346756, -0.9298989824388442, 0.39055941450197107]",29.97010204257601,3.300527415282518
"[0.040431287370734155, 0.7233686539087948, -0.92989698950655, 0.3905182615622125]",29.970100505416184,3.300590247763914
"[0.04040293123694761, 0.7233932328904604, -0.9298949890348015, 0.3904770788412551]",29.970098909405962,3.3006530802453113
"[0.0403745659752477, 0.7234178305673129, -0.9298929812007911, 0.39043587022607273]",29.970097258217287,3.300715912726708
"[0.04034618428806135, 0.7234424532912599, -0.9298909654735771, 0.39039462508919465]",29.970095535466424,3.300778745208104
"[0.04031779479713086, 0.723467093605319, -0.9298889424515777, 0.39035335593522674]",29.970093760054077,3.3008415776895013
"[0.040289391803469625, 0.7234917564771468, -0.9298869117157648, 0.39031205445676603]",29.970091922465606,3.3009044101708973
"[0.04026097802952426, 0.7235164395657823, -0.9298848734467992, 0.39027072458768486]",29.970090021950163,3.300967242652294
"[0.040232550521610816, 0.7235411454602827, -0.929882827418695, 0.3902293620065146]",29.970088058848262,3.3010300751336907
"[0.04020411080639628, 0.7235658728579009, -0.929880773726693, 0.3901879689084552]",29.97008603389854,3.3010929076150872
"[0.04017566057890189, 0.7235906203071069, -0.9298787124796905, 0.390146547736562]",29.970083947732185,3.3011557400964837
"[0.0401471988413262, 0.7236153886977049, -0.9298766435921201, 0.3901050970145668]",29.970081802838724,3.3012185725778806
"[0.04011872137796617, 0.7236401817232665, -0.9298745667423701, 0.39006361057574007]",29.97007958558608,3.301281405059277
"[0.040090236279524884, 0.72366499236262, -0.9298724825066766, 0.3900221001821818]",29.970077319411853,3.3013442375406736
"[0.04006173570626008, 0.7236898274668294, -0.9298703902976789, 0.3899805543848856]",29.97007498291653,3.3014070700220706
"[0.040033225339714665, 0.7237146821089648, -0.9298682905179181, 0.3899389814400289]",29.9700725850299,3.301469902503467
"[0.04000470450431567, 0.7237395568990578, -0.9298661831048702, 0.3898973803399129]",29.97007013286599,3.301532734984863
"[0.03997616722078423, 0.7237644570769524, -0.9298640676015467, 0.3898557423359275]",29.970067604422503,3.3015955674662605
"[0.03994761928436796, 0.7237893776111328, -0.929861944422277, 0.38981407585646083]",29.97006502018221,3.3016583999476565
"[0.039919061054169716, 0.7238143182097039, -0.9298598135806933, 0.38977238140247866]",29.970062375748043,3.301721232429053
"[0.03989048669721366, 0.7238392839915505, -0.9298576746264938, 0.38973065043103283]",29.97005965734013,3.30178406491045
"[0.03986190289200183, 0.7238642691459508, -0.9298555280447991, 0.38968889266923323]",29.970056887073078,3.3018468973918464
"[0.03983330642040149, 0.7238892765082588, -0.9298533735803672, 0.38964710339168035]",29.970054046412685,3.301909729873243
"[0.039804698411261503, 0.7239143051149589, -0.9298512113038926, 0.3896052842224629]",29.97005114949137,3.30197256235464
"[0.039776076528066785, 0.723939357034627, -0.9298490410239566, 0.38956343171964913]",29.97004818200977,3.3020353948360364
"[0.03974744516059312, 0.7239644284482528, -0.9298468630593261, 0.3895215522771684]",29.970045156495864,3.302098227317433
"[0.039718796248496314, 0.7239895264394145, -0.9298446767814007, 0.3894796340774529]",29.970042056450808,3.30216105979883
"[0.03969013928635809, 0.724014642714997, -0.9298424828997742, 0.3894376909860009]",29.970038903344264,3.3022238922802263
"[0.03966146999377603, 0.724039781048157, -0.929840281073678, 0.38939571671477324]",29.97003568498386,3.3022867247616223
"[0.03963278710509678, 0.7240649425736057, -0.9298380711907721, 0.38935370938374875]",29.970032399124317,3.3023495572430197
"[0.039604093400284354, 0.7240901248767513, -0.9298358534506375, 0.3893116730383166]",29.970029055922872,3.3024123897244158
"[0.039575384025584595, 0.724115332242708, -0.929833627462742, 0.3892696005402652]",29.970025637290007,3.3024752222058122
"[0.03954666585313004, 0.7241405586618386, -0.9298313937452358, 0.38922750193430394]",29.970022163974605,3.302538054687209
"[0.039517933753334046, 0.7241658086632486, -0.9298291518850811, 0.389185369675912]",29.97001862143482,3.3026008871686057
"[0.039489188432091614, 0.7241910816524832, -0.9298269019216396, 0.3891432047721328]",29.970015012795283,3.302663719650002
"[0.03946043022343606, 0.7242163773611761, -0.9298246438657, 0.38910100768555195]",29.970011337611503,3.302726552131399
"[0.03943165798602134, 0.7242416968190957, -0.9298223776119625, 0.38905877671347505]",29.97000759317351,3.3027893846127956
"[0.039402876885925524, 0.7242670355036133, -0.929820103553113, 0.38901651941325255]",29.970003795910856,3.302852217094192
"[0.03937408238817555, 0.724292397430459, -0.9298178213168197, 0.3889742291016356]",29.969999931472522,3.302915049575589
"[0.039345271252712595, 0.7243177854812904, -0.9298155306293584, 0.3889319009896684]",29.969995986035247,3.3029778820569855
"[0.039316452868446566, 0.7243431914069404, -0.929813232222543, 0.38888954884506005]",29.969991991142958,3.3030407145383824
"[0.03928761862613272, 0.7243686228210102, -0.9298109253953456, 0.3888471599898996]",29.969987921890954,3.303103547019779
"[0.0392587731739589, 0.7243940756500946, -0.9298086105037288, 0.3888047412290345]",29.969983792078636,3.303166379501175
"[0.0392299138496229, 0.7244195522684498, -0.9298062873188507, 0.3887622886203674]",29.96997959256219,3.3032292119825724
"[0.039201044964300574, 0.724445048894371, -0.9298039561731614, 0.38871980847977483]",29.969975333037272,3.3032920444639684
"[0.039172161348208445, 0.7244705701184475, -0.9298016166342561, 0.38867729317340816]",29.96997100386964,3.303354876945365
"[0.0391432630050802, 0.7244961159652431, -0.929799268685527, 0.3886347426765064]",29.969966602853518,3.303417709426762
"[0.03911435305516229, 0.724521683702516, -0.929796912564726, 0.38859216155527376]",29.969962137004746,3.3034805419081583
"[0.0390854312079452, 0.7245472736115683, -0.92979454823344, 0.3885495493556392]",29.96995760994029,3.303543374389555
"[0.03905649430025627, 0.7245728885176664, -0.929792175417027, 0.3885069013884693]",29.969953005976024,3.3036062068709517
"[0.039027547959550504, 0.7245985234644575, -0.9297897945617787, 0.38846422592069174]",29.96994834773526,3.3036690393523482
"[0.03899858790626777, 0.7246241822662266, -0.9297874053010214, 0.3884215166169062]",29.969943618003093,3.3037318718337447
"[0.038969612119951084, 0.7246498667412771, -0.9297850074509844, 0.3883787704668581]",29.969938811424697,3.3037947043151417
"[0.03894062596743313, 0.7246755721585737, -0.9297826014399448, 0.38833599535965285]",29.96993394995519,3.303857536796538
"[0.038911626472251604, 0.7247013011824778, -0.9297801870058692, 0.3882931868762972]",29.96992901364008,3.303920369277934
"[0.03888261400171472, 0.7247270535135183, -0.9297777641633561, 0.38825034553051513]",29.969924013739895,3.3039832017593316
"[0.0388535872552627, 0.7247528303331565, -0.9297753327874256, 0.38820746937261674]",29.969918938305405,3.3040460342407276
"[0.038824548000096805, 0.7247786300988559, -0.9297728930098865, 0.3881645609840568]",29.969913797948738,3.304108866722124
"[0.038795496650303796, 0.7248044524682505, -0.929770444850108, 0.38812162094925795]",29.96990859478763,3.304171699203521
"[0.03876643196762321, 0.7248302985680438, -0.9297679881879836, 0.38807864740992387]",29.969903319623427,3.3042345316849175
"[0.03873735317413915, 0.724856169117376, -0.9297655229412011, 0.388035639186314]",29.969897973585535,3.304297364166314
"[0.038708261302630456, 0.7248820632246751, -0.929763049180829, 0.3879925977765147]",29.969892557007686,3.304360196647711
"[0.038679158528395804, 0.7249079789790874, -0.9297605670765471, 0.38794952637170294]",29.969887083218293,3.3044230291291075
"[0.03865004031308514, 0.7249339204488209, -0.9297580762250641, 0.3879064182263084]",29.969881530087775,3.304485861610504
"[0.0386209105535469, 0.7249598841894576, -0.9297555769432282, 0.38786327908000695]",29.969875915124064,3.304548694091901
"[0.038591766802611144, 0.7249858724086417, -0.9297530690051033, 0.38782010528026994]",29.96987022567851,3.3046115265732974
"[0.0385626083259022, 0.725011885789707, -0.9297505523302692, 0.3877768957084103]",29.969864463673847,3.3046743590546934
"[0.03853343995680568, 0.7250379200465903, -0.9297480273202186, 0.3877336574990796]",29.969858642738618,3.304737191536091
"[0.03850425616115547, 0.7250639801452913, -0.9297454934798992, 0.3876903824201756]",29.969852744720356,3.304800024017487
"[0.03847505639975481, 0.7250900665975893, -0.9297429507441481, 0.3876470696392897]",29.96984677041404,3.3048628564988833
"[0.0384458470132755, 0.7251161737656062, -0.9297403996489759, 0.38760372853297315]",29.969840735774287,3.3049256889802807
"[0.038416624796212426, 0.7251423045392521, -0.9297378398994589, 0.387560354318344]",29.969834633813075,3.3049885214616768
"[0.038387387040678955, 0.7251684613685214, -0.9297352712411254, 0.3875169429452754]",29.969828454820178,3.3050513539430733
"[0.03835813788479346, 0.7251946405790985, -0.929732694020774, 0.3874735005280533]",29.969822210112532,3.30511418642447
"[0.038328873618609524, 0.7252208455190687, -0.9297301078948971, 0.3874300215268592]",29.969815889451148,3.3051770189058667
"[0.038299596133207325, 0.7252470745237743, -0.9297275130132591, 0.3873865087203558]",29.969809499199027,3.3052398513872636
"[0.038270305242563495, 0.7252733277875818, -0.9297249093426513, 0.3873429618022718]",29.96980304080969,3.30530268386866
"[0.03824100128097638, 0.7252996050385337, -0.9297222968960965, 0.3872993812398646]",29.96979651017962,3.3053655163500566
"[0.0382116837781834, 0.7253259067261356, -0.9297196756148947, 0.387255766303865]",29.969789910000618,3.3054283488314535
"[0.038182352979239456, 0.7253522326585505, -0.9297170455040601, 0.3872121173287192]",29.969783236101577,3.30549118131285
"[0.03815300593236355, 0.7253785855149297, -0.9297144062809191, 0.38716842988955213]",29.96977648888128,3.3055540137942465
"[0.03812364961118884, 0.7254049590604286, -0.9297117585561786, 0.38712471433839]",29.969769677281967,3.3056168462756435
"[0.03809427550673448, 0.7254313609677848, -0.9297091015453146, 0.3870809579737583]",29.969762781135604,3.30567967875704
"[0.03806488851397641, 0.7254577868679751, -0.9297064356725735, 0.38703716805418886]",29.969755818739984,3.305742511238436
"[0.03803549013164298, 0.7254842354399582, -0.9297037610578658, 0.3869933467844361]",29.969748790558366,3.3058053437198334
"[0.03800607575488699, 0.7255107108552239, -0.929701077264954, 0.38694948726966305]",29.969741681777222,3.3058681762012294
"[0.03797664935431451, 0.7255372095690492, -0.9296983846385376, 0.38690559539903224]",29.969734505133232,3.305931008682626
"[0.03794720802528943, 0.7255637342256134, -0.9296956828956404, 0.3868616668094025]",29.969727253925385,3.305993841164023
"[0.037917751943505114, 0.725590284696958, -0.9296929720340826, 0.38681770173021063]",29.96971992646667,3.3060566736454193
"[0.037888287158865476, 0.72561685555637, -0.9296902525947689, 0.38677370916314785]",29.969712542384215,3.306119506126816
"[0.037858802798367175, 0.7256434566384984, -0.9296875235563669, 0.3867296728424222]",29.969705065531887,3.3061823386082128
"[0.03782930751433055, 0.7256700801681633, -0.929684785700999, 0.3866856056572053]",29.969697526606915,3.3062451710896092
"[0.037799796564203104, 0.7256967304547577, -0.9296820385712355, 0.38664150049126594]",29.969689908813994,3.3063080035710057
"[0.037770271868643505, 0.7257234057942591, -0.9296792823275046, 0.38659736018229307]",29.96968221879964,3.3063708360524027
"[0.03774073528462098, 0.7257501045369968, -0.9296765171262706, 0.3865531874764533]",29.96967445852549,3.306433668533799
"[0.037711181248372055, 0.7257768317427101, -0.9296737424282527, 0.3865089740201218]",29.96966661554609,3.306496501015195
"[0.03768161601377429, 0.725803581785851, -0.929670958802438, 0.386464729136812]",29.969658707511538,3.3065593334965926
"[0.03765203879950335, 0.7258303554000217, -0.9296681661592582, 0.38642045162885885]",29.969650729408226,3.3066221659779886
"[0.037622444266854724, 0.725857157448563, -0.9296653639761523, 0.38637613347112626]",29.969642667289918,3.306684998459385
"[0.037592832796630636, 0.7258839876205584, -0.9296625522686683, 0.38633177519709166]",29.969634523821526,3.306747830940782
"[0.037563211479115254, 0.725910839520877, -0.9296597316925017, 0.3862873873968002]",29.969626319465842,3.3068106634221786
"[0.03753357716036976, 0.7259377160352687, -0.9296569019313337, 0.38624296531567687]",29.969618039587925,3.306873495903575
"[0.037503927180333005, 0.7259646196067672, -0.9296540627127873, 0.38619850493348196]",29.96960968272928,3.306936328384972
"[0.03747426034284592, 0.7259915513538271, -0.9296512139023623, 0.38615400442082437]",29.969601242204376,3.3069991608663685
"[0.0374445827360363, 0.7260185057795767, -0.9296483560666619, 0.3861094728778184]",29.96959273461457,3.307061993347765
"[0.03741489123236826, 0.7260454857526744, -0.9296454888876574, 0.38606490558160156]",29.969584153075687,3.307124825829162
"[0.03738518176095535, 0.7260724950050993, -0.9296426119524386, 0.3860202963862843]",29.969575488071754,3.3071876583105584
"[0.037355460965242615, 0.7260995275284573, -0.9296397258855285, 0.38597565523352767]",29.969566756385113,3.3072504907919544
"[0.03732572588892191, 0.7261265860405512, -0.9296368303825137, 0.3859309776520554]",29.96955794290281,3.307313323273352
"[0.037295975293992215, 0.7261536716996461, -0.9296339253037682, 0.38588626174767326]",29.96954905445333,3.307376155754748
"[0.03726621068557262, 0.7261807831670387, -0.9296310107772611, 0.385841509748677]",29.96954008882962,3.3074389882361452
"[0.037236434393742204, 0.7262079183494816, -0.9296280870136762, 0.3857967251273182]",29.969531054780887,3.3075018207175413
"[0.03720663879630572, 0.7262350842257748, -0.9296251532449148, 0.38575189638437096]",29.969521930772196,3.3075646531989378
"[0.037176829948227505, 0.7262622753091409, -0.9296222100468216, 0.385707032593361]",29.969512731674694,3.3076274856803347
"[0.03714700773464807, 0.7262894917342801, -0.9296192573901015, 0.38566213354944323]",29.969503462176764,3.307690318161731
"[0.037117171118328955, 0.7263167344785515, -0.9296162951535972, 0.3856171976580836]",29.969494110193178,3.3077531506431277
"[0.03708731912929916, 0.7263440044597417, -0.9296133232216905, 0.3855722234239406]",29.969484682177665,3.3078159831245246
"[0.037057454368514896, 0.7263712993329922, -0.9296103418346345, 0.38552721473221785]",29.969475182588408,3.307878815605921
"[0.03702757180136685, 0.7263986237324879, -0.9296073504701029, 0.38548216396009216]",29.969465593358052,3.3079416480873176
"[0.036997676563549395, 0.7264259729950014, -0.9296043496224795, 0.38543707881486183]",29.969455934016906,3.3080044805687145
"[0.036967766175483426, 0.7264533494200506, -0.9296013390242056, 0.38539195552379424]",29.969446193096,3.308067313050111
"[0.03693784268832702, 0.7264807511617052, -0.9295983188628654, 0.38534679714763864]",29.969436378442442,3.308130145531507
"[0.03690790332691799, 0.7265081807932646, -0.9295952888391531, 0.3853015994640377]",29.969426483983526,3.3081929780129045
"[0.03687794792971634, 0.7265356384967692, -0.9295922489162557, 0.3852563621925149]",29.96941650507371,3.3082558104943005
"[0.036847979083297955, 0.7265631219337978, -0.9295891993371671, 0.38521108920439107]",29.969406454100334,3.308318642975697
"[0.036817994541771815, 0.7265906331963077, -0.9295861398539562, 0.38516577707225674]",29.969396319184295,3.308381475457094
"[0.03678799837824213, 0.7266181685783266, -0.9295830708635532, 0.3851204319180531]",29.969386114115206,3.3084443079384904
"[0.03675798235545037, 0.7266457356753924, -0.9295799915027401, 0.38507504125297426]",29.969375812852157,3.308507140419887
"[0.03672795398167078, 0.7266733276264042, -0.929576902521011, 0.3850296163939558]",29.969365443934205,3.308569972901284
"[0.03669791299575502, 0.7267009447010937, -0.9295738038737038, 0.3849841569143147]",29.969354999653003,3.3086328053826803
"[0.03666785393430521, 0.7267285919557428, -0.929570694977057, 0.38493865451042686]",29.969344466561303,3.308695637864077
"[0.036637779791071724, 0.7267562666722572, -0.9295675761194035, 0.3848931136759979]",29.96933385318415,3.3087584703454738
"[0.036607691310678286, 0.7267839681984121, -0.9295644473581903, 0.38484753550330353]",29.96932316026345,3.3088213028268703
"[0.036577587975673835, 0.7268116970435142, -0.9295613086198922, 0.3848019191733176]",29.969312388758986,3.3088841353082663
"[0.036547469588440365, 0.7268394534230526, -0.9295581598638489, 0.38475626435077276]",29.96930153589212,3.3089469677896637
"[0.036517336260557795, 0.7268672372677889, -0.9295550010815944, 0.38471057116885427]",29.969290603735132,3.3090098002710597
"[0.03648718615361613, 0.7268950503076324, -0.9295518320595141, 0.3846648368024858]",29.96927958626552,3.3090726327524562
"[0.036457022250679996, 0.7269228898248801, -0.9295486530906948, 0.3846190657400981]",29.96926848913027,3.3091354652338536
"[0.036426843296718636, 0.7269507570108702, -0.9295454640231043, 0.3845732560420307]",29.96925731267498,3.3091982977152496
"[0.03639665037565324, 0.7269786508979208, -0.9295422649514039, 0.3845274093181395]",29.969246056909167,3.309261130196646
"[0.03636643973768632, 0.7270065749854084, -0.9295390554572405, 0.38448151983687834]",29.969234713531353,3.309323962678043
"[0.03633621705093398, 0.7270345240680822, -0.9295358361225058, 0.3844355961718316]",29.969223296318436,3.3093867951594396
"[0.03630597577919216, 0.7270625042249703, -0.9295326062302776, 0.3843896283542253]",29.969211786385802,3.309449627640836
"[0.0362757193143408, 0.7270905123545768, -0.9295293661207601, 0.3843436215003315]",29.969200198008167,3.309512460122233
"[0.03624544903364606, 0.7271185472155388, -0.9295261159213692, 0.3842975776685591]",29.969188528789896,3.3095752926036295
"[0.036215164034380076, 0.7271466096772224, -0.9295228555152681, 0.38425149545027154]",29.969176779888166,3.3096381250850264
"[0.0361848623683353, 0.7271747015802087, -0.9295195846715509, 0.3842053718432066]",29.969164941579567,3.309700957566423
"[0.03615454395684906, 0.7272028230342557, -0.9295163033596476, 0.3841592066881046]",29.969153021447084,3.3097637900478194
"[0.036124208467097345, 0.7272309743852663, -0.9295130115212391, 0.38411299943825705]",29.969141012050574,3.3098266225292163
"[0.03609386270062556, 0.7272591493541773, -0.9295097098748263, 0.3840667604189769]",29.969128929803063,3.309889455010613
"[0.036063497182193184, 0.7272873567731245, -0.9295063973687409, 0.38402047515541676]",29.96911675524879,3.309952287492009
"[0.03603311942678305, 0.727315589697369, -0.929503074801137, 0.3839741550637538]",29.969104505118676,3.3100151199734063
"[0.036002722421940456, 0.7273438546801275, -0.9294997413835626, 0.38392778941300654]",29.969092163095315,3.3100779524548023
"[0.035972311767023646, 0.7273721465517207, -0.9294963977079397, 0.3838813867045042]",29.96907973972028,3.310140784936199
"[0.035941885497310325, 0.7274004671744588, -0.9294930435376548, 0.38383494390359774]",29.969067231950998,3.3102036174175957
"[0.03591144260975235, 0.7274288175186103, -0.9294896787402155, 0.38378845944003226]",29.969054638553146,3.310266449898992
"[0.03588098279919288, 0.7274571979059886, -0.9294863032593641, 0.38374193280752844]",29.969041955598048,3.3103292823803887
"[0.03585051104097472, 0.7274856037353341, -0.929482917625911, 0.38369537156915556]",29.96902919626194,3.3103921148617856
"[0.03582002267886068, 0.7275140393814742, -0.9294795213020675, 0.38364876857366315]",29.969016354891032,3.310454947343182
"[0.03578951392730983, 0.7275425084153907, -0.9294761138419674, 0.383602117991313]",29.969003409814,3.3105177798245786
"[0.03575899436524786, 0.7275710019348754, -0.9294726962937746, 0.38355543443037876]",29.96899039707102,3.3105806123059756
"[0.035728455002673784, 0.7275995283690947, -0.9294692676293232, 0.38350870410115107]",29.968977284564083,3.310643444787372
"[0.03569790193260987, 0.7276280820647303, -0.9294658285098941, 0.38346193628619585]",29.968964094486022,3.310706277268768
"[0.03566733105219296, 0.7276566668929255, -0.9294623784517008, 0.38341512466598127]",29.9689508084738,3.3107691097501655
"[0.03563674661271406, 0.7276852789153178, -0.9294589179125827, 0.3833682757110889]",29.968937448058856,3.3108319422315615
"[0.03560614432875309, 0.7277139221778047, -0.9294554463856584, 0.38332138281784023]",29.96892399379021,3.310894774712958
"[0.03557552657410722, 0.7277425944968418, -0.9294519641173281, 0.3832744495827353]",29.968910454306123,3.310957607194355
"[0.035544892629527675, 0.7277712965831701, -0.9294484710035888, 0.3832274748635747]",29.968896824619513,3.3110204396757514
"[0.03551424420970102, 0.7278000268667976, -0.9294449672181548, 0.38318046125074695]",29.9688831135801,3.311083272157148
"[0.03548357512000939, 0.7278287911945087, -0.929441452029014, 0.3831333991992294]",29.96886930291485,3.311146104638545
"[0.03545289119410249, 0.727857584135166, -0.9294379260807611, 0.38308629761774754]",29.968855409630997,3.3112089371199414
"[0.03542219772688281, 0.7278864007524671, -0.9294343899626859, 0.3830391646002471]",29.96884144614378,3.311271769601338
"[0.03539147982627922, 0.7279152550671335, -0.9294308419356561, 0.3829919772364135]",29.96882737116217,3.311334602082735
"[0.03536074941168916, 0.7279441359243909, -0.9294272833515798, 0.3829447537917404]",29.96881321911501,3.3113974345641313
"[0.03533000211331333, 0.7279730474671768, -0.9294237136829202, 0.3828974875127649]",29.968798976096007,3.3114602670455273
"[0.03529923729199085, 0.7280019903363367, -0.9294201328316795, 0.382850177374339]",29.968784640119306,3.3115230995269247
"[0.035268454443360506, 0.7280309650471267, -0.9294165407148015, 0.38280282255722436]",29.968770210978793,3.3115859320083207
"[0.03523765673441472, 0.7280599686575007, -0.9294129376786372, 0.3827554278918471]",29.96875569782649,3.3116487644897172
"[0.03520684479715487, 0.7280890006085182, -0.9294093237755665, 0.38270799431234087]",29.968741100335617,3.311711596971114
"[0.03517601206944592, 0.7281180671238716, -0.9294056982116612, 0.38266051167313914]",29.96872640192903,3.3117744294525107
"[0.0351451662811855, 0.728147160956341, -0.9294020618720785, 0.3826129918357738]",29.96871162145538,3.3118372619339076
"[0.03511430120381876, 0.7281762880195959, -0.9293984139993857, 0.38256542516335623]",29.968696745731346,3.311900094415304
"[0.035083421870708086, 0.7282054436035388, -0.9293947551647174, 0.3825178193703919]",29.96868178419723,3.3119629268967006
"[0.035052525817010946, 0.7282346300734652, -0.9293910850533795, 0.3824701706164627]",29.96866673261403,3.3120257593780975
"[0.03502161010398937, 0.7282638502475984, -0.9293874032911575, 0.38242247432432885]",29.96865158000468,3.312088591859494
"[0.034990679793982994, 0.728293099381868, -0.9293837104567068, 0.3823747382607387]",29.968636343670532,3.3121514243408905
"[0.03495973138638322, 0.7283223808261844, -0.9293800061085222, 0.38232695698091596]",29.968621016114035,3.3122142568222874
"[0.034928769273752415, 0.7283516904635826, -0.9293762907491626, 0.3822791372250687]",29.96860559900367,3.312277089303684
"[0.03489778759745678, 0.7283810338801899, -0.9293725636516902, 0.3822312699019773]",29.96859008395042,3.31233992178508
"[0.034866788065172294, 0.7284104095019646, -0.9293688249956784, 0.3821833576036628]",29.968574477986735,3.3124027542664773
"[0.034835771947076065, 0.7284398161664956, -0.9293650749097593, 0.3821354022493244]",29.968558778463965,3.3124655867478734
"[0.034804741132837824, 0.7284692521211467, -0.9293613135992425, 0.3820874067192721]",29.96854299051599,3.31252841922927
"[0.034773689425883283, 0.7284987232862804, -0.9293575402878438, 0.38203936138411676]",29.968527100858207,3.312591251710667
"[0.03474262387794814, 0.728528223010821, -0.9293537558076251, 0.3819912771103034]",29.96851112650786,3.3126540841920633
"[0.03471153955787683, 0.7285577560176146, -0.9293499595339366, 0.3819431462224452]",29.96849505188455,3.31271691667346
"[0.03468043982255049, 0.728587319158817, -0.9293461518520498, 0.38189497387412236]",29.96847889124279,3.3127797491548567
"[0.03464932008115425, 0.7286169168409425, -0.9293423321745727, 0.38184675290898124]",29.968462631252308,3.3128425816362532
"[0.03461818764694145, 0.7286465421490075, -0.9293385013750277, 0.3817984946159982]",29.96844628566422,3.3129054141176497
"[0.03458703613673014, 0.7286762011971598, -0.9293346586442343, 0.3817501890581953]",29.968429842304083,3.3129682465990467
"[0.03455586423557621, 0.7287058952831984, -0.9293308037926399, 0.3817018341474503]",29.9684132947254,3.313031079080443
"[0.03452467774314337, 0.7287356189249956, -0.9293269375121277, 0.3816534388350433]",29.96839666033933,3.313093911561839
"[0.0344934731178414, 0.7287653755389981, -0.9293230593392993, 0.3816049975815975]",29.968379930758783,3.3131567440432366
"[0.034462250786858536, 0.7287951647612652, -0.9293191693014132, 0.38155651100398785]",29.96836310357664,3.3132195765246326
"[0.03443101087051443, 0.7288249865201116, -0.9293152673878247, 0.38150797924315294]",29.96834617899857,3.313282409006029
"[0.03439975333814432, 0.7288548408879522, -0.9293113535690571, 0.3814594022055225]",29.968329158376115,3.3133452414874265
"[0.03436848159185385, 0.7288847246560869, -0.9293074282469646, 0.38141078513514887]",29.968312052175925,3.3134080739688225
"[0.034337188770381534, 0.7289146444246515, -0.9293034905345048, 0.3813621173188698]",29.968294841127882,3.313470906450219
"[0.03430587868851159, 0.7289445965920697, -0.9292995408844326, 0.3813134046406605]",29.968277532938036,3.313533738931616
"[0.0342745509566488, 0.7289745815743632, -0.9292955792218687, 0.38126464644830654]",29.968260128727703,3.3135965714130124
"[0.03424320681111857, 0.7290045982309716, -0.9292916056777693, 0.3812158446205737]",29.968242629561544,3.313659403894409
"[0.034211842325965525, 0.729034650366511, -0.9292876197277269, 0.3811669929970049]",29.968225025178935,3.313722236375806
"[0.034180463107267446, 0.7290647326532226, -0.9292836220582136, 0.38111810026280996]",29.96820733437906,3.3137850688572024
"[0.034149064824331735, 0.7290948492856798, -0.9292796120920762, 0.38106915962472393]",29.96818954437764,3.313847901338599
"[0.03411764675057705, 0.729125001007667, -0.9292755897086492, 0.3810201699002138]",29.96817164324839,3.313910733819996
"[0.03408621253896657, 0.7291551843581762, -0.9292715553490628, 0.3809711367377269]",29.968153655348615,3.3139735663013923
"[0.0340547611444962, 0.7291854003834394, -0.9292675088538274, 0.38092205846180555]",29.968135568284655,3.3140363987827883
"[0.034023291412506027, 0.7292156502373724, -0.9292634500479167, 0.38087293322325155]",29.96811738230181,3.3140992312641857
"[0.033991802680612894, 0.7292459346028033, -0.9292593788185095, 0.3808237599389587]",29.968099093461017,3.3141620637455818
"[0.033960298155272475, 0.7292762504401716, -0.9292552955539359, 0.3807745435691969]",29.968080712086365,3.314224896226979
"[0.03392876903420885, 0.7293066062683459, -0.9292511990843787, 0.38072527031105047]",29.96806221302504,3.314287728708375
"[0.03389722544349671, 0.7293369923858647, -0.9292470906970891, 0.3806759559384561]",29.968043627520476,3.3143505611897717
"[0.03386566802823555, 0.7293674082108181, -0.9292429704527783, 0.3806266014183708]",29.96802494861836,3.3144133936711686
"[0.03383408974166181, 0.7293978605796546, -0.929238837404973, 0.3805771956826333]",29.968006165633422,3.314476226152565
"[0.033802490086867774, 0.7294283500221678, -0.9292346914585407, 0.38052773789973093]",29.967987269901244,3.3145390586339616
"[0.03377087366927374, 0.7294588721422505, -0.9292305331895296, 0.38047823522721597]",29.967968278582035,3.3146018911153585
"[0.03373923971593339, 0.7294894277307141, -0.9292263624698697, 0.3804286864075869]",29.96794919008868,3.314664723596755
"[0.033707585785915824, 0.7295200191925283, -0.9292221789497238, 0.3803790875673367]",29.967929994069035,3.3147275560781515
"[0.03367591583740138, 0.729550642748535, -0.9292179831248756, 0.38032944485958065]",29.967910704383634,3.3147903885595484
"[0.03364422576879737, 0.7295813024111965, -0.9292137744244449, 0.38027975180583323]",29.967891307157753,3.314853221040945
"[0.03361251846307673, 0.7296119954387414, -0.9292095532031881, 0.38023001287644415]",29.9678718127688,3.314916053522341
"[0.033580791046354405, 0.7296427246606901, -0.9292053190503184, 0.3801802235126503]",29.967852209428845,3.3149788860037384
"[0.03354904648874795, 0.7296734872479748, -0.9292010723340105, 0.38013038832485657]",29.967832508085788,3.3150417184851344
"[0.033517281815018826, 0.7297042861315233, -0.9291968126279776, 0.3800805025916193]",29.967812698998326,3.315104550966531
"[0.033485499952413886, 0.7297351185209667, -0.9291925402964187, 0.38003057085928765]",29.96779279033829,3.315167383447928
"[0.03345369811901398, 0.7297659871629918, -0.9291882549370257, 0.3799805887064428]",29.967772777042597,3.3152302159293243
"[0.033421876407137716, 0.7297968920181238, -0.9291839565325191, 0.3799305562248355]",29.967752655482094,3.315293048410721
"[0.033390036179848606, 0.7298278318116691, -0.9291796452379418, 0.3798804755054228]",29.967732429794793,3.3153558808921177
"[0.033358181521448836, 0.7298588026196838, -0.9291753215798544, 0.37983035292494965]",29.967712114524538,3.3154187133735142
"[0.0333263000243413, 0.7298898165571351, -0.9291709838435489, 0.3797801689053615]",29.96769167368389,3.3154815458549107
"[0.03329440575783759, 0.7299208599879884, -0.929166633913403, 0.37972994553927714]",29.967671136948404,3.3155443783363077
"[0.03326248877360376, 0.729951942642426, -0.9291622704046973, 0.37967966711123363]",29.967650489470245,3.315607210817704
"[0.033230554894086536, 0.7299830589008754, -0.9291578940834418, 0.37962934273941296]",29.967629741013244,3.3156700432991
"[0.03319860170087249, 0.7300142111678801, -0.9291535045898207, 0.37957896856178247]",29.96760888847866,3.3157328757804976
"[0.0331666273565451, 0.730045401286407, -0.9291491016408648, 0.3795285416267951]",29.967587922540524,3.3157957082618936
"[0.033134636440089384, 0.7300766248392906, -0.9291446858378439, 0.37947806910351145]",29.967566858134674,3.31585854074329
"[0.03310262489682475, 0.7301078858331624, -0.9291402565920038, 0.3794275445426754]",29.967545682632686,3.315921373224687
"[0.03307059489675922, 0.7301391821997516, -0.9291358141735178, 0.3793769713152944]",29.967524403359494,3.3159842057060835
"[0.03303854207865503, 0.7301705182531724, -0.9291313579462649, 0.3793263424791662]",29.967503006045966,3.31604703818748
"[0.03300647421832725, 0.7302018864416072, -0.9291268889616936, 0.3792756702634386]",29.967481513184982,3.316109870668877
"[0.032974385470640015, 0.730233292531323, -0.9291224063765164, 0.3792249453804438]",29.967459908193142,3.3161727031502735
"[0.03294227661717561, 0.7302647358102857, -0.9291179102686086, 0.37917416900946654]",29.967438193146005,3.31623553563167
"[0.032910149976673055, 0.7302962140583336, -0.9291134009328336, 0.3791233447638296]",29.967416370583607,3.316298368113067
"[0.032878000397880976, 0.7303277323757177, -0.9291088776148395, 0.3790724644380415]",29.967394434534775,3.3163612005944634
"[0.032845833037578036, 0.7303592857600006, -0.929104341008782, 0.3790215361369351]",29.967372392408933,3.3164240330758603
"[0.03281364794283308, 0.7303908742139491, -0.9290997910924653, 0.37897055988336836]",29.967350247974636,3.316486865557257
"[0.032781439692926066, 0.7304225031112848, -0.929095227067966, 0.378919527034987]",29.96732798156475,3.316549698038653
"[0.03274921394838468, 0.7304541669467229, -0.9290906497058392, 0.3788684465040283]",29.967305614557116,3.3166125305200502
"[0.032716966648589876, 0.7304858697623127, -0.9290860583984868, 0.3788173117987517]",29.967283131595934,3.3166753630014463
"[0.03268469869224349, 0.7305176107295166, -0.9290814532413608, 0.3787661242858399]",29.967260532930744,3.3167381954828428
"[0.03265241368266438, 0.7305493863552383, -0.9290768347184298, 0.3787148896270186]",29.967237830933783,3.3168010279642397
"[0.032620105770485665, 0.7305812024499464, -0.9290722019614079, 0.37866359848308]",29.96721501169129,3.316863860445636
"[0.03258777956811461, 0.7306130545259973, -0.9290675555994793, 0.3786122581187107]",29.96719208587033,3.3169266929270327
"[0.03255543298158975, 0.7306449446992024, -0.9290628953006863, 0.37856086515269644]",29.96716904184003,3.3169895254084296
"[0.03252306616438036, 0.7306768728726017, -0.9290582210550781, 0.3785094197712972]",29.967145894084325,3.317052357889826
"[0.03249067724288513, 0.7307088409503177, -0.9290535325590646, 0.37845791893720493]",29.967122618371906,3.3171151903712226
"[0.03245827111744972, 0.7307408441492099, -0.929048830490455, 0.3784063703857132]",29.967099247102457,3.3171780228526195
"[0.032425843783418784, 0.7307728864769921, -0.9290441142370504, 0.3783547676907594]",29.96707575726878,3.317240855334016
"[0.03239339384024585, 0.7308049693752088, -0.9290393835611286, 0.37830310856242527]",29.967052144333785,3.317303687815412
"[0.03236092568111551, 0.730837088555556, -0.9290346390706089, 0.3782513999360735]",29.967028426458523,3.3173665202968095
"[0.03232843756455665, 0.7308692457938765, -0.9290298804797686, 0.37819963898219355]",29.967004592481715,3.317429352778206
"[0.032295927943249855, 0.7309014426777699, -0.9290251075289377, 0.37814782317621154]",29.96698064355808,3.317492185259602
"[0.032263398231539835, 0.7309336778627569, -0.9290203203926031, 0.37809595471282564]",29.966956580831905,3.3175550177409994
"[0.03223084498717076, 0.7309659548180861, -0.929015518529887, 0.378044028041696]",29.96693239596369,3.3176178502223954
"[0.032198277013255054, 0.7309982648690692, -0.9290107032077306, 0.37799205714826445]",29.96690810977986,3.317680682703792
"[0.032165683265904875, 0.7310306190279297, -0.9290058727603991, 0.3779400243500658]",29.966883693456882,3.317743515185189
"[0.032133070864249984, 0.7310630102871195, -0.9290010282080076, 0.37788794094926786]",29.966859166504516,3.3178063476665853
"[0.03210043593767808, 0.7310954425476562, -0.9289961689422278, 0.3778358007044262]",29.966834518480884,3.317869180147982
"[0.032067781168528, 0.7311279132016727, -0.9289912953284033, 0.37778360783987414]",29.966809754585494,3.3179320126293788
"[0.03203510765734702, 0.7311604212095274, -0.928986407498644, 0.37773136405695423]",29.96678488228668,3.3179948451107752
"[0.03200240912652013, 0.7311929728763327, -0.9289815044789042, 0.37767905925517453]",29.966759879624654,3.3180576775921717
"[0.03196969058386295, 0.7312255632773332, -0.9289765869843886, 0.3776267013808551]",29.966734760266593,3.3181205100735687
"[0.03193695015915105, 0.7312581943334147, -0.9289716546998874, 0.37757428737986587]",29.96670952317933,3.318183342554965
"[0.031904194680932085, 0.7312908592927062, -0.9289667086225166, 0.37752182812732327]",29.966684183201576,3.318246175036361
"[0.03187141096291455, 0.7313235713645548, -0.9289617467261244, 0.37746930244188587]",29.966658705928705,3.3183090075177586
"[0.031838608531118695, 0.7313563211066084, -0.9289567704154466, 0.37741672551934485]",29.966633113019558,3.3183718399991546
"[0.031805783704066164, 0.7313891122523493, -0.9289517790979457, 0.3773640913977484]",29.966607398030593,3.318434672480551
"[0.031772936800903394, 0.7314219445439655, -0.9289467727862429, 0.37731140052426243]",29.96658156404487,3.318497504961948
"[0.0317400722608973, 0.7314548136011638, -0.928941752123485, 0.37725865995999425]",29.96655561595594,3.3185603374433446
"[0.0317071808737966, 0.7314877286967909, -0.9289367156665521, 0.3772058548595601]",29.96652953273908,3.3186231699247415
"[0.03167427305772756, 0.7315206794656485, -0.9289316649751787, 0.37715300188474]",29.966503343483467,3.318686002406138
"[0.03164133911843356, 0.7315536756745875, -0.9289265985262698, 0.37710008540236484]",29.966477020225803,3.3187488348875345
"[0.03160838921141129, 0.7315867072086218, -0.9289215178470469, 0.37704712166671245]",29.96645059106757,3.3188116673689314
"[0.03157541379761569, 0.7316197836897476, -0.9289164214318276, 0.376994095282137]",29.966424026466306,3.318874499850328
"[0.031542416371635726, 0.7316529016774674, -0.9289113097825594, 0.37694101179947004]",29.966397341997652,3.3189373323317244
"[0.03150939920507545, 0.7316860589517652, -0.9289061832159943, 0.3768878748099165]",29.966370540178012,3.3190001648131213
"[0.03147635867500959, 0.7317192592121639, -0.9289010411336529, 0.3768346784182026]",29.966343610676756,3.319062997294518
"[0.03144329443081676, 0.731752502875924, -0.9288958834427699, 0.37678142199105186]",29.966316550701524,3.319125829775914
"[0.03141020751013014, 0.731785788964255, -0.9288907102673003, 0.3767281071315608]",29.966289362569974,3.3191886622573112
"[0.0313771015136047, 0.7318191139153707, -0.9288855221347123, 0.3766747395778661]",29.966262063101844,3.3192514947387073
"[0.03134397481471057, 0.7318524794254646, -0.9288803187556121, 0.3766213166460109]",29.96623464054252,3.3193143272201038
"[0.03131082123763027, 0.7318858917809542, -0.9288750991210889, 0.3765678283064078]",29.96620707855558,3.3193771597015007
"[0.03127764998266919, 0.7319193417732367, -0.9288698646423432, 0.37651428933531633]",29.96617940707483,3.319439992182897
"[0.031244453154194277, 0.7319528374268165, -0.9288646140367693, 0.37646068692312157]",29.966151593743504,3.3195028246642937
"[0.031211235170828258, 0.7319863743491214, -0.9288593479645848, 0.37640702813491755]",29.9661236621323,3.3195656571456906
"[0.031177992382319625, 0.7320199562907417, -0.9288540658087872, 0.3763533070052881]",29.966095595565072,3.319628489627087
"[0.031144729580602035, 0.7320535784753192, -0.9288487682929919, 0.3762995312100855]",29.96606740986308,3.3196913221084836
"[0.031111443093865133, 0.7320872446779334, -0.9288434547951455, 0.3762456947460775]",29.966039093524,3.3197541545898805
"[0.031078134362868447, 0.732120953507196, -0.928838125506635, 0.3761917998740254]",29.96601064711787,3.319816987071277
"[0.03104480308524218, 0.7321547053340571, -0.9288327803410146, 0.37613784603618605]",29.96598207673872,3.319879819552673
"[0.031011450768224445, 0.7321884986962792, -0.9288274195025003, 0.37608383560491226]",29.96595337843531,3.3199426520340705
"[0.030978072417018016, 0.7322223387220909, -0.9288220421487375, 0.3760297604205156]",29.965924542286857,3.3200054845154665
"[0.030944672956843312, 0.7322562204857689, -0.9288166490335371, 0.375975628390782]",29.965895584199707,3.320068316996863
"[0.03091125279509299, 0.7322901436369672, -0.9288112401858878, 0.37592144010983514]",29.965866499910213,3.32013114947826
"[0.030877804668066954, 0.7323241156180872, -0.9288058143895017, 0.3758671837268174]",29.965837271590857,3.3201939819596564
"[0.03084433782605152, 0.7323581271017183, -0.928800373105217, 0.37581287417518877]",29.9658079265639,3.320256814441053
"[0.030810845673650167, 0.7323921848560795, -0.9287949152223913, 0.37575850068309125]",29.96577844249568,3.32031964692245
"[0.030777328456406135, 0.7324262887030036, -0.9287894407390714, 0.37570406357352965]",29.96574882225655,3.3203824794038463
"[0.030743790167041783, 0.7324604346476954, -0.9287839502677042, 0.37564956925982745]",29.965719074319573,3.320445311885243
"[0.030710228274630217, 0.7324946253335715, -0.9287784433549833, 0.3755950135594983]",29.96568919400694,3.3205081443666398
"[0.030676643728144184, 0.732528859862171, -0.9287729201166528, 0.37554039794316113]",29.965659182235573,3.3205709768480363
"[0.030643033693473713, 0.7325631411926801, -0.9287673800454912, 0.3754857177278649]",29.965629034640912,3.3206338093294323
"[0.03060939994419827, 0.7325974675875053, -0.9287618233920091, 0.3754309757236705]",29.965598747456156,3.3206966418108297
"[0.03057574392907582, 0.7326318376366553, -0.9287562503554394, 0.3753761742163329]",29.965568330749882,3.3207594742922257
"[0.03054206640662369, 0.7326662506322449, -0.928750661022416, 0.3753213143708116]",29.9655377890054,3.320822306773623
"[0.03050836339926945, 0.73270071070864, -0.9287450546918987, 0.3752663896340833]",29.96550710639441,3.320885139255019
"[0.030474636243179615, 0.7327352165722536, -0.9287394315436507, 0.3752114021070616]",29.96547628523767,3.3209479717364156
"[0.03044088437591871, 0.732769768870577, -0.9287337914417265, 0.37515635079678744]",29.96544532681169,3.321010804217813
"[0.030407109430677648, 0.7328043660029557, -0.9287281346173698, 0.37510123829202124]",29.965414234867392,3.321073636699209
"[0.030373311217689557, 0.7328390082338778, -0.9287224609978465, 0.3750460642093593]",29.96538300350031,3.3211364691806056
"[0.03033948471507537, 0.7328737007858572, -0.9287167696960996, 0.3749908202713927]",29.965351627995418,3.3211993016620025
"[0.030305639422441275, 0.7329084339872626, -0.9287110622688504, 0.3749355219175464]",29.965320131596286,3.321262134143399
"[0.03027176616841543, 0.7329432173211592, -0.9287053371279941, 0.37488015408834385]",29.965288481791262,3.3213249666247955
"[0.030237871988576862, 0.7329780436362505, -0.9286995954198187, 0.374824728206644]",29.965256704129946,3.3213877991061924
"[0.030203949825362546, 0.7330129202577339, -0.9286938359057931, 0.37476923265403894]",29.96522477849232,3.321450631587589
"[0.030170005933268188, 0.7330478408296466, -0.9286880596042999, 0.3747136775841835]",29.965192719938898,3.321513464068985
"[0.030136038196823187, 0.7330828075990943, -0.9286822661140838, 0.37465805946043346]",29.96516052400902,3.3215762965503823
"[0.0301020440983718, 0.733117823233185, -0.9286764549616784, 0.37460237408099795]",29.965128180139285,3.321639129031779
"[0.030068022102346995, 0.7331528893931414, -0.9286706258380513, 0.3745466188465248]",29.965095688675706,3.321701961513175
"[0.03003398028016544, 0.7331879978332813, -0.9286647800832638, 0.3744908069072358]",29.96506306906548,3.3217647939945723
"[0.02999991336304535, 0.7332231540584264, -0.9286589167512251, 0.37443492955048663]",29.965030307949046,3.3218276264759683
"[0.029965820472566535, 0.7332583590521813, -0.9286530356457222, 0.3743789852542763]",29.964997399446442,3.321890458957365
"[0.029931700963053774, 0.7332936135600753, -0.9286471366093347, 0.37432297287604077]",29.964964343434847,3.3219532914387617
"[0.029897559130451484, 0.7333289132187315, -0.9286412203407869, 0.374266899388883]",29.964931154282834,3.322016123920158
"[0.029863388632654284, 0.7333642646630171, -0.9286352856957479, 0.3742107542949563]",29.96489780782855,3.3220789564015547
"[0.02982919686672092, 0.733399660317105, -0.9286293339140832, 0.37415454966742234]",29.964864331277337,3.3221417888829516
"[0.029794975698783074, 0.7334351086790782, -0.928623363534533, 0.3740982720539175]",29.964830694658335,3.322204621364348
"[0.02976073472587102, 0.7334705998843513, -0.9286173761867977, 0.3740419371565241]",29.964796933188925,3.3222674538457446
"[0.02972646366590533, 0.7335061446679452, -0.9286113700277852, 0.37398552797720086]",29.96476300753908,3.3223302863271416
"[0.0296921676633756, 0.7335417377769357, -0.9286053459107504, 0.3739290528963755]",29.964728938919652,3.322393118808538
"[0.029657848861192625, 0.7335773770632084, -0.9285993041679599, 0.37387251536320576]",29.964694734261943,3.322455951289934
"[0.02962350138777507, 0.7336130687040016, -0.9285932437192593, 0.373815905620877]",29.96466037110582,3.3225187837713315
"[0.029589131938009855, 0.7336488058215848, -0.9285871656998196, 0.3737592346203826]",29.96462587214378,3.3225816162527275
"[0.029554732439049602, 0.7336845968907978, -0.928581068634949, 0.3737024889656814]",29.96459121299326,3.322644448734124
"[0.0295203099358553, 0.7337204346636922, -0.928574953725516, 0.37364568019192373]",29.964556413019437,3.322707281215521
"[0.029485859858216414, 0.7337563239781684, -0.9285688201132085, 0.3735888006729288]",29.964521458160743,3.3227701136969174
"[0.02945138431508455, 0.7337922627196367, -0.9285626681254613, 0.37353185380400167]",29.96448635783437,3.322832946178314
"[0.029416885365009925, 0.7338282488207302, -0.9285564980839436, 0.37347484290310073]",29.96445111415923,3.322895778659711
"[0.02938235450493969, 0.7338642912362728, -0.9285503084182202, 0.37341775382887465]",29.96441570069832,3.3229586111411074
"[0.029347798097671123, 0.7339003834125655, -0.9285441002177054, 0.3733605970084608]",29.96438014185715,3.323021443622504
"[0.029313218177250078, 0.7339365233046176, -0.9285378738016586, 0.3733033757229269]",29.96434443691182,3.323084276103901
"[0.029278612453426153, 0.733972713385943, -0.9285316287112529, 0.3732460860986768]",29.964308582599575,3.3231471085852973
"[0.02924397910572903, 0.7340089556446795, -0.9285253645688852, 0.3731887250333405]",29.96427257217458,3.323209941066694
"[0.029209319837839337, 0.7340452483826927, -0.928519081633418, 0.37313129525964456]",29.96423641171355,3.3232727735480907
"[0.029174630259958957, 0.7340815962843341, -0.9285127790580208, 0.37307378941155145]",29.96420008623519,3.3233356060294867
"[0.029139917760922993, 0.734117991692428, -0.928506458135772, 0.37301621964861137]",29.964163614299384,3.323398438510884
"[0.029105179094997595, 0.7341544380909883, -0.9285001182286869, 0.3729585805031377]",29.964126993572556,3.32346127099228
"[0.02907041094406598, 0.7341909390490985, -0.9284937586800793, 0.37290086637730263]",29.96409020824754,3.3235241034736767
"[0.029035617881792604, 0.7342274898519788, -0.9284873802760417, 0.3728430847720757]",29.96405327372523,3.3235869359550736
"[0.029000793186976667, 0.7342640976496733, -0.9284809817324607, 0.37278522443155043]",29.964016168072433,3.32364976843647
"[0.028965947123293836, 0.7343007517389089, -0.9284745648852324, 0.37272730231844015]",29.963978925511956,3.3237126009178666
"[0.028931067268119042, 0.734337465275279, -0.9284681273953618, 0.3726692976906799]",29.96394150093526,3.3237754333992635
"[0.028896164266391453, 0.7343742271447246, -0.9284616711748648, 0.37261122815553]",29.963903934125245,3.32383826588066
"[0.028861234932848503, 0.7344110407852263, -0.9284551955864048, 0.37255308832664996]",29.96386621387509,3.3239010983620565
"[0.028826275479161105, 0.7344479102800188, -0.9284486998750382, 0.3724948718032902]",29.9638283225533,3.3239639308434534
"[0.02879129043666983, 0.7344848309402252, -0.9284421848304171, 0.3724365860368071]",29.963790278345055,3.32402676332485
"[0.028756276589825366, 0.7345218062482547, -0.9284356498021014, 0.3723782255767621]",29.963752075263375,3.324089595806246
"[0.02872123693662691, 0.7345588331276033, -0.9284290952977335, 0.3723197953263904]",29.96371371145161,3.3241524282876433
"[0.02868616582171601, 0.7345959176468582, -0.928422520205698, 0.3722612857580153]",29.96367517596595,3.3242152607690394
"[0.028651070128938465, 0.7346330526184616, -0.9284159257634687, 0.37220270826007956]",29.96363649038397,3.324278093250436
"[0.0286159408330393, 0.7346702476861099, -0.9284093102206006, 0.3721440476700003]",29.96359762548634,3.324340925731833
"[0.028580788257979443, 0.7347074920116796, -0.9284026754673619, 0.3720853211297312]",29.96355861025388,3.3244037582132293
"[0.02854560763783521, 0.7347447907320682, -0.9283960205536528, 0.3720265205858869]",29.963519435457417,3.324466590694626
"[0.028510397313467342, 0.7347821457007222, -0.9283893451108304, 0.37196764316634234]",29.96348008911177,3.3245294231760227
"[0.028475157999878563, 0.7348195562547952, -0.9283826492188986, 0.37190868996625787]",29.963440573966505,3.3245922556574192
"[0.028439890537858923, 0.734857021596047, -0.9283759329829013, 0.3718496622933018]",29.963400897124263,3.3246550881388157
"[0.028404593774773737, 0.7348945430439252, -0.9283691961282579, 0.37179055811871853]",29.963361053861227,3.3247179206202127
"[0.028369269991018298, 0.7349321182683791, -0.9283624390357023, 0.3717313811624681]",29.96332104707595,3.324780753101609
"[0.028333917786105316, 0.7349697488525873, -0.9283556613832333, 0.37167212898055124]",29.963280873941372,3.324843585583005
"[0.028298533467461515, 0.7350074388262607, -0.9283488624053863, 0.37161279527995295]",29.96324052194543,3.3249064180644026
"[0.02826312211540615, 0.7350451828760263, -0.9283420430215245, 0.3715533884767987]",29.9632000091456,3.3249692505457986
"[0.028227682232249977, 0.7350829826926805, -0.9283352028885715, 0.3714939059597139]",29.96315932622132,3.325032083027195
"[0.028192210842740043, 0.7351208415491497, -0.9283283413745762, 0.37143434263062297]",29.963118469872708,3.325094915508592
"[0.02815671219575223, 0.7351587550090695, -0.928321459244383, 0.37137470552102114]",29.963077445793488,3.3251577479899885
"[0.028121182551033394, 0.7351967271653799, -0.9283145557159826, 0.37131498824445053]",29.963036248549834,3.325220580471385
"[0.028085626044778426, 0.7352347536956712, -0.9283076315362592, 0.37125519765019027]",29.962994885764992,3.325283412952782
"[0.028050038492481822, 0.7352728391736315, -0.9283006858333426, 0.37119532659862914]",29.962953346748087,3.3253462454341784
"[0.028014421529237932, 0.735310981950973, -0.9282937188675353, 0.3711353777341473]",29.96291163352325,3.3254090779155754
"[0.02797877425207552, 0.7353491830958039, -0.928286730403694, 0.37107534943102377]",29.9628697492381,3.325471910396972
"[0.027943095151373883, 0.7353874443299565, -0.9282797200855933, 0.371015239038043]",29.962827679014566,3.3255347428783684
"[0.027907389958574634, 0.7354257596069674, -0.9282726889816885, 0.37095505610691026]",29.962785449983805,3.3255975753597653
"[0.027871652488998908, 0.7354641356642065, -0.9282656358159442, 0.3708947901078267]",29.962743036386442,3.325660407841162
"[0.027835884891976786, 0.735502570298992, -0.9282585609515774, 0.3708344445549421]",29.962700448335493,3.325723240322558
"[0.02780008874260919, 0.7355410619203485, -0.9282514646414501, 0.37077402199948184]",29.962657688022315,3.325786072803955
"[0.027764258130102207, 0.7355796169908464, -0.9282443456520506, 0.37071351235246053]",29.962614737003527,3.3258489052853517
"[0.027728399953600272, 0.7356182281926857, -0.9282372052928625, 0.37065292715402104]",29.96257161864659,3.3259117377667478
"[0.027692511075213037, 0.7356568990067787, -0.928230042880096, 0.37059226099575854]",29.962528319916938,3.325974570248145
"[0.027656590041895992, 0.7356956311063443, -0.9282228580615762, 0.3705315113088575]",29.96248483429041,3.326037402729541
"[0.02762064151472481, 0.7357344195698547, -0.9282156517093717, 0.3704706858671048]",29.962441184197214,3.3261002352109377
"[0.02758466135953341, 0.7357732689621374, -0.9282084229346803, 0.3704097775667099]",29.9623973464567,3.3261630676923346
"[0.027548648753704427, 0.7358121802813544, -0.9282011715086677, 0.3703487848999974]",29.962353324049232,3.326225900173731
"[0.02751260274576901, 0.7358511546678569, -0.9281938971747974, 0.37028770613785716]",29.962309111995406,3.3262887326551276
"[0.027476527776000507, 0.7358901874293834, -0.9281866007663558, 0.37022654869045785]",29.962264721105257,3.3263515651365245
"[0.027440421421525522, 0.7359292812942839, -0.9281792817316781, 0.37016530833874145]",29.96222015207153,3.326414397617921
"[0.02740428346757375, 0.7359684366052494, -0.928171939963638, 0.37010398460324223]",29.962175395950002,3.3264772300993175
"[0.0273681173385578, 0.7360076497588169, -0.9281645760963327, 0.37004258318339756]",29.962130464117568,3.3265400625807144
"[0.027331911319395424, 0.7360469335737165, -0.9281571876769927, 0.3699810840675918]",29.962085321817067,3.326602895062111
"[0.027295679043432438, 0.7360862733724981, -0.9281497774213906, 0.3699195102930681]",29.96204000714811,3.326665727543507
"[0.02725941064174528, 0.7361256799814478, -0.9281423432471584, 0.36985784497250995]",29.961994494264506,3.3267285600249044
"[0.027223114992420056, 0.7361651438667075, -0.9281348869092607, 0.3697961030833962]",29.961948808852558,3.3267913925063004
"[0.027186786155010086, 0.7362046715967016, -0.9281274071243099, 0.36973427440636375]",29.961902930795095,3.326854224987697
"[0.02715042560124194, 0.7362442616850372, -0.9281199041290378, 0.369672361326039]",29.961856863310967,3.326917057469094
"[0.027114028945095688, 0.7362839190259685, -0.9281123769498884, 0.3696103562499298]",29.96181059460042,3.3269798899504903
"[0.027077606334185697, 0.736323632675191, -0.9281048276207593, 0.3695482763481369]",29.961764155190266,3.327042722431887
"[0.02704114602222913, 0.7363634155549889, -0.9280972536409535, 0.3694861014802105]",29.961717507195207,3.3271055549132837
"[0.027004652535929947, 0.7364032628495361, -0.9280896558795635, 0.36942383923621996]",29.961670666669423,3.3271683873946802
"[0.02696812834880483, 0.73644317197367, -0.9280820347849567, 0.36936149371553983]",29.96162364129586,3.3272312198760767
"[0.026931571212372475, 0.7364831455000544, -0.9280743898213119, 0.3692990609592516]",29.961576417815838,3.3272940523574737
"[0.026894978606810938, 0.7365231863057551, -0.928066720391479, 0.3692365365366749]",29.961528992624565,3.32735688483887
"[0.02685835210940383, 0.736563292788131, -0.9280590267549654, 0.3691739230139495]",29.961481371678325,3.327419717320266
"[0.026821698096344094, 0.7366034580795291, -0.9280513101854168, 0.3691112311721289]",29.961433570677148,3.3274825498016636
"[0.026785004890460436, 0.7366436950967211, -0.9280435681548492, 0.3690484409126339]",29.96138555331872,3.3275453822830596
"[0.026748284432876548, 0.7366839908663875, -0.9280358031130853, 0.368985572543016]",29.961337359527377,3.327608214764457
"[0.026711521323616264, 0.73672436241352, -0.9280280117312399, 0.3689225995660269]",29.961288938792332,3.327671047245853
"[0.02667472845163983, 0.7367647957130378, -0.9280201966665813, 0.3688595439247677]",29.961240330580875,3.3277338797272495
"[0.026637903277553197, 0.7368052936727354, -0.9280123573124766, 0.36879640114526213]",29.96119152764928,3.3277967122086465
"[0.02660104133156393, 0.7368458613340871, -0.9280044926449511, 0.3687331634318776]",29.961142514157473,3.327859544690043
"[0.026564148843464676, 0.7368864919652311, -0.9279966039217423, 0.368669841342427]",29.961093309829668,3.3279223771714395
"[0.02652721881303086, 0.7369271934012578, -0.927988689573795, 0.36860642273075117]",29.961043894543256,3.3279852096528364
"[0.026490254356252782, 0.7369679623386143, -0.9279807501936772, 0.3685429128113287]",29.960994272404108,3.328048042134233
"[0.026453259657259885, 0.7370087942848594, -0.9279727866098644, 0.3684793186456651]",29.960944461273275,3.3281108746156294
"[0.026416225607139975, 0.737049699422411, -0.9279647967875683, 0.3684156244411992]",29.960894427981835,3.3281737070970263
"[0.026379154614718032, 0.7370906752278823, -0.9279567811674277, 0.3683518341973088]",29.96084418176528,3.328236539578423
"[0.026342055786708868, 0.7371317117590809, -0.9279487416475486, 0.3682879634556379]",29.9607937537151,3.328299372059819
"[0.026304915738808533, 0.7371728239503279, -0.9279406752531683, 0.36822398903836406]",29.960743096354193,3.3283622045412162
"[0.026267742903482626, 0.7372140026031611, -0.9279325837375813, 0.36815992532867986]",29.96069223798228,3.3284250370226123
"[0.026230534948920307, 0.7372552504295764, -0.9279244665192569, 0.36809576817366735]",29.96064117124355,3.3284878695040088
"[0.026193288062150124, 0.7372965717934101, -0.9279163226876824, 0.36803151085578567]",29.960589883872483,3.3285507019854057
"[0.026156011411677407, 0.7373379566539865, -0.9279081541724826, 0.3679671690560719]",29.96053840290732,3.328613534466802
"[0.026118693647081036, 0.7373794177465746, -0.927899958409546, 0.3679027230434005]",29.96048669094638,3.3286763669481987
"[0.026081342051108743, 0.7374209471192439, -0.9278917369182144, 0.36783818524923134]",29.960434772548602,3.3287391994295956
"[0.02604395600130017, 0.7374625455957609, -0.9278834894860117, 0.36777355446099286]",29.96038264840063,3.328802031910992
"[0.026006530209477664, 0.7375042191996106, -0.927875214866281, 0.3677088213913297]",29.96033029384892,3.3288648643923886
"[0.025969072830996063, 0.7375459589862088, -0.9278669147839085, 0.36764400000397]",29.960277742168063,3.3289276968737855
"[0.025931574081261177, 0.7375877759977224, -0.9278585869910649, 0.3675790732215328]",29.96022495382564,3.328990529355182
"[0.025894041534149977, 0.7376296619302541, -0.9278502330881835, 0.3675140540094733]",29.960171959201993,3.329053361836578
"[0.025856469077168133, 0.7376716237461479, -0.9278418516339831, 0.36744893163207915]",29.960118735667077,3.3291161943179755
"[0.025818860958092577, 0.7377136568450874, -0.9278334434935999, 0.3673837133019897]",29.960065294601133,3.3291790267993715
"[0.025781220346971778, 0.7377557578189295, -0.9278250092986113, 0.36731840437636176]",29.960011648083828,3.329241859280768
"[0.025743536208918838, 0.7377979391554768, -0.9278165464930951, 0.3672529855575056]",29.959957758045338,3.329304691762165
"[0.0257058161622416, 0.7378401924773905, -0.9278080567017484, 0.3671874699139997]",29.95990365524106,3.3293675242435614
"[0.025668057583523834, 0.7378825208677369, -0.9277995392514141, 0.3671218527389353]",29.959849319169642,3.329430356724958
"[0.025630265764917965, 0.7379249185353586, -0.9277909952549289, 0.36705614308190554]",29.959794776048028,3.329493189206355
"[0.02559242982486561, 0.7379673978371251, -0.9277824221667211, 0.3669903218674672]",29.95973998899781,3.3295560216877513
"[0.02555456113300406, 0.7380099461571169, -0.9277738224776163, 0.3669244087195505]",29.95968498884964,3.329618854169148
"[0.025516653871949128, 0.738052570174091, -0.9277651947850881, 0.36685839336450543]",29.959629761873003,3.3296816866505448
"[0.02547870427370682, 0.7380952742801957, -0.927756538142511, 0.36679226907846557]",29.959574290434222,3.3297445191319412
"[0.025440722319593642, 0.7381380473914867, -0.9277478547421333, 0.3667260530992989]",29.959518610599055,3.329807351613338
"[0.02540269797138, 0.7381809009609545, -0.9277391422041082, 0.3666597277723772]",29.959462687187138,3.3298701840947347
"[0.02536463144903029, 0.7382238349024486, -0.9277304004860855, 0.36659329331264995]",29.959406520180597,3.3299330165761307
"[0.02532653290190313, 0.7382668379177552, -0.9277216318337161, 0.3665267672782194]",29.959350147480855,3.329995849057528
"[0.025288389418645096, 0.738309924733378, -0.927712833187849, 0.3664601269646337]",29.95929351787055,3.3300586815389246
"[0.02525021074497808, 0.738353084498305, -0.9277040067062973, 0.3663933892343822]",29.959236669928497,3.3301215140203206
"[0.02521199015119552, 0.7383963249746518, -0.9276951507449944, 0.366326542163145]",29.959179572116874,3.330184346501718
"[0.025173730255685766, 0.7384396433604882, -0.9276862658189037, 0.3662595901634955]",29.95912224190341,3.330247178983114
"[0.025135431461002423, 0.7384830393570302, -0.9276773519318093, 0.36619253377663297]",29.95906467809983,3.3303100114645106
"[0.025097095551259645, 0.7385265110974119, -0.9276684094106591, 0.3661253759656184]",29.95900688268077,3.3303728439459075
"[0.02505871356963287, 0.7385700689031556, -0.9276594360718845, 0.3660581008681364]",29.95894882479759,3.330435676427304
"[0.025020292456170372, 0.7386137050663961, -0.9276504334418564, 0.365990720473526]",29.958890532658877,3.3304985089087005
"[0.024981835377236885, 0.7386574161462545, -0.9276414021739788, 0.3659232401736006]",29.958832010428846,3.3305613413900974
"[0.024943333382764426, 0.7387012124791176, -0.9276323400730125, 0.3658556440937022]",29.958773230416476,3.330624173871494
"[0.024904790526575064, 0.7387450896244457, -0.9276232479954889, 0.3657879391732025]",29.95871420851168,3.3306870063528904
"[0.024866208579518746, 0.7387890457298804, -0.9276141262658121, 0.36572012835285417]",29.95865494402858,3.3307498388342873
"[0.024827584058248944, 0.7388330849304713, -0.9276049739654078, 0.3656522053373508]",29.958595427558503,3.330812671315684
"[0.024788919433602504, 0.738877204577499, -0.9275957915835885, 0.36558417429662754]",29.958535671609354,3.33087550379708
"[0.024750215955920352, 0.738921403408337, -0.927586579323762, 0.3655160372603227]",29.95847566854855,3.3309383362784772
"[0.024711466948380244, 0.7389656892199231, -0.9275773354984834, 0.3654477822950527]",29.958415405670994,3.3310011687598733
"[0.0246726790910887, 0.7390100545503899, -0.9275680616027712, 0.3653794209880255]",29.958354902247628,3.33106400124127
"[0.024633843408838632, 0.7390545098420878, -0.9275587553899425, 0.3653109373373674]",29.958294122360797,3.3311268337226667
"[0.024594970463155987, 0.7390990431802854, -0.9275494192910104, 0.36524234978556186]",29.95823310959863,3.331189666204063
"[0.0245560532298739, 0.7391436627828808, -0.9275400515216324, 0.36517364576175193]",29.9581718322779,3.3312524986854597
"[0.02451709384953037, 0.7391883663739738, -0.9275306524953932, 0.3651048288595505]",29.95811030431494,3.3313153311668566
"[0.024478095734002853, 0.7392331502099722, -0.9275212229379046, 0.36503590492790183]",29.958048527180438,3.331378163648253
"[0.024439048340999425, 0.7392780265790665, -0.9275117601964008, 0.3649668551457282]",29.957986472615957,3.3314409961296496
"[0.024399959485149114, 0.7393229866863997, -0.9275022660583817, 0.36489769313833464]",29.957924162693217,3.3315038286110465
"[0.024360827368845216, 0.7393680327783242, -0.9274927399854764, 0.36482841553961665]",29.95786159104491,3.331566661092443
"[0.024321651754296937, 0.739413165310818, -0.9274831818160088, 0.3647590217393809]",29.95779875808814,3.331629493573839
"[0.024282432581131008, 0.7394583845368659, -0.9274735914308112, 0.36468951144025713]",29.957735663712107,3.3316923260552365
"[0.024243171660739336, 0.7395036885496217, -0.9274639691694754, 0.3646198876642168]",29.957672305791316,3.3317551585366325
"[0.024203863557834042, 0.7395490838084781, -0.9274543135931437, 0.36455014057785945]",29.9576086740868,3.331817991018029
"[0.02416451333592198, 0.739594564654552, -0.9274446258381637, 0.36448027896976504]",29.957544783932523,3.331880823499426
"[0.024125116114475584, 0.7396401369180428, -0.9274349045952636, 0.3644102939786605]",29.95748061483856,3.3319436559808224
"[0.024085676845865652, 0.7396857950602245, -0.9274251509784236, 0.3643401942048866]",29.95741618518366,3.3320064884622194
"[0.02404619139864523, 0.7397315440535632, -0.9274153638581313, 0.36426997210854223]",29.95735147750056,3.332069320943616
"[0.024006659405108856, 0.7397773845207656, -0.9274055430313131, 0.36419962683148505]",29.95728649374717,3.3321321534250123
"[0.023967083266044596, 0.7398233138725056, -0.9273956889837454, 0.3641291624439254]",29.95722124060279,3.3321949859064093
"[0.0239274653007881, 0.739869329605747, -0.9273858021858425, 0.36405858287997805]",29.95715572274966,3.3322578183878058
"[0.02388779645973782, 0.7399154424305132, -0.9273758802660695, 0.36398787181121406]",29.957089908874504,3.3323206508692023
"[0.02384808084821629, 0.7399616477815834, -0.9273659241334309, 0.36391703634049916]",29.95702381925752,3.332383483350599
"[0.0238083206345049, 0.7400079433351303, -0.9273559342185719, 0.36384608012901637]",29.95695744917992,3.3324463158319957
"[0.023768514946077672, 0.740054330304802, -0.9273459101900308, 0.36377500141477037]",29.956890804491685,3.3325091483133917
"[0.02372866326661167, 0.7401008094928256, -0.9273358518039316, 0.3637037990679372]",29.95682387690223,3.332571980794789
"[0.02368876357493347, 0.7401473834615595, -0.9273257584336736, 0.36363246926468445]",29.956756660522394,3.332634813276185
"[0.023648816794227232, 0.7401940513408993, -0.9273156301949363, 0.3635610134402189]",29.95668916025988,3.3326976457575817
"[0.023608824161679243, 0.7402408118907061, -0.9273054672849529, 0.36348943359494174]",29.956621377127323,3.3327604782389786
"[0.02356878396232577, 0.7402876673229034, -0.9272952691506193, 0.36341772644515064]",29.95655330578051,3.332823310720375
"[0.02352869520710097, 0.7403346190065307, -0.9272850354199044, 0.36334589000015677]",29.956484941515427,3.3328861432017716
"[0.023488556422594505, 0.7403816688833627, -0.9272747655939628, 0.36327392139556114]",29.95641628204861,3.3329489756831685
"[0.023448367583742906, 0.7404288172020415, -0.9272644595418733, 0.36320182035899384]",29.956347318294622,3.333011808164565
"[0.023408138826428275, 0.7404760522766028, -0.9272541197467519, 0.36312960486259604]",29.95627809052346,3.3330746406459615
"[0.02336785583523345, 0.7405233911279178, -0.9272437424089124, 0.36305724898870667]",29.956208548029156,3.3331374731273584
"[0.023327525145888504, 0.7405708263002332, -0.9272333290844571, 0.3629847642436456]",29.956138714917138,3.333200305608755
"[0.02328714575158466, 0.7406183591951605, -0.927222879390222, 0.36291214859274706]",29.956068577258872,3.333263138090151
"[0.023246714276712675, 0.7406659940112706, -0.9272123923250746, 0.36283939573240975]",29.955998132411434,3.3333259705715483
"[0.023206233662335284, 0.7407137275100997, -0.9272018685233988, 0.3627665107200138]",29.95592738924702,3.3333888030529444
"[0.023165707437294073, 0.7407615557482714, -0.9271913087793925, 0.36269349968398823]",29.955856356649992,3.333451635534341
"[0.0231251254582355, 0.7408094909255126, -0.9271807103204309, 0.36262034411336846]",29.95578499584484,3.333514468015738
"[0.02308449451098625, 0.7408575252612652, -0.9271700747855854, 0.36254705599732834]",29.95571333508924,3.3335773004971343
"[0.023043815851252102, 0.7409056574945638, -0.9271594023771118, 0.36247363736963767]",29.955641377360653,3.333640132978531
"[0.0230030833469419, 0.7409538951130799, -0.9271486913548582, 0.3624000769226512]",29.95556909491701,3.3337029654599277
"[0.022962299850177764, 0.7410022349772156, -0.9271379423339895, 0.36232637956056085]",29.955496503288636,3.333765797941324
"[0.022921467512861043, 0.7410506747677182, -0.9271271557508274, 0.36225254893261327]",29.955423604894605,3.3338286304227207
"[0.02288057985305643, 0.7410992224132339, -0.9271163297577476, 0.36217857307106405]",29.95535038067379,3.3338914629041176
"[0.022839641465726358, 0.7411478727010135, -0.927105465433801, 0.3621044600376689]",29.95527684095679,3.333954295385514
"[0.022798656307860637, 0.7411966211594365, -0.9270945636987905, 0.3620302167575353]",29.95520300026301,3.33401712786691
"[0.022757611247621004, 0.7412454836538799, -0.9270836209204861, 0.3619558191879664]",29.955128814709706,3.3340799603483076
"[0.02271651992500739, 0.7412944441928752, -0.9270726405960149, 0.36188129179759976]",29.955054332418523,3.334142792829704
"[0.02267536830311368, 0.7413435197496312, -0.9270616188341577, 0.36180660887090443]",29.954979493869548,3.3342056253111
"[0.02263416765867909, 0.7413926971296049, -0.9270505585117704, 0.3617317906106827]",29.95490434726067,3.3342684577924975
"[0.022592911786219826, 0.7414419839864173, -0.927039457823662, 0.36165682549304773]",29.954828865737632,3.3343312902738935
"[0.022551606296224082, 0.7414913738661626, -0.9270283181389969, 0.36158172345557305]",29.954753069106424,3.334394122755291
"[0.02251024293224092, 0.741540876895335, -0.9270171370875855, 0.3615064692235666]",29.954676930023457,3.334456955236687
"[0.02246882425784813, 0.741590490270189, -0.9270059152129663, 0.36143106718749185]",29.954600450860347,3.3345197877180834
"[0.022427355698588447, 0.7416402077444223, -0.9269946538425715, 0.3613555269634016]",29.954523658151466,3.3345826201994804
"[0.022385828730754082, 0.7416900397960962, -0.9269833505155959, 0.3612798327567685]",29.95444651288682,3.334645452680877
"[0.02234424530592915, 0.7417399843539135, -0.9269720056103538, 0.36120398784489277]",29.954369024113234,3.3347082851622734
"[0.022302606427347473, 0.7417900404799668, -0.9269606192498083, 0.36112799378148774]",29.954291195024783,3.3347711176436703
"[0.022260916478806996, 0.7418402031637821, -0.9269491924864766, 0.361051858299354]",29.954213040747707,3.334833950125067
"[0.022219167346834007, 0.7418904824345282, -0.9269377229461081, 0.3609755663057892]",29.954134529025882,3.3348967826064633
"[0.022177358192130493, 0.7419408795856106, -0.9269262102384938, 0.36089911597463176]",29.954055658618156,3.33495961508786
"[0.022135498503673388, 0.7419913834486656, -0.9269146568245313, 0.36082252437841184]",29.953976462513232,3.3350224475692567
"[0.022093577515853682, 0.7420420072855439, -0.926903059578969, 0.36074577153698123]",29.953896897704006,3.3350852800506527
"[0.022051600193629717, 0.7420927453844737, -0.9268914197151848, 0.36066886624714084]",29.953816984601573,3.33514811253205
"[0.02200956915930193, 0.742143594848553, -0.9268797378068101, 0.3605918130317051]",29.95373673178534,3.335210945013446
"[0.02196747438284152, 0.74219456809845, -0.926868010904782, 0.36051459320736795]",29.953656102845606,3.3352737774948427
"[0.021925326160189162, 0.7422456529537832, -0.9268562417155802, 0.3604372253646613]",29.953575128421377,3.3353366099762396
"[0.02188311479344929, 0.7422968614561899, -0.9268444273692991, 0.3603596914050846]",29.953493777216213,3.335399442457636
"[0.021840848697387415, 0.7423481836883344, -0.9268325700572265, 0.36028200648438413]",29.953412080209972,3.3354622749390326
"[0.02179852159018042, 0.7423996275668022, -0.926820667854551, 0.36020415875853046]",29.95333000939734,3.3355251074204295
"[0.021756133388878843, 0.7424511934933106, -0.9268087205684479, 0.36012614776410895]",29.953247566205352,3.335587939901826
"[0.021713683926465468, 0.7425028819738078, -0.9267967279813392, 0.36004797288100787]",29.9531647497707,3.3356507723832225
"[0.021671178217387583, 0.7425546871984205, -0.9267846913434388, 0.35996964303846185]",29.95308157395367,3.3357136048646194
"[0.021628611854988503, 0.7426066148342385, -0.9267726092403095, 0.3598911498101943]",29.95299802272729,3.335776437346016
"[0.021585983630016427, 0.7426586666638163, -0.9267604811557945, 0.35981249064903437]",29.95291409231966,3.335839269827412
"[0.021543290404105474, 0.7427108468356285, -0.926748306018944, 0.35973365943724567]",29.952829768515393,3.3359021023088093
"[0.021500541332659284, 0.7427631444672962, -0.9267360862678692, 0.35965467276272356]",29.952745086222258,3.3359649347902054
"[0.021457727641398996, 0.7428155706012521, -0.926723819221258, 0.35957551409545213]",29.952660009898292,3.336027767271602
"[0.021414849232809327, 0.7428681256821075, -0.9267115046682132, 0.35949618291933566]",29.95257454122289,3.336090599752999
"[0.02137190989461579, 0.7429208053876971, -0.9266991435165169, 0.35941668591167636]",29.952488689192055,3.3361534322343953
"[0.021328909340657065, 0.7429736103848972, -0.9266867355064998, 0.3593370222171171]",29.9524024533609,3.336216264715792
"[0.021285841880779068, 0.7430265479891021, -0.9266742788120317, 0.3592571809557225]",29.952315812531193,3.3362790971971887
"[0.021242716347217788, 0.7430796076678193, -0.9266617758059008, 0.35917717816732925]",29.95222879690396,3.3363419296785852
"[0.02119952210631152, 0.7431328028329238, -0.9266492232206669, 0.35909699378636833]",29.952141368604945,3.3364047621599817
"[0.021156262530102346, 0.7431861296748344, -0.9266366218434147, 0.3590166337183964]",29.95205353330607,3.3364675946413787
"[0.02111293857221477, 0.7432395873552243, -0.9266239717626565, 0.3589360993871773]",29.95196529894709,3.336530427122775
"[0.02106955281334964, 0.7432931730223331, -0.9266112735454524, 0.3588553952472836]",29.9518766732049,3.336593259604172
"[0.0210260988105174, 0.7433468949750562, -0.9265985251146861, 0.35877450896211843]",29.951787627130873,3.3366560920855686
"[0.02098257881638478, 0.7434007507788504, -0.9265857269345978, 0.35869344436350886]",29.951698172710376,3.3367189245669646
"[0.020938991509116767, 0.7434547424199918, -0.9265728784198748, 0.35861219862796906]",29.951608301006722,3.336781757048362
"[0.0208953363855497, 0.7435088708773462, -0.9265599792227535, 0.3585307704510427]",29.95151801180547,3.336844589529758
"[0.02085161490490334, 0.7435631346972708, -0.926547029575033, 0.3584491621880486]",29.951427306689038,3.3369074220111545
"[0.020807826369601254, 0.7436175351016253, -0.9265340290705937, 0.3583673721701096]",29.95133618509136,3.3369702544925515
"[0.020763967550705396, 0.7436720764669591, -0.9265209765461512, 0.3582853939898367]",29.951244626590302,3.337033086973948
"[0.02072004340152703, 0.7437267529972857, -0.9265078732720627, 0.3582032365309312]",29.951152655040133,3.3370959194553445
"[0.02067604477279232, 0.7437815764549958, -0.9264947163097067, 0.35812088229543226]",29.951060234645134,3.3371587519367414
"[0.020631983562869636, 0.7438365323846398, -0.9264815090097858, 0.35803835317278]",29.950967405960455,3.337221584418138
"[0.02058785015163631, 0.7438916331529756, -0.926468248282848, 0.35795563076524745]",29.95087413377649,3.3372844168995344
"[0.020543645516956754, 0.743946877925095, -0.9264549342065372, 0.3578727165080566]",29.95078041941624,3.3373472493809313
"[0.020499373567484658, 0.7440022621949712, -0.9264415677461949, 0.35778961734268877]",29.950686277559264,3.337410081862328
"[0.020455024859926018, 0.7440577981674054, -0.9264281458317386, 0.35770631514098367]",29.950591668831972,3.337472914343724
"[0.020410604838179573, 0.7441134794260685, -0.9264146698863015, 0.3576228197154967]",29.950496614034215,3.337535746825121
"[0.02036611638062501, 0.7441693027500381, -0.9264011405667143, 0.35753913607830007]",29.95040112599278,3.3375985793065173
"[0.020321554093074828, 0.7442252753018562, -0.9263875560123209, 0.35745525367737424]",29.950305178704564,3.3376614117879138
"[0.0202769159978463, 0.7442813999757769, -0.9263739153907575, 0.35737116836759075]",29.9502087624065,3.337724244269311
"[0.0202322069463029, 0.7443376710789091, -0.9263602199570883, 0.3572868888687797]",29.950111897662996,3.337787076750707
"[0.02018742396533047, 0.7443940927586626, -0.9263464685741066, 0.35720240915935175]",29.95001457033708,3.3378499092321037
"[0.020142565522140186, 0.7444506673624894, -0.9263326605385064, 0.3571177259193924]",29.94991677489592,3.3379127417135006
"[0.020097632394986024, 0.7445073943288838, -0.9263187958551907, 0.35703284018589454]",29.949818508248917,3.337975574194897
"[0.020052624419613592, 0.7445642742863051, -0.9263048742383347, 0.3569477512153867]",29.949719771867283,3.3380384066762936
"[0.020007538585275438, 0.744621311469253, -0.9262908945167461, 0.35686245287396573]",29.94962055696054,3.3381012391576905
"[0.019962376541846936, 0.7446785042251068, -0.9262768569593133, 0.35677694783592234]",29.949520859262115,3.338164071639087
"[0.019917140769862188, 0.7447358498413831, -0.9262627620978363, 0.3566912403567662]",29.949420692732172,3.338226904120483
"[0.01987182125158416, 0.7447933614637394, -0.9262486065618587, 0.3566053109970914]",29.949320017232786,3.3382897366018804
"[0.019826433181707796, 0.7448510202479833, -0.9262343948530554, 0.35651918811673683]",29.949218887497057,3.338352569083277
"[0.01978095941854562, 0.744908848414683, -0.9262201213561952, 0.3564328387326961]",29.949117239043133,3.338415401564673
"[0.019735407707527543, 0.7449668365799732, -0.9262057882424141, 0.35634627707334615]",29.949015096336765,3.3384782340460704
"[0.01968977348981459, 0.7450249910094313, -0.9261913938195391, 0.356259494000413]",29.94891244511797,3.3385410665274664
"[0.019644065888891938, 0.7450833005318903, -0.9261769407116777, 0.35617250639618053]",29.94880931320728,3.338603899008863
"[0.019598272213553536, 0.7451417818028665, -0.9261624246465384, 0.3560852896294856]",29.948705655592324,3.33866673149026
"[0.019552399427906493, 0.7452004264082797, -0.9261478475643636, 0.35599785647090393]",29.948601494389514,3.3387295639716563
"[0.01950644198088897, 0.7452592419240722, -0.9261332074341182, 0.3559101958475093]",29.948496809532426,3.3387923964530533
"[0.01946040634694416, 0.7453182205445409, -0.9261185060509186, 0.35582231961553007]",29.948391619812206,3.3388552289344497
"[0.019414285489166395, 0.7453773717691164, -0.9261037408980727, 0.3557342138451356]",29.94828590141253,3.3389180614158462
"[0.01936807998603468, 0.7454366953560987, -0.9260889118821712, 0.35564587912733325]",29.94817965022321,3.338980893897243
"[0.019321790216086265, 0.7454961913205989, -0.9260740188457414, 0.3555573156709653]",29.948072867519972,3.3390437263786397
"[0.019275419466839156, 0.7455558559335452, -0.926059062570444, 0.35546852925621547]",29.94796556910275,3.339106558860036
"[0.019228962361690017, 0.7456156966165499, -0.9260440410420641, 0.3553795090713842]",29.947857726501734,3.339169391341433
"[0.019182413340912603, 0.745675721060571, -0.9260289521680802, 0.35529024391881725]",29.947749318543817,3.3392322238228296
"[0.019135784591725345, 0.7457359140689691, -0.926013799610608, 0.35520075663692535]",29.947640390584855,3.3392950563042256
"[0.01908906310120757, 0.7457962929635913, -0.9259985788499676, 0.35511102171462955]",29.947530892005496,3.339357888785623
"[0.019042255732940907, 0.7458568494141654, -0.9259832918220543, 0.3550210517801435]",29.947420846195744,3.339420721267019
"[0.018995355165924665, 0.7459175934360043, -0.925967935833527, 0.3549308322030872]",29.94731022182083,3.3394835537484155
"[0.018948370989608658, 0.7459785131513701, -0.925952513722922, 0.3548403808735708]",29.947199056537695,3.3395463862298125
"[0.018901299479526065, 0.7460396139221797, -0.9259370239721165, 0.3547496900750873]",29.947087330437938,3.339609218711209
"[0.01885413235050976, 0.746100907064915, -0.9259214635425153, 0.35465874326803704]",29.9469750150257,3.3396720511926055
"[0.01880687579980093, 0.7461623850962451, -0.9259058341620189, 0.35456755181681676]",29.946862125827295,3.3397348836740024
"[0.018759528327320692, 0.7462240505307908, -0.9258901350220369, 0.35447611224907344]",29.946748665168663,3.339797716155399
"[0.018712084071372072, 0.7462859115855415, -0.9258743638554688, 0.3543844126464153]",29.94663459645568,3.3398605486367954
"[0.018664547610314355, 0.746347962880011, -0.9258585218572424, 0.35429246125332675]",29.946519942773428,3.3399233811181923
"[0.01861692155786289, 0.7464102015791672, -0.9258426095786974, 0.35420026253428516]",29.946404711165517,3.339986213599589
"[0.018569193290166073, 0.7464726447827302, -0.92582662246776, 0.3541077914326676]",29.94628884696652,3.340049046080985
"[0.018521375929458683, 0.7465352759279787, -0.9258105645842658, 0.35401507275141336]",29.94617240382593,3.3401118785623822
"[0.018473459603692257, 0.746598108546993, -0.9257944322796312, 0.35392208673164305]",29.94605533898037,3.3401747110437783
"[0.01842544766078846, 0.7466611388697637, -0.9257782263372863, 0.35382883923437114]",29.945937664095812,3.3402375435251748
"[0.018377331018766464, 0.7467243794562065, -0.9257619433384816, 0.3537353119673588]",29.945819343763276,3.3403003760065717
"[0.01832912454627348, 0.7467878113920247, -0.9257455879671443, 0.3536415331881512]",29.94570042869982,3.340363208487968
"[0.01828081648344298, 0.7468514507760272, -0.9257291558876994, 0.35354747937957315]",29.945580874794434,3.3404260409693647
"[0.018232400839296014, 0.7469153061700052, -0.9257126446911876, 0.35345313819068674]",29.94546065520759,3.3404888734507616
"[0.018183892425237002, 0.7469793586925682, -0.9256960590670823, 0.35335853781292986]",29.94533982523521,3.340551705932158
"[0.018135275539085696, 0.747043629737207, -0.9256793932815764, 0.3532636469481929]",29.945218322857894,3.3406145384135546
"[0.018086565081126636, 0.7471081002716082, -0.9256626520742066, 0.3531684939969537]",29.945096200698256,3.3406773708949515
"[0.01803774175265386, 0.7471727965188837, -0.9256458284358325, 0.3530730405632094]",29.94497338621803,3.340740203376348
"[0.01798882123913944, 0.7472376983873051, -0.9256289273878767, 0.35297731660294024]",29.944849929921933,3.340803035857744
"[0.01793979044548824, 0.7473028239415768, -0.9256119440238705, 0.35288129578418737]",29.944725787822662,3.3408658683391415
"[0.017890654347180637, 0.7473681672884653, -0.9255948796715083, 0.35278498711770706]",29.94460097207993,3.3409287008205375
"[0.017841412359881778, 0.7474337299147897, -0.9255777337356793, 0.3526883887313615]",29.94447547690552,3.340991533301935
"[0.017792061297237687, 0.7474995167864646, -0.9255605047071364, 0.35259149363352954]",29.944349291245437,3.341054365783331
"[0.017742598701975566, 0.7475655319210377, -0.9255431913180016, 0.35249429623970846]",29.944222397528154,3.3411171982647274
"[0.017693030894161108, 0.7476317676209469, -0.9255257953732545, 0.35239680821423414]",29.944094822187857,3.3411800307461244
"[0.017643350941499485, 0.7476982338935245, -0.9255083140293485, 0.3522990151614497]",29.943966537542543,3.341242863227521
"[0.017593556453425474, 0.7477649347088466, -0.9254907460188655, 0.35220091158532446]",29.943837525323172,3.3413056957089173
"[0.017543655369994696, 0.7478318601943724, -0.9254730937219995, 0.3521025123479318]",29.943707816654243,3.3413685281903143
"[0.017493635351654106, 0.747899027678892, -0.9254553523436547, 0.3520037923193646]",29.943577364427696,3.3414313606717108
"[0.017443505805306726, 0.7479664253227023, -0.9254375247834247, 0.3519047692546392]",29.94344619379835,3.3414941931531073
"[0.017393252063970677, 0.7480340736557581, -0.925419605378071, 0.35180541335170673]",29.943314251777387,3.341557025634504
"[0.01734288226540456, 0.748101962556147, -0.9254015965699166, 0.3517057398472401]",29.94318156469189,3.3416198581159007
"[0.017292398657600586, 0.7481700898062564, -0.9253834987151613, 0.3516057523588828]",29.943048140210035,3.3416826905972967
"[0.017241799108946812, 0.7482384591002775, -0.9253653105993833, 0.3515054458287546]",29.942913964816313,3.341745523078694
"[0.017191077964223245, 0.7483070789225904, -0.9253470297253186, 0.35140480818379277]",29.94277901550443,3.34180835556009
"[0.01714023174878237, 0.7483759548464572, -0.9253286543597978, 0.35130383163714896]",29.942643272175005,3.3418711880414866
"[0.01708926350526329, 0.7484450836301328, -0.9253101851177279, 0.3512025213312849]",29.942506745960753,3.341934020522884
"[0.017038170547230416, 0.7485144698024413, -0.9252916205382306, 0.3511008710210784]",29.942369424474844,3.34199685300428
"[0.01698695347007418, 0.7485841134517844, -0.9252729603438818, 0.350998880973868]",29.9422313072125,3.3420596854856766
"[0.016935619316072553, 0.7486540058856719, -0.925254206614714, 0.3508965643104353]",29.942092417094194,3.3421225179670735
"[0.016884149524444562, 0.7487241732950729, -0.9252353520637723, 0.35079388309572557]",29.941952673223422,3.34218535044847
"[0.016832553423842628, 0.7487946039136335, -0.925216399584877, 0.35069085496756536]",29.94181211744741,3.3422481829298665
"[0.016780829827043302, 0.7488653002984993, -0.925197348227118, 0.35058747659824774]",29.94167073561615,3.3423110154112634
"[0.016728971126412202, 0.7489362738148024, -0.9251781946566846, 0.35048373179428083]",29.94152849710806,3.34237384789266
"[0.016676979597890093, 0.7490075223361168, -0.925158939170684, 0.35037962409839635]",29.941385405818618,3.342436680374056
"[0.01662486399460279, 0.74907903483324, -0.925139584480524, 0.3502751700512611]",29.941241496747075,3.3424995128554533
"[0.016572605743056447, 0.7491508377924175, -0.9251201231391601, 0.3501703314049498]",29.941096685631962,3.34256234533685
"[0.01652021047043257, 0.7492229245246043, -0.9251005566691044, 0.350065118382777]",29.940950995612173,3.342625177818246
"[0.016467686829776618, 0.7492952841361464, -0.9250808877467904, 0.34995954732787404]",29.940804458403665,3.3426880102996432
"[0.0164150202523051, 0.7493679377332619, -0.9250611103483969, 0.34985358790008886]",29.940657009318773,3.3427508427810393
"[0.016362207514222956, 0.7494408908559552, -0.9250412226631421, 0.34974723249688766]",29.940508634972492,3.342813675262436
"[0.016309261262522513, 0.7495141271090924, -0.9250212288638943, 0.3496405054895428]",29.940359378345242,3.3428765077438327
"[0.01625616903522977, 0.7495876648129967, -0.9250011236511022, 0.3495333806524597]",29.94020918844235,3.342939340225229
"[0.016202926724139706, 0.7496615107958254, -0.9249809048446638, 0.34942584853421393]",29.940058041695366,3.3430021727066257
"[0.016149548291045954, 0.7497356468116639, -0.9249605771334488, 0.3493179361911578]",29.939905995257718,3.3430650051880226
"[0.01609601774615159, 0.7498100962017935, -0.9249401338072359, 0.34920961014088653]",29.939752974634036,3.343127837669419
"[0.016042336970074605, 0.7498848575336092, -0.9249195749358046, 0.34910087298139003]",29.939598985566654,3.3431906701508156
"[0.015988509178652348, 0.749959927506022, -0.9248989011058164, 0.34899173002506917]",29.939444040186608,3.3432535026322125
"[0.015934523046685366, 0.7500353231242184, -0.9248781073044284, 0.34888215707299547]",29.939288082455807,3.343316335113609
"[0.01588038769194507, 0.7501110328814187, -0.924857196371769, 0.3487721713791591]",29.939131149949436,3.343379167595006
"[0.015826097498364788, 0.7501870658583882, -0.9248361654674424, 0.3486617602824456]",29.938973217141175,3.3434420000764025
"[0.015771645084105862, 0.7502634336683669, -0.9248150110339793, 0.3485509074693245]",29.938814237454444,3.3435048325577985
"[0.015717036189972364, 0.7503401295504383, -0.92479373459563, 0.3484396233104219]",29.93865424325601,3.343567665039196
"[0.015662265998127214, 0.7504171615693679, -0.9247723335653464, 0.3483278966636972]",29.938493203272138,3.343630497520592
"[0.015607333047421275, 0.7504945331082298, -0.924750806646062, 0.3482157231941524]",29.938331108423423,3.3436933300019884
"[0.015552235878342223, 0.750572247570709, -0.9247291525290098, 0.34810309854689264]",29.938167947661128,3.3437561624833854
"[0.015496973911189918, 0.7506503071400515, -0.9247073702402168, 0.34799002014470054]",29.93800371586217,3.343818994964782
"[0.015441538129627928, 0.7507287259588036, -0.9246854554571086, 0.34787646810384865]",29.937838366413263,3.3438818274461783
"[0.015385936111932915, 0.7508074947299123, -0.9246634103982061, 0.34776245649655485]",29.937671927154078,3.3439446599275753
"[0.015330160941151428, 0.75088662468558, -0.9246412315386511, 0.3476479696789057]",29.937504366004507,3.3440074924089718
"[0.01527421135248911, 0.7509661190914609, -0.924618917572351, 0.34753300355520167]",29.937335671600042,3.3440703248903683
"[0.01521808343696898, 0.7510459850018949, -0.9245964661214398, 0.3474175485641107]",29.937165821830355,3.344133157371765
"[0.01516178143004443, 0.7511262179025898, -0.9245738780551139, 0.34730161187696007]",29.936994832468223,3.3441959898531617
"[0.01510529254077391, 0.7512068375743791, -0.9245511473945167, 0.3471851655721889]",29.936822634859638,3.3442588223345577
"[0.015048628684278854, 0.7512878285819241, -0.924528278078418, 0.3470682326126624]",29.936649288467034,3.344321654815955
"[0.014991771476657758, 0.7513692188065036, -0.9245052618123873, 0.3469507734262468]",29.93647469304537,3.344384487297351
"[0.01493473284647872, 0.7514509928126318, -0.924482102531334, 0.34683281098513474]",29.936298907718488,3.3444473197787477
"[0.01487749551101519, 0.7515331770505107, -0.9244587923065877, 0.3467143078430448]",29.936121845722685,3.3445101522601446
"[0.014820072491327161, 0.7516157545257345, -0.9244353355140066, 0.34659528922535865]",29.93594355635979,3.344572984741541
"[0.014762460561497793, 0.7516987315623231, -0.9244117299190258, 0.3464757467308607]",29.93576402572327,3.3446358172229376
"[0.014704638911682175, 0.7517821399132065, -0.924387966025312, 0.3463556353663103]",29.935583149727698,3.3446986497043345
"[0.014646620297929295, 0.7518659630023801, -0.9243640480819368, 0.3462349797714139]",29.935400982834796,3.344761482185731
"[0.014588400351350363, 0.7519502089553846, -0.9243399733014487, 0.3461137690148785]",29.93521750260834,3.3448243146671275
"[0.01452997993611709, 0.7520348783643029, -0.9243157410393923, 0.34599200302086497]",29.935032697660166,3.3448871471485244
"[0.014471347791956234, 0.7521199894446864, -0.9242913455943333, 0.34586965639017836]",29.93484651931373,3.344949979629921
"[0.014412506431604065, 0.752205540493379, -0.9242667869547777, 0.34574673238747694]",29.934658966690133,3.345012812111317
"[0.014353446810796778, 0.7522915466461537, -0.9242420602665333, 0.3456232100977242]",29.93446999962205,3.3450756445927143
"[0.014294174882637876, 0.7523780012499944, -0.9242171669266899, 0.3454990999205191]",29.934279632899585,3.3451384770741104
"[0.014234680376176027, 0.7524649213376374, -0.9241921015075905, 0.3453743782627025]",29.93408781444103,3.345201309555507
"[0.014174964539237894, 0.7525523071899047, -0.9241668633926452, 0.3452490456001962]",29.933894546292475,3.345264142036904
"[0.014115026268768533, 0.7526401625452828, -0.9241414509629396, 0.34512309745770736]",29.93369981506408,3.3453269745183003
"[0.01405485349210706, 0.7527285072928774, -0.9241158579097014, 0.3449965062363817]",29.933503552714377,3.345389806999697
"[0.01399444345787267, 0.7528173477420494, -0.9240900818309222, 0.34486926383939726]",29.93330574985248,3.3454526394810937
"[0.013933813250631782, 0.7529066610080146, -0.9240641288021478, 0.34474140397523845]",29.933106467427372,3.34551547196249
"[0.01387293278871648, 0.7529964937150777, -0.9240379846939552, 0.34461286085669246]",29.932905564915135,3.345578304443887
"[0.013811810555283138, 0.7530868357618844, -0.9240116518394123, 0.3444836499387901]",29.932703077420875,3.3456411369252836
"[0.013750441197207272, 0.7531776974903786, -0.923985126615943, 0.3443537574357684]",29.932498964925387,3.34570396940668
"[0.013688824651931018, 0.753269081469045, -0.9239584076557102, 0.34422318069932933]",29.932293221560542,3.345766801888077
"[0.013626952662955662, 0.7533610024772099, -0.9239314900064948, 0.34409189965767384]",29.9320857998709,3.3458296343694736
"[0.01356482509559088, 0.753453463308504, -0.9239043722059692, 0.3439599113900682]",29.931876698541462,3.3458924668508696
"[0.01350243156649163, 0.7535464820784161, -0.9238770482811637, 0.34382719113247134]",29.9316658510515,3.345955299332267
"[0.013439770865697942, 0.7536400633278938, -0.9238495162213625, 0.3436937335306191]",29.931453249243113,3.346018131813663
"[0.013376841540430534, 0.7537342120044237, -0.9238217738861657, 0.34355953266908007]",29.931238870719557,3.3460809642950595
"[0.013313639734862345, 0.7538289367065298, -0.9237938180462189, 0.3434245774515167]",29.931022698956497,3.346143796776457
"[0.01325015600988336, 0.7539242544961996, -0.9237656429510537, 0.34328884476261395]",29.930804670738173,3.346206629257853
"[0.013186392961675352, 0.7540201644509877, -0.9237372481454774, 0.3431523371321775]",29.93058479049124,3.3462694617392494
"[0.01312233183637039, 0.7541166978555683, -0.9237086236166552, 0.34301501128806233]",29.930362963446346,3.3463322942206464
"[0.013057981248500489, 0.7542138448817647, -0.9236797715112491, 0.34287688249616105]",29.930139219248375,3.346395126702043
"[0.012993334089697895, 0.7543116194442917, -0.9236506869243176, 0.34273793226753085]",29.929913513617873,3.3464579591834394
"[0.012928379025458498, 0.7544100419841735, -0.9236213629768079, 0.3425981328928397]",29.929685780800863,3.3465207916648363
"[0.012863118018191354, 0.7545091129049767, -0.9235917987331337, 0.3424574851688483]",29.929456022126303,3.346583624146233
"[0.012797535711607699, 0.7546088589936153, -0.9235619853628311, 0.342315952474476]",29.92922415186632,3.346646456627629
"[0.012731642932653693, 0.7547092673193921, -0.9235319258818702, 0.34217355458792137]",29.928990207450344,3.346709289109026
"[0.012665417600738426, 0.754810375157694, -0.92350160826235, 0.3420302401112301]",29.928754077889682,3.3467721215904227
"[0.012598857180246118, 0.7549121901612384, -0.923471029306048, 0.34188599972133354]",29.928515734024906,3.3468349540718187
"[0.012531965370772663, 0.7550147104944297, -0.923440188654047, 0.34174083755816875]",29.928275182305786,3.346897786553216
"[0.01246471967766872, 0.7551179745892648, -0.9234090738055688, 0.34159470079447507]",29.92803230281785,3.346960619034612
"[0.012397133951997354, 0.7552219652208898, -0.923377688993023, 0.3414476154298621]",29.927787150505406,3.3470234515160087
"[0.012329181776343665, 0.7553267271912405, -0.9233460197142247, 0.3412995197608462]",29.927539584403153,3.3470862839974056
"[0.012260864605932413, 0.7554322625805773, -0.9233140643219336, 0.34115041257577916]",29.927289596136152,3.347149116478802
"[0.012192176886467537, 0.7555385843689589, -0.9232818178532051, 0.34100027729280313]",29.927037143125183,3.3472119489601986
"[0.012123101099625336, 0.7556457242400634, -0.9232492696293826, 0.3408490709924272]",29.926782131604764,3.3472747814415955
"[0.012053644042315086, 0.7557536763308366, -0.9232164203395796, 0.34069680381158085]",29.9265245715445,3.347337613922992
"[0.011983795783519532, 0.7558624608342646, -0.9231832627328572, 0.34054344915914286]",29.926264405375754,3.3474004464043885
"[0.01191353541475248, 0.7559721152870211, -0.9231497842142579, 0.3403889560918133]",29.926001515398465,3.3474632788857854
"[0.011842865799663687, 0.7560826403503613, -0.9231159833951311, 0.3402333257094542]",29.92573589304556,3.347526111367182
"[0.011771768159385507, 0.7561940706758159, -0.9230818484603808, 0.3400765113072094]",29.92546743835899,3.347588943848578
"[0.011700241248332114, 0.7563064136730858, -0.9230473758855017, 0.3399185046110259]",29.925196120114272,3.3476517763299753
"[0.011628282257085891, 0.7564196793114001, -0.9230125613388642, 0.3397592937891062]",29.92492190953153,3.3477146088113714
"[0.011555857939613593, 0.7565339257437685, -0.9229773856155723, 0.3395987993886598]",29.92464462162948,3.3477774412927688
"[0.011482978751194643, 0.7566491425041313, -0.9229418505653058, 0.33943703847779444]",29.92436429643601,3.347840273774165
"[0.011409617993876933, 0.7567653780028003, -0.9229059398493944, 0.3392739455201402]",29.92408077042525,3.3479031062555613
"[0.011335789178224734, 0.756882617199398, -0.9228696566746242, 0.3391095441094701]",29.923794095723313,3.3479659387369582
"[0.011261447686018267, 0.7570009375787362, -0.9228329755654328, 0.33894372817970625]",29.92350403385228,3.3480287712183547
"[0.01118660891728484, 0.7571203215235687, -0.9227959004336647, 0.33877652510548095]",29.923210629388663,3.3480916036997512
"[0.011111249596023344, 0.7572408132098307, -0.9227584159825961, 0.33860787575699397]",29.9229137513202,3.348154436181148
"[0.011035354168029178, 0.7573624448814246, -0.9227205105346564, 0.3384377378656313]",29.92261329337013,3.3482172686625447
"[0.010958905765463009, 0.7574852512482324, -0.9226821715640513, 0.338266065853254]",29.922309147698222,3.348280101143941
"[0.010881898776149082, 0.7576092492576344, -0.9226433920209027, 0.3380928390959609]",29.922001261970426,3.348342933625338
"[0.01080431525478337, 0.7577344760064157, -0.9226041584914145, 0.33791800893412194]",29.92168951403056,3.3484057661067346
"[0.010726133902462803, 0.7578609744429494, -0.9225644556323495, 0.3377415187075633]",29.921373774404717,3.3484685985881306
"[0.010647351723402976, 0.7579887582760861, -0.922524277196724, 0.33756335269601234]",29.921053995334713,3.348531431069528
"[0.010567934416410017, 0.7581178923834306, -0.9224836007647585, 0.3373834239869647]",29.920729977837887,3.348594263550924
"[0.010487870877176095, 0.7582484045033807, -0.922442415488932, 0.3372016976370064]",29.920401628315304,3.3486570960323205
"[0.010407150746122256, 0.758380321513458, -0.9224007107194458, 0.337018140038073]",29.920068862576855,3.3487199285137175
"[0.010325736992067916, 0.758513714403309, -0.9223584617486326, 0.33683265640202464]",29.91973145775253,3.348782760995114
"[0.010243623158836921, 0.7586486046944622, -0.9223156594019626, 0.3366452209651749]",29.919389349760404,3.3488455934765105
"[0.010160782762748483, 0.758785047256535, -0.9222722838298025, 0.33645576179738745]",29.91904235535918,3.3489084259579074
"[0.010077177496438817, 0.7589231171930567, -0.9222283085877976, 0.3362641791597529]",29.91869024752083,3.348971258439304
"[0.009992810301568763, 0.759062822126693, -0.92218372858986, 0.3360704671910002]",29.91833299544191,3.3490340909207004
"[0.009907629030195672, 0.7592042614745971, -0.9221385093402885, 0.3358744929666749]",29.917970287358827,3.3490969234020973
"[0.009821625892895407, 0.7593474619130863, -0.9220926394062537, 0.33567622469345]",29.917602039655513,3.349159755883494
"[0.009734762584501714, 0.759492501573365, -0.9220460907409954, 0.33547555958016323]",29.91722800308275,3.34922258836489
"[0.009646997987376385, 0.7596394643310803, -0.9219988332348088, 0.3352723872802537]",29.91684791773536,3.349285420846287
"[0.009558320580739943, 0.7597883854070777, -0.9219508522370844, 0.33506666505070765]",29.91646166467806,3.3493482533276833
"[0.00946868536511812, 0.7599393570683881, -0.9219021145505157, 0.3348582716532449]",29.916068958464457,3.3494110858090798
"[0.009378051082813286, 0.7600924665232982, -0.92185258835463, 0.33464709329466386]",29.91566952087991,3.3494739182904767
"[0.009286380388222881, 0.7602477955860406, -0.9218022433259044, 0.3344330240729846]",29.915263092351626,3.349536750771873
"[0.009193623554391248, 0.760405448359264, -0.9217510416508615, 0.3342159278544231]",29.914849344174385,3.3495995832532697
"[0.009099752759430467, 0.7605654930657727, -0.9216989568965429, 0.3339957184136234]",29.914428062787604,3.3496624157346666
"[0.00900469831562722, 0.7607280707596001, -0.9216459386366104, 0.33377220985120676]",29.913998802013158,3.349725248216063
"[0.008908428196960999, 0.7608932598554299, -0.9215919565152035, 0.33354530303551677]",29.91356131300322,3.3497880806974596
"[0.008810871504019902, 0.7610612071257628, -0.9215369575097161, 0.33331480554581583]",29.91311512583048,3.3498509131788565
"[0.008711964893271038, 0.7612320485552506, -0.9214808916875534, 0.33308054057746594]",29.912659820408848,3.349913745660253
"[0.008611648007929762, 0.7614059171559873, -0.9214237096601355, 0.3328423361995936]",29.912194972270452,3.34997657814165
"[0.008509856929263216, 0.761582954390706, -0.9213653588137862, 0.33260000973295345]",29.91172012970586,3.3500394106230464
"[0.008406495394724593, 0.7617633607166753, -0.9213057665539072, 0.332353298740996]",29.911234663810028,3.3501022431044425
"[0.008301490845329346, 0.7619472983811301, -0.9212448722906926, 0.33210199418240377]",29.910738060972726,3.35016507558584
"[0.008194747724924858, 0.7621349730854529, -0.9211826004366611, 0.331845828790077]",29.910229665804042,3.350227908067236
"[0.00808615447472002, 0.762326622544121, -0.9211188640343124, 0.33158449299278503]",29.909708731417275,3.3502907405486324
"[0.007975603965509243, 0.7625224809731563, -0.9210535764615235, 0.3313176835355603]",29.909174512444697,3.35035357303003
"[0.007862968521966761, 0.7627228236968696, -0.9209866364971108, 0.33104504284354197]",29.90862614149382,3.350416405511426
"[0.007748104324358306, 0.7629279602859229, -0.9209179304287808, 0.3307661687030432]",29.90806263788303,3.3504792379928223
"[0.007630865177263456, 0.7631382107518655, -0.9208473398800677, 0.3304806469027363]",29.907482986433983,3.3505420704742193
"[0.007511062154856181, 0.7633539788726929, -0.9207747170143368, 0.3301879519952177]",29.906885910926604,3.3506049029556157
"[0.007388507313691118, 0.7635756751005375, -0.9206999101757409, 0.32988755244834456]",29.90627011157896,3.3506677354370122
"[0.007262979470791894, 0.7638037794450353, -0.9206227424955861, 0.32957882578392966]",29.905634070279508,3.350730567918409
"[0.0071341973756101585, 0.7640388926572753, -0.9205429941266012, 0.3292609901501128]",29.904975883682358,3.3507934003998057
"[0.007001865131682762, 0.7642816562243225, -0.9204604288447035, 0.3289332134889837]",29.904293522837968,3.350856232881202
"[0.006865665937398714, 0.7645327657522354, -0.9203747891632258, 0.3285945961308661]",29.903584782029554,3.350919065362599
"[0.006725143914197796, 0.7647931928890105, -0.9202857199185217, 0.3282438729303352]",29.902846588440596,3.3509818978439956
"[0.006579836423060582, 0.7650639467856907, -0.9201928486499372, 0.32787973679781185]",29.902075745875774,3.3510447303253916
"[0.006429151296282977, 0.7653463076080499, -0.9200957046769004, 0.327500526283753]",29.901268196137504,3.351107562806789
"[0.006272366129215187, 0.7656418380461376, -0.9199937133437349, 0.3271042135773452]",29.900418998714038,3.351170395288185
"[0.006108589787719598, 0.7659524684195548, -0.9198861644648482, 0.32668829462180965]",29.899522034465463,3.3512332277695815
"[0.005936687892373147, 0.7662806558379901, -0.9197721541433123, 0.32624958200148746]",29.89856951547087,3.3512960602509785
"[0.005755166511461113, 0.7666296333080393, -0.9196504936026815, 0.3257838809858089]",29.897551212056932,3.351358892732375
"[0.005561993326426539, 0.7670037960896667, -0.9195195672826975, 0.3252854880763055]",29.896453193087943,3.3514217252137715
"[0.005354385833790696, 0.7674091794700738, -0.9193771543365724, 0.3247465768868974]",29.895256339198085,3.3514845576951684
"[0.0011515854243345214, 0.7764777297364238, -0.9160504721395454, 0.31297427124229243]",29.86659333158365,3.351547390176565
"[0.0013732864850357644, 0.7759510860337828, -0.9162504972954815, 0.31364343207599926]",29.868353458608503,3.3516102226579614
"[0.0016325380763289774, 0.7753431610316932, -0.916480417369103, 0.31441804836759163]",29.87037101404389,3.3516730551393583
"[0.001956162072619419, 0.7745958416841007, -0.9167615990656299, 0.3153734945944835]",29.872830164358422,3.351735887620755
"[0.002439125827192635, 0.7735033477165967, -0.9171696980048417, 0.316776664483463]",29.87638305309062,3.351798720102151
"[0.36006285962085866, 0.9906212180454345, -0.9520344122079589, 0.5710549509468694]",81.2151993906152,3.4431571480528222
"[0.5673798736386239, 0.9635045311085301, -0.7305417138778069, 0.3254949539793843]",58.559579375090856,3.443785472866788
"[0.46666799857907776, 0.9387666398885385, -0.7196164989476398, 0.5132953900209369]",68.84884152368831,3.4441624677551674
"[0.12906083793196418, 1.1274023266080637, -0.8698169861940415, 0.34947252762454944]",61.03192919471165,3.445921777234273
"[0.4611839241170824, 1.0390113617309387, -0.698134041466586, 0.42612728261010185]",81.40383204134324,3.4476810867133776
"[0.5288652463745447, 0.8181186404634188, -0.6819935475866375, 0.40704165980783275]",80.85983338420982,3.4484979089715337
"[0.2556846835443352, 1.1184652304171667, -0.8534830893665356, 0.48480524074310505]",70.59783313783774,3.449440396192483
"[0.3811795715788395, 1.0105659743763156, -0.8377729402775439, 0.5678053377306792]",64.67020908773335,3.4500687210064487
"[0.512495853321676, 0.8984139440925428, -0.6864956911670146, 0.4468522286698747]",59.042380017293006,3.450382883413432
"[0.5323631083008474, 0.9557069596912473, -0.6936815499591709, 0.3908966472404647]",59.025205333022015,3.4504457158948285
"[0.5162922389332048, 1.0353018602223678, -0.7111825497285068, 0.3242247646199791]",59.12879710942718,3.4505085483762254
"[0.24924684671679506, 1.1509617390655904, -0.7867148479412287, 0.3997258141114969]",96.37947885581718,3.4511368731901912
"[0.468645955084716, 0.8893197954647872, -0.7261433084690736, 0.5268235273510885]",62.6574478253264,3.4542784972600216
"[0.3900984030023429, 0.7517352092263474, -0.6630094272065253, 0.49391890691321766]",57.70969233893398,3.462321054878788
"[0.31835791394273905, 1.1478148066744311, -0.73688074331731, 0.3598278872049069]",84.47596205843655,3.462383887360185
"[0.346940113504886, 0.7429869146644262, -0.5810664268821312, 0.3381646095486782]",61.619684721049005,3.4636405369881165
"[0.3224286585939468, 1.0477622321659985, -0.9012148502202485, 0.555402394943803]",61.094552973405364,3.464583024209066
"[0.39013582227142857, 1.0831491220484948, -0.7332932205277147, 0.4646663051099053]",62.57066314909498,3.465148516541636
"[0.4712653389039565, 0.9278833848921021, -0.7158548493682804, 0.5104532690402812]",52.31211544021118,3.467536150834707
"[0.4759209562827184, 0.9592484954387327, -0.7040685822084426, 0.4847464756578359]",52.266338410119445,3.4676618157974994
"[0.4768349805728645, 0.9738032082564959, -0.7005522614285971, 0.4724296194622173]",52.25344498452009,3.467724648278897
"[0.4735043771033109, 1.0156700153020561, -0.6959364287527318, 0.4362808201560214]",52.24217265096161,3.4679131457230863
"[0.47007052121435594, 1.0294875405448483, -0.6959125538969405, 0.42416829693102914]",52.24628902669902,3.467975978204483
"[0.4652135567599402, 1.0434188101053983, -0.6965365605186584, 0.41184628766751974]",52.25428852895685,3.4680388106858793
"[0.4236632011096524, 1.102528039377096, -0.7062052417998336, 0.3568456847285825]",52.33730217015275,3.468290140611466
"[0.4027693210412765, 1.1189585116336553, -0.7114611840185124, 0.33966373122390414]",52.380599947531636,3.4683529730928626
"[0.25028501482299065, 0.6520633264857689, -0.8976877513641741, 0.5252690512978375]",86.75404278857202,3.4688556329440354
"[0.18134569394826447, 0.7372938713236925, -0.6491674765037971, 0.4494054469597087]",59.36785242093649,3.4713689321999
"[0.04293852017178785, 0.7951326766530609, -0.6965691764110596, 0.3133493008350453]",89.0034626249589,3.4754530434906794
"[0.20187154660622209, 0.6789459360720059, -0.8290139557567326, 0.5323838034585655]",91.47377598078734,3.477275185451181
"[0.10469490294151064, 1.0905297597163408, -0.9556991430844304, 0.3584151839039569]",65.09736661236055,3.5112047254053507
"[0.46334858686061825, 0.892177012305703, -0.7376297309803524, 0.5369554467565082]",52.32808032047494,3.51139322284954
"[0.3780504848803398, 0.9762124207705408, -0.9304187889393204, 0.5786044418991628]",61.07717346977504,3.5117073852565235
"[0.10893294079600309, 0.6940215935319618, -0.8595826338447969, 0.48402869032101775]",73.44465543612127,3.5135923596984218
"[0.5332489245926392, 0.9722435017152246, -0.697228469089697, 0.37629056092341767]",58.9468295376296,3.5136551921798183
"[0.28815183392273946, 1.0869186037417864, -0.8776644667094639, 0.5256775296467137]",92.08613448304489,3.5137808571426117
"[0.07723154852837857, 0.737499604608741, -0.7409706471629487, 0.43496904764246086]",86.3011866341679,3.513969354586801
"[0.561817169044337, 0.9853525265118411, -0.735241822624554, 0.3104145414784193]",58.50981636773432,3.5144091819565775
"[0.22619623345802317, 1.1430812268757695, -0.8238115042270462, 0.42653482374256596]",64.4561972484694,3.5144720144379744
"[0.6063619688231574, 0.8993719447044521, -0.7965413877897954, 0.3142240566901749]",71.90754277953783,3.5151631717333367
"[0.2626015008623453, 0.7514302802264156, -0.5814855339556588, 0.36712951956319384]",88.73053470796987,3.51528883669613
"[0.42773168734519906, 1.0516248792104201, -0.7161350125552873, 0.4636163848357525]",75.7695826248435,3.5160428264728893
"[0.3883847341676587, 0.7117134818841324, -0.8062659869157556, 0.554567833044673]",94.52228202860891,3.516294156398476
"[0.4067072036510269, 0.6279318899953833, -0.924868323973787, 0.4687085123049447]",67.58227817301484,3.5164198213612687
"[0.3045795297031475, 0.7056610718696814, -0.7452636441243219, 0.5442926653852349]",76.76104575232473,3.5167968162496486
"[0.39816191902622844, 1.0520408788344369, -0.7503826546540185, 0.5058864620818282]",56.28760423682942,3.5170481461752354
"[0.321830001239961, 1.0660829271702148, -0.8632751129817184, 0.5439116116201005]",55.391829229976835,3.517550806026408
"[0.5616817959418189, 0.7431322531309044, -0.7490860813126191, 0.35239375969467973]",60.698584129052406,3.517927800914788
"[0.208816670294616, 0.7152655027522682, -0.7029280188616479, 0.5058064519298483]",68.13636657620562,3.5186189582101504
"[0.4361666633021203, 1.0382707410460377, -0.7147454102531925, 0.47001337345631794]",70.28584357012608,3.518870288135737
"[0.43770779527543147, 1.0285836086182665, -0.7177995627396946, 0.4806668016215542]",94.76593483700083,3.5192472830241166
"[0.1707902626614772, 0.6941106307688218, -0.7915064151974798, 0.5195383222489247]",80.99791630485244,3.519561445431099
"[0.08888142292216443, 0.712714223421906, -0.808283040470736, 0.4690871014223676]",80.95522362684245,3.520126937763669
"[0.4463516360844883, 0.9931197806041546, -0.7255205411190172, 0.5066073608649364]",70.56431199470103,3.5206295976148416
"[0.3146298928843764, 1.0150020750464626, -1.007914626386584, 0.5397068337850185]",76.33020094431087,3.5210065925032215
"[0.42121422668087527, 0.7146405533564103, -0.8418311453113179, 0.5486048595019344]",63.17380496126661,3.521132257466015
"[0.3676824045613294, 0.6113508285311973, -0.9482332109214783, 0.45427841481586245]",63.28161681399086,3.5215720848357908
"[0.325678351887415, 0.6644684800252051, -0.8621025590105861, 0.5422809113775572]",72.40409254835113,3.522074744686964
"[0.5162784302759961, 0.6526020170832253, -0.874155118066319, 0.3872238863616505]",90.83051384715291,3.5224517395753434
"[0.22743343348192202, 1.105024174350537, -0.913436470591681, 0.48805816077977265]",64.89512995665049,3.5225145720567403
"[0.48042869074444133, 0.7972201820009309, -0.6644479876225802, 0.4485862520729231]",54.51663384313049,3.5226402370195333
"[0.5672509604432178, 0.8889636304293416, -0.713629848355548, 0.3694719841812894]",54.57367348739965,3.5227030695009303
"[0.48737875275481485, 0.8585436196684793, -0.6935756470756861, 0.4873347467331797]",55.254789960678586,3.5241482165730518
"[0.45829581875631464, 0.8595453409050111, -0.7569005917798599, 0.5509825052753938]",48.55555272843829,3.5259703585335536
"[0.4456867819964271, 1.0859149114139008, -0.7022987387963359, 0.3601460319378757]",48.36524737731504,3.5260331910149505
"[0.04652575423585095, 0.7498200020317457, -0.7589926252183095, 0.40388019854718726]",81.69887028783572,3.526724348310313
"[0.33176678657655445, 1.054882942462831, -0.8665154656336005, 0.5516415331266392]",64.51774082598277,3.5298031398987466
"[0.4643652379803672, 0.6581561382371973, -0.9053883316967007, 0.46800296691034915]",52.872693386657126,3.5299916373429365
"[0.26208901941056306, 1.1486711175229853, -0.7818076625887515, 0.40761751773698907]",49.12503825780459,3.5300544698243335
"[0.3538773603431649, 1.094314417362521, -0.7655346375336113, 0.4867698107840815]",49.00957192630209,3.53011730230573
"[0.39762149634497884, 1.0202088451080804, -0.7855948899735117, 0.5454148372064687]",49.02671768241086,3.5301801347871264
"[0.4285987267907171, 0.914433097230401, -0.8628606548371264, 0.5847965011146535]",49.226120296297054,3.5302429672685234
"[0.1332787090869525, 0.704288727588057, -0.7842901586510047, 0.4984051623124022]",85.39384953002683,3.53030579974992
"[0.5260086041570695, 0.8673305712729577, -0.6846122459283507, 0.4265214351067939]",55.420590612821826,3.532316439154611
"[0.5528265263469033, 0.8130869381266245, -0.7030133484801095, 0.3818739046010017]",98.81927375763483,3.532442104117405
"[0.4043729110981245, 0.9566092700065058, -0.8749942382514865, 0.5842893220250601]",48.28527254514829,3.5328190990057844
"[0.3340612191278602, 1.0857211466111596, -0.8066774998675202, 0.5169134395006655]",48.14254046979345,3.532881931487181
"[0.18457745122187402, 1.1437256101762734, -0.8401459733274662, 0.3942893720560084]",48.33007684425699,3.532944763968577
"[0.3796244863609833, 0.733701778511948, -0.7349798278936436, 0.5428527463421905]",62.42845367456727,3.5330075964499743
"[0.11192689883463222, 0.6941532060650072, -0.8537232970866816, 0.48691472504843136]",61.14755943040546,3.534138581115113
"[0.3285280580737297, 0.7356920680729495, -0.6514506554758611, 0.4901500694009018]",66.77409164870012,3.5342642460779063
"[0.4664080977900964, 1.059506019618668, -0.6974427717546972, 0.38033363221102057]",75.77615589034781,3.5344527435220963
"[0.023086505068842522, 0.7556618291529401, -0.8004647111212829, 0.3827078792926872]",80.35230525771931,3.534892570891872
"[0.4154293759406953, 0.992713209572571, -0.7803021692126816, 0.5515507624498198]",86.0337451732838,3.550349361315438
"[0.25945314664568425, 0.6101429487841694, -1.0162686187076486, 0.40152388032200464]",42.9986272228153,3.550412193796835
"[0.2707208231840473, 0.6075892194711139, -1.0096418805389555, 0.4082948569746905]",43.02753011271405,3.5504750262782316
"[0.27966751243070526, 0.6059338708466449, -1.0043492708959016, 0.4131613548462693]",43.0510328769366,3.550537858759628
"[0.28744944044538717, 0.6047538740183316, -0.99974012109035, 0.4170471937482679]",43.0719148133852,3.550600691241025
"[0.2945016598659017, 0.6038889017159846, -0.9955688688646674, 0.42030259013875276]",43.09121891183748,3.5506635237224216
"[0.30104900840912124, 0.6032570823388566, -0.9917081522411257, 0.42310790212818]",43.1094857125067,3.5507263562038176
"[0.3072211593030517, 0.6028106670943738, -0.9880844301343382, 0.42556851251015954]",43.12702696828275,3.550789188685215
"[0.31310239957297625, 0.6025188319171694, -0.9846498104304681, 0.42775313638446283]",43.14404642728718,3.550852021166611
"[0.31875407551051854, 0.6023603909573754, -0.9813693599108705, 0.4297105140216228]",43.16069519453678,3.5509148536480075
"[0.32421763320871805, 0.6023203964829368, -0.9782195167158841, 0.43147492684694033]",43.177075484185686,3.5509776861294045
"[0.3295267166920238, 0.6023878315224782, -0.9751811418232131, 0.43307301885212546]",43.19327291948727,3.551040518610801
"[0.3347060584925429, 0.6025544654061266, -0.9722402012833439, 0.4345249825356861]",43.2093513555659,3.5511033510921974
"[0.3397767116333616, 0.6028141047292696, -0.9693847805612862, 0.4358472101061645]",43.22536739917547,3.5511661835735944
"[0.3447549867610401, 0.6031620279053183, -0.9666056932232171, 0.4370526984698327]",43.24136619896982,3.551229016054991
"[0.34965427300195345, 0.6035946326925765, -0.9638954377745501, 0.4381520901164791]",43.25738633918178,3.5512918485363874
"[0.3544873839602302, 0.6041093803710826, -0.9612469000227104, 0.4391545483361799]",43.27346702623881,3.5513546810177843
"[0.3592635320707031, 0.6047042979429961, -0.9586550158063376, 0.44006737087909714]",43.28963778078973,3.551417513499181
"[0.3639922057319876, 0.6053782133643326, -0.9561146361856346, 0.4408970189075078]",43.30593098429885,3.551480345980577
"[0.36868141196385384, 0.6061304646340837, -0.9536214917120425, 0.4416488956344674]",43.32237585067403,3.551543178461974
"[0.3733378285258736, 0.6069607843270604, -0.9511720942852488, 0.44232753405181985]",43.338998685851635,3.5516060109433703
"[0.377967107508219, 0.6078692369004614, -0.9487635611063783, 0.4429367726288229]",43.35582367382261,3.5516688434247676
"[0.38257691918049147, 0.6088568039321337, -0.9463920439308465, 0.443480196613474]",43.37288397905208,3.5517316759061637
"[0.38717133940832044, 0.6099242131396504, -0.9440556407896133, 0.44396048016381845]",43.39020127441032,3.55179450838756
"[0.39175631561257046, 0.6110730360346477, -0.9417515721574733, 0.4443801099442578]",43.40780571831288,3.551857340868957
"[0.3963362390075098, 0.612304912110195, -0.9394779410503367, 0.444741030560342]",43.42572326262478,3.5519201733503536
"[0.40091676137773047, 0.6136222507017209, -0.9372323256517878, 0.4450449236102706]",43.44398646216213,3.55198300583175
"[0.4055021573735763, 0.6150275278087625, -0.935013099483354, 0.44529301045601755]",43.46262432982788,3.552045838313147
"[0.41009723239697116, 0.6165238097320948, -0.9328184961742308, 0.4454862082565743]",43.481669873237486,3.5521086707945435
"[0.41470673026441857, 0.6181146107961107, -0.9306469176142406, 0.4456250826687778]",43.50115791520648,3.55217150327594
"[0.41933562606961267, 0.6198040176573433, -0.9284968126187111, 0.4457098501903215]",43.5211265044751,3.552234335757337
"[0.423988704165567, 0.6215965699407185, -0.9263668941868886, 0.4457403546076151]",43.54161531155533,3.5522971682387334
"[0.428672058360671, 0.6234978937501174, -0.9242554822302839, 0.4457160466042354]",43.56267248321987,3.5523600007201295
"[0.43339079569576033, 0.6255138687723082, -0.922161584526771, 0.44563593774005156]",43.58434487566535,3.552422833201527
"[0.4381511973932072, 0.6276515578500373, -0.9200839549472094, 0.4454985542177225]",43.60668798815897,3.552485665682923
"[0.4429599481396705, 0.6299190131234339, -0.9180214987629974, 0.4453018638005585]",43.629763103288205,3.5525484981643194
"[0.44782467710192925, 0.632325656943966, -0.9159731048903719, 0.4450431670939427]",43.65364042473051,3.5526113306457163
"[0.45275380098679263, 0.6348823852142106, -0.9139378003024624, 0.4447189811677435]",43.67839917223573,3.552674163127113
"[0.45775650459650097, 0.6376017472805955, -0.9119148565214755, 0.44432489921840734]",43.704128291730306,3.5527369956085093
"[0.46284410169564655, 0.640498953741532, -0.9099033737969104, 0.4438552836066906]",43.73093459271123,3.5527998280899062
"[0.4680290027521789, 0.6435916813025758, -0.9079028790399131, 0.44330307185541024]",43.75893899054064,3.5528626605713027
"[0.473326308187899, 0.6469014439347106, -0.9059129271064211, 0.4426592674626025]",43.78828675041372,3.5529254930526992
"[0.4787551501854983, 0.6504551494264149, -0.9039329402083226, 0.4419122278045301]",43.81915780277459,3.552988325534096
"[0.4843376027573845, 0.6542853302053869, -0.9019630605427962, 0.4410470640499715]",43.85176419405093,3.5530511580154926
"[0.49010185183698546, 0.658433490603087, -0.9000036084821859, 0.4400441541635089]",43.88637275742533,3.5531139904968887
"[0.49608384390247157, 0.6629532176030576, -0.8980554310883733, 0.4388772505158948]",43.92332181434268,3.553176822978286
"[0.5023318738938047, 0.6679165556741605, -0.8961197587931821, 0.43751009746068825]",43.963059353723864,3.553239655459682
"[0.5089094711465817, 0.6734209178730564, -0.8941994024531534, 0.4358917608653325]",44.006176255197175,3.5533024879410786
"[0.5159092028281443, 0.6796082993962445, -0.8922980766768868, 0.43394635487657857]",44.05351979753426,3.553365320422476
"[0.5234680404922334, 0.6866934387476884, -0.8904223116066861, 0.43155558552692164]",44.10633998679582,3.553428152903872
"[0.5318075240154782, 0.6950305194181876, -0.8885828635075934, 0.42851919055621257]",44.16664857448255,3.5534909853852685
"[0.5413260589543729, 0.7052747987451998, -0.8867992590656548, 0.4244565112230944]",44.23806294598641,3.5535538178666655
"[0.5528875103002935, 0.7189035194768726, -0.885112076690457, 0.41848526156990484]",44.3284741921469,3.553616650348062
"[0.5693213781698148, 0.7410675086751844, -0.8836386699095679, 0.40743040801831476]",44.464252305411996,3.5536794828294584
"[0.3733959221214962, 0.7339582291265773, -0.7224759579972533, 0.5378336742516014]",54.1879365463908,3.5537423153108554
"[0.38331831147707063, 1.019613858947785, -0.8174015781972187, 0.5590451099681536]",55.72229502737779,3.554119310199235
"[0.340367905850439, 0.7233862907981246, -0.714623931536425, 0.5347383859211342]",78.21605952343792,3.555061797420184
"[0.09214175375006813, 0.6901878158298792, -0.9325644211262523, 0.4464535806984942]",49.27136777833732,3.5558786196783396
"[0.14928259078213058, 0.6692566540227378, -0.9199348407774037, 0.48883880501361626]",49.39217074186553,3.5559414521597366
"[0.20347295163961956, 0.6575749908855347, -0.906912063334923, 0.5134460947591011]",49.520620481015015,3.556004284641133
"[0.25941803751724407, 0.6514854520795593, -0.8960857672478402, 0.526764388720902]",49.68637476077681,3.55606711712253
"[0.32207647237187786, 0.6513341760621792, -0.8893288333283494, 0.5299505518110657]",49.93358538935996,3.5561299496039265
"[0.40426791137123885, 0.663502419115245, -0.8901467388509418, 0.5180156061697659]",50.39058175649852,3.556192782085323
"[0.22147779846008728, 0.6638011482511315, -0.8726398406194736, 0.5299910075735124]",72.64569280499731,3.5563184470481164
"[0.11557870457883228, 0.6812460521793576, -0.9202989034431464, 0.46999930661735156]",52.88170861324246,3.556381279529513
"[0.43618657842543496, 0.7125081471659543, -0.6266073970138486, 0.27623688128411766]",68.71053756404282,3.55644411201091
"[0.5372110443504647, 0.7361742794944658, -0.9137967704472367, 0.45680402573263307]",47.79970537500857,3.556821106899289
"[0.48501287055792036, 0.7025191250033354, -0.8996500066030457, 0.49469288793472377]",47.38739063909142,3.5568839393806857
"[0.45573381890984915, 0.6901360890358148, -0.8910366856957929, 0.5102007668448538]",47.14952451632957,3.556946771862082
"[0.4342568545149221, 0.6831618578683432, -0.8846209749360224, 0.5195227216583672]",46.9757698628034,3.557009604343479
"[0.41684312031231363, 0.6785808895658545, -0.8794993062364692, 0.5258997416504808]",46.838204220674946,3.5570724368248756
"[0.4019305396856474, 0.6753141088353667, -0.8752717138901048, 0.5305512368383015]",46.724541085747056,3.557135269306272
"[0.3887023794335656, 0.6728640523063942, -0.8717165388825723, 0.5340687744217284]",46.627996898258715,3.557198101787669
"[0.3766808964675007, 0.6709673375912859, -0.8686962024409939, 0.5367810333714754]",46.54438860823497,3.5572609342690655
"[0.36556040151498276, 0.6694701372096121, -0.8661172467629498, 0.5388887868857654]",46.47090853182569,3.5573237667504616
"[0.3551371548397768, 0.6682766656120003, -0.8639132563839197, 0.5405220770339833]",46.405591509000615,3.557386599231859
"[0.3452640080990035, 0.6673234123786078, -0.8620337498121765, 0.5417700454579415]",46.34697090659686,3.5574494317132554
"[0.33583467462199335, 0.6665669302245176, -0.8604400278873221, 0.542695276006683]",46.29394397159034,3.5575122641946515
"[0.3267702434382354, 0.6659764056516537, -0.8591015292734305, 0.5433429932709841]",46.245659293081545,3.557575096676049
"[0.3180081799144801, 0.665529197203186, -0.8579931958141646, 0.5437467132861832]",46.20143209935419,3.557637929157445
"[0.3095000890694537, 0.6652084462151442, -0.8570944925933232, 0.5439314179960854]",46.160714770362596,3.5577007616388414
"[0.30120759629811517, 0.6650013288247528, -0.8563882292573587, 0.5439159442613501]",46.12306084278778,3.5577635941202383
"[0.293099399380854, 0.6648979342012391, -0.8558597526340174, 0.5437145507080798]",46.08809962055076,3.557826426601635
"[0.2851481599359735, 0.6648905425837919, -0.8554963644536357, 0.5433378922142572]",46.055514226962785,3.5578892590830313
"[0.2773329199690559, 0.6649731445162087, -0.8552871151572657, 0.5427939078382524]",46.0250446977995,3.5579520915644283
"[0.26963582627138005, 0.6651410268096836, -0.8552222854828356, 0.5420883654292435]",45.99646798771978,3.5580149240458248
"[0.2620391192550053, 0.6653906222390725, -0.8552932010961688, 0.5412249485288857]",45.96958298373327,3.5580777565272212
"[0.2545298819471792, 0.6657192071176171, -0.8554920650027377, 0.5402060463752838]",45.944224427859275,3.558140589008618
"[0.24709580624070568, 0.6661248514652189, -0.8558117551267989, 0.5390326271583835]",45.92024413526227,3.5582034214900147
"[0.2397261828625448, 0.6666062930942431, -0.8562456906485747, 0.5377045276602667]",45.89751224679691,3.5582662539714116
"[0.23241067153815526, 0.6671629410975874, -0.8567877779111688, 0.5362203841340174]",45.87591133710002,3.558329086452808
"[0.22514072323864925, 0.6677947245583474, -0.8574322082219615, 0.5345780115150486]",45.85533905366578,3.558391918934204
"[0.21790750225568234, 0.668502218929693, -0.8581735137319184, 0.5327740558600524]",45.83570047894502,3.5584547514156015
"[0.21070409072640828, 0.6692864270673394, -0.8590062683379083, 0.5308045653034036]",45.81691309257307,3.5585175838969976
"[0.2035223107756875, 0.6701490975658115, -0.8599253374049698, 0.5286642021267202]",45.79889710740193,3.558580416378394
"[0.19635678857920347, 0.671092272406317, -0.8609253027193159, 0.526347405522193]",45.781585005111424,3.558643248859791
"[0.1891990397471806, 0.6721190502253424, -0.8620011608936737, 0.5238465517394062]",45.76490601840268,3.5587060813411875
"[0.18204367251838843, 0.6732328243568274, -0.8631473854093945, 0.5211538901645693]",45.74880052842682,3.558768913822584
"[0.17488274266354564, 0.6744381462688679, -0.8643586722707751, 0.5182595168150145]",45.73320606038058,3.558831746303981
"[0.1677104845500464, 0.675740084632342, -0.8656290947726855, 0.5151530254408808]",45.71806740751936,3.5588945787853774
"[0.16051966431387327, 0.6771449221568395, -0.8669525900803221, 0.5118219534009266]",45.70332785553492,3.558957411266774
"[0.15330399563261274, 0.6786598632679411, -0.8683224115555374, 0.5082526357213845]",45.68893367587611,3.559020243748171
"[0.1460545895162469, 0.6802939531136227, -0.8697316464305733, 0.504428233344002]",45.674826251147174,3.5590830762295673
"[0.13876551702027917, 0.6820571023488596, -0.871171966932358, 0.5003312717798531]",45.660952307431565,3.5591459087109634
"[0.13142592136672948, 0.6839622158731989, -0.8726349416597998, 0.49593899466317026]",45.647247630165694,3.5592087411923607
"[0.124027099699758, 0.6860239485538123, -0.8741103580930925, 0.49122669266763763]",45.63364960200457,3.559271573673757
"[0.1165590692428129, 0.6882600226463906, -0.8755865262954508, 0.48616519311648143]",45.620089068557036,3.5593344061551533
"[0.10900925271600859, 0.6906924072864377, -0.8770500510718232, 0.48071893078236677]",45.606486106856735,3.55939723863655
"[0.10136321491543472, 0.693348204939725, -0.8784850045889683, 0.4748449912299524]",45.59274877311324,3.5594600711179467
"[0.09360466029037476, 0.6962610998200157, -0.8798719904600323, 0.4684912961640969]",45.5787693076309,3.559522903599343
"[0.08571521137979382, 0.6994734568965656, -0.8811868816991076, 0.4615939601015318]",45.56441826817184,3.55958573608074
"[0.07766963832593517, 0.7030414305940309, -0.882399650070203, 0.45406920139833584]",45.54952744120617,3.5596485685621366
"[0.06943662148961796, 0.7070399309351506, -0.8834710576773186, 0.44580739718209084]",45.53387756677652,3.559711401043533
"[0.06097589458286783, 0.7115722852083242, -0.8843480305665863, 0.43666013515083557]",45.51717016408063,3.55977423352493
"[0.05223205337653544, 0.7167881981203831, -0.8849556200614037, 0.4264157742660368]",45.498974294253046,3.5598370660063265
"[0.04312368743373451, 0.7229187279999684, -0.8851811872051791, 0.4147523217621929]",45.47862265765556,3.5598998984877226
"[0.033521807948710396, 0.7303528693799441, -0.8848395563314233, 0.40113537577561953]",45.45498200782983,3.55996273096912
"[0.02319451799476879, 0.7398418551569098, -0.8835811595034662, 0.38454722129524926]",45.425831905214686,3.560025563450516
"[0.01160335652069949, 0.7532688698043701, -0.8805521850570326, 0.36246849366306994]",45.38548759392194,3.5600883959319125
"[-0.003975911086422944, 0.7814727903141627, -0.8709850870469573, 0.32061316512475946]",45.30005384775449,3.5601512284133094
"[0.17537117865037835, 1.043042175702542, -1.0741044477389154, 0.39917575719745824]",66.44703985456056,3.5602768933761024
"[0.484613950920481, 1.0118508897921368, -0.6928998730812583, 0.4211617405573741]",56.0787875450587,3.5610308831528625
"[0.3623062290783604, 0.9685396254919353, -1.046169252350981, 0.5305579362966663]",69.19607755677063,3.561345045559845
"[0.38218431549630827, 1.1339854589745015, -0.7196020038339771, 0.3018262135387393]",50.46166019188133,3.5619733703738112
"[0.5064731355258781, 0.7608789682066821, -0.6639636011058799, 0.37405470471007496]",55.95496883457467,3.562601695187777
"[0.3559038786218873, 0.7454082368385162, -0.6165472809357438, 0.44172833736715883]",56.16858323494811,3.5626645276691735
"[0.3135714292148123, 0.743613628455345, -0.6013258171980759, 0.4215125607945732]",56.10035403436271,3.5627273601505705
"[0.28661313480692957, 0.7452511520693432, -0.59422417208103, 0.40657608740928325]",56.06876053082747,3.562790192631967
"[0.26297323653614757, 0.7483770957688416, -0.5893987606913511, 0.39091531630868326]",56.0447736960426,3.562853025113364
"[0.24010587887554774, 0.7530425142556281, -0.5860041994369819, 0.3723580406330193]",56.022716322683614,3.5629158575947604
"[0.2189558745191467, 0.7592920450772342, -0.5839375412482868, 0.349661631808748]",55.99924397074459,3.562978690076157
"[0.20146027385808807, 0.7669853971893087, -0.5831525222115388, 0.3215390885637074]",55.97003619642922,3.563041522557554
"[0.18999381206163854, 0.7758032876020251, -0.5839785177064171, 0.28557216507829475]",55.92791854230917,3.5631043550389503
"[0.18930391675290684, 0.7849902151717277, -0.5891401577398436, 0.23281193645386858]",55.85198401122921,3.563167187520347
"[0.35105796289149294, 1.0302986316217912, -0.8747389052894896, 0.5652008030394905]",68.30789420957728,3.5636698473715196
"[0.3342195515685591, 0.9908298671904454, -1.043308668579198, 0.5276477810743991]",81.82552189276147,3.5638583448157095
"[0.42961329943440096, 0.9338371039862835, -0.815236195433613, 0.5757216390502645]",69.51114522782292,3.565366324369228
"[0.5545738454125344, 0.979849292880176, -0.7201766107126077, 0.3310549362016208]",83.44051701522264,3.5656804867762113
"[0.4384327906771294, 1.0405682476934306, -0.7117589038013389, 0.46301228508450876]",78.27829566529633,3.56699996888554
"[0.09571483889441583, 1.0772631800018755, -0.9739236491560691, 0.3447676612802268]",40.58980199532063,3.567816791143696
"[0.0997448043829378, 1.0821673107308067, -0.9686689714535903, 0.35142791757506786]",40.56725966448451,3.5678796236250925
"[0.10360796187210852, 1.0863306554293466, -0.9640517152106268, 0.35732892573407066]",40.547791390323056,3.567942456106489
"[0.1073278323481073, 1.089933967704046, -0.9599185492756572, 0.3626615356143227]",40.530607024883594,3.568005288587886
"[0.11092375309816466, 1.0930967836370498, -0.9561672468773528, 0.3675515316862604]",40.51519084333199,3.5680681210692824
"[0.11440921148953595, 1.09590068852134, -0.9527282375571228, 0.3720835022940745]",40.50119612288784,3.568130953550679
"[0.1177967173736928, 1.0984063334200302, -0.9495491646901559, 0.37632069644638394]",40.48836703871724,3.568193786032076
"[0.12109491238988546, 1.100658174433024, -0.9465920047691251, 0.3803085012359295]",40.476519074390396,3.5682566185134723
"[0.12431191594169443, 1.102691308620587, -0.9438264073867004, 0.38408299736861284]",40.465507337843206,3.5683194509948684
"[0.12745449541721648, 1.1045334550919788, -0.9412283757644475, 0.3876725231479428]",40.455218473969815,3.5683822834762657
"[0.13052821909645385, 1.1062068672747603, -0.9387786797079787, 0.39109962083028255]",40.44556240880611,3.568445115957662
"[0.13353805610289662, 1.1077298985961388, -0.9364613878380975, 0.39438289342996136]",40.43646531715708,3.5685079484390583
"[0.13648843692795512, 1.109117859680187, -0.9342631590735021, 0.3975378663977304]",40.42786595973702,3.568570780920455
"[0.139382716863616, 1.1103834026470285, -0.9321731381331202, 0.4005770052760266]",40.41971466378222,3.5686336134018517
"[0.1422245663338844, 1.1115376122345817, -0.9301815716168694, 0.403511613659823]",40.41196746212735,3.568696445883248
"[0.14501666293957793, 1.1125897645572276, -0.9282804903795856, 0.4063507659744526]",40.40458844042219,3.568759278364645
"[0.1477622767734444, 1.1135482154435112, -0.9264624040272504, 0.40910317289993325]",40.39754441446444,3.5688221108460416
"[0.15046320051070436, 1.1144198457092094, -0.9247215360206084, 0.41177526953625365]",40.390809569335524,3.568884943327438
"[0.15312173508844468, 1.1152109471005218, -0.9230523617287325, 0.4143733638853889]",40.38435961097767,3.568947775808835
"[0.15574027612437205, 1.1159271506744717, -0.9214498194348543, 0.41690330670450637]",40.378172484703306,3.5690106082902315
"[0.15832022712560795, 1.1165732402011543, -0.9199098902926162, 0.41936953438341645]",40.37223057379973,3.5690734407716276
"[0.16086341909330645, 1.117153639190238, -0.9184286548658918, 0.4217765187203971]",40.36651693186959,3.569136273253025
"[0.16337142516191977, 1.1176722825333576, -0.917002665873112, 0.42412815838312223]",40.36101669955939,3.569199105734421
"[0.16584559441389254, 1.1181326947763757, -0.9156288758575313, 0.4264278642105444]",40.35571678057526,3.5692619382158175
"[0.16828732480018518, 1.1185380922696726, -0.9143044467766803, 0.42867885355963126]",40.350605060213596,3.5693247706972144
"[0.17069784656631365, 1.1188913794213433, -0.9130268419207324, 0.43088398028684777]",40.34567073648933,3.569387603178611
"[0.1730780147153479, 1.1191951663314061, -0.9117939011280413, 0.4330455772817103]",40.340904606725125,3.5694504356600083
"[0.17542941834827355, 1.119451936070941, -0.9106032462751223, 0.4351664857835149]",40.336296701750236,3.5695132681414043
"[0.17775253923130457, 1.1196638453315113, -0.9094532095648072, 0.4372484061484196]",40.33183992484384,3.569576100622801
"[0.1800488562871429, 1.1198329755495433, -0.9083417518003619, 0.43929381295404035]",40.32752579161303,3.5696389331041978
"[0.18231887401662603, 1.119961165331746, -0.9072674284717622, 0.4413042002007193]",40.323348205507436,3.5697017655855943
"[0.18456321213968507, 1.1200501395572358, -0.9062288298188658, 0.443281073974021]",40.319301268234405,3.5697645980669908
"[0.18678306168813066, 1.1201015158315815, -0.905224375374934, 0.4452263570862551]",40.31537844088272,3.5698274305483877
"[0.18897913925430607, 1.1201167681275346, -0.9042527932514934, 0.4471414752545451]",40.31157443544863,3.569890263029784
"[0.19115180056861886, 1.1200972713034345, -0.9033130414047292, 0.44902747295936407]",40.30788491365474,3.5699530955111802
"[0.1933021634729271, 1.120044299537456, -0.9024038155310686, 0.45088599484263936]",40.30430450662793,3.5700159279925776
"[0.1954304058226142, 1.1199590544156954, -0.9015242763763063, 0.45271781525207466]",40.30082973244367,3.570078760473974
"[0.19753744075273957, 1.1198426370019603, -0.9006733322763887, 0.4545242929947289]",40.29745609787568,3.57014159295537
"[0.19962379626560509, 1.1196960839063728, -0.8998501069190676, 0.4563064081482347]",40.29417999715829,3.5702044254367675
"[0.20168986229779043, 1.1195203775693738, -0.8990538240936395, 0.45806498202520135]",40.29099823985827,3.5702672579181636
"[0.20373626339747125, 1.1193164200814767, -0.8982836600835218, 0.4598009980540928]",40.28790744143541,3.57033009039956
"[0.20576347006563012, 1.119085066532884, -0.8975388927865703, 0.46151527335358794]",40.28490463389302,3.570392922880957
"[0.2077718939986497, 1.1188271261947673, -0.8968188588216185, 0.46320854369994263]",40.28198710112885,3.5704557553623535
"[0.2097620562198983, 1.1185433441307118, -0.8961228908951161, 0.46488160775309706]",40.27915209927305,3.57051858784375
"[0.2117344631027982, 1.1182344161492623, -0.8954503625244943, 0.46653522414599075]",40.27639706522184,3.570581420325147
"[0.21368937417960673, 1.1179010332563448, -0.8948007618991338, 0.46816991976567784]",40.27371989684561,3.5706442528065434
"[0.21562722147027857, 1.1175438204544725, -0.8941735458665824, 0.4697863434328492]",40.27111836704661,3.57070708528794
"[0.2175484090076679, 1.117163367623922, -0.893568208393824, 0.47138509904784925]",40.26859039577041,3.570769917769337
"[0.21945328673176834, 1.1167602387423392, -0.8929842860852071, 0.47296672565963016]",40.26613407486693,3.5708327502507333
"[0.22134236765808254, 1.116334926619875, -0.8924212910264638, 0.474531879004868]",40.26374738541132,3.5708955827321294
"[0.2232156959857783, 1.1158879982549736, -0.891878897032814, 0.47608080936990566]",40.261429005330214,3.5709584152135267
"[0.22507377964928266, 1.1154198862025895, -0.891356660773194, 0.4776141353122376]",40.25917708974914,3.571021247694923
"[0.2269168181615275, 1.1149310686282632, -0.8908542478700789, 0.4791322054863172]",40.25699025812571,3.5710840801763193
"[0.22874534352119044, 1.1144219080631628, -0.8903712525739625, 0.4806356283763665]",40.254866807203705,3.571146912657716
"[0.23055942835301452, 1.1138928665180576, -0.8899074103133295, 0.48212462132150563]",40.25280565583964,3.5712097451391127
"[0.23235941055115086, 1.1133443109209746, -0.8894624016198028, 0.4835996077454076]",40.250805458902356,3.571272577620509
"[0.23414573038269065, 1.1127765492805053, -0.8890359010408465, 0.4850610828498599]",40.24886483420876,3.571335410101906
"[0.23591849741664653, 1.112189970855355, -0.8886276789181518, 0.4865092601031597]",40.246982826149235,3.5713982425833026
"[0.2376778472566822, 1.1115849433228198, -0.8882375093321452, 0.48794436460366547]",40.245158497069234,3.571461075064699
"[0.23942436178850476, 1.1109616589235207, -0.8878650829893671, 0.4893669754364541]",40.243390476174014,3.571523907546096
"[0.24115799369563554, 1.1103205108013596, -0.8875102414914896, 0.49077714939261174]",40.24167812913635,3.5715867400274925
"[0.24287909486607764, 1.1096617339316033, -0.8871727528281524, 0.4921752597436275]",40.24002043274606,3.5716495725088886
"[0.24458788565708792, 1.1089855932004824, -0.8868524254571188, 0.4935615641371363]",40.23841655266664,3.571712404990286
"[0.24628468035232443, 1.1082922987382344, -0.8865490630553343, 0.49493638822636066]",40.236865606964145,3.571775237471682
"[0.24796952648593384, 1.107582154615234, -0.8862625281646734, 0.496299833802249]",40.235367011618294,3.5718380699530794
"[0.24964278072791843, 1.1068553225190358, -0.8859926399564555, 0.497652245595952]",40.23391992654882,3.5719009024344754
"[0.2513045479102039, 1.106112056700946, -0.8857392706950099, 0.49899375741101043]",40.232523784659065,3.571963734915872
"[0.25295517014687724, 1.1053524922779248, -0.8855022663919172, 0.5003246877454007]",40.231177849598424,3.572026567397269
"[0.25459464905166573, 1.1045769072950222, -0.885281532453365, 0.5016450737974645]",40.229881707121805,3.5720893998786654
"[0.25622329105345953, 1.103785427181751, -0.8850769401058652, 0.5029551920787378]",40.22863471883569,3.572152232360062
"[0.25784141165014357, 1.1029781547924544, -0.884888373169698, 0.5042553196469108]",40.227436284142826,3.572215064841459
"[0.25944897986537024, 1.1021553543255647, -0.8847157650049847, 0.5055454490396996]",40.22628610436016,3.5722778973228553
"[0.26104633566823077, 1.1013170928319334, -0.8845590153931094, 0.5068258647777019]",40.2251836247957,3.5723407298042518
"[0.26263362118106603, 1.100463525953369, -0.8844180555075465, 0.5080966865917353]",40.22412847482592,3.5724035622856487
"[0.264210870806843, 1.099594860736526, -0.8842928319162298, 0.5093579424816572]",40.223120381878395,3.572466394767045
"[0.2657784257086101, 1.0987111264651805, -0.8841832743778375, 0.510609900168711]",40.22215889312984,3.5725292272484412
"[0.26733639280300137, 1.0978124704524317, -0.8840893404737246, 0.5118526343513655]",40.22124374408302,3.5725920597298386
"[0.268884943402461, 1.0968989953656056, -0.8840109906810549, 0.513086265693801]",40.220374648884984,3.5726548922112347
"[0.27042433562703155, 1.0959707415259405, -0.8839481906636453, 0.5143109783429834]",40.219551311725404,3.572717724692631
"[0.27195457963630215, 1.0950278898216566, -0.8839009242605517, 0.5155267536829384]",40.218773593061535,3.572780557174028
"[0.27347582481335325, 1.0940705319666464, -0.8838691749762312, 0.5167336786765833]",40.218041312093774,3.5728433896554246
"[0.2749884616573258, 1.0930985953431245, -0.8838529323338797, 0.5179320257578149]",40.217354176883745,3.572906222136821
"[0.2764924307060262, 1.0921122849451517, -0.8838522010672938, 0.5191217051128153]",40.216712160201816,3.572969054618218
"[0.2779879903140942, 1.0911115945541934, -0.8838669895565051, 0.5203028732711142]",40.216115107912124,3.5730318870996145
"[0.2794751845445883, 1.0900966524208207, -0.8838973127005978, 0.5214755118669947]",40.215562976068675,3.573094719581011
"[0.2809543499937973, 1.0890673796575012, -0.883943199061314, 0.5226398275845962]",40.2150556335794,3.573157552062408
"[0.28242543423185584, 1.0880239587473832, -0.8840046744131576, 0.5237957150172632]",40.21459312909025,3.5732203845438044
"[0.28388878178346194, 1.0869662864636613, -0.8840817864311955, 0.5249433752174525]",40.21417538167234,3.5732832170252005
"[0.2853444039434955, 1.0858944897979208, -0.8841745759004795, 0.5260827416485567]",40.213802455665046,3.573346049506598
"[0.28679248364533, 1.0848085666389216, -0.8842830989582691, 0.5272138766230432]",40.21347439344921,3.573408881987994
"[0.2882331285130975, 1.0837085644937348, -0.8844074140161482, 0.5283367775433099]",40.21319127009006,3.5734717144693904
"[0.2896665459006677, 1.0825944485329095, -0.8845475956388253, 0.529451513379235]",40.21295316335551,3.5735345469507873
"[0.29109298987988597, 1.0814661371930547, -0.8847037342758751, 0.5305581825247836]",40.21276017308415,3.573597379432184
"[0.292512405126842, 1.0803237881180516, -0.8848758938774668, 0.5316566368967136]",40.212612495850735,3.5736602119135803
"[0.2939251117930071, 1.079167254313774, -0.8850641888795584, 0.532747012759145]",40.21251027141771,3.5737230443949772
"[0.2953310972911383, 1.0779966528250946, -0.8852686995575788, 0.5338291823007626]",40.21245372439403,3.5737858768763737
"[0.2967306637456805, 1.0768118354677414, -0.8854895579124098, 0.5349032531974923]",40.21244306870372,3.57384870935777
"[0.2981238076978374, 1.0756129051597676, -0.8857268577171317, 0.5359690909475865]",40.212478567126894,3.573911541839167
"[0.299510860620807, 1.0743996728080307, -0.8859807566550169, 0.5370268099674848]",40.21256050144783,3.5739743743205636
"[0.30089177063381567, 1.07317227739963, -0.8862513524299532, 0.5380762241341749]",40.21268917230957,3.5740372068019606
"[0.302266958250431, 1.0719304345115575, -0.8865388424468771, 0.5391174984307885]",40.21286494593331,3.574100039283357
"[0.303636345053248, 1.0706743008339434, -0.8868433326124745, 0.540150410722918]",40.21308817177347,3.5741628717647536
"[0.3050001482066172, 1.0694037641667145, -0.8871649968134042, 0.5411749544473876]",40.213359256318846,3.5742257042461505
"[0.30635851851705626, 1.0681187675023538, -0.8875040040749463, 0.5421910636522752]",40.21367862825605,3.574288536727547
"[0.30771169527525266, 1.0668191642329168, -0.8878605559785793, 0.543198728717074]",40.214046763055016,3.574351369208943
"[0.30905970284033585, 1.0655050100105965, -0.8882348065954452, 0.54419777007803]",40.214464126146574,3.5744142016903404
"[0.3104029204955457, 1.0641760106830171, -0.8886270176875568, 0.5451882608932727]",40.214931311204126,3.5744770341717365
"[0.3117413628612387, 1.0628322244884087, -0.8890373586095061, 0.5461699934144806]",40.21544884403703,3.574539866653133
"[0.31307519183663274, 1.061473563789385, -0.8894660479815664, 0.5471428580977901]",40.216017313840574,3.57460269913453
"[0.31440462907896943, 1.0600998757692468, -0.8899133344211776, 0.5481067769223764]",40.2166373812728,3.5746655316159264
"[0.3157298833690261, 1.05871101510246, -0.8903794750340887, 0.5490616493436198]",40.2173097432815,3.574728364097323
"[0.3170511094148559, 1.057306889398911, -0.8908647190782163, 0.5500073225819205]",40.21803510686321,3.57479119657872
"[0.3183685085321561, 1.0558873544277072, -0.8913693431087212, 0.5509436636613185]",40.218814237454616,3.5748540290601163
"[0.319682133224083, 1.0544524261019155, -0.8918935750897752, 0.5518704202673255]",40.2196478694168,3.574916861541513
"[0.3209923554253854, 1.0530017701406023, -0.8924377805374641, 0.552787550706512]",40.22053695005726,3.5749796940229097
"[0.3222995064349293, 1.0515350856368448, -0.8930023302158098, 0.5536949652478236]",40.22148247591105,3.575042526504306
"[0.32360345356660913, 1.0500525931406108, -0.8935874035431458, 0.5545922361870017]",40.22248516959481,3.5751053589857023
"[0.32490455853266387, 1.0485539588757344, -0.8941934035941362, 0.5554792620298131]",40.22354613082606,3.5751681914670996
"[0.32620317080292055, 1.0470388535506832, -0.8948207500667243, 0.5563559105542143]",40.22466651942087,3.5752310239484957
"[0.3274993774276971, 1.0455072515429784, -0.8954697509682055, 0.5572218516868115]",40.22584734965806,3.575293856429892
"[0.32879332825596774, 1.0439590597635298, -0.8961407507493218, 0.558076779651025]",40.227089707829315,3.575356688911289
"[0.3300856184534388, 1.0423936477094609, -0.8968343442662953, 0.5589206582786777]",40.22839516663409,3.5754195213926856
"[0.33137617987335444, 1.040811183060779, -0.8975507918662459, 0.5597529915238934]",40.22976473834141,3.575482353874082
"[0.3326653771201159, 1.0392113136319034, -0.8982905969071878, 0.5605735425569109]",40.23119990033491,3.575545186355479
"[0.33395344309852265, 1.0375938495400678, -0.8990542058613293, 0.5613819625684205]",40.232702060926414,3.5756080188368755
"[0.33524085172573737, 1.0359582979820126, -0.8998422271873605, 0.5621780240489644]",40.23427298141976,3.575670851318272
"[0.3365276696139061, 1.0343046848986512, -0.9006550385738191, 0.5629612163316412]",40.23591401627245,3.575733683799669
"[0.33781432609362827, 1.032632579926759, -0.9014932556263923, 0.5637312212948736]",40.23762702362709,3.5757965162810654
"[0.33910116364025034, 1.0309416657549604, -0.9023574608407123, 0.5644876314115829]",40.239413842431446,3.5758593487624615
"[0.34038860413539196, 1.0292315242614665, -0.9032483110700277, 0.5652300474456876]",40.241276502104135,3.575922181243859
"[0.3416768165366293, 1.0275020814486644, -0.904166304736577, 0.5659578861557887]",40.24321677432002,3.575985013725255
"[0.3429664297710716, 1.0257526553938752, -0.905112284946615, 0.5666707834147551]",40.24523717368908,3.5760478462066514
"[0.34425746012390745, 1.0239834039496127, -0.9060866659882092, 0.5673679911242945]",40.2473393942658,3.5761106786880483
"[0.3455507054152489, 1.0221934303378535, -0.9070904638898121, 0.568049140190987]",40.249526429154365,3.576173511169445
"[0.3468464645510585, 1.020382531089405, -0.9081243437431328, 0.5687135375517565]",40.251800616068856,3.5762363436508418
"[0.348145165931954, 1.018550342124298, -0.9091890861726276, 0.5693605069502548]",40.2541645983322,3.5762991761322382
"[0.3494474210142872, 1.0166962569777773, -0.9102856453708422, 0.5699894026952601]",40.25662146060067,3.5763620086136347
"[0.35075383379393704, 1.0148196938950198, -0.9114150007917821, 0.5705995049315811]",40.25917443073017,3.5764248410950317
"[0.352064647134462, 1.01292061541682, -0.9125778365057514, 0.5711898602934309]",40.26182616822308,3.576487673576428
"[0.3533807846692234, 1.0109980265493987, -0.9137754573858402, 0.5717597520932964]",40.2645807984714,3.5765505060578247
"[0.3547028038068911, 1.0090514873462169, -0.9150088753379046, 0.5723082117586888]",40.26744189697217,3.5766133385392216
"[0.3560311373608406, 1.0070807802428567, -0.9162789977610769, 0.5728341413948338]",40.270412896082334,3.576676171020618
"[0.35736687034587183, 1.005084757713674, -0.9175873790226027, 0.5733366074660378]",40.27349882566513,3.576739003502014
"[0.35871055052750295, 1.0030631109163586, -0.9189350855744856, 0.5738143598383061]",40.27670372145851,3.5768018359834115
"[0.36006310739075104, 1.001015008781508, -0.9203235822112183, 0.5742661800019034]",40.2800326859463,3.5768646684648076
"[0.36142543124349075, 0.9989397314674116, -0.9217543244718808, 0.5746907084197699]",40.28349094148291,3.576927500946204
"[0.3627986176797844, 0.9968363066138451, -0.9232290131063375, 0.5750865107543666]",40.28708446643042,3.576990333427601
"[0.3641833707790245, 0.994704433309675, -0.9247489489896965, 0.5754518969156173]",40.29081846798544,3.5770531659089975
"[0.3655811213535158, 0.992542774836144, -0.9263162455480259, 0.5757852166879607]",40.29470029406955,3.577115998390394
"[0.3669929684436561, 0.9903505947490187, -0.9279326807680885, 0.5760845488744316]",40.29873671478526,3.577178830871791
"[0.36842042487581017, 0.9881266190405759, -0.9296005269494688, 0.5763478648503358]",40.30293596526912,3.5772416633531874
"[0.3698646218667116, 0.9858702878136044, -0.9313216293526477, 0.5765728499148149]",40.307305495863666,3.577304495834584
"[0.3713274443151074, 0.9835800023038227, -0.9330987397449098, 0.576757076978281]",40.311855324508386,3.577367328315981
"[0.3728104068288856, 0.9812548993855793, -0.9349341823949283, 0.5768977938361554]",40.316594743398774,3.5774301607973773
"[0.37431555351025186, 0.9788934680551261, -0.936830936537459, 0.5769920127112237]",40.321535100451065,3.5774929932787733
"[0.37584504527601365, 0.9764942232930233, -0.9387921393972549, 0.5770364077368074]",40.32668860192453,3.5775558257601707
"[0.37740103056426516, 0.9740559426007986, -0.9408209024330022, 0.5770272848160436]",40.33206789275148,3.5776186582415668
"[0.3789862312708828, 0.9715767867614269, -0.942921062177861, 0.5769605360723976]",40.33768808132293,3.5776814907229633
"[0.3806034650148859, 0.9690550967339638, -0.9450965566001808, 0.5768315671860965]",40.343565217224196,3.5777443232043606
"[0.38225596400371104, 0.9664889519514541, -0.9473518307890813, 0.5766352185571697]",40.34971747513319,3.5778071556857567
"[0.3839474114550235, 0.9638761857597206, -0.949691878234756, 0.5763656592811083]",40.35616540424306,3.577869988167153
"[0.38568185308137576, 0.9612146084128711, -0.9521220983882273, 0.5760162939991957]",40.36293169819956,3.57793282064855
"[0.3874639341497157, 0.9585017459910644, -0.9546485961875228, 0.5755796003397629]",40.370042244702624,3.5779956531299466
"[0.38929891913302084, 0.9557349422381668, -0.957278175425579, 0.575046965843842]",40.37752632556826,3.578058485611343
"[0.3911928991683611, 0.9529112082451706, -0.9600185859805874, 0.5744084434289933]",40.385417652197305,3.57812131809274
"[0.3931532331134432, 0.9500267832868748, -0.962879103601656, 0.57365234191199]",40.393756418550346,3.5781841505741365
"[0.3951875992506199, 0.9470787919371265, -0.9658690542742151, 0.5727653106147271]",40.40258558325053,3.5782469830555326
"[0.3973060858264015, 0.9440625230151982, -0.969000748700693, 0.5717311392216363]",40.411959991718014,3.57830981553693
"[0.3995205857849097, 0.9409728255482396, -0.9722884486017552, 0.570530409163444]",40.421944409751504,3.5783726480183264
"[0.40184457069964324, 0.9378049993243069, -0.975747784637291, 0.5691400606062209]",40.43261287421353,3.5784354804997234
"[0.4042948709216172, 0.9345531173685474, -0.9793980679603269, 0.5675316268930445]",40.44405724074691,3.57849831298112
"[0.40689295717291857, 0.9312095327255183, -0.983263729932266, 0.5656691550087758]",40.456394095578666,3.578561145462516
"[0.40966547569978595, 0.9277658897067126, -0.9873744100655191, 0.5635071431901146]",40.469768527611166,3.5786239779439133
"[0.41264655763666386, 0.9242125981142443, -0.9917673185950631, 0.5609865405119453]",40.484366605125224,3.5786868104253093
"[0.4158826335904575, 0.9205368137438634, -0.996492652385019, 0.5580271661259143]",40.500441209465244,3.578749642906706
"[0.4194371227049322, 0.9167232308017799, -1.001617645339341, 0.5545176773542538]",40.51833904757308,3.5788124753881028
"[0.4234025421919445, 0.9127513339062577, -1.0072392003965334, 0.5502941543089135]",40.538567625800766,3.5788753078694993
"[0.4279213526939332, 0.9085938406850368, -1.0135042535458871, 0.5451000705382075]",40.56191319759279,3.5789381403508957
"[0.4332405636024019, 0.9042074189769231, -1.0206658472628178, 0.5384856791666234]",40.58974849447045,3.5790009728322927
"[0.43986072412786004, 0.8995167802315621, -1.029232483005193, 0.5295228852257181]",40.62488465205709,3.579063805313689
"[0.44923681390473946, 0.8943324300382801, -1.0406787112210392, 0.5154606874621978]",40.67560759112625,3.5791266377950857
"[0.32883398821967147, 0.6985970037472017, -0.7810474392485788, 0.5528143143250807]",70.4891545626422,3.5791894702764826
"[0.12611088579386312, 0.705395905302279, -0.7874619083774188, 0.49439268856467355]",76.28707608125156,3.579943460053242
"[0.3748754366294931, 1.0215615384074654, -0.8340180628858477, 0.5630165583089245]",44.65646779559747,3.599421529286191
"[0.24772922403335765, 0.7414669066520425, -0.6133003787636654, 0.43372736631000985]",52.07601027926909,3.5997356916931738
"[0.3875304134775451, 0.9474066033606087, -1.0760195513595214, 0.5040048652758274]",75.27233337425824,3.6007410113955194
"[0.4776474530904065, 1.0458224408743482, -0.695677672925105, 0.38423810571978473]",60.47029000946252,3.6019348285420554
"[0.14141279973768628, 0.7705255955160993, -0.6140162495338879, 0.3471303798795774]",46.706715339360485,3.602563153356021
"[0.41107225129251496, 0.9552053001404047, -0.8499830549541285, 0.5818732767091596]",54.07152182329766,3.6028773157630045
"[0.3539164394136549, 1.0677106499925126, -0.8020900344935502, 0.5287539017734741]",49.247933246979734,3.6038826354653497
"[0.2852209120741839, 0.7219750897137308, -0.6813061428020712, 0.5119195134911761]",67.14798026162921,3.6039454679467466
"[0.33119768787295506, 0.6952424186972268, -0.791613569584709, 0.5536193115815706]",75.88395811243544,3.604008300428143
"[0.36596899472245487, 0.5905946212916564, -0.9695776972336626, 0.3951992558380941]",77.11943264263999,3.604825122686299
"[0.4966132926391905, 0.7739072694322174, -0.6577035906018159, 0.39725988193159223]",85.50753459040655,3.6049507876490923
"[0.3286047373277096, 1.0967091828661657, -0.7973709064266126, 0.503109140768038]",49.08869723324759,3.605641944944455
"[0.5293509344283986, 1.0287156130874293, -0.7215776656165701, 0.3080557812754605]",47.365805482974075,3.606584432165404
"[0.15586680133763745, 1.1141888274104417, -0.9259007994711456, 0.4185557810017604]",56.88636118179181,3.606772929609594
"[0.03798165780262235, 0.8078792254352961, -0.699262313533396, 0.2875307568212863]",84.48330475385828,3.6068985945723875
"[0.45899307815718443, 0.8748373586545158, -0.7532797156412565, 0.5488613275593328]",67.03216546675714,3.6071499244979734
"[0.5242796830029803, 0.7628938452187908, -0.680695649897181, 0.36866868095421446]",46.08639005680719,3.607275589460767
"[0.4538279318078873, 0.824660345756493, -0.8271291480278596, 0.5703941209756116]",58.843404201698974,3.6080924117189226
"[0.40787897171812587, 1.0482819402365602, -0.740324912934329, 0.4983533941770567]",49.32753172684703,3.608218076681716
"[0.5280920619330828, 0.9220617803075427, -0.6887708509513244, 0.41582210190291424]",52.26903546136131,3.6118623606027196
"[0.375581763889656, 1.0942794476449453, -0.7393875764705939, 0.46171069575599266]",50.06269502326588,3.6128676803050648
"[0.41614855361853365, 0.6783676841407071, -0.8793489424885133, 0.5260897544490605]",86.51154299211086,3.613998664970204
"[0.422257927287194, 1.1084491042499227, -0.7083531226688046, 0.3377253288369769]",66.1934574472213,3.6141871624143938
"[0.284987746867451, 0.6089646802908983, -0.9921535464817691, 0.4333645691800605]",56.390917316344606,3.614312827377187
"[0.5834791182568547, 0.8909647990271508, -0.7368399540690669, 0.3482569752376076]",47.72234398785395,3.6148783197097565
"[0.5103871997106468, 0.8577713576423569, -0.6822842003277519, 0.44801441508341594]",48.39922257431066,3.616134969337689
"[0.530908026847818, 0.8825018646388524, -0.687036733638873, 0.4198877196984038]",48.373493586501134,3.616197801819085
"[0.5417970951270855, 0.9013840492267486, -0.6927812560126413, 0.40134296346275194]",48.3786644610696,3.6162606343004824
"[0.5465437909671745, 0.9125452275842135, -0.6964497153062205, 0.39108320924468454]",48.38996006644585,3.6163234667818784
"[0.5471300843239288, 0.9136465037651107, -0.6969380641676399, 0.38982440559221015]",48.395976724037105,3.616386299263275
"[0.5436598673213994, 0.9040673760304072, -0.6940090978182745, 0.3979442080284014]",48.395077795846404,3.616449131744672
"[0.5340369036046196, 0.8853907405220819, -0.6882965786010634, 0.41517020527522386]",48.39647534994873,3.6165119642260684
"[0.5141612559269986, 0.8597124677277871, -0.6823690091557613, 0.4427075050938493]",48.42463491954699,3.6165747967074653
"[0.47188778813832777, 0.8215998319053157, -0.6919808906183298, 0.4954212483045291]",48.586809632731295,3.616637629188862
"[0.2944414318833304, 0.7507919808723907, -0.5725972929217605, 0.2757038208760114]",58.48618788120588,3.617140289040035
"[0.3694611989238927, 0.7448533030050541, -0.6574090294317249, 0.4922801918781089]",48.00809816869297,3.6175172839284144
"[0.2735820341424597, 0.7202667378788246, -0.6839512849806838, 0.5119092203166273]",55.362360439020996,3.61852260363076
"[0.20080282403805538, 1.1233784512011638, -0.8901004632921773, 0.45280615424844267]",49.443407059104324,3.6186482685935535
"[0.5421981241954632, 0.7605871268890005, -0.7032215153921658, 0.3609732099030096]",58.12899533207873,3.619339425888916
"[0.38781861540786344, 1.046450557018228, -0.772307141025242, 0.525724482708059]",46.54117215869654,3.6196535882958987
"[0.1781417048655742, 0.705983492462365, -0.7454901533210109, 0.5121518228133423]",95.73617787099354,3.6200305831842785
"[0.44961249498047035, 0.9275456939782344, -0.7574093223485612, 0.5490660596984391]",67.15505544997761,3.624931516733214
"[0.42976767011726225, 0.6905723768967431, -0.8756287788520781, 0.5286577405984588]",66.14343632378278,3.6250571816960075
"[0.4585564950548941, 0.844527955679688, -0.9109323583578153, 0.5690372892961786]",41.55835583369765,3.6251828466588005
"[0.4442202759286373, 0.8745525972137907, -0.8673863995175143, 0.5812933463022205]",41.39082004439215,3.6252456791401975
"[0.4387693665734448, 0.895031506561484, -0.8433929000238506, 0.5817613860627823]",41.309135555366375,3.625308511621594
"[0.4354688588032288, 0.9118734320744336, -0.82609155974375, 0.5791978414970378]",41.25392853762398,3.62537134410299
"[0.4330346806583595, 0.9266170401244294, -0.8125058620259412, 0.5752564004664243]",41.21254487675741,3.6254341765843874
"[0.43098821587259906, 0.9399566095240864, -0.8013665594133114, 0.5705466650413475]",41.17986820957762,3.6254970090657834
"[0.4290991446036776, 0.9522764701516823, -0.7919958778174789, 0.5653559754334168]",41.15327883757381,3.625559841547181
"[0.4272380759150074, 0.9638172480106809, -0.783982004424457, 0.5598386188805212]",41.13124236309929,3.625622674028577
"[0.4253238577577308, 0.9747408298331458, -0.7770541395917446, 0.5540846334663354]",41.11278213868532,3.6256855065099733
"[0.42330106749014734, 0.9851603562191604, -0.7710248142183074, 0.5481503533067309]",41.09724153472968,3.6257483389913703
"[0.42112792784385966, 0.9951619599278483, -0.7657564786863501, 0.5420700675906603]",41.084154282883645,3.6258111714727668
"[0.4187709473440223, 1.0048104883741151, -0.7611468115642833, 0.5358657314159038]",41.0731838337383,3.6258740039541633
"[0.41620108808276135, 1.014156926488349, -0.7571174385521867, 0.5295504611600121]",41.064081164961046,3.62593683643556
"[0.4133917197240004, 1.0232414132696857, -0.7536077262826378, 0.5231315980417779]",41.05666093906392,3.6259996689169567
"[0.410317282965068, 1.0320954103980615, -0.750570489255109, 0.5166125866462581]",41.05078554377529,3.626062501398353
"[0.40695126790634595, 1.0407459288135337, -0.7479682258162739, 0.5099920645095636]",41.046352981819595,3.62612533387975
"[0.40326624521517646, 1.0492136890594435, -0.7457722281141437, 0.5032665945953058]",41.0432922126744,3.6261881663611466
"[0.3992317496834166, 1.057516858413453, -0.7439604024436567, 0.4964286590762838]",41.041557398008095,3.6262509988425426
"[0.3948152892112323, 1.065667341948801, -0.7425174105211731, 0.48947013764141606]",41.04112653143945,3.62631383132394
"[0.3899786426472121, 1.0736764085177342, -0.7414330402550864, 0.4823777591999323]",41.041999288484014,3.626376663805336
"[0.38467929593330297, 1.081549656157113, -0.7407029983998439, 0.47513711253774654]",41.04419780299936,3.6264394962867326
"[0.3788662740917284, 1.0892911561444036, -0.740328464886313, 0.4677283344747336]",41.04776865327306,3.6265023287681295
"[0.37247954800067207, 1.0969004104835922, -0.7403170208101952, 0.46012760178459333]",41.05278612194623,3.626565161249526
"[0.3654471547892164, 1.1043718627878851, -0.7406835306339979, 0.45230577876644873]",41.05935743743401,3.6266279937309225
"[0.3576792805560064, 1.1116955301872038, -0.7414519522881927, 0.4442246330212145]",41.06763340774916,3.6266908262123194
"[0.3490645623529389, 1.1188524764858387, -0.7426579612619816, 0.4358367187318122]",41.07782028933394,3.626753658693716
"[0.3394579594345011, 1.1258141956649397, -0.7443536818127633, 0.42707810638730614]",41.090205263270725,3.6268164911751124
"[0.32866845451161447, 1.1325349402165203, -0.7466147450513093, 0.41786382518650084]",41.10519062807539,3.6268793236565093
"[0.3164282198831354, 1.138945384836256, -0.7495544289911014, 0.4080708543726604]",41.12336647263315,3.626942156137906
"[0.302353407702801, 1.1449295905487213, -0.7533465680364674, 0.3975212594874624]",41.14562302331682,3.627004988619302
"[0.2858398185154634, 1.1502907622429517, -0.7582789176211282, 0.38592665453884695]",41.17342078447762,3.6270678211006993
"[0.26584093867009545, 1.1546530415254737, -0.7648766087986076, 0.3727747657777343]",41.20940982631075,3.6271306535820953
"[0.24018470651140186, 1.1571625710201987, -0.7742870231570288, 0.35696797379818473]",41.25937178783712,3.627193486063492
"[0.20228073505814864, 1.1549447160014255, -0.7902048398949567, 0.3350402394222596]",41.34198323645267,3.6272563185448887
"[0.4497729386709671, 0.6545514899805459, -0.9067917394943795, 0.4765926286544803]",44.92247956142438,3.627319151026285
"[0.3900768188069198, 0.6329581072008955, -0.9211002189375118, 0.48582940217500153]",44.60346389721737,3.6273819835076817
"[0.3398144972460251, 0.6242522769192248, -0.9374418161710277, 0.48670901685963514]",44.38649611714716,3.6274448159890786
"[0.2933098559451717, 0.6228319702711865, -0.9554461828833759, 0.4811522015706663]",44.2181466986498,3.627507648470475
"[0.24736808682472666, 0.6272705939482255, -0.9751506210411379, 0.4682786660698899]",44.074846926554784,3.6275704809518716
"[0.19765504899218259, 0.6388404571776771, -0.9970440251108394, 0.44403691160330766]",43.93754793955486,3.6276333134332686
"[0.3681821443712864, 0.6238435934187944, -0.9332755298052028, 0.47937833332691715]",65.4584535619936,3.6285758006542177
"[0.2751382787616179, 1.0938924648372268, -0.8819188568793119, 0.5172691774112304]",53.273208977624456,3.628638633135614
"[0.28816816369840753, 0.7209145786504753, -0.6861423598430952, 0.515510896664337]",71.10316799315862,3.630963434947289
"[0.2415771777972096, 1.149089004854902, -0.7972422312231027, 0.40830811034858117]",50.83679043677831,3.631466094798462
"[0.46379305059331727, 0.8776333707596276, -0.7381136119667173, 0.5380665142224306]",50.292439728019275,3.6316545922426515
"[0.4310669938938097, 0.8999117203488677, -0.939704660349043, 0.5761241166820162]",54.099675601142145,3.63686968819857
"[0.34190297060377034, 0.987131409322391, -1.0332618590910154, 0.5358165483881754]",49.51542013885024,3.6374980130125363
"[0.26141643965383876, 1.0529833535580906, -0.9984234231173006, 0.5145432319235028]",49.4245217145358,3.6375608454939328
"[0.17830678513403184, 1.0713763430505194, -1.0197471218702625, 0.4392529589878297]",49.51136467753772,3.6376236779753293
"[0.31432462811479583, 0.7421085782130833, -0.6097862768510542, 0.4370435521945762]",65.44555712989845,3.637812175419519
"[0.23582099142347301, 0.6723425611886784, -0.8388910836217675, 0.5400661159169869]",54.746279655439466,3.638063505345106
"[0.06940575565394821, 0.7023365721828804, -0.9384164666558468, 0.4216215231763559]",58.14047913970091,3.638126337826502
"[0.47300785069174817, 0.6319727023860765, -0.9061991405618751, 0.4169345434013731]",52.73184794083136,3.6381891703078986
"[0.5957812507579332, 0.8237728456640847, -0.7763173648605164, 0.35177490497126046]",54.3698648341723,3.639257322491641
"[0.3480133902403286, 0.7149747998213775, -0.7506526930490695, 0.5481281262122392]",55.19760065437752,3.639320154973038
"[0.17666418502604372, 0.7227418028531957, -0.6924938020627679, 0.4847833045834934]",54.688998656660694,3.6393829874544346
"[0.3550170555094555, 0.9915889831893226, -0.9669289890134084, 0.5665058678867082]",67.62420988065237,3.643906926114991
"[0.23644951791547478, 0.7156550828865947, -0.6967155089424379, 0.5113865235262027]",54.74186361669969,3.643969758596387
"[0.23414016096166188, 0.6496463683790386, -0.9132420571668609, 0.5159008621618612]",58.93555854460389,3.6440325910777833
"[0.39066004841099083, 0.5967068469519904, -0.9527977723912591, 0.4082535293381425]",52.349598236852835,3.6447865808545425
"[0.3454648017638, 0.7440977371751951, -0.6158341821803388, 0.44307672259333925]",72.24474362419942,3.64484941333594
"[0.5889374469513846, 0.91241128969591, -0.7502047255047883, 0.3308070092717128]",71.29520302671553,3.6450379107801294
"[0.20374369621056537, 1.074849846811594, -1.0020620522418362, 0.46917773568550236]",49.40613645436998,3.6451635757429224
"[0.3328434330941603, 0.9972112379626963, -1.0209325154987794, 0.5402402392478703]",49.43406717757245,3.6452264082243193
"[0.260623851025754, 0.7179624548570255, -0.6895508202346582, 0.5130342775419184]",60.58695448353387,3.6473627125918036
"[0.4905045567337559, 0.6230100812344929, -0.884778135497659, 0.36557363740797344]",77.21718604676022,3.6475512100359935
"[0.2962174914771933, 0.7271563772797531, -0.6666764121192259, 0.5023884029013959]",47.7163752223809,3.6476140425173904
"[0.25802601995438074, 1.0617523442584316, -0.9810182249998967, 0.5161152489778025]",57.66195018829834,3.647676874998787
"[0.4248969365172892, 0.9952457021658873, -0.7583731693050189, 0.5368836552960026]",67.67046333023923,3.6481167023685637
"[0.33253097248414204, 1.14957282678674, -0.7298627176740757, 0.2984776172620384]",40.71902003951406,3.6493105195150988
"[0.4038278998486305, 1.118114820775605, -0.711146671539302, 0.3410276900667898]",40.56679921563385,3.6493733519964953
"[0.4352682942923452, 1.0906739631703548, -0.7032819832009499, 0.3689209139656296]",40.50190770898645,3.649436184477892
"[0.4541429313504462, 1.0652194141494982, -0.6987799285893818, 0.39268578087365263]",40.4638252354885,3.6494990169592887
"[0.46596264109552055, 1.0408994699086016, -0.6964388240546258, 0.41452447220286937]",40.44157818666734,3.649561849440685
"[0.47295603065147834, 1.0171445097178455, -0.6959965852901003, 0.4354231448630261]",40.43150771571904,3.649624681922082
"[0.47624207238363625, 0.9934299228231046, -0.6975947732856976, 0.45600622795338785]",40.432711115577206,3.6496875144034786
"[0.47641704626254433, 0.9691531509757996, -0.7017325578625226, 0.47677543473603046]",40.44618937945278,3.6497503468848747
"[0.4737665339053798, 0.9434337747683882, -0.7094638887017344, 0.4982463815335123]",40.475372249517235,3.649813179366272
"[0.46833470826214796, 0.9146415126500089, -0.7231058597571635, 0.5210744306520009]",40.52889453285555,3.649876011847668
"[0.45997124076838697, 0.8784294651679008, -0.7494056399806303, 0.5462827076320274]",40.63397460109459,3.6499388443290646
"[0.30438331824290554, 0.7316378756331523, -0.6530096623711477, 0.49116765602139034]",94.76097314768553,3.650127341773255
"[0.3593384070017554, 0.9991755210422938, -0.9278696249875891, 0.5737248473056304]",49.32876074396684,3.6515724888453764
"[0.4800293585853334, 0.6269219986783504, -0.9000878991665269, 0.39622233692013303]",82.32498974080154,3.65188665125236
"[0.3767643852984984, 0.7345174230014572, -0.5888974343110128, 0.3036012047513307]",72.7150428520756,3.6520751486965497
"[0.045754745601728895, 0.741049380696559, -0.7862838836510888, 0.41567901380940364]",82.98568466375083,3.652200813659343
"[0.5770307249863659, 0.8697336131238734, -0.7266713593215519, 0.36181162422117197]",45.78519232467516,3.652891970954706
"[0.19136939578812656, 0.7068931301245782, -0.7362799463944902, 0.5145749929397077]",82.81250626871145,3.6530804683988958
"[0.5384797284544643, 0.9273757392783603, -0.6931515230887659, 0.39735592855233115]",46.45436785252967,3.6531433008802923
"[0.35620071637693246, 0.666548931114003, -0.8674621318575676, 0.5388483873550691]",66.21658676023115,3.6538972906570515
"[0.36554148525960506, 1.0085886016213041, -0.8845767673330511, 0.5739268063607188]",72.81931648685428,3.6596778789455398
"[0.5292192596298019, 1.0020639975815848, -0.7038035360209719, 0.3513429414018592]",47.25052723070746,3.6598663763897297
"[0.5117227559008211, 0.8972121353591326, -0.6865369538533533, 0.4482725825929604]",47.22274075634001,3.6599292088711257
"[0.3625910951333165, 1.0496174725876946, -0.8141201481010018, 0.5442993072339545]",70.26978413665269,3.6610601935362648
"[0.4971762825872525, 0.6783695321345944, -0.8998306558016954, 0.45736579157001794]",53.70105045909955,3.6623168431641973
"[0.2530746372241956, 1.0816059248851797, -0.9396654748389526, 0.5142432943766976]",94.42132452039327,3.6635106603107324
"[0.13446227588251333, 0.7332449921569203, -0.6906909366681028, 0.45564205351722736]",61.67016932357487,3.663636325273526
"[0.4808727503300895, 0.9245769846574067, -0.7048088481885033, 0.49459183633207615]",64.65328690546791,3.6636991577549227
"[0.2706117385185052, 0.6750405049973519, -0.8267811948578956, 0.5472265976550881]",74.32378475409445,3.663761990236319
"[0.5696744736176063, 0.9323943412854995, -0.7222750588407171, 0.34697532056956987]",46.669520704967425,3.663950487680509
"[0.5471823213963807, 0.8611547921186913, -0.6947477833358983, 0.3976788301761651]",46.55142654363504,3.664013320161905
"[0.505741683056129, 0.8205478521037619, -0.6738928262095507, 0.43670122450363336]",46.548391530731735,3.6640761526433026
"[0.12650154566399352, 0.7163112132345447, -0.7483805817797688, 0.48342203615295604]",85.43422568377967,3.6643274825688885
"[0.40943971613427277, 0.9276625663392911, -1.0148086698055159, 0.5491733301875205]",57.1245837368455,3.664390315050285
"[0.5744969091592814, 0.8885839131060803, -0.7228415735894166, 0.36034029573904575]",77.92238779212578,3.6647044774572684
"[0.42493280562897595, 0.5974306743524485, -0.9346813436331424, 0.38680453514948987]",75.67251498558339,3.665332802271234
"[0.16184902744423754, 1.142615877833506, -0.8374928622096013, 0.3599826017982782]",54.84524776471374,3.6657097971596135
"[0.14666177235233066, 0.7641141391208592, -0.6179285450572062, 0.3674494682426843]",45.988615852195856,3.6658982946038043
"[0.4398023128814498, 1.0298965813434957, -0.7151123831419798, 0.4755756551432341]",70.75323203916132,3.666589451899166
"[0.5301919930574944, 0.9925186323692883, -0.7008961670830745, 0.36118369587418664]",55.57441944041646,3.6666522843805636
"[0.17170313911499532, 1.1049470475501375, -0.9469439773077281, 0.44109765443233534]",48.305098554337945,3.667217776713133
"[0.2891342250896139, 0.6665858311820878, -0.851201121443397, 0.5447162284542224]",53.917805344044545,3.6672806091945294
"[0.13890163714664677, 0.7286372432719459, -0.699844190007197, 0.4659988404311427]",91.35460630804047,3.6678461015270987
"[0.4064044727448741, 0.950058700274066, -0.8838533156256264, 0.5851291967167787]",77.90419862485943,3.667908934008495
"[0.4496174620222325, 1.048962818537512, -0.7016955333189375, 0.4309359042214147]",55.80978164530937,3.667971766489892
"[0.11532693455121729, 0.6951483284984042, -0.8435595038047805, 0.4902423911160267]",60.16358276154091,3.6682859288968754
"[0.52615589315347, 0.8454832096390119, -0.6827504189366264, 0.42182696819950116]",68.36469991961883,3.668788588748048
"[0.3179430316848112, 0.6854888379160493, -0.8096672469986986, 0.5528010169325244]",93.28433656657182,3.6688514212294447
"[0.41815683338859055, 0.6916000742328214, -0.8663488747335604, 0.5358276118289271]",67.84132949955833,3.6692912485992206
"[0.3765372208397269, 0.7025676016039574, -0.8120533124746824, 0.5539893975978271]",67.49094018421923,3.669416913562014
"[0.1919909591228216, 0.7098544739249606, -0.726221998110847, 0.5107123525512424]",66.59456418764195,3.6704222332643597
"[0.28648654468841245, 0.6805251881595017, -0.8128715923866703, 0.5501634043231214]",66.82114944205686,3.6706107307085496
"[0.21063591453150524, 0.718914004719471, -0.6907798087866227, 0.49915139449018586]",75.31487315082711,3.6716160504108957
"[0.30599493397259525, 0.6501507322949754, -0.8916364238390628, 0.5295784454772288]",75.53248189450937,3.6718673803364816
"[0.15167479405988474, 0.7647865472431971, -0.6135265441842107, 0.3632032681878639]",95.73678409890836,3.6726842025946382
"[0.5926869935943491, 0.8402543930592327, -0.7609317358243157, 0.3512396305762506]",53.012462429557715,3.6727470350760343
"[0.5743139083129492, 0.9182055412356025, -0.7257214153497474, 0.34841388014785246]",61.83713720343474,3.672935532520224
"[0.13445063920076947, 1.116195103566035, -0.9142521620667878, 0.3876510709331511]",47.52303383547302,3.6732496949272075
"[0.35126363936337174, 1.0262840489971312, -0.8829320327281073, 0.5672140935871097]",47.32387633617025,3.673312527408604
"[0.548990674470432, 0.9579312717023067, -0.7055653069636528, 0.36172125077554707]",72.63840367195039,3.67375235477838
"[0.46321811632537346, 1.0653507434511282, -0.6984207012556737, 0.37441719666985734]",79.9369306853405,3.6740665171853633
"[0.08389958617154732, 0.7141998117776407, -0.8106509796238468, 0.4648735087994313]",88.9959845339104,3.6744435120737426
"[0.41287915762670924, 0.603144118756064, -0.9394252666226619, 0.41297869662305736]",63.121948299137095,3.6751346693691054
"[0.4065558232671411, 1.0335453464175004, -0.7551185563503536, 0.5197330119492988]",51.756524345825746,3.675197501850502
"[0.2973664815775697, 0.6065027860331969, -0.9878908302944837, 0.433378758720362]",53.76478356384211,3.6753231668132953
"[0.5905609280990587, 0.8316329275192851, -0.7589378754390531, 0.35407185877553476]",56.55582696559478,3.675385999294692
"[0.4350891508131936, 1.0423384718187834, -0.7138922778437163, 0.46589193881680485]",65.78630460297181,3.6756373292202786
"[0.21873299760118028, 1.151274526434676, -0.805299617890495, 0.3913290275648602]",84.99507539087051,3.675700161701675
"[0.13909147334753935, 0.7321234370538546, -0.6900208740619135, 0.458748590146072]",79.09466182979124,3.6760771565900545
"[0.3353948681016672, 0.7196464237519812, -0.7226074345793452, 0.538226118689385]",57.67366187233996,3.676202821552848
"[0.280360834471355, 0.7372563894408837, -0.624351785114077, 0.45692898445188296]",49.66851579504164,3.6764541514784344
"[0.17312241029338427, 1.142583218516055, -0.8435141533345494, 0.38313300153546426]",52.647235309333276,3.676956811329607
"[0.4338489172031325, 0.6792765285104168, -0.887488558210075, 0.5162143796086124]",77.99683109741947,3.6770824762924006
"[0.4779433525287989, 0.9947377442513211, -0.6964965082202877, 0.4517539135282904]",43.94767193287122,3.678716120808712
"[0.38285453447291656, 0.5951404951355121, -0.9575134875244422, 0.4067071830624377]",55.84389145266802,3.679218780659885
"[0.30512601836307857, 0.7057071153246847, -0.7454144440839552, 0.5443865109231768]",65.03997526308538,3.6796586080296616
"[0.2698749908804836, 0.706051863168445, -0.7309109854771183, 0.5350426431390795]",64.92234965854726,3.6798471054738515
"[0.4845866894453229, 0.9460012284096588, -0.6990009743437947, 0.4778607925461938]",69.30211922936782,3.679972770436644
"[0.10326775740389088, 1.0697266805594037, -0.9967008299893076, 0.3522125229186519]",68.68687344290475,3.6800984353994375
"[0.35297046731404785, 0.7014331418927476, -0.7924476455714912, 0.5543419556704378]",77.62418223333302,3.68097809013899
"[0.38624691888097323, 1.1260550066437223, -0.7146670090412781, 0.3451299342029101]",79.68069537369907,3.6814807499901634
"[0.22024721698181376, 1.1564282229921194, -0.784986168650149, 0.3523291368735868]",44.817942961083645,3.6816692474343533
"[0.35646494126131334, 1.10882579456299, -0.7456764779152507, 0.45289151934714106]",44.59256924765971,3.68173207991575
"[0.40481491656403923, 1.0367448890555437, -0.7548416107607917, 0.5179606725612019]",44.578401231752935,3.681794912397146
"[0.42817193616059035, 0.9440638185540773, -0.8054859437738074, 0.5716927205184577]",44.70240427798016,3.6818577448785432
"[0.11931569763270639, 1.0876228619392148, -0.9751220559099071, 0.3796597132332368]",53.662068327594035,3.6826745671366985
"[0.055689937930177465, 0.7116163684252659, -0.9437836986341053, 0.40209843756375896]",78.8455041815079,3.6833028919506643
"[0.47139028709263775, 0.8180900640266506, -0.6893622260618903, 0.492659529558182]",51.14842735886831,3.684119714208821
"[0.40926490230012796, 0.9303788641772551, -0.9569412421663245, 0.5750529468886546]",43.91537738717439,3.6856905262437354
"[0.37859788521511567, 0.9826354642281263, -0.908224105071108, 0.5800780888480033]",43.77803386635527,3.6857533587251328
"[0.35521072692513095, 1.0222460186064461, -0.881829000697993, 0.5688812776331384]",43.71497152458024,3.6858161912065293
"[0.3319572869851619, 1.0547140872278113, -0.8664715073147974, 0.5517441430115024]",43.6842884104571,3.6858790236879253
"[0.3065416934949562, 1.0818456394332114, -0.8586562180587441, 0.5309210411211354]",43.67495841727328,3.6859418561693227
"[0.2774278029102506, 1.104066266506193, -0.8571754886986915, 0.5067576421712149]",43.68396600746157,3.6860046886507187
"[0.2428722875595319, 1.1207169237332835, -0.862196759590539, 0.47847687699280955]",43.71301377976799,3.686067521132116
"[0.1999882562409642, 1.129265000863408, -0.8757725018642171, 0.44355333405742803]",43.77079099417494,3.686130353613512
"[0.14161139770799216, 1.1202620990878216, -0.9062783242777324, 0.39304007640237504]",43.89163431839987,3.6861931860949086
"[0.034367153347600383, 0.7292846689303633, -0.889533414709825, 0.40093827635363094]",48.986574641330904,3.6864445160204955
"[0.2666932739972718, 0.6638994415418943, -0.8590336408296807, 0.5408046358384504]",49.51968293210007,3.686507348501892
"[0.24642692057525514, 0.6525735209058651, -0.897722625911464, 0.5248633028441302]",53.161336767388875,3.6865701809832885
"[0.3999626713134302, 0.6175461387489756, -0.9343977831786041, 0.45359276326474335]",46.936358563900335,3.686695845946082
"[0.20517327517792727, 0.7005073801318126, -0.7527150671207697, 0.5253274144679534]",84.58377834279018,3.687701165648427
"[0.28127871762215084, 0.7212622626376047, -0.682544108241097, 0.5121974569526403]",49.710800932448414,3.6892091452019464
"[0.1121948616896878, 0.7500621445850958, -0.6705514425513769, 0.41433146119929143]",49.49476996111142,3.6892719776833425
"[0.4452173867412476, 0.9988697879453624, -0.7240629770034663, 0.5027583526452248]",73.66993064207054,3.691659611976414
"[0.5640115469626028, 0.9693814163472629, -0.7282955182707406, 0.32541488488878767]",58.0368005905157,3.6917852769392074
"[0.47688066680111674, 1.0771662581196164, -0.7111608464969609, 0.31223675768978193]",58.24402117522871,3.6920366068647934
"[0.417558435741665, 0.7123407538319421, -0.8405035852183561, 0.5488165575921958]",94.23695749611913,3.69209943934619
"[0.43091307582095445, 1.0830289794184043, -0.7040166219808889, 0.3975928755581126]",51.799052517854115,3.6922251043089833
"[0.3179809136920903, 0.998377669971058, -1.059382246373305, 0.5115955949497256]",51.299155531374645,3.6937959163438987
"[0.22895672806205802, 1.049347102180383, -1.042950948833205, 0.47333020486567284]",51.26224348318531,3.693858748825295
"[0.1586568336537454, 0.6840577939765127, -0.8397462094730668, 0.5149867490203301]",56.28140008334342,3.6943614086764685
"[0.5797996395663934, 0.7861902521033712, -0.9263566463386793, 0.4081603043007858]",58.78963967584869,3.6944242411578645
"[0.3409163090036164, 0.6512464936263707, -0.8913456467925913, 0.5270567345463216]",82.54078290355287,3.6951782309346237
"[0.4957693965594189, 0.7242311699299105, -0.9049097936532454, 0.5001418068293049]",58.47936486426478,3.695303895897417
"[0.21345527057846223, 0.7147884986401861, -0.7032415757930812, 0.5076989014805315]",56.43764018026372,3.6953667283788136
"[0.36140039598629126, 1.1327522553069735, -0.7221450118363527, 0.36622092465729716]",95.84466798897364,3.6958065557485904
"[0.32221286360109047, 1.1312872276370527, -0.7544350078577571, 0.4291910872852825]",62.54275319284536,3.6970003728951255
"[0.16540267276276654, 1.1274747012451973, -0.8906938216328234, 0.41366307016232906]",75.83422113086763,3.6973773677835053
"[0.42961411104857605, 1.0723252299693984, -0.706697876138144, 0.4235123591680731]",58.503862880714905,3.697628697709092
"[0.4224237172179511, 1.0709734862469624, -0.7116995926018395, 0.4385361359368262]",58.57517082762676,3.6976915301904882
"[0.581588850792614, 0.8753400901884845, -0.7335328267799234, 0.3553775474826535]",65.68543958896994,3.697880027634678
"[0.31857063538720465, 0.6695465909172823, -0.8488908095972217, 0.5464905947042736]",74.78517585127585,3.6988225148556273
"[0.25151296562457315, 0.7323783945431765, -0.6411180912662569, 0.4708923204658107]",67.3509908063627,3.6989481798184207
"[0.5388065225176932, 0.9694164659372267, -0.7002404257224991, 0.36926091335614536]",80.52026303837725,3.6991366772626106
"[0.18541392975355353, 0.6856747796237319, -0.8134431371886117, 0.5271096433662937]",62.868806424454704,3.699262342225403
"[0.38192485884419286, 0.6859972059511354, -0.8474398390815906, 0.5460340266567348]",63.7292261096453,3.6993251747068006
"[0.4761213837332173, 0.6109908765028013, -0.8935683595602033, 0.3563917872855869]",61.23179670496657,3.69951367215099
"[0.47123169268115994, 0.6052036510083417, -0.8935315097081222, 0.3435331464204513]",61.26030520756924,3.6995765046323865
"[0.27109628744684117, 0.7034304509681047, -0.7397218325231469, 0.5382747670357511]",63.08107124411128,3.6997650020765764
"[0.09871249817200017, 0.7329219104604612, -0.726283598729011, 0.4491275614789151]",62.8066181762667,3.6998278345579734
"[0.37827240988599076, 0.6923948908929015, -0.8334553468380229, 0.550329914780811]",96.32028210055026,3.7013986465928883
"[0.25743272207153034, 1.1138061916293824, -0.8616161974105018, 0.4917635703773435]",75.25740957069893,3.701461479074285
"[0.451942812960732, 0.8454291780935582, -0.8316540365011817, 0.574422641536645]",65.4085038953228,3.7019641389254576
"[0.492105178218527, 0.848949205611909, -0.6867901625274708, 0.4751534534320048]",71.3428922142037,3.702278301332441
"[0.040166967914749406, 0.7367059835949141, -0.8165624096060493, 0.41539798614420714]",69.06863134549833,3.703660615923166
"[0.1512578229250106, 0.6968491835776659, -0.795898421198681, 0.5105644262190437]",69.2477297835022,3.703723448404563
"[0.22221905268674924, 0.6899272774287237, -0.783877400523465, 0.5370469989037897]",69.38361866072172,3.7037862808859594
"[0.2585741835666616, 0.6905216894044895, -0.7790561484826856, 0.5447829581566709]",69.48037792579741,3.7038491133673563
"[0.2602347058361761, 0.6931440720582261, -0.770892583693867, 0.5438862707539124]",69.48486464318127,3.703911945848753
"[0.22920365197564332, 0.6973202068618073, -0.75794734391323, 0.5341913034512282]",69.40461528433003,3.7039747783301493
"[0.1686275449870509, 0.7067115686033998, -0.7483360378021643, 0.5085895326195924]",69.30121846520717,3.7040376108115463
"[0.0795786279214075, 0.7340674808270811, -0.747512448318477, 0.4412664315628207]",69.19651268208233,3.7041004432929427
"[0.14393791617716226, 0.7402645518327401, -0.6654582695564192, 0.4400059240775685]",80.37872515871622,3.706299580141824
"[0.1992016297552129, 1.1539670745940038, -0.7970808003052636, 0.3466468050191103]",75.61878102614084,3.706488077586014
"[0.18078968668641357, 1.1267707358828993, -0.890237932782809, 0.4312041402854474]",78.23621063861741,3.7067394075116002
"[0.37652308918114613, 1.0198371678521883, -0.8330602868529795, 0.5634377708724418]",76.37693787834543,3.7101323615070174
"[0.5158615663052737, 0.6642063797275651, -0.753966150887771, 0.2892487414129379]",90.82969823281535,3.7115775085791394
"[0.13674646884648312, 1.0945549043510798, -0.9689679455415081, 0.40259329916355785]",85.1023823495261,3.713085488132658
"[0.34717768786090386, 1.0005558500856244, -0.9630921566579729, 0.5650544666152483]",82.70390247209055,3.7132739855768477
"[0.03063434690625002, 0.7726644665840673, -0.7427911121753142, 0.3594910893331316]",69.22181918603364,3.7134624830210377
"[0.13884581838338636, 0.712799284017064, -0.7490894268434236, 0.492034015906984]",69.39275126586712,3.7135253155024337
"[0.2106287145880469, 0.6988862392467851, -0.7565618724550723, 0.5282433094974922]",69.49754214531085,3.713588147983831
"[0.24357881825381955, 0.693501474292446, -0.7692728189619349, 0.5401896778239402]",69.57135469940435,3.713650980465227
"[0.23366534445771048, 0.6910312752694877, -0.7781783326312938, 0.5392899089999232]",69.54697519019012,3.7137138129466236
"[0.17843457473372762, 0.6937346535745532, -0.7881426580052154, 0.5224230713793625]",69.431664326973,3.7137766454280206
"[0.07497618692552346, 0.7181331244566482, -0.8107295661875784, 0.4563154746309965]",69.271800407398,3.713839477909417
"[0.286245162229318, 1.0794024005067446, -0.8969504429918388, 0.5309214231241713]",73.88147706157594,3.715410289944333
"[0.32235946185006686, 0.7021263661086615, -0.7667359159092573, 0.5505568947608738]",95.23352830891508,3.7157244523513153
"[0.09611671069585784, 0.7330546359069067, -0.7289455014584154, 0.44818731258400435]",63.03550956597346,3.717043934460644
"[0.2983480795504274, 0.7019057143468937, -0.7538711049315995, 0.5459337551995754]",63.41543893075998,3.717106766942041
"[0.26104077018600236, 0.6530060454627374, -0.8912304837528225, 0.5290625140355742]",74.47765502975366,3.7171695994234373
"[0.1647649911385538, 0.6637523042312, -0.9235662794418932, 0.49361336008639234]",66.97382142087899,3.717358096867627
"[0.33387366960923975, 0.6830228084367898, -0.8234564090678541, 0.552092255517791]",63.63157638765635,3.717420929349024
"[0.10459795188715244, 0.7029372700852972, -0.8248182093392591, 0.48309087188001865]",62.98061626492429,3.7174837618304206
"[0.3521790862105716, 0.745411970729456, -0.6057678440566341, 0.42245711630382415]",73.55763303532459,3.717546594311817
"[0.4397936147836548, 1.0320972994364235, -0.7141440381113052, 0.4726554994824663]",58.85240002230726,3.7186775789769557
"[0.4590872478767489, 0.9693104841351398, -0.7195423735780371, 0.5063156843323073]",58.785728650753256,3.718740411458353
"[0.2814919712332554, 1.1098344590144278, -0.83998034433446, 0.49883725087939873]",61.89061039908077,3.7192430713095255
"[0.14741248585387837, 0.7579155204315465, -0.6267312698237404, 0.3881341086080184]",61.89866546258903,3.720185558530475
"[0.05717455303606923, 0.7655037981420152, -0.7078732427344063, 0.3769357073213738]",56.579649337780594,3.720374055974665
"[0.32775331599955626, 0.7098432819614058, -0.7476158762578606, 0.5466091686552156]",57.13186974887651,3.720436888456061
"[0.4894526720967235, 0.6752770405309908, -0.7034780646541802, 0.2639291046241583]",70.62826188146859,3.7204997209374575
"[0.20665378366090267, 0.6783613549964623, -0.8288229087201281, 0.5338475209376143]",56.748651076175115,3.721065213270027
"[0.20907865877166468, 1.038709007044814, -1.0778586936079142, 0.4305386540332696]",51.751475756931036,3.7214422081584067
"[0.3525871561182749, 0.9691356473468699, -1.1082279842626934, 0.467154954140052]",51.84654434986963,3.7215050406398036
"[0.5326680082131893, 0.9429622133894344, -0.6921460444675347, 0.39855096998739087]",68.28434720006193,3.7219448680095795
"[0.22855827229723102, 1.157922671921632, -0.7681826694113094, 0.3109024642753947]",52.7654651386047,3.7223846953793562
"[0.25301872883515847, 0.7221635604103663, -0.6748623420916391, 0.5013782858825208]",78.6457954101941,3.7224475278607527
"[0.4929936180773498, 0.6403761394885343, -0.8940350975621553, 0.4051253059858032]",69.98896222738885,3.722950187711926
"[0.05938631937895362, 0.8211472852357566, -0.6727168482490156, 0.24781941423928033]",49.80794864857503,3.7245209997468405
"[0.2885741838061157, 0.718106254142323, -0.6961703798648288, 0.521672386062688]",50.307976949153876,3.724583832228238
"[0.5989705855083884, 0.9241882516307616, -0.7812878919007663, 0.3072956295781433]",50.18634043106973,3.724646664709634
"[0.45757960454522034, 0.6823161537334966, -0.6714765761620415, 0.24024773353383444]",68.88061620636199,3.725149324560807
"[0.5661061477842719, 0.7460767142673393, -0.8972246582890001, 0.41758586867861686]",57.84685065061203,3.7255263194491866
"[0.5120513903820549, 0.671825073238297, -0.8915863515606509, 0.4291010356332905]",48.283127412070854,3.7259033143375664
"[0.47379884126128047, 0.8386839711422434, -0.7022908221214788, 0.5055173851647744]",80.8781572596308,3.725966146818963
"[0.09703487399701521, 0.6960565193480088, -0.8727842264733061, 0.47282955264042076]",49.834653819338826,3.726028979300359
"[0.31057891167978535, 0.7307873724196697, -0.6598772150479146, 0.4977414619671417]",54.499105114890924,3.7262803092259458
"[0.2010810298757998, 1.1041567553070488, -0.9361932470977408, 0.4690709038727325]",44.65757831519766,3.7263431417073423
"[0.2713165991258652, 1.0772591968987801, -0.9247720036081719, 0.5260672116207316]",44.60441053851473,3.7264059741887396
"[0.3294826011258363, 1.0239093073783754, -0.9441093470562542, 0.5609719276472473]",44.641486502218704,3.7264688066701357
"[0.4011972586175668, 0.9358863090169566, -1.0197908819806305, 0.5474565547393703]",44.86124844944018,3.726531639151532
"[0.5740228429912392, 0.8565015870222916, -0.7233814038038805, 0.36688398689399176]",50.93764815373122,3.7274741263724813
"[0.3816679331392203, 1.0958639460498485, -0.731771144886204, 0.4499346095928708]",45.57963599723896,3.7281024511864476
"[0.3234232888608732, 1.0404062006184855, -0.9162940953736702, 0.5579064673100915]",61.42296507634015,3.7294219332957765
"[0.3131081207297954, 1.072953737243749, -0.8652923298309503, 0.5387641191328066]",52.06068540737108,3.7297360957027594
"[0.3702535675195916, 0.6118118075572953, -0.9469889516001585, 0.4545470403117453]",51.619304978205626,3.730238755553932
"[0.1399134694272222, 0.6929152836976369, -0.8220577934410167, 0.5060874530227177]",67.63769509025472,3.7306157504423116
"[0.309812957318445, 1.1454239358138227, -0.7463087617555645, 0.38664924575449056]",59.51546669584661,3.7324378924028134
"[0.44425845315377827, 0.6060818477564522, -0.9223031088295143, 0.3919329445197056]",72.05730225797116,3.7327520548097968
"[0.22241080720062517, 1.0977597189589101, -0.9349739493596636, 0.4884813582146036]",56.07804756838359,3.73287771977259
"[0.1917409872938335, 0.7104256066848647, -0.7244481385353734, 0.50982032140632]",73.89105596454556,3.7330662172167797
"[0.15027626566848448, 0.7615588585459175, -0.6189795964996988, 0.3750860400259858]",42.387866281254986,3.7332547146609696
"[0.23089669756936082, 0.7411407800250963, -0.6186860368612558, 0.4358374098387712]",42.450112011515955,3.733317547142366
"[0.31345652134150886, 0.7369093831132184, -0.6350590966362474, 0.4726341223563329]",42.55144422235982,3.733380379623763
"[0.38382148915648867, 0.7450711602535158, -0.6949597370807273, 0.5215413428745636]",42.93141512227722,3.7334432121051595
"[0.5538022610110942, 0.7973160937419271, -0.7072988339900993, 0.3752948807055388]",42.34931743172914,3.733506044586556
"[0.17950550534982837, 0.7150884792984412, -0.7148413865123292, 0.49960589797692284]",64.45542837060668,3.7336945420307455
"[0.49448598079251416, 0.6767366606655509, -0.9002300371450714, 0.45866637343908034]",49.95761712375497,3.734322866844712
"[0.30545154994274226, 1.017472569840766, -1.0213327629236653, 0.5300296952437421]",52.6664235391898,3.7352653540656613
"[0.4399431804103436, 1.0535510239799508, -0.7060271371077734, 0.440180607387012]",84.23342610311104,3.735705181435437
"[0.3881157110917679, 0.7513370104351166, -0.6562823301298922, 0.48732334863461263]",54.873875380723206,3.735893678879627
"[0.19622850226439517, 0.6571224560473244, -0.9152428691749988, 0.5077707288936102]",81.47343972258884,3.7367105011377832
"[0.3841813085511681, 0.9735191580752943, -0.9134265033719866, 0.581268085350903]",54.75420452734684,3.7372759934703526
"[0.22881762455565718, 0.7554403931646391, -0.5859088201488616, 0.3651054869012704]",70.50612984835323,3.737338825951749
"[0.039540181948517834, 0.7289759688545893, -0.857827139489539, 0.41537297789579336]",67.02413235435966,3.738155648209905
"[0.20660070566252162, 0.7083592780842717, -0.7260587014236631, 0.5163961341018068]",73.87716364650744,3.738532643098285
"[0.30107539490423474, 1.1440691040999174, -0.7558287110750025, 0.40269972325466985]",77.47724781031539,3.73972646024482
"[0.43416361205360954, 0.6019287391045424, -0.9287086182700142, 0.3912353633600365]",65.69097598975468,3.7397892927262175
"[0.11178624145157856, 0.7085164488342163, -0.7920690869223823, 0.4851944205416608]",91.55349284399011,3.739977790170407
"[0.44475616212083663, 0.6736328456944435, -0.8957383386125622, 0.502849448171625]",93.81260832026841,3.74029195257739
"[0.4754103493864945, 0.8430617997749117, -0.7022245454492172, 0.5046293259228685]",80.82015591798542,3.740354785058787
"[0.39925444742467703, 0.7478898273428335, -0.6075687259237592, 0.3969158702919833]",64.36975644952311,3.7404804500215794
"[0.296218441883827, 0.7499970645741234, -0.5728402130571845, 0.32378167900997507]",53.27143249225018,3.7405432825029767
"[0.35923688019534183, 0.7445577662137921, -0.5909071482076521, 0.3777595685180592]",53.35011390630537,3.740606114984373
"[0.4513405350492587, 0.7654038655512929, -0.6378536871181529, 0.42210248239966275]",53.53534648437095,3.7406689474657693
"[0.5779186899581918, 0.9067509767060262, -0.7292821947224724, 0.3490298302828683]",53.849001072326736,3.740731779947166
"[0.5263915816602659, 0.6946365970870693, -0.892755082919207, 0.43659521567597737]",78.66353355151341,3.7409831098727526
"[0.315956711324956, 0.7436300980564828, -0.6016707889579753, 0.4219893852734892]",79.76699453537152,3.741108774835546
"[0.36892118078405395, 0.6819177945785309, -0.8459468646852425, 0.5468827886659121]",69.18677737637955,3.741548602205322
"[0.5066689626931309, 0.8539408585737106, -0.6821222127491017, 0.4527138499069987]",60.87868459490698,3.7437477390542035
"[0.26166166984598044, 1.0995660807859315, -0.8876451110747388, 0.5086181029617703]",52.77443837315758,3.743873404016997
"[0.3266147559443425, 0.6662302814229077, -0.8585076428132846, 0.5435509127811747]",58.83649052370356,3.743936236498393
"[0.3368718178389594, 1.0239183407711685, -0.9252577906009368, 0.5649562489373974]",53.0995346847681,3.744124733942583
"[0.4486676051958982, 0.7103614950639308, -0.8748227831281176, 0.5314936215187122]",88.19146957528014,3.7442503989053764
"[0.45085445352504727, 0.715738843140613, -0.8734442928075932, 0.5336703738756177]",60.45223110386456,3.7447530587565496
"[0.42967570792072207, 0.927602974322672, -0.8254642661419388, 0.5788318627686161]",85.34807546774357,3.7448158912379457
"[0.45445766519767417, 0.7841863789186654, -0.6636702892915886, 0.46881235532178417]",42.89375314423486,3.746512368235654
"[0.4684782732584209, 0.7882569071101877, -0.6602130448825398, 0.4523430513286513]",42.82122886791006,3.746575200717051
"[0.4774965365990029, 0.7912433613384178, -0.6605619707972181, 0.44383116257635685]",42.79116246101162,3.7466380331984475
"[0.48500197866395783, 0.7941236160375761, -0.6619534658417602, 0.437691847810774]",42.77377259691139,3.746700865679844
"[0.491716008601601, 0.7970758181131808, -0.6638697856030218, 0.432755537433747]",42.76311843935656,3.746763698161241
"[0.49793490839382043, 0.8001710585826265, -0.6661130732333922, 0.4285302974042452]",42.7568112084293,3.7468265306426374
"[0.5038119186975607, 0.8034490617275396, -0.6685866720576025, 0.42475115400546587]",42.75363113804173,3.746889363124034
"[0.5094357926536324, 0.8069376072030154, -0.6712362823093716, 0.42125378017063675]",42.75287083588619,3.746952195605431
"[0.5148623387343041, 0.8106604987694581, -0.6740290521196994, 0.4179249915570803]",42.75408740078795,3.7470150280868273
"[0.5201264028578421, 0.8146396839739412, -0.6769432703770749, 0.41468139077698796]",42.75699096044636,3.7470778605682233
"[0.525250197006073, 0.8188978562618274, -0.6799643131779765, 0.41145677895742916]",42.761388017409764,3.7471406930496207
"[0.5302463083494043, 0.8234590505565316, -0.683081696871169, 0.40819585558227683]",42.767150197378285,3.7472035255310168
"[0.5351196533590074, 0.8283493141645902, -0.6862874801055533, 0.4048500818640648]",42.77419585069291,3.7472663580124133
"[0.5398696338056559, 0.833598626411291, -0.6895760770717231, 0.40137404988341185]",42.78248114399104,3.7473291904938106
"[0.5444887895344387, 0.8392399895150418, -0.6929425187634589, 0.39772455314413385]",42.79199151765633,3.7473920229752067
"[0.5489639864484479, 0.8453117673943258, -0.6963829321706607, 0.39385792744336495]",42.80274071341301,3.747454855456603
"[0.5532757245928427, 0.8518591148331123, -0.6998942947568728, 0.38972835785074655]",42.8147708368051,3.747517687938
"[0.5573964343582313, 0.85893504290199, -0.7034738665464764, 0.3852865763400152]",42.828153181856536,3.7475805204193966
"[0.5612882248685018, 0.8666018129694107, -0.707118665803757, 0.38047844383348584]",42.842990837167335,3.747643352900793
"[0.5649015709132582, 0.8749371536744642, -0.7108268313968183, 0.3752405580151447]",42.859432145806146,3.74770618538219
"[0.5681692382686613, 0.8840360754546142, -0.7145961433155082, 0.3694985929802052]",42.877677838285955,3.7477690178635865
"[0.5710001772324997, 0.8940199378890689, -0.7184249232540073, 0.36316097012716486]",42.898005181069294,3.7478318503449826
"[0.5732677732136103, 0.9050475322046887, -0.7223119607516199, 0.3561109963205205]",42.92080138905529,3.74789468282638
"[0.5747897179801824, 0.9173308238741993, -0.7262557736433815, 0.34819559369919334]",42.94661551760732,3.7479575153077764
"[0.5752927993546691, 0.931178542468866, -0.7302583918715829, 0.33919517341844085]",42.97628697112601,3.7480203477891725
"[0.5743367146666682, 0.9470539720766813, -0.7343237418415642, 0.3287821185442272]",43.01114718259513,3.74808318027057
"[0.5711380602606212, 0.9657441225852625, -0.7384662854317746, 0.31640124153609595]",43.0535749273406,3.748146012751966
"[0.5640471929291347, 0.9888095317970041, -0.7427280384561158, 0.30094737401948735]",43.10856372498375,3.7482088452333624
"[0.5481012308175002, 1.0206752670655896, -0.7472867279814974, 0.2792557014452912]",43.19119387834532,3.7482716777147593
"[0.32645250558341976, 0.735331153006885, -0.6513762926905308, 0.49011848113386275]",94.65951201369487,3.7484601751589492
"[0.2870328445293796, 0.7284424756223956, -0.6584576279207165, 0.4944695584926968]",51.09792271664328,3.7492141649357085
"[0.5313688269979179, 0.8150712726551114, -0.6835177823556192, 0.4027769941906174]",72.67298449752731,3.7498424897496743
"[0.2980757801428945, 0.6644028070120516, -0.8575343714865844, 0.5434595001621739]",92.85452801674244,3.749905322231071
"[0.1851899680631815, 0.7222618323942, -0.6897823998746767, 0.4873208362159756]",58.06494025481485,3.750282317119451
"[0.5371450445999648, 0.6775884762612495, -0.8636093663213557, 0.3908180319665467]",63.156854487255515,3.7506593120078304
"[0.2730704326242961, 1.1581852193563769, -0.7484556984128271, 0.3097367830807217]",60.906768779017455,3.757256722554475
"[0.3007269195949536, 0.6136472285538844, -0.9710591367882988, 0.4589737185401144]",48.24358139874732,3.757822214887044
"[0.3418882994868825, 1.0788098007254583, -0.8051380218478306, 0.5219479612554497]",45.21268744650763,3.7578850473684406
"[0.5446989654753555, 0.903785610474712, -0.6946125791414796, 0.3965102410831229]",65.61704722102219,3.758324874738217
"[0.10866456448256193, 0.6960392647263497, -0.8500540634436358, 0.48504156271278015]",70.8115691195558,3.75845053970101
"[0.45911122393243026, 0.8113779784182131, -0.8605018600616711, 0.5677064955960344]",70.65431731571498,3.7585762046638034
"[0.4332569810836974, 0.8992579727255532, -0.8850252606387805, 0.5842132628741152]",46.2897320521381,3.7593301944405626
"[0.3855646381625204, 1.042642869710645, -0.7807774380569118, 0.5328470480062868]",46.018120737487955,3.759393026921959
"[0.30583617211053155, 1.1302634018919644, -0.7731011278378922, 0.44666048680893505]",46.05864184986281,3.759455859403356
"[0.3857513517066802, 1.0823291512292739, -0.7387838085960156, 0.47224683154039065]",63.603687491524965,3.7597700218103385
"[0.1400308867828718, 0.7450237762424015, -0.6573838697497503, 0.4274252691751308]",52.429478981108105,3.7601470166987188
"[0.02127619819697628, 0.7672996503181251, -0.7751796889599154, 0.3656759012804346]",90.68371949308349,3.7602726816615117
"[0.3187835352456928, 0.9998366288135059, -1.0513756885843706, 0.5176855686178544]",65.71485967008914,3.760586844068495
"[0.5174489283383901, 1.0337324808115966, -0.7111820300046251, 0.3247755822530552]",64.12710077211193,3.7642939604708947
"[0.411095213366392, 1.0310252352253686, -0.7503197993982894, 0.5168988757582139]",58.4742772998954,3.764419625433688
"[0.3749318919940395, 1.0346926664496454, -0.8124147852373608, 0.5511224156586204]",44.79813110244233,3.764796620322068
"[0.5790278885004768, 0.7627588842249223, -0.8946769049710391, 0.40324027729904505]",49.37093023146547,3.764859452803464
"[0.3471796436870162, 1.1044516035471867, -0.7614019432648719, 0.47315010827943993]",71.16942887321845,3.7654877776174307
"[0.37330714583620356, 0.6968462923934338, -0.8207075574337063, 0.552884921338599]",71.39024080583408,3.7669329246895527
"[0.49298292766952617, 0.9947832600330992, -0.6914632202340694, 0.4253277629118015]",59.64474859735114,3.7670585896523456
"[0.49044637824291054, 1.0061758745965264, -0.6919626561572028, 0.41743160747332325]",43.20773209792207,3.767247087096535
"[0.3995002058268322, 1.0502778554085481, -0.7501141470711643, 0.5066768581096649]",64.37982834730362,3.767435584540725
"[0.20630674462554197, 0.6838559913131889, -0.809643960850004, 0.534215738048994]",77.98347490327372,3.7694462239454167
"[0.29772031154160017, 0.7499374349105117, -0.5729440336890732, 0.275066147383888]",53.26480727100183,3.7698860513151935
"[0.3537500020965061, 0.7394344135171014, -0.5813948190548008, 0.3084314111644651]",59.21468858243062,3.7701373812407795
"[0.3418376115006233, 1.0183349382014617, -0.9267893947930766, 0.567131348565261]",53.137286801654085,3.770388711166366
"[0.010706375221331253, 0.7544292912935263, -0.8817440797248265, 0.3600702053102483]",58.002187426913096,3.7706400410919527
"[0.471649274344616, 0.8381973960135002, -0.705853753242207, 0.5100170730275172]",43.66413126651414,3.7713311983873155
"[0.49850162190648073, 0.8717053466584629, -0.6883927955843162, 0.4703276279805078]",43.52657075735442,3.771394030868712
"[0.5165235540353308, 0.8984845461534038, -0.6861259299476825, 0.44035716560916865]",43.474101440756954,3.771456863350108
"[0.5290004185665308, 0.925419902909616, -0.6892548605327115, 0.41306315407116484]",43.45700018197505,3.7715196958315054
"[0.5357694711701446, 0.9553928497966928, -0.6953836894181956, 0.3854846265450606]",43.46583379521471,3.7715825283129014
"[0.5343141524727202, 0.9915065386862817, -0.7037101832342573, 0.3548190834699372]",43.50274011898969,3.771645360794298
"[0.5154874711825604, 1.0403348402838324, -0.714567413899505, 0.31555144400448754]",43.58782631744853,3.771708193275695
"[0.22859780623135473, 1.047550963019027, -1.0474528222757684, 0.4703945124972242]",67.95695162700095,3.772399350571057
"[0.4144763525956002, 0.6047615438360713, -0.9380211440996078, 0.4159869542567537]",55.97651066832661,3.772587848015247
"[0.27476486042732656, 1.0042627675539044, -1.1167203358289743, 0.4319305500481287]",59.87129016079509,3.772776345459437
"[0.05250458064404398, 0.7441330059848428, -0.7629128584771445, 0.4151349805955374]",77.53141702865483,3.7761064669734576
"[0.43008927751129133, 1.114335370560596, -0.721089648215657, 0.2796882537944064]",43.24470735717059,3.792317247173783
"[0.5358702826499466, 1.0033141579375433, -0.7106088145224461, 0.3369146519405569]",54.96994074610117,3.7929455719877487
"[0.4924974383483943, 1.007863096857135, -0.6918603946877702, 0.41177367605782605]",42.61814997113996,3.793071236950542
"[0.48248912116226045, 0.9626705606512639, -0.698339703214339, 0.470993976899563]",48.51539155901473,3.794327886578474
"[0.4937240984077569, 0.8501264379931596, -0.6861399009338762, 0.4727987339278559]",85.47966011590307,3.7944535515412676
"[0.344636622389718, 1.0814937351069902, -0.7965872717313407, 0.5162390250525788]",43.99812335450251,3.7946420489854575
"[0.5462440938850773, 0.8057667981466551, -0.6969277475419937, 0.3844910014535244]",41.80429775726224,3.794893378911044
"[0.3608314683526903, 0.9822200313658429, -0.9801931351311088, 0.5641288891780485]",49.59089212966614,3.7950818763552334
"[0.46938573863786787, 0.603208353427725, -0.8934191860635347, 0.3385389449822451]",81.26345282237938,3.7957730336505966
"[0.35943158864892466, 0.9707732447272615, -1.0466853931933213, 0.5299081214643475]",53.45374733464198,3.7960243635761826
"[0.4399542776446733, 0.6136900919851178, -0.924018311267466, 0.41565687731286144]",56.43827927878068,3.7960871960575795
"[0.41180647876727217, 1.0893278406284022, -0.7115452116711396, 0.4173507701289156]",66.01448875731961,3.7964013584645624
"[0.26680096184190055, 1.0013534328788818, -1.1317988769558838, 0.3997427158502208]",63.715934236859596,3.7964641909459593
"[0.3154439940845783, 0.7469134454337562, -0.576599838315841, 0.3425048994559584]",87.629009761606,3.796778353352942
"[0.5013758398765732, 0.7915280895126042, -0.664370064616571, 0.41503497496579894]",46.39810905638133,3.796841185834339
"[0.5549588029913658, 0.8498905369607975, -0.701544202260912, 0.38764478989175927]",58.72932413636045,3.797469510648305
"[0.39760402539215145, 1.0614105447628657, -0.74268520276208, 0.49257542866070747]",46.21899502349144,3.7979721704994778
"[0.19384123877349266, 1.1167338670783722, -0.9102640716394477, 0.4546561479995639]",45.65905792477587,3.798097835462271
"[0.1462360119267467, 0.7021821621471144, -0.7802659964251956, 0.505322556459247]",81.79228557626581,3.7981606679436677
"[0.4584091757364457, 0.8573617781466275, -0.7561607117251292, 0.550521903377772]",36.889152264762345,3.801302292013498
"[0.4648822308374093, 0.8801303257700065, -0.7351559057677265, 0.5355590703384536]",36.798950463214325,3.8013651244948945
"[0.4703208539483527, 0.898027575976735, -0.722240740169731, 0.5220194545405857]",36.74359209093424,3.8014279569762914
"[0.47484333164504205, 0.9135683336165177, -0.7133348768227433, 0.5094160504316804]",36.7051350935316,3.801490789457688
"[0.47854462405887976, 0.9277291621331492, -0.7069020828826788, 0.4974695727713848]",36.67707631198338,3.801553621939084
"[0.48147979071460556, 0.9410115670905869, -0.7021765053319055, 0.48599919180119633]",36.656279188694384,3.8016164544204814
"[0.4836746897421328, 0.9537177479399496, -0.6987153486361657, 0.47487425931487326]",36.64099166739449,3.801679286901878
"[0.485132568981224, 0.9660524628628531, -0.6962384370808714, 0.46399056464363786]",36.630150603314206,3.801742119383274
"[0.48583617943605495, 0.9781624982379836, -0.6945592053959725, 0.453262941607994]",36.623089455935805,3.8018049518646713
"[0.48574878369742264, 0.9901655031763796, -0.6935485613359202, 0.4426126358247287]",36.61938933319458,3.8018677843460673
"[0.48481194162198465, 1.002157361823688, -0.693116970791278, 0.4319670793575595]",36.618809288853996,3.801930616827464
"[0.4829415693476452, 1.0142243064901113, -0.6932035049747435, 0.42125204630549273]",36.62124797511167,3.8019934493088607
"[0.480019851145583, 1.0264502898257344, -0.6937706900478349, 0.4103857904247422]",36.62673358937129,3.8020562817902572
"[0.4758833944805832, 1.0389182386454943, -0.6948026057481678, 0.3992766469635536]",36.63543158169849,3.8021191142716537
"[0.4703001497240837, 1.0517216894373493, -0.6963069506856434, 0.3878088559111177]",36.64768160419167,3.8021819467530507
"[0.46293175657659424, 1.064968401168618, -0.6983215936360866, 0.3758311186281087]",36.664070558480056,3.802244779234447
"[0.4532549088239613, 1.078798908207716, -0.700931724766471, 0.36312246735602743]",36.68559784666778,3.8023076117158436
"[0.4403984685402226, 1.093406083687449, -0.704308214831045, 0.3493340372908775]",36.71403003523597,3.8023704441972406
"[0.4226984517806141, 1.1091048869374598, -0.7088180970000898, 0.33381297819347605]",36.75289272362599,3.802433276678637
"[0.39612128166512744, 1.1265187593538264, -0.7154304693239244, 0.31500255411895145]",36.81105753641807,3.802496109160034
"[0.3403113031779317, 1.1479928629044307, -0.7294742700355397, 0.28506217199848516]",36.93534878065485,3.8025589416414305
"[0.45525571253001856, 0.8595781143291732, -0.9377232239061052, 0.5659201360846514]",55.329292877419164,3.8028731040484134
"[0.44076878610027, 0.8830873554232316, -0.9243282623431223, 0.5765751531682087]",46.59028049290986,3.8029987690112064
"[0.11857816915169424, 0.6912806594595592, -0.856833857426636, 0.4909604909347267]",58.33149784854468,3.8033757638995858
"[0.5186708289392228, 0.8987498792752591, -0.6861103535171079, 0.4369041707260539]",51.02901574411586,3.8037527587879656
"[0.538044943956573, 0.9686335600329943, -0.6995013798957522, 0.37124549386385736]",51.069092021731706,3.803878423750759
"[0.07745883939728404, 0.7295141475988278, -0.764753546055718, 0.44691534843029257]",79.75341990847416,3.804695246008915
"[0.3201346090332317, 0.7283177463959482, -0.6765553949951384, 0.5115001522104305]",44.05986139392489,3.8051979058600875
"[0.23747772183209542, 0.7174302503348937, -0.6908211520656733, 0.5081199540737705]",93.15545986412248,3.8062032255624336
"[0.5334954078079115, 0.8742921336063586, -0.6874680121185266, 0.41631342825373047]",70.90424922834337,3.80626605804383
"[0.42730954020423867, 1.0909462456828878, -0.7045559843241002, 0.3844424208074483]",46.229001001298286,3.806957215339193
"[0.37160910588089746, 0.9604231906540948, -1.0518536750816339, 0.5267797331679915]",45.803473669239395,3.8078368700787455
"[0.2024937955062543, 1.0763515148020224, -0.9994053089410034, 0.4687165315251259]",45.67020308917661,3.807899702560142
"[0.005662366735445494, 0.7632377266516401, -0.8603726872690691, 0.352612715857109]",50.47297697709838,3.808088200004332
"[0.25215802569795553, 0.7374735244356287, -0.6247088447142596, 0.45149877269898936]",76.6516695624861,3.8081510324857284
"[0.2919051516015268, 0.714025622108156, -0.7116040163444587, 0.530183785052031]",51.13853541889987,3.808653692336901
"[0.24268879624992448, 0.7530374448617231, -0.5850311843469058, 0.37064981037403444]",79.94226497531388,3.8094076821136604
"[0.450635294975872, 0.8662874213945716, -0.8012705228451795, 0.5703992319679307]",95.52381558247113,3.810224504371817
"[0.3088059694404532, 0.6779791500247587, -0.8254591502048119, 0.5508295046833118]",57.827007818287704,3.810287336853213
"[0.281436757632099, 0.6470563563283753, -0.9020774861052699, 0.5245177268041405]",61.8224500520302,3.810475834297403
"[0.18028993273252172, 0.6899177579900585, -0.8009101749691705, 0.5245341930840642]",63.85692521331614,3.811669651443939
"[0.37805441861723643, 0.6966213896049345, -0.8253376612051663, 0.5520997725464835]",64.71618851016501,3.8117324839253355
"[0.30485931361188123, 0.7342339156937896, -0.6425418742070842, 0.48072770331556447]",69.15216830696073,3.811858148888129
"[0.014760821253114861, 0.7647079573898024, -0.8019790651036782, 0.365356349848055]",69.93387452675302,3.812674971146284
"[0.41010257015852963, 0.9481264175981968, -0.8712619140341524, 0.5847971673588855]",80.34104857652677,3.8131147985160605
"[0.3861506018690382, 0.7491215906283197, -0.6132551635584044, 0.42255112371264747]",87.17896378687925,3.81349179340444
"[0.5846024868079942, 0.953701135654831, -0.7597570444009278, 0.30462885921524646]",82.01792623851743,3.813554625885837
"[0.19987038488097406, 0.7393272777005409, -0.6349932123722599, 0.44333796271130355]",87.3891423808387,3.81405728573701
"[0.24949264553621475, 0.6165805099023757, -1.0080363232603233, 0.42271573171704097]",90.80879673603751,3.844091211844589
"[0.44266773399081766, 0.8857500446758211, -0.8350779044614958, 0.5798197786170374]",91.26318600838181,3.8444682067329685
"[0.4882167798568611, 0.9517579276314934, -0.6959196964105931, 0.46819163609993664]",94.65934546692657,3.844531039214366
"[0.5027405799924223, 0.775971376299055, -0.6617910526484296, 0.3952620552688859]",87.20575371679466,3.8460390187678843
"[0.2333602753839182, 0.7698849304944677, -0.5785273598516677, 0.23949354386923877]",86.87043848240707,3.8461018512492804
"[0.43904751293000566, 0.8857991917340875, -0.9136019739686134, 0.5793049523864786]",84.62449768199461,3.846227516212074
"[0.40484934685222046, 1.0065189078046248, -0.7873263160948911, 0.5511466571340858]",76.86198698002259,3.8466045111004536
"[0.44183964207389875, 0.9700341685159778, -0.7461551025247839, 0.5338692020580893]",85.19920337032683,3.8476098308027997
"[0.06750089858507043, 0.7348223127928564, -0.7638637816283846, 0.4352513205626698]",70.14885388559804,3.847861160728386
"[0.1118975609399728, 0.7113875259659639, -0.7811142772710924, 0.4830155724458963]",70.19097255514211,3.847923993209782
"[0.09033580223944564, 0.6986953614914815, -0.8735329001912052, 0.46728783165956844]",88.11076854458645,3.8480496581725756
"[0.36187205610187606, 0.973851921772879, -1.01479060784239, 0.5498283505805834]",76.64983638271855,3.8482381556167655
"[0.11782561321983222, 0.7279502122283024, -0.7202886098992631, 0.462814376472333]",90.53665962325078,3.8489293129121283
"[0.42589350544170423, 0.9681179966948168, -0.78272935931549, 0.5584370266356267]",90.68289856041966,3.849306307800508
"[0.2600359440477589, 0.7620564547455879, -0.5874981995764467, 0.19992038977053092]",74.23968246170054,3.8502487950214572
"[0.18037431015226815, 0.7072063903161331, -0.7402352154177777, 0.5112890053932349]",63.938894166331146,3.8503116275028533
"[0.31056353668250225, 0.6961959561483853, -0.7768975382849655, 0.5512022969638151]",64.29319406569638,3.8503744599842507
"[0.36636165483707495, 0.6937771796334191, -0.8211144430812589, 0.5528036503945725]",64.66746750751464,3.8504372924656467
"[0.3139465184177233, 0.6874465171411636, -0.802731025911806, 0.5528020917614965]",64.3221752244565,3.850500124947043
"[0.17671217588406338, 0.6908964128695995, -0.7995077127329195, 0.5229469572411398]",63.90709808992675,3.85056295742844
"[0.3047226383838381, 1.1184643373034595, -0.7939181999084284, 0.4762181394739517]",81.58615015852978,3.851693942093579
"[0.45086025940995594, 0.9242752496657447, -0.7562538012775443, 0.5485927047775813]",59.76640696252301,3.8518196070563726
"[0.15338134157882932, 0.7233002491318523, -0.7047665206908992, 0.4792430524611531]",79.23796497548088,3.8521966019447524
"[0.12385429533975194, 0.7357899661701951, -0.6930289440593711, 0.4486056743255854]",77.09968053071007,3.852322266907545
"[0.2832409525997664, 0.7116327661613929, -0.7162532611092007, 0.531193323987743]",75.68849264436206,3.852510764351735
"[0.07297947699087018, 0.7476962327822418, -0.720705981592818, 0.4155082462705032]",57.40052428032211,3.8538302464610634
"[0.2565916076400472, 0.7061753997814909, -0.728359885121991, 0.5315424208744067]",57.66229533669416,3.8538930789424604
"[0.4604173594393557, 0.5954024971862798, -0.8934073856410077, 0.3167254382446409]",55.94090015167142,3.854018743905254
"[0.3205832724877494, 1.0133300418274978, -0.9983993234661944, 0.5456721756585144]",67.38475924516558,3.8542072413494437
"[0.38421732148659743, 0.6611977505449449, -0.8860327617391169, 0.5248394557405062]",65.6897147365134,3.85445857127503
"[0.2785023306298777, 0.6781588011664421, -0.8183601162947441, 0.5489417807459169]",57.74725259609013,3.854521403756426
"[0.07787887695579403, 0.7107072024579353, -0.8382233793241425, 0.46051638692104735]",57.31008553977005,3.8545842362378235
"[0.4569894345048667, 0.9482963715774524, -0.7312605284763548, 0.5245534094496037]",77.6416366989781,3.855149728570393
"[0.44462495146923503, 0.9730607731662588, -0.7392762090109843, 0.5270720034220419]",53.27427564986276,3.8564063781983253
"[0.35181473891233367, 1.1356927521973215, -0.7257850499439316, 0.3701954214041157]",53.29662448163328,3.8564692106797214
"[0.43429402274184736, 1.0698259971964557, -0.7048731328694214, 0.4202513166649557]",53.07929290001387,3.856594875642515
"[0.02402243377666515, 0.7459233774855973, -0.834216019339418, 0.3916517827518164]",98.7567480990984,3.8567833730867047
"[0.23042030691420542, 0.7421150453368123, -0.6161649170879635, 0.4318128467459329]",58.55465952992878,3.857097535493687
"[0.5014071156271799, 0.6236296175416441, -0.8466854491619801, 0.3174763480646966]",71.48353640747432,3.8571603679750845
"[0.3436141366250334, 0.7031492580843658, -0.7799763229561104, 0.5533075678635349]",88.58543591251268,3.857474530382067
"[0.49137223653232165, 0.7127284203046724, -0.9018110497058341, 0.4964588747972694]",77.31209936359997,3.8577886927890503
"[0.5231055474050571, 0.8200003311869399, -0.6789696059051054, 0.41452395334257225]",52.5884406885797,3.8778322543545687
"[0.39764398363806797, 0.9747239682529844, -0.8583510504943916, 0.5803415396322067]",63.58678891290625,3.8780835842801555
"[0.16150667743879665, 1.0705100084422523, -1.0229524072577516, 0.41991480994766006]",65.10471192900779,3.8783349142057415
"[0.3160572285282028, 1.1189445722703582, -0.779221864572768, 0.4680452474921942]",46.91393175525407,3.8790260715011042
"[0.40876614090074326, 1.0854097019098885, -0.7151879711558964, 0.4314858366805882]",74.57827350359935,3.880785380980209
"[0.4085276819628583, 0.9609777433879417, -0.8477265123496741, 0.5808397158947589]",51.564770108909244,3.8817278682011587
"[0.33206574460167737, 1.0262887060731736, -0.9312729869031178, 0.5627360174392195]",64.01812300468929,3.8830473503104876
"[0.10388216779188493, 0.7142908272018536, -0.7803509180822528, 0.47656244407845505]",83.24968774920907,3.8839270050500403
"[0.14800524930477554, 1.1384317641145727, -0.8424976497192733, 0.3462473285870115]",46.835877319077724,3.8841783349756263
"[0.5739337742047325, 0.9114137065025303, -0.7240474875446284, 0.352368507965473]",52.12288274947753,3.885246487159369
"[0.19133262595236747, 0.6857332591640788, -0.8099332482501634, 0.5292156506290535]",72.34134966187051,3.8854349846035587
"[0.18738929312901448, 1.129364089912136, -0.8812337844518887, 0.43319260581589764]",53.03892170718975,3.8856234820477487
"[0.5829693396435904, 0.780605181055498, -0.7706555827263848, 0.35946709680120187]",63.45013967956013,3.8858748119733346
"[0.3039317777734295, 1.0717164522519247, -0.8840817925622587, 0.5394779750377705]",49.54812981090276,3.8863146393431114
"[0.34662979402899735, 1.1199941303095735, -0.7438301716183792, 0.4356240151739301]",50.344028643510164,3.887131461601267
"[0.24566167883055517, 0.7321750581500166, -0.6423432821367507, 0.47058059761068927]",89.69767380325739,3.88782261889663
"[0.41173126207501654, 0.7211821510659493, -0.819751144272171, 0.5537621920689587]",54.31393377078484,3.8878854513780263
"[0.3483790975193463, 0.7265022078187635, -0.7125820942678172, 0.5337688847458596]",52.32764126040331,3.8881996137850097
"[0.19276151222130755, 0.6379151494002451, -1.0176546912819195, 0.4160783259558982]",40.24913755264875,3.8898960907827176
"[0.2182636548062924, 0.6292880324306367, -1.0055890310685447, 0.43340382610019074]",40.315710087945256,3.889958923264115
"[0.23899797583797183, 0.6240126502841501, -0.9954155210621738, 0.44479909441083243]",40.37164504178793,3.890021755745511
"[0.25765638258897416, 0.6204766301722219, -0.9861920446462605, 0.45320834267777443]",40.42403301340809,3.8900845882269075
"[0.2751792005914424, 0.6181462168291494, -0.9775990018684727, 0.4596595402776818]",40.47544961043139,3.8901474207083044
"[0.29204392312193983, 0.6167840635040908, -0.9694812526737839, 0.46465825963658514]",40.5273233865888,3.890210253189701
"[0.3085389594476313, 0.6162788670218751, -0.9617527148394093, 0.4684934285509133]",40.58065044282548,3.8902730856710974
"[0.32487196172367705, 0.6165874315444666, -0.9543572961013144, 0.47134631692728773]",40.63629273419511,3.8903359181524944
"[0.34120498732302357, 0.6177129952931505, -0.9472583940637406, 0.4733329111831862]",40.69508411558116,3.890398750633891
"[0.357683411447131, 0.6196974659892486, -0.94042959353152, 0.47452560744334604]",40.75793847086719,3.8904615831152873
"[0.3744524574294911, 0.6226225791497456, -0.9338514628092146, 0.4749614879330023]",40.82593987902857,3.8905244155966843
"[0.39167462104182205, 0.6266191208210277, -0.9275098870522327, 0.4746426461428411]",40.900465459553565,3.8905872480780808
"[0.4095499116322063, 0.6318868662932062, -0.9213972655615621, 0.47352786244916656]",40.983363645684086,3.890650080559477
"[0.4283557610579494, 0.6387370217862536, -0.9155147761898652, 0.4715097432532562]",41.077296399185634,3.890712913040874
"[0.4485278475974471, 0.6476866697820922, -0.9098799602419604, 0.46835811118041126]",41.186439260378094,3.8907757455222702
"[0.47083010010438475, 0.6596849263223701, -0.9045541188985922, 0.4635732935741767]",41.31800094741646,3.8908385780036667
"[0.49692344400785105, 0.6768560421676789, -0.8997122058497704, 0.45588877186059773]",41.48701614309504,3.8909014104850637
"[0.5320621015009062, 0.7063631826452017, -0.8959788289636698, 0.44056296990281857]",41.739082266789026,3.89096424296646
"[0.16335931768835146, 0.6660518663639518, -0.9142338924705217, 0.4975243020176185]",46.98417355376683,3.8915297352990295
"[0.537965387144693, 0.7314090365003794, -0.9099198443694713, 0.45272257942441085]",48.95135042733873,3.891592567780426
"[0.5743838132004413, 0.7744801132047219, -0.9204382666761187, 0.41563832919145693]",45.658923191660435,3.8917182327432194
"[0.41476238597057685, 0.6743012528535437, -0.8828860127458538, 0.5231303757483885]",44.40600628566186,3.891781065224616
"[0.3576540606513544, 0.6640164149714886, -0.8724789034628413, 0.5362768081532127]",44.022491021882985,3.891843897706013
"[0.31459237013194236, 0.660659964199032, -0.868424060829728, 0.540013219223865]",43.793793049649295,3.8919067301874093
"[0.2773339675601195, 0.6602927001584319, -0.8680244161359487, 0.539073858005802]",43.635995006078225,3.891969562668806
"[0.24308793673709578, 0.6618716753638718, -0.8701640348282349, 0.5346596342795737]",43.51800538125969,3.8920323951502027
"[0.21050388703625764, 0.6650644200311634, -0.8741929912610038, 0.5270207463825881]",43.42466403263524,3.892095227631599
"[0.09974864527290438, 1.1102387121100223, -0.8778210274970313, 0.3109598461607461]",37.95315822654244,3.892158060112996
"[0.1305712573870758, 1.130496662251796, -0.8544190575181617, 0.33484461719753916]",37.844566287908265,3.8922208925943926
"[0.14796965802582013, 1.1382992711515845, -0.8433374130269837, 0.3473177698496391]",37.79401292339475,3.8922837250757887
"[0.16158315987245778, 1.1429341228433694, -0.8354640795455558, 0.356818528131366]",37.75819591546136,3.892346557557186
"[0.17311357620564297, 1.1459433311274896, -0.829267096844925, 0.3647658573601099]",37.729967928257956,3.8924093900385826
"[0.18326044051593873, 1.147934821912893, -0.8241375270301126, 0.37172420095726416]",37.70651893200736,3.8924722225199786
"[0.1923957755712123, 1.149220060085585, -0.8197609911264615, 0.3779853938181209]",37.68641051635516,3.892535055001376
"[0.2007465508238955, 1.1499826838127325, -0.8159508016640633, 0.38372305637081966]",37.668794470447075,3.892597887482772
"[0.2084639243729968, 1.1503410959342995, -0.8125857380879521, 0.3890501891429837]",37.653123219058024,3.8926607199641685
"[0.21565368118689576, 1.1503765575285456, -0.8095825308847124, 0.3940442553583098]",37.639022615555234,3.8927235524455654
"[0.22239554028118974, 1.1501475410512254, -0.8068803210453284, 0.3987624328096915]",37.62622021989645,3.892786384926962
"[0.22874990313053895, 1.1496975714383653, -0.8044337752938991, 0.40324725804832995]",37.61451387605845,3.8928492174083584
"[0.2347635495833887, 1.1490601019012772, -0.8022082223222838, 0.40753107713204617]",37.60374956319721,3.8929120498897554
"[0.24047608056851574, 1.1482611609155207, -0.8001755998065367, 0.4116408694351294]",37.59380262906406,3.892974882371152
"[0.24591748704724062, 1.1473218622872385, -0.7983142397617372, 0.41559663703234856]",37.58457741863658,3.8930377148525483
"[0.25111432011887047, 1.1462591715441044, -0.7966058802869721, 0.41941589285838904]",37.57599318147285,3.8931005473339453
"[0.2560893707533929, 1.1450869182948515, -0.795035301335559, 0.42311349687430583]",37.56798257480473,3.8931633798153418
"[0.2608606413540352, 1.1438169462378143, -0.7935902196568447, 0.42670088258003736]",37.560491609472095,3.893226212296738
"[0.2654443532882033, 1.1424591003154563, -0.7922600137960409, 0.43018827113987845]",37.553473472085024,3.893289044778135
"[0.2698551182588632, 1.1410215755280828, -0.7910354831258579, 0.4335848173662451]",37.54688745292791,3.8933518772595312
"[0.27410511111999564, 1.1395115661216753, -0.7899089016542027, 0.43689796142894427]",37.54069952226748,3.8934147097409277
"[0.2782049840493347, 1.1379353347450134, -0.7888735978308639, 0.44013409850150126]",37.53488030321851,3.8934775422223247
"[0.2821649344666682, 1.1362980331965251, -0.7879235792724765, 0.443299411150364]",37.529403133888536,3.893540374703721
"[0.28599341008940377, 1.134604402024225, -0.7870537688320962, 0.446398832019058]",37.52424558905332,3.8936032071851177
"[0.2896984414147174, 1.1328584070921683, -0.7862596014646624, 0.44943708715300107]",37.51938729279443,3.8936660396665146
"[0.2932866168644904, 1.1310638498709307, -0.7855371873072786, 0.45241784538321067]",37.51481108137358,3.893728872147911
"[0.2967646785058566, 1.1292237247521013, -0.7848829214955932, 0.4553450163430988]",37.510500698985304,3.8937917046293076
"[0.300138695504453, 1.1273406817225418, -0.7842936299746557, 0.45822206998265663]",37.50644175299339,3.8938545371107045
"[0.3034135516753098, 1.1254174401601535, -0.7837666024959473, 0.4610515716794028]",37.502622188789054,3.893917369592101
"[0.30659434625662957, 1.1234560828248594, -0.7832993151169663, 0.4638363645227099]",37.49903042975228,3.893980202073497
"[0.30968552937644966, 1.1214585984742962, -0.7828895554116031, 0.46657882304350884]",37.495656363176806,3.8940430345548944
"[0.31269126501756567, 1.1194267281821244, -0.7825353385560994, 0.46928115546015525]",37.49249081247741,3.8941058670362905
"[0.31561554458080077, 1.1173619258222918, -0.7822348788657469, 0.4719455012242048]",37.48952536321433,3.894168699517687
"[0.3184617153532408, 1.1152657370042725, -0.7819866186539112, 0.47457349156291645]",37.48675279318297,3.894231531999084
"[0.321233161268319, 1.1131393624269161, -0.7817891391618258, 0.47716685928532904]",37.48416629130008,3.8942943644804804
"[0.32393299469319986, 1.1109839004988196, -0.7816411825745336, 0.4797271539396453]",37.48175975194402,3.8943571969618773
"[0.32656414777319087, 1.108800309078718, -0.7815416322059, 0.4822558195293814]",37.47952764233609,3.894420029443274
"[0.32912950737412106, 1.1065893117175127, -0.781489501100038, 0.48475432107921684]",37.47746485690566,3.8944828619246703
"[0.33163125091358703, 1.104352005359333, -0.7814839296144163, 0.4872234870217183]",37.47556723159024,3.8945456944060672
"[0.3340721635446143, 1.1020887292143478, -0.7815241596695571, 0.48966479325750384]",37.47383044295115,3.8946085268874637
"[0.3364542103901684, 1.0998003554267992, -0.7816095331678777, 0.49207895074028646]",37.472251103119504,3.89467135936886
"[0.33877982346961233, 1.097487120464912, -0.7817395025291974, 0.49446718451344657]",37.470825801609884,3.894734191850257
"[0.3410509042097684, 1.0951495848916781, -0.7819135971847947, 0.4968302235076097]",37.469551766881565,3.8947970243316536
"[0.34326949083357305, 1.0927879987055433, -0.782131446934479, 0.49916897527403215]",37.46842642637962,3.8948598568130497
"[0.34543703012061333, 1.0904030872778903, -0.782392706768575, 0.501483754763963]",37.46744777114239,3.894922689294447
"[0.3475556659729827, 1.0879946662597892, -0.7826971949260001, 0.5037756480997185]",37.46661369835581,3.894985521775843
"[0.3496270054239222, 1.0855629809037142, -0.7830447589468699, 0.5060452017097117]",37.46592263837826,3.8950483542572396
"[0.3516526405004768, 1.0831081592295158, -0.7834353245892552, 0.5082929687633146]",37.46537327139491,3.8951111867386365
"[0.3536339385948493, 1.080630477490587, -0.7838688508880148, 0.5105192717699752]",37.46496456334839,3.895174019220033
"[0.3555724637311344, 1.0781298491160751, -0.7843454148534525, 0.5127246693584093]",37.464695685780725,3.8952368517014295
"[0.35746979818794977, 1.0756060232612972, -0.78486519262307, 0.5149097632965418]",37.464566060699084,3.8952996841828265
"[0.35932699103672044, 1.073059344527143, -0.7854282938402598, 0.5170745525936246]",37.46457541562962,3.895362516664223
"[0.36114560669643364, 1.0704893570436422, -0.7860350532321835, 0.5192196396718858]",37.46472367314121,3.8954253491456194
"[0.3629267795545697, 1.0678960899655077, -0.7866857551453655, 0.5213451301237603]",37.46501101404995,3.8954881816270164
"[0.3646720069285696, 1.065278940907516, -0.7873808995481526, 0.5234515639175603]",37.46543791437572,3.895551014108413
"[0.3663820562683662, 1.0626383056272575, -0.7881207772911496, 0.5255385967090186]",37.466004963157175,3.895613846589809
"[0.3680584442938278, 1.0599733560873057, -0.7889060663478821, 0.5276067831835766]",37.4667131685933,3.8956766790712063
"[0.3697020842482311, 1.0572841128926638, -0.7897372631160955, 0.5296559279336727]",37.46756360966742,3.8957395115526023
"[0.3713144247242256, 1.0545696411393604, -0.7906152162494485, 0.5316864842895993]",37.46855790266494,3.895802344033999
"[0.37289632276628737, 1.0518299013940742, -0.7915405555878682, 0.5336981433052465]",37.46969762766736,3.8958651765153958
"[0.37444888865241427, 1.0490643686750079, -0.7925141232078272, 0.535690882170314]",37.47098477232342,3.8959280089967923
"[0.37597328680508313, 1.0462723418723745, -0.7935368919952248, 0.5376647147991144]",37.4724216857852,3.8959908414781887
"[0.3774706521877436, 1.0434530915915892, -0.7946099205632753, 0.539619578509992]",37.47401103499162,3.8960536739595857
"[0.37894194784673846, 1.040606150127865, -0.7957342386963565, 0.5415551365359402]",37.475755637778676,3.896116506440982
"[0.3803881509854661, 1.037730986648693, -0.7969109641134433, 0.5434710089997427]",37.47765861207758,3.8961793389223787
"[0.38181059413045126, 1.0348263043923014, -0.7981416103331921, 0.5453672211781067]",37.47972390701782,3.8962421714037756
"[0.38321025952922594, 1.031891450086608, -0.7994275152327086, 0.5472432580144853]",37.48195542443633,3.896305003885172
"[0.38458825925189233, 1.0289254724903627, -0.8007702288112524, 0.5490986875749461]",37.484357617718466,3.896367836366568
"[0.38594569392127653, 1.0259274139405232, -0.8021713981589471, 0.5509329607883626]",37.48693534776715,3.8964306688479655
"[0.3872837199022109, 1.0228961733163997, -0.8036328371210095, 0.5527454876583032]",37.48969400523893,3.8964935013293616
"[0.38860362629994477, 1.0198303256104906, -0.8051566305337039, 0.5545357261201903]",37.492639744600794,3.896556333810759
"[0.3899064645139924, 1.016728995896597, -0.8067447076792862, 0.5563026609935513]",37.495778706706204,3.8966191662921554
"[0.39119364335478424, 1.0135904830615878, -0.8083995405100759, 0.5580455902965493]",37.49911836254169,3.8966819987735515
"[0.39246638404009293, 1.0104135605030655, -0.8101234953895355, 0.5597633628126876]",37.5026662932306,3.896744831254949
"[0.39372631604234665, 1.0071960240904982, -0.8119196236508541, 0.5614551552363605]",37.50643182564488,3.896807663736345
"[0.3949747621052046, 1.0039365012502843, -0.8137906920939385, 0.5631194760055577]",37.51042408611866,3.8968704962177414
"[0.39621332741527193, 1.0006329957830937, -0.8157399948575222, 0.5647549233783243]",37.51465370902055,3.8969333286991383
"[0.39744372786646665, 0.9972833347184479, -0.8177711376745813, 0.5663599092742923]",37.519132461144565,3.896996161180535
"[0.3986676218788728, 0.9938856731007137, -0.8198877443581736, 0.56793239502868]",37.52387264836405,3.8970589936619313
"[0.3998871788882489, 0.990436960571731, -0.8220944354576321, 0.5694705662097049]",37.5288893419303,3.8971218261433282
"[0.40110454133996276, 0.9869344613170976, -0.8243959340873117, 0.5709720627292372]",37.534198516551385,3.8971846586247247
"[0.4023219902536215, 0.9833753790300349, -0.8267973135703615, 0.5724341215019784]",37.53981766749023,3.8972474911061212
"[0.40354217336594533, 0.9797562658580152, -0.8293044385533276, 0.5738537567008224]",37.54576694656487,3.897310323587518
"[0.40476778439976924, 0.976074061169653, -0.8319233015363487, 0.5752272715083607]",37.55206775176809,3.8973731560689147
"[0.40600238107475545, 0.9723237525046893, -0.8346617472491996, 0.5765510392578018]",37.55874697504563,3.8974359885503107
"[0.4072494550170603, 0.9685013107745641, -0.8375274701979823, 0.5778202848360743]",37.56583248245411,3.897498821031708
"[0.4085130944322262, 0.9646018906599816, -0.8405293698654196, 0.5790296343158233]",37.5733565569266,3.897561653513104
"[0.4097980912081187, 0.9606197219524882, -0.8436777784999585, 0.5801729426292355]",37.581356819122554,3.8976244859945006
"[0.41110995897875263, 0.9565483554780086, -0.8469844311291832, 0.5812429796328544]",37.58987657236704,3.8976873184758976
"[0.4124551175618348, 0.9523804927459159, -0.8504627805236707, 0.5822311993771304]",37.598966085474615,3.897750150957294
"[0.4138409912643375, 0.94810820448787, -0.8541280285215246, 0.5831273476697152]",37.60868330761613,3.8978129834386905
"[0.41527658277842244, 0.9437218509131163, -0.8579983286304708, 0.5839192449112656]",37.61909783373637,3.8978758159200875
"[0.4167726302605939, 0.9392105415276915, -0.8620947925329925, 0.5845920566894196]",37.63029203557775,3.897938648401484
"[0.41834238150900094, 0.9345610694655639, -0.8664429619614459, 0.5851276361799956]",37.64236653618091,3.8980014808828805
"[0.42000193324482155, 0.92975866522301, -0.8710728075788732, 0.5855032944097919]",37.65544224617559,3.8980643133642774
"[0.42177188278285116, 0.9247846523299074, -0.8760219171493081, 0.5856904426025443]",37.669672065560306,3.898127145845674
"[0.42367845443822977, 0.9196168947450963, -0.8813365171069292, 0.5856521692779708]",37.68524806938506,3.89818997832707
"[0.42575591050780137, 0.9142284173843716, -0.8870748884833943, 0.5853398669063741]",37.70241747895872,3.8982528108084673
"[0.4280510663621402, 0.90858368283561, -0.8933145634564158, 0.5846875814856085]",37.72151370344125,3.8983156432898634
"[0.43062893845423383, 0.9026375390064151, -0.9001588881676504, 0.5836027807280264]",37.742992254099576,3.89837847577126
"[0.4335838999768993, 0.8963303596032345, -0.9077515935482053, 0.5819501310650309]",37.76750307650243,3.898441308252657
"[0.4370629549900172, 0.8895759826467029, -0.9163086291368564, 0.5795187182512385]",37.79604380337662,3.8985041407340533
"[0.4413121350107464, 0.8822462113675429, -0.9261751433126583, 0.5759524863717372]",37.830256422505684,3.8985669732154498
"[0.4467967390467964, 0.8741306775624691, -0.9379725784508552, 0.5705709260059741]",37.87319614465923,3.8986298056968467
"[0.4546095383893889, 0.8648158067137967, -0.953087129522283, 0.5617530963054608]",37.93193591180164,3.898692638178243
"[0.46916262044940127, 0.8530362399198829, -0.9767958945684615, 0.5427863007590383]",38.03473857897802,3.89875547065964
"[0.28342682444112427, 0.7068548894846363, -0.7320984463185074, 0.5375997628225847]",61.36277904122402,3.898881135622433
"[0.41900027055981565, 1.0318297488719574, -0.7381812274198222, 0.5049480942249662]",69.29485505236075,3.89894396810383
"[0.391039007577695, 0.6913628312478248, -0.8455132567372434, 0.5465443908866602]",68.47134467194134,3.8994466279550024
"[0.0444683547901173, 0.7527787282816493, -0.7555292054889848, 0.3983328985952628]",73.6887478870089,3.899886455324779
"[0.3866446356658835, 0.6169742599026172, -0.9376955010521972, 0.4591528573388213]",82.19003559216695,3.9000121202875717
"[0.29316899248514283, 0.704826634873547, -0.7424010930631816, 0.5422505398067009]",61.853637504074854,3.9175423825972264
"[0.419576141596378, 0.9801166434965295, -0.784957911314351, 0.5571240888102365]",54.57966523323246,3.917919377485606
"[0.28025237026550814, 1.0911436773413485, -0.8804994515423205, 0.5207312754734608]",53.86528226868012,3.918233539892589
"[0.433702702737608, 0.6370407352190638, -0.9161836309805852, 0.46484465744210174]",45.44601210530867,3.9182963723739856
"[0.33400312761332834, 1.0834649863555248, -0.810440519472879, 0.5201684261648233]",41.90053429521255,3.9183592048553817
"[0.30834803746223494, 1.1323069917419635, -0.7671823437285266, 0.4387604974916551]",42.81416817358776,3.9193645245577278
"[0.13946214908309376, 0.6890707333985824, -0.8386737880466515, 0.5053449102562189]",71.17388884959135,3.9194273570391243
"[0.5626674674296087, 0.7231398746479323, -0.8710905407649948, 0.40278069616841566]",54.926657597186065,3.9203698442600734
"[0.16601066129359932, 0.6936390649347395, -0.7965049011511689, 0.517937392396613]",92.9055854970815,3.921437996443816
"[0.3288010656652432, 0.6817703713941563, -0.8239262640261521, 0.5518893488954777]",68.73863555910933,3.921626493888006
"[0.5333965278143363, 0.8430437859413148, -0.6857704961547246, 0.41183056076461677]",51.89598576300844,3.9220034887763853
"[0.18530484221727184, 1.1233613190451601, -0.8975785907306789, 0.4400986933974003]",54.69312447868723,3.9221291537391787
"[0.37965416920966466, 0.9742012024849928, -0.9304556653478868, 0.5789300114686149]",45.689772173129455,3.922694646071748
"[0.20896602909835646, 1.1295132148605374, -0.8698372100276244, 0.4492396049625214]",73.74598993569414,3.9227574785531445
"[0.06290131274838077, 0.7896436660647856, -0.6723308852955047, 0.3207960610170464]",51.25589608867877,3.9231344734415243
"[0.054338782478027425, 0.7204787557603832, -0.8507943405428653, 0.4350361217123551]",70.7427686500934,3.9242026256252664
"[0.3918364452846415, 0.7189273370910377, -0.795562846659342, 0.554878900923429]",52.64846975503407,3.92432829058806
"[0.32733143419541183, 1.0315525406781683, -0.9292391079783084, 0.5604952730063975]",46.18647764280177,3.924768117957836
"[0.1475321732891986, 0.7492015933693812, -0.6428406916229893, 0.4153010988482017]",74.59963869394903,3.9255849402159924
"[0.2590961150415063, 0.7550349585423771, -0.575201740933657, 0.3378099244422045]",98.85589176419434,3.925647772697389
"[0.1360262707528146, 0.7743632631645222, -0.6142374960372106, 0.3362424834416288]",43.89366852290541,3.9261504325485617
"[0.5618604830355542, 0.8208451754557956, -0.7125276911511896, 0.37633011600227856]",44.014202105246866,3.926213265029958
"[0.5253537572979766, 0.7014508810126747, -0.8971600630925983, 0.4454700777338596]",51.728372203376516,3.926401762474148
"[0.4732355520210751, 0.8876560323531502, -0.7175620967776276, 0.5178995316568573]",59.789744695760916,3.926904422325321
"[0.3545603052832635, 1.0225990355814485, -0.8827227490559405, 0.5687546642835737]",77.28431518309134,3.9271557522509073
"[0.4945323374456749, 0.8372782289254299, -0.6813242594301394, 0.46497350362941403]",44.734209020905304,3.9277212445834766
"[0.5414735118687761, 0.8910201821600625, -0.6920188917404088, 0.4038630727736504]",44.661454980311795,3.9277840770648735
"[0.5548204229808109, 0.9731217094973352, -0.7171671459629119, 0.3379229800104189]",44.76111648355284,3.92784690954627
"[0.3924408926979427, 0.9435638906326301, -1.0666982825109321, 0.5125390791316325]",54.576435221139214,3.9281610719532534
"[0.4556064372059729, 0.9301493769094069, -0.7420993014327658, 0.5373121866374663]",68.3164823770832,3.928286736916047
"[0.480611991421042, 0.7231452592904282, -0.8961641091810059, 0.5146071557551495]",55.03039517109109,3.929920381432358
"[0.4438765285681748, 0.7059781756243895, -0.873689043375441, 0.5315722304458693]",99.36070790851798,3.9307372036905144
"[0.39267929958586567, 0.5910783181612705, -0.9547809907225238, 0.3890903660497331]",81.81720152447404,3.9319310208370495
"[0.4390546294196921, 0.8948249559863796, -0.8415524511299153, 0.5814879578566191]",56.33000846294187,3.9319938533184464
"[0.38612718752519887, 0.710346306137567, -0.6186949709170508, 0.2153018116930141]",56.84960919957054,3.9324965131696197
"[0.5129870281368152, 0.891956203967253, -0.6859755241219091, 0.4467861038410647]",58.29572476817061,3.932810675576602
"[0.3857703199018404, 0.7105736104286646, -0.6183710141550292, 0.21546896745162467]",56.83804804431755,3.9331248379835855
"[0.4730952624053747, 1.0555591137110831, -0.6971979753595396, 0.37491530114531807]",68.80094422031634,3.9335646653533614
"[0.4450362920784032, 0.710806438563992, -0.8712194365527901, 0.5341891731904834]",84.93485935474551,3.9336274978347587
"[0.06693034663564731, 0.7649652686697733, -0.6948546531667298, 0.3785236264075643]",69.5022972599765,3.933941660241741
"[0.2739016186405676, 1.0471754711185417, -0.9949866618535494, 0.5233215652652038]",64.34253355108608,3.9340673252045346
"[0.2574076643123249, 1.0801769705833923, -0.9374165785955351, 0.5173207296539307]",86.67508100914894,3.9348841474626908
"[0.5567845188274673, 0.9559664148505082, -0.7129455915387346, 0.3503874637363271]",53.80165713332163,3.9349469799440873
"[0.38877130337624366, 0.9992224245489763, -0.8378528788150575, 0.5712646644758395]",46.541857105028086,3.9352611423510706
"[0.11531785337627866, 0.6861431962758235, -0.8897264698618851, 0.48158511945386084]",52.15659818617492,3.9353239748324667
"[0.29643996530822303, 1.0595399890123167, -0.9249961433901026, 0.5430265074584316]",62.2941157945559,3.938842593790677
"[0.5229177873929097, 1.0402685822813242, -0.7248088013858859, 0.2977986326609882]",44.57146193465,3.93934525364185
"[0.5485278141341875, 0.9731492145099772, -0.7099533772535437, 0.348989155043354]",44.43578225492933,3.939408086123246
"[0.5462466730201406, 0.9302817739389312, -0.6981374171322119, 0.38394831063781665]",44.38213090583926,3.9394709186046435
"[0.5336850008669362, 0.8973333974602096, -0.6888606307572015, 0.41412174683219216]",44.368114498085006,3.9395337510860395
"[0.5140826704714272, 0.8690513258897874, -0.6836073026820171, 0.4445098280028791]",44.39227057199352,3.939596583567436
"[0.48576027381621456, 0.8398749308490057, -0.6880902780811259, 0.4820669230747992]",44.4836892622378,3.939659416048833
"[0.11675976615208528, 0.728593928058672, -0.7194536739349476, 0.46140735481422607]",78.61443924273112,3.9402249083814027
"[0.4308716579552001, 1.065171216007296, -0.7081332094913139, 0.43521689835023775]",72.8941187507252,3.95417371925145
"[0.4297573279346306, 0.9546401610644292, -0.7873509874286995, 0.5629083430600118]",46.218776974467836,3.9566241860259175
"[0.41320753358845724, 1.0282820012166471, -0.7494579818763654, 0.5174140912596286]",46.12194805488199,3.956687018507314
"[0.3804461702417222, 1.0894974789254166, -0.7383958411595547, 0.46522511936690236]",46.11534334468923,3.956749850988711
"[0.3101730282940785, 1.1426013441634921, -0.7500051451994278, 0.3997073633020032]",46.2022512362732,3.9568126834701074
"[0.3107824802524024, 0.6230032014641066, -0.9477222585413397, 0.4847960259903108]",49.348132951975025,3.9568755159515034
"[0.1517156121194631, 0.7278906247716256, -0.6924947013532086, 0.4697575284094909]",59.67326387446688,3.9585091604678153
"[0.12761829363664007, 0.7343711772174215, -0.6934414975241129, 0.45220547703096575]",59.64403981164143,3.9585719929492127
"[0.6040315768202443, 0.8827616032919984, -0.7849663634433286, 0.32672324645730416]",59.56928973100384,3.958634825430609
"[0.2690503847779882, 0.7486824301893029, -0.5867586509071576, 0.38533949028929054]",69.91463749477924,3.9588233228747987
"[0.40232905186616436, 1.118822792500239, -0.7114069816954399, 0.34141725429521347]",45.57374834357706,3.9593888152073684
"[0.4640139666167123, 0.8973786360203027, -0.7350819792573677, 0.5344572736260048]",45.57876349995918,3.9594516476887653
"[0.48884111974374617, 0.9636747211483231, -0.6944606844323079, 0.4592770836809903]",64.23929243168169,3.9597029776143513
"[0.5320330589432072, 0.9862264439110603, -0.7001569929188195, 0.36480771394557293]",52.20240300736432,3.960582632353904
"[0.25159749486625005, 1.1489532567590877, -0.7898236273495761, 0.4086384682150125]",54.663628621197155,3.9608339622794904
"[0.2998428927529816, 0.7272486716380093, -0.6679939377478206, 0.5037756913654242]",85.42641796111326,3.9611481246864737
"[0.5092616647692672, 1.023383321113821, -0.6989898552965376, 0.3595580981319949]",67.4612016036281,3.9625304392771987
"[0.607608796965763, 0.8536490858410488, -0.8031097981310197, 0.3355707934786979]",69.31782742373115,3.962844601684182
"[0.36739640911599925, 1.0027856662565555, -0.892860277389439, 0.5757430764415149]",48.64821624015874,3.963535758979545
"[0.13349789006158685, 0.7300771759830634, -0.7001509295855585, 0.4621134959001144]",72.6521236903165,3.9641640837935106
"[0.4541621025442805, 0.712254601606177, -0.8785003028642369, 0.5289824522305788]",62.984004520250224,3.9646667436446834
"[0.44567081933922953, 0.5917158435584897, -0.9135079575136102, 0.33577268026078383]",66.03413403046925,3.9651694034958567
"[0.40672892153371754, 1.0823904307563301, -0.7182661015776729, 0.4412880073575828]",88.29156040315728,3.965232235977253
"[0.01469355884598462, 0.787696055562737, -0.7583872740071019, 0.32964423824676387]",80.26483670442067,3.9663003881609953
"[0.21137001473033815, 0.6914189081819316, -0.7817126861776064, 0.5335565521544176]",74.37297517253549,3.967368540344738
"[0.15227259388633765, 0.7231458965330444, -0.7059912697438501, 0.47930737807576723]",61.5600391472744,3.9681853626028936
"[0.37102823883070246, 1.0967875843403783, -0.7420036517909526, 0.4622418267468216]",69.29024093739334,3.9685623574912734
"[0.2078974743944575, 0.7450172514428474, -0.6172509900837163, 0.422415043731624]",63.20524723546235,3.9688765198982563
"[0.24744643429312707, 0.6650283823975269, -0.8591161106657144, 0.5383077459791704]",62.664088231238736,3.969504844712222
"[0.5658438280149172, 0.8212428249440272, -0.7177604111640268, 0.3730689516966475]",47.275358092532414,3.970070337044792
"[0.49630513457594133, 0.6671149339185668, -0.8986297354825316, 0.4443463774099534]",63.222203747558005,3.9707614943401546
"[0.2914469333356911, 0.7508409392262143, -0.5725026695447332, 0.32244523690047094]",69.06167720142948,3.971326986672724
"[0.5368714405486361, 0.9781812752225848, -0.7012290806005131, 0.3644604764132562]",59.23929388887948,3.9714526516355173
"[0.33598501883429843, 0.7354348369741309, -0.5876519540120799, 0.2355065527243753]",46.919466620730944,3.9716411490797072
"[0.3363206959157526, 0.7389951994913079, -0.5807414629251625, 0.265982249732795]",46.97622529318977,3.9717039815611037
"[0.34142895707150167, 0.73964535058443, -0.5795000584511438, 0.2853388216446704]",47.00757450190711,3.9717668140425006
"[0.3490739093612155, 0.7394658002703125, -0.5804131049897394, 0.30018153666651853]",47.02929424194753,3.971829646523897
"[0.3587236976128019, 0.7389547744618853, -0.5827234078238944, 0.3120233766896905]",47.04490603223358,3.9718924790052936
"[0.3702327385018038, 0.7382978680883177, -0.5862065004901101, 0.3213171392708426]",47.055309008789344,3.9719553114866906
"[0.38371950872032196, 0.7374878105053635, -0.5909007521310702, 0.3278488245041463]",47.0595129387322,3.972018143968087
"[0.4308196185415719, 0.6925323676485837, -0.6476398065194302, 0.22862686272688862]",46.73923283121971,3.972080976449483
"[0.438121490792576, 0.7096707586528093, -0.6301350587388164, 0.2711655788812017]",46.848023868004226,3.9721438089308805
"[0.4153490111618154, 1.0057152454417337, -0.7667326237623733, 0.5394207543159982]",61.88008815086696,3.9722066414122765
"[0.4888943440492867, 0.7890506741645044, -0.6596739380510024, 0.42574931560764157]",47.490476652139044,3.97252080381926
"[0.5156219821461286, 0.804818089346795, -0.6734532101019003, 0.4125911883541561]",47.49820614383515,3.9725836363006564
"[0.5396194323506645, 0.8271652282655418, -0.6894580552166794, 0.3994805801065604]",47.53823718961121,3.9726464687820533
"[0.5609823214086492, 0.8591378040605376, -0.7070979370053594, 0.38113475941533775]",47.60409606448717,3.97270930126345
"[0.5757443130843596, 0.9074940618952492, -0.7261118771808863, 0.35166845526509255]",47.70710517660987,3.9727721337448463
"[0.5609216465174951, 0.9985724903908618, -0.7464868665695532, 0.29214491685121335]",47.918299899782234,3.972834966226243
"[0.23443547552457117, 1.072249476323689, -0.9833753640477599, 0.4984991482647567]",57.546851835640034,3.9732119611146226
"[0.44451768006696224, 0.9512391300947627, -0.753575301402514, 0.5433274244113623]",86.83222988457725,3.9733376260774156
"[0.47618129685191884, 0.8500573842095392, -0.704467068512664, 0.5064075514477252]",97.68668138013192,3.9749712705937275
"[0.47434658161867027, 0.6634155062083443, -0.9035446498899851, 0.4647568057888954]",54.70323091201199,3.9752226005193143
"[0.461243386551918, 0.9519042691724837, -0.7231542339529305, 0.5149726019843194]",77.97706301770828,3.9766049151100393
"[0.5369557816183852, 0.9682013964485889, -0.6986528741474213, 0.37347421591022134]",48.22088499850174,3.9771075749612126
"[0.5271055976172977, 0.7199975002725846, -0.9065071384566981, 0.45956230157761835]",66.50697127702067,3.9830138282124934
"[0.2939789992608261, 1.071827942328522, -0.9010660286702092, 0.5374472937022591]",50.402530211918055,3.9831394931752873
"[0.5531595773508918, 0.7318252268042618, -0.8986392202445619, 0.429757003163268]",59.98475356155539,3.9832023256566833
"[0.46176636186141923, 0.8678285461536869, -0.7441279903115317, 0.5428361864227237]",41.554958155444595,3.98401914791484
"[0.47906520517369666, 0.9257295169335019, -0.7065958349688979, 0.49736586269280925]",41.39159135330479,3.984081980396236
"[0.4866091087696259, 0.9695458974958701, -0.6950431009171948, 0.4588256906553904]",41.33963051889111,3.9841448128776324
"[0.48478784723577234, 1.0108276768654851, -0.6928747437090564, 0.4220844058018487]",41.333174083930544,3.9842076453590294
"[0.47042267367901386, 1.05372015095605, -0.6966052736184826, 0.38380700254055566]",41.36396377196716,3.984270477840426
"[0.431499764473711, 1.1025788440110311, -0.7070025150392966, 0.338236144097872]",41.45102210031769,3.9843333103218224
"[0.3174265836048124, 0.6033242715951775, -0.980554688109321, 0.4325423417718842]",56.96346301326514,3.9843961428032193
"[0.5148810012631493, 0.8922428631810563, -0.6857967964796314, 0.44372351661403414]",55.79691816481288,3.984773137691599
"[0.23949898085219043, 1.107162620936399, -0.8964633993059354, 0.4930440302493888]",78.22220658647683,3.9855899599497544
"[0.26382914761720305, 1.0549385460404879, -0.9900646246216815, 0.5182149532340503]",50.34970726744744,3.9860297873195307
"[0.5968250670608467, 0.8299069142621865, -0.7761109394587051, 0.3500572011200317]",55.354085181035394,3.9862811172451176
"[0.10403859056978543, 0.6954482680015118, -0.8613885959915304, 0.4802250448070552]",77.14739483148847,3.9869094420590834
"[0.3882750310027498, 0.7427650908633735, -0.7183134693011874, 0.534937435440317]",92.60040302469943,3.987789096798636
"[0.5620527902680719, 0.8548748832374254, -0.7085008486357901, 0.3799375727018875]",93.73537287680158,3.9879147617614294
"[0.2203380339872842, 1.1342910813136426, -0.8501272220151351, 0.4464060970288336]",92.74516362234584,3.9884174216126023
"[0.04156429852852777, 0.7642899053221884, -0.7360454449786442, 0.37724044838313886]",68.39889883178887,4.004188374443151
"[0.448643927860928, 0.8859710824050553, -0.7929083153581666, 0.5686280774500481]",64.55495637003428,4.004439704368738
"[0.2632856707771603, 0.7065558671782164, -0.7279994026356454, 0.532745242553278]",62.33341460662013,4.0047538667757205
"[0.4510707709587233, 1.037177251780085, -0.7036074622278802, 0.44664610240351676]",57.70487449675133,4.0051308616641
"[0.38968330527058065, 0.6777123438209128, -0.865309193492342, 0.5376858919787247]",56.44803886615015,4.005759186478066
"[0.5346153449755174, 0.8459961249270717, -0.6865462184423299, 0.41109315874259333]",64.50523128951805,4.006261846329239
"[0.39837559319588484, 1.009989141659294, -0.7971402180956962, 0.5546596081695844]",60.08351658751457,4.0063246788106355
"[0.12635182373135057, 0.769550746801376, -0.6265450539028111, 0.3564633815772795]",53.90229749331888,4.006827338661809
"[0.11215128325919461, 0.7507061148588834, -0.6692796539857291, 0.4127183709813011]",72.72169592673298,4.007329998512982
"[0.39005086928153615, 1.1300174714572553, -0.7172931105278022, 0.30881669383006916]",41.52498120424034,4.007958323326948
"[0.44837830611680096, 1.0858652932288302, -0.7026274097067265, 0.35436356145771725]",41.39614224713407,4.008021155808344
"[0.47257405563864074, 1.0493411579227432, -0.6959954399227447, 0.38776867889132743]",41.3416421322687,4.008083988289741
"[0.4837806347402097, 1.0160192500689156, -0.6930458385852816, 0.4174929546602077]",41.31741534093151,4.008146820771137
"[0.48710098046957134, 0.9839698308486169, -0.6935064901845728, 0.4460121901833886]",41.315567612424516,4.008209653252534
"[0.48446397522780993, 0.9514816005968134, -0.6984311371600542, 0.47487836362501307]",41.337206413572595,4.008272485733931
"[0.4764331255092912, 0.9159468116709224, -0.7109285443184599, 0.5057283875439783]",41.393063807045685,4.008335318215328
"[0.4623381354878875, 0.8697729177832009, -0.7423741116710658, 0.5415422196301073]",41.529548160549105,4.008398150696723
"[0.37952912817626266, 1.0138288219384353, -0.8361760338994468, 0.5663424158315542]",46.539607452722514,4.009089307992086
"[0.3647129288300969, 0.7390365643584902, -0.5845048250484676, 0.3207902681956048]",69.56501440831649,4.009340637917673
"[0.5233422293814476, 0.8353067518892906, -0.6807187560874276, 0.4218033633360165]",66.02361887583237,4.0100317952130355
"[0.3689779930890687, 0.6751985566371907, -0.857906281616866, 0.5424071589958863]",63.939395811631115,4.010283125138622
"[0.17403303590246424, 0.7505624132252261, -0.6226021060091571, 0.4074510114767555]",88.68370669457684,4.010785784989795
"[0.43342002684676495, 1.0610436799610388, -0.7078560660647504, 0.4383814619037956]",82.35479400612023,4.011602607247951
"[0.08574347644038655, 0.7863237635711353, -0.6486038491918368, 0.3216716002637774]",55.700301006027715,4.018011520350405
"[0.47785569968888886, 1.0847895319709044, -0.7243409404787545, 0.2791404898242304]",48.42491420378188,4.018137185313199
"[0.5284023270221719, 0.9220638605286652, -0.6888511640190851, 0.41533150974539146]",48.17494473953313,4.018200017794595
"[0.25659951024173955, 1.1014726858915878, -0.8897647463564491, 0.5052252870660685]",57.59612063817032,4.018514180201579
"[0.2659997141609666, 1.1585598572333875, -0.751862377677248, 0.3153093950970609]",65.2709040060139,4.019707997348114
"[0.23889291678432936, 1.1447236987526304, -0.8102275652638822, 0.4244177880334322]",49.6115998891204,4.019833662310907
"[0.08270748325101787, 0.7423846588403678, -0.7205643506089174, 0.42782022673909936]",80.30297898313471,4.021090311938839
"[0.27680447853941803, 1.1432474223994813, -0.7799026342128331, 0.4232590310707113]",50.849798020359415,4.021215976901632
"[0.5192571216474048, 0.6428688551304058, -0.8400704701100906, 0.33812887118281165]",89.73787586656454,4.024357600971463
"[0.4017617112595878, 0.9352486638363413, -1.0269669020431824, 0.5427972992591515]",75.38697071239406,4.024860260822636
"[0.26121912057999574, 1.1357167329121443, -0.8106147650410307, 0.4506396080013195]",58.41696402685045,4.024923093304032
"[0.14780791248968522, 0.7829285836917003, -0.6016011352782, 0.2964938319110358]",61.97806683721378,4.025048758266825
"[0.565350048759274, 0.988067088582297, -0.7448037881195169, 0.29929381961423446]",47.86183543588711,4.025237255711016
"[0.5769143756443513, 0.9316806803896689, -0.733041344363889, 0.3363737976491636]",47.73023658619089,4.025300088192412
"[0.5734999322779953, 0.8950219931180237, -0.7217765737435271, 0.35957566518957296]",47.65047714324224,4.025362920673809
"[0.5648310559896434, 0.8677472498339484, -0.7109218633019975, 0.3761868673683729]",47.59257801320252,4.025425753155205
"[0.5536693505217735, 0.8463893300937622, -0.7005133353811245, 0.38872451988448753]",47.54794856348491,4.0254885856366025
"[0.5411590658446711, 0.829223185176384, -0.69059243595552, 0.39854529651479376]",47.51304498865701,4.025551418117998
"[0.5278193184352367, 0.8152355333432851, -0.6812067892501605, 0.40658717995099214]",47.486455039069924,4.025614250599395
"[0.5138151566244235, 0.8037665412163683, -0.6724202258722836, 0.41368354285035064]",47.46822092402393,4.025677083080792
"[0.49897408981298347, 0.7943632125344007, -0.6643620148756642, 0.42085412488684937]",47.46032584209748,4.0257399155621885
"[0.48241311927202746, 0.7866880856799306, -0.6574304271876199, 0.43007374682081717]",47.46987619680038,4.025802748043585
"[0.4584117178693065, 0.7800433165055085, -0.654642163778369, 0.4510957780793033]",47.542350452768304,4.0258655805249814
"[0.4357178732552918, 0.7034955556120711, -0.6354073955096075, 0.25550234173040526]",46.776756644170455,4.026493905338947
"[0.4311273739242278, 0.6951320391289094, -0.6441453461692789, 0.23389168163429414]",46.723599612446826,4.026556737820345
"[0.42525550864023876, 0.6904538644752218, -0.6495919432448186, 0.21850000430238045]",46.6919458176386,4.026619570301741
"[0.3843238095492675, 0.7368935342236586, -0.5910664962604005, 0.32473973686246443]",47.02066154640694,4.026682402783138
"[0.3765890373723356, 0.7374173180972545, -0.5882991115835491, 0.32149851786991035]",47.019462541679395,4.026745235264534
"[0.36954119738596464, 0.737848020870421, -0.5859596058090093, 0.317254830622918]",47.015830607468565,4.026808067745931
"[0.36311565278301783, 0.7382202281870485, -0.5840065141567524, 0.3121489652835087]",47.010266673080594,4.026870900227327
"[0.35728671514323, 0.7385380649798321, -0.5824298552807218, 0.3062270042150156]",47.00297080182295,4.0269337327087245
"[0.3520566619174936, 0.7387852563764359, -0.5812451986350724, 0.2994674657924309]",46.99394236000197,4.026996565190121
"[0.34745298913313344, 0.7389262261729563, -0.5804969995819422, 0.29178152895050147]",46.98299999620892,4.0270593976715165
"[0.3435362552840538, 0.7388993652548821, -0.5802731857325736, 0.28299309898712754]",46.96974193412641,4.027122230152914
"[0.34042005019546, 0.7385967579567907, -0.5807415699473493, 0.27277328672167495]",46.953395505585064,4.02718506263431
"[0.3383337958679829, 0.7378036728833604, -0.5822551567674052, 0.26045060396195546]",46.93236206050885,4.027247895115707
"[0.3378828626356981, 0.7359429346257267, -0.5857919463841393, 0.24420887803985114]",46.9022747357891,4.027310727597103
"[0.38640898223484355, 0.7461203047310713, -0.6015903461958487, 0.39072130581213893]",58.16664006235021,4.027876219929674
"[0.5965329073674652, 0.9178523248203083, -0.7705145491246846, 0.31612084818811204]",86.68962346401784,4.028001884892466
"[0.31913495631451144, 1.1010685695453277, -0.8039250578181729, 0.5013258818602603]",68.40120083444272,4.02812754985526
"[0.3108096634917351, 1.0790484147289792, -0.8570642718501786, 0.5332896184954988]",59.42335067432593,4.029007204594812
"[0.5627633447643648, 0.7228692486020242, -0.8703595699760889, 0.4021907769079732]",89.14662414219045,4.029132869557605
"[0.432586470095084, 0.9186437912447495, -0.8282157927838028, 0.579682975107144]",60.52744255604023,4.029195702039002
"[0.27670814975899655, 0.7202201215759091, -0.6848860399743871, 0.5130418744541335]",78.24961737631877,4.0293213670017956
"[0.27740662159140017, 0.7286495717603176, -0.6552771298217441, 0.4902697691424222]",55.74438733875437,4.030263854222745
"[0.3249128599796549, 0.7374183520218669, -0.6400004909837124, 0.4781917911633325]",47.37969068778807,4.030326686704141
"[0.4375691145411569, 0.6447883470471018, -0.9116432983528956, 0.4733433331446675]",67.39102765710676,4.030640849111124
"[0.17564303652411756, 1.1270034185245072, -0.89087592011781, 0.42573095599476934]",57.001238639638345,4.031394838887883
"[0.3449420876736182, 1.0048381638240242, -0.9564740182584465, 0.5655753650952241]",49.483212554702966,4.032337326108832
"[0.05636636479607155, 0.7950133201430046, -0.6776085486202627, 0.3099511036704491]",54.72936863462667,4.032902818441402
"[0.206166366507634, 0.7422374654102192, -0.6248354340857297, 0.4330383179967446]",60.23927356683811,4.032965650922798
"[0.4531235924308928, 1.0399946324287483, -0.7017322268764943, 0.43890869284340306]",57.030762191859466,4.033468310773971
"[0.20468613384684833, 1.0375885767995638, -1.0814283359224082, 0.4228125458179538]",56.586515985115916,4.033782473180954
"[0.4174395549309642, 0.9202472180159311, -1.026567941603791, 0.5397791470282287]",79.4521464864728,4.033908138143748
"[0.4246698510578919, 0.9525328030142916, -0.8053848730100857, 0.5707334928358422]",67.72334372051746,4.03441079799492
"[0.4581465782524962, 0.9845009740908885, -0.7149268418764697, 0.4952496443452252]",63.6028969580346,4.034536462957714
"[0.3507071392437347, 0.5941222224990305, -0.9745615570959972, 0.40824670646685135]",77.03160247105893,4.0347877928833
"[0.2714199090675125, 1.0915062312763975, -0.8923699462230557, 0.5182831645352758]",89.90982907762877,4.0348506253646965
"[0.3135297410326179, 0.7018259757369235, -0.76207083391868, 0.5490962491497574]",68.31766720962806,4.0349762903274895
"[0.029814502428451687, 0.7452579807808211, -0.8148195655253258, 0.3989595299668508]",74.02932797655517,4.035793112585646
"[0.20089081654166818, 0.7002574676958723, -0.7549977531011072, 0.524435340138088]",74.32565975824316,4.035855945067042
"[0.38031589421628853, 1.0117297204239686, -0.8379115667511493, 0.567449474510816]",81.29157600931678,4.036484269881009
"[0.3727270688095954, 0.7429178132651288, -0.6790292002211348, 0.5111580319850625]",91.55183796979516,4.036986929732181
"[0.04199426057371828, 0.7445153342513388, -0.7838228891758359, 0.4091379311567693]",80.366140785517,4.037175427176371
"[0.018927596697565878, 0.7764623764806377, -0.7636475866541798, 0.349955488203141]",80.30025929009321,4.0372382596577685
"[0.0165187491034959, 0.7824508215149534, -0.7605524911957768, 0.33910414682227097]",80.25320481228586,4.038055081915924
"[0.047843921671099125, 0.7410678835636354, -0.7815819624802143, 0.41692833498667503]",80.34293648428688,4.038117914397321
"[0.23456588352871985, 0.7623931792837153, -0.5746894320776487, 0.3101039614168996]",90.8498067606493,4.038243579360113
"[0.25070872915362435, 0.6948875784411584, -0.7647395568779184, 0.540880452863136]",74.2892292169079,4.03962589395084
"[0.08749347911749726, 0.7128169939086443, -0.8101892619750924, 0.46807881185200206]",73.98425176908117,4.039688726432235
"[0.597436381303145, 0.8924467540245276, -0.7663874691193305, 0.3300964001909447]",79.65547002688078,4.0400028888392185
"[0.4531487204903693, 0.8381072558137014, -0.8379625918185564, 0.5738220681585298]",70.266707030355,4.040128553802012
"[0.5861843282306632, 0.8726392334791783, -0.7416532295631453, 0.35085616787964186]",73.04917145260427,4.040631213653184
"[0.2368122577361546, 0.74947502279121, -0.5951657514083878, 0.3951754518384497]",81.85397768561562,4.040819711097375
"[0.3975820589107132, 1.1068145862461274, -0.7133917485732252, 0.39592329584122066]",63.43329315006398,4.0413223709485475
"[0.41755007044879966, 0.6636249167026824, -0.8944979604142725, 0.510725739494515]",66.34721967775691,4.042013528243911
"[0.28258301830819305, 0.6495685541908225, -0.8954604673683452, 0.5279838986519868]",65.29143050505222,4.042264858169497
"[0.2979941574204629, 1.0138744793589083, -1.0489279687016462, 0.5113841980707831]",56.132750617095205,4.042453355613686
"[0.1877849604106069, 0.7292072252009688, -0.6680766174612541, 0.4717697554641966]",54.44246189044644,4.0438356702044125
"[0.3614954304522271, 0.7071707551599253, -0.7862938511270621, 0.5542172145129423]",98.655456733526,4.043898502685808
"[0.21475214863472541, 0.7219456772947584, -0.6801323899999909, 0.49343635562731825]",81.36660189083126,4.044149832611395
"[0.1317077521403128, 1.116238904640006, -0.9124001345840963, 0.38318838646828746]",48.798683088257896,4.044778157425361
"[0.27970590715188326, 1.1030289053043933, -0.8562317791440331, 0.5081383553772745]",48.56234319766832,4.044840989906757
"[0.36117773034833023, 1.0131828856179619, -0.8863130148880813, 0.5723790992083477]",48.60681384709145,4.044903822388155
"[0.4724814369373789, 0.9076350715208339, -0.7175403033178003, 0.5155712513353857]",91.9431178540532,4.044966654869551
"[0.3900771848697704, 0.669957717848971, -0.8764098768260539, 0.5309452879309192]",59.668342437637,4.045343649757931
"[0.42500481462759326, 0.9612797430498341, -0.7930102591533742, 0.5645169102827737]",49.558362357531,4.046160472016086
"[0.46038750940939477, 0.6590580546458504, -0.9051970232610148, 0.47293336127994196]",53.386075523093346,4.046223304497484
"[0.5251540285603403, 0.6673950415355112, -0.766842536355571, 0.3037949208815252]",55.171584181585665,4.046411801941673
"[0.28162700742712, 0.7271826398694395, -0.6615297153639381, 0.4963838931017153]",56.10974619130351,4.047102959237036
"[0.36803983034868143, 1.1381717047656086, -0.7206798795095903, 0.3134777936495122]",49.063471278235525,4.047165791718433
"[0.5138511708219144, 0.8937813158521598, -0.6860072744620639, 0.445226578829972]",67.82696881049701,4.047856949013795
"[0.5417450395166242, 0.6881551038060811, -0.8680896904466247, 0.399585294975168]",67.3491001120608,4.048045446457985
"[0.41336936369290755, 0.7033656434848036, -0.8479453100025853, 0.5456874029411448]",76.24633138888547,4.0481711114207775
"[0.39096610579107643, 0.949379600509957, -0.9842716308252586, 0.5660734396291031]",68.94697778761117,4.048485273827761
"[0.2888134381265145, 1.0945781513728097, -0.8606709023579109, 0.5181967729315268]",52.207815524670615,4.048987933678934
"[0.2992123455612604, 0.7211625191981695, -0.6901943503101993, 0.5193115703832529]",58.28635927926403,4.049176431123124
"[0.1593444038960538, 0.7153969936955831, -0.7253516911861942, 0.4942626879834887]",71.48257761367296,4.049993253381279
"[0.315823677501315, 1.14387140309253, -0.7435271056052004, 0.3868641401385754]",79.78094349654857,4.05018175082547
"[0.4385477572085079, 1.0541911875930832, -0.7067254817758896, 0.4414980269270301]",67.27935339724912,4.050495913232453
"[0.27057801526286845, 0.6667939298393337, -0.8504770508326142, 0.5433092997077471]",58.77691255605802,4.051061405565022
"[0.4131699975595099, 1.1048474859978876, -0.7078477668674252, 0.3716686812978214]",76.45094076499028,4.051501232934799
"[0.26129310861349236, 0.7384166325685498, -0.6205874174059435, 0.4482496978426332]",51.016296987641475,4.051564065416195
"[0.47311916069254806, 0.9888567120074566, -0.70033145167093, 0.46579427057150213]",63.28567383862681,4.051626897897592
"[0.34797782447236514, 1.0778779626720199, -0.7966915144579173, 0.5191105507330511]",53.12727430850278,4.051689730378988
"[0.22970677230163358, 1.1127140372007063, -0.8934415703733388, 0.4828986989908083]",61.37490694595182,4.052066725267368
"[0.5658051897686304, 0.9046978904568769, -0.7129390898851464, 0.3664576584252235]",51.560601241354114,4.052255222711558
"[0.37289539982270004, 0.686113569408324, -0.8409114709980866, 0.5483692471223248]",85.81271807288994,4.0530720449697135
"[0.4873462819193946, 0.8618617084463785, -0.6945243836899283, 0.488338616323507]",52.26638216424028,4.053763202265077
"[0.4829380930156436, 0.6667621769975272, -0.7099236562253968, 0.2504009578390772]",65.29413988698009,4.053826034746472
"[0.23611153718253308, 1.1446267968520203, -0.8126207735243778, 0.42428786572473703]",74.58183168848004,4.05388886722787
"[0.4826844507581919, 0.8740648880434387, -0.702307385839432, 0.49939450530088897]",51.87654824579969,4.056276501520941
"[0.46519325363937636, 0.8244935338184594, -0.7078897050788766, 0.5144280614193714]",51.68047488217897,4.056590663927923
"[0.29171435047183697, 1.1487485942171693, -0.7561654646164974, 0.38904908404611055]",55.05979604227354,4.057281821223286
"[0.32238011642188863, 1.0382721728432158, -0.923833047672875, 0.5578535577528903]",54.7580169661829,4.057470318667476
"[0.46310778562963606, 0.8932532017216196, -0.7380156551355503, 0.5372087720497267]",45.579437865738626,4.058098643481443
"[0.4746845188810999, 0.9541216415292393, -0.706264981756169, 0.49026554946137624]",45.455584450176346,4.058161475962839
"[0.4746858014843319, 1.0036413163349505, -0.6969064345148781, 0.4481401552782661]",45.425171798342475,4.0582243084442355
"[0.46091666503872325, 1.0514835734997654, -0.6973457871931635, 0.4061050476899063]",45.444102948082815,4.058287140925633
"[0.42327873887478346, 1.1022811119215916, -0.7061594887351966, 0.35855324175085873]",45.519851086177844,4.0583499734070285
"[0.25683193483050143, 1.14998918039953, -0.7831327994351257, 0.4031014445301577]",55.21912456822248,4.058412805888425
"[0.418823848660142, 1.0087911441801947, -0.7573952570108001, 0.5317289959646648]",63.48474420129013,4.058601303332615
"[0.278304174523971, 0.7271406245243446, -0.6608738274472046, 0.49532828769313136]",52.67487480179287,4.059292460627978
"[0.2800140250913521, 0.6892993644356548, -0.7859347171038747, 0.5489055036154833]",84.10966219034033,4.059732287997754
"[0.45312824006786595, 0.8504972865456323, -0.791597024447618, 0.566028261690428]",55.237732793286334,4.060109282886134
"[0.41580968769552795, 1.1172812616842396, -0.7133386203989281, 0.3120563794849826]",61.72517036253139,4.060423445293117
"[0.14111927748107458, 0.7429472410987609, -0.6612547653457383, 0.43295738984797627]",64.88142761753204,4.060486277774514
"[0.33896585512277744, 0.9911145506245378, -1.025906074809409, 0.5393168161871884]",54.459214592972074,4.0607376077001
"[0.15011373972262912, 1.061689544235944, -1.037905608873687, 0.3985233384529568]",54.553643450236265,4.060800440181496
"[0.1911147814883686, 0.6766334134547672, -0.8435465896833566, 0.5275288687293215]",59.60546102493445,4.0609889376256865
"[0.5196393759056404, 0.670724167485055, -0.8844281839394519, 0.4152272074393861]",57.97082169897212,4.061051770107083
"[0.39744686130800977, 0.6579814736166273, -0.8942389217287818, 0.5154665397381559]",64.67891806752183,4.061805759883843
"[0.29775862528276237, 0.7137901713798569, -0.7151530808904875, 0.5325015106159161]",59.92027078558747,4.061868592365239
"[0.14906196169398161, 0.7285725462429815, -0.6924210117265763, 0.46788667488588404]",59.655589709495324,4.061931424846636
"[0.36644137765537554, 1.0978003991679268, -0.7461272597389913, 0.46580208051981375]",84.24579382943612,4.062622582141998
"[0.20668838280636484, 1.0358091644277934, -1.0843861462524524, 0.42159359714773775]",80.13638149121577,4.062811079586188
"[0.12261745333638617, 0.7358983044496307, -0.6938581143102319, 0.44819174940914863]",59.650555922195,4.063188074474567
"[0.23456956558454872, 0.715663389891074, -0.6968419129412765, 0.5109195805425806]",59.78572371463682,4.063250906955965
"[0.3504835953058578, 0.7150866353482712, -0.7529669365474012, 0.5487703313781166]",60.23509975312598,4.063313739437361
"[0.17851622629709651, 0.658994052400073, -0.9271949962941024, 0.49656549346990075]",63.8335447753932,4.063376571918758
"[0.16184290804079135, 0.6814834704138528, -0.84733464618262, 0.5156560881345289]",59.60615730240375,4.064758886509483
"[0.3526906864137877, 0.6085577634563522, -0.9564035194948467, 0.45088373653167624]",85.57976215108424,4.0649473839536725
"[0.24821535348422002, 0.732191411644207, -0.6420140952282954, 0.4709553935154084]",64.07756360132069,4.065073048916466
"[0.15801485043366426, 1.064163243016196, -1.0348543795413576, 0.409901732980265]",54.60511641440236,4.065198713879259
"[0.23667525455584176, 1.0649514579312604, -0.9985401789765869, 0.4971249247350097]",54.46637672739857,4.065261546360656
"[0.3067140975304538, 1.0201588656166494, -1.0100310757421833, 0.5354998158852116]",54.48593429260959,4.065324378842052
"[0.17015128879077496, 1.1327450811163489, -0.8754455559524743, 0.40913838304829786]",77.34790655870903,4.066078368618812
"[0.4087368428826212, 0.9908563388078955, -0.7982840206299741, 0.5607769960510552]",86.69428018283767,4.0661412011002085
"[0.5534603828988439, 0.9722749553798936, -0.7151224004576033, 0.3411964886061647]",83.56834412155422,4.073052774053836
"[0.5723402208572689, 0.9200496204041134, -0.7232512117524876, 0.35027641804732096]",65.33516417356905,4.073115606535231
"[0.38470929262223663, 0.9494105547132295, -1.072629530577378, 0.5078123844725125]",54.72557664887634,4.073681098867802
"[0.2704152243849134, 1.0477442961747274, -0.9988999517951522, 0.5201075639118332]",54.49872684909431,4.073743931349198
"[0.1656935092607353, 1.0678981654747748, -1.028140988555562, 0.4221789335652325]",54.618329905014015,4.073806763830595
"[0.5590484019651125, 0.8360356376158259, -0.7068811346748861, 0.3816556242647311]",70.26147302312566,4.074058093756181
"[0.15421687426172853, 0.682963905856817, -0.8486530820052242, 0.5119763445822781]",59.63465997241292,4.074120926237578
"[0.39859090650054024, 0.7551758228723838, -0.6482105853983026, 0.47478246038558186]",89.1938947726608,4.074183758718974
"[0.3397700970256786, 0.5902313985309567, -0.9853951037768557, 0.39003821839935854]",57.317839870178446,4.074246591200372
"[0.6040225077395674, 0.880471025473308, -0.7848667366523258, 0.3278371972566583]",59.63520571224311,4.075000580977131
"[0.3215579289672488, 0.7142261049735547, -0.7287693309139668, 0.5401103892782262]",60.10178805005633,4.075063413458527
"[0.11531674778193396, 0.7383888685611258, -0.6942765224420985, 0.4417862228285782]",59.6989604088477,4.075126245939924
"[0.4685943393584397, 0.6860105906810822, -0.897597981662535, 0.4953811355422662]",98.34604590795787,4.07594306819808
"[0.2924061602498632, 0.7137569402742819, -0.7127360692309015, 0.5307791769857907]",59.96487796239211,4.076131565642269
"[0.3643259022999132, 0.7073968074218159, -0.7886624382923768, 0.5543896976679672]",79.9247595209631,4.077074052863218
"[0.5750238314932882, 0.8053974690574278, -0.7372782718214457, 0.3641117902791142]",52.441790028815085,4.077513880232995
"[0.46321092719778, 1.04656621102425, -0.6969258192069684, 0.4103292375581649]",45.529836419689346,4.0780165400841675
"[0.4739540514375163, 0.9475112047668061, -0.7084006532498239, 0.49558755135651494]",45.554497905650095,4.078079372565565
"[0.11596835997977956, 0.7204154300738638, -0.7453714279713954, 0.47427767828376444]",84.22729852981033,4.078456367453945
"[0.5276898946875124, 0.8071223056058603, -0.6807884546974107, 0.4018577909395496]",67.4446872043457,4.07851919993534
"[0.26160078168936507, 0.7433256014856588, -0.6047944212664474, 0.42340434482487616]",50.64073793179681,4.078770529860927
"[0.4873131899891687, 1.0743479632551154, -0.719515473345545, 0.29290631587546784]",52.47633589841952,4.080027179488859
"[0.18180095123033058, 1.1491335807533913, -0.8176990435221143, 0.3595256911514775]",54.98341170105198,4.080404174377239
"[0.3673986487897297, 0.7159777178166876, -0.7701550539618869, 0.5524915644173946]",67.46748325200221,4.080592671821429
"[0.49724029114311113, 0.8155755566137098, -0.6720523858562352, 0.44465665828456324]",51.63931991387565,4.080655504302825
"[0.46080213417109606, 0.8371693036084149, -0.906137602389035, 0.5677704439473439]",54.79073368789928,4.081032499191205
"[0.4986633716628585, 0.7226785809116713, -0.9058042338274558, 0.49596478717421755]",73.6798388518443,4.081472326560982
"[0.5273318101058286, 1.0204968008676347, -0.7121112271789057, 0.3277355698880905]",65.60848165702996,4.081974986412154
"[0.5510631378733939, 0.9838507140007073, -0.7176954157291897, 0.3329045850473012]",57.06405120370638,4.08279180867031
"[0.436889579828354, 0.7160296425543882, -0.8586048406885586, 0.542296202592557]",56.205135861612064,4.083357301002879
"[0.46089249367632096, 1.0199841438425805, -0.7016703046646722, 0.45296311068901496]",56.81036235809827,4.083608630928466
"[0.30845755695418914, 1.0059473574963045, -1.0538219621819782, 0.5123270337330161]",56.337297177515765,4.083734295891259
"[0.3239417329092202, 0.703060000830242, -0.7650954091614773, 0.5503641488925275]",68.35091638635754,4.084174123261036
"[0.47464673920316425, 0.9582580669880024, -0.7054374421718496, 0.48762504872536194]",83.8946617109201,4.0846139506308115
"[0.20627546018413673, 0.7380358559594192, -0.6357135515028927, 0.4476171974483086]",85.25928214901778,4.084928113037795
"[0.575685573951988, 0.8621839276806543, -0.7252297903997331, 0.3644926556107914]",82.07224085913623,4.085053778000589
"[0.12251661846363049, 0.69326562623258, -0.841690156662202, 0.49509357828013323]",61.637547605060874,4.085619270333158
"[0.21625732632036365, 0.7218346588030905, -0.6800996671584744, 0.49397890124133287]",55.212014656072625,4.085807767777347
"[0.3730651335158668, 0.7172786568436471, -0.6094188648858638, 0.21821384143184772]",47.05476478317153,4.086750254998297
"[0.41557417793591717, 0.7129667059786832, -0.617921324395641, 0.25925677711470724]",47.082260020489585,4.086813087479693
"[0.3385199247434745, 1.079740345975274, -0.8091666493969937, 0.5227312751537899]",54.011738662113586,4.0868759199610905
"[0.49698054809519504, 0.7959337619337673, -0.6643454049707841, 0.4249440014299142]",47.74852179572079,4.086938752442486
"[0.573910550513243, 0.9559261932608732, -0.7378531598778942, 0.3215112589359048]",48.0525207567513,4.0870015849238825
"[0.44937065827357225, 0.915937596390359, -0.7657390633741653, 0.5552250563782964]",71.89442072324381,4.087127249886676
"[0.3966922517310626, 0.6248778391786809, -0.9286246636727111, 0.46905559204394454]",53.62506713288679,4.08744141229366
"[0.3587314232595216, 1.085393871885945, -0.7701051619504141, 0.4980590879793531]",51.035493037471234,4.087504244775056
"[0.26358524824002, 1.1382841761730806, -0.802839286823167, 0.44337587431312336]",49.85796370829933,4.087692742219246
"[0.08680087989643467, 0.7168906127618213, -0.7949878352913501, 0.46510182662909155]",81.82423044734261,4.087755574700642
"[0.2930137933252972, 1.0344242570399784, -0.9962838121646538, 0.5337215569535269]",50.64108522798536,4.088949391847178
"[0.18993251522968266, 0.7131034522541576, -0.7164722187248274, 0.5052653657464651]",62.48794693664416,4.089012224328575
"[0.18080912634890278, 0.7259056292046454, -0.6809839444120163, 0.47866069160089897]",81.51323194977022,4.089891879068127
"[0.4267739735349037, 0.6376168141157267, -0.9163062165079743, 0.4709670017037849]",46.0679820150478,4.090520203882093
"[0.3650716733241027, 1.0613388710661622, -0.7921487755436265, 0.5283868880408007]",42.47555042320686,4.09058303636349
"[0.5765349858345249, 0.9354740466030866, -0.7336276264860772, 0.33429455039217965]",69.71853701358995,4.091148528696059
"[0.5024523577427656, 0.7980400739193477, -0.6666072101600632, 0.42092734107356344]",53.24297466899289,4.091588356065835
"[0.4096655053832379, 0.9451550301121914, -0.8819723769628488, 0.5854079067102321]",55.85322723265151,4.091714021028629
"[0.42213267325174875, 1.1135146803935503, -0.7122872323821315, 0.314044313502471]",66.50441363154833,4.091776853510025
"[0.35598899310586124, 0.7310806873211562, -0.7051807356814084, 0.5297480117268941]",54.609178013991176,4.091965350954215
"[0.5305109896487504, 0.8413198456164029, -0.6842345202234194, 0.41491907457364935]",61.7981252273233,4.092782173212371
"[0.3089123362674175, 1.0233239707822177, -0.9953986968703084, 0.5417442494017676]",95.97285966247503,4.092907838175164
"[0.4578527552228846, 0.8542643531026824, -0.7583248992907297, 0.5516839023203632]",52.817837574268296,4.093096335619354
"[0.5430700310551918, 0.8310401498794558, -0.692042687862552, 0.3970721719777444]",46.91710205271518,4.095106975024045
"[0.3424396530752565, 0.7402294817323835, -0.5790833842730766, 0.2937919986576798]",46.39409799988433,4.095169807505442
"[0.20310651241965996, 1.1454564100326239, -0.8301075131381718, 0.4060182528774094]",49.445086466582566,4.095295472468235
"[0.47853684050490036, 0.793110158695146, -0.6618026480035859, 0.44526193457809526]",65.96793753243318,4.0961122947263915
"[0.4771880976579681, 0.9143966204970085, -0.7101413930959268, 0.5048530660102195]",59.30459733632221,4.0962379596891845
"[0.37643685501645696, 0.5943029923962307, -0.9612346918930955, 0.4061109315877142]",89.29888138184513,4.096300792170581
"[0.1573165406730609, 1.119547939988076, -0.9120949228557406, 0.4150884593863015]",53.73764637020944,4.096426457133375
"[0.5630073864391085, 0.8690434116197436, -0.7088698152593745, 0.37823124249631]",55.53842815531698,4.1000707410543775
"[0.1219594378614833, 0.7007795602700845, -0.8102315480220739, 0.4946340543013911]",76.71399521947883,4.1001964060171705
"[0.4769205782115651, 0.8317806014677256, -0.6930461624256609, 0.49391901551554085]",43.83776551213293,4.100322070979964
"[0.5490418014723423, 0.9533642219224236, -0.7044569374613157, 0.3651593635302323]",43.715559057253245,4.100384903461361
"[0.31135850311103597, 1.020770352566376, -0.9975420430667895, 0.5421329362673093]",53.31376473812107,4.10057340090555
"[0.3201323114189996, 1.102512702657368, -0.8001249700714982, 0.4983067834068301]",45.77757343288069,4.1015158881264995
"[0.3908354878664637, 0.9976112258745942, -0.8350129571748937, 0.571057768241772]",45.71943599385106,4.102521207828846
"[0.3979562202750284, 0.9795240894875658, -0.8473649134394842, 0.5778028317947502]",45.754539829029184,4.102584040310242
"[0.06852805677128405, 0.7070028773043905, -0.8873907323855466, 0.4437918575705536]",76.46694492631124,4.103086700161415
"[0.5153861856591467, 0.8556759581862221, -0.6818084740039981, 0.43987781377074187]",53.26718989952487,4.103526527531191
"[0.3240880227610608, 0.7255577542272522, -0.6906421408063521, 0.5211997234503277]",43.397444385363656,4.141288848850554
"[0.2815733521836967, 0.724438084862634, -0.6713784804065215, 0.5042695890001698]",43.26629444013407,4.141351681331951
"[0.10671107535046669, 0.7580992557171891, -0.6606442555204974, 0.3938611853162645]",43.057417156523066,4.141603011257537
"[0.07186812659446207, 0.7945566195500073, -0.6590986090127025, 0.305418747274688]",42.9500446048377,4.1416658437389335
"[0.04582822576055219, 0.740376471944326, -0.7883412589639431, 0.4165084921836942]",86.90760583576802,4.1417915087017265
"[0.560988782171326, 0.9840994440185187, -0.7327767600945174, 0.3137177096604146]",69.05079985185773,4.142357001034296
"[0.12644315193675157, 0.7692772480795355, -0.6267897558906216, 0.35730723893954247]",48.459407187989875,4.142922493366865
"[0.43158195881356487, 1.0298954706557626, -0.7237122350020744, 0.488625956033372]",78.17166947251701,4.149017244062336
"[0.3855171945454543, 1.0441613061789072, -0.7789954306505947, 0.5310415406188101]",54.506003375158215,4.150022563764683
"[0.5539642757565265, 0.8511865642412784, -0.700551057691738, 0.3888830482469486]",56.4973971384593,4.151153548429821
"[0.46563027229435305, 0.9401749404413702, -0.7206988092610783, 0.5143563389254143]",45.513401678626465,4.151404878355407
"[0.4146955067104104, 1.1028613232124687, -0.7074845164157982, 0.37495648765441425]",45.534677665050474,4.151467710836805
"[0.48119930393784793, 1.0330135890912628, -0.6940779091435404, 0.39856884551973093]",53.01129893797795,4.152158868132168
"[0.13848077291398073, 0.7312058477948252, -0.6930045101544704, 0.46062066172127947]",77.10011554401264,4.15228453309496
"[0.43189930567732426, 0.9495791618447715, -0.7868731705839376, 0.5633557796123126]",54.15769108386483,4.153666847685686
"[0.09176541194235932, 0.7745819871147914, -0.6525166580193071, 0.35186977314434725]",66.91019762911841,4.153981010092669
"[0.3657613175692102, 0.9638415316298119, -1.0642700472703999, 0.5163481351295252]",45.106619958537614,4.155928817015964
"[0.3240594665939621, 1.0014354488769588, -1.0306554946802529, 0.5323406871963927]",44.9986936258585,4.15599164949736
"[0.29102193427427175, 1.0293893430875956, -1.0144936514552518, 0.5262494134903724]",44.95538516777985,4.1560544819787575
"[0.25945583647941334, 1.0501469995140418, -1.0083461409793797, 0.5102384754384628]",44.9437724675609,4.156117314460154
"[0.22710105724724702, 1.0637200625030985, -1.0106082087181374, 0.4862750079241652]",44.958038456392266,4.15618014694155
"[0.19285235741355222, 1.0681204160437645, -1.0222842079541237, 0.4525128677441033]",45.0033401115337,4.156242979422947
"[0.15701719586081397, 1.0559182300688386, -1.04957503708338, 0.39902607920160416]",45.10949539428437,4.1563058119043435
"[0.5863805275671583, 0.855823520278741, -0.7438364763989729, 0.3543321362333761]",54.52345136935234,4.156619974311327
"[0.32889532839651286, 0.6646291622613356, -0.8625528415234642, 0.5420589911748086]",78.7925360776194,4.157059801681102
"[0.018477487827184252, 0.7468133827291473, -0.861495691514246, 0.380703475034031]",49.79738450392296,4.157248299125293
"[0.145423629186512, 0.6852720581443971, -0.8482670819412905, 0.5076511874066142]",50.04295006796678,4.15731113160669
"[0.2588860714355608, 0.6716859401375591, -0.8369976555071909, 0.5443342128671176]",50.31593050653603,4.157373964088086
"[0.403735760795694, 0.6809450074354618, -0.8692574811818098, 0.5344646934937995]",51.126996889880836,4.157436796569482
"[0.2480674421858894, 0.6515098540120827, -0.9002715558294448, 0.5238599772510788]",54.07608692072491,4.157499629050879
"[0.5400462552888687, 0.6915521522305643, -0.8753175088929459, 0.4088601699275822]",48.651777661188255,4.157625294013672
"[0.4143189282396453, 0.6016357254417718, -0.9393927869043333, 0.40791898686578454]",47.99289694781074,4.157688126495069
"[0.44108178031142853, 0.6935039752175363, -0.8807173011501812, 0.5238670053875438]",73.34158454479079,4.159573100936967
"[0.5383312649130928, 0.9054884307581379, -0.6912955688750241, 0.40540570411286025]",68.32466191239713,4.159698765899761
"[0.5705427120873585, 0.7425754100870898, -0.7746412676366722, 0.35670696300338917]",49.51495957254202,4.159761598381157
"[0.4333280169303578, 0.7112155381742267, -0.8593078237845969, 0.5412725005675364]",51.69470893262841,4.159824430862553
"[0.3096780727368424, 0.7131851888646364, -0.7239254143915002, 0.5373895461596729]",50.485366250571225,4.1598872633439505
"[0.2137196656832054, 0.7168853417901787, -0.6964313557491704, 0.5038401449409147]",50.244592674058964,4.159950095825347
"[0.1146969719384578, 0.7377606295817062, -0.6964646303613118, 0.4430387346353827]",50.13424135184899,4.1600129283067435
"[0.2355996656276506, 0.6945622703811167, -0.7663283809260394, 0.537725670573065]",95.90371936072614,4.163845709671937
"[0.4085965040214803, 1.1140981074450684, -0.7097433829598695, 0.34735676276739097]",59.899101903029454,4.164285537041713
"[0.45743448612899307, 0.9095280287815946, -0.747100122418858, 0.5432666883232788]",52.404014835944615,4.164474034485903
"[0.4140520478830898, 1.095777476104749, -0.7085256004371003, 0.3969532236892965]",52.34840929482985,4.1645368669673
"[0.18989623933856412, 0.6444363693897436, -0.9817035225225195, 0.4593550581859709]",55.4230068869918,4.164662531930093
"[0.4014998348171218, 1.0960518713544671, -0.7153152803348163, 0.4186257410478831]",52.45677723969097,4.164725364411489
"[0.4450912757665153, 0.9656978883213173, -0.742969590682949, 0.5321016682073247]",52.51625062710593,4.164788196892886
"[0.38231543732333917, 0.5893590947284189, -0.9613736415507353, 0.387112776137872]",74.66567553064495,4.1651651917812655
"[0.12113398008169134, 0.7982650313233557, -0.6168779799500776, 0.2633797864667675]",90.4464030857858,4.165228024262662
"[0.30744332142616904, 0.7312051426085749, -0.6563637619433278, 0.4944481681145559]",61.29599184489382,4.166924501260371
"[0.07394652525696899, 0.7124522268574445, -0.8385941134591116, 0.45672469555318546]",56.53478587357057,4.167364328630146
"[0.21654234864930197, 0.6807841268475655, -0.8164669840938544, 0.5372012917072523]",56.79045056803374,4.167427161111544
"[0.35778994116398405, 0.6816316504000534, -0.8397412513300714, 0.5489345491144921]",57.39591835095966,4.16748999359294
"[0.45859325916018795, 0.6804825118489728, -0.8966021384375971, 0.4987135543920515]",61.86903389113681,4.167552826074337
"[0.5100522150576147, 0.6452950889858633, -0.8769168728383876, 0.3838902317326522]",55.166760547529,4.16767849103713
"[0.46860017631473194, 0.9934557475944017, -0.7025718091212316, 0.4691697680284295]",67.11157929714038,4.1678041559999235
"[0.528243710212283, 0.6543080339655034, -0.8364770554740297, 0.34698360541306195]",55.49902625989573,4.168181150888302
"[0.09530459159243249, 0.6896936880757056, -0.9221814855775509, 0.4544454929407726]",64.13705063240451,4.168243983369699
"[0.3401567218481567, 0.7055974681929525, -0.7703617583374969, 0.5519896468350718]",57.252804917576505,4.168306815851096
"[0.22254062463738866, 0.7085126443301326, -0.721852768483376, 0.5200091521002488]",56.82104810889683,4.168369648332493
"[0.09462530098661692, 0.7367460910511936, -0.7205104720656315, 0.44118603667236467]",56.66071952313653,4.168432480813889
"[0.2472913541249444, 0.7234778019589376, -0.670493563671562, 0.49664505934776465]",67.9464674849519,4.1704431202185805
"[0.19932081850815755, 1.0395898108267305, -1.0788079456994464, 0.4202609199963927]",73.54351916960641,4.17082011510696
"[0.31891844815124354, 0.7198690849439121, -0.7074243902109111, 0.5304910871942403]",73.76139059051171,4.17119710999534
"[0.45434617113421844, 0.9339299049594016, -0.7429040719777958, 0.5375023701577416]",58.926081530177356,4.171322774958133
"[0.450680237740411, 0.8534053269488273, -0.8295058389982739, 0.575322576268252]",59.270869943026675,4.17138560743953
"[0.5007807687015241, 1.0641646189518663, -0.7235018827398554, 0.28927711412373713]",77.75596138029039,4.1717626023279095
"[0.3227861633450172, 0.7448847785299402, -0.5942419157813315, 0.4045919467350469]",73.56267439952904,4.1730820844372385
"[-0.003258004386130061, 0.7985319705051065, -0.8074533118825515, 0.30696629673118975]",62.72659025151801,4.173144916918635
"[0.15343689101533695, 0.6944256436424199, -0.8032895437102104, 0.5124546757892078]",63.09930107720686,4.1732077494000315
"[0.25986058181522104, 0.6857916843304542, -0.7939414267118924, 0.5463910179551489]",63.337023250015655,4.173270581881429
"[0.33147889959954496, 0.6890043546755215, -0.8077198624185105, 0.5535213815408825]",63.65106172013662,4.1733334143628245
"[0.3618370632162214, 0.6931945264375154, -0.8187451571042546, 0.5531210060863104]",63.86253335088193,4.173396246844221
"[0.34037703073534104, 0.6952232126273106, -0.7979248662778995, 0.5540838910207432]",63.70160087112725,4.173459079325618
"[0.2804063088123362, 0.6970986348780058, -0.7622047246068878, 0.5455628241155118]",63.397688491063136,4.173521911807015
"[0.18842515214003738, 0.7058317994538753, -0.741080592123568, 0.5151228869637967]",63.182823868110674,4.173584744288411
"[0.061711401861475945, 0.7465426997800443, -0.7403803053602411, 0.4146984598107026]",63.02431579841024,4.173647576769808
"[0.46016444262036094, 0.9069241827669693, -0.7414401880287051, 0.5390672817701008]",76.58690838224246,4.17509272384193
"[0.21340027619600285, 1.1346493838977858, -0.8540400961900201, 0.4421196592558691]",68.35387936058557,4.175155556323326
"[0.36357392933695953, 1.0679819892530154, -0.7855123471606159, 0.520657066072271]",78.79705590863907,4.176098043544275
"[0.45031615590419877, 0.9593146379075341, -0.7373350617852826, 0.5283439684928264]",89.7802949953933,4.176600703395448
"[0.03925819996570543, 0.7412939866326596, -0.8014433999742847, 0.4108375030124906]",69.29946554028434,4.177103363246622
"[0.10895712087961337, 0.7121516172797252, -0.7818542099172656, 0.4809438760695359]",69.42010562303753,4.177166195728018
"[0.10062617606878108, 0.7187662811682819, -0.7685118962095977, 0.4704580446262771]",69.42074958272282,4.177229028209414
"[0.019441604919718806, 0.7842971433084298, -0.7507753560312552, 0.33639924288266715]",69.25457785259084,4.177291860690811
"[0.4579914582804133, 1.0075124105422586, -0.7071776369349867, 0.4725905935909746]",92.61857900602033,4.177543190616397
"[0.4963435267190264, 1.0659812413646788, -0.719565977928396, 0.2959356290722338]",97.84842922883182,4.179051170169916
"[0.22191905743104093, 1.0624179920487347, -1.0179750662882765, 0.47956786390488654]",83.12005488948445,4.17917683513271
"[0.2809525815103049, 0.7157053205890322, -0.7017041847213062, 0.5236953405920836]",87.6228671887367,4.179616662502486
"[0.3492389825482551, 1.1132580352565076, -0.7485824162964987, 0.45052804796090035]",86.94586018677161,4.1796794949838825
"[0.2928813656799308, 1.1040998740152446, -0.8358169519687301, 0.5058089432183744]",87.24757227136345,4.183009616497903
"[0.10228830182755913, 0.7912313371642148, -0.6308322490874301, 0.2996653541463518]",99.71076430428116,4.185585748235164
"[0.2198794795831982, 0.6316027948582172, -0.9922051491529582, 0.4506831592816518]",84.71375345534706,4.264503344869305
"[0.534626783762592, 0.9057606030844261, -0.6897374692444938, 0.41087808806727605]",77.78853825217028,4.2657599944972375
"[0.03219023167989524, 0.7641840245928345, -0.7551712821123395, 0.3749508184411025]",69.2609268442399,4.266890979162377
"[0.13280365021567325, 0.7075700785510779, -0.7727177512190657, 0.4955274213421559]",69.40368771022223,4.2669538116437735
"[0.04151369459459712, 0.7390280249261234, -0.8037082886218284, 0.41477400767940115]",69.25023350984318,4.26701664412517
"[0.46152980789392967, 0.970247899717413, -0.7161633177501061, 0.5014625217570023]",92.97206766163907,4.268210461271705
"[0.3379356912815808, 0.7362845772150666, -0.6579236979644456, 0.4960150026984976]",68.48517221755499,4.268964451048466
"[0.09190162898750907, 0.7314895710520063, -0.7386201315750522, 0.4495428845053825]",63.019444435480935,4.269152948492655
"[0.2809433733731367, 0.6981205925671535, -0.7591700329978658, 0.5450035695367569]",63.35033148800343,4.269215780974052
"[0.3950303630012709, 0.6967958877425751, -0.840214871736355, 0.548323211648605]",64.11755679119402,4.269278613455448
"[0.37462525818359727, 0.6913510195998674, -0.8324887524304528, 0.5505897511206967]",63.9180524187963,4.269341445936845
"[0.23229459615867512, 0.6855941639662119, -0.7963056336639416, 0.5408312679921058]",63.21122036987943,4.269404278418241
"[0.2066746396174075, 1.1327252285856395, -0.8631445410172092, 0.44196225269481176]",81.63694808856187,4.269655608343827
"[0.4513778502018785, 0.9448255940863286, -0.7432439282205222, 0.5362202060260645]",58.91100149480387,4.27053526308338
"[0.19093550802280523, 0.7129801562074161, -0.7164562943147315, 0.5056967920904001]",56.73059371168966,4.272294572562485
"[0.42890972488823953, 0.7066283673401632, -0.8594332183983564, 0.5406894486550142]",58.11645507730381,4.2723574050438815
"[0.338716997579413, 1.1206008545248107, -0.7511847451307679, 0.4431920287542755]",78.00701457885738,4.272608734969468
"[0.3840276184777452, 0.9502581579389934, -1.0539939607052375, 0.5247488021538952]",66.7063049294839,4.272671567450865
"[0.45652491201604883, 0.6065668933886281, -0.9130372249913115, 0.3772730351957784]",54.85835655395435,4.272734399932261
"[0.30786281815412686, 0.67791878259532, -0.8253215312144159, 0.5507932812363405]",57.065118223566415,4.272860064895055
"[0.05233814502569738, 0.7230451241257647, -0.843278149145256, 0.43305189824198154]",56.45621109276601,4.272922897376451
"[0.21819045113484523, 0.7658309515858278, -0.5776015294142965, 0.3089408140801265]",66.94312063902352,4.272985729857848
"[0.1324357354722255, 0.7155459301331485, -0.7454603523965595, 0.4863926330269913]",99.33235335809535,4.273111394820641
"[0.25009095713599655, 0.737492579850997, -0.6249549145382454, 0.4512396106405066]",91.85425161996068,4.273362724746228
"[0.3406905724472716, 0.740685008161193, -0.5786141761036352, 0.29462889751216015]",65.7206980193859,4.273928217078797
"[0.3640422204851979, 0.9675535924223363, -1.0429346714293841, 0.5330101541318835]",68.01969952517042,4.27405388204159
"[0.3761585703966913, 1.1190618942126658, -0.7204404794363443, 0.39474933492884573]",52.460916200765894,4.27443087692997
"[0.4312819693232361, 1.075735780453659, -0.7050245252121897, 0.4134253919844706]",52.27213209871461,4.274556541892763
"[0.3686445731743318, 1.140114838847643, -0.7252767037811572, 0.28121948861628215]",58.97891357724229,4.274807871818349
"[0.44504484652344245, 1.051448951587499, -0.7035616568917671, 0.4348541114045522]",71.97716295020719,4.27518486670673
"[0.33658893144228874, 1.0587466725071961, -0.8493378850983648, 0.5474697747158425]",55.4068514884263,4.275310531669523
"[0.05882031750388865, 0.7165420439178001, -0.8586611418196463, 0.4394017701457533]",67.9496333913026,4.275436196632316
"[0.2547876130016267, 0.6820608954706127, -0.8054843841245887, 0.5458611085172012]",75.97936314056734,4.276567181297454
"[0.14635892388991525, 0.7295842673541557, -0.6915237807228783, 0.465310070988515]",50.13570898624789,4.277069841148628
"[0.32829132649322296, 0.7148829674527446, -0.7320560864323372, 0.5416770299246094]",50.5400811390899,4.277132673630024
"[0.5854763836678427, 0.7891498075314166, -0.7705331824367724, 0.35894584574646166]",49.71534850162402,4.27719550611142
"[0.3042572497337807, 0.6499557297021067, -0.8921440712564016, 0.5293765179266344]",54.24212863938827,4.27851498822075
"[0.25788434775193886, 0.6707236733976171, -0.8399799515400626, 0.5437316974893056]",50.285761192746975,4.2785778207021465
"[0.024601323440014665, 0.7401322051576875, -0.8659622098784119, 0.3911398238700281]",49.785742690363705,4.278640653183543
"[0.17532792025839394, 1.0461085965476873, -1.0688140117008609, 0.40442076764906526]",80.68770448427294,4.2788291506277325
"[0.18947805842871526, 1.0769475871293774, -1.004442683220456, 0.4553621245923512]",44.93446848124456,4.279143313034716
"[0.2515580346791675, 1.0617713537469644, -0.9893505758244507, 0.5100661824531147]",44.873489315474416,4.279206145516112
"[0.30823019613737845, 1.0215986964173343, -1.00217517681644, 0.5391494382059773]",44.89877371345531,4.279268977997509
"[0.3787170292700027, 0.9543079523847773, -1.058491494373943, 0.5212840366784901]",45.07228999552678,4.279331810478905
"[0.4821415891750691, 0.9644334722196352, -0.698327910576603, 0.4703462483632806]",49.41869470876912,4.280211465218458
"[0.4609476271972581, 0.8206416138839634, -0.7151020891453176, 0.5219421681704108]",64.64870840585012,4.280399962662648
"[0.5381319340444983, 1.0093682946248093, -0.7170480491953942, 0.3234892625129628]",51.99687245878334,4.280462795144044
"[0.4345003948543889, 0.929615745329061, -0.8024443500860068, 0.5717045488335625]",54.166614682913426,4.280525627625441
"[0.4637279923794103, 0.9008708848161286, -0.7349814371808672, 0.5341077012400064]",67.46291124610379,4.28165661229058
"[0.4687740624893751, 0.973191260843819, -0.7074764644033351, 0.4867967578216723]",45.4324784594178,4.281782277253374
"[0.45966537255136386, 1.092819535657561, -0.7141387921441394, 0.30135932350108485]",81.56479151372227,4.282284937104546
"[0.2162122122257051, 0.726055968628835, -0.6670060145617203, 0.4837918566082979]",85.29795395333895,4.282599099511529
"[0.2723866738626896, 0.6715381176797104, -0.8369298653207816, 0.5461008927345845]",85.51658332765693,4.282850429437116
"[0.39779312398329364, 0.9740425606405726, -0.8593053184678345, 0.5805773319062748]",57.30539547386293,4.283415921769685
"[0.5140488668619692, 0.6606836439601927, -0.8839984370865916, 0.40814256489147527]",59.812919305144526,4.283604419213875
"[0.23746165797760593, 0.682572840436317, -0.8053609316335663, 0.5423921091882873]",69.05852888466593,4.285615058618566
"[0.08968027498920379, 0.7780097062445717, -0.6511706698605312, 0.34308472546544944]",42.96210968764018,4.2866203783209125
"[0.17673764972267977, 0.7386858013119678, -0.6481005318776405, 0.4452575948123538]",43.071910783975966,4.286683210802309
"[0.26913631802254867, 0.7277354543086834, -0.6571688993251804, 0.49053158151300413]",43.177679228396386,4.2867460432837055
"[0.3566345795321484, 0.7311708471983961, -0.7057659870885056, 0.5300514992984675]",43.50300918487382,4.286808875765102
"[0.5398964729995879, 0.705851604103367, -0.7394472818284484, 0.32778516115088285]",42.40272477956018,4.286871708246498
"[0.21205421609226752, 1.1451811898749789, -0.8268319860110397, 0.41314354682555854]",45.82704492968826,4.287562865541862
"[0.24561645264680235, 1.1485480070547067, -0.7955377658781996, 0.41070185780317126]",46.30502416718059,4.288379687800017
"[0.41181898734938177, 0.6961637568541581, -0.8558557392165257, 0.5419506414392545]",72.1990315983477,4.289385007502363
"[0.4897174106298495, 0.9780866763226505, -0.6929276049588858, 0.4465835166134674]",43.695385421004254,4.289510672465156
"[0.44163023503623494, 0.8834720016168618, -0.8558314889840539, 0.5820152067685347]",60.73683446004079,4.290641657130296
"[0.21066749397228438, 0.6837670212144449, -0.8082711492855099, 0.5355122744933846]",82.53689798316526,4.291207149462865
"[0.5376595277092033, 0.9587060038874546, -0.6970881775292499, 0.3799278977503256]",50.25956942918828,4.291269981944262
"[0.3258697480911929, 0.701399317801153, -0.7712030446946869, 0.5514711278937894]",75.15416422550739,4.292086804202418
"[0.32485745334939703, 0.7030886629051644, -0.7656474781396274, 0.5505154636501819]",76.0370212728408,4.293092123904763
"[0.24547317376357336, 0.6752775933924169, -0.8275282891318804, 0.5432284321674932]",73.30627665431592,4.2932177888675565
"[0.4851091906977845, 0.6269984106434082, -0.8952401092295994, 0.3880180950425401]",67.41223689440963,4.293406286311746
"[0.3875354681676095, 1.0080971304982567, -0.8257961225487754, 0.5655838308566541]",52.17592778350202,4.293657616237333
"[0.456214266189127, 0.6369435034991179, -0.9124843110688591, 0.44477622710443837]",52.08594818135019,4.294160276088506
"[0.29638582286661447, 0.6733168281044611, -0.8344446880405932, 0.5487026356437519]",80.58341443439646,4.294285941051299
"[0.20369779132255286, 1.1218675579429884, -0.8920823038820646, 0.45681745667068124]",48.607203768621964,4.294537270976885
"[0.35946116428533087, 1.142680212202043, -0.7252467578167108, 0.2896144446106676]",36.128329610340096,4.294725768421075
"[0.37943615589618135, 1.1352077914181236, -0.7203176875154252, 0.3000272751834236]",36.08348946918067,4.294788600902471
"[0.3935734243713225, 1.1285650545928998, -0.7168619724934775, 0.30819858343268247]",36.05204625832048,4.294851433383869
"[0.40471854190542833, 1.122408165005654, -0.7141371167901907, 0.31522678573237845]",36.027349106584936,4.294914265865264
"[0.4139596435904266, 1.116593569131163, -0.7118657348118527, 0.3215311543996737]",36.00688833793918,4.294977098346661
"[0.4218518851077816, 1.1110421679283335, -0.7099093588525693, 0.3273255173595423]",35.989398567412024,4.295039930828058
"[0.4287240505440037, 1.1057037197952717, -0.70818770967706, 0.3327366150452629]",35.97413857783697,4.295102763309455
"[0.43478998256321955, 1.100543278858387, -0.7066496705986394, 0.3378470942464039]",35.96063130163998,4.295165595790851
"[0.4401974681313316, 1.0955355030347, -0.7052606819923429, 0.34271403163844194]",35.94855039890009,4.295228428272248
"[0.4450540589147624, 1.0906607892342741, -0.7039961536413103, 0.34737916941243696]",35.937660764208644,4.295291260753644
"[0.44944069659235547, 1.0859036504873034, -0.7028380205839398, 0.351874008839109]",35.927787283956945,4.295354093235042
"[0.4534204457511039, 1.0812510777853974, -0.7017725502198304, 0.3562234485979759]",35.91879489471934,4.295416925716438
"[0.4570425214152038, 1.0766932087819814, -0.700789368138975, 0.36044646333114877]",35.91057947324432,4.295479758197835
"[0.46034731459964895, 1.0722210076160847, -0.6998801906070167, 0.3645591186387569]",35.90305647810711,4.295542590679231
"[0.463368265332224, 1.0678262927870594, -0.6990383741946684, 0.3685750904401825]",35.89615672294975,4.2956054231606275
"[0.46613287514676516, 1.063502379952777, -0.6982586962598034, 0.3725054723812149]",35.88982416273624,4.295668255642024
"[0.4686641614951935, 1.0592436557720766, -0.6975370033136963, 0.3763594567344246]",35.88401265253974,4.295731088123421
"[0.4709819304679537, 1.0550448009850861, -0.6968698926057538, 0.38014524298568186]",35.878683112830764,4.295793920604817
"[0.473103380485515, 1.0509006451162093, -0.6962545723559457, 0.3838703141945084]",35.873802178840926,4.2958567530862135
"[0.4750430626345255, 1.0468071264591616, -0.6956889047739688, 0.38754068811211034]",35.86934237712633,4.295919585567611
"[0.47681381412134677, 1.042760237017303, -0.6951711623185863, 0.3911619549545869]",35.865280045191135,4.295982418049007
"[0.47842695724292716, 1.0387561045382947, -0.6946999913911792, 0.39473926859751807]",35.86159487835962,4.296045250530404
"[0.47989237101641957, 1.0347913649282718, -0.6942744112824748, 0.39827706641877214]",35.858269855685506,4.2961080830118
"[0.48121891607456097, 1.030862551326767, -0.6938937078252035, 0.4017796565776677]",35.8552902867476,4.296170915493197
"[0.4824143198899868, 1.0269668405198862, -0.6935574815996252, 0.4052505850713291]",35.852644107950056,4.296233747974593
"[0.48348562507572995, 1.023101089312654, -0.6932655331681937, 0.4086935210170133]",35.85032092410544,4.296296580455991
"[0.48443905518674635, 1.0192625565051006, -0.6930179141298661, 0.4121116339694907]",35.84831230358875,4.296359412937387
"[0.4852802202156371, 1.0154485228271977, -0.6928148811107745, 0.41550794919612916]",35.846611399083606,4.296422245418783
"[0.4860142645679663, 1.0116558134414952, -0.6926568742657475, 0.41888578608430727]",35.845212643169205,4.29648507790018
"[0.486645628255946, 1.0078822958897944, -0.6925445795512821, 0.4222474344865319]",35.84411227947098,4.296547910381577
"[0.4871784343931714, 1.0041252725990295, -0.6924788489668593, 0.42559559404081043]",35.84330758807354,4.296610742862973
"[0.4876163882918267, 1.000382130265497, -0.6924607370570233, 0.42893280171246795]",35.84279715551443,4.29667357534437
"[0.48796282726440937, 0.996650296983572, -0.6924915010997869, 0.4322614738407168]",35.842580776995476,4.296736407825766
"[0.4882207624129996, 0.9929271641793509, -0.692572606930505, 0.4355839779210319]",35.84265945624529,4.296799240307163
"[0.488392912682669, 0.9892098411401532, -0.6927057498702066, 0.43890285242336796]",35.84303544277302,4.29686207278856
"[0.4884816876973007, 0.985496219267301, -0.6928928234707096, 0.442219855451157]",35.84371210362775,4.2969249052699565
"[0.4884892822941182, 0.981782951806086, -0.6931360196369719, 0.445537766182442]",35.84469423402987,4.296987737751353
"[0.48841762935967237, 0.9780674995129608, -0.6934377543637819, 0.44885855366318517]",35.84598779277205,4.2970505702327495
"[0.4882684200213529, 0.9743463253494893, -0.6938008098608595, 0.4521849835621786]",35.847600450750186,4.297113402714146
"[0.4880431797044055, 0.9706170630088716, -0.6942281682484412, 0.45551867170705307]",35.849540848250655,4.2971762351955425
"[0.4877431770824525, 0.966875915404809, -0.694723296546978, 0.45886239901531967]",35.8518198148,4.29723906767694
"[0.4873695286778325, 0.9631196544866291, -0.6952899771545922, 0.46221831060996804]",35.85444958827107,4.2973019001583355
"[0.48692307706586, 0.9593440098469592, -0.6959325707811203, 0.4655893389795506]",35.85744499989749,4.297364732639732
"[0.4864046369372418, 0.9555458045854447, -0.69665572138152, 0.46897727613930035]",35.860822038539254,4.297427565121129
"[0.48581463604985353, 0.9517199416901488, -0.6974649460868684, 0.472385438200486]",35.86460056240195,4.297490397602526
"[0.48515346893256217, 0.9478620909357275, -0.6983662237985315, 0.4758162362945892]",35.868802349950116,4.297553230083923
"[0.48442126856417267, 0.9439669675468789, -0.6993664189834973, 0.4792726725537577]",35.87345299336837,4.297616062565319
"[0.48361787756698055, 0.9400283309101192, -0.7004734481837424, 0.4827582879417912]",35.87858262866104,4.297678895046715
"[0.48274319295815227, 0.9360405684948955, -0.7016959608308535, 0.48627569974795876]",35.884224392473094,4.297741727528113
"[0.48179658579403534, 0.9319958089462573, -0.7030443349868353, 0.48982907640824974]",35.89041892960238,4.297804560009509
"[0.4807773598532486, 0.9278860304801538, -0.7045302880393329, 0.4934221719963288]",35.89721254607221,4.297867392490906
"[0.4796845201340012, 0.9237018433335211, -0.7061675120496113, 0.49705927025961266]",35.90466000694328,4.297930224972302
"[0.47851679152964716, 0.9194324146077025, -0.7079720571509142, 0.5007450770375887]",35.912826206150825,4.297993057453699
"[0.47727267322312855, 0.9150653956052425, -0.7099627780438941, 0.5044845602423542]",35.92178811484791,4.298055889935095
"[0.4759501042663871, 0.910585397296511, -0.7121625946814071, 0.5082839498419814]",35.931640367193125,4.2981187224164925
"[0.47454691522555803, 0.905975053009239, -0.7145987594324178, 0.5121494079471928]",35.94249639618772,4.298181554897889
"[0.47306025864123086, 0.901212331280406, -0.7173052123609217, 0.5160887125126545]",35.95449897414702,4.298244387379285
"[0.471486743491875, 0.896269916353552, -0.7203244639587303, 0.520110886600189]",35.967828625633516,4.298307219860682
"[0.46982272117901774, 0.8911143304076277, -0.7237101131169161, 0.5242256612755753]",35.98271510226695,4.2983700523420785
"[0.46806357879276483, 0.8857009024362016, -0.7275330668036665, 0.5284455752116591]",35.99946551205123,4.298432884823475
"[0.4662039726198735, 0.8799697541885594, -0.731889209282158, 0.5327859014236815]",36.0184994906464,4.2984957173048715
"[0.4642382726755748, 0.8738386040360018, -0.7369124080718615, 0.5372647846362723]",36.040409538797924,4.298558549786268
"[0.46216035763272856, 0.8671855472746692, -0.7428017109414765, 0.5419061677627326]",36.066087194459385,4.298621382267664
"[0.45996475615410987, 0.8598166010659728, -0.7498757532862318, 0.546742753179306]",36.09697829560391,4.298684214749062
"[0.4576522815524354, 0.8513930624705383, -0.7586983445709145, 0.5518184962816748]",36.13567948288673,4.298747047230458
"[0.45524765969076686, 0.8411944374129933, -0.770478861588489, 0.5572011771823715]",36.18785452472661,4.298809879711855
"[0.4529309695966938, 0.8269629891059559, -0.7890660992228792, 0.5629895658369406]",36.2719199508881,4.298872712193251
"[0.5413691436422572, 0.8401748364323527, -0.6906168307271433, 0.4015111676761859]",78.16647585882056,4.299061209637442
"[0.27903457674584803, 0.6841454821676407, -0.8010459679822668, 0.5495151659985283]",66.89462229164857,4.299375372044424
"[0.3154741385555978, 1.0797040449951703, -0.8478731576672726, 0.5318889503344254]",74.40771819634784,4.304527635518946
"[0.4099153376302599, 0.9421659427657058, -0.890196439970857, 0.5855468400927298]",41.21743764263693,4.304778965444533
"[0.2750009798982351, 1.1457562893882878, -0.7765993985005313, 0.41458040937351087]",41.9916927579224,4.305093127851515
"[0.22024140482272922, 0.6906861365074283, -0.7817829337196353, 0.5362158209847288]",73.97959806985808,4.305784285146878
"[0.11959142254072604, 1.0886967592571783, -0.9730115145252995, 0.38015101209341295]",45.50571342365073,4.306852437330621
"[0.44554537144054385, 0.8712725371324772, -0.8585246801161719, 0.5805935701122147]",46.61022281035435,4.30704093477481
"[0.3441899013250227, 1.1466260590643547, -0.7270636228322751, 0.2996148870688139]",49.67091971956067,4.307292264700397
"[0.299666995017159, 1.0667548600895171, -0.9025225118195798, 0.5416102969333568]",44.93262552700595,4.309114406660899
"[0.20128490513783281, 1.1148585379473304, -0.9105984033719313, 0.4623288301467106]",44.95819460568273,4.309177239142295
"[0.1594550448473125, 1.1132304324287647, -0.92839325030297, 0.4234789095948671]",44.994898378346036,4.309240071623692
"[0.21835452982425715, 1.1138792067081402, -0.9006846261039009, 0.47521771566896753]",44.85689419379522,4.309302904105088
"[0.3283216801924182, 1.0412503786800298, -0.9033802147116394, 0.5590341844323171]",44.788578401108886,4.309365736586485
"[0.264563042782868, 1.1383952296190354, -0.8016440683455414, 0.44287737289413115]",72.50690750334068,4.309805563956261
"[0.32019368325839703, 1.0505078604705267, -0.8996556395974857, 0.5538256203985014]",49.72290980120221,4.310685218695814
"[0.21523122839688502, 1.051992847695946, -1.046453846202468, 0.46023714404757643]",70.24284473522847,4.3113135435097805
"[0.4700537047006137, 0.8014414298274314, -0.6734008468384909, 0.4726453818869609]",55.708620384592706,4.311376375991177
"[0.25648768601543814, 1.1433653121961593, -0.7985373367378271, 0.4289752477811138]",52.5409279972506,4.3114392084725734
"[0.45018765494173024, 1.0224242492598445, -0.7087778594984103, 0.4680960417531533]",74.97561042766354,4.313135685470282
"[0.4826716135150008, 0.9676844640142239, -0.6975312775112308, 0.46705162824843627]",74.86320038303917,4.313387015395868
"[0.4287181221232811, 0.9721211777423872, -0.7717529735751834, 0.5515711443861602]",77.26922437039516,4.313638345321454
"[0.3105695554113124, 0.7469389087484031, -0.5737004640538095, 0.28409966006897175]",45.22401529844993,4.313764010284248
"[0.2013532323569383, 1.0364149192194823, -1.0844554689391377, 0.41629503385743066]",54.79129839821893,4.314141005172627
"[0.21494188771574357, 1.1282439811797684, -0.8689083064800185, 0.4549136019704669]",46.75925039452331,4.314894994949387
"[0.28162703336238865, 0.7454870450274669, -0.5941327043562186, 0.4058645274052786]",66.23443962726795,4.31520915735637
"[0.5339707703886325, 0.8453510575511859, -0.6861775625046286, 0.4117363145918563]",49.59085119009547,4.315460487281956
"[0.5328581872157692, 0.9726933651788896, -0.6970957494253671, 0.37656227881053683]",50.275999717637504,4.31558615224475
"[0.5948352786513623, 0.9122902314921938, -0.763906495260149, 0.3224377517045163]",50.80588600502188,4.316088812095923
"[0.47088012675457636, 0.6867642980495545, -0.8980295946054654, 0.4940133243386568]",62.88107360450231,4.316402974502905
"[0.149576636888619, 1.0591420489490118, -1.0422458266025194, 0.39500071458920233]",52.74067521326188,4.316654304428492
"[0.35807001305619557, 0.9720594288441478, -1.0453033497493844, 0.530746781567762]",52.70178202188863,4.3167171369098885
"[0.3601612292004672, 0.7308826512960752, -0.7122033659051569, 0.5333577588459867]",51.304531160758465,4.317533959168044
"[0.4551738721598677, 1.0588705100683427, -0.6985167026282656, 0.4033086125075492]",43.77980370884017,4.317659624130838
"[0.27339497942907764, 0.6168958980085197, -0.9821893276835274, 0.45405390295813036]",54.55789074055465,4.318287948944804
"[0.42192274324677737, 0.7147059002067543, -0.8426022447292084, 0.5483719149502555]",58.52078521620652,4.318350781426201
"[0.3038252297937087, 1.087988104814691, -0.8508879905350868, 0.5246970976414681]",47.159397688046774,4.318853441277374
"[0.3288463608704582, 0.6164124481890584, -0.9532209777981087, 0.471050260847201]",77.17350748650968,4.319167603684356
"[0.5548577850594005, 0.8360391052844424, -0.7024118553196053, 0.3859007453729675]",78.0542966454001,4.319984425942512
"[0.20909527760304755, 1.10437063390362, -0.9302675582267576, 0.4755016476218321]",57.11235408425529,4.320172923386702
"[0.15714429215629866, 0.7704709195824101, -0.6034898849401985, 0.33920062028263936]",40.92823137805728,4.320675583237875
"[0.2855055853029681, 0.7416669330098187, -0.607995591434955, 0.43321223152578014]",41.03064471433015,4.320738415719272
"[0.4963450846784876, 0.6794167414536375, -0.7049257207302548, 0.27406340451122846]",40.35361467583447,4.3208012482006675
"[0.5666573428505788, 0.9939320246591096, -0.7548411441796627, 0.2868920536913346]",41.55159950727681,4.320864080682065
"[0.09430263773058946, 0.708802024824619, -0.8157655587377455, 0.4744802345245586]",70.81964503118587,4.321429573014634
"[0.4636568462571206, 1.0209326945733705, -0.6998380894099996, 0.44697599965510687]",51.342432220840536,4.3220578978286
"[0.4979817752880876, 0.6920619406465753, -0.691746544173497, 0.28708453486829766]",46.78340393661346,4.32243489271698
"[0.2829686991528605, 1.0854833651195175, -0.8886966274135683, 0.5259074005367338]",51.37284777172878,4.32281188760536
"[0.47525919803179956, 0.8362337207690668, -0.6983564248905494, 0.5007082027348226]",42.08508267488188,4.323251714975136
"[0.5235588504293236, 0.8954150897088147, -0.6862404946296128, 0.42975004121840343]",41.91281797128456,4.323314547456532
"[0.5429829754674899, 0.9579958410839027, -0.700587700764577, 0.3716315483249032]",41.92855089374276,4.323377379937929
"[0.4907721459098614, 1.0750999597271096, -0.7265467113496691, 0.27903544040509076]",42.16088083998069,4.323440212419326
"[0.43726850755095553, 0.6139639930798713, -0.9251495373936688, 0.4188559585940603]",54.59037100485166,4.323817207307705
"[0.2167336363702195, 0.7281550572215856, -0.6604699448998155, 0.47834077926611]",50.06036981089325,4.325827846712397
"[0.3803317698375115, 1.0417191935918946, -0.791572616543469, 0.539029875643022]",62.46673045610877,4.3259535116751895
"[0.4926407560491759, 0.9589259371633725, -0.6930189801452152, 0.455973739412371]",41.857107184069726,4.327838486117089
"[0.4917565770234044, 0.8690029218980279, -0.6923207411258596, 0.48178899781015505]",64.11462348824018,4.327901318598485
"[0.5365807665945402, 0.9959972996336819, -0.7076172881936751, 0.3452074781632137]",85.45068229483473,4.329095135745021
"[0.5005994137673083, 0.9087832975860551, -0.6906032540528664, 0.4647989899769306]",42.2445683856558,4.330665947779936
"[0.5172710426989853, 0.9783289076581948, -0.6914312037813617, 0.39847884213099866]",42.214193382196754,4.330728780261332
"[0.4844672344821505, 1.0677240116328381, -0.7084796605953734, 0.32165293969720143]",42.3360992311684,4.330791612742729
"[0.42321028823636553, 0.6381096660024755, -0.9161067744184528, 0.4742569874049062]",72.69749898367566,4.3308544452241255
"[0.5890177370990651, 0.9488555849777418, -0.768018144714561, 0.301576672201341]",49.9682468992531,4.331105775149712
"[0.005802715048929241, 0.7815664885938785, -0.7954344486378513, 0.33649063199978557]",91.96649987451435,4.331294272593902
"[0.4097995074887287, 1.0768695398545371, -0.7187219740528823, 0.4476161171058624]",89.42099062455824,4.331419937556695
"[0.08590326125724963, 0.7525016573809202, -0.6935747163620122, 0.407404403400223]",56.70598134233392,4.331482770038092
"[0.09412649491372756, 0.7611563084531424, -0.6683576007677713, 0.38686778688587936]",67.91958027743779,4.331545602519489
"[0.3632804602619153, 0.9657522040935612, -1.063648114763824, 0.516784253935343]",81.92790694268403,4.331734099963678
"[0.42424248270364445, 1.0009538756385785, -0.7546333472781991, 0.532271226633979]",95.03062433522942,4.353034311157129
"[0.41173664245303243, 1.1115061446825714, -0.7089017987948911, 0.3506586748397133]",50.25095053662391,4.353662635971095
"[0.47371342771071945, 0.9519927447929599, -0.7076927652128633, 0.49329779325145146]",50.16840760802605,4.353725468452492
"[0.5532173601886239, 0.9685105953484495, -0.7133043817804873, 0.3453215560993073]",67.16135340427064,4.353913965896681
"[0.5307206648120752, 0.9475116562851107, -0.6918786645555588, 0.39899938736183976]",56.860626230529206,4.35485645311763
"[0.17242735975885035, 0.6879649010475833, -0.8132548138743892, 0.5218894852568389]",76.26858395463906,4.35561044289439
"[0.29928895741167805, 0.6986436478583623, -0.7642676241677493, 0.5482502698669643]",84.7229324190553,4.356427265152546
"[0.45549929054504723, 0.8287985769826545, -0.8519026828545481, 0.572460424208349]",93.68269947978465,4.356678595078132
"[0.1632711576616289, 0.6896458160414569, -0.8136434284917695, 0.5178338664323278]",72.71914695354167,4.358123742150254
"[0.027617966161031293, 0.8115211540276688, -0.7157927375677723, 0.2836457833685062]",77.83533914639152,4.35856356952003
"[0.33883362217315444, 0.743968015723811, -0.5794819990807909, 0.33855931832347785]",51.940308250217335,4.35894056440841
"[0.5473319976579915, 0.8330558146454942, -0.6955165060113584, 0.3930946019204448]",52.36441562152705,4.359066229371203
"[0.09567989180620592, 0.7205731855871433, -0.7686712369583062, 0.46618998709533893]",76.84285615714595,4.411719848781562
"[0.06412373382092929, 0.7448423345861116, -0.7408731514623343, 0.4183805918712829]",70.4871777419455,4.412411006076925
"[0.3535881912452834, 0.6936230023366466, -0.8114556215979939, 0.5538264300781485]",71.25989325396158,4.412473838558322
"[0.13124734520988082, 0.6988649985535994, -0.807283715120115, 0.5003231250684791]",70.5287258814957,4.412536671039718
"[0.10529914628309836, 0.7746372608026166, -0.639212078929328, 0.3479113822845144]",74.96939262157206,4.412662336002511
"[0.11975265498383798, 0.7015839128381103, -0.809654509544869, 0.49311191820445066]",70.56068019888639,4.414107483074633
"[0.35323544385970024, 0.6935261943916301, -0.8114098499002109, 0.553825041219016]",71.31050659624673,4.414170315556031
"[0.05778224107795335, 0.7490638629705131, -0.7405444828744874, 0.4091104656795212]",70.53348051191125,4.414233148037427
"[0.562603905936362, 0.8789765613769782, -0.7083228314610679, 0.377468411540277]",99.18101970418333,4.4142959805188235
"[0.29956383310771, 0.6852209708956842, -0.8031713287505623, 0.5517120022125358]",70.79258886952822,4.429501441016803
"[0.310986264644688, 1.0489804060991879, -0.9221578540360363, 0.5515072904428828]",74.14491553363354,4.429627105979597
"[0.23801896877119516, 0.7082187562622774, -0.7211138618268601, 0.5241786313926963]",64.16719805349379,4.42994126838658
"[0.28512398799566685, 0.7143837106383664, -0.7076523408816566, 0.5273795815666407]",57.72510765352182,4.430758090644735
"[0.5060164724161511, 0.6590651620681148, -0.8907901295533297, 0.4187913288060929]",55.74231974823025,4.431009420570321
"[0.14785514784819315, 1.0665053194434497, -1.0286449733408145, 0.4010674179860144]",52.40124616914975,4.431135085533115
"[0.5180066223906645, 0.8350907454234648, -0.6790641839768928, 0.42869212017050307]",58.92031379803202,4.431826242828477
"[0.3984748301191943, 0.9509729965923555, -0.9235539290447533, 0.5824483724338125]",56.24153781990937,4.432014740272668
"[0.18102510365066535, 1.0523205083506468, -1.0573424097177018, 0.4205691141796429]",63.81711168621571,4.432077572754064
"[0.5880099363818175, 0.799043478495795, -0.7700375801339118, 0.35787949499438515]",78.30049342438866,4.432580232605237
"[0.3453507273571767, 0.7310115523018661, -0.6909681023865641, 0.5215163936671736]",50.78249629796815,4.432831562530823
"[0.38003905893188367, 0.6222210077323627, -0.933485614133151, 0.47205314740128484]",55.83136611415368,4.433334222381996
"[0.5777293951390026, 0.8809354822776885, -0.7273788708428692, 0.35849112358583685]",56.93599626836761,4.434276709602945
"[0.36082312400465344, 1.142249790007433, -0.7249590496041538, 0.28995411724496317]",51.039288498699115,4.434528039528532
"[0.483457002652258, 0.6907998544115758, -0.9001609574924946, 0.4856725585482979]",88.92023652313753,4.434653704491325
"[0.47439663914705865, 1.0879343588496095, -0.7255042586067958, 0.2755861581462773]",43.03956770785554,4.434905034416912
"[0.4966187216330383, 1.0666668176541025, -0.720996425871597, 0.2928798237852856]",42.97497140641863,4.434967866898308
"[0.509626079009604, 1.0504004958276074, -0.717604298613024, 0.30582305528295617]",42.93354833923144,4.435030699379705
"[0.518435490218576, 1.0366263998649043, -0.7146923369117585, 0.31671943839466093]",42.902693013284356,4.435093531861102
"[0.5247216868963585, 1.0244596611224568, -0.7120637958761091, 0.3263547496760871]",42.87824889331205,4.435156364342498
"[0.5292869241303332, 1.0134542356457465, -0.7096311117266437, 0.33511511598452026]",42.85824523754861,4.435219196823894
"[0.5325869706832009, 1.003344027026193, -0.7073484535396094, 0.3432264067486696]",42.84157397550471,4.4352820293052915
"[0.5349082049236521, 0.9939554875311294, -0.7051902452457622, 0.3508338539750008]",42.827549032022326,4.435344861786688
"[0.5364448297805074, 0.9851613101653389, -0.7031404564546875, 0.3580428480887478]",42.81570796530189,4.4354076942680845
"[0.5373332790036964, 0.976872042313939, -0.7011909136017119, 0.3649270995060211]",42.80573696261484,4.435470526749481
"[0.5376744543271903, 0.9690130068298795, -0.6993362470047283, 0.3715481124230181]",42.79740508659472,4.435533359230877
"[0.5375440044770676, 0.9615274381745942, -0.6975749304269787, 0.37795284080768937]",42.79054831284035,4.435596191712274
"[0.5370000685121787, 0.9543665404239963, -0.6959072383363568, 0.38418206986664727]",42.78504549113164,4.435659024193671
"[0.5360879672673169, 0.9474906829152945, -0.6943358025440757, 0.390269379269186]",42.78081118389606,4.435721856675068
"[0.5348432041179352, 0.940864500289974, -0.6928647412898891, 0.39624533276116064]",42.77778610905897,4.435784689156463
"[0.5332935988418362, 0.9344566049580464, -0.6914998950485726, 0.40213772195349506]",42.77593381209886,4.435847521637861
"[0.5314605700604663, 0.9282378299278831, -0.6902487802334881, 0.40797313162847815]",42.77523800244518,4.435910354119257
"[0.5293609335411738, 0.9221828244201077, -0.6891212758109042, 0.41377537421865446]",42.77570149271353,4.435973186600654
"[0.5270062753903846, 0.916265009442606, -0.6881290974631379, 0.41957021850751414]",42.777345874935214,4.43603601908205
"[0.5244046374895367, 0.9104597599415849, -0.6872870187788633, 0.4253823607677288]",42.78021277876456,4.436098851563447
"[0.5215601495861932, 0.9047417945315617, -0.6866131560658424, 0.43123790066677276]",42.78436615204195,4.436161684044843
"[0.5184728978204863, 0.8990842334762396, -0.6861299195789266, 0.4371653070560951]",42.78989680628519,4.436224516526241
"[0.5151389058219764, 0.8934580630933872, -0.6858654227495679, 0.4431959553844926]",42.79692856297042,4.436287349007637
"[0.5115497624441422, 0.8878309575904194, -0.6858553977408592, 0.449365272922787]",42.80562751576655,4.436350181489034
"[0.5076910531654936, 0.8821643488150529, -0.6861460987787852, 0.4557157555258682]",42.816218556673704,4.43641301397043
"[0.5035417623624748, 0.8764120188699238, -0.6867988137048271, 0.4622981780855208]",42.82900670555509,4.436475846451827
"[0.49907113198183667, 0.8705145864920044, -0.6878971769457605, 0.46917702696702546]",42.84441723379905,4.436538678933224
"[0.4942340062585826, 0.8643914587893838, -0.6895599852423114, 0.47643819624799616]",42.863064459002835,4.4366015114146204
"[0.4889632084223222, 0.8579270429894043, -0.6919647916117767, 0.48420158985539286]",42.88587737385623,4.436664343896016
"[0.48315461978154967, 0.8509426671752103, -0.6953958562879732, 0.49264592866241536]",42.914356577555786,4.436727176377413
"[0.4766278165132755, 0.8431237471236112, -0.7003615929277153, 0.5020733290871724]",42.95121646290174,4.43679000885881
"[0.46902650146200536, 0.8338181546966765, -0.7079398570294084, 0.5130767345743711]",43.002263888253964,4.436852841340206
"[0.4593496339451471, 0.8210487516084105, -0.7214457251575009, 0.5273356801048142]",43.085592783425774,4.436915673821603
"[0.11801851295944796, 0.7532004632882293, -0.6589228570224902, 0.406121658021586]",84.03501433320389,4.44030862781702
"[0.08599017188587747, 1.0834586536303756, -0.9446893802001792, 0.32710265939833216]",66.25810883538922,4.440874120149589
"[0.3013971225014613, 1.0639860393400178, -0.9056544328370235, 0.5433909917714647]",52.42676587858893,4.441125450075176
"[0.3507125571378435, 1.0128034830867254, -0.916722821885475, 0.5707659575773197]",52.230655661527905,4.441313947519366
"[0.24927035450517043, 0.6713113512672172, -0.8393275674160965, 0.5424874560745758]",66.5820391154046,4.441502444963556
"[0.3343005628408504, 1.0566765978365036, -0.8578491176420996, 0.5498174172075323]",86.0617007408296,4.441565277444952
"[0.2616432498922372, 0.6216278335805564, -0.9791938719574532, 0.4612187495639857]",93.78723661232576,4.441690942407746
"[0.49264504895551764, 0.7805578029337441, -0.6574594461392649, 0.40992459064879294]",65.24358034828391,4.441753774889142
"[0.3968974196765108, 0.9967395086314418, -0.8200635888830964, 0.567230657719238]",49.055489349940636,4.442130769777521
"[0.4412825038226307, 1.0488357197030367, -0.7066034615950206, 0.44561691816512133]",78.65307089027772,4.442633429628695
"[0.2974254413469639, 1.0348976703136714, -0.9863231978317362, 0.538755041815618]",92.62893351527043,4.442947592035678
"[0.5524759308639783, 1.0157655797760514, -0.750316707456761, 0.2788983028521846]",53.54116120728347,4.443261754442661
"[0.3002271469586833, 0.7494907764542382, -0.5722323167650956, 0.28974080622489923]",52.631240656509775,4.443324586924057
"[0.07293311019723525, 0.7336438194903939, -0.7587185255519701, 0.4392873920320771]",91.38978457636077,4.443952911738023
"[0.21857104881997128, 0.7513153734995082, -0.5983547413441986, 0.39253837760925697]",48.17141911566332,4.446026383624111
"[0.08575148472676512, 0.7074926495919855, -0.837133130782868, 0.4677205297874126]",71.54382893212957,4.446277713549698
"[0.5417221073385016, 0.9662806621751642, -0.7016239061358718, 0.3670183076461508]",61.238905782577945,4.448037023028803
"[0.4772368615570005, 1.0096307828842075, -0.6950935882651752, 0.43691933553127515]",68.6483483127985,4.450298992359081
"[0.2681003981018315, 0.7432034971431546, -0.6040530469820606, 0.4235624494704826]",54.018348290239466,4.450675987247461
"[0.45240696181231316, 0.8926993232746914, -0.7707712367147599, 0.5588189785661755]",76.0581449840982,4.4518069719126
"[0.010479168258560823, 0.7562493089390934, -0.8615646901923745, 0.36408587225356176]",64.04551852038018,4.452058301838186
"[0.4686595747265433, 0.8815319037573445, -0.7263086985334803, 0.5275801805638377]",42.713560784431216,4.452749459133549
"[0.49189702832619503, 0.9882891022485348, -0.6917654901403217, 0.4336435597183863]",42.555667836090805,4.452812291614945
"[0.4414130159961245, 1.096711171953896, -0.7062818968257677, 0.33561526716862566]",42.6784224018797,4.452875124096342
"[0.09904273726522515, 0.7696178805084517, -0.6509685738503458, 0.3638147938070352]",49.76233345662773,4.453189286503325
"[0.6080681518232551, 0.875199743664215, -0.9333679917577605, 0.3217903915758621]",92.61648868960592,4.4536291138731015
"[0.4208250944026273, 1.0264722097562644, -0.7396483750383397, 0.5090142713341514]",78.0528924372321,4.453817611317291
"[0.580619168103455, 0.9125963104521788, -0.7345552648372973, 0.342422113458545]",93.55277668390768,4.453943276280084
"[0.10851988388131642, 0.7124769104979174, -0.7811908434233777, 0.4804475622139565]",76.58694073695317,4.457776057645277
"[0.13724607355851687, 0.716008644820547, -0.7397705248233513, 0.48725874344438264]",70.29440442506431,4.457901722608071
"[0.20690554277130965, 1.1077355981610195, -0.9238917965795463, 0.47193337242261757]",74.05625846348876,4.457964555089467
"[0.296221044651351, 0.705061553667059, -0.7430027317572924, 0.5427792837520558]",64.21279038058074,4.45809022005226
"[0.23299585819910854, 1.061348847453311, -1.0108426413163776, 0.4907542006050641]",52.18967730081335,4.458530047422037
"[0.35533915706176333, 0.6174603227293205, -0.9439436521775345, 0.47053364695305033]",47.36315439640687,4.459598199605779
"[0.10720013340869873, 1.1148748696935555, -0.8807706240041759, 0.3261674079686013]",44.54805593487699,4.459661032087176
"[0.31486393752604624, 1.110400322605803, -0.7943767437346423, 0.4868861469594336]",44.14040424366887,4.459723864568573
"[0.385245594518627, 1.0131582327789042, -0.8231593674997956, 0.563149429375205]",44.17022291793904,4.459786697049969
"[0.5641588848254977, 0.7661960172414419, -0.7366293677183667, 0.3592523670462734]",51.45992356078173,4.4718505334781185
"[0.4659837886365059, 0.6284608810113699, -0.9098886875659767, 0.4186949525690692]",66.78920887769269,4.471976198440911
"[0.3908542233146429, 0.6282770226462696, -0.9259195498878022, 0.47785923826053917]",48.8677302299404,4.472793020699067
"[0.10621251725567508, 1.115822443715968, -0.8640207223331401, 0.3066205456982601]",45.89623122094599,4.472855853180464
"[0.28508780371773207, 1.1402749594846129, -0.7775285671677098, 0.4293565518600775]",45.48028190764467,4.472918685661861
"[0.34615224534562, 1.099713853986456, -0.7687590852409674, 0.483844885076352]",45.41088811038758,4.472981518143257
"[0.3827628901918903, 1.0486437469345453, -0.7783032498001972, 0.5282666608433217]",45.40759167954566,4.4730443506246536
"[0.4073716922450503, 0.9859896620893742, -0.808540691452359, 0.5660364717137105]",45.4689609950624,4.47310718310605
"[0.43574771243229893, 0.893158516501359, -0.8917018587315119, 0.5831555622357436]",45.70514017241129,4.4731700155874465
"[0.17481973169439477, 1.1416091482828759, -0.847326341040495, 0.38963172009760516]",50.100127668957825,4.473986837845603
"[0.5554576248709342, 0.9639952237002322, -0.7141812437205469, 0.34568005402208213]",52.72861830009242,4.4743638327339825
"[0.3668087992351788, 1.0423928369646893, -0.8171647676061017, 0.5490858307700613]",44.61772799774577,4.476060309731691
"[0.2500467997777761, 1.1395696476318762, -0.8128770248325137, 0.44090235718494897]",44.681999460516245,4.476123142213087
"[0.45148920638952766, 1.0245204890146502, -0.7070262349808515, 0.4632470294526299]",74.8779643324572,4.476939964471244
"[0.39304212742043115, 0.7528622663423588, -0.6359782713326549, 0.4600486916536847]",68.35502095803022,4.47719129439683
"[0.4581224546836947, 0.9161724915230571, -0.7427500630905032, 0.5393444156293029]",60.04025511697582,4.477442624322417
"[0.6077966120813674, 0.8505137276991818, -0.8053805960429765, 0.33664479213012094]",64.01475003351962,4.47756828928521
"[0.22445439991539506, 0.7386251947954705, -0.6276511616033584, 0.4457387035828788]",88.19762176309763,4.493213577152965
"[0.054845030216533246, 0.7441188603205533, -0.7585881557158565, 0.4161682967879149]",76.585724023646,4.493590572041345
"[0.31370632068004545, 0.6978702427064848, -0.7737598757371424, 0.5510439222734029]",70.76865633855394,4.494093231892518
"[0.45304149292741186, 0.8934728253240725, -0.7679550478795694, 0.5573074926737791]",66.22884937398723,4.494407394299501
"[0.30031766713827845, 0.6469179544572401, -0.8993688376211674, 0.5255660438915682]",68.43024897417921,4.494847221669278
"[0.33065512525739615, 0.6785757526848959, -0.8322644503376773, 0.5505655395709401]",64.47331999710708,4.494972886632071
"[0.3201651825140156, 0.715099239630485, -0.7248059823862983, 0.5384779516180147]",57.79337333848201,4.496166703778607
"[0.0781032707968312, 0.6972599668503481, -0.937022644172366, 0.43129912689228367]",60.92464328248967,4.496606531148382
"[0.15104212114923216, 1.0701047746967862, -1.0226017398714426, 0.4079213216833004]",52.3166769487496,4.496795028592572
"[0.3361979381676902, 0.9968615917549227, -1.0116796106098354, 0.5456755039148705]",52.2304753820303,4.496857861073969
"[0.3995324075925152, 0.9698878229957419, -0.8622132096041724, 0.5815872243017174]",62.49253081590097,4.497611850850729
"[0.1652483300789023, 0.7658428168061568, -0.6033677237734939, 0.35306957556907925]",57.76166684193906,4.497800348294918
"[0.44738175511348693, 0.9716454509076171, -0.7355073082485059, 0.5238035983692892]",74.74108050764137,4.498051678220504
"[0.24298421946245546, 1.1558150708329773, -0.777473705404116, 0.3702121524777353]",57.095329492507595,4.498240175664694
"[0.4146073380863574, 0.923584339274689, -0.9523167427578897, 0.5758730356888068]",56.26921536895088,4.498303008146091
"[0.16534252417418416, 0.742787187498099, -0.6448627108293828, 0.4332920458828979]",50.36758880522287,4.499685322736816
"[0.36632088793892087, 0.7330468740175973, -0.7135833278045881, 0.5338368318186758]",50.8820836453091,4.499748155218213
"[0.2671126886259295, 1.1434688490827416, -0.7885771506912955, 0.4262748094610239]",53.60613628432862,4.500439312513575
"[0.35341288315019936, 1.0718344354578453, -0.7967837938952882, 0.5235963010767334]",52.440612657945444,4.5006278099577655
"[0.5279191287916067, 0.6663344812193571, -0.8684845601597754, 0.3903900366517394]",90.88337595768076,4.501758794622904
"[0.364463056859026, 0.97737465152199, -0.9852605840582566, 0.5631137227773224]",70.08224814282393,4.5018216271043014
"[0.14748850978900369, 0.6876784070172891, -0.835793139606443, 0.5098061112084952]",87.78871833793157,4.502198621992681
"[0.3462092062673185, 0.7440395795872546, -0.617438048395591, 0.4455626830333116]",56.640775766798114,4.502701281843853
"[0.5563630719413742, 1.0120369137053147, -0.7545590082296356, 0.27689465478664826]",42.5535755412062,4.502889779288043
"[0.5623638912998257, 1.0010261626725663, -0.7533649319194512, 0.2842646347102658]",42.52352675506168,4.50295261176944
"[0.5668216349697314, 0.9915715084884401, -0.7522059603086717, 0.2905382352277925]",42.49850113303326,4.5030154442508366
"[0.5702683614755057, 0.9831761415534385, -0.7510678205712722, 0.2960666188447726]",42.47678684983804,4.503078276732233
"[0.5729923267556077, 0.9755657206649068, -0.7499434468471233, 0.3010429687865238]",42.457455847490834,4.5031411092136295
"[0.5751699614461986, 0.9685693226077718, -0.7488289033271196, 0.3055872453512778]",42.43993967518321,4.503203941695026
"[0.5769179582083385, 0.962072920243716, -0.7477220475452466, 0.30977931011230736]",42.42386411287136,4.5032667741764225
"[0.5783184692895688, 0.9559949082816768, -0.7466215496628997, 0.3136761666325469]",42.40896549818078,4.50332960665782
"[0.5794318879971526, 0.9502740423122912, -0.7455264904749478, 0.3173204725046947]",42.395049171395314,4.503392439139216
"[0.5803041327532491, 0.944862257200807, -0.7444360750325449, 0.3207455739501044]",42.38196515771496,4.503455271620613
"[0.5809704937773842, 0.9397246831015706, -0.743350391687124, 0.3239758057539762]",42.369604054101316,4.503518104102009
"[0.5814596301010094, 0.9348293818914232, -0.7422687999640013, 0.3270331690870322]",42.35786956809557,4.503580936583406
"[0.5817944090192794, 0.9301531852737702, -0.7411914857327054, 0.3299337867732316]",42.34669093387634,4.503643769064803
"[0.5819938891262055, 0.9256741697748849, -0.7401180640489442, 0.3326927057924018]",42.33600363606684,4.5037066015462
"[0.5820738405103189, 0.9213757830300516, -0.7390487031608872, 0.3353214030848692]",42.325758489553735,4.503769434027595
"[0.5820476361490825, 0.9172427861671991, -0.7379833197537593, 0.33783035027135677]",42.31591133853813,4.503832266508993
"[0.5819266661934469, 0.9132623204243999, -0.736921938047576, 0.34022839457558396]",42.306425179285284,4.503895098990389
"[0.5817207152737927, 0.9094228781904178, -0.73586451579384, 0.3425234175285106]",42.297267395523974,4.503957931471786
"[0.5814382846256533, 0.9057147763794257, -0.7348111464410525, 0.3447220786615518]",42.28841063384521,4.504020763953182
"[0.5810867983976136, 0.9021292830243008, -0.7337618835623456, 0.34683036289495595]",42.27983055350461,4.504083596434579
"[0.5806727354971853, 0.8986582429548498, -0.7327166709854893, 0.34885381372772717]",42.271504769769955,4.504146428915975
"[0.5802019220881023, 0.895295194263644, -0.7316757206701349, 0.3507968982372252]",42.26341544317515,4.5042092613973725
"[0.5796793983877334, 0.8920332679949808, -0.7306389096069449, 0.35266424129340096]",42.255544120858595,4.504272093878769
"[0.5791098007332955, 0.8888671934550856, -0.7296064271466516, 0.354459476607503]",42.24787652865642,4.5043349263601655
"[0.5784971267164406, 0.8857912570538802, -0.7285781516340111, 0.35618642479740603]",42.24039755301546,4.504397758841562
"[0.5778452975560717, 0.8828018320545308, -0.7275545101627996, 0.3578476767044408]",42.2330973821701,4.5044605913229585
"[0.5771573543483618, 0.8798932185833572, -0.7265350891190892, 0.3594469238724083]",42.22596127768471,4.504523423804355
"[0.5764365053027473, 0.8770622551672341, -0.7255202234696817, 0.3609863980923315]",42.21898086570115,4.504586256285752
"[0.5756853942332456, 0.8743048413767316, -0.7245098108150504, 0.36246880234275175]",42.212145553556326,4.504649088767149
"[0.574906551026954, 0.8716176755585299, -0.7235039320189267, 0.3638963597136951]",42.205446808168446,4.5047119212485445
"[0.5741023210159997, 0.868997769158523, -0.7225026956964212, 0.3652710879395085]",42.19887694998046,4.504774753729942
"[0.5732748474542521, 0.8664422811918416, -0.7215061856048607, 0.36659489123684774]",42.19242871297055,4.504837586211338
"[0.5724259492183686, 0.8639481049276048, -0.7205143007076295, 0.36786977164615103]",42.1860941864463,4.504900418692735
"[0.5715574965107308, 0.8615129332003473, -0.7195271812600491, 0.3690972828354864]",42.1798675139667,4.504963251174131
"[0.5706711251812635, 0.8591343179210466, -0.718544847739129, 0.37027901904053184]",42.17374248730479,4.505026083655528
"[0.5697683845030105, 0.856810055091778, -0.717567359087314, 0.3714164199313797]",42.167713534463324,4.505088916136924
"[0.5688506288760602, 0.8545378609123847, -0.7165946823134457, 0.37251093153703374]",42.16177488271295,4.505151748618322
"[0.5679192568288804, 0.8523159334625418, -0.7156269365133849, 0.3735637362174551]",42.15592197988597,4.505214581099718
"[0.5669755320976081, 0.8501424542888204, -0.7146641884064503, 0.3745759991942271]",42.15015024295466,4.505277413581115
"[0.5660204732655013, 0.8480153405598789, -0.7137063393765667, 0.3755489777836679]",42.144454356637496,4.505340246062511
"[0.5650552663032414, 0.8459331537499365, -0.7127535352236233, 0.37648360348039434]",42.13883070412365,4.505403078543908
"[0.5640808957156497, 0.8438942357720801, -0.7118057851542063, 0.37738088362107386]",42.133275053857794,4.505465911025304
"[0.5630982810076449, 0.8418970077274278, -0.7108630961531882, 0.37824176202696747]",42.12778335360801,4.5055287435067015
"[0.5621083901791694, 0.8399401744217133, -0.709925574820011, 0.3790670348758251]",42.122352303929766,4.505591575988097
"[0.5611120143386958, 0.8380222540256013, -0.7089932073462628, 0.37985755351484063]",42.11697805539387,4.505654408469494
"[0.5601099527891703, 0.836141939898568, -0.7080660329309656, 0.380614069527429]",42.11165720800542,4.505717240950891
"[0.5591030389679948, 0.8342981219746888, -0.7071441609556628, 0.3813372329483765]",42.10638688101326,4.5057800734322875
"[0.5580917711872871, 0.8324892074358943, -0.7062274314069737, 0.3820278562680529]",42.10116276910883,4.505842905913684
"[0.5570771122734473, 0.8307145534953998, -0.705316139535328, 0.3826863627300518]",42.095983254885304,4.5059057383950805
"[0.5560594929545493, 0.8289726749697942, -0.7044101296683851, 0.3833134714655467]",42.090844252190095,4.505968570876477
"[0.5550395624158676, 0.8272625734533595, -0.7035094721757947, 0.38390969288959526]",42.08574302475299,4.506031403357874
"[0.5540179656834464, 0.8255833234639629, -0.7026142578758215, 0.38447549137015324]",42.080677026714994,4.506094235839271
"[0.5529952391478347, 0.8239338961622027, -0.7017245050867764, 0.385011344194512]",42.075643354070074,4.506157068320667
"[0.5519719545700181, 0.8223133922194363, -0.7008402846167994, 0.38551766227323564]",42.07063944857297,4.506219900802064
"[0.5509486000224231, 0.8207208443364217, -0.699961614697315, 0.3859948544625463]",42.06566249266596,4.50628273328346
"[0.5499255555602183, 0.819155183553224, -0.6990884405869603, 0.3864433308694064]",42.06070928429144,4.506345565764857
"[0.5489035256670405, 0.8176158907724321, -0.6982210013349777, 0.3868633206770099]",42.0557783240372,4.506408398246254
"[0.5478827835427206, 0.8161018401948151, -0.6973591845306301, 0.3872551998694174]",42.050866109482726,4.50647123072765
"[0.5468639094402051, 0.8146124132080024, -0.6965031531493371, 0.387619182577195]",42.045970732715794,4.506534063209046
"[0.5458472668793494, 0.8131467105959622, -0.6956529010509814, 0.3879555313040211]",42.041089314744674,4.506596895690444
"[0.5448333006671003, 0.8117039905341823, -0.6948085037176249, 0.3882644440216966]",42.03621943314625,4.50665972817184
"[0.5438223467064813, 0.8102833907222817, -0.6939699584149996, 0.3885461176170193]",42.03135820254552,4.506722560653237
"[0.5428148819089839, 0.808884278346823, -0.69313739123267, 0.3888006758034454]",42.0265034621037,4.506785393134633
"[0.5418113104972053, 0.8075059431356073, -0.6923108786110604, 0.3890282347616867]",42.021652741494606,4.50684822561603
"[0.5408120106873534, 0.8061476628309259, -0.6914904861124115, 0.38922888635546865]",42.016803460186665,4.506911058097426
"[0.5398172944915179, 0.8048086478444675, -0.6906762354005564, 0.3894027024313906]",42.01195273446874,4.5069738905788235
"[0.5388275269362199, 0.8034882003301864, -0.6898682017329679, 0.3895497109266622]",42.007097945127626,4.50703672306022
"[0.5378432596930699, 0.8021858839908669, -0.6890666217296062, 0.3896698889526004]",42.002237397339364,4.507099555541616
"[0.53686461993618, 0.8009007128037765, -0.6882713954530131, 0.3897632384067908]",41.99736727612014,4.507162388023013
"[0.5358920598971612, 0.7996321427174029, -0.6874826971627963, 0.38982968815807545]",41.992485361984016,4.507225220504409
"[0.534925854805611, 0.7983794057238551, -0.6867005665463173, 0.3898691517694593]",41.987588513588335,4.507288052985806
"[0.5339665564933612, 0.7971420976731326, -0.6859252763125229, 0.38988150347215417]",41.98267497041937,4.507350885467202
"[0.5330143024106424, 0.7959192824091897, -0.6851567734139842, 0.3898665964956754]",41.97774078946384,4.507413717948599
"[0.5320695994490818, 0.7947105014799617, -0.684395312898608, 0.3898242495412618]",41.972783895065795,4.507476550429995
"[0.5311326966351437, 0.7935149645520951, -0.6836409515881465, 0.38975424416459475]",41.967800799615176,4.507539382911393
"[0.5302040196497472, 0.7923321043953854, -0.682893898934842, 0.3896563377223232]",41.96278887807206,4.507602215392789
"[0.5292839118729242, 0.7911612435503314, -0.6821543088101127, 0.3895302502042387]",41.95774498750024,4.507665047874186
"[0.5283726332906575, 0.79000159142023, -0.6814222794909343, 0.3893756500316474]",41.95266542878408,4.507727880355582
"[0.5274705812859916, 0.7888525227065413, -0.680698031739915, 0.38919218713890424]",41.94754716669142,4.507790712836979
"[0.5265782089744702, 0.7877134718656473, -0.6799818438318317, 0.3889794939142089]",41.94238739791503,4.507853545318375
"[0.5256957489101477, 0.7865835783228619, -0.6792738308487237, 0.3887371134151691]",41.93718192768121,4.507916377799773
"[0.5248236024342232, 0.7854621807344067, -0.6785742583000438, 0.3884645857780248]",41.93192742350343,4.507979210281168
"[0.5239621682387677, 0.7843485970025685, -0.6778834057441137, 0.38816141449126895]",41.92662041849005,4.508042042762566
"[0.5231118371536045, 0.7832421156409467, -0.677201564064377, 0.3878270623411165]",41.921257275832374,4.508104875243962
"[0.5222729055927734, 0.7821418795645634, -0.6765289677135821, 0.38746090852628773]",41.915833617087706,4.508167707725359
"[0.5214458031131713, 0.7810471807248891, -0.6758659790002569, 0.387062340049839]",41.91034576458751,4.508230540206756
"[0.5206308347347353, 0.7799571196215965, -0.6752128835610198, 0.38663063748758647]",41.9047890509039,4.508293372688152
"[0.5198284988487758, 0.7788710264735037, -0.674570147449494, 0.3861651346610554]",41.899159983111105,4.508356205169548
"[0.5190390890727423, 0.7777879258244879, -0.6739381006561493, 0.3856650040468782]",41.89345347412449,4.508419037650945
"[0.5182630200844136, 0.7767069719902955, -0.6733172010582549, 0.3851294332620054]",41.88766513144668,4.508481870132342
"[0.5175006546603138, 0.7756272123637454, -0.6727078990811262, 0.38455752234714297]",41.881789978144006,4.508544702613738
"[0.5167524529335165, 0.7745477963669128, -0.6721107605252018, 0.38394839258801755]",41.87582366130411,4.508607535095135
"[0.5160188120377116, 0.7734677493451054, -0.6715263421628235, 0.3833010712945278]",41.869761189124006,4.508670367576531
"[0.5152999735030153, 0.7723858215902735, -0.6709551229526298, 0.38261437884716326]",41.863596056956325,4.508733200057928
"[0.5145964887745353, 0.7713011846235035, -0.6703978789722074, 0.38188736682683]",41.85732424164476,4.508796032539325
"[0.5139086512168682, 0.7702125799768933, -0.6698552370652943, 0.38111878585130576]",41.85093934240072,4.508858865020722
"[0.5132369169368416, 0.7691189608930249, -0.6693280142935497, 0.3803075061801409]",41.844436330736876,4.508921697502117
"[0.5125815579001776, 0.7680189412351959, -0.6688169509001722, 0.37945212804142797]",41.837808282046296,4.508984529983515
"[0.5119429553446806, 0.7669112667027183, -0.6683229482527253, 0.37855132454032625]",41.83104922109903,4.509047362464911
"[0.5113214913748487, 0.7657946515181346, -0.6678469901149455, 0.3776037366283614]",41.82415319782552,4.509110194946308
"[0.510717477048614, 0.764667651076516, -0.6673900957457428, 0.3766078666498362]",41.817113502658465,4.509173027427704
"[0.5101312461000522, 0.763528833135224, -0.66695340058352, 0.3755622257425201]",41.80992376553267,4.509235859909101
"[0.5095630083705035, 0.7623764980526068, -0.6665380567985019, 0.3744650807816038]",41.80257622053755,4.509298692390497
"[0.5090130889830846, 0.7612091602787234, -0.6661454201704463, 0.3733149089992615]",41.795064787344934,4.509361524871895
"[0.5084816719568334, 0.760025046547942, -0.6657768721815556, 0.3721099321502091]",41.78738192292836,4.509424357353291
"[0.5079688845195025, 0.7588222568214622, -0.6654338974980692, 0.3708482600965896]",41.779519658966514,4.5094871898346875
"[0.5074749072042766, 0.7575990491790393, -0.6651181676880301, 0.36952820285080773]",41.77147151065724,4.509550022316084
"[0.5069997630142177, 0.7563533659030934, -0.6648314125421521, 0.36814778137994836]",41.76322942902791,4.5096128547974805
"[0.506543384321031, 0.7550829794257606, -0.664575486431552, 0.36670486990579887]",41.75478475663026,4.509675687278877
"[0.5061057285509504, 0.7537858537088641, -0.6643524443737874, 0.3651976188205101]",41.746130706783354,4.509738519760274
"[0.5056865769031094, 0.7524596261237244, -0.6641644406848985, 0.3636238776146557]",41.73725894723533,4.50980135224167
"[0.5052856757688116, 0.7511020656532155, -0.6640138140797298, 0.3619817336147945]",41.72816268314269,4.5098641847230665
"[0.5049025603120091, 0.7497105526308094, -0.6639030247788195, 0.36026889814656987]",41.71883324368134,4.509927017204464
"[0.5045366820637093, 0.7482825481893866, -0.663834720868093, 0.3584832744339239]",41.70926323572814,4.50998984968586
"[0.5041873892739305, 0.746815663151888, -0.663811714999783, 0.3566230683371977]",41.69944704911506,4.510052682167257
"[0.503853730152457, 0.745306921415521, -0.6638369729354099, 0.35468585875966974]",41.689375920185654,4.510115514648653
"[0.5035346231312198, 0.743753522960395, -0.6639136474093384, 0.35266955744598355]",41.67904308845302,4.51017834713005
"[0.5032288367713769, 0.7421529742022442, -0.6640450252570308, 0.35057259914106187]",41.6684446237822,4.510241179611447
"[0.5029348123849904, 0.7405023354992808, -0.66423456463731, 0.3483929590627203]",41.657574409975766,4.510304012092844
"[0.5026507833485738, 0.7387989581822357, -0.6644858368697846, 0.3461291070311671]",41.64642898207647,4.51036684457424
"[0.5023746960356534, 0.7370402442539146, -0.6648025170361399, 0.3437796856320859]",41.635005882297406,4.510429677055637
"[0.5021041745191551, 0.7352235793018164, -0.6651883840580918, 0.3413434016668583]",41.623303098924694,4.510492509537033
"[0.5018365943867467, 0.7333470137435248, -0.6656471414475269, 0.33881991712189596]",41.61132336411074,4.51055534201843
"[0.5015689058126072, 0.7314082150198012, -0.6661826164892739, 0.3362084115187876]",41.59906720370494,4.510618174499827
"[0.5012977926578868, 0.7294056978240698, -0.666798426620619, 0.33350919552200203]",41.58654062390855,4.510681006981223
"[0.5010196630594971, 0.7273388831916293, -0.6674978349233291, 0.330723744423557]",41.57375506038539,4.510743839462619
"[0.5007304787472096, 0.7252068119778774, -0.6682841212818282, 0.32785290465563754]",41.56071907831802,4.5108066719440165
"[0.5004260481288652, 0.7230102059854229, -0.6691598096495278, 0.32489960392983946]",41.547450759909246,4.510869504425413
"[0.5001019118335225, 0.7207503601415617, -0.6701269389489453, 0.3218672826438604]",41.533970374139145,4.5109323369068095
"[0.49975347350981836, 0.7184296847424594, -0.671186764069195, 0.3187605441061005]",41.52030322663253,4.510995169388206
"[0.49937600250961095, 0.7160512218259385, -0.6723398856778597, 0.3155844295677585]",41.50647634903279,4.5110580018696025
"[0.4989650281631096, 0.7136204626418479, -0.6735852605744854, 0.312346771428564]",41.4925286077407,4.511120834350999
"[0.4985160503212342, 0.7111427315994846, -0.6749213768360078, 0.3090546400148964]",41.47849503712516,4.511183666832396
"[0.49802522913447916, 0.7086262860127184, -0.6763445509766483, 0.30571842889530504]",41.46442425303169,4.511246499313793
"[0.49748894571400554, 0.7060789426763172, -0.6778506557029368, 0.3023473568588168]",41.450359027198104,4.5113093317951884
"[0.49690446012374795, 0.703510623835389, -0.6794336478347975, 0.29895286432730456]",41.43635048737372,4.511372164276586
"[0.4962696890375463, 0.7009313989221677, -0.6810866538472204, 0.29554606967942076]",41.42244722977742,4.511434996757982
"[0.4955835774866532, 0.6983524302944282, -0.682801375611947, 0.2921391044538982]",41.40870068100161,4.511497829239379
"[0.4948459064809971, 0.6957846380580232, -0.6845689496217517, 0.2887434616694476]",41.39515818015463,4.511560661720775
"[0.4940573342088548, 0.6932386323967588, -0.6863800675586376, 0.2853700360392296]",41.38186315590827,4.511623494202172
"[0.49321946628693025, 0.6907247933719634, -0.6882249814067171, 0.28202936731466477]",41.36885605832189,4.511686326683568
"[0.49233476856594305, 0.6882529220604066, -0.6900938129628837, 0.2787313166049021]",41.3561730789292,4.511749159164966
"[0.491406011664126, 0.6858308668865506, -0.6919777049490358, 0.2754833505329538]",41.343839667200946,4.511811991646362
"[0.4904368372816881, 0.6834663463736516, -0.693867547140826, 0.2722930701933563]",41.33188045099997,4.511874824127759
"[0.48943087016936726, 0.6811649322476582, -0.6957556481613049, 0.26916557426975296]",41.320309388272086,4.511937656609155
"[0.4883920667408261, 0.6789313292891795, -0.697634846385573, 0.2661052119525438]",41.30913666748183,4.512000489090552
"[0.48732455816023756, 0.6767692643451036, -0.6994986667928395, 0.2631154576885774]",41.298368398179704,4.512063321571948
"[0.48623218807333124, 0.6746808560901693, -0.7013419525612693, 0.26019802660267854]",41.28800367435116,4.5121261540533455
"[0.48511857602748837, 0.6726671230876249, -0.703160533034052, 0.25735352334614975]",41.278037211129806,4.512188986534741
"[0.483987421853426, 0.6707287571404181, -0.7049505816410057, 0.2545824914730898]",41.26846327177501,4.512251819016138
"[0.482842100028345, 0.6688655507265362, -0.7067091653602293, 0.251884566158334]",41.25927277598822,4.512314651497535
"[0.4816855084065533, 0.6670763753348966, -0.7084343300983185, 0.24925836415238012]",41.25045316779403,4.5123774839789315
"[0.48052057500574086, 0.6653601211487777, -0.7101242355023873, 0.24670279488902855]",41.241993001237894,4.512440316460328
"[0.4793496348265709, 0.6637148376888319, -0.7117780047930513, 0.24421574381563735]",41.23387759490833,4.512503148941724
"[0.39797709115765467, 0.7550818967618197, -0.6534189117524088, 0.48135740239549135]",42.242787174099,4.512565981423121
"[0.39752214120130874, 0.7548996604895153, -0.6525708983634034, 0.48049286763781573]",42.23683477031084,4.512628813904518
"[0.3970563033129736, 0.7547156261114665, -0.6517432546518777, 0.47964789991742873]",42.23104951420485,4.512691646385915
"[0.39657994910632594, 0.7545301192797698, -0.6509351865847256, 0.4788220160629624]",42.2254258167735,4.512754478867311
"[0.3960934089098418, 0.7543434287996534, -0.6501458670870253, 0.4780146591236065]",42.219957769231634,4.512817311348708
"[0.39559702859285273, 0.7541558305936009, -0.649374537769358, 0.477225305679613]",42.21463989014565,4.512880143830104
"[0.3950911989250784, 0.7539675994526526, -0.6486205458368507, 0.4764535069533025]",42.20946735968336,4.512942976311501
"[0.39457628602866296, 0.7537789837018721, -0.647883232882866, 0.47569877795255555]",42.20443526451325,4.513005808792898
"[0.3940525599542365, 0.7535901815251997, -0.647161845453697, 0.4749605086766042]",42.19953799876519,4.513068641274295
"[0.3935204442212537, 0.7534014325954066, -0.6464558827955692, 0.47423832264742904]",42.19477164465072,4.51313147375569
"[0.39298018861759093, 0.7532129013664121, -0.6457646463499637, 0.47353161832130536]",42.1901309066053,4.513194306237088
"[0.392432118112947, 0.753024767660585, -0.645087579854819, 0.4728399193878627]",42.18561143813976,4.513257138718484
"[0.3918767111189674, 0.7528372515144783, -0.6444243418648954, 0.4721629504156014]",42.18121029251688,4.513319971199881
"[0.3913141055099411, 0.7526504469884818, -0.6437742133404256, 0.4715000339727462]",42.176922001132176,4.513382803681277
"[0.3907447257271624, 0.7524645353169238, -0.6431368500359412, 0.47085086044123126]",42.1727435638645,4.513445636162674
"[0.39016876078855506, 0.7522796114402804, -0.6425116711387143, 0.4702148660388728]",42.16867042354511,4.51350846864407
"[0.389586549196943, 0.752095811402547, -0.6418982956062628, 0.4695916789302114]",42.16469932240783,4.5135713011254674
"[0.38899846986152964, 0.7519132752514879, -0.6412964061268063, 0.4689809814617642]",42.160827432816745,4.513634133606864
"[0.3884046397248479, 0.7517320549705064, -0.640705445552124, 0.4683822036742738]",42.1570503432841,4.51369696608826
"[0.3878053717970994, 0.7515522578929844, -0.6401250880602519, 0.4677950026341644]",42.15336518126969,4.513759798569657
"[0.38720097314717805, 0.7513739829252484, -0.6395550226959467, 0.467219043373615]",42.149769155419996,4.513822631051053
"[0.3865916376053171, 0.751197290197848, -0.6389948554360392, 0.46665390107524973]",42.146258962002626,4.51388546353245
"[0.3859776516505763, 0.751022262336838, -0.6384443028099648, 0.4660992575332037]",42.14283200395412,4.513948296013847
"[0.3853591596597371, 0.7508489372272792, -0.6379029767635344, 0.4655546849342614]",42.13948504828589,4.514011128495243
"[0.3847365181325053, 0.7506774083753774, -0.6373706968988639, 0.46501996081978286]",42.13621617410876,4.514073960976639
"[0.38410985897632177, 0.7505077028637105, -0.6368471071584431, 0.4644946830526104]",42.13302238357167,4.514136793458037
"[0.3834793979059298, 0.7503398681501658, -0.6363319449454069, 0.4639785410864357]",42.12990126941113,4.514199625939433
"[0.3828453072958082, 0.750173937292481, -0.6358249311342302, 0.46347120591206814]",42.12685035688376,4.51426245842083
"[0.3822078934100745, 0.750009975247487, -0.6353259095898314, 0.46297247000894826]",42.12386792887028,4.514325290902226
"[0.3815672360997265, 0.7498479857411395, -0.6348345616555352, 0.46248196222218246]",42.12095129911303,4.514388123383623
"[0.3809235073585066, 0.7496879947899578, -0.6343506596552604, 0.46199940172089476]",42.118098364472665,4.514450955865019
"[0.3802769516749667, 0.7495300440237184, -0.6338740440746441, 0.46152457512368567]",42.11530744470896,4.514513788346417
"[0.3796276818784809, 0.7493741406595412, -0.6334044711896978, 0.4610571849026807]",42.11257637446606,4.514576620827813
"[0.37897595628471553, 0.7492203251509135, -0.6329418159714809, 0.46059705173684795]",42.10990370739189,4.514639453309209
"[0.3783218302150584, 0.7490685881558418, -0.6324858209118204, 0.46014386476373426]",42.10728724783956,4.514702285790606
"[0.37766544922806916, 0.7489189409356036, -0.6320363068420941, 0.45969739154832845]",42.10472528102135,4.5147651182720026
"[0.37700702709067735, 0.7487714086906256, -0.6315931516392193, 0.4592574568656452]",42.102216433953885,4.5148279507534
"[0.37634665149438634, 0.7486259868792348, -0.6311561580989647, 0.45882381165004216]",42.099758934052474,4.5148907832347955
"[0.375684487369973, 0.7484826872853556, -0.6307251914282131, 0.4583962696362298]",42.097351367509944,4.514953615716192
"[0.37502062086259635, 0.7483415036899473, -0.6303000752031271, 0.45797460419058555]",42.094992124211785,4.515016448197589
"[0.3743552505741911, 0.748202452969727, -0.629880714285578, 0.4575586703258492]",42.09268006474945,4.515079280678986
"[0.37368833414816904, 0.7480655011266568, -0.6294668710078947, 0.45714818276404834]",42.09041326611325,4.515142113160382
"[0.3730201770447547, 0.7479306853772141, -0.6290585330467126, 0.45674308087261883]",42.08819108640856,4.515204945641779
"[0.37235079491555345, 0.747797982699206, -0.6286555157500037, 0.45634313426928064]",42.086011944866115,4.515267778123175
"[0.371680293882782, 0.7476673883491736, -0.6282576986502343, 0.45594817743824684]",42.083874632177405,4.515330610604572
"[0.37100878822764205, 0.7475388986721003, -0.6278649730985433, 0.45555805783119774]",42.08177802242144,4.515393443085969
"[0.3703363874928874, 0.7474125085658131, -0.627477234063811, 0.45517262775774675]",42.07972103148,4.515456275567366
"[0.3696631671965341, 0.7472882062065364, -0.6270943633469719, 0.45479172769551685]",42.07770251231014,4.515519108048761
"[0.36898918740475656, 0.7471659769472636, -0.626716240812468, 0.4544151974088819]",42.075721330756714,4.515581940530159
"[0.3683145886339499, 0.7470458204833024, -0.6263427972402973, 0.45404292861883205]",42.07377664485314,4.515644773011555
"[0.3676393898277152, 0.7469277145406106, -0.6259739013499377, 0.4536747524463714]",42.07186729228023,4.515707605492952
"[0.36696380653481847, 0.7468116709537828, -0.6256095342639235, 0.45331061346704815]",42.06999272027679,4.515770437974348
"[0.36628775475150627, 0.7466976496797637, -0.6252495198754315, 0.4529503004187118]",42.06815156331707,4.515833270455745
"[0.36561139527254227, 0.7465856527234629, -0.6248938190667892, 0.4525937401351613]",42.066343198372145,4.515896102937141
"[0.3649347858186004, 0.7464756643545598, -0.6245423417276902, 0.45224080968202]",42.06456673653735,4.5159589354185385
"[0.36425800464514096, 0.7463676722055789, -0.6241950128607473, 0.451891402449648]",42.06282139194426,4.516021767899935
"[0.3635810509033539, 0.7462616514977349, -0.6238517214382368, 0.45154537664711164]",42.06110620036507,4.5160846003813315
"[0.36290408946852865, 0.746157603457493, -0.6235124444653289, 0.45120268031752186]",42.05942066513905,4.516147432862728
"[0.36222708038073104, 0.7460554975533779, -0.6231770593866373, 0.4508631621352515]",42.057763791238074,4.5162102653441245
"[0.361550196548875, 0.7459553356381423, -0.6228455531215753, 0.4505267825728224]",42.05613515854976,4.516273097825521
"[0.3608733887340412, 0.745857086388338, -0.6225178064437584, 0.45019339557914406]",42.05453381442459,4.516335930306918
"[0.3601967602154044, 0.7457607412304369, -0.6221937782509207, 0.44986293534434413]",42.05295922103033,4.516398762788314
"[0.35952039294338656, 0.7456662881757757, -0.6218734193939303, 0.4495353290428114]",42.051410794160496,4.5164615952697105
"[0.3588442546165449, 0.745573699514333, -0.6215566297915969, 0.4492104526482199]",42.04988772476881,4.516524427751108
"[0.3581683909601973, 0.7454829588937216, -0.6212433497680699, 0.44888822419653346]",42.048389408956595,4.516587260232504
"[0.3574930008007837, 0.7453940700395745, -0.6209335921623601, 0.4485686375170194]",42.046915605955164,4.516650092713901
"[0.3568179562948497, 0.7453069934873814, -0.6206272219362851, 0.448251534910934]",42.045465359585236,4.516712925195297
"[0.356143378990334, 0.7452217228985769, -0.6203242211682292, 0.44793688025969125]",42.04403830850318,4.516775757676694
"[0.35546929085115087, 0.74513823905057, -0.6200245287270586, 0.44762459363561297]",42.04263387077,4.51683859015809
"[0.3547956927417307, 0.7450565205257818, -0.6197280767956017, 0.4473145887489122]",42.04125145587897,4.516901422639488
"[0.35412274984833536, 0.7449765657583276, -0.6194348715738315, 0.4470068576137591]",42.03989083080005,4.516964255120884
"[0.3534504110075149, 0.7448983471726933, -0.6191448262119243, 0.4467012956219696]",42.03855133008347,4.517027087602281
"[0.3527786818236127, 0.744821844615713, -0.6188578814288285, 0.4463978274510368]",42.037232423481775,4.517089920083677
"[0.3521076319972955, 0.7447470454477851, -0.6185740072539971, 0.446096409408085]",42.035933728385714,4.517152752565074
"[0.35143730670389567, 0.74467393420163, -0.6182931646622145, 0.4457969890245713]",42.03465483655914,4.517215585046471
"[0.35076772155576313, 0.7446024923398199, -0.6180153039095523, 0.4454995030383177]",42.03339528183902,4.5172784175278675
"[0.35009886045919014, 0.7445326983729196, -0.6177403641486061, 0.44520387668899697]",42.032154562113426,4.517341250009263
"[0.34943089637405866, 0.7444645504813524, -0.6174683634114041, 0.4449101207952011]",42.030932547572334,4.5174040824906605
"[0.3487636756086951, 0.7443980134938146, -0.6171991878681137, 0.44461810448551753]",42.02972850725601,4.517466914972057
"[0.3480973152955689, 0.7443330801583854, -0.6169328355800567, 0.44432781816820777]",42.02854222844591,4.5175297474534535
"[0.34743190246606054, 0.7442697397466055, -0.6166692927660125, 0.4440392404899522]",42.027373450867834,4.51759257993485
"[0.34676729761256253, 0.7442079603573541, -0.6164084575773886, 0.4437522539551057]",42.02622152376703,4.5176554124162465
"[0.34610373539810746, 0.7441477452666863, -0.6161503766227511, 0.4434669046767139]",42.025086472257975,4.517718244897643
"[0.3454410005843022, 0.7440890567277484, -0.6158949221323498, 0.4431830467648363]",42.02396753095602,4.51778107737904
"[0.3447793513035665, 0.7440318996266008, -0.6156421508084635, 0.44290073921884365]",42.02286478996469,4.517843909860437
"[0.3441186568533833, 0.7439762446547854, -0.6153919706803253, 0.4426198761871684]",42.02177766159293,4.517906742341833
"[0.3434589323372587, 0.7439220758017162, -0.6151443473695328, 0.442340416002589]",42.02070582592675,4.51796957482323
"[0.342800270682526, 0.7438693834194062, -0.6148992764117758, 0.4420623513422519]",42.019649104314304,4.518032407304626
"[0.3421426608419292, 0.7438181494309895, -0.6146567151946118, 0.44178563226640377]",42.018607151493015,4.518095239786023
"[0.3414861148786812, 0.7437683579156494, -0.6144166308548035, 0.4415102200992996]",42.017579667917616,4.51815807226742
"[0.34083071951006166, 0.7437199986115417, -0.6141790184679111, 0.44123610874271174]",42.01656648623526,4.518220904748816
"[0.34017637069828505, 0.7436730473769811, -0.6139438048600884, 0.44096321365093566]",42.015567135489555,4.518283737230212
"[0.3395231208064333, 0.7436274919716518, -0.6137109746880834, 0.4406915170696846]",42.014581415152556,4.51834656971161
"[0.3388710797677476, 0.7435833238776933, -0.6134805332373204, 0.44042102615398726]",42.01360920924246,4.518409402193006
"[0.3382201325328426, 0.7435405194300033, -0.613252406945562, 0.4401516558694384]",42.01265006627655,4.518472234674403
"[0.33757036814793123, 0.7434990689796622, -0.6130265951665709, 0.4398834070019603]",42.011703850886676,4.518535067155799
"[0.33692176988183886, 0.7434589560235182, -0.612803060808681, 0.43961623762990354]",42.01077028266062,4.518597899637196
"[0.33627437562807283, 0.7434201676841278, -0.6125817864250415, 0.43935012943432716]",42.009849162988324,4.518660732118592
"[0.335628170072834, 0.7433826880268504, -0.6123627370056479, 0.43908504323447733]",42.008940219475896,4.5187235645999895
"[0.33498322963214405, 0.7433465065562433, -0.6121459092192137, 0.43882097845312795]",42.00804332336476,4.518786397081386
"[0.3343394389949521, 0.7433116022429427, -0.6119312359901599, 0.4385578569900628]",42.007158083567276,4.518849229562782
"[0.3336969239714125, 0.743277967569127, -0.6117187316551279, 0.4382957003234285]",42.00628443989519,4.518912062044179
"[0.3330556787229699, 0.7432455877999072, -0.6115083668890892, 0.4380344769286975]",42.00542217179215,4.518974894525575
"[0.3324156351322356, 0.7432144455118421, -0.6113000929327689, 0.4377741308760848]",42.004570960113504,4.519037727006972
"[0.33177693919656526, 0.7431845338460927, -0.6110939312319165, 0.437514694161352]",42.0037308033702,4.519100559488368
"[0.3311394323412166, 0.7431558316762772, -0.6108898052194693, 0.4372560758156758]",42.00290127586513,4.519163391969765
"[0.3305032423072769, 0.7431283313614778, -0.6106877311466347, 0.4369983019256763]",42.00208234716072,4.519226224451162
"[0.3298683740305888, 0.7431020195844581, -0.6104876860085309, 0.4367413494283023]",42.00127384139786,4.519289056932559
"[0.3292347848229875, 0.7430768813619562, -0.6102896324953687, 0.4364851767543495]",42.000475495786766,4.519351889413955
"[0.32860252894049785, 0.7430529058122286, -0.6100935642135714, 0.4362297822598077]",41.999687201734,4.519414721895352
"[0.327971569191751, 0.7430300786504908, -0.609899446740746, 0.43597512802199356]",41.9989087306561,4.519477554376748
"[0.32734196423740425, 0.7430083892695056, -0.6097072756672987, 0.4357212154749519]",41.9981399857464,4.519540386858145
"[0.326713647543607, 0.7429878228644359, -0.6095170087488939, 0.4354679961930417]",41.99738070587504,4.519603219339542
"[0.32608666230746464, 0.7429683685878902, -0.6093286376882686, 0.4352154666229416]",41.99663077758689,4.519666051820939
"[0.3254610381008624, 0.742950015097291, -0.6091421501898042, 0.4349636182864419]",41.99589007152873,4.519728884302334
"[0.32483677559072255, 0.7429327502603053, -0.6089575256103738, 0.4347124316376457]",41.995158430605315,4.519791716783732
"[0.32421387837788507, 0.7429165621950097, -0.6087747445887948, 0.43446188887493864]",41.99443570093208,4.519854549265128
"[0.32359232037996183, 0.74290143847471, -0.6085937795381368, 0.4342119608060649]",41.99372169926647,4.519917381746525
"[0.32297212351913895, 0.7428873680666208, -0.6084146173219963, 0.43396263807039687]",41.993016298441816,4.519980214227921
"[0.3223533069775686, 0.7428743399074588, -0.608237244210162, 0.4337139107065589]",41.992319381548164,4.520043046709318
"[0.32173585190274007, 0.7428623422663118, -0.6080616359011733, 0.43346575395588416]",41.991630780110995,4.520105879190714
"[0.321119776195174, 0.7428513643217596, -0.6078877789544704, 0.43321815830829796]",41.99095037376545,4.520168711672111
"[0.32050507829408337, 0.7428413949955519, -0.6077156546946874, 0.43297110689184015]",41.99027802509802,4.520231544153508
"[0.319891799271734, 0.7428324239651042, -0.6075452565994993, 0.4327246004183778]",41.98961365049867,4.520294376634904
"[0.31927990696768593, 0.7428244399029782, -0.607376558011731, 0.4324786105997587]",41.98895707648165,4.520357209116301
"[0.31866936747414304, 0.74281743181554, -0.6072095323931882, 0.4322331088548315]",41.98830814472723,4.520420041597697
"[0.3180602515212262, 0.7428113900229424, -0.6070441820945144, 0.4319881090847437]",41.98766680299538,4.520482874079094
"[0.3174525314404555, 0.7428063038016857, -0.6068804827689415, 0.43174358602084545]",41.98703290591729,4.520545706560491
"[0.31684615590183207, 0.7428021625966005, -0.6067184042914922, 0.4314995052327547]",41.98640627210627,4.520608539041887
"[0.31624128223744424, 0.7427989572501743, -0.6065579723695401, 0.4312559166695976]",41.98578695146784,4.520671371523283
"[0.31563782026118337, 0.7427966770349522, -0.6063991468051387, 0.43101277101144664]",41.985174739924474,4.520734204004681
"[0.3150357011870501, 0.7427953119372684, -0.6062418939698622, 0.4307700278411351]",41.984569445886315,4.520797036486077
"[0.31443497952358435, 0.7427948524874419, -0.6060862128726515, 0.4305276967594115]",41.98397102389753,4.520859868967474
"[0.3138357104734984, 0.7427952890145066, -0.6059321025108542, 0.4302857880280545]",41.9833794159102,4.52092270144887
"[0.3132378749831644, 0.7427966118635049, -0.6057795428116739, 0.43004428228177366]",41.98279450206068,4.520985533930267
"[0.3126414528857232, 0.7427988116214346, -0.6056285138094852, 0.4298031599931316]",41.98221615582822,4.521048366411663
"[0.31204644498124207, 0.7428018789909911, -0.6054790011736106, 0.4295624103949472]",41.98164427816771,4.521111198893061
"[0.31145279650971464, 0.7428058051957096, -0.6053309769886989, 0.4293220005002248]",41.9810787136089,4.521174031374457
"[0.3108605942735756, 0.7428105806475156, -0.6051844488649242, 0.42908195492801]",41.98051945412991,4.521236863855853
"[0.3102698483283394, 0.742816196154337, -0.6050394051882331, 0.428842267549189]",41.97996641117325,4.52129969633725
"[0.30968053733720785, 0.7428226429448901, -0.6048958268562584, 0.42860291976345305]",41.97941947107383,4.5213625288186465
"[0.30909264089703475, 0.7428299124683714, -0.6047536953523184, 0.42836389357550947]",41.978878527777226,4.521425361300043
"[0.3085061341995766, 0.7428379964605931, -0.6046129914523222, 0.42812516941066053]",41.97834345354955,4.52148819378144
"[0.3079210650775285, 0.7428468857473113, -0.604473713527659, 0.42788675750847754]",41.97781422266487,4.521551026262836
"[0.3073374599124548, 0.7428565713593361, -0.6043358547324738, 0.4276486596797869]",41.97729076235003,4.521613858744233
"[0.30675523069637606, 0.7428670464200576, -0.6041993814993786, 0.4274108312661084]",41.976772908939225,4.52167669122563
"[0.3061744209405692, 0.7428783020018839, -0.60406429154327, 0.4271732814783467]",41.9762606212594,4.521739523707026
"[0.3055950930668621, 0.7428903286274902, -0.6039305867799939, 0.4269360275850401]",41.97575387179734,4.521802356188423
"[0.3050171224212177, 0.7429031208418624, -0.6037982261695555, 0.4266990104371333]",41.97525247175266,4.521865188669819
"[0.30444067650835377, 0.7429166669015335, -0.6036672358482631, 0.42646229087129744]",41.974756491080875,4.521928021151216
"[0.30386557896951455, 0.7429309630252444, -0.6035375636961738, 0.42622578880405915]",41.974265689814246,4.521990853632613
"[0.30329193319439623, 0.742945998957171, -0.6034092213260664, 0.42598953922528426]",41.97378009119899,4.52205368611401
"[0.30271968601087806, 0.7429617683919165, -0.6032821851575156, 0.42575351294314145]",41.97329956404311,4.522116518595406
"[0.30214885518042467, 0.7429782632997006, -0.6031564476857566, 0.4255177101429502]",41.9728240667698,4.522179351076803
"[0.3015795448588693, 0.742995472972305, -0.6030320202325216, 0.4252821670083488]",41.9723536116004,4.522242183558199
"[0.30101157443550713, 0.7430133954088671, -0.602908852037868, 0.42504680207650464]",41.971887961482324,4.522305016039596
"[0.30044506454557496, 0.7430320195444773, -0.6027869582641161, 0.42481165871341403]",41.97142716610077,4.522367848520993
"[0.29987997363281943, 0.743051339411856, -0.6026663189013296, 0.4245767132930001]",41.97097110884637,4.522430681002389
"[0.2993162976174691, 0.7430713479871939, -0.6025469222535003, 0.42434195785900586]",41.970519727952514,4.522493513483785
"[0.2987540487867472, 0.7430920377337615, -0.6024287602024851, 0.42410739143720777]",41.97007296549303,4.5225563459651825
"[0.2981932607795641, 0.7431134003010077, -0.6023118291055981, 0.42387302217667977]",41.9696307896089,4.522619178446579
"[0.29763383055822074, 0.7431354327123905, -0.602196097056657, 0.423638801205852]",41.9691930429214,4.5226820109279755
"[0.2970757908098998, 0.7431581269889286, -0.6020815606841982, 0.4234047364688377]",41.96875969340848,4.522744843409372
"[0.2965192609189414, 0.7431814713642599, -0.6019682341004632, 0.4231708726180008]",41.96833077966303,4.5228076758907685
"[0.29596410789712074, 0.7432054646041449, -0.6018560799790809, 0.4229371484739226]",41.96790613396287,4.522870508372165
"[0.29541039140210273, 0.7432300975292878, -0.6017451004130328, 0.42270358391071094]",41.96748574072593,4.522933340853562
"[0.2948580819428274, 0.7432553648625068, -0.6016352795659491, 0.4224701614170979]",41.96706952471609,4.522996173334959
"[0.2943072048707459, 0.7432812589319504, -0.6015266126675518, 0.42223688676398113]",41.96665743978221,4.5230590058163544
"[0.2937577041215836, 0.7433077759853031, -0.6014190790214499, 0.42200373135663793]",41.96624939096773,4.523121838297752
"[0.29320962032619385, 0.7433349077695373, -0.6013126770772902, 0.4217707076877257]",41.96584535509553,4.523184670779148
"[0.2926629352753347, 0.7433626489163465, -0.60120739384284, 0.42153780341919456]",41.96544526672023,4.523247503260545
"[0.2921177015862039, 0.7433909904861854, -0.6011032300101705, 0.421305036537728]",41.96504910872938,4.523310335741941
"[0.29157385453917595, 0.7434199296590095, -0.6010001638955259, 0.4210723750860425]",41.96465677378529,4.523373168223338
"[0.29103144021157534, 0.7434494578957623, -0.6008981950467106, 0.42083983454042817]",41.96426825455222,4.523436000704734
"[0.29049038357838125, 0.7434795733067942, -0.6007973003304296, 0.4206073785729849]",41.963883432594855,4.523498833186132
"[0.28995076765036176, 0.7435102653431399, -0.6006974862666781, 0.42037503880613764]",41.96350233170919,4.523561665667528
"[0.28941250745959146, 0.7435415329709324, -0.6005987282688603, 0.4201427747182277]",41.96312483574014,4.523624498148925
"[0.2888756881230791, 0.7435733654365299, -0.6005010331682609, 0.4199106192069201]",41.962750951174066,4.523687330630321
"[0.28834025938123675, 0.7436057599048033, -0.6004043830373658, 0.4196785468593615]",41.96238060184972,4.523750163111718
"[0.2878062251931894, 0.7436387104606423, -0.600308769994146, 0.41944655574934214]",41.96201374089821,4.523812995593115
"[0.2872735807189874, 0.7436722117829742, -0.6002141846564508, 0.41921464022941274]",41.96165031923284,4.5238758280745115
"[0.2867423304186857, 0.7437062580265931, -0.600120619379261, 0.4189827987936888]",41.961290288724186,4.523938660555907
"[0.2862124843172458, 0.7437408430114327, -0.6000280675360823, 0.41875103248657597]",41.9609336215083,4.5240014930373045
"[0.28568401491643214, 0.7437759630781333, -0.5999365160443907, 0.4185193260162463]",41.96058024688082,4.524064325518701
"[0.285156941043841, 0.7438116115881627, -0.5998459599788971, 0.41828768445278397]",41.96023013326656,4.5241271580000975
"[0.28463127683564926, 0.7438477821903308, -0.5997563935831074, 0.41805611096553985]",41.959883252269684,4.524189990481494
"[0.2841069661247471, 0.7438844734780156, -0.5996677992622435, 0.41782457778969223]",41.95953952045469,4.52425282296289
"[0.28358403608500493, 0.7439216783780965, -0.5995801737140873, 0.4175930939442914]",41.9591989121979,4.524315655444287
"[0.28306248680997803, 0.7439593917121842, -0.5994935090707346, 0.4173616566176379]",41.95886139404863,4.524378487925684
"[0.28254231754500453, 0.7439976084117823, -0.5994077973916433, 0.417130262704241]",41.95852691310471,4.524441320407081
"[0.28202353088552434, 0.7440363232061444, -0.5993230313514707, 0.41689891067270507]",41.95819544276207,4.524504152888477
"[0.2815061158207916, 0.7440755318977412, -0.5992392014803675, 0.4166675929937459]",41.957866931997,4.524566985369874
"[0.2809900573537502, 0.7441152306931426, -0.5991562977948697, 0.41643630037820467]",41.95754132651169,4.52462981785127
"[0.28047536173703635, 0.7441554142409691, -0.5990743138257487, 0.4162050331063202]",41.95721860319386,4.524692650332667
"[0.2799620485560984, 0.744196076140536, -0.5989932452274691, 0.4159737975758825]",41.95689872902426,4.524755482814064
"[0.2794501009176053, 0.7442372128967879, -0.5989130819218279, 0.4157425838539194]",41.95658166036741,4.52481831529546
"[0.27893955152069594, 0.7442788170643115, -0.5988338216468089, 0.41551140448734647]",41.95626737814859,4.524881147776856
"[0.2784302959844593, 0.7443208924945253, -0.5987554410177106, 0.415280209936643]",41.955955780131674,4.524943980258254
"[0.27792246566446555, 0.7443634236752048, -0.5986779530752097, 0.41504905767905764]",41.95564691430654,4.52500681273965
"[0.2774159567430834, 0.7444064146346699, -0.5986013348030951, 0.4148178984210184]",41.95534068483547,4.525069645221047
"[0.27691082451807286, 0.7444498561350431, -0.5985255875430053, 0.414586755343336]",41.95503708470754,4.525132477702443
"[0.2764070260006714, 0.744493747346468, -0.5984506978555223, 0.414355606807726]",41.95473605615847,4.52519531018384
"[0.27590460201881983, 0.74453808022719, -0.598376664874899, 0.41412446964239386]",41.95443759647062,4.525258142665236
"[0.2754034743223755, 0.7445828572970636, -0.5983034702613298, 0.4138933059398126]",41.9541416093912,4.5253209751466335
"[0.2749037462409164, 0.7446280649333697, -0.5982311223011567, 0.4136621615665958]",41.95384814048856,4.52538380762803
"[0.2744053437918992, 0.7446737054264687, -0.5981596034723135, 0.4134310006231538]",41.95355710441289,4.5254466401094255
"[0.2739082377400962, 0.7447197772586691, -0.5980889030166098, 0.41319980773682435]",41.95326845731196,4.525509472590823
"[0.27341253601781046, 0.7447662661359966, -0.5980190296209588, 0.4129686315022708]",41.95298222641143,4.525572305072219
"[0.27291813946258453, 0.7448131770876775, -0.5979499626763249, 0.41273742414892634]",41.95269832438812,4.525635137553616
"[0.27242511501529587, 0.7448604995791295, -0.5978817050128076, 0.41250621545526406]",41.95241676546703,4.525697970035013
"[0.2719334156676475, 0.7449082339398888, -0.5978142436109372, 0.41227498194675805]",41.95213748426433,4.525760802516409
"[0.271443005622792, 0.7449563796318944, -0.5977475672494851, 0.41204370525386347]",41.95186043175832,4.525823634997805
"[0.2709539194033116, 0.7450049292865872, -0.5976816743600339, 0.41181240017496634]",41.951585598056674,4.525886467479203
"[0.2704662029933736, 0.7450538742602325, -0.597616564772156, 0.41158108719233427]",41.951312986068515,4.525949299960599
"[0.2699797822102093, 0.7451032179957913, -0.5975522223138863, 0.41134972985611173]",41.951042517646854,4.526012132441996
"[0.2694946903029357, 0.7451529532163567, -0.5974886452340114, 0.41111834268554537]",41.95077419054861,4.526074964923392
"[0.2690109130839869, 0.7452030774716789, -0.5974258255323343, 0.4108869177102322]",41.95050796195964,4.526137797404789
"[0.26852846298346367, 0.745253585601934, -0.5973637587284586, 0.4106554597230676]",41.950243817593694,4.526200629886186
"[0.2680473256544166, 0.7453044752693979, -0.5973024369281178, 0.4104239607357398]",41.9499817178982,4.526263462367583
"[0.2675674848033442, 0.7453557444363105, -0.5972418521028656, 0.4101924117907562]",41.9497216328474,4.526326294848979
"[0.26708894761256374, 0.745407388617037, -0.5971819992649539, 0.4099608152670749]",41.949463530140356,4.526389127330376
"[0.26661171362049413, 0.7454594041603324, -0.5971228724904721, 0.40972916991837915]",41.949207389495875,4.526451959811772
"[0.26613580823747035, 0.7455117845827712, -0.5970644690575742, 0.4094974871585506]",41.948953202398016,4.5265147922931686
"[0.2656611838170086, 0.7455645314775232, -0.5970067773278146, 0.40926574287304673]",41.948700909844206,4.526577624774566
"[0.26518790246360735, 0.7456176342951709, -0.5969497990730414, 0.40903396654681135]",41.94845052935902,4.5266404572559615
"[0.2647158712122481, 0.7456710998946517, -0.5968935174163724, 0.40880211179411713]",41.94820197797302,4.526703289737358
"[0.2642451534749756, 0.7457249175942796, -0.5968379343231369, 0.4085702088853268]",41.947955267919454,4.526766122218755
"[0.2637757084656591, 0.7457790885473435, -0.5967830393798167, 0.4083382369458919]",41.94771035299102,4.526828954700152
"[0.2633075619499697, 0.7458336063194329, -0.5967288300648685, 0.4081062079391165]",41.94746722313261,4.526891787181548
"[0.2628407265352257, 0.7458884659447529, -0.596675302274825, 0.4078741274765806]",41.947225865352664,4.526954619662945
"[0.2623751365200243, 0.7459436717547429, -0.596622443039547, 0.40764196218365567]",41.94698621676377,4.527017452144341
"[0.2619108764660097, 0.7459992103274024, -0.5965702565266235, 0.40740975360224474]",41.94674830338766,4.527080284625738
"[0.2614478418683066, 0.7460550908238712, -0.5965187256246722, 0.40717744883519047]",41.9465120371088,4.527143117107135
"[0.2609860951456084, 0.7461113024598355, -0.596467852021371, 0.40694507851708844]",41.94627744039377,4.527205949588532
"[0.26052566233018914, 0.7461678386979133, -0.5964176332126814, 0.4067126553150323]",41.94604450105441,4.527268782069927
"[0.2600664897056339, 0.7462247028312139, -0.5963680580482096, 0.4064801516583095]",41.945813169327174,4.527331614551325
"[0.2596085702829499, 0.7462818925402329, -0.5963191206157865, 0.4062475634528724]",41.94558341625417,4.527394447032721
"[0.2591518964791068, 0.7463394056312069, -0.5962708150041072, 0.4060148862979356]",41.94535521816894,4.527457279514118
"[0.2586965562643237, 0.7463972277789844, -0.596223145318864, 0.40578216469734657]",41.94512860339417,4.527520111995514
"[0.2582424353194437, 0.7464553703166584, -0.5961760944680581, 0.40554933988393493]",41.94490348915943,4.527582944476911
"[0.2577895699568706, 0.746513825553722, -0.5961296612487904, 0.40531642998842804]",41.94467987534038,4.527645776958307
"[0.25733796536570547, 0.7465725897339643, -0.5960838411922029, 0.4050834373321842]",41.944457739082736,4.5277086094397045
"[0.2568876274582781, 0.7466316590039306, -0.5960386299108705, 0.40485036468440455]",41.944237071278565,4.527771441921101
"[0.25643854340499583, 0.7466910319925923, -0.5959940211717232, 0.4046172051463442]",41.94401783572563,4.5278342744024975
"[0.2559906912498153, 0.7467507086221944, -0.59595000793477, 0.40438394701259855]",41.94380000849962,4.527897106883894
"[0.25554409866893985, 0.7468106822340013, -0.5959065880820373, 0.40415060444388545]",41.94358358522882,4.5279599393652905
"[0.25509874256677917, 0.746870952970054, -0.5958637545528247, 0.40391716516770226]",41.94336853176233,4.528022771846687
"[0.2546546679379318, 0.7469315117655079, -0.5958215068550244, 0.403683652656155]",41.943154857391086,4.528085604328084
"[0.2542118002421533, 0.7469923658737163, -0.5957798331531281, 0.4034500275632479]",41.94294249623284,4.52814843680948
"[0.25377014274328297, 0.7470535120626264, -0.5957387291498732, 0.4032162913165614]",41.94273143662867,4.528211269290877
"[0.25332977126537026, 0.7471149369454146, -0.5956981972036822, 0.4029824839874374]",41.94252170351006,4.528274101772274
"[0.25289063957655916, 0.7471766440520122, -0.5956582283443103, 0.4027485810855057]",41.942313245510555,4.52833693425367
"[0.25245269865792136, 0.7472386375168331, -0.5956188135694443, 0.4025145563472353]",41.94210602641861,4.528399766735067
"[0.25201601597655826, 0.7473009050231179, -0.5955799544099731, 0.4022804457545751]",41.941900065166344,4.528462599216463
"[0.25158053813154835, 0.7473634514132497, -0.595541641578731, 0.4020462206790113]",41.94169530947491,4.52852543169786
"[0.25114630647512953, 0.7474262680102017, -0.595503874224362, 0.40181190336617306]",41.94149176855585,4.528588264179257
"[0.25071327967978907, 0.7474893580700959, -0.5954666442898282, 0.40157747155359524]",41.94128940324741,4.528651096660654
"[0.25028149678336997, 0.747552713201726, -0.5954299506992384, 0.40134294644226304]",41.941088216141004,4.52871392914205
"[0.24985089532375881, 0.7476163399175507, -0.5953937837735418, 0.4011082941434532]",41.94088815951766,4.528776761623447
"[0.24942154501137975, 0.7476802252679919, -0.5953581450124251, 0.4008735527366661]",41.94068925466853,4.528839594104843
"[0.24899336566938582, 0.7477443785646823, -0.5953230234465099, 0.40063867848198464]",41.94049144036789,4.52890242658624
"[0.2485663938199077, 0.7478087917986186, -0.5952884178471545, 0.4004036914236007]",41.940294720709595,4.528965259067637
"[0.24814071005838662, 0.7478734501070055, -0.5952543303762842, 0.4001686362807397]",41.94009911974051,4.529028091549033
"[0.24771612441570287, 0.7479383798234808, -0.59522074163623, 0.39993340825131296]",41.93990453077173,4.529090924030429
"[0.2472928196060668, 0.7480035505097045, -0.5951876619314833, 0.39969810867066136]",41.93971102277818,4.5291537565118265
"[0.24687064983133747, 0.7480689820717114, -0.5951550756893969, 0.39946265673641684]",41.93951851015632,4.529216588993223
"[0.24644971934465498, 0.7481346558877326, -0.595122986862471, 0.3992271107506657]",41.93932703379387,4.5292794214746195
"[0.24602999094660938, 0.7482005752070591, -0.5950913884485635, 0.39899145027458865]",41.93913655998392,4.529342253956016
"[0.2456114331086639, 0.7482667425453261, -0.5950602740300305, 0.3987556578219909]",41.93894705113706,4.5294050864374125
"[0.24519406476742736, 0.7483331525047804, -0.5950296410119521, 0.3985197442717271]",41.93875850604359,4.529467918918809
"[0.24477789407057696, 0.7483998013547116, -0.5949994859749879, 0.3982837145477377]",41.93857091567173,4.529530751400206
"[0.24436293196552392, 0.7484666848898727, -0.594969805691797, 0.3980475752633966]",41.938384271117876,4.529593583881603
"[0.24394911497986715, 0.7485338109814402, -0.5949405916986644, 0.3978112905829039]",41.93819852301452,4.529656416362998
"[0.24353648357850077, 0.7486011707533737, -0.5949118429832043, 0.39757488385879636]",41.93801368290213,4.529719248844396
"[0.24312502625193635, 0.7486687637382546, -0.5948835548568764, 0.3973383488578322]",41.93782972424078,4.529782081325792
"[0.2427147760503639, 0.7487365821382191, -0.5948557256982223, 0.3971017050339268]",41.937646658104995,4.529844913807189
"[0.24230569708294702, 0.7488046295327523, -0.5948283492054631, 0.3968649321603886]",41.93746444849506,4.529907746288586
"[0.24189774758287044, 0.7488729106467709, -0.5948014188446349, 0.39662800633902956]",41.93728305827675,4.529970578769982
"[0.24149098409982186, 0.7489414137797414, -0.5947749346115034, 0.39639096076102637]",41.9371025088297,4.530033411251378
"[0.24108541697220878, 0.7490101348614259, -0.5947488933730225, 0.3961538020285042]",41.936922787835385,4.530096243732776
"[0.2406810236300695, 0.7490790754159565, -0.5947232899123572, 0.39591651751441737]",41.93674387392913,4.530159076214172
"[0.24027772337645514, 0.7491482470700268, -0.5946981155127713, 0.39567906015632703]",41.9365657100253,4.530221908695569
"[0.2398756339321479, 0.7492176274545006, -0.5946733738863593, 0.3954414996947568]",41.93638834611911,4.530284741176965
"[0.23947467256693153, 0.7492872286208868, -0.594649056280615, 0.39520378781375726]",41.93621172539743,4.530347573658362
"[0.23907487437074806, 0.7493570423377627, -0.5946251612459419, 0.3949659457618964]",41.93603585479022,4.530410406139759
"[0.23867624778596777, 0.7494270649317115, -0.5946016856723941, 0.39472797916882546]",41.93586072670521,4.5304732386211555
"[0.23827877211795115, 0.7494972978666009, -0.5945786247635536, 0.3944898762784657]",41.93568631949179,4.530536071102552
"[0.2378824573696254, 0.7495677372284963, -0.5945559755567152, 0.394251643675966]",41.935512621235084,4.5305989035839485
"[0.23748724002678037, 0.7496383922516978, -0.5945337309686585, 0.39401324363458956]",41.93533959233904,4.530661736065345
"[0.2370931897367496, 0.7497092484290963, -0.5945118914779073, 0.39377471866567154]",41.93516725490908,4.530724568546741
"[0.23670027941980196, 0.7497803085156584, -0.5944904521068476, 0.393536053037684]",41.93499558417397,4.530787401028139
"[0.23630851169346234, 0.7498515699697925, -0.5944694095728109, 0.3932972489510788]",41.93482457091724,4.530850233509534
"[0.2359179079154508, 0.7499230268083105, -0.5944487615865576, 0.3930583201389556]",41.934654215882695,4.530913065990931
"[0.23552837816596772, 0.7499946934977398, -0.594428500065001, 0.3928192121194064]",41.93448445695983,4.530975898472328
"[0.2351400464092095, 0.7500665452014227, -0.5944086281024836, 0.3925800016443209]",41.934315345780924,4.531038730953725
"[0.23475278606284233, 0.7501386033223391, -0.5943891358899761, 0.3923406114148136]",41.934146813864295,4.531101563435121
"[0.23436668242891515, 0.7502108500417537, -0.5943700244605182, 0.39210109472950033]",41.93397889187586,4.531164395916518
"[0.2339817036194303, 0.750283289303216, -0.5943512889268913, 0.39186143257532197]",41.93381154596974,4.531227228397914
"[0.23359783514839066, 0.750355921888559, -0.5943329253519166, 0.39162161657682903]",41.93364476357834,4.531290060879311
"[0.2332151081570543, 0.7504287399420404, -0.5943149319909073, 0.3913816669128428]",41.9334785544054,4.531352893360708
"[0.2328334813335787, 0.7505017493825411, -0.5942973036981575, 0.39114155839880876]",41.9333128780743,4.531415725842105
"[0.23245298804336312, 0.7505749419044647, -0.594280038839467, 0.39090131274274487]",41.933147745954656,4.5314785583235
"[0.23207358964823974, 0.750648323032305, -0.5942631325106502, 0.39066090627140065]",41.932983127603485,4.531541390804898
"[0.23169529450801593, 0.7507218892951351, -0.5942465819879684, 0.3904203449285071]",41.932819017675435,4.531604223286294
"[0.23131814443650664, 0.750795630633553, -0.5942303859614514, 0.39017965614567424]",41.93265542420587,4.531667055767691
"[0.23094208488271126, 0.7508695558116919, -0.5942145389822853, 0.3899388059340149]",41.932492315086705,4.531729888249087
"[0.23056714530872685, 0.7509436571811051, -0.5941990392337506, 0.3896978139271091]",41.9323296923725,4.531792720730484
"[0.23019330265589047, 0.7510179374374522, -0.5941838827140571, 0.389456666115473]",41.932167534109205,4.53185555321188
"[0.22982053363724786, 0.751092399424903, -0.5941690655030893, 0.38921534815370556]",41.93200582173356,4.531918385693277
"[0.22944889280946318, 0.7511670304183357, -0.5941545867732068, 0.388973896169196]",41.93184456970454,4.531981218174674
"[0.2290783168226933, 0.7512418413309659, -0.5941404410875282, 0.3887322698069134]",41.93168373426303,4.53204405065607
"[0.22870886644813904, 0.7513168180950994, -0.5941266278169689, 0.38849050951053143]",41.93152334657131,4.532106883137467
"[0.22834049302097315, 0.7513919687727391, -0.5941131421957188, 0.3882485843209299]",41.931363364460005,4.532169715618863
"[0.22797321730498582, 0.751467287362991, -0.594099982086997, 0.3880065086868189]",41.93120379153642,4.53223254810026
"[0.22760700523381883, 0.7515427791128612, -0.5940871434050917, 0.38776426094341643]",41.931044600919996,4.532295380581657
"[0.22724193107103272, 0.7516184269140723, -0.594074625858416, 0.38752189117324537]",41.93088582401665,4.532358213063053
"[0.2268778954602078, 0.7516942495997551, -0.5940624231904018, 0.3872793343058746]",41.93072740078889,4.532421045544449
"[0.22651497088343925, 0.7517702303652796, -0.5940505350280819, 0.3870366394552191]",41.93056935530601,4.532483878025847
"[0.22615309264314512, 0.7518463810393915, -0.5940389564564892, 0.3867937642272454]",41.93041164956323,4.532546710507243
"[0.22579230300928926, 0.7519226910509201, -0.5940276860739152, 0.38655073780421034]",41.930254298112445,4.53260954298864
"[0.22543258177431805, 0.7519991629659536, -0.5940167204855454, 0.38630754749130075]",41.93009727794741,4.532672375470036
"[0.22507393961963582, 0.7520757928246052, -0.5940060572800175, 0.3860642014155012]",41.92994058795491,4.532735207951433
"[0.22471636908272022, 0.752152580530652, -0.5939956935104262, 0.38582069545487674]",41.92978421571989,4.53279804043283
"[0.22435988973555343, 0.7522295201736513, -0.5939856270211724, 0.3855770439487988]",41.929628166013416,4.532860872914227
"[0.22400445272669292, 0.7523066206410064, -0.5939758537579821, 0.38533321443265683]",41.9294724004213,4.532923705395623
"[0.22365008105810272, 0.7523838753319224, -0.5939663717226232, 0.3850892235369973]",41.929316924718165,4.5329865378770196
"[0.22329678628397898, 0.752461280063019, -0.5939571785703587, 0.38484508022201586]",41.92916173944788,4.533049370358416
"[0.22294454377925796, 0.7525388385892794, -0.5939482710360884, 0.3846007684495514]",41.92900682042477,4.5331122028398125
"[0.22259334677859405, 0.7526165508142524, -0.593939646373876, 0.3843562844094458]",41.928852160020426,4.53317503532121
"[0.2222432139583657, 0.752694411002296, -0.593931302469291, 0.3841116420538245]",41.92869775454338,4.5332378678026055
"[0.22189413466482183, 0.7527724199091663, -0.5939232365013333, 0.3838668349434183]",41.928543597953805,4.533300700284002
"[0.22154609029763878, 0.7528505801286508, -0.5939154455195561, 0.38362185094805135]",41.92838966831898,4.533363532765399
"[0.22119912981190906, 0.7529288790564105, -0.5939079280809348, 0.383376725582109]",41.92823598242682,4.533426365246796
"[0.2208531899640096, 0.7530073293801984, -0.5939006803061812, 0.383131415186835]",41.92808250401934,4.533489197728192
"[0.22050831750002273, 0.7530859189438491, -0.59389370069791, 0.3828859538914183]",41.927929248600655,4.533552030209589
"[0.22016443921863363, 0.7531646629194803, -0.5938869853401946, 0.3826402904932151]",41.92777616846017,4.533614862690985
"[0.2198216753042692, 0.7532435322010392, -0.5938805341098605, 0.38239451195885515]",41.92762332368395,4.533677695172382
"[0.21947991784150592, 0.7533225500157887, -0.5938743425068428, 0.38214854208730487]",41.92747064616938,4.533740527653779
"[0.2191391841599233, 0.7534017109060508, -0.5938684084858664, 0.381902394190672]",41.92731813800646,4.533803360135176
"[0.21879948983551212, 0.753481009748802, -0.5938627299381191, 0.3816560805145541]",41.92716580331485,4.533866192616571
"[0.2184608478197099, 0.7535604419704042, -0.5938573046839031, 0.3814096115817273]",41.92701363915922,4.533929025097969
"[0.2181232187139322, 0.7536400153077093, -0.5938521297372938, 0.3811629597638247]",41.92686161913698,4.533991857579365
"[0.21778663593804937, 0.7537197203912036, -0.5938472032756751, 0.38091615052019145]",41.926709758529604,4.534054690060762
"[0.21745105622745353, 0.7537995659911803, -0.5938425223546456, 0.380669153151701]",41.926558020468164,4.534117522542159
"[0.21711650909134972, 0.7538795436360338, -0.5938380851022345, 0.3804219903693156]",41.92640641642734,4.534180355023555
"[0.21678300227065744, 0.7539596499625476, -0.5938338893127448, 0.38017466905981717]",41.92625494657758,4.534243187504951
"[0.21645049299891717, 0.7540398937911709, -0.5938299321888669, 0.3799271585524824]",41.92610357645662,4.5343060199863485
"[0.21611902571058234, 0.7541202629446381, -0.59382621201174, 0.37967949299642234]",41.925952326396114,4.534368852467745
"[0.21578854183919385, 0.7542007701946176, -0.5938227259037347, 0.3794316296666792]",41.925801160459585,4.5344316849491415
"[0.21545908927168406, 0.7542814024660409, -0.593819472173487, 0.3791836054899753]",41.92565009674075,4.534494517430538
"[0.21513066939977862, 0.7543621579249586, -0.593816448601552, 0.3789354227570657]",41.92549912471012,4.5345573499119345
"[0.21480326634428512, 0.754443039007834, -0.5938136528362367, 0.3786870706721635]",41.92534823590366,4.534620182393331
"[0.21447683096106615, 0.7545240564997527, -0.5938110823301557, 0.3784385129028557]",41.92519739488641,4.534683014874728
"[0.21415142416906285, 0.7546051939061783, -0.5938087354361371, 0.37818979685243737]",41.925046630481944,4.534745847356125
"[0.21382703698013672, 0.7546864520035409, -0.5938066099236032, 0.3779409169156783]",41.92489592898537,4.5348086798375205
"[0.21350365177458916, 0.7547678337874242, -0.5938047035503243, 0.3776918607452932]",41.9247452743826,4.534871512318918
"[0.21318124735197178, 0.7548493432424523, -0.5938030141153352, 0.3774426130359842]",41.92459465486883,4.534934344800314
"[0.21285984609256087, 0.7549309733582973, -0.593801539671032, 0.3771931921379339]",41.92444406803484,4.534997177281712
"[0.21253945147709452, 0.7550127218535875, -0.5938002781555252, 0.3769436019361855]",41.92429351875877,4.535060009763107
"[0.21222005279643033, 0.7550945900762052, -0.5937992274681169, 0.37669383526173034]",41.92414299125412,4.535122842244504
"[0.21190161033088797, 0.7551765869109829, -0.5937983854807342, 0.37644386202265273]",41.92399245734761,4.535185674725901
"[0.21158422069538524, 0.7552586860840106, -0.5937977504084191, 0.37619375930622934]",41.923841964167266,4.535248507207298
"[0.21126781017554228, 0.7553409052258866, -0.5937973200533851, 0.37594347039683884]",41.92369146484674,4.535311339688694
"[0.21095235720594657, 0.7554232486714854, -0.5937970924396416, 0.37569297919590594]",41.92354094659699,4.535374172170091
"[0.21063789125811802, 0.7555057074448762, -0.5937970656458736, 0.37544231012190676]",41.92339041838516,4.535437004651487
"[0.21032444077955184, 0.7555882727003208, -0.593797237688443, 0.37519148715392614]",41.923239886275226,4.535499837132884
"[0.21001197992740242, 0.7556709498533417, -0.5937976066049514, 0.3749404909497191]",41.92308933403887,4.535562669614281
"[0.20970044867983417, 0.755753753547005, -0.593798170582757, 0.3746892742543764]",41.922938723324734,4.5356255020956775
"[0.2093899261026322, 0.7558366614929725, -0.5937989275885751, 0.3744379018949371]",41.922788089645614,4.535688334577073
"[0.20908036395818158, 0.7559196852411835, -0.5937998758324069, 0.37418633605546003]",41.922637406363044,4.5357511670584705
"[0.2087717945727668, 0.7560028148206032, -0.5938010133340288, 0.37393460418588775]",41.92248668406915,4.535813999539867
"[0.20846420047215386, 0.7560860536098737, -0.5938023382742381, 0.3736826933018928]",41.922335902109445,4.5358768320212635
"[0.20815757687167794, 0.7561694016141532, -0.5938038488221756, 0.37343060067169637]",41.92218506198905,4.53593966450266
"[0.20785190198650128, 0.7562528635129597, -0.593805543269578, 0.3731783094646946]",41.922034137354295,4.536002496984056
"[0.20754722793955363, 0.7563364237765301, -0.5938074194948934, 0.3729258639475628]",41.92188315778438,4.536065329465453
"[0.20724350657911625, 0.7564200943038119, -0.5938094759698223, 0.3726732255094229]",41.92173209303412,4.53612816194685
"[0.20694072703385316, 0.7565038768904878, -0.5938117110081781, 0.3724203861280821]",41.92158092711888,4.536190994428247
"[0.20663893564319516, 0.7565877574479312, -0.593814122486686, 0.37216738571353153]",41.92142968254817,4.536253826909643
"[0.2063380970169656, 0.7566717445252689, -0.5938167089078429, 0.3719141958851408]",41.921278339569135,4.53631665939104
"[0.20603821385780796, 0.7567558361398528, -0.5938194685087863, 0.37166082006536955]",41.92112688597769,4.536379491872436
"[0.20573929718700296, 0.7568400279462939, -0.5938223994467821, 0.3714072688025282]",41.920975329598555,4.536442324353833
"[0.20544133117005853, 0.7569243231570071, -0.5938255001509555, 0.37115352989808886]",41.920823657925204,4.53650515683523
"[0.20514430941545714, 0.7570087223727959, -0.5938287689923837, 0.3708995990510644]",41.92067185624028,4.536567989316626
"[0.20484824550198863, 0.7570932205132224, -0.5938322041302213, 0.37064548906841277]",41.92051993091923,4.536630821798022
"[0.20455313372697376, 0.7571778179671398, -0.5938358039428618, 0.37039119631379236]",41.92036787547913,4.53669365427942
"[0.20425897257346365, 0.7572625139427489, -0.5938395667779666, 0.3701367207223212]",41.92021568415985,4.536756486760816
"[0.20396572679193678, 0.7573473174307378, -0.5938434914586693, 0.36988203287385923]",41.920063327663705,4.536819319242213
"[0.20367345613368554, 0.7574322099448071, -0.5938475755461674, 0.36962718588293303]",41.91991084653457,4.536882151723609
"[0.20338214165466928, 0.7575171957011394, -0.5938518176402683, 0.3693721646824869]",41.919758208807096,4.536944984205006
"[0.20309173038905046, 0.757602289000495, -0.5938562169212027, 0.369116924003922]",41.91960539778436,4.537007816686402
"[0.20280228901351974, 0.7576874691269193, -0.5938607707858987, 0.3688615236391201]",41.91945243407282,4.5370706491677995
"[0.2025137601267172, 0.7577727517745574, -0.5938654785464064, 0.36860591419567373]",41.91929928667775,4.537133481649196
"[0.2022261800153474, 0.7578581250578507, -0.5938703380481893, 0.3683501289873711]",41.91914596865112,4.537196314130592
"[0.20193954325626282, 0.7579435893650506, -0.5938753478035186, 0.36809416454149363]",41.91899247837491,4.537259146611989
"[0.2016538120039789, 0.7580291548403405, -0.593880506942144, 0.36783798820242397]",41.918838782342704,4.537321979093385
"[0.2013690248131322, 0.7581148087950641, -0.5938858132453626, 0.36758163570046504]",41.91868490024414,4.537384811574783
"[0.2010851924147904, 0.758200546759673, -0.5938912649580743, 0.36732511814473157]",41.91853084217474,4.537447644056178
"[0.20080225354735193, 0.7582863860945915, -0.5938968617551735, 0.367068381365356]",41.91837655740472,4.537510476537575
"[0.2005202388428903, 0.7583723164196279, -0.593902601564986, 0.36681145420645106]",41.9182220645766,4.537573309018972
"[0.2002391704944665, 0.7584583297790277, -0.5939084824344345, 0.36655435824405236]",41.9180673779704,4.537636141500369
"[0.19995899886428614, 0.7585444402218249, -0.5939145039337984, 0.3662970493000307]",41.917912451781675,4.537698973981765
"[0.19967976438700646, 0.7586306341946255, -0.5939206637433293, 0.36603956570468915]",41.917757314595846,4.537761806463162
"[0.1994014536093545, 0.7587169146684446, -0.5939269606955195, 0.365781896417766]",41.917601955987585,4.537824638944558
"[0.19912403697814893, 0.7588032897069051, -0.5939333940408232, 0.36552401522219186]",41.9174463482418,4.537887471425955
"[0.19884755605261636, 0.7588897452455496, -0.5939399613964432, 0.3652659619820223]",41.91729051937189,4.537950303907352
"[0.19857199329207817, 0.758976285593282, -0.5939466617491932, 0.36500772171266915]",41.91713444859964,4.538013136388749
"[0.19829730820386232, 0.7590629224057095, -0.5939534947120314, 0.3647492575433878]",41.91697810881172,4.538075968870145
"[0.19802356982837838, 0.7591496327856432, -0.5939604571810775, 0.36449063569678475]",41.91682154140984,4.538138801351542
"[0.1977507073481582, 0.7592364380449886, -0.5939675495818288, 0.3642317905337167]",41.9166646940215,4.538201633832938
"[0.19747882022959132, 0.75932330535793, -0.5939747679385711, 0.3639728178660429]",41.916507632606184,4.5382644663143346
"[0.1972077444807347, 0.7594102860672927, -0.593982115277659, 0.363713562589438]",41.916350241808004,4.538327298795732
"[0.19693764285243628, 0.759497326898042, -0.5939895858704444, 0.3634541814692873]",41.916192628458134,4.5383901312771275
"[0.1966684072005095, 0.7595844615314743, -0.5939971813543196, 0.3631945721033886]",41.91603471454388,4.538452963758524
"[0.19640007257994244, 0.7596716776029616, -0.5940048994561612, 0.36293476933192875]",41.91587651681523,4.538515796239921
"[0.19613265784881168, 0.7597589678483149, -0.5940127383136938, 0.3626747927909001]",41.91571805653088,4.538578628721318
"[0.19586612651950627, 0.7598463430768101, -0.5940206977001538, 0.36241460829962646]",41.91555929231358,4.538641461202714
"[0.1956004872661753, 0.7599337993993238, -0.5940287760918491, 0.36215422547012016]",41.915400233094516,4.538704293684111
"[0.19533575338134715, 0.7600213313445884, -0.5940369718106356, 0.361893658627908]",41.91524088400648,4.538767126165507
"[0.19507189999432137, 0.7601089460625913, -0.5940452843707362, 0.36163288453862774]",41.91508122422374,4.538829958646904
"[0.19480894973857982, 0.7601966349655914, -0.5940537118140036, 0.36137192682255853]",41.91492126520198,4.538892791128301
"[0.19454687826624298, 0.7602844051018869, -0.5940622536856435, 0.3611107625755188]",41.91476098784992,4.538955623609698
"[0.19428568627484577, 0.7603722552142218, -0.5940709087556717, 0.3608493936244846]",41.91460038566962,4.539018456091093
"[0.1940254023887811, 0.7604601745849424, -0.594079674853004, 0.36058784994643595]",41.9144394821107,4.539081288572491
"[0.19376599195019706, 0.7605481738403175, -0.5940885519357989, 0.36032609803094723]",41.91427824372333,4.539144121053887
"[0.1935074742065229, 0.7606362454008109, -0.5940975381572571, 0.3600641585370138]",41.91411668391265,4.539206953535284
"[0.1932498365229457, 0.7607243925026931, -0.5941066327714996, 0.3598020199615083]",41.913954791282826,4.53926978601668
"[0.19299306429644372, 0.7608126191303527, -0.5941158351393452, 0.3595396685908135]",41.91379254849691,4.539332618498077
"[0.19273717722141115, 0.760900917490364, -0.5941251434045631, 0.3592771257428338]",41.91362996881158,4.539395450979474
"[0.19248216688641065, 0.7609892894309603, -0.5941345567217813, 0.3590143840738934]",41.91346704553417,4.5394582834608705
"[0.1922280345818266, 0.7610777334624258, -0.5941440739061467, 0.3587514461736682]",41.91330376906952,4.539521115942267
"[0.19197477013329292, 0.7611662520998623, -0.5941536942167078, 0.35848830273606186]",41.91314013767241,4.5395839484236635
"[0.19172238182667992, 0.761254841421785, -0.5941634162265069, 0.35822496359789346]",41.91297615090464,4.53964678090506
"[0.19147084993348523, 0.7613435073501406, -0.5941732396004651, 0.35796140934487847]",41.91281178727206,4.5397096133864565
"[0.19122020149930552, 0.7614322393280306, -0.5941831621896165, 0.357697669552984]",41.91264706706013,4.539772445867854
"[0.19097043840048394, 0.761521035599147, -0.5941931828117899, 0.35743374764619734]",41.91248199075777,4.53983527834925
"[0.19072152223343014, 0.7616099088035662, -0.594203301937153, 0.35716960426873906]",41.91231652456785,4.539898110830646
"[0.19047347412253293, 0.7616988504216795, -0.5942135176580146, 0.3569052629644722]",41.91215068104344,4.539960943312043
"[0.1902262728352539, 0.7617878670861528, -0.5942238298079662, 0.356640702249735]",41.91198444378147,4.54002377579344
"[0.18997995814874935, 0.7618769434465413, -0.5942342356798137, 0.35637596598388055]",41.9118178331819,4.540086608274836
"[0.18973449131940542, 0.761966092480836, -0.5942447358695837, 0.3561110138402837]",41.91165082847521,4.540149440756233
"[0.1894898879847652, 0.7620553075264177, -0.5942553286937321, 0.3558458638725112]",41.91148342601992,4.540212273237629
"[0.18924614604182294, 0.762144588331758, -0.5942660132256874, 0.3555805150878547]",41.91131563314131,4.540275105719026
"[0.1890032446291398, 0.7622339415695117, -0.5942767893882868, 0.3553149459206106]",41.91114742086979,4.540337938200423
"[0.18876120109301994, 0.762323359894574, -0.5942876554307801, 0.35504917647412937]",41.91097880836038,4.54040077068182
"[0.18852002607116183, 0.7624128383431038, -0.5942986098798353, 0.3547832197832071]",41.91080978948019,4.540463603163216
"[0.18827969630183203, 0.7625023845371751, -0.5943096528139357, 0.3545170514798373]",41.910640358265674,4.540526435644613
"[0.18804020849959377, 0.7625919987520404, -0.594320783434514, 0.3542506690381986]",41.91047049937427,4.540589268126009
"[0.1878015672502131, 0.7626816783160796, -0.5943320005853866, 0.35398407869852827]",41.91030021287785,4.540652100607406
"[0.1875637750942594, 0.7627714212979385, -0.5943433032059549, 0.3537172845077292]",41.91012950541242,4.540714933088803
"[0.1873268374405169, 0.7628612246563922, -0.5943546900991404, 0.35345029381959525]",41.9099583736621,4.540777765570199
"[0.18709075512688195, 0.7629510870545946, -0.594366160287131, 0.3531831089287575]",41.90978681851301,4.540840598051595
"[0.18685549988537603, 0.763041018295747, -0.5943777142349339, 0.35291569901025827]",41.90961480890319,4.5409034305329925
"[0.18662107686877286, 0.7631310155063189, -0.5943893508066167, 0.3526480709343025]",41.909442354957314,4.540966263014389
"[0.18638749476966077, 0.7632210744074865, -0.5944010686842656, 0.35238023575767136]",41.90926945103361,4.5410290954957855
"[0.18615477143660297, 0.7633111871063468, -0.5944128660723261, 0.3521122152967857]",41.90909611569257,4.541091927977182
"[0.18592287757476958, 0.7634013639588043, -0.594424743572014, 0.3518439770968641]",41.90892231634302,4.5411547604585785
"[0.1856918278185455, 0.7634915983188887, -0.5944366995687015, 0.3515755392769064]",41.90874807598656,4.541217592939975
"[0.18546159125850806, 0.763581901339892, -0.5944487348168135, 0.35130686700929675]",41.90857335628979,4.541280425421372
"[0.18523219861807405, 0.7636722600497251, -0.5944608468726476, 0.3510379972459895]",41.90839817547376,4.541343257902769
"[0.1850036345115121, 0.7637626795443601, -0.5944730357058726, 0.35076891318866904]",41.90822253078479,4.541406090384164
"[0.18477590080268746, 0.7638531581520192, -0.5944853003921716, 0.35049961817987146]",41.90804640746636,4.541468922865562
"[0.1845490008196322, 0.7639436935988059, -0.5944976399302372, 0.35023011736167275]",41.90786981829292,4.541531755346958
"[0.18432292959360602, 0.7640342869151263, -0.5945100537766854, 0.34996040604429507]",41.90769275099187,4.541594587828356
"[0.18409771435893463, 0.7641249261732526, -0.5945225396116927, 0.3496905181275505]",41.90751522599147,4.541657420309752
"[0.18387329036378014, 0.764215636511873, -0.5945351002373799, 0.3494203771423913]",41.907337188703615,4.541720252791148
"[0.18364967748356226, 0.7643064090892031, -0.5945477337962396, 0.3491500077954152]",41.90715864739402,4.541783085272545
"[0.18342691386027793, 0.7643972274580271, -0.5945604373490971, 0.34887945747128507]",41.906979637179646,4.541845917753942
"[0.18320495417931762, 0.7644881091432457, -0.5945732127084082, 0.34860867236115567]",41.906800114488,4.541908750235338
"[0.18298381950754117, 0.7645790446292486, -0.5945860579160146, 0.34833767921232767]",41.90662009635333,4.541971582716735
"[0.18276351777802075, 0.764670029682551, -0.5945989717492405, 0.34806648904927007]",41.906439590470015,4.542034415198131
"[0.18254399468700291, 0.7647610858793743, -0.5946119566731518, 0.34779503595880495]",41.906258537892754,4.542097247679528
"[0.1823253298174689, 0.7648521792856438, -0.5946250072487941, 0.3475234195133638]",41.90607701741308,4.542160080160925
"[0.18210745351921598, 0.7649433379621836, -0.5946381269003717, 0.347251554459425]",41.9058949559888,4.5422229126423215
"[0.1818904136170364, 0.7650345409988625, -0.5946513120393958, 0.34697950157060453]",41.90571240206827,4.542285745123718
"[0.1816741662961467, 0.7651258058918684, -0.5946645646224205, 0.34670720707439656]",41.90552930451817,4.5423485776051145
"[0.18145873510012392, 0.7652171218406139, -0.5946778825242793, 0.3464347016081588]",41.905345688516434,4.542411410086511
"[0.18124411447926136, 0.76530849027951, -0.5946912653979104, 0.3461619793148673]",41.90516154217754,4.542474242567907
"[0.1810303169588984, 0.7653999049340677, -0.5947047117731393, 0.345889057352745]",41.90497688294431,4.542537075049305
"[0.18081730218439532, 0.7654913821901008, -0.5947182235277686, 0.3456158852225584]",41.90479166331039,4.5425999075307
"[0.18060512313176613, 0.7655828983886839, -0.5947317966375388, 0.34534253200546144]",41.904605939023995,4.542662740012097
"[0.1803937201254856, 0.7656744783744954, -0.5947454342680343, 0.3450689219210499]",41.90441963501166,4.542725572493494
"[0.18018313099241637, 0.7657661049239715, -0.5947591333512608, 0.3447951048497619]",41.904232803827725,4.542788404974891
"[0.17997334797680728, 0.7658577804852665, -0.5947728937459316, 0.3445210719155287]",41.90404542442535,4.542851237456287
"[0.17976437164405035, 0.7659495039000346, -0.594786714781635, 0.34424682501848847]",41.90385750054745,4.542914069937684
"[0.17955617717872915, 0.7660412852149506, -0.5948005974922105, 0.3439723325492697]",41.90366900090634,4.54297690241908
"[0.1793487895098159, 0.7661331125900903, -0.5948145396143742, 0.3436976283489565]",41.90347995171316,4.543039734900477
"[0.17914219108148033, 0.7662249929230837, -0.594828541727783, 0.3434226902199986]",41.903290329918796,4.543102567381874
"[0.17893640840249103, 0.7663169135181715, -0.5948426014340866, 0.34314755459748697]",41.90310016189071,4.543165399863271
"[0.17873141678464116, 0.7664088844865845, -0.5948567198231773, 0.3428721896645999]",41.902909424265665,4.543228232344666
"[0.17852719993603527, 0.7665009123378402, -0.5948708974603293, 0.3425965743580889]",41.902718094621235,4.543291064826064
"[0.17832379515675506, 0.7665929793964953, -0.5948851311880871, 0.34232076005527495]",41.902526205996026,4.54335389730746
"[0.17812117376093076, 0.766685097749675, -0.5948994224451007, 0.3420447089927754]",41.902333731284116,4.543416729788857
"[0.17791934065130802, 0.7667772643386443, -0.594913770342707, 0.34176842877212776]",41.90214067227432,4.543479562270253
"[0.17771829034823483, 0.7668694808333616, -0.5949281747343889, 0.3414919128234142]",41.90194701514719,4.54354239475165
"[0.17751803259047386, 0.7669617419172615, -0.5949426343890123, 0.3412151755285409]",41.9017527774023,4.543605227233046
"[0.1773185770085587, 0.7670540422398178, -0.594957148067617, 0.340938231391129]",41.901557965223226,4.543668059714443
"[0.17711989822606244, 0.7671463926744094, -0.5949717170925478, 0.3406610462316945]",41.90136254637348,4.54373089219584
"[0.17692200488930915, 0.7672387883792903, -0.5949863403257613, 0.3403836330183934]",41.90116653021761,4.543793724677236
"[0.17672487055995464, 0.767331240927281, -0.5950010192382351, 0.3401059554281887]",41.90096988126978,4.543856557158633
"[0.17652856049971577, 0.7674237188143969, -0.595015748460812, 0.3398281065349348]",41.90077267585562,4.543919389640029
"[0.17633300140248834, 0.767516255697414, -0.595030532996947, 0.3395499836652048]",41.90057482162852,4.543982222121427
"[0.17613824154541355, 0.767608827929731, -0.5950453687275346, 0.3392716563201754]",41.90037638219201,4.544045054602823
"[0.1759442507893683, 0.767701448973121, -0.5950602574695336, 0.3389930824710022]",41.900177313175526,4.544107887084219
"[0.17575103108936044, 0.767794117115937, -0.5950751986244677, 0.33871426568931323]",41.89997761409068,4.544170719565616
"[0.17555859003796942, 0.7678868279040704, -0.5950901911544794, 0.33843521780857383]",41.89977729394051,4.544233552047013
"[0.17536692794096084, 0.7679795803472825, -0.5951052345842085, 0.3381559402475561]",41.899576355945236,4.544296384528409
"[0.17517604635094253, 0.7680723728407145, -0.5951203283444843, 0.33787643627937397]",41.899374793939685,4.544359217009806
"[0.17498593472007515, 0.7681652096831848, -0.5951354728359582, 0.3375966913886764]",41.89917259099464,4.544422049491202
"[0.17479657716790933, 0.7682580978844853, -0.5951506689194425, 0.33731668286452526]",41.89896973240022,4.544484881972599
"[0.17460801125724407, 0.768351018196659, -0.5951659131631872, 0.33703646715848123]",41.89876625720275,4.544547714453996
"[0.17442022718742595, 0.7684439745302061, -0.5951812059231936, 0.3367560309328964]",41.898562158546916,4.544610546935393
"[0.17423319616755373, 0.7685369803429787, -0.5951965491481627, 0.3364753320076942]",41.89835738660159,4.544673379416789
"[0.17404693373519387, 0.7686300271550484, -0.5952119411853357, 0.33619439438360904]",41.89815197021332,4.5447362118981856
"[0.17386143978354018, 0.7687231142100985, -0.5952273816573462, 0.3359132187664179]",41.89794590012228,4.544799044379582
"[0.1736767025809358, 0.7688162466220377, -0.5952428711712717, 0.3356317881188823]",41.8977391596808,4.5448618768609785
"[0.17349273960445807, 0.7689094147827222, -0.5952584078928327, 0.3353501298903866]",41.89753177376109,4.544924709342376
"[0.17330954360269027, 0.769002621527275, -0.5952739920620793, 0.3350682339342688]",41.89732372854578,4.5449875418237715
"[0.17312711887503973, 0.7690958638365065, -0.5952896229492671, 0.3347861078033129]",41.89711502647262,4.545050374305168
"[0.17294543712070842, 0.7691891554244266, -0.5953053026433658, 0.33450370839890364]",41.89690563002234,4.545113206786565
"[0.17276453579558723, 0.769282476269661, -0.5953210275731786, 0.33422109473161454]",41.89669558323824,4.545176039267962
"[0.17258436522503642, 0.7693758512497054, -0.5953368017354205, 0.3339381898526719]",41.896484827187074,4.545238871749358
"[0.17240497813562963, 0.7694692522752558, -0.5953526201953888, 0.3336550772591762]",41.89627341723402,4.545301704230755
"[0.17222635023479388, 0.7695626911245634, -0.5953684847557195, 0.33337171967187273]",41.89606133144472,4.545364536712151
"[0.17204847281012123, 0.7696561716000003, -0.5953843958878028, 0.33308810394466065]",41.89584854761179,4.545427369193548
"[0.1718713546344624, 0.7697496883323235, -0.5954003525101162, 0.3328042447519438]",41.89563507377082,4.545490201674945
"[0.17169497995376282, 0.7698432489026398, -0.5954163557578249, 0.332520117456093]",41.89542089545895,4.545553034156342
"[0.1715193668458295, 0.7699368429719287, -0.5954324037100716, 0.33223575182987636]",41.895206025281574,4.545615866637737
"[0.17134450302227908, 0.7700304763146375, -0.5954484972093993, 0.3319511287087889]",41.89499045563001,4.545678699119135
"[0.17117039597937558, 0.7701241441558452, -0.5954646352959202, 0.3316662609797837]",41.89477418037964,4.545741531600531
"[0.17099703798721003, 0.7702178498902599, -0.5954808184221402, 0.33138113668882246]",41.8945572039983,4.545804364081928
"[0.17082443962158608, 0.7703115870225206, -0.5954970453395966, 0.3310957739721603]",41.894339522378495,4.545867196563325
"[0.17065258533127087, 0.7704053632344087, -0.5955133172599798, 0.3308101478073311]",41.894121123266444,4.545930029044721
"[0.17048147219060975, 0.7704991794265755, -0.5955296342341381, 0.33052425378956596]",41.893901996088836,4.545992861526117
"[0.17031111356243556, 0.7705930275322525, -0.5955459947570746, 0.33023811484953103]",41.89368215035025,4.5460556940075145
"[0.17014149893264166, 0.7706869125887144, -0.5955623996105189, 0.3299517139789922]",41.89346158238513,4.546118526488911
"[0.16997263041967484, 0.7707808326975687, -0.5955788483760452, 0.3296650553047562]",41.89324028575653,4.5461813589703075
"[0.1698045087530349, 0.7708747867127179, -0.5955953407717596, 0.32937814066257515]",41.89301825730635,4.546244191451704
"[0.16963714201754693, 0.770968769336099, -0.5956118757902542, 0.32909098457838193]",41.89279551649952,4.5463070239331005
"[0.16947050347151021, 0.771062794875799, -0.5956284558845727, 0.3288035416523839]",41.892572010768866,4.546369856414498
"[0.1693046082197664, 0.7711568541448688, -0.5956450793809188, 0.32851583826827435]",41.89234776452003,4.546432688895894
"[0.16913946717546305, 0.771250940181736, -0.595661744993007, 0.3282278940519527]",41.89212279384712,4.546495521377291
"[0.16897505341265423, 0.7713450676154613, -0.5956784552683098, 0.3279396625378658]",41.89189705116638,4.546558353858687
"[0.16881138607478618, 0.7714392248035744, -0.595695208105555, 0.3276511776674494]",41.891670567361906,4.546621186340084
"[0.1686484598002153, 0.7715334140870924, -0.5957120038887592, 0.3273624305758736]",41.89144333087077,4.54668401882148
"[0.1684862552958529, 0.7716276459773003, -0.5957288444748216, 0.3270733873067238]",41.891215308843876,4.546746851302878
"[0.1683248195171838, 0.7717218924316834, -0.5957457248319892, 0.32678413218154906]",41.89098657035553,4.546809683784273
"[0.1681640941626417, 0.7718161867686133, -0.5957626509182845, 0.3264945612252085]",41.89075702690606,4.54687251626567
"[0.16800411772379215, 0.7719105057697481, -0.5957796185697544, 0.32620474398859584]",41.890526732529324,4.546935348747067
"[0.16784486587314768, 0.7720048630781248, -0.5957966302464138, 0.3259146368166811]",41.890295648919555,4.546998181228464
"[0.16768635854153835, 0.7720992462005709, -0.5958136837097038, 0.3256242763758299]",41.89006380145213,4.54706101370986
"[0.1675285742982827, 0.7721936672179996, -0.5958307811635274, 0.3253336237483683]",41.88983115925613,4.547123846191257
"[0.16737153877127597, 0.7722881100921003, -0.5958479197299476, 0.3250427265552762]",41.889597759057565,4.547186678672653
"[0.16721521833428404, 0.7723825943774972, -0.5958651029933191, 0.3247515227978951]",41.88936353618223,4.54724951115405
"[0.16705962903053528, 0.7724771097856448, -0.5958823291313076, 0.324460042382815]",41.889128525686765,4.547312343635447
"[0.16690477967798475, 0.7725716502529242, -0.5958995970852462, 0.32416830224520227]",41.88889273881951,4.5473751761168435
"[0.16675066270253538, 0.7726662196874193, -0.5959169076217832, 0.32387628855734024]",41.88865614932914,4.547438008598239
"[0.16659727727873014, 0.7727608179154322, -0.5959342607715445, 0.32358400006832116]",41.88841876505723,4.5475008410796365
"[0.16644460480008946, 0.7728554558209325, -0.5959516586073328, 0.32329140132067596]",41.88818054683676,4.547563673561033
"[0.1662926634751137, 0.7729501215256395, -0.5959690990287125, 0.3229985272038823]",41.88794152825431,4.5476265060424295
"[0.16614145481035056, 0.773044813404161, -0.5959865818189171, 0.32270538094187373]",41.88770170266609,4.547689338523826
"[0.16599096848008651, 0.7731395372759045, -0.5960041081449802, 0.3224119426922623]",41.8874610499071,4.547752171005222
"[0.165841213931675, 0.7732342865491522, -0.5960216768869565, 0.32211823104064663]",41.88721958577046,4.547815003486619
"[0.1656921793970512, 0.7733290680338851, -0.5960392894148875, 0.3218242230316851]",41.88697728739291,4.547877835968016
"[0.1655438710904748, 0.773423877167603, -0.5960569449972005, 0.3215299309552974]",41.88673416688793,4.547940668449413
"[0.16539627982343882, 0.7735187192275129, -0.5960746447407138, 0.3212353365556599]",41.8864901958261,4.548003500930809
"[0.1652494360084954, 0.7736135739650498, -0.5960923849892388, 0.32094050088967396]",41.88624543744306,4.548066333412206
"[0.16510327408855063, 0.7737084831982606, -0.5961101737070156, 0.3206452920567053]",41.8859997620154,4.548129165893602
"[0.16495786777842344, 0.7738033984883026, -0.5961280019620959, 0.32034985881421185]",41.885753303377506,4.548191998374999
"[0.164813164092191, 0.7738983537434087, -0.596145876269047, 0.3200540937476586]",41.885505960258406,4.548254830856396
"[0.16466918048964582, 0.7739933370092755, -0.5961637945440456, 0.31975803213708964]",41.88525776815298,4.548317663337792
"[0.16452592378352981, 0.7740883431675859, -0.5961817559851761, 0.31946168802579517]",41.88500872665953,4.548380495819189
"[0.16438338744698566, 0.7741833759197243, -0.5961997614626209, 0.3191650479509066]",41.88475883386035,4.548443328300586
"[0.1642415648929988, 0.7742784390989567, -0.5962178118852619, 0.3188680979928029]",41.88450806040966,4.548506160781982
"[0.16410045459956812, 0.7743735332103663, -0.5962359075419599, 0.31857083459241725]",41.88425640618654,4.548568993263379
"[0.1639600724024879, 0.7744686469892869, -0.5962540464830796, 0.3182732910061781]",41.88400390196703,4.548631825744775
"[0.16382040753526284, 0.7745637871089515, -0.5962722301799717, 0.3179754444051134]",41.88375052135306,4.548694658226172
"[0.1636814544810199, 0.7746589567949204, -0.5962904594617547, 0.31767728269105466]",41.88349625109341,4.548757490707569
"[0.16354321284118875, 0.7747541558210276, -0.5963087345073169, 0.3173788045489829]",41.883241087416444,4.5488203231889655
"[0.16340569018900009, 0.7748493784329624, -0.5963270544382718, 0.3170800260045606]",41.88298503959536,4.548883155670362
"[0.16326888501241837, 0.7749446251046839, -0.5963454195762432, 0.3167809435613657]",41.88272810373523,4.548945988151758
"[0.16313278747836424, 0.7750399021739043, -0.5963638313860509, 0.316481535270248]",41.88247025745497,4.549008820633155
"[0.16299741129153736, 0.7751351995164927, -0.5963822881592414, 0.31618183089909313]",41.882211524893535,4.549071653114551
"[0.16286275189032737, 0.7752305197602912, -0.5964007906559284, 0.3158818201491154]",41.881951891434014,4.549134485595949
"[0.16272879551755565, 0.7753258721690922, -0.5964193409407211, 0.3155814717727309]",41.881691330429284,4.549197318077344
"[0.16259554962213316, 0.7754212510049908, -0.5964379381742196, 0.3152808017241661]",41.8814298465344,4.549260150558741
"[0.16246302168439927, 0.7755166503903002, -0.5964565814874034, 0.3149798264423325]",41.8811674543217,4.549322983040138
"[0.16233119865504256, 0.7756120792301865, -0.5964752729076858, 0.31467851571566785]",41.88090413079884,4.549385815521535
"[0.16220009441443817, 0.7757075269845749, -0.5964940106643726, 0.31437690069976904]",41.880639891574,4.549448648002931
"[0.16206969443368097, 0.7758030037449535, -0.5965127970401549, 0.3140749473674851]",41.880374709246524,4.549511480484328
"[0.16194000096100525, 0.7758985074581032, -0.5965316319460381, 0.31377266002799514]",41.880108577009885,4.549574312965724
"[0.16181102989618648, 0.7759940258963217, -0.5965505132839615, 0.31347007523992226]",41.8798415354319,4.549637145447121
"[0.16168276086405792, 0.7760895736611192, -0.5965694442632926, 0.3131671445795307]",41.879573533212145,4.549699977928518
"[0.16155518986696477, 0.7761851534015479, -0.5965884257519253, 0.3128638573948007]",41.879304549639954,4.549762810409915
"[0.1614283373344719, 0.7762807493792001, -0.5966074549666799, 0.3125602614075778]",41.87903463629688,4.54982564289131
"[0.16130219007951413, 0.7763763710561675, -0.5966265341369749, 0.3122563243598947]",41.87876375534908,4.549888475372708
"[0.1611767562377218, 0.7764720118251056, -0.5966456623008809, 0.31195206501606004]",41.87849192411246,4.549951307854104
"[0.16105202843333033, 0.7765676768682637, -0.5966648408582821, 0.31164746464270215]",41.878219120051156,4.550014140335501
"[0.16092799662058785, 0.7766633735714502, -0.5966840716706474, 0.3113424974065507]",41.87794531369135,4.550076972816898
"[0.16080468602550008, 0.7767590820525507, -0.5967033511228336, 0.3110372243856263]",41.877670567976296,4.5501398052982935
"[0.16068207170381987, 0.7768548212563252, -0.5967226834189996, 0.31073158285768376]",41.87739481089861,4.55020263777969
"[0.16056016597565234, 0.776950581239672, -0.596742066954324, 0.3104256022137392]",41.87711806812327,4.550265470261087
"[0.16043896054806311, 0.7770463681713249, -0.5967615033862546, 0.31011926038856535]",41.876840320708965,4.550328302742484
"[0.16031847116621134, 0.7771421692141457, -0.596780990522289, 0.3098125960937177]",41.876561603287286,4.55039113522388
"[0.1601986804859498, 0.7772379977816724, -0.5968005315122759, 0.30950556402681334]",41.876281863335095,4.550453967705277
"[0.16007959474729214, 0.7773338485923055, -0.5968201257152898, 0.30919817869095134]",41.876001112775626,4.550516800186673
"[0.15996122471186872, 0.7774297125746051, -0.5968397717107956, 0.30889046680242027]",41.875719380880625,4.550579632668071
"[0.1598435362409042, 0.7775256171492398, -0.5968594755750974, 0.30858233786758327]",41.875436569158865,4.550642465149467
"[0.15972656290701046, 0.7776215347428109, -0.5968792321086202, 0.30827387798075695]",41.87515276165838,4.550705297630864
"[0.1596102943940046, 0.7777174734301949, -0.5968990434337974, 0.30796505874609925]",41.874867922509054,4.55076813011226
"[0.15949473126412891, 0.7778134324448778, -0.5969189098661728, 0.3076558801497302]",41.87458206085887,4.550830962593657
"[0.15937986996113268, 0.7779094144688453, -0.5969388324453253, 0.3073463310398154]",41.874295146720364,4.550893795075053
"[0.1592657132198208, 0.7780054169610797, -0.5969588111372397, 0.30703641707946994]",41.8740071957501,4.550956627556451
"[0.1591522551240557, 0.778101444676194, -0.5969788474358217, 0.3067261203559793]",41.87371818066375,4.551019460037846
"[0.1590395112326469, 0.7781974841556694, -0.5969989390393431, 0.30641548181406725]",41.87342814179947,4.551082292519243
"[0.1589274627806249, 0.7782935511302258, -0.5970190897562866, 0.30610444799587183]",41.87313701752326,4.55114512500064
"[0.15881610895923498, 0.7783896462131433, -0.5970393002557863, 0.30579301423851324]",41.87284480291602,4.5512079574820365
"[0.15870546090663712, 0.7784857596384296, -0.5970595690261848, 0.3054812095362144]",41.87255152497022,4.551270789963433
"[0.15859551958682686, 0.7785818903231044, -0.5970798963817197, 0.3051690347756027]",41.87225717996451,4.5513336224448295
"[0.15848628117554855, 0.7786780414010829, -0.5971002835388147, 0.3048564771204431]",41.87196175194367,4.551396454926226
"[0.15837774812016017, 0.7787742105314004, -0.597120730565279, 0.304543541493233]",41.87166524253309,4.5514592874076225
"[0.15826990680394265, 0.778870409705965, -0.5971412405928216, 0.304230186114128]",41.871367605594585,4.55152211988902
"[0.15816277496521985, 0.7789666230044382, -0.5971618108158199, 0.3039164600773853]",41.871068890074106,4.551584952370416
"[0.15805634284706324, 0.779062859035252, -0.5971824436666265, 0.30360233256206176]",41.87076905645599,4.551647784851812
"[0.15795061915285857, 0.7791591097976133, -0.5972031380321751, 0.3032878269049793]",41.870468130143514,4.551710617333209
"[0.15784559227237474, 0.779255385772807, -0.5972238967805874, 0.3029729060407462]",41.87016606675463,4.551773449814606
"[0.15774126059724272, 0.7793516884883096, -0.5972447208770582, 0.3026575620673059]",41.869862856177356,4.551836282296002
"[0.15763764325462556, 0.7794480001919374, -0.5972656071138759, 0.3023418502676864]",41.86955854950138,4.551899114777399
"[0.15753472329935195, 0.7795443365330418, -0.5972865595240622, 0.3020257164806809]",41.869253090190384,4.551961947258795
"[0.1574325086746383, 0.7796406900805609, -0.5973075771487015, 0.3017091821597874]",41.86894649674865,4.552024779740192
"[0.1573309904767973, 0.7797370692612344, -0.5973286624948193, 0.30139221665653537]",41.86863873199709,4.552087612221589
"[0.157230183164707, 0.779833460344788, -0.5973498132328541, 0.3010748621619332]",41.86832983596209,4.552150444702986
"[0.1571300746908385, 0.7799298748434625, -0.5973710325716474, 0.3007570777933797]",41.86801976389291,4.552213277184382
"[0.15703066587635106, 0.7800263120962184, -0.5973923210701046, 0.3004388626608063]",41.86770851186856,4.552276109665779
"[0.1569319678489967, 0.7801227613346421, -0.5974136770547696, 0.3001202492632283]",41.86739610772247,4.552338942147175
"[0.15683396523709808, 0.7802192376749464, -0.5974351045919979, 0.2998011845768129]",41.867082497797114,4.552401774628572
"[0.15673666964958713, 0.7803157298482938, -0.5974566019130991, 0.29948170273052416]",41.86676770971025,4.552464607109969
"[0.15664007293026364, 0.7804122460911761, -0.5974781715954862, 0.29916177330058275]",41.86645170544149,4.552527439591365
"[0.15654418124334518, 0.7805087804400778, -0.5974998130626806, 0.29884141285722515]",41.86613449842824,4.552590272072761
"[0.15644899702442144, 0.780605330568616, -0.5975215265519075, 0.29852062594094453]",41.8658161030186,4.5526531045541585
"[0.1563545172859054, 0.7807018996652455, -0.5975433135516607, 0.29819939874061624]",41.86549648562113,4.552715937035555
"[0.1562607413003827, 0.7807984887032807, -0.5975651750689435, 0.2978777247453828]",41.86517564134483,4.5527787695169515
"[0.15616766780799077, 0.7808950992641561, -0.5975871122638741, 0.29755559536677323]",41.86485355376079,4.552841601998348
"[0.15607530182883686, 0.7809917264070466, -0.5976091248250314, 0.29723302374386856]",41.86453024069026,4.5529044344797445
"[0.15598363839956164, 0.7810883756266582, -0.5976312148273499, 0.29690998816141106]",41.86420566576153,4.552967266961142
"[0.15589268756295982, 0.7811850366055556, -0.5976533807426357, 0.29658651972683425]",41.86387986349844,4.553030099442538
"[0.15580243442254219, 0.7812817255434996, -0.5976756271349928, 0.29626256077998836]",41.86355276880689,4.553092931923935
"[0.15571288791819, 0.7813784333448818, -0.5976979527814301, 0.295938138268758]",41.86322440589056,4.553155764405331
"[0.15562405401612792, 0.7814751538923639, -0.5977203571346714, 0.2956132692451159]",41.862894786851,4.553218596886728
"[0.15553592569630212, 0.7815718952067586, -0.597742842932637, 0.295287923250379]",41.862563876564096,4.553281429368124
"[0.15544849670191657, 0.7816686647542955, -0.5977654128220959, 0.2949620715221567]",41.86223164205286,4.553344261849522
"[0.1553617882060345, 0.7817654395359687, -0.5977880623448611, 0.2946357879126471]",41.86189815421769,4.553407094330917
"[0.15527578375827397, 0.7818622383257424, -0.5978107968089341, 0.2943090055204978]",41.861563338655245,4.553469926812314
"[0.1551904921817655, 0.781959051757023, -0.5978336149533287, 0.2939817522639613]",41.86122722410527,4.553532759293711
"[0.1551059041503598, 0.782055891035996, -0.5978565203742457, 0.2936539865084774]",41.86088975744537,4.553595591775108
"[0.1550220294050973, 0.7821527456737734, -0.597879511560678, 0.29332573995428124]",41.86055097055906,4.553658424256504
"[0.15493886684821753, 0.782249617524164, -0.5979025899253738, 0.2929970025353171]",41.86021084985426,4.553721256737901
"[0.1548564128432355, 0.7823465115330049, -0.5979257576423345, 0.2926677535967359]",41.85986936075351,4.553784089219297
"[0.15477467500602854, 0.7824434194530343, -0.597949013745547, 0.29233801727122477]",41.85952653566863,4.553846921700694
"[0.15469364486254666, 0.7825403521052645, -0.5979723618556224, 0.29200775278773383]",41.859182319199085,4.553909754182091
"[0.15461332954130705, 0.7826373018171242, -0.5979958011673157, 0.2916769822701758]",41.85883673430693,4.5539725866634875
"[0.1545337292535605, 0.7827342691311641, -0.5980193328601486, 0.2913456998539681]",41.858489767642205,4.554035419144883
"[0.15445484629218306, 0.7828312520722719, -0.5980429575161756, 0.2910139082389449]",41.858141420369165,4.5540982516262805
"[0.15437667746896405, 0.7829282554584939, -0.5980666773897405, 0.29068158682774703]",41.85779165983659,4.554161084107677
"[0.15429922318538458, 0.7830252798072591, -0.5980904937111277, 0.29034872964853187]",41.8574404802807,4.554223916589073
"[0.15422249305767832, 0.7831223139821727, -0.5981144048512518, 0.2900153707359547]",41.857087914723465,4.554286749070471
"[0.15414647236619664, 0.7832193776741279, -0.5981384167951964, 0.28968143816128006]",41.856733872981245,4.554349581551866
"[0.1540711794413126, 0.783316448563458, -0.598162525166728, 0.28934700440076017]",41.85637843978338,4.554412414033263
"[0.15399659748581918, 0.7834135494454438, -0.5981867367898022, 0.2890119865539283]",41.85602150882117,4.55447524651466
"[0.1539227389731039, 0.7835106653852263, -0.5982110491315109, 0.2886764316743777]",41.85566313333028,4.554538078996057
"[0.1538495994694641, 0.7836078034515869, -0.5982354651580902, 0.28834031086886824]",41.855303272532645,4.554600911477453
"[0.15377718753120825, 0.7837049535259706, -0.5982599835352005, 0.28800365465201766]",41.85494196059628,4.55466374395885
"[0.15370549503130343, 0.783802127842511, -0.5982846085803022, 0.2876664160602915]",41.854579134074186,4.554726576440246
"[0.15363453214635167, 0.7838993139903844, -0.5983093383956737, 0.2873286335433098]",41.854214833533185,4.554789408921643
"[0.1535642934704771, 0.783996520756545, -0.5983341764767807, 0.28699027191233284]",41.85384901850615,4.55485224140304
"[0.15349477885785295, 0.7840937499512234, -0.5983591245810995, 0.28665132007707406]",41.853481663534666,4.554915073884437
"[0.15342598962080725, 0.7841910014358573, -0.5983841839896195, 0.2863117736593775]",41.85311276315974,4.554977906365832
"[0.15335793301043277, 0.7842882665788614, -0.5984093537992147, 0.285971657946515]",41.85274234353333,4.55504073884723
"[0.1532906080408225, 0.7843855483804776, -0.5984346361174921, 0.28563095758225576]",41.85237037593013,4.555103571328626
"[0.15322401232727406, 0.7844828520797675, -0.5984600336703332, 0.2852896492261925]",41.85199683021241,4.5551664038100235
"[0.15315814292675878, 0.7845801840339761, -0.5984855495211437, 0.2849477054289004]",41.85162166990126,4.555229236291419
"[0.15309301273537976, 0.7846775271360071, -0.5985111805911983, 0.2846051811656805]",41.85124495233823,4.555292068772816
"[0.1530286178248654, 0.784774889117864, -0.5985369303270637, 0.28426204411668615]",41.85086663836658,4.555354901254213
"[0.15296496274296836, 0.7848722650887624, -0.5985627988711524, 0.2839183063186145]",41.85048673379167,4.555417733735609
"[0.15290204637344487, 0.7849696587987537, -0.5985887886747613, 0.28357394927652496]",41.85010521176402,4.555480566217006
"[0.1528398601294963, 0.7850670860121148, -0.5986149054565651, 0.28322891175866716]",41.8497219924815,4.555543398698402
"[0.15277841941854994, 0.7851645250421637, -0.5986411449266139, 0.2828832650550148]",41.84933715553086,4.555606231179799
"[0.1527177231987377, 0.7852619797552949, -0.5986675096390977, 0.282536990022058]",41.84895067326173,4.555669063661195
"[0.1526577685077779, 0.7853594574167172, -0.5986940031159683, 0.282190055246488]",41.84856250667562,4.555731896142593
"[0.1525985556797515, 0.7854569602667137, -0.5987206275637078, 0.2818424469980033]",41.848172624688445,4.555794728623989
"[0.1525400945548306, 0.7855544747681847, -0.5987473808857484, 0.28149420780594575]",41.847781076204335,4.555857561105385
"[0.15248238127016253, 0.7856520100455837, -0.5987742672005739, 0.28114529931797544]",41.84738781576644,4.555920393586782
"[0.1524254152053309, 0.7857495701927795, -0.5988012893022884, 0.28079570092206474]",41.84699280478662,4.555983226068179
"[0.15236920153796846, 0.7858471494662042, -0.5988284472873645, 0.28044542716796206]",41.84659606087994,4.556046058549575
"[0.15231374533099373, 0.7859447420799422, -0.5988557412352484, 0.2800944928182576]",41.84619758317488,4.556108891030972
"[0.15225903953075948, 0.7860423637721351, -0.5988831772829992, 0.2797428350979254]",41.84579730351448,4.556171723512368
"[0.15220509712420205, 0.7861399947295894, -0.5989107516157747, 0.2793905191505043]",41.84539528843156,4.556234555993765
"[0.15215190594872613, 0.786237660579235, -0.5989384732642462, 0.27903744612583614]",41.84499141681961,4.556297388475162
"[0.1520994822832227, 0.7863353351669609, -0.59896633662363, 0.27868370411986343]",41.84458578115923,4.556360220956559
"[0.15204781496147232, 0.7864330431400748, -0.5989943505689826, 0.2783291973377577]",41.84417826301231,4.556423053437955
"[0.15199691984371025, 0.7865307584607608, -0.5990225095040859, 0.27797401364233637]",41.843768960853424,4.5564858859193516
"[0.15194678714910545, 0.7866285039396582, -0.5990508218936105, 0.2776180634487767]",41.843357763186596,4.556548718400748
"[0.15189742551919833, 0.7867262671574083, -0.599079286083922, 0.27726138511281534]",41.842944704442026,4.5566115508821445
"[0.15184883818724815, 0.7868240459599701, -0.5991079033890456, 0.27690397967251706]",41.842529784527734,4.556674383363542
"[0.1518010199794255, 0.7869218554906348, -0.5991366802424495, 0.27654578472175495]",41.84211291543406,4.5567372158449375
"[0.15175398192165776, 0.7870196780451145, -0.5991656134621391, 0.27618685796757286]",41.84169416404531,4.556800048326334
"[0.15170771896841534, 0.7871175290969219, -0.5991947096787109, 0.27582713542411436]",41.84127344080912,4.556862880807731
"[0.15166223525949832, 0.7872154053784827, -0.5992239700362584, 0.27546662165620106]",41.840850750039614,4.556925713289128
"[0.1516175409057161, 0.787313290313059, -0.5992533916804654, 0.27510537037834987]",41.84042614488761,4.556988545770524
"[0.15157362440029726, 0.7874112148763539, -0.5992829860925831, 0.2747432596607705]",41.83999946969456,4.557051378251921
"[0.15153050099687437, 0.7875091511419188, -0.5993127470456512, 0.2743803850131531]",41.83957083622017,4.557114210733317
"[0.15148816864229045, 0.7876071096156139, -0.5993426799373646, 0.2740166998259271]",41.8391401796999,4.557177043214714
"[0.15144663112814696, 0.7877050878370015, -0.5993727862771675, 0.27365220534394613]",41.838707490691846,4.557239875696111
"[0.1514058868256281, 0.7878030964599395, -0.5994030716583163, 0.27328685382847373]",41.83827270612977,4.557302708177508
"[0.15136594361047567, 0.7879011235936644, -0.5994335347608707, 0.2729206813898571]",41.837835854497754,4.557365540658904
"[0.15132679928708492, 0.7879991820010867, -0.5994641819467851, 0.27255363199967014]",41.83739686693916,4.557428373140301
"[0.15128846453047676, 0.7880972524211659, -0.5994950096141091, 0.2721857693471818]",41.836955814978324,4.557491205621697
"[0.1512509365744283, 0.788195349587768, -0.5995260248403802, 0.271817029677665]",41.8365126075121,4.557554038103095
"[0.15121421834730742, 0.7882934743486543, -0.5995572304234681, 0.2714474009964892]",41.83606721757348,4.55761687058449
"[0.1511783135941157, 0.7883916255562557, -0.5995886285704554, 0.27107687867986746]",41.8356196360808,4.557679703065887
"[0.15114322949651196, 0.788489792416615, -0.5996202184098526, 0.27070549453187903]",41.835169892189036,4.557742535547284
"[0.15110896508310045, 0.7885879869291094, -0.599652006432108, 0.270333194052512]",41.83471790727407,4.5578053680286805
"[0.15107552343115113, 0.7886862104689892, -0.5996839957956284, 0.26995996260741983]",41.834263661387176,4.557868200510077
"[0.15104290886309135, 0.7887844609772305, -0.5997161885878383, 0.2695857984544209]",41.833807132813895,4.5579310329914735
"[0.15101113051938014, 0.7888827213102746, -0.5997485819395322, 0.26921075740209227]",41.83334838941718,4.55799386547287
"[0.1509801819473004, 0.7889810228850004, -0.5997811890475432, 0.2688347097158329]",41.83288725695264,4.5580566979542665
"[0.1509500733371537, 0.7890793458282525, -0.5998140062446298, 0.2684577212822976]",41.8324238056002,4.558119530435664
"[0.15092080598574878, 0.7891776985271542, -0.5998470392710525, 0.2680797497859161]",41.83195797513121,4.55818236291706
"[0.1508923876274864, 0.7892760680499963, -0.5998802867621751, 0.26770083465327077]",41.83148980944369,4.558245195398456
"[0.15086481843539248, 0.7893744675454295, -0.5999137561944781, 0.26732091478741343]",41.83101921613382,4.558308027879853
"[0.15083810157064323, 0.7894729010084608, -0.5999474520697162, 0.2669399638992683]",41.830546147225235,4.55837086036125
"[0.15081224468092214, 0.7895713559427369, -0.5999813732818999, 0.2665580194151555]",41.8300706523392,4.558433692842646
"[0.15078724938637103, 0.7896698426111902, -0.6000155265893006, 0.26617503042336305]",41.82959264575112,4.558496525324044
"[0.1507631216919263, 0.789768354932943, -0.6000499131786033, 0.26579100921823734]",41.82911213363298,4.558559357805439
"[0.15073986574475245, 0.7898668943185231, -0.6000845368823902, 0.2654059388128739]",41.82862908935028,4.558622190286836
"[0.15071748591120346, 0.789965461847022, -0.6001194014907497, 0.2650198032597505]",41.828143480509176,4.558685022768233
"[0.15069598640216492, 0.7900640599636279, -0.6001545113559859, 0.26463258098459386]",41.82765525841856,4.55874785524963
"[0.15067537297081524, 0.7901626844951852, -0.6001898685386816, 0.26424427618919283]",41.8271644296774,4.558810687731026
"[0.1506556491153233, 0.7902613425602749, -0.6002254792157423, 0.2638548483897754]",41.826670919191294,4.558873520212423
"[0.15063682129831443, 0.7903600273187512, -0.6002613446133653, 0.26346431189441927]",41.82617474358178,4.558936352693819
"[0.15061889281781024, 0.7904587490049958, -0.6002974722302241, 0.2630726132202977]",41.82567582024999,4.558999185175216
"[0.15060187150815485, 0.7905574937236923, -0.6003338608194587, 0.26267979433225597]",41.825174184828114,4.559062017656613
"[0.1505857603458393, 0.7906562757075739, -0.6003705195408457, 0.2622857851861558]",41.82466973683548,4.5591248501380095
"[0.1505705667865872, 0.7907550834865034, -0.6004074481398922, 0.2618906178090683]",41.82416250670092,4.559187682619405
"[0.15055629536415824, 0.7908539242914567, -0.6004446533840601, 0.2614942493603505]",41.823652428989696,4.5592505151008025
"[0.15054295253844446, 0.7909527935984446, -0.6004821377268975, 0.26109668374766215]",41.82313949323884,4.559313347582199
"[0.15053054339214092, 0.7910516979184096, -0.6005199078853843, 0.2606978802421286]",41.82262362762097,4.5593761800635955
"[0.150519073963604, 0.7911506385672135, -0.6005579687292587, 0.2602978185714107]",41.82210479997094,4.559439012544992
"[0.15050855093355378, 0.7912496123581336, -0.6005963234812218, 0.25989649638781726]",41.82158298474556,4.5595018450263884
"[0.1504989810843985, 0.7913486151636591, -0.6006349750504775, 0.25949391501405517]",41.82105818015264,4.559564677507786
"[0.15049036938801122, 0.79144766468183, -0.6006739350082596, 0.25908998651999215]",41.82053024372289,4.559627509989182
"[0.15048272408690774, 0.7915467449474051, -0.6007132018418175, 0.2586847596918267]",41.81999923715454,4.559690342470579
"[0.15047605198568337, 0.7916458554160848, -0.6007527801285598, 0.25827822039440307]",41.81946512096925,4.559753174951975
"[0.1504703594044881, 0.7917450072831616, -0.6007926792830167, 0.2578703058100032]",41.818927797388014,4.559816007433372
"[0.1504656539713475, 0.7918441951780687, -0.6008329022208927, 0.25746102067574006]",41.818387254568506,4.559878839914768
"[0.1504619434766158, 0.7919434071562332, -0.6008734492027248, 0.25705039687861764]",41.81784352895599,4.559941672396166
"[0.15045923451069615, 0.7920426710626024, -0.6009143369008754, 0.25663830109715347]",41.81729641668019,4.560004504877562
"[0.15045753554929792, 0.79214196647118, -0.6009555623461085, 0.25622479952476956]",41.81674598974219,4.560067337358958
"[0.15045685435982195, 0.7922413041465232, -0.6009971355255186, 0.25580982850972184]",41.816192154742,4.560130169840355
"[0.150457199218511, 0.7923406810625863, -0.6010390608528641, 0.25539338130297845]",41.81563487756703,4.560193002321752
"[0.15045857845395222, 0.7924400934762742, -0.601081342522657, 0.2549754539062127]",41.81507414050132,4.560255834803148
"[0.15046100082103536, 0.7925395507054329, -0.6011239904321884, 0.25455598690933534]",41.814509841719534,4.560318667284545
"[0.15046447506049565, 0.7926390468929922, -0.6011670081588106, 0.2541349842484878]",41.81394197233761,4.560381499765941
"[0.1504690106620023, 0.7927385916433307, -0.601210406105709, 0.25371238396495416]",41.813370423142764,4.560444332247338
"[0.15047461643694993, 0.7928381733591859, -0.6012541856027649, 0.2532882135259612]",41.812795223950445,4.560507164728735
"[0.15048130194705828, 0.7929377945928134, -0.6012983542586077, 0.25286243998090496]",41.81221630407246,4.5605699972101315
"[0.15048907748683105, 0.7930374625936439, -0.6013429219838878, 0.2524350095354671]",41.81163356625946,4.560632829691528
"[0.15049795413218586, 0.7931371869770311, -0.60138790003379, 0.252005857226119]",41.81104690514335,4.560695662172924
"[0.15050793993036965, 0.7932369422847865, -0.6014332839575085, 0.25157506867177837]",41.81045642383626,4.560758494654321
"[0.15051904631257945, 0.7933367395360033, -0.6014790858863267, 0.25114257209974783]",41.809861999151465,4.560821327135717
"[0.1505312847634805, 0.7934365842667099, -0.6015253157552852, 0.2507083183575879]",41.809263538837506,4.560884159617115
"[0.150544668496231, 0.7935364906236312, -0.6015719878164025, 0.2502722196684776]",41.80866090325126,4.56094699209851
"[0.15055920697438585, 0.7936364417546017, -0.6016191020768558, 0.2498343227551249]",41.80805412795484,4.561009824579907
"[0.15057491119424565, 0.7937364331713906, -0.6016666643657274, 0.24939462028550632]",41.8074431903416,4.561072657061304
"[0.15059179586968424, 0.7938364811407703, -0.6017146906474554, 0.24895301275178222]",41.80682791926225,4.561135489542701
"[0.15060987139159046, 0.7939365729407698, -0.6017631832792522, 0.24850952752574462]",41.80620833871758,4.561198322024097
"[0.15062915306195254, 0.7940367219791223, -0.601812157449931, 0.24806407564773741]",41.80558429520232,4.561261154505494
"[0.1506496554073512, 0.7941369332966316, -0.6018616246763546, 0.24761660388714804]",41.80495568234691,4.56132398698689
"[0.15067138718956471, 0.7942371833530723, -0.6019115825040682, 0.24716718621834688]",41.80432259321361,4.561386819468287
"[0.15069436697969132, 0.7943374936520001, -0.6019620510508433, 0.24671569431492185]",41.80368480854396,4.561449651949684
"[0.15071860666160541, 0.7944378528660712, -0.6020130343510446, 0.24626214609213967]",41.80304233113924,4.561512484431081
"[0.15074412571121873, 0.7945382794692238, -0.6020645518486638, 0.24580642387909685]",41.802394966069784,4.561575316912476
"[0.15077093613364065, 0.7946387596349292, -0.6021166068279775, 0.24534855515513482]",41.801742724743676,4.561638149393874
"[0.15079905129177068, 0.7947392852379003, -0.6021692055829039, 0.24488854132065108]",41.80108558831372,4.56170098187527
"[0.15082849550369534, 0.7948398846907067, -0.6022223739463731, 0.24442621511970405]",41.80042327299992,4.5617638143566674
"[0.15085928149673553, 0.7949405430368037, -0.602276115407596, 0.24396160657613045]",41.799755802513005,4.561826646838063
"[0.15089142841102512, 0.7950412659162734, -0.6023304446330421, 0.24349465009442117]",41.799083046573514,4.5618894793194595
"[0.15092495301893907, 0.7951420495950682, -0.6023853716281209, 0.24302532219420359]",41.798404942921835,4.561952311800857
"[0.15095987457199256, 0.7952428964248677, -0.6024409100459528, 0.24255356995493835]",41.797721380466314,4.562015144282253
"[0.15099621273301875, 0.795343808013642, -0.6024970735570967, 0.24207934248492885]",41.797032252851864,4.56207797676365
"[0.15103398863319203, 0.7954447880638159, -0.602553877450969, 0.24160257751001996]",41.79633743765944,4.562140809245046
"[0.1510732240203553, 0.7955458397695933, -0.6026113372321849, 0.2411232134454464]",41.795636803452304,4.562203641726443
"[0.15111393749368598, 0.7956469566388875, -0.6026694633224731, 0.2406412332326538]",41.79493029625011,4.562266474207839
"[0.15115615640275246, 0.7957481521118559, -0.6027282780833549, 0.24015652317842537]",41.794217702906096,4.562329306689237
"[0.15119989680126095, 0.7958494105310028, -0.6027877875059388, 0.23966910712618758]",41.79349902998684,4.562392139170633
"[0.15124518702606776, 0.795950743715984, -0.6028480140905135, 0.239178875484971]",41.792774072860055,4.562454971652029
"[0.15129204915555136, 0.7960521470227598, -0.602908971224442, 0.23868579601177423]",41.79204274378857,4.562517804133426
"[0.1513405182252261, 0.7961536414421946, -0.6029706883946274, 0.2381897094584567]",41.791304760112745,4.562580636614823
"[0.15139061248186406, 0.7962552101524988, -0.6030331728663781, 0.23769063875477844]",41.79056011895862,4.562643469096219
"[0.15144236234603406, 0.7963568602041067, -0.6030964469800115, 0.23718848828595274]",41.78980863256506,4.562706301577617
"[0.15149579134872235, 0.7964585831361173, -0.6031605240945556, 0.23668323679020542]",41.78905022305714,4.562769134059012
"[0.15155094042859538, 0.7965604013734275, -0.6032254377936299, 0.2361747069914022]",41.788284569331665,4.562831966540409
"[0.1516078325505103, 0.796662301170538, -0.6032911995834596, 0.23566289889733658]",41.78751163402032,4.562894799021806
"[0.15166650017505814, 0.7967642847587092, -0.6033578317906934, 0.23514773061874855]",41.786731239434914,4.5629576315032025
"[0.15172698634994453, 0.796866369822346, -0.603425367889351, 0.2346290386145416]",41.78594308130171,4.563020463984599
"[0.1517893155270807, 0.7969685400304213, -0.6034938198512757, 0.23410682877511238]",41.785147124933964,4.5630832964659955
"[0.15185352750036452, 0.7970708029399699, -0.6035632162911648, 0.23358098280958794]",41.78434312415199,4.563146128947392
"[0.1519196638986435, 0.7971731660132083, -0.6036335869549302, 0.23305137884233362]",41.78353084642136,4.5632089614287885
"[0.15198775924112695, 0.7972756232107525, -0.603704953384545, 0.23251796121482102]",41.7827101369388,4.563271793910186
"[0.15205786170145924, 0.7973781866530809, -0.6037773508539208, 0.23198057608353337]",41.7818807012982,4.563334626391582
"[0.1521300068574059, 0.7974808472095758, -0.6038508009072013, 0.23143917665220531]",41.78104240742742,4.563397458872978
"[0.15220425062606543, 0.7975836221563178, -0.6039253452014037, 0.23089357276392233]",41.78019488982909,4.563460291354375
"[0.15228063406647313, 0.7976865047690332, -0.6040010095768115, 0.2303436962674231]",41.77933797305402,4.563523123835772
"[0.15235920327932106, 0.7977894930297299, -0.6040778244795952, 0.22978945005562793]",41.77847144417485,4.563585956317168
"[0.15244002020910227, 0.7978926024846894, -0.6041558350797364, 0.2292306370130979]",41.777594912269834,4.563648788798565
"[0.15252313229999184, 0.7979958265862647, -0.6042350716729733, 0.22866717352718594]",41.77670817597844,4.563711621279961
"[0.15260860808419174, 0.798099181810605, -0.6043155839640214, 0.22809884446656514]",41.7758108105836,4.563774453761358
"[0.1526964813408414, 0.7982026396146414, -0.6043973883125558, 0.2275256764692299]",41.7749027833497,4.563837286242755
"[0.152786848164836, 0.798306241866324, -0.6044805585267637, 0.22694730015253423]",41.77398341291924,4.563900118724152
"[0.15287976118587526, 0.7984099750648868, -0.6045651269971087, 0.2263636448984697]",41.77305250684522,4.563962951205548
"[0.1529752834097646, 0.7985138348646719, -0.604651135242148, 0.22577458307604945]",41.772109762624076,4.564025783686945
"[0.15307350452778273, 0.7986178417791803, -0.6047386479460928, 0.22517983736831104]",41.771154636131925,4.564088616168341
"[0.15317449210347575, 0.7987219880416012, -0.6048277090288224, 0.2245792819271365]",41.77018682907701,4.5641514486497385
"[0.15327833748118136, 0.7988262863973179, -0.6049183826587695, 0.2239726635414273]",41.76920582001202,4.564214281131135
"[0.1533851220916491, 0.7989307346679608, -0.6050107233609062, 0.22335980457050938]",41.76821120973597,4.564277113612531
"[0.15349494038880918, 0.7990353388693552, -0.6051047961254498, 0.22274046848538157]",41.76720250489523,4.564339946093928
"[0.15360789448807904, 0.7991401069131091, -0.6052006714939004, 0.22211439457903775]",41.766179146151,4.5644027785753245
"[0.1537240764534754, 0.7992450321700447, -0.6052984105839299, 0.22148139599893218]",41.76514070792413,4.564465611056721
"[0.15384362623964856, 0.7993501452130659, -0.6053981137234947, 0.22084104612140437]",41.764086343766,4.5645284435381175
"[0.15396664618362968, 0.7994554362934937, -0.6054998485011137, 0.22019314537138746]",41.763015582941506,4.564591276019514
"[0.154093252593042, 0.7995609024188899, -0.6056036933915333, 0.21953743805107345]",41.761927860370925,4.5646541085009105
"[0.15422361164551046, 0.7996665747290292, -0.6057097665353807, 0.21887343586510744]",41.760822190155544,4.564716940982308
"[0.15435782872017423, 0.799772427248734, -0.60581813533812, 0.21820098721400896]",41.75969816143144,4.564779773463704
"[0.15449611063901553, 0.7998785065623764, -0.6059289480725638, 0.21751945747728751]",41.7585545259604,4.564842605945101
"[0.1546385792428888, 0.7999847842265919, -0.6060422833101793, 0.21682866483964233]",41.757390796808544,4.564905438426497
"[0.1547854546570311, 0.8000912970851181, -0.6061582968482594, 0.21612797768494144]",41.75620569484021,4.564968270907894
"[0.1549369153940386, 0.8001980403178055, -0.6062771098527082, 0.21541700228065488]",41.75499834048363,4.56503110338929
"[0.15509317280617924, 0.8003050223282713, -0.6063988680750363, 0.21469522375968442]",41.75376763047329,4.565093935870688
"[0.15525446051181996, 0.8004122549225933, -0.6065237331116039, 0.21396206410706553]",41.75251233210812,4.565156768352083
"[0.3281607219515573, 1.024730561611266, -0.9451928831918217, 0.5602924448050913]",98.92010805191416,4.577974594556992
"[0.3262796518678421, 0.7454158444981103, -0.5889553420989015, 0.38941417686270396]",96.67460792018728,4.578037427038389
"[0.02438836603721741, 0.7683792128040815, -0.7647989752112772, 0.3652430744961885]",85.883975334318,4.578163092001182
"[0.044532002175630206, 0.7459955309717515, -0.7736628613402432, 0.4086190244543788]",85.93580781842687,4.578225924482578
"[0.05364023673592611, 0.7379459875723516, -0.7794633318923961, 0.4241351597936582]",85.94839382876978,4.578288756963976
"[0.0511070882367767, 0.737809394303314, -0.7851975625981269, 0.4227999734361544]",85.93883052059591,4.578351589445372
"[0.036489010746961315, 0.7466714063534704, -0.7904565680056068, 0.4029851100847204]",85.90400534436664,4.578414421926768
"[0.009066371610300735, 0.7789972613053168, -0.788457081040084, 0.34203429070729413]",85.80276087653992,4.578477254408165
"[0.397573419745379, 0.7528052432417578, -0.6257220749918964, 0.44112027911360385]",96.71386405621388,4.5786657518523555
"[0.3507531475848979, 0.7349027327528553, -0.6810246958596684, 0.5144893965190396]",90.91467456968243,4.579294076666321
"[0.464589197920802, 0.9193944501069348, -0.7285039713724261, 0.5261636497091497]",93.05036478302468,4.579482574110511
"[0.2009808568779698, 1.1356527440982545, -0.858633003491655, 0.4320668734716978]",84.9734501092937,4.58356668540129
"[0.06780448691707056, 0.7091525829855835, -0.8746232583411816, 0.44629503988784164]",92.03034924302565,4.586645476989724
"[0.34088286333122536, 1.1314479805797544, -0.7370533235238133, 0.4060455078087838]",87.92807056487273,4.586708309471121
"[0.4836581553931805, 0.9314302170312793, -0.7014014250971092, 0.4867908937900233]",85.62164658994179,4.586959639396707
"[0.020856861953810785, 0.8112742425894576, -0.7285961278459148, 0.28604962564874936]",79.43424388222812,4.587713629173467
"[0.05981091579157113, 0.7454886885919187, -0.7462130076906249, 0.41586670729753206]",79.62561876480378,4.587776461654863
"[0.10201649347748229, 0.7248180891108612, -0.7467182056579853, 0.4631833873374903]",79.68164154332227,4.58783929413626
"[0.13938346944831734, 0.7134445261820264, -0.7464704461627132, 0.4913844769349902]",79.72364452347348,4.5879021266176565
"[0.17198721626330113, 0.7063236715646605, -0.7476923945594797, 0.5100128159273737]",79.76444197485417,4.587964959099053
"[0.199993021518993, 0.7016204912744652, -0.7506962347992546, 0.5228650079731507]",79.80709266983253,4.5880277915804495
"[0.2234749223274304, 0.6984255018919192, -0.7551696547305716, 0.531873215948999]",79.85128212190546,4.588090624061846
"[0.2424233720554397, 0.6961895620297738, -0.7605427372758181, 0.5381472776167073]",79.89468163843851,4.5881534565432425
"[0.25675656263052005, 0.6945426886410991, -0.7661473028897492, 0.54237996718625]",79.93348279302414,4.58821628902464
"[0.26633935509021445, 0.6932321443068152, -0.7713348788791842, 0.5450370481305229]",79.96305781225534,4.588279121506036
"[0.2710196650440739, 0.6921001824672296, -0.77560345751177, 0.5464427503658027]",79.97904074892094,4.588341953987433
"[0.2706684302406628, 0.6910764393205717, -0.7787111232377961, 0.5467969514825722]",79.9785859942368,4.588404786468829
"[0.26523327309730454, 0.6901753828496074, -0.7807459930784325, 0.5461614651957635]",79.96131933728515,4.588467618950226
"[0.2547535868049145, 0.6894986284557586, -0.7821102226590693, 0.54443670358956]",79.92937107027649,4.588530451431622
"[0.23934693324518777, 0.6892401440570906, -0.7834248495611866, 0.541340684258542]",79.88654231401455,4.58859328391302
"[0.21915292004348874, 0.6896921341282196, -0.785403992865498, 0.5363694476371487]",79.83703414782707,4.588656116394415
"[0.19428159050599564, 0.6912675042146507, -0.7887302588856855, 0.52871107320611]",79.78438823434612,4.588718948875813
"[0.16474751496221718, 0.6945745253321928, -0.7939327052893175, 0.5170576061619258]",79.73075811433046,4.588781781357209
"[0.13036272417359915, 0.7006435946725659, -0.8012067068801515, 0.4991747684740917]",79.67622432667955,4.588844613838606
"[0.09055298856350891, 0.711642299645099, -0.8099567684023082, 0.4707457603661303]",79.61713645122836,4.588907446320002
"[0.043757692402359154, 0.73410002133059, -0.8169722065964192, 0.4205377829026024]",79.53759677207984,4.588970278801399
"[0.2723796031284413, 0.7501218412667471, -0.5816246551727655, 0.3701405165470269]",90.12692396462553,4.5892216087269855
"[0.12100702353242047, 0.6882592458506398, -0.8678088296741523, 0.4906764979246971]",97.64259680561725,4.589410106171175
"[0.43647868206634066, 0.9081744456028343, -0.8276965785651306, 0.5795137362859586]",93.67867882833264,4.593117222573575
"[0.5810174871578941, 0.8131818518053769, -0.7456356393693228, 0.3611803526450454]",99.10618472047904,4.593494217461955
"[0.26358370521939745, 1.1157720940215936, -0.8501562840287492, 0.4898647287629336]",92.07900125953788,4.593682714906145
"[0.4504267280060841, 0.860792080082419, -0.8114934951529443, 0.5727098875461254]",75.80558999397263,4.594562369645697
"[0.4534036725048783, 0.836687905121735, -0.8392136530446554, 0.5736562706325218]",75.90813461894314,4.5946252021270935
"[0.4531930470098172, 0.8340691067744194, -0.7932111787436352, 0.5649693832520329]",79.16812415712104,4.596824338975975
"[0.17057151321125766, 0.6734061766620801, -0.8726506073188135, 0.5147142445868194]",84.14762832753247,4.597326998827148
"[0.3735456412358413, 0.7125744433712303, -0.7863621605893242, 0.5543572469718552]",92.10924805628022,4.597766826196924
"[0.3752185997795773, 1.0256063906278732, -0.8263212854646417, 0.5594217683112295]",93.77621076082544,4.602919089671446
"[0.4785754363100124, 0.7494469509795667, -0.6424704903144697, 0.36740533029179406]",83.9083125354658,4.604615566669154
"[0.042532288119135495, 0.7705116682924774, -0.7234988359135517, 0.36537339766410354]",73.20702837780635,4.6046783991505515
"[0.07543394394743101, 0.7439369888818352, -0.7264125840751698, 0.4231777820403936]",73.27684274798465,4.604741231631948
"[0.10857692451139951, 0.729411228709579, -0.7254323478487803, 0.45788402693677055]",73.31772578693023,4.6048040641133445
"[0.14068924050975506, 0.7200052810940286, -0.7241786506203118, 0.48214747952390713]",73.35246681894486,4.604866896594741
"[0.17167785480867453, 0.7135230387584126, -0.7239765417159112, 0.5002462896035728]",73.38854800004961,4.6049297290761375
"[0.2016090886308903, 0.7090020838814732, -0.7254970688302937, 0.5142771398017499]",73.43027871172725,4.604992561557534
"[0.23058062098437865, 0.7059523371170363, -0.7291824856214443, 0.5254585968496166]",73.4813799543847,4.605055394038931
"[0.2586809435106337, 0.7040925862532763, -0.7354311403366619, 0.5345541228198256]",73.5461171212086,4.605118226520328
"[0.2860423989917303, 0.7032164426245142, -0.7447416601645992, 0.5420509885823138]",73.63047792457643,4.605181059001724
"[0.312905233843089, 0.7030974926428455, -0.7578890027158502, 0.5481823311084486]",73.7439626622644,4.605243891483121
"[0.339880897285884, 0.7033851420968856, -0.7762333362451094, 0.5527746900242984]",73.90338666081163,4.605306723964517
"[0.36887875002272763, 0.7035331669828024, -0.8023577442595774, 0.5545553376087959]",74.14265295852319,4.605369556445914
"[0.40728335509438107, 0.703530354867017, -0.8416244711683923, 0.5479722470045477]",74.54682471708908,4.605432388927311
"[0.5147607857627923, 0.7311908332381369, -0.9129524096033683, 0.4830172112371186]",75.56799202828992,4.605495221408707
"[0.19748916226970747, 0.6558800284708276, -0.9190382818608566, 0.5062039867223447]",77.4521658153731,4.605683718852897
"[0.5430001470384276, 0.6759504750503086, -0.8331026620830079, 0.36114362669059313]",72.19293967149304,4.6059978812598805
"[0.5128399675541924, 0.6382124070174484, -0.8581326796809078, 0.3523267772923113]",71.98705680171523,4.606060713741277
"[0.4882504978541514, 0.6162923165880821, -0.8785240778263905, 0.34515438366575296]",71.85571605609643,4.606123546222673
"[0.4648344741904582, 0.6007220794504778, -0.8974232056159124, 0.33818272195451227]",71.75038541527968,4.60618637870407
"[0.43895691629212297, 0.5882776437181183, -0.9176951232236571, 0.32962089272453055]",71.65102923390208,4.6062492111854665
"[0.3339393826307218, 0.7138387323703372, -0.7403675765621542, 0.5447395468826325]",97.26502263796075,4.606437708629656
"[0.4391058113932661, 0.5906186402201129, -0.920576396718071, 0.3427185789744818]",71.59940385612401,4.606626206073846
"[0.45573920363289955, 0.5989270844961883, -0.908804812815937, 0.35073174990178674]",71.65009650023276,4.606689038555243
"[0.47162578376404896, 0.6086915384261716, -0.8976514450222391, 0.3576512411208428]",71.70506822356593,4.606751871036639
"[0.48786051562681837, 0.620649252634842, -0.8863513600132605, 0.36392047104660674]",71.76961376042537,4.606814703518036
"[0.5051321380210794, 0.6358185193698697, -0.8744881039985738, 0.3696705032572881]",71.84966050559382,4.606877535999433
"[0.5244866736909732, 0.6563072601381998, -0.8615660966298337, 0.3748608585339394]",71.95672419567309,4.60694036848083
"[0.5495408215496507, 0.6896172327988618, -0.8462319255250448, 0.37885273494460103]",72.13051628515754,4.607003200962225
"[0.4145686891680649, 0.9516994929098849, -0.8432716791533742, 0.5810982638335807]",96.6907444526258,4.607066033443623
"[0.4885436276770621, 0.9847992495739623, -0.6929150997416774, 0.44274766776715974]",81.64900983206805,4.607317363369209
"[0.1177922035166445, 0.6784767294212187, -0.9345684967570592, 0.46409649006308945]",77.11329142930438,4.607505860813399
"[0.3360482294057766, 0.6503988730486242, -0.8923407276155695, 0.5269652575422125]",77.78368503713078,4.6075686932947955
"[0.11338073021439649, 0.6822168451220476, -0.9196311098838642, 0.468861156518376]",80.63905319515361,4.607631525776192
"[0.489445640424763, 0.71213859885766, -0.9010638060032731, 0.49799371445434787]",75.18167916939608,4.607757190738985
"[0.40528869671835893, 0.6888013576456296, -0.8601949653103672, 0.5397330469516826]",74.43448288630388,4.607820023220382
"[0.362631636990497, 0.6839562318718677, -0.83813695327235, 0.5492996771257325]",74.08406441153835,4.607882855701778
"[0.3286766086465644, 0.6815211602213398, -0.8244620112892848, 0.5518100884158937]",73.86261144429336,4.607945688183174
"[0.29762793577703683, 0.6802852038118252, -0.8161221068108455, 0.5510071958661877]",73.70643535046769,4.608008520664572
"[0.2675802705615986, 0.6801083202215885, -0.8116808324477621, 0.5478517031388979]",73.58901833270436,4.608071353145968
"[0.23770512321542653, 0.6810273739848589, -0.8103428693311023, 0.5424758393191356]",73.4967416392173,4.608134185627365
"[0.20753486247027614, 0.6831564246236254, -0.8115960011242879, 0.5346200650591226]",73.42156837017316,4.608197018108761
"[0.17672300124567109, 0.6867126394227209, -0.8150337561637085, 0.5237176032144161]",73.35813667756916,4.608259850590158
"[0.1449340005447256, 0.6920998950340524, -0.8202263327301402, 0.5088226479800926]",73.30226970548722,4.608322683071554
"[0.11173714182258004, 0.7001060982190113, -0.8265654633448349, 0.48833691452302913]",73.24980565244304,4.608385515552952
"[0.07645579901508646, 0.7124549916039914, -0.8329300708958827, 0.4592131202185826]",73.1947933670996,4.608448348034348
"[0.037742436020045615, 0.7340705230946157, -0.8364676478242499, 0.4137331027450921]",73.12296118964765,4.608511180515745
"[0.23703366263621767, 0.7147892573196121, -0.6995169500172971, 0.5131614486381907]",92.512020514431,4.608699677959934
"[0.4018654457143348, 1.123992183636621, -0.7147519024744166, 0.313888817931083]",78.13023288648719,4.6087625104413315
"[0.3844829622635082, 0.7500288649994481, -0.6226645071022056, 0.44206655497724806]",83.89393501181613,4.608888175404124
"[0.22157302474854806, 0.7766806241589799, -0.5876270289742173, 0.20856114168684167]",83.49222948989956,4.608951007885521
"[0.12617056715712477, 0.74142076350432, -0.6769765411107453, 0.4360791660026132]",95.0658622348028,4.6100819925506595
"[0.2767915786369852, 0.7311320207456519, -0.6462466729444134, 0.48155564948665563]",77.89669598075052,4.61027048999485
"[0.10301590517146925, 0.7528023674204175, -0.6741165016571378, 0.40746526743739053]",93.50365083759262,4.610961647290212
"[0.2900338876333923, 0.6764861198072593, -0.8247739904412452, 0.5495473047959043]",91.71635005156757,4.611589972104178
"[0.5747060279313461, 0.7967343005910177, -0.7404957937018352, 0.36306867866802994]",79.78526653441189,4.615799748357751
"[0.4207662087249518, 0.9148404873217639, -0.9917743663466846, 0.5592678322969601]",76.69431911903604,4.615988245801941
"[0.4514632845948094, 0.947476953123985, -0.7416303091065796, 0.534414971684899]",98.85738622054399,4.61636524069032
"[0.4887433600621601, 0.8646750371670822, -0.6939240582396361, 0.4864275929258142]",84.01061376636703,4.616993565504287
"[0.4910981433914472, 0.8617061053655263, -0.6912116509919302, 0.48139182751192977]",86.05210817260023,4.617370560392667
"[0.44691830240799846, 0.8901612962343272, -0.7975929810261468, 0.5704615954782305]",69.37565387819909,4.619004204908978
"[0.44703379335083115, 0.9437109212364326, -0.7530961749293245, 0.5441168024968382]",69.22558644408679,4.619067037390375
"[0.4459470627652511, 0.9813441696409815, -0.7323574329313117, 0.5180227297313983]",69.15914956642015,4.619129869871771
"[0.442308880072607, 1.0115936612720564, -0.7211740610476989, 0.4938456952626795]",69.12473708307377,4.6191927023531685
"[0.4362950917350861, 1.0369277455588708, -0.7152392113142759, 0.47169613188809517]",69.10798927066469,4.619255534834565
"[0.4283721157889283, 1.0583076475770101, -0.7125333886572448, 0.45161906180346123]",69.1023340810657,4.6193183673159615
"[0.41922629401182226, 1.0760893513563146, -0.7118645962731984, 0.43376350090443017]",69.10369618008988,4.619381199797358
"[0.4098145391812896, 1.0903240028534027, -0.7123846669820172, 0.4184290058850165]",69.10877210081274,4.619444032278754
"[0.4014083108971399, 1.100892131818818, -0.7133824069552526, 0.40608529616511446]",69.11428908358228,4.619506864760151
"[0.39552408767684255, 1.1075866088570836, -0.714208429375643, 0.3973392991484904]",69.11680823373526,4.619569697241548
"[0.39363800239368835, 1.1101514591561694, -0.7143131435466986, 0.3928320186676717]",69.11312717317945,4.619632529722944
"[0.3966548150906909, 1.1083124910065025, -0.7133841937641398, 0.3930348057921148]",69.10127840897549,4.61969536220434
"[0.40442596186723306, 1.1018077881817625, -0.7114805000720784, 0.39807017096219793]",69.08149792671874,4.619758194685738
"[0.4157268158165428, 1.0904296535004077, -0.7090319648195765, 0.4077176723307888]",69.05629577375343,4.619821027167134
"[0.4287014792022135, 1.0740431963969044, -0.7067245833468256, 0.42160499913945076]",69.0296543984296,4.619883859648531
"[0.44137153167431264, 1.052527473782612, -0.7054347179588275, 0.43943349505954643]",69.0063035076327,4.619946692129927
"[0.4519096159137327, 1.025599304550934, -0.7063614526569993, 0.4611429846362596]",68.99187577360077,4.620009524611324
"[0.4586597148140654, 0.992412537520155, -0.711545311756902, 0.4870542394289809]",68.99462706862637,4.620072357092721
"[0.4599822427833057, 0.9504198531305188, -0.7255945553761636, 0.5180881375245546]",69.03170704184086,4.620135189574118
"[0.4543211349219766, 0.8891671771109467, -0.7655557569638396, 0.556037684162788]",69.16744124381313,4.620198022055514
"[0.5669613045581148, 0.8419301434408206, -0.7156220755564299, 0.3743634261955543]",74.1750933402749,4.621140509276463
"[0.3005674751443052, 0.7493843213440674, -0.5725282700841346, 0.3159363850607511]",85.30297202134753,4.622836986274172
"[0.42646577077702097, 0.9448582611188644, -0.8102842608777139, 0.5732850424258985]",88.47215351909085,4.623213981162551
"[0.48645528824310974, 1.0080921250617891, -0.6925785414627141, 0.4223423808107093]",90.11572292817347,4.624219300864897
"[0.3805870345285223, 0.9877303773041108, -0.88744221006145, 0.579705112029386]",72.20911680696089,4.625538782974226
"[0.34269911346820814, 0.9804167195413, -1.0653127540240177, 0.513016348252739]",79.88541142384128,4.626418437713778
"[0.41270651281203563, 0.6648972468959936, -0.8916419132548613, 0.514915101654017]",89.65541544973792,4.626481270195175
"[0.5839518492901942, 0.8631394954279007, -0.7384094281239132, 0.35547234963339774]",72.28033172157444,4.636785797144219
"[0.11681627118794463, 0.6872226759718197, -0.8806835953024564, 0.4850903656236535]",95.30999126349474,4.6389849339931
"[0.04232075237342149, 0.794914335502032, -0.6976517898612445, 0.3139623581381503]",66.71357509713951,4.639047766474497
"[0.060050395256029544, 0.7657618603202537, -0.7032023005440654, 0.37655093785442256]",66.79985507979816,4.639110598955893
"[0.08205417541382755, 0.7498150831929383, -0.7039464134504361, 0.41280593878773825]",66.84171101461669,4.63917343143729
"[0.10474618515237633, 0.7390858415176191, -0.7031428981064375, 0.43867798910790895]",66.87064181001179,4.639236263918686
"[0.1274715034143988, 0.7312651865050691, -0.7019737715892101, 0.4586211325101709]",66.89478621630929,4.639299096400083
"[0.15004471976416445, 0.7253354915748369, -0.7010518554840285, 0.47465248607740335]",66.91778855902072,4.63936192888148
"[0.17241667114735446, 0.7207629945934063, -0.7007597126127436, 0.4879057689280361]",66.94186065567358,4.639424761362877
"[0.19458126668100761, 0.7172439016548775, -0.7013748253371589, 0.4991008345197589]",66.96871019134967,4.639487593844273
"[0.21654570652001692, 0.7145983913078738, -0.7031307799547922, 0.5087356757230909]",66.99996012871932,4.63955042632567
"[0.23832067523910824, 0.7127178441053622, -0.7062574604817552, 0.5171788602399241]",67.03743449726439,4.639613258807066
"[0.2599181350786419, 0.7115330269590066, -0.711019159391419, 0.5247189662810401]",67.08346038963892,4.639676091288463
"[0.2813467396233351, 0.7109882187725214, -0.7177622403144083, 0.531589208511016]",67.14128415872517,4.63973892376986
"[0.30263428749846316, 0.7110086513247417, -0.7269973561337578, 0.5379791355406256]",67.21583520216757,4.639801756251256
"[0.3238538026275906, 0.7114476098839855, -0.7395367467543675, 0.5440027077222749]",67.31507639756373,4.639864588732652
"[0.345303340261873, 0.7119896670493628, -0.7567890170770208, 0.5495756618516794]",67.45307261907939,4.6399274212140496
"[0.36808103894909955, 0.7119984129367151, -0.7813558377295963, 0.5539128252178096]",67.65726586205942,4.639990253695446
"[0.3966068518461903, 0.7105793041171296, -0.8183739878170089, 0.5534422396343744]",67.99087705692736,4.6400530861768425
"[0.4563828546949088, 0.712677697043231, -0.8801768880945137, 0.5276589973765683]",68.67696642348314,4.640115918658239
"[0.34858266439911345, 0.6562674162300244, -0.8836255231058794, 0.5309362405013031]",75.17498511715257,4.640241583621033
"[0.2130771171384509, 0.6526513704869065, -0.917549543414515, 0.5103834532104669]",71.13550667588176,4.640304416102429
"[0.5811057844165699, 0.7669568072722811, -0.7790686637670727, 0.36002896399413037]",66.35048093734638,4.640430081065222
"[0.6006022597244729, 0.8354174995473499, -0.7851231270638308, 0.34643553884877454]",66.6295744670099,4.640492913546619
"[0.6031438118096161, 0.9212391258792116, -0.7949759799269905, 0.3026932551871565]",66.90068018502,4.640555746028015
"[0.34582924486888883, 0.5856751802031799, -0.9860013746509703, 0.3700656753861591]",94.75695520782399,4.640932740916395
"[0.38184359080664465, 0.6829158191317656, -0.8524817562525256, 0.5441087386058326]",89.56164668100827,4.641309735804774
"[0.10650336353535622, 0.7263060314518438, -0.7369592237138789, 0.46241757858633703]",95.04921151365554,4.641435400767568
"[0.12911717728461342, 0.6745792731506326, -0.9303780953922353, 0.4732228941248717]",92.176955630924,4.647278821537453
"[0.2997789956920719, 0.7147973305769538, -0.7127706552737297, 0.5316095919645094]",82.18679570089593,4.647467318981643
"[0.48109643178676836, 0.640009914740515, -0.9024206052268666, 0.4216407432495248]",80.00901091751584,4.647530151463039
"[0.36369307966692743, 0.587087096595075, -0.9735500365685623, 0.38108677900566723]",64.65831454607383,4.647655816425832
"[0.40506841562682555, 0.594849159434647, -0.9465692770052633, 0.3945344224322425]",64.7845514151759,4.647718648907229
"[0.4356793301110393, 0.6060372658423298, -0.9274882863153211, 0.4010920450926256]",64.89475320780022,4.647781481388626
"[0.46334568670288356, 0.6205087227812779, -0.9110274223310156, 0.4049502944802366]",65.01069959307048,4.6478443138700225
"[0.4905801178543605, 0.6393673607780596, -0.8957082667572207, 0.40688441357314553]",65.14460345518366,4.647907146351419
"[0.5199226923808055, 0.6658104374584192, -0.8806612422730857, 0.40646017502701404]",65.31750911812172,4.6479699788328155
"[0.5613223824679274, 0.7173267443799266, -0.8644992050167424, 0.3979642375048595]",65.6264862471856,4.648032811314212
"[0.18895056771999405, 0.6592812330179035, -0.9136848630120258, 0.5065271105459973]",70.71457349732448,4.648535471165385
"[0.5067775831444269, 0.706856166859906, -0.9037990807158769, 0.4745890444927469]",72.36364604531747,4.648598303646781
"[0.45315908588783266, 0.6942984426094612, -0.8875585718596808, 0.5158436190584614]",68.33756446618443,4.648786801090972
"[0.3925216370189024, 0.6805844007859096, -0.8628571567916969, 0.5388332960481708]",67.83021103089392,4.648849633572367
"[0.35389367636714, 0.6760010358589605, -0.84872334663845, 0.5463470114709595]",67.55174872571594,4.648912466053765
"[0.32228517050706706, 0.6738453493581072, -0.8399995126805326, 0.5487827382444587]",67.36652453446925,4.648975298535161
"[0.2938571760988305, 0.6730048106342447, -0.8348205634708715, 0.5484583954618353]",67.2317585535234,4.649038131016558
"[0.2671137152314723, 0.6731564243324382, -0.8322454316183105, 0.5461279393318051]",67.12813813734958,4.649100963497954
"[0.24131287885768077, 0.6741865838088558, -0.8317131992285144, 0.5420255391088153]",67.04525531684084,4.649163795979351
"[0.21601543670811107, 0.6760737630416409, -0.8328446483475768, 0.5361440339632273]",66.97683336672374,4.649226628460748
"[0.19092273250046993, 0.6788633044786028, -0.8353465360941301, 0.5283228095821912]",66.91873653521857,4.6492894609421445
"[0.165780620527179, 0.6826761541973823, -0.8389563852142303, 0.5182555362034089]",66.86793479504695,4.649352293423541
"[0.14035694118077638, 0.6877371501663345, -0.8433936771533913, 0.5054633722646065]",66.82197253779464,4.649415125904937
"[0.11437134846449666, 0.6944516821276211, -0.8483067980297306, 0.48918380685472745]",66.77843825691062,4.649477958386334
"[0.08745356123255285, 0.7035761093178902, -0.8531658590412564, 0.4681334892387265]",66.73437008612287,4.64954079086773
"[0.05899294149689002, 0.716723472493857, -0.8569967562519646, 0.4397963325281136]",66.68473635531163,4.649603623349128
"[0.02766200509502054, 0.7385153892325875, -0.8573095630323001, 0.3974538190124159]",66.61615721478054,4.649666455830524
"[0.5781661747161262, 0.9551577604984456, -0.7457749773289127, 0.31479314596930996]",77.78246760860324,4.650231948163094
"[0.3146605182313093, 0.7445191705382201, -0.59614009359286, 0.4103776418949921]",77.27822265669853,4.65029478064449
"[0.2082502806480005, 0.7696052626906869, -0.5791803300329567, 0.29775298980936205]",77.13803165636952,4.650357613125887
"[0.37777037909209893, 1.0862098287141717, -0.7444719957103084, 0.4752009022231293]",93.99947052113433,4.650546110570077
"[0.146199079577875, 0.7624177231161123, -0.6206297319748586, 0.37342812568055456]",77.2581702049746,4.650734608014266
"[0.23884261515858723, 0.7479687642892544, -0.5980933569401896, 0.40263928304657154]",77.69307376302226,4.6518027601980085
"[0.5840121294291278, 0.8470824585343479, -0.7409967549026161, 0.3578455886059703]",71.30457630647517,4.652368252530579
"[0.2152261165390864, 1.0842415035368547, -0.9725663366233944, 0.4839678018611118]",73.10076026774287,4.653750567121303
"[0.306888932991021, 0.7444440517284449, -0.5962536913231664, 0.41132717812907577]",88.6998888034755,4.653813399602701
"[0.1702283497025331, 1.0401493889256537, -1.078237810679858, 0.3883518587086148]",61.98985742521827,4.65400189704689
"[0.1776889414988212, 1.0463846732163768, -1.0683924288790483, 0.4075087254721993]",61.947826578730044,4.654064729528287
"[0.18579130041950598, 1.0501945244696138, -1.0608448728293438, 0.42281482975293927]",61.91708323089462,4.654127562009683
"[0.19414792209532689, 1.0523472331668648, -1.0548694484600838, 0.43571087019613514]",61.89340495108833,4.6541903944910805
"[0.2025960200650663, 1.0532469415165469, -1.0500920800260054, 0.4469013927757053]",61.874736121743794,4.654253226972476
"[0.21105650962451844, 1.0531384085148048, -1.0462925723424863, 0.4567849703277254]",61.85991639816463,4.654316059453873
"[0.21949351495522004, 1.0521828856851605, -1.043329188893305, 0.4656123956235967]",61.84822376826932,4.65437889193527
"[0.22789042792069394, 1.0504921607933317, -1.0411087137727835, 0.4735455552201976]",61.839192291765904,4.6544417244166665
"[0.23624462218742215, 1.0481461325714339, -1.0395684701282977, 0.4806933758333169]",61.83251180384575,4.654504556898063
"[0.2445633346964889, 1.045202272265314, -1.038667696936552, 0.487128470726914]",61.82797890310255,4.6545673893794595
"[0.2528585085658423, 1.0417026219601941, -1.0383828100062602, 0.4928940624277489]",61.82547080236203,4.654630221860856
"[0.2611498174657618, 1.0376761947072612, -1.038704093615785, 0.4980119677462851]",61.82492774168121,4.6546930543422524
"[0.2694634017823037, 1.0331415287671357, -1.039634812952991, 0.5024833079248906]",61.82634756991607,4.65475588682365
"[0.27783228959031986, 1.0281083135819236, -1.0411911137144936, 0.5062878984125658]",61.829785188595196,4.654818719305046
"[0.28629870075500724, 1.0225778400496472, -1.0434031679672537, 0.5093817992852648]",61.835358277103786,4.654881551786442
"[0.2949204566315745, 1.016540677575864, -1.0463190341528854, 0.511692128911839]",61.84326436689001,4.654944384267839
"[0.3037700367230926, 1.009980142404781, -1.0500079076348208, 0.5131038674656092]",61.85380268266391,4.655007216749236
"[0.3129541094542657, 1.0028631888917248, -1.054573109743913, 0.5134417348894054]",61.867433563751206,4.655070049230632
"[0.3226231731654492, 0.9951423139316893, -1.0601666186209133, 0.5124292923581178]",61.88486472034044,4.655132881712029
"[0.3330192889929238, 0.9867389292885681, -1.0670312967458417, 0.5096058260391514]",61.90726907031113,4.655195714193425
"[0.34456796166599574, 0.9775220005796539, -1.0755926954216004, 0.5041170153904094]",61.93679273291589,4.655258546674822
"[0.35819077359046114, 0.967227376633136, -1.0867648666925782, 0.49402598814463367]",61.97825166648475,4.655321379156219
"[0.3772435846503437, 0.9549598313801684, -1.1038737730120616, 0.47190767718268334]",62.04996617579034,4.655384211637616
"[0.4764964714854355, 1.03112754877375, -0.6943748506866423, 0.410119775219259]",75.44073655131785,4.66198162218426
"[0.2547296120983131, 0.6855331264977693, -0.7946248697147004, 0.5455098644732138]",93.70305014689994,4.662044454665656
"[0.160208492767721, 0.73347144730675, -0.6714544116887674, 0.45820844529525395]",75.69875470135888,4.662421449554035
"[0.4105764591293495, 0.944204660409498, -0.8800670090137724, 0.5854184364096966]",70.94027588652182,4.663803764144761
"[0.45721440537107705, 0.8125942395779625, -0.7147059099395133, 0.5225559530048003]",69.07831995279669,4.663992261588951
"[0.40956635043260853, 1.0438255933900584, -0.7416834053159992, 0.5022903231644078]",70.91444420312322,4.664432088958727
"[0.18932942999354976, 1.129816554129377, -0.8793055816843363, 0.43412639862864927]",73.32488109562914,4.664683418884314
"[0.16386924109845602, 0.6523830712692894, -0.9981412324707157, 0.4355388433214393]",65.52304094901297,4.669207357544869
"[0.26391200375334256, 0.6248378537202149, -0.9683723249944165, 0.47335319420119365]",78.80505587062014,4.669458687470456
"[0.23484158343355546, 1.11319119049546, -0.8873976379406622, 0.4849504859070328]",75.00741977348031,4.669584352433249
"[0.21118465675137083, 1.1561655078134314, -0.7854613216029247, 0.3379471145138036]",97.70381848496771,4.670464007172802
"[0.4882354663456516, 0.8846320567765238, -0.6977447599094087, 0.4894804121039242]",76.25816560046894,4.671155164468164
"[0.4186539559819174, 1.1069077599795094, -0.7074540313787929, 0.35245997576384097]",87.10009322252779,4.672160484170511
"[0.32557164248519727, 1.1502853805394304, -0.7310883985842576, 0.31828555012755044]",62.61696402817475,4.6723489816147
"[0.39720496958528007, 1.1162440376277734, -0.7117382099378226, 0.3643217768756179]",62.471646809731,4.672411814096097
"[0.43147155266322096, 1.082448556706322, -0.7038895835595651, 0.3979194848827594]",62.406635805397876,4.672474646577493
"[0.4513929329360601, 1.0486774223807067, -0.7008937920356791, 0.42825743939820526]",62.37305404429885,4.6725374790588905
"[0.46229105807269416, 1.014044108862608, -0.7021553786662413, 0.4577931883333032]",62.36291406874728,4.672600311540286
"[0.4661940979770554, 0.9771367860579137, -0.7088925077045718, 0.4879974348134178]",62.37805302282951,4.672663144021683
"[0.4638171414385146, 0.9350345844571241, -0.7250711736833979, 0.5203033866521901]",62.431634028475806,4.67272597650308
"[0.4553904545891868, 0.8775549751152416, -0.766486160141337, 0.5565400837733822]",62.584344132963764,4.6727888089844765
"[0.4405732170885078, 0.7081681722272122, -0.8691000838516272, 0.5351825066304031]",88.12671988605697,4.672851641465873
"[0.043945141935058336, 0.7506705780180765, -0.761947140039918, 0.40147358695581714]",99.64818355103903,4.673354301317046
"[0.3376811618477049, 0.7435518051705289, -0.5782097639155959, 0.32724894734213456]",71.65219132223406,4.6739826261310125
"[0.28751959961406387, 0.6175213030078952, -0.9705981131877133, 0.4647862250053229]",86.66656049422012,4.674045458612409
"[0.5323876908605077, 0.9097727192685332, -0.689197015730236, 0.4131982981436106]",68.35219760809254,4.674422453500788
"[0.33979014843762834, 1.0225364981793208, -0.921271725402392, 0.5662120684084728]",87.51174172602134,4.674736615907771
"[0.5413601094255406, 0.9521177674478759, -0.6982339917887277, 0.378609443182227]",81.09997244183225,4.676998585238049
"[0.5554020489219383, 0.8850584718770234, -0.701539702745402, 0.385743745422958]",68.50570852511001,4.677815407496205
"[0.3118513284075349, 0.6177562466928967, -0.9574243578565604, 0.4728241963573202]",89.30112678724878,4.678129569903188
"[0.11487911041634093, 0.7993467425153395, -0.6209196894982958, 0.26525232100709556]",67.75072887234222,4.678318067347377
"[0.47015667253134896, 0.9445200724061564, -0.7134450181636084, 0.5039718601053397]",70.6912473027812,4.678569397272965
"[0.02141615359331705, 0.7450972765935194, -0.8523693552073391, 0.3870685988896886]",81.86382345350769,4.679072057124137
"[0.101864049738409, 0.7386970001865234, -0.7072147646183539, 0.4389561216312492]",82.10899990007213,4.6791348896055345
"[0.5601275573555801, 0.7374584091015159, -0.7508784059141104, 0.3504514684015384]",74.50028276129869,4.680203041789276
"[0.08328047927853138, 0.710228258953263, -0.8292021948447305, 0.4655413854118968]",92.01299698595108,4.681208361491622
"[0.5464507788196197, 1.0200504222931805, -0.7422729842732946, 0.2850452028524843]",72.34192858426954,4.681459691417208
"[0.4430158625221937, 1.0549505684071456, -0.7038334906457606, 0.4324670847861269]",82.22457664821715,4.682590676082347
"[0.4046718415545983, 0.7171119232675794, -0.8168827410284525, 0.5538770954678174]",99.7375456315044,4.6829676709707275
"[0.39242691996672074, 1.0578205378793422, -0.7530110307833638, 0.5046940216473479]",66.50529457240111,4.6830933359335205
"[0.37359049294515734, 0.7328410589857047, -0.7270165819920059, 0.5398393568881049]",82.17734932841621,4.6834703308218995
"[0.548336816435298, 0.952055293057611, -0.7035392748233775, 0.36727511909820076]",72.67106736246743,4.683784493228883
"[0.38814902660037465, 0.971426563325841, -0.9032191587300559, 0.5823773526148674]",65.73386581161394,4.684349985561452
"[0.3097045167867359, 1.0865883603344106, -0.844203464496713, 0.5253477479754234]",65.61018745136265,4.684412818042849
"[0.17825030562870997, 1.1331060333495289, -0.8735432968802925, 0.41742414792117566]",65.75784140841171,4.684475650524246
"[0.423014237659159, 0.6161543342245736, -0.9294860490965038, 0.43566389507426434]",88.33025828404378,4.6845384830056425
"[0.5067662356239289, 0.6768945122285732, -0.8963688555172762, 0.4433753974785366]",69.4814694042995,4.684601315487039
"[0.5157572729678768, 0.7520498282222162, -0.6741476711490055, 0.3603432105162713]",78.79828628612259,4.685041142856815
"[0.4297159585053856, 1.0851985864020812, -0.704198212054415, 0.3945983411432726]",73.83230823243908,4.686109295040557
"[0.47082095758590514, 0.626168498030907, -0.906878774596317, 0.40779548833360246]",76.50885690041046,4.686674787373128
"[0.5867390148759447, 0.7851759616215122, -0.7779818291529343, 0.3590968190008881]",77.92383827977386,4.686863284817317
"[0.1277796650412527, 0.6748618767762354, -0.9319547205257962, 0.4716099861968914]",88.65879131224546,4.68774293955687
"[0.04156268239188853, 0.7237051353573879, -0.9480060006053531, 0.3789574303486507]",88.62380729813448,4.687805772038266
"[0.05036338597305789, 0.7531539211173163, -0.7435513203275486, 0.3997080148186649]",91.1610083857027,4.688496929333629
"[0.07631419333248202, 0.7343550118310168, -0.7514087037349935, 0.4396086668087243]",92.19390053928564,4.705775861717696
"[0.5915236705706298, 0.9204719198133607, -0.7584568602086422, 0.32187543879151786]",97.00070795067253,4.705838694199093
"[0.41491140817573635, 0.9954801129423991, -0.7783628894511019, 0.549704085126086]",92.03137359823496,4.706027191643282
"[0.2775350285424654, 0.7015907458070774, -0.7472482419276357, 0.5415544537666817]",86.20028557533523,4.706215689087473
"[0.18883733879606693, 1.1324857567090623, -0.8723688517828221, 0.4288468227813071]",84.33533713382886,4.707723668640992
"[0.37967829697467126, 0.6736049753988199, -0.8660493884144403, 0.5379616505990982]",73.74968840268667,4.7081634960107674
"[0.2852714775407554, 1.0622273371844129, -0.9382055543582123, 0.5368077233103431]",67.57865753108679,4.708289160973561
"[0.2989991594246882, 0.6177684186014414, -0.963482896584977, 0.46991028433565846]",87.95925093255181,4.708980318268924
"[0.3863206739427098, 0.9482763896721363, -1.0596723365518292, 0.5197370747060225]",84.36575074105292,4.709105983231717
"[0.43399154468646095, 1.0501143740664804, -0.7114986137596107, 0.45581716252600996]",93.76897744447903,4.7092316481945105
"[0.36787719215912906, 1.0951203683422766, -0.7472198917705763, 0.4696862820441463]",72.3707926793946,4.709294480675907
"[0.17856604012272587, 0.7483703570657434, -0.6244858600779333, 0.41432292944195226]",65.56055275901707,4.710236967896855
"[0.5492084606487958, 0.7770355029264125, -0.7069576240863084, 0.368362139728387]",65.36501626782048,4.710299800378253
"[0.3094528891026308, 0.9974672281570578, -1.0843156280668473, 0.48703761032462706]",86.62355080052865,4.712184774820151
"[0.36780797830600526, 0.6016478379585845, -0.9585748663762119, 0.43015827956769304]",96.79987097279286,4.712561769708531
"[0.3140684025015486, 0.7113462762671916, -0.7328245896814031, 0.5411099141135435]",97.07679730201357,4.71275026715272
"[0.5309981538542374, 0.9500589878895126, -0.6923004252224536, 0.3969424648027261]",87.40241733624184,4.71293876459691
"[0.5450732947010775, 0.8620535441115723, -0.6932600023870221, 0.40037639481017384]",89.93387631256238,4.713378591966686
"[0.17215801320789118, 1.1019259914307713, -0.9539240868928957, 0.44241194005055057]",73.74006520451427,4.713441424448083
"[0.07993209179680924, 0.7484675583314098, -0.7096291183552893, 0.41528430359540364]",85.60346875982127,4.713692754373669
"[0.4471225389989378, 0.9889234364521545, -0.7266314841540124, 0.5093331489635281]",87.86707294652275,4.713755586855066
"[0.18125701176205056, 0.692425799323244, -0.7912405912298087, 0.5239877494114349]",97.86283472033791,4.715577728815568
"[0.06664300613003578, 0.7212640762829045, -0.8145687076463907, 0.4481245418373403]",97.65907609864973,4.715829058741154
"[0.06309616503526803, 0.8031835816717356, -0.6665801390147412, 0.28779079308458066]",60.01592847898626,4.7168972109248966
"[0.06557641974291066, 0.7903917596454051, -0.6685530343861366, 0.31816040247127053]",60.06212781053171,4.716960043406293
"[0.07055665537391705, 0.7810205138741141, -0.6697450327855706, 0.3400491730085826]",60.09191238031263,4.7170228758876895
"[0.07665383252917363, 0.7735785920313235, -0.6704033727476407, 0.35746387948803016]",60.11370986480026,4.717085708369087
"[0.0833567820831706, 0.7674158657899711, -0.6706907250887945, 0.37201554308638957]",60.13078709536166,4.7171485408504825
"[0.09042042068542541, 0.7621772918056504, -0.670717565131579, 0.38453885339602933]",60.144785882233144,4.717211373331879
"[0.09771441042861716, 0.7576405486586834, -0.6705627626649112, 0.39553857523374397]",60.15666667324774,4.717274205813276
"[0.10515800783713063, 0.7536595006046707, -0.6702850265278667, 0.40533853332970643]",60.16703543918316,4.717337038294673
"[0.11270097459027253, 0.750130292027251, -0.6699296117733914, 0.4141658377401716]",60.176307535142,4.717399870776069
"[0.12031091407131705, 0.7469764227201724, -0.6695323319556847, 0.42218692740622266]",60.18478232415382,4.717462703257466
"[0.1279637652647651, 0.7441409031049868, -0.6691223517922444, 0.42952563664541793]",60.192682147544495,4.717525535738862
"[0.13564533594450917, 0.7415786008617316, -0.668723681511069, 0.43628120939251136]",60.20018297891994,4.717588368220259
"[0.14334215976655773, 0.7392551618327978, -0.6683567651483285, 0.4425297728499637]",60.20742291451914,4.717651200701656
"[0.15104700347978844, 0.7371422280184872, -0.6680390041842075, 0.44833582643943076]",60.21451918825742,4.717714033183053
"[0.15875353149207827, 0.7352172466269763, -0.6677856420690758, 0.45375193667119795]",60.221570778484896,4.717776865664448
"[0.16645855844770296, 0.7334614895274697, -0.6676101641661588, 0.4588234387998956]",60.228666044076455,4.717839698145846
"[0.17415699623622657, 0.7318602577282044, -0.6675248069767036, 0.4635871787591824]",60.23588209508189,4.717902530627242
"[0.18184634724567675, 0.7304010778885964, -0.6675407277383721, 0.46807614328332336]",60.24329187999638,4.717965363108639
"[0.1895254022614382, 0.7290735553611034, -0.6676683528568065, 0.4723195717706698]",60.25096547786032,4.718028195590035
"[0.19719186514403386, 0.7278693737706998, -0.6679175736923657, 0.4763425258821328]",60.25896973602906,4.718091028071432
"[0.204844593067808, 0.7267815576818318, -0.6682979644663728, 0.4801678650449082]",60.267372180456675,4.718153860552828
"[0.21248271841971725, 0.7258043897185411, -0.668818984368031, 0.4838162690843449]",60.27624176740585,4.7182166930342255
"[0.22010486478045835, 0.7249332917136234, -0.6694901041360025, 0.4873063246976617]",60.28564951109946,4.718279525515622
"[0.22770890166761126, 0.7241646322585878, -0.6703209095700173, 0.4906548440199326]",60.29566946298803,4.7183423579970185
"[0.23529550513736544, 0.723495234434599, -0.6713217254882191, 0.49387871679891704]",60.306385165153664,4.718405190478415
"[0.24286026770780178, 0.722922965163674, -0.6725028520411942, 0.49699178922266957]",60.31788058964178,4.7184680229598115
"[0.25040486415911284, 0.7224456547346948, -0.6738763724068606, 0.500009819519928]",60.33025831289599,4.718530855441208
"[0.25792507278719606, 0.722061885428989, -0.6754546083309784, 0.5029457508867601]",60.34362393673646,4.718593687922605
"[0.2654193940360044, 0.72177021717335, -0.6772518713463277, 0.5058134501868057]",60.358102301095705,4.718656520404001
"[0.27288466286792, 0.7215692970444024, -0.67928408325648, 0.5086261511057025]",60.37383380829208,4.718719352885398
"[0.2803179681451836, 0.7214575661880438, -0.6815697201361859, 0.5113973952645179]",60.39098223189518,4.718782185366795
"[0.2877154615905911, 0.7214330519813179, -0.6841301647726776, 0.5141407573092154]",60.40973775791272,4.718845017848191
"[0.2950721020603311, 0.7214930251540199, -0.6869903459212439, 0.5168699043326349]",60.430322505473306,4.718907850329588
"[0.30238320044561057, 0.7216335938293271, -0.6901803286024575, 0.5195992602623377]",60.45300306598807,4.718970682810984
"[0.30964159573342853, 0.7218491153212202, -0.6937353703917349, 0.5223429375316984]",60.47809229651534,4.719033515292381
"[0.31684374771392565, 0.7221316510076241, -0.697700477702153, 0.5251168481792194]",60.505983444770884,4.719096347773778
"[0.3239826648725917, 0.7224698125738143, -0.7021290418213624, 0.527935531572073]",60.5371432407139,4.719159180255175
"[0.3310519054214135, 0.7228475649398499, -0.7070868775343406, 0.5308125440848902]",60.57214416280534,4.719222012736571
"[0.3380514971836404, 0.7232428856538895, -0.7126595223681618, 0.5337608660485922]",60.61172165229296,4.719284845217968
"[0.34498139234270875, 0.7236251976110623, -0.7189505936098055, 0.5367865195419408]",60.65677151486045,4.719347677699364
"[0.351855147665977, 0.7239532939152433, -0.7260953923835173, 0.5398877886996181]",60.70846149006668,4.719410510180761
"[0.3587018812590536, 0.7241719969451584, -0.7342645651272365, 0.5430448137712196]",60.768284033916295,4.719473342662158
"[0.3655821428093505, 0.724209206525665, -0.7436766156396822, 0.5462070729672562]",60.83819478361423,4.719536175143554
"[0.372613646897495, 0.7239736520344466, -0.7546145052605687, 0.5492712775253267]",60.92082718024951,4.71959900762495
"[0.38001139642066323, 0.7233560797354527, -0.7674391042530607, 0.5520404371582485]",61.01977592479342,4.7196618401063475
"[0.3881690287563462, 0.7222407256645118, -0.7826115486535669, 0.5541541215056665]",61.14013988695927,4.719724672587744
"[0.3978266998365846, 0.720543708012257, -0.8007354970734865, 0.5549553707533998]",61.28965644843185,4.7197875050691405
"[0.4104435036658961, 0.7183384813423318, -0.8226201009044202, 0.5531931774741836]",61.48108205109769,4.719850337550537
"[0.4292485759865045, 0.7163220477194097, -0.8494715500983726, 0.5461903343278692]",61.738829033449086,4.7199131700319334
"[0.463529412793217, 0.7183765331593654, -0.8837963654420808, 0.5261462692073455]",62.12571718284683,4.71997600251333
"[0.5918457603298426, 0.8180709513490214, -0.9410104220002146, 0.38308832476524657]",63.205483883686746,4.720038834994727
"[0.3855173194198341, 0.7331451798211848, -0.7480009799017955, 0.5471838779651501]",72.88053472855333,4.720101667476124
"[0.3961776920622059, 0.7395948683479436, -0.749306935975641, 0.5472690246092204]",84.96170335693617,4.72016449995752
"[0.38993528947313943, 0.6628274105419215, -0.8858504343772936, 0.5241186904557246]",68.80121848195245,4.720290164920313
"[0.5356792012932391, 0.6782111188563678, -0.7722520262458081, 0.31968913709982727]",59.36309879042873,4.72035299740171
"[0.5578064165828457, 0.7326914399199453, -0.7501279461086595, 0.34822535591559184]",59.62768503815695,4.720415829883107
"[0.5669376753209739, 0.7594872754527805, -0.7472359529110727, 0.35729721692216526]",59.759388526914194,4.720478662364503
"[0.5741241101701385, 0.7804457336437743, -0.7483642753664492, 0.36072850353376656]",59.857996634110826,4.720541494845899
"[0.5805581707086815, 0.7994583869565393, -0.7512470284235004, 0.36067841188377026]",59.941273994352684,4.720604327327297
"[0.586450941529453, 0.8181816734808105, -0.755072120583514, 0.35784638722045686]",60.01654856679945,4.720667159808693
"[0.5917021317966504, 0.8376875139631295, -0.7594464963983116, 0.3524191454160094]",60.088183612132426,4.72072999229009
"[0.595991854421543, 0.8589660745089445, -0.7641406590984209, 0.3442547939385359]",60.15971836265853,4.720792824771486
"[0.5986783835253124, 0.8832776876066087, -0.7689913054383589, 0.33283238760414935]",60.23512925808161,4.720855657252883
"[0.5983730094210151, 0.912847178105763, -0.773847914289275, 0.3168694732822168]",60.32097869816479,4.72091848973428
"[0.5908619756739565, 0.9536474192499749, -0.7784752242363909, 0.292472744596799]",60.43487788441472,4.7209813222156765
"[0.2507913043868637, 1.155434525975959, -0.7736066643214672, 0.3726611372362444]",99.88172796817538,4.721044154697073
"[0.34236172594169917, 0.7312928609476819, -0.6860944343540366, 0.5183517169976403]",68.84174654020715,4.721546814548246
"[0.4852519852032254, 1.0333697774281791, -0.6942436116844811, 0.39038018859781143]",87.47727495349172,4.722112306880815
"[0.08575136234107975, 0.7022478036757072, -0.864369325052139, 0.4651413829636654]",75.36222679091196,4.7223008043250045
"[0.34729197746976526, 0.7160653928281652, -0.7465473776370843, 0.5469827225716895]",76.1087233869062,4.722426469287798
"[0.12253431408724179, 0.7347734576422772, -0.6968819596758201, 0.45056344932446774]",75.99746818814599,4.730594691869357
"[0.5413052460437142, 1.0255486002214906, -0.7390485887592426, 0.28582197205721993]",77.77042943240099,4.730783189313547
"[0.23805241562254664, 1.1490340540963055, -0.7999584506592631, 0.4081839098166203]",71.91075124455999,4.73109735172053
"[0.41429142305426625, 0.6749472599267362, -0.8819828293006623, 0.5239910134960728]",69.66558535497599,4.731223016683324
"[0.3616194760700964, 1.0498976233441226, -0.8155724807969966, 0.5446396321225769]",62.82724378598034,4.73128584916472
"[0.24925572285921757, 1.1403399473161129, -0.8118464101241073, 0.4387126028536097]",92.23581509265232,4.731600011571703
"[0.15982967188164052, 1.1247355351502635, -0.8981806046456922, 0.4112986527386692]",78.81388212099932,4.731788509015893
"[0.40083218937625653, 0.6851789405339984, -0.8618579643837393, 0.5389771092892337]",88.36895030281981,4.732668163755446
"[0.38063554172045444, 1.0551664435565178, -0.7739645949511631, 0.5219197692012862]",63.65012453456848,4.7327309962368425
"[0.20933381693275108, 1.1530080776214422, -0.8026135695497535, 0.37348147687936756]",63.86466020241992,4.732793828718239
"[0.5345675740130172, 0.9880942629372611, -0.7026627919343421, 0.35822288120911644]",79.5396327678706,4.734930133085723
"[0.23423870325520846, 0.6625561650633718, -0.8711360370963398, 0.5329154399602215]",78.5228964132812,4.73499296556712
"[0.37881139262112595, 1.0153143106994535, -0.8353529695741315, 0.5656328075461591]",68.09190699854194,4.7351186305299136
"[0.5377829611183389, 0.9776137929517125, -0.7017533113877374, 0.36341903865920516]",84.69298112559585,4.736123950232258
"[0.15720877952508538, 0.7307882092876179, -0.6806738284356069, 0.46421437846795616]",97.79718797987175,4.736186782713656
"[0.5495697552671995, 0.8507779959405015, -0.6967242164558191, 0.39391252195012016]",69.07456395758179,4.737192102416001
"[0.180138755706122, 0.7039645850513969, -0.7513218413530145, 0.5149713141640977]",95.62115212771958,4.743224020630076
"[0.2452658827208899, 0.6917171696136544, -0.7750077714622843, 0.5415297217992159]",95.75078195718366,4.7432868531114725
"[0.11022776291413096, 0.7061386194582477, -0.8033998191863176, 0.4857437761622057]",95.4984693117229,4.743349685592869
"[0.29873640405315144, 0.6473791478547722, -0.8984735849760702, 0.5261400752422642]",93.66320338421237,4.7444806702580085
"[0.41349546886187366, 0.6910492248946914, -0.8634925614980237, 0.5376882413560218]",90.41924810447199,4.744543502739404
"[0.4116617688010599, 0.9764288791053342, -0.8106316066797656, 0.5688387049284727]",79.46538951560059,4.7464913096627
"[0.4985420568418, 0.7291546680018872, -0.6641074192089043, 0.33281129159793676]",86.147939436202,4.746616974625493
"[0.2453753751015034, 1.0917842183066067, -0.925287233608011, 0.5062453479383373]",70.75329080793419,4.746679807106889
"[0.405287199842408, 1.0608012019978792, -0.7337552670099965, 0.48297979368589816]",71.70048260290848,4.747056801995269
"[0.12245274697396195, 0.7788733290971794, -0.6208533175019917, 0.3277873519524007]",68.46032991789903,4.748187786660408
"[0.5605995639696708, 0.810885753690667, -0.7129675466248531, 0.37497185210511186]",68.52525023471657,4.748250619141805
"[0.5030956102024946, 0.7873612605181542, -0.6640966194239166, 0.40857666290387495]",79.6633908185713,4.74982143117672
"[0.48947875882407205, 0.7979873344708539, -0.664150795622011, 0.43680374138829436]",68.87779164755536,4.751266578248842
"[0.5133962773265569, 0.8115920540323343, -0.6736170650130782, 0.420324853746754]",68.85977546269248,4.751329410730238
"[0.533806286938661, 0.8289488259681164, -0.6854599878011992, 0.40656490095801956]",68.87446862055842,4.751392243211636
"[0.5518800781167459, 0.8517194006846037, -0.6986594494962162, 0.39132580067211176]",68.91029491697043,4.751455075693031
"[0.5667353633222173, 0.8824291211297823, -0.7128932269514635, 0.37164984598038914]",68.9676772952807,4.751517908174428
"[0.574661698833648, 0.9263584354930474, -0.7279965857815675, 0.34323102912716186]",69.05712769147607,4.751580740655825
"[0.5578132063366479, 1.002478609719339, -0.7441422459655043, 0.2924257628377712]",69.23232681869783,4.751643573137222
"[0.4170192394907984, 1.1098474047658504, -0.7083979653992925, 0.34484328371734485]",83.04080004232705,4.752020568025602
"[0.08088766791796927, 0.7043266559865375, -0.8648622737893789, 0.46075430948742]",83.8772714516339,4.752146232988395
"[0.3729074140148943, 1.0314641816536934, -0.8218586667371319, 0.5556634880020668]",71.29799480537196,4.754471034800069
"[0.25811638570480816, 1.1484054468335045, -0.7857587473985539, 0.4098386908780785]",72.1848041099107,4.7550365271326385
"[0.5490302636931721, 0.7228082829631196, -0.8942839074988025, 0.4291287769491606]",75.16911078364154,4.757361328944313
"[0.516422250344311, 0.798072687241195, -0.6730061657337227, 0.406242230834163]",93.62572001321776,4.758932140979229
"[0.30320995899472675, 1.0277719977281743, -0.9947274370194681, 0.5392979777432776]",93.76459518868316,4.76056578549554
"[0.3677759805783927, 1.1010277629140708, -0.741450073639356, 0.4570391504670035]",88.54639962265448,4.761005612865317
"[0.33898603196466404, 1.1468009774774282, -0.7272739399948724, 0.3198292164564324]",89.48247906107787,4.7612569427909035
"[0.47681563620725453, 0.8448137934853558, -0.7009638902681165, 0.5025857722961942]",69.65861596585262,4.762136597530455
"[0.5005337070646937, 0.8747109772847869, -0.687838790457471, 0.4672134084782929]",69.54710069264036,4.762199430011853
"[0.5169631924588839, 0.8996747720673898, -0.6861856805867124, 0.43947174298894565]",69.50085315589116,4.762262262493249
"[0.5284939866313045, 0.9246318626472914, -0.6890575120408092, 0.4141847027613874]",69.4848125694398,4.762325094974645
"[0.5351421059361966, 0.9517962710664853, -0.6944742535485713, 0.3890042200927963]",69.4908433532447,4.762387927456042
"[0.5353757782281187, 0.983338383370156, -0.7016898157305111, 0.36188475048991103]",69.51918248918466,4.762450759937439
"[0.5243814421607671, 1.0230029130252272, -0.7106755702404604, 0.32962193822609753]",69.57960141437874,4.762513592418835
"[0.477533114579391, 1.0848493369482402, -0.7239071858861755, 0.27998771267724093]",69.73130947494961,4.762576424900232
"[0.4902880151961034, 0.8588280686561762, -0.6911082627261907, 0.4820512658670306]",84.52670040516752,4.762890587307215
"[0.46858661744376545, 1.0922131227256442, -0.7255497316406202, 0.2738417555102273]",69.80422987134257,4.789405894456584
"[0.5229596362247799, 1.0261221311737283, -0.7113585240811504, 0.3271329102126695]",69.63371898464354,4.78946872693798
"[0.5350968385821723, 0.9855398037105305, -0.7021984429025258, 0.3600542387111913]",69.57034546481135,4.789531559419378
"[0.5353608923424159, 0.9535372402899497, -0.694859042904498, 0.3874585943766198]",69.54057912226627,4.789594391900774
"[0.5290146583192998, 0.926117557488432, -0.689310773410443, 0.4127526440926882]",69.53350709091987,4.789657224382171
"[0.5177316662757265, 0.9010505762639252, -0.6862548567423721, 0.4380170612995877]",69.54841344915106,4.789720056863567
"[0.5015898273390935, 0.876145791178368, -0.687560977454324, 0.46555835166809884]",69.5927646978602,4.789782889344964
"[0.47844361458944223, 0.8468233991246441, -0.69957834941395, 0.5002112322540782]",69.69841090626417,4.78984572182636
"[0.47144306221585186, 1.0036357817172221, -0.6986351502214965, 0.4537893472103477]",79.88800871185413,4.790725376565913
"[0.29296839055121, 1.0714818327117708, -0.903558695303608, 0.5373382908608044]",79.16176375859897,4.79078820904731
"[0.5006457217992404, 0.6515958151456939, -0.8920811302551018, 0.41437807900977286]",92.83092099846532,4.791039538972896
"[0.32317617849513824, 1.0660288442406034, -0.8608680636103326, 0.5437927201505176]",80.79844400532356,4.7913537013798795
"[0.4640258234759707, 1.0896873145067485, -0.7141442123896937, 0.30172702796397133]",84.28392018841133,4.791542198824069
"[0.41810228247413267, 0.599401060140858, -0.9382422808445919, 0.3987321270848956]",91.78837771882856,4.791667863786862
"[0.4803604783442924, 0.6567142919766352, -0.9032122767518773, 0.4492517765525672]",92.16045969126212,4.794620990412502
"[0.5723524073031134, 0.7892032452913108, -0.7396296530564991, 0.3628222603746219]",78.28892259940153,4.796945792224177
"[0.3107601695320649, 0.6179421750352898, -0.9575395018083569, 0.47310141601935723]",75.28834996077404,4.797197122149764
"[0.3866461868406408, 1.040323768161024, -0.7817014179420194, 0.5345250176277098]",72.14978736993152,4.79725995463116
"[0.5438181362092035, 1.026898355887556, -0.7473630442175931, 0.27567194707488046]",69.38325397201845,4.800904238552164
"[0.5742956397180538, 0.9419194100010254, -0.7321881464489438, 0.33300894425717215]",69.17639497851482,4.80096707103356
"[0.5707542922980786, 0.8963149952889703, -0.7182467366762352, 0.3627385001126016]",69.08127592369509,4.801029903514957
"[0.5591493737458919, 0.8644724978333633, -0.7050059654953378, 0.3831380241723523]",69.01966762427033,4.801092735996353
"[0.544008228238112, 0.8406283254349306, -0.6925462348539794, 0.398589811393494]",68.9781363065959,4.80115556847775
"[0.5267646084870088, 0.822205996497025, -0.6810322111703571, 0.41151318562915773]",68.95326634084289,4.801218400959146
"[0.5075372465341766, 0.807704859075235, -0.670803308882066, 0.42415852378215413]",68.94728494466798,4.801281233440544
"[0.48470420535429615, 0.7959150700441487, -0.6630287521732041, 0.4405747383490028]",68.97421313643859,4.80134406592194
"[0.2934600720431961, 0.6190496098086111, -0.9636948477942254, 0.4715251183912907]",79.12204418759072,4.801721060810319
"[0.36119744538383025, 0.7194567531604648, -0.6092942007480625, 0.20586396694009396]",91.2445596313281,4.802475050587079
"[0.33278093086345706, 1.0159806384743753, -0.957878882851065, 0.5607715025538036]",95.62816979422549,4.802914877956855
"[0.2879347431597271, 0.7519930897358058, -0.5713748957535445, 0.3056691310822593]",79.44098899683593,4.802977710438252
"[0.16519855760579938, 0.7691175711648642, -0.5998490024641243, 0.33984427795284666]",85.85450512376534,4.803040542919648
"[0.3119175073314322, 1.0174023648025081, -1.0067335982823993, 0.5390485153542338]",90.39291180709091,4.803983030140598
"[0.20739632963860336, 0.7108732782922461, -0.7175724672099052, 0.5128710967070171]",90.29146342012424,4.804171527584788
"[0.38100534407366776, 1.0437401984919334, -0.7876408439503401, 0.5360327239032642]",71.84897113278272,4.804360025028978
"[0.29104423334091484, 0.736681361570039, -0.628038645936725, 0.46294850743815164]",68.7307388610043,4.804737019917357
"[0.3442546854237556, 1.0292515855772166, -0.8936715966230641, 0.5657713762182209]",83.87402039069376,4.805553842175513
"[0.46476118419473517, 0.9126474048582484, -0.7299995568975088, 0.5284230946671492]",71.49064273215585,4.805868004582496
"[0.4768680146867661, 0.654813761446065, -0.9042327844500777, 0.4504910083166197]",87.7404013014074,4.805930837063892
"[0.4242831339530532, 1.009044281438843, -0.7478871441087849, 0.5239255564916424]",71.82601874616539,4.806056502026686
"[0.17966497499153133, 1.1048304001205413, -0.9449823136936374, 0.4491893490123199]",70.93415255591107,4.806496329396462
"[0.3507951211810286, 0.720128656982507, -0.7376223577838629, 0.5442266421064473]",76.86351488522818,4.8069361567662385
"[0.32832567279528574, 0.9853866268188081, -1.090099104999895, 0.48639080213368985]",78.03576421314771,4.807752979024394
"[0.3611404837883595, 0.6781561521894336, -0.8483706755601041, 0.5462829594563587]",83.65900261343239,4.807878643987188
"[0.3785164870544018, 0.6866150172803595, -0.8439719849870736, 0.5473069372145448]",90.22494877879232,4.80894679617093
"[0.030974508035597818, 0.7889010521526785, -0.7214997655762996, 0.32809731231307593]",89.1606212620888,4.809072461133723
"[0.16603952058528998, 0.6951610734081581, -0.7908573152294726, 0.517277999399474]",95.7007024979567,4.810391943243053
"[0.2465428908735082, 0.6920631262219898, -0.7738545231204865, 0.5416277968834393]",95.87072724027597,4.810454775724448
"[0.1979551971461359, 0.7009343352388548, -0.7537667425714114, 0.5230017719204298]",95.76622797825566,4.810517608205845
"[0.05041379953537679, 0.7515560258863881, -0.7472731921638213, 0.4024763499373304]",95.56936341865391,4.810580440687242
"[0.5055580366963226, 0.8088218943386806, -0.6705615863012196, 0.4275442986241636]",69.17415396107131,4.817429181159472
"[0.5736450547412689, 0.9415359230542086, -0.7309821294781548, 0.33434908382905615]",69.38951152152566,4.8174920136408685
"[0.183506990318001, 0.7144687710022293, -0.7149079182804692, 0.5015526515079964]",99.31966491470797,4.817554846122266
"[0.47575586755105753, 1.0346042088685805, -0.6945727017112373, 0.4062780901671498]",63.04787555697577,4.82006814537813
"[0.18094488282613916, 1.1493467368462615, -0.8158665936939339, 0.3551270811588645]",64.08122952817038,4.8227699420781835
"[0.36009209283706295, 1.0858581495176176, -0.7676259934025794, 0.4959082956854457]",63.80374062704865,4.82283277455958
"[0.41571495448106544, 0.9596629914909963, -0.8242758888470434, 0.5758605254117283]",63.91252207363708,4.822895607040977
"[0.18980722641936515, 0.7371561735815683, -0.645274271089047, 0.4500640249066979]",78.13369841391476,4.824277921631703
"[0.4012701208084523, 0.9652637131265589, -0.8662743872671678, 0.5826589085763698]",63.09938241830593,4.824592084038685
"[0.25508602101341993, 1.137588250707742, -0.8125825336430915, 0.4462197465924466]",63.0465175714326,4.824654916520082
"[0.3297559663570059, 0.6136455595953814, -0.9574281098343619, 0.4645130451970828]",66.09907562005664,4.824717749001479
"[0.1561762388476639, 0.7389709314721782, -0.6599578404430436, 0.44390290522428]",69.1970485339218,4.825031911408462
"[0.44692981867517106, 0.6148716119645845, -0.9204418616993764, 0.4112306178468073]",74.15145725819445,4.8254089062968415
"[0.12013949734849341, 0.7773139126588108, -0.6238971330966858, 0.3339760424707316]",87.34996357383422,4.825471738778238
"[0.2791347041842228, 0.7050959401485867, -0.7364327669777528, 0.5384787111041291]",82.95090255841048,4.825660236222428
"[0.4558370580167656, 0.9329145969823492, -0.7403267617179785, 0.5354580611587979]",84.4761676565958,4.835022275950523
"[0.35021968110866486, 0.6813277069036041, -0.8360078261765063, 0.5499273683108932]",95.1458589561379,4.835964763171472
"[0.4529338031271767, 0.8451948596922664, -0.797007357929521, 0.5672336985491371]",71.42162649544125,4.836153260615662
"[0.45741115182989234, 1.0802257644677442, -0.7022563946169001, 0.3501960795183996]",77.59268991471632,4.836216093097058
"[0.1457541433534458, 0.679450984071035, -0.8740261676078288, 0.5033081144327919]",87.0475549952224,4.836278925578456
"[0.5907601767059563, 0.9539244100802492, -0.7784259806198592, 0.2923432777663481]",60.6344568426186,4.837472742724991
"[0.597593746011899, 0.9204370389571112, -0.7748116755132131, 0.3125455995196986]",60.541394325512876,4.837535575206387
"[0.59901497756503, 0.8952152268547433, -0.771012170886908, 0.3266548868928125]",60.46959827245808,4.837598407687784
"[0.5979360142678629, 0.8742152379423946, -0.7671702590235092, 0.3373459284653718]",60.40708548818787,4.83766124016918
"[0.5954253542166132, 0.8558280041482349, -0.763367220300713, 0.345619847549834]",60.349161421102984,4.837724072650578
"[0.5920096785176662, 0.8391775548052908, -0.7596747795881034, 0.3519527226452322]",60.293219259001035,4.837786905131974
"[0.5879857505068233, 0.8236672903926792, -0.7561706766361722, 0.3565856577066371]",60.237370634269006,4.83784973761337
"[0.5835291189988913, 0.8088163294041992, -0.7529567305539957, 0.3596140555756539]",60.17994060913436,4.837912570094767
"[0.5787302430219994, 0.7941473271203786, -0.75018030004983, 0.3610156181701922]",60.11908005996896,4.837975402576164
"[0.5735952549008303, 0.7790846033146704, -0.7480804020882426, 0.360629285698498]",60.052355487568505,4.83803823505756
"[0.5679937649045463, 0.762764791245427, -0.7470935411688131, 0.35806720180216506]",59.97591932801241,4.838101067538957
"[0.5614490300866183, 0.7435191049832593, -0.74817384552632, 0.3524177607012948]",59.88216156335938,4.838163900020353
"[0.5520717420803158, 0.716694496105577, -0.7542749795607461, 0.3408896018839368]",59.74977809335768,4.83822673250175
"[0.5194004848012131, 0.6510932296575263, -0.7907622570656662, 0.30174543406058574]",59.43695180307621,4.838289564983147
"[0.37039447058041364, 0.6592996266721787, -0.8843414671333731, 0.5279771773937515]",68.88238231590397,4.8383523974645435
"[0.348640344974328, 0.6082599300794912, -0.9582686419289204, 0.4506063160131787]",93.34295717006663,4.8386037273901294
"[0.60365755485048, 0.8552992733915259, -0.9419317373470422, 0.3437637753639307]",63.56431514361062,4.838666559871527
"[0.47901600693056373, 0.7218648366713086, -0.8951503504148743, 0.5152271768063484]",62.47740637967405,4.838729392352922
"[0.44272843081622476, 0.7162341832922231, -0.8648164763719036, 0.5391437304106073]",62.10461110110714,4.838792224834319
"[0.42257978468780105, 0.7168380601117519, -0.8406961311936354, 0.5491500769090797]",61.85420323980316,4.838855057315716
"[0.40917713319485016, 0.7185800165393925, -0.8204897831293042, 0.5535088136910655]",61.66505258413599,4.838917889797113
"[0.39925242925781795, 0.7203288249453134, -0.803246063470842, 0.5549121743479135]",61.51441591923142,4.838980722278509
"[0.3912883492370617, 0.7217740455259753, -0.7883919831741755, 0.55461939230645]",61.390770552161506,4.839043554759906
"[0.3844715464532242, 0.7228532574429257, -0.7755079010249932, 0.553323658677903]",61.28720899182638,4.839106387241302
"[0.37833215653167634, 0.7235894319054411, -0.76426452842514, 0.5514374503014449]",61.199180006121686,4.839169219722699
"[0.37258823884802617, 0.7240337274767288, -0.7543979832012809, 0.549216031615583]",61.12350302742334,4.839232052204096
"[0.367063749835348, 0.7242433602279155, -0.7456880869715687, 0.5468182241351615]",61.05780781886076,4.839294884685493
"[0.3616510062476463, 0.724272069932575, -0.7379575769972782, 0.5443435644999635]",61.00032079900951,4.839357717166888
"[0.3562833715631229, 0.72416702095101, -0.7310602890336827, 0.5418528459739171]",60.94966005425411,4.839420549648286
"[0.3509190290899091, 0.723967880823296, -0.7248744279268113, 0.5393811075693403]",60.9047206602114,4.839483382129682
"[0.3455344959940618, 0.7237072412440084, -0.7193016215293836, 0.5369478465959399]",60.86462979770546,4.8395462146110795
"[0.3401166143929774, 0.7234114054452923, -0.7142603754235682, 0.5345618913932696]",60.828676469408634,4.839609047092476
"[0.3346577409148154, 0.723101257940666, -0.709682359655446, 0.5322248524210726]",60.79627145362642,4.839671879573872
"[0.3291557168308307, 0.7227933315675908, -0.7055120654070633, 0.5299347426282022]",60.766936337303804,4.839734712055269
"[0.32361077863829474, 0.7225005578935854, -0.7017031846835353, 0.5276869738343614]",60.74027231124343,4.839797544536665
"[0.31802445302479626, 0.722232971946053, -0.6982169121642865, 0.5254754216745732]",60.715944655124474,4.839860377018062
"[0.3123993559755867, 0.721998327087592, -0.6950208517711669, 0.5232933056325039]",60.69367259063447,4.839923209499458
"[0.30673847036580926, 0.7218025612955975, -0.6920876558787156, 0.5211334994410658]",60.67321802003695,4.839986041980855
"[0.3010445923447687, 0.7216501830505786, -0.6893939812816239, 0.5189886870354593]",60.65437694887384,4.840048874462251
"[0.2953199032114486, 0.7215445962309861, -0.6869196930659122, 0.5168514176360461]",60.636972913215814,4.840111706943649
"[0.2895681984188172, 0.7214883920168278, -0.6846482277781581, 0.5147150431829259]",60.620858856429294,4.840174539425045
"[0.28379143926325634, 0.7214834871410053, -0.6825646195671501, 0.5125724759846932]",60.60590263724665,4.840237371906442
"[0.2779924283492724, 0.7215313259398493, -0.6806562226312689, 0.5104171925876835]",60.59199171126301,4.840300204387838
"[0.2721723993914794, 0.7216330171524888, -0.678911531266723, 0.5082423156770142]",60.57902426564031,4.840363036869235
"[0.2663347262819231, 0.7217893869515744, -0.677321057753837, 0.5060419631599901]",60.566915522854956,4.840425869350631
"[0.26047898895786764, 0.7220011993282149, -0.6758754078514448, 0.5038089724807032]",60.555583029644374,4.840488701832029
"[0.2546083593084349, 0.7222690267319616, -0.6745670949910273, 0.5015376366985578]",60.54496045434232,4.840551534313424
"[0.24872266551850702, 0.7225935487302201, -0.6733886252677249, 0.4992210066405656]",60.53498251525873,4.840614366794821
"[0.24282346186646384, 0.7229754048014791, -0.6723335710476713, 0.49685277546712725]",60.52559349976101,4.840677199276218
"[0.23691210782412897, 0.7234153043726285, -0.6713959708540463, 0.49442649316313525]",60.5167425186746,4.840740031757615
"[0.23098923118733064, 0.7239141210409893, -0.6705701737455068, 0.49193527595343634]",60.508382032690974,4.840802864239011
"[0.22505513796495455, 0.7244729236300901, -0.6698508601957541, 0.4893718866792825]",60.50046792660074,4.840865696720408
"[0.2191106818528475, 0.7250929333924512, -0.6692330684843852, 0.4867290383578613]",60.49296002844222,4.840928529201804
"[0.2131569109523135, 0.7257755756375229, -0.6687120470295582, 0.48399919248610174]",60.48582092573577,4.8409913616832005
"[0.20719428261700198, 0.726522611226379, -0.6682831263879545, 0.4811741190665769]",60.47901450026574,4.841054194164598
"[0.20122249639705794, 0.7273362357820342, -0.6679416983657667, 0.47824467764389356]",60.47250547902315,4.841117026645994
"[0.19524305945504983, 0.7282187803887323, -0.667683305797359, 0.47520196951524024]",60.46626174820595,4.84117985912739
"[0.18925670073343928, 0.7291730927742787, -0.6675034074132025, 0.47203599505776095]",60.460250991889914,4.841242691608787
"[0.1832630878619941, 0.7302027007432406, -0.6673973783568575, 0.46873527846246293]",60.45444015963601,4.841305524090184
"[0.17726320780657628, 0.7313115082488637, -0.6673605216172745, 0.46528796321935273]",60.44879737703377,4.84136835657158
"[0.1712596597972084, 0.7325037488820092, -0.667387937204561, 0.46168193884077086]",60.44329157330135,4.841431189052977
"[0.1652516952240885, 0.7337850804168417, -0.6674744876769515, 0.45790163060756356]",60.43788735293515,4.841494021534373
"[0.1592404809800644, 0.73516174230944, -0.667614750825995, 0.4539307399554631]",60.43254934723403,4.84155685401577
"[0.1532294735680385, 0.7366405038038678, -0.6678028504173613, 0.4497523941863283]",60.42724167441514,4.841619686497167
"[0.14721862645454883, 0.7382302780190027, -0.6680325429042007, 0.44534471015010135]",60.42192193573143,4.841682518978564
"[0.1412126122012876, 0.7399403438779963, -0.6682968551074642, 0.440685977206499]",60.41654746395314,4.84174535145996
"[0.1352126014107919, 0.7417828672039254, -0.6685882694275399, 0.43574786682366673]",60.411066590827154,4.841808183941357
"[0.12922369313643167, 0.7437712862463496, -0.6688982645500531, 0.4305000947750222]",60.405423552584985,4.841871016422753
"[0.12325138689072179, 0.7459218550928288, -0.6692172797213737, 0.4249064756463827]",60.399552994599205,4.841933848904151
"[0.1173025741536674, 0.7482541634556502, -0.6695344479100253, 0.41892388237902706]",60.39337768565834,4.841996681385547
"[0.11138599392506875, 0.7507921115339313, -0.6698372846763668, 0.4125000755124725]",60.386804459396856,4.842059513866943
"[0.10551386940712884, 0.7535648157871887, -0.6701112298469668, 0.4055717651871153]",60.379719617473924,4.84212234634834
"[0.09970196274011632, 0.7566089002710348, -0.6703391501703189, 0.3980592431910867]",60.37197951817938,4.8421851788297365
"[0.09397173884779045, 0.7599711156784816, -0.6705005460823017, 0.38986030047520775]",60.363398358811274,4.842248011311133
"[0.088355562140414, 0.7637109749101847, -0.6705704387330073, 0.3808439620749677]",60.35373236671523,4.8423108437925295
"[0.08289805449932165, 0.7679093286308794, -0.6705179408491974, 0.37082946415797785]",60.342642199845834,4.842373676273926
"[0.07766753583385182, 0.7726779797450282, -0.670303868327215, 0.3595618532391238]",60.329639417841136,4.8424365087553225
"[0.07277434219866297, 0.7781786149031937, -0.6698772881489033, 0.3466621779670836]",60.31398065282571,4.84249934123672
"[0.06840847930353472, 0.7846626778673831, -0.669170021705154, 0.33151877090343895]",60.294437443587846,4.842562173718116
"[0.06493568881067585, 0.7925679615754434, -0.6680874182147908, 0.3130125961218521]",60.268709624501824,4.842625006199513
"[0.06322391396365959, 0.80279133382596, -0.666499846403224, 0.2886823399276557]",60.23157566846393,4.842687838680909
"[0.06651956356355089, 0.8181515065391273, -0.664325197368041, 0.24988011875938737]",60.16403782755145,4.842750671162306
"[0.19332766515353486, 1.0315180263304686, -1.0941110341770357, 0.3959695267762252]",80.59499890781291,4.842939168606495
"[0.21141520713251552, 0.7000858646859619, -0.7523041792017621, 0.5273417843596392]",98.12271287468799,4.844007320790238
"[0.09125989000023411, 0.7113327127298816, -0.8100832138078053, 0.47137155304251405]",97.94033728697656,4.844384315678618
"[0.0805933158441989, 0.7338977182173353, -0.7465744016620105, 0.44189587642487377]",97.98456521799874,4.844447148160015
"[0.1618925991441823, 1.100079594675177, -0.9597632488158181, 0.43175051409465687]",73.98948524160366,4.847148944860068
"[0.421594775951959, 0.6008600246597036, -0.9360258206193879, 0.40000986860185805]",88.4132587521758,4.847400274785655
"[0.512393095271355, 0.6771166993226493, -0.7279242301137859, 0.28856582795259084]",71.06604326047939,4.8475887722298445
"[0.4860170488338892, 0.6198975008336562, -0.8884458899585727, 0.3656965351589848]",95.93723131813994,4.849410914190346
"[0.18765613890037558, 1.0521778103525874, -1.056703329154733, 0.42793774727810435]",86.01112536991576,4.849473746671744
"[0.30663013112282383, 0.7420163963272715, -0.6083304115220626, 0.4348002165935776]",72.22085542790421,4.850164903967106
"[0.2737744857102916, 1.080932994913621, -0.9126807710471109, 0.5257215682669251]",77.62077164883891,4.850667563818279
"[0.553005962258133, 0.7855584158116312, -0.7094619878346243, 0.37071735073195144]",65.64680482267046,4.851233056150848
"[0.250813236207623, 0.7364662930033707, -0.628076116457618, 0.45548387614768276]",65.86019374325595,4.8512958886322455
"[0.3467293592155634, 1.0407208861005632, -0.8632754480664618, 0.5594037262438416]",71.7359149790412,4.852489705778781
"[0.25307196972425766, 1.1550281660249284, -0.7732004771026543, 0.37522430709769]",82.67312380548704,4.853369360518333
"[0.2558481667771726, 1.081689599836182, -0.9359100603618191, 0.5159993169884595]",67.82828639123638,4.853872020369506
"[0.4228428314163984, 0.6144953336463818, -0.9303526971671918, 0.43230367308580026]",71.00438002528789,4.8540605178136955
"[0.24054503425059306, 0.7189886475684658, -0.6855183107927576, 0.5055784248137462]",73.36597307920064,4.854500345183472
"[0.129969203542656, 1.0957151062753903, -0.963552626762805, 0.39391810051227744]",88.36333942607428,4.855003005034645
"[0.5819365712243619, 0.9370185743754942, -0.744093103467439, 0.3245815718595365]",87.64220536284367,4.855065837516041
"[0.21643481209350607, 0.6838938718537524, -0.8058664980386103, 0.5371199496166387]",86.29857335085302,4.856510984588163
"[0.36915476632731664, 0.70143885983372, -0.8072719770294736, 0.5543165796583465]",86.99998611191378,4.85657381706956
"[0.534295549036321, 0.7302802647362527, -0.7075259027428551, 0.33945581194357866]",90.93494340393977,4.856636649550957
"[0.21972317601654323, 0.6943389728351744, -0.7696061406220206, 0.5340571012600052]",92.64775241315445,4.857139309402129
"[0.007622384750273103, 0.7874655326060391, -0.7791829075824388, 0.3283206213689048]",98.55113733750315,4.857579136771906
"[0.01368391042225887, 0.7984761207644262, -0.7504810136079202, 0.3104730659851676]",97.6796245956197,4.879319175335133
"[0.2904101775026512, 0.6928651991297455, -0.7781512064941699, 0.5494026950115093]",91.92780411011124,4.880010332630495
"[0.06361784933879489, 0.7060600927009222, -0.9482416599775189, 0.4085129730324017]",89.01453361374679,4.880889987370048
"[0.5243377088963231, 0.6574729075898763, -0.863941908849909, 0.37857549075267166]",83.79961009027679,4.880952819851444
"[0.48508185912304064, 0.6609254279978448, -0.9018369327096383, 0.449653732836626]",87.69774422381765,4.881643977146807
"[0.2784878168141647, 0.7476161943724976, -0.5874723713455006, 0.3890207460095076]",89.04130423741606,4.882460799404964
"[0.2232944447189284, 1.0547202396003224, -1.0347981637179766, 0.4732809055546994]",73.61957162729638,4.882586464367757
"[0.3015466231961078, 1.0582684288858044, -0.9185626823531471, 0.5455199821137989]",82.27054725943692,4.882837794293343
"[0.45023903371290186, 1.0326709272434236, -0.7054185405153598, 0.45447633388634195]",92.24228663776299,4.883528951588706
"[0.2431309210560816, 0.7235170301260008, -0.670545346448149, 0.49556282489547177]",71.9864675381415,4.8841572764026715
"[0.4280076788662211, 0.9154480887317283, -0.8638246145184723, 0.5848975059393995]",75.52094087794953,4.884345773846862
"[0.3693112870772829, 0.6124041285276354, -0.9465906647203408, 0.45614555053261346]",69.12099574784462,4.885099763623621
"[0.4151363457282261, 0.6765737723124058, -0.8806985610507664, 0.5250253311980061]",72.66975190927644,4.885162596105017
"[0.18593704034948266, 1.1337331613301942, -0.8699213984734225, 0.42372153818544767]",66.08541430117894,4.885288261067811
"[0.2902160351967133, 1.1023451175801466, -0.8429994650675586, 0.5086314287216797]",65.9587911077297,4.8853510935492075
"[0.3548230332651453, 1.0314154498232992, -0.8634006371770215, 0.5638819400700461]",65.98182183559275,4.885413926030604
"[0.425409767965691, 0.9084416513584431, -0.9684729088165719, 0.5682867137098371]",66.27151463334864,4.8854767585120005
"[0.4449963176855184, 0.9285806240561745, -0.7691140896657046, 0.5562637498168146]",91.07835119057813,4.8865449106957435
"[0.06840258073665473, 0.7795293386473605, -0.6738502519365783, 0.34415628062475273]",80.8270053665043,4.886733408139933
"[0.3816187749621556, 1.0758994741502361, -0.7497985950368268, 0.48916283749752737]",66.85310707579474,4.887110403028313
"[0.22184581865415426, 0.6313258291416054, -0.9904241331740337, 0.4527513984449335]",69.79027925598835,4.887173235509709
"[0.3704990025248106, 0.9707248643877229, -0.987673930098975, 0.5631910895868079]",87.02994283087683,4.887424565435296
"[0.29592214052905935, 0.9910985551683557, -1.1361355955579135, 0.4066797176839518]",82.23080695077495,4.887801560323675
"[0.45597357139060074, 0.817859800916195, -0.7313542219551123, 0.5349808343518524]",73.35773657509472,4.88899537747021
"[0.3679174753234692, 1.0025109695284966, -0.8919425545236594, 0.5758390983649182]",95.90217394469863,4.890817519430712
"[0.24502231530245513, 1.03040559088878, -1.075126364159739, 0.46196727028312473]",89.83370344867961,4.890943184393506
"[0.45942986954523274, 1.0247208061621644, -0.7014937663881287, 0.4494229776729527]",77.67064717108858,4.891131681837695
"[0.3509278744236403, 0.6761425511016051, -0.8469805814129002, 0.5469577870903329]",82.88945308947484,4.891320179281886
"[0.44275546550247924, 1.0137720482445587, -0.7195967087763443, 0.49065792246369516]",84.58627219299511,4.891760006651661
"[0.4566971005799576, 0.9147011131513793, -0.7467111542223677, 0.5425712345660636]",84.64031826224699,4.892011336577248
"[0.37817432221552527, 1.0594322062061354, -0.7728304472601852, 0.5186259001161652]",90.62948495133784,4.892576828909817
"[0.10725761885131654, 0.7531332632537897, -0.6692143553786882, 0.4066355960314049]",80.19163689477004,4.8931423212423875
"[0.5655666626110282, 0.9198435806347175, -0.7145282421655867, 0.3602209396438153]",68.9274075076744,4.89402197598194
"[0.22411693334467742, 0.7320876882804246, -0.6466833318042203, 0.46790325791947257]",76.91981244113167,4.894084808463337
"[0.05806873591175616, 0.7098729526185084, -0.9436894059245405, 0.4051379009830298]",96.23318040250784,4.898922909530875
"[0.5559660471063218, 1.0092141185878285, -0.7488835073654879, 0.28399528865958795]",72.8881795279036,4.898985742012272
"[0.30804313587345655, 1.1203188161285567, -0.786729518718488, 0.47024197782954474]",73.63107059129175,4.899111406975065
"[0.4531006557330253, 0.8562429161909609, -0.7888297498957425, 0.565528384869298]",63.05864497621129,4.90049372156579
"[0.4606992511064867, 0.912134872450518, -0.7384870194555224, 0.5361855798221302]",62.86638352346364,4.900556554047187
"[0.4653119632717961, 0.9495864608622496, -0.7182509480598132, 0.5094092041304673]",62.79499117434495,4.900619386528584
"[0.4661354505257477, 0.9812108192277328, -0.707791240540808, 0.48464366149519184]",62.761879005564964,4.900682219009981
"[0.4631150582566409, 1.010036166707766, -0.70256064339287, 0.46103928105372927]",62.75030484328572,4.900745051491376
"[0.455914389610152, 1.0373831126665667, -0.7007840910953114, 0.4379222509239755]",62.75444055356829,4.900807883972774
"[0.4437642115255747, 1.0639892437514893, -0.7017093280636059, 0.41464029313308964]",62.77260402556297,4.90087071645417
"[0.4250957346885196, 1.090362690277811, -0.7052077562126867, 0.3903411494337888]",62.80613263823024,4.9009335489355665
"[0.3964089034276375, 1.116877653804642, -0.7119349829993304, 0.36351861319290646]",62.86116684099651,4.900996381416963
"[0.3465476241270113, 1.1436761043818844, -0.7251049549322263, 0.3297461634697556]",62.9613132776911,4.9010592138983595
"[0.26276246591278896, 0.7378478968543176, -0.6223364124276214, 0.4509952590771382]",77.41176205928461,4.901436208786739
"[0.3989667787040934, 1.0606350693113784, -0.7416095527340177, 0.4919722657152067]",80.7008417931144,4.901687538712325
"[0.35867457124471575, 1.1429727880180207, -0.7256077967988713, 0.2881536206429054]",70.53354487052852,4.903446848191431
"[0.19847878353766268, 1.1203744470596615, -0.898840840981639, 0.45467111519138664]",75.45568161810677,4.904640665337967
"[0.45443905870692347, 0.6368079331501648, -0.9129687006022214, 0.4463019315854118]",78.81354844857917,4.90476633030076
"[0.5151537844038507, 0.9534807903881942, -0.688826530999262, 0.4210824673284799]",89.27181066542823,4.910484086107851
"[0.4439384874727144, 0.8807539660202103, -0.9510902543672987, 0.5680088664090245]",71.46330552096933,4.91199206566137
"[0.403977339149373, 1.058116779400746, -0.7374065232253274, 0.48906824143936123]",81.53158424971741,4.912934552882319
"[0.20253377409055842, 0.6577952519976957, -0.906855670785898, 0.5132449952294947]",79.60681286136163,4.913688542659078
"[0.37933647182585634, 0.9537688749893958, -1.1046485469592078, 0.4704869585643573]",62.507328407514336,4.922233760129017
"[0.3623530071809246, 0.9643573347296578, -1.0891686293328238, 0.4914419879335343]",62.44138609682428,4.922296592610414
"[0.35020884728746987, 0.9733028898149487, -1.0788716845903206, 0.5016607879389078]",62.402356934712444,4.922359425091811
"[0.3399474827717204, 0.9813829638696538, -1.070824911112989, 0.5077353935885118]",62.37397188658704,4.922422257573207
"[0.33075419850525495, 0.9888228179419825, -1.0642223024841932, 0.5114071041765617]",62.35191186418157,4.922485090054604
"[0.3222529741877517, 0.9957330207195172, -1.0586896599186633, 0.5134507522991383]",62.33424120129166,4.922547922536
"[0.31423062556514586, 1.0021799118375714, -1.0540132301731722, 0.5142895619540846]",62.31989306751661,4.922610755017398
"[0.30655018539100626, 1.0082083235290178, -1.0500557674775708, 0.5141820198878131]",62.30820720978988,4.922673587498794
"[0.29911922371485816, 1.0138479360206016, -1.0467243810274476, 0.5132969826785125]",62.29874992996912,4.92273641998019
"[0.29187172688971286, 1.019118805816245, -1.0439531220749338, 0.5117500141546941]",62.29122250189844,4.922799252461587
"[0.2847567755672394, 1.0240353941805522, -1.0416933691801025, 0.5096216901412176]",62.28541235443298,4.922862084942984
"[0.27773497076417125, 1.0286065494864984, -1.0399096460086534, 0.5069683788443503]",62.28116913012191,4.92292491742438
"[0.27077660472210835, 1.0328354534047712, -1.0385767219764896, 0.5038294461167964]",62.278389044487646,4.922987749905777
"[0.2638557793826671, 1.036722419884022, -1.0376768436569699, 0.5002296361689654]",62.27700321931898,4.923050582387173
"[0.25695341796796217, 1.0402623591321314, -1.0371994282518866, 0.4961834052975587]",62.27697375678773,4.92311341486857
"[0.25005159489323125, 1.0434472869894593, -1.0371398828175502, 0.4916936807839604]",62.27828992201578,4.923176247349967
"[0.24313883721658844, 1.0462630650199756, -1.0374997116526872, 0.48675587107335616]",62.28096703089682,4.923239079831363
"[0.2362043126881281, 1.0486914664523646, -1.0382865119779643, 0.4813541574757581]",62.285048149821904,4.92330191231276
"[0.2292396257655409, 1.0507080897619339, -1.0395149135624229, 0.47546129184333896]",62.29060814152199,4.923364744794156
"[0.22224120230462016, 1.0522803275068875, -1.0412073045750792, 0.4690383814566905]",62.29775802670736,4.923427577275553
"[0.21520919100259261, 1.0533659393976376, -1.043395779085328, 0.46203022061130156]",62.30665579019213,4.923490409756949
"[0.20814660379879657, 1.0539097861904496, -1.046126077503453, 0.45435724725510584]",62.317526583887705,4.923553242238347
"[0.2010665834394796, 1.0538378627067002, -1.0494608672945374, 0.4459112404445658]",62.33068370329791,4.923616074719742
"[0.19399308545116098, 1.0530492068433028, -1.0534890002339705, 0.4365358237366369]",62.34658003336953,4.923678907201139
"[0.18697111509377198, 1.0514006661908206, -1.0583390966978659, 0.4259997094545063]",62.36589023266568,4.923741739682536
"[0.18008145490488928, 1.0486768210728394, -1.064209648074335, 0.4139342249723645]",62.38969055398717,4.923804572163933
"[0.17348587960991713, 1.0445259350556788, -1.0714293291007444, 0.39970438878235165]",62.41984516318521,4.923867404645329
"[0.16754528311761044, 1.0382814646292242, -1.0806335997952143, 0.3820178010120003]",62.46015080532043,4.923930237126726
"[0.19751862973399054, 0.7752794020059911, -0.5818117957274003, 0.2779691828379684]",88.99475719860536,4.924118734570916
"[0.15430546886034524, 1.0801990022679036, -1.0030765791821432, 0.41882654850978546]",73.6713027128774,4.924181567052313
"[0.39372406486037914, 0.9479895172356714, -0.9715078653958329, 0.570871065388317]",83.08365546663369,4.924747059384882
"[0.3740667050132042, 0.7361577696964328, -0.7150307910218532, 0.5341989490615758]",72.30157169878437,4.925815211568624
"[0.386152724034702, 1.129684626182141, -0.716068168743683, 0.3239656054580808]",90.62795046027718,4.927260358640746
"[0.378207629089798, 0.7438692039267065, -0.686896724750513, 0.516504840444805]",78.23534084500547,4.927637353529126
"[0.22569498773670674, 0.741316717944509, -0.6198509667506843, 0.43536859081679496]",77.78946636508833,4.92776301849192
"[0.39328132076502453, 1.0163192299522676, -0.7998188025049258, 0.5536277724524337]",80.96875543425875,4.927888683454712
"[0.20829685334644343, 0.7694933415015863, -0.5791987097063165, 0.2984058201266542]",77.60930799426856,4.928202845861695
"[0.29436894307564493, 0.7458290464723796, -0.5907840189231526, 0.39880944765794035]",77.72684001162243,4.928265678343092
"[0.4960744171097575, 0.7254380212651192, -0.6634198680438829, 0.327221456954359]",77.3997446830699,4.928328510824489
"[-0.001184117743564528, 0.7774305201013814, -0.8473786100275296, 0.3330359029966312]",66.97407257798712,4.928956835638455
"[0.03102389903483816, 0.7355640211337651, -0.8578554912775264, 0.40278588072337923]",67.097913360729,4.929019668119851
"[0.05775673296386433, 0.7173629750596047, -0.8573632368535989, 0.4383569612464389]",67.15566759195683,4.929082500601248
"[0.08235763689559719, 0.7055725425314635, -0.8542468130314094, 0.46354799264413826]",67.19934598412824,4.929145333082644
"[0.10571942833993134, 0.697056410847471, -0.850189704020576, 0.4829037165130633]",67.23800061142767,4.929208165564042
"[0.1282910553213869, 0.6905802737902276, -0.8459173512005979, 0.49831971888835136]",67.27537520337279,4.929270998045438
"[0.15034070899996624, 0.6855293861596631, -0.8418384890155889, 0.5108038837235176]",67.31363410914666,4.929333830526834
"[0.17207291594741583, 0.6815539011010197, -0.8382208332126835, 0.5209792563089211]",67.35441698025299,4.929396663008231
"[0.19364735541627193, 0.6784454812427418, -0.8352672637049846, 0.529252752367665]",67.3992126528379,4.929459495489628
"[0.215210406841421, 0.6760775446945269, -0.8331507033098545, 0.5359020766925643]",67.44961318284909,4.929522327971024
"[0.23692939761251236, 0.6743762146211081, -0.8320372596245664, 0.5411171778701832]",67.50757097541225,4.929585160452421
"[0.25898367330786426, 0.673309778641768, -0.8321100773282001, 0.5450063252283843]",67.57559902486076,4.929647992933817
"[0.28162627549354513, 0.672881718294058, -0.8335922791037141, 0.5476005158039505]",67.65726938694633,4.9297108254152135
"[0.30522663737107114, 0.6731381329921957, -0.8367845904269514, 0.5488215381800857]",67.75791401910655,4.929773657896611
"[0.3304244163525983, 0.6741962780694851, -0.8421333539659546, 0.5484051355598475]",67.88621061219673,4.929836490378007
"[0.3584551050663583, 0.676346094827734, -0.8503661624266756, 0.5456818035701242]",68.05756601866474,4.929899322859404
"[0.3922376781116733, 0.6804720113832222, -0.8628436822900417, 0.5388556592448649]",68.30378272418243,4.9299621553408
"[0.44127734051404477, 0.6907028895436034, -0.8828696246514511, 0.5214023515704671]",68.71162082963991,4.930024987822197
"[0.18466832006553147, 0.662701544046261, -0.9037197582466214, 0.5096118968626079]",74.72710366488627,4.930213485266386
"[0.35641470614194715, 0.653527460775062, -0.8899905229251205, 0.5260258352761326]",71.80895012256089,4.930276317747783
"[0.15373556075492947, 0.6673743693908445, -0.9224247332299185, 0.4896407023420352]",71.10865302702321,4.93033915022918
"[0.5668745072354756, 0.7260038964877058, -0.8632658729846876, 0.3957306631750657]",66.15227505884779,4.9309046425617495
"[0.5268004374048, 0.6732390132596682, -0.8775970856315233, 0.40611816715648374]",65.84119200360527,4.930967475043146
"[0.5002661471602851, 0.6475009710803595, -0.8906166532742921, 0.40740490240888816]",65.67606263226271,4.9310303075245425
"[0.47636148674023077, 0.6290838051906532, -0.9036196991207649, 0.40649870331962495]",65.54997881352963,4.93109314000594
"[0.4529143439347966, 0.6147142556043064, -0.9171412869938933, 0.4041493000604979]",65.44295425232039,4.9311559724873355
"[0.42856878698480283, 0.6031823634533464, -0.9318118354029852, 0.4002783554794199]",65.34571460943923,4.931218804968732
"[0.4014481868341949, 0.594006703666949, -0.9488153765111434, 0.3941271086900912]",65.25064033023106,4.931281637450129
"[0.3657610213331424, 0.5874255514066401, -0.9720762826321279, 0.3825277009489698]",65.14215131944384,4.931344469931526
"[0.6038387875771518, 0.9161976022447256, -0.7943924278123102, 0.30578432525754573]",67.39289411814156,4.939512692513086
"[0.6013560367312121, 0.8397797928938061, -0.785472143367287, 0.34479820611141615]",67.15214387351739,4.939575524994481
"[0.5853329627322915, 0.7797158778596465, -0.778930664659703, 0.35958416341483307]",66.91502129727972,4.939638357475878
"[0.10557966215965979, 0.6827297285516891, -0.9447564998345833, 0.4496824712174426]",71.38828620975677,4.939764022438672
"[0.41042308524806953, 0.6615482747932602, -0.8942638096839951, 0.512599243639446]",72.5071947144478,4.939826854920068
"[0.4349879298362406, 0.7101818952741039, -0.8619869966224641, 0.5397389224162582]",68.95851790037078,4.940015352364258
"[0.392138942807464, 0.7109484212852344, -0.8123328732501592, 0.5541233103870826]",68.44243903391398,4.940078184845655
"[0.36742294140997, 0.7121211257688904, -0.7802837323517094, 0.5538030456083245]",68.15720531328823,4.9401410173270515
"[0.34697536333279827, 0.7121277375568754, -0.7580512636454851, 0.549900797579186]",67.97270711709609,4.940203849808447
"[0.3276729558888997, 0.7116545871617467, -0.7419051485214729, 0.5449449340588007]",67.84352347210098,4.9402666822898444
"[0.3086181581362225, 0.7112000145986253, -0.7298233098245087, 0.5395909343333536]",67.74822774956372,4.940329514771241
"[0.2895396641192562, 0.7110329057620192, -0.7206535410176732, 0.5339549709789195]",67.67525826529956,4.940392347252638
"[0.27035322294735026, 0.7112885641607685, -0.7137002577047837, 0.5279794485156069]",67.61777955941271,4.940455179734034
"[0.2510341480381531, 0.7120366641424877, -0.7085199101870338, 0.5215442007631249]",67.57147967235821,4.94051801221543
"[0.23157051013368204, 0.7133210823877885, -0.7048094424673679, 0.5144952422783221]",67.53346338264822,4.940580844696828
"[0.21196012607220055, 0.7151828750979977, -0.7023465513043295, 0.506651265152312]",67.50168581133677,4.940643677178224
"[0.19219033928635074, 0.7176780921700027, -0.700949494683871, 0.4977880088079071]",67.474580628997,4.940706509659621
"[0.17225556023444955, 0.7208916910221574, -0.7004539872153014, 0.4876264095059906]",67.45087065824869,4.940769342141017
"[0.15214879568527204, 0.7249583236490622, -0.7006903703673758, 0.47579655005073984]",67.42938330570365,4.940832174622414
"[0.13187331871363853, 0.7300932652602544, -0.701460355432273, 0.46178447891165897]",67.40889160044493,4.94089500710381
"[0.11146019638092985, 0.7366504290333528, -0.702502239352622, 0.4448275976933892]",67.38788025060228,4.940957839585208
"[0.09100758512909814, 0.7452484992417615, -0.703427739683615, 0.42368148400011635]",67.36408406048785,4.941020672066604
"[0.07080373426597082, 0.7570994689082209, -0.7035783503905466, 0.39599566307161604]",67.33327487290039,4.941083504548
"[0.05189407042072235, 0.7751425156884462, -0.7015868474531979, 0.35606879301919536]",67.28471742939898,4.941146337029397
"[0.04199984850063448, 0.8130079523853444, -0.6927964930205088, 0.2751642163604389]",67.15865265045785,4.941209169510794
"[0.3221909784712858, 1.1158087548617994, -0.7765502848184297, 0.4706166494955023]",75.90197796259524,4.943533971322468
"[0.1405400852604967, 0.7609300787205615, -0.6270086374807308, 0.3799905848628805]",72.63928788958096,4.9437224687666586
"[0.37039444429154794, 0.9692186909875576, -0.9959724179049578, 0.5598259825542231]",74.82443227409408,4.944476458543417
"[0.3189609736667593, 0.7010533775967643, -0.7676530975734969, 0.5504947133651358]",93.47600900792594,4.945293280801573
"[0.19710618054951254, 0.7101961754633879, -0.7231378777318778, 0.5114551215230623]",92.02437910006728,4.954341158122685
"[0.4005414998596935, 1.1068400907478935, -0.7119514788477938, 0.3903378049504975]",87.66142856022807,4.954529655566875
"[0.25044178796884986, 1.0463269565414062, -1.0293776076525105, 0.4958351122376834]",80.33694690131864,4.954906650455254
"[0.3164941267390509, 1.0506621497392763, -0.9069288473561524, 0.5529112969606181]",89.74658181020374,4.955095147899445
"[0.18263339028059147, 0.7818154801701855, -0.5871917776227651, 0.26277666579436754]",88.47672025341068,4.955786305194807
"[0.3677731344191067, 1.011677902038299, -0.8714157537126401, 0.5723290218303418]",72.72741604121192,4.9558491376762035
"[0.3122532741781546, 1.1302650154294247, -0.7661825580269589, 0.44162870846220487]",78.06165325819128,4.956037635120394
"[0.38355221106407783, 1.0258113717989283, -0.807451906067554, 0.5530940888625967]",83.9473997707933,4.956163300083187
"[0.4584979941548043, 0.848597165169747, -0.921895062331017, 0.5673073579263815]",74.08590869641415,4.956414630008773
"[0.19787530078720372, 0.7323866497287324, -0.6546457547186966, 0.46440764333194956]",80.1642874375529,4.956540294971567
"[0.4627659702864815, 0.7010831188390193, -0.6525109041520004, 0.27330093633862945]",85.57103274684113,4.958739431820448
"[0.40996670739197005, 0.9292210367124564, -0.9592794206515753, 0.5742577684995274]",88.61964328898026,4.960498741299553
"[0.12030010727327983, 0.6878747035551243, -0.8709512577022676, 0.48959433674292413]",84.03055941525933,4.9610014011507255
"[0.3645307833395542, 1.1386378118063127, -0.7208445137800205, 0.3209943366559644]",82.71913335722557,4.961064233632122
"[0.45664558001424116, 0.9097472205227917, -0.7490039569714282, 0.5446559747664121]",69.6815786805347,4.961566893483295
"[0.46033484173962724, 0.9609201822697118, -0.7210798223983367, 0.5104245660022113]",69.59114426561953,4.961629725964691
"[0.4579243726615718, 0.9988251209993433, -0.7100636017512524, 0.48193417472715805]",69.5648873949503,4.961692558446089
"[0.4508169402383148, 1.0295572005956215, -0.7059462922281982, 0.4577538589455932]",69.56563426508315,4.961755390927485
"[0.4403417608030644, 1.0549154353143293, -0.705384847485309, 0.4371836646078506]",69.580902434749,4.961818223408882
"[0.4278555596540242, 1.0755480502326193, -0.7067723720165686, 0.4199653631830903]",69.60415243943402,4.961881055890278
"[0.41487814981284454, 1.091671502888603, -0.7091211337483119, 0.4061503589211152]",69.63072851615267,4.961943888371675
"[0.4030955488026299, 1.1033766846228157, -0.7116841637936004, 0.3959919733079669]",69.65659599007995,4.962006720853071
"[0.3942048717797155, 1.110753289677031, -0.7138380967346902, 0.38984835876331686]",69.67811064496424,4.9620695533344685
"[0.3895194363191935, 1.113960488603242, -0.7151268641745848, 0.3880005396608487]",69.69256802813086,4.962132385815864
"[0.38953876462580594, 1.1132109097045948, -0.7153724266842544, 0.39047549824750494]",69.69898676012535,4.962195218297261
"[0.3937919332245945, 1.1087354759259325, -0.7147276683683611, 0.39697365312822275]",69.69841107669279,4.962258050778658
"[0.40111706609774084, 1.1007581752107312, -0.7135991466592423, 0.40696775729686363]",69.69333132268393,4.9623208832600545
"[0.4101350632303286, 1.089479153419281, -0.712512593637355, 0.4198853900278489]",69.68674405503117,4.962383715741451
"[0.4195934434471923, 1.0750553100420555, -0.7120299617677772, 0.4352379769608695]",69.68153362644298,4.9624465482228475
"[0.4284989647438132, 1.0575655086138023, -0.712751889395188, 0.45266837946508404]",69.6803610051162,4.962509380704244
"[0.43612286430757746, 1.0369341712582187, -0.7153977095804804, 0.47196527775133473]",69.6859379849539,4.9625722131856405
"[0.44193976047647976, 1.0128437931416705, -0.7209747368551871, 0.4930227161911769]",69.70165248316344,4.962635045667038
"[0.44559242585099385, 0.9844918478064144, -0.7311494424299394, 0.5158171036417458]",69.7328918673639,4.962697878148434
"[0.44693323319819744, 0.9499572268757372, -0.7492807462522795, 0.5402847456502575]",69.79077811066108,4.962760710629831
"[0.4466820064438506, 0.9035052536646665, -0.7848907391210902, 0.5655123651141863]",69.90924256807824,4.962823543111227
"[0.31964449639288695, 1.1112422298176694, -0.7867680771475913, 0.48221163016129975]",90.93777264520365,4.964645685071729
"[0.5554951363745914, 0.8173544114994996, -0.7053861145167134, 0.38092211405105647]",75.04857233638124,4.965085512441505
"[0.31949832245492793, 0.7463104171848345, -0.5756075889450649, 0.3307511012619564]",85.89099349146149,4.965148344922902
"[0.40826103530834235, 0.9501292857385387, -0.8746069232659247, 0.584837572657839]",78.04218317513353,4.965274009885695
"[0.10611698516090724, 0.7583428407813578, -0.6608050419417681, 0.39326545591564865]",88.63105365121665,4.966279329588041
"[0.45568278396047107, 0.6777269945481734, -0.896951404717227, 0.4983687533955667]",97.36644475262807,4.970803268248597
"[0.460706383980365, 1.00337110683926, -0.7061708760037289, 0.4724996984007236]",87.56779553687028,4.970991765692786
"[0.41506725790819, 0.6813092425343639, -0.8756088118284425, 0.5292326857600987]",86.54071607235001,4.971368760581166
"[0.2696152591955976, 1.0611855515784, -0.9658891593287124, 0.5258683567210831]",80.17900517883106,4.9714315930625625
"[0.37354163539318797, 1.0879395392499494, -0.7478172929710587, 0.4771230839902642]",84.98621601665599,4.971871420432339
"[0.37035726455585055, 0.7364095433140544, -0.7068756700735529, 0.5300455309248444]",78.89914638994534,4.972311247802116
"[0.36719992456901995, 1.0662912413143544, -0.781880749076282, 0.5197667889841538]",81.57995018850798,4.972499745246306
"[0.38153310546938196, 0.7497617129166668, -0.6409275153758393, 0.4707807001165867]",85.03854974855565,4.972688242690495
"[0.3117206417609402, 0.7451188330301977, -0.592477339565337, 0.4020572597473775]",84.3701396572833,4.9738192273556345
"[-0.004835212535805251, 0.7956881525984684, -0.8209098613109838, 0.30963079026757667]",73.55094221257173,4.9741962222440135
"[0.03681002635284329, 0.7346963155222784, -0.836801640707436, 0.41238184915478543]",73.73270033602748,4.97425905472541
"[0.07176743908507639, 0.7144370238653868, -0.833986941095966, 0.454610472220617]",73.79915224042313,4.974321887206807
"[0.10376385702109803, 0.7024084258439721, -0.8284601588174213, 0.4825094876683382]",73.84983085208539,4.974384719688204
"[0.13392940226144048, 0.6943601683446425, -0.8226399244205174, 0.5026556283168998]",73.89694036143986,4.9744475521696
"[0.16281115665053206, 0.6887389302508614, -0.8175123338850812, 0.5177044088010229]",73.94546820407544,4.974510384650997
"[0.19077950425755433, 0.6848025786807646, -0.8136037283893794, 0.5290876227996287]",73.99866023749631,4.974573217132393
"[0.21809342434497836, 0.6821577608453865, -0.8112649930245021, 0.5376663631183562]",74.05937103430118,4.97463604961379
"[0.24499644543831023, 0.6805811891661796, -0.81078422931652, 0.5439948050545345]",74.13084277032529,4.974698882095187
"[0.2717469403439572, 0.6799456122603078, -0.812464135677393, 0.5484094731792095]",74.21732553038157,4.974761714576583
"[0.29871381778893386, 0.6801814770349685, -0.816697109983171, 0.5510519867603281]",74.32512338232695,4.974824547057979
"[0.3265325067053671, 0.6812698271594878, -0.8240793554175437, 0.5517974027274847]",74.46451271394636,4.974887379539377
"[0.3565185167730239, 0.683303321470644, -0.8356203771195166, 0.549987664196039]",74.6540702501744,4.974950212020773
"[0.39212984015036756, 0.6869088190876715, -0.853266628989737, 0.5434472331043644]",74.93346856966919,4.97501304450217
"[0.4463699246897615, 0.6968548270653687, -0.8818668111326619, 0.5229488975798623]",75.41946242492227,4.975075876983566
"[0.03938059784442886, 0.7243007790417558, -0.930144403187576, 0.38877168398288525]",84.67248387896257,4.9752643744277565
"[0.27912907070707854, 0.6487644909096587, -0.8982041929207178, 0.5265538028305622]",78.15670637024694,4.975327206909153
"[0.08893882647566635, 0.6912200405314, -0.9402650432435727, 0.43922909875984667]",77.66490659420923,4.975390039390549
"[0.539291367025955, 0.6752361440094281, -0.852907557922764, 0.3785303899220021]",72.66620834608031,4.975955531723119
"[0.5180798332294931, 0.6494627661430972, -0.8664061464033102, 0.37444236261349717]",72.53070663765114,4.976018364204515
"[0.5000102119198624, 0.6314924564457062, -0.8785789114106214, 0.3695170568037688]",72.43547111564428,4.976081196685912
"[0.4831184514624148, 0.6174561563701827, -0.8902275402373233, 0.3639938947481164]",72.35960068484867,4.976144029167308
"[0.46643631953949705, 0.6058801402124218, -0.9018849694132357, 0.3577709696309987]",72.29459273708257,4.976206861648706
"[0.44882985568003647, 0.595891511123316, -0.9143175672634853, 0.35045018375110937]",72.23438437814447,4.976269694130101
"[0.42682170112693846, 0.5864078130459897, -0.9300354597855742, 0.34041004582558854]",72.167808185515,4.976332526611499
"[0.44143614528806613, 0.5887798777516956, -0.9148952745579523, 0.327248317956538]",72.29304874707233,4.976960851425464
"[0.47322134910936375, 0.6053937282581249, -0.8899279892097217, 0.33865437019361644]",72.41548560457278,4.977023683906861
"[0.49861359847059783, 0.6244471797633223, -0.8692278255363185, 0.34671557209631865]",72.53538681042846,4.977086516388258
"[0.5247022395973491, 0.6511805457125835, -0.8473916394888444, 0.3548030410487971]",72.68715388341785,4.977149348869655
"[0.20093124510111784, 0.655252132975603, -0.9182310777801839, 0.5074477710605164]",78.08499865978463,4.977526343758034
"[0.43525509211392366, 0.7054520078298152, -0.8665413014267963, 0.5364782831857413]",75.47088119328166,4.977777673683621
"[0.38860273100193604, 0.7035574974289093, -0.8223727171855918, 0.55268197089652]",74.96594662597714,4.977840506165017
"[0.3596646739929188, 0.7036970470078567, -0.7930220922746475, 0.5544801520200294]",74.68095106926593,4.9779033386464135
"[0.33510159748081275, 0.7034830468488444, -0.7721251109947422, 0.552052762472713]",74.49346782492233,4.97796617112781
"[0.31165694422964696, 0.7032390760580016, -0.7567241022232929, 0.547826456686135]",74.3604792287953,4.978029003609207
"[0.28827618347666706, 0.7033228437790922, -0.7452203113702297, 0.5424800171985862]",74.26154600525936,4.978091836090603
"[0.26455911428683765, 0.7039657151219931, -0.7366943331693414, 0.5361230084173239]",74.18544018159447,4.9781546685719995
"[0.2403329673166833, 0.705320404461551, -0.7305890462802008, 0.5286279542605836]",74.1254040062403,4.978217501053397
"[0.21551589636494892, 0.707514094605649, -0.7265377526786772, 0.5197266399060493]",74.07703766356079,4.978280333534793
"[0.1900341629938961, 0.7106977962426199, -0.7242578065701161, 0.5090042999724137]",74.03716127782776,4.97834316601619
"[0.1638290447108674, 0.7150968442831279, -0.7234853908592829, 0.4958580750895883]",74.00323566430679,4.978405998497586
"[0.13684983571611056, 0.7210901807321397, -0.7239019837392228, 0.4793787570688621]",73.97283988723295,4.978468830978983
"[0.10905794910971488, 0.7293748356878951, -0.7250284532184419, 0.45807471452383797]",73.94301987682053,4.97853166346038
"[0.08051758238440165, 0.7413809968182932, -0.7259961884645418, 0.42916291660752487]",73.90891008226747,4.978594495941777
"[0.05180023295734959, 0.7607737335192784, -0.7248300555194475, 0.3859234262276129]",73.85860532695462,4.978657328423173
"[0.029587408322511805, 0.8061803134972927, -0.7135307429738704, 0.2935989176652036]",73.72230359257377,4.97872016090457
"[0.24025624081431468, 1.1565954800673437, -0.7763960681083065, 0.3629785375629295]",96.43769603843376,4.980102475495295
"[0.3372972322775456, 1.0093674706447793, -0.9651786107661802, 0.5612098962096964]",81.23823757249541,4.9807936327906575
"[0.3375683472265735, 0.6768819827527267, -0.8391470972361418, 0.5491805413835089]",93.71296416244859,4.981107795197641
"[0.43015686668662223, 0.9076551269270696, -0.8756443688083914, 0.5850151429613116]",96.94234564779241,4.987579540781492
"[0.3533001559726821, 1.0368501119387898, -0.8561515020223507, 0.5605389002073639]",79.18062921599858,4.987705205744285
"[0.5788787593722684, 0.8630431064136861, -0.7299812752902702, 0.3609076232965879]",85.9377875206602,4.987830870707078
"[0.09534626924568515, 0.7742721774486142, -0.6492006927830609, 0.3518193076418079]",90.23398165280109,4.989715845148977
"[0.13598086138133975, 0.7880951635136461, -0.6074812137855049, 0.286602177941024]",80.96759362823809,4.990407002444339
"[0.45164473639364494, 0.8479222255729782, -0.823427433938547, 0.5736084096437005]",76.50265092000414,4.991223824702495
"[0.4502915938419208, 0.8704158209560684, -0.7992149009939852, 0.5700546570129863]",76.41609734436952,4.991286657183892
"[0.4502224941669358, 0.8620340120224783, -0.8117142555117425, 0.5728874680364983]",76.4706192282195,4.9913494896652875
"[0.24592660105160513, 0.7330115938464121, -0.6396515261027246, 0.4677446314946643]",84.94126465693247,4.9976955702863455
"[0.06477632065223689, 0.7104189031517657, -0.877057138268239, 0.44259992450640034]",98.22475306408843,4.998575225025898
"[0.39422305459695794, 0.7522441200167282, -0.6263349189153167, 0.44395939326697476]",91.00710723937229,4.9988893874328815
"[0.4780665796590097, 0.8450308695647589, -0.6992445301735779, 0.5000891374838685]",91.99539268691923,4.998952219914278
"[0.025334912965342248, 0.7486586375729408, -0.8172162986898601, 0.391661351796474]",80.17391832305042,4.999203549839864
"[0.06047696642069783, 0.7242164692002758, -0.8158075851431208, 0.4414111493057769]",80.24947396423957,4.999266382321261
"[0.09135158220211397, 0.7112337860986532, -0.8103447320735973, 0.47147902391395696]",80.29888629031933,4.999329214802658
"[0.11910599793764189, 0.7031027687184416, -0.8043187847600325, 0.492161047482544]",80.34014715576802,4.999392047284054
"[0.14427374829745765, 0.6977013403059436, -0.7987980602169892, 0.5071154954647538]",80.3784733749623,4.999454879765451
"[0.1671256323776241, 0.6940586006419789, -0.7941684199456771, 0.5181934804697682]",80.41590696811,4.999517712246847
"[0.18781634814801926, 0.6916401846341061, -0.7905279011653714, 0.5265055202358804]",80.45324623056588,4.999580544728244
"[0.20640748392672537, 0.6901163938506734, -0.787833747875341, 0.5327714031091174]",80.49057295906832,4.999643377209641
"[0.22292741793690277, 0.6892601394181735, -0.7859584237209002, 0.5374934464593766]",80.52752639759942,4.999706209691038
"[0.2373665794333597, 0.6889037296527394, -0.7847248435501882, 0.5410294299178046]",80.56336191068421,4.999769042172433
"[0.2496944496504425, 0.6889157512249662, -0.783924393354493, 0.5436410200698396]",80.59702571753219,4.999831874653831
"[0.25987187232629444, 0.6891905127131422, -0.7833318647013364, 0.545521757209245]",80.62724315717001,4.999894707135227
"[0.2678563323584745, 0.6896436048161554, -0.7827207994521433, 0.5468128613348581]",80.65262836071425,4.999957539616624
"[0.2736064363223991, 0.6902097940757717, -0.7818807622210074, 0.5476124602586211]",80.67183173974583,5.00002037209802
"[0.27709733094685995, 0.6908428223875924, -0.7806351541120288, 0.5479819271363588]",80.68375477915207,5.000083204579417
"[0.27831973187234094, 0.6915141762713529, -0.7788599105255649, 0.5479475231389145]",80.68771067968697,5.000146037060813
"[0.27728708664470314, 0.6922125310305474, -0.7764969174311686, 0.5475032504094546]",80.68356852736586,5.00020886954221
"[0.27403357780343757, 0.6929429717299084, -0.7735599641040128, 0.5466137852941385]",80.67178779518747,5.000271702023607
"[0.2686075694327456, 0.6937266441106935, -0.770131173197345, 0.5452181666558933]",80.65334473192456,5.000334534505003
"[0.26106473863083374, 0.6946007232061532, -0.7663504671336767, 0.5432334913501885]",80.62958131098513,5.0003973669864
"[0.25146078929410753, 0.6956191361343376, -0.7623988507027382, 0.5405559944503833]",80.60201146571961,5.000460199467796
"[0.23984167852895694, 0.6968540779607466, -0.7584788534171019, 0.5370564877427303]",80.57212321500025,5.000523031949193
"[0.22624310592656888, 0.6983976271114273, -0.7547993247418666, 0.5325717274414823]",80.54124222082804,5.00058586443059
"[0.2106937102889065, 0.7003649441069375, -0.7515613724580971, 0.5268898064038956]",80.51044275207143,5.000648696911986
"[0.19319961748299067, 0.7029040876915881, -0.7489411874967581, 0.5197189132201698]",80.48045927700934,5.000711529393382
"[0.173754948061663, 0.7062116827707916, -0.7470770775788323, 0.5106491327533562]",80.45167011879337,5.00077436187478
"[0.15233961370748114, 0.7105673559481686, -0.7460434852187179, 0.49908175431256085]",80.42402522893269,5.000837194356176
"[0.1289093913018968, 0.7164082856296483, -0.7458039524257728, 0.4840910758390574]",80.39687390785586,5.000900026837574
"[0.10340850056656374, 0.724494867820899, -0.7461126581698504, 0.46413964536195845]",80.36855029469216,5.000962859318969
"[0.07580535356889335, 0.7363636626977301, -0.7462645552272008, 0.43631556243820707]",80.335082061736,5.001025691800366
"[0.04640081052258909, 0.7559888335300025, -0.7442538636694574, 0.39354729456838294]",80.28496069097108,5.001088524281763
"[0.020959086395258, 0.8052141970453153, -0.730263013693692, 0.2974040211075017]",80.14168361567663,5.00115135676316
"[0.4672147575559639, 0.6757726279730912, -0.685789810610492, 0.24204970142602322]",90.4713897344915,5.001214189244556
"[0.5324693401063776, 0.7310382058728685, -0.7042763325507443, 0.33966989117107915]",90.69002657995789,5.002470838872488
"[0.2728221356392316, 1.1158880764363246, -0.838741938400969, 0.48996215681222255]",85.58282663040534,5.007685934828407
"[0.17179865671693817, 1.105916664658861, -0.9446290174976046, 0.44084768527644763]",90.20245044058277,5.008691254530753
"[0.5140301901498066, 0.9431604081716557, -0.6882929341346938, 0.42904432585288255]",88.79606856059159,5.0094452443075115
"[0.493708897638778, 0.8482330860875757, -0.6855550796443299, 0.47201964571325183]",94.510441470203,5.009822239195891
"[0.21760439252196886, 1.1437228172154033, -0.8277424454717913, 0.4209525756026352]",87.59105350218563,5.010576228972651
"[0.30973533786822477, 0.7316636232329171, -0.6557753686388395, 0.49402849750716943]",91.46796185917104,5.014786005226224
"[0.11508451969585708, 1.0747832055676583, -0.9977634782141529, 0.3697963113930653]",99.80230774999069,5.01541433004019
"[0.2285545711975566, 0.7713985300508344, -0.5791220467078084, 0.23976903480103454]",97.0584824902346,5.0157913249285695
"[0.5155146695751823, 0.7843878923227686, -0.6712470093256724, 0.39460507899849245]",97.35365781600825,5.015854157409966
"[0.015089070284920143, 0.7681191708671062, -0.7918480089829447, 0.36113792428017605]",86.55134430897735,5.016168319816949
"[0.03311673961583253, 0.7487845045695463, -0.7926034901723518, 0.3981688315074541]",86.6113768659755,5.016231152298346
"[0.046436391075597674, 0.7394777206301655, -0.7899631660214871, 0.417922500414504]",86.64339263100769,5.016293984779742
"[0.05529454654443665, 0.7348249794306457, -0.7864988299556763, 0.42876806185366184]",86.662710181756,5.016356817261139
"[0.05989081502192724, 0.7331659888111398, -0.7829580478596405, 0.43340078531170045]",86.67355970378966,5.016419649742535
"[0.060344444744810766, 0.7339082608953383, -0.7795741236112615, 0.4328023024896938]",86.67739315465744,5.016482482223933
"[0.05671838048583291, 0.73701914979011, -0.7763429882757092, 0.4269980487465618]",86.67439477960733,5.016545314705329
"[0.04905275116037666, 0.7430008201602994, -0.7730386517806551, 0.41508211883570234]",86.66351730380069,5.016608147186725
"[0.037426480847897584, 0.7533099815248682, -0.7689965522452591, 0.3945292684511751]",86.64111894350715,5.016670979668122
"[0.02234185689279805, 0.7723982451286963, -0.7621402852477372, 0.357860114715819]",86.5940845702252,5.016733812149519
"[0.34051299742994035, 0.7451387418529938, -0.5934403320534702, 0.39717247900375907]",97.40997261451156,5.016922309593708
"[0.16037587956162125, 0.752664324106677, -0.6270879755887747, 0.4027777992240576]",91.93431488532987,5.017990461777451
"[0.165628092151793, 1.1299403006155353, -0.8836638887215645, 0.4094623289583606]",98.00610238096014,5.018116126740244
"[0.13361265802864167, 1.1225329002629862, -0.8943502272427839, 0.3756099269809728]",92.19319558330751,5.02207457306823
"[0.25023308762523055, 1.1546602644830923, -0.7762105557281767, 0.37839939215824875]",93.0200565825952,5.0222630705124205
"[0.3063008497641136, 0.7374454741751478, -0.6293278038459156, 0.46553473103026444]",94.41663965710465,5.022891395326386
"[0.5281647581471496, 0.8491486566032818, -0.6837971429803861, 0.4202034920814149]",94.90413529088524,5.022954227807783
"[0.1800403676140754, 1.1240817693044831, -0.8974854354236105, 0.43426416208982405]",96.98762570697511,5.145603231493966
"[0.5279644710591551, 0.707232137373948, -0.716329984910503, 0.32020346617696294]",92.02380290271584,5.148430693156812
"[0.012298464296115637, 0.7914488598140288, -0.76043956706909, 0.32275514289507834]",87.19279953003966,5.148933353007986
"[0.029267205559088544, 0.7573843224524847, -0.7778953297389174, 0.3844627699638705]",87.27639380249586,5.148996185489382
"[0.01956022518927522, 0.7652981820947891, -0.7846982844909698, 0.36777506312955555]",87.2393368165966,5.149059017970779
"[0.4472170580044521, 1.0747043961676768, -0.7002970301004068, 0.3855238102897539]",90.86628165001554,5.151006824894074
"[0.38059791586881836, 0.9892842612166941, -0.8835743652441062, 0.5792906442646908]",86.3653885782582,5.15220064204061
"[0.3466434895538253, 0.9979108720394763, -0.973706431866774, 0.5623650211756984]",88.40228063841018,5.153897119038318
"[0.41011984107433125, 0.9298160550003146, -0.951480938273209, 0.5765894521569054]",99.08782245910936,5.154085616482508
"[0.032133284310975195, 0.7696757458327702, -0.7447626120618882, 0.36526485564393807]",80.99676134484908,5.154462611370887
"[0.10909024025913205, 0.7211047524924, -0.7505468695207567, 0.470927401516216]",81.12653101830513,5.154525443852283
"[0.1675249339768059, 0.7057000795522186, -0.7524559786882615, 0.5093994579155053]",81.1962523390844,5.154588276333681
"[0.20701656369212237, 0.6985264959712321, -0.7588419123631989, 0.52761787192685]",81.25851357735777,5.154651108815077
"[0.22731599066710317, 0.6947278668112608, -0.7668442132022202, 0.5356634890026635]",81.2997736640081,5.154713941296474
"[0.22763520630339934, 0.6926376602787166, -0.7737488453564821, 0.5370338874505786]",81.30024838948485,5.15477677377787
"[0.20748387952469166, 0.6923247136886793, -0.7798555079463818, 0.5320422090131736]",81.25559571309307,5.154839606259267
"[0.16691676664858635, 0.6956457777116527, -0.7884751454149995, 0.5173605149213214]",81.17989253867849,5.154902438740663
"[0.10536457942356117, 0.7079114376992731, -0.8028517525324779, 0.4820058146690569]",81.08564114751955,5.154965271222061
"[0.016790952497680926, 0.7589571923813565, -0.8120814440128092, 0.37361441926641104]",80.91340512393316,5.155028103703457
"[0.30160092132048494, 1.052164263941783, -0.9330630123777809, 0.5466895231345194]",93.82032123572895,5.155216601147647
"[0.2159940637951163, 1.085398128355326, -0.9692675044155277, 0.4848233725857561]",87.46106555786663,5.155719260998819
"[0.06821670564503782, 0.7465611667691503, -0.7302719650632236, 0.4165152539699426]",74.76242454314583,5.161122854398927
"[0.16471114233029582, 0.7134967211901126, -0.7281169802283899, 0.49852756153427763]",74.87732480998265,5.161185686880325
"[0.250372801218591, 0.7031139737667045, -0.7379405665143609, 0.5336477724528637]",75.02573423290447,5.161248519361721
"[0.32799138169463576, 0.7015501365664569, -0.7722540213855087, 0.5517365624365911]",75.33139028646166,5.161311351843118
"[0.4264430966136778, 0.7033023425038117, -0.8605530750449867, 0.539798670272317]",76.24242140963648,5.161374184324514
"[0.4388224602649532, 0.6759239011782746, -0.892121309893714, 0.5095441407369784]",83.60369971014099,5.161437016805911
"[0.0825975028374104, 0.694497137157881, -0.9422732944328006, 0.4322893311920266]",78.56945159350802,5.1618140116942905
"[0.41151120543462266, 0.6910920301695649, -0.8619407452449528, 0.5386354571786255]",76.00435917803848,5.1619396766570835
"[0.3063454025523851, 0.6820579683505359, -0.814029790892742, 0.5518177412461837]",75.24976206881796,5.16200250913848
"[0.2161569242329535, 0.6836691939698727, -0.8067225567273831, 0.5370648091111618]",74.94695641032393,5.1620653416198765
"[0.1173104112144547, 0.6995165440067412, -0.8213765156776823, 0.49210879874625646]",74.76617887819728,5.162128174101274
"[0.20791879722796888, 0.7440843619418545, -0.6195033008236845, 0.42600907571365043]",85.40504385278155,5.162442336508257
"[0.09381581105680464, 0.7883347951768932, -0.6395453243207025, 0.3126104389346762]",79.17642182585452,5.162693666433843
"[0.36349851274416756, 0.6656687974665746, -0.8717401615938642, 0.5362043833785572]",95.31288488401276,5.162944996359429
"[0.6029479619199802, 0.9320637255258943, -0.8043473374212285, 0.29243107935053964]",92.87445032937377,5.163070661322223
"[0.14236194671216024, 0.7164825333755291, -0.7340567816878528, 0.488073009353839]",99.29765651038817,5.1631334938036195
"[0.4120328838301185, 1.1172658790835919, -0.711826992580463, 0.3234458204022139]",85.96311758904358,5.1645786408757415
"[0.1575494820091201, 1.1021155767058148, -0.9552204383518879, 0.42654456125253365]",87.29883676832387,5.164767138319931
"[0.44809242362251006, 0.9347584670051179, -0.7565140022260363, 0.5476926583785418]",70.7608067484373,5.165018468245518
"[0.4402575595524965, 1.0328972702895804, -0.713371556256171, 0.4708168609718745]",70.61657834384424,5.165081300726914
"[0.43506854485727364, 1.0565539436659082, -0.7082715379790053, 0.4434192508146672]",70.58198972212105,5.165144133208311
"[0.45518420113932007, 1.0035327389320816, -0.7110243431519078, 0.4816157143535137]",70.54405463205859,5.165206965689708
"[0.4720994630440145, 0.8593599476087699, -0.9992416649651333, 0.5293267848965079]",79.42891440591238,5.165835290503674
"[0.37646462003856057, 0.6116905510276633, -0.9454009799397294, 0.45220532995122475]",96.91419139464928,5.166149452910657
"[0.4080382761297619, 1.019462895070641, -0.7664543280653753, 0.5342440352257779]",74.57333245788246,5.166400782836243
"[0.35844890209573615, 1.0279197732652026, -0.8617493270105852, 0.5652464026931444]",73.68270896849134,5.166526447799036
"[0.49716391746809807, 0.6305154282092974, -0.8823442982839735, 0.3734515808920555]",91.36421769517419,5.16684061020602
"[0.2454882235119259, 0.687822071962941, -0.7875713180755415, 0.5431398675400841]",99.49715218760196,5.166903442687416
"[0.014121597081369208, 0.7505527721603109, -0.8729356004570156, 0.369941827774494]",80.71051567307924,5.168914082092107
"[0.43924941154431907, 0.9067797772298882, -0.8149426950716677, 0.5762955651113466]",88.86243447450605,5.169228244499091
"[0.0647856484172158, 0.7583922454525677, -0.7094609600652821, 0.3926114841685826]",68.37785852594125,5.1696052393874705
"[0.1645039177346747, 0.7203293026167652, -0.7066299818758417, 0.48710039355881246]",68.4988664645864,5.169668071868867
"[0.26019899430487303, 0.7096545636074311, -0.7173006967853651, 0.5276949753859982]",68.65524188101665,5.1697309043502635
"[0.35367939667142323, 0.7099864040701707, -0.7709203621486035, 0.5524388718018848]",69.09873222868598,5.16979373683166
"[0.5943596015347299, 0.8030795787202717, -0.7868021274139678, 0.35580251403328217]",68.04231630337546,5.169919401794453
"[0.30246477781990927, 0.6850748637196638, -0.8045579952266356, 0.551937660157729]",97.00320155547703,5.17017073172004
"[0.18114286874673205, 0.6773746190755503, -0.8475966902962081, 0.5234820939093681]",83.47117401194244,5.171113218940989
"[0.4151399634642319, 0.5942490420542177, -0.9410278666725743, 0.38517645554290464]",66.44130495701813,5.1711760514223855
"[0.5548437720278461, 0.7053077837083404, -0.8619194201271171, 0.3959564450878611]",67.17664858624143,5.171238883903783
"[0.4778722573957733, 0.6898897865713611, -0.8991351358298235, 0.4903718730321842]",73.73965924601455,5.171364548866575
"[0.37660138081494215, 0.680083176341298, -0.8538733840376501, 0.5437417586848838]",69.29290419954764,5.171427381347972
"[0.24729516112127112, 0.6755808610324179, -0.8263119070962207, 0.5436717346668085]",68.64187941684669,5.171490213829369
"[0.13414446546382566, 0.6905227995895523, -0.838688006360265, 0.5023448647398894]",68.39348054765837,5.171553046310765
"[-0.0005918785526636873, 0.7773148729602989, -0.8419111326183488, 0.3345465800797665]",68.08977139449131,5.171615878792162
"[0.2557655825219353, 0.7519938231154855, -0.5825312101051705, 0.36834586359581295]",78.80503762142305,5.171741543754955
"[0.2533158363373505, 0.6610170949118674, -0.869867046662445, 0.5361724453367136]",82.17064838534138,5.172118538643335
"[0.23989431553057677, 0.7331217539928905, -0.6401865214241811, 0.4664954227022962]",72.93583366374665,5.172181371124731
"[0.15830433924637827, 1.1385188246726354, -0.853495870318268, 0.37424746519150204]",82.64837457458937,5.172495533531714
"[0.21986770403036535, 1.0367098732358055, -1.0775439162679448, 0.4403764435633882]",63.532673969640946,5.172621198494507
"[0.26323983584171984, 1.0250025034589034, -1.0704112911532406, 0.47776777310474783]",63.498523554652635,5.172684030975904
"[0.3117473704740947, 0.9960227086287226, -1.084968014997517, 0.48715456984900396]",63.54281468485118,5.172746863457301
"[0.265200284811736, 0.6171206912555843, -0.9887023378895022, 0.44760011430322666]",75.6721019994682,5.17425484301082
"[0.43728206434921246, 1.0039367374011474, -0.7317912683450458, 0.5100364152972535]",64.26185097307162,5.1752601627131645
"[0.3762341185454625, 1.1155468468700038, -0.7223511485301289, 0.4062314312584246]",64.28169774242208,5.175322995194562
"[0.533006120405812, 0.7559502315606133, -0.6927770914441198, 0.3598049043520583]",97.81127213725779,5.175637157601545
"[0.4515215167610416, 1.0435348220711238, -0.7018346365770131, 0.43628289820000654]",64.01600515577907,5.175825655045735
"[0.47964498027578145, 1.0420520164077152, -0.6951879543382901, 0.3869303087353576]",70.23553276258396,5.176768142266684
"[0.3944897179299397, 0.7102393568201644, -0.8164854095649885, 0.553669449775689]",84.61258319252907,5.17701947219227
"[0.39424856452736773, 1.0538621008770432, -0.7542763544206736, 0.5081987830804185]",68.12524851457336,5.1775221320434435
"[0.38371839435832866, 0.980570417721937, -0.894814748768087, 0.5811438134541397]",67.33185325943901,5.177710629487633
"[0.27148955129375274, 1.0347924232362458, -1.0321006862433153, 0.5076628229032019]",74.88904676847383,5.178024791894616
"[0.37814052876757354, 1.1234162372650298, -0.717528384962754, 0.37478403576408725]",82.26420841054474,5.178150456857409
"[0.07754210981545677, 0.7434317267852611, -0.7247829352573213, 0.4246348367786033]",86.43646526002595,5.178213289338806
"[0.11144435307215828, 0.7013336578659667, -0.8216683298421431, 0.48803150488475405]",87.50464624385732,5.18072658859467
"[0.35202976898710114, 0.6501655286394219, -0.8948156677429598, 0.5233126466251412]",85.94657183472444,5.180789421076067
"[0.2960606327666451, 0.734489160024784, -0.6380968313382832, 0.4753033480172546]",67.34227260003654,5.181166415964447
"[0.3253539642791096, 1.0300900087055578, -0.9377404311513321, 0.559416531387609]",83.68395609640233,5.1814805783714295
"[0.07035167942360558, 0.7704960818042701, -0.6821144512629179, 0.3656700772123574]",61.81217126575112,5.1818575732598084
"[0.14935764977525998, 0.7330826478498801, -0.6797972695471566, 0.45796261577282077]",61.9170514987341,5.181920405741206
"[0.23012890330499686, 0.7201379135902232, -0.6828004537855087, 0.5006576381535427]",62.00983919104227,5.181983238222602
"[0.3093414626836773, 0.7180896018746258, -0.7069695117887088, 0.5296278702807466]",62.20440230642785,5.182046070703999
"[0.39002791707683965, 0.7178823363034141, -0.7953252123518663, 0.5548530726428755]",62.89074084163767,5.182108903185395
"[0.2775787321633402, 0.6462025657929383, -0.9051951784768213, 0.5228024582371202]",66.40286027267771,5.182171735666792
"[0.2680287793220416, 1.1468659395342307, -0.7805881383898995, 0.41316761113514705]",65.39370715776249,5.183365552813328
"[0.4779154968468797, 0.9888482759133995, -0.6973464031149376, 0.45750559608109503]",80.13152711616969,5.1841195425900874
"[0.1447101593128123, 1.1199275419078318, -0.9084793314824677, 0.3980634165157168]",80.07244107236517,5.184182375071484
"[0.3121923475876992, 0.5980237265624807, -0.9930893338831354, 0.4090009418968093]",59.281903954314494,5.185941684550589
"[0.4140588072679572, 0.6120180764128154, -0.9344827362230013, 0.4333583884183206]",59.62054067281723,5.186004517031986
"[0.5063456529623878, 0.666080677337411, -0.8932522054966849, 0.42923729778229974]",60.09215083725927,5.186067349513381
"[0.19406921280363712, 0.6609088534769947, -0.9020309964100399, 0.5130949704089951]",69.15856064158395,5.186255846957572
"[0.36689867157701445, 0.671638118822902, -0.8630103695264147, 0.5402687261275068]",62.56933458490603,5.186318679438968
"[0.24420086283003423, 0.6683455004122156, -0.8495730966801432, 0.5398717025511368]",61.997571608715326,5.186381511920365
"[0.1406396526239554, 0.6831810025727231, -0.863396752648626, 0.502892323223232]",61.75620784794283,5.186444344401761
"[0.025407417693046434, 0.7382370570879392, -0.8766416651560432, 0.39031249739135654]",61.53136616365651,5.1865071768831585
"[0.36662187154894826, 0.7385595528298101, -0.5850570180671317, 0.31925485131436127]",77.91102595367941,5.186570009364555
"[0.30382799560431883, 0.7443313339239145, -0.5968026526142456, 0.4126721352544043]",72.1898936303904,5.186695674327348
"[0.5795467988488604, 0.8313212861589115, -0.7366972946150461, 0.36263746204834696]",66.12963755633602,5.187261166659917
"[0.1196419547258226, 1.0777122231123415, -0.9954159559547683, 0.37692692010455375]",56.722512841094115,5.187323999141314
"[0.1537205073708263, 1.0975370152714907, -0.9656503854372496, 0.42279880623807736]",56.60789486650621,5.187386831622711
"[0.18320494147186928, 1.1025415969346606, -0.9490751989633295, 0.45336797645493654]",56.547006713698494,5.187449664104108
"[0.2093762328171357, 1.1006049704939171, -0.9389000299883216, 0.4773387959799677]",56.509252332870545,5.187512496585504
"[0.23305712436992446, 1.0942451361669467, -0.9330005194451333, 0.49735434891552216]",56.485720606284744,5.187575329066901
"[0.25480969669627335, 1.0845846102695154, -0.9304880696893091, 0.5145559937460807]",56.472739190639295,5.187638161548297
"[0.2750800473443345, 1.0721663183469012, -0.9310041621909969, 0.5294835075968062]",56.46872800467532,5.187700994029694
"[0.29425955062208015, 1.057224386538196, -0.9345122877746691, 0.5423211566417258]",56.47330292150553,5.187763826511091
"[0.31277191070326815, 1.0397656133766526, -0.9412525711008236, 0.5529665811236629]",56.48706735623809,5.1878266589924875
"[0.3311701709463751, 1.0195761077269985, -0.9518082434963472, 0.5609442587467383]",56.51186962170446,5.187889491473883
"[0.3503608734270737, 0.9961382981771866, -0.9673457025525234, 0.5650822781665163]",56.55180662319903,5.1879523239552805
"[0.3722944458017385, 0.9683544723171548, -0.9903862414094947, 0.562367408236315]",56.61668127476726,5.188015156436677
"[0.40358521945695064, 0.9335236310988323, -1.028589247037747, 0.5414271908592398]",56.7407819632517,5.1880779889180735
"[0.10621334406862494, 0.7099448599483963, -0.7936959916282362, 0.48125686733449546]",92.42955179973079,5.18814082139947
"[0.4253105111980284, 0.9106816544405002, -0.9149097794492083, 0.5826896051794239]",65.83032400925315,5.190905450580921
"[0.5213726734686857, 0.7641263766501434, -0.6774484266639721, 0.3710594920508043]",88.42176762045986,5.191093948025111
"[0.44177808477855235, 0.8895438715651018, -0.8328540408592339, 0.5797240015291183]",57.71684713245638,5.192853257504216
"[0.4282061887925019, 0.9935933114353103, -0.753647603855233, 0.5337965615143907]",57.48116440518057,5.192916089985613
"[0.4032130546794126, 1.065892133921977, -0.7323138890197536, 0.4775431957220891]",57.44264216565936,5.192978922467009
"[0.34494319156667375, 1.128320803718885, -0.7367471629454901, 0.41166185181439385]",57.50422814455899,5.193041754948405
"[0.30074598442800476, 0.6244192908661919, -0.9486973095091037, 0.48652422285488833]",60.68595493640286,5.1931045874298025
"[0.29648208172365115, 1.0532637959113054, -0.9400868753038465, 0.5438120325191668]",71.56343805117746,5.194738231946114
"[0.157447272504468, 0.7426011666184945, -0.6503949471243268, 0.4339726976818021]",64.09238994683717,5.19480106442751
"[0.39957605149235725, 1.1183926998786156, -0.7114579999895027, 0.35004273688957244]",57.1632775250092,5.19517805931589
"[0.47181514990390855, 0.9724526745484938, -0.7048709081589933, 0.4821593226846239]",57.05542200524285,5.195240891797287
"[0.38497914481524353, 1.1260538330822707, -0.7148885677398683, 0.3481810927004581]",74.45288245072841,5.195680719167063
"[0.4229487221618198, 0.721656947617892, -0.8348868860655123, 0.5511409032737007]",72.68900313718697,5.1970630337577886
"[0.41925654304137877, 0.9164238057783073, -0.9788538711977898, 0.5655327003580515]",64.25709046192193,5.198131185941531
"[0.10497127375166038, 0.7410377985725249, -0.6980494856784742, 0.4346327798784506]",82.55931706003254,5.198194018422928
"[0.40451430818908013, 1.0842835201779586, -0.7190300877935077, 0.4408280195445424]",89.27997764454275,5.1982568509043245
"[0.21939317488303656, 1.0490794468788482, -1.0504280867326135, 0.46121230589774587]",90.07832878016819,5.1983825158671175
"[0.23146872397486762, 1.1563932842455402, -0.7815746029787978, 0.3621129652019853]",61.47065232460123,5.199136505643877
"[0.3047618689867576, 1.0883454770871406, -0.8487025250290228, 0.5241674095002689]",60.36324076764988,5.199639165495049
"[0.23133016059863235, 0.6557147949247487, -0.8948548169094886, 0.5241043638497924]",73.3910919088336,5.1997019979764465
"[0.19258177131148094, 1.1507044831408135, -0.8134422080976379, 0.3682213562866609]",96.08453650922345,5.200016160383429
"[0.42396797446106554, 0.7099094969770707, -0.8507621543208995, 0.5450036696981231]",74.5345742908919,5.200581652715999
"[0.04105938804602794, 0.750445968210411, -0.7686176295132843, 0.4005130790734655]",92.21669526232549,5.201398474974154
"[0.10193717326321275, 0.7302854057049422, -0.7301715148507874, 0.45456225427966374]",80.38293662193513,5.205796748671918
"[0.2962491629142656, 0.6749842941474786, -0.8300147356661678, 0.549384156336168]",74.38203412533845,5.206048078597504
"[0.40858331523640556, 0.9291640101165993, -1.037833645050232, 0.5338912317207705]",62.325859208107886,5.20648790596728
"[0.18227733057940293, 0.7227813201979081, -0.6895760883669909, 0.4857098401018517]",75.47317071780682,5.207116230781246
"[0.1508711817934833, 1.0963144787168388, -0.9681846041394891, 0.41954511838600617]",74.06960510136555,5.207744555595212
"[0.37929080914153046, 0.7238444749332724, -0.7650066030903064, 0.5515805099029327]",78.59648619788757,5.208058718002195
"[0.5779544991935827, 0.7515792081909446, -0.8776480732692035, 0.3975104007081721]",72.19320168461347,5.208121550483592
"[0.1126273700845659, 0.7848935616966345, -0.624928806195901, 0.3134741377922252]",54.304865835012556,5.209189702667334
"[0.1328732078827439, 0.7677496851178834, -0.6235240028790517, 0.36002990118335976]",54.35678494944589,5.209252535148731
"[0.15717795298368492, 0.7566359501890332, -0.622054837498447, 0.39007870510981113]",54.38518274672527,5.209315367630127
"[0.1828977325577662, 0.7487966494085987, -0.6211378277984239, 0.41213631541597007]",54.405901306063036,5.209378200111525
"[0.20922655538711663, 0.7431414574404477, -0.6212793003073461, 0.42945679710551204]",54.424960833394955,5.209441032592921
"[0.2358316752527569, 0.7391692313176137, -0.6228743025411897, 0.44376188497092933]",54.44594594795091,5.209503865074318
"[0.26252427667938655, 0.7366673240426753, -0.6262827510495007, 0.45615863033061793]",54.47191777510396,5.209566697555714
"[0.28911698554600007, 0.7355917241665849, -0.6319068185392295, 0.46750254702695454]",54.50643731336784,5.209629530037111
"[0.3153284357563341, 0.735993827236925, -0.6403170067474989, 0.47864083425926784]",54.554811980321254,5.209692362518507
"[0.3405969854737825, 0.7379130564493657, -0.6525377008386397, 0.490688520686633]",54.62657502860043,5.209755194999905
"[0.36376403916007294, 0.7410311288075667, -0.6708804063249897, 0.5054969792954395]",54.7418431671136,5.2098180274813
"[0.38288295650687454, 0.7434017785479717, -0.7015255326818305, 0.5259062957550563]",54.94851896145386,5.209880859962697
"[0.3995983765721588, 0.7382439443488426, -0.7611209857090186, 0.5504937625510001]",55.36806416307069,5.209943692444094
"[0.5331942587892462, 0.7398047794482249, -0.7001671652912429, 0.3466887179503218]",54.023813359123146,5.2100065249254905
"[0.5530446239197234, 0.7906210871190651, -0.7080391881815948, 0.372958639056975]",54.290615155299804,5.210069357406887
"[0.5751936742072554, 0.839799043481546, -0.727574476286639, 0.36642258935462796]",54.4787758085269,5.2101321898882835
"[0.5886150887070285, 0.9139628946589303, -0.7499111920998047, 0.330344972963387]",54.68816162596081,5.21019502236968
"[0.1511222688531052, 0.6700654156404776, -0.9124936632730862, 0.4930694307114614]",70.70991191242318,5.214341966141856
"[0.43876836791604906, 0.8863004033969172, -0.9115627315493148, 0.5797474150669947]",57.95021384832118,5.214404798623253
"[0.36420180732124097, 1.0548915522021038, -0.8029927873133584, 0.5371383460753931]",56.572226547125695,5.2154101183255985
"[0.5355996900507534, 0.8877768831228727, -0.6890494202838668, 0.4126905517716305]",76.74261211350716,5.215472950806996
"[0.14595521145269605, 1.1198916432486323, -0.9090036158853715, 0.39987496616436385]",78.94531436820243,5.215724280732582
"[0.46119934307104965, 1.0185141425882542, -0.7018154904295193, 0.4542629595445876]",87.43245705749884,5.217043762841911
"[0.46220579278472135, 0.7056350559507522, -0.8877323366436727, 0.5179289475372949]",96.65334483853343,5.217546422693084
"[0.179719729614733, 1.1467598906194416, -0.8283412384932898, 0.3728059622822525]",73.67785864833577,5.218488909914033
"[0.4914844524914103, 0.9952542076304912, -0.6917270565352956, 0.42749002649933665]",61.46342912094924,5.218551742395429
"[0.5206606823721887, 0.8341348000415625, -0.6796709123332166, 0.4247551849179501]",69.77268870468818,5.219305732172189
"[0.31354381352901306, 1.1241487398128245, -0.7741135253729567, 0.4572930866870699]",72.68923275399541,5.2209393766885
"[0.27087265130723287, 1.1446688206310427, -0.7825992944944024, 0.4206214246927443]",72.8138577947515,5.221002209169897
"[0.5376533152506997, 0.8504101964781862, -0.6883851511633586, 0.40826360283986673]",69.63906862735007,5.2217561989466565
"[0.29147269283546834, 0.7513644225570512, -0.5714429090929734, 0.30113940240781967]",79.94909268404064,5.222133193835036
"[0.5024885011371911, 0.6246614759890469, -0.8460825931142403, 0.3185511608522839]",82.1163509585593,5.223389843462968
"[0.06236808382207264, 0.7194518832991011, -0.8327593720757605, 0.44470883400987654]",89.56247907772946,5.223704005869951
"[0.5443903041787042, 0.6798713933486918, -0.8421716698457467, 0.3710708308612633]",88.50906805418286,5.223766838351348
"[0.5420067669344218, 0.6771036984376606, -0.8461151774830905, 0.37310880176451194]",88.43836797961914,5.223892503314142
"[0.4407484521329759, 1.1101109516878866, -0.72661095810345, 0.26571106793281557]",92.22861655394233,5.224143833239728
"[0.5377861304557706, 0.6851190044623016, -0.8720758006700703, 0.40341191200580667]",81.64528761295911,5.224332330683917
"[0.18543859471001525, 1.1279674716491341, -0.8856111844436682, 0.43371026399166596]",70.56084614850484,5.224772158053693
"[0.20019533337077583, 1.0508436190614925, -1.0560447931908195, 0.44061965534896147]",81.66190696636563,5.22540048286766
"[0.41852687199188765, 0.7148984386953543, -0.8382159099324366, 0.5496770976490938]",81.7970268453365,5.22558898031185
"[0.5028534394988217, 0.8820064787244122, -0.687756144583458, 0.46375334668703244]",73.95667514545897,5.225903142718833
"[0.2041256653326642, 0.7109201178943759, -0.7183978575890855, 0.5120296437892489]",87.96608931918988,5.226594300014195
"[0.16772625442822509, 1.1468729393199333, -0.8104685824569425, 0.3232756873161122]",68.12806940646414,5.2270341273839716
"[0.3842583169015645, 0.9747191096844813, -0.9094072382436985, 0.5814324621815825]",66.99606902033271,5.228039447086317
"[0.2768698081088947, 1.1068430407918535, -0.8521699752149825, 0.5031745235712473]",66.88945895736153,5.228102279567715
"[0.10990093002570342, 0.6825305631928694, -0.9283332695744936, 0.4622027032199849]",76.04590383833006,5.228227944530507
"[0.06391241682943828, 0.7140503660291773, -0.8568682312648722, 0.44519775192273514]",79.38681234536841,5.229861589046819
"[0.3247969071083891, 0.7116182858014737, -0.7397268266191552, 0.5441151874015133]",80.03055900127853,5.230050086491008
"[0.21505620256934604, 0.7521394794386562, -0.5981934126501718, 0.3898920020859484]",93.10055601376743,5.230427081379388
"[0.12714188666146153, 0.7237340342686992, -0.724144517655275, 0.4724617434841047]",86.11028121978399,5.230804076267768
"[0.2622045340633794, 0.6891817080950151, -0.7835385182978797, 0.5459547189468753]",92.75103227097216,5.231306736118941
"[0.2275731434555282, 0.6928057428137787, -0.7731998264801228, 0.5369234300410427]",93.23601006578195,5.237589984258602
"[0.42359495340902165, 1.0038228347582978, -0.75334139953268, 0.530300826517441]",98.75308808202546,5.237715649221395
"[0.030799974512364908, 0.7350586732274828, -0.9481910416578201, 0.36023179988625775]",84.14729684874608,5.238406806516758
"[0.34524588502516645, 1.103660948338886, -0.7647983258380582, 0.4767349330014954]",85.52973501585522,5.238720968923741
"[0.05553689503009136, 0.7953264224871118, -0.6785431960458038, 0.30947977496771023]",73.63605288603374,5.239097963812121
"[0.4577870662287631, 0.6317919733168497, -0.9131366484187924, 0.4342329036090118]",71.71248673642731,5.239349293737707
"[0.42438576882914, 0.9173587731808569, -1.053958613915306, 0.5158105053724267]",68.7320846511843,5.239474958700501
"[0.4464872539438873, 1.0697010339797839, -0.7003355119413684, 0.3980029685139199]",68.95619826169484,5.239914786070276
"[0.3437927445352976, 0.7445192418587903, -0.5843568104301566, 0.3630971604589631]",85.44885990102995,5.24004045103307
"[0.4258113384970786, 0.9518859566020358, -0.802604377077028, 0.5697725819033691]",73.24897216166141,5.240166115995863
"[0.3429385884390518, 0.9802626805633592, -1.0652318353495949, 0.5131265348098992]",98.85994184903626,5.240605943365639
"[0.3271880531464142, 0.7366386409549113, -0.6456910077596616, 0.4843166549691018]",66.45462588166056,5.240857273291225
"[0.361156101245089, 1.0759841705378628, -0.778653761801669, 0.5110531774722151]",69.48361973571177,5.241171435698209
"[0.502287103948269, 0.6328832671521998, -0.8760839758513541, 0.36799630012545603]",95.40863663876033,5.241359933142399
"[0.42050008604599926, 0.9729057911898608, -0.7911347730904628, 0.5616251239564612]",98.38658648443024,5.242805080214521
"[0.13588350583521844, 0.6843648232014165, -0.8642493229383041, 0.5001550782321679]",79.56351072705867,5.2441873948052455
"[0.45037307549042177, 0.87089770832784, -0.798065918198399, 0.5697141211261837]",94.47539146754136,5.246323699172731
"[0.4781127677946683, 0.6546567204562473, -0.9039271700905877, 0.4488710105007104]",76.48768647677643,5.247014856468094
"[0.5565990895771569, 0.6996859291679182, -0.8378561707531599, 0.37546244577870275]",94.5046441718631,5.2480201761704395
"[0.3336585983391491, 1.1102383683491026, -0.7704550566331297, 0.4734745959550284]",78.69629185086079,5.248648500984405
"[0.47730173257524183, 1.0838275830146744, -0.7213950388272488, 0.285565185116262]",76.47091948598595,5.248836998428596
"[0.37808051872154785, 1.057307129950915, -0.7755558695374776, 0.5216528754699644]",70.2401351795942,5.249276825798371
"[0.2412537541273399, 1.1573664772867016, -0.772909134978864, 0.3547596381484224]",91.9864747844097,5.249653820686751
"[0.17319041810065466, 0.7500794153732402, -0.624084654705608, 0.4092727397159821]",73.74909967567604,5.249716653168148
"[0.5579109330844172, 0.8002086184890331, -0.7119839835899551, 0.3736297645885844]",60.30030825172717,5.25135029768446
"[0.3631767236172778, 0.7408529501301706, -0.6707770572288475, 0.5054717537922524]",60.709188839716035,5.251413130165856
"[0.2552836341456816, 0.7371064341619255, -0.6254757277788958, 0.4533499242578235]",60.43437868042136,5.251475962647253
"[0.14415526578281027, 0.7617591472429119, -0.6230762190066623, 0.37626703206106765]",60.34234006555134,5.251538795128649
"[0.39347281934530937, 0.6630179882418145, -0.886875710514933, 0.5227466856938306]",88.2446820910293,5.252292784905409
"[0.5922037369280587, 0.8110778283158411, -0.7736288552021928, 0.35532285138611186]",80.46346513276463,5.253926429421721
"[0.4274761718865009, 0.9932414759085846, -0.7552798303264099, 0.5351623153354301]",71.82913971931916,5.254240591828704
"[0.1913926611726083, 0.7372546347608877, -0.6442613762045695, 0.44981071747197093]",78.43559722901954,5.254806084161273
"[0.08300442662220144, 0.7609158899315108, -0.6812580769835881, 0.3878973616151682]",81.58364468608833,5.255371576493842
"[0.37083287970703566, 0.970068260579078, -0.9892531656311728, 0.5626265519947764]",62.61349606954056,5.256251231233395
"[0.27755769546652065, 1.070200253215526, -0.9317844085533793, 0.5312676525561517]",62.47081037328565,5.256314063714792
"[0.1633725810689885, 1.0999140007441723, -0.9600186400789288, 0.4333954427233012]",62.587713187083324,5.256376896196189
"[0.04324591748116078, 0.7236415038820906, -0.8776779393348786, 0.4169118666934665]",67.57921490799396,5.256565393640378
"[0.3516247860725231, 0.6197565427103573, -0.9416529054529503, 0.47597445985033304]",82.75794810126047,5.257068053491551
"[0.5519266753948963, 0.7059053277588501, -0.769723150471691, 0.34025403687733463]",67.16079082273387,5.257445048379931
"[0.08088830552421947, 0.7615777221713, -0.6826572917929596, 0.3863532434496287]",67.84586770745467,5.257507880861327
"[0.22156802722074795, 0.6243936023419763, -1.0250202250750675, 0.4009115701016781]",75.96707428286392,5.258324703119483
"[0.3490930564871895, 1.0280357877136714, -0.8844611759501295, 0.5664631862162276]",76.90557993799277,5.2584503680822765
"[0.37045793013592393, 0.9623188280793936, -1.0422613191598313, 0.5338892016539262]",85.91893799713753,5.258513200563674
"[0.4375731054841784, 1.0707423344622682, -0.7031901017574631, 0.4124690328716018]",70.05733537071029,5.258701698007863
"[0.31064542811007173, 0.7363384689549516, -0.6361972493477216, 0.47391662721861094]",85.08844434774356,5.259455687784622
"[0.1607776368340833, 0.6850261335964428, -0.8338862691222536, 0.5163873235868355]",74.46627433957327,5.259518520266019
"[0.4770708272949577, 0.6254299959028842, -0.9020778612110175, 0.3972624909247768]",72.71510757868634,5.259581352747415
"[0.12225658772118744, 0.6792281581713174, -0.9164598240247523, 0.47598419723900504]",82.02111783976925,5.259832682673002
"[0.5201797541523009, 0.921215870412893, -0.6874306677841379, 0.4287587221424548]",83.22998506911209,5.260586672449762
"[0.2692512320691099, 1.091573112528288, -0.8952430634237071, 0.5175524596880938]",85.31743509261467,5.260649504931158
"[0.44373015347194456, 1.0167565489607306, -0.7171365004783178, 0.4856175081426217]",76.6671048261652,5.260712337412555
"[0.5618835659313751, 0.7258817585604044, -0.7699055977035054, 0.3503759811552196]",91.75100386702994,5.2610893323009345
"[0.16705161686366246, 0.713030244112911, -0.7282287424162351, 0.4998231434401123]",80.92437865202153,5.261403494707917
"[0.09090446277695508, 0.7124615579459233, -0.8060106565205791, 0.47057383057063334]",87.11969385549847,5.26247164689166
"[0.17679009298477474, 0.7038195871440601, -0.7535751064569407, 0.5141577047231325]",87.26514573014114,5.2625344793730555
"[0.3720117598709258, 0.7369500075442385, -0.7077048689015304, 0.5304093243775458]",98.55229237721942,5.263351301631213
"[0.06190949589249498, 0.7323982890949611, -0.7816992919424093, 0.435446716221557]",92.92025012183042,5.2805045690524866
"[0.2498835908978777, 0.6958940341537114, -0.7614628988263933, 0.5400215514556512]",86.86677238693952,5.281635553717626
"[0.17888306185475902, 0.6925340215535238, -0.7922194680490974, 0.5231235340257826]",86.70714435209575,5.2816983861990225
"[0.30838603713431395, 1.0456283467235519, -0.9356750883894728, 0.5506419332498294]",99.33227480390578,5.281761218680418
"[0.07996666186476538, 0.7417137944371126, -0.7258750154067977, 0.42841270392036035]",80.21298905483972,5.283017868308351
"[0.1787087373444139, 0.6596459340624061, -0.9239343488842623, 0.498349434478867]",84.33587437887364,5.283080700789748
"[0.1367752793738784, 0.6718224317081117, -0.9299455211699555, 0.4776432233626297]",84.07618440780263,5.283206365752541
"[0.046169850045259093, 0.7281778753143179, -0.8367369234806427, 0.4253415285933799]",80.06437265247021,5.2832691982339375
"[0.44985466248492, 0.8569613910952587, -0.8361539570691571, 0.57671125831205]",76.42477490407572,5.283897523047903
"[0.4590081562984537, 0.9906607042461097, -0.7118003253381056, 0.4881410994111072]",75.89931063362368,5.2839603555293
"[0.052199245654585176, 0.7748562793133036, -0.7014964342443578, 0.35668505156639946]",73.65020675906936,5.284965675231646
"[0.06354855815372659, 0.7061675572490198, -0.9507914962838871, 0.4065405749573902]",77.65734663808193,5.285028507713043
"[0.45063498386469114, 0.6135914495467569, -0.9184882204185483, 0.4040857975654107]",71.81263473944766,5.285405502601422
"[0.26566397066576725, 0.6730718708931391, -0.8325173151715751, 0.5459007507752545]",73.98098870025706,5.285468335082819
"[0.2124441303365958, 1.05400285782872, -1.0436098655531172, 0.4595688108523845]",68.70089184987322,5.285719665008405
"[0.3867853725214743, 0.974039504379924, -0.9011434983310895, 0.5820779548711164]",72.52361652618167,5.287039147117734
"[0.12167216541128599, 1.085001246367536, -0.9821683496520893, 0.3822166643759586]",88.53924802029657,5.2871019795991305
"[0.2161955540780217, 0.7255067236744612, -0.6686972756180878, 0.4851834906740399]",67.01084230603846,5.288107299301476
"[0.5944972198246721, 0.9389744745959797, -0.7768781116571869, 0.30160651475303374]",67.1212123424448,5.288170131782873
"[0.41397309869831594, 0.954056483812214, -0.8408707232905154, 0.5804066756899634]",78.55070138835251,5.28860995915265
"[0.3648094321588628, 0.610374902884092, -0.9501992255070241, 0.4528310394823682]",64.1885883152014,5.289489613892202
"[0.170695308438728, 0.673881977618602, -0.870531254173586, 0.5152693611124625]",66.65290612774744,5.289615278854995
"[0.2090353542186376, 1.1303779407555754, -0.8676293041657317, 0.4477856451701834]",61.138920689104566,5.289803776299185
"[0.27764966571547417, 1.1064653813634053, -0.8519146287259403, 0.5036908583281173]",61.063383919666016,5.2898666087805815
"[0.3271236791415381, 1.0636260001971596, -0.8581795565983381, 0.5452687363059069]",61.05708071225216,5.289929441261978
"[0.3680615158325551, 1.0041072462044085, -0.8876750948914708, 0.5753766978730266]",61.1173661746388,5.289992273743374
"[0.4228076557784489, 0.911915486091419, -0.9735075016930885, 0.5669456473839134]",61.36201268117713,5.290055106224772
"[0.2963397049482787, 0.7140083199072357, -0.7137137710807459, 0.5316863720479473]",80.16176335922837,5.290809096001531
"[0.22414602336727968, 1.116391863947126, -0.8898923045970601, 0.47604880260941596]",83.68754329058203,5.291500253296893
"[0.43285277258320554, 0.9162587716615472, -0.8315685750628592, 0.5804273105871296]",62.144481374364055,5.2922542430736526
"[0.38510024865726555, 1.073370186045928, -0.747794904497382, 0.48917620882590085]",61.941199601899314,5.292317075555049
"[0.5650275839387956, 0.74631291882779, -0.8992891826221721, 0.4196779917716828]",66.61585263224862,5.2923799080364455
"[0.3536126114199647, 1.0848691137413609, -0.7781277780407339, 0.5037329769518032]",89.67405000990036,5.293322395257395
"[0.35251510885968773, 0.7439706654383348, -0.6279552192641369, 0.46021045980580777]",99.55626036118264,5.293636557664378
"[0.45070991329884363, 0.7808683221710357, -0.6612444920958795, 0.46762926860350457]",82.37753535368553,5.294013552552758
"[0.47855369762829125, 0.9703357341472224, -0.6999133726419818, 0.472176436113074]",61.313420127323944,5.294139217515551
"[0.222306056832373, 1.1114083096295682, -0.9031678660345674, 0.4799203107269014]",70.29295835061254,5.294264882478345
"[0.3941038475053749, 0.5972357955215376, -0.9508775885636307, 0.40815137129393014]",80.91284993315861,5.294327714959741
"[0.36414595130594585, 1.0775541245950915, -0.772156185636507, 0.5057412624817431]",70.56263543198122,5.2951445372178965
"[0.28256336063084936, 0.609373084097331, -0.993242665386431, 0.4328206262491881]",75.86625546688674,5.295521532106276
"[0.30067343959557324, 1.0838850837122944, -0.8641628166529817, 0.5292013025923319]",83.57391370693102,5.295647197069069
"[0.19454604302031386, 0.7091293680017131, -0.7276027797166871, 0.5123729598117184]",87.63439797294278,5.295772862031863
"[0.3268960717267245, 0.6069735033334317, -0.9694106049646992, 0.4465612990366467]",86.24586772491759,5.296526851808622
"[0.37036010960931376, 0.995016844329329, -0.903161501854369, 0.5775456241090138]",64.71935674294879,5.297343674066778
"[0.5621185936944434, 0.8039198310205173, -0.7168316706828427, 0.37195811750263674]",97.43905187611166,5.297971998880744
"[0.3868459260931688, 0.7509316068468928, -0.6289354405279598, 0.4516560330173508]",87.83142075802944,5.298286161287727
"[0.6057920745512018, 0.8739341963164176, -0.7912232916275571, 0.3288669735030919]",77.16817038163452,5.29841182625052
"[0.3455725987182003, 0.7450081543613306, -0.6033520182532165, 0.4195016992418922]",94.32271590096843,5.299102983545883
"[0.3690558005629173, 0.6851098369538006, -0.8401414704686436, 0.5486581510489021]",84.66044315096728,5.29916581602728
"[0.526624794910167, 0.6561245480113389, -0.8543236906860028, 0.36667760484755363]",82.56112054857878,5.299291480990073
"[0.5432102512617576, 0.6772015442554535, -0.8388790118065227, 0.3667637413297957]",82.7102353770273,5.299354313471469
"[0.5383256622205643, 0.6705657654309362, -0.8438591436422365, 0.3671197840666634]",82.67314387190594,5.299417145952867
"[0.025440723671848145, 0.7447051642537317, -0.8337462657952103, 0.3941098321805175]",83.6852870551139,5.299605643397056
"[0.2879847484763582, 1.1055968517349435, -0.839682441218246, 0.5043702605100817]",82.7761691932039,5.3000454707668325
"[0.20082260624466292, 0.7689278428088637, -0.5821061056274401, 0.3112134006675095]",81.1408838864936,5.301050790469178
"[0.4104885874723264, 1.0912142963604188, -0.711647525225197, 0.4151073642749397]",95.5712623603337,5.3012392879133685
"[0.3166248429047326, 0.7224110737216998, -0.6965134844714188, 0.5244198030696922]",96.68775575556435,5.3014906178389545
"[0.11539828469478554, 0.805003342651296, -0.6224678448367253, 0.2463508598310672]",63.14466823908116,5.301993277690127
"[0.2855131013702761, 0.7531462989875477, -0.5727229766094368, 0.2680293309172707]",74.11244462482074,5.30268443498549
"[0.36503425823068314, 0.7350081225285512, -0.5857852324347425, 0.2916057382341762]",86.1369999310958,5.302872932429679
"[0.5033281086638594, 0.8207062637291777, -0.673781470631486, 0.44016463868505684]",63.87363950455393,5.303312759799456
"[0.5558208913091259, 0.8787776366101209, -0.701777511187075, 0.38611435365315144]",63.888337901517275,5.303375592280853
"[0.5425433710204547, 1.0249252975146195, -0.7408499796999639, 0.2840422385077504]",64.18902157443297,5.303438424762249
"[0.2722893592942505, 0.6196787020582231, -0.9758590730243479, 0.46273287326655804]",69.92621706592695,5.304820739352975
"[0.3443845887531866, 1.0989577431014674, -0.7720863729108063, 0.4869438205986757]",66.8770420251785,5.304883571834371
"[0.5016359106842714, 0.8821608609649334, -0.6882961573395215, 0.4658159265638397]",64.55388519426275,5.3067685462762695
"[0.5247463815659137, 1.0154003000783554, -0.7064099296311622, 0.341220198216855]",64.57159405133339,5.306831378757666
"[0.49570073587101904, 0.9795306370995613, -0.6910735311930988, 0.4349430482330768]",64.27822995147444,5.308590688236771
"[0.453498016571659, 0.9778319912026521, -0.7233429439649343, 0.5087567042715415]",98.00836341153848,5.309281845532134
"[0.4920424808903654, 1.0689979740152353, -0.7179781046660919, 0.2980459040093188]",64.77182820002197,5.3099101703461
"[0.5541028230288083, 0.876072444593102, -0.700261018791364, 0.3886170467102518]",63.99860331138493,5.31028716523448
"[0.43706020114913163, 0.6225353253857884, -0.9224400150175075, 0.43691046206115863]",68.90562274990599,5.3104756626786696
"[0.192783536918913, 0.6851433573812191, -0.811305976187925, 0.5297653141291654]",84.05106712944237,5.3106013276414625
"[0.3073454523272069, 0.653098099495555, -0.8849668182630556, 0.5329146415232958]",88.2666137261053,5.311292484936825
"[0.3944428650694866, 0.7536797063779956, -0.6582349490229362, 0.4878353439098479]",55.31014673964346,5.3121721396763775
"[0.6085950252445501, 0.8721987484513956, -0.8026114764279538, 0.3266397077154585]",76.77856147875384,5.312234972157775
"[0.34554542947959643, 0.7431104219472371, -0.5807023750578524, 0.3375271950959177]",98.45071568543968,5.312863296971741
"[0.506806198055532, 0.7120369556220905, -0.683464104472514, 0.3137886283549154]",75.90870877447786,5.315188098783415
"[0.4826073901615599, 0.8081751963359305, -0.6714964561701923, 0.45958190090559287]",69.60054134060833,5.316507580892744
"[0.24076708583585718, 0.7207808596466833, -0.6796338621939834, 0.5016275712827205]",64.30544171542226,5.3169474082625205
"[0.4903630057768173, 0.9693393370059503, -0.6932866949398621, 0.4524778531480219]",49.30517152067279,5.317198738188107
"[0.38283664516005156, 1.1341309315001054, -0.7202496999060435, 0.29736174571160096]",49.5504752668832,5.317261570669503
"[0.06387325532080038, 0.7546254457634876, -0.7183648529361079, 0.40015274096748343]",70.12146058487744,5.317827063002073
"[0.11863718549527409, 0.7084413052878541, -0.7842274138756085, 0.4886368740803534]",82.9361416660396,5.317952727964866
"[0.505070817289187, 0.6552057116347518, -0.8898720636280261, 0.41372050875967664]",62.318093393353195,5.320780189627714
"[0.34778206622173063, 1.1196541114209044, -0.7430634997755694, 0.4351655391464901]",63.63176747150902,5.321345681960283
"[0.202778783217797, 1.1477003508300805, -0.8232171054489332, 0.39682307993366966]",50.95135791067121,5.321471346923076
"[0.38672057619118605, 1.0109404144698704, -0.8231594388746442, 0.5638971208548176]",50.82484204718817,5.321534179404472
"[0.4104492810576608, 0.9653633340503529, -0.8323576452857653, 0.5771270718677812]",51.93828803855455,5.324298808585923
"[0.35418495175436104, 1.084961982252041, -0.7771695121447788, 0.503065004698528]",51.842330152395725,5.324361641067321
"[0.19677720867472318, 1.1506268312127093, -0.8139568432301861, 0.3750729502458713]",52.07207132194778,5.324424473548717
"[0.14139083387337847, 0.6640574723738899, -1.0358886621724293, 0.37210104404359484]",54.51699876462325,5.324487306030114
"[0.27155017786302954, 0.6977133350910248, -0.758128159365564, 0.5433512683331027]",78.65533597697213,5.325492625732459
"[0.18967062430206016, 0.6893110769770167, -0.7979106646767224, 0.527947050595943]",78.63860503864298,5.328508584839496
"[0.21603130383551658, 0.6309705021425893, -1.0015692034162516, 0.43901917011674235]",55.00402536362227,5.3290740771720655
"[0.38365659155515697, 1.0481054555757496, -0.7774238598976931, 0.5280311291248162]",52.13599061327837,5.329136909653463
"[0.5236506529291274, 0.8665509855276933, -0.6840285340567617, 0.4298354674868664]",59.37827311716611,5.329451072060445
"[0.3907314595311586, 0.9921420313575691, -0.8453602362765572, 0.5746549641874278]",51.38557845407121,5.329890899430222
"[0.41489844107390755, 0.9569412378482807, -0.8319103015506051, 0.5781525106031546]",69.12122390803596,5.3301422293558085
"[0.45695453654714335, 0.6983835659366178, -0.8876674005714786, 0.5163171552035253]",98.74073776549243,5.330330726799998
"[0.5763000718840477, 0.9780441842865749, -0.7610428275484092, 0.29058077611845035]",49.093991418435266,5.335231660348934
"[0.588560420502814, 0.9217516677867914, -0.7520980661252493, 0.3254564128162085]",48.9475337557324,5.3352944928303305
"[0.5870823805043949, 0.8848487886834857, -0.7431026188414637, 0.3460366802314823]",48.85004494534168,5.335357325311727
"[0.5810422948991442, 0.8563864671730684, -0.7342314342095718, 0.3596042696668946]",48.769112635822175,5.3354201577931235
"[0.5730233844248509, 0.832883876701077, -0.7256458499523094, 0.3682162121909104]",48.69478207044667,5.33548299027452
"[0.5642174523249756, 0.8124943290625627, -0.7175376549339916, 0.37262885354559205]",48.62138619947936,5.335545822755917
"[0.5553326421995409, 0.7938655344308101, -0.7102084036312951, 0.3729332403334985]",48.54406812835592,5.335608655237313
"[0.5468508528819199, 0.7756018659684996, -0.7042240943715126, 0.368619068141304]",48.45700808843788,5.3356714877187095
"[0.5390223614918797, 0.7556577795167334, -0.7008261312687825, 0.358279486791202]",48.3512561822427,5.335734320200107
"[0.5312997831663824, 0.7299633498582708, -0.7032438300323182, 0.3385964640266512]",48.20999882873096,5.335797152681503
"[0.5190669097309719, 0.6903110411354748, -0.7206710672291697, 0.30250373009094944]",48.00509052837968,5.3358599851629
"[0.40201242148857064, 0.7362937305267181, -0.7716641661770628, 0.5527036122674013]",49.684936047376226,5.335922817644296
"[0.3939074231563905, 0.7406898242481073, -0.7402994855872276, 0.5442649829015336]",49.4591127868343,5.335985650125693
"[0.38744508031683067, 0.7426193341840348, -0.7168706420464237, 0.5342587393568046]",49.294747741704384,5.336048482607089
"[0.38086189374642276, 0.742870853704674, -0.6991609061298156, 0.5246119995834215]",49.1722366009837,5.336111315088487
"[0.3735756492981242, 0.7421561951844363, -0.6854855738104072, 0.5159824362861859]",49.07914450781668,5.336174147569883
"[0.3655064179933832, 0.7409855515483595, -0.6746489504866956, 0.508444231576775]",49.00703073544421,5.336236980051279
"[0.3567549470398067, 0.7396815906446293, -0.6658384857836982, 0.5018447788008553]",48.95004274432498,5.336299812532676
"[0.3474625992928576, 0.7384323924740124, -0.6585170454247519, 0.4959785864424223]",48.904133674159276,5.336362645014073
"[0.3377614600098996, 0.7373411911494783, -0.6523321013936019, 0.49065575802931405]",48.866505214212836,5.336425477495469
"[0.3277550495360016, 0.7364604572904537, -0.6470464462950172, 0.485716983720147]",48.83518332323317,5.3364883099768665
"[0.3175290142026006, 0.7358145735845837, -0.6425012749414243, 0.48103822023186416]",48.80877951418721,5.336551142458262
"[0.3071377150542496, 0.7354114535368274, -0.6385805981276272, 0.47651603157859057]",48.786257212001466,5.336613974939659
"[0.2966319020611714, 0.7352514993937241, -0.6352045281618834, 0.47207139571561313]",48.76686991215946,5.336676807421056
"[0.28604223163289616, 0.7353310332924765, -0.6323103427621056, 0.4676348188033934]",48.75003247397077,5.3367396399024525
"[0.2753958551555602, 0.7356453664349802, -0.6298506209868294, 0.463147644444318]",48.73529548401365,5.336802472383849
"[0.2647102483531813, 0.7361904157782242, -0.6277863043040283, 0.4585548510670488]",48.72229356873414,5.3368653048652455
"[0.25400394588385095, 0.7369634234441509, -0.6260856798364945, 0.4538060372942838]",48.71073146605647,5.336928137346642
"[0.24328493196402337, 0.7379645271005443, -0.6247200198516306, 0.44884731977987663]",48.700350210317495,5.336990969828039
"[0.23256783023072972, 0.7391962301633158, -0.6236646242984155, 0.44362630596697084]",48.69093040717862,5.337053802309436
"[0.22186022223690677, 0.740665334676007, -0.622895667493042, 0.438083161664045]",48.682266118114654,5.337116634790832
"[0.21117587558263287, 0.7423823174872888, -0.6223905608326399, 0.4321541729657245]",48.67416637701072,5.337179467272229
"[0.20052518078666698, 0.7443636961120422, -0.6221263252769685, 0.42576338390770896]",48.666437154189566,5.337242299753625
"[0.18992233311673437, 0.7466326139024906, -0.6220793384722983, 0.4188216571020015]",48.65887642602919,5.337305132235022
"[0.17939139225955578, 0.7492194154692023, -0.6222243445937431, 0.4112248550015003]",48.651265240881166,5.337367964716419
"[0.1689538755026546, 0.7521678131026386, -0.6225337690976004, 0.4028357240257122]",48.643341161361896,5.337430797197815
"[0.15865280902998696, 0.7555337873175945, -0.6229765262926333, 0.3934869907816256]",48.63478999267909,5.337493629679211
"[0.14853888247725047, 0.7593975944649033, -0.6235176171749642, 0.3829458473478328]",48.62519287848479,5.337556462160609
"[0.13870063219950785, 0.763868045805262, -0.6241165519137547, 0.37089778236646687]",48.61397796154313,5.337619294642005
"[0.12927505522153931, 0.7691042655199409, -0.6247278022554218, 0.3568748950262545]",48.60029052110561,5.337682127123402
"[0.1205011230817183, 0.775347963351755, -0.6253037331294566, 0.34013517483113453]",48.58274558333483,5.337744959604798
"[0.11283724099528582, 0.783001766787981, -0.6258112886014784, 0.319348286965289]",48.55879493826603,5.337807792086195
"[0.10735828875537216, 0.7928271108771396, -0.6263137494047636, 0.2916631085674703]",48.52276518756635,5.337870624567591
"[0.10786930526560261, 0.8068509509731087, -0.6276172650286024, 0.2476001941765489]",48.454969404194394,5.3379334570489885
"[0.3362680071411652, 0.711840079947752, -0.7486954138121333, 0.5472755366478514]",73.99040321222583,5.338750279307144
"[0.5245283012832858, 0.6510185835920025, -0.8477293264952253, 0.354994206507653]",78.75278099665552,5.33900160923273
"[0.25848005478556785, 0.6892284275081834, -0.7831258089670263, 0.5452479979695382]",86.66924758053703,5.339127274195524
"[0.38932011826347973, 0.9984350485575184, -0.8377488802760833, 0.5714590957451]",96.88289458833226,5.33919010667692
"[0.23061396881430823, 0.6931944616863311, -0.7714384189733637, 0.5374201896093191]",87.14738731938894,5.340132593897869
"[0.37444348517059783, 0.7018247830619525, -0.8115404872973673, 0.5540230649870206]",81.5302891506838,5.340195426379266
"[0.27155301935660864, 1.1099298526499588, -0.8526604085001229, 0.49880333502467405]",72.63156390584491,5.340949416156025
"[0.3642892544911448, 0.6264011519519695, -0.9304972069168198, 0.48517693239591325]",71.02174158104589,5.341954735858371
"[0.34678051601910875, 1.033265753812829, -0.8786464984262955, 0.5639752954604096]",73.89454562005744,5.3420175683397675
"[0.19672399229615486, 1.08008650238207, -0.9941617512240017, 0.46459947984359606]",79.40832168566845,5.342143233302561
"[0.5784682826425771, 0.8717453513957648, -0.728734334021993, 0.3597817691683751]",96.26967828064868,5.342457395709544
"[0.17223317584132652, 0.7507085666993201, -0.6233911620437356, 0.40726737837760585]",54.222724052556075,5.342960055560717
"[0.41602129064261, 0.9974348383073681, -0.773889823653534, 0.5465393589468601]",61.10022874561425,5.34365121285608
"[0.27863413814686144, 1.0682223058193503, -0.9347653690700172, 0.5322385194736119]",56.28424100121627,5.344405202632839
"[0.4202748234604465, 0.9439408210345628, -0.835471598211769, 0.5802313679111]",65.04860312112724,5.344593700077029
"[0.05973460070344192, 0.7836354271663786, -0.6811100416185227, 0.33592684913528]",61.58231597451066,5.344782197521218
"[0.46358848141137315, 0.9909274645514506, -0.7073382105054674, 0.4801573164068558]",63.829944973694325,5.345159192409598
"[0.31442672008041533, 0.9936536940602594, -1.0887253995569084, 0.48414016713344793]",63.37053534001312,5.345347689853788
"[0.04252112131595683, 0.7843382372536926, -0.7057669242251763, 0.3367294648087749]",68.1248764252746,5.345536187297978
"[0.43317751694181106, 0.695112023043127, -0.8739752449151789, 0.5301937559769687]",76.03743346120253,5.345976014667754
"[0.1826054921595441, 0.6942175285709593, -0.784069948163719, 0.5235707647200899]",81.05254088496756,5.346353009556134
"[0.46256321767580066, 0.9078869329885656, -0.7357459517750028, 0.534196663118216]",99.98626070225825,5.355840714247021
"[0.022871892963700284, 0.757964461499583, -0.7941972153451708, 0.3797719022495886]",86.4177561371307,5.356154876654005
"[0.2705774261678778, 0.6890559654038257, -0.7849132279013079, 0.5474609968294954]",80.53185871608203,5.356594704023781
"[0.5833645770768049, 0.9068367009695875, -0.7383078319792676, 0.34155931101859305]",91.45727126523452,5.35678320146797
"[0.4789627745555613, 0.6087438172874573, -0.8842601796598276, 0.3380263529903398]",72.36385028456601,5.357160196356351
"[0.13831215167301275, 0.693246674842716, -0.8224064592752622, 0.5051875683577758]",73.82033321607689,5.357223028837748
"[0.5000937073149194, 0.6477484124837954, -0.8908926434972428, 0.4081632273500368]",65.66111028727727,5.3581026835773
"[0.20507436554550626, 1.0555364873873427, -1.0440973180137634, 0.45285635897066556]",62.3149147089817,5.358228348540092
"[0.4612236114525201, 0.8636731828959369, -0.7456524172825556, 0.5439503193023454]",98.5167048212497,5.3587938408726625
"[0.2977907390243215, 0.721877107892979, -0.6869029741289279, 0.5170980035648051]",60.770951302892854,5.359233668242439
"[0.30705755298359405, 0.663342721539304, -0.8611608815301551, 0.5425824760510105]",60.67814684393546,5.359861993056405
"[0.1097837747650591, 1.1054718901582115, -0.9225981844163039, 0.35729474942962786]",54.96503657338263,5.359924825537802
"[0.3043012407238866, 1.0887980730423819, -0.8485475183165558, 0.5237149093813366]",54.64031081012902,5.359987658019198
"[0.406142506343392, 0.9368102804899494, -0.9403325162925366, 0.5796457090813977]",54.854854398069506,5.360050490500594
"[0.3536925567436423, 1.109633451679169, -0.7477962908089814, 0.4542533798536878]",55.55400366100815,5.361055810202941
"[0.421215692568941, 1.0981054821981344, -0.705955544087403, 0.37631011135555137]",86.21203663295259,5.361495637572717
"[0.45239361722792043, 0.8576062833938395, -0.907873138842099, 0.5737774112496914]",82.17227682615098,5.36162130253551
"[0.46566221007962394, 1.093890873442583, -0.7244999554106654, 0.27542547352214963]",61.95241497365805,5.362186794868079
"[0.18394152906767755, 1.1105674107398382, -0.9297412694198443, 0.4505653566575268]",83.21670159337367,5.362500957275063
"[0.35168222425976225, 1.0100493493960574, -0.9212134149552805, 0.5711832115176623]",75.12119014260084,5.363506276977408
"[0.16317596703195897, 0.7211350204602216, -0.7049693914399439, 0.4853292251918507]",71.20974041320687,5.364323099235564
"[0.30664908239152067, 1.082786087662968, -0.8566035502392412, 0.5299604842220593]",69.16678296389173,5.36513992149372
"[0.5042371148236664, 0.8234227097058133, -0.6746350218732485, 0.44086139676162905]",57.5000904639483,5.3653912514193065
"[0.4198749141074802, 0.937967983837495, -0.8498796837112397, 0.5831847203970443]",60.63987651782143,5.365831078789083
"[0.3854956829447726, 1.0928785301433528, -0.7303865509909516, 0.45109681952927044]",91.07681360838215,5.366396571121652
"[0.4611896028770144, 0.8959075697732678, -0.7421954957020517, 0.540397840973008]",51.49031485294666,5.369161200303103
"[0.47174551438368756, 0.9811708731670056, -0.7029478577936428, 0.47507345076673274]",51.34512411857824,5.3692240327845
"[0.45654805677285243, 1.0510416458712752, -0.6985539839094199, 0.4149565988090931]",51.34962992755196,5.369286865265897
"[0.39111888997744476, 1.1239614569444616, -0.7135990410294597, 0.3439607132198283]",51.47638561365168,5.3693496977472925
"[0.46719169041968117, 1.0623752466056673, -0.6981036682154345, 0.37277340587190294]",58.84542660612097,5.369601027672879
"[0.3369122851271248, 0.7289581697685316, -0.6895807549159136, 0.5207200544843729]",58.716140985145486,5.370103687524052
"[0.05627744189962405, 0.7462608332163354, -0.7502289750341324, 0.41334438406160184]",90.46417112417235,5.37180016452176
"[0.34392676016946944, 1.0025199853884539, -0.9670006896137008, 0.5631419019948339]",65.93679453719018,5.3718629970031575
"[0.12053041362292032, 0.7544723777883502, -0.6542836621083983, 0.4025281658314077]",58.37691773771561,5.372051494447347
"[0.352851984766369, 0.6276629341437828, -0.9301009387493239, 0.49048445236297966]",55.187966981694146,5.37349664151947
"[0.3577929400140371, 1.1193562219292137, -0.7340553532406576, 0.42274925018959497]",51.789264474412775,5.373622306482262
"[0.38881874203555333, 1.0881217452006733, -0.7307656978506163, 0.45649044106093944]",51.754070315616325,5.373685138963659
"[0.4090891273835974, 1.054827457242077, -0.7337328646277606, 0.4869546227841337]",51.74545600373831,5.373747971445056
"[0.4223946471267133, 1.0190055027799152, -0.7430321392708581, 0.5156137670705526]",51.76022082832675,5.373810803926452
"[0.4308588907102794, 0.9790158321636242, -0.7607873850602648, 0.5429692845438994]",51.803431942171734,5.373873636407849
"[0.43661949313860826, 0.9306009309204485, -0.7935582800618445, 0.56816717056536]",51.8964785674447,5.373936468889245
"[0.4524360648662409, 0.8514282142385766, -0.8807831121081521, 0.5762831486545835]",52.19541536619437,5.373999301370642
"[0.33529393525446577, 0.7442013033152053, -0.6048085721028753, 0.4252157878438662]",88.44343355758637,5.375255950998574
"[0.05417527285543678, 0.7243009388627256, -0.8314754108507052, 0.43524303144796067]",84.09831578132304,5.37607277325673
"[0.4041835350496729, 0.9759759619316473, -0.8339499092820967, 0.5757314426033083]",64.25596536638933,5.377580752810249
"[0.5499657047148692, 0.9066736820267094, -0.698361230598843, 0.3880544659419864]",58.120649548858886,5.378397575068404
"[0.24513774181130932, 1.0965613624635848, -0.9145418649365865, 0.5036896103869727]",59.58863695076826,5.3785860725125945
"[0.2852865386714677, 0.7174095125094619, -0.697335379584404, 0.5219020203866291]",94.2349757010288,5.378774569956784
"[0.4028433884870511, 0.9342257171403526, -1.029262253481943, 0.5410926908960354]",51.06259712242133,5.383110011173151
"[0.3839497629299701, 0.954077260753298, -1.0059853845706601, 0.5561454890617008]",50.98442437367671,5.383172843654547
"[0.3696829611782707, 0.9712527507403083, -0.9891890666125437, 0.5624922904254975]",50.93337363570595,5.383235676135944
"[0.35751210918545423, 0.9865811465020082, -0.976122830461383, 0.5646454738588412]",50.89626528877754,5.38329850861734
"[0.3464598867136686, 1.0004827695116953, -0.9656396835731048, 0.5642720019041475]",50.86805213552536,5.383361341098737
"[0.33602606735593377, 1.0132171946755995, -0.9571156255626809, 0.5621817511984958]",50.84618235249349,5.383424173580134
"[0.3259225486117959, 1.024945923519565, -0.9501732749168116, 0.5588270188069262]",50.82919673325556,5.38348700606153
"[0.3159508914772784, 1.0357903940430127, -0.9445568953913935, 0.5544763681947178]",50.81616721955424,5.383549838542926
"[0.3059836978402135, 1.0458185473555182, -0.940099259408026, 0.5493023962942248]",50.806507862240764,5.3836126710243235
"[0.29591390186246375, 1.0550847140067394, -0.9366788134197761, 0.5434090728119649]",50.79981985354387,5.38367550350572
"[0.2856612375049547, 1.0636143251514225, -0.9342151663509684, 0.5368610865555243]",50.795852584874986,5.3837383359871165
"[0.2751532236213607, 1.0714175171275062, -0.9326559582490322, 0.5296891087792532]",50.794459043398824,5.383801168468513
"[0.26432801790895327, 1.0784833009981303, -0.9319742445922214, 0.5219006579560844]",50.79558111469959,5.3838640009499095
"[0.25312173125103005, 1.0847852114900545, -0.9321654557709937, 0.5134761531762213]",50.799242075191,5.383926833431307
"[0.24147057662796717, 1.090274295463426, -0.9332491162957545, 0.5043715089162261]",50.80555163977239,5.383989665912703
"[0.22930950168018654, 1.0948737830560933, -0.9352714322628835, 0.4945154500084784]",50.81471794240969,5.3840524983941
"[0.21656152814994103, 1.0984730658411574, -0.9383133391066841, 0.4837948862905065]",50.827082564397706,5.384115330875496
"[0.20314170165467052, 1.1009087868338394, -0.9425023522271927, 0.4720451765258242]",50.843170901804555,5.384178163356893
"[0.1889458789942385, 1.1019387181983469, -0.9480376846078853, 0.4590153328582615]",50.86380172017573,5.384240995838289
"[0.17384524121746495, 1.1011867019774713, -0.955236726467202, 0.44431036197681856]",50.89029468655131,5.384303828319687
"[0.15767528806184916, 1.0980263263648276, -0.9646360050616308, 0.4272603536429217]",50.924935286725855,5.384366660801082
"[0.14023155807198667, 1.0912895233060105, -0.9772408084099535, 0.4065891889173166]",50.97217760697273,5.384429493282479
"[0.12128279777745332, 1.0782778243509739, -0.9953824356773078, 0.379220135655399]",51.04297903004023,5.384492325763876
"[0.3884727907068752, 0.7340474705144695, -0.750834442919983, 0.5479625636450951]",61.29613815894506,5.384617990726669
"[0.19493078704984054, 0.774600015740114, -0.5824777091112883, 0.2857675105297938]",66.36174474992623,5.385623310429015
"[0.49249731483815146, 0.6965438931934625, -0.6814288074002993, 0.2879626435089018]",65.99130750634532,5.385686142910411
"[0.013557641685707715, 0.7511775241358098, -0.8737412979100223, 0.36856533294167887]",55.81899822891728,5.386000305317395
"[0.08357669806045592, 0.701626105561586, -0.8737059275606726, 0.46147704070839657]",55.981771109871616,5.386063137798791
"[0.14226966004484098, 0.6828549595450403, -0.8627978355110749, 0.5038610090669872]",56.08541636532691,5.3861259702801885
"[0.19857063336951564, 0.6727457840590252, -0.8533681243835072, 0.5284619562682257]",56.20159842324951,5.386188802761584
"[0.256002125524742, 0.6678003437957319, -0.8489943708986464, 0.5418283617629908]",56.361413767516,5.386251635242981
"[0.3191219931598511, 0.6677927933987878, -0.8530810428824868, 0.5452970140016479]",56.61936934694763,5.386314467724378
"[0.40396706523405385, 0.6775648426053698, -0.8735969313113577, 0.5315515886311238]",57.16180705868416,5.386377300205774
"[0.2651834401808464, 0.6508965240383119, -0.8959778621370419, 0.5271788337415484]",60.13960679791808,5.386502965168567
"[0.5006609059686143, 0.6610925950565951, -0.8952476704823403, 0.4299376921905584]",54.38487295368149,5.38681712757555
"[0.44854205679914255, 0.6266390051222956, -0.9174691586723309, 0.4341005204333087]",54.10122148515162,5.386879960056947
"[0.40038272499174443, 0.6074208002694353, -0.941847846544111, 0.4315215751807874]",53.89656991952415,5.386942792538344
"[0.34776859404639654, 0.5979319280708452, -0.9717434278469704, 0.42111048299362397]",53.71620248738155,5.38700562501974
"[0.13377757398674714, 0.7095301568741906, -0.7648196877413962, 0.49400192221981787]",90.35951894353731,5.387131289982533
"[0.42840602639585623, 0.6353448978953763, -0.9176333553687178, 0.4662378293929132]",62.09196664497952,5.3887649344988455
"[0.4127365621472059, 0.9724471362047441, -0.8134311349356567, 0.5705526294607995]",59.51205272470335,5.3890162644244315
"[0.49679962454905674, 0.6500266113154761, -0.8945106227257593, 0.4174862618826766]",92.20309201069809,5.390838406384933
"[0.298054629040069, 1.1171324753342664, -0.8046180632361154, 0.48212795687725]",58.816224181295006,5.39184372608728
"[0.22487945423572595, 0.7323422862553338, -0.645727872342608, 0.46719666663064957]",64.57550741853294,5.393477370603591
"[0.5951965395908788, 0.8371047056490389, -0.7683625640199825, 0.3498454206730711]",56.075914384652094,5.393603035566384
"[0.277404613384585, 0.6462152596201319, -0.9052077531260476, 0.5227951806620568]",60.742477778444815,5.393665868047782
"[0.549086720626272, 0.7595462080335896, -0.9286479736280868, 0.45065324499020676]",58.86175810696531,5.393728700529177
"[0.3752058086747793, 0.7192560875236076, -0.7715529914167706, 0.5527406129757008]",57.0343078907011,5.393791533010574
"[0.3297973100506885, 0.7187662789316349, -0.7203620265197908, 0.5370844806924021]",56.64225480917297,5.393854365491971
"[0.2847104534308044, 0.7176517828520165, -0.6962887145631946, 0.5212260262928397]",56.46468718629139,5.3939171979733675
"[0.23866339877620255, 0.7193630878792376, -0.6844107061901028, 0.5043137001313132]",56.36546038300032,5.393980030454764
"[0.19205117879561948, 0.7245266649133186, -0.6799356387116031, 0.48356404395633457]",56.30229563734753,5.3940428629361605
"[0.14507627480837795, 0.7340696656517557, -0.680269858186695, 0.4551811838667743]",56.25508508276168,5.394105695417557
"[0.09828207205030781, 0.7510597667515854, -0.6825640558371333, 0.41151104723151993]",56.20553506584958,5.3941685278989535
"[0.0572157695775671, 0.7894068307933025, -0.6798494842332926, 0.3228897075183126]",56.09782376002638,5.394231360380351
"[0.16332188979563889, 1.1250671150155995, -0.8973911531239185, 0.4150333682101449]",89.09746045152144,5.39498535015711
"[0.5521843370271199, 0.8194276834011128, -0.7014126406904615, 0.38446508651414013]",68.0594555200254,5.395236680082696
"[0.43780111312356323, 0.9214065371853672, -0.8004603890940365, 0.5713761451081989]",64.71799866656808,5.395676507452473
"[0.29661219059988925, 0.6910815774974086, -0.7855405382149092, 0.5508094232794497]",87.60134912963785,5.400200446113028
"[0.45608632473901095, 1.0115586452290783, -0.7074945452234853, 0.47124573497758226]",76.47436944024973,5.400451776038615
"[0.20825510938801403, 1.1337491612737987, -0.8595768594193025, 0.44094424783561575]",61.67851514190996,5.401142933333977
"[0.07085154266593403, 0.7177345608332556, -0.8208288183111119, 0.4531603051048042]",88.85183716613149,5.40164559318515
"[0.223159267494845, 0.7070567036487503, -0.7265524203526834, 0.5221975272092015]",93.96840179916173,5.401708425666547
"[0.37725000007095005, 1.0221349244066336, -0.8274163053527984, 0.5610969026596178]",86.26788604584095,5.40202258807353
"[0.4128577567115067, 0.9246944193101794, -0.9698549389771302, 0.5702600617719111]",65.47726446803307,5.402148253036323
"[0.5031092158536016, 0.912367403826926, -0.6896415500247167, 0.45964899498672124]",64.72997706946006,5.403593400108446
"[0.4623920459491278, 0.9347340376561277, -0.7275043832369905, 0.5229795369769085]",58.44309516357513,5.404158892441015
"[0.44697241197246634, 1.053721482842114, -0.7020553726559345, 0.4276053326358016]",58.38667853110726,5.404221724922412
"[0.3176163816471586, 1.1519770762094632, -0.7335122959638389, 0.31901526730601576]",58.638134885408995,5.404284557403808
"[0.29543669237888587, 0.7501661127197399, -0.5726679858874134, 0.32229857085846225]",83.80761402046113,5.404410222366601
"[0.3207853938690345, 1.1469357488249237, -0.7362069932888697, 0.36168083776464965]",58.73724092593881,5.40497571469917
"[0.4037400145670535, 1.086419214336372, -0.7184841153147079, 0.4374632527067475]",58.61313113283583,5.405038547180568
"[0.4351502088283262, 1.0149833507075627, -0.7280291973683124, 0.5012535667183747]",58.617722303117446,5.405101379661964
"[0.18099422601071827, 0.6696158866032327, -0.8785824818479515, 0.5170328249559597]",75.04592268473407,5.406106699364309
"[0.5023601742900582, 0.6529353573956183, -0.8912054485720696, 0.4140568162618962]",86.70865920423904,5.4062951968085
"[0.3169651099544093, 1.1076356183700256, -0.7960979389929101, 0.490910552144118]",66.82024666583779,5.406672191696879
"[0.13013240890345854, 0.7322997989957633, -0.6968438493911894, 0.4569715444660028]",75.20466801744028,5.407049186585259
"[0.33916304224502725, 0.977134371594173, -1.1033132598138848, 0.47267173125708367]",57.98510621176018,5.408996993508554
"[0.300181237765044, 1.0035038652021482, -1.0807071381235758, 0.4871133152403564]",57.90265382579885,5.40905982598995
"[0.2690845989260241, 1.0217598051486163, -1.072176601558652, 0.4797017469710119]",57.87758453432447,5.409122658471347
"[0.24027122460160358, 1.0330399879113412, -1.0726845533431006, 0.46071900317640246]",57.88483470111481,5.409185490952743
"[0.21285024476009468, 1.0357170654898709, -1.0826306472427483, 0.429196859929496]",57.92750722900813,5.409248323434141
"[0.20685641233409974, 0.7745414780687737, -0.5798999438951056, 0.2670275172986345]",73.06352250633682,5.410567805543469
"[0.07159108144662224, 0.7114552375958011, -0.8495150171531014, 0.45383379597141943]",62.67033367849125,5.410819135469056
"[0.15045080944766, 0.6870223102813673, -0.8354951182235795, 0.5113310999002305]",62.800318216939544,5.410881967950452
"[0.2244454571119039, 0.6770588439341267, -0.8265431253418003, 0.5387976130455775]",62.956776082159436,5.4109448004318486
"[0.30041774607326815, 0.6749894137646244, -0.8309049937268865, 0.5495428476289314]",63.21775253384561,5.411007632913245
"[0.3971450179134636, 0.6829194743704593, -0.8624923370829715, 0.538794014890906]",63.833523316774595,5.411070465394642
"[0.4942909473329932, 0.6383685190000254, -0.8918846812371982, 0.3987657246433462]",61.15559733400404,5.411384627801625
"[0.40541140063301334, 0.5911483005904682, -0.9474568425299024, 0.38185313396640036]",60.79161088274539,5.411447460283021
"[0.1425993842366943, 0.7902989304477462, -0.6038873958756583, 0.2721753310363713]",95.12726571808027,5.411635957727212
"[0.17847603398002873, 0.6896964183123655, -0.8028233313620075, 0.5239319374423269]",90.85529939848908,5.411698790208608
"[0.13666954058423733, 1.0596424026219033, -1.0368105830721037, 0.38165807568078947]",73.04867406514336,5.413081104799334
"[0.563842888625029, 0.7830085824344456, -0.7270518918067254, 0.3646645224487682]",70.7948127839203,5.413206769762127
"[0.41030877678614264, 0.7083095132753972, -0.8378808342209871, 0.5493302124672672]",64.10649761454067,5.4134580996877135
"[0.33210283765860826, 0.7095334112878549, -0.75210526206703, 0.5479956963533814]",63.32655486684801,5.41352093216911
"[0.26988228012834903, 0.709248439665385, -0.720380959667166, 0.5308713979017673]",63.06625810751857,5.413583764650506
"[0.2064445958228119, 0.7137797817455553, -0.7084010692198128, 0.5079019626465677]",62.938194096700975,5.413646597131903
"[0.14095183850357496, 0.7254666055579018, -0.7074036693170361, 0.472586360759683]",62.85939971397481,5.4137094296132995
"[0.07357637945625377, 0.7521192558482411, -0.7099735408842478, 0.4067967677768175]",62.779909432892254,5.413772262094696
"[0.33648465918584763, 1.106880209678767, -0.7715606424514917, 0.47814107046946935]",91.81244898428848,5.414337754427265
"[0.19743664493589436, 0.7097278695000293, -0.7245548493085835, 0.512221396637794]",99.91426331312863,5.414400586908663
"[0.46110256556303025, 1.0391511768670811, -0.6981489969618571, 0.426059280086345]",70.67111300512735,5.414714749315645
"[0.36553212094023535, 0.7013195179888451, -0.8041189365922796, 0.5544505877948586]",89.21934685416541,5.4150289117226285
"[0.1350305234206222, 0.6990023960020771, -0.8027404003115358, 0.5021964267831945]",93.67123401856806,5.417730708422683
"[0.229951322256169, 1.0539709998689752, -1.0311990362046926, 0.48024235576542296]",75.72434685069896,5.417982038348269
"[0.25323071115393336, 1.149254504659251, -0.7877878319763691, 0.40711112171972536]",77.71203997075264,5.418673195643631
"[0.05692300732367047, 0.7677944720990768, -0.7045459191362016, 0.3720321853715168]",84.29625378295201,5.418924525569218
"[0.4586175568454661, 0.9718459518741286, -0.7191652740305844, 0.5051209022773023]",64.96139487665266,5.420118342715754
"[0.4457249727083636, 1.035819259483746, -0.707705121264074, 0.4576989760226174]",64.95770198755281,5.4201811751971505
"[0.43508260130690046, 1.0550538106109613, -0.7087875455994104, 0.44593563029696787]",64.99016258865505,5.420244007678547
"[0.43941001301031785, 1.03698264683659, -0.7124014471027098, 0.46654773866348725]",65.01424556400265,5.4203068401599435
"[0.447620346185101, 0.9838453516106559, -0.7285581815138784, 0.5131418684530069]",65.07024925607811,5.42036967264134
"[0.449147262494045, 0.8627001033692763, -0.8253575816757094, 0.5758444574622161]",65.4064274845984,5.420432505122737
"[0.532298061804639, 0.897889768961767, -0.6884141124796721, 0.41608833668680517]",80.4951025616693,5.420935164973909
"[0.29262236190239693, 1.1183056335107115, -0.8093281855975741, 0.4818946991949793]",77.81442532675698,5.421374992343686
"[0.3693444952269478, 0.7364143651907662, -0.7049498151079402, 0.5290130441457601]",74.20752117673602,5.423636961673964
"[0.016196453903981924, 0.7548807102400534, -0.8301389260884758, 0.3762532952653598]",68.9865645081431,5.424328118969327
"[0.10623314407521989, 0.7027091540365947, -0.8233263332264584, 0.48427967193047383]",69.16269530891051,5.424390951450723
"[0.18111259982256545, 0.6873220829884851, -0.8099536094371054, 0.525359408710217]",69.28633486757863,5.42445378393212
"[0.24928916379182, 0.6819679989423751, -0.8060141065410795, 0.5448467418958547]",69.4481214594728,5.424516616413516
"[0.3147003486386406, 0.6824800439880078, -0.816028191677569, 0.5521810449431926]",69.70449263621701,5.424579448894913
"[0.3874469783964615, 0.6880534499067437, -0.848053059355433, 0.5456745905420559]",70.20430578742905,5.42464228137631
"[0.08961542917502319, 0.690806553928872, -0.941240393270388, 0.43920988603798977]",73.00137101657242,5.4248307788205
"[0.4498148450132043, 1.0855351185304258, -0.70276086572738, 0.35211226303685117]",77.70502279706493,5.425019276264689
"[0.16673886699361198, 0.6626419161795658, -0.9261632899888376, 0.4930286560135469]",73.26316654910104,5.425270606190276
"[0.4632560241044475, 0.7095392119763005, -0.8869161060354961, 0.5200525412860458]",71.02174252265756,5.425396271153069
"[0.3610346211676339, 0.7016858376574923, -0.7990975353585545, 0.5545347568645542]",69.99042386997165,5.4254591036344655
"[0.3038845879561102, 0.7013817323906497, -0.7581405980976166, 0.5474636137865508]",69.62218634702896,5.425521936115862
"[0.24586837453034796, 0.7033187657904924, -0.7371318809615378, 0.5323419395008617]",69.43140845861136,5.4255847685972585
"[0.1830553230385027, 0.7102327495550671, -0.7288841436398018, 0.5079540001646432]",69.31791448942356,5.425647601078655
"[0.11429310061392342, 0.7260542153365647, -0.729443366551125, 0.4651252888872409]",69.23718647716191,5.4257104335600514
"[0.04045676362379937, 0.770448674566366, -0.7273018566589291, 0.36525469145018435]",69.11633887594996,5.425773266041449
"[0.2904604340336953, 1.021193518520921, -1.0401283997913064, 0.5133541647864726]",87.99580630582824,5.426464423336812
"[0.4483074730092232, 0.9779908847177, -0.7306173481485816, 0.5171020105801112]",90.63331744707462,5.426715753262398
"[0.15373265235455252, 0.7252255811091558, -0.698820037894225, 0.4755666214429423]",87.21969958375036,5.428914890111279
"[0.13181553504639873, 0.748710601863731, -0.6559810995785623, 0.4176121306211351]",81.83814574801336,5.4292918849996585
"[0.31707209610253784, 0.7451967155575191, -0.5917657609555728, 0.3994515960224355]",86.06033683357003,5.433501661253231
"[0.005851606043871792, 0.7759591587772942, -0.8075682211938285, 0.3441310734846943]",75.30334392555613,5.433627326216025
"[0.08215146012563918, 0.7156668666181075, -0.8076644823613407, 0.4628751878785008]",75.49100573681012,5.433690158697422
"[0.1383632457272191, 0.7002312025483385, -0.7946688866711924, 0.503209473130831]",75.57446642050294,5.433752991178817
"[0.18019818414935998, 0.6942966605463603, -0.7851135660596021, 0.5227331097541319]",75.64315711888361,5.433815823660215
"[0.20876461173542582, 0.6925016892735387, -0.7788280015844788, 0.5322977345566039]",75.69864709670134,5.433878656141611
"[0.22411647418720956, 0.6928071109178603, -0.7738231837432522, 0.5360844428294329]",75.73259713213038,5.433941488623008
"[0.22619527523016209, 0.694313743217264, -0.7684103151983563, 0.5356676955104994]",75.7378002571565,5.434004321104404
"[0.2151901126356839, 0.6968674099508045, -0.7621655455019771, 0.5310973517048125]",75.71488285611416,5.434067153585801
"[0.1914868837943289, 0.7010123436373136, -0.7560927814082631, 0.5211569852609504]",75.67254788757594,5.434129986067197
"[0.15539933017099464, 0.7081795009313493, -0.7519616175089895, 0.5028910296144276]",75.62139836841887,5.434192818548595
"[0.10687192167443166, 0.7217737691664514, -0.7508702774812992, 0.4692108393644352]",75.56521237345108,5.434255651029991
"[0.04577607595772895, 0.7546925807829872, -0.7483980785084028, 0.3955981763188029]",75.47716909310222,5.434318483511388
"[0.33060835603029365, 0.745311434568995, -0.589478462137911, 0.38951567037858364]",86.22865118509159,5.434381315992784
"[0.15103073539842274, 1.1290560892534243, -0.8835501124690481, 0.39119156370686065]",80.94032666436776,5.437083112692838
"[0.3336369353833906, 0.744958762564431, -0.5952521933607355, 0.40437094173456223]",92.42551318427033,5.440601731651049
"[0.016626077993508633, 0.7694884800451939, -0.7837427622482513, 0.36007836202368443]",81.68913802601816,5.440790229095239
"[0.027111804513468857, 0.759189092078198, -0.7788255682121786, 0.380710742415627]",81.7312678882887,5.440853061576635
"[0.016622907936832975, 0.7781564832705313, -0.766916647851149, 0.34641046217070615]",81.6908579422008,5.4409158940580316
"[0.3158195337295317, 1.0034353830723128, -1.045217550768527, 0.5208130757086641]",94.75026853699057,5.443240695869706
"[0.15688208631151765, 0.7368389799331796, -0.6648343993881994, 0.44950020208685665]",92.99992408677959,5.443303528351103
"[0.4138451504839064, 1.028731623792124, -0.7480947954571403, 0.51600541498227]",92.29533990473186,5.444497345497639
"[0.3478193722128014, 0.9896641002585789, -1.0004226581544395, 0.5537009231224058]",94.61736748493827,5.445691162644174
"[0.24150977058892684, 0.7394425464003883, -0.6206922562033393, 0.44271411975652286]",98.78513797903366,5.44631948745814
"[0.05523877179540611, 0.8160949327657006, -0.6759368629937068, 0.26172160019442664]",94.41565329776023,5.568779993700133
"[0.17857449381758164, 0.7512332670477395, -0.6185889253163863, 0.40418157665870597]",92.72702604384376,5.568905658662925
"[0.004008391195238313, 0.7994281498602096, -0.7772076490685947, 0.3080733966924377]",81.79251810211666,5.5689684911443225
"[0.33740550128704416, 1.1462884756409606, -0.7277426455098217, 0.3305174997497382]",90.71145212960221,5.570099475809461
"[0.1968100920124031, 0.7000481639898684, -0.7572196249526562, 0.523527853415397]",75.89290793554326,5.570287973253651
"[0.16230014497851974, 0.6963801927521858, -0.7890196464959011, 0.5152425739608737]",75.8245563352724,5.570350805735048
"[0.4751207249205075, 1.022470541018439, -0.6948380999780078, 0.42470989437344775]",74.88632536336353,5.571167627993204
"[0.331923378375874, 0.745309834083735, -0.5890503478254613, 0.38771241372477155]",80.13788491384638,5.57179595280717
"[0.3773176830176076, 0.7016799883409083, -0.8146495544141897, 0.5537185101977353]",70.36842441404802,5.571858785288566
"[0.032776565845353677, 0.7387441665321006, -0.8322618303349044, 0.40607140986160745]",69.26206766164125,5.572047282732757
"[0.42717197860590445, 0.9667545649334994, -0.7809607908522037, 0.5577691517198198]",74.61388974244521,5.572612775065326
"[0.44980759318789465, 1.0244218390325226, -0.708398407855871, 0.4661986295926878]",65.18651472460645,5.572738440028119
"[0.344573019560228, 0.7446523106361064, -0.6080385094216995, 0.4293235497655333]",97.21865246707874,5.5728012725095155
"[0.4681798642592842, 1.0434107197876599, -0.6959193716576328, 0.4063669157127421]",68.55296951566304,5.572989769953706
"[0.13401284027920318, 0.7272642974992429, -0.7077268493042377, 0.46773546387037357]",63.098461191019744,5.573743759730465
"[0.6043795123475262, 0.8481606780669582, -0.7923560811145809, 0.340084846706529]",62.83967322130678,5.573806592211861
"[0.38320830954803203, 0.7238247726466001, -0.7710514676104335, 0.55265650431716]",90.20743089715111,5.574057922137447
"[0.27561587625244655, 0.6495259548703854, -0.8969964834667968, 0.527099527415368]",67.20505333307827,5.5741207546188445
"[0.3692865594929217, 1.1254890140508909, -0.7212762229537432, 0.3832206841474839]",92.50524811431066,5.5743720845444305
"[0.34406222562398037, 0.9739728587215124, -1.1071923643535462, 0.4680605973318218]",58.25508343745153,5.574434917025828
"[0.1571073915967212, 0.655311232191317, -0.9983816916486884, 0.4329024206563881]",61.74855765158176,5.575000409358397
"[0.5273781606143888, 0.9424483683233602, -0.6901906307165596, 0.40742827908369933]",65.35558391269275,5.575251739283983
"[0.19752845507031458, 0.6882445926239986, -0.7979392500454029, 0.5307766048192119]",89.32410723961095,5.5754402367281735
"[0.38057444356554065, 0.9866671835062149, -0.8901697396275546, 0.5799470862080204]",61.943334306112405,5.575503069209569
"[0.2176385240469087, 0.6888124251136716, -0.7887777383073122, 0.5363153521204028]",87.62561209930278,5.575628734172363
"[0.0783374589724092, 0.763303569428073, -0.6828920113128326, 0.38231708943770787]",56.452231756916404,5.576382723949123
"[0.5859006073993186, 0.7876571509339952, -0.9159332070038918, 0.39812477165159343]",63.00296599358401,5.576445556430518
"[0.4038196036727625, 1.001230625923403, -0.7963663050617811, 0.5570771241568021]",59.945590406459154,5.576696886356105
"[0.5113552242650301, 0.813154804599673, -0.6732265079684904, 0.4239445629702009]",65.25089797141975,5.576822551318899
"[0.5579615939133981, 0.8657840871575895, -0.7038091836933165, 0.38450831776395994]",65.27394343112788,5.576885383800295
"[0.12192957430381003, 0.6881770343931146, -0.8667026054898442, 0.4914691160346076]",56.34093588127198,5.577325211170071
"[0.14698029572463783, 1.0942161408245545, -0.9723439448460671, 0.4149361799395502]",51.2481260759942,5.577513708614261
"[0.26987695097511466, 1.0748386709971047, -0.9325517546512954, 0.5259731532588698]",51.09134749326292,5.577576541095658
"[0.3659207445160597, 0.9758758183093035, -0.9853758191091546, 0.5633302493694614]",51.21902114738837,5.577639373577054
"[0.13440243962757667, 0.7152940398135692, -0.7445601616145241, 0.4873598112157111]",89.98147209012897,5.578896023204987
"[0.4473362023205983, 0.9741320407296984, -0.7341969523257885, 0.5218699121560739]",73.71197502044498,5.5795243480189525
"[0.11419065300200652, 0.7958338167939338, -0.6210140304930394, 0.2772523706334965]",92.1337577774108,5.579838510425936
"[0.19875172531999255, 0.6853559455622612, -0.8076221710908986, 0.5317248285164276]",75.09659107714984,5.581032327572472
"[0.5248239344710689, 0.6542394101444953, -0.8562585949316194, 0.3671230275816182]",94.44180180229587,5.581409322460852
"[0.1785284797083217, 0.7493302437744364, -0.6224881394980287, 0.41097977424808513]",49.02273867818534,5.581660652386438
"[0.3296830950278876, 0.7365434351036422, -0.6483277015227419, 0.48697872629282446]",49.214969871143516,5.581723484867834
"[0.5606100034157513, 0.8045133998115613, -0.7145472520686008, 0.3731646707068137]",48.96303861443935,5.581786317349231
"[0.2746820723775754, 0.6909697243210662, -0.7797573292404887, 0.5475324846217169]",95.38243504589762,5.58272880457018
"[0.46637360154506224, 0.8622365260860138, -0.9917747142013711, 0.5376816779736656]",67.15333400738874,5.583671291791129
"[0.4032832458947852, 0.6355232440694146, -0.918426096807661, 0.48290842751178126]",65.9857758271142,5.584236784123698
"[0.6063713120381619, 0.8408320208040846, -0.9201611241035809, 0.3507073604080126]",73.36262961994159,5.584362449086492
"[0.39573480102006175, 0.7210677506477826, -0.7965669938324789, 0.5549463785930437]",68.43190854620796,5.5844252815678885
"[0.48873951646675934, 0.6519060001605148, -0.8998647447351645, 0.43185285328596035]",66.47859096067785,5.585681931195821
"[0.3854792490709308, 0.7017793023955969, -0.8225193376478152, 0.5526336049819015]",88.2511346764438,5.586310256009787
"[0.15265236222280404, 0.6797775122360159, -0.8641132077134874, 0.5087983238472746]",98.52673793722819,5.586624418416769
"[0.18371380872824997, 0.7486252708257375, -0.6210499319366705, 0.4126132705046432]",54.961962221177934,5.587127078267943
"[0.5554594050798708, 1.0137384093622968, -0.7550336333588589, 0.27546049639480047]",78.84573532399828,5.587441240674925
"[0.08359015548234645, 0.738230659110455, -0.7302510930295384, 0.4356488811917972]",75.40491182655569,5.588195230451685
"[0.29333049071854794, 1.0594965870362418, -0.9307176813513572, 0.5415353558390533]",93.88320966837026,5.590205869856376
"[0.2894425885732666, 0.6485949791051886, -0.8967638922744817, 0.5273052942918715]",79.05526275557129,5.590394367300567
"[0.5662839819916324, 0.9358751540997021, -0.7186446230805901, 0.3499275354358732]",76.58021686072013,5.59052003226336
"[0.1436856147849804, 0.7991811394813357, -0.6072366010996472, 0.2357659521001566]",43.16332315561551,5.5924678391866545
"[0.14245321574690287, 0.7931085700544744, -0.6045596595053662, 0.261298440614165]",43.20321678346929,5.592530671668051
"[0.14400282117688804, 0.78799736295346, -0.6030223764683665, 0.2798527255964888]",43.229289629033744,5.592593504149448
"[0.14694007253311334, 0.7835499632238264, -0.6019362770843675, 0.2947661231426738]",43.24851406634754,5.592656336630844
"[0.15072881753462566, 0.779607232053951, -0.6010799522548206, 0.3073431188139003]",43.26355792282274,5.59271916911224
"[0.15509541215666894, 0.7760697071407529, -0.6003612579557089, 0.3182536211309098]",43.275769967342576,5.592782001593638
"[0.1598805286439415, 0.7728671425905953, -0.5997369546514106, 0.3279022217137784]",43.28594840811222,5.592844834075034
"[0.1649827440120702, 0.7699479380461989, -0.5991860965625, 0.33655468894849366]",43.29460914337772,5.592907666556431
"[0.17033167813316763, 0.767273692020754, -0.5986990780638318, 0.3443943837067432]",43.3021056528564,5.592970499037827
"[0.17588013158636243, 0.7648129790602515, -0.5982719893690374, 0.35155979456248293]",43.30869799929537,5.593033331519224
"[0.18159013629846787, 0.7625423939045807, -0.5979045907843207, 0.3581515303370172]",43.31457783265973,5.59309616400062
"[0.18743609294281602, 0.7604416841866602, -0.5975983103206969, 0.36425216322059906]",43.31989780541174,5.593158996482018
"[0.19339589685035075, 0.7584952825189426, -0.5973558687741072, 0.36992509685097774]",43.32477762262607,5.593221828963414
"[0.19945515017889998, 0.756689425405634, -0.5971805133103617, 0.3752250082910081]",43.329317930534906,5.59328466144481
"[0.20559978784473576, 0.7550136454159373, -0.5970759993693705, 0.3801948085212139]",43.33360100327465,5.593347493926207
"[0.21181978315631483, 0.7534589044937986, -0.5970462522044889, 0.38487195420267295]",43.337698464992684,5.593410326407604
"[0.21810609612876233, 0.7520180007844472, -0.5970953295308553, 0.38928782521647154]",43.34167243893516,5.593473158889
"[0.22445295323681957, 0.7506846925461015, -0.5972273823993365, 0.39347078557415294]",43.34557952305752,5.593535991370397
"[0.23085388416544175, 0.749454342518571, -0.5974465992237572, 0.3974444871765346]",43.34947026880385,5.593598823851793
"[0.23730293639750916, 0.7483233647519391, -0.5977571542961952, 0.40122971174378746]",43.35339149123177,5.59366165633319
"[0.24379775648305438, 0.7472885909814528, -0.598163411989652, 0.4048466998087178]",43.357389380246595,5.593724488814587
"[0.25033377093495573, 0.7463481797508816, -0.5986696761170449, 0.4083122459443899]",43.36150710280758,5.593787321295983
"[0.25690804924758903, 0.7455008496703711, -0.5992804112024409, 0.41164239592729396]",43.365788132790684,5.59385015377738
"[0.2635155731932599, 0.7447463075906943, -0.599999949294377, 0.4148508815393548]",43.37027474616653,5.593912986258776
"[0.2701560899626714, 0.7440843944176596, -0.6008332673493686, 0.41795279581806327]",43.37501353628442,5.593975818740173
"[0.27682561511376597, 0.7435160446198666, -0.601785159240823, 0.42096072902290593]",43.38005075917089,5.594038651221569
"[0.2835204427228412, 0.7430427309102984, -0.6028606728127136, 0.42388708866242303]",43.38543593651136,5.594101483702967
"[0.2902377706277446, 0.7426664396038335, -0.6040653567955968, 0.4267446196711107]",43.39122371762512,5.594164316184362
"[0.29697490021954615, 0.742389765600862, -0.6054053287220216, 0.42954634003598036]",43.39747496444005,5.594227148665759
"[0.3037254069867516, 0.7422160082626643, -0.6068866147849898, 0.43230435729489275]",43.40425488111974,5.594289981147156
"[0.31048653404433313, 0.7421488976409755, -0.608516893322018, 0.4350333694641814]",43.41164237319767,5.594352813628553
"[0.3172498811718524, 0.7421928022656229, -0.6103037172541964, 0.4377474044719801]",43.41972366320497,5.594415646109949
"[0.3240106491070705, 0.7423526244916124, -0.6122571588344294, 0.4404642667956385]",43.42860641379292,5.594478478591346
"[0.33075703387936706, 0.7426336710995779, -0.6143875280325966, 0.44320218105556647]",43.43841229187584,5.594541311072742
"[0.3374774100389807, 0.7430416291617802, -0.6167080445767587, 0.4459838666224495]",43.44929265099946,5.59460414355414
"[0.34415620155309334, 0.7435823389975502, -0.6192347423343693, 0.44883647123952153]",43.46143294111263,5.594666976035536
"[0.35077401684209114, 0.74426156511492, -0.6219880946252159, 0.45179380272101904]",43.47506655908541,5.594729808516933
"[0.3573037456818005, 0.7450842145700288, -0.6249937438996888, 0.45489754167010465]",43.49048624368181,5.594792640998329
"[0.3637116019478129, 0.7460537319488588, -0.6282863306265406, 0.45820165241944444]",43.508072975109634,5.594855473479726
"[0.36995329974981633, 0.7471705369097122, -0.6319131073741687, 0.46177604626091173]",43.52832712839415,5.594918305961122
"[0.37596686543117364, 0.7484286704488339, -0.6359374545992905, 0.4657093217206833]",43.551899490275915,5.594981138442519
"[0.38167679064807664, 0.7498130632650178, -0.6404530532075642, 0.4701196885597072]",43.579682413912074,5.595043970923915
"[0.38698037908048544, 0.7512903980744241, -0.6455908718797995, 0.4751539587440725]",43.612852920002844,5.5951068034053115
"[0.3917528109125475, 0.7527992416425447, -0.6515428105127273, 0.4809930249476635]",43.65299511022825,5.595169635886709
"[0.3958515756765936, 0.754233466353376, -0.6585865535593196, 0.48784078785770646]",43.70219526736754,5.595232468368105
"[0.48687757485535427, 0.6703808536930036, -0.7079684184439191, 0.25736232392861524]",42.69073643664004,5.595295300849502
"[0.4958354408192785, 0.6896974168995015, -0.6920456788766283, 0.2830301301941648]",42.78763363557067,5.595358133330898
"[0.5016467234289034, 0.7110968040039226, -0.678336193257525, 0.31041576460089293]",42.902064229112085,5.595420965812295
"[0.5048013726142621, 0.7296303200304645, -0.6703724011384502, 0.3342444369010421]",43.0109182723138,5.595483798293691
"[0.5073566704195323, 0.7439575719359413, -0.6676416786588202, 0.35240756878176605]",43.102001926111704,5.595546630775089
"[0.5105053615800063, 0.7552430947614895, -0.6682455414499276, 0.36555836185077206]",43.17602839840416,5.595609463256485
"[0.5145623207644663, 0.7647680734089468, -0.6708082636707322, 0.37483469622588644]",43.236982997066534,5.595672295737881
"[0.5194782060618138, 0.7734224417780657, -0.6745398051962732, 0.38116202329209586]",43.28855714815343,5.595735128219278
"[0.525099027700677, 0.7817888386420005, -0.6790061538284747, 0.38519641405084204]",43.33362289958989,5.595797960700675
"[0.5312570751903825, 0.7902598359914054, -0.6839666390005603, 0.3873747679639701]",43.37431302597453,5.595860793182071
"[0.5377953686500996, 0.7991212290309411, -0.6892831686692711, 0.38797372548444037]",43.41221674067578,5.595923625663468
"[0.5445745241588547, 0.808613548415951, -0.6948775140931328, 0.3871526296208603]",43.44858781482128,5.595986458144864
"[0.5514516709922659, 0.8189494597410433, -0.7006954471121263, 0.3849818690918967]",43.48441171045511,5.596049290626261
"[0.5582805283961105, 0.8303574291942056, -0.706703297743801, 0.3814581534705579]",43.52058603383464,5.596112123107658
"[0.5648902151541162, 0.8431028895330587, -0.7128771788770278, 0.3765072118411775]",43.557998281301266,5.5961749555890545
"[0.5710562098582947, 0.8575141482284798, -0.7191953440066642, 0.36997873371085227]",43.5976196795971,5.596237788070451
"[0.576459427521978, 0.8740354443693935, -0.7256372763707299, 0.3616214075246571]",43.64067451192048,5.5963006205518475
"[0.5806028012403648, 0.8933274416471993, -0.7321841742807983, 0.3510214851759048]",43.688941201679945,5.596363453033244
"[0.5826115855681656, 0.9164821292203448, -0.7388183562087702, 0.3374590123737277]",43.74540112138601,5.5964262855146405
"[0.5806521278674942, 0.9456066365714034, -0.7455233573963174, 0.3195055717124568]",43.81607158209197,5.596489117996038
"[0.5693135318749263, 0.9864341298846799, -0.7523336259309228, 0.293207366013315]",43.91850588919856,5.5965519504774335
"[0.2823925778911105, 1.1294156737560954, -0.800707336900359, 0.4613973187802867]",97.5206666097146,5.596677615440227
"[0.3410922479118744, 1.0983722471975148, -0.7773111354488237, 0.49093493685338213]",54.956663951944165,5.596991777847211
"[0.33744713078956606, 0.7307010896940755, -0.6829446216068358, 0.5162555654979514]",52.114454698500765,5.597117442810004
"[0.25429437921419973, 0.7363904002321825, -0.6278879583390897, 0.45619321098995885]",57.3177086726898,5.5971802752914
"[0.23607813299644154, 1.0108998586448363, -1.1246842689585606, 0.38955991689655367]",82.31568449483966,5.598059930030953
"[0.3905854203583274, 1.116478548522975, -0.7139462983741295, 0.37706782471747385]",61.521339919454746,5.602709533654302
"[0.25846128536123114, 1.1370156208322675, -0.8105651996647993, 0.44752289045954174]",46.14762951602855,5.603149361024078
"[0.23232455734074012, 0.6760590361218749, -0.8276613522746277, 0.540543162799766]",83.42731022739144,5.603526355912457
"[0.37420386322002275, 1.0637910131204298, -0.7738555552650315, 0.5165346842219495]",46.886755821332585,5.6042175132078205
"[0.3505451524672982, 1.0739194192630266, -0.7984310188573175, 0.522836857401488]",45.632474769960794,5.609809604052119
"[0.19246418281705902, 0.7377119893376286, -0.6425585405837978, 0.44843947166117687]",59.29929258958902,5.609872436533515
"[0.5458298271992602, 0.709373285430928, -0.7482222700052145, 0.33391506370823937]",51.22310055250552,5.610123766459101
"[0.4514100856781364, 1.0866164801936908, -0.7036450702476517, 0.34524588648740406]",44.17665906790913,5.6132025580475355
"[0.4686106657473995, 0.8814526044185984, -0.7264129153844335, 0.5276857438654671]",44.23596382223273,5.613265390528932
"[0.21723962254571333, 0.6523832748164702, -0.9152617886080288, 0.5123288465168075]",81.73582135840232,5.614396375194071
"[0.35432237343331346, 0.7445247963988479, -0.6254901221950495, 0.45629926570594265]",49.85406084360751,5.616909674449936
"[0.4829204755209397, 0.9411459122785499, -0.7009174857324748, 0.48340224708363416]",56.186760770978196,5.617726496708092
"[0.28249449035216945, 0.7027231890312159, -0.7451121991452597, 0.5416732106224144]",78.76534296317799,5.618040659115074
"[0.32571606282675414, 1.063168989414726, -0.8617649731739437, 0.5458758619477333]",55.60225573554817,5.618166324077868
"[0.37239957325700046, 0.7118169590565571, -0.7868408192081294, 0.5543773946959297]",69.06571375638936,5.618229156559265
"[0.13977266059528892, 0.7359935506552289, -0.679262923688526, 0.4501289209562714]",62.021994449550945,5.618417654003454
"[0.4523486328309645, 0.7723892735255414, -0.646361699712088, 0.4406059255433056]",54.61199903519767,5.618543318966247
"[0.4437052275176232, 1.0913850862496877, -0.7040409370692785, 0.34819599201468904]",48.63900439357902,5.618731816410437
"[0.26806306573676647, 1.154362933620447, -0.7639032204906429, 0.37357010804153884]",54.617284799197044,5.6196743036313865
"[0.4673066587871852, 0.9504859264411143, -0.715390446128297, 0.5053874669252341]",64.15434189484075,5.6200512985197655
"[0.13936617035434615, 0.7384984721216048, -0.6732510878390379, 0.4441239660355495]",59.54727985368361,5.620553958370939
"[0.4897675134781623, 1.022915475493783, -0.6931288319859719, 0.3973682273007527]",66.24182840072832,5.620679623333732
"[0.5912249818191789, 0.8515781511943437, -0.7545308619457441, 0.35048023372763565]",57.284214224472656,5.620930953259318
"[0.4571838826576445, 0.817577775558378, -0.7246406226638584, 0.5301225717295528]",44.65884328528695,5.6225645977756304
"[0.47207320633957567, 0.836991363195679, -0.7042256741835117, 0.5082514913468218]",44.5320128730965,5.622627430257027
"[0.4827458174781264, 0.8496922301395456, -0.6953689572510189, 0.492908192904095]",44.468398632168935,5.622690262738424
"[0.491590888328366, 0.8602304809562217, -0.6904583893770265, 0.48009878908818576]",44.42642750206198,5.62275309521982
"[0.499262903762275, 0.8697337117383592, -0.6876673134440237, 0.4687273992168095]",44.39630392303509,5.622815927701216
"[0.5060532174674429, 0.8786946319499522, -0.6862258785625899, 0.45828358398457897]",44.37396639331872,5.622878760182614
"[0.5121179727741557, 0.8873905475448879, -0.6857282715839693, 0.4484669672976622]",44.357310359178726,5.62294159266401
"[0.5175439830957951, 0.8960013670344409, -0.6859327683471929, 0.43907803459683886]",44.34511707484436,5.623004425145407
"[0.5223758926977907, 0.9046563414167691, -0.6866829548657316, 0.42997268567029395]",44.33663530739854,5.623067257626803
"[0.5266330702895937, 0.9134650494356858, -0.6878724810116386, 0.4210308538311906]",44.331384654727174,5.6231300901082
"[0.5303106629166877, 0.9225239599502433, -0.6894264995306568, 0.41215051811926534]",44.32907173859499,5.623192922589596
"[0.533380068830675, 0.9319204155221601, -0.6912900632291477, 0.4032431676272173]",44.32953843486833,5.623255755070994
"[0.535791978291778, 0.9417512080000109, -0.693424301211399, 0.3942157361576384]",44.3327366861434,5.62331858755239
"[0.5374677851162909, 0.9521188160961785, -0.6958011346762234, 0.38497454674817666]",44.33872471776029,5.623381420033786
"[0.5382924538364218, 0.9631447038669475, -0.6984026321571087, 0.3754132244906189]",44.34767782353322,5.623444252515183
"[0.5380980955569059, 0.9749792801770261, -0.7012206083427456, 0.36540435085394307]",44.35991998368561,5.62350708499658
"[0.53663558092644, 0.9878173825637622, -0.7042577436256273, 0.35478631098520186]",44.37598571496402,5.623569917477977
"[0.5335194815014425, 1.0019344204398135, -0.7075335155455713, 0.343332577970224]",44.396755564715725,5.623632749959373
"[0.5281099957435926, 1.0177505189126228, -0.7110962480426187, 0.33069651417220497]",44.42374343105009,5.623695582440769
"[0.519218825251241, 1.0359858407711646, -0.7150562443219988, 0.3162748089374785]",44.459823027679526,5.623758414922166
"[0.5041417551560757, 1.0581565142951288, -0.7197030004707791, 0.29876126506434575]",44.51164716484895,5.623821247403563
"[0.47265118735020445, 1.0895350778728268, -0.7262844180809273, 0.2734020675600833]",44.60486629220815,5.623884079884959
"[0.5061593992701944, 0.7403553286339707, -0.667517705486226, 0.3479586073669204]",58.066450797394744,5.624638069661718
"[0.07604740309910193, 0.6991108892050993, -0.9254171116440949, 0.4358580295808799]",90.8319205606094,5.625266394475685
"[0.11383023058831666, 1.0683774504674426, -1.008393087085375, 0.36423323837332655]",59.76235231963162,5.625392059438478
"[0.1952062137145901, 1.1332874087826401, -0.8676550617981981, 0.4326145816080107]",57.75222855294191,5.625769054326858
"[0.1769217872296072, 0.7481388061096383, -0.6259269104410811, 0.4153569119045451]",89.22239425838211,5.625831886808254
"[0.4668412280431621, 1.0463360112525564, -0.6961917678434029, 0.40396453992865206]",98.7045469835685,5.625957551771048
"[0.29618868541462584, 1.0339046858003758, -0.9915589001263923, 0.5367347922192884]",53.81281567337644,5.626334546659427
"[0.360148559793714, 0.7162380749643179, -0.7606061217826466, 0.5506644806547134]",75.01337914401044,5.626585876585014
"[0.28409706855936884, 0.7344953490245147, -0.6351236988455213, 0.470679067617406]",64.44900955357234,5.62664870906641
"[0.4555274998420367, 0.8906778468613344, -0.7605891088435883, 0.5531533953008975]",61.34573978886194,5.626900038991997
"[0.2679998977934368, 0.6773553193161216, -0.8198931747827709, 0.547490222297412]",65.83515524234018,5.627088536436187
"[0.1667034919078548, 0.71721499291343, -0.715017288631456, 0.4930907861726818]",65.63239832424081,5.627151368917583
"[0.11008994064839803, 0.7249071627687715, -0.7373515993277181, 0.4657192307981875]",71.96875584888812,5.6274655313245665
"[0.21827377267496514, 0.7636323298865898, -0.579173146638387, 0.32350031393788126]",94.25773826184168,5.656054310360024
"[0.112371983783885, 0.7600039510358146, -0.6520516340002425, 0.3881499003528418]",58.96484124889539,5.679553658402356
"[0.30871247733669827, 0.6168171325337463, -0.9606277358273867, 0.4699109444707275]",65.36750639474305,5.680621810586098
"[0.4690541461502936, 0.9272259383967197, -0.7191622552372114, 0.5147240224831898]",52.13477528230515,5.680810308030288
"[0.38224909609641133, 1.094791279947579, -0.7320585895787375, 0.4515062796923368]",60.89144119180878,5.68206695765822
"[0.36426540567595783, 0.7193896327083862, -0.7565915606534686, 0.5497841913569034]",78.8046370231517,5.682129790139617
"[0.21025372716109444, 0.6834616222470885, -0.8094826754829307, 0.5354123872240547]",78.37654924035046,5.682318287583806
"[0.4598921736956031, 0.6422103114179099, -0.9102681079240527, 0.4496124338090639]",62.572994887915755,5.682632449990789
"[0.3775969668332402, 1.0381954284081154, -0.8017639880298446, 0.5453704623718849]",70.31452647058889,5.682695282472186
"[0.4319215023252379, 0.8985790763843297, -0.9405731198061753, 0.5756439980490322]",77.30778409110626,5.683072277360566
"[0.5121375490170105, 0.7365653851200297, -0.6753038080992004, 0.34316291004720806]",60.483037818283606,5.683574937211739
"[0.12850056961701256, 1.1263222407989875, -0.8740213004815326, 0.35262668196401764]",61.13002950128674,5.6837006021745315
"[0.47772915328859805, 1.0022649790540281, -0.6956579383820842, 0.44431234505078737]",55.68923676192933,5.683826267137325
"[0.3438107258618171, 1.146727049008638, -0.7271475312853056, 0.299621584880147]",55.96297155370864,5.683889099618721
"[0.3819416346655086, 0.9672696507907341, -0.9457282526829378, 0.5769162812727624]",68.48274854229615,5.683951932100118
"[0.413837233897379, 1.112081581949921, -0.7091034438331297, 0.3432774750907617]",55.81279924289717,5.684077597062912
"[0.478517697897583, 0.9677197146480905, -0.7003844641522394, 0.47422048614636675]",55.703947133609155,5.684140429544308
"[0.3789744169639286, 0.7191332238493053, -0.7770563269052688, 0.5535157436893674]",96.58948107859148,5.684391759469895
"[0.3881651332609256, 0.9639123489915222, -0.9281028521092958, 0.5806981397241247]",59.175108927123475,5.68596257150481
"[0.38859829847503025, 0.6137885721857022, -0.9402234116044665, 0.4517286325249736]",62.24021404862308,5.686025403986206
"[0.591501157228448, 0.9316382200074237, -0.763353608652641, 0.313436374741018]",77.0131393061424,5.6862139014303965
"[0.42715289756343233, 1.1002191653450282, -0.7055695842934034, 0.35691531146173266]",59.38642946837868,5.687344886095535
"[0.06295996228268137, 0.7099389317080662, -0.8884301772775873, 0.43764831956273326]",67.98080579254122,5.687470551058328
"[0.5130793308246901, 0.8929058952796776, -0.6860348100628417, 0.4465538267123229]",79.28536093606674,5.6876590485025185
"[0.36545371952838135, 1.0984655189640993, -0.746568201034256, 0.46558194396209945]",56.35764786809282,5.688036043390898
"[0.11345243271549812, 0.6881656403705024, -0.8820867175683953, 0.48250464075770233]",60.95495349009328,5.688287373316484
"[0.32625915992803106, 0.7434049166825055, -0.6064030082652145, 0.42988796867922924]",82.84306828910655,5.688475870760675
"[0.5003167238287818, 0.8460794873191086, -0.6819045991343268, 0.45992154284478876]",93.66241705442134,5.688601535723468
"[0.4452007564321136, 0.9877173383908399, -0.7299525226437205, 0.5135227959758815]",70.48447942682034,5.688664368204864
"[0.2422503360865476, 1.032340201725662, -1.0727437295956086, 0.4620860823065393]",64.06606316643432,5.689606855425813
"[0.14914768517785917, 0.7768897919461502, -0.6034795748314304, 0.31918618029707285]",49.20078146728035,5.69004668279559
"[0.5135871510862029, 1.0090019716758571, -0.6963322588144326, 0.3717109927072502]",44.09321386741526,5.702173351705135
"[0.49711051502560394, 0.9016136830173345, -0.692181994938568, 0.47221901302826735]",44.112215252860835,5.702236184186532
"[0.25589814481553913, 1.1571622194808695, -0.7648775095577538, 0.3553487525508856]",54.168070615217644,5.704058326147033
"[0.49354328319018304, 0.9662100087039296, -0.692215242255834, 0.44931198953362916]",43.71828981372801,5.70412115862843
"[0.07890421491901135, 0.7452381170394466, -0.7185101213388144, 0.4215167750773074]",64.6138348425136,5.704246823591224
"[0.08622604941131598, 0.7715545912817645, -0.661951372639778, 0.36107170741966244]",51.70509826288875,5.705189310812172
"[0.47366595121259597, 0.7213985000562215, -0.8912784564733689, 0.5197395718510878]",53.89334111137652,5.705440640737759
"[0.5422220974533891, 0.949541184496222, -0.6983460279340036, 0.37897592539374064]",43.80251646482776,5.707074285254071
"[0.49731573862154427, 0.8604644193624974, -0.6868386264365306, 0.4700813733721761]",43.862770918190805,5.707137117735467
"[0.543524216403089, 0.9032088577273906, -0.6938725280009058, 0.3983703925863597]",74.84827970002678,5.707891107512227
"[0.34378834678497955, 1.1235586534160689, -0.7427212189562856, 0.42866733860570705]",65.13579614739741,5.7083937673633995
"[0.322876220573634, 0.6135327189392629, -0.9603795790104632, 0.46377244044514054]",48.689461256818596,5.708456599844796
"[0.3788132027595596, 0.7487179212442326, -0.646913711942448, 0.47893434580594174]",43.131469124032044,5.708770762251779
"[0.18120220147288163, 0.7599885241059283, -0.6017295208873356, 0.3692166851040658]",42.84644005948086,5.708833594733176
"[0.4261427769698221, 0.9936599291344717, -0.7574104371428884, 0.5366436493516555]",78.04926113029484,5.710278741805298
"[0.133031412463324, 0.7281754604738605, -0.7059197400899704, 0.4657861886835861]",65.57620374122784,5.710341574286694
"[0.26766237653545905, 1.145182865632107, -0.7844726783016633, 0.41989388045169257]",54.97787728069945,5.710467239249487
"[0.3899032280752475, 0.945719211671268, -1.0764572757601034, 0.5031864508843166]",54.733432595186436,5.71134689398904
"[0.18643250524772817, 1.0735458699267006, -1.0129493135928682, 0.4498367277886034]",54.54250664602217,5.711409726470437
"[0.1994253985734673, 0.6756558015743108, -0.8421920827605828, 0.5303825881251126]",59.68067127273062,5.711535391433229
"[0.2723176723117034, 0.6706072840900915, -0.8395882095940026, 0.5456552909917024]",59.8764049570827,5.711598223914627
"[0.24176848035390058, 1.0643600041263517, -0.9945301692923048, 0.5018885872670582]",54.41173521814263,5.711661056396023
"[0.42569399877348935, 1.0893318885315417, -0.7051091107566239, 0.39187589009315277]",63.9377562190121,5.712415046172782
"[0.45973707924035856, 0.7756252227855417, -0.6488394160213775, 0.43835504873516523]",47.602256516998565,5.713357533393731
"[0.5721139439265377, 0.8906973592104546, -0.7197081791607886, 0.36274205857824343]",64.41113819162332,5.714174355651888
"[0.5241034001901417, 0.8163532178533592, -0.6791357120633301, 0.41127705557047506]",48.932709728276606,5.71543100527982
"[0.4052179615868665, 0.9329253477496363, -0.9871098774318969, 0.5641819984375862]",46.93165997449571,5.716059330093786
"[0.20339959212807648, 1.1163025121562407, -0.9057941035053501, 0.46262896650516805]",46.81605702885867,5.716122162575182
"[0.1695463500435906, 1.1145344302341353, -0.9241926074988762, 0.433572771918972]",46.9367342054411,5.7161849950565795
"[0.3259909420694058, 1.0391914822432244, -0.91346258669143, 0.5590129222247406]",46.89909293331989,5.716247827537976
"[0.24670885250662727, 1.157768015432402, -0.7683062115123553, 0.3499726085906769]",48.24295852861023,5.716499157463562
"[0.39544101755732836, 1.0662832881202444, -0.741198332137777, 0.48763260407799086]",89.98983340493952,5.716624822426356
"[0.20699997840866682, 1.109124511958173, -0.9205386662230156, 0.47112020280332806]",47.25049284609723,5.7176301421287015
"[0.3715081659767827, 0.7223090289532785, -0.7579068558323657, 0.5500851162959544]",53.23186346053183,5.717944304535684
"[0.25377564840173417, 0.7062150747708955, -0.7279690035081443, 0.5307908109146763]",76.02999829117448,5.718132801979874
"[0.369400094774527, 0.7403574859717517, -0.6861611798946224, 0.5168872108779665]",68.28760829764829,5.7190752892008225
"[0.2533310209929152, 1.1571327219921332, -0.766647631548368, 0.35659146640402695]",88.95266428355116,5.722154080789257
"[0.1649871445890632, 0.6914414678414196, -0.8054839610266942, 0.5182354505877451]",68.57450344431251,5.722216913270654
"[0.453812531781615, 0.8324617423452307, -0.77898871759932, 0.5600765290364306]",38.188048988992975,5.722531075677637
"[0.4579541516814438, 0.8507735703934486, -0.7569476437680749, 0.5508384137540017]",38.08939414705223,5.722593908159034
"[0.4618199041468747, 0.863873845471418, -0.7436105091034261, 0.5425371785499258]",38.03076270908235,5.72265674064043
"[0.4653421258982708, 0.8747338392605974, -0.7339847755253127, 0.5348433883334461]",37.98865611423897,5.722719573121826
"[0.4685525883867634, 0.8842880977322246, -0.7265301268717875, 0.5275907877682117]",37.95602870883045,5.7227824056032235
"[0.47148268568614504, 0.8929738086289382, -0.7205342479378163, 0.5206803016959572]",37.92969247579667,5.72284523808462
"[0.4741586864897575, 0.9010420276308478, -0.715596954981486, 0.514041747715953]",37.907889611377314,5.7229080705660165
"[0.4765994281729629, 0.9086483108395191, -0.7114710284983625, 0.5076267681275408]",37.88955249434701,5.722970903047413
"[0.47881946743080384, 0.9158996264744341, -0.7079899435922633, 0.5013975007309677]",37.87397332390242,5.7230337355288095
"[0.48082919145444786, 0.9228713868869194, -0.7050366016498376, 0.495325224459899]",37.860662338600584,5.723096568010206
"[0.48263662226885246, 0.9296216588809019, -0.7025241064797576, 0.4893850741838355]",37.849261635949325,5.723159400491603
"[0.4842472868430295, 0.9361953755555695, -0.7003866513346357, 0.48355630209691564]",37.839504774106466,5.723222232973
"[0.48566472118629084, 0.942628719463844, -0.6985730423902912, 0.4778208367915947]",37.83118829720746,5.723285065454395
"[0.48689057999601465, 0.948950996969255, -0.6970428404009494, 0.47216315045922286]",37.82415501240353,5.723347897935793
"[0.4879248283404371, 0.9551860967747366, -0.695763616651148, 0.4665699659629131]",37.81828218182899,5.723410730417189
"[0.48876608943342414, 0.96135482325575, -0.6947088008771343, 0.4610288385090603]",37.81347226277241,5.723473562898586
"[0.48941165657240004, 0.9674760095052365, -0.6938564160696584, 0.45552761369818334]",37.80964761231316,5.723536395379982
"[0.4898572870362987, 0.9735654341562993, -0.6931883935841371, 0.4500557240889453]",37.806747825687616,5.723599227861379
"[0.4900973773274561, 0.9796383606991652, -0.6926895855836693, 0.44460213443440555]",37.80472562768122,5.723662060342775
"[0.4901247359005885, 0.9857076296330032, -0.6923474843418916, 0.439157212938367]",37.803545922624366,5.723724892824173
"[0.4899304973481952, 0.991787653020155, -0.6921516039683352, 0.43370925391217646]",37.80318355001572,5.723787725305569
"[0.48950406762111776, 0.997888187156593, -0.6920934635102515, 0.428250126194308]",37.80362315631277,5.723850557786966
"[0.48883265526523506, 1.004022464797992, -0.6921661126672909, 0.4227680184304895]",37.80485806160771,5.723913390268362
"[0.4879010467302677, 1.0102024374423622, -0.6923641905873696, 0.41725170631677183]",37.80689071174967,5.723976222749759
"[0.4866914085024811, 1.0164390513568318, -0.6926837293120661, 0.41169027041977735]",37.80973218697509,5.724039055231155
"[0.48518231665998257, 1.0227450441610622, -0.6931222372668931, 0.40607053749685795]",37.8134038039222,5.7241018877125525
"[0.48334831135933576, 1.0291332224609497, -0.6936786883738632, 0.4003785131164026]",37.81793765753244,5.724164720193948
"[0.48115898120557127, 1.0356169347544248, -0.694353614478564, 0.39459879971936235]",37.823378186351476,5.7242275526753446
"[0.47857788667828993, 1.0422100753590675, -0.6951492442074156, 0.3887143617452352]",37.82978413701244,5.724290385156742
"[0.47556038801009204, 1.048928724619702, -0.6960699581521099, 0.3827047271266613]",37.83723315787694,5.724353217638138
"[0.4720504257498105, 1.0557927268959126, -0.697123007819422, 0.37654407041496935]",37.84582879304842,5.724416050119536
"[0.4679792436204598, 1.0628217165048035, -0.6983185785659708, 0.37020402970990424]",37.855702506316945,5.724478882600931
"[0.4632566883087374, 1.070042530225843, -0.6996719677053037, 0.36364589653482615]",37.867033418741045,5.724541715082328
"[0.457767287761623, 1.0774833905625854, -0.7012041970048782, 0.356824048921277]",37.88005606133816,5.724604547563725
"[0.4513526880459902, 1.0851828726443344, -0.7029463323716021, 0.3496747836566346]",37.89510009807401,5.724667380045122
"[0.4437877235973464, 1.093193089302913, -0.7049451099303746, 0.34210786305147184]",37.91264383924715,5.724730212526518
"[0.4347426296062468, 1.101580139652517, -0.7072719009045676, 0.33399581592321187]",37.9333993606142,5.724793045007915
"[0.42368190236060765, 1.1104476698962553, -0.7100476779845509, 0.3251295028108607]",37.95854352876727,5.724855877489311
"[0.40964623159905555, 1.1199618279452748, -0.7134973025283896, 0.3151385173566895]",37.9902201274136,5.724918709970708
"[0.3905262035947696, 1.130454622802479, -0.7181338839162983, 0.3032082617286381]",38.03322891048592,5.724981542452105
"[0.35900338272767246, 1.1429310807323443, -0.7258113911443332, 0.286513801125798]",38.104587018798995,5.725044374933502
"[0.15182709251493104, 0.7351897199881243, -0.6725072314745993, 0.45322379162136905]",77.29524511010523,5.725295704859088
"[0.30140835304068536, 0.6649452234505575, -0.856551167435603, 0.5438750017205565]",56.49272766645676,5.725358537340484
"[0.38789905893476, 1.021997750147715, -0.8035861365602216, 0.5530765111914283]",47.48490759145796,5.72579836471026
"[0.1687391244346556, 1.1145354113403834, -0.9243255466830568, 0.4327194485686543]",54.557830803592275,5.72655235448702
"[0.15842857033981922, 0.7389691038957323, -0.6584685335154349, 0.4439943490790435]",53.38747565102842,5.728500161410315
"[0.39519686915743774, 0.7280242788610205, -0.7798217488163119, 0.5538940241372936]",46.051180147731266,5.72969397855685
"[0.24724259018212755, 0.7289218137987202, -0.6526659581618519, 0.4813753243578923]",45.15084175991204,5.729756811038247
"[0.09328502913514787, 0.7744278086688655, -0.6511216234167289, 0.3519149937210227]",44.979798509158336,5.729819643519644
"[0.27508231724891596, 0.6800046054944252, -0.8126194694188559, 0.5488436815842433]",76.57879415883701,5.72988247600104
"[0.3380986306565592, 0.6839576505373913, -0.8235174649146079, 0.5521763325586008]",86.58349408410669,5.730259470889419
"[0.2603582605822057, 0.6885957739715762, -0.7852279389717789, 0.5458028247198178]",95.04829589950516,5.730322303370817
"[0.3330215324308932, 1.0560600306225967, -0.8616243633429505, 0.5505534869871712]",86.3209056477882,5.731578952998749
"[0.48211642109626696, 0.9610996993323565, -0.6988186398590274, 0.4727321209003908]",52.641890460249456,5.733149765033664
"[0.3726238230906989, 0.9595936273744139, -1.0520187155314473, 0.5266655153288373]",47.079373375800685,5.734029419773217
"[0.2623518584424818, 1.0560428887357483, -0.9893564723142998, 0.5174061185554059]",46.90148447342412,5.734092252254613
"[0.14987839671655837, 1.0645958003987555, -1.032619616710072, 0.4013887076341876]",47.0724533999632,5.73415508473601
"[0.351990406654355, 0.6730876196280924, -0.8535003035067337, 0.5447756746978493]",52.75670553751937,5.734469247142992
"[0.5230658599285002, 0.6747187042195316, -0.883410909997229, 0.4155037359121603]",50.52165506309955,5.7345320796243895
"[0.2776078614043811, 0.7141499819036881, -0.7059644674091208, 0.5254172686470905]",52.375873386916766,5.735286069401148
"[0.37899314442055676, 1.125477101661213, -0.7166452589846719, 0.3642687477940374]",54.415913898424634,5.736731216473271
"[0.369468673810967, 1.124013254620113, -0.7219298016162216, 0.38861619274102427]",54.51539232314965,5.736794048954667
"[0.07631113606240005, 0.6978763142076214, -0.9509497526652231, 0.42032053354256493]",74.17337852968528,5.7374223737686325
"[0.33400361116029464, 0.6791080989338724, -0.8325531201635187, 0.5505699140053738]",59.2529435739222,5.73767370369422
"[0.48281916112358025, 0.6236559397843203, -0.8957461598321905, 0.3833719011796874]",57.01923626617408,5.737736536175616
"[0.16876171625354322, 0.7166010258977586, -0.7157621378505558, 0.4946016934236327]",58.75297030218018,5.737987866101203
"[0.2687723664319077, 1.1354227294774382, -0.8035503553558468, 0.45015586613596553]",72.88839105838531,5.738679023396565
"[0.4517621587321443, 0.8759042479767216, -0.7847873028379849, 0.5650868283581905]",61.064535509177404,5.738930353322152
"[0.1348760238466886, 0.6974215213874685, -0.809152114112264, 0.5026628536803284]",65.08028514381971,5.739558678136118
"[0.4067787701349171, 0.695276250551011, -0.8527361581735333, 0.5434469487786485]",66.27797838986326,5.739621510617514
"[0.2540146756224604, 0.6995430542689606, -0.7498196812381124, 0.5380445489591859]",65.32637389071881,5.7396843430989115
"[0.24071923656865007, 1.0705490646307192, -0.980753128138162, 0.5036993188639777]",93.08351648570405,5.740187002950084
"[0.3557905330114376, 0.7246745192814174, -0.7286751906063295, 0.5409196189944678]",89.74323840010604,5.740249835431481
"[0.07329568350452834, 0.7219871286476882, -0.7983946081673557, 0.4525916238269654]",71.3742023336839,5.740878160245447
"[0.027560167486528755, 0.7704659417737445, -0.7532812421624965, 0.36271906329357173]",71.31046221087813,5.740940992726844
"[0.39281927381895604, 1.0339963867657445, -0.7781321728208194, 0.5354678560542652]",92.78878590553697,5.742260474836172
"[0.5583637285169167, 0.9539961209861454, -0.7141335485877932, 0.3493781432090806]",99.48768741223085,5.7882538512184905
"[0.37096229183168783, 1.0654473882209585, -0.7769320262345154, 0.5173881214283412]",98.95779486919191,5.789950328216199
"[0.3347452100166262, 1.063906981663892, -0.8432085453679099, 0.5431358519199511]",83.29615278915912,5.790075993178992
"[0.21757150451217752, 0.6775086147227231, -0.8273251721138906, 0.5370005389067999]",97.1842014538206,5.791709637695305
"[0.1083041695532655, 0.7123963444029094, -0.781754887071037, 0.48041424754087264]",71.7944071115044,5.7918353026580975
"[0.49236357945847703, 0.7524356122815472, -0.6527582703795085, 0.3679024474779508]",82.20192872373524,5.791898135139494
"[0.15874283338418313, 0.7111149847969016, -0.7397557514113825, 0.5002627021149028]",65.52818618061836,5.793468947174409
"[0.3357689675774222, 0.6952565794014381, -0.7946302155729875, 0.5538923328451327]",66.05709457800064,5.7935317796558055
"[0.32307454817212433, 0.6883702464814109, -0.804726891492018, 0.5532759418125275]",65.98914984488226,5.793594612137203
"[0.11165999535726075, 0.7036341872615663, -0.8116854048317015, 0.48762808947812203]",65.4218965839483,5.793657444618599
"[0.2976647847152701, 1.0876909839775575, -0.8612235431289678, 0.5254680896745013]",85.63311974477939,5.794285769432565
"[0.11413103468127254, 0.7939110232528049, -0.6211143114533636, 0.2835439766321675]",73.67949265592607,5.794788429283738
"[0.3644261290629168, 1.0966952744605623, -0.7496092435616373, 0.4705519343051184]",65.19730149103455,5.794851261765135
"[0.29818253729820043, 1.050439734343308, -0.9438781418902992, 0.5447999237811844]",66.32876469956773,5.795605251541894
"[0.21335095706957188, 0.7094073291407295, -0.7208046690523442, 0.5165032569224044]",59.20697372446577,5.79585658146748
"[0.4847955335696511, 0.6921001755915333, -0.9002870104884511, 0.48554451777622737]",64.67678979675021,5.7959194139488766
"[0.10742608292042248, 0.7667842534030733, -0.6465546136723642, 0.3699932340958173]",67.18143300153176,5.795982246430274
"[0.5031235338638076, 0.6386590205852676, -0.8812608204299903, 0.38254235192458813]",57.53373232515054,5.796170743874463
"[0.11885961854397065, 0.6802040591243296, -0.9185912825645709, 0.472902916293348]",66.38140699892064,5.79623357635586
"[0.1723758152459554, 0.6859216743202369, -0.8210560613106991, 0.5219289803888378]",59.10145430043753,5.796296408837257
"[0.19892707083653405, 0.674280186244939, -0.8475080181633271, 0.5295106554624452]",70.62515892463514,5.79661057124424
"[0.4440733071658274, 0.982102307990981, -0.7348044392760722, 0.5203408562786771]",54.90415583908968,5.797490225983792
"[0.11809148319406379, 0.6746087654173423, -1.0050521921191646, 0.40459691293262734]",57.648106821476915,5.797553058465189
"[0.4558918755303697, 1.018200756020656, -0.7056006465375683, 0.46372013491837766]",54.696245328525904,5.797615890946585
"[0.11383886687294258, 0.7027155643295119, -0.8125713703485483, 0.4892527282748857]",85.18795578501214,5.798118550797758
"[0.41146665832216256, 1.0168495705147857, -0.7629035394961409, 0.5327941921919364]",88.69423182275821,5.799312367944294
"[0.2599132210792596, 0.627029392814908, -0.9652454860613108, 0.4772831976510331]",70.01610450988504,5.799500865388484
"[0.04473076563202636, 0.8042435014274143, -0.690041087971538, 0.29291938461718803]",52.36836063418001,5.7996265303512775
"[0.2543360357925231, 0.7137064978590107, -0.7031865227631416, 0.519538725737102]",52.74504276623675,5.799689362832674
"[0.3168077501368474, 0.6468423461702907, -0.8985337065638966, 0.5249877708690944]",57.19346523131532,5.79975219531407
"[0.4204821353162789, 0.6037378459831075, -0.9357417577330469, 0.4087608481226382]",50.45226665554326,5.80069468253502
"[0.32186864262616177, 0.6720956148492416, -0.8439377287860432, 0.5478409450563051]",53.01654689283022,5.800820347497813
"[0.05947418603417698, 0.7155317041039471, -0.8625918049208581, 0.439596524209588]",52.33194280846874,5.800883179979209
"[0.15915221741143884, 0.6880836861970738, -0.8231172914959775, 0.5160035675209619]",78.81422851042304,5.801134509904796
"[0.16655832861145825, 1.0613908415946587, -1.0406914878551476, 0.41626446198929096]",47.51307928947879,5.801323007348985
"[0.24336301455950965, 1.0576486603438509, -1.0091466296686167, 0.49897008349797095]",47.390004666034585,5.801385839830382
"[0.3148137281234237, 1.0095120834773912, -1.0258367216207294, 0.5316300259059813]",47.42597044187263,5.801448672311779
"[0.06279143879437078, 0.7695601415978286, -0.6934688289160971, 0.3681966285950427]",69.75700480052276,5.803207981790884
"[0.5261550750285044, 0.6514499967044944, -0.823813627125622, 0.33208492834079195]",66.57134371883159,5.804213301493229
"[0.1990953484664479, 1.053262147245115, -1.0514118543425421, 0.4428023709418074]",76.86440425060358,5.804464631418816
"[0.3335898241506909, 1.1247874373297748, -0.7513657250263598, 0.4369930355021899]",52.0974783290238,5.804653128863006
"[0.18162786169545467, 1.0530170371605985, -1.0559560246972404, 0.42226416138919526]",58.90482321062489,5.8050301237513855
"[0.07124781059925443, 0.7961097625310294, -0.6591890108065807, 0.3017162436887151]",45.433542773370235,5.807794752932836
"[0.16130185820830062, 0.7382399025016738, -0.6584206400273666, 0.446061470589645]",45.60207068929064,5.807857585414233
"[0.26217387740134473, 0.7248206745299278, -0.6664515534884039, 0.49697890029982233]",45.71860471280029,5.807920417895629
"[0.3580347400067172, 0.7275853748087084, -0.7214655945699069, 0.5378419409805804]",46.10062839998201,5.807983250377026
"[0.5488305317333055, 0.717987598325184, -0.7449160666420233, 0.3387389092393316]",44.964272839300754,5.808046082858423
"[0.4333989307393249, 0.9388164952736539, -0.7946791745149943, 0.5679848836155844]",65.40590580034961,5.810936377002666
"[0.25817467576138986, 1.0096158221049027, -1.1166986071115832, 0.42163625755752154]",71.74871576052472,5.811439036853839
"[0.1546102186684708, 1.140852862883515, -0.8385238348273231, 0.3507478365490984]",48.609718703902566,5.811690366779427
"[0.32509391578912966, 1.121686482829945, -0.7646049925700356, 0.4540182074975517]",57.626504838233096,5.812884183925962
"[0.5123112495333274, 0.8931019001300107, -0.6861557813295749, 0.4477758964959814]",54.49562739018661,5.813072681370151
"[0.18474887612178398, 0.6409010402597567, -1.0254623838681511, 0.4030342116687497]",42.04291663091243,5.813952336109704
"[0.2564126422918608, 0.6194984071701116, -0.990375586717036, 0.4478567353655954]",42.23399339064665,5.814015168591101
"[0.30684277892088985, 0.6148183731301645, -0.9654243001709459, 0.4642195588949295]",42.387252152640606,5.814078001072498
"[0.35451943784360074, 0.6176513648914568, -0.9438839362176216, 0.4711023571683225]",42.55596252936117,5.8141408335538936
"[0.40398169197330874, 0.6285134182258818, -0.9246381543720039, 0.4712904256488369]",42.76474740493326,5.81420366603529
"[0.4605246790755585, 0.6523700304296561, -0.9073469816129827, 0.4639382080238674]",43.06015613689079,5.814266498516687
"[0.5523397680628377, 0.7267974525409715, -0.8944200619736439, 0.4270195356347132]",43.697398979385305,5.814329330998084
"[0.15230622858855608, 0.6688126981730698, -0.9171494142852379, 0.4915203231566319]",48.763897323764496,5.814517828442273
"[0.3281049388818237, 0.661809722444866, -0.8683393433382947, 0.5397930640973672]",45.66070002971054,5.814643493405067
"[0.22593674238164782, 0.6637657600643833, -0.8706416108425614, 0.5314829605512879]",45.26789730961061,5.814706325886464
"[0.13474320814954305, 0.6800810299591478, -0.8869557170123822, 0.49410513794898564]",45.05703000910504,5.814769158367859
"[0.03253489061621172, 0.7302820351587308, -0.8995357624931481, 0.3944097929013542]",44.84544505812974,5.814831990849257
"[0.1458782271338226, 1.1362484101217096, -0.852001071548462, 0.35503929578009363]",39.620820923967415,5.814894823330653
"[0.17773790888389396, 1.1452138344517384, -0.8342951827646153, 0.37809605836071875]",39.54252007461999,5.81495765581205
"[0.20164482061279473, 1.1478563567528228, -0.8230654516407906, 0.3951420787478493]",39.49242413468433,5.815020488293446
"[0.22133119758032005, 1.1475506991405662, -0.8149805005172184, 0.40931214685906897]",39.45565376699307,5.815083320774843
"[0.23823402344596661, 1.1454866785824482, -0.8088516388942901, 0.42172723868093015]",39.42699334070418,5.815146153256239
"[0.27847587039010147, 1.1333226162857628, -0.7975139850159358, 0.45295456035009685]",39.36931702822407,5.8153346507004295
"[0.2894701692734932, 1.1279885436480854, -0.7953504802904071, 0.46207865746842514]",39.35634592590758,5.815397483181826
"[0.299569888385735, 1.1221996752110768, -0.793802213983453, 0.47075821654609057]",39.345658210630745,5.8154603156632225
"[0.3088972486426661, 1.1160166964534717, -0.7928056308694712, 0.47906439459182854]",39.33696644675938,5.815523148144619
"[0.31754920558558375, 1.109481893376312, -0.7923167993344641, 0.48705080777413046]",39.33006397616226,5.815585980626016
"[0.32560235862701875, 1.102626310231859, -0.7923062231198693, 0.49475629053547354]",39.324804067116325,5.815648813107412
"[0.3331224135988517, 1.095469458689922, -0.792755371522018, 0.5022123481842458]",39.32108221069799,5.8157116455888085
"[0.34678100204916706, 1.0802888108102409, -0.7950045887990284, 0.5164688755821039]",39.31800848085316,5.815837310551602
"[0.3530074644314065, 1.0722725480184025, -0.7968093941262105, 0.5232968164056429]",39.31860808925359,5.815900143032999
"[0.36445011072544964, 1.055357027590385, -0.8018480035122809, 0.5363915834982067]",39.32415504837181,5.816025807995792
"[0.36973515195506934, 1.0464317319048728, -0.8051321767300235, 0.5426573309315126]",39.32921362834214,5.816088640477188
"[0.37477570366067037, 1.0371648346101812, -0.8089761971474575, 0.5487273153089225]",39.33592373242737,5.816151472958586
"[0.379606701706189, 1.027526763886556, -0.8134313338526882, 0.5545858353024468]",39.34442976888673,5.816214305439982
"[0.3842669959285952, 1.0174775381882784, -0.8185646015770387, 0.5602091401844351]",39.354929311868844,5.816277137921379
"[0.3888008368197662, 1.0069662908714687, -0.8244626707707385, 0.565560947715703]",39.3676890877755,5.816339970402775
"[0.39326216746219167, 0.9959266202733383, -0.8312395341482879, 0.5705878514431418]",39.383073025559426,5.816402802884172
"[0.3977214008896728, 0.9842689783346826, -0.8390492878929859, 0.5752113261789092]",39.40158985045125,5.816465635365569
"[0.40706590308329377, 0.9585722111799441, -0.8587090817268204, 0.5826985183360675]",39.45129038680622,5.816591300328361
"[0.4184660467869275, 0.9281065381576729, -0.886749906553033, 0.5858010208144899]",39.529008909719586,5.816716965291155
"[0.4718909998701254, 0.8559533480996331, -0.9908726386627137, 0.5340196696886387]",39.912164760236756,5.8169054627353445
"[0.4380969045008623, 0.9060417760210304, -0.8225242662847667, 0.5782725030550773]",49.49969745934,5.838645501298572
"[0.4214595338774852, 1.0103434502621627, -0.7514949795263931, 0.5265009161358742]",49.30222957897123,5.838708333779969
"[0.29124513394560136, 1.1505429294313758, -0.7533851650374119, 0.379279925171047]",49.422816500030194,5.8388339987427615
"[0.3361104869328747, 1.1483855934448834, -0.7284687538831464, 0.30685011651884336]",49.15003826017172,5.8406561407032624
"[0.4605691729020711, 0.888402424028044, -0.7456730566203316, 0.5433765029961876]",49.06425686337516,5.84071897318466
"[0.592933636274743, 0.8837185720063474, -0.7550301153563275, 0.3394573501884059]",78.73870480911684,5.841535795442816
"[0.21773302276915074, 1.1525095690408602, -0.8016834659593731, 0.38377996509635065]",58.32192529431091,5.8417242928870055
"[0.3862935366714043, 1.1270196949051523, -0.7148718310034313, 0.33984975491361924]",88.42634543375632,5.842226952738178
"[0.43432125410901457, 0.631213452053863, -0.9192064936313544, 0.4548964805983436]",55.72338808481803,5.843232272440525
"[0.48973690146501125, 0.8431050201177429, -0.6863226819588283, 0.47658283043234784]",47.31275652898542,5.851023500133704
"[0.5199411352284383, 0.8754570169764135, -0.6843520933418995, 0.4361313703004337]",47.22841866197996,5.8510863326151
"[0.5496518052751794, 0.9514994427050444, -0.7045547793664005, 0.3655393183020146]",47.25428354605426,5.851211997577893
"[0.11317495795140274, 0.7620108631834582, -0.6481225745875188, 0.38243625437320783]",54.97199563077477,5.851588992466273
"[0.10803369098045547, 0.695314025275163, -0.8547045229558797, 0.4840608570721647]",62.436227166355735,5.854290789166328
"[0.18708559005491615, 1.1450159742826087, -0.8355322531070146, 0.3921127860919658]",49.566986542012046,5.8546677840547074
"[0.452363066288197, 0.8721889109628783, -0.9691586298075053, 0.5571206815886173]",49.836924501305646,5.854730616536104
"[0.4977220789281581, 0.8441935217054574, -0.682304856075515, 0.4633282240727251]",66.43980304310341,5.855673103757053
"[0.40699752663693073, 0.7068448493670353, -0.6236553787367665, 0.2331430531108506]",59.90514143675511,5.856741255940795
"[0.5686547616515282, 0.9088647316271538, -0.7167440641033478, 0.36086454349590563]",93.5343414757856,5.856992585866382
"[0.4518966698480706, 0.6466485856917173, -0.9100802868054986, 0.4638913684566055]",53.20946926807937,5.8571810833105715
"[0.5547432473441407, 0.6961777968160859, -0.8096517589568584, 0.35549486920914214]",68.02666712048243,5.8585005654199005
"[0.5148577551985561, 1.0550775837117625, -0.7333506259826268, 0.27780041371990977]",47.827066946499826,5.8587518953454865
"[0.5386810084763454, 0.8865172544785043, -0.6903637592073959, 0.4084179268955843]",47.54014141533604,5.858814727826884
"[0.21706944063121517, 1.1173363690168352, -0.8935379103228887, 0.4709046022221809]",96.99044847954083,5.859128890233866
"[0.12047451280823557, 0.7959176310186556, -0.6168939333813008, 0.271910676384948]",46.70054718598908,5.8598200475292295
"[0.24367815359341682, 1.0975064425313867, -0.9140285405517317, 0.5023365443474997]",49.06364799866384,5.860636869787385
"[0.1389114674216995, 0.737405276037395, -0.6763368306477512, 0.44671602717990533]",54.53932057518105,5.860888199712972
"[0.2085117816005819, 0.7133337859359912, -0.7092480914273207, 0.5091316572472997]",73.93592561151792,5.860951032194368
"[0.4152008824519192, 1.0905418890317948, -0.7092680128727898, 0.40838922884238776]",78.62828415941831,5.861642189489731
"[0.27600927044985196, 1.0974521199513414, -0.8730452901841297, 0.5140486887014498]",48.48292866609558,5.861767854452524
"[0.4590503276560696, 1.0575854320609148, -0.6977361753548221, 0.39841993920835883]",48.71967020913283,5.862082016859507
"[0.5971244847786271, 0.8526498186266884, -0.7684309714347369, 0.3448716061787766]",66.11590591526031,5.862270514303697
"[0.29277215625708913, 0.750858194644303, -0.571909962337147, 0.3134305366968275]",61.526964505526635,5.86258467671068
"[0.4526521705984749, 0.8956593478902718, -0.7680959368547976, 0.55734988571047]",77.6312065846115,5.863464331450233
"[0.1473799936545767, 0.6773209516709139, -0.8819011317529174, 0.5021032525149632]",50.52919030415303,5.864092656264199
"[0.3406674380076945, 0.7069342821880458, -0.7670482271582965, 0.551475034590332]",73.43944006477084,5.864218321226992
"[0.12528985379670057, 0.7003540871645272, -0.8080097805213169, 0.49663053455766387]",70.81424395154782,5.864532483633975
"[0.337162747943974, 0.7416804039041731, -0.6262983182007785, 0.46027531190920173]",84.36010665301825,5.872512208771345
"[0.24544165919008243, 0.6775639134514398, -0.8203092027531399, 0.5437533242291829]",64.26288677315013,5.873077701103914
"[0.4505789932786652, 0.8681132855943612, -0.9399145374065094, 0.568070892611099]",40.87782977423227,5.87314053358531
"[0.43853214277579927, 0.8867752620307856, -0.9130446180737275, 0.5795844814869471]",40.78056514369052,5.873203366066707
"[0.43134460456291146, 0.9019369274317798, -0.8943153938995263, 0.5840046369002352]",40.71922429863817,5.873266198548103
"[0.4261320605379468, 0.9151494340663683, -0.8796027763932542, 0.5854701173614383]",40.674180744313844,5.873329031029501
"[0.42195860842646205, 0.9270555925383325, -0.8674172705553472, 0.5853059350911539]",40.638788992078474,5.873391863510897
"[0.4183937581496324, 0.9380123217079223, -0.857006684443046, 0.5841117110935867]",40.60986849941673,5.873454695992293
"[0.4152058633347506, 0.9482347242037761, -0.847937066432511, 0.5822092286608096]",40.58565234757416,5.87351752847369
"[0.41225480753366694, 0.9578671199095494, -0.8399287754723744, 0.5797908564544643]",40.56504195936099,5.873580360955087
"[0.4094480357046935, 0.9670153099231847, -0.8327868235682486, 0.5769789940116193]",40.54729878608002,5.873643193436483
"[0.4067221921028306, 0.975754639910615, -0.8263730670432665, 0.5738568250800026]",40.53191181492461,5.873706025917881
"[0.40403070395082474, 0.9841438924499323, -0.8205832829568617, 0.5704822525149624]",40.5185068499927,5.873768858399276
"[0.40133862638858964, 0.9922275104794941, -0.8153384221302103, 0.5668976226162171]",40.506805950023534,5.873831690880673
"[0.39861696725559986, 1.0000448880478319, -0.8105739124989277, 0.5631322931935503]",40.49659067749691,5.87389452336207
"[0.39584323187065984, 1.0076239840660743, -0.8062407309777541, 0.559209779646159]",40.48769642345264,5.873957355843467
"[0.39299839682564597, 1.0149876505992508, -0.8022990336400484, 0.5551479903114365]",40.47999264285832,5.874020188324863
"[0.39006407850398117, 1.022158971356982, -0.7987140360802042, 0.5509580654573277]",40.473371076305035,5.8740830208062595
"[0.3870256675703326, 1.02915213930437, -0.7954597006466596, 0.5466509332705232]",40.4677500649917,5.874145853287656
"[0.3838680951850445, 1.0359822615371193, -0.7925128548049413, 0.5422327687481776]",40.46306120964957,5.8742086857690525
"[0.3805777264400978, 1.0426601959182602, -0.7898551295273581, 0.5377087914427822]",40.45925144657177,5.87427151825045
"[0.37714097702840155, 1.0491953235688642, -0.7874711722378603, 0.5330821375725775]",40.45627871185118,5.874334350731846
"[0.37354359948607013, 1.0555963675012423, -0.7853480940670786, 0.5283535863236893]",40.45411046067777,5.874397183213243
"[0.3697715437782629, 1.0618693979720684, -0.7834759241742718, 0.5235232539033127]",40.45272352311587,5.874460015694639
"[0.3658104172097615, 1.0680186857440153, -0.781847005786094, 0.5185902567369287]",40.45210264814046,5.874522848176036
"[0.36164392117491606, 1.0740487158642749, -0.7804553584653333, 0.5135511553647092]",40.45223995515023,5.874585680657433
"[0.3572566056648293, 1.0799597454413499, -0.7792976585190116, 0.5084036390488175]",40.45313479148276,5.874648513138829
"[0.3526282305845113, 1.0857551714076594, -0.7783716532177107, 0.5031401451643527]",40.454794431630155,5.874711345620225
"[0.347740698682707, 1.0914317786209982, -0.7776780345407085, 0.4977562495094405]",40.457232778597714,5.874774178101623
"[0.342571122443678, 1.096988099670805, -0.7772190253483174, 0.49224297072155804]",40.46047268268746,5.874837010583019
"[0.3370946782564013, 1.1024199072710283, -0.7769993120138134, 0.48659040315737395]",40.46454585470579,5.874899843064416
"[0.33128227447472375, 1.1077217555598091, -0.7770261776320215, 0.4807855928619796]",40.46949527895928,5.874962675545812
"[0.3251028381495703, 1.1128837784241892, -0.7773099005255871, 0.47481518775148274]",40.475374481546716,5.875025508027209
"[0.31851823180393246, 1.1178948929455184, -0.7778643302467833, 0.46866078570100617]",40.482253514530996,5.875088340508605
"[0.31148355001561084, 1.122740248651626, -0.7787078435717693, 0.4622999081403372]",40.490221548419846,5.875151172990003
"[0.3039466646165089, 1.1273992647290936, -0.7798642969655459, 0.45570610882374724]",40.499390384824125,5.875214005471399
"[0.29584563526154456, 1.1318444927962865, -0.7813645146130561, 0.44884719350811436]",40.50990141628662,5.875276837952795
"[0.28710022292623805, 1.1360418474641123, -0.7832497043018903, 0.44167886034692716]",40.521942925580866,5.875339670434192
"[0.27761484010019344, 1.1399426651904776, -0.7855735832856816, 0.43414821317673946]",40.53575572690014,5.8754025029155885
"[0.26725845551654925, 1.143483359157026, -0.7884109919961092, 0.4261787515711714]",40.55167605365923,5.875465335396985
"[0.25586609096618235, 1.1465700858925034, -0.7918639644710372, 0.4176731079441876]",40.570157449295934,5.8755281678783815
"[0.2432006227871836, 1.1490674724368892, -0.7960830568396348, 0.4084854194121529]",40.59187113611489,5.875591000359778
"[0.22891838467268813, 1.1507633300999134, -0.8012981399632514, 0.39839765545096334]",40.617842140110476,5.8756538328411745
"[0.21247164668454924, 1.151300307254358, -0.8078920995887751, 0.3870490422659641]",40.64978511146289,5.875716665322572
"[0.1928883092926244, 1.149997267295077, -0.8165809651059168, 0.37377204031249817]",40.69092785758982,5.875779497803968
"[0.1680014418292025, 1.1452374907512848, -0.8290451095396284, 0.3570039381974313]",40.74892998753991,5.875842330285365
"[0.1297411420902592, 1.1303825744364595, -0.8520286062030241, 0.330517163786861]",40.85512506775617,5.875905162766761
"[0.2995660541223533, 0.6600567997861069, -0.8683651939936262, 0.5399401409512998]",46.74147257076708,5.875967995248158
"[0.41574644618275103, 0.6743988084553326, -0.8832561183407008, 0.5226771443918725]",47.42810204393583,5.876030827729554
"[0.48586263883626346, 0.6696973025571539, -0.9015528982588743, 0.46015040833441107]",44.42949284038592,5.876407822617934
"[0.43239133000772617, 0.6410292815871494, -0.9139460790529118, 0.47190953905115596]",44.113452422766706,5.876470655099331
"[0.3885541289996274, 0.6264791225504263, -0.9279506122218467, 0.47590057971495076]",43.90080515627954,5.876533487580727
"[0.3485018828447216, 0.6191360973121135, -0.9432572365662063, 0.47529541270466885]",43.736114032179835,5.876596320062124
"[0.30979261168886635, 0.6168844643160082, -0.9600017586160271, 0.47029780318508324]",43.598122113799796,5.876659152543521
"[0.27037703051993417, 0.6192212583615981, -0.9785418859622291, 0.45984440784592934]",43.47423751737494,5.8767219850249175
"[0.22671990213444876, 0.62733585521437, -0.9998530140166991, 0.4405257890913755]",43.35133725673311,5.876784817506314
"[0.4605540558985827, 0.867018236579659, -0.9868347444812298, 0.5441854062346125]",49.23794796119551,5.877538807283074
"[0.4703116725557152, 0.9028689544351796, -0.7217090787079112, 0.5209282355950182]",48.97348231522111,5.877727304727263
"[0.4770994583166943, 0.9817355963929995, -0.6989750311079203, 0.4653514625851866]",52.7037130333244,5.8779158021714535
"[0.46998565524872477, 0.6453211441074966, -0.9070977751295559, 0.4439012407250295]",56.14427682715523,5.878229964578436
"[0.32569950285303273, 1.04892263804721, -0.8916959871862086, 0.5553999968675598]",52.586951447692016,5.878292797059832
"[0.2998275061422614, 1.1490103349469687, -0.7490471509501663, 0.37896573525680904]",57.93289995366571,5.878669791948212
"[0.143976486313206, 0.7027278490551924, -0.7801977578833162, 0.5040200651782571]",85.87542481728558,5.879172451799385
"[0.3841578070464565, 1.0839250446181503, -0.7391896497491689, 0.4713181296185463]",58.34039119369597,5.8807432638343
"[0.3921221023915064, 1.0155885319714706, -0.8034092079292641, 0.5553891167503159]",49.97313853168289,5.881308756166869
"[0.5107204558465575, 0.6440243613245865, -0.7875480302175061, 0.2876012713315365]",45.95575170973161,5.882753903238992
"[0.33087252486432356, 0.7263308782241639, -0.6938236762826296, 0.5233358273595695]",47.25523113986618,5.882816735720388
"[0.2119193516594751, 0.729520971733951, -0.657802296349036, 0.47392951718564164]",46.98930269874055,5.882879568201785
"[0.09267328157739158, 0.7677936002367372, -0.6599088643635239, 0.3698721459311553]",46.86438178071483,5.882942400683182
"[0.16691093278139885, 0.7286246005407948, -0.6806810178596923, 0.4704575550131522]",88.26248311092627,5.883570725497148
"[0.3177775054438372, 1.0069268516078007, -1.02739935254454, 0.5319249683907463]",90.33677977612435,5.883633557978545
"[0.33367506513548734, 0.7328009503570073, -0.6697951927509813, 0.506424173184361]",65.27449922948722,5.890922125820551
"[0.09312306959979536, 0.7047870689361724, -0.8357552185867564, 0.4740340510694486]",60.46064464558295,5.891047790783344
"[0.3038665482426142, 1.080724881459933, -0.8653638440028782, 0.5321394977792963]",69.45227494375136,5.891990278004293
"[0.4503011206143752, 0.9964978461920785, -0.7190083581024064, 0.49690734672220266]",87.23077798306464,5.892492937855466
"[0.22931669651513384, 0.6863836502562399, -0.7942353062032589, 0.5399560228188913]",67.15606897928404,5.892681435299656
"[0.33229021999341346, 0.6957603353610361, -0.7909750429163039, 0.5536426452730562]",67.55316958715807,5.892744267781053
"[0.1020678190720031, 0.7133102100850123, -0.7863630394281828, 0.4765073060006423]",73.319083165789,5.8937495874833985
"[0.12914797932310906, 0.7722400909860538, -0.6214055024147119, 0.34663695946130946]",90.16079140938552,5.894503577260157
"[0.39704526071818186, 0.7385118435759752, -0.7547046923259753, 0.5488578078652225]",78.70902642743138,5.907761230834843
"[0.37965395796814133, 0.6965750597456833, -0.8268427299520725, 0.5518065645619703]",67.97808647327457,5.907824063316239
"[0.45044157760178916, 0.9288079105489456, -0.7545529961114313, 0.5469809525057231]",62.95941268142831,5.908075393241825
"[0.2720639252450495, 0.6794170129193798, -0.8140499809467169, 0.5483856670721509]",85.38709798680958,5.908201058204619
"[0.13431772537673575, 0.6658795094103801, -1.0024371999807413, 0.41782540769871]",59.26083882696275,5.908829383018585
"[0.4354741342350796, 0.6693163876395078, -0.8955962317229769, 0.5051289546982025]",59.42822788432077,5.9093320428697576
"[0.2812064782884108, 0.6702359858337334, -0.8408825364067896, 0.5463354289992204]",54.38392262868042,5.9095833727953435
"[0.3104639650421655, 1.0193359913604285, -1.0040542198766862, 0.5394460588543363]",48.91851006540374,5.909709037758137
"[0.4372946558758522, 1.0784088812221093, -0.7024073197127602, 0.39629412517976936]",49.473353485302916,5.910148865127914
"[0.29488320517352146, 0.7481925841664757, -0.5877388596045089, 0.2070169673543806]",65.67299023390687,5.910274530090707
"[0.547781768288787, 0.6833573132101997, -0.8289166413287252, 0.36212490433512906]",77.23205891093266,5.91096568738607
"[0.5418921309523658, 0.7111065058002892, -0.737560811120304, 0.3313875845253877]",46.45127379500245,5.911028519867466
"[0.4874748178997272, 1.0763303742843051, -0.7232298302235012, 0.2846886901958841]",54.5247116528429,5.911719677162829
"[0.48980188489352755, 0.9832691962285726, -0.6925777668031828, 0.4419332760482889]",55.323903930795716,5.911908174607019
"[0.3686952445588306, 1.0946496596795052, -0.7467513246483313, 0.46966321651337867]",67.91188869335272,5.9120966720512085
"[0.3318821356282293, 1.040669250133541, -0.8967366297334471, 0.5598843530512833]",52.632519485115715,5.912222337014002
"[0.376835016935235, 1.1357316441837446, -0.7199832390912364, 0.30515850695044555]",40.13603909672855,5.912348001976794
"[0.4316523913782997, 1.1011318796716423, -0.7062822281944883, 0.34329792942755005]",40.016768168344704,5.912410834458192
"[0.45745961574907174, 1.0721368351015592, -0.699552258125099, 0.37079010568467186]",39.96056841095605,5.912473666939588
"[0.47225692264686275, 1.0458113643504505, -0.6955883935918099, 0.3946350175156483]",39.928511735736784,5.912536499420985
"[0.4806154652099925, 1.0210198813806712, -0.6936035145209003, 0.41672813604457687]",39.91175985428876,5.912599331902381
"[0.4844761587382564, 0.9970195536272528, -0.6935112867499118, 0.4380143434137722]",39.90741776116984,5.912662164383778
"[0.48481022116587125, 0.9731530902105431, -0.695602741062213, 0.45913816947633507]",39.91520487961203,5.912724996865175
"[0.4821023300566738, 0.948641767476463, -0.7005957048460861, 0.480682850728574]",39.93704725051083,5.912787829346572
"[0.4765058293102081, 0.9222841411219873, -0.7100138820172079, 0.5033249905165983]",39.97840638244903,5.912850661827968
"[0.46784170814204934, 0.8915249939392634, -0.7276299650148154, 0.5280912853172138]",40.05431122231476,5.912913494309365
"[0.4555717914423975, 0.8460333047740574, -0.7699899116407402, 0.5572448598772786]",40.23638697448534,5.912976326790761
"[0.6082300662859765, 0.8695164542382992, -0.8013585326715035, 0.32828841785138696]",64.02759585274089,5.913039159272158
"[0.2536805930449962, 1.0990661347615924, -0.8987352943095497, 0.5060985038926933]",48.96509030596055,5.914609971307073
"[0.2682980567209721, 0.6915428501943668, -0.7768965354219699, 0.5461846260623183]",76.55066211407147,5.915426793565229
"[0.5181967982054267, 0.8856741697315167, -0.6851657320519071, 0.43890234839792647]",53.609243899616445,5.915615291009418
"[0.23269979536364085, 0.6982495411626657, -0.7544453896561181, 0.5342473966227729]",86.31050117971341,5.915866620935005
"[0.2970889333247868, 0.7250290339223081, -0.6750252328607911, 0.5088791135648812]",55.226460271044814,5.916432113267575
"[0.527023602482367, 1.0259337407329077, -0.715893297136981, 0.3187071709218892]",58.265818233900724,5.916557778230367
"[0.4598705075114972, 1.029754220154039, -0.7001916396826064, 0.44189241770455573]",56.42704760626596,5.917060438081541
"[0.47036276807272115, 1.0647190337608432, -0.6993765143407721, 0.3610370076969143]",45.99722596110379,5.9173746004885235
"[0.27711202442954286, 1.144993688118375, -0.776177574017602, 0.4165341340391591]",52.79917380182872,5.949921825851967
"[0.47105979487222044, 1.013123203896947, -0.6973228541639587, 0.4436670927244126]",47.98715671456976,5.950487318184537
"[0.47273499345746994, 0.9432145807060696, -0.7106807285398432, 0.5001811301660956]",47.793904741451904,5.950675815628728
"[0.4356995426081823, 0.9297454808483802, -0.7978564664399534, 0.5699599635061141]",54.66051474204456,5.9510528105171066
"[0.434232510510676, 0.8947973714394777, -0.9154977539226704, 0.5805464196368559]",51.41462717818782,5.951115642998503
"[0.15355017130226917, 1.1135538308857107, -0.9273337350785116, 0.4162902143996291]",65.56909433650576,5.95136697292409
"[0.3162134678352422, 0.6188800764198267, -0.9535397924108324, 0.4760611893801203]",49.29040426424883,5.951869632775263
"[0.1318572248788184, 0.7047365246298085, -0.7840240693467642, 0.49745806082819566]",77.13618675523394,5.9524979575892285
"[0.4669017673386415, 0.8896924630517903, -0.7297839691859878, 0.5302649384153617]",40.24708462392461,5.9526236225520215
"[0.47837811360801463, 0.9325216065649079, -0.7063984073856651, 0.4956494968614365]",40.14749490475686,5.952686455033418
"[0.48384961877066485, 0.968404637848475, -0.6967122480384421, 0.4644714729115043]",40.10607892942063,5.952749287514815
"[0.48324597827813487, 1.002466001950336, -0.6935647641147458, 0.4343956933154578]",40.09536562432045,5.952812119996212
"[0.4751029611230987, 1.0370532628613858, -0.6947520669328854, 0.4037008606966027]",40.10933920411427,5.952874952477608
"[0.4554401285553514, 1.074143013812305, -0.6998927717022102, 0.37018101871885317]",40.151949543575626,5.952937784959005
"[0.4108574866089347, 1.1169719023249405, -0.7113080036581395, 0.32826656383735076]",40.24906487419075,5.953000617440401
"[0.34207400660564047, 0.6244609581034446, -0.9366590188530656, 0.4867813935415386]",56.93071425159222,5.953126282403195
"[0.45603454777528263, 1.1000515971566234, -0.7236191339722708, 0.27539481691853784]",95.46103229990965,5.953251947365988
"[0.42149715262548076, 0.9949950219022671, -0.7651813576739481, 0.5417348917109567]",57.55458293600836,5.953628942254368
"[0.27033323020339584, 1.0303735601934183, -1.0460854697229571, 0.4992183197123735]",64.1125559074247,5.954445764512523
"[0.2639863318323129, 1.0868648160308247, -0.9130843080121268, 0.5184454834430517]",87.56493530896948,5.954759926919507
"[0.19858396380273022, 1.0764597727846315, -1.0013220932478442, 0.4647026707912408]",49.14046655078081,5.9548855918823
"[0.39892532952589527, 0.713208504280047, -0.8164160189546177, 0.5537709269023208]",55.46038720550777,5.9551369218078865
"[0.4692651792566988, 0.7133182899985974, -0.8899025542067258, 0.5178525147389803]",62.74532968723205,5.955765246621852
"[0.4516617327209689, 0.9477031272169752, -0.7411258901323291, 0.5339392652215937]",63.126498461633425,5.956016576547439
"[0.2645464349648612, 0.6988035009229908, -0.7533876440870104, 0.5410240963473091]",67.52212775123952,5.956205073991629
"[0.2105432628890181, 0.7029574330787397, -0.7429053880780383, 0.524160190149446]",67.45528330042917,5.964059134166205
"[0.016338902876698595, 0.7569448156291644, -0.8211284392350461, 0.3749804630604191]",67.08768075501932,5.9641219666476015
"[0.18625508590564474, 0.7130925644218229, -0.718091534496828, 0.504424097111227]",61.004923691906804,5.964813123942965
"[0.25584907515833, 1.0635622603859423, -0.9794415709998361, 0.5148642807304261]",70.83191419593987,5.964875956424361
"[0.5024917560509615, 0.8155884090922889, -0.6721068792776915, 0.4372909470830046]",59.345462383268504,5.967577753124416
"[0.16005296964851498, 1.0586021777709254, -1.0453183817780627, 0.4057499071344136]",85.22158660726033,5.967766250568605
"[0.13014566962154292, 0.7485510977891413, -0.6576900577970257, 0.4180918180693023]",47.32879369477615,5.968708737789554
"[0.43611380222264834, 0.7181041655718643, -0.8557708364941644, 0.5438999466581352]",48.97321340181042,5.968771570270951
"[0.3533834127794334, 0.7121839180296711, -0.7645140237530509, 0.551353233965488]",82.43857912343054,5.969022900196538
"[0.3254994442496039, 0.6167850511926839, -0.953789518237048, 0.4718327244655332]",62.638564996786194,5.96933706260352
"[0.09276729240560955, 0.7062300565799982, -0.829721070717888, 0.47378736235842955]",75.41255306891091,5.970468047268659
"[0.1308122827264527, 0.6840205409563725, -0.8732872743014023, 0.4954405573756323]",58.46388206186219,5.9705937122314525
"[0.28639463971661844, 0.618970852750535, -0.9679638978421783, 0.4684858641377091]",43.96801892814154,5.971159204564022
"[0.3927519461252127, 0.6290135008777137, -0.9250425044192527, 0.4781555954865717]",44.37136035161685,5.971222037045418
"[0.5950522611021007, 0.7942841615289132, -0.898764337331774, 0.38200926538113983]",45.74470458857011,5.971284869526815
"[0.1573819864986123, 1.1428520228580432, -0.828829708526103, 0.34054140416222034]",41.22812344660877,5.971410534489609
"[0.22679435883173063, 1.15299377824365, -0.7957739814788561, 0.38576026950414277]",41.07141696758713,5.971473366971005
"[0.2668269088712895, 1.1468661339335746, -0.7816529170273379, 0.413619161203953]",41.00051470705302,5.971536199452402
"[0.29612043400027704, 1.1361340954728896, -0.7737057463386743, 0.4360269256107713]",40.95644527756005,5.971599031933798
"[0.31917384090099643, 1.123084321488417, -0.769292358585635, 0.4555499746722246]",40.92710585554614,5.971661864415195
"[0.3379882685433653, 1.1085490903684676, -0.7674056163879303, 0.4732434426829385]",40.90777846889435,5.971724696896591
"[0.3536726827389024, 1.0928867698649778, -0.7675991488423943, 0.48964555372000745]",40.89623439330443,5.9717875293779885
"[0.3669286836981452, 1.0762421438236727, -0.7696931948716583, 0.5050599400948329]",40.891392456338515,5.971850361859384
"[0.37825161831893883, 1.0586256288182236, -0.7736769197024504, 0.5196670094373835]",40.892852579560284,5.971913194340781
"[0.38801397884239064, 1.0399599560371138, -0.7796781027313604, 0.5335475426157243]",40.90074767566195,5.971976026822178
"[0.39654098012665917, 1.02005280012586, -0.7879852967597183, 0.5467086176606685]",40.9157748167509,5.9720388593035745
"[0.40414939959946666, 0.9985943076031062, -0.7991018371639278, 0.5590359522038969]",40.939395487486024,5.972101691784971
"[0.4112431677295442, 0.9750386075356338, -0.8139172587236551, 0.5702329000320331]",40.97443502792021,5.9721645242663675
"[0.41849894694747314, 0.9483927364299446, -0.8341193180204531, 0.5795632732968083]",41.02667463573475,5.972227356747764
"[0.42755747564230895, 0.9165131187430555, -0.8635736180625462, 0.5849106347484999]",41.11047666816352,5.97229018922916
"[0.44613746060535764, 0.8722664618641514, -0.91689826181047, 0.575711523368405]",41.28707368640612,5.972353021710558
"[0.4348174897874955, 1.0425862629378206, -0.714022747864274, 0.4659689731716332]",67.43956697980333,5.975368980817595
"[0.39632258275092214, 0.9957798907333024, -0.8231400149066779, 0.5684149336188906]",60.1453805493868,5.9761229705943535
"[0.5087966917314486, 1.0497241573772556, -0.7158025939245907, 0.3095821108457342]",99.12472458753649,5.976248635557147
"[0.4830897066960727, 0.9846976355299276, -0.6951807970258214, 0.4523390332645808]",77.5422467218603,5.978447772406029
"[0.2733476022793868, 0.6908232884578432, -0.779954508808516, 0.547357372073023]",95.99709026505043,5.979013264738598
"[0.3157214442072928, 0.6960104786505134, -0.780175630510403, 0.5519475696499605]",72.78820490578707,5.979327427145582
"[0.5266421099955197, 0.8867663612499961, -0.6861887932122154, 0.4259442740186537]",47.06369026388634,5.980207081885134
"[0.23452853888696149, 0.6226496357648517, -1.0070751440479304, 0.4287893399789016]",47.36065199319497,5.9810239041432895
"[0.41654099327845434, 0.928417020860111, -0.89956078651041, 0.5853083614438545]",40.29324610571069,5.982406218734015
"[0.3957455030204847, 0.9795317579856065, -0.854667154156274, 0.5789625357869798]",40.172422218578085,5.9824690512154115
"[0.3784573146838773, 1.0193565730356646, -0.8292396646249427, 0.5626419838927847]",40.11428711767374,5.982531883696808
"[0.35993016337100203, 1.0530103800960429, -0.8138982835372832, 0.5423381057258911]",40.085974133441304,5.982594716178205
"[0.3382579264639965, 1.0822695255692614, -0.8055380728928604, 0.5193538093077109]",40.07814902562779,5.982657548659602
"[0.31179237126601433, 1.107654407626584, -0.8030853160534366, 0.49368766052227653]",40.088493297420214,5.9827203811409975
"[0.2782477725050628, 1.1286750283009008, -0.8067885461591106, 0.4644171829190811]",40.11937290687245,5.982783213622395
"[0.23322684097384402, 1.142985717229135, -0.8189096118865821, 0.42889698275802096]",40.18103154711866,5.982846046103791
"[0.16306703020111998, 1.1400523155355513, -0.8498848267548479, 0.37679905722962376]",40.31815084568432,5.982908878585188
"[0.038878748233261956, 0.7250618735154409, -0.8983240188619672, 0.4044115629322094]",45.58479729847701,5.982971711066584
"[0.38225359551009713, 0.6683715498397299, -0.8751488139362965, 0.5325598061438451]",46.70135960063438,5.983034543547981
"[0.3941726070532981, 0.6240240889917177, -0.9297304410498058, 0.46884475694079863]",43.45339486951147,5.983160208510775
"[0.20527734715681592, 0.6321929344020372, -1.0199810320958211, 0.4124618149067724]",42.83768730243485,5.983223040992171
"[0.41003842543170116, 0.9498445965236989, -0.867033335210934, 0.5843674945054201]",88.0928879512991,5.983411538436361
"[0.38396465535271557, 0.719918986356095, -0.7821003281682439, 0.5540854838840075]",67.1639466923766,5.983662868361947
"[0.2742017028550252, 0.6200464621930926, -0.9734929826493498, 0.46516515265313885]",52.76487162081999,5.98473102054569
"[0.3671733115238089, 0.727256099974574, -0.7360574639767472, 0.5435963077741418]",46.90505448875832,5.9849823504712765
"[0.18932723849826846, 0.7286383746394857, -0.6690110091202223, 0.47338302217748107]",96.7651595116135,5.985045182952673
"[0.2817884754408718, 1.0140638471852297, -1.0771718739634462, 0.48212668058153657]",60.756100103594356,5.985296512878259
"[0.09782831803279972, 1.1072054310706463, -0.8903237980107033, 0.3191935793119054]",61.369663655115005,5.985987670173622
"[0.3222713050621598, 0.7453234898808475, -0.5747501207174269, 0.3096822737551205]",61.46059848582501,5.986050502655018
"[0.4194763428822638, 1.066034212879236, -0.7162165071988165, 0.4525751430599736]",68.57356821344919,5.986364665062001
"[0.3421796666005216, 0.9839364753878681, -1.0478949113486848, 0.526365494581525]",48.18958283710476,5.986992989875968
"[0.14061770420127173, 0.6865257096001609, -0.848379101565571, 0.5050993700421236]",53.170657909696914,5.987181487320157
"[0.12832734241287203, 1.1300026906925935, -0.8479547762909624, 0.32275836232189187]",93.5357316065452,5.987244319801554
"[0.05079750798193472, 0.7816028963472488, -0.6956868176693809, 0.3419013638241681]",53.14173970762288,5.987558482208537
"[0.35907609077438496, 1.1357811312332402, -0.7221079694050954, 0.3550421210443433]",55.5751625031967,5.988186807022503
"[0.44906179204414604, 0.8840541184617322, -0.7925831221946777, 0.5684432507524881]",62.226344484596765,5.989129294243452
"[0.23436017665431014, 1.1213793677188035, -0.8690222021764739, 0.47457601752117595]",80.01972494321761,5.9893177916876414
"[0.14009957599504877, 0.6970735947366142, -0.8052027770944147, 0.5053965644917892]",66.1709236431769,5.989380624169039
"[0.02315273227956615, 0.8130465385077998, -0.7237995911071596, 0.28209334207584585]",65.91890190510223,5.989443456650435
"[0.46139079930358584, 0.8799382917873446, -0.7447853888011783, 0.5430232503577166]",80.18581221568601,5.989757619057419
"[0.342542426879517, 1.0541151647413323, -0.8462368713772133, 0.5498415452312726]",90.3235085570036,5.990700106278368
"[0.18597201862668206, 1.1327406346048576, -0.872641894796458, 0.4257649679323515]",88.8630694030928,6.043605055614313
"[0.14067250355457603, 0.7043973419040931, -0.7769897240689003, 0.5014044841279046]",72.17441891406226,6.044421877872469
"[0.14651875476391746, 0.7148539997958829, -0.7361296618121383, 0.4916189191973871]",65.85241100553829,6.045615695019004
"[0.42909152606971557, 0.7002082143401531, -0.8660401036985179, 0.5363049668663404]",67.23116229154272,6.045678527500401
"[0.29764329041014875, 0.6849614672992621, -0.8032733277504945, 0.5515402031044088]",66.20329181134183,6.045741359981798
"[0.4444765698138578, 0.6865834715686506, -0.6600065291703696, 0.23304227423038704]",88.54610252676267,6.0462440198329706
"[0.11011852065463104, 0.7320056785997291, -0.7164071874203529, 0.4536168167716603]",59.42055623767026,6.047437836979506
"[0.4610292972949831, 0.6801310582077773, -0.8974691630079965, 0.49627569309825165]",64.85249491918177,6.047500669460903
"[0.364078681444073, 0.7162770366914201, -0.765244247174721, 0.5516197679232908]",75.23156103046513,6.0476891669050925
"[0.27568999795073945, 0.6771400567557085, -0.8210024235382692, 0.548403463598948]",59.713694874832306,6.0478148318678855
"[0.24560079314024566, 1.012069661669846, -1.118568373265973, 0.4092421603465409]",54.6384367493926,6.048128994274869
"[0.36684675000703293, 1.1327975706746432, -0.7197696179063345, 0.35452859876597176]",55.181475083304704,6.0488829840516285
"[0.3946056919506249, 0.9598335625643919, -0.9109903735974775, 0.5832453775202197]",58.34528896297711,6.049385643902801
"[0.15927826745357007, 0.727156487836333, -0.6895592190712073, 0.47254710610521244]",52.94612398331982,6.050579461049336
"[0.4267105084213738, 0.6846665693903232, -0.8791026320830162, 0.5255712888264616]",54.08046986637401,6.0516476132330785
"[0.06374574708741508, 0.7124297905383146, -0.867291147696439, 0.4434946461182628]",52.675271370378866,6.051710445714476
"[0.3175352872541304, 0.7441318474093066, -0.598889706881923, 0.4160732271264335]",63.26248892367439,6.051773278195872
"[0.21228035321739647, 1.0788376807070048, -0.9873166461361107, 0.47973489613360065]",47.68588470823376,6.052087440602856
"[0.2908737741189088, 1.0393767027692309, -0.986632708979905, 0.5352018645226712]",47.66570770303471,6.052150273084252
"[0.3783085335198216, 0.9551346401423896, -1.049921468657801, 0.5282751736343011]",47.85207970931803,6.052213105565649
"[0.5978500100234857, 0.8577971135298563, -0.7691489739129003, 0.34280915911158516]",62.91910313547156,6.053344090230787
"[0.45995959264357145, 1.0353875811268536, -0.6991551886320909, 0.4337300000080328]",48.22495343135101,6.054098080007547
"[0.17000222935635217, 1.115352592139781, -0.9220752692899183, 0.43339769619944424]",60.94802590660264,6.05422374497034
"[0.23511199140117547, 0.6259526632224706, -0.9933116064588152, 0.4481649357570206]",63.94209807186055,6.055040567228496
"[0.462059004498095, 0.8807440063847033, -0.7427371082825397, 0.5414958343135936]",76.39548000164685,6.055731724523858
"[0.2990948664585215, 0.7012473967184905, -0.7562450983235739, 0.5465677871368527]",72.06871898184683,6.057239704077378
"[0.1586212858682764, 0.7570800407818343, -0.6203291927868553, 0.38818355273019595]",87.83988624795458,6.05755386648436
"[0.3055505339134261, 0.7313832364885846, -0.6546318125947203, 0.49275224502730264]",88.217099428385,6.0579936938541366
"[0.08764801563109886, 0.7855217144581439, -0.6471870954493495, 0.32314272119869286]",45.752643619311115,6.05811935881693
"[0.18383979491533017, 0.7386993825331437, -0.6442612281407494, 0.4453118765554691]",45.88727443973245,6.058182191298327
"[0.2878783901643548, 0.7285947089202018, -0.6581568724476764, 0.49431043297780497]",46.018757765440434,6.0582450237797225
"[0.38166762594419074, 0.7326863329914672, -0.7422727275118047, 0.5454309804977087]",46.59294651245714,6.05830785626112
"[0.579691051972977, 0.8246670549749187, -0.738898482763892, 0.3624591737204025]",45.790120450685855,6.058370688742516
"[0.39350510095462293, 0.7300121613453809, -0.7718245696462032, 0.5527516504878643]",55.155460606914964,6.058433521223913
"[0.46570272931945805, 0.9945140198306877, -0.7045528597279436, 0.4730892791553738]",99.18908602708052,6.058496353705309
"[0.26486826738212454, 1.100420529446059, -0.881627243701976, 0.5087612727987018]",70.19706427086459,6.059627338370449
"[0.09564641360577962, 0.7534374931672083, -0.6806313914144747, 0.40579524700113495]",97.67819637938008,6.0605069931100015
"[0.27709560048284715, 1.095927670434652, -0.8747790188818564, 0.5157399140042928]",55.43674508264822,6.060569825591398
"[0.2551293377333002, 1.062181707719787, -0.983787025603398, 0.513638780470073]",62.07208993898524,6.0606326580727945
"[0.3688644638341376, 0.7469756606053851, -0.6309676471295619, 0.4607255278610545]",52.41598369824613,6.06126098288676
"[0.2864872715014145, 0.7352978499909971, -0.6325184590959723, 0.46793516495945836]",57.94345269381726,6.062266302589106
"[0.2718767968823625, 0.6464166307134539, -0.9062285266296232, 0.5221818650343544]",87.5734908143052,6.062706129958882
"[0.4825651795777322, 1.0162943708900107, -0.6932587585778316, 0.4193351542289159]",76.99955549380432,6.062957459884469
"[0.2111079643021954, 0.6840696834629324, -0.8070635865020991, 0.5356137218723533]",84.30168769846536,6.063083124847262
"[0.5742799316465539, 0.988678564967965, -0.7699643414528338, 0.27766183867518807]",37.9337730607454,6.063522952217038
"[0.5774685008630627, 0.9816289687468657, -0.7694282658966737, 0.2822224931816953]",37.914197448279886,6.063585784698435
"[0.5800683861179284, 0.9752851271295694, -0.768885384874189, 0.2862949396950191]",37.89678760509406,6.063648617179831
"[0.5822331708666899, 0.9694726509455405, -0.768336726730586, 0.2899986654491985]",37.88097942068638,6.063711449661228
"[0.584060576961584, 0.964079507629926, -0.7677830625712355, 0.29341033170339403]",37.86641352585467,6.063774282142624
"[0.5856169910275922, 0.9590294418599707, -0.7672250937108742, 0.2965820960578891]",37.852846840771,6.063837114624022
"[0.586950341902598, 0.9542663931197228, -0.7666632954901889, 0.2995522071519732]",37.84010241519864,6.063899947105418
"[0.5880961278180741, 0.9497490676532558, -0.7660981694806857, 0.30234884844473753]",37.82805045743363,6.063962779586814
"[0.5890817940415042, 0.9454449558788727, -0.7655300825565303, 0.3049941475913903]",37.816589733083106,6.064025612068211
"[0.5899288534979054, 0.941328781743666, -0.7649594284702977, 0.3075053188554214]",37.80564181846909,6.064088444549608
"[0.5906549382287277, 0.9373783568167404, -0.7643863072312945, 0.309897324319497]",37.79513902376942,6.064151277031004
"[0.5912739265320964, 0.9335783077181036, -0.7638112400256944, 0.3121807068680252]",37.7850336752028,6.064214109512402
"[0.5917977394563557, 0.9299137390656161, -0.7632343917768427, 0.3143655042938297]",37.775280713101466,6.064276941993797
"[0.59223632832444, 0.9263723559131384, -0.7626559591769627, 0.31646000296990473]",37.765843044632504,6.064339774475194
"[0.5925981444403425, 0.9229436255601631, -0.7620761197936332, 0.3184712819738377]",37.75668906589675,6.064402606956591
"[0.5928904453087348, 0.9196182994944155, -0.7614950105937991, 0.320405525616387]",37.74779120331204,6.0644654394379875
"[0.5931194358942153, 0.916389304204053, -0.7609129371980524, 0.32226753699237026]",37.73912820475258,6.064528271919384
"[0.5932906350519251, 0.9132491669310298, -0.760329956237898, 0.3240622516205377]",37.73067810135211,6.0645911044007805
"[0.593408823112078, 0.9101923834739507, -0.759746329531288, 0.3257933867684131]",37.72242453659599,6.064653936882177
"[0.5934782851499971, 0.9072124773859965, -0.7591619967770588, 0.3274651298255098]",37.71434872576664,6.0647167693635735
"[0.5935027696971671, 0.9043057969285105, -0.7585773288120242, 0.329080008004633]",37.706439758453946,6.064779601844971
"[0.5934856677429232, 0.9014671721158982, -0.7579922963688718, 0.3306413379141041]",37.69868270953624,6.064842434326367
"[0.5934299986711605, 0.8986925343615036, -0.7574069948837973, 0.3321517605676105]",37.69106577831482,6.064905266807764
"[0.5933385029583882, 0.8959787732521384, -0.7568216430273492, 0.33361334520949865]",37.683579889081805,6.06496809928916
"[0.5932136531193819, 0.8933224265914912, -0.7562363158821855, 0.3350283078074041]",37.676215063496116,6.065030931770557
"[0.593057701114746, 0.8907205291398124, -0.7556511317009598, 0.3363985530353196]",37.66896275240273,6.065093764251954
"[0.5928726929162104, 0.888170230745623, -0.7550661767040379, 0.3377258838012643]",37.661814767553814,6.06515659673335
"[0.5926604849644614, 0.8856687775460458, -0.7544815049596798, 0.33901201151696797]",37.65476318928059,6.065219429214746
"[0.592422816345707, 0.8832140609225111, -0.7538972739957813, 0.34025827935136876]",37.647801961593096,6.065282261696144
"[0.5921612776737889, 0.8808039390189502, -0.7533135941287479, 0.3414660184787615]",37.64092493329313,6.06534509417754
"[0.5918772985976455, 0.8784360979451855, -0.7527304944967742, 0.34263661294344866]",37.63412546218727,6.065407926658937
"[0.5915722874702718, 0.8761090960892628, -0.7521481843030499, 0.34377098596150724]",37.627399424562206,6.065470759140333
"[0.5912474241387936, 0.8738205945171176, -0.7515666179249718, 0.3448704721786598]",37.6207400710723,6.06553359162173
"[0.5909039244968187, 0.871569305911841, -0.7509859851060164, 0.34593586846552377]",37.614143719783364,6.065596424103126
"[0.5905428466421833, 0.8693534843177738, -0.7504063338655009, 0.34696816811522685]",37.60760531764055,6.0656592565845235
"[0.5901652147278468, 0.8671717310839271, -0.7498277781488178, 0.34796817582845474]",37.601120835384386,6.06572208906592
"[0.5897719645872901, 0.8650225925499463, -0.7492503961366093, 0.34893669888439605]",37.594686050859224,6.065784921547316
"[0.5893639280676363, 0.8629044774567235, -0.7486742075520072, 0.3498745796468095]",37.588296284902775,6.065847754028713
"[0.5889420624517622, 0.8608167819375732, -0.7480994838874494, 0.350782203782711]",37.58194986653564,6.0659105865101095
"[0.5885070179475768, 0.8587576613527473, -0.7475261409791635, 0.3516604803457147]",37.575641291192376,6.065973418991506
"[0.588059596309957, 0.8567263111277273, -0.74695436599396, 0.3525098448769879]",37.56936822400152,6.0660362514729025
"[0.5876005028853092, 0.8547216947372187, -0.7463842702931572, 0.3533308173462082]",37.56312760261685,6.066099083954299
"[0.5871303269551168, 0.8527424965902084, -0.7458158730536224, 0.35412400983477305]",37.55691545564836,6.0661619164356955
"[0.5866497708770931, 0.8507880766125108, -0.7452493762675014, 0.35488974306729665]",37.55072991459821,6.066224748917093
"[0.5861592663782389, 0.8488568683222556, -0.7446847038595042, 0.35562868143034676]",37.54456612089717,6.066287581398489
"[0.5856595901391334, 0.84694882685825, -0.7441222156571397, 0.35634088656315344]",37.53842409137979,6.066350413879886
"[0.5851510074991282, 0.8450620744585416, -0.7435617255383193, 0.3570270923003926]",37.532297868483,6.066413246361282
"[0.5846342528644174, 0.8431966345078457, -0.7430036031156886, 0.35768731186187996]",37.526187678493706,6.066476078842679
"[0.5841096568717502, 0.8413511505558449, -0.7424478028186537, 0.3583220424828289]",37.52008917253245,6.066538911324075
"[0.5835776777676959, 0.8395248527978023, -0.74189444878437, 0.3589315491062762]",37.513999913179674,6.066601743805473
"[0.5830388107545833, 0.8377171838160125, -0.7413437267831486, 0.3595160122067942]",37.50791815265213,6.066664576286868
"[0.5824933564966254, 0.8359270204604238, -0.7407956476721127, 0.3600757774864539]",37.501840193578225,6.066727408768265
"[0.5819418758520339, 0.8341541751944764, -0.7402505068374141, 0.3606108796105806]",37.49576551018019,6.066790241249662
"[0.5813845814464318, 0.8323974016574571, -0.739708273991958, 0.361121661611528]",37.489689910327215,6.066853073731059
"[0.5808218753697963, 0.8306561385654064, -0.7391691289953907, 0.36160823758477534]",37.48361152345958,6.066915906212455
"[0.5802540939821373, 0.828929675624261, -0.7386332068228888, 0.3620707492449345]",37.47752793350894,6.066978738693852
"[0.5796816517047618, 0.8272175899026908, -0.7381007335601144, 0.3625092475511743]",37.47143774254031,6.067041571175248
"[0.5791047968705921, 0.8255190076162929, -0.737571797718403, 0.362923885146473]",37.4653379028873,6.0671044036566455
"[0.5785236874514024, 0.8238328530930539, -0.7370464279559418, 0.36331483229750294]",37.45922457489121,6.067167236138042
"[0.5779387687778149, 0.8221589319835099, -0.7365249318991766, 0.36368203234434]",37.45309710157844,6.0672300686194385
"[0.5773504165057809, 0.8204968686280056, -0.7360075657669664, 0.3640254695245708]",37.44695418511138,6.067292901100835
"[0.576758646972921, 0.8188453134723679, -0.7354942887229067, 0.3643453060032857]",37.440790855588,6.0673557335822315
"[0.5761638121252952, 0.81720390270212, -0.7349853740249803, 0.36464147666269914]",37.43460577728172,6.067418566063628
"[0.5755660700618854, 0.8155717630625096, -0.7344809450275813, 0.3649139933983402]",37.42839566689738,6.067481398545025
"[0.5749658843652344, 0.8139488791869254, -0.7339813988965432, 0.3651627101512509]",37.42216051621454,6.067544231026421
"[0.5743631538163518, 0.8123337308073155, -0.733486679477867, 0.36538769486722755]",37.41589446914343,6.067607063507817
"[0.5737583586089233, 0.8107263884355586, -0.732997230758636, 0.3655887579895368]",37.40959783474367,6.067669895989215
"[0.5731515554774265, 0.8091258074758749, -0.7325131675276969, 0.3657658456184478]",37.40326653298171,6.067732728470611
"[0.5725429723335412, 0.8075314198121006, -0.7320347639949271, 0.36591881764291745]",37.396898326493066,6.067795560952008
"[0.5719327720848161, 0.8059425024198595, -0.73156226256136, 0.36604752896440873]",37.39049033650588,6.067858393433404
"[0.5713211414638331, 0.8043584095530337, -0.7310959451862913, 0.3661518043566286]",37.38403997474403,6.067921225914801
"[0.5707081784533834, 0.8027782793765895, -0.7306360486301082, 0.36623145690292525]",37.37754373691199,6.067984058396197
"[0.5700940854099871, 0.8012015314399068, -0.7301829118122292, 0.3662862578185175]",37.37099925247182,6.068046890877595
"[0.5694790099389136, 0.7996274531448614, -0.7297368555931485, 0.3663159632752013]",37.36440359328027,6.068109723358991
"[0.5688630476374509, 0.7980552075779962, -0.7292981889467957, 0.3663203043230415]",37.357753281660244,6.068172555840387
"[0.5682463396401458, 0.7964840814747838, -0.728867280877233, 0.3662989825084845]",37.351045344847854,6.068235388321784
"[0.567628999860931, 0.7949132976550374, -0.7284445090897775, 0.36625167326412855]",37.34427651902102,6.068298220803181
"[0.567011131784286, 0.793342056937809, -0.7280302741950673, 0.36617802357325124]",37.33744343728527,6.068361053284577
"[0.5663927288834101, 0.7917692837629227, -0.7276249372878606, 0.36607763245556]",37.33054148899184,6.0684238857659745
"[0.5657739445140197, 0.7901943112098799, -0.7272290006649832, 0.3659500894427748]",37.32356785489613,6.06848671824737
"[0.5651548624063432, 0.7886162967985755, -0.7268429556064554, 0.365794948264342]",37.31651894003633,6.068549550728767
"[0.5645353618575918, 0.7870338764165612, -0.7264672090775406, 0.3656116698546434]",37.30938878804733,6.068612383210164
"[0.5639156665227069, 0.7854465643289648, -0.7261024221862531, 0.3653997768846225]",37.3021754072072,6.06867521569156
"[0.5632956725040233, 0.7838530367112949, -0.7257491043336785, 0.36515865823243826]",37.2948729967902,6.068738048172957
"[0.5626753875500975, 0.7822522527613743, -0.7254078840058128, 0.36488769586278075]",37.28747705350278,6.068800880654353
"[0.5620547857314464, 0.7806430829910807, -0.7250794252594733, 0.3645862191866504]",37.27998266230321,6.06886371313575
"[0.561433856655426, 0.7790244368749767, -0.7247644585511335, 0.3642535267738842]",37.27238511464092,6.068926545617146
"[0.5608124633792316, 0.7773948921183758, -0.7244637147968941, 0.3638888062094033]",37.26467815662959,6.068989378098544
"[0.5601905913592161, 0.7757533457095773, -0.7241780552175175, 0.3634912702944644]",37.25685706920337,6.06905221057994
"[0.5595679557920845, 0.7740979803056638, -0.723908294399992, 0.3630599108680145]",37.24891374931846,6.069115043061336
"[0.5589445534298562, 0.7724277252930501, -0.7236554568528508, 0.36259385785149884]",37.240843726581325,6.069177875542733
"[0.5583200307717052, 0.7707405778354802, -0.7234205127072844, 0.3620919373739894]",37.23263806107573,6.06924070802413
"[0.5576943295593346, 0.769035336218901, -0.723204647132787, 0.36155315407066857]",37.22429178982462,6.069303540505527
"[0.5570669672867493, 0.7673096558295495, -0.7230090047661196, 0.3609761022658313]",37.21579440294948,6.069366372986923
"[0.5564376937543913, 0.7655618364896304, -0.7228349362605117, 0.36035951357168167]",37.20713865394568,6.069429205468319
"[0.5558061190813324, 0.7637898169993549, -0.7226838796108376, 0.35970194036081105]",37.19831562026188,6.069492037949717
"[0.5551717932723318, 0.7619913978616136, -0.7225574041622964, 0.35900181873682496]",37.1893158118004,6.069554870431113
"[0.5545340764708111, 0.7601638774913371, -0.7224572085118183, 0.35825731260716653]",37.18012734397837,6.06961770291251
"[0.5538924225487181, 0.7583048718007754, -0.7223851907952157, 0.35746663357037384]",37.17074010809572,6.069680535393906
"[0.553246028417926, 0.7564113245362615, -0.7223434146618247, 0.35662763214978666]",37.1611407884691,6.0697433678753026
"[0.552594140458864, 0.7544804133244831, -0.7223341682448089, 0.3557381748735208]",37.15131749168736,6.069806200356699
"[0.551935693519239, 0.7525085133142239, -0.7223599724826495, 0.35479567280200436]",37.14125448429457,6.069869032838096
"[0.5512695173958735, 0.7504918268292292, -0.7224236347149968, 0.3537973432774]",37.1309354580122,6.069931865319493
"[0.5505944266815405, 0.7484267064105478, -0.7225282535871117, 0.35274037900280847]",37.12034524267793,6.0699946978008885
"[0.5499086910026182, 0.7463080845086179, -0.7226773375509773, 0.35162113456614935]",37.10946176873025,6.070057530282286
"[0.5492107968173198, 0.7441318732041242, -0.7228747137667718, 0.3504363549417503]",37.09826851571018,6.070120362763682
"[0.5484984234064278, 0.7418918742023616, -0.7231248137196611, 0.3491815184510947]",37.08673862993625,6.070183195245079
"[0.5477691966373295, 0.7395822127853157, -0.7234325572148088, 0.3478521133788441]",37.07484757591462,6.070246027726475
"[0.54702043720768, 0.7371966979599907, -0.7238034377858561, 0.34644330462857453]",37.06256997016481,6.070308860207872
"[0.5462486113397207, 0.7347272329365739, -0.7242438722763551, 0.3449489607053004]",37.04987144980089,6.070371692689268
"[0.5454497965118025, 0.732165505756012, -0.724761077538639, 0.34336260165689486]",37.03671758103467,6.070434525170666
"[0.5446194886094072, 0.7295026559659076, -0.7253631975184581, 0.3416771981896177]",37.02307230552133,6.070497357652062
"[0.5437521217829917, 0.7267280859163935, -0.7260597066321567, 0.33988438267961785]",37.008891986649154,6.070560190133459
"[0.5428411807254802, 0.7238302768746048, -0.7268614220288852, 0.3379748997219337]",36.99412985394798,6.070623022614855
"[0.5418786717461553, 0.7207956966632673, -0.7277810071637439, 0.335937823066995]",36.978730660811024,6.070685855096252
"[0.5408555113280996, 0.7176107771728895, -0.7288326117545723, 0.3337617992068558]",36.962641015975855,6.070748687577648
"[0.5397606389475603, 0.7142600432532917, -0.7300326362740623, 0.3314337165982248]",36.945800066132165,6.070811520059046
"[0.5385805423132872, 0.7107258741317479, -0.7314001782949445, 0.32893837557732275]",36.92813854365938,6.070874352540441
"[0.5372997900935336, 0.7069915315805358, -0.732956153206914, 0.32626045818591115]",36.90959406676583,6.070937185021838
"[0.5358999167254815, 0.7030394250199283, -0.7347241122414346, 0.3233831318309711]",36.89010218659267,6.071000017503235
"[0.5343604862270362, 0.6988558104753084, -0.7367282428706825, 0.3202912234212099]",36.86961904701706,6.0710628499846315
"[0.5326586275279055, 0.6944307694936219, -0.7389930078571858, 0.3169710018683257]",36.84811974137404,6.071125682466028
"[0.5307713069175231, 0.6897647695932537, -0.7415391220400506, 0.3134148572693338]",36.825627959602244,6.0711885149474245
"[0.5286788702515003, 0.6848758278057777, -0.7443778381667477, 0.30962679606818994]",36.80224665884616,6.071251347428821
"[0.526368201022396, 0.6798022872582066, -0.7475064287634894, 0.3056250330776968]",36.77816623877301,6.0713141799102175
"[0.5238412832926422, 0.6746132965978003, -0.7508977418054875, 0.3014514005423637]",36.75370922708135,6.071377012391615
"[0.5211162152061698, 0.6693986486010979, -0.7545018467834445, 0.2971654360449248]",36.72927843699669,6.071439844873011
"[0.5182319901566094, 0.6642661538306904, -0.7582440993703491, 0.29284500529812196]",36.705345307383084,6.071502677354407
"[0.5152404118394269, 0.6593178953873801, -0.7620402523480316, 0.28856936728691773]",36.68234386543947,6.071565509835804
"[0.5121974590606923, 0.6546348041159754, -0.7658100455656205, 0.2844072222786533]",36.66060718817396,6.071628342317201
"[0.5091538183043108, 0.6502673340421254, -0.7694889684387255, 0.2804078515588046]",36.64033159704745,6.071691174798598
"[0.5061486536814154, 0.6462353883272571, -0.7730336854100823, 0.27659867515596154]",36.621580577249,6.071754007279994
"[0.5032104388691224, 0.6425380492784689, -0.7764181807219666, 0.27299138127237543]",36.60433080574714,6.07181683976139
"[0.5003549058885355, 0.6391572603948528, -0.7796335669312155, 0.26958277253784363]",36.5884876578196,6.071879672242788
"[0.5119016954336811, 0.7367181188737996, -0.9148567528273563, 0.4897176768042937]",39.93811096992748,6.071942504724184
"[0.49977601357525403, 0.7312370409235933, -0.9082861875534716, 0.5003388823780845]",39.837472533689045,6.072005337205581
"[0.48983246524103574, 0.727590520828249, -0.9022621240772047, 0.5085337344983788]",39.75121982065108,6.072068169686977
"[0.4814294905278351, 0.7250805502541615, -0.8966445475251859, 0.5151286969856002]",39.675114116307775,6.072131002168374
"[0.47417352096538506, 0.7233269377340322, -0.8913421015690223, 0.5205896579503796]",39.60659946537306,6.07219383464977
"[0.46781151263017945, 0.7221037653609255, -0.8862970457715804, 0.5251997308022536]",39.54406747668301,6.0722566671311675
"[0.4621666586926943, 0.7212658805020152, -0.8814683147656472, 0.5291466162262027]",39.48640186298204,6.072319499612564
"[0.45711125713728895, 0.7207153618978228, -0.8768266651784347, 0.5325604810795409]",39.43280370409177,6.07238233209396
"[0.45254738203375394, 0.7203832351767133, -0.8723483231124136, 0.5355369942260849]",39.382653383326065,6.072445164575357
"[0.44840181035157806, 0.7202197149575985, -0.8680172777518911, 0.5381462496622663]",39.335498909036474,6.0725079970567535
"[0.4446151297676209, 0.7201876415009519, -0.8638194550498237, 0.5404432264061748]",39.29096618822731,6.07257082953815
"[0.4411392696833251, 0.7202588380341323, -0.8597431986650776, 0.5424713359584111]",39.24875016879365,6.072633662019547
"[0.4379363201423861, 0.720411490066217, -0.8557806681758169, 0.5442646210763004]",39.20861799356342,6.072696494500943
"[0.434973365431962, 0.720628511867802, -0.8519236387326747, 0.545851733098175]",39.170357945280124,6.0727593269823394
"[0.4322232372287498, 0.7208963291948508, -0.8481657097929741, 0.5472561396124405]",39.13379708108764,6.072822159463737
"[0.429663174901471, 0.7212040040785568, -0.8445018374592608, 0.5484974031138771]",39.098791933940966,6.072884991945133
"[0.4272728685711139, 0.7215427711366312, -0.8409264761377169, 0.5495925271714329]",39.06520766507889,6.07294782442653
"[0.4250362979038903, 0.7219052555015147, -0.8374370631933982, 0.5505554107331313]",39.03294856510192,6.073010656907926
"[0.42293756377497704, 0.7222856855440221, -0.8340283017793796, 0.5513989544061719]",39.00190268233862,6.073073489389323
"[0.4209643496729252, 0.7226790346017965, -0.8306980003179082, 0.5521337325997306]",38.971994600716194,6.073136321870719
"[0.4191048876547168, 0.7230812844013926, -0.827442676188603, 0.5527694158750746]",38.94314374191682,6.073199154352117
"[0.4173492252966234, 0.7234889946955229, -0.8242599642775199, 0.5533143885947034]",38.91528530117831,6.073261986833513
"[0.41568808005053776, 0.7238993849201191, -0.8211469170066645, 0.5537762485350749]",38.88835432068231,6.073324819314909
"[0.41411392347716747, 0.7243099373418181, -0.8181022757382583, 0.5541615880456098]",38.86230478664912,6.073387651796306
"[0.4126189923768473, 0.7247187882082806, -0.8151229204510223, 0.554476600379929]",38.837078392525385,6.073450484277703
"[0.41119680224086685, 0.7251242584570181, -0.812206911087644, 0.5547267325206984]",38.81263038996893,6.073513316759099
"[0.40984183033849264, 0.7255248370591342, -0.8093531496098632, 0.5549168857971751]",38.78892591245669,6.073576149240496
"[0.4085485025159713, 0.7259194144994618, -0.8065594058185088, 0.5550516211552747]",38.765923176704305,6.073638981721892
"[0.4073120275133948, 0.7263069903608094, -0.8038241571075861, 0.555135059553136]",38.743588609900236,6.073701814203289
"[0.4061279989020632, 0.7266867430310617, -0.8011458726687432, 0.5551709856364991]",38.7218906030154,6.073764646684686
"[0.40499242012048065, 0.7270579836866413, -0.7985231628412309, 0.5551628800124552]",38.70080050560226,6.0738274791660825
"[0.40390140179016, 0.7274202231200046, -0.7959541560227803, 0.5551139408894438]",38.68028744837585,6.073890311647479
"[0.4028518015327706, 0.7277729311916292, -0.79343807632398, 0.5550271370571884]",38.6603308225744,6.073953144128875
"[0.40184029177751474, 0.7281158215839171, -0.7909731149940017, 0.5549051903262565]",38.64090310135009,6.074015976610272
"[0.40086424008625265, 0.728448535489473, -0.7885585981350892, 0.5547506710579158]",38.62198694045992,6.074078809091669
"[0.3999206735339888, 0.7287709741098208, -0.7861925078842414, 0.5545658839424426]",38.603555508203364,6.074141641573066
"[0.39900745689216904, 0.7290828811790642, -0.7838744503685007, 0.5543530810410461]",38.58559568587752,6.074204474054461
"[0.3981221376870397, 0.729384223105159, -0.7816028148450187, 0.5541142662564681]",38.56808572826844,6.074267306535859
"[0.3972626747744424, 0.7296749278536753, -0.7793766420461103, 0.5538513578817088]",38.55100979394438,6.074330139017255
"[0.39642723124856927, 0.729954945886497, -0.7771951470536698, 0.5535661748938996]",38.534354077950255,6.074392971498652
"[0.39561384460222665, 0.7302243510117251, -0.7750568840569815, 0.553260330894514]",38.518100389210694,6.074455803980048
"[0.394820868559995, 0.7304831831880875, -0.7729609253987012, 0.5529353913238092]",38.502235129720965,6.074518636461445
"[0.39404680857604846, 0.7307314980215655, -0.7709064642571517, 0.5525928427396358]",38.48674617585203,6.074581468942841
"[0.39329010850325646, 0.7309694282373504, -0.7688922696514268, 0.5522340051975013]",38.47161869206152,6.074644301424239
"[0.39254949263858796, 0.7311970684844692, -0.7669176154612147, 0.5518601947634004]",38.456842136885925,6.074707133905635
"[0.39182353101934875, 0.7314146055346501, -0.7649811431872685, 0.5514725224473986]",38.44240165330886,6.074769966387032
"[0.3911114150755321, 0.7316220812688147, -0.7630829470962424, 0.5510723153808351]",38.42829364328453,6.074832798868428
"[0.3904117319025697, 0.7318197530250385, -0.7612213207982784, 0.550660460041174]",38.41450140037368,6.074895631349825
"[0.38972352333568294, 0.7320077751659975, -0.7593955967963, 0.5502379844096243]",38.4010163289654,6.074958463831221
"[0.389045954872194, 0.7321862992487366, -0.7576052727405688, 0.5498058990544645]",38.38783134248608,6.0750212963126184
"[0.388377877834729, 0.7323555832018416, -0.7558488694919788, 0.5493649154675598]",38.374932405384534,6.075084128794014
"[0.3877187290654962, 0.732515755623108, -0.7541263141416185, 0.5489160343490941]",38.362316128745256,6.0751469612754105
"[0.3870675374951135, 0.7326670668568025, -0.7524363366821312, 0.5484598996241835]",38.34997053175602,6.075209793756808
"[0.38642365049834676, 0.7328097055202352, -0.7507783846798495, 0.5479972882070013]",38.337889138514065,6.075272626238204
"[0.38578637441219216, 0.732943885031437, -0.7491516908130045, 0.5475288721500512]",38.3260640797807,6.075335458719601
"[0.38515508990790653, 0.7330698149509038, -0.7475555801628246, 0.5470553034277297]",38.31448836194455,6.075398291200997
"[0.38452914497766105, 0.7331877209070649, -0.745989206872184, 0.546577138210253]",38.303153902911994,6.075461123682394
"[0.38390800013514287, 0.7332978143961204, -0.7444519278593881, 0.5460949501310167]",38.292054259743736,6.07552395616379
"[0.383291213060306, 0.7334002983273844, -0.7429432610713392, 0.5456093267255947]",38.28118429482849,6.075586788645188
"[0.3826781891208928, 0.7334954067915885, -0.7414622822582975, 0.5451206757832325]",38.27053580193617,6.075649621126584
"[0.382068557173622, 0.7335833419002747, -0.7400085486570516, 0.5446295247739205]",38.26010417340889,6.07571245360798
"[0.3814618196806881, 0.7336643283004526, -0.7385812558380577, 0.5441362463569199]",38.24988230416889,6.075775286089377
"[0.3808576832772659, 0.733738565318672, -0.7371800283136455, 0.5436413278644504]",38.23986628780581,6.075838118570774
"[0.3802557217226913, 0.7338062718057029, -0.7358041291619954, 0.5431451005166696]",38.23004969893697,6.07590095105217
"[0.3796554577496393, 0.7338676694537514, -0.7344526731891622, 0.5426478062356495]",38.22042515022328,6.075963783533567
"[0.3790568145386679, 0.73392293930843, -0.7331256364632406, 0.5421499758421064]",38.21099150553879,6.076026616014963
"[0.37845926150693254, 0.7339723063127549, -0.7318219446348949, 0.5416517231145205]",38.20174017654043,6.076089448496361
"[0.3778627056786272, 0.7340159551232969, -0.7305414565523197, 0.5411534875779102]",38.19266931937614,6.076152280977757
"[0.3772668041940847, 0.7340540902196313, -0.7292834539463368, 0.5406554643470328]",38.18377302466325,6.0762151134591535
"[0.3766713220078716, 0.7340869052295165, -0.7280474273288986, 0.5401579042918884]",38.17504693375599,6.07627794594055
"[0.3760760118673324, 0.7341145918468872, -0.7268328194042508, 0.5396610159494065]",38.16648640814761,6.0763407784219465
"[0.37548072380742764, 0.7341373347256358, -0.7256392496826721, 0.5391650587146081]",38.15808809582352,6.076403610903343
"[0.37488521791936646, 0.7341553195375756, -0.7244661363469379, 0.5386701883781293]",38.149847272273256,6.07646644338474
"[0.37428935343385034, 0.7341687251875592, -0.7233130787817692, 0.5381766163335772]",38.14176053887399,6.076529275866137
"[0.3736929224122637, 0.7341777288712871, -0.7221795310212226, 0.5376844729790413]",38.133823501273234,6.0765921083475325
"[0.37309590969178885, 0.7341825019276469, -0.7210652975967758, 0.5371940235974999]",38.12603427654828,6.07665494082893
"[0.3724978853933158, 0.7341832146457618, -0.7199694011957064, 0.5367051708020306]",38.118385501735624,6.076717773310326
"[0.37189898042482883, 0.7341800305406532, -0.7188918939909658, 0.5362182559920594]",38.11087709210108,6.076780605791723
"[0.3712989653237007, 0.7341731104831768, -0.7178321554849978, 0.5357333057788568]",38.103504262742085,6.07684343827312
"[0.3706978136055412, 0.7341626126846234, -0.7167899219994126, 0.5352504929880961]",38.096264754881915,6.076906270754516
"[0.3700953470298828, 0.7341486891852047, -0.7157646582392192, 0.5347698507463581]",38.08915442619676,6.076969103235912
"[0.3694914881180303, 0.734131489292736, -0.7147560014029366, 0.534291477229412]",38.082170364306364,6.07703193571731
"[0.3688861703988135, 0.7341111588896401, -0.7137636015397967, 0.5338154637718169]",38.075309775831215,6.077094768198706
"[0.3682793358151513, 0.7340878404075433, -0.7127871176474173, 0.5333418936509211]",38.06856993566335,6.077157600680103
"[0.3676709156862263, 0.7340616719979189, -0.7118261883931725, 0.5328708282200246]",38.06194799613895,6.077220433161499
"[0.3670608525263594, 0.734032788256392, -0.7108804687714372, 0.532402324954618]",38.05544123983227,6.077283265642896
"[0.36644889375314055, 0.7340013093649496, -0.7099493189133121, 0.5319362816443272]",38.04904491826974,6.077346098124292
"[0.3658353625499379, 0.7339673814415545, -0.7090329731052634, 0.5314730232278647]",38.04276036290618,6.0774089306056895
"[0.36521997883779167, 0.7339311155572439, -0.7081307489589467, 0.5310124051986962]",38.03658255187505,6.077471763087086
"[0.3646027250177102, 0.7338926323252212, -0.7072423653324716, 0.5305544736645837]",38.03050926634834,6.077534595568482
"[0.36398357464845305, 0.7338520482751093, -0.7063675279244517, 0.5300992588959963]",38.02453820181225,6.077597428049879
"[0.3633625460707563, 0.7338094794457773, -0.705506005079918, 0.5296468152320918]",38.01866749505423,6.0776602605312755
"[0.3627395852898317, 0.733765033487029, -0.7046574649556586, 0.5291971361178038]",38.01289460077859,6.077723093012672
"[0.36211457734835495, 0.733718809547603, -0.7038215003411311, 0.5287501652677842]",38.00721646358026,6.0777859254940685
"[0.3614877028425617, 0.7336709253016541, -0.7029981004253751, 0.5283060506954772]",38.001632770767415,6.077848757975465
"[0.3608588465373878, 0.7336214732232702, -0.7021868604803462, 0.5278647223641358]",37.996140491249186,6.0779115904568615
"[0.36022795874110414, 0.7335705468728905, -0.7013874707742298, 0.5274261525870466]",37.99073727475166,6.077974422938259
"[0.3595950557758979, 0.7335182417666286, -0.7005997097963055, 0.5269903546620373]",37.98542136378929,6.078037255419655
"[0.3589600983968826, 0.7334646456921725, -0.6998232899512139, 0.5265572986429731]",37.98019057525783,6.078100087901052
"[0.35832326839979795, 0.7334098623130567, -0.6990581933142508, 0.526127099550719]",37.97504455267299,6.078162920382448
"[0.357684340665409, 0.7333539574567267, -0.6983039140934842, 0.5256995925276703]",37.96997962922256,6.078225752863845
"[0.35704332171877373, 0.7332970134759016, -0.6975602352065743, 0.5252747674051048]",37.96499410883148,6.078288585345242
"[0.35640042455593934, 0.7332391286574145, -0.6968271761935997, 0.5248527452087666]",37.96008791056592,6.078351417826639
"[0.35575550480525253, 0.7331803666787426, -0.6961043470585476, 0.5244334072313075]",37.955258172398054,6.078414250308034
"[0.3551085154702927, 0.733120796893583, -0.6953914797131211, 0.5240166979175236]",37.950502865876814,6.078477082789432
"[0.35445966608012597, 0.7330605098122793, -0.6946885894856758, 0.5236027231662432]",37.9458218832101,6.078539915270828
"[0.3538087086535738, 0.7329995510006113, -0.6939951978480587, 0.5231912937586433]",37.941211792004005,6.078602747752225
"[0.35315586142601374, 0.7329380069660649, -0.693311332906772, 0.5227825148547988]",37.93667257543979,6.078665580233621
"[0.3525011761054191, 0.732875946473428, -0.6926368421412071, 0.5223763818768098]",37.932203001564794,6.078728412715018
"[0.3518443962870262, 0.7328134065908474, -0.6919712648689391, 0.5219726990053267]",37.92779977321569,6.078791245196414
"[0.3511858168132826, 0.7327504745178384, -0.6913147072664368, 0.5215716089852971]",37.923463403732484,6.0788540776778115
"[0.3505252478520488, 0.7326871891116375, -0.690666789678205, 0.5211729556164096]",37.91919115346767,6.078916910159208
"[0.34986294542426455, 0.7326236297742514, -0.6900275762060516, 0.5207768512598925]",37.91498325234103,6.0789797426406045
"[0.3491986220026813, 0.7325598217360969, -0.6893966079025927, 0.5203830811719945]",37.910836443953244,6.079042575122001
"[0.3485325677096288, 0.7324958436977217, -0.6887739837117507, 0.5199917737934125]",37.90675119517616,6.0791054076033975
"[0.34786459849941215, 0.7324317269188635, -0.6881593573417886, 0.5196027760181692]",37.90272501128521,6.079168240084794
"[0.3471949028553679, 0.7323675365758839, -0.6875527327076888, 0.5192161521340564]",37.89875772787785,6.079231072566191
"[0.3465233511302858, 0.732303305545141, -0.6869538262840421, 0.5188317809953721]",37.89484727605424,6.079293905047587
"[0.3458501404994014, 0.7322390962450446, -0.6863626511410063, 0.5184497284130702]",37.89099355609637,6.079356737528983
"[0.3451751536106731, 0.732174939358416, -0.6857789444418247, 0.5180698800009795]",37.88719464663896,6.079419570010381
"[0.3444984029277523, 0.7321108764078269, -0.685202563844339, 0.5176921956579408]",37.88344942242455,6.079482402491777
"[0.34381999710118377, 0.7320469564233281, -0.6846334508435352, 0.5173166880500503]",37.87975732069584,6.079545234973174
"[0.343139905984109, 0.7319832137872547, -0.6840714320096091, 0.5169432920553333]",37.87611701628968,6.07960806745457
"[0.3424581940566616, 0.7319196903207151, -0.6835164162079753, 0.5165719945598841]",37.872527739444564,6.079670899935967
"[0.3417747723402043, 0.7318564121748281, -0.6829681912558678, 0.5162026989370239]",37.86898791047081,6.079733732417363
"[0.3410898317696354, 0.7317934300716437, -0.6824267729279965, 0.5158354597973883]",37.86549746613414,6.079796564898761
"[0.3404033072396496, 0.7317307696890066, -0.6818919742671125, 0.5154701931856469]",37.862055012143635,6.079859397380157
"[0.339715137625896, 0.7316684560340883, -0.6813636183461684, 0.515106818658349]",37.85865921516629,6.079922229861553
"[0.3390254655959396, 0.7316065313693316, -0.6808416879111702, 0.5147453635099927]",37.85530979933588,6.07998506234295
"[0.3383343772727958, 0.7315450313929712, -0.6803261214431332, 0.5143858239214587]",37.852006192902905,6.080047894824347
"[0.3376416052491409, 0.7314839594238534, -0.6798165994254466, 0.5140280133132786]",37.84874614955589,6.080110727305743
"[0.3369476034806314, 0.7314233813312031, -0.6793133364713656, 0.5136721181348056]",37.845530907653,6.08017355978714
"[0.3362518822484715, 0.7313632792900145, -0.6788158622702073, 0.5133178399152831]",37.84235724502792,6.080236392268536
"[0.3355549259612083, 0.7313037191267172, -0.6783244116287044, 0.5129653785633503]",37.83922652712027,6.080299224749933
"[0.3348565241939877, 0.7312447055535064, -0.6778387239174997, 0.5126145799943034]",37.83613691082332,6.08036205723133
"[0.334156701576292, 0.7311862627391313, -0.677358710092126, 0.5122654104436289]",37.83308765776301,6.080424889712726
"[0.3334556622236264, 0.7311284286426263, -0.676884403988703, 0.5119179250536328]",37.83007883778393,6.080487722194123
"[0.3327531036080734, 0.7310711985714607, -0.6764154992922765, 0.5115719282367894]",37.82710831528235,6.080550554675519
"[0.33204921385928104, 0.7310146075323679, -0.6759520245639802, 0.5112274681429703]",37.82417612874094,6.080613387156916
"[0.3313441787796893, 0.7309586888175161, -0.6754940031071272, 0.5108845900501323]",37.821282280227976,6.080676219638313
"[0.33063780184204145, 0.7309034445029572, -0.6750412113231028, 0.5105431534106736]",37.8184251830189,6.08073905211971
"[0.3299301692859036, 0.7308488985027507, -0.6745936128747534, 0.5102031560549205]",37.81560445622812,6.080801884601106
"[0.32922133750771615, 0.7307950714480598, -0.6741511527784534, 0.5098645812216651]",37.81281960965531,6.080864717082503
"[0.3285112784566215, 0.7307419768244364, -0.6737137252346179, 0.5095273721595265]",37.810069815956766,6.080927549563899
"[0.3278000842835347, 0.730689636431419, -0.6732813005976219, 0.509191529645665]",37.8073547500065,6.080990382045296
"[0.32708758502419755, 0.730638052241821, -0.672853692596333, 0.5088569313585019]",37.804673077071186,6.081053214526693
"[0.32637401217264284, 0.7305872548442446, -0.6724309590009989, 0.5085236443249598]",37.80202504014157,6.081116047008089
"[0.32565931706353324, 0.7305372537511364, -0.6720129901280416, 0.5081916040468624]",37.79940979683668,6.081178879489485
"[0.324943563995082, 0.7304880659073026, -0.6715997449548194, 0.5078607992024249]",37.796826957043386,6.081241711970883
"[0.3242266395106119, 0.7304396955770908, -0.6711910822069375, 0.5075311369490564]",37.79427548446303,6.081304544452279
"[0.323508731476424, 0.7303921669003487, -0.6707870346381991, 0.5072026636166327]",37.791755464638,6.081367376933676
"[0.3227896858530984, 0.7303454806443153, -0.6703874430250034, 0.5068752691485783]",37.78926575266175,6.081430209415072
"[0.322069669452755, 0.7302996581625631, -0.6699923295394845, 0.5065489904785314]",37.78680636916082,6.0814930418964686
"[0.32134859029087665, 0.7302547035813751, -0.6696015744482879, 0.5062237472452662]",37.78437642362733,6.081555874377865
"[0.3206265088066295, 0.730210630328934, -0.6692151435818694, 0.5058995287140681]",37.781975578494915,6.081618706859262
"[0.3199035235877216, 0.7301674534061469, -0.6688330231307261, 0.5055763412455904]",37.779603633689135,6.081681539340659
"[0.3191794933481537, 0.7301251730945026, -0.6684550741787805, 0.5052540844729794]",37.77725958247087,6.0817443718220545
"[0.3184545237791717, 0.7300838040233002, -0.6680812898488911, 0.504932768889546]",37.7749432667687,6.081807204303452
"[0.31772860809866027, 0.7300433537486023, -0.6677116054236616, 0.5046123552052911]",37.772654160153145,6.081870036784848
"[0.3170017602167731, 0.7300038306711706, -0.6673459684409834, 0.5042928137965921]",37.77039182066954,6.081932869266245
"[0.31627412392018966, 0.7299652496260439, -0.6669843919259059, 0.5039741722359833]",37.76815622044294,6.081995701747641
"[0.3155456216685399, 0.7299276131058636, -0.666626779107775, 0.5036563612961897]",37.765946634586506,6.082058534229038
"[0.31481610098800455, 0.7298909200430929, -0.666273000583203, 0.5033392802763921]",37.76376213747327,6.082121366710434
"[0.3140858836958775, 0.7298551928361604, -0.6659231579089968, 0.5030230349650295]",37.761603267502245,6.082184199191832
"[0.31335474782736683, 0.7298204263922444, -0.6655770908708034, 0.5027074954068945]",37.759468902807285,6.082247031673228
"[0.31262282781498424, 0.7297866328225516, -0.6652348114737275, 0.5023926864890649]",37.75735901692394,6.082309864154625
"[0.31189007148292075, 0.7297538150496091, -0.6648962444161667, 0.5020785529333276]",37.755273037991934,6.082372696636021
"[0.3111564671649227, 0.7297219778084132, -0.6645613353292981, 0.5017650575027746]",37.75321051770084,6.082435529117418
"[0.3104222537161342, 0.7296911360518525, -0.6642301437633178, 0.5014522700351234]",37.75117173944847,6.082498361598814
"[0.30968718944732315, 0.7296612840324082, -0.6639025125549898, 0.5011400557967344]",37.74915560807385,6.082561194080212
"[0.3089514025655444, 0.7296324314207038, -0.6635784529150973, 0.5008284381396253]",37.74716210618034,6.082624026561607
"[0.3082148963225077, 0.7296045823635248, -0.6632579205409395, 0.5005173875262439]",37.74519085444635,6.082686859043004
"[0.3074776681298963, 0.7295777406200316, -0.6629408697851251, 0.5002068723760327]",37.743241475487324,6.082749691524401
"[0.3067397254734815, 0.7295519101570797, -0.6626272604890291, 0.49989686576248316]",37.74131362466351,6.0828125240057975
"[0.30600106868924154, 0.7295270945198603, -0.6623170505017572, 0.49958733813886264]",37.73940695008478,6.082875356487194
"[0.30526168622925964, 0.7295032967409105, -0.6620101938711476, 0.49927825538792536]",37.73752106813785,6.0829381889685905
"[0.3045217473285116, 0.729480525224675, -0.6617067196499468, 0.49896965912858465]",37.73565608237811,6.083001021449987
"[0.3037811371977978, 0.7294587791579663, -0.6614065402430549, 0.49866147266809263]",37.733811355042185,6.083063853931384
"[0.3030398016044521, 0.7294380599101935, -0.6611095954037103, 0.49835364522805303]",37.73198641635955,6.083126686412781
"[0.30229791259416006, 0.7294183748926628, -0.6608159159332586, 0.49804622023892936]",37.7301813847908,6.083189518894177
"[0.3015553915415832, 0.7293997243208183, -0.6605254329089488, 0.49773913734622416]",37.728395743458876,6.083252351375574
"[0.30081219052837055, 0.7293821094645838, -0.6602380916115325, 0.4974323494582727]",37.72662906525019,6.08331518385697
"[0.30006854001142347, 0.7293655377806912, -0.65995394483736, 0.4971259245597257]",37.724881611477755,6.083378016338367
"[0.29932411409214044, 0.7293500041187758, -0.6596728332925971, 0.4968197016456444]",37.72315229170754,6.083440848819764
"[0.2985793208469844, 0.729335518851246, -0.659394876636923, 0.4965138221053005]",37.72144179327299,6.08350368130116
"[0.2978337918846761, 0.7293220765113194, -0.6591199035216854, 0.4962081084355699]",37.71974895225935,6.083566513782556
"[0.29708778768690963, 0.7293096836532592, -0.6588479776928654, 0.49590264165273795]",37.71807410965459,6.083629346263954
"[0.2963413085333919, 0.7292983415196411, -0.6585790660363567, 0.49559739613833964]",37.71641697510949,6.08369217874535
"[0.2955942345568027, 0.7292880497211088, -0.6583130937101503, 0.49529229753941045]",37.71477701192699,6.083755011226747
"[0.29484661760656405, 0.7292788104926644, -0.6580500486994167, 0.4949873420257326]",37.713154069814976,6.083817843708143
"[0.29409853618101495, 0.7292706259963412, -0.6577899280680297, 0.49468253678765706]",37.71154806327296,6.08388067618954
"[0.29334988940750795, 0.7292634963205828, -0.6575326670408934, 0.4943778161754455]",37.70995851480619,6.083943508670936
"[0.2926007362970785, 0.72925742326503, -0.6572782571485296, 0.49407317994164185]",37.708385306122516,6.0840063411523335
"[0.2918511975881494, 0.7292524086246329, -0.6570267102391125, 0.49376865306495266]",37.7068284531714,6.08406917363373
"[0.2911012040792562, 0.7292484526074572, -0.6567779742984561, 0.49346418353637284]",37.70528755960598,6.084132006115126
"[0.2903505384427116, 0.7292455553144191, -0.6565319507966185, 0.4931596596067734]",37.70376192819705,6.084194838596523
"[0.289599645641533, 0.7292437191983427, -0.656288758404582, 0.49285523839349643]",37.702252268418455,6.0842576710779195
"[0.2888481269121234, 0.7292429438961379, -0.6560482411488968, 0.4925507350416021]",37.70075751365868,6.084320503559316
"[0.2880962168368817, 0.7292432305879709, -0.65581044882215, 0.49224622168526205]",37.69927793062349,6.084383336040713
"[0.28734396673114504, 0.7292445795676317, -0.6555753713209842, 0.4919416963158263]",37.697813400270626,6.084446168522109
"[0.2865912153367699, 0.729246991654776, -0.6553429331090074, 0.4916370710985686]",37.696363376607124,6.0845090010035054
"[0.2858380914286659, 0.7292504670231739, -0.6551131495387259, 0.49133237579813555]",37.694927906141835,6.084571833484903
"[0.28508447638751544, 0.7292550067748762, -0.6548859604783351, 0.4910275402595127]",37.69350654591658,6.084634665966299
"[0.284330574494336, 0.7292606100456843, -0.6546614036268609, 0.49072262512691806]",37.69209949149396,6.084697498447696
"[0.28357624194769565, 0.729267278138355, -0.6544394124475938, 0.4904175504285594]",37.690706259660566,6.084760330929092
"[0.28282150124599903, 0.7292750113420942, -0.6542199710030071, 0.4901123036304948]",37.68932669677333,6.084823163410489
"[0.2820663931628764, 0.72928380959406, -0.6540030687303302, 0.4898068797548937]",37.687960684915296,6.084885995891885
"[0.28131083621355446, 0.7292936742871429, -0.6537886604817932, 0.4895012245288343]",37.68660787940295,6.084948828373283
"[0.2805550361305731, 0.7293046029222232, -0.6535767827077901, 0.48919540003483575]",37.68526848005666,6.085011660854679
"[0.27979884240581954, 0.7293165977538509, -0.6533673714447469, 0.48888932438588534]",37.68394201469539,6.085074493336076
"[0.2790422567786603, 0.7293296591554109, -0.6531604065976461, 0.4885829774185629]",37.68262830934028,6.085137325817472
"[0.2782853160760163, 0.7293437868227017, -0.6529558778832303, 0.4882763533188367]",37.681327253328575,6.085200158298869
"[0.27752810555525764, 0.7293589792535067, -0.652753787778316, 0.4879694660633255]",37.68003882248962,6.085262990780266
"[0.2767705119772621, 0.7293752388835864, -0.6525540860398467, 0.4876622493181777]",37.67876263879533,6.085325823261662
"[0.27601258689987024, 0.7293925649174882, -0.6523567669298256, 0.48735470365222533]",37.67749862504917,6.085388655743058
"[0.2752544124757655, 0.7294109555278587, -0.6521618322323475, 0.4870468422310669]",37.676246757748686,6.0854514882244555
"[0.2744958256731905, 0.7294304149110161, -0.6519692211859831, 0.48673857876173554]",37.67500658718887,6.085514320705852
"[0.27373708116993656, 0.7294509366075191, -0.6517789795342802, 0.48642999679741983]",37.67377838641133,6.0855771531872485
"[0.2729779866561156, 0.7294725257872058, -0.6515910401921506, 0.48612099832175043]",37.67256166981825,6.085639985668645
"[0.2722185062336629, 0.7294951839436634, -0.6514053768230852, 0.4858115488914705]",37.67135621726968,6.085702818150041
"[0.2714588034082253, 0.729518906433462, -0.6512220116783081, 0.4855016954579556]",37.67016215407815,6.085765650631438
"[0.2706987536891233, 0.7295436973272844, -0.6510408971291975, 0.4851913676858994]",37.66897911196777,6.085828483112835
"[0.26993847373577673, 0.7295695530517257, -0.650862043746241, 0.4848805937261907]",37.667807138861704,6.085891315594232
"[0.269177911264369, 0.7295964755158268, -0.650685422012994, 0.48456933284845527]",37.666646000766946,6.085954148075627
"[0.2684170989686942, 0.7296244637692783, -0.6505110226947007, 0.4842575791356601]",37.6654956022102,6.086016980557025
"[0.2676560364269564, 0.729653518003967, -0.650338829014421, 0.48394531321303336]",37.66435579645184,6.086079813038421
"[0.26689472737335523, 0.7296836382849434, -0.6501688254071857, 0.4836325174800486]",37.6632264499869,6.086142645519818
"[0.26613305117382546, 0.7297148298753721, -0.650000969314501, 0.4833191231970332]",37.66210723582322,6.086205478001214
"[0.265371211898042, 0.7297470847760457, -0.6498352899886548, 0.483005195280903]",37.66099833455225,6.086268310482611
"[0.2646091693214404, 0.7297804047492327, -0.649671762511222, 0.4826906983116501]",37.6598995434926,6.086331142964007
"[0.26384680392812604, 0.7298147954559182, -0.6495103460121093, 0.4823755640166939]",37.65881055196637,6.086393975445405
"[0.26308426187730277, 0.7298502507276772, -0.6493510563483611, 0.48205983393371876]",37.6577314410757,6.086456807926801
"[0.26232150166159757, 0.729886772748241, -0.6491938695562824, 0.4817434721436113]",37.65666202552797,6.086519640408198
"[0.26155847089972284, 0.7299243645223318, -0.6490387601815314, 0.48142643812342073]",37.6556020992253,6.086582472889594
"[0.26079529614659214, 0.7299630202066295, -0.648885739209984, 0.4811087657717836]",37.65455171690134,6.086645305370991
"[0.2600318211016335, 0.7300027482215605, -0.6487347609082141, 0.4807903713354423]",37.65351053033254,6.086708137852387
"[0.2592682087485501, 0.7300435406275201, -0.6485858433038775, 0.48047130412291633]",37.652478648065596,6.0867709703337844
"[0.25850429290983773, 0.7300854069024868, -0.6484389400087853, 0.48015147604842295]",37.65145571291458,6.08683380281518
"[0.25774016778684145, 0.7301283426881199, -0.6482940556549641, 0.4798309078229342]",37.65044174235091,6.0868966352965765
"[0.256975960524395, 0.7301723412401101, -0.6481512001737376, 0.47950963435294597]",37.64943679284191,6.086959467777974
"[0.25621146088271946, 0.7302174152917561, -0.6480103206187857, 0.47918754871870467]",37.64844045455735,6.08702230025937
"[0.25544689955591027, 0.7302635518857332, -0.6478714459694579, 0.4788647296129297]",37.64745293172536,6.087085132740767
"[0.254681963289713, 0.7303107707995785, -0.6477345063020985, 0.4785410261504593]",37.646473681837996,6.087147965222163
"[0.2539168866194143, 0.7303590586539218, -0.6475995310668213, 0.4782165188404986]",37.64550291176412,6.08721079770356
"[0.2531517106125904, 0.7304084134435253, -0.647466514071215, 0.47789120675195085]",37.64454056479262,6.087273630184957
"[0.25238632682026363, 0.7304588429526583, -0.6473354234610125, 0.4775650253194947]",37.64358638541436,6.087336462666354
"[0.25162074570894066, 0.730510347548316, -0.6472062485711068, 0.4772379603789345]",37.64264027947332,6.08739929514775
"[0.25085503035336515, 0.7305629239555393, -0.6470789874664538, 0.4769100203452249]",37.64170222205373,6.087462127629147
"[0.2500891658865354, 0.7306165741290994, -0.6469536250746235, 0.4765811803743174]",37.64077209040654,6.087524960110543
"[0.24932308057270305, 0.7306713042757069, -0.6468301375314098, 0.4762513910180645]",37.639849686006855,6.08758779259194
"[0.24855690666064045, 0.730727106070978, -0.6467085339555784, 0.4759206906307165]",37.638935071791884,6.087650625073337
"[0.24779057075595887, 0.7307839859306938, -0.6465887904266692, 0.4755890290222926]",37.63802805579816,6.087713457554733
"[0.24702397532887774, 0.730841952591639, -0.6464708802042615, 0.47525634513229065]",37.63712841270824,6.087776290036129
"[0.24625729897886328, 0.7309009939493616, -0.6463548190955937, 0.47492269771569234]",37.63623626876678,6.087839122517527
"[0.24549049943316237, 0.7309611144477435, -0.6462405886751157, 0.4745880498238285]",37.6353514714105,6.087901954998923
"[0.24472359053054255, 0.7310223143236327, -0.646128179214606, 0.4742523888464268]",37.63447393355146,6.0879647874803196
"[0.2439563625191082, 0.7310846121232804, -0.6460175490067012, 0.47391560389990295]",37.6336033093082,6.088027619961716
"[0.24318925888985363, 0.7311479732301167, -0.6459087503273738, 0.47357787097565707]",37.63274003786402,6.0880904524431125
"[0.24242184259311936, 0.7312124352020771, -0.6458017096118968, 0.4732389789182504]",37.63188349815499,6.088153284924509
"[0.24165443203660392, 0.7312779730797262, -0.6456964602329615, 0.4728990493062276]",37.631033976389645,6.088216117405906
"[0.2408867561037487, 0.7313446117843763, -0.6455929539104774, 0.47255794303613435]",37.63019105902284,6.088278949887303
"[0.24011901439888747, 0.7314123359888821, -0.6454912068185585, 0.47221572956824115]",37.62935488719591,6.0883417823686985
"[0.23935122318180002, 0.7314811458858935, -0.6453912097336536, 0.4718723972967889]",37.628525388402835,6.088404614850096
"[0.23858319748855447, 0.7315510601192019, -0.6452929278701264, 0.4715278442172317]",37.62770225918766,6.088467447331492
"[0.23781508834176582, 0.7316220671655229, -0.6451963700719765, 0.47118211862627296]",37.62688558546137,6.088530279812889
"[0.23704685919847723, 0.7316941724717707, -0.6451015209699962, 0.47083518478181235]",37.62607523554162,6.088593112294286
"[0.23627855488131377, 0.7317673739696984, -0.64500837538994, 0.4704870435602513]",37.62527117002158,6.088655944775682
"[0.23551015365217012, 0.7318416759090624, -0.6449169200027935, 0.47013766570422294]",37.62447328010421,6.088718777257078
"[0.23474157958755795, 0.7319170881086777, -0.644827135490224, 0.4697869969565504]",37.62368139156728,6.088781609738476
"[0.2339730135767216, 0.7319935951646807, -0.6447390324410752, 0.4694351002586607]",37.62289562050196,6.088844442219872
"[0.2332042648782692, 0.732071218523724, -0.6446525785617221, 0.46908186855366185]",37.62211567519687,6.088907274701269
"[0.2324354170114353, 0.7321499525361936, -0.6445677732453886, 0.46872732011944357]",37.62134155525598,6.088970107182665
"[0.2316665095829157, 0.732229795761724, -0.6444846105382301, 0.4683714533081261]",37.62057322666034,6.089032939664062
"[0.2308975594877157, 0.7323107490368618, -0.6444030818397934, 0.46801425605241187]",37.61981061983083,6.089095772145458
"[0.23012839975420712, 0.7323928329536675, -0.644323159569819, 0.4676556303929337]",37.619053475951375,6.0891586046268555
"[0.2293592945210619, 0.732476022227339, -0.6442448610591308, 0.4672956792138416]",37.61830199623851,6.089221437108252
"[0.22859002865107542, 0.7325603430275333, -0.6441681542019433, 0.4669342815505261]",37.617555862716955,6.089284269589648
"[0.22782071218180094, 0.7326457865237169, -0.6440930401624534, 0.4665714684050048]",37.61681512137284,6.089347102071045
"[0.22705123548613837, 0.7327323682274264, -0.644019498486567, 0.46620716723639777]",37.61607956991675,6.0894099345524415
"[0.22628180428368685, 0.7328200682232161, -0.6439475388485997, 0.46584145472071353]",37.61534934923511,6.089472767033839
"[0.22551233980036886, 0.7329088985513968, -0.6438771435638788, 0.4654742729051859]",37.61462429019668,6.0895355995152345
"[0.2247426413955373, 0.7329988861598106, -0.6438082848682332, 0.4651055045875813]",37.61390411109544,6.089598431996631
"[0.2239729433271544, 0.7330900074839761, -0.6437409742588773, 0.4647352404757344]",37.613188977143835,6.089661264478028
"[0.22320331747749209, 0.7331822572737031, -0.6436752076905671, 0.4643634943522125]",37.61247887815366,6.089724096959425
"[0.22243346997087673, 0.7332756746196767, -0.6436109504353225, 0.4639901026505426]",37.611773440107726,6.089786929440821
"[0.22166356850886945, 0.7333702434357839, -0.6435482072959419, 0.46361512453535036]",37.611072757222296,6.089849761922218
"[0.22089367623759273, 0.7334659598336314, -0.6434869735830029, 0.46323856910584904]",37.610376816051264,6.089912594403614
"[0.2201237308610624, 0.7335628355438353, -0.6434272345481379, 0.4628603840600516]",37.60968547446936,6.089975426885011
"[0.21935365342176538, 0.7336608849262493, -0.6433689747239247, 0.46248050815110175]",37.60899858360531,6.090038259366408
"[0.2185836103624937, 0.7337600911412399, -0.6433121971452819, 0.4620990011020842]",37.608316225537806,6.090101091847805
"[0.21781346311799005, 0.7338604764564254, -0.6432568819932831, 0.46171577176857453]",37.60763819781982,6.0901639243292
"[0.21704328292510458, 0.7339620362832233, -0.6432030250098968, 0.4613308326813225]",37.606964483391856,6.090226756810598
"[0.21627314136482423, 0.7340647656838093, -0.6431506214529847, 0.4609441969623836]",37.60629508707388,6.090289589291994
"[0.21550290589046603, 0.7341686871110262, -0.643099652759886, 0.4605557749982562]",37.60562980115118,6.090352421773391
"[0.2147326826344765, 0.7342737912122419, -0.6430501165140295, 0.4601655969320222]",37.60496865437839,6.090415254254787
"[0.21396223316009078, 0.7343801159353665, -0.6430019883321985, 0.4597735179069227]",37.60431134522301,6.090478086736184
"[0.2131920148043027, 0.7344876032084483, -0.6429552871548061, 0.4593797471221952]",37.60365823182782,6.09054091921758
"[0.212421671357118, 0.7345963076897647, -0.6429099815009327, 0.45898407904915367]",37.60300890996396,6.0906037516989775
"[0.21165130303141405, 0.7347062209257045, -0.6428660681054843, 0.4585865405909179]",37.602363394629364,6.090666584180374
"[0.2108809269785247, 0.7348173460284353, -0.6428235384863268, 0.4581871161982958]",37.60172162741446,6.0907294166617705
"[0.21011051469049902, 0.7349296928446488, -0.64278238165809, 0.45778576639189467]",37.601083517435804,6.090792249143167
"[0.2093401240291221, 0.7350432587520686, -0.6427425912382884, 0.45738249646369344]",37.60044903195949,6.0908550816245635
"[0.20856973507451074, 0.7351580525653103, -0.6427041566388164, 0.45697727101038277]",37.59981809121828,6.09091791410596
"[0.2077991977755225, 0.7352741030851643, -0.6426670612736739, 0.4565699851997635]",37.59919048075505,6.090980746587357
"[0.20702877905862738, 0.7353913764304533, -0.642631308596859, 0.45616075438237086]",37.59856637159216,6.091043579068753
"[0.20625825548966664, 0.7355099129908335, -0.6425968787371004, 0.4557494340093509]",37.597945486687095,6.091106411550149
"[0.2054878751119626, 0.735629681088639, -0.6425637732224146, 0.45533613043445376]",37.59732797957607,6.091169244031547
"[0.2047174169215938, 0.7357507216650213, -0.6425319729364619, 0.4549206988377969]",37.596713574958976,6.091232076512943
"[0.20394698608772358, 0.7358730252338597, -0.6425014729014588, 0.4545031688950599]",37.59610229967054,6.09129490899434
"[0.20317659073678931, 0.7359965974356706, -0.6424722638357511, 0.4540835181232753]",37.5954940834218,6.091357741475736
"[0.20240615164422865, 0.7361214582617911, -0.642444333311452, 0.4536616758561251]",37.59488878664023,6.091420573957133
"[0.20163576523019208, 0.736247599506677, -0.6424176753559829, 0.45323766711242747]",37.594286418700285,6.091483406438529
"[0.20086540658499805, 0.73637503267343, -0.6423922794598519, 0.4528114503695439]",37.593686885903374,6.091546238919927
"[0.2000950170371063, 0.7365037752896705, -0.6423681342423102, 0.45238296463911754]",37.593090068479036,6.091609071401323
"[0.19932464999451802, 0.7366338264569573, -0.6423452319363219, 0.45195221071105557]",37.59249593118724,6.09167190388272
"[0.19855435127898552, 0.7367651864070266, -0.6423235642153796, 0.45151918536124286]",37.591904449308224,6.091734736364116
"[0.19778410231417365, 0.736897866401026, -0.6423031207952392, 0.4510838490497087]",37.59131552573296,6.091797568845513
"[0.197013886405589, 0.7370318776992112, -0.6422838915457633, 0.45064616269908203]",37.59072907629578,6.09186040132691
"[0.1962436834837351, 0.7371672324790305, -0.6422658663531746, 0.45020608469480194]",37.59014500987712,6.091923233808306
"[0.1954735122747709, 0.7373039363486755, -0.642249036031168, 0.44976359510962866]",37.58956326895229,6.091986066289702
"[0.19470342302431654, 0.7374419893200417, -0.6422333918771537, 0.44931869209301223]",37.58898382435264,6.0920488987710995
"[0.1939333482929182, 0.7375814126763864, -0.6422189227430187, 0.4488713054545289]",37.58840653866878,6.092111731252496
"[0.1931632821098101, 0.7377222171115264, -0.6422056188864314, 0.44842139969774175]",37.58783133775076,6.092174563733892
"[0.1923932982728795, 0.7378643987896601, -0.6421934717762962, 0.44796898578972644]",37.58725820675311,6.092237396215289
"[0.19162344851773214, 0.7380079577044131, -0.642182472119559, 0.4475140621487441]",37.586687109019906,6.092300228696685
"[0.19085364264330013, 0.7381529205613179, -0.6421726085826053, 0.44705654283452284]",37.58611790247572,6.092363061178082
"[0.1900838241848026, 0.7382993085234062, -0.6421638706955063, 0.44659636041390366]",37.58555045930193,6.092425893659479
"[0.1893141581700529, 0.7384471006847995, -0.6421562503188143, 0.4461335797248375]",37.58498483735397,6.092488726140876
"[0.18854451843449366, 0.7385963318902906, -0.6421497360769206, 0.44566809078761616]",37.58442086478749,6.092551558622271
"[0.18777504939356868, 0.7387469849583858, -0.6421443189985255, 0.44519994641047883]",37.5838585706963,6.092614391103669
"[0.1870056013910309, 0.7388991002865716, -0.6421399878156228, 0.4447290204431501]",37.583297766506796,6.092677223585065
"[0.18623622393594572, 0.7390526797373396, -0.6421367327705384, 0.4442553069919228]",37.58273840685209,6.092740056066462
"[0.18546692238914264, 0.739207734008434, -0.6421345436966386, 0.4437787728933384]",37.582180420101636,6.092802888547859
"[0.1846978080558046, 0.7393642523724407, -0.6421334104430003, 0.44329945070881377]",37.58162381885994,6.092865721029255
"[0.1839287392142381, 0.7395222757496717, -0.6421333223578888, 0.4428172149690244]",37.5810684076248,6.092928553510651
"[0.18315976965416061, 0.7396818057178438, -0.6421342691434647, 0.4423320611439823]",37.58051415072311,6.092991385992049
"[0.18239097869593113, 0.7398428383526681, -0.6421362400870803, 0.4418440011697828]",37.57996102976984,6.093054218473445
"[0.18162217914048337, 0.7400054260270363, -0.6421392252240643, 0.4413528768161716]",37.579408811779764,6.093117050954842
"[0.180853622582026, 0.7401695288104452, -0.6421432129603655, 0.440858809147733]",37.57885761881445,6.093179883436238
"[0.18008513343342786, 0.7403351975590804, -0.6421481933926583, 0.44036164541120987]",37.57830723207648,6.0932427159176346
"[0.17931676474510566, 0.7405024349042306, -0.6421541555516762, 0.4398613786097324]",37.57775760121632,6.093305548399031
"[0.17854848553850805, 0.7406712619256004, -0.6421610889557003, 0.4393579466700879]",37.577208623937395,6.093368380880428
"[0.17778051783123405, 0.7408416439107648, -0.6421689804658053, 0.43885145365201284]",37.57666038919505,6.093431213361825
"[0.17701258945223575, 0.7410136558259272, -0.6421778217840816, 0.43834167756574904]",37.57611259750489,6.0934940458432205
"[0.17624482636252167, 0.7411872848633131, -0.6421876005811432, 0.4378286578303482]",37.57556525884247,6.093556878324618
"[0.1754772033896541, 0.7413625521680698, -0.642198306051735, 0.437312333283531]",37.575018268190625,6.093619710806014
"[0.17470972128841966, 0.7415394734774315, -0.64220992704199, 0.43679265911050885]",37.57447153717198,6.093682543287411
"[0.1739424462106503, 0.7417180496169625, -0.6422224512237724, 0.43626963439319233]",37.57392503155581,6.093745375768807
"[0.17317537836454938, 0.7418982967851585, -0.6422358670861555, 0.4357432131613973]",37.57337865708865,6.093808208250204
"[0.17240848231972752, 0.7420802400751538, -0.6422501637377198, 0.43521332386697903]",37.57283229794751,6.0938710407316
"[0.17164177239543724, 0.742263893343708, -0.6422653293682945, 0.43467992811449385]",37.57228587134098,6.093933873212998
"[0.17087532388383064, 0.7424492559257418, -0.6422813507226797, 0.43414302970260976]",37.571739346259754,6.093996705694394
"[0.17010897850346784, 0.7426363841964171, -0.6422982194096575, 0.4336024676097927]",37.57119249881435,6.094059538175791
"[0.1693428228791851, 0.7428252758019037, -0.642315921864151, 0.4330582512693681]",37.57064530463977,6.094122370657187
"[0.16857703195838455, 0.7430159059403733, -0.6423344418795196, 0.4325104542039434]",37.57009780592666,6.094185203138584
"[0.16781137111059016, 0.7432083520318344, -0.6423537729844735, 0.43195885633939]",37.569549718606574,6.094248035619981
"[0.16704590849149448, 0.743402617046202, -0.6423739014958679, 0.43140345219116005]",37.56900099577589,6.094310868101378
"[0.1662807513660598, 0.7435986937205761, -0.6423948122683941, 0.4308442652388162]",37.568451620594466,6.094373700582773
"[0.16551578371577289, 0.7437966322891633, -0.642416496074506, 0.4302811551297437]",37.567901402263395,6.0944365330641705
"[0.16475117160402974, 0.7439964106190865, -0.6424389356457487, 0.4297141877738036]",37.56735037216967,6.094499365545567
"[0.16398668136439867, 0.744198111399511, -0.6424621252862017, 0.4291431317995736]",37.56679822920455,6.0945621980269635
"[0.1632226646127542, 0.7444016635938608, -0.6424860415114431, 0.4285681914821617]",37.56624515997449,6.09462503050836
"[0.16245882826981106, 0.7446071673606862, -0.6425106804955383, 0.42798908709698114]",37.565690811375056,6.0946878629897565
"[0.1616953040727922, 0.7448146105473498, -0.6425360251228838, 0.4274058566659679]",37.565135188149256,6.094750695471153
"[0.16093204300181507, 0.7450240300435125, -0.6425620639327628, 0.4268184002086934]",37.56457812933174,6.09481352795255
"[0.1601690668897325, 0.745235444163676, -0.6425887830236023, 0.4262266703327961]",37.56401954750647,6.094876360433947
"[0.159406501096798, 0.7454488425143907, -0.6426161645419538, 0.4256306999086533]",37.56345942461122,6.094939192915343
"[0.1586441571364252, 0.7456643031046961, -0.6426442017654073, 0.4250302751977349]",37.56289749509496,6.09500202539674
"[0.15788234438514295, 0.7458817639209403, -0.6426728695586004, 0.424425573005639]",37.56233389032577,6.095064857878136
"[0.1571206676543808, 0.7461013642622363, -0.6427021690265441, 0.42381621037011635]",37.5617681625031,6.095127690359533
"[0.1563595393281345, 0.7463230123632328, -0.642732070401901, 0.42320244645676774]",37.56120052798961,6.09519052284093
"[0.1555985815146014, 0.7465468460035493, -0.6427625744553952, 0.4225839043675548]",37.56063055460086,6.095253355322326
"[0.15483821742988924, 0.7467727689833418, -0.6427936499709271, 0.4219608546354429]",37.560058460534094,6.095316187803722
"[0.15407815296980754, 0.7470008971899769, -0.6428252944354702, 0.42133298222598087]",37.559483872859495,6.09537902028512
"[0.15331845232979557, 0.7472312417080689, -0.6428574907758249, 0.42070026194265875]",37.558906714175684,6.095441852766516
"[0.1525592036720886, 0.7474638063076329, -0.6428902205442184, 0.4200626885518195]",37.55832691953615,6.095504685247913
"[0.151800418119839, 0.747698618484197, -0.6429234683023033, 0.41942019173984285]",37.55774436656407,6.095567517729309
"[0.15104215037127544, 0.7479356927850235, -0.6429572164857815, 0.4187727367932176]",37.55715895763559,6.095630350210706
"[0.15028424829743234, 0.7481751096356656, -0.6429914566521737, 0.41812010958251045]",37.556570420607386,6.095693182692102
"[0.149526802701153, 0.7484168744720198, -0.6430261693938853, 0.4174623011389568]",37.555978684587764,6.0957560151734995
"[0.14876993828517318, 0.7486609815353066, -0.6430613333238488, 0.41679933265007163]",37.55538371479214,6.095818847654896
"[0.14801351930500325, 0.748907509721573, -0.6430969389290452, 0.4161309955758831]",37.55478523441169,6.095881680136292
"[0.1472576505284933, 0.7491564612074577, -0.6431329653245624, 0.4154572900091561]",37.55418318231661,6.095944512617689
"[0.1465023083080701, 0.7494078807774571, -0.6431693974429671, 0.41477810074440924]",37.55357738175783,6.0960073450990855
"[0.1457474492092733, 0.7496618213703005, -0.6432062210673869, 0.4140932911068715]",37.55296762767573,6.096070177580482
"[0.14499328165348976, 0.7499182516385813, -0.6432434094063268, 0.4134029517646454]",37.55235393792802,6.0961330100618785
"[0.1442397306099094, 0.7501772363361762, -0.643280949251945, 0.41270691439935403]",37.55173608588443,6.096195842543275
"[0.14348664567255398, 0.7504388688885358, -0.6433188311744025, 0.41200493464226395]",37.5511137515523,6.096258675024672
"[0.14273431025769961, 0.7507030931222941, -0.6433570237045789, 0.41129716980243003]",37.5504870190407,6.096321507506069
"[0.14198260741128566, 0.7509699927998358, -0.6433955152542782, 0.4105834018995444]",37.54985560116176,6.096384339987465
"[0.14123160376812272, 0.7512395886181675, -0.6434342847222726, 0.4098635822701217]",37.549219372277,6.096447172468862
"[0.14048115091807473, 0.7515119801508996, -0.6434733219192286, 0.4091374521086318]",37.54857800168836,6.096510004950258
"[0.13973139634156387, 0.7517871616905949, -0.6435126011025457, 0.4084050338652779]",37.54793142939871,6.096572837431655
"[0.13898240982550314, 0.7520651556978747, -0.6435521001990586, 0.40766627467435107]",37.54727952595794,6.096635669913052
"[0.1382342714688229, 0.7523459811906715, -0.6435917962686778, 0.40692113074153746]",37.546622159161004,6.096698502394449
"[0.13748684064514913, 0.7526297417553984, -0.6436316778572747, 0.4061693342624547]",37.54595898437639,6.096761334875844
"[0.1367402232565605, 0.752916449956371, -0.643671720174923, 0.40541085924553016]",37.54528988792343,6.096824167357242
"[0.13599438172481512, 0.7532061743818199, -0.6437119058181349, 0.40464553154893595]",37.54461460992579,6.096886999838638
"[0.13524939881147746, 0.7534989386399061, -0.6437522106357566, 0.40387329617175566]",37.54393300257646,6.096949832320035
"[0.13450526891712408, 0.7537948021463645, -0.6437926149479948, 0.40309400373318915]",37.54324482623355,6.097012664801432
"[0.1337620548558047, 0.7540937988019499, -0.6438330950741589, 0.402307572301734]",37.542549902544415,6.097075497282828
"[0.13301976814687405, 0.7543959844666629, -0.6438736298189716, 0.40151386229007424]",37.54184799726284,6.097138329764224
"[0.13227853435361092, 0.7547013697464372, -0.6439141914467297, 0.40071285300698006]",37.54113898206009,6.0972011622456215
"[0.13153811948099423, 0.755010115905467, -0.6439547716025809, 0.3999041290012524]",37.5404223526755,6.097263994727018
"[0.13079883044651266, 0.7553221617098881, -0.6439953319898059, 0.39908785816024955]",37.53969815808582,6.0973268272084145
"[0.13006060501570915, 0.7556376008495659, -0.6440358542098966, 0.3982638024670165]",37.53896605531292,6.097389659689811
"[0.12932341182696963, 0.7559565175182694, -0.6440763178530958, 0.39743174934270015]",37.538225723660716,6.097452492171207
"[0.1285873812401175, 0.7562789281021881, -0.644116693296089, 0.3965916632769201]",37.537477013053255,6.097515324652604
"[0.12785242480647324, 0.7566049467051913, -0.6441569625726407, 0.39574325418430273]",37.53671951275766,6.097578157134001
"[0.12711875703784833, 0.7569345555128664, -0.6441970907660175, 0.3948865754395659]",37.53595315104564,6.097640989615398
"[0.12638627773525665, 0.7572678790913044, -0.6442370598380371, 0.3940213101031635]",37.5351774893888,6.097703822096793
"[0.1256550490872984, 0.7576049723515498, -0.6442768424861056, 0.39314732256630774]",37.53439226157221,6.097766654578191
"[0.12492524013328896, 0.7579458420059554, -0.6443164052650385, 0.392264601873675]",37.53359731904513,6.097829487059587
"[0.12419664803161214, 0.7582906714164811, -0.6443557344988676, 0.3913726797084833]",37.53279206106379,6.097892319540984
"[0.12346948326429048, 0.7586394533786734, -0.6443947937269014, 0.3904715811843518]",37.53197636678061,6.09795515202238
"[0.12274375754352014, 0.7589922766446329, -0.6444335568597486, 0.38956108296234737]",37.53114987078202,6.098017984503777
"[0.12201959546867215, 0.759349177904973, -0.6444719913904184, 0.38864109595183505]",37.530312318502105,6.098080816985173
"[0.12129697350004881, 0.7597102694686013, -0.6445100722968178, 0.3877113359326575]",37.52946327841577,6.098143649466571
"[0.12057585575250805, 0.7600756753080098, -0.6445477746685339, 0.3867714889697247]",37.528602273727046,6.098206481947967
"[0.11985644533238587, 0.7604454017710769, -0.6445850606707877, 0.3858215434974379]",37.52772911875934,6.098269314429364
"[0.11913866966470771, 0.7608195992812102, -0.6446219063974367, 0.3848611173210672]",37.526843258079786,6.09833214691076
"[0.11842273885899077, 0.7611982754125939, -0.6446582729452615, 0.3838901947659716]",37.525944495493604,6.098394979392157
"[0.11770868308916374, 0.7615815343861618, -0.6446941302852692, 0.38290851159720596]",37.52503237626863,6.098457811873554
"[0.11699644233785324, 0.7619695350917021, -0.6447294523120214, 0.3819156635541325]",37.52410630034669,6.0985206443549504
"[0.11628613047642286, 0.7623623480842642, -0.6447642036755603, 0.38091147232596045]",37.52316588906341,6.098583476836346
"[0.11557789080399551, 0.7627600304622718, -0.6447983472601599, 0.37989579321799855]",37.52221078672234,6.098646309317743
"[0.11487175638239079, 0.7631627050711624, -0.6448318508758104, 0.37886831290282963]",37.52124046117074,6.09870914179914
"[0.11416771709645705, 0.7635705265752906, -0.6448646837161802, 0.3778286365407528]",37.52025428313763,6.098771974280536
"[0.1134660500210443, 0.7639834880076423, -0.6448968011544305, 0.37677678053127256]",37.51925204433183,6.098834806761933
"[0.1127666293829184, 0.7644018236013174, -0.6449281766547117, 0.3757121458794828]",37.5182328860162,6.098897639243329
"[0.11206968515398, 0.7648255638244817, -0.6449587669380902, 0.3746346516532321]",37.51719647981225,6.098960471724726
"[0.11137522700141819, 0.7652548772398838, -0.644988538102827, 0.3735438644675106]",37.51614211743442,6.099023304206123
"[0.1106833496981641, 0.7656898887125158, -0.6450174518677957, 0.3724394610923766]",37.515069194625994,6.09908613668752
"[0.10999420926580855, 0.7661306909760619, -0.645045466951707, 0.37132119851634915]",37.513977180009135,6.099148969168916
"[0.10930783536505886, 0.7665774649806507, -0.645072546706451, 0.370188608503037]",37.51286530088741,6.099211801650313
"[0.10862429476176597, 0.7670303785960177, -0.6450986521688079, 0.36904125471830407]",37.511732793632554,6.099274634131709
"[0.10794391988491647, 0.7674894297889215, -0.6451237339629177, 0.3678791292640572]",37.5105793310821,6.099337466613106
"[0.10726656957531094, 0.7679549435023231, -0.6451477598219589, 0.36670139439598454]",37.50940370710389,6.099400299094503
"[0.10659262234191383, 0.7684269007655425, -0.6451706781262209, 0.3655080806490781]",37.5082056096339,6.099463131575899
"[0.10592194149713186, 0.7689056510703447, -0.6451924545423885, 0.3642982843438953]",37.5069837222913,6.099525964057295
"[0.10525488895239887, 0.7693912038203562, -0.6452130374784816, 0.3630719589573914]",37.5057376214865,6.099588796538693
"[0.10459153250199159, 0.7698837884255406, -0.6452323845682579, 0.361828499024829]",37.50446626946088,6.099651629020089
"[0.10393192253835089, 0.7703836653275127, -0.6452504528043486, 0.36056721790843127]",37.503168520791,6.0997144615014856
"[0.10327633245682274, 0.7708909413952928, -0.6452671923419683, 0.359287813039494]",37.50184361519411,6.099777293982882
"[0.10262494634422879, 0.7714058028711158, -0.6452825556169381, 0.3579897775498818]",37.50049056107476,6.0998401264642785
"[0.10197795281337088, 0.7719284476527629, -0.6452964945227991, 0.3566725708869476]",37.499108301483034,6.099902958945675
"[0.10133538474659744, 0.7724592206332598, -0.6453089633303729, 0.35533527744596644]",37.49769534016455,6.099965791427072
"[0.10069755481909945, 0.7729982586952552, -0.6453199098556043, 0.35397750060070116]",37.496250717570646,6.100028623908469
"[0.1000647708902001, 0.7735457151620354, -0.6453292824295854, 0.35259879629838525]",37.49477340896018,6.1000914563898645
"[0.09943716124912921, 0.7741019187783921, -0.6453370317915045, 0.35119827227205436]",37.4932618469167,6.100154288871262
"[0.0988148996643851, 0.7746671891556459, -0.645343106815169, 0.3497750522566786]",37.49171445545874,6.100217121352658
"[0.09819826121080945, 0.7752417832554794, -0.6453474545729785, 0.34832840983456265]",37.49012977520657,6.100279953834055
"[0.09758768007070732, 0.7758258313453966, -0.6453500214165074, 0.34685792877862853]",37.48850668087124,6.100342786315451
"[0.0969832553424949, 0.7764198122025499, -0.6453507551076393, 0.34536230568765053]",37.48684297520193,6.100405618796848
"[0.09638533994977745, 0.7770239998787569, -0.6453496015779713, 0.3438407417362215]",37.485136999773225,6.100468451278244
"[0.09579435012539708, 0.777638635203683, -0.6453465073878911, 0.34229250979008435]",37.483387141151155,6.100531283759642
"[0.09521046723496356, 0.778264245728977, -0.6453414175484606, 0.3407161469891103]",37.481590851784155,6.100594116241038
"[0.09463430084034799, 0.7789009478163949, -0.6453342804584038, 0.339111211513225]",37.47974675070098,6.100656948722435
"[0.09406599551687954, 0.7795494157809704, -0.645325039430668, 0.3374758384893636]",37.47785169404993,6.100719781203831
"[0.09350619551251417, 0.780209821356803, -0.6453136447333738, 0.33580941129751146]",37.47590396351876,6.100782613685228
"[0.09295520633715468, 0.7808827876171143, -0.6453000410810112, 0.334110153748315]",37.47390037354943,6.100845446166625
"[0.09241356221324333, 0.7815687430061051, -0.6452841776241225, 0.33237675663833965]",37.47183821644745,6.1009082786480215
"[0.09188191168644486, 0.7822680389323647, -0.6452660084373443, 0.33060807925585517]",37.469714914001834,6.100971111129417
"[0.09136063840643156, 0.7829814659245071, -0.6452454789806731, 0.32880183990976347]",37.467526378293,6.1010339436108145
"[0.09085056230537124, 0.7837093297614096, -0.6452225515485424, 0.32695694927006036]",37.465269889263254,6.101096776092211
"[0.09035220971456465, 0.7844524577338484, -0.6451971774146941, 0.32507095808804387]",37.46294091692051,6.1011596085736075
"[0.08986648564960788, 0.7852112538286103, -0.6451693273921806, 0.32314244659245683]",37.46053609982381,6.101222441055005
"[0.08939399894889445, 0.7859867315577886, -0.6451389571829164, 0.3211683957164577]",37.4580498856333,6.1012852735364005
"[0.08893589983944589, 0.7867792001575451, -0.6451060581422381, 0.31914752086202336]",37.455478803467116,6.101348106017797
"[0.08849290573228599, 0.7875899006113349, -0.6450705943021221, 0.3170760968327876]",37.45281603415568,6.101410938499194
"[0.08806620882195422, 0.7884194930427247, -0.6450325659137542, 0.3149518020556286]",37.4500563836892,6.101473770980591
"[0.0876569818570211, 0.7892689322232284, -0.6449919760810285, 0.3127714743504689]",37.4471933312724,6.101536603461987
"[0.08726648983722995, 0.7901393381691805, -0.644948838250711, 0.31053142303177905]",37.44421939270469,6.101599435943384
"[0.08689623081484432, 0.7910317362835572, -0.6449031930015062, 0.30822807950329345]",37.44112695397774,6.10166226842478
"[0.08654783087542038, 0.7919473336965742, -0.6448550995861768, 0.30585726633475013]",37.43790725633921,6.101725100906177
"[0.08622301971341106, 0.7928877314937475, -0.6448046298504523, 0.3034136156044078]",37.43454950415711,6.101787933387574
"[0.08592395305889404, 0.7938541198875547, -0.6447519188719866, 0.30089262614998785]",37.43104367229067,6.101850765868971
"[0.08565290922287003, 0.7948482607930905, -0.64469712204621, 0.29828807308184313]",37.427376827834124,6.101913598350366
"[0.08541250863534419, 0.7958720822914187, -0.644640448501852, 0.29559300466898863]",37.4235343904565,6.101976430831764
"[0.0852057606159002, 0.7969277872935604, -0.6445821709850329, 0.29279939099563596]",37.41949951705427,6.10203926331316
"[0.08503620992691215, 0.7980174925087071, -0.6445226661270484, 0.2898990014550106]",37.41525425123371,6.102102095794557
"[0.08490789359428806, 0.7991440800798344, -0.6444623942466164, 0.28688104020835004]",37.41077586756188,6.102164928275953
"[0.08482561699870471, 0.8003103126327552, -0.6444019826353722, 0.2837343646566966]",37.406039929814185,6.10222776075735
"[0.08479501673111746, 0.801520205652501, -0.644342201735537, 0.28044360668360996]",37.401014110915156,6.102290593238746
"[0.08482292632495646, 0.8027779059208968, -0.644284091809699, 0.2769919244097392]",37.3956619334501,6.1023534257201435
"[0.08491764573615748, 0.804088297670099, -0.6442290240941315, 0.2733590216626208]",37.38993924201652,6.10241625820154
"[0.08508941359124064, 0.8054572624988539, -0.6441788230770197, 0.2695199288209809]",37.3837915237911,6.1024790906829365
"[0.08535121436184095, 0.8068925493542294, -0.644135937725257, 0.2654417997724057]",37.37714764878646,6.102541923164333
"[0.08571981847648516, 0.8084036170307992, -0.6441037648273342, 0.2610831699625957]",37.36991701348945,6.1026047556457295
"[0.08621742271482791, 0.8100023826734382, -0.6440871194686147, 0.2563900388689207]",37.3619807292207,6.102667588127126
"[0.08687463728406841, 0.8117050550928615, -0.6440930395181198, 0.25128752545405536]",37.35317376572707,6.102730420608523
"[0.08773586477041322, 0.8135347728281221, -0.6441323093996739, 0.24566653681756162]",37.343255344929275,6.102793253089919
"[0.08886957575160319, 0.8155259833969902, -0.6442225349987999, 0.23935975020100653]",37.3318545021668,6.102856085571315
"[0.3855556677191746, 0.6875039886413035, -0.8475523863572385, 0.5459046150106828]",69.99304859355829,6.103358745422489
"[0.2016612477760565, 0.699951089870997, -0.755768063019611, 0.5249269456438821]",75.48655306284917,6.1037985727922655
"[0.40516896865221125, 0.9355816998169257, -0.9584338665869848, 0.5748855865943916]",84.42183500347774,6.103987070236455
"[0.04175834429647822, 0.7429235505959313, -0.789493650689304, 0.4109056886243628]",81.40144967370513,6.107380024231872
"[0.10047540630210096, 0.7254195930661248, -0.7466451734139155, 0.4617661988754537]",75.16239030457292,6.10851100889701
"[0.27234111433050073, 0.6913057727724782, -0.7782896269414966, 0.5470029757803158]",75.4663457777957,6.108573841378408
"[0.06477211010578691, 0.7221794182240315, -0.8147580407123894, 0.4461089652886074]",75.05850622690089,6.108636673859804
"[0.2560243962620047, 0.7279484006996609, -0.6555846147242871, 0.48632112546554057]",92.1163762709362,6.109202166192373
"[0.4504172968637291, 0.8631300518875384, -0.8076480729137344, 0.5719528285971934]",71.2688352266459,6.10926499867377
"[0.19831612896898107, 0.7100937959865871, -0.7230384161609643, 0.5118972520635602]",93.34433561528938,6.109641993562151
"[0.5042241341836963, 0.6565848168463929, -0.7492522103651719, 0.2718723470827479]",73.2102882304279,6.1102703183761164
"[0.08810825812202884, 0.7376091302943518, -0.7261196020326949, 0.43797650909860936]",68.77316259953689,6.110458815820306
"[0.3136875656866659, 0.7031394657731861, -0.7582309052910603, 0.5483166684665502]",69.22702409178852,6.110521648301702
"[0.048310478734855895, 0.7177011117159608, -0.948219497750235, 0.38886180385772573]",72.58049387665673,6.110584480783099
"[0.4604994068528515, 0.5981896755667965, -0.9006363582765787, 0.33613924347784363]",67.21489931302733,6.110647313264495
"[0.4300323148566476, 0.5871023426461193, -0.9272645433718377, 0.33928474055973884]",67.04870437041868,6.110710145745892
"[0.10724275366127194, 0.682728553115588, -0.9368578378495245, 0.45565884106983734]",72.57004954242387,6.110835810708686
"[0.336483223393288, 0.6819484020107466, -0.8272786303262951, 0.5515617605587658]",69.38836386803469,6.110898643190082
"[0.13208237933671116, 0.6948460336403809, -0.8227261286676668, 0.5015600870267315]",68.76138017432226,6.110961475671479
"[0.28599220560919364, 0.7309779106480088, -0.6487297774642922, 0.48533366417358187]",73.39361854935298,6.111275638078461
"[0.1453358914476009, 1.0914424695434513, -0.9781354041994795, 0.41268321879157094]",87.81975336104425,6.1114641355226516
"[0.04731863930163182, 0.772038500890529, -0.7130698284696699, 0.3626353256569993]",86.77810453885269,6.114731424555275
"[0.22029943704318347, 1.0837675364129213, -0.9695055200900988, 0.48848885768696076]",75.11930626298211,6.114857089518068
"[0.07607156789800025, 0.7125776293105907, -0.8331865130212724, 0.4588440904119737]",68.72543075222248,6.115359749369242
"[0.25908386630740426, 0.6801871768709457, -0.8112170878474066, 0.5465483156004965]",69.0932700866067,6.115422581850638
"[0.5312405885836488, 0.66465226726877, -0.8576091079456104, 0.37684930738583367]",67.53262672643541,6.115611079294828
"[0.3037888808459467, 1.1274471139373914, -0.779963999682589, 0.4556848373049252]",80.15895177529966,6.115673911776224
"[0.41434719654330143, 0.7038214876662511, -0.8483158160332931, 0.5455625760173781]",70.16605062662299,6.115862409220414
"[0.22184032301041173, 0.7068215775799065, -0.7275553806752867, 0.5221964430743004]",69.00717207304812,6.115925241701811
"[0.45032196598034646, 0.8674583595768138, -0.8025187535037975, 0.5708655728431282]",71.34195228247745,6.11743322125533
"[0.39190349385308765, 0.7416305335426467, -0.7320020487310486, 0.5410755159184666]",92.54085730311107,6.118124378550692
"[0.12718463207083935, 0.7012355866629588, -0.8023474914577615, 0.4972923928140422]",75.26071722982846,6.118250043513485
"[0.2742031717014726, 0.6906554785662028, -0.7806274505041465, 0.5475623205461793]",75.58161644432052,6.118312875994882
"[0.19158452386029148, 0.7030904535204804, -0.748976793867071, 0.5190842519038642]",75.3853255791245,6.118375708476279
"[0.012779855903275041, 0.7995174693372915, -0.7519772058943511, 0.30861928295472274]",81.41142372563522,6.119883688029797
"[0.01705506316833426, 0.7779925708414182, -0.7660231350862267, 0.3468180446042009]",81.94780902575658,6.13207318942074
"[0.19276322351935127, 0.7010087939549824, -0.7555665505075957, 0.5215144103285297]",75.94610613014527,6.132827179197499
"[0.169133293594393, 0.7126970438224233, -0.7280990483517692, 0.5008497937837227]",69.58898193869378,6.133706833937052
"[0.13564100611607163, 0.6950568692673328, -0.8178765385853103, 0.5035621971648229]",69.49975645725712,6.133832498899844
"[0.6062808161233307, 0.865535635232618, -0.7941389460271464, 0.3320024841645375]",62.964639534011845,6.134900651083587
"[0.2518275574474752, 0.7528875922617634, -0.5819677228189363, 0.3647339576025078]",73.49593137710141,6.135151981009174
"[0.23593112885872428, 1.03480016376843, -1.0718788726150652, 0.45822329004741075]",58.20304959570257,6.135277645971967
"[0.5123600006242864, 0.8704978369805965, -0.6839225044324998, 0.44738304354226843]",65.10983666487247,6.135528975897554
"[0.3492988784378211, 1.1340023512903525, -0.7284733435228578, 0.3826886141375001]",59.01401826999069,6.135654640860346
"[0.27370772660840725, 1.157968389276885, -0.7473978177633944, 0.29765363760709085]",59.06093417069483,6.135717473341743
"[0.1896015082969273, 0.7250413570678382, -0.6794443956307114, 0.4819977994302007]",56.64032355286794,6.136597128081296
"[0.1652591122395788, 0.6626922280765807, -0.9281713289627916, 0.49141159005090645]",89.06417155034754,6.136785625525485
"[0.2982875663216425, 0.744683479071739, -0.5953380512308184, 0.4095516409983271]",66.86024769702647,6.137288285376658
"[0.22512189775436134, 1.0970589420788053, -0.934149389450785, 0.49072466165708334]",51.16706310400533,6.137413950339451
"[0.3591959878540191, 0.9850546341791011, -0.975462284888448, 0.5652384707916049]",51.249105591348155,6.137476782820848
"[0.3568947055490863, 1.1198615211563678, -0.7343879752815199, 0.42248185749394435]",52.15560458747604,6.138230772597607
"[0.3270293074418184, 0.986835484870596, -1.0863980571123695, 0.49002693101868366]",66.64293428472732,6.13892192989297
"[0.4128789181630292, 0.9259603031671365, -0.9523374464957401, 0.5760731586977136]",55.27412155810067,6.139236092299953
"[0.410734414832449, 0.9293327260010247, -0.9483100392719759, 0.5774154124921029]",60.80309695239677,6.140367076965092
"[0.10804438763274854, 0.8014129208165979, -0.6258020137314109, 0.26434901408271766]",48.88067323241554,6.140744071853471
"[0.25205714598633316, 0.7375818787382203, -0.6243815626849746, 0.45103641177351217]",49.10455296784407,6.140806904334868
"[0.39539550692100034, 0.7407785442545907, -0.7434996850112973, 0.5453576362706463]",49.88688937029904,6.140869736816265
"[0.37145660920498175, 0.7459680566292332, -0.6530429504744061, 0.4873997357976266]",75.22024309092265,6.140932569297662
"[0.3398164357690931, 0.6955109462380802, -0.7968039267566805, 0.5540627055047869]",99.44388307278514,6.142126386444198
"[0.51324301480452, 0.7956070655754678, -0.6708856000563884, 0.40718736530927785]",74.92061012769983,6.1428803762209565
"[0.11192455515770461, 0.7003874228516871, -0.8250702033755712, 0.48845253481808487]",84.18629298442418,6.143257371109336
"[0.36546971334934863, 0.7024933893578055, -0.8013964393557246, 0.554546840185443]",88.75541696038124,6.14357153351632
"[0.5197433488512456, 0.888263566001247, -0.6854097783910935, 0.4363683271168101]",67.77740202102088,6.143697198479113
"[0.4582095172627033, 0.6071062740408243, -0.9117394897366452, 0.3764254881951411]",80.68080682202526,6.143760030960509
"[0.3547885567539637, 1.0259178068699681, -0.8749095658144384, 0.567121143209178]",61.53034157200849,6.144074193367492
"[0.04397301798809773, 0.73381421605094, -0.8175594349465269, 0.42091913076339355]",86.9510891552185,6.144702518181458
"[0.2805833444703126, 1.157146384364661, -0.7477034061853931, 0.32952072218332845]",92.53969203884684,6.146084832772184
"[0.23218953077359708, 0.6495989052510253, -0.9145912765925807, 0.5149480565025973]",72.75977359523536,6.146210497734977
"[0.21317476004333819, 1.0997425677764145, -0.9380515074352322, 0.4806928481011412]",63.00507263645904,6.146273330216373
"[0.533499547700443, 0.8457353780025632, -0.6859517594093809, 0.4124266813480916]",76.10145971584625,6.14671315758615
"[0.25719988821129447, 1.041321153132139, -1.0341279545200328, 0.4979421206506837]",86.31006068177324,6.146964487511736
"[0.34543025108036396, 1.0399819047413643, -0.8676810956328074, 0.5601393602400502]",67.43990978418094,6.147781309769893
"[0.4665499520659669, 0.7033482580930924, -0.8912339356000335, 0.5125130340949519]",91.86763439225066,6.147969807214082
"[0.3629355020249822, 0.6220894434793545, -0.9363046083192426, 0.47775039596258295]",76.6031702153339,6.148095472176875
"[0.34434463654395653, 0.74348779808539, -0.6203270053457349, 0.4505004498464517]",61.4255884613108,6.148221137139668
"[0.39128597757529554, 0.7420887969673537, -0.7286831919294041, 0.5396741634627191]",55.696881153489734,6.148660964509444
"[0.5455247216827631, 0.6887425566195599, -0.8596093987469297, 0.3908143051676024]",95.02781498837714,6.148849461953634
"[0.3768719978874463, 0.748718098921881, -0.6331584535774548, 0.4615632249862977]",97.69065754046854,6.149163624360617
"[0.5306184932328442, 0.9891995199618435, -0.7001035388029951, 0.36413409704683786]",64.43167854039795,6.149289289323411
"[0.46999762954350305, 0.9472747795968319, -0.7129452641009746, 0.5026470224656139]",57.66090952418626,6.1493521218048075
"[0.32907670028917035, 0.7302197044156261, -0.6764421053728689, 0.5115881151733935]",92.17091696355325,6.149414954286204
"[0.458849476042488, 0.9543617350689808, -0.7257587052268522, 0.5174598579323842]",71.19435406407352,6.150608771432739
"[0.02723189103475743, 0.7478775478104107, -0.8135157457005608, 0.3942410667818391]",81.58029048469228,6.150985766321119
"[0.06212795209312568, 0.7328706592515889, -0.7796843680652727, 0.4350256582428695]",87.47799419698205,6.154944212649106
"[0.23171774889955354, 0.6888982008691834, -0.7854944514245444, 0.5397462280914556]",81.37440152983342,6.155195542574692
"[0.5037208534955713, 0.6350914152095102, -0.8762776572645185, 0.37114912557783336]",73.3148483709769,6.155509704981675
"[0.40040062709724034, 1.0579498828058158, -0.742059492069385, 0.4942090656058888]",81.73069569137297,6.1562008622770374
"[0.4084304893845328, 0.9338798728052695, -0.9384709422176253, 0.5799825779702347]",67.18072970662497,6.156326527239831
"[0.40619342424037613, 0.9360247680547816, -0.9449776377340388, 0.5785490807815038]",55.82151937081006,6.156954852053797
"[0.570608324288212, 0.8999625758612151, -0.7183221461818582, 0.3616696916721919]",89.21623936695163,6.15726901446078
"[0.4992896663055583, 0.6320404601203706, -0.8805162032235379, 0.3729704856360243]",91.77660319246718,6.158211501681729
"[0.4267195389701784, 1.0637240258973304, -0.7115331695241731, 0.44487775126333756]",74.11390053151982,6.158776994014298
"[0.5395360163759617, 0.6731914490912183, -0.8463198200322495, 0.3710580941560506]",77.19953779287601,6.158902658977092
"[0.5021898121565433, 0.6820276001148542, -0.8991713583376226, 0.4554523521907213]",65.5665661219289,6.1600336436422305
"[0.5325608775910342, 0.9726504004411266, -0.6969092842529564, 0.3771121677601074]",59.066006516404734,6.160536303493404
"[0.3184515991100619, 1.0775387124210807, -0.8469345221788723, 0.5335748209875919]",94.36546494056047,6.16116462830737
"[0.36680110964407375, 0.7443611657358544, -0.5923240657560472, 0.3763086003792892]",68.88991923020014,6.16135312575156
"[0.2815615511287191, 1.0467421808970916, -0.9835473909169219, 0.5306296871906783]",75.69779045231145,6.161415958232957
"[0.14727415900039517, 1.1121189001465122, -0.9300174156777287, 0.40962586808369]",81.36869250842973,6.161604455677146
"[0.5884590484687025, 0.8259243339604487, -0.756319233033913, 0.3561055937920703]",61.42865830823571,6.161667288158543
"[0.5460146469132169, 0.6818191026698985, -0.8070352535054554, 0.3454422083962429]",74.21150817685495,6.161981450565526
"[0.5386590660372033, 0.9623428204640052, -0.6984735864454564, 0.3754400023119642]",50.42630855593129,6.1622956129725095
"[0.32341798205224453, 1.0562496494097282, -0.8804968401160702, 0.5511113538321027]",72.73646223108389,6.163803592526028
"[0.28667769490194545, 0.6712557210971429, -0.8385348793930225, 0.5472479685688976]",58.80623648494408,6.1649345771911666
"[0.34729460245295896, 1.0790038485887616, -0.7961041673108954, 0.5179780340253564]",45.26505909064026,6.1651859071167525
"[0.3306445613565062, 1.109057220621408, -0.7759148501815305, 0.4785400095036617]",46.340026230143806,6.166191226819099
"[0.3491862354154644, 1.0417286035865456, -0.8558453606366733, 0.5580803490126017]",90.58401434726996,6.166568221707478
"[0.2801248078219551, 0.7284482491729235, -0.6565836827441882, 0.4918636723107813]",91.20605460001228,6.1676992063726175
"[0.14604727624305835, 0.7432194488143925, -0.6569418867935375, 0.4322926271355597]",53.06131512437,6.1678248713354105
"[0.585456851446179, 0.947664029419458, -0.757566826964118, 0.30928751209803634]",43.48054592129573,6.170149673147085
"[0.5802995852453318, 0.8518298394015162, -0.7336535689227439, 0.36089602448841696]",43.22022506672558,6.170212505628482
"[0.5571973299050968, 0.7955757135875778, -0.7122753319390327, 0.3724381808743682]",43.01565409812781,6.170275338109878
"[0.5354184301397998, 0.7401674782906215, -0.7031649653361927, 0.3470576553745557]",42.73103675043028,6.170338170591275
"[0.40018909169857914, 0.736555664126847, -0.7671699191144339, 0.551847822242455]",44.11640995332755,6.170401003072672
"[0.3810878571702059, 0.7421881444978242, -0.7031784019530057, 0.5270901728971034]",43.66355670419431,6.170463835554068
"[0.35990648310503, 0.7396799652096846, -0.6713787959216773, 0.5063025484109653]",43.44961268236025,6.170526668035465
"[0.33459801311877946, 0.7366108847164535, -0.6527150405404091, 0.49118982367096486]",43.33287446221824,6.170589500516861
"[0.3072367080424622, 0.7349696934175479, -0.6405279069306028, 0.47866983447015354]",43.261112937759926,6.170652332998258
"[0.27900070210800815, 0.7350296692793683, -0.6324052819742502, 0.46679564057525885]",43.21319807013177,6.170715165479655
"[0.25044023961980566, 0.736737598269198, -0.6272717620295589, 0.4543541124975079]",43.179195462933635,6.170777997961051
"[0.22184041363705492, 0.7400729012310837, -0.6245061500162224, 0.4403406435048785]",43.15347851348381,6.170840830442447
"[0.1934039758155274, 0.7451745137911759, -0.6236363305126698, 0.4236118407530295]",43.13202148225424,6.170903662923845
"[0.16541984719558847, 0.752460873680133, -0.6241973481795227, 0.40252059059367024]",43.11090886050807,6.170966495405241
"[0.13852656420122375, 0.7628994935477265, -0.6256163770602967, 0.3741274310814693]",43.08450269342843,6.171029327886638
"[0.11469712386338338, 0.7788913825984906, -0.6271032839880265, 0.33141221290284]",43.03990760913811,6.171092160368034
"[0.1076800016661518, 0.810276677189821, -0.6294508421757845, 0.23724990419433506]",42.90305056553689,6.171154992849431
"[0.2254240322376926, 1.0828120445080924, -0.9671914015667471, 0.4928922453826995]",87.18408482452158,6.171594820219207
"[0.23675211397550902, 0.6690051390922908, -0.849422796706075, 0.5385520355232167]",56.23224421260355,6.173668292105296
"[-0.004109236752076901, 0.7923105828104201, -0.822769520577654, 0.3145816960206439]",67.90088966108189,6.178883388061214
"[0.32310173027134526, 0.673613934113226, -0.8408164651792688, 0.5486134465627995]",62.259452485493085,6.179260382949593
"[0.13472491578417128, 0.7848695237485535, -0.6089309208748843, 0.2994554538397714]",62.59094542059947,6.179386047912387
"[0.4240667675806331, 0.9703863054409911, -0.7848616585214846, 0.5590920412564135]",65.01761263050915,6.17951171287518
"[0.034238411405599904, 0.7368249900984261, -0.8359783561616199, 0.40851362154260845]",83.22787422581179,6.17988870776356
"[0.3976511470107718, 0.9517081671291198, -0.925329690540047, 0.5821448548627257]",49.22993464620315,6.18007720520775
"[0.16146244701939907, 0.7306338329140595, -0.6783717755104964, 0.46511385389183985]",67.8215023458777,6.180328535133336
"[0.2080417176063209, 1.1552819268510477, -0.7914720927623937, 0.34812631274335315]",50.21633515153208,6.180517032577526
"[0.30074696382464533, 0.747879037338063, -0.5799585079560277, 0.3648583784229889]",80.68187487145596,6.180768362503112
"[0.5141007813649235, 0.7185501271709108, -0.9075934097794914, 0.4751684877033763]",60.11144967561168,6.181459519798475
"[0.4474955435315593, 1.0367457490065293, -0.7061110438744825, 0.45338522047502194]",67.50570664633285,6.181710849724062
"[0.5571832886393062, 0.9604158717746987, -0.7149099059845457, 0.3459489055576115]",60.941791950816615,6.182087844612441
"[0.3145154424408814, 0.7374577541069124, -0.6330778812631078, 0.47027951473478863]",51.477921826321875,6.182213509575234
"[0.3413339193573951, 0.6175395312964309, -0.9474843745336843, 0.4729471432805419]",61.77165881690397,6.182339174538027
"[0.5630016895001596, 0.9017497040160989, -0.7096170971386008, 0.3713465297348239]",51.95269404924123,6.182402007019424
"[0.47369586513252154, 0.9933672344687171, -0.6991111090586356, 0.46047873008604817]",60.11687462904733,6.183093164314787
"[0.4713050383068112, 0.9891070546638407, -0.7015535680772834, 0.46868463571594954]",45.74763821087831,6.184098484017133
"[0.3292137134527169, 1.150022435769407, -0.7302350257569787, 0.3072950671821842]",46.01193555638084,6.184161316498529
"[0.24811121856818416, 0.7275390178468745, -0.6571207646018588, 0.4857092539413917]",52.905762520132775,6.185355133645064
"[0.32037180541909693, 1.1417669480379073, -0.7425047505227084, 0.3910727101522465]",46.24403897571595,6.1860462909404275
"[0.3981366114929729, 1.075211624704199, -0.7309175925348073, 0.46839302183083814]",46.145174377155385,6.186109123421824
"[0.4279613801987857, 0.9967555806348087, -0.7515115173279596, 0.5311321609965329]",46.17773163260535,6.18617195590322
"[0.44386513609894307, 0.8791446638481116, -0.8437545332862785, 0.5804188224029707]",46.457133229820094,6.186234788384617
"[0.29654559387987534, 1.0636471703536998, -0.9151839054235571, 0.5419031752024106]",55.062277152326864,6.18692594567998
"[0.4931280908776749, 0.9967801572090859, -0.691454444271093, 0.4230029067355763]",52.436755920440056,6.188056930345119
"[0.4780597435886952, 0.6517444496946712, -0.9041106250748778, 0.44466484143275864]",56.96496786130584,6.188433925233499
"[0.14713531716528966, 0.6808183585263559, -0.8659876887999122, 0.5057443503627516]",71.68217073364586,6.188496757714896
"[0.35828985387386136, 0.6156946945648414, -0.9455309173148182, 0.4661797288337168]",52.82700660074373,6.188622422677688
"[0.4078434661435248, 0.9298354814873178, -1.0379593599050403, 0.5339589184588233]",45.47389739521787,6.190507397119587
"[0.37068105316185135, 0.9694440467952016, -0.9932600127594515, 0.5609983281186298]",45.32565931095755,6.190570229600984
"[0.3460455399323549, 1.000085190744142, -0.9682910890669438, 0.5635327520183336]",45.25568148841279,6.19063306208238
"[0.32448232962389806, 1.0254802904850295, -0.9522513248761255, 0.5579531840768467]",45.21511664437687,6.190695894563777
"[0.3035768784519473, 1.0469681548512326, -0.9420502269007262, 0.5479257006585996]",45.19206639753065,6.190758727045173
"[0.28223092211655754, 1.0651105896408326, -0.9363590126966906, 0.5347392853807739]",45.1819668595001,6.19082155952657
"[0.2597530306104913, 1.080042790269496, -0.9346048514268448, 0.518800363569463]",45.183113308751956,6.190884392007967
"[0.2355719089872104, 1.0915405825130093, -0.936702349011367, 0.49999173649143264]",45.19555774544038,6.190947224489363
"[0.20907755080281715, 1.0989181620738635, -0.9430652102788093, 0.4776483593609563]",45.221191436061055,6.191010056970759
"[0.17950083326158392, 1.1006046842223067, -0.9549276989868565, 0.45016289126259823]",45.265141548126024,6.1910728894521565
"[0.14569240966255984, 1.092601423746629, -0.9756734780302523, 0.41326859474951916]",45.3417613709917,6.191135721933553
"[0.37138599327319705, 0.7476797089083821, -0.6230211729743028, 0.44780825510463423]",61.01395346785363,6.191764046747519
"[0.08722606688444688, 0.7001831543648914, -0.8726456771158889, 0.4648628935661971]",50.36470824560141,6.191952544191708
"[0.2041065557900818, 0.6721762326147939, -0.8522226242164125, 0.5302963948276129]",50.59078516004517,6.192015376673106
"[0.32855996626085676, 0.6684219911831477, -0.8542757709441295, 0.5449472714353445]",51.0437469143137,6.192078209154502
"[0.48436081470751874, 0.6482139720674296, -0.901585829772827, 0.4315474299151851]",48.664902508146454,6.192329539080088
"[0.3835468886865609, 0.6027830678241468, -0.9513756429530176, 0.4282135976518502]",48.2131661198411,6.1923923715614855
"[0.36425900958550517, 1.0605443595860318, -0.7946770839703996, 0.5300925309102004]",57.93747657471982,6.193334858782435
"[0.575187117811877, 0.7976158259395613, -0.7410158296872624, 0.3629665485279525]",60.04298359792728,6.193460523745228
"[0.23026993574284577, 0.6668180442131759, -0.8586918529203279, 0.5353728214196786]",80.53907361730282,6.19415168104059
"[0.5351316641458737, 0.9563703791391561, -0.695197048651112, 0.3858403111981198]",60.03445492219225,6.194214513521987
"[0.269588358758573, 0.7426788976349918, -0.6055651754033751, 0.42657504070475893]",58.36413094855481,6.194340178484779
"[0.3200166595771848, 1.1158818892041722, -0.7791101120065203, 0.47209532849043373]",62.39344682424003,6.194780005854557
"[0.04463735074695328, 0.7323476153489128, -0.8219416090749336, 0.42237967678279326]",79.0853966951729,6.194842838335953
"[0.5883950262724795, 0.8102156205579348, -0.7637966534378233, 0.3571214453605319]",50.336798998015475,6.195659660594109
"[0.45502588061440247, 0.7154099208258673, -0.8775631357447362, 0.5305403074824381]",52.41717297169127,6.195722493075506
"[0.32267612514237026, 0.7182927744437473, -0.7159112789193779, 0.5347905728358832]",50.97013757230364,6.195785325556901
"[0.23210045246903593, 0.7197066394810175, -0.6839335668240188, 0.5020471073046826]",50.718782145062015,6.195848158038299
"[0.1393261008200492, 0.7354418635459602, -0.6810337817321755, 0.4513602884232455]",50.61299213954129,6.195910990519695
"[0.05472737740157985, 0.79670514901952, -0.6789599532552985, 0.30652381033976567]",50.435927848034964,6.195973823001092
"[0.27600486755714815, 0.7174568486163271, -0.6942392295528609, 0.5187261492761819]",63.54609159109198,6.196790645259248
"[0.5827498943592642, 0.9366154617052034, -0.7455560161073181, 0.3235938041711887]",69.77665501661008,6.199429609477905
"[0.16985766843340583, 0.6485163321036944, -1.0131494903182006, 0.4187740730656211]",59.63165635394073,6.199680939403492
"[0.41889079683052843, 0.9947785440924793, -0.7706785411593798, 0.5453499196604276]",60.483778850998355,6.199995101810474
"[0.09970483565953284, 0.740501200342564, -0.705015946930572, 0.4349128470373721]",93.85546624019041,6.200120766773268
"[0.5249203840910235, 1.025802784033296, -0.7132866704764579, 0.3235135902965185]",65.62584058326,6.2003092642174575
"[0.5307411921395809, 0.968872522511808, -0.6951159069874746, 0.3834920135347911]",59.453039930193704,6.200497761661648
"[0.46219531369413225, 0.9336107384581316, -0.7282239264593562, 0.5239099274255876]",52.794705144814635,6.201063253994217
"[0.3491283292628267, 1.1420292221034063, -0.7244292813719475, 0.3368624152076404]",52.92169867119344,6.201126086475614
"[0.37953937291826545, 1.1129568138283004, -0.7215805115239415, 0.40878437382902655]",52.988680509200314,6.2015030813639935
"[0.4324519317295462, 0.8976707623403763, -0.9306370113131205, 0.5779935201322822]",61.42299397902311,6.202257071140753
"[0.3714258132115207, 1.038580466974757, -0.8136943128909694, 0.5497690138915594]",79.88645686560832,6.202571233547736
"[0.2884416561241423, 1.0103496397168743, -1.0783991760610694, 0.4842126501040581]",52.23642176583571,6.203639385731478
"[0.23290427701656452, 1.0337766456633528, -1.0764603430429394, 0.45190398659904785]",52.239830893872494,6.203702218212875
"[0.295684489887227, 0.7308070437110201, -0.6524915764207317, 0.4900017790520076]",61.7401336082832,6.204079213101255
"[0.12071456347375949, 0.6940621415371787, -0.840622171399644, 0.4940104236150185]",57.089870849480334,6.204581872952427
"[0.2604279586045059, 0.6752650309060705, -0.8261445130704493, 0.5458740495354405]",57.401833119910314,6.204644705433824
"[0.4648342319525746, 0.6994270918488689, -0.8916507419943812, 0.5107558314221673]",58.75277148782873,6.204707537915221
"[0.40849812648316514, 0.5917944437981719, -0.9454628583143845, 0.3819464944488557]",55.1433409683779,6.20489603535941
"[0.3775645983826083, 0.709421778154427, -0.7984027475852276, 0.554727725004254]",58.05639839508586,6.205964187543153
"[0.2576785592686923, 0.7095542483937269, -0.7173182161421621, 0.5271824058518699]",57.37128080173225,6.206027020024549
"[0.1369111150174596, 0.7263672346167698, -0.7079634518104833, 0.47004126181038464]",57.1911669124867,6.206089852505946
"[0.10790806655588839, 0.7386207282883298, -0.701034046314052, 0.44016629312181993]",75.14004061895866,6.208351821836224
"[0.40493906303654337, 0.9897924634211979, -0.8094609776736504, 0.5654618121249112]",79.75119252875676,6.20841465431762
"[0.5091544674419223, 0.8528813372951536, -0.6815505249386667, 0.4484946508802728]",70.62321026063009,6.20860315176181
"[0.4459579361475389, 0.624766377248421, -0.91885362970751, 0.4330396239331149]",82.5302237532165,6.208854481687397
"[0.009298323098570822, 0.7568799716969862, -0.8717179562756233, 0.3595600919011588]",84.94486095389713,6.2092943090571735
"[0.45313681456771265, 1.0116927271967076, -0.7100080035018989, 0.4760361261873601]",59.2784950127041,6.2095456389827595
"[0.43723558228808984, 1.0470824580023383, -0.7101447382597446, 0.4551965082969481]",59.32898102084219,6.209608471464156
"[0.4485304922797225, 0.953444151838668, -0.7439323729481195, 0.5353506897652446]",59.449148066182154,6.2096713039455524
"[0.5652229580585681, 0.9605440059515851, -0.7257040154083253, 0.33213914011353557]",83.4531942465989,6.211179283499071
"[0.3836571080103718, 0.5987480262098757, -0.9545290128217035, 0.4171810688788253]",72.80969803546719,6.211242115980468
"[0.5831565332858839, 0.8694076975300641, -0.7364727221665482, 0.35501854625626605]",74.17283613347732,6.211681943350245
"[0.04552984589697094, 0.7295951596340733, -0.8318416297120941, 0.42435111073898146]",63.386325098239155,6.211807608313038
"[0.1901596004564603, 0.6863274312470564, -0.8084050842787724, 0.5287435771210514]",63.628331908998994,6.211870440794434
"[0.31168682014523674, 0.6825041953633461, -0.8147908242356142, 0.5521079176721706]",64.01331217184699,6.211933273275831
"[0.5200407102546587, 0.7297272958828765, -0.9126827256158354, 0.4755790589238946]",65.69461068312941,6.211996105757227
"[0.2441082021233877, 0.6505049654232921, -0.9051446324275391, 0.521126058005621]",67.6988817858109,6.2120589382386235
"[0.3356223462614013, 0.6492296727887216, -0.8944935602359652, 0.5256550986286743]",68.1530203481673,6.21231026816421
"[0.42830895707388866, 0.7032857606734579, -0.8622831533413844, 0.5388275856268342]",64.99915534311722,6.212373100645607
"[0.30314432306771155, 0.7012246999917965, -0.7582495313641031, 0.5474170620347976]",63.94257556873658,6.212435933127003
"[0.1933612166859655, 0.7085671238962613, -0.7299198387673179, 0.5128622445604758]",63.65581261741162,6.2124987656084
"[0.06419776411834215, 0.7488733202991327, -0.7307539798720484, 0.41123999622876894]",63.49559858720359,6.212561598089797
"[0.18147004535260877, 1.0991422824742034, -0.9576346995979613, 0.45236439099008713]",70.85394285281129,6.213001425459573
"[0.25974550484636594, 0.6141454168757494, -1.0030710342373186, 0.4271005231640543]",71.55296166943425,6.214383740050299
"[0.40901939290888867, 0.6835493166303992, -0.869348951767684, 0.5341072481054997]",89.65727167954532,6.2145722374944885
"[0.05094292589920934, 0.7305832679356808, -0.8122782335854356, 0.42937249851756826]",69.75508730412017,6.216834206824766
"[0.15518721584907935, 0.6975571488236426, -0.790039261103785, 0.5118343946044519]",69.91713356503209,6.216897039306162
"[0.21047304319495092, 0.6928938053114154, -0.7769500486572759, 0.5325423718903063]",70.01851286820748,6.21695987178756
"[0.22003694993206105, 0.695123569564648, -0.7669004142126109, 0.5336080266740018]",70.04024725954714,6.217022704268956
"[0.1847477294847407, 0.7019698549948833, -0.755867471290956, 0.5183298444125186]",69.97745005449403,6.217085536750353
"[0.10626873159258268, 0.7218218790201653, -0.751404544057489, 0.46892482825879983]",69.87987936995303,6.217148369231749
"[0.4239996067547274, 0.7235985761161604, -0.8337708364016803, 0.5515916118791925]",82.22225306763923,6.22028999330158
"[0.3313099956263429, 0.7449764000746016, -0.5944589788184577, 0.4030461047586343]",86.73466440742557,6.220541323227166
"[0.02278269300740029, 0.7637846958672437, -0.7791121381624625, 0.3717181051568174]",76.02735784977978,6.22066698818996
"[0.4044531461473342, 0.6269167356390724, -0.9259474563486164, 0.4683030976962914]",97.7809294700177,6.222677627594651
"[0.4840641465379759, 0.6489070758340911, -0.9017823230183758, 0.4330468502227288]",98.8134803854923,6.223431617371411
"[0.13075326566796497, 1.0675907628694834, -1.0204006544467583, 0.38303752716577]",95.36430392191444,6.225693586701688
"[0.42715120694612474, 0.9750331480347028, -0.772503238645462, 0.5514030367623564]",99.2715029092963,6.227327231218
